股票代码,名称,所属行业,地域,上市日期,TS代码,交易日期,开盘价,最高价,最低价,收盘价,前收盘价,涨跌额,涨跌幅(%),成交量(手),成交额(千元),换手率(%),换手率(自由流通股),量比,市盈率,"市盈率(TTM,亏损的PE为空)",市净率,市销率,市销率(TTM),股息率(%),股息率(TTM)(%),总股本(万股),流通股本(万股),自由流通股本(万股),总市值(万元),流通市值(万元),今日涨停价,今日跌停价,复权因子
000002,万科A,全国地产,深圳,19910129,000002.SZ,20251205,4.94,4.97,4.81,4.95,4.97,-0.02,-0.4024,3180996.4,1552889.664,3.2738,4.9138,1.2,,,0.336,0.1721,0.2075,0.0,,1193070.9471,971639.9629,647358.8838,5905701.1881,4809617.8164,5.47,4.47,181.704
000002,万科A,全国地产,深圳,19910129,000002.SZ,20251204,4.96,5.07,4.91,4.97,5.01,-0.04,-0.7984,2620008.93,1302590.182,2.6965,4.0472,0.9,,,0.3374,0.1728,0.2083,0.0,,1193070.9471,971639.9629,647358.8838,5929562.6071,4829050.6156,5.51,4.51,181.704
000002,万科A,全国地产,深圳,19910129,000002.SZ,20251203,5.22,5.23,5.0,5.01,5.2,-0.19,-3.6538,2792336.1,1419297.667,2.8738,4.3134,1.01,,,0.3401,0.1742,0.21,0.0,,1193070.9471,971639.9629,647358.8838,5977285.445,4867916.2141,5.72,4.68,181.704
000002,万科A,全国地产,深圳,19910129,000002.SZ,20251202,5.24,5.26,5.18,5.2,5.2,0.0,0.0,1686909.29,880080.038,1.7361,2.6058,0.64,,,0.353,0.1808,0.2179,0.0,,1193070.9471,971639.9629,647358.8838,6203968.9249,5052527.8071,5.72,4.68,181.704
000002,万科A,全国地产,深圳,19910129,000002.SZ,20251201,5.3,5.34,5.17,5.2,5.38,-0.18,-3.3457,3212116.25,1684908.905,3.3059,4.9619,1.48,,,0.353,0.1808,0.2179,0.0,,1193070.9471,971639.9629,647358.8838,6203968.9249,5052527.8071,5.92,4.84,181.704
000002,万科A,全国地产,深圳,19910129,000002.SZ,20251128,5.41,5.48,5.27,5.38,5.47,-0.09,-1.6453,2953635.76,1579226.789,3.0398,4.5626,1.61,,,0.3652,0.187,0.2255,0.0,,1193070.9471,971639.9629,647358.8838,6418721.6954,5227423.0004,6.02,4.92,181.704
000002,万科A,全国地产,深圳,19910129,000002.SZ,20251127,5.6,5.65,5.37,5.47,5.89,-0.42,-7.1307,3961433.24,2181600.717,4.0771,6.1194,2.76,,,0.3713,0.1902,0.2293,0.0,,1193070.9471,971639.9629,647358.8838,6526098.0806,5314870.5971,6.48,5.3,181.704
000002,万科A,全国地产,深圳,19910129,000002.SZ,20251126,6.03,6.06,5.88,5.89,6.04,-0.15,-2.4834,2005217.22,1192429.529,2.0637,3.0975,1.62,,,0.3998,0.2048,0.2469,0.0,,1193070.9471,971639.9629,647358.8838,7027187.8784,5722959.3815,6.64,5.44,181.704
000002,万科A,全国地产,深圳,19910129,000002.SZ,20251125,6.05,6.1,6.01,6.04,6.04,0.0,0.0,960658.4,581041.097,0.9887,1.484,0.72,,,0.41,0.21,0.2531,0.0,,1193070.9471,971639.9629,647358.8838,7206148.5205,5868705.3759,6.64,5.44,181.704
000002,万科A,全国地产,深圳,19910129,000002.SZ,20251124,6.06,6.13,6.04,6.04,6.06,-0.02,-0.33,1006978.04,612019.543,1.0364,1.5555,0.77,,,0.41,0.21,0.2531,0.0,,1193070.9471,971639.9629,647358.8838,7206148.5205,5868705.3759,6.67,5.45,181.704
000002,万科A,全国地产,深圳,19910129,000002.SZ,20251121,6.12,6.19,6.06,6.06,6.2,-0.14,-2.2581,1231018.91,752393.756,1.2669,1.9016,0.95,,,0.4114,0.2107,0.254,0.0,,1193070.9471,971639.9629,647358.8838,7230009.9394,5888138.1752,6.82,5.58,181.704
000002,万科A,全国地产,深圳,19910129,000002.SZ,20251120,6.06,6.29,6.02,6.2,6.06,0.14,2.3102,1962248.31,1211557.177,2.0195,3.0312,1.86,,,0.4209,0.2155,0.2598,0.0,,1193070.9471,971639.9629,647358.8838,7397039.872,6024167.77,6.67,5.45,181.704
000002,万科A,全国地产,深圳,19910129,000002.SZ,20251119,6.12,6.13,6.04,6.06,6.13,-0.07,-1.1419,1024094.2,622029.495,1.054,1.582,1.0,,,0.4114,0.2107,0.254,0.0,,1193070.9471,971639.9629,647358.8838,7230009.9394,5888138.1752,6.74,5.52,181.704
000002,万科A,全国地产,深圳,19910129,000002.SZ,20251118,6.26,6.27,6.12,6.13,6.26,-0.13,-2.0767,1461830.5,901746.513,1.5045,2.2581,1.61,,,0.4161,0.2131,0.2569,0.0,,1193070.9471,971639.9629,647358.8838,7313524.9057,5956152.9726,6.89,5.63,181.704
000002,万科A,全国地产,深圳,19910129,000002.SZ,20251117,6.25,6.29,6.24,6.26,6.27,-0.01,-0.1595,841324.65,527202.319,0.8659,1.2996,0.89,,,0.4249,0.2176,0.2624,0.0,,1193070.9471,971639.9629,647358.8838,7468624.1288,6082466.1678,6.9,5.64,181.704
000002,万科A,全国地产,深圳,19910129,000002.SZ,20251114,6.25,6.32,6.25,6.27,6.28,-0.01,-0.1592,1182180.67,743739.695,1.2167,1.8262,1.38,,,0.4256,0.218,0.2628,0.0,,1193070.9471,971639.9629,647358.8838,7480554.8383,6092182.5674,6.91,5.65,181.704
000002,万科A,全国地产,深圳,19910129,000002.SZ,20251113,6.24,6.28,6.22,6.28,6.26,0.02,0.3195,763515.74,477638.822,0.7858,1.1794,0.86,,,0.4263,0.2183,0.2632,0.0,,1193070.9471,971639.9629,647358.8838,7492485.5478,6101898.967,6.89,5.63,181.704
000002,万科A,全国地产,深圳,19910129,000002.SZ,20251112,6.31,6.33,6.24,6.26,6.28,-0.02,-0.3185,860610.61,540093.753,0.8857,1.3294,1.01,,,0.4249,0.2176,0.2624,0.0,,1193070.9471,971639.9629,647358.8838,7468624.1288,6082466.1678,6.91,5.65,181.704
000002,万科A,全国地产,深圳,19910129,000002.SZ,20251111,6.24,6.31,6.23,6.28,6.26,0.02,0.3195,906104.54,568430.823,0.9326,1.3997,1.02,,,0.4263,0.2183,0.2632,0.0,,1193070.9471,971639.9629,647358.8838,7492485.5478,6101898.967,6.89,5.63,181.704
000002,万科A,全国地产,深圳,19910129,000002.SZ,20251110,6.17,6.26,6.16,6.26,6.18,0.08,1.2945,1031199.13,641296.734,1.0613,1.5929,1.26,,,0.4249,0.2176,0.2624,0.0,,1193070.9471,971639.9629,647358.8838,7468624.1288,6082466.1678,6.8,5.56,181.704
000002,万科A,全国地产,深圳,19910129,000002.SZ,20251107,6.17,6.22,6.15,6.18,6.18,0.0,0.0,733081.92,453507.99,0.7545,1.1324,0.87,,,0.4195,0.2149,0.259,0.0,,1193070.9471,971639.9629,647358.8838,7373178.4531,6004734.9707,6.8,5.56,181.704
000002,万科A,全国地产,深圳,19910129,000002.SZ,20251106,6.2,6.22,6.17,6.18,6.22,-0.04,-0.6431,889218.53,550107.118,0.9152,1.3736,1.1,,,0.4195,0.2149,0.259,0.0,,1193070.9471,971639.9629,647358.8838,7373178.4531,6004734.9707,6.84,5.6,181.704
000002,万科A,全国地产,深圳,19910129,000002.SZ,20251105,6.2,6.24,6.16,6.22,6.23,-0.01,-0.1605,692007.28,429343.47,0.7122,1.069,0.82,,,0.4222,0.2162,0.2607,0.0,,1193070.9471,971639.9629,647358.8838,7420901.291,6043600.5692,6.85,5.61,181.704
000002,万科A,全国地产,深圳,19910129,000002.SZ,20251104,6.28,6.3,6.21,6.23,6.3,-0.07,-1.1111,1077372.5,672486.858,1.1088,1.6643,1.33,,,0.4229,0.2166,0.2611,0.0,,1193070.9471,971639.9629,647358.8838,7432832.0004,6053316.9689,6.93,5.67,181.704
000002,万科A,全国地产,深圳,19910129,000002.SZ,20251103,6.28,6.32,6.26,6.3,6.27,0.03,0.4785,689571.0,433621.136,0.7097,1.0652,0.78,,,0.4277,0.219,0.264,0.0,,1193070.9471,971639.9629,647358.8838,7516346.9667,6121331.7663,6.9,5.64,181.704
000002,万科A,全国地产,深圳,19910129,000002.SZ,20251031,6.24,6.3,6.2,6.27,6.27,0.0,0.0,845102.09,529341.765,0.8698,1.3055,0.98,,,0.4256,0.218,0.2628,0.0,,1193070.9471,971639.9629,647358.8838,7480554.8383,6092182.5674,6.9,5.64,181.704
000002,万科A,全国地产,深圳,19910129,000002.SZ,20251030,6.31,6.32,6.26,6.27,6.31,-0.04,-0.6339,737459.11,463346.536,0.759,1.1392,0.85,,,0.3908,0.218,0.2447,0.0,,1193070.9471,971639.9629,647358.8838,7480554.8383,6092182.5674,6.94,5.68,181.704
000002,万科A,全国地产,深圳,19910129,000002.SZ,20251029,6.26,6.32,6.24,6.31,6.27,0.04,0.638,857160.82,539296.509,0.8822,1.3241,1.01,,,0.3932,0.2194,0.2462,0.0,,1193070.9471,971639.9629,647358.8838,7528277.6762,6131048.1659,6.9,5.64,181.704
000002,万科A,全国地产,深圳,19910129,000002.SZ,20251028,6.32,6.33,6.26,6.27,6.32,-0.05,-0.7911,917900.19,577519.765,0.9447,1.4179,1.06,,,0.3908,0.218,0.2447,0.0,,1193070.9471,971639.9629,647358.8838,7480554.8383,6092182.5674,6.95,5.69,181.704
000002,万科A,全国地产,深圳,19910129,000002.SZ,20251027,6.37,6.38,6.31,6.32,6.36,-0.04,-0.6289,1053944.09,667073.659,1.0847,1.6281,1.27,,,0.3939,0.2197,0.2466,0.0,,1193070.9471,971639.9629,647358.8838,7540208.3857,6140764.5655,7.0,5.72,181.704
000002,万科A,全国地产,深圳,19910129,000002.SZ,20251024,6.36,6.39,6.34,6.36,6.38,-0.02,-0.3135,738578.63,469613.402,0.7601,1.1409,0.76,,,0.3964,0.2211,0.2482,0.0,,1193070.9471,971639.9629,647358.8838,7587931.2236,6179630.164,7.02,5.74,181.704
000002,万科A,全国地产,深圳,19910129,000002.SZ,20251023,6.41,6.43,6.33,6.38,6.38,0.0,0.0,753668.63,479621.653,0.7757,1.1642,0.68,,,0.3976,0.2218,0.249,0.0,,1193070.9471,971639.9629,647358.8838,7611792.6425,6199062.9633,7.02,5.74,181.704
000002,万科A,全国地产,深圳,19910129,000002.SZ,20251022,6.36,6.44,6.35,6.38,6.4,-0.02,-0.3125,780302.49,498606.559,0.8031,1.2054,0.6,,,0.3976,0.2218,0.249,0.0,,1193070.9471,971639.9629,647358.8838,7611792.6425,6199062.9633,7.04,5.76,181.704
000002,万科A,全国地产,深圳,19910129,000002.SZ,20251021,6.33,6.41,6.31,6.4,6.34,0.06,0.9464,1019035.23,650370.893,1.0488,1.5741,0.69,,,0.3989,0.2225,0.2498,0.0,,1193070.9471,971639.9629,647358.8838,7635654.0614,6218495.7626,6.97,5.71,181.704
000002,万科A,全国地产,深圳,19910129,000002.SZ,20251020,6.33,6.35,6.3,6.34,6.32,0.02,0.3165,868612.8,549071.835,0.894,1.3418,0.5,,,0.3951,0.2204,0.2474,0.0,,1193070.9471,971639.9629,647358.8838,7564069.8046,6160197.3648,6.95,5.69,181.704
000002,万科A,全国地产,深圳,19910129,000002.SZ,20251017,6.39,6.43,6.31,6.32,6.4,-0.08,-1.25,1429013.29,909191.87,1.4707,2.2075,0.81,,,0.3939,0.2197,0.2466,0.0,,1193070.9471,971639.9629,647358.8838,7540208.3857,6140764.5655,7.04,5.76,181.704
000002,万科A,全国地产,深圳,19910129,000002.SZ,20251016,6.47,6.48,6.38,6.4,6.49,-0.09,-1.3867,1434724.25,921148.581,1.4766,2.2163,,,,0.3989,0.2225,0.2498,0.0,,1193070.9471,971639.9629,647358.8838,7635654.0614,6218495.7626,7.14,5.84,181.704
000002,万科A,全国地产,深圳,19910129,000002.SZ,20251015,6.52,6.57,6.42,6.49,6.53,-0.04,-0.6126,1766066.12,1144865.927,1.8176,2.7281,0.89,,,0.4045,0.2256,0.2533,0.0,,1193070.9471,971639.9629,647358.8838,7743030.4467,6305943.3592,7.18,5.88,181.704
000002,万科A,全国地产,深圳,19910129,000002.SZ,20251014,6.57,6.69,6.52,6.53,6.57,-0.04,-0.6088,1913064.11,1262009.198,1.9689,2.9552,0.99,,,0.407,0.227,0.2548,0.0,,1193070.9471,971639.9629,647358.8838,7790753.2846,6344808.9577,7.23,5.91,181.704
000002,万科A,全国地产,深圳,19910129,000002.SZ,20251013,6.52,6.63,6.47,6.57,6.75,-0.18,-2.6667,2177742.92,1425261.306,2.2413,3.364,1.21,,,0.4094,0.2284,0.2564,0.0,,1193070.9471,971639.9629,647358.8838,7838476.1224,6383674.5563,7.43,6.08,181.704
000002,万科A,全国地产,深圳,19910129,000002.SZ,20251010,6.72,6.89,6.72,6.75,6.79,-0.04,-0.5891,1548340.35,1050128.72,1.5935,2.3918,0.89,,,0.4207,0.2347,0.2634,0.0,,1193070.9471,971639.9629,647358.8838,8053228.8929,6558569.7496,7.47,6.11,181.704
000002,万科A,全国地产,深圳,19910129,000002.SZ,20251009,6.8,6.81,6.6,6.79,6.89,-0.1,-1.4514,2523403.39,1690536.827,2.5971,3.898,1.64,,,0.4232,0.2361,0.265,0.0,,1193070.9471,971639.9629,647358.8838,8100951.7308,6597435.3481,7.58,6.2,181.704
000002,万科A,全国地产,深圳,19910129,000002.SZ,20250930,6.8,6.93,6.76,6.89,6.81,0.08,1.1747,1763048.82,1211551.715,1.8145,2.7234,1.13,,,0.4294,0.2395,0.2689,0.0,,1193070.9471,971639.9629,647358.8838,8220258.8255,6694599.3444,7.49,6.13,181.704
000002,万科A,全国地产,深圳,19910129,000002.SZ,20250929,6.78,6.87,6.65,6.81,6.8,0.01,0.1471,1634571.95,1102204.585,1.6823,2.525,0.97,,,0.4244,0.2368,0.2658,0.0,,1193070.9471,971639.9629,647358.8838,8124813.1498,6616868.1473,7.48,6.12,181.704
000002,万科A,全国地产,深圳,19910129,000002.SZ,20250926,6.76,6.98,6.73,6.8,6.8,0.0,0.0,1509024.13,1034089.811,1.5531,2.331,0.78,,,0.4238,0.2364,0.2654,0.0,,1193070.9471,971639.9629,647358.8838,8112882.4403,6607151.7477,7.48,6.12,181.704
000002,万科A,全国地产,深圳,19910129,000002.SZ,20250925,6.83,6.9,6.76,6.8,6.84,-0.04,-0.5848,1234019.75,840051.757,1.27,1.9062,0.56,,,0.4238,0.2364,0.2654,0.0,,1193070.9471,971639.9629,647358.8838,8112882.4403,6607151.7477,7.52,6.16,181.704
000002,万科A,全国地产,深圳,19910129,000002.SZ,20250924,6.71,6.94,6.69,6.84,6.76,0.08,1.1834,1571675.16,1075298.493,1.6175,2.4278,0.71,,,0.4263,0.2378,0.2669,0.0,,1193070.9471,971639.9629,647358.8838,8160605.2782,6646017.3462,7.44,6.08,181.704
000002,万科A,全国地产,深圳,19910129,000002.SZ,20250923,6.94,6.95,6.68,6.76,7.0,-0.24,-3.4286,1845203.37,1250871.499,1.8991,2.8504,0.81,,,0.4213,0.235,0.2638,0.0,,1193070.9471,971639.9629,647358.8838,8065159.6024,6568286.1492,7.7,6.3,181.704
000002,万科A,全国地产,深圳,19910129,000002.SZ,20250922,6.9,7.1,6.83,7.0,6.98,0.02,0.2865,2259038.66,1573171.75,2.325,3.4896,0.99,,,0.4362,0.2434,0.2732,0.0,,1193070.9471,971639.9629,647358.8838,8351496.6297,6801479.7403,7.68,6.28,181.704
000002,万科A,全国地产,深圳,19910129,000002.SZ,20250919,6.75,7.04,6.68,6.98,6.77,0.21,3.1019,2733151.85,1881123.059,2.8129,4.222,1.14,,,0.435,0.2427,0.2724,0.0,,1193070.9471,971639.9629,647358.8838,8327635.2108,6782046.941,7.45,6.09,181.704
000002,万科A,全国地产,深圳,19910129,000002.SZ,20250918,6.98,6.99,6.72,6.77,7.05,-0.28,-3.9716,2552968.64,1748915.147,2.6275,3.9437,1.18,,,0.4219,0.2354,0.2642,0.0,,1193070.9471,971639.9629,647358.8838,8077090.3119,6578002.5488,7.76,6.35,181.704
000002,万科A,全国地产,深圳,19910129,000002.SZ,20250917,7.03,7.08,6.93,7.05,7.04,0.01,0.142,1663639.87,1165912.724,1.7122,2.5699,0.78,,,0.4394,0.2451,0.2751,0.0,,1193070.9471,971639.9629,647358.8838,8411150.1771,6850061.7384,7.74,6.34,181.704
000002,万科A,全国地产,深圳,19910129,000002.SZ,20250916,6.95,7.05,6.89,7.04,6.97,0.07,1.0043,2226805.38,1553899.604,2.2918,3.4398,1.06,,,0.4387,0.2447,0.2747,0.0,,1193070.9471,971639.9629,647358.8838,8399219.4676,6840345.3388,7.67,6.27,181.704
000002,万科A,全国地产,深圳,19910129,000002.SZ,20250915,6.92,7.04,6.82,6.97,6.94,0.03,0.4323,2289230.25,1584580.818,2.356,3.5363,1.08,,,0.4344,0.2423,0.272,0.0,,1193070.9471,971639.9629,647358.8838,8315704.5013,6772330.5414,7.63,6.25,181.704
000002,万科A,全国地产,深圳,19910129,000002.SZ,20250912,6.83,7.14,6.83,6.94,6.83,0.11,1.6105,3220891.59,2235885.454,3.3149,4.9754,1.89,,,0.4325,0.2413,0.2708,0.0,,1193070.9471,971639.9629,647358.8838,8279912.3729,6743181.3425,7.51,6.15,181.704
000002,万科A,全国地产,深圳,19910129,000002.SZ,20250911,6.82,6.84,6.73,6.83,6.86,-0.03,-0.4373,1462904.75,992115.321,1.5056,2.2598,0.85,,,0.4256,0.2374,0.2665,0.0,,1193070.9471,971639.9629,647358.8838,8148674.5687,6636300.9466,7.55,6.17,181.704
000002,万科A,全国地产,深圳,19910129,000002.SZ,20250910,6.81,6.86,6.76,6.86,6.86,0.0,0.0,1397196.76,950570.519,1.438,2.1583,0.78,,,0.4275,0.2385,0.2677,0.0,,1193070.9471,971639.9629,647358.8838,8184466.6971,6665450.1455,7.55,6.17,181.704
000002,万科A,全国地产,深圳,19910129,000002.SZ,20250909,6.79,6.91,6.74,6.86,6.76,0.1,1.4793,2179398.04,1494592.694,2.243,3.3666,1.23,,,0.4275,0.2385,0.2677,0.0,,1193070.9471,971639.9629,647358.8838,8184466.6971,6665450.1455,7.44,6.08,181.704
000002,万科A,全国地产,深圳,19910129,000002.SZ,20250908,6.72,6.89,6.72,6.76,6.59,0.17,2.5797,2320377.15,1572093.121,2.3881,3.5844,1.46,,,0.4213,0.235,0.2638,0.0,,1193070.9471,971639.9629,647358.8838,8065159.6024,6568286.1492,7.25,5.93,181.704
000002,万科A,全国地产,深圳,19910129,000002.SZ,20250905,6.53,6.59,6.49,6.59,6.53,0.06,0.9188,1171091.43,766112.847,1.2053,1.809,0.67,,,0.4107,0.2291,0.2572,0.0,,1193070.9471,971639.9629,647358.8838,7862337.5414,6403107.3555,7.18,5.88,181.704
000002,万科A,全国地产,深圳,19910129,000002.SZ,20250904,6.59,6.6,6.48,6.53,6.58,-0.05,-0.7599,1537225.19,1005294.604,1.5821,2.3746,0.83,,,0.407,0.227,0.2548,0.0,,1193070.9471,971639.9629,647358.8838,7790753.2846,6344808.9577,7.24,5.92,181.704
000002,万科A,全国地产,深圳,19910129,000002.SZ,20250903,6.75,6.79,6.56,6.58,6.72,-0.14,-2.0833,1745942.62,1158963.334,1.7969,2.697,0.83,,,0.4101,0.2288,0.2568,0.0,,1193070.9471,971639.9629,647358.8838,7850406.8319,6393390.9559,7.39,6.05,181.704
000002,万科A,全国地产,深圳,19910129,000002.SZ,20250902,6.8,6.89,6.68,6.72,6.81,-0.09,-1.3216,2060249.78,1394222.969,2.1204,3.1825,0.8,,,0.4188,0.2336,0.2622,0.0,,1193070.9471,971639.9629,647358.8838,8017436.7645,6529420.5507,7.49,6.13,181.704
000002,万科A,全国地产,深圳,19910129,000002.SZ,20250901,6.76,6.86,6.7,6.81,6.79,0.02,0.2946,1406825.43,953846.377,1.4479,2.1732,0.36,,,0.4244,0.2368,0.2658,0.0,,1193070.9471,971639.9629,647358.8838,8124813.1498,6616868.1473,7.47,6.11,181.704
000002,万科A,全国地产,深圳,19910129,000002.SZ,20250829,6.89,6.92,6.78,6.79,6.77,0.02,0.2954,1979392.54,1354532.777,2.0372,3.0576,0.53,,,0.4232,0.2361,0.265,0.0,,1193070.9471,971639.9629,647358.8838,8100951.7308,6597435.3481,7.45,6.09,181.704
000002,万科A,全国地产,深圳,19910129,000002.SZ,20250828,6.75,6.81,6.62,6.77,6.74,0.03,0.4451,2119088.52,1425708.353,2.1809,3.2734,0.59,,,0.4219,0.2354,0.2642,0.0,,1193070.9471,971639.9629,647358.8838,8077090.3119,6578002.5488,7.41,6.07,181.704
000002,万科A,全国地产,深圳,19910129,000002.SZ,20250827,6.95,7.01,6.74,6.74,6.99,-0.25,-3.5765,2976152.2,2042648.128,3.063,4.5974,0.92,,,0.42,0.2343,0.263,0.0,,1193070.9471,971639.9629,647358.8838,8041298.1835,6548853.3499,7.69,6.29,181.704
000002,万科A,全国地产,深圳,19910129,000002.SZ,20250826,6.98,7.03,6.9,6.99,7.16,-0.17,-2.3743,4379464.06,3051239.669,4.5073,6.7651,1.63,,,0.4356,0.243,0.2728,0.0,,1193070.9471,971639.9629,647358.8838,8339565.9202,6791763.3407,7.88,6.44,181.704
000002,万科A,全国地产,深圳,19910129,000002.SZ,20250825,6.66,7.22,6.65,7.16,6.56,0.6,9.1463,7923897.9,5619264.696,8.1552,12.2403,5.74,,,0.4462,0.2489,0.2794,0.0,,1193070.9471,971639.9629,647358.8838,8542387.9812,6956942.1344,7.22,5.9,181.704
000002,万科A,全国地产,深圳,19910129,000002.SZ,20250822,6.56,6.56,6.51,6.56,6.56,0.0,0.0,1307699.44,854125.575,1.3458,2.0199,0.91,,,0.3978,0.2281,0.2449,0.0,,1193070.9471,971681.279,647400.1999,7826545.413,6374229.1902,7.22,5.9,181.704
000002,万科A,全国地产,深圳,19910129,000002.SZ,20250821,6.55,6.59,6.53,6.56,6.55,0.01,0.1527,1294784.3,850028.798,1.3325,2.0,0.91,,,0.3978,0.2281,0.2449,0.0,,1193070.9471,971681.279,647400.1999,7826545.413,6374229.1902,7.21,5.9,181.704
000002,万科A,全国地产,深圳,19910129,000002.SZ,20250820,6.52,6.6,6.49,6.55,6.53,0.02,0.3063,1299582.3,847768.491,1.3375,2.0074,0.98,,,0.3972,0.2277,0.2445,0.0,,1193070.9471,971681.279,647400.1999,7814614.7035,6364512.3775,7.18,5.88,181.704
000002,万科A,全国地产,深圳,19910129,000002.SZ,20250819,6.54,6.61,6.51,6.53,6.5,0.03,0.4615,1624186.52,1066264.304,1.6715,2.5088,1.42,,,0.396,0.227,0.2438,0.0,,1193070.9471,971681.279,647400.1999,7790753.2846,6345078.7519,7.15,5.85,181.704
000002,万科A,全国地产,深圳,19910129,000002.SZ,20250818,6.53,6.56,6.48,6.5,6.53,-0.03,-0.4594,1381625.42,898811.495,1.4219,2.1341,1.34,,,0.3942,0.226,0.2427,0.0,,1193070.9471,971681.279,647400.1999,7754961.1562,6315928.3135,7.18,5.88,181.704
000002,万科A,全国地产,深圳,19910129,000002.SZ,20250815,6.43,6.59,6.42,6.53,6.43,0.1,1.5552,1595368.35,1041380.521,1.6419,2.4643,1.95,,,0.396,0.227,0.2438,0.0,,1193070.9471,971681.279,647400.1999,7790753.2846,6345078.7519,7.07,5.79,181.704
000002,万科A,全国地产,深圳,19910129,000002.SZ,20250814,6.46,6.55,6.43,6.43,6.46,-0.03,-0.4644,1201423.07,779372.848,1.2364,1.8558,1.64,,,0.39,0.2235,0.2401,0.0,,1193070.9471,971681.279,647400.1999,7671446.1899,6247910.624,7.11,5.81,181.704
000002,万科A,全国地产,深圳,19910129,000002.SZ,20250813,6.48,6.5,6.43,6.46,6.47,-0.01,-0.1546,810742.21,524044.608,0.8344,1.2523,1.19,,,0.3918,0.2246,0.2412,0.0,,1193070.9471,971681.279,647400.1999,7707238.3183,6277061.0623,7.12,5.82,181.704
000002,万科A,全国地产,深圳,19910129,000002.SZ,20250812,6.46,6.5,6.45,6.47,6.48,-0.01,-0.1543,734217.61,475510.584,0.7556,1.1341,1.1,,,0.3924,0.2249,0.2415,0.0,,1193070.9471,971681.279,647400.1999,7719169.0277,6286777.8751,7.13,5.83,181.704
000002,万科A,全国地产,深圳,19910129,000002.SZ,20250811,6.48,6.52,6.47,6.48,6.45,0.03,0.4651,821788.78,533689.824,0.8457,1.2694,1.32,,,0.393,0.2253,0.2419,0.0,,1193070.9471,971681.279,647400.1999,7731099.7372,6296494.6879,7.1,5.81,181.704
000002,万科A,全国地产,深圳,19910129,000002.SZ,20250808,6.46,6.47,6.42,6.45,6.47,-0.02,-0.3091,514307.38,331191.661,0.5293,0.7944,0.73,,,0.3912,0.2242,0.2408,0.0,,1193070.9471,971681.279,647400.1999,7695307.6088,6267344.2496,7.12,5.82,181.704
000002,万科A,全国地产,深圳,19910129,000002.SZ,20250807,6.43,6.48,6.4,6.47,6.44,0.03,0.4658,776038.31,500342.603,0.7987,1.1987,0.77,,,0.3924,0.2249,0.2415,0.0,,1193070.9471,971681.279,647400.1999,7719169.0277,6286777.8751,7.08,5.8,181.704
000002,万科A,全国地产,深圳,19910129,000002.SZ,20250806,6.43,6.45,6.4,6.44,6.45,-0.01,-0.155,568470.05,365204.938,0.585,0.8781,0.47,,,0.3906,0.2239,0.2404,0.0,,1193070.9471,971681.279,647400.1999,7683376.8993,6257627.4368,7.1,5.81,181.704
000002,万科A,全国地产,深圳,19910129,000002.SZ,20250805,6.41,6.45,6.39,6.45,6.41,0.04,0.624,652634.13,419615.794,0.6717,1.0081,0.51,,,0.3912,0.2242,0.2408,0.0,,1193070.9471,971681.279,647400.1999,7695307.6088,6267344.2496,7.05,5.77,181.704
000002,万科A,全国地产,深圳,19910129,000002.SZ,20250804,6.37,6.41,6.35,6.41,6.39,0.02,0.313,590303.69,376646.7,0.6075,0.9118,0.42,,,0.3887,0.2228,0.2393,0.0,,1193070.9471,971681.279,647400.1999,7647584.7709,6228476.9984,7.03,5.75,181.704
000002,万科A,全国地产,深圳,19910129,000002.SZ,20250801,6.44,6.46,6.39,6.39,6.44,-0.05,-0.7764,923603.71,592783.868,0.9505,1.4266,0.63,,,0.3875,0.2222,0.2386,0.0,,1193070.9471,971681.279,647400.1999,7623723.352,6209043.3728,7.08,5.8,181.704
000002,万科A,全国地产,深圳,19910129,000002.SZ,20250731,6.67,6.68,6.42,6.44,6.7,-0.26,-3.8806,2299510.72,1496029.078,2.3665,3.5519,1.68,,,0.3906,0.2239,0.2404,0.0,,1193070.9471,971681.279,647400.1999,7683376.8993,6257627.4368,7.37,6.03,181.704
000002,万科A,全国地产,深圳,19910129,000002.SZ,20250730,6.8,6.88,6.69,6.7,6.81,-0.11,-1.6153,1589277.96,1079201.559,1.6356,2.4549,1.14,,,0.4063,0.2329,0.2501,0.0,,1193070.9471,971681.279,647400.1999,7993575.3456,6510264.5693,7.49,6.13,181.704
000002,万科A,全国地产,深圳,19910129,000002.SZ,20250729,6.76,6.81,6.7,6.81,6.79,0.02,0.2946,993478.99,672095.323,1.0224,1.5346,0.67,,,0.413,0.2368,0.2542,0.0,,1193070.9471,971681.279,647400.1999,8124813.1498,6617149.51,7.47,6.11,181.704
000002,万科A,全国地产,深圳,19910129,000002.SZ,20250728,6.78,6.84,6.68,6.79,6.78,0.01,0.1475,1194041.53,808397.624,1.2288,1.8444,0.85,,,0.4118,0.2361,0.2535,0.0,,1193070.9471,971681.279,647400.1999,8100951.7308,6597715.8844,7.46,6.1,181.704
000002,万科A,全国地产,深圳,19910129,000002.SZ,20250725,6.81,6.84,6.76,6.78,6.81,-0.03,-0.4405,1235949.26,838988.937,1.272,1.9091,0.97,,,0.4112,0.2357,0.2531,0.0,,1193070.9471,971681.279,647400.1999,8089021.0213,6587999.0716,7.49,6.13,181.704
000002,万科A,全国地产,深圳,19910129,000002.SZ,20250724,6.7,6.84,6.67,6.81,6.72,0.09,1.3393,1842329.87,1250384.461,1.896,2.8457,1.76,,,0.413,0.2368,0.2542,0.0,,1193070.9471,971681.279,647400.1999,8124813.1498,6617149.51,7.39,6.05,181.704
000002,万科A,全国地产,深圳,19910129,000002.SZ,20250723,6.73,6.83,6.68,6.72,6.7,0.02,0.2985,1706754.31,1152841.043,1.7565,2.6363,1.96,,,0.4075,0.2336,0.2509,0.0,,1193070.9471,971681.279,647400.1999,8017436.7645,6529698.1949,7.37,6.03,181.704
000002,万科A,全国地产,深圳,19910129,000002.SZ,20250722,6.61,6.72,6.53,6.7,6.6,0.1,1.5152,1488010.4,987611.725,1.5314,2.2984,1.69,,,0.4063,0.2329,0.2501,0.0,,1193070.9471,971681.279,647400.1999,7993575.3456,6510264.5693,7.26,5.94,181.704
000002,万科A,全国地产,深圳,19910129,000002.SZ,20250721,6.56,6.61,6.55,6.6,6.57,0.03,0.4566,744110.98,490610.467,0.7658,1.1494,0.77,,,0.4003,0.2295,0.2464,0.0,,1193070.9471,971681.279,647400.1999,7874268.2509,6413096.4414,7.23,5.91,181.704
000002,万科A,全国地产,深圳,19910129,000002.SZ,20250718,6.57,6.59,6.54,6.57,6.56,0.01,0.1524,574030.03,376631.218,0.5908,0.8867,0.49,,,0.3984,0.2284,0.2453,0.0,,1193070.9471,971681.279,647400.1999,7838476.1224,6383946.003,7.22,5.9,181.704
000002,万科A,全国地产,深圳,19910129,000002.SZ,20250717,6.56,6.59,6.51,6.56,6.56,0.0,0.0,709663.7,464455.717,0.7303,1.0962,0.46,,,0.3978,0.2281,0.2449,0.0,,1193070.9471,971681.279,647400.1999,7826545.413,6374229.1902,7.22,5.9,181.704
000002,万科A,全国地产,深圳,19910129,000002.SZ,20250716,6.55,6.65,6.53,6.56,6.6,-0.04,-0.6061,849081.16,558859.431,0.8738,1.3115,0.56,,,0.3978,0.2281,0.2449,0.0,,1193070.9471,971681.279,647400.1999,7826545.413,6374229.1902,7.26,5.94,181.704
000002,万科A,全国地产,深圳,19910129,000002.SZ,20250715,6.64,6.65,6.46,6.6,6.66,-0.06,-0.9009,1521320.47,995641.915,1.5657,2.3499,1.08,,,0.4003,0.2295,0.2464,0.0,,1193070.9471,971681.279,647400.1999,7874268.2509,6413096.4414,7.33,5.99,181.704
000002,万科A,全国地产,深圳,19910129,000002.SZ,20250714,6.73,6.79,6.63,6.66,6.76,-0.1,-1.4793,1205525.25,804732.025,1.2407,1.8621,0.86,,,0.4039,0.2315,0.2486,0.0,,1193070.9471,971681.279,647400.1999,7945852.5077,6471397.3181,7.44,6.08,181.704
000002,万科A,全国地产,深圳,19910129,000002.SZ,20250711,6.75,6.79,6.68,6.76,6.76,0.0,0.0,1628706.59,1099511.183,1.6762,2.5158,1.32,,,0.41,0.235,0.2524,0.0,,1193070.9471,971681.279,647400.1999,8065159.6024,6568565.446,7.44,6.08,181.704
000002,万科A,全国地产,深圳,19910129,000002.SZ,20250710,6.52,6.87,6.51,6.76,6.54,0.22,3.3639,2517029.13,1686568.539,2.5904,3.8879,2.81,,,0.41,0.235,0.2524,0.0,,1193070.9471,971681.279,647400.1999,8065159.6024,6568565.446,7.19,5.89,181.704
000002,万科A,全国地产,深圳,19910129,000002.SZ,20250709,6.54,6.58,6.52,6.54,6.56,-0.02,-0.3049,735916.57,481726.01,0.7574,1.1367,0.73,,,0.3966,0.2274,0.2442,0.0,,1193070.9471,971681.279,647400.1999,7802683.994,6354795.5647,7.22,5.9,181.704
000002,万科A,全国地产,深圳,19910129,000002.SZ,20250708,6.51,6.58,6.47,6.56,6.52,0.04,0.6135,934783.26,610035.074,0.962,1.4439,0.99,,,0.3978,0.2281,0.2449,0.0,,1193070.9471,971681.279,647400.1999,7826545.413,6374229.1902,7.17,5.87,181.704
000002,万科A,全国地产,深圳,19910129,000002.SZ,20250707,6.44,6.59,6.44,6.52,6.44,0.08,1.2422,1205381.48,788025.611,1.2405,1.8619,1.47,,,0.3954,0.2267,0.2434,0.0,,1193070.9471,971681.279,647400.1999,7778822.5751,6335361.9391,7.08,5.8,181.704
000002,万科A,全国地产,深圳,19910129,000002.SZ,20250704,6.48,6.52,6.41,6.44,6.46,-0.02,-0.3096,786688.47,507693.643,0.8096,1.2152,0.96,,,0.3906,0.2239,0.2404,0.0,,1193070.9471,971681.279,647400.1999,7683376.8993,6257627.4368,7.11,5.81,181.704
000002,万科A,全国地产,深圳,19910129,000002.SZ,20250703,6.48,6.55,6.44,6.46,6.5,-0.04,-0.6154,810140.12,524884.085,0.8338,1.2514,1.02,,,0.3918,0.2246,0.2412,0.0,,1193070.9471,971681.279,647400.1999,7707238.3183,6277061.0623,7.15,5.85,181.704
000002,万科A,全国地产,深圳,19910129,000002.SZ,20250702,6.36,6.52,6.34,6.5,6.35,0.15,2.3622,1310859.04,843883.002,1.3491,2.0248,1.89,,,0.3942,0.226,0.2427,0.0,,1193070.9471,971681.279,647400.1999,7754961.1562,6315928.3135,6.99,5.72,181.704
000002,万科A,全国地产,深圳,19910129,000002.SZ,20250701,6.42,6.42,6.31,6.35,6.42,-0.07,-1.0903,598318.0,380416.981,0.6158,0.9242,0.86,,,0.3851,0.2208,0.2371,0.0,,1193070.9471,971681.279,647400.1999,7576000.5141,6170176.1217,7.06,5.78,181.704
000002,万科A,全国地产,深圳,19910129,000002.SZ,20250630,6.4,6.45,6.39,6.42,6.39,0.03,0.4695,604073.48,387396.028,0.6217,0.9331,0.88,,,0.3893,0.2232,0.2397,0.0,,1193070.9471,971681.279,647400.1999,7659515.4804,6238193.8112,7.03,5.75,181.704
000002,万科A,全国地产,深圳,19910129,000002.SZ,20250627,6.39,6.48,6.38,6.39,6.39,0.0,0.0,786785.74,504925.348,0.8097,1.2153,1.24,,,0.3875,0.2222,0.2386,0.0,,1193070.9471,971681.279,647400.1999,7623723.352,6209043.3728,7.03,5.75,181.704
000002,万科A,全国地产,深圳,19910129,000002.SZ,20250626,6.42,6.44,6.38,6.39,6.43,-0.04,-0.6221,660620.72,423203.563,0.6799,1.0204,0.98,,,0.3875,0.2222,0.2386,0.0,,1193070.9471,971681.279,647400.1999,7623723.352,6209043.3728,7.07,5.79,181.704
000002,万科A,全国地产,深圳,19910129,000002.SZ,20250625,6.34,6.43,6.32,6.43,6.35,0.08,1.2598,820903.69,524029.286,0.8448,1.268,1.29,,,0.39,0.2235,0.2401,0.0,,1193070.9471,971681.279,647400.1999,7671446.1899,6247910.624,6.99,5.72,181.704
000002,万科A,全国地产,深圳,19910129,000002.SZ,20250624,6.29,6.37,6.28,6.35,6.29,0.06,0.9539,620282.82,393091.824,0.6384,0.9581,0.99,,,0.3851,0.2208,0.2371,0.0,,1193070.9471,971681.279,647400.1999,7576000.5141,6170176.1217,6.92,5.66,181.704
000002,万科A,全国地产,深圳,19910129,000002.SZ,20250623,6.26,6.3,6.21,6.29,6.29,0.0,0.0,551511.87,344849.288,0.5676,0.8519,0.71,,,0.3815,0.2187,0.2348,0.0,,1193070.9471,971681.279,647400.1999,7504416.2573,6111875.2449,6.92,5.66,181.704
000002,万科A,全国地产,深圳,19910129,000002.SZ,20250620,6.33,6.34,6.28,6.29,6.32,-0.03,-0.4747,524484.9,330716.435,0.5398,0.8101,0.62,,,0.3815,0.2187,0.2348,0.0,,1193070.9471,971681.279,647400.1999,7504416.2573,6111875.2449,6.95,5.69,181.704
000002,万科A,全国地产,深圳,19910129,000002.SZ,20250619,6.42,6.43,6.3,6.32,6.44,-0.12,-1.8634,854546.22,542431.839,0.8795,1.32,0.96,,,0.3833,0.2197,0.2359,0.0,,1193070.9471,971681.279,647400.1999,7540208.3857,6141025.6833,7.08,5.8,181.704
000002,万科A,全国地产,深圳,19910129,000002.SZ,20250618,6.51,6.53,6.42,6.44,6.53,-0.09,-1.3783,635396.3,409956.627,0.6539,0.9815,0.66,,,0.3906,0.2239,0.2404,0.0,,1193070.9471,971681.279,647400.1999,7683376.8993,6257627.4368,7.18,5.88,181.704
000002,万科A,全国地产,深圳,19910129,000002.SZ,20250617,6.57,6.58,6.51,6.53,6.57,-0.04,-0.6088,582390.89,380340.184,0.5994,0.8996,0.55,,,0.396,0.227,0.2438,0.0,,1193070.9471,971681.279,647400.1999,7790753.2846,6345078.7519,7.23,5.91,181.704
000002,万科A,全国地产,深圳,19910129,000002.SZ,20250616,6.46,6.63,6.45,6.57,6.44,0.13,2.0186,1302348.1,852638.649,1.3403,2.0117,1.47,,,0.3984,0.2284,0.2453,0.0,,1193070.9471,971681.279,647400.1999,7838476.1224,6383946.003,7.08,5.8,181.704
000002,万科A,全国地产,深圳,19910129,000002.SZ,20250613,6.5,6.51,6.42,6.44,6.51,-0.07,-1.0753,876150.48,565615.424,0.9017,1.3533,1.09,,,0.3906,0.2239,0.2404,0.0,,1193070.9471,971681.279,647400.1999,7683376.8993,6257627.4368,7.16,5.86,181.704
000002,万科A,全国地产,深圳,19910129,000002.SZ,20250612,6.55,6.56,6.48,6.51,6.57,-0.06,-0.9132,1076520.62,700371.589,1.1079,1.6628,1.56,,,0.3948,0.2263,0.243,0.0,,1193070.9471,971693.5865,647412.5074,7766891.8656,6325725.2481,7.23,5.91,181.704
000002,万科A,全国地产,深圳,19910129,000002.SZ,20250611,6.57,6.61,6.54,6.57,6.6,-0.03,-0.4545,990420.83,651195.583,1.0193,1.5298,1.68,,,0.3984,0.2284,0.2453,0.0,,1193070.9471,971693.5865,647412.5074,7838476.1224,6384026.8633,7.26,5.94,181.704
000002,万科A,全国地产,深圳,19910129,000002.SZ,20250610,6.63,6.73,6.56,6.6,6.62,-0.02,-0.3021,1041358.18,691420.608,1.0717,1.6085,2.03,,,0.4003,0.2295,0.2464,0.0,,1193070.9471,971693.5865,647412.5074,7874268.2509,6413177.6709,7.28,5.96,181.704
000002,万科A,全国地产,深圳,19910129,000002.SZ,20250609,6.6,6.64,6.58,6.62,6.6,0.02,0.303,443997.02,293716.18,0.4569,0.6858,0.85,,,0.4015,0.2301,0.2471,0.0,,1193070.9471,971693.5865,647412.5074,7898129.6698,6432611.5426,7.26,5.94,181.704
000002,万科A,全国地产,深圳,19910129,000002.SZ,20250606,6.64,6.66,6.59,6.6,6.64,-0.04,-0.6024,452610.67,299302.131,0.4658,0.6991,0.87,,,0.4003,0.2295,0.2464,0.0,,1193070.9471,971693.5865,647412.5074,7874268.2509,6413177.6709,7.3,5.98,181.704
000002,万科A,全国地产,深圳,19910129,000002.SZ,20250605,6.61,6.66,6.59,6.64,6.62,0.02,0.3021,511212.93,338787.186,0.5261,0.7896,1.02,,,0.4027,0.2308,0.2479,0.0,,1193070.9471,971693.5865,647412.5074,7921991.0887,6452045.4144,7.28,5.96,181.704
000002,万科A,全国地产,深圳,19910129,000002.SZ,20250604,6.59,6.64,6.57,6.62,6.58,0.04,0.6079,506251.52,334336.923,0.521,0.782,1.02,,,0.4015,0.2301,0.2471,0.0,,1193070.9471,971693.5865,647412.5074,7898129.6698,6432611.5426,7.24,5.92,181.704
000002,万科A,全国地产,深圳,19910129,000002.SZ,20250603,6.58,6.6,6.54,6.58,6.64,-0.06,-0.9036,646833.05,424995.229,0.6657,0.9991,1.47,,,0.399,0.2288,0.2456,0.0,,1193070.9471,971693.5865,647412.5074,7850406.8319,6393743.7992,7.3,5.98,181.704
000002,万科A,全国地产,深圳,19910129,000002.SZ,20250530,6.68,6.7,6.64,6.64,6.7,-0.06,-0.8955,487420.45,324963.633,0.5016,0.7529,1.13,,,0.4027,0.2308,0.2479,0.0,,1193070.9471,971693.5865,647412.5074,7921991.0887,6452045.4144,7.37,6.03,181.704
000002,万科A,全国地产,深圳,19910129,000002.SZ,20250529,6.67,6.73,6.67,6.7,6.68,0.02,0.2994,463600.67,310716.34,0.4771,0.7161,1.0,,,0.4063,0.2329,0.2501,0.0,,1193070.9471,971693.5865,647412.5074,7993575.3456,6510347.0296,7.35,6.01,181.704
000002,万科A,全国地产,深圳,19910129,000002.SZ,20250528,6.73,6.76,6.67,6.68,6.67,0.01,0.1499,407588.13,273180.924,0.4195,0.6296,0.87,,,0.4051,0.2322,0.2494,0.0,,1193070.9471,971693.5865,647412.5074,7969713.9266,6490913.1578,7.34,6.0,181.704
000002,万科A,全国地产,深圳,19910129,000002.SZ,20250527,6.63,6.71,6.62,6.67,6.63,0.04,0.6033,466038.25,311200.977,0.4796,0.7198,0.97,,,0.4045,0.2319,0.249,0.0,,1193070.9471,971693.5865,647412.5074,7957783.2172,6481196.222,7.29,5.97,181.704
000002,万科A,全国地产,深圳,19910129,000002.SZ,20250526,6.63,6.65,6.6,6.63,6.63,0.0,0.0,378207.98,250526.525,0.3892,0.5842,0.73,,,0.4021,0.2305,0.2475,0.0,,1193070.9471,971693.5865,647412.5074,7910060.3793,6442328.4785,7.29,5.97,181.704
000002,万科A,全国地产,深圳,19910129,000002.SZ,20250523,6.67,6.7,6.63,6.63,6.67,-0.04,-0.5997,442111.99,294776.048,0.455,0.6829,0.82,,,0.4021,0.2305,0.2475,0.0,,1193070.9471,971693.5865,647412.5074,7910060.3793,6442328.4785,7.34,6.0,181.704
000002,万科A,全国地产,深圳,19910129,000002.SZ,20250522,6.74,6.75,6.66,6.67,6.76,-0.09,-1.3314,614036.43,411525.377,0.6319,0.9484,1.09,,,0.4045,0.2319,0.249,0.0,,1193070.9471,971693.5865,647412.5074,7957783.2172,6481196.222,7.44,6.08,181.704
000002,万科A,全国地产,深圳,19910129,000002.SZ,20250521,6.78,6.79,6.75,6.76,6.78,-0.02,-0.295,433624.23,293193.308,0.4463,0.6698,0.69,,,0.41,0.235,0.2524,0.0,,1193070.9471,971693.5865,647412.5074,8065159.6024,6568648.6447,7.46,6.1,181.704
000002,万科A,全国地产,深圳,19910129,000002.SZ,20250520,6.79,6.8,6.75,6.78,6.8,-0.02,-0.2941,526954.04,356850.166,0.5423,0.8139,0.83,,,0.4112,0.2357,0.2531,0.0,,1193070.9471,971693.5865,647412.5074,8089021.0213,6588082.5165,7.48,6.12,181.704
000002,万科A,全国地产,深圳,19910129,000002.SZ,20250519,6.75,6.83,6.73,6.8,6.77,0.03,0.4431,561760.46,381437.233,0.5781,0.8677,0.86,,,0.4124,0.2364,0.2539,0.0,,1193070.9471,971693.5865,647412.5074,8112882.4403,6607516.3882,7.45,6.09,181.704
000002,万科A,全国地产,深圳,19910129,000002.SZ,20250516,6.8,6.82,6.73,6.77,6.79,-0.02,-0.2946,544749.11,368266.692,0.5606,0.8414,0.79,,,0.4106,0.2354,0.2527,0.0,,1193070.9471,971693.5865,647412.5074,8077090.3119,6578365.5806,7.47,6.11,181.704
000002,万科A,全国地产,深圳,19910129,000002.SZ,20250515,6.89,6.92,6.79,6.79,6.89,-0.1,-1.4514,753918.97,515413.396,0.7759,1.1645,1.11,,,0.4118,0.2361,0.2535,0.0,,1193070.9471,971693.5865,647412.5074,8100951.7308,6597799.4523,7.58,6.2,181.704
000002,万科A,全国地产,深圳,19910129,000002.SZ,20250514,6.86,6.94,6.81,6.89,6.86,0.03,0.4373,740035.92,508125.289,0.7616,1.1431,0.92,,,0.4178,0.2395,0.2572,0.0,,1193070.9471,971693.5865,647412.5074,8220258.8255,6694968.811,7.55,6.17,181.704
000002,万科A,全国地产,深圳,19910129,000002.SZ,20250513,6.87,6.91,6.84,6.86,6.85,0.01,0.146,582981.62,400452.898,0.6,0.9005,0.7,,,0.416,0.2385,0.2561,0.0,,1193070.9471,971693.5865,647412.5074,8184466.6971,6665818.0034,7.54,6.17,181.704
000002,万科A,全国地产,深圳,19910129,000002.SZ,20250512,6.81,6.85,6.78,6.85,6.78,0.07,1.0324,627242.47,427338.063,0.6455,0.9688,0.71,,,0.4154,0.2381,0.2557,0.0,,1193070.9471,971693.5865,647412.5074,8172535.9876,6656101.0675,7.46,6.1,181.704
000002,万科A,全国地产,深圳,19910129,000002.SZ,20250509,6.88,6.89,6.78,6.78,6.88,-0.1,-1.4535,733417.84,499181.206,0.7548,1.1328,0.84,,,0.4112,0.2357,0.2531,0.0,,1193070.9471,971693.5865,647412.5074,8089021.0213,6588082.5165,7.57,6.19,181.704
000002,万科A,全国地产,深圳,19910129,000002.SZ,20250508,6.87,6.91,6.84,6.88,6.9,-0.02,-0.2899,706345.12,485889.089,0.7269,1.091,0.7,,,0.4172,0.2392,0.2568,0.0,,1193070.9471,971693.5865,647412.5074,8208328.116,6685251.8751,7.59,6.21,181.704
000002,万科A,全国地产,深圳,19910129,000002.SZ,20250507,7.03,7.06,6.88,6.9,6.83,0.07,1.0249,1354623.92,942344.427,1.3941,2.0924,1.23,,,0.4185,0.2399,0.2576,0.0,,1193070.9471,971693.5865,647412.5074,8232189.535,6704685.7469,7.51,6.15,181.704
000002,万科A,全国地产,深圳,19910129,000002.SZ,20250506,6.79,6.84,6.78,6.83,6.81,0.02,0.2937,721363.73,491928.533,0.7424,1.1142,0.64,,,0.4142,0.2374,0.255,0.0,,1193070.9471,971693.5865,647412.5074,8148674.5687,6636667.1958,7.49,6.13,181.704
000002,万科A,全国地产,深圳,19910129,000002.SZ,20250430,6.7,6.82,6.63,6.81,6.81,0.0,0.0,924542.24,625457.245,0.9515,1.4281,0.8,,,0.413,0.2368,0.2542,0.0,,1193070.9471,971693.5865,647412.5074,8124813.1498,6617233.3241,7.49,6.13,181.704
000002,万科A,全国地产,深圳,19910129,000002.SZ,20250429,6.83,6.86,6.8,6.81,6.83,-0.02,-0.2928,652918.99,445664.688,0.6719,1.0085,0.55,,,0.4009,0.2368,0.2368,0.0,,1193070.9471,971693.5865,647412.5074,8124813.1498,6617233.3241,7.51,6.15,181.704
000002,万科A,全国地产,深圳,19910129,000002.SZ,20250428,6.97,6.99,6.81,6.83,7.05,-0.22,-3.1206,1357216.01,930464.636,1.3968,2.0964,1.15,,,0.4021,0.2374,0.2374,0.0,,1193070.9471,971693.5865,647412.5074,8148674.5687,6636667.1958,7.76,6.35,181.704
000002,万科A,全国地产,深圳,19910129,000002.SZ,20250425,7.09,7.27,7.05,7.05,7.08,-0.03,-0.4237,1832110.45,1310711.145,1.8855,2.8299,1.61,,,0.415,0.2451,0.2451,0.0,,1193070.9471,971693.5865,647412.5074,8411150.1771,6850439.7848,7.79,6.37,181.704
000002,万科A,全国地产,深圳,19910129,000002.SZ,20250424,7.07,7.15,7.01,7.08,7.07,0.01,0.1414,830273.57,587786.791,0.8545,1.2824,0.57,,,0.4168,0.2461,0.2461,0.0,,1193070.9471,971693.5865,647412.5074,8446942.3055,6879590.5924,7.78,6.36,181.704
000002,万科A,全国地产,深圳,19910129,000002.SZ,20250423,7.18,7.23,7.05,7.07,7.18,-0.11,-1.532,1086564.53,772617.003,1.1182,1.6783,0.77,,,0.4162,0.2458,0.2458,0.0,,1193070.9471,971693.5865,647412.5074,8435011.596,6869873.6566,7.9,6.46,181.704
000002,万科A,全国地产,深圳,19910129,000002.SZ,20250422,7.16,7.22,7.13,7.18,7.18,0.0,0.0,838689.46,601805.775,0.8631,1.2954,0.6,,,0.4227,0.2496,0.2496,0.0,,1193070.9471,971693.5865,647412.5074,8566249.4002,6976759.9511,7.9,6.46,181.704
000002,万科A,全国地产,深圳,19910129,000002.SZ,20250421,7.2,7.23,7.14,7.18,7.31,-0.13,-1.7784,1303505.91,935068.537,1.3415,2.0134,1.0,,,0.4227,0.2496,0.2496,0.0,,1193070.9471,971693.5865,647412.5074,8566249.4002,6976759.9511,8.04,6.58,181.704
000002,万科A,全国地产,深圳,19910129,000002.SZ,20250418,7.19,7.36,7.1,7.31,7.2,0.11,1.5278,1632146.62,1186602.048,1.6797,2.521,1.3,,,0.4303,0.2541,0.2541,0.0,,1193070.9471,971693.5865,647412.5074,8721348.6233,7103080.1173,7.92,6.48,181.704
000002,万科A,全国地产,深圳,19910129,000002.SZ,20250417,7.02,7.34,7.0,7.2,7.04,0.16,2.2727,2450033.54,1771549.815,2.5214,3.7843,2.08,,,0.4239,0.2503,0.2503,0.0,,1193070.9471,971693.5865,647412.5074,8590110.8191,6996193.8228,7.74,6.34,181.704
000002,万科A,全国地产,深圳,19910129,000002.SZ,20250416,6.98,7.09,6.95,7.04,6.99,0.05,0.7153,829087.5,581043.513,0.8532,1.2806,0.6,,,0.4144,0.2447,0.2447,0.0,,1193070.9471,971693.5865,647412.5074,8399219.4676,6840722.849,7.69,6.29,181.704
000002,万科A,全国地产,深圳,19910129,000002.SZ,20250415,7.04,7.04,6.92,6.99,7.05,-0.06,-0.8511,760954.82,530444.356,0.7831,1.1754,0.5,,,0.4115,0.243,0.243,0.0,,1193070.9471,971693.5865,647412.5074,8339565.9202,6792138.1696,7.76,6.35,181.704
000002,万科A,全国地产,深圳,19910129,000002.SZ,20250414,7.06,7.12,7.03,7.05,7.08,-0.03,-0.4237,858333.44,606729.478,0.8833,1.3258,0.49,,,0.415,0.2451,0.2451,0.0,,1193070.9471,971693.5865,647412.5074,8411150.1771,6850439.7848,7.79,6.37,181.704
000002,万科A,全国地产,深圳,19910129,000002.SZ,20250411,7.13,7.2,7.0,7.08,7.2,-0.12,-1.6667,1372578.32,972260.986,1.4126,2.1201,0.83,,,0.4168,0.2461,0.2461,0.0,,1193070.9471,971693.5865,647412.5074,8446942.3055,6879590.5924,7.92,6.48,181.704
000002,万科A,全国地产,深圳,19910129,000002.SZ,20250410,7.0,7.29,6.9,7.2,7.06,0.14,1.983,2073285.61,1478337.233,2.1337,3.2024,1.56,,,0.4239,0.2503,0.2503,0.0,,1193070.9471,971693.5865,647412.5074,8590110.8191,6996193.8228,7.77,6.35,181.704
000002,万科A,全国地产,深圳,19910129,000002.SZ,20250409,6.7,7.17,6.62,7.06,6.8,0.26,3.8235,1853079.77,1284483.339,1.9071,2.8623,1.68,,,0.4156,0.2454,0.2454,0.0,,1193070.9471,971693.5865,647412.5074,8423080.8865,6860156.7207,7.48,6.12,181.704
000002,万科A,全国地产,深圳,19910129,000002.SZ,20250408,6.6,6.84,6.6,6.8,6.6,0.2,3.0303,1425550.14,962248.248,1.4671,2.2019,1.48,,,0.4003,0.2364,0.2364,0.0,,1193070.9471,971693.5865,647412.5074,8112882.4403,6607516.3882,7.26,5.94,181.704
000002,万科A,全国地产,深圳,19910129,000002.SZ,20250407,6.86,6.93,6.46,6.6,7.14,-0.54,-7.563,1966334.8,1318713.482,2.0236,3.0372,2.93,,,0.3885,0.2295,0.2295,0.0,,1193070.9471,971693.5865,647412.5074,7874268.2509,6413177.6709,7.85,6.43,181.704
000002,万科A,全国地产,深圳,19910129,000002.SZ,20250403,7.0,7.23,6.99,7.14,7.04,0.1,1.4205,914330.05,653013.896,0.941,1.4123,1.53,,,0.4203,0.2482,0.2482,0.0,,1193070.9471,971693.5865,647412.5074,8518526.5623,6937892.2076,7.74,6.34,181.704
000002,万科A,全国地产,深圳,19910129,000002.SZ,20250402,7.09,7.1,7.02,7.04,7.11,-0.07,-0.9845,506853.28,357827.631,0.5216,0.7829,0.79,,,0.4144,0.2447,0.2447,0.0,,1193070.9471,971693.5865,647412.5074,8399219.4676,6840722.849,7.82,6.4,181.704
000002,万科A,全国地产,深圳,19910129,000002.SZ,20250401,7.07,7.21,7.04,7.11,7.05,0.06,0.8511,709650.66,506589.289,0.7303,1.0961,1.13,,,0.4186,0.2472,0.2472,0.0,,1193070.9471,971693.5865,647412.5074,8482734.4339,6908741.4,7.76,6.35,181.704
000002,万科A,全国地产,深圳,19910129,000002.SZ,20250331,7.11,7.11,6.98,7.05,7.12,-0.07,-0.9831,727780.83,512135.422,0.749,1.1241,1.05,6.9155,,0.3593,0.1806,0.2128,0.0,,1193070.9471,971693.5865,647412.5074,8411150.1771,6850439.7848,7.83,6.41,181.704
000002,万科A,全国地产,深圳,19910129,000002.SZ,20250328,7.17,7.21,7.11,7.12,7.17,-0.05,-0.6974,491441.4,351056.751,0.5058,0.7591,0.57,6.9842,,0.3628,0.1824,0.2149,0.0,,1193070.9471,971693.5865,647412.5074,8494665.1434,6918458.3359,7.89,6.45,181.704
000002,万科A,全国地产,深圳,19910129,000002.SZ,20250327,7.19,7.22,7.11,7.17,7.2,-0.03,-0.4167,562048.15,402664.947,0.5784,0.8681,0.65,7.0332,,0.3654,0.1837,0.2164,0.0,,1193070.9471,971693.5865,647412.5074,8554318.6907,6967043.0152,7.92,6.48,181.704
000002,万科A,全国地产,深圳,19910129,000002.SZ,20250326,7.19,7.26,7.18,7.2,7.19,0.01,0.1391,709377.47,511845.528,0.73,1.0957,0.82,7.0627,,0.3669,0.1844,0.2173,0.0,,1193070.9471,971693.5865,647412.5074,8590110.8191,6996193.8228,7.91,6.47,181.704
000002,万科A,全国地产,深圳,19910129,000002.SZ,20250325,7.17,7.23,7.14,7.19,7.18,0.01,0.1393,655037.31,470444.41,0.6741,1.0118,0.72,7.0529,,0.3664,0.1842,0.217,0.0,,1193070.9471,971693.5865,647412.5074,8578180.1096,6986476.8869,7.9,6.46,181.704
000002,万科A,全国地产,深圳,19910129,000002.SZ,20250324,7.35,7.35,7.15,7.18,7.36,-0.18,-2.4457,1050612.5,759032.562,1.0812,1.6228,1.09,7.0431,,0.3659,0.1839,0.2167,0.0,,1193070.9471,971693.5865,647412.5074,8566249.4002,6976759.9511,8.1,6.62,181.704
000002,万科A,全国地产,深圳,19910129,000002.SZ,20250321,7.4,7.42,7.27,7.36,7.43,-0.07,-0.9421,1306620.88,960505.549,1.3447,2.0182,1.32,7.2196,,0.3751,0.1885,0.2221,0.0,,1193070.9471,971693.5865,647412.5074,8781002.1707,7151664.7966,8.17,6.69,181.704
000002,万科A,全国地产,深圳,19910129,000002.SZ,20250320,7.45,7.49,7.41,7.43,7.47,-0.04,-0.5355,612302.39,456199.376,0.6301,0.9458,0.6,7.2883,,0.3786,0.1903,0.2242,0.0,,1193070.9471,971693.5865,647412.5074,8864517.137,7219683.3477,8.22,6.72,181.704
000002,万科A,全国地产,深圳,19910129,000002.SZ,20250319,7.49,7.52,7.43,7.47,7.53,-0.06,-0.7968,708566.38,528939.027,0.7292,1.0945,0.7,7.3275,,0.3807,0.1914,0.2254,0.0,,1193070.9471,971693.5865,647412.5074,8912239.9748,7258551.0912,8.28,6.78,181.704
000002,万科A,全国地产,深圳,19910129,000002.SZ,20250318,7.57,7.59,7.49,7.53,7.56,-0.03,-0.3968,893408.09,672571.247,0.9194,1.38,0.89,7.3864,,0.3837,0.1929,0.2273,0.0,,1193070.9471,971693.5865,647412.5074,8983824.2317,7316852.7063,8.32,6.8,181.704
000002,万科A,全国地产,深圳,19910129,000002.SZ,20250317,7.6,7.73,7.54,7.56,7.54,0.02,0.2653,1290089.43,980824.633,1.3277,1.9927,1.36,7.4158,,0.3853,0.1937,0.2282,0.0,,1193070.9471,971693.5865,647412.5074,9019616.3601,7346003.5139,8.29,6.79,181.704
000002,万科A,全国地产,深圳,19910129,000002.SZ,20250314,7.37,7.59,7.37,7.54,7.35,0.19,2.585,1456521.92,1092327.785,1.499,2.2498,1.5,7.3962,,0.3842,0.1932,0.2276,0.0,,1193070.9471,971693.5865,647412.5074,8995754.9411,7326569.6422,8.09,6.62,181.704
000002,万科A,全国地产,深圳,19910129,000002.SZ,20250313,7.41,7.44,7.33,7.35,7.44,-0.09,-1.2097,758376.5,559845.298,0.7805,1.1714,0.61,7.2098,,0.3746,0.1883,0.2218,0.0,,1193070.9471,971693.5865,647412.5074,8769071.4612,7141947.8608,8.18,6.7,181.704
000002,万科A,全国地产,深圳,19910129,000002.SZ,20250312,7.43,7.48,7.4,7.44,7.43,0.01,0.1346,661168.15,491951.065,0.6804,1.0212,0.48,7.2981,,0.3791,0.1906,0.2245,0.0,,1193070.9471,971693.5865,647412.5074,8876447.8464,7229400.2836,8.17,6.69,181.704
000002,万科A,全国地产,深圳,19910129,000002.SZ,20250311,7.4,7.45,7.35,7.43,7.48,-0.05,-0.6684,872393.37,645348.2,0.8978,1.3475,0.58,7.2883,,0.3786,0.1903,0.2242,0.0,,1193070.9471,971693.5865,647412.5074,8864517.137,7219683.3477,8.23,6.73,181.704
000002,万科A,全国地产,深圳,19910129,000002.SZ,20250310,7.54,7.57,7.44,7.48,7.53,-0.05,-0.664,977809.93,732008.884,1.0063,1.5103,0.58,7.3373,,0.3812,0.1916,0.2257,0.0,,1193070.9471,971693.5865,647412.5074,8924170.6843,7268268.027,8.28,6.78,181.704
000002,万科A,全国地产,深圳,19910129,000002.SZ,20250307,7.65,7.66,7.52,7.53,7.77,-0.24,-3.0888,1593728.04,1205270.123,1.6402,2.4617,0.83,7.3864,,0.3837,0.1929,0.2273,0.0,,1193070.9471,971693.5865,647412.5074,8983824.2317,7316852.7063,8.55,6.99,181.704
000002,万科A,全国地产,深圳,19910129,000002.SZ,20250306,7.58,7.82,7.56,7.77,7.53,0.24,3.1873,2117133.02,1624520.449,2.1788,3.2701,1.16,7.6218,,0.396,0.199,0.2345,0.0,,1193070.9471,971693.5865,647412.5074,9270161.259,7550059.1671,8.28,6.78,181.704
000002,万科A,全国地产,深圳,19910129,000002.SZ,20250305,7.6,7.69,7.42,7.53,7.64,-0.11,-1.4398,1364691.06,1027113.711,1.4044,2.1079,0.7,7.3864,,0.3837,0.1929,0.2273,0.0,,1193070.9471,971693.5865,647412.5074,8983824.2317,7316852.7063,8.4,6.88,181.704
000002,万科A,全国地产,深圳,19910129,000002.SZ,20250304,7.72,7.73,7.53,7.64,7.79,-0.15,-1.9255,1458434.21,1110094.218,1.5009,2.2527,0.73,7.4943,,0.3893,0.1957,0.2306,0.0,,1193070.9471,971693.5865,647412.5074,9115062.0358,7423739.0009,8.57,7.01,181.704
000002,万科A,全国地产,深圳,19910129,000002.SZ,20250303,7.75,7.96,7.75,7.79,7.75,0.04,0.5161,1893661.81,1482908.61,1.9488,2.925,0.84,7.6414,,0.397,0.1996,0.2351,0.0,,1193070.9471,971693.5865,647412.5074,9294022.6779,7569493.0388,8.53,6.98,181.704
000002,万科A,全国地产,深圳,19910129,000002.SZ,20250228,7.77,8.03,7.67,7.75,7.81,-0.06,-0.7682,2726790.23,2127729.15,2.8062,4.2118,1.29,7.6022,,0.3949,0.1985,0.2339,0.0,,1193070.9471,971693.5865,647412.5074,9246299.84,7530625.2954,8.59,7.03,181.704
000002,万科A,全国地产,深圳,19910129,000002.SZ,20250227,7.78,7.89,7.74,7.81,7.84,-0.03,-0.3827,1715773.42,1339145.182,1.7658,2.6502,0.84,7.661,,0.398,0.2001,0.2357,0.0,,1193070.9471,971693.5865,647412.5074,9317884.0969,7588926.9106,8.62,7.06,181.704
000002,万科A,全国地产,深圳,19910129,000002.SZ,20250226,7.71,7.86,7.7,7.84,7.68,0.16,2.0833,1941435.67,1510578.616,1.998,2.9988,0.96,7.6905,,0.3995,0.2008,0.2366,0.0,,1193070.9471,971693.5865,647412.5074,9353676.2253,7618077.7182,8.45,6.91,181.704
000002,万科A,全国地产,深圳,19910129,000002.SZ,20250225,7.75,7.86,7.67,7.68,7.82,-0.14,-1.7903,1771479.75,1369423.942,1.8231,2.7362,0.86,7.5335,,0.3914,0.1967,0.2318,0.0,,1193070.9471,971693.5865,647412.5074,9162784.8737,7462606.7443,8.6,7.04,181.704
000002,万科A,全国地产,深圳,19910129,000002.SZ,20250224,7.66,8.07,7.66,7.82,7.62,0.2,2.6247,3175918.06,2493456.398,3.2684,4.9056,1.69,7.6709,,0.3985,0.2003,0.236,0.0,,1193070.9471,971693.5865,647412.5074,9329814.8063,7598643.8464,8.38,6.86,181.704
000002,万科A,全国地产,深圳,19910129,000002.SZ,20250221,7.53,7.73,7.49,7.62,7.52,0.1,1.3298,1935128.82,1474661.906,1.9915,2.989,0.96,7.4747,,0.3883,0.1952,0.23,0.0,,1193070.9471,971693.5865,647412.5074,9091200.6169,7404305.1291,8.27,6.77,181.704
000002,万科A,全国地产,深圳,19910129,000002.SZ,20250220,7.59,7.6,7.49,7.52,7.65,-0.13,-1.6993,1370246.87,1032220.443,1.4102,2.1165,0.47,7.3766,,0.3832,0.1926,0.2269,0.0,,1193070.9471,971693.5865,647412.5074,8971893.5222,7307135.7705,8.42,6.89,181.704
000002,万科A,全国地产,深圳,19910129,000002.SZ,20250219,7.5,7.72,7.48,7.65,7.52,0.13,1.7287,1809174.57,1375280.251,1.8619,2.7945,0.55,7.5041,,0.3898,0.196,0.2309,0.0,,1193070.9471,971693.5865,647412.5074,9126992.7453,7433455.9367,8.27,6.77,181.704
000002,万科A,全国地产,深圳,19910129,000002.SZ,20250218,7.64,7.76,7.47,7.52,7.68,-0.16,-2.0833,2009495.45,1528472.572,2.068,3.1039,0.62,7.3766,,0.3832,0.1926,0.2269,0.0,,1193070.9471,971693.5865,647412.5074,8971893.5222,7307135.7705,8.45,6.91,181.704
000002,万科A,全国地产,深圳,19910129,000002.SZ,20250217,7.75,7.87,7.62,7.68,7.81,-0.13,-1.6645,2245270.83,1732605.874,2.3107,3.4681,0.71,7.5335,,0.3914,0.1967,0.2318,0.0,,1193070.9471,971693.5865,647412.5074,9162784.8737,7462606.7443,8.59,7.03,181.704
000002,万科A,全国地产,深圳,19910129,000002.SZ,20250214,7.93,8.05,7.71,7.81,7.97,-0.16,-2.0075,2629994.42,2055201.912,2.7066,4.0623,0.8,7.661,,0.398,0.2001,0.2357,0.0,,1193070.9471,971693.5865,647412.5074,9317884.0969,7588926.9106,8.77,7.17,181.704
000002,万科A,全国地产,深圳,19910129,000002.SZ,20250213,7.79,8.22,7.7,7.97,7.96,0.01,0.1256,5741530.31,4569427.868,5.9088,8.8684,2.29,7.818,,0.4061,0.2042,0.2405,0.0,,1193070.9471,971693.5865,647412.5074,9508775.4484,7744397.8844,8.76,7.16,181.704
000002,万科A,全国地产,深圳,19910129,000002.SZ,20250212,7.25,7.96,7.13,7.96,7.24,0.72,9.9448,3797389.87,2862874.54,3.908,5.8655,1.65,7.8082,,0.4056,0.2039,0.2402,0.0,,1193070.9471,971693.5865,647412.5074,9496844.7389,7734680.9485,7.96,6.52,181.704
000002,万科A,全国地产,深圳,19910129,000002.SZ,20250211,7.46,7.54,7.22,7.24,7.42,-0.18,-2.4259,1736090.54,1268761.11,1.7867,2.6816,0.73,7.1019,,0.3689,0.1855,0.2185,0.0,,1193070.9471,971693.5865,647412.5074,8637833.657,7035061.5663,8.16,6.68,181.704
000002,万科A,全国地产,深圳,19910129,000002.SZ,20250210,7.39,7.45,7.27,7.42,7.42,0.0,0.0,1862257.73,1370839.101,1.9165,2.8765,0.74,7.2785,,0.3781,0.1901,0.2239,0.0,,1193070.9471,971693.5865,647412.5074,8852586.4275,7209966.4118,8.16,6.68,181.704
000002,万科A,全国地产,深圳,19910129,000002.SZ,20250207,7.05,7.65,7.01,7.42,7.02,0.4,5.698,3269215.82,2417401.435,3.3645,5.0497,1.19,7.2785,,0.3781,0.1901,0.2239,0.0,,1193070.9471,971693.5865,647412.5074,8852586.4275,7209966.4118,7.72,6.32,181.704
000002,万科A,全国地产,深圳,19910129,000002.SZ,20250206,6.97,7.16,6.92,7.02,6.97,0.05,0.7174,1868805.47,1316869.589,1.9232,2.8866,0.61,6.8861,,0.3577,0.1798,0.2119,0.0,,1193070.9471,971693.5865,647412.5074,8375358.0486,6821288.9772,7.67,6.27,181.704
000002,万科A,全国地产,深圳,19910129,000002.SZ,20250205,7.05,7.18,6.88,6.97,7.27,-0.3,-4.1265,2765846.82,1931084.569,2.8464,4.2722,0.75,6.8371,,0.3552,0.1785,0.2104,0.0,,1193070.9471,971693.5865,647412.5074,8315704.5013,6772704.2979,8.0,6.54,181.704
000002,万科A,全国地产,深圳,19910129,000002.SZ,20250127,7.38,7.56,7.22,7.27,7.39,-0.12,-1.6238,2151753.29,1580357.769,2.2144,3.3236,0.56,7.1313,,0.3705,0.1862,0.2194,0.0,,1193070.9471,971693.5865,647412.5074,8673625.7854,7064212.3739,8.13,6.65,181.704
000002,万科A,全国地产,深圳,19910129,000002.SZ,20250124,7.33,7.54,7.21,7.39,7.36,0.03,0.4076,2555024.24,1885566.128,2.6295,3.9465,0.63,7.2491,,0.3766,0.1893,0.223,0.0,,1193070.9471,971693.5865,647412.5074,8816794.2991,7180815.6042,8.1,6.62,181.704
000002,万科A,全国地产,深圳,19910129,000002.SZ,20250123,7.15,7.7,7.08,7.36,7.02,0.34,4.8433,4416581.31,3245710.622,4.5452,6.8219,1.3,7.2196,,0.3751,0.1885,0.2221,0.0,,1193070.9471,971693.5865,647412.5074,8781002.1707,7151664.7966,7.72,6.32,181.704
000002,万科A,全国地产,深圳,19910129,000002.SZ,20250122,7.27,7.36,6.98,7.02,7.36,-0.34,-4.6196,3448727.8,2457396.391,3.5492,5.3269,1.19,6.8861,,0.3577,0.1798,0.2119,0.0,,1193070.9471,971693.5865,647412.5074,8375358.0486,6821288.9772,8.1,6.62,181.704
000002,万科A,全国地产,深圳,19910129,000002.SZ,20250121,6.84,7.54,6.82,7.36,6.85,0.51,7.4453,5849397.09,4290640.172,6.0198,9.035,3.01,7.2196,,0.3751,0.1885,0.2221,0.0,,1193070.9471,971693.5865,647412.5074,8781002.1707,7151664.7966,7.54,6.17,181.704
000002,万科A,全国地产,深圳,19910129,000002.SZ,20250120,6.6,6.94,6.48,6.85,6.63,0.22,3.3183,2988167.47,2009728.944,3.0752,4.6156,1.95,6.7194,,0.3491,0.1755,0.2067,0.0,,1193070.9471,971693.5865,647412.5074,8172535.9876,6656101.0675,7.29,5.97,181.704
000002,万科A,全国地产,深圳,19910129,000002.SZ,20250117,6.58,6.65,6.45,6.63,6.88,-0.25,-3.6337,3620282.75,2369977.993,3.7257,5.5919,3.37,6.5035,,0.3379,0.1698,0.2001,0.0,,1193070.9471,971693.5865,647412.5074,7910060.3793,6442328.4785,7.57,6.19,181.704
000002,万科A,全国地产,深圳,19910129,000002.SZ,20250116,6.9,7.07,6.84,6.88,6.86,0.02,0.2915,1110545.28,771648.218,1.1429,1.7154,1.13,6.7488,,0.3506,0.1762,0.2076,0.0,,1193070.9471,971693.5865,647412.5074,8208328.116,6685251.8751,7.55,6.17,181.704
000002,万科A,全国地产,深圳,19910129,000002.SZ,20250115,6.88,6.96,6.79,6.86,6.91,-0.05,-0.7236,887294.29,608363.557,0.9131,1.3705,0.9,6.7292,,0.3496,0.1757,0.207,0.0,,1193070.9471,971693.5865,647412.5074,8184466.6971,6665818.0034,7.6,6.22,181.704
000002,万科A,全国地产,深圳,19910129,000002.SZ,20250114,6.76,6.93,6.75,6.91,6.76,0.15,2.2189,1116454.28,765177.082,1.149,1.7245,1.22,6.7782,,0.3521,0.177,0.2085,0.0,,1193070.9471,971693.5865,647412.5074,8244120.2445,6714402.6827,7.44,6.08,181.704
000002,万科A,全国地产,深圳,19910129,000002.SZ,20250113,6.6,6.77,6.55,6.76,6.69,0.07,1.0463,911146.92,611005.036,0.9377,1.4074,1.01,6.6311,,0.3445,0.1732,0.204,0.0,,1193070.9471,971693.5865,647412.5074,8065159.6024,6568648.6447,7.36,6.02,181.704
000002,万科A,全国地产,深圳,19910129,000002.SZ,20250110,6.96,7.03,6.69,6.69,6.95,-0.26,-3.741,1338797.76,909001.068,1.3778,2.0679,1.56,6.5624,,0.3409,0.1714,0.2019,0.0,,1193070.9471,971693.5865,647412.5074,7981644.6361,6500630.0937,7.65,6.26,181.704
000002,万科A,全国地产,深圳,19910129,000002.SZ,20250109,6.93,7.01,6.91,6.95,6.96,-0.01,-0.1437,674686.02,469936.432,0.6943,1.0421,0.7,6.8174,,0.3542,0.178,0.2097,0.0,,1193070.9471,971693.5865,647412.5074,8291843.0823,6753270.4262,7.66,6.26,181.704
000002,万科A,全国地产,深圳,19910129,000002.SZ,20250108,7.02,7.03,6.83,6.96,7.05,-0.09,-1.2766,912683.96,632775.676,0.9393,1.4097,0.93,6.8273,,0.3547,0.1783,0.21,0.0,,1193070.9471,971693.5865,647412.5074,8303773.7918,6762987.362,7.76,6.35,181.704
000002,万科A,全国地产,深圳,19910129,000002.SZ,20250107,6.96,7.05,6.92,7.05,6.98,0.07,1.0029,720471.05,504087.513,0.7415,1.1128,0.65,6.9155,,0.3593,0.1806,0.2128,0.0,,1193070.9471,971693.5865,647412.5074,8411150.1771,6850439.7848,7.68,6.28,181.704
000002,万科A,全国地产,深圳,19910129,000002.SZ,20250106,6.99,7.01,6.89,6.98,7.0,-0.02,-0.2857,850856.61,591154.773,0.8756,1.3142,0.75,6.8469,,0.3557,0.1788,0.2107,0.0,,1193070.9471,971693.5865,647412.5074,8327635.2108,6782421.2338,7.7,6.3,181.704
000002,万科A,全国地产,深圳,19910129,000002.SZ,20250103,7.17,7.18,6.96,7.0,7.11,-0.11,-1.5471,1124915.16,795154.845,1.1577,1.7376,1.07,6.8665,,0.3567,0.1793,0.2113,0.0,,1193070.9471,971693.5865,647412.5074,8351496.6297,6801855.1055,7.82,6.4,181.704
000002,万科A,全国地产,深圳,19910129,000002.SZ,20250102,7.25,7.36,7.07,7.11,7.26,-0.15,-2.0661,1182666.05,854487.563,1.2171,1.8268,1.06,6.9744,,0.3623,0.1821,0.2146,0.0,,1193070.9471,971693.5865,647412.5074,8482734.4339,6908741.4,7.99,6.53,181.704
000002,万科A,全国地产,深圳,19910129,000002.SZ,20241231,7.38,7.44,7.25,7.26,7.36,-0.1,-1.3587,1007535.51,739446.798,1.0369,1.5562,0.92,7.1215,,0.37,0.186,0.2191,9.2961,,1193070.9471,971693.5865,647412.5074,8661695.0759,7054495.438,8.1,6.62,181.704
000002,万科A,全国地产,深圳,19910129,000002.SZ,20241230,7.5,7.51,7.33,7.36,7.55,-0.19,-2.5166,1338890.91,990277.591,1.3779,2.0681,1.27,7.2196,,0.3751,0.1885,0.2221,9.1698,,1193070.9471,971693.5865,647412.5074,8781002.1707,7151664.7966,8.31,6.8,181.704
000002,万科A,全国地产,深圳,19910129,000002.SZ,20241227,7.51,7.63,7.49,7.55,7.51,0.04,0.5326,1004323.77,760189.357,1.0336,1.5513,0.92,7.406,,0.3847,0.1934,0.2279,8.9391,,1193070.9471,971693.5865,647412.5074,9007685.6506,7336286.5781,8.26,6.76,181.704
000002,万科A,全国地产,深圳,19910129,000002.SZ,20241226,7.5,7.56,7.48,7.51,7.54,-0.03,-0.3979,710188.03,534064.464,0.7309,1.097,0.54,7.3668,,0.3827,0.1924,0.2266,8.9867,,1193070.9471,971693.5865,647412.5074,8959962.8127,7297418.8346,8.29,6.79,181.704
000002,万科A,全国地产,深圳,19910129,000002.SZ,20241225,7.71,7.73,7.47,7.54,7.73,-0.19,-2.458,1517662.88,1146549.84,1.5619,2.3442,1.32,7.3962,,0.3842,0.1932,0.2276,8.9509,,1193070.9471,971693.5865,647412.5074,8995754.9411,7326569.6422,8.5,6.96,181.704
000002,万科A,全国地产,深圳,19910129,000002.SZ,20241224,7.68,7.73,7.63,7.73,7.66,0.07,0.9138,880607.78,677822.579,0.9063,1.3602,0.77,7.5826,,0.3939,0.198,0.2333,8.7309,,1193070.9471,971693.5865,647412.5074,9222438.4211,7511191.4236,8.43,6.89,181.704
000002,万科A,全国地产,深圳,19910129,000002.SZ,20241223,7.79,7.8,7.65,7.66,7.82,-0.16,-2.046,1169013.3,901069.88,1.2031,1.8057,1.01,7.5139,,0.3904,0.1962,0.2312,8.8107,,1193070.9471,971693.5865,647412.5074,9138923.4548,7443172.8726,8.6,7.04,181.704
000002,万科A,全国地产,深圳,19910129,000002.SZ,20241220,7.88,7.93,7.8,7.82,7.91,-0.09,-1.1378,1164400.3,912493.458,1.1983,1.7985,0.89,7.6709,,0.3985,0.2003,0.236,8.6304,,1193070.9471,971693.5865,647412.5074,9329814.8063,7598643.8464,8.7,7.12,181.704
000002,万科A,全国地产,深圳,19910129,000002.SZ,20241219,8.0,8.01,7.82,7.91,8.14,-0.23,-2.8256,1838122.53,1451541.257,1.8917,2.8392,1.54,7.7591,,0.4031,0.2026,0.2387,8.5322,,1193070.9471,971693.5865,647412.5074,9437191.1916,7686096.2692,8.95,7.33,181.704
000002,万科A,全国地产,深圳,19910129,000002.SZ,20241218,8.17,8.21,8.13,8.14,8.14,0.0,0.0,695355.05,567471.94,0.7156,1.0741,0.52,7.9847,,0.4148,0.2085,0.2457,8.2911,,1193070.9471,971693.5865,647412.5074,9711597.5094,7909585.7941,8.95,7.33,181.704
000002,万科A,全国地产,深圳,19910129,000002.SZ,20241217,8.24,8.26,8.13,8.14,8.23,-0.09,-1.0936,873037.17,714490.812,0.8985,1.3485,0.51,7.9847,,0.4148,0.2085,0.2457,8.2911,,1193070.9471,971693.5865,647412.5074,9711597.5094,7909585.7941,9.05,7.41,181.704
000002,万科A,全国地产,深圳,19910129,000002.SZ,20241216,8.42,8.45,8.2,8.23,8.41,-0.18,-2.1403,1198130.01,994007.98,1.233,1.8506,0.66,8.073,,0.4194,0.2108,0.2484,8.2005,,1193070.9471,971693.5865,647412.5074,9818973.8946,7997038.2169,9.25,7.57,181.704
000002,万科A,全国地产,深圳,19910129,000002.SZ,20241213,8.59,8.61,8.4,8.41,8.69,-0.28,-3.2221,1920781.87,1624180.476,1.9767,2.9669,1.14,8.2496,,0.4286,0.2154,0.2538,8.0249,,1193070.9471,971693.5865,647412.5074,10033726.6651,8171943.0625,9.56,7.82,181.704
000002,万科A,全国地产,深圳,19910129,000002.SZ,20241212,8.63,8.72,8.55,8.69,8.65,0.04,0.4624,1289042.11,1114370.152,1.3266,1.9911,0.82,8.5243,,0.4428,0.2226,0.2623,7.7664,,1193070.9471,971693.5865,647412.5074,10367786.5303,8444017.2667,9.52,7.79,181.704
000002,万科A,全国地产,深圳,19910129,000002.SZ,20241211,8.51,8.76,8.5,8.65,8.58,0.07,0.8159,1410341.55,1219106.088,1.4514,2.1784,0.93,8.485,,0.4408,0.2216,0.2611,7.8023,,1193070.9471,971693.5865,647412.5074,10320063.6924,8405149.5232,9.44,7.72,181.704
000002,万科A,全国地产,深圳,19910129,000002.SZ,20241210,8.99,8.99,8.58,8.58,8.42,0.16,1.9002,2802653.83,2463193.574,2.8843,4.329,2.35,8.4164,,0.4372,0.2198,0.2589,7.8659,,1193070.9471,971693.5865,647412.5074,10236548.7261,8337130.9722,9.26,7.58,181.704
000002,万科A,全国地产,深圳,19910129,000002.SZ,20241209,8.65,8.7,8.38,8.42,8.68,-0.26,-2.9954,1641659.01,1393753.783,1.6895,2.5357,1.52,8.2594,,0.4291,0.2157,0.2541,8.0154,,1193070.9471,971693.5865,647412.5074,10045657.3746,8181659.9983,9.55,7.81,181.704
000002,万科A,全国地产,深圳,19910129,000002.SZ,20241206,8.51,8.72,8.48,8.68,8.52,0.16,1.8779,1301035.82,1123618.092,1.3389,2.0096,1.16,8.5144,,0.4423,0.2224,0.262,7.7753,,1193070.9471,971693.5865,647412.5074,10355855.8208,8434300.3308,9.37,7.67,181.704
000002,万科A,全国地产,深圳,19910129,000002.SZ,20241205,8.5,8.54,8.45,8.52,8.55,-0.03,-0.3509,733435.06,622926.933,0.7548,1.1329,0.62,8.3575,,0.4342,0.2183,0.2571,7.9213,,1193070.9471,971693.5865,647412.5074,10164964.4693,8278829.357,9.41,7.7,181.704
000002,万科A,全国地产,深圳,19910129,000002.SZ,20241204,8.7,8.7,8.53,8.55,8.74,-0.19,-2.1739,1101736.44,948250.124,1.1338,1.7018,0.93,8.3869,,0.4357,0.219,0.258,7.8935,,1193070.9471,971693.5865,647412.5074,10200756.5977,8307980.1646,9.61,7.87,181.704
000002,万科A,全国地产,深圳,19910129,000002.SZ,20241203,8.65,8.78,8.6,8.74,8.68,0.06,0.6912,1172815.18,1017983.798,1.207,1.8115,1.03,8.5733,,0.4454,0.2239,0.2638,7.7219,,1193070.9471,971693.5865,647412.5074,10427440.0777,8492601.946,9.55,7.81,181.704
000002,万科A,全国地产,深圳,19910129,000002.SZ,20241202,8.53,8.73,8.52,8.68,8.6,0.08,0.9302,1087413.56,940174.756,1.1191,1.6796,0.95,8.5144,,0.4423,0.2224,0.262,7.7753,,1193070.9471,971693.5865,647412.5074,10355855.8208,8434300.3308,9.46,7.74,181.704
000002,万科A,全国地产,深圳,19910129,000002.SZ,20241129,8.43,8.73,8.42,8.6,8.48,0.12,1.4151,1490957.76,1283655.171,1.5344,2.3029,1.34,8.436,,0.4383,0.2203,0.2595,7.8477,,1193070.9471,971693.5865,647412.5074,10260410.1451,8356564.8439,9.33,7.63,181.704
000002,万科A,全国地产,深圳,19910129,000002.SZ,20241128,8.43,8.55,8.41,8.48,8.45,0.03,0.355,1100504.62,933227.374,1.1326,1.6999,1.0,8.3183,,0.4321,0.2172,0.2559,7.9587,,1193070.9471,971693.5865,647412.5074,10117241.6314,8239961.6135,9.3,7.61,181.704
000002,万科A,全国地产,深圳,19910129,000002.SZ,20241127,8.34,8.45,8.22,8.45,8.36,0.09,1.0766,1042549.08,869424.921,1.0729,1.6103,0.96,8.2888,,0.4306,0.2165,0.255,7.987,,1193070.9471,971693.5865,647412.5074,10081449.503,8210810.8059,9.2,7.52,181.704
000002,万科A,全国地产,深圳,19910129,000002.SZ,20241126,8.34,8.48,8.32,8.36,8.38,-0.02,-0.2387,953479.51,799880.775,0.9813,1.4728,0.78,8.2006,,0.426,0.2142,0.2523,8.0729,,1193070.9471,971693.5865,647412.5074,9974073.1178,8123358.3831,9.22,7.54,181.704
000002,万科A,全国地产,深圳,19910129,000002.SZ,20241125,8.43,8.49,8.25,8.38,8.42,-0.04,-0.4751,1138987.46,952072.383,1.1722,1.7593,0.84,8.2202,,0.427,0.2147,0.2529,8.0537,,1193070.9471,971693.5865,647412.5074,9997934.5367,8142792.2549,9.26,7.58,181.704
000002,万科A,全国地产,深圳,19910129,000002.SZ,20241122,8.66,8.78,8.41,8.42,8.68,-0.26,-2.9954,1343868.99,1157677.835,1.383,2.0758,0.95,8.2594,,0.4291,0.2157,0.2541,8.0154,,1193070.9471,971693.5865,647412.5074,10045657.3746,8181659.9983,9.55,7.81,181.704
000002,万科A,全国地产,深圳,19910129,000002.SZ,20241121,8.73,8.79,8.62,8.68,8.76,-0.08,-0.9132,1011826.59,878347.767,1.0413,1.5629,0.61,8.5144,,0.4423,0.2224,0.262,7.7753,,1193070.9471,971693.5865,647412.5074,10355855.8208,8434300.3308,9.64,7.88,181.704
000002,万科A,全国地产,深圳,19910129,000002.SZ,20241120,8.7,8.79,8.65,8.76,8.75,0.01,0.1143,955708.76,833758.104,0.9835,1.4762,0.51,8.5929,,0.4464,0.2244,0.2644,7.7043,,1193070.9471,971693.5865,647412.5074,10451301.4966,8512035.8177,9.63,7.88,181.704
000002,万科A,全国地产,深圳,19910129,000002.SZ,20241119,8.84,8.85,8.53,8.75,8.84,-0.09,-1.0181,1626735.93,1409788.545,1.6741,2.5127,0.81,8.5831,,0.4459,0.2241,0.2641,7.7131,,1193070.9471,971693.5865,647412.5074,10439370.7871,8502318.8819,9.72,7.96,181.704
000002,万科A,全国地产,深圳,19910129,000002.SZ,20241118,8.79,9.03,8.76,8.84,8.71,0.13,1.4925,1866129.31,1660055.511,1.9205,2.8824,0.86,8.6714,,0.4505,0.2265,0.2668,7.6346,,1193070.9471,971693.5865,647412.5074,10546747.1724,8589771.3047,9.58,7.84,181.704
000002,万科A,全国地产,深圳,19910129,000002.SZ,20241115,8.9,8.95,8.7,8.71,8.95,-0.24,-2.6816,1628734.43,1436246.4,1.6762,2.5158,0.61,8.5439,,0.4439,0.2231,0.2629,7.7485,,1193070.9471,971693.5865,647412.5074,10391647.9492,8463451.1384,9.85,8.06,181.704
000002,万科A,全国地产,深圳,19910129,000002.SZ,20241114,9.3,9.3,8.93,8.95,9.07,-0.12,-1.323,2188353.56,1984166.0,2.2521,3.3802,0.67,8.7793,,0.4561,0.2293,0.2701,7.5408,,1193070.9471,971693.5865,647412.5074,10677984.9765,8696657.5992,9.98,8.16,181.704
000002,万科A,全国地产,深圳,19910129,000002.SZ,20241113,9.12,9.22,8.97,9.07,9.19,-0.12,-1.3058,2074227.31,1880003.425,2.1347,3.2039,0.57,8.897,,0.4622,0.2323,0.2737,7.441,,1193070.9471,971693.5865,647412.5074,10821153.4902,8813260.8296,10.11,8.27,181.704
000002,万科A,全国地产,深圳,19910129,000002.SZ,20241112,9.3,9.44,9.14,9.19,9.3,-0.11,-1.1828,2245361.78,2086145.682,2.3108,3.4682,0.6,9.0147,,0.4683,0.2354,0.2773,7.3438,,1193070.9471,971693.5865,647412.5074,10964322.0038,8929864.0599,10.23,8.37,181.704
000002,万科A,全国地产,深圳,19910129,000002.SZ,20241111,9.38,9.48,9.16,9.3,9.51,-0.21,-2.2082,2735805.22,2538625.173,2.8155,4.2258,0.76,9.1226,,0.4739,0.2382,0.2807,7.257,,1193070.9471,971693.5865,647412.5074,11095559.808,9036750.3545,10.46,8.56,181.704
000002,万科A,全国地产,深圳,19910129,000002.SZ,20241108,10.0,10.05,9.48,9.51,9.89,-0.38,-3.8423,4120900.53,3969395.905,4.2409,6.3652,1.24,9.3286,,0.4846,0.2436,0.287,7.0967,,1193070.9471,971693.5865,647412.5074,11346104.7069,9240806.0076,10.88,8.9,181.704
000002,万科A,全国地产,深圳,19910129,000002.SZ,20241107,9.4,9.92,9.36,9.89,9.5,0.39,4.1053,5125317.05,4987142.034,5.2746,7.9166,1.72,9.7014,,0.504,0.2533,0.2985,6.824,,1193070.9471,971693.5865,647412.5074,11799471.6668,9610049.5705,10.45,8.55,181.704
000002,万科A,全国地产,深圳,19910129,000002.SZ,20241106,9.29,9.7,9.11,9.5,9.34,0.16,1.7131,3951355.28,3714560.651,4.0665,6.1033,1.48,9.3188,,0.4841,0.2434,0.2867,7.1042,,1193070.9471,971693.5865,647412.5074,11334173.9975,9231089.0718,10.27,8.41,181.704
000002,万科A,全国地产,深圳,19910129,000002.SZ,20241105,9.03,9.44,9.01,9.34,9.07,0.27,2.9768,2874997.77,2665165.613,2.9587,4.4408,1.1,9.1619,,0.476,0.2393,0.2819,7.2259,,1193070.9471,971693.5865,647412.5074,11143282.6459,9075618.0979,9.98,8.16,181.704
000002,万科A,全国地产,深圳,19910129,000002.SZ,20241104,9.15,9.18,8.88,9.07,9.11,-0.04,-0.4391,1937047.51,1735650.701,1.9935,2.992,0.7,8.897,,0.4622,0.2323,0.2737,7.441,,1193070.9471,971693.5865,647412.5074,10821153.4902,8813260.8296,10.02,8.2,181.704
000002,万科A,全国地产,深圳,19910129,000002.SZ,20241101,9.21,9.44,9.09,9.11,9.28,-0.17,-1.8319,2666553.59,2462406.072,2.7442,4.1188,1.02,8.9362,,0.4642,0.2334,0.2749,7.4083,,1193070.9471,971693.5865,647412.5074,10868876.3281,8852128.573,10.21,8.35,181.704
000002,万科A,全国地产,深圳,19910129,000002.SZ,20241031,9.11,9.66,9.01,9.28,9.22,0.06,0.6508,3502499.13,3278897.812,3.6045,5.41,1.56,9.103,,0.4729,0.2377,0.2801,7.2726,,1193070.9471,971693.5865,647412.5074,11071698.3891,9017316.4827,10.14,8.3,181.704
000002,万科A,全国地产,深圳,19910129,000002.SZ,20241030,9.1,9.38,9.07,9.22,9.13,0.09,0.9858,2329880.53,2156736.188,2.3978,3.5988,1.01,9.0441,,0.4552,0.2362,0.2699,7.3199,,1193070.9471,971693.5865,647412.5074,11000114.1323,8959014.8675,10.04,8.22,181.704
000002,万科A,全国地产,深圳,19910129,000002.SZ,20241029,9.31,9.63,9.1,9.13,9.39,-0.26,-2.7689,2577834.29,2393102.877,2.6529,3.9817,1.18,8.9559,,0.4507,0.2339,0.2672,7.3921,,1193070.9471,971693.5865,647412.5074,10892737.747,8871562.4447,10.33,8.45,181.704
000002,万科A,全国地产,深圳,19910129,000002.SZ,20241028,9.13,9.39,9.11,9.39,9.14,0.25,2.7352,2842024.32,2647135.793,2.9248,4.3898,1.31,9.2109,,0.4635,0.2405,0.2748,7.1874,,1193070.9471,971693.5865,647412.5074,11202936.1933,9124202.7772,10.05,8.23,181.704
000002,万科A,全国地产,深圳,19910129,000002.SZ,20241025,9.12,9.29,9.12,9.14,9.12,0.02,0.2193,1802422.4,1657565.224,1.8549,2.784,0.69,8.9657,,0.4512,0.2341,0.2675,7.384,,1193070.9471,971693.5865,647412.5074,10904668.4565,8881279.3806,10.03,8.21,181.704
000002,万科A,全国地产,深圳,19910129,000002.SZ,20241024,9.2,9.3,9.06,9.12,9.33,-0.21,-2.2508,1700970.68,1558626.472,1.7505,2.6273,0.52,8.9461,,0.4502,0.2336,0.2669,7.4002,,1193070.9471,971693.5865,647412.5074,10880807.0376,8861845.5089,10.26,8.4,181.704
000002,万科A,全国地产,深圳,19910129,000002.SZ,20241023,9.22,9.54,9.16,9.33,9.24,0.09,0.974,2596747.49,2428580.9,2.6724,4.011,0.67,9.1521,,0.4606,0.239,0.2731,7.2336,,1193070.9471,971693.5865,647412.5074,11131351.9364,9065901.162,10.16,8.32,181.704
000002,万科A,全国地产,深圳,19910129,000002.SZ,20241022,9.11,9.34,9.08,9.24,9.19,0.05,0.5441,1954064.98,1797102.14,2.011,3.0183,0.49,9.0638,,0.4561,0.2367,0.2704,7.3041,,1193070.9471,971693.5865,647412.5074,11023975.5512,8978448.7393,10.11,8.27,181.704
000002,万科A,全国地产,深圳,19910129,000002.SZ,20241021,9.25,9.39,9.01,9.19,9.37,-0.18,-1.921,2763986.08,2545302.592,2.8445,4.2693,0.66,9.0147,,0.4537,0.2354,0.269,7.3438,,1193070.9471,971693.5865,647412.5074,10964322.0038,8929864.0599,10.31,8.43,181.704
000002,万科A,全国地产,深圳,19910129,000002.SZ,20241018,9.05,9.55,8.78,9.37,9.21,0.16,1.7372,4111337.67,3735567.462,4.2311,6.3504,1.04,9.1913,,0.4626,0.24,0.2742,7.2028,,1193070.9471,971693.5865,647412.5074,11179074.7743,9104768.9055,10.13,8.29,181.704
000002,万科A,全国地产,深圳,19910129,000002.SZ,20241017,10.0,10.01,9.18,9.21,10.0,-0.79,-7.9,4814794.43,4570902.697,4.9551,7.437,1.24,9.0343,,0.4547,0.2359,0.2696,7.3279,,1193070.9471,971693.5865,647412.5074,10988183.4228,8949297.9317,11.0,9.0,181.704
000002,万科A,全国地产,深圳,19910129,000002.SZ,20241016,9.41,10.0,9.32,10.0,9.2,0.8,8.6957,5645127.5,5495337.158,5.8096,8.7195,1.47,9.8093,,0.4937,0.2562,0.2927,6.749,,1193070.9471,971693.5865,647412.5074,11930709.471,9716935.865,10.12,8.28,181.704
000002,万科A,全国地产,深圳,19910129,000002.SZ,20241015,9.06,9.47,9.06,9.2,9.34,-0.14,-1.4989,2621898.28,2433220.688,2.6983,4.0498,0.48,9.0245,,0.4542,0.2357,0.2693,7.3359,,1193070.9471,971693.5865,647412.5074,10976252.7133,8939580.9958,10.27,8.41,181.704
000002,万科A,全国地产,深圳,19910129,000002.SZ,20241014,9.41,9.53,9.16,9.34,9.1,0.24,2.6374,3672030.19,3434073.254,3.779,5.6719,0.62,9.1619,,0.4611,0.2393,0.2734,7.2259,,1193070.9471,971693.5865,647412.5074,11143282.6459,9075618.0979,10.01,8.19,181.704
000002,万科A,全国地产,深圳,19910129,000002.SZ,20241011,8.97,9.36,8.78,9.1,9.12,-0.02,-0.2193,3034144.21,2759334.426,3.1225,4.6866,0.45,8.9264,,0.4492,0.2331,0.2663,7.4165,,1193070.9471,971693.5865,647412.5074,10856945.6186,8842411.6372,10.03,8.21,181.704
000002,万科A,全国地产,深圳,19910129,000002.SZ,20241010,8.9,9.5,8.72,9.12,9.34,-0.22,-2.3555,4468210.56,4055413.279,4.5984,6.9016,0.65,8.9461,,0.4502,0.2336,0.2669,7.4002,,1193070.9471,971693.5865,647412.5074,10880807.0376,8861845.5089,10.27,8.41,181.704
000002,万科A,全国地产,深圳,19910129,000002.SZ,20241009,9.79,9.79,9.34,9.34,10.38,-1.04,-10.0193,5420340.79,5112813.708,5.5782,8.3723,0.82,9.1619,,0.4611,0.2393,0.2734,7.2259,,1193070.9471,971693.5865,647412.5074,11143282.6459,9075618.0979,11.42,9.34,181.704
000002,万科A,全国地产,深圳,19910129,000002.SZ,20241008,10.69,10.69,9.34,10.38,9.72,0.66,6.7901,10972342.97,11307302.857,11.292,16.948,2.17,10.182,,0.5124,0.2659,0.3038,6.5019,,1193070.9471,971693.5865,647412.5074,12384076.4309,10086179.4279,10.69,8.75,181.704
000002,万科A,全国地产,深圳,19910129,000002.SZ,20240930,9.72,9.72,9.27,9.72,8.84,0.88,9.9548,5797265.7,5592761.873,5.9661,8.9545,1.38,9.5346,,0.4798,0.249,0.2845,6.9434,,1193070.9471,971693.5865,647412.5074,11596649.6058,9444861.6608,9.72,7.96,181.704
000002,万科A,全国地产,深圳,19910129,000002.SZ,20240927,8.52,8.84,8.5,8.84,8.04,0.8,9.9502,7002193.85,6084950.923,7.2062,10.8157,2.17,8.6714,,0.4364,0.2265,0.2587,7.6346,,1193070.9471,971693.5865,647412.5074,10546747.1724,8589771.3047,8.84,7.24,181.704
000002,万科A,全国地产,深圳,19910129,000002.SZ,20240926,7.22,8.04,7.22,8.04,7.31,0.73,9.9863,5278410.28,4081867.508,5.4322,8.1531,1.93,7.8867,,0.3969,0.206,0.2353,8.3943,,1193070.9471,971693.5865,647412.5074,9592290.4147,7812416.4355,8.04,6.58,181.704
000002,万科A,全国地产,深圳,19910129,000002.SZ,20240925,7.14,7.68,7.11,7.31,7.12,0.19,2.6685,3935250.3,2940342.553,4.0499,6.0784,1.75,7.1706,,0.3609,0.1873,0.214,9.2325,,1193070.9471,971693.5865,647412.5074,8721348.6233,7103080.1173,7.83,6.41,181.704
000002,万科A,全国地产,深圳,19910129,000002.SZ,20240924,7.07,7.17,6.81,7.12,6.93,0.19,2.7417,3244214.75,2276125.012,3.3387,5.011,1.84,6.9842,,0.3515,0.1824,0.2084,9.4789,,1193070.9471,971693.5865,647412.5074,8494665.1434,6918458.3359,7.62,6.24,181.704
000002,万科A,全国地产,深圳,19910129,000002.SZ,20240923,6.78,7.0,6.77,6.93,6.89,0.04,0.5806,1529807.4,1058509.856,1.5744,2.363,0.96,6.7978,,0.3421,0.1775,0.2028,9.7388,,1193070.9471,971693.5865,647412.5074,8267981.6634,6733836.5544,7.58,6.2,181.704
000002,万科A,全国地产,深圳,19910129,000002.SZ,20240920,6.64,6.92,6.6,6.89,6.77,0.12,1.7725,2160538.87,1465358.136,2.2235,3.3372,1.69,6.7586,,0.3401,0.1765,0.2017,9.7953,,1193070.9471,971693.5865,647412.5074,8220258.8255,6694968.811,7.45,6.09,181.704
000002,万科A,全国地产,深圳,19910129,000002.SZ,20240919,6.54,6.92,6.49,6.77,6.49,0.28,4.3143,2840303.42,1912725.713,2.923,4.3872,3.19,6.6409,,0.3342,0.1734,0.1981,9.969,,1193070.9471,971693.5865,647412.5074,8077090.3119,6578365.5806,7.14,5.84,181.704
000002,万科A,全国地产,深圳,19910129,000002.SZ,20240918,6.34,6.55,6.28,6.49,6.32,0.17,2.6899,1469490.84,942138.579,1.5123,2.2698,1.99,6.3662,,0.3204,0.1663,0.19,10.399,,1193070.9471,971693.5865,647412.5074,7743030.4467,6306291.3764,6.95,5.69,181.704
000002,万科A,全国地产,深圳,19910129,000002.SZ,20240913,6.31,6.4,6.3,6.32,6.31,0.01,0.1585,822998.14,522226.719,0.847,1.2712,1.1,6.1995,,0.312,0.1619,0.185,10.6788,,1193070.9471,971693.5865,647412.5074,7540208.3857,6141103.4667,6.94,5.68,181.704
000002,万科A,全国地产,深圳,19910129,000002.SZ,20240912,6.29,6.41,6.29,6.31,6.31,0.0,0.0,661411.59,419230.414,0.6807,1.0216,0.75,6.1897,,0.3115,0.1616,0.1847,10.6957,,1193070.9471,971693.5865,647412.5074,7528277.6762,6131386.5308,6.94,5.68,181.704
000002,万科A,全国地产,深圳,19910129,000002.SZ,20240911,6.25,6.38,6.24,6.31,6.3,0.01,0.1587,604081.77,381296.491,0.6217,0.9331,0.55,6.1897,,0.3115,0.1616,0.1847,10.6957,,1193070.9471,971693.5865,647412.5074,7528277.6762,6131386.5308,6.93,5.67,181.704
000002,万科A,全国地产,深圳,19910129,000002.SZ,20240910,6.37,6.41,6.2,6.3,6.37,-0.07,-1.0989,895240.73,561717.015,0.9213,1.3828,0.73,6.1798,,0.311,0.1614,0.1844,10.7127,,1193070.9471,971693.5865,647412.5074,7516346.9667,6121669.595,7.01,5.73,181.704
000002,万科A,全国地产,深圳,19910129,000002.SZ,20240909,6.41,6.45,6.31,6.37,6.47,-0.1,-1.5456,706503.34,449986.331,0.7271,1.0913,0.47,6.2485,,0.3145,0.1632,0.1864,10.5949,,1193070.9471,971693.5865,647412.5074,7599861.933,6189688.146,7.12,5.82,181.704
000002,万科A,全国地产,深圳,19910129,000002.SZ,20240906,6.52,6.57,6.45,6.47,6.59,-0.12,-1.8209,870393.61,565444.151,0.8957,1.3444,0.43,6.3466,,0.3194,0.1657,0.1894,10.4312,,1193070.9471,971693.5865,647412.5074,7719169.0277,6286857.5047,7.25,5.93,181.704
000002,万科A,全国地产,深圳,19910129,000002.SZ,20240905,6.56,6.66,6.49,6.59,6.46,0.13,2.0124,1353930.28,890031.081,1.3934,2.0913,0.72,6.4643,,0.3253,0.1688,0.1929,10.2412,,1193070.9471,971693.5865,647412.5074,7862337.5414,6403460.735,7.11,5.81,181.704
000002,万科A,全国地产,深圳,19910129,000002.SZ,20240904,6.48,6.76,6.43,6.46,6.52,-0.06,-0.9202,1644098.37,1079490.082,1.692,2.5395,0.97,6.3368,,0.3189,0.1655,0.1891,10.4473,,1193070.9471,971693.5865,647412.5074,7707238.3183,6277140.5688,7.17,5.87,181.704
000002,万科A,全国地产,深圳,19910129,000002.SZ,20240903,6.41,6.64,6.32,6.52,6.42,0.1,1.5576,1581631.1,1028344.274,1.6277,2.443,1.0,6.3956,,0.3219,0.167,0.1908,10.3512,,1193070.9471,971693.5865,647412.5074,7778822.5751,6335442.184,7.06,5.78,181.704
000002,万科A,全国地产,深圳,19910129,000002.SZ,20240902,6.51,6.63,6.42,6.42,6.76,-0.34,-5.0296,2126408.77,1385023.079,2.1884,3.2845,1.62,6.2976,,0.3169,0.1645,0.1879,10.5124,,1193070.9471,971693.5865,647412.5074,7659515.4804,6238272.8253,7.44,6.08,181.704
000002,万科A,全国地产,深圳,19910129,000002.SZ,20240830,6.24,6.86,6.22,6.76,6.24,0.52,8.3333,3497342.37,2335350.818,3.5992,5.9145,4.62,6.6311,7.7887,0.3218,0.1732,0.1758,9.9837,,1193070.9471,971693.5865,591319.0256,8065159.6024,6568648.6447,6.86,5.62,181.704
000002,万科A,全国地产,深圳,19910129,000002.SZ,20240829,6.2,6.28,6.18,6.24,6.22,0.02,0.3215,579194.6,361582.7,0.5961,0.9795,0.7,6.121,7.1896,0.297,0.1598,0.1622,10.8157,,1193070.9471,971693.5865,591319.0256,7444762.7099,6063367.9798,6.84,5.6,181.704
000002,万科A,全国地产,深圳,19910129,000002.SZ,20240828,6.29,6.31,6.19,6.22,6.31,-0.09,-1.4263,684310.51,426230.452,0.7042,1.1573,0.76,6.1014,7.1666,0.2961,0.1593,0.1617,10.8505,,1193070.9471,971693.5865,591319.0256,7420901.291,6043934.108,6.94,5.68,181.704
000002,万科A,全国地产,深圳,19910129,000002.SZ,20240827,6.5,6.51,6.3,6.31,6.53,-0.22,-3.3691,983047.31,625253.327,1.0117,1.6625,1.12,6.1897,7.2703,0.3004,0.1616,0.1641,10.6957,,1193070.9471,971693.5865,591319.0256,7528277.6762,6131386.5308,7.18,5.88,181.704
000002,万科A,全国地产,深圳,19910129,000002.SZ,20240826,6.41,6.58,6.37,6.53,6.41,0.12,1.8721,804980.41,523569.278,0.8284,1.3613,0.93,6.4055,7.5237,0.3108,0.1673,0.1698,10.3353,,1193070.9471,971693.5865,591319.0256,7790753.2846,6345159.1198,7.05,5.77,181.704
000002,万科A,全国地产,深圳,19910129,000002.SZ,20240823,6.45,6.48,6.39,6.41,6.47,-0.06,-0.9274,729986.87,469305.149,0.7513,1.2345,0.81,6.2877,7.3855,0.3051,0.1642,0.1667,10.5288,10.5288,1193070.9471,971693.5865,591319.0256,7647584.7709,6228555.8895,7.12,5.82,181.704
000002,万科A,全国地产,深圳,19910129,000002.SZ,20240822,6.58,6.64,6.46,6.47,6.55,-0.08,-1.2214,955245.78,624992.998,0.9831,1.6154,0.99,6.3466,7.4546,0.308,0.1657,0.1682,10.4312,10.4312,1193070.9471,971693.5865,591319.0256,7719169.0277,6286857.5047,7.21,5.9,181.704
000002,万科A,全国地产,深圳,19910129,000002.SZ,20240821,6.66,6.68,6.53,6.55,6.67,-0.12,-1.7991,1038372.14,684136.992,1.0686,1.756,1.18,6.4251,7.5468,0.3118,0.1678,0.1703,10.3038,10.3038,1193070.9471,971693.5865,591319.0256,7814614.7035,6364592.9916,7.34,6.0,181.704
000002,万科A,全国地产,深圳,19910129,000002.SZ,20240820,6.79,6.81,6.66,6.67,6.8,-0.13,-1.9118,861588.82,578194.586,0.8867,1.4571,0.93,6.5428,7.685,0.3175,0.1709,0.1734,10.1184,10.1184,1193070.9471,971693.5865,591319.0256,7957783.2172,6481196.222,7.48,6.12,181.704
000002,万科A,全国地产,深圳,19910129,000002.SZ,20240819,6.77,6.88,6.74,6.8,6.8,0.0,0.0,749189.01,510584.461,0.771,1.267,0.65,6.6703,7.8348,0.3237,0.1742,0.1768,9.925,9.925,1193070.9471,971693.5865,591319.0256,8112882.4403,6607516.3882,7.48,6.12,181.704
000002,万科A,全国地产,深圳,19910129,000002.SZ,20240816,6.87,6.92,6.79,6.8,6.91,-0.11,-1.5919,915965.97,624875.965,0.9426,1.549,0.54,6.6703,7.8348,0.3237,0.1742,0.1768,9.925,9.925,1193070.9471,971693.5865,591319.0256,8112882.4403,6607516.3882,7.6,6.22,181.704
000002,万科A,全国地产,深圳,19910129,000002.SZ,20240815,6.77,6.93,6.72,6.91,6.78,0.13,1.9174,1275473.87,875422.619,1.3126,2.157,0.69,6.7782,7.9616,0.3289,0.177,0.1797,9.767,9.767,1193070.9471,971693.5865,591319.0256,8244120.2445,6714402.6827,7.46,6.1,181.704
000002,万科A,全国地产,深圳,19910129,000002.SZ,20240814,6.83,6.86,6.77,6.78,6.83,-0.05,-0.7321,609927.91,414625.428,0.6277,1.0315,0.32,6.6507,7.8118,0.3227,0.1737,0.1763,9.9543,9.9543,1193070.9471,971693.5865,591319.0256,8089021.0213,6588082.5165,7.51,6.15,181.704
000002,万科A,全国地产,深圳,19910129,000002.SZ,20240813,6.85,6.88,6.76,6.83,6.88,-0.05,-0.7267,1060585.66,721869.284,1.0915,1.7936,0.54,6.6997,7.8694,0.3251,0.175,0.1776,9.8814,9.8814,1193070.9471,971693.5865,591319.0256,8148674.5687,6636667.1958,7.57,6.19,181.704
000002,万科A,全国地产,深圳,19910129,000002.SZ,20240812,7.15,7.21,6.86,6.88,7.18,-0.3,-4.1783,1928459.34,1344080.18,1.9846,3.2613,1.03,6.7488,7.927,0.3275,0.1762,0.1789,9.8096,9.8096,1193070.9471,971693.5865,591319.0256,8208328.116,6685251.8751,7.9,6.46,181.704
000002,万科A,全国地产,深圳,19910129,000002.SZ,20240809,6.92,7.38,6.89,7.18,6.92,0.26,3.7572,3595754.46,2592540.562,3.7005,6.0809,2.61,7.0431,8.2726,0.3418,0.1839,0.1867,9.3997,9.3997,1193070.9471,971693.5865,591319.0256,8566249.4002,6976759.9511,7.61,6.23,181.704
000002,万科A,全国地产,深圳,19910129,000002.SZ,20240808,6.84,7.1,6.73,6.92,6.79,0.13,1.9146,2032811.13,1406885.38,2.092,3.4378,1.6,6.788,7.9731,0.3294,0.1773,0.1799,9.7529,9.7529,1193070.9471,971693.5865,591319.0256,8256050.9539,6724119.6186,7.47,6.11,181.704
000002,万科A,全国地产,深圳,19910129,000002.SZ,20240807,6.84,6.85,6.72,6.79,6.88,-0.09,-1.3081,935649.35,634803.152,0.9629,1.5823,0.63,6.6605,7.8233,0.3232,0.1739,0.1765,9.9396,9.9396,1193070.9471,971693.5865,591319.0256,8100951.7308,6597799.4523,7.57,6.19,181.704
000002,万科A,全国地产,深圳,19910129,000002.SZ,20240806,6.85,6.92,6.77,6.88,6.78,0.1,1.4749,1263768.63,864549.136,1.3006,2.1372,0.87,6.7488,7.927,0.3275,0.1762,0.1789,9.8096,9.8096,1193070.9471,971693.5865,591319.0256,8208328.116,6685251.8751,7.46,6.1,181.704
000002,万科A,全国地产,深圳,19910129,000002.SZ,20240805,6.78,7.02,6.76,6.78,6.81,-0.03,-0.4405,1576609.6,1085647.128,1.6225,2.6663,1.18,6.6507,7.8118,0.3227,0.1737,0.1763,9.9543,9.9543,1193070.9471,971693.5865,591319.0256,8089021.0213,6588082.5165,7.49,6.13,181.704
000002,万科A,全国地产,深圳,19910129,000002.SZ,20240802,6.83,6.94,6.8,6.81,6.9,-0.09,-1.3043,1074233.81,736827.197,1.1055,1.8167,0.82,6.6801,7.8463,0.3242,0.1744,0.1771,9.9104,9.9104,1193070.9471,971693.5865,591319.0256,8124813.1498,6617233.3241,7.59,6.21,181.704
000002,万科A,全国地产,深圳,19910129,000002.SZ,20240801,7.07,7.15,6.89,6.9,7.09,-0.19,-2.6798,1509049.8,1050604.222,1.553,2.552,1.29,6.7684,7.95,0.3285,0.1768,0.1794,9.7811,9.7811,1193070.9471,971693.5865,591319.0256,8232189.535,6704685.7469,7.8,6.38,181.704
000002,万科A,全国地产,深圳,19910129,000002.SZ,20240731,6.73,7.09,6.67,7.09,6.75,0.34,5.037,2048901.65,1421710.737,2.1086,3.465,2.07,6.9548,8.169,0.3375,0.1816,0.1843,9.519,9.519,1193070.9471,971693.5865,591319.0256,8458873.0149,6889307.5283,7.43,6.08,181.704
000002,万科A,全国地产,深圳,19910129,000002.SZ,20240730,6.67,6.8,6.65,6.75,6.69,0.06,0.8969,1074763.61,722985.197,1.1061,1.8176,1.11,6.6213,7.7772,0.3213,0.1729,0.1755,9.9985,9.9985,1193070.9471,971693.5865,591319.0256,8053228.8929,6558931.7089,7.36,6.02,181.704
000002,万科A,全国地产,深圳,19910129,000002.SZ,20240729,6.85,6.87,6.66,6.69,6.84,-0.15,-2.193,968258.7,648850.195,0.9965,1.6375,0.99,6.5624,7.7081,0.3185,0.1714,0.1739,10.0882,10.0882,1193070.9471,971693.5865,591319.0256,7981644.6361,6500630.0937,7.52,6.16,181.704
000002,万科A,全国地产,深圳,19910129,000002.SZ,20240726,6.72,6.95,6.72,6.84,6.7,0.14,2.0896,928798.85,635233.94,0.9559,1.5707,0.85,6.7095,7.8809,0.3256,0.1752,0.1778,9.8669,9.8669,1193070.9471,971693.5865,591319.0256,8160605.2782,6646384.1317,7.37,6.03,181.704
000002,万科A,全国地产,深圳,19910129,000002.SZ,20240725,6.64,6.79,6.59,6.7,6.65,0.05,0.7519,817450.47,549269.04,0.8413,1.3824,0.7,6.5722,7.7196,0.3189,0.1716,0.1742,10.0731,10.0731,1193070.9471,971693.5865,591319.0256,7993575.3456,6510347.0296,7.32,5.99,181.704
000002,万科A,全国地产,深圳,19910129,000002.SZ,20240724,6.84,6.92,6.64,6.65,6.85,-0.2,-2.9197,1153493.68,776955.424,1.1871,1.9507,0.83,6.5232,7.662,0.3166,0.1704,0.1729,10.1488,10.1488,1193070.9471,971693.5865,591319.0256,7933921.7982,6461762.3502,7.54,6.17,181.704
000002,万科A,全国地产,深圳,19910129,000002.SZ,20240723,6.98,7.07,6.84,6.85,6.98,-0.13,-1.8625,974232.52,679283.852,1.0026,1.6476,0.67,6.7194,7.8924,0.3261,0.1755,0.1781,9.8525,9.8525,1193070.9471,971693.5865,591319.0256,8172535.9876,6656101.0675,7.68,6.28,181.704
000002,万科A,全国地产,深圳,19910129,000002.SZ,20240722,7.09,7.12,6.92,6.98,7.06,-0.08,-1.1331,1031927.08,720638.147,1.062,1.7451,0.69,6.8469,8.0422,0.3323,0.1788,0.1815,9.669,9.669,1193070.9471,971693.5865,591319.0256,8327635.2108,6782421.2338,7.77,6.35,181.704
000002,万科A,全国地产,深圳,19910129,000002.SZ,20240719,7.08,7.1,6.91,7.06,7.14,-0.08,-1.1204,1468847.85,1029465.559,1.5116,2.484,0.89,6.9253,8.1344,0.3361,0.1809,0.1836,9.5595,9.5595,1193070.9471,971693.5865,591319.0256,8423080.8865,6860156.7207,7.85,6.43,181.704
000002,万科A,全国地产,深圳,19910129,000002.SZ,20240718,7.12,7.14,6.98,7.14,7.12,0.02,0.2809,1239653.38,875822.316,1.2758,2.0964,0.73,7.0038,8.2266,0.3399,0.1829,0.1856,9.4524,9.4524,1193070.9471,971693.5865,591319.0256,8518526.5623,6937892.2076,7.83,6.41,181.704
000002,万科A,全国地产,深圳,19910129,000002.SZ,20240717,6.92,7.25,6.9,7.12,6.92,0.2,2.8902,2200784.78,1572785.965,2.2649,3.7218,1.36,6.9842,8.2035,0.3389,0.1824,0.1851,9.4789,9.4789,1193070.9471,971693.5865,591319.0256,8494665.1434,6918458.3359,7.61,6.23,181.704
000002,万科A,全国地产,深圳,19910129,000002.SZ,20240716,6.85,7.02,6.78,6.92,6.83,0.09,1.3177,1352605.37,937244.354,1.392,2.2874,0.83,6.788,7.9731,0.3294,0.1773,0.1799,9.7529,9.7529,1193070.9471,971693.5865,591319.0256,8256050.9539,6724119.6186,7.51,6.15,181.704
000002,万科A,全国地产,深圳,19910129,000002.SZ,20240715,6.85,6.93,6.77,6.83,6.95,-0.12,-1.7266,1167585.16,798121.623,1.2016,1.9745,0.69,6.6997,7.8694,0.3251,0.175,0.1776,9.8814,9.8814,1193070.9471,971693.5865,591319.0256,8148674.5687,6636667.1958,7.65,6.26,181.704
000002,万科A,全国地产,深圳,19910129,000002.SZ,20240712,6.88,7.15,6.85,6.95,6.81,0.14,2.0558,2275360.16,1593418.741,2.3416,3.8479,1.53,6.8174,8.0076,0.3308,0.178,0.1807,9.7108,9.7108,1193070.9471,971693.5865,591319.0256,8291843.0823,6753270.4262,7.49,6.13,181.704
000002,万科A,全国地产,深圳,19910129,000002.SZ,20240711,6.73,6.87,6.64,6.81,6.65,0.16,2.406,1497954.08,1014005.532,1.5416,2.5332,1.01,6.6801,7.8463,0.3242,0.1744,0.1771,9.9104,9.9104,1193070.9471,971693.5865,591319.0256,8124813.1498,6617233.3241,7.32,5.99,181.704
000002,万科A,全国地产,深圳,19910129,000002.SZ,20240710,6.45,6.73,6.32,6.65,6.71,-0.06,-0.8942,1825179.77,1200577.857,1.8783,3.0866,1.27,6.5232,7.662,0.3166,0.1704,0.1729,10.1488,10.1488,1193070.9471,971693.5865,591319.0256,7933921.7982,6461762.3502,7.38,6.04,181.704
000002,万科A,全国地产,深圳,19910129,000002.SZ,20240709,6.66,6.77,6.56,6.71,6.67,0.04,0.5997,1385601.0,925420.799,1.426,2.3432,0.91,6.582,7.7311,0.3194,0.1719,0.1745,10.0581,10.0581,1193070.9471,971693.5865,591319.0256,8005506.055,6520063.9654,7.34,6.0,181.704
000002,万科A,全国地产,深圳,19910129,000002.SZ,20240708,6.84,6.84,6.62,6.67,6.88,-0.21,-3.0523,1535081.21,1027482.494,1.5798,2.596,0.88,6.5428,7.685,0.3175,0.1709,0.1734,10.1184,10.1184,1193070.9471,971693.5865,591319.0256,7957783.2172,6481196.222,7.57,6.19,181.704
000002,万科A,全国地产,深圳,19910129,000002.SZ,20240705,6.94,7.01,6.83,6.88,6.94,-0.06,-0.8646,1170783.28,807585.336,1.2049,1.98,0.64,6.7488,7.927,0.3275,0.1762,0.1789,9.8096,9.8096,1193070.9471,971693.5865,591319.0256,8208328.116,6685251.8751,7.63,6.25,181.704
000002,万科A,全国地产,深圳,19910129,000002.SZ,20240704,7.12,7.14,6.94,6.94,7.16,-0.22,-3.0726,1469395.2,1029323.642,1.5122,2.4849,0.8,6.8076,7.9961,0.3304,0.1778,0.1804,9.7248,9.7248,1193070.9471,971693.5865,591319.0256,8279912.3729,6743553.4903,7.88,6.44,181.704
000002,万科A,全国地产,深圳,19910129,000002.SZ,20240703,7.13,7.27,7.03,7.16,7.13,0.03,0.4208,1623861.91,1166481.741,1.6712,2.7462,0.91,7.0234,8.2496,0.3408,0.1834,0.1862,9.426,9.426,1193070.9471,971693.5865,591319.0256,8542387.9812,6957326.0793,7.84,6.42,181.704
000002,万科A,全国地产,深圳,19910129,000002.SZ,20240702,7.24,7.35,7.1,7.13,7.29,-0.16,-2.1948,1830024.73,1323852.213,1.8833,3.0948,1.01,6.994,8.215,0.3394,0.1826,0.1854,9.4656,9.4656,1193070.9471,971693.5865,591319.0256,8506595.8528,6928175.2717,8.02,6.56,181.704
000002,万科A,全国地产,深圳,19910129,000002.SZ,20240701,6.9,7.33,6.9,7.29,6.93,0.36,5.1948,2655329.29,1911600.363,2.7327,4.4905,1.66,7.151,8.3994,0.347,0.1867,0.1895,9.2579,9.2579,1193070.9471,971693.5865,591319.0256,8697487.2044,7083646.2456,7.62,6.24,181.704
000002,万科A,全国地产,深圳,19910129,000002.SZ,20240628,6.95,7.13,6.91,6.93,7.0,-0.07,-1.0,1585789.16,1110428.252,1.632,2.6818,1.01,6.7978,7.9846,0.3299,0.1775,0.1802,9.7388,9.7388,1193070.9471,971693.5865,591319.0256,8267981.6634,6733836.5544,7.7,6.3,181.704
000002,万科A,全国地产,深圳,19910129,000002.SZ,20240627,7.19,7.3,7.0,7.0,7.19,-0.19,-2.6426,1511663.07,1074603.089,1.5557,2.5564,0.93,6.8665,8.0653,0.3332,0.1793,0.182,9.6414,9.6414,1193070.9471,971693.5865,591319.0256,8351496.6297,6801855.1055,7.91,6.47,181.704
000002,万科A,全国地产,深圳,19910129,000002.SZ,20240626,7.05,7.21,7.0,7.19,7.11,0.08,1.1252,1341792.1,953998.578,1.3809,2.2692,0.81,7.0529,8.2842,0.3423,0.1842,0.1869,9.3866,9.3866,1193070.9471,971693.5865,591319.0256,8578180.1096,6986476.8869,7.82,6.4,181.704
000002,万科A,全国地产,深圳,19910129,000002.SZ,20240625,6.99,7.27,6.96,7.11,6.99,0.12,1.7167,2005848.3,1427598.178,2.0643,3.3922,1.25,6.9744,8.192,0.3385,0.1821,0.1849,9.4922,9.4922,1193070.9471,971693.5865,591319.0256,8482734.4339,6908741.4,7.69,6.29,181.7038
000002,万科A,全国地产,深圳,19910129,000002.SZ,20240624,7.13,7.14,6.96,6.99,7.19,-0.2,-2.7816,1534809.47,1077498.401,1.5795,2.5956,0.89,6.8567,8.0537,0.3327,0.1791,0.1817,9.6552,9.6552,1193070.9471,971693.5865,591319.0256,8339565.9202,6792138.1696,7.91,6.47,181.704
000002,万科A,全国地产,深圳,19910129,000002.SZ,20240621,7.23,7.34,7.16,7.19,7.21,-0.02,-0.2774,1460896.29,1056481.862,1.5035,2.4706,0.73,7.0529,8.2842,0.3423,0.1842,0.1869,9.3866,9.3866,1193070.9471,971693.5865,591319.0256,8578180.1096,6986476.8869,7.93,6.49,181.704
000002,万科A,全国地产,深圳,19910129,000002.SZ,20240620,7.46,7.46,7.2,7.21,7.47,-0.26,-3.4806,1820993.94,1326647.11,1.874,3.0795,0.87,7.0725,8.3072,0.3432,0.1847,0.1875,9.3606,9.3606,1193070.9471,971693.5865,591319.0256,8602041.5286,7005910.7587,8.22,6.72,181.704
000002,万科A,全国地产,深圳,19910129,000002.SZ,20240619,7.53,7.58,7.43,7.47,7.53,-0.06,-0.7968,1460033.39,1093589.201,1.5026,2.4691,0.67,7.3275,8.6068,0.3556,0.1914,0.1942,9.0348,9.0348,1193070.9471,971693.5865,591319.0256,8912239.9748,7258551.0912,8.28,6.78,181.704
000002,万科A,全国地产,深圳,19910129,000002.SZ,20240618,7.65,7.72,7.5,7.53,7.65,-0.12,-1.5686,1769635.85,1343100.883,1.8212,2.9927,0.8,7.3864,8.6759,0.3584,0.1929,0.1958,8.9628,8.9628,1193070.9471,971693.5865,591319.0256,8983824.2317,7316852.7063,8.42,6.89,181.704
000002,万科A,全国地产,深圳,19910129,000002.SZ,20240617,7.82,7.89,7.62,7.65,7.94,-0.29,-3.6524,2144248.7,1653410.8,2.2067,3.6262,0.96,7.5041,8.8142,0.3642,0.196,0.1989,8.8222,8.8222,1193070.9471,971693.5865,591319.0256,9126992.7453,7433455.9367,8.73,7.15,181.704
000002,万科A,全国地产,深圳,19910129,000002.SZ,20240614,7.67,8.12,7.65,7.94,7.71,0.23,2.9831,2762137.27,2181804.087,2.8426,4.6711,1.33,7.7886,9.1483,0.378,0.2034,0.2064,8.5,8.5,1193070.9471,971693.5865,591319.0256,9472983.32,7715247.0768,8.48,6.94,181.704
000002,万科A,全国地产,深圳,19910129,000002.SZ,20240613,7.95,7.97,7.68,7.71,7.89,-0.18,-2.2814,2272705.34,1761957.337,2.3389,3.8435,1.13,7.5629,8.8833,0.367,0.1975,0.2005,8.7535,8.7535,1193070.9471,971693.5865,591319.0256,9198577.0021,7491757.5519,8.68,7.1,181.704
000002,万科A,全国地产,深圳,19910129,000002.SZ,20240612,7.96,8.05,7.85,7.89,8.01,-0.12,-1.4981,1900565.14,1505150.837,1.9559,3.2141,0.82,7.7395,9.0907,0.3756,0.2021,0.2051,8.5538,8.5538,1193070.9471,971693.5865,591319.0256,9413329.7726,7666662.3975,8.81,7.21,181.704
000002,万科A,全国地产,深圳,19910129,000002.SZ,20240611,8.08,8.24,7.91,8.01,8.17,-0.16,-1.9584,1938257.89,1562638.469,1.9947,3.2779,0.82,7.8572,9.229,0.3813,0.2052,0.2083,8.4257,8.4257,1193070.9471,971693.5865,591319.0256,9556498.2863,7783265.6279,8.99,7.35,181.704
000002,万科A,全国地产,深圳,19910129,000002.SZ,20240607,8.02,8.27,8.0,8.17,8.02,0.15,1.8703,2326427.87,1896726.563,2.3942,3.9343,0.97,8.0142,9.4133,0.3889,0.2093,0.2124,8.2607,8.2607,1193070.9471,971693.5865,591319.0256,9747389.6378,7938736.6017,8.82,7.22,181.704
000002,万科A,全国地产,深圳,19910129,000002.SZ,20240606,8.2,8.3,7.93,8.02,8.11,-0.09,-1.1097,1980537.02,1597579.863,2.0382,3.3494,0.75,7.867,9.2405,0.3818,0.2054,0.2085,8.4152,8.4152,1193070.9471,971693.5865,591319.0256,9568428.9957,7792982.5637,8.92,7.3,181.704
000002,万科A,全国地产,深圳,19910129,000002.SZ,20240605,8.29,8.32,8.11,8.11,8.36,-0.25,-2.9904,1891027.25,1544906.105,1.9461,3.198,0.67,7.9553,9.3442,0.3861,0.2078,0.2109,8.3218,8.3218,1193070.9471,971693.5865,591319.0256,9675805.381,7880434.9865,9.2,7.52,181.704
000002,万科A,全国地产,深圳,19910129,000002.SZ,20240604,8.08,8.47,7.97,8.36,8.09,0.27,3.3375,3468693.95,2870820.826,3.5697,5.866,1.19,8.2006,9.6322,0.398,0.2142,0.2174,8.0729,8.0729,1193070.9471,971693.5865,591319.0256,9974073.1178,8123358.3831,8.9,7.28,181.704
000002,万科A,全国地产,深圳,19910129,000002.SZ,20240603,8.18,8.26,8.01,8.09,8.25,-0.16,-1.9394,2166522.01,1752503.894,2.2296,3.6639,0.68,7.9357,9.3211,0.3851,0.2072,0.2103,8.3424,8.3424,1193070.9471,971693.5865,591319.0256,9651943.962,7861001.1148,9.08,7.43,181.704
000002,万科A,全国地产,深圳,19910129,000002.SZ,20240531,8.35,8.44,8.15,8.25,8.27,-0.02,-0.2418,2455016.53,2035350.171,2.5265,4.1518,0.67,8.0927,9.5055,0.3927,0.2113,0.2145,8.1806,8.1806,1193070.9471,971693.5865,591319.0256,9842835.3136,8016472.0886,9.1,7.44,181.704
000002,万科A,全国地产,深圳,19910129,000002.SZ,20240530,8.49,8.56,8.18,8.27,8.58,-0.31,-3.6131,3216483.41,2670654.188,3.3102,5.4395,0.76,8.1123,9.5285,0.3937,0.2119,0.215,8.1608,8.1608,1193070.9471,971693.5865,591319.0256,9866696.7325,8035905.9604,9.44,7.72,181.704
000002,万科A,全国地产,深圳,19910129,000002.SZ,20240529,8.53,8.84,8.5,8.58,8.52,0.06,0.7042,2909450.5,2518232.0,2.9942,4.9203,0.57,8.4164,9.8857,0.4084,0.2198,0.2231,7.8659,7.8659,1193070.9471,971693.5865,591319.0256,10236548.7261,8337130.9722,9.37,7.67,181.704
000002,万科A,全国地产,深圳,19910129,000002.SZ,20240528,8.96,8.99,8.48,8.52,8.87,-0.35,-3.9459,3859230.48,3349119.894,3.9717,6.5265,0.74,8.3575,9.8166,0.4056,0.2183,0.2215,7.9213,7.9213,1193070.9471,971693.5865,591319.0256,10164964.4693,8278829.357,9.76,7.98,181.704
000002,万科A,全国地产,深圳,19910129,000002.SZ,20240527,8.82,8.89,8.68,8.87,8.99,-0.12,-1.3348,3411716.13,2997852.875,3.5111,5.7697,0.54,8.7008,10.2198,0.4222,0.2272,0.2306,7.6088,7.6088,1193070.9471,971693.5865,591319.0256,10582539.3008,8618922.1123,9.89,8.09,181.704
000002,万科A,全国地产,深圳,19910129,000002.SZ,20240524,9.29,9.36,8.94,8.99,9.56,-0.57,-5.9623,4808105.64,4382155.739,4.9482,8.1312,0.67,8.8185,10.3581,0.4279,0.2303,0.2337,7.5072,7.5072,1193070.9471,971693.5865,591319.0256,10725707.8144,8735525.3426,10.52,8.6,181.704
000002,万科A,全国地产,深圳,19910129,000002.SZ,20240523,9.23,9.56,9.1,9.56,9.4,0.16,1.7021,6062271.45,5631550.905,6.2389,10.2521,0.83,9.3777,11.0148,0.4551,0.2449,0.2486,7.0596,7.0596,1193070.9471,971693.5865,591319.0256,11405758.2543,9289390.6869,10.34,8.46,181.704
000002,万科A,全国地产,深圳,19910129,000002.SZ,20240522,9.24,9.92,9.11,9.4,9.19,0.21,2.2851,7193790.05,6822008.314,7.4034,12.1657,1.05,9.2207,10.8305,0.4475,0.2408,0.2444,7.1798,7.1798,1193070.9471,971693.5865,591319.0256,11214866.9027,9133919.7131,10.11,8.27,181.704
000002,万科A,全国地产,深圳,19910129,000002.SZ,20240521,9.0,9.33,8.93,9.19,9.18,0.01,0.1089,4708288.34,4309702.274,4.8454,7.9623,0.74,9.0147,10.5885,0.4375,0.2354,0.2389,7.3438,7.3438,1193070.9471,971693.5865,591319.0256,10964322.0038,8929864.0599,10.1,8.26,181.704
000002,万科A,全国地产,深圳,19910129,000002.SZ,20240520,9.0,9.45,8.8,9.18,9.0,0.18,2.0,8809696.18,7992341.863,9.0663,14.8984,1.74,9.0049,10.577,0.437,0.2352,0.2387,7.3518,7.3518,1193070.9471,971693.5865,591319.0256,10952391.2944,8920147.1241,9.9,8.1,181.704
000002,万科A,全国地产,深圳,19910129,000002.SZ,20240517,8.33,9.0,8.0,9.0,8.18,0.82,10.0244,9247184.12,7817273.219,9.5166,15.6382,2.25,8.8283,10.3696,0.4284,0.2306,0.234,7.4989,7.4989,1193070.9471,971693.5865,591319.0256,10737638.5239,8745242.2785,9.0,7.36,181.704
000002,万科A,全国地产,深圳,19910129,000002.SZ,20240516,7.7,8.34,7.69,8.18,7.73,0.45,5.8215,6635870.18,5380018.501,6.8292,11.2221,1.93,8.024,9.4248,0.3894,0.2095,0.2127,8.2506,8.2506,1193070.9471,971693.5865,591319.0256,9759320.3473,7948453.5376,8.5,6.96,181.704
000002,万科A,全国地产,深圳,19910129,000002.SZ,20240515,7.41,7.98,7.39,7.73,7.46,0.27,3.6193,4910563.23,3781687.536,5.0536,8.3044,1.63,7.5826,8.9063,0.368,0.198,0.201,8.7309,8.7309,1193070.9471,971693.5865,591319.0256,9222438.4211,7511191.4236,8.21,6.71,181.704
000002,万科A,全国地产,深圳,19910129,000002.SZ,20240514,7.42,7.56,7.38,7.46,7.42,0.04,0.5391,2287682.82,1708969.778,2.3543,3.8688,0.68,7.3177,8.5953,0.3551,0.1911,0.194,9.0469,9.0469,1193070.9471,971693.5865,591319.0256,8900309.2654,7248834.1553,8.16,6.68,181.704
000002,万科A,全国地产,深圳,19910129,000002.SZ,20240513,7.43,7.49,7.33,7.42,7.56,-0.14,-1.8519,2291684.61,1697406.083,2.3584,3.8755,0.58,7.2785,8.5492,0.3532,0.1901,0.1929,9.0957,9.0957,1193070.9471,971693.5865,591319.0256,8852586.4275,7209966.4118,8.32,6.8,181.704
000002,万科A,全国地产,深圳,19910129,000002.SZ,20240510,7.4,7.65,7.32,7.56,7.3,0.26,3.5616,4441031.39,3327665.201,4.5704,7.5104,1.02,7.4158,8.7105,0.3599,0.1937,0.1966,8.9272,8.9272,1193070.9471,971693.5865,591319.0256,9019616.3601,7346003.5139,8.03,6.57,181.704
000002,万科A,全国地产,深圳,19910129,000002.SZ,20240509,7.24,7.51,7.18,7.3,7.2,0.1,1.3889,3258851.2,2387599.396,3.3538,5.5112,0.69,7.1608,8.4109,0.3475,0.187,0.1898,9.2452,9.2452,1193070.9471,971693.5865,591319.0256,8709417.9138,7093363.1815,7.92,6.48,181.704
000002,万科A,全国地产,深圳,19910129,000002.SZ,20240508,7.45,7.49,7.19,7.2,7.52,-0.32,-4.2553,2758773.45,2011058.429,2.8391,4.6655,0.56,7.0627,8.2957,0.3427,0.1844,0.1872,9.3736,9.3736,1193070.9471,971693.5865,591319.0256,8590110.8191,6996193.8228,8.27,6.77,181.704
000002,万科A,全国地产,深圳,19910129,000002.SZ,20240507,7.36,7.68,7.32,7.52,7.46,0.06,0.8043,4190289.12,3134400.133,4.3124,7.0863,0.93,7.3766,8.6644,0.358,0.1926,0.1955,8.9747,8.9747,1193070.9471,971693.5865,591319.0256,8971893.5222,7307135.7705,8.21,6.71,181.704
000002,万科A,全国地产,深圳,19910129,000002.SZ,20240506,7.63,7.88,7.44,7.46,7.41,0.05,0.6748,5244937.88,3996921.703,5.3977,8.8699,1.39,7.3177,8.5953,0.3551,0.1911,0.194,9.0469,9.0469,1193070.9471,971693.5865,591319.0256,8900309.2654,7248834.1553,8.15,6.67,181.704
000002,万科A,全国地产,深圳,19910129,000002.SZ,20240430,7.7,7.79,7.35,7.41,7.56,-0.15,-1.9841,6307974.85,4741698.153,6.4917,10.6676,2.21,7.2687,8.5376,0.3527,0.1898,0.1927,9.1079,9.1079,1193070.9471,971693.5865,591319.0256,8840655.718,7200249.476,8.32,6.8,181.704
000002,万科A,全国地产,深圳,19910129,000002.SZ,20240429,6.77,7.56,6.76,7.56,6.87,0.69,10.0437,4944659.59,3593552.303,5.0887,8.3621,2.21,7.4158,7.4158,0.3597,0.1937,0.1937,8.9272,8.9272,1193070.9471,971693.5865,591319.0256,9019616.3601,7346003.5139,7.56,6.18,181.704
000002,万科A,全国地产,深圳,19910129,000002.SZ,20240426,6.56,6.88,6.45,6.87,6.55,0.32,4.8855,4055360.7,2720043.894,4.1735,6.8582,2.16,6.739,6.739,0.3268,0.176,0.176,9.8238,9.8238,1193070.9471,971693.5865,591319.0256,8196397.4066,6675534.9393,7.21,5.9,181.704
000002,万科A,全国地产,深圳,19910129,000002.SZ,20240425,6.5,6.68,6.48,6.55,6.54,0.01,0.1529,1921764.43,1263789.98,1.9777,3.25,0.91,6.4251,6.4251,0.3116,0.1678,0.1678,10.3038,10.3038,1193070.9471,971693.5865,591319.0256,7814614.7035,6364592.9916,7.19,5.89,181.704
000002,万科A,全国地产,深圳,19910129,000002.SZ,20240424,6.59,6.61,6.48,6.54,6.57,-0.03,-0.4566,1570540.69,1025027.313,1.6163,2.656,0.69,6.4153,6.4153,0.3111,0.1675,0.1675,10.3195,10.3195,1193070.9471,971693.5865,591319.0256,7802683.994,6354876.0557,7.23,5.91,181.704
000002,万科A,全国地产,深圳,19910129,000002.SZ,20240423,6.7,6.72,6.54,6.57,6.69,-0.12,-1.7937,1794209.81,1186653.929,1.8465,3.0343,0.76,6.4447,6.4447,0.3126,0.1683,0.1683,10.2724,10.2724,1193070.9471,971693.5865,591319.0256,7838476.1224,6384026.8633,7.36,6.02,181.704
000002,万科A,全国地产,深圳,19910129,000002.SZ,20240422,6.67,6.85,6.63,6.69,6.7,-0.01,-0.1493,1838418.93,1236158.774,1.892,3.109,0.79,6.5624,6.5624,0.3183,0.1714,0.1714,10.0882,10.0882,1193070.9471,971693.5865,591319.0256,7981644.6361,6500630.0937,7.37,6.03,181.704
000002,万科A,全国地产,深圳,19910129,000002.SZ,20240419,6.78,6.85,6.67,6.7,6.88,-0.18,-2.6163,2253928.78,1519273.127,2.3196,3.8117,0.96,6.5722,6.5722,0.3187,0.1716,0.1716,10.0731,10.0731,1193070.9471,971693.5865,591319.0256,7993575.3456,6510347.0296,7.57,6.19,181.704
000002,万科A,全国地产,深圳,19910129,000002.SZ,20240418,7.02,7.05,6.87,6.88,7.1,-0.22,-3.0986,3068855.07,2131652.933,3.1583,5.1898,1.46,6.7488,6.7488,0.3273,0.1762,0.1762,9.8096,9.8096,1193070.9471,971693.5865,591319.0256,8208328.116,6685251.8751,7.81,6.39,181.704
000002,万科A,全国地产,深圳,19910129,000002.SZ,20240417,7.05,7.21,7.02,7.1,7.07,0.03,0.4243,2431274.05,1726349.211,2.5021,4.1116,1.16,6.9646,6.9646,0.3378,0.1819,0.1819,9.5056,9.5056,1193070.9471,971693.5865,591319.0256,8470803.7244,6899024.4642,7.78,6.36,181.704
000002,万科A,全国地产,深圳,19910129,000002.SZ,20240416,7.09,7.25,6.91,7.07,7.14,-0.07,-0.9804,2156642.13,1523100.46,2.2195,3.6472,1.14,6.9352,6.9352,0.3363,0.1811,0.1811,9.5459,9.5459,1193070.9471,971693.5865,591319.0256,8435011.596,6869873.6566,7.85,6.43,181.704
000002,万科A,全国地产,深圳,19910129,000002.SZ,20240415,7.02,7.3,7.0,7.14,7.1,0.04,0.5634,1789182.81,1284794.023,1.8413,3.0257,0.97,7.0038,7.0038,0.3397,0.1829,0.1829,9.4524,9.4524,1193070.9471,971693.5865,591319.0256,8518526.5623,6937892.2076,7.81,6.39,181.704
000002,万科A,全国地产,深圳,19910129,000002.SZ,20240412,7.36,7.43,7.09,7.1,7.44,-0.34,-4.5699,2352432.94,1693174.054,2.421,3.9783,1.34,6.9646,6.9646,0.3378,0.1819,0.1819,9.5056,9.5056,1193070.9471,971693.5865,591319.0256,8470803.7244,6899024.4642,8.18,6.7,181.704
000002,万科A,全国地产,深圳,19910129,000002.SZ,20240411,7.42,7.51,7.31,7.44,7.58,-0.14,-1.847,1750991.64,1298404.122,1.802,2.9612,0.88,7.2981,7.2981,0.3539,0.1906,0.1906,9.0712,9.0712,1193070.9471,971693.5865,591319.0256,8876447.8464,7229400.2836,8.34,6.82,181.704
000002,万科A,全国地产,深圳,19910129,000002.SZ,20240410,7.98,7.98,7.48,7.58,7.99,-0.41,-5.1314,2471998.85,1898094.787,2.544,4.1805,1.38,7.4354,7.4354,0.3606,0.1942,0.1942,8.9037,8.9037,1193070.9471,971693.5865,591319.0256,9043477.779,7365437.3857,8.79,7.19,181.704
000002,万科A,全国地产,深圳,19910129,000002.SZ,20240409,8.0,8.06,7.92,7.99,8.0,-0.01,-0.125,1091805.7,870698.25,1.1236,1.8464,0.59,7.8376,7.8376,0.3801,0.2047,0.2047,8.4468,8.4468,1193070.9471,971693.5865,591319.0256,9532636.8673,7763831.7561,8.8,7.2,181.704
000002,万科A,全国地产,深圳,19910129,000002.SZ,20240408,8.05,8.1,7.98,8.0,8.19,-0.19,-2.3199,1520376.31,1221323.511,1.5647,2.5712,0.9,7.8474,7.8474,0.3806,0.2049,0.2049,8.4362,8.4362,1193070.9471,971693.5865,591319.0256,9544567.5768,7773548.692,9.01,7.37,181.704
000002,万科A,全国地产,深圳,19910129,000002.SZ,20240403,8.4,8.43,8.19,8.19,8.5,-0.31,-3.6471,1959391.09,1622199.629,2.0165,3.3136,1.32,8.0338,8.0338,0.3896,0.2098,0.2098,8.2405,8.2405,1193070.9471,971693.5865,591319.0256,9771251.0567,7958170.4734,9.35,7.65,181.704
000002,万科A,全国地产,深圳,19910129,000002.SZ,20240402,8.9,8.91,8.45,8.5,8.98,-0.48,-5.3452,2930946.04,2516001.934,3.0163,4.9566,2.58,8.3379,8.3379,0.4044,0.2177,0.2177,7.94,7.94,1193070.9471,971693.5865,591319.0256,10141103.0504,8259395.4853,9.88,8.08,181.704
000002,万科A,全国地产,深圳,19910129,000002.SZ,20240401,8.94,9.12,8.92,8.98,9.0,-0.02,-0.2222,1438313.61,1291680.174,1.4802,2.4324,1.32,8.8087,8.8087,0.4272,0.23,0.23,7.5156,7.5156,1193070.9471,971693.5865,591319.0256,10713777.105,8725808.4068,9.9,8.1,181.704
000002,万科A,全国地产,深圳,19910129,000002.SZ,20240329,8.96,9.1,8.89,9.0,9.24,-0.24,-2.5974,1481694.76,1329611.279,1.5249,2.5057,1.48,8.8283,8.8283,0.4282,0.2306,0.2306,7.4989,7.4989,1193070.9471,971693.5865,591319.0256,10737638.5239,8745242.2785,10.16,8.32,181.704
000002,万科A,全国地产,深圳,19910129,000002.SZ,20240328,9.18,9.32,9.17,9.24,9.21,0.03,0.3257,671161.32,621065.546,0.6907,1.0367,0.61,4.874,5.745,0.4359,0.2188,0.2415,7.3041,7.3041,1193070.9471,971666.7215,647385.6424,11023975.5512,8978200.5067,10.13,8.29,181.704
000002,万科A,全国地产,深圳,19910129,000002.SZ,20240327,9.42,9.43,9.2,9.21,9.46,-0.25,-2.6427,915095.35,850076.209,0.9418,1.4135,0.86,4.8582,5.7263,0.4345,0.2181,0.2407,7.3279,7.3279,1193070.9471,971666.7215,647385.6424,10988183.4228,8949050.505,10.41,8.51,181.704
000002,万科A,全国地产,深圳,19910129,000002.SZ,20240326,9.33,9.52,9.3,9.46,9.34,0.12,1.2848,1177543.96,1108893.914,1.2119,1.8189,1.16,4.9901,5.8818,0.4463,0.224,0.2473,7.1342,7.1342,1193070.9471,971666.7215,647385.6424,11286451.1596,9191967.1854,10.27,8.41,181.704
000002,万科A,全国地产,深圳,19910129,000002.SZ,20240325,9.28,9.49,9.18,9.34,9.26,0.08,0.8639,1209347.52,1129292.104,1.2446,1.868,1.2,4.9268,5.8072,0.4406,0.2212,0.2441,7.2259,7.2259,1193070.9471,971666.7215,647385.6424,11143282.6459,9075367.1788,10.19,8.33,181.704
000002,万科A,全国地产,深圳,19910129,000002.SZ,20240322,9.36,9.37,9.17,9.26,9.4,-0.14,-1.4894,1031186.06,953270.747,1.0613,1.5928,0.95,4.8846,5.7574,0.4368,0.2193,0.242,7.2883,7.2883,1193070.9471,971666.7215,647385.6424,11047836.9701,8997633.8411,10.34,8.46,181.704
000002,万科A,全国地产,深圳,19910129,000002.SZ,20240321,9.36,9.52,9.34,9.4,9.36,0.04,0.4274,1157672.13,1092718.088,1.1914,1.7882,1.02,4.9584,5.8445,0.4434,0.2226,0.2457,7.1798,7.1798,1193070.9471,971666.7215,647385.6424,11214866.9027,9133667.1821,10.3,8.42,181.704
000002,万科A,全国地产,深圳,19910129,000002.SZ,20240320,9.3,9.38,9.26,9.36,9.33,0.03,0.3215,732955.06,683305.445,0.7543,1.1322,0.53,4.9373,5.8196,0.4415,0.2216,0.2446,7.2105,7.2105,1193070.9471,971666.7215,647385.6424,11167144.0649,9094800.5132,10.26,8.4,181.704
000002,万科A,全国地产,深圳,19910129,000002.SZ,20240319,9.39,9.43,9.32,9.33,9.44,-0.11,-1.1653,962478.35,901173.498,0.9905,1.4867,0.52,4.9215,5.801,0.4401,0.2209,0.2439,7.2336,7.2336,1193070.9471,971666.7215,647385.6424,11131351.9364,9065650.5116,10.38,8.5,181.704
000002,万科A,全国地产,深圳,19910129,000002.SZ,20240318,9.46,9.46,9.32,9.44,9.47,-0.03,-0.3168,1138585.37,1068187.933,1.1718,1.7587,0.59,4.9795,5.8693,0.4453,0.2235,0.2467,7.1493,7.1493,1193070.9471,971666.7215,647385.6424,11262589.7406,9172533.851,10.42,8.52,181.704
000002,万科A,全国地产,深圳,19910129,000002.SZ,20240315,9.62,9.71,9.4,9.47,9.71,-0.24,-2.4717,1446176.8,1371561.857,1.4883,2.2339,0.79,4.9954,5.888,0.4467,0.2242,0.2475,7.1267,7.1267,1193070.9471,971666.7215,647385.6424,11298381.869,9201683.8526,10.68,8.74,181.704
000002,万科A,全国地产,深圳,19910129,000002.SZ,20240314,9.64,9.86,9.6,9.71,9.69,0.02,0.2064,1381990.38,1343777.192,1.4223,2.1347,0.78,5.122,6.0372,0.4581,0.2299,0.2538,6.9505,6.9505,1193070.9471,971666.7215,647385.6424,11584718.8963,9434883.8658,10.66,8.72,181.704
000002,万科A,全国地产,深圳,19910129,000002.SZ,20240313,9.83,9.87,9.66,9.69,10.0,-0.31,-3.1,1935996.84,1886154.85,1.9924,2.9905,1.21,5.1114,6.0248,0.4571,0.2295,0.2533,6.9649,6.9649,1193070.9471,971666.7215,647385.6424,11560857.4774,9415450.5313,11.0,9.0,181.704
000002,万科A,全国地产,深圳,19910129,000002.SZ,20240312,9.4,10.2,9.36,10.0,9.46,0.54,5.7082,3324020.87,3258862.393,3.4209,5.1345,2.66,5.2749,6.2175,0.4717,0.2368,0.2614,6.749,6.749,1193070.9471,971666.7215,647385.6424,11930709.471,9716667.215,10.41,8.51,181.704
000002,万科A,全国地产,深圳,19910129,000002.SZ,20240311,9.29,9.46,9.23,9.46,9.18,0.28,3.0501,1556540.21,1457930.557,1.6019,2.4043,1.16,4.9901,5.8818,0.4463,0.224,0.2473,7.1342,7.1342,1193070.9471,971666.7215,647385.6424,11286451.1596,9191967.1854,10.1,8.26,181.704
000002,万科A,全国地产,深圳,19910129,000002.SZ,20240308,9.21,9.24,9.09,9.18,9.21,-0.03,-0.3257,1007474.63,921569.643,1.0369,1.5562,0.74,4.8424,5.7077,0.4331,0.2174,0.2399,7.3518,7.3518,1193070.9471,971666.7215,647385.6424,10952391.2944,8919900.5034,10.13,8.29,181.704
000002,万科A,全国地产,深圳,19910129,000002.SZ,20240307,9.31,9.37,9.21,9.21,9.33,-0.12,-1.2862,1046596.41,971392.354,1.0771,1.6167,0.76,4.8582,5.7263,0.4345,0.2181,0.2407,7.3279,7.3279,1193070.9471,971666.7215,647385.6424,10988183.4228,8949050.505,10.26,8.4,181.704
000002,万科A,全国地产,深圳,19910129,000002.SZ,20240306,9.39,9.45,9.27,9.33,9.48,-0.15,-1.5823,1038601.59,971313.915,1.0689,1.6043,0.74,4.9215,5.801,0.4401,0.2209,0.2439,7.2336,7.2336,1193070.9471,971666.7215,647385.6424,11131351.9364,9065650.5116,10.43,8.53,181.704
000002,万科A,全国地产,深圳,19910129,000002.SZ,20240305,9.32,9.49,9.2,9.48,9.43,0.05,0.5302,1605444.46,1501309.272,1.6523,2.4799,1.28,5.0006,5.8942,0.4472,0.2245,0.2478,7.1192,7.1192,1193070.9471,971666.7215,647385.6424,11310312.5785,9211400.5198,10.37,8.49,181.704
000002,万科A,全国地产,深圳,19910129,000002.SZ,20240304,9.7,9.7,9.38,9.43,9.89,-0.46,-4.6512,2014191.0,1908537.709,2.0729,3.1113,1.87,4.9743,5.8631,0.4449,0.2233,0.2465,7.1569,7.1569,1193070.9471,971666.7215,647385.6424,11250659.0312,9162817.1837,10.88,8.9,181.704
000002,万科A,全国地产,深圳,19910129,000002.SZ,20240301,9.99,10.01,9.82,9.89,10.04,-0.15,-1.494,1092651.77,1082469.101,1.1245,1.6878,1.04,5.2169,6.1491,0.4666,0.2342,0.2585,6.824,6.824,1193070.9471,971666.7215,647385.6424,11799471.6668,9609783.8756,11.04,9.04,181.704
000002,万科A,全国地产,深圳,19910129,000002.SZ,20240229,9.85,10.04,9.84,10.04,9.93,0.11,1.1078,1113841.38,1104648.476,1.1463,1.7205,1.1,5.296,6.2424,0.4736,0.2377,0.2624,6.7221,6.7221,1193070.9471,971666.7215,647385.6424,11978432.3089,9755533.8839,10.92,8.94,181.704
000002,万科A,全国地产,深圳,19910129,000002.SZ,20240228,10.06,10.16,9.93,9.93,10.06,-0.13,-1.2922,1232697.38,1239814.018,1.2686,1.9041,1.09,5.238,6.174,0.4684,0.2351,0.2595,6.7966,6.7966,1193070.9471,971666.7215,647385.6424,11847194.5047,9648650.5445,11.07,9.05,181.704
000002,万科A,全国地产,深圳,19910129,000002.SZ,20240227,9.94,10.07,9.9,10.06,9.98,0.08,0.8016,838920.0,838638.645,0.8634,1.2959,0.73,5.3066,6.2548,0.4746,0.2382,0.2629,6.7087,6.7087,1193070.9471,971666.7215,647385.6424,12002293.7278,9774967.2183,10.98,8.98,181.704
000002,万科A,全国地产,深圳,19910129,000002.SZ,20240226,10.17,10.19,9.95,9.98,10.2,-0.22,-2.1569,1105922.9,1108552.739,1.1382,1.7083,0.93,5.2644,6.2051,0.4708,0.2363,0.2608,6.7625,6.7625,1193070.9471,971666.7215,647385.6424,11906848.0521,9697233.8806,11.22,9.18,181.704
000002,万科A,全国地产,深圳,19910129,000002.SZ,20240223,10.16,10.25,10.11,10.2,10.15,0.05,0.4926,945694.9,962524.829,0.9733,1.4608,0.74,5.3804,6.3419,0.4812,0.2415,0.2666,6.6166,6.6166,1193070.9471,971666.7215,647385.6424,12169323.6604,9911000.5593,11.17,9.14,181.704
000002,万科A,全国地产,深圳,19910129,000002.SZ,20240222,10.12,10.24,10.04,10.15,10.21,-0.06,-0.5877,923216.68,934646.83,0.9501,1.4261,0.7,5.354,6.3108,0.4788,0.2403,0.2653,6.6492,6.6492,1193070.9471,971666.7215,647385.6424,12109670.1131,9862417.2232,11.23,9.19,181.704
000002,万科A,全国地产,深圳,19910129,000002.SZ,20240221,9.78,10.49,9.69,10.21,9.9,0.31,3.1313,1834888.83,1865477.949,1.8884,2.8343,1.57,5.3857,6.3481,0.4816,0.2418,0.2669,6.6102,6.6102,1193070.9471,971666.7215,647385.6424,12181254.3699,9920717.2265,10.89,8.91,181.704
000002,万科A,全国地产,深圳,19910129,000002.SZ,20240220,9.9,10.02,9.78,9.9,9.84,0.06,0.6098,908515.87,897981.305,0.935,1.4034,0.76,5.2222,6.1554,0.467,0.2344,0.2588,6.8172,6.8172,1193070.9471,971666.7215,647385.6424,11811402.3763,9619500.5429,10.82,8.86,181.704
000002,万科A,全国地产,深圳,19910129,000002.SZ,20240219,10.09,10.1,9.67,9.84,10.06,-0.22,-2.1869,1356869.73,1329346.819,1.3964,2.0959,1.23,5.1905,6.118,0.4642,0.233,0.2572,6.8587,6.8587,1193070.9471,971666.7215,647385.6424,11739818.1195,9561200.5396,11.07,9.05,181.704
000002,万科A,全国地产,深圳,19910129,000002.SZ,20240208,9.66,10.08,9.61,10.06,9.52,0.54,5.6723,1346286.56,1328244.723,1.3855,2.0796,1.41,5.3066,6.2548,0.4746,0.2382,0.2629,6.7087,6.7087,1193070.9471,971666.7215,647385.6424,12002293.7278,9774967.2183,10.47,8.57,181.704
000002,万科A,全国地产,深圳,19910129,000002.SZ,20240207,9.51,9.63,9.42,9.52,9.51,0.01,0.1052,1155527.71,1098891.191,1.1892,1.7849,1.34,5.0217,5.9191,0.4491,0.2254,0.2488,7.0893,7.0893,1193070.9471,971666.7215,647385.6424,11358035.4164,9250267.1887,10.46,8.56,181.704
000002,万科A,全国地产,深圳,19910129,000002.SZ,20240206,9.15,9.56,9.08,9.51,9.18,0.33,3.5948,1080198.41,1009332.264,1.1117,1.6686,1.34,5.0165,5.9129,0.4486,0.2252,0.2486,7.0967,7.0967,1193070.9471,971666.7215,647385.6424,11346104.7069,9240550.5215,10.1,8.26,181.704
000002,万科A,全国地产,深圳,19910129,000002.SZ,20240205,9.38,9.44,9.03,9.18,9.49,-0.31,-3.2666,1005139.14,928648.159,1.0344,1.5526,1.21,4.8424,5.7077,0.4331,0.2174,0.2399,7.3518,7.3518,1193070.9471,971666.7215,647385.6424,10952391.2944,8919900.5034,10.44,8.54,181.704
000002,万科A,全国地产,深圳,19910129,000002.SZ,20240202,9.45,9.83,9.17,9.49,9.44,0.05,0.5297,912154.29,869058.342,0.9388,1.409,0.94,5.0059,5.9004,0.4477,0.2247,0.248,7.1117,7.1117,1193070.9471,971666.7215,647385.6424,11322243.288,9221117.187,10.38,8.5,181.704
000002,万科A,全国地产,深圳,19910129,000002.SZ,20240201,9.53,9.66,9.42,9.44,9.6,-0.16,-1.6667,627860.32,598048.552,0.6462,0.9698,0.55,4.9795,5.8693,0.4453,0.2235,0.2467,7.1493,7.1493,1193070.9471,971666.7215,647385.6424,11262589.7406,9172533.851,10.56,8.64,181.704
000002,万科A,全国地产,深圳,19910129,000002.SZ,20240131,9.77,9.85,9.56,9.6,9.79,-0.19,-1.9408,674788.6,652727.449,0.6945,1.0423,0.57,5.0639,5.9688,0.4529,0.2273,0.2509,7.0302,7.0302,1193070.9471,971666.7215,647385.6424,11453481.0922,9328000.5264,10.77,8.81,181.704
000002,万科A,全国地产,深圳,19910129,000002.SZ,20240130,10.0,10.05,9.79,9.79,10.06,-0.27,-2.6839,797927.08,790365.419,0.8212,1.2325,0.68,5.1642,6.087,0.4618,0.2318,0.2559,6.8938,6.8938,1193070.9471,971666.7215,647385.6424,11680164.5721,9512617.2035,11.07,9.05,181.704
000002,万科A,全国地产,深圳,19910129,000002.SZ,20240129,10.41,10.45,10.06,10.06,10.2,-0.14,-1.3725,1145297.28,1167014.934,1.1787,1.7691,1.01,5.3066,6.2548,0.4746,0.2382,0.2629,6.7087,6.7087,1193070.9471,971666.7215,647385.6424,12002293.7278,9774967.2183,11.22,9.18,181.704
000002,万科A,全国地产,深圳,19910129,000002.SZ,20240126,9.95,10.35,9.9,10.2,9.96,0.24,2.4096,1621424.07,1649473.06,1.6687,2.5046,1.73,5.3804,6.3419,0.4812,0.2415,0.2666,6.6166,6.6166,1193070.9471,971666.7215,647385.6424,12169323.6604,9911000.5593,10.96,8.96,181.704
000002,万科A,全国地产,深圳,19910129,000002.SZ,20240125,9.46,9.97,9.42,9.96,9.41,0.55,5.8448,1512856.3,1473854.621,1.557,2.3369,1.86,5.2538,6.1927,0.4699,0.2358,0.2603,6.7761,6.7761,1193070.9471,971666.7215,647385.6424,11882986.6331,9677800.5461,10.35,8.47,181.704
000002,万科A,全国地产,深圳,19910129,000002.SZ,20240124,9.23,9.44,9.1,9.41,9.18,0.23,2.5054,844241.62,784494.95,0.8689,1.3041,1.05,4.9637,5.8507,0.4439,0.2228,0.2459,7.1721,7.1721,1193070.9471,971666.7215,647385.6424,11226797.6122,9143383.8493,10.1,8.26,181.704
000002,万科A,全国地产,深圳,19910129,000002.SZ,20240123,9.0,9.21,8.93,9.18,9.05,0.13,1.4365,781749.35,711069.915,0.8045,1.2075,1.0,4.8424,5.7077,0.4331,0.2174,0.2399,7.3518,7.3518,1193070.9471,971666.7215,647385.6424,10952391.2944,8919900.5034,9.96,8.15,181.704
000002,万科A,全国地产,深圳,19910129,000002.SZ,20240122,9.27,9.3,9.0,9.05,9.41,-0.36,-3.8257,937344.55,859889.046,0.9647,1.4479,1.25,4.7738,5.6269,0.4269,0.2143,0.2365,7.4574,7.4574,1193070.9471,971666.7215,647385.6424,10797292.0713,8793583.8296,10.35,8.47,181.704
000002,万科A,全国地产,深圳,19910129,000002.SZ,20240119,9.31,9.45,9.27,9.41,9.4,0.01,0.1064,609296.56,572149.472,0.6271,0.9412,0.79,4.9637,5.8507,0.4439,0.2228,0.2459,7.1721,7.1721,1193070.9471,971666.7215,647385.6424,11226797.6122,9143383.8493,10.34,8.46,181.704
000002,万科A,全国地产,深圳,19910129,000002.SZ,20240118,9.29,9.41,9.13,9.4,9.34,0.06,0.6424,893506.61,828888.217,0.9196,1.3802,1.21,4.9584,5.8445,0.4434,0.2226,0.2457,7.1798,7.1798,1193070.9471,971666.7215,647385.6424,11214866.9027,9133667.1821,10.27,8.41,181.704
000002,万科A,全国地产,深圳,19910129,000002.SZ,20240117,9.57,9.57,9.31,9.34,9.61,-0.27,-2.8096,795633.65,748619.572,0.8188,1.229,1.14,4.9268,5.8072,0.4406,0.2212,0.2441,7.2259,7.2259,1193070.9471,971666.7215,647385.6424,11143282.6459,9075367.1788,10.57,8.65,181.704
000002,万科A,全国地产,深圳,19910129,000002.SZ,20240116,9.67,9.7,9.48,9.61,9.71,-0.1,-1.0299,659466.8,632545.915,0.6787,1.0187,0.98,5.0692,5.975,0.4533,0.2276,0.2512,7.0229,7.0229,1193070.9471,971666.7215,647385.6424,11465411.8016,9337717.1936,10.68,8.74,181.704
000002,万科A,全国地产,深圳,19910129,000002.SZ,20240115,9.62,9.78,9.44,9.71,9.7,0.01,0.1031,785605.51,756259.321,0.8085,1.2135,1.21,5.122,6.0372,0.4581,0.2299,0.2538,6.9505,6.9505,1193070.9471,971666.7215,647385.6424,11584718.8963,9434883.8658,10.67,8.73,181.704
000002,万科A,全国地产,深圳,19910129,000002.SZ,20240112,9.7,9.87,9.66,9.7,9.76,-0.06,-0.6148,718737.4,701754.67,0.7397,1.1102,1.1,5.1167,6.031,0.4576,0.2297,0.2535,6.9577,6.9577,1193070.9471,971666.7215,647385.6424,11572788.1869,9425167.1986,10.74,8.78,181.704
000002,万科A,全国地产,深圳,19910129,000002.SZ,20240111,9.73,9.81,9.62,9.76,9.74,0.02,0.2053,731623.45,710953.209,0.753,1.1301,1.08,5.1483,6.0683,0.4604,0.2311,0.2551,6.9149,6.9149,1193070.9471,971666.7215,647385.6424,11644372.4437,9483467.2018,10.71,8.77,181.704
000002,万科A,全国地产,深圳,19910129,000002.SZ,20240110,9.85,9.88,9.72,9.74,9.88,-0.14,-1.417,608315.39,595513.419,0.6261,0.9396,0.9,5.1378,6.0559,0.4595,0.2306,0.2546,6.9291,6.9291,1193070.9471,971666.7215,647385.6424,11620511.0248,9464033.8674,10.87,8.89,181.704
000002,万科A,全国地产,深圳,19910129,000002.SZ,20240109,9.83,9.98,9.73,9.88,9.82,0.06,0.611,530899.95,523365.686,0.5464,0.8201,0.72,5.2116,6.1429,0.4661,0.234,0.2582,6.831,6.831,1193070.9471,971666.7215,647385.6424,11787540.9573,9600067.2084,10.8,8.84,181.704
000002,万科A,全国地产,深圳,19910129,000002.SZ,20240108,10.03,10.11,9.81,9.82,9.99,-0.17,-1.7017,658006.94,652931.69,0.6772,1.0164,0.91,5.18,6.1056,0.4633,0.2325,0.2567,6.8727,6.8727,1193070.9471,971666.7215,647385.6424,11715956.7005,9541767.2051,10.99,8.99,181.704
000002,万科A,全国地产,深圳,19910129,000002.SZ,20240105,9.92,10.13,9.88,9.99,9.93,0.06,0.6042,739604.01,741466.026,0.7612,1.1424,1.01,5.2697,6.2113,0.4713,0.2366,0.2611,6.7557,6.7557,1193070.9471,971666.7215,647385.6424,11918778.7615,9706950.5478,10.92,8.94,181.704
000002,万科A,全国地产,深圳,19910129,000002.SZ,20240104,10.1,10.11,9.89,9.93,10.13,-0.2,-1.9743,851918.84,847124.418,0.8768,1.3159,1.34,5.238,6.174,0.4684,0.2351,0.2595,6.7966,6.7966,1193070.9471,971666.7215,647385.6424,11847194.5047,9648650.5445,11.14,9.12,181.704
000002,万科A,全国地产,深圳,19910129,000002.SZ,20240103,10.15,10.23,10.04,10.13,10.15,-0.02,-0.197,610921.07,618688.241,0.6287,0.9437,1.05,5.3435,6.2984,0.4779,0.2399,0.2648,6.6624,6.6624,1193070.9471,971666.7215,647385.6424,12085808.6941,9842983.8888,11.17,9.14,181.704
000002,万科A,全国地产,深圳,19910129,000002.SZ,20240102,10.44,10.48,10.15,10.15,10.46,-0.31,-2.9637,811106.29,830765.5,0.8348,1.2529,1.71,5.354,6.3108,0.4788,0.2403,0.2653,6.6492,6.6492,1193070.9471,971666.7215,647385.6424,12109670.1131,9862417.2232,11.51,9.41,181.704
000002,万科A,全国地产,深圳,19910129,000002.SZ,20231229,10.48,10.59,10.39,10.46,10.52,-0.06,-0.5703,614077.78,642736.575,0.632,0.9486,1.38,5.5176,6.5035,0.4934,0.2477,0.2734,9.262,6.4522,1193070.9471,971666.7215,647385.6424,12479522.1067,10163633.9069,11.57,9.47,181.704
000002,万科A,全国地产,深圳,19910129,000002.SZ,20231228,10.15,10.56,10.1,10.52,10.17,0.35,3.4415,789808.28,821641.064,0.8128,1.22,1.98,5.5492,6.5408,0.4963,0.2491,0.275,9.2091,6.4154,1193070.9471,971666.7215,647385.6424,12551106.3635,10221933.9102,11.19,9.15,181.704
000002,万科A,全国地产,深圳,19910129,000002.SZ,20231227,10.17,10.25,10.09,10.17,10.17,0.0,0.0,343637.64,348965.492,0.3537,0.5308,0.8,5.3646,6.3232,0.4798,0.2408,0.2658,9.5261,6.6362,1193070.9471,971666.7215,647385.6424,12133531.532,9881850.5577,11.19,9.15,181.704
000002,万科A,全国地产,深圳,19910129,000002.SZ,20231226,10.3,10.33,10.14,10.17,10.3,-0.13,-1.2621,351023.46,357361.333,0.3613,0.5422,0.74,5.3646,6.3232,0.4798,0.2408,0.2658,9.5261,6.6362,1193070.9471,971666.7215,647385.6424,12133531.532,9881850.5577,11.33,9.27,181.704
000002,万科A,全国地产,深圳,19910129,000002.SZ,20231225,10.34,10.38,10.28,10.3,10.38,-0.08,-0.7707,273204.74,281790.7,0.2812,0.422,0.51,5.4332,6.4041,0.4859,0.2439,0.2692,9.4058,6.5524,1193070.9471,971666.7215,647385.6424,12288630.7551,10008167.2315,11.42,9.34,181.704
000002,万科A,全国地产,深圳,19910129,000002.SZ,20231222,10.4,10.5,10.31,10.38,10.42,-0.04,-0.3839,470699.41,489190.06,0.4844,0.7271,0.76,5.4754,6.4538,0.4897,0.2458,0.2713,9.3334,6.5019,1193070.9471,971666.7215,647385.6424,12384076.4309,10085900.5692,11.46,9.38,181.704
000002,万科A,全国地产,深圳,19910129,000002.SZ,20231221,10.2,10.44,10.18,10.42,10.26,0.16,1.5595,552841.33,572843.005,0.569,0.854,0.87,5.4965,6.4787,0.4916,0.2467,0.2723,9.2975,6.477,1193070.9471,971666.7215,647385.6424,12431799.2688,10124767.238,11.29,9.23,181.704
000002,万科A,全国地产,深圳,19910129,000002.SZ,20231220,10.36,10.43,10.25,10.26,10.38,-0.12,-1.1561,493585.46,509750.753,0.508,0.7624,0.7,5.4121,6.3792,0.484,0.243,0.2682,9.4425,6.578,1193070.9471,971666.7215,647385.6424,12240907.9172,9969300.5626,11.42,9.34,181.704
000002,万科A,全国地产,深圳,19910129,000002.SZ,20231219,10.51,10.54,10.29,10.38,10.54,-0.16,-1.518,597439.79,620990.196,0.6149,0.9228,0.73,5.4754,6.4538,0.4897,0.2458,0.2713,9.3334,6.5019,1193070.9471,971666.7215,647385.6424,12384076.4309,10085900.5692,11.59,9.49,181.704
000002,万科A,全国地产,深圳,19910129,000002.SZ,20231218,10.56,10.76,10.4,10.54,10.64,-0.1,-0.9398,585930.24,621401.681,0.603,0.9051,0.68,5.5598,6.5533,0.4972,0.2496,0.2755,9.1917,6.4032,1193070.9471,971666.7215,647385.6424,12574967.7824,10241367.2446,11.7,9.58,181.704
000002,万科A,全国地产,深圳,19910129,000002.SZ,20231215,10.63,10.81,10.6,10.64,10.5,0.14,1.3333,884465.01,946999.076,0.9103,1.3662,1.13,5.6125,6.6154,0.5019,0.252,0.2781,9.1053,6.343,1193070.9471,971666.7215,647385.6424,12694274.8771,10338533.9168,11.55,9.45,181.704
000002,万科A,全国地产,深圳,19910129,000002.SZ,20231214,10.67,10.77,10.47,10.5,10.64,-0.14,-1.3158,611202.34,647778.488,0.629,0.9441,0.81,5.5387,6.5284,0.4953,0.2486,0.2744,9.2267,6.4276,1193070.9471,971666.7215,647385.6424,12527244.9446,10202500.5758,11.7,9.58,181.704
000002,万科A,全国地产,深圳,19910129,000002.SZ,20231213,10.85,10.85,10.62,10.64,11.01,-0.37,-3.3606,865832.43,927587.528,0.8911,1.3374,1.23,5.6125,6.6154,0.5019,0.252,0.2781,9.1053,6.343,1193070.9471,971666.7215,647385.6424,12694274.8771,10338533.9168,12.11,9.91,181.704
000002,万科A,全国地产,深圳,19910129,000002.SZ,20231212,10.81,11.09,10.68,11.01,10.63,0.38,3.5748,1140691.18,1243910.063,1.174,1.762,1.71,5.8077,6.8455,0.5194,0.2607,0.2878,8.7993,6.1299,1193070.9471,971666.7215,647385.6424,13135711.1276,10698050.6037,11.69,9.57,181.704
000002,万科A,全国地产,深圳,19910129,000002.SZ,20231211,10.68,10.68,10.43,10.63,10.78,-0.15,-1.3915,819722.43,863644.98,0.8436,1.2662,1.27,5.6072,6.6092,0.5015,0.2517,0.2778,9.1139,6.349,1193070.9471,971666.7215,647385.6424,12682344.1677,10328817.2495,11.86,9.7,181.704
000002,万科A,全国地产,深圳,19910129,000002.SZ,20231208,10.87,10.89,10.74,10.78,10.9,-0.12,-1.1009,493010.5,532459.094,0.5074,0.7615,0.73,5.6864,6.7025,0.5085,0.2553,0.2818,8.987,6.2607,1193070.9471,971666.7215,647385.6424,12861304.8097,10474567.2578,11.99,9.81,181.704
000002,万科A,全国地产,深圳,19910129,000002.SZ,20231207,10.78,10.95,10.75,10.9,10.85,0.05,0.4608,454351.29,493444.986,0.4676,0.7018,0.68,5.7497,6.7771,0.5142,0.2581,0.2849,8.8881,6.1917,1193070.9471,971666.7215,647385.6424,13004473.3234,10591167.2644,11.94,9.77,181.704
000002,万科A,全国地产,深圳,19910129,000002.SZ,20231206,10.79,10.93,10.66,10.85,10.79,0.06,0.5561,617634.81,667358.268,0.6356,0.954,0.88,5.7233,6.746,0.5118,0.2569,0.2836,8.9291,6.2203,1193070.9471,971666.7215,647385.6424,12944819.776,10542583.9283,11.87,9.71,181.704
000002,万科A,全国地产,深圳,19910129,000002.SZ,20231205,11.16,11.16,10.78,10.79,11.18,-0.39,-3.4884,950086.17,1038468.876,0.9778,1.4676,1.57,5.6916,6.7087,0.509,0.2555,0.282,8.9787,6.2548,1193070.9471,971666.7215,647385.6424,12873235.5192,10484283.925,12.3,10.06,181.704
000002,万科A,全国地产,深圳,19910129,000002.SZ,20231204,11.35,11.4,11.16,11.18,11.4,-0.22,-1.9298,700534.32,786401.468,0.721,1.0821,1.05,5.8974,6.9512,0.5274,0.2647,0.2922,8.6655,6.0367,1193070.9471,971666.7215,647385.6424,13338533.1886,10863233.9464,12.54,10.26,181.704
000002,万科A,全国地产,深圳,19910129,000002.SZ,20231201,11.44,11.53,11.28,11.4,11.44,-0.04,-0.3497,665403.36,757220.17,0.6848,1.0278,0.89,6.0134,7.088,0.5378,0.2699,0.298,8.4983,5.9202,1193070.9471,971666.7215,647385.6424,13601008.7969,11077000.6251,12.58,10.3,181.704
000002,万科A,全国地产,深圳,19910129,000002.SZ,20231130,11.41,11.55,11.4,11.44,11.46,-0.02,-0.1745,388315.87,445595.911,0.3996,0.5998,0.4,6.0345,7.1129,0.5397,0.2709,0.299,8.4686,5.8995,1193070.9471,971666.7215,647385.6424,13648731.6348,11115867.294,12.61,10.31,181.704
000002,万科A,全国地产,深圳,19910129,000002.SZ,20231129,11.75,11.78,11.42,11.46,11.75,-0.29,-2.4681,788297.02,909376.432,0.8113,1.2177,0.74,6.0451,7.1253,0.5406,0.2714,0.2995,8.4538,5.8892,1193070.9471,971666.7215,647385.6424,13672593.0538,11135300.6284,12.93,10.58,181.704
000002,万科A,全国地产,深圳,19910129,000002.SZ,20231128,11.8,11.88,11.7,11.75,11.8,-0.05,-0.4237,486662.38,572670.876,0.5009,0.7517,0.35,6.198,7.3056,0.5543,0.2782,0.3071,8.2451,5.7438,1193070.9471,971666.7215,647385.6424,14018583.6284,11417083.9776,12.98,10.62,181.704
000002,万科A,全国地产,深圳,19910129,000002.SZ,20231127,12.06,12.06,11.66,11.8,12.12,-0.32,-2.6403,993329.34,1175277.162,1.0223,1.5344,0.77,6.2244,7.3367,0.5567,0.2794,0.3084,8.2102,5.7195,1193070.9471,971666.7215,647385.6424,14078237.1758,11465667.3137,13.33,10.91,181.704
000002,万科A,全国地产,深圳,19910129,000002.SZ,20231124,12.19,12.3,12.08,12.12,12.17,-0.05,-0.4108,1072201.63,1306244.382,1.1035,1.6562,0.89,6.3932,7.5356,0.5718,0.287,0.3168,7.9934,5.5685,1193070.9471,971666.7215,647385.6424,14460019.8789,11776600.6646,13.39,10.95,181.704
000002,万科A,全国地产,深圳,19910129,000002.SZ,20231123,11.86,12.29,11.79,12.17,11.84,0.33,2.7872,1539923.76,1864830.413,1.5848,2.3787,1.51,6.4196,7.5667,0.5741,0.2882,0.3181,7.9606,5.5456,1193070.9471,971666.7215,647385.6424,14519673.4262,11825184.0007,13.02,10.66,181.704
000002,万科A,全国地产,深圳,19910129,000002.SZ,20231122,11.85,12.2,11.82,11.84,11.92,-0.08,-0.6711,1253116.29,1504457.958,1.2897,1.9357,1.3,6.2455,7.3616,0.5585,0.2804,0.3095,8.1825,5.7002,1193070.9471,971666.7215,647385.6424,14125960.0137,11504533.9826,13.11,10.73,181.704
000002,万科A,全国地产,深圳,19910129,000002.SZ,20231121,11.79,12.2,11.75,11.92,11.57,0.35,3.0251,2015480.82,2425684.207,2.0743,3.1133,2.97,6.2877,7.4113,0.5623,0.2823,0.3115,8.1275,5.6619,1193070.9471,971666.7215,647385.6424,14221405.6894,11582267.3203,12.73,10.41,181.704
000002,万科A,全国地产,深圳,19910129,000002.SZ,20231120,11.71,11.74,11.55,11.57,11.62,-0.05,-0.4303,574482.45,666897.106,0.5912,0.8874,0.82,6.1031,7.1937,0.5458,0.274,0.3024,8.3734,5.8332,1193070.9471,971666.7215,647385.6424,13803830.8579,11242183.9678,12.78,10.46,181.704
000002,万科A,全国地产,深圳,19910129,000002.SZ,20231117,11.73,11.8,11.56,11.62,11.8,-0.18,-1.5254,639118.11,743393.458,0.6578,0.9872,0.9,6.1295,7.2248,0.5482,0.2752,0.3037,8.3374,5.8081,1193070.9471,971666.7215,647385.6424,13863484.4053,11290767.3038,12.98,10.62,181.704
000002,万科A,全国地产,深圳,19910129,000002.SZ,20231116,11.85,11.89,11.7,11.8,11.89,-0.09,-0.7569,622641.18,734010.177,0.6408,0.9618,0.83,6.2244,7.3367,0.5567,0.2794,0.3084,8.2102,5.7195,1193070.9471,971666.7215,647385.6424,14078237.1758,11465667.3137,13.08,10.7,181.704
000002,万科A,全国地产,深圳,19910129,000002.SZ,20231115,11.99,12.08,11.88,11.89,11.78,0.11,0.9338,950346.61,1137288.346,0.9781,1.468,1.14,6.2719,7.3926,0.5609,0.2816,0.3108,8.148,5.6762,1193070.9471,971666.7215,647385.6424,14185613.561,11553117.3186,12.96,10.6,181.704
000002,万科A,全国地产,深圳,19910129,000002.SZ,20231114,11.72,11.84,11.68,11.78,11.72,0.06,0.5119,610994.09,717964.247,0.6288,0.9438,0.59,6.2139,7.3242,0.5557,0.2789,0.3079,8.2241,5.7292,1193070.9471,971666.7215,647385.6424,14054375.7568,11446233.9793,12.89,10.55,181.704
000002,万科A,全国地产,深圳,19910129,000002.SZ,20231113,11.83,11.87,11.62,11.72,11.89,-0.17,-1.4298,673656.42,788733.366,0.6933,1.0406,0.52,6.1822,7.2869,0.5529,0.2775,0.3063,8.2662,5.7585,1193070.9471,971666.7215,647385.6424,13982791.5,11387933.976,13.08,10.7,181.704
000002,万科A,全国地产,深圳,19910129,000002.SZ,20231110,11.91,11.94,11.74,11.89,11.96,-0.07,-0.5853,706795.93,835318.638,0.7274,1.0918,0.54,6.2719,7.3926,0.5609,0.2816,0.3108,8.148,5.6762,1193070.9471,971666.7215,647385.6424,14185613.561,11553117.3186,13.16,10.76,181.704
000002,万科A,全国地产,深圳,19910129,000002.SZ,20231109,12.1,12.15,11.91,11.96,12.13,-0.17,-1.4015,814955.73,978437.341,0.8387,1.2588,0.64,6.3088,7.4362,0.5642,0.2832,0.3126,8.1004,5.643,1193070.9471,971666.7215,647385.6424,14269128.5273,11621133.9891,13.34,10.92,181.704
000002,万科A,全国地产,深圳,19910129,000002.SZ,20231108,11.83,12.27,11.8,12.13,11.93,0.2,1.6764,1345098.03,1628017.675,1.3843,2.0777,1.19,6.3985,7.5419,0.5722,0.2872,0.317,7.9868,5.5639,1193070.9471,971666.7215,647385.6424,14471950.5883,11786317.3318,13.12,10.74,181.704
000002,万科A,全国地产,深圳,19910129,000002.SZ,20231107,12.2,12.2,11.86,11.93,11.97,-0.04,-0.3342,1610167.17,1935443.869,1.6571,2.4872,1.54,6.293,7.4175,0.5628,0.2825,0.3118,8.1207,5.6572,1193070.9471,971666.7215,647385.6424,14233336.3989,11591983.9875,13.17,10.77,181.704
000002,万科A,全国地产,深圳,19910129,000002.SZ,20231106,11.5,12.07,11.42,11.97,11.27,0.7,6.2112,1950902.72,2301447.458,2.0078,3.0135,2.44,6.3141,7.4424,0.5647,0.2834,0.3129,8.0936,5.6382,1193070.9471,971666.7215,647385.6424,14281059.2368,11630850.6564,12.4,10.14,181.704
000002,万科A,全国地产,深圳,19910129,000002.SZ,20231103,11.24,11.28,11.07,11.27,11.22,0.05,0.4456,829990.98,929764.546,0.8542,1.2821,1.08,5.9448,7.0072,0.5317,0.2669,0.2946,8.5963,5.9884,1193070.9471,971666.7215,647385.6424,13445909.5738,10950683.9513,12.34,10.1,181.704
000002,万科A,全国地产,深圳,19910129,000002.SZ,20231102,11.34,11.43,11.22,11.22,11.34,-0.12,-1.0582,594029.33,672393.759,0.6114,0.9176,0.81,5.9185,6.9761,0.5293,0.2657,0.2933,8.6346,6.0151,1193070.9471,971666.7215,647385.6424,13386256.0265,10902100.6152,12.47,10.21,181.704
000002,万科A,全国地产,深圳,19910129,000002.SZ,20231101,11.32,11.43,11.27,11.34,11.33,0.01,0.0883,666931.77,757108.092,0.6864,1.0302,0.96,5.9818,7.0507,0.535,0.2685,0.2964,8.5432,5.9515,1193070.9471,971666.7215,647385.6424,13529424.5401,11018700.6218,12.46,10.2,181.704
000002,万科A,全国地产,深圳,19910129,000002.SZ,20231031,11.56,11.66,11.22,11.33,11.6,-0.27,-2.3276,1179876.65,1342633.496,1.2143,1.8225,2.09,5.9765,7.0445,0.5345,0.2683,0.2961,8.5508,5.9567,1193070.9471,971666.7215,647385.6424,13517493.8306,11008983.9546,12.76,10.44,181.704
000002,万科A,全国地产,深圳,19910129,000002.SZ,20231030,11.56,11.7,11.5,11.6,11.63,-0.03,-0.258,720614.04,834401.751,0.7416,1.1131,1.35,6.1189,7.2123,0.5472,0.2747,0.3032,8.3517,5.8181,1193070.9471,971666.7215,647385.6424,13839622.9864,11271333.9694,12.79,10.47,181.704
000002,万科A,全国地产,深圳,19910129,000002.SZ,20231027,11.53,11.65,11.46,11.63,11.57,0.06,0.5186,691658.85,801119.738,0.7118,1.0684,1.23,6.1347,6.8468,0.5565,0.2754,0.2787,8.3302,5.8031,1193070.9471,971666.7215,647385.6424,13875415.1148,11300483.971,12.73,10.41,181.704
000002,万科A,全国地产,深圳,19910129,000002.SZ,20231026,11.62,11.69,11.5,11.57,11.7,-0.13,-1.1111,427222.54,493674.466,0.4397,0.6599,0.68,6.1031,6.8115,0.5536,0.274,0.2773,8.3734,5.8332,1193070.9471,971666.7215,647385.6424,13803830.8579,11242183.9678,12.87,10.53,181.704
000002,万科A,全国地产,深圳,19910129,000002.SZ,20231025,11.84,11.94,11.69,11.7,11.66,0.04,0.3431,455861.72,536531.805,0.4692,0.7042,0.68,6.1717,6.888,0.5599,0.2771,0.2804,8.2804,5.7684,1193070.9471,971666.7215,647385.6424,13958930.0811,11368500.6416,12.83,10.49,181.704
000002,万科A,全国地产,深圳,19910129,000002.SZ,20231024,11.65,11.8,11.6,11.66,11.62,0.04,0.3442,528359.53,617809.457,0.5438,0.8161,0.74,6.1506,6.8644,0.558,0.2761,0.2794,8.3088,5.7881,1193070.9471,971666.7215,647385.6424,13911207.2432,11329633.9727,12.78,10.46,181.704
000002,万科A,全国地产,深圳,19910129,000002.SZ,20231023,11.58,11.81,11.49,11.62,11.66,-0.04,-0.3431,568355.17,662535.41,0.5849,0.8779,0.76,6.1295,6.8409,0.556,0.2752,0.2785,8.3374,5.8081,1193070.9471,971666.7215,647385.6424,13863484.4053,11290767.3038,12.83,10.49,181.704
000002,万科A,全国地产,深圳,19910129,000002.SZ,20231020,11.41,11.8,11.35,11.66,11.46,0.2,1.7452,837666.35,973007.863,0.8621,1.2939,1.24,6.1506,6.8644,0.558,0.2761,0.2794,8.3088,5.7881,1193070.9471,971666.7215,647385.6424,13911207.2432,11329633.9727,12.61,10.31,181.704
000002,万科A,全国地产,深圳,19910129,000002.SZ,20231019,11.66,11.67,11.45,11.46,11.71,-0.25,-2.1349,747899.47,862533.491,0.7697,1.1553,1.24,6.0451,6.7467,0.5484,0.2714,0.2747,8.4538,5.8892,1193070.9471,971666.7215,647385.6424,13672593.0538,11135300.6284,12.88,10.54,181.704
000002,万科A,全国地产,深圳,19910129,000002.SZ,20231018,11.92,11.93,11.71,11.71,11.98,-0.27,-2.2538,677911.31,800073.564,0.6977,1.0472,1.19,6.1769,6.8939,0.5603,0.2773,0.2806,8.2733,5.7634,1193070.9471,971666.7215,647385.6424,13970860.7905,11378217.3088,13.18,10.78,181.704
000002,万科A,全国地产,深圳,19910129,000002.SZ,20231017,12.2,12.22,11.95,11.98,12.21,-0.23,-1.8837,726794.83,874081.581,0.748,1.1227,1.49,6.3194,7.0528,0.5733,0.2837,0.2871,8.0868,5.6335,1193070.9471,971666.7215,647385.6424,14292989.9463,11640567.3236,13.43,10.99,181.704
000002,万科A,全国地产,深圳,19910129,000002.SZ,20231016,12.56,12.61,12.14,12.21,12.59,-0.38,-3.0183,754083.92,928225.584,0.7761,1.1648,1.61,6.4407,7.1882,0.5843,0.2891,0.2926,7.9345,5.5274,1193070.9471,971666.7215,647385.6424,14567396.2641,11864050.6695,13.85,11.33,181.704
000002,万科A,全国地产,深圳,19910129,000002.SZ,20231013,12.75,12.78,12.58,12.59,12.84,-0.25,-1.947,467602.87,591233.837,0.4812,0.7223,1.08,6.6411,7.412,0.6025,0.2981,0.3017,7.695,5.3606,1193070.9471,971666.7215,647385.6424,15020763.224,12233284.0237,14.12,11.56,181.704
000002,万科A,全国地产,深圳,19910129,000002.SZ,20231012,12.81,12.88,12.74,12.84,12.77,0.07,0.5482,381317.05,488865.228,0.3924,0.589,0.87,6.773,7.5591,0.6144,0.304,0.3077,7.5452,5.2562,1193070.9471,971666.7215,647385.6424,15319030.9608,12476200.7041,14.05,11.49,181.704
000002,万科A,全国地产,深圳,19910129,000002.SZ,20231011,12.85,12.87,12.66,12.77,12.82,-0.05,-0.39,523140.28,667974.131,0.5384,0.8081,1.32,6.7361,7.5179,0.6111,0.3024,0.306,7.5865,5.285,1193070.9471,971666.7215,647385.6424,15235515.9945,12408184.0336,14.1,11.54,181.704
000002,万科A,全国地产,深圳,19910129,000002.SZ,20231010,12.89,12.96,12.81,12.82,12.89,-0.07,-0.5431,305882.97,393942.063,0.3148,0.4725,0.71,6.7625,7.5474,0.6135,0.3036,0.3072,7.557,5.2644,1193070.9471,971666.7215,647385.6424,15295169.5418,12456767.3696,14.18,11.6,181.704
000002,万科A,全国地产,深圳,19910129,000002.SZ,20231009,13.06,13.06,12.75,12.89,13.08,-0.19,-1.4526,662575.33,852986.772,0.6819,1.0235,1.72,6.7994,7.5886,0.6168,0.3052,0.3089,7.5159,5.2358,1193070.9471,971666.7215,647385.6424,15378684.5081,12524784.0401,14.39,11.77,181.704
000002,万科A,全国地产,深圳,19910129,000002.SZ,20230928,13.08,13.12,13.03,13.08,13.05,0.03,0.2299,300513.21,392481.526,0.3093,0.4642,0.75,6.8996,7.7004,0.6259,0.3097,0.3135,7.4067,5.1598,1193070.9471,971666.7215,647385.6424,15605367.9881,12709400.7172,14.36,11.75,181.704
000002,万科A,全国地产,深圳,19910129,000002.SZ,20230927,13.02,13.14,13.02,13.05,13.07,-0.02,-0.153,394943.33,515818.311,0.4065,0.6101,1.05,6.8838,7.6828,0.6245,0.309,0.3128,7.4238,5.1716,1193070.9471,971666.7215,647385.6424,15569575.8597,12680250.7156,14.38,11.76,181.704
000002,万科A,全国地产,深圳,19910129,000002.SZ,20230926,13.14,13.19,13.06,13.07,13.14,-0.07,-0.5327,321782.43,421283.756,0.3312,0.497,0.85,6.8943,7.6945,0.6254,0.3095,0.3132,7.4124,5.1637,1193070.9471,971666.7215,647385.6424,15593437.2786,12699684.05,14.45,11.83,181.704
000002,万科A,全国地产,深圳,19910129,000002.SZ,20230925,13.34,13.35,13.11,13.14,13.39,-0.25,-1.8671,469000.34,617777.509,0.4827,0.7245,1.26,6.9313,7.7357,0.6288,0.3112,0.3149,7.3729,5.1362,1193070.9471,971666.7215,647385.6424,15676952.2449,12767700.7205,14.73,12.05,181.704
000002,万科A,全国地产,深圳,19910129,000002.SZ,20230922,13.24,13.41,13.2,13.39,13.26,0.13,0.9804,443562.52,590420.853,0.4565,0.6852,1.23,7.0631,7.8829,0.6407,0.3171,0.3209,7.2353,5.0403,1193070.9471,971666.7215,647385.6424,15975219.9817,13010617.4009,14.59,11.93,181.704
000002,万科A,全国地产,深圳,19910129,000002.SZ,20230921,13.33,13.43,13.26,13.26,13.29,-0.03,-0.2257,370854.54,493994.246,0.3817,0.5728,1.01,6.9946,7.8064,0.6345,0.314,0.3178,7.3062,5.0897,1193070.9471,971666.7215,647385.6424,15820120.7585,12884300.7271,14.62,11.96,181.704
000002,万科A,全国地产,深圳,19910129,000002.SZ,20230920,13.3,13.35,13.23,13.29,13.3,-0.01,-0.0752,278409.07,370524.587,0.2865,0.4301,0.71,7.0104,7.8241,0.6359,0.3147,0.3185,7.2897,5.0782,1193070.9471,971666.7215,647385.6424,15855912.887,12913450.7287,14.63,11.97,181.704
000002,万科A,全国地产,深圳,19910129,000002.SZ,20230919,13.32,13.36,13.24,13.3,13.31,-0.01,-0.0751,335695.97,446329.07,0.3455,0.5185,0.83,7.0157,7.8299,0.6364,0.3149,0.3188,7.2842,5.0744,1193070.9471,971666.7215,647385.6424,15867843.5964,12923167.396,14.64,11.98,181.704
000002,万科A,全国地产,深圳,19910129,000002.SZ,20230918,13.4,13.43,13.27,13.31,13.42,-0.11,-0.8197,431855.44,575397.416,0.4444,0.6671,0.86,7.0209,7.8358,0.6369,0.3152,0.319,7.2788,5.0706,1193070.9471,971666.7215,647385.6424,15879774.3059,12932884.0632,14.76,12.08,181.704
000002,万科A,全国地产,深圳,19910129,000002.SZ,20230915,13.59,13.62,13.41,13.42,13.51,-0.09,-0.6662,389514.14,525536.302,0.4009,0.6017,0.76,7.0789,7.9006,0.6422,0.3178,0.3216,7.2191,5.029,1193070.9471,971666.7215,647385.6424,16011012.1101,13039767.4025,14.86,12.16,181.704
000002,万科A,全国地产,深圳,19910129,000002.SZ,20230914,13.56,13.65,13.44,13.51,13.62,-0.11,-0.8076,403069.49,545516.704,0.4148,0.6226,0.68,7.1264,7.9536,0.6465,0.3199,0.3238,7.171,4.9955,1193070.9471,971666.7215,647385.6424,16118388.4953,13127217.4075,14.98,12.26,181.704
000002,万科A,全国地产,深圳,19910129,000002.SZ,20230913,13.65,13.77,13.58,13.62,13.65,-0.03,-0.2198,389319.11,531662.936,0.4007,0.6014,0.54,7.1844,8.0183,0.6517,0.3225,0.3264,7.1131,4.9552,1193070.9471,971666.7215,647385.6424,16249626.2995,13234100.7468,15.02,12.29,181.704
000002,万科A,全国地产,深圳,19910129,000002.SZ,20230912,13.69,13.74,13.6,13.65,13.7,-0.05,-0.365,419974.03,573384.436,0.4322,0.6487,0.55,7.2003,8.036,0.6532,0.3232,0.3271,7.0975,4.9443,1193070.9471,971666.7215,647385.6424,16285418.4279,13263250.7485,15.07,12.33,181.704
000002,万科A,全国地产,深圳,19910129,000002.SZ,20230911,13.92,13.95,13.58,13.7,13.91,-0.21,-1.5097,914277.52,1252187.894,0.9409,1.4123,1.16,7.2266,8.0654,0.6556,0.3244,0.3283,7.0715,4.9263,1193070.9471,971666.7215,647385.6424,16345071.9753,13311834.0846,15.3,12.52,181.704
000002,万科A,全国地产,深圳,19910129,000002.SZ,20230908,13.91,13.97,13.82,13.91,14.0,-0.09,-0.6429,421709.74,585302.44,0.434,0.6514,0.46,7.3374,8.1891,0.6656,0.3294,0.3334,6.9648,4.8519,1193070.9471,971666.7215,647385.6424,16595616.8742,13515884.0961,15.4,12.6,181.704
000002,万科A,全国地产,深圳,19910129,000002.SZ,20230907,14.09,14.32,13.99,14.0,14.17,-0.17,-1.1997,836227.94,1184230.179,0.8606,1.2917,0.85,7.3849,8.242,0.6699,0.3315,0.3355,6.92,4.8207,1193070.9471,971666.7215,647385.6424,16702993.2594,13603334.101,15.59,12.75,181.704
000002,万科A,全国地产,深圳,19910129,000002.SZ,20230906,13.88,14.23,13.73,14.17,13.88,0.29,2.0893,1011405.01,1419625.749,1.0409,1.5623,1.02,7.4746,8.3421,0.6781,0.3355,0.3396,6.837,4.7629,1193070.9471,971666.7215,647385.6424,16905815.3204,13768517.4437,15.27,12.49,181.704
000002,万科A,全国地产,深圳,19910129,000002.SZ,20230905,13.99,13.99,13.81,13.88,14.04,-0.16,-1.1396,603137.28,836482.035,0.6207,0.9317,0.55,7.3216,8.1714,0.6642,0.3287,0.3327,6.9798,4.8624,1193070.9471,971666.7215,647385.6424,16559824.7457,13486734.0944,15.44,12.64,181.704
000002,万科A,全国地产,深圳,19910129,000002.SZ,20230904,14.18,14.33,13.99,14.04,14.05,-0.01,-0.0712,1064718.2,1508359.782,1.0958,1.6446,0.85,7.406,8.2656,0.6718,0.3325,0.3365,6.9003,4.807,1193070.9471,971666.7215,647385.6424,16750716.0973,13642200.7699,15.46,12.65,181.704
000002,万科A,全国地产,深圳,19910129,000002.SZ,20230901,13.88,14.17,13.85,14.05,13.64,0.41,3.0059,1050322.97,1471799.365,1.0809,1.6224,0.86,7.4113,8.2715,0.6723,0.3327,0.3367,6.8954,4.8035,1193070.9471,971666.7215,647385.6424,16762646.8068,13651917.4371,15.0,12.28,181.704
000002,万科A,全国地产,深圳,19910129,000002.SZ,20230831,14.23,14.26,13.63,13.64,14.2,-0.56,-3.9437,1213105.78,1677988.995,1.2485,1.8739,1.09,7.195,8.0301,0.6839,0.323,0.3269,7.1027,4.9479,1193070.9471,971666.7215,647385.6424,16273487.7184,13253534.0813,15.62,12.78,181.704
000002,万科A,全国地产,深圳,19910129,000002.SZ,20230830,14.1,14.45,14.05,14.2,14.2,0.0,0.0,1041034.25,1484389.801,1.0714,1.6081,1.05,7.4904,7.4848,0.712,0.3363,0.3324,6.8226,4.7528,1193070.9471,971666.7215,647385.6424,16941607.4488,13797667.4453,15.62,12.78,181.704
000002,万科A,全国地产,深圳,19910129,000002.SZ,20230829,14.0,14.2,13.81,14.2,14.05,0.15,1.0676,1103767.09,1549348.469,1.136,1.705,1.28,7.4904,7.4848,0.712,0.3363,0.3324,6.8226,4.7528,1193070.9471,971666.7215,647385.6424,16941607.4488,13797667.4453,15.46,12.65,181.704
000002,万科A,全国地产,深圳,19910129,000002.SZ,20230828,14.4,14.41,13.98,14.05,13.44,0.61,4.5387,1853197.8,2627995.336,1.9072,2.8626,3.02,7.4113,7.4058,0.7045,0.3327,0.3289,6.8954,4.8035,1193070.9471,971666.7215,647385.6424,16762646.8068,13651917.4371,14.78,12.1,181.704
000002,万科A,全国地产,深圳,19910129,000002.SZ,20230825,13.2,13.69,13.05,13.44,13.04,0.4,3.0675,927093.23,1237719.911,0.9541,1.4321,1.72,7.0895,7.0842,0.6739,0.3183,0.3146,7.2084,5.0216,1193070.9471,971666.7215,647385.6424,16034873.529,13059200.737,14.34,11.74,181.704
000002,万科A,全国地产,深圳,19910129,000002.SZ,20230824,13.85,13.88,13.6,13.71,13.82,-0.11,-0.7959,633091.99,869725.253,0.6516,0.9779,1.15,7.2319,7.2265,0.6649,0.3246,0.3209,7.0664,7.0664,1193070.9471,971666.7215,647385.6424,16357002.6847,13321550.7518,15.2,12.44,172.824
000002,万科A,全国地产,深圳,19910129,000002.SZ,20230823,14.05,14.05,13.82,13.82,14.02,-0.2,-1.4265,452329.67,629674.422,0.4655,0.6987,0.73,7.2899,7.2845,0.6702,0.3273,0.3235,7.0101,7.0101,1193070.9471,971666.7215,647385.6424,16488240.4889,13428434.0911,15.42,12.62,172.824
000002,万科A,全国地产,深圳,19910129,000002.SZ,20230822,13.99,14.11,13.88,14.02,13.98,0.04,0.2861,458812.41,642001.394,0.4722,0.7087,0.72,7.3954,7.39,0.6799,0.332,0.3282,6.9101,6.9101,1193070.9471,971666.7215,647385.6424,16726854.6783,13622767.4354,15.38,12.58,172.824
000002,万科A,全国地产,深圳,19910129,000002.SZ,20230821,14.27,14.29,13.98,13.98,14.31,-0.33,-2.3061,594690.8,839974.508,0.612,0.9186,0.88,7.3743,7.3689,0.678,0.331,0.3273,6.9299,6.9299,1193070.9471,971666.7215,647385.6424,16679131.8405,13583900.7666,15.74,12.88,172.824
000002,万科A,全国地产,深圳,19910129,000002.SZ,20230818,14.51,14.67,14.31,14.31,14.53,-0.22,-1.5141,550032.15,796641.269,0.5661,0.8496,0.76,7.5484,7.5428,0.694,0.3389,0.335,6.7701,6.7701,1193070.9471,971666.7215,647385.6424,17072845.253,13904550.7847,15.98,13.08,172.824
000002,万科A,全国地产,深圳,19910129,000002.SZ,20230817,14.41,14.64,14.3,14.53,14.54,-0.01,-0.0688,705983.63,1019721.206,0.7266,1.0905,1.01,7.6645,7.6588,0.7047,0.3441,0.3401,6.6676,6.6676,1193070.9471,971666.7215,647385.6424,17335320.8614,14118317.4634,15.99,13.09,172.824
000002,万科A,全国地产,深圳,19910129,000002.SZ,20230816,14.25,14.78,14.21,14.54,14.29,0.25,1.7495,789836.66,1147493.711,0.8129,1.22,1.21,7.6697,7.664,0.7051,0.3443,0.3404,6.663,6.663,1193070.9471,971666.7215,647385.6424,17347251.5708,14128034.1306,15.72,12.86,172.824
000002,万科A,全国地产,深圳,19910129,000002.SZ,20230815,14.53,14.55,14.13,14.29,14.4,-0.11,-0.7639,535923.92,766921.886,0.5516,0.8278,0.8,7.5379,7.5323,0.693,0.3384,0.3345,6.7796,6.7796,1193070.9471,971666.7215,647385.6424,17048983.8341,13885117.4502,15.84,12.96,172.824
000002,万科A,全国地产,深圳,19910129,000002.SZ,20230814,14.33,14.48,14.06,14.4,14.6,-0.2,-1.3699,798589.61,1139383.492,0.8219,1.2336,1.1,7.5959,7.5902,0.6983,0.341,0.3371,6.7278,6.7278,1193070.9471,971666.7215,647385.6424,17180221.6382,13992000.7896,16.06,13.14,172.824
000002,万科A,全国地产,深圳,19910129,000002.SZ,20230811,14.85,14.97,14.48,14.6,14.75,-0.15,-1.0169,802964.93,1180802.598,0.8264,1.2403,1.0,7.7014,7.6957,0.708,0.3457,0.3418,6.6356,6.6356,1193070.9471,971666.7215,647385.6424,17418835.8277,14186334.1339,16.23,13.28,172.824
000002,万科A,全国地产,深圳,19910129,000002.SZ,20230810,14.71,14.88,14.58,14.75,14.7,0.05,0.3401,579286.5,852497.94,0.5962,0.8948,0.63,7.7805,7.7747,0.7153,0.3493,0.3453,6.5682,6.5682,1193070.9471,971666.7215,647385.6424,17597796.4697,14332084.1421,16.17,13.23,172.824
000002,万科A,全国地产,深圳,19910129,000002.SZ,20230809,14.58,14.8,14.54,14.7,14.58,0.12,0.823,543423.08,798494.905,0.5593,0.8394,0.56,7.7541,7.7484,0.7129,0.3481,0.3441,6.5905,6.5905,1193070.9471,971666.7215,647385.6424,17538142.9224,14283500.8061,16.04,13.12,172.824
000002,万科A,全国地产,深圳,19910129,000002.SZ,20230808,14.72,14.79,14.56,14.58,14.73,-0.15,-1.0183,605746.08,888231.01,0.6234,0.9357,0.58,7.6908,7.6851,0.7071,0.3452,0.3413,6.6447,6.6447,1193070.9471,971666.7215,647385.6424,17394974.4087,14166900.7995,16.2,13.26,172.824
000002,万科A,全国地产,深圳,19910129,000002.SZ,20230807,15.06,15.07,14.66,14.73,15.24,-0.51,-3.3465,1082192.63,1603373.73,1.1137,1.6716,0.85,7.77,7.7642,0.7144,0.3488,0.3448,6.5771,6.5771,1193070.9471,971666.7215,647385.6424,17573935.0508,14312650.8077,16.76,13.72,172.824
000002,万科A,全国地产,深圳,19910129,000002.SZ,20230804,15.62,15.68,15.2,15.24,15.35,-0.11,-0.7166,1215862.18,1868462.463,1.2513,1.8781,0.86,8.039,8.033,0.7391,0.3609,0.3568,6.357,6.357,1193070.9471,971666.7215,647385.6424,18182401.2338,14808200.8357,16.89,13.82,172.824
000002,万科A,全国地产,深圳,19910129,000002.SZ,20230803,14.92,15.37,14.84,15.35,15.06,0.29,1.9256,1131833.83,1716354.478,1.1648,1.7483,0.81,8.097,8.091,0.7444,0.3635,0.3593,6.3114,6.3114,1193070.9471,971666.7215,647385.6424,18313639.038,14915084.175,16.57,13.55,172.824
000002,万科A,全国地产,深圳,19910129,000002.SZ,20230802,15.09,15.3,15.01,15.06,15.09,-0.03,-0.1988,827769.26,1253444.448,0.8519,1.2786,0.54,7.944,7.9381,0.7304,0.3566,0.3526,6.433,6.433,1193070.9471,971666.7215,647385.6424,17967648.4633,14633300.8258,16.6,13.58,172.824
000002,万科A,全国地产,深圳,19910129,000002.SZ,20230801,15.17,15.34,15.0,15.09,15.25,-0.16,-1.0492,999119.17,1514819.282,1.0283,1.5433,0.52,7.9599,7.9539,0.7318,0.3573,0.3533,6.4202,6.4202,1193070.9471,971666.7215,647385.6424,18003440.5917,14662450.8274,16.78,13.73,172.824
000002,万科A,全国地产,深圳,19910129,000002.SZ,20230731,15.4,15.78,15.18,15.25,15.23,0.02,0.1313,2196229.26,3393190.698,2.2603,3.3925,1.35,8.0443,8.0383,0.7396,0.3611,0.357,6.3528,6.3528,1193070.9471,971666.7215,647385.6424,18194331.9433,14817917.5029,16.75,13.71,172.824
000002,万科A,全国地产,深圳,19910129,000002.SZ,20230728,14.82,15.35,14.81,15.23,14.73,0.5,3.3944,1923939.23,2902779.534,1.98,2.9719,1.41,8.0337,8.0277,0.7386,0.3606,0.3565,6.3611,6.3611,1193070.9471,971666.7215,647385.6424,18170470.5243,14798484.1684,16.2,13.26,172.824
000002,万科A,全国地产,深圳,19910129,000002.SZ,20230727,14.73,14.96,14.59,14.73,14.87,-0.14,-0.9415,1037571.61,1534628.937,1.0678,1.6027,0.8,7.77,7.7642,0.7144,0.3488,0.3448,6.5771,6.5771,1193070.9471,971666.7215,647385.6424,17573935.0508,14312650.8077,16.36,13.38,172.824
000002,万科A,全国地产,深圳,19910129,000002.SZ,20230726,14.8,14.97,14.69,14.87,14.92,-0.05,-0.3351,1439549.7,2135930.247,1.4815,2.2236,1.23,7.8438,7.838,0.7211,0.3521,0.3481,6.5151,6.5151,1193070.9471,971666.7215,647385.6424,17740964.9834,14448684.1487,16.41,13.43,172.824
000002,万科A,全国地产,深圳,19910129,000002.SZ,20230725,14.13,14.94,14.12,14.92,13.8,1.12,8.1159,2991339.49,4370954.452,3.0786,4.6206,4.56,7.8702,7.8643,0.7236,0.3533,0.3493,6.4933,6.4933,1193070.9471,971666.7215,647385.6424,17800618.5307,14497267.4848,15.18,12.42,172.824
000002,万科A,全国地产,深圳,19910129,000002.SZ,20230724,14.12,14.15,13.75,13.8,13.98,-0.18,-1.2876,744111.95,1031602.307,0.7658,1.1494,1.29,7.2794,7.274,0.6693,0.3268,0.3231,7.0203,7.0203,1193070.9471,971666.7215,647385.6424,16464379.07,13409000.7567,15.38,12.58,172.824
000002,万科A,全国地产,深圳,19910129,000002.SZ,20230721,13.88,14.09,13.82,13.98,13.88,0.1,0.7205,625378.94,875177.811,0.6436,0.966,1.14,7.3743,7.3689,0.678,0.331,0.3273,6.9299,6.9299,1193070.9471,971666.7215,647385.6424,16679131.8405,13583900.7666,15.27,12.49,172.824
000002,万科A,全国地产,深圳,19910129,000002.SZ,20230720,13.91,14.06,13.86,13.88,13.9,-0.02,-0.1439,700939.51,978297.895,0.7214,1.0827,1.38,7.3216,7.3162,0.6731,0.3287,0.3249,6.9798,6.9798,1193070.9471,971666.7215,647385.6424,16559824.7457,13486734.0944,15.29,12.51,172.824
000002,万科A,全国地产,深圳,19910129,000002.SZ,20230719,13.65,13.91,13.61,13.9,13.7,0.2,1.4599,770863.51,1065183.369,0.7933,1.1907,1.54,7.3321,7.3267,0.6741,0.3291,0.3254,6.9698,6.9698,1193070.9471,971666.7215,647385.6424,16583686.1647,13506167.4289,15.07,12.33,172.824
000002,万科A,全国地产,深圳,19910129,000002.SZ,20230718,13.71,13.76,13.56,13.7,13.71,-0.01,-0.0729,439357.29,599981.94,0.4522,0.6787,0.81,7.2266,7.2213,0.6644,0.3244,0.3207,7.0715,7.0715,1193070.9471,971666.7215,647385.6424,16345071.9753,13311834.0846,15.08,12.34,172.824
000002,万科A,全国地产,深圳,19910129,000002.SZ,20230717,13.71,13.73,13.66,13.71,13.78,-0.07,-0.508,354028.54,484269.485,0.3644,0.5469,0.64,7.2319,7.2265,0.6649,0.3246,0.3209,7.0664,7.0664,1193070.9471,971666.7215,647385.6424,16357002.6847,13321550.7518,15.16,12.4,172.824
000002,万科A,全国地产,深圳,19910129,000002.SZ,20230714,13.82,13.84,13.7,13.78,13.8,-0.02,-0.1449,476485.42,656039.817,0.4904,0.736,0.89,7.2688,7.2634,0.6683,0.3263,0.3226,7.0305,7.0305,1193070.9471,971666.7215,647385.6424,16440517.651,13389567.4223,15.18,12.42,172.824
000002,万科A,全国地产,深圳,19910129,000002.SZ,20230713,13.71,13.82,13.71,13.8,13.68,0.12,0.8772,493470.78,679888.954,0.5079,0.7623,0.94,7.2794,7.274,0.6693,0.3268,0.3231,7.0203,7.0203,1193070.9471,971666.7215,647385.6424,16464379.07,13409000.7567,15.05,12.31,172.824
000002,万科A,全国地产,深圳,19910129,000002.SZ,20230712,13.85,13.86,13.66,13.68,13.86,-0.18,-1.2987,731928.72,1004450.587,0.7533,1.1306,1.64,7.2161,7.2107,0.6634,0.3239,0.3202,7.0819,7.0819,1193070.9471,971666.7215,647385.6424,16321210.5563,13292400.7501,15.25,12.47,172.824
000002,万科A,全国地产,深圳,19910129,000002.SZ,20230711,14.1,14.14,13.8,13.86,13.91,-0.05,-0.3595,664227.47,924085.441,0.6836,1.026,1.56,7.311,7.3056,0.6722,0.3282,0.3245,6.9899,6.9899,1193070.9471,971666.7215,647385.6424,16535963.3268,13467300.76,15.3,12.52,172.824
000002,万科A,全国地产,深圳,19910129,000002.SZ,20230710,13.91,13.97,13.82,13.91,13.87,0.04,0.2884,401038.49,557204.062,0.4127,0.6195,0.89,7.3374,7.332,0.6746,0.3294,0.3256,6.9648,6.9648,1193070.9471,971666.7215,647385.6424,16595616.8742,13515884.0961,15.26,12.48,172.824
000002,万科A,全国地产,深圳,19910129,000002.SZ,20230707,13.92,14.01,13.81,13.87,13.97,-0.1,-0.7158,394498.13,548059.812,0.406,0.6094,0.81,7.3163,7.3109,0.6726,0.3284,0.3247,6.9849,6.9849,1193070.9471,971666.7215,647385.6424,16547894.0363,13477017.4272,15.37,12.57,172.824
000002,万科A,全国地产,深圳,19910129,000002.SZ,20230706,13.93,14.05,13.87,13.97,13.97,0.0,0.0,432104.07,602584.921,0.4447,0.6675,0.87,7.3691,7.3636,0.6775,0.3308,0.327,6.9349,6.9349,1193070.9471,971666.7215,647385.6424,16667201.131,13574184.0994,15.37,12.57,172.824
000002,万科A,全国地产,深圳,19910129,000002.SZ,20230705,13.96,14.07,13.95,13.97,14.02,-0.05,-0.3566,338946.84,474466.955,0.3488,0.5236,0.64,7.3691,7.3636,0.6775,0.3308,0.327,6.9349,6.9349,1193070.9471,971666.7215,647385.6424,16667201.131,13574184.0994,15.42,12.62,172.824
000002,万科A,全国地产,深圳,19910129,000002.SZ,20230704,14.12,14.15,13.93,14.02,14.15,-0.13,-0.9187,567657.25,794873.666,0.5842,0.8768,0.9,7.3954,7.39,0.6799,0.332,0.3282,6.9101,6.9101,1193070.9471,971666.7215,647385.6424,16726854.6783,13622767.4354,15.57,12.74,172.824
000002,万科A,全国地产,深圳,19910129,000002.SZ,20230703,14.05,14.2,14.05,14.15,14.02,0.13,0.9272,523316.16,740199.553,0.5386,0.8084,0.84,7.464,7.4585,0.6862,0.3351,0.3312,6.8467,6.8467,1193070.9471,971666.7215,647385.6424,16881953.9015,13749084.1092,15.42,12.62,172.824
000002,万科A,全国地产,深圳,19910129,000002.SZ,20230630,14.08,14.25,13.97,14.02,14.01,0.01,0.0714,576524.35,812655.53,0.5933,0.8905,0.93,7.3954,7.39,0.6799,0.332,0.3282,6.9101,6.9101,1193070.9471,971666.7215,647385.6424,16726854.6783,13622767.4354,15.41,12.61,172.824
000002,万科A,全国地产,深圳,19910129,000002.SZ,20230629,14.19,14.25,13.99,14.01,14.22,-0.21,-1.4768,481921.03,678095.64,0.496,0.7444,0.72,7.3902,7.3847,0.6794,0.3318,0.328,6.9151,6.9151,1193070.9471,971666.7215,647385.6424,16714923.9689,13613050.7682,15.64,12.8,172.824
000002,万科A,全国地产,深圳,19910129,000002.SZ,20230628,14.31,14.35,14.1,14.22,14.33,-0.11,-0.7676,518076.52,736535.509,0.5332,0.8003,0.69,7.5009,7.4954,0.6896,0.3367,0.3329,6.813,6.813,1193070.9471,971666.7215,647385.6424,16965468.8678,13817100.7797,15.76,12.9,172.824
000002,万科A,全国地产,深圳,19910129,000002.SZ,20230627,13.8,14.36,13.75,14.33,13.75,0.58,4.2182,1039240.86,1471684.701,1.0695,1.6053,1.37,7.559,7.5534,0.695,0.3393,0.3355,6.7607,6.7607,1193070.9471,971666.7215,647385.6424,17096706.6719,13923984.1191,15.13,12.38,172.824
000002,万科A,全国地产,深圳,19910129,000002.SZ,20230626,13.79,13.89,13.7,13.75,13.94,-0.19,-1.363,488782.67,673841.858,0.503,0.755,0.57,7.253,7.2476,0.6668,0.3256,0.3219,7.0458,7.0458,1193070.9471,971666.7215,647385.6424,16404725.5226,13360417.4206,15.33,12.55,172.824
000002,万科A,全国地产,深圳,19910129,000002.SZ,20230621,13.94,14.08,13.89,13.94,14.01,-0.07,-0.4996,574035.39,802846.342,0.5908,0.8867,0.65,7.3532,7.3478,0.676,0.3301,0.3263,6.9498,6.9498,1193070.9471,971666.7215,647385.6424,16631409.0026,13545034.0977,15.41,12.61,172.824
000002,万科A,全国地产,深圳,19910129,000002.SZ,20230620,14.2,14.22,13.96,14.01,14.19,-0.18,-1.2685,703464.8,988404.655,0.724,1.0866,0.81,7.3902,7.3847,0.6794,0.3318,0.328,6.9151,6.9151,1193070.9471,971666.7215,647385.6424,16714923.9689,13613050.7682,15.61,12.77,172.824
000002,万科A,全国地产,深圳,19910129,000002.SZ,20230619,14.59,14.6,14.17,14.19,14.54,-0.35,-2.4072,935250.55,1336427.311,0.9625,1.4447,1.19,7.4851,7.4796,0.6882,0.336,0.3322,6.8274,6.8274,1193070.9471,971666.7215,647385.6424,16929676.7393,13787950.7781,15.99,13.09,172.824
000002,万科A,全国地产,深圳,19910129,000002.SZ,20230616,14.74,14.93,14.54,14.54,14.72,-0.18,-1.2228,1093418.69,1603016.509,1.1253,1.689,1.54,7.6697,7.664,0.7051,0.3443,0.3404,6.663,6.663,1193070.9471,971666.7215,647385.6424,17347251.5708,14128034.1306,16.19,13.25,172.824
000002,万科A,全国地产,深圳,19910129,000002.SZ,20230615,14.45,14.72,14.43,14.72,14.4,0.32,2.2222,977412.21,1428337.135,1.0059,1.5098,1.33,7.7647,7.7589,0.7139,0.3486,0.3446,6.5815,6.5815,1193070.9471,971666.7215,647385.6424,17562004.3413,14302934.1405,15.84,12.96,172.824
000002,万科A,全国地产,深圳,19910129,000002.SZ,20230614,14.63,14.75,14.38,14.4,14.62,-0.22,-1.5048,711039.47,1032947.862,0.7318,1.0983,0.94,7.5959,7.5902,0.6983,0.341,0.3371,6.7278,6.7278,1193070.9471,971666.7215,647385.6424,17180221.6382,13992000.7896,16.08,13.16,172.824
000002,万科A,全国地产,深圳,19910129,000002.SZ,20230613,14.52,14.8,14.52,14.62,14.57,0.05,0.3432,599748.36,878531.412,0.6172,0.9264,0.72,7.7119,7.7062,0.709,0.3462,0.3423,6.6266,6.6266,1193070.9471,971666.7215,647385.6424,17442697.2466,14205767.4683,16.03,13.11,172.824
000002,万科A,全国地产,深圳,19910129,000002.SZ,20230612,14.58,14.68,14.49,14.57,14.67,-0.1,-0.6817,564546.4,822916.0,0.581,0.872,0.67,7.6856,7.6799,0.7066,0.345,0.3411,6.6493,6.6493,1193070.9471,971666.7215,647385.6424,17383043.6992,14157184.1323,16.14,13.2,172.824
000002,万科A,全国地产,深圳,19910129,000002.SZ,20230609,14.79,14.86,14.58,14.67,14.89,-0.22,-1.4775,694561.5,1018806.103,0.7148,1.0729,0.74,7.7383,7.7326,0.7114,0.3474,0.3434,6.604,6.604,1193070.9471,971666.7215,647385.6424,17502350.794,14254350.8044,16.38,13.4,172.824
000002,万科A,全国地产,深圳,19910129,000002.SZ,20230608,14.57,14.99,14.38,14.89,14.62,0.27,1.8468,1107593.83,1633962.53,1.1399,1.7109,1.37,7.8544,7.8485,0.7221,0.3526,0.3486,6.5064,6.5064,1193070.9471,971666.7215,647385.6424,17764826.4023,14468117.4831,16.08,13.16,172.824
000002,万科A,全国地产,深圳,19910129,000002.SZ,20230607,14.59,14.88,14.44,14.62,14.46,0.16,1.1065,815094.25,1193199.419,0.8389,1.2591,1.11,7.7119,7.7062,0.709,0.3462,0.3423,6.6266,6.6266,1193070.9471,971666.7215,647385.6424,17442697.2466,14205767.4683,15.91,13.01,172.824
000002,万科A,全国地产,深圳,19910129,000002.SZ,20230606,14.32,14.84,14.31,14.46,14.36,0.1,0.6964,989286.3,1445814.461,1.0181,1.5281,1.38,7.6275,7.6219,0.7013,0.3424,0.3385,6.6999,6.6999,1193070.9471,971666.7215,647385.6424,17251805.8951,14050300.7929,15.8,12.92,172.824
000002,万科A,全国地产,深圳,19910129,000002.SZ,20230605,14.34,14.43,14.22,14.36,14.52,-0.16,-1.1019,598670.6,857001.849,0.6161,0.9248,0.87,7.5748,7.5692,0.6964,0.34,0.3362,6.7465,6.7465,1193070.9471,971666.7215,647385.6424,17132498.8004,13953134.1207,15.97,13.07,172.824
000002,万科A,全国地产,深圳,19910129,000002.SZ,20230602,14.05,14.64,14.01,14.52,14.0,0.52,3.7143,1180944.63,1700929.597,1.2154,1.8242,2.23,7.6592,7.6535,0.7042,0.3438,0.3399,6.6722,6.6722,1193070.9471,971666.7215,647385.6424,17323390.1519,14108600.7962,15.4,12.6,172.824
000002,万科A,全国地产,深圳,19910129,000002.SZ,20230601,14.14,14.2,13.98,14.0,14.24,-0.24,-1.6854,466628.08,656652.65,0.4802,0.7208,0.89,7.3849,7.3794,0.6789,0.3315,0.3277,6.92,6.92,1193070.9471,971666.7215,647385.6424,16702993.2594,13603334.101,15.66,12.82,172.824
000002,万科A,全国地产,深圳,19910129,000002.SZ,20230531,14.25,14.33,14.06,14.24,14.36,-0.12,-0.8357,451251.37,638936.492,0.4644,0.697,0.78,7.5115,7.5059,0.6906,0.3372,0.3334,6.8034,6.8034,1193070.9471,971666.7215,647385.6424,16989330.2867,13836534.1142,15.8,12.92,172.8236
000002,万科A,全国地产,深圳,19910129,000002.SZ,20230530,13.99,14.36,13.67,14.36,14.03,0.33,2.3521,881968.5,1230122.038,0.9077,1.3624,1.84,7.5748,7.5692,0.6964,0.34,0.3362,6.7465,6.7465,1193070.9471,971666.7215,647385.6424,17132498.8004,13953134.1207,15.43,12.63,172.8236
000002,万科A,全国地产,深圳,19910129,000002.SZ,20230529,14.17,14.18,14.0,14.03,14.21,-0.18,-1.2667,443018.86,622455.127,0.4559,0.6843,0.95,7.4007,7.3952,0.6804,0.3322,0.3284,6.9052,6.9052,1193070.9471,971666.7215,647385.6424,16738785.3878,13632484.1026,15.63,12.79,172.8236
000002,万科A,全国地产,深圳,19910129,000002.SZ,20230526,14.14,14.24,14.01,14.21,14.19,0.02,0.1409,407753.57,576734.776,0.4196,0.6298,0.88,7.4957,7.4901,0.6891,0.3365,0.3327,6.8178,6.8178,1193070.9471,971666.7215,647385.6424,16953538.1583,13807384.1125,15.61,12.77,172.8236
000002,万科A,全国地产,深圳,19910129,000002.SZ,20230525,14.03,14.19,14.0,14.19,14.11,0.08,0.567,423953.43,596904.143,0.4363,0.6549,0.86,7.4851,7.4796,0.6882,0.336,0.3322,6.8274,6.8274,1193070.9471,971666.7215,647385.6424,16929676.7393,13787950.7781,15.52,12.7,172.8236
000002,万科A,全国地产,深圳,19910129,000002.SZ,20230524,14.47,14.48,14.1,14.11,14.52,-0.41,-2.8237,752758.12,1068558.565,0.7747,1.1628,1.69,7.4429,7.4374,0.6843,0.3341,0.3303,6.8661,6.8661,1193070.9471,971666.7215,647385.6424,16834231.0636,13710217.4404,15.97,13.07,172.8236
000002,万科A,全国地产,深圳,19910129,000002.SZ,20230523,14.63,14.76,14.52,14.52,14.67,-0.15,-1.0225,374555.0,547422.352,0.3855,0.5786,0.84,7.6592,7.6535,0.7042,0.3438,0.3399,6.6722,6.6722,1193070.9471,971666.7215,647385.6424,17323390.1519,14108600.7962,16.14,13.2,172.8236
000002,万科A,全国地产,深圳,19910129,000002.SZ,20230522,14.52,14.68,14.42,14.67,14.54,0.13,0.8941,375031.75,546500.269,0.386,0.5793,0.75,7.7383,7.7326,0.7114,0.3474,0.3434,6.604,6.604,1193070.9471,971666.7215,647385.6424,17502350.794,14254350.8044,15.99,13.09,172.8236
000002,万科A,全国地产,深圳,19910129,000002.SZ,20230519,14.62,14.62,14.5,14.54,14.62,-0.08,-0.5472,396288.37,575941.557,0.4078,0.6121,0.77,7.6697,7.664,0.7051,0.3443,0.3404,6.663,6.663,1193070.9471,971666.7215,647385.6424,17347251.5708,14128034.1306,16.08,13.16,172.8236
000002,万科A,全国地产,深圳,19910129,000002.SZ,20230518,14.82,14.87,14.53,14.62,14.78,-0.16,-1.0825,576835.17,847045.141,0.5937,0.891,1.18,7.7119,7.7062,0.709,0.3462,0.3423,6.6266,6.6266,1193070.9471,971666.7215,647385.6424,17442697.2466,14205767.4683,16.26,13.3,172.8236
000002,万科A,全国地产,深圳,19910129,000002.SZ,20230517,14.88,14.93,14.68,14.78,14.91,-0.13,-0.8719,506461.5,749977.591,0.5212,0.7823,0.97,7.7963,7.7905,0.7168,0.35,0.346,6.5548,6.5548,1193070.9471,971666.7215,647385.6424,17633588.5981,14361234.1438,16.4,13.42,172.8236
000002,万科A,全国地产,深圳,19910129,000002.SZ,20230516,15.06,15.12,14.88,14.91,15.06,-0.15,-0.996,374842.03,560629.922,0.3858,0.579,0.54,7.8649,7.8591,0.7231,0.3531,0.349,6.4977,6.4977,1193070.9471,971666.7215,647385.6424,17788687.8213,14487550.8176,16.57,13.55,172.8236
000002,万科A,全国地产,深圳,19910129,000002.SZ,20230515,15.0,15.1,14.81,15.06,15.06,0.0,0.0,655484.34,977880.698,0.6746,1.0125,0.85,7.944,7.9381,0.7304,0.3566,0.3526,6.433,6.433,1193070.9471,971666.7215,647385.6424,17967648.4633,14633300.8258,16.57,13.55,172.8236
000002,万科A,全国地产,深圳,19910129,000002.SZ,20230512,15.24,15.34,15.06,15.06,15.3,-0.24,-1.5686,469529.53,711649.052,0.4832,0.7253,0.48,7.944,7.9381,0.7304,0.3566,0.3526,6.433,6.433,1193070.9471,971666.7215,647385.6424,17967648.4633,14633300.8258,16.83,13.77,172.8236
000002,万科A,全国地产,深圳,19910129,000002.SZ,20230511,15.3,15.36,15.21,15.3,15.3,0.0,0.0,443346.79,677122.608,0.4563,0.6848,0.43,8.0706,8.0646,0.742,0.3623,0.3582,6.332,6.332,1193070.9471,971666.7215,647385.6424,18253985.4906,14866500.839,16.83,13.77,172.8236
000002,万科A,全国地产,深圳,19910129,000002.SZ,20230510,15.46,15.5,15.16,15.3,15.47,-0.17,-1.0989,659029.98,1005440.708,0.6782,1.018,0.64,8.0706,8.0646,0.742,0.3623,0.3582,6.332,6.332,1193070.9471,971666.7215,647385.6424,18253985.4906,14866500.839,17.02,13.92,172.8236
000002,万科A,全国地产,深圳,19910129,000002.SZ,20230509,15.5,15.89,15.41,15.47,15.58,-0.11,-0.706,1259846.23,1975639.824,1.2966,1.9461,1.46,8.1603,8.1542,0.7502,0.3663,0.3622,6.2625,6.2625,1193070.9471,971666.7215,647385.6424,18456807.5516,15031684.1816,17.14,14.02,172.8236
000002,万科A,全国地产,深圳,19910129,000002.SZ,20230508,15.38,15.6,15.13,15.58,15.54,0.04,0.2574,1033915.63,1590720.251,1.0641,1.5971,1.37,8.2183,8.2122,0.7556,0.3689,0.3647,6.2182,6.2182,1193070.9471,971666.7215,647385.6424,18588045.3558,15138567.521,17.09,13.99,172.8236
000002,万科A,全国地产,深圳,19910129,000002.SZ,20230505,14.95,15.64,14.91,15.54,14.95,0.59,3.9465,1495445.04,2297283.239,1.5391,2.31,2.55,8.1972,8.1911,0.7536,0.368,0.3638,6.2342,6.2342,1193070.9471,971666.7215,647385.6424,18540322.5179,15099700.8521,16.45,13.46,172.8236
000002,万科A,全国地产,深圳,19910129,000002.SZ,20230504,14.8,15.15,14.72,14.95,15.14,-0.19,-1.255,725502.98,1083693.138,0.7467,1.1207,1.14,7.886,7.8802,0.725,0.354,0.35,6.4803,6.4803,1193070.9471,971666.7215,647385.6424,17836410.6591,14526417.4864,16.65,13.63,172.8236
000002,万科A,全国地产,深圳,19910129,000002.SZ,20230428,14.89,15.14,14.87,15.14,14.92,0.22,1.4745,602194.14,905353.138,0.6198,0.9302,0.84,7.9862,7.9862,0.7443,0.3585,0.3585,6.399,6.399,1193070.9471,971666.7215,647385.6424,18063094.1391,14711034.1635,16.41,13.43,172.8236
000002,万科A,全国地产,深圳,19910129,000002.SZ,20230427,14.8,14.95,14.68,14.92,14.8,0.12,0.8108,455955.0,677275.763,0.4693,0.7043,0.61,7.8702,7.8702,0.7335,0.3533,0.3533,6.4933,6.4933,1193070.9471,971666.7215,647385.6424,17800618.5307,14497267.4848,16.28,13.32,172.8236
000002,万科A,全国地产,深圳,19910129,000002.SZ,20230426,14.7,14.87,14.55,14.8,14.88,-0.08,-0.5376,504261.9,743782.745,0.519,0.7789,0.57,7.8069,7.8069,0.7276,0.3505,0.3505,6.546,6.546,1193070.9471,971666.7215,647385.6424,17657450.0171,14380667.4782,16.37,13.39,172.8236
000002,万科A,全国地产,深圳,19910129,000002.SZ,20230425,14.94,14.97,14.68,14.88,14.9,-0.02,-0.1342,646530.59,956930.895,0.6654,0.9987,0.68,7.8491,7.8491,0.7315,0.3524,0.3524,6.5108,6.5108,1193070.9471,971666.7215,647385.6424,17752895.6928,14458400.8159,16.39,13.41,172.8236
000002,万科A,全国地产,深圳,19910129,000002.SZ,20230424,15.3,15.3,14.83,14.9,15.3,-0.4,-2.6144,980626.44,1468467.044,1.0092,1.5147,1.05,7.8596,7.8596,0.7325,0.3528,0.3528,6.502,6.502,1193070.9471,971666.7215,647385.6424,17776757.1118,14477834.1504,16.83,13.77,172.8236
000002,万科A,全国地产,深圳,19910129,000002.SZ,20230421,15.49,15.74,15.26,15.3,15.43,-0.13,-0.8425,993354.44,1541533.828,1.0223,1.5344,1.14,8.0706,8.0706,0.7521,0.3623,0.3623,6.332,6.332,1193070.9471,971666.7215,647385.6424,18253985.4906,14866500.839,16.97,13.89,172.8236
000002,万科A,全国地产,深圳,19910129,000002.SZ,20230420,15.44,15.53,15.31,15.43,15.48,-0.05,-0.323,591110.02,910103.4,0.6083,0.9131,0.64,8.1392,8.1392,0.7585,0.3654,0.3654,6.2787,6.2787,1193070.9471,971666.7215,647385.6424,18409084.7138,14992817.5127,17.03,13.93,172.8236
000002,万科A,全国地产,深圳,19910129,000002.SZ,20230419,15.9,15.94,15.45,15.48,15.9,-0.42,-2.6415,1239505.21,1936530.272,1.2756,1.9146,1.4,8.1656,8.1656,0.761,0.3666,0.3666,6.2584,6.2584,1193070.9471,971666.7215,647385.6424,18468738.2611,15041400.8488,17.49,14.31,172.8236
000002,万科A,全国地产,深圳,19910129,000002.SZ,20230418,15.9,16.19,15.85,15.9,15.93,-0.03,-0.1883,915040.05,1464368.301,0.9417,1.4134,0.87,8.3871,8.3871,0.7816,0.3765,0.3765,6.0931,6.0931,1193070.9471,971666.7215,647385.6424,18969828.0589,15449500.8719,17.52,14.34,172.8236
000002,万科A,全国地产,深圳,19910129,000002.SZ,20230417,15.72,15.94,15.63,15.93,15.81,0.12,0.759,944568.69,1490656.937,0.9721,1.4591,0.88,8.403,8.403,0.7831,0.3772,0.3772,6.0816,6.0816,1193070.9471,971666.7215,647385.6424,19005620.1873,15478650.8735,17.39,14.23,172.8236
000002,万科A,全国地产,深圳,19910129,000002.SZ,20230414,15.95,15.99,15.74,15.81,15.85,-0.04,-0.2524,673389.56,1066894.796,0.693,1.0402,0.48,8.3397,8.3397,0.7772,0.3744,0.3744,6.1278,6.1278,1193070.9471,971666.7215,647385.6424,18862451.6737,15362050.8669,17.44,14.27,172.8236
000002,万科A,全国地产,深圳,19910129,000002.SZ,20230413,15.92,15.97,15.79,15.85,16.05,-0.2,-1.2461,849113.98,1347282.809,0.8739,1.3116,0.62,8.3608,8.3608,0.7792,0.3753,0.3753,6.1123,6.1123,1193070.9471,971666.7215,647385.6424,18910174.5115,15400917.5358,17.66,14.45,172.8236
000002,万科A,全国地产,深圳,19910129,000002.SZ,20230412,16.08,16.19,15.85,16.05,16.04,0.01,0.0623,1046291.53,1672532.384,1.0768,1.6162,0.74,8.4663,8.4663,0.789,0.3801,0.3801,6.0362,6.0362,1193070.9471,971666.7215,647385.6424,19148788.701,15595250.8801,17.64,14.44,172.8236
000002,万科A,全国地产,深圳,19910129,000002.SZ,20230411,15.6,16.25,15.56,16.04,15.7,0.34,2.1656,1730535.38,2766563.555,1.781,2.6731,1.33,8.461,8.461,0.7885,0.3798,0.3798,6.0399,6.0399,1193070.9471,971666.7215,647385.6424,19136857.9915,15585534.2129,17.27,14.13,172.8236
000002,万科A,全国地产,深圳,19910129,000002.SZ,20230410,15.75,15.82,15.58,15.7,15.82,-0.12,-0.7585,1076085.59,1688330.493,1.1075,1.6622,0.8,8.2816,8.2816,0.7718,0.3718,0.3718,6.1707,6.1707,1193070.9471,971666.7215,647385.6424,18731213.8695,15255167.5276,17.4,14.24,172.8236
000002,万科A,全国地产,深圳,19910129,000002.SZ,20230407,15.28,15.83,15.11,15.82,15.04,0.78,5.1862,2244567.26,3505357.547,2.31,3.4671,2.18,8.3449,8.3449,0.7777,0.3746,0.3746,6.1239,6.1239,1193070.9471,971666.7215,647385.6424,18874382.3831,15371767.5341,16.54,13.54,172.8236
000002,万科A,全国地产,深圳,19910129,000002.SZ,20230406,15.14,15.19,15.0,15.04,15.15,-0.11,-0.7261,793381.0,1193853.831,0.8165,1.2255,0.79,7.9335,7.9335,0.7394,0.3561,0.3561,6.4415,6.4415,1193070.9471,971666.7215,647385.6424,17943787.0444,14613867.4914,16.67,13.64,172.8236
000002,万科A,全国地产,深圳,19910129,000002.SZ,20230404,15.38,15.41,15.08,15.15,15.41,-0.26,-1.6872,1205476.78,1831317.073,1.2406,1.8621,1.35,7.9915,7.9915,0.7448,0.3587,0.3587,6.3947,6.3947,1193070.9471,971666.7215,647385.6424,18075024.8486,14720750.8307,16.95,13.87,172.8236
000002,万科A,全国地产,深圳,19910129,000002.SZ,20230403,15.24,15.55,15.15,15.41,15.24,0.17,1.1155,1167444.69,1798717.023,1.2015,1.8033,1.41,8.1287,8.1287,0.7576,0.3649,0.3649,6.2868,6.2868,1193070.9471,971666.7215,647385.6424,18385223.2948,14973384.1783,16.76,13.72,172.8236
000002,万科A,全国地产,深圳,19910129,000002.SZ,20230331,15.6,15.65,15.15,15.24,15.6,-0.36,-2.3077,1349694.42,2070645.596,1.3891,2.0846,1.89,8.039,8.039,0.7492,0.3609,0.3609,6.357,6.357,1193070.9471,971666.7215,647454.9949,18182401.2338,14808200.8357,17.16,14.04,172.8236
000002,万科A,全国地产,深圳,19910129,000002.SZ,20230330,15.4,15.63,15.27,15.6,15.39,0.21,1.3645,620535.39,959614.112,0.6386,0.9584,0.89,8.2631,8.1326,0.7719,0.411,0.3586,6.2103,6.2103,1193070.9471,971736.074,647454.9949,18611906.7748,15159082.7544,16.93,13.85,172.8236
000002,万科A,全国地产,深圳,19910129,000002.SZ,20230329,15.41,15.62,15.35,15.39,15.35,0.04,0.2606,654848.26,1012734.687,0.6739,1.0114,0.93,8.1519,8.0231,0.7615,0.4055,0.3538,6.295,6.295,1193070.9471,971736.074,647454.9949,18361361.8759,14955018.1789,16.89,13.82,172.8236
000002,万科A,全国地产,深圳,19910129,000002.SZ,20230328,15.41,15.6,15.28,15.35,15.47,-0.12,-0.7757,664532.59,1022280.957,0.6839,1.0264,1.01,8.1307,8.0022,0.7596,0.4045,0.3529,6.3114,6.3114,1193070.9471,971736.074,647454.9949,18313639.038,14916148.7359,17.02,13.92,172.8236
000002,万科A,全国地产,深圳,19910129,000002.SZ,20230327,15.81,15.83,15.44,15.47,15.81,-0.34,-2.1505,845140.6,1313913.69,0.8697,1.3053,1.34,8.1943,8.0648,0.7655,0.4076,0.3556,6.2625,6.2625,1193070.9471,971736.074,647454.9949,18456807.5516,15032757.0648,17.39,14.23,172.8236
000002,万科A,全国地产,深圳,19910129,000002.SZ,20230324,15.87,15.95,15.62,15.81,15.86,-0.05,-0.3153,779015.89,1228146.582,0.8017,1.2032,1.27,8.3744,8.242,0.7823,0.4166,0.3634,6.1278,6.1278,1193070.9471,971736.074,647454.9949,18862451.6737,15363147.3299,17.45,14.27,172.8236
000002,万科A,全国地产,深圳,19910129,000002.SZ,20230323,15.83,15.91,15.73,15.86,15.9,-0.04,-0.2516,551031.45,871426.99,0.5671,0.8511,0.92,8.4009,8.2681,0.7848,0.4179,0.3646,6.1085,6.1085,1193070.9471,971736.074,647454.9949,18922105.221,15411734.1336,17.49,14.31,172.8236
000002,万科A,全国地产,深圳,19910129,000002.SZ,20230322,15.76,15.99,15.68,15.9,15.74,0.16,1.0165,662350.61,1050763.522,0.6816,1.023,1.17,8.422,8.289,0.7868,0.4189,0.3655,6.0931,6.0931,1193070.9471,971736.074,647454.9949,18969828.0589,15450603.5766,17.31,14.17,172.8236
000002,万科A,全国地产,深圳,19910129,000002.SZ,20230321,15.72,15.82,15.64,15.74,15.72,0.02,0.1272,467558.77,734087.325,0.4812,0.7221,0.79,8.3373,8.2055,0.7789,0.4147,0.3618,6.155,6.155,1193070.9471,971736.074,647454.9949,18778936.7074,15295125.8048,17.29,14.15,172.8236
000002,万科A,全国地产,深圳,19910129,000002.SZ,20230320,15.96,16.08,15.67,15.72,15.9,-0.18,-1.1321,690895.77,1092802.294,0.711,1.0671,1.25,8.3267,8.1951,0.7779,0.4142,0.3614,6.1629,6.1629,1193070.9471,971736.074,647454.9949,18755075.2884,15275691.0833,17.49,14.31,172.8236
000002,万科A,全国地产,深圳,19910129,000002.SZ,20230317,15.89,16.12,15.81,15.9,15.75,0.15,0.9524,703929.63,1122568.974,0.7244,1.0872,1.36,8.422,8.289,0.7868,0.4189,0.3655,6.0931,6.0931,1193070.9471,971736.074,647454.9949,18969828.0589,15450603.5766,17.33,14.18,172.8236
000002,万科A,全国地产,深圳,19910129,000002.SZ,20230316,15.79,15.94,15.58,15.75,15.86,-0.11,-0.6936,482685.89,762875.485,0.4967,0.7455,0.91,8.3426,8.2108,0.7794,0.415,0.3621,6.1511,6.1511,1193070.9471,971736.074,647454.9949,18790867.4168,15304843.1655,17.45,14.27,172.8236
000002,万科A,全国地产,深圳,19910129,000002.SZ,20230315,15.81,15.97,15.77,15.86,15.75,0.11,0.6984,487744.21,774104.066,0.5019,0.7533,0.82,8.4009,8.2681,0.7848,0.4179,0.3646,6.1085,6.1085,1193070.9471,971736.074,647454.9949,18922105.221,15411734.1336,17.33,14.18,172.8236
000002,万科A,全国地产,深圳,19910129,000002.SZ,20230314,15.84,16.06,15.62,15.75,15.84,-0.09,-0.5682,583277.76,922276.388,0.6002,0.9009,0.89,8.3426,8.2108,0.7794,0.415,0.3621,6.1511,6.1511,1193070.9471,971736.074,647454.9949,18790867.4168,15304843.1655,17.42,14.26,172.8236
000002,万科A,全国地产,深圳,19910129,000002.SZ,20230313,15.83,16.0,15.71,15.84,15.83,0.01,0.0632,510264.1,807968.031,0.5251,0.7881,0.66,8.3903,8.2577,0.7838,0.4174,0.3641,6.1162,6.1162,1193070.9471,971736.074,647454.9949,18898243.8021,15392299.4122,17.41,14.25,172.8236
000002,万科A,全国地产,深圳,19910129,000002.SZ,20230310,15.99,16.05,15.77,15.83,16.12,-0.29,-1.799,532489.17,845975.858,0.548,0.8224,0.63,8.385,8.2525,0.7833,0.4171,0.3639,6.12,6.12,1193070.9471,971736.074,647454.9949,18886313.0926,15382582.0514,17.73,14.51,172.8236
000002,万科A,全国地产,深圳,19910129,000002.SZ,20230309,16.11,16.34,16.1,16.12,16.09,0.03,0.1865,551707.87,893633.764,0.5678,0.8521,0.54,8.3239,8.1923,0.7776,0.4141,0.3613,6.0099,6.0099,1163070.9471,971736.074,647454.9949,18748703.6673,15664385.5129,17.7,14.48,172.8236
000002,万科A,全国地产,深圳,19910129,000002.SZ,20230308,16.14,16.19,15.95,16.09,16.13,-0.04,-0.248,801018.68,1285441.811,0.8243,1.2372,0.79,8.3084,8.1771,0.7762,0.4133,0.3606,6.0211,6.0211,1163070.9471,971736.074,647454.9949,18713811.5388,15635233.4307,17.74,14.52,172.8236
000002,万科A,全国地产,深圳,19910129,000002.SZ,20230307,16.45,16.56,16.11,16.13,16.45,-0.32,-1.9453,896477.34,1463074.984,0.9226,1.3846,0.91,8.329,8.1974,0.7781,0.4143,0.3615,6.0062,6.0062,1163070.9471,971736.074,647454.9949,18760334.3767,15674102.8736,18.1,14.81,172.8236
000002,万科A,全国地产,深圳,19910129,000002.SZ,20230306,16.81,16.81,16.39,16.45,16.81,-0.36,-2.1416,1094292.47,1807776.504,1.1261,1.6901,1.31,8.4943,8.36,0.7935,0.4225,0.3687,5.8894,5.8894,1163070.9471,971736.074,647454.9949,19132517.0798,15985058.4173,18.49,15.13,172.8236
000002,万科A,全国地产,深圳,19910129,000002.SZ,20230303,16.76,16.83,16.58,16.81,16.73,0.08,0.4782,853120.15,1425042.514,0.8779,1.3177,1.11,8.6802,8.543,0.8109,0.4318,0.3767,5.7632,5.7632,1163070.9471,971736.074,647454.9949,19551222.6208,16334883.4039,18.4,15.06,172.8236
000002,万科A,全国地产,深圳,19910129,000002.SZ,20230302,17.0,17.02,16.68,16.73,17.22,-0.49,-2.8455,1456360.5,2445438.225,1.4987,2.2494,2.6,8.6389,8.5023,0.807,0.4297,0.3749,5.7908,5.7908,1163070.9471,971736.074,647454.9949,19458176.945,16257144.518,18.94,15.5,172.8236
000002,万科A,全国地产,深圳,19910129,000002.SZ,20230301,17.07,17.23,17.0,17.22,17.14,0.08,0.4667,773277.02,1323358.805,0.7958,1.1943,1.61,8.8919,8.7514,0.8307,0.4423,0.3859,5.626,5.626,1163070.9471,971736.074,647454.9949,20028081.7091,16733295.1943,18.85,15.43,172.8236
000002,万科A,全国地产,深圳,19910129,000002.SZ,20230228,17.23,17.26,16.91,17.14,17.18,-0.04,-0.2328,734644.03,1250302.163,0.756,1.1347,1.48,8.8506,8.7107,0.8268,0.4403,0.3841,5.6523,5.6523,1163070.9471,971736.074,647454.9949,19935036.0333,16655556.3084,18.9,15.46,172.8236
000002,万科A,全国地产,深圳,19910129,000002.SZ,20230227,17.23,17.4,17.16,17.18,17.22,-0.04,-0.2323,369424.1,637672.052,0.3802,0.5706,0.63,8.8712,8.731,0.8287,0.4413,0.385,5.6391,5.6391,1163070.9471,971736.074,647454.9949,19981558.8712,16694425.7513,18.94,15.5,172.8236
000002,万科A,全国地产,深圳,19910129,000002.SZ,20230224,17.51,17.54,17.13,17.22,17.47,-0.25,-1.431,522141.88,901030.906,0.5373,0.8065,0.9,8.8919,8.7514,0.8307,0.4423,0.3859,5.626,5.626,1163070.9471,971736.074,647454.9949,20028081.7091,16733295.1943,19.22,15.72,172.8236
000002,万科A,全国地产,深圳,19910129,000002.SZ,20230223,17.46,17.64,17.4,17.47,17.43,0.04,0.2295,402953.86,705286.111,0.4147,0.6224,0.62,9.021,8.8784,0.8427,0.4487,0.3915,5.5455,5.5455,1163070.9471,971736.074,647454.9949,20318849.4458,16976229.2128,19.17,15.69,172.8236
000002,万科A,全国地产,深圳,19910129,000002.SZ,20230222,17.41,17.53,17.4,17.43,17.63,-0.2,-1.1344,374754.2,653483.958,0.3857,0.5788,0.53,9.0003,8.8581,0.8408,0.4477,0.3906,5.5582,5.5582,1163070.9471,971736.074,647454.9949,20272326.608,16937359.7698,19.39,15.87,172.8236
000002,万科A,全国地产,深圳,19910129,000002.SZ,20230221,17.88,17.97,17.53,17.63,17.56,0.07,0.3986,806482.42,1428804.708,0.8299,1.2456,1.23,9.1036,8.9597,0.8504,0.4528,0.3951,5.4952,5.4952,1163070.9471,971736.074,647454.9949,20504940.7974,17131706.9846,19.32,15.8,172.8236
000002,万科A,全国地产,深圳,19910129,000002.SZ,20230220,17.08,17.66,17.08,17.56,17.09,0.47,2.7501,834305.6,1451116.357,0.8586,1.2886,1.3,9.0674,8.9242,0.8471,0.4511,0.3935,5.5171,5.5171,1163070.9471,971736.074,647454.9949,20423525.8311,17063685.4594,18.8,15.38,172.8236
000002,万科A,全国地产,深圳,19910129,000002.SZ,20230217,17.28,17.39,17.08,17.09,17.33,-0.24,-1.3849,488838.02,842010.133,0.5031,0.755,0.77,8.8247,8.6853,0.8244,0.439,0.383,5.6688,5.6688,1163070.9471,971736.074,647454.9949,19876882.4859,16606969.5047,19.06,15.6,172.8236
000002,万科A,全国地产,深圳,19910129,000002.SZ,20230216,17.35,17.68,17.18,17.33,17.34,-0.01,-0.0577,727256.27,1270775.881,0.7484,1.1233,1.25,8.9487,8.8073,0.836,0.4451,0.3884,5.5903,5.5903,1163070.9471,971736.074,647454.9949,20156019.5132,16840186.1624,19.07,15.61,172.8236
000002,万科A,全国地产,深圳,19910129,000002.SZ,20230215,17.6,17.63,17.27,17.34,17.71,-0.37,-2.0892,658286.12,1142728.844,0.6774,1.0167,1.22,8.9538,8.8124,0.8365,0.4454,0.3886,5.5871,5.5871,1163070.9471,971736.074,647454.9949,20167650.2227,16849903.5232,19.48,15.94,172.8236
000002,万科A,全国地产,深圳,19910129,000002.SZ,20230214,17.68,17.9,17.57,17.71,17.66,0.05,0.2831,573618.07,1016643.12,0.5903,0.886,0.92,9.1449,9.0004,0.8543,0.4549,0.3969,5.4704,5.4704,1163070.9471,971736.074,647454.9949,20597986.4731,17209445.8705,19.43,15.89,172.8236
000002,万科A,全国地产,深圳,19910129,000002.SZ,20230213,17.35,17.75,17.17,17.66,17.67,-0.01,-0.0566,771729.86,1351370.296,0.7942,1.1919,1.07,9.1191,8.975,0.8519,0.4536,0.3958,5.4859,5.4859,1163070.9471,971736.074,647454.9949,20539832.9258,17160859.0668,19.44,15.9,172.8236
000002,万科A,全国地产,深圳,19910129,000002.SZ,20230210,17.64,17.9,17.5,17.67,17.67,0.0,0.0,449961.07,795674.133,0.463,0.695,0.62,9.1242,8.9801,0.8524,0.4539,0.396,5.4828,5.4828,1163070.9471,971736.074,647454.9949,20551463.6353,17170576.4276,19.44,15.9,172.8236
000002,万科A,全国地产,深圳,19910129,000002.SZ,20230209,17.49,17.83,17.41,17.67,17.5,0.17,0.9714,463508.35,819148.07,0.477,0.7159,0.6,9.1242,8.9801,0.8524,0.4539,0.396,5.4828,5.4828,1163070.9471,971736.074,647454.9949,20551463.6353,17170576.4276,19.25,15.75,172.8236
000002,万科A,全国地产,深圳,19910129,000002.SZ,20230208,17.54,17.84,17.47,17.5,17.56,-0.06,-0.3417,436367.36,768911.654,0.4491,0.674,0.53,9.0365,8.8937,0.8442,0.4495,0.3922,5.536,5.536,1163070.9471,971736.074,647454.9949,20353741.5743,17005381.295,19.32,15.8,172.8236
000002,万科A,全国地产,深圳,19910129,000002.SZ,20230207,17.28,17.8,17.22,17.56,17.28,0.28,1.6204,1007424.54,1769210.774,1.0367,1.556,1.32,9.0674,8.9242,0.8471,0.4511,0.3935,5.5171,5.5171,1163070.9471,971736.074,647454.9949,20423525.8311,17063685.4594,19.01,15.55,172.8236
000002,万科A,全国地产,深圳,19910129,000002.SZ,20230206,17.75,17.76,17.2,17.28,17.97,-0.69,-3.8397,1240827.14,2153492.511,1.2769,1.9165,1.61,8.9229,8.7819,0.8336,0.4439,0.3873,5.6065,5.6065,1163070.9471,971736.074,647454.9949,20097865.9659,16791599.3587,19.77,16.17,172.8236
000002,万科A,全国地产,深圳,19910129,000002.SZ,20230203,18.12,18.12,17.88,17.97,18.18,-0.21,-1.1551,497584.37,893421.833,0.5121,0.7685,0.64,9.2791,9.1325,0.8669,0.4616,0.4027,5.3912,5.3912,1163070.9471,971736.074,647454.9949,20900384.9194,17462097.2498,20.0,16.36,172.8236
000002,万科A,全国地产,深圳,19910129,000002.SZ,20230202,18.18,18.38,17.93,18.18,18.19,-0.01,-0.055,707210.89,1283125.789,0.7278,1.0923,0.93,9.3876,9.2392,0.877,0.467,0.4074,5.3289,5.3289,1163070.9471,971736.074,647454.9949,21144629.8183,17666161.8253,20.01,16.37,172.8236
000002,万科A,全国地产,深圳,19910129,000002.SZ,20230201,18.2,18.28,17.9,18.19,18.29,-0.1,-0.5467,690810.89,1246611.679,0.7109,1.067,0.95,9.3927,9.2443,0.8775,0.4672,0.4076,5.326,5.326,1163070.9471,971736.074,647454.9949,21156260.5277,17675879.1861,20.12,16.46,172.8236
000002,万科A,全国地产,深圳,19910129,000002.SZ,20230131,18.08,18.35,17.95,18.29,18.09,0.2,1.1056,689203.41,1255458.743,0.7092,1.0645,0.99,9.4444,9.2952,0.8823,0.4698,0.4099,5.2969,5.2969,1163070.9471,971736.074,647454.9949,21272567.6225,17773052.7935,19.9,16.28,172.8236
000002,万科A,全国地产,深圳,19910129,000002.SZ,20230130,18.88,19.0,18.0,18.09,18.58,-0.49,-2.6372,1270473.51,2315151.336,1.3074,1.9623,2.21,9.3411,9.1935,0.8726,0.4647,0.4054,5.3555,5.3555,1163070.9471,971736.074,647454.9949,21039953.433,17578705.5787,20.44,16.72,172.8236
000002,万科A,全国地产,深圳,19910129,000002.SZ,20230120,18.49,18.65,18.35,18.58,18.55,0.03,0.1617,504114.09,933806.302,0.5188,0.7786,0.91,9.5941,9.4425,0.8963,0.4773,0.4164,5.2142,5.2142,1163070.9471,971736.074,647454.9949,21609858.1971,18054856.2549,20.41,16.7,172.8236
000002,万科A,全国地产,深圳,19910129,000002.SZ,20230119,18.44,18.55,18.1,18.55,18.48,0.07,0.3788,634378.98,1161720.123,0.6528,0.9798,1.12,9.5786,9.4273,0.8948,0.4765,0.4157,5.2227,5.2227,1163070.9471,971736.074,647454.9949,21574966.0687,18025704.1727,20.33,16.63,172.8236
000002,万科A,全国地产,深圳,19910129,000002.SZ,20230118,18.75,18.95,18.44,18.48,18.74,-0.26,-1.3874,531589.34,987395.603,0.5471,0.821,0.9,9.5425,9.3917,0.8915,0.4747,0.4141,5.2424,5.2424,1163070.9471,971736.074,647454.9949,21493551.1024,17957682.6475,20.61,16.87,172.8236
000002,万科A,全国地产,深圳,19910129,000002.SZ,20230117,18.73,18.85,18.36,18.74,18.7,0.04,0.2139,531441.58,988946.55,0.5469,0.8208,0.91,9.6768,9.5238,0.904,0.4814,0.42,5.1697,5.1697,1163070.9471,971736.074,647454.9949,21795949.5487,18210334.0268,20.57,16.83,172.8236
000002,万科A,全国地产,深圳,19910129,000002.SZ,20230116,18.78,18.9,18.46,18.7,18.78,-0.08,-0.426,668752.61,1248278.214,0.6882,1.0329,1.14,9.6561,9.5035,0.9021,0.4803,0.4191,5.1808,5.1808,1163070.9471,971736.074,647454.9949,21749426.7108,18171464.5838,20.66,16.9,172.8236
000002,万科A,全国地产,深圳,19910129,000002.SZ,20230113,18.45,18.78,18.45,18.78,18.6,0.18,0.9677,414361.77,771628.015,0.4264,0.64,0.64,9.6974,9.5442,0.9059,0.4824,0.4209,5.1587,5.1587,1163070.9471,971736.074,647454.9949,21842472.3865,18249203.4697,20.46,16.74,172.8236
000002,万科A,全国地产,深圳,19910129,000002.SZ,20230112,18.85,18.88,18.31,18.6,18.99,-0.39,-2.0537,679412.98,1260184.289,0.6992,1.0494,1.04,9.6045,9.4527,0.8972,0.4778,0.4168,5.2086,5.2086,1163070.9471,971736.074,647454.9949,21633119.6161,18074290.9764,20.89,17.09,172.8236
000002,万科A,全国地产,深圳,19910129,000002.SZ,20230111,18.82,19.31,18.8,18.99,18.8,0.19,1.0106,669312.89,1273464.59,0.6888,1.0338,0.91,9.8058,9.6509,0.9161,0.4878,0.4256,5.1016,5.1016,1163070.9471,971736.074,647454.9949,22086717.2854,18453268.0453,20.68,16.92,172.8236
000002,万科A,全国地产,深圳,19910129,000002.SZ,20230110,18.78,18.97,18.65,18.8,18.78,0.02,0.1065,482080.09,906180.275,0.4961,0.7446,0.63,9.7077,9.5543,0.9069,0.4829,0.4213,5.1532,5.1532,1163070.9471,971736.074,647454.9949,21865733.8055,18268638.1912,20.66,16.9,172.8236
000002,万科A,全国地产,深圳,19910129,000002.SZ,20230109,19.29,19.35,18.68,18.78,19.22,-0.44,-2.2893,685065.76,1292008.008,0.705,1.0581,0.93,9.6974,9.5442,0.9059,0.4824,0.4209,5.1587,5.1587,1163070.9471,971736.074,647454.9949,21842472.3865,18249203.4697,21.14,17.3,172.8236
000002,万科A,全国地产,深圳,19910129,000002.SZ,20230106,19.61,19.69,19.0,19.22,19.33,-0.11,-0.5691,721239.76,1391208.648,0.7422,1.114,1.02,9.9246,9.7678,0.9271,0.4937,0.4307,5.0406,5.0406,1163070.9471,971736.074,647454.9949,22354223.6033,18676767.3423,21.26,17.4,172.8236
000002,万科A,全国地产,深圳,19910129,000002.SZ,20230105,19.0,19.48,18.9,19.33,19.07,0.26,1.3634,705245.23,1357011.735,0.7258,1.0893,1.09,9.9814,9.8237,0.9325,0.4965,0.4332,5.0119,5.0119,1163070.9471,971736.074,647454.9949,22482161.4074,18783658.3104,20.98,17.16,172.8236
000002,万科A,全国地产,深圳,19910129,000002.SZ,20230104,18.25,19.28,18.07,19.07,18.23,0.84,4.6078,1087146.91,2060317.406,1.1188,1.6791,2.08,9.8472,9.6916,0.9199,0.4898,0.4274,5.0802,5.0802,1163070.9471,971736.074,647454.9949,22179762.9612,18531006.9312,20.05,16.41,172.8236
000002,万科A,全国地产,深圳,19910129,000002.SZ,20230103,18.1,18.5,17.88,18.23,18.2,0.03,0.1648,636399.63,1158945.281,0.6549,0.9829,1.24,9.4134,9.2647,0.8794,0.4683,0.4085,5.3143,5.3143,1163070.9471,971736.074,647454.9949,21202783.3656,17714748.629,20.02,16.38,172.8236
000002,万科A,全国地产,深圳,19910129,000002.SZ,20221230,18.23,18.32,17.93,18.2,18.16,0.04,0.2203,514863.83,935144.077,0.5298,0.7952,1.08,9.3979,9.2494,0.8779,0.4675,0.4079,6.8681,5.3231,1163070.9471,971736.074,647454.9949,21167891.2372,17685596.5468,19.98,16.34,172.8236
000002,万科A,全国地产,深圳,19910129,000002.SZ,20221229,18.49,18.52,17.96,18.16,18.58,-0.42,-2.2605,606868.83,1099884.563,0.6245,0.9373,1.39,9.3773,9.2291,0.876,0.4665,0.407,6.8833,5.3348,1163070.9471,971736.074,647454.9949,21121368.3993,17646727.1038,20.44,16.72,172.8236
000002,万科A,全国地产,深圳,19910129,000002.SZ,20221228,18.48,18.79,18.3,18.58,18.51,0.07,0.3782,397502.52,736417.992,0.4091,0.6139,0.88,9.5941,9.4425,0.8963,0.4773,0.4164,6.7277,5.2142,1163070.9471,971736.074,647454.9949,21609858.1971,18054856.2549,20.36,16.66,172.8236
000002,万科A,全国地产,深圳,19910129,000002.SZ,20221227,18.44,18.91,18.4,18.51,18.37,0.14,0.7621,459403.71,855405.355,0.4728,0.7096,0.93,9.558,9.407,0.8929,0.4755,0.4148,6.7531,5.2339,1163070.9471,971736.074,647454.9949,21528443.2308,17986834.7297,20.21,16.53,172.8236
000002,万科A,全国地产,深圳,19910129,000002.SZ,20221226,18.74,18.75,18.2,18.37,18.78,-0.41,-2.1832,578845.07,1063343.596,0.5957,0.894,1.08,9.4857,9.3358,0.8861,0.4719,0.4117,6.8046,5.2738,1163070.9471,971736.074,647454.9949,21365613.2982,17850791.6794,20.66,16.9,172.8236
000002,万科A,全国地产,深圳,19910129,000002.SZ,20221223,18.59,18.96,18.48,18.78,18.73,0.05,0.267,331003.4,619945.293,0.3406,0.5112,0.5,9.6974,9.5442,0.9059,0.4824,0.4209,6.656,5.1587,1163070.9471,971736.074,647454.9949,21842472.3865,18249203.4697,20.6,16.86,172.8236
000002,万科A,全国地产,深圳,19910129,000002.SZ,20221222,18.93,19.06,18.61,18.73,18.7,0.03,0.1604,412155.56,776149.748,0.4241,0.6366,0.54,9.6716,9.5188,0.9035,0.4811,0.4197,6.6738,5.1725,1163070.9471,971736.074,647454.9949,21784318.8392,18200616.666,20.57,16.83,172.8236
000002,万科A,全国地产,深圳,19910129,000002.SZ,20221221,18.83,18.96,18.59,18.7,18.71,-0.01,-0.0534,471299.66,883042.188,0.485,0.7279,0.57,9.6561,9.5035,0.9021,0.4803,0.4191,6.6845,5.1808,1163070.9471,971736.074,647454.9949,21749426.7108,18171464.5838,20.58,16.84,172.8236
000002,万科A,全国地产,深圳,19910129,000002.SZ,20221220,18.8,19.16,18.45,18.71,19.35,-0.64,-3.3075,673299.49,1267532.132,0.6929,1.0399,0.8,9.6613,9.5086,0.9025,0.4806,0.4193,6.6809,5.178,1163070.9471,971736.074,647454.9949,21761057.4202,18181181.9445,21.29,17.42,172.8236
000002,万科A,全国地产,深圳,19910129,000002.SZ,20221219,19.5,19.9,19.1,19.35,19.38,-0.03,-0.1548,781337.72,1518417.577,0.8041,1.2068,0.85,9.9917,9.8339,0.9334,0.497,0.4336,6.4599,5.0067,1163070.9471,971736.074,647454.9949,22505422.8264,18803093.0319,21.32,17.44,172.8236
000002,万科A,全国地产,深圳,19910129,000002.SZ,20221216,19.36,19.79,19.03,19.38,19.12,0.26,1.3598,976937.63,1900376.962,1.0054,1.5089,0.84,10.0072,9.8491,0.9349,0.4978,0.4343,6.4499,4.999,1163070.9471,971736.074,647454.9949,22540314.9548,18832245.1141,21.03,17.21,172.8236
000002,万科A,全国地产,深圳,19910129,000002.SZ,20221215,18.88,19.24,18.5,19.12,19.25,-0.13,-0.6753,915828.17,1723767.162,0.9425,1.4145,0.72,9.873,9.717,0.9223,0.4911,0.4285,6.5377,5.067,1163070.9471,971736.074,647454.9949,22237916.5086,18579593.7349,21.18,17.33,172.8236
000002,万科A,全国地产,深圳,19910129,000002.SZ,20221214,19.4,19.6,19.05,19.25,19.48,-0.23,-1.1807,790763.58,1524377.946,0.8138,1.2213,0.56,9.9401,9.783,0.9286,0.4945,0.4314,6.4935,5.0327,1163070.9471,971736.074,647454.9949,22389115.7317,18705919.4245,21.43,17.53,172.8236
000002,万科A,全国地产,深圳,19910129,000002.SZ,20221213,19.45,19.6,19.16,19.48,19.45,0.03,0.1542,752615.03,1460346.558,0.7745,1.1624,0.51,10.0589,9.8999,0.9397,0.5004,0.4366,6.4168,4.9733,1163070.9471,971736.074,647454.9949,22656622.0495,18929418.7215,21.4,17.51,172.8236
000002,万科A,全国地产,深圳,19910129,000002.SZ,20221212,20.11,20.25,19.36,19.45,20.46,-1.01,-4.9365,1159201.79,2288939.781,1.1929,1.7904,0.71,10.0434,9.8847,0.9382,0.4996,0.4359,6.4267,4.981,1163070.9471,971736.074,647454.9949,22621729.9211,18900266.6393,22.51,18.41,172.8236
000002,万科A,全国地产,深圳,19910129,000002.SZ,20221209,19.37,20.63,19.26,20.46,19.38,1.08,5.5728,2177339.59,4380717.63,2.2407,3.3629,1.4,10.5649,10.398,0.987,0.5255,0.4585,6.1095,4.7351,1163070.9471,971736.074,647454.9949,23796431.5777,19881720.074,21.32,17.44,172.8236
000002,万科A,全国地产,深圳,19910129,000002.SZ,20221208,18.55,19.5,18.53,19.38,18.5,0.88,4.7568,1514867.93,2900379.908,1.5589,2.3397,0.95,10.0072,9.8491,0.9349,0.4978,0.4343,6.4499,4.999,1163070.9471,971736.074,647454.9949,22540314.9548,18832245.1141,20.35,16.65,172.8236
000002,万科A,全国地产,深圳,19910129,000002.SZ,20221207,18.91,19.17,18.3,18.5,19.18,-0.68,-3.5454,1396794.64,2596529.613,1.4374,2.1574,0.75,9.5528,9.4019,0.8924,0.4752,0.4146,6.7568,5.2368,1163070.9471,971736.074,647454.9949,21516812.5214,17977117.369,21.1,17.26,172.8236
000002,万科A,全国地产,深圳,19910129,000002.SZ,20221206,18.8,19.26,18.45,19.18,18.92,0.26,1.3742,1114423.51,2120240.42,1.1468,1.7212,0.52,9.904,9.7475,0.9252,0.4927,0.4298,6.5172,5.0511,1163070.9471,971736.074,647454.9949,22307700.7654,18637897.8993,20.81,17.03,172.8236
000002,万科A,全国地产,深圳,19910129,000002.SZ,20221205,18.9,19.4,18.82,18.92,18.39,0.53,2.882,1937124.2,3707004.415,1.9935,2.9919,0.94,9.7697,9.6153,0.9127,0.486,0.424,6.6068,5.1205,1163070.9471,971736.074,647454.9949,22005302.3191,18385246.5201,20.23,16.55,172.8236
000002,万科A,全国地产,深圳,19910129,000002.SZ,20221202,18.5,18.74,17.78,18.39,19.0,-0.61,-3.2105,1811996.84,3304802.525,1.8647,2.7986,0.83,9.496,9.346,0.8871,0.4724,0.4121,6.7972,5.2681,1163070.9471,971736.074,647454.9949,21388874.7172,17870226.4009,20.9,17.1,172.8236
000002,万科A,全国地产,深圳,19910129,000002.SZ,20221201,18.37,19.14,18.33,19.0,18.65,0.35,1.8767,1719254.89,3232368.252,1.7693,2.6554,0.82,9.811,9.656,0.9165,0.488,0.4258,6.5789,5.099,1163070.9471,971736.074,647454.9949,22098347.9949,18462985.406,20.52,16.79,172.8236
000002,万科A,全国地产,深圳,19910129,000002.SZ,20221130,19.0,19.69,18.5,18.65,18.83,-0.18,-0.9559,2745341.74,5216426.117,2.8252,4.2402,1.66,9.6303,9.4781,0.8997,0.479,0.418,6.7024,5.1947,1163070.9471,971736.074,647454.9949,21691273.1634,18122877.7801,20.71,16.95,172.8236
000002,万科A,全国地产,深圳,19910129,000002.SZ,20221129,17.98,18.83,17.86,18.83,17.12,1.71,9.9883,2545602.97,4684526.916,2.6196,3.9317,1.94,9.7232,9.5696,0.9083,0.4837,0.422,6.6383,5.145,1163070.9471,971736.074,647454.9949,21900625.9339,18297790.2734,18.83,15.41,172.8236
000002,万科A,全国地产,深圳,19910129,000002.SZ,20221128,16.89,17.3,16.63,17.12,17.32,-0.2,-1.1547,1468521.35,2494557.511,1.5112,2.2681,1.26,8.8402,8.7005,0.8258,0.4397,0.3837,7.3014,5.6589,1163070.9471,971736.074,647454.9949,19911774.6144,16636121.5869,19.05,15.59,172.8236
000002,万科A,全国地产,深圳,19910129,000002.SZ,20221125,16.2,17.45,16.19,17.32,16.02,1.3,8.1149,2468986.19,4171659.422,2.5408,3.8134,3.05,8.9435,8.8022,0.8355,0.4449,0.3881,7.2171,5.5935,1163070.9471,971736.074,647454.9949,20144388.8038,16830468.8017,17.62,14.42,172.8236
000002,万科A,全国地产,深圳,19910129,000002.SZ,20221124,16.03,16.17,15.76,16.02,15.49,0.53,3.4216,1316717.22,2102615.43,1.355,2.0337,1.83,8.2722,8.1415,0.7728,0.4115,0.359,7.8027,6.0475,1163070.9471,971736.074,647454.9949,18632396.5725,15567211.9055,17.04,13.94,172.8236
000002,万科A,全国地产,深圳,19910129,000002.SZ,20221123,15.4,15.73,15.38,15.49,15.6,-0.11,-0.7051,467412.67,725267.999,0.481,0.7219,0.56,7.9986,7.8722,0.7472,0.3979,0.3471,8.0697,6.2544,1163070.9471,971736.074,647454.9949,18015968.9706,15052191.7863,17.16,14.04,172.8236
000002,万科A,全国地产,深圳,19910129,000002.SZ,20221122,15.8,15.95,15.39,15.6,15.57,0.03,0.1927,828368.74,1295600.189,0.8525,1.2794,0.84,8.0554,7.9281,0.7525,0.4007,0.3496,8.0128,6.2103,1163070.9471,971736.074,647454.9949,18143906.7748,15159082.7544,17.13,14.01,172.8236
000002,万科A,全国地产,深圳,19910129,000002.SZ,20221121,15.57,15.6,15.08,15.57,15.65,-0.08,-0.5112,763224.05,1170548.957,0.7854,1.1788,0.54,8.0399,7.9128,0.7511,0.3999,0.3489,8.0283,6.2222,1163070.9471,971736.074,647454.9949,18109014.6463,15129930.6722,17.22,14.09,172.8236
000002,万科A,全国地产,深圳,19910129,000002.SZ,20221118,15.78,15.93,15.58,15.65,15.81,-0.16,-1.012,675147.48,1061066.955,0.6948,1.0428,0.37,8.0812,7.9535,0.7549,0.402,0.3507,7.9872,6.1904,1163070.9471,971736.074,647454.9949,18202060.3221,15207669.5581,17.39,14.23,172.8236
000002,万科A,全国地产,深圳,19910129,000002.SZ,20221117,15.87,16.0,15.57,15.81,15.86,-0.05,-0.3153,862267.2,1359627.5,0.8873,1.3318,0.48,8.1638,8.0348,0.7627,0.4061,0.3543,7.9064,6.1278,1163070.9471,971736.074,647454.9949,18388151.6737,15363147.3299,17.45,14.27,172.8236
000002,万科A,全国地产,深圳,19910129,000002.SZ,20221116,16.14,16.24,15.72,15.86,16.35,-0.49,-2.9969,1072128.47,1704672.479,1.1033,1.6559,0.57,8.1896,8.0602,0.7651,0.4074,0.3554,7.8815,6.1085,1163070.9471,971736.074,647454.9949,18446305.221,15411734.1336,17.99,14.72,172.8236
000002,万科A,全国地产,深圳,19910129,000002.SZ,20221115,16.3,16.58,16.0,16.35,16.39,-0.04,-0.2441,1542256.29,2511540.463,1.5871,2.382,0.89,8.4426,8.3092,0.7887,0.42,0.3664,7.6453,5.9254,1163070.9471,971736.074,647454.9949,19016209.9851,15887884.8099,18.03,14.75,172.8236
000002,万科A,全国地产,深圳,19910129,000002.SZ,20221114,16.19,16.84,15.99,16.39,15.76,0.63,3.9975,2850606.28,4673831.8,2.9335,4.4028,2.17,8.4633,8.3296,0.7906,0.421,0.3673,7.6266,5.9109,1163070.9471,971736.074,647454.9949,19062732.823,15926754.2529,17.34,14.18,172.8236
000002,万科A,全国地产,深圳,19910129,000002.SZ,20221111,14.73,15.76,14.66,15.76,14.33,1.43,9.9791,2911654.04,4449223.899,2.9963,4.4971,3.07,8.138,8.0094,0.7602,0.4048,0.3532,7.9315,6.1472,1163070.9471,971736.074,647454.9949,18329998.1263,15314560.5262,15.76,12.9,172.8236
000002,万科A,全国地产,深圳,19910129,000002.SZ,20221110,14.4,14.52,14.18,14.33,14.55,-0.22,-1.512,641155.72,918750.012,0.6598,0.9903,0.67,7.3996,7.2826,0.6913,0.3681,0.3211,8.723,6.7607,1163070.9471,971736.074,647454.9949,16666806.6719,13924977.9404,16.01,13.1,172.8236
000002,万科A,全国地产,深圳,19910129,000002.SZ,20221109,14.65,14.99,14.45,14.55,14.26,0.29,2.0337,1393489.52,2049047.168,1.434,2.1523,1.59,7.5132,7.3944,0.7019,0.3737,0.3261,8.5911,6.6584,1163070.9471,971736.074,647454.9949,16922682.2803,14138759.8767,15.69,12.83,172.8236
000002,万科A,全国地产,深圳,19910129,000002.SZ,20221108,14.2,14.56,14.11,14.26,14.23,0.03,0.2108,844438.73,1205228.54,0.869,1.3042,0.89,7.3634,7.2471,0.6879,0.3663,0.3196,8.7658,6.7938,1163070.9471,971736.074,647454.9949,16585391.7056,13856956.4152,15.65,12.81,172.8236
000002,万科A,全国地产,深圳,19910129,000002.SZ,20221107,13.91,14.28,13.9,14.23,14.04,0.19,1.3533,780289.43,1102606.762,0.803,1.2052,0.68,7.3479,7.2318,0.6864,0.3655,0.3189,8.7843,6.8082,1163070.9471,971736.074,647454.9949,16550499.5772,13827804.333,15.44,12.64,172.8236
000002,万科A,全国地产,深圳,19910129,000002.SZ,20221104,13.58,14.09,13.55,14.04,13.64,0.4,2.9326,1077514.38,1500447.963,1.1089,1.6642,0.95,7.2498,7.1353,0.6773,0.3606,0.3146,8.9031,6.9003,1163070.9471,971736.074,647454.9949,16329516.0973,13643174.479,15.0,12.28,172.8236
000002,万科A,全国地产,深圳,19910129,000002.SZ,20221103,13.75,13.88,13.54,13.64,13.91,-0.27,-1.941,716067.1,979079.593,0.7369,1.106,0.59,7.0433,6.932,0.658,0.3504,0.3057,9.1642,7.1027,1163070.9471,971736.074,647454.9949,15864287.7184,13254480.0494,15.3,12.52,172.8236
000002,万科A,全国地产,深圳,19910129,000002.SZ,20221102,13.65,14.09,13.5,13.91,13.86,0.05,0.3608,975902.32,1353942.239,1.0043,1.5073,0.75,7.1827,7.0692,0.671,0.3573,0.3117,8.9863,6.9648,1163070.9471,971736.074,647454.9949,16178316.8742,13516848.7893,15.25,12.47,172.8236
000002,万科A,全国地产,深圳,19910129,000002.SZ,20221101,13.5,13.86,13.28,13.86,13.52,0.34,2.5148,1197252.32,1625200.15,1.2321,1.8492,1.02,7.1569,7.0438,0.6686,0.356,0.3106,9.0188,6.9899,1163070.9471,971736.074,647454.9949,16120163.3268,13468261.9856,14.87,12.17,172.8236
000002,万科A,全国地产,深圳,19910129,000002.SZ,20221031,14.08,14.1,13.13,13.52,14.34,-0.82,-5.7183,1799020.12,2434897.199,1.8513,2.7786,1.81,6.9813,6.871,0.6522,0.3473,0.303,9.2456,7.1657,1163070.9471,971736.074,647454.9949,15724719.2048,13137871.7205,15.77,12.91,172.8236
000002,万科A,全国地产,深圳,19910129,000002.SZ,20221028,14.78,14.82,14.31,14.34,14.89,-0.55,-3.6938,996995.09,1448620.565,1.026,1.5399,1.08,7.4047,7.0374,0.712,0.3683,0.3386,8.7169,6.7559,1163070.9471,971736.074,647454.9949,16678437.3814,13934695.3012,16.38,13.4,172.8236
000002,万科A,全国地产,深圳,19910129,000002.SZ,20221027,15.07,15.16,14.88,14.89,15.07,-0.18,-1.1944,1062198.58,1592665.605,1.0931,1.6406,1.32,7.6887,7.3073,0.7393,0.3825,0.3516,8.3949,6.5064,1163070.9471,971736.074,647454.9949,17318126.4023,14469150.1419,16.58,13.56,172.8236
000002,万科A,全国地产,深圳,19910129,000002.SZ,20221026,15.55,15.61,14.98,15.07,15.55,-0.48,-3.0868,1426072.65,2159205.45,1.4676,2.2026,2.17,7.7817,7.3956,0.7483,0.3871,0.3558,8.2946,6.4287,1163070.9471,971736.074,647454.9949,17527479.1728,14644062.6352,17.11,14.0,172.8236
000002,万科A,全国地产,深圳,19910129,000002.SZ,20221025,15.5,15.73,15.38,15.55,15.56,-0.01,-0.0643,591278.36,917749.326,0.6085,0.9132,0.87,8.0295,7.6312,0.7721,0.3994,0.3671,8.0386,6.2302,1163070.9471,971736.074,647454.9949,18085753.2274,15110495.9507,17.12,14.0,172.8236
000002,万科A,全国地产,深圳,19910129,000002.SZ,20221024,16.0,16.03,15.5,15.56,16.19,-0.63,-3.8913,893021.58,1401719.806,0.919,1.3793,1.31,8.0347,7.6361,0.7726,0.3997,0.3674,8.0334,6.2262,1163070.9471,971736.074,647454.9949,18097383.9369,15120213.3114,17.81,14.57,172.8236
000002,万科A,全国地产,深圳,19910129,000002.SZ,20221021,16.3,16.48,16.07,16.19,16.12,0.07,0.4342,658969.56,1071281.707,0.6781,1.0178,0.97,8.36,7.9453,0.8039,0.4159,0.3823,7.7208,5.984,1163070.9471,971736.074,647454.9949,18830118.6335,15732407.0381,17.73,14.51,172.8236
000002,万科A,全国地产,深圳,19910129,000002.SZ,20221020,16.1,16.27,16.02,16.12,16.17,-0.05,-0.3092,449923.17,725438.358,0.463,0.6949,0.62,8.3239,7.9109,0.8004,0.4141,0.3806,7.7543,6.0099,1163070.9471,971736.074,647454.9949,18748703.6673,15664385.5129,17.79,14.55,172.8236
000002,万科A,全国地产,深圳,19910129,000002.SZ,20221019,16.3,16.56,16.17,16.17,16.38,-0.21,-1.2821,694405.97,1130203.988,0.7146,1.0725,0.98,8.3497,7.9355,0.8029,0.4153,0.3818,7.7304,5.9914,1163070.9471,971736.074,647454.9949,18806857.2146,15712972.3166,18.02,14.74,172.8236
000002,万科A,全国地产,深圳,19910129,000002.SZ,20221018,16.6,16.75,16.21,16.38,16.6,-0.22,-1.3253,702688.54,1154282.577,0.7231,1.0853,0.94,8.4581,8.0385,0.8133,0.4207,0.3867,7.6313,5.9145,1163070.9471,971736.074,647454.9949,19051102.1135,15917036.8921,18.26,14.94,172.8236
000002,万科A,全国地产,深圳,19910129,000002.SZ,20221017,16.9,17.03,16.35,16.6,17.02,-0.42,-2.4677,895152.29,1480257.473,0.9212,1.3826,1.18,8.5717,8.1465,0.8243,0.4264,0.3919,7.5301,5.8362,1163070.9471,971736.074,647454.9949,19306977.7219,16130818.8284,18.72,15.32,172.8236
000002,万科A,全国地产,深圳,19910129,000002.SZ,20221014,16.84,17.56,16.84,17.02,16.8,0.22,1.3095,663153.07,1137716.113,0.6824,1.0242,0.83,8.7886,8.3526,0.8451,0.4372,0.4019,7.3443,5.6921,1163070.9471,971736.074,647454.9949,19795467.5196,16538947.9795,18.48,15.12,172.8236
000002,万科A,全国地产,深圳,19910129,000002.SZ,20221013,17.02,17.15,16.42,16.8,17.18,-0.38,-2.2119,702285.92,1172310.955,0.7227,1.0847,0.92,8.675,8.2446,0.8342,0.4315,0.3967,7.4405,5.7667,1163070.9471,971736.074,647454.9949,19539591.9113,16325166.0432,18.9,15.46,172.8236
000002,万科A,全国地产,深圳,19910129,000002.SZ,20221012,16.98,17.45,16.81,17.18,16.98,0.2,1.1779,579587.4,990739.985,0.5964,0.8952,0.76,8.8712,8.4311,0.8531,0.4413,0.4056,7.2759,5.6391,1163070.9471,971736.074,647454.9949,19981558.8712,16694425.7513,18.68,15.28,172.8236
000002,万科A,全国地产,深圳,19910129,000002.SZ,20221011,17.76,17.77,16.74,16.98,17.76,-0.78,-4.3919,887299.65,1516868.803,0.9131,1.3704,1.26,8.7679,8.333,0.8431,0.4362,0.4009,7.3616,5.7055,1163070.9471,971736.074,647454.9949,19748944.6818,16500078.5365,19.54,15.98,172.8236
000002,万科A,全国地产,深圳,19910129,000002.SZ,20221010,17.8,18.42,17.62,17.76,17.83,-0.07,-0.3926,948039.85,1703649.815,0.9756,1.4643,1.44,9.1707,8.7158,0.8819,0.4562,0.4193,7.0383,5.455,1163070.9471,971736.074,647454.9949,20656140.0205,17258032.6742,19.61,16.05,172.8236
000002,万科A,全国地产,深圳,19910129,000002.SZ,20220930,17.54,18.02,17.26,17.83,17.15,0.68,3.965,860904.78,1523629.251,0.8859,1.3297,1.41,9.2069,8.7501,0.8853,0.458,0.421,7.0107,5.4336,1163070.9471,971736.074,647454.9949,20737554.9868,17326054.1994,18.87,15.44,172.8236
000002,万科A,全国地产,深圳,19910129,000002.SZ,20220929,17.68,17.71,17.13,17.15,17.46,-0.31,-1.7755,537109.31,930260.612,0.5527,0.8296,0.86,8.8557,8.4164,0.8516,0.4405,0.4049,7.2886,5.649,1163070.9471,971736.074,647454.9949,19946666.7428,16665273.6691,19.21,15.71,172.8236
000002,万科A,全国地产,深圳,19910129,000002.SZ,20220928,17.48,17.8,17.28,17.46,17.6,-0.14,-0.7955,600846.53,1055384.381,0.6183,0.928,0.92,9.0158,8.5685,0.867,0.4485,0.4122,7.1592,5.5487,1163070.9471,971736.074,647454.9949,20307218.7364,16966511.852,19.36,15.84,172.8236
000002,万科A,全国地产,深圳,19910129,000002.SZ,20220927,17.38,17.79,17.24,17.6,17.44,0.16,0.9174,583770.21,1021378.398,0.6007,0.9016,0.79,9.0881,8.6372,0.8739,0.4521,0.4155,7.1023,5.5046,1163070.9471,971736.074,647454.9949,20470048.669,17102554.9024,19.18,15.7,172.8236
000002,万科A,全国地产,深圳,19910129,000002.SZ,20220926,17.69,18.08,17.41,17.44,17.51,-0.07,-0.3998,701044.64,1243153.966,0.7214,1.0828,0.92,9.0055,8.5587,0.866,0.448,0.4118,7.1674,5.5551,1163070.9471,971736.074,647454.9949,20283957.3174,16947077.1306,19.26,15.76,172.8236
000002,万科A,全国地产,深圳,19910129,000002.SZ,20220923,17.45,18.06,17.39,17.51,17.49,0.02,0.1144,632618.13,1122656.037,0.651,0.9771,0.73,9.0416,8.5931,0.8694,0.4498,0.4134,7.1388,5.5329,1163070.9471,971736.074,647454.9949,20365372.2837,17015098.6557,19.24,15.74,172.8236
000002,万科A,全国地产,深圳,19910129,000002.SZ,20220922,17.53,17.71,17.21,17.49,17.56,-0.07,-0.3986,607820.3,1055627.389,0.6255,0.9388,0.58,9.0313,8.5833,0.8684,0.4493,0.413,7.1469,5.5392,1163070.9471,971736.074,647454.9949,20342110.8648,16995663.9343,19.32,15.8,172.8236
000002,万科A,全国地产,深圳,19910129,000002.SZ,20220921,17.75,17.75,17.31,17.56,17.56,0.0,0.0,734515.37,1290708.265,0.7559,1.1345,0.7,9.0674,8.6176,0.8719,0.4511,0.4146,7.1185,5.5171,1163070.9471,971736.074,647454.9949,20423525.8311,17063685.4594,19.32,15.8,172.8236
000002,万科A,全国地产,深圳,19910129,000002.SZ,20220920,18.18,18.29,17.43,17.56,18.18,-0.62,-3.4103,1007253.75,1783024.419,1.0366,1.5557,0.95,9.0674,8.6176,0.8719,0.4511,0.4146,7.1185,5.5171,1163070.9471,971736.074,647454.9949,20423525.8311,17063685.4594,20.0,16.36,172.8236
000002,万科A,全国地产,深圳,19910129,000002.SZ,20220919,18.03,18.4,17.83,18.18,18.0,0.18,1.0,828311.32,1504824.068,0.8524,1.2793,0.71,9.3876,8.9219,0.9027,0.467,0.4292,6.8757,5.3289,1163070.9471,971736.074,647454.9949,21144629.8183,17666161.8253,19.8,16.2,172.8236
000002,万科A,全国地产,深圳,19910129,000002.SZ,20220916,18.35,18.59,17.91,18.0,18.5,-0.5,-2.7027,1144958.97,2085163.458,1.1783,1.7684,1.05,9.2946,8.8335,0.8938,0.4624,0.425,6.9444,5.3822,1163070.9471,971736.074,647454.9949,20935277.0478,17491249.332,20.35,16.65,172.8236
000002,万科A,全国地产,深圳,19910129,000002.SZ,20220915,18.1,18.77,18.03,18.5,17.91,0.59,3.2942,1508848.61,2793462.015,1.5527,2.3304,1.56,9.5528,9.0789,0.9186,0.4752,0.4368,6.7568,5.2368,1163070.9471,971736.074,647454.9949,21516812.5214,17977117.369,19.7,16.12,172.8236
000002,万科A,全国地产,深圳,19910129,000002.SZ,20220914,18.0,18.47,17.84,17.91,18.18,-0.27,-1.4851,743229.85,1342714.911,0.7648,1.1479,0.67,9.2482,8.7894,0.8893,0.46,0.4229,6.9793,5.4093,1163070.9471,971736.074,647454.9949,20830600.6626,17403793.0853,20.0,16.36,172.8236
000002,万科A,全国地产,深圳,19910129,000002.SZ,20220913,18.11,18.55,17.94,18.18,18.15,0.03,0.1653,1060216.41,1933183.138,1.0911,1.6375,0.98,9.3876,8.9219,0.9027,0.467,0.4292,6.8757,5.3289,1163070.9471,971736.074,647454.9949,21144629.8183,17666161.8253,19.97,16.34,172.8236
000002,万科A,全国地产,深圳,19910129,000002.SZ,20220909,17.49,18.39,17.41,18.15,17.58,0.57,3.2423,1412025.45,2554321.937,1.4531,2.1809,1.51,9.3721,8.9072,0.9012,0.4662,0.4285,6.8871,5.3378,1163070.9471,971736.074,647454.9949,21109737.6899,17637009.7431,19.34,15.82,172.8236
000002,万科A,全国地产,深圳,19910129,000002.SZ,20220908,17.54,17.69,17.25,17.58,17.52,0.06,0.3425,723362.34,1264869.321,0.7444,1.1172,0.69,9.0778,8.6274,0.8729,0.4516,0.4151,7.1104,5.5108,1163070.9471,971736.074,647454.9949,20446787.25,17083120.1809,19.27,15.77,172.8236
000002,万科A,全国地产,深圳,19910129,000002.SZ,20220907,17.66,17.82,17.4,17.52,17.85,-0.33,-1.8487,883386.1,1550325.356,0.9091,1.3644,0.74,9.0468,8.598,0.8699,0.45,0.4137,7.1347,5.5297,1163070.9471,971736.074,647454.9949,20377002.9932,17024816.0165,19.64,16.07,172.8236
000002,万科A,全国地产,深圳,19910129,000002.SZ,20220906,17.13,17.88,17.1,17.85,17.17,0.68,3.9604,1438223.94,2529054.963,1.4801,2.2213,1.4,9.2172,8.7599,0.8863,0.4585,0.4215,7.0028,5.4275,1163070.9471,971736.074,647454.9949,20760816.4057,17345488.9209,18.89,15.45,172.8236
000002,万科A,全国地产,深圳,19910129,000002.SZ,20220905,16.86,17.37,16.72,17.17,16.8,0.37,2.2024,933967.57,1594583.41,0.9611,1.4425,0.96,8.8661,8.4262,0.8526,0.441,0.4054,7.2801,5.6424,1163070.9471,971736.074,647454.9949,19969928.1617,16684708.3906,18.48,15.12,172.8236
000002,万科A,全国地产,深圳,19910129,000002.SZ,20220902,16.93,16.95,16.57,16.8,16.84,-0.04,-0.2375,696804.11,1165902.392,0.7171,1.0762,0.72,8.675,8.2446,0.8342,0.4315,0.3967,7.4405,5.7667,1163070.9471,971736.074,647454.9949,19539591.9113,16325166.0432,18.52,15.16,172.8236
000002,万科A,全国地产,深圳,19910129,000002.SZ,20220901,16.75,17.2,16.47,16.84,16.63,0.21,1.2628,1308304.01,2216182.161,1.3464,2.0207,1.54,8.6957,8.2643,0.8362,0.4326,0.3976,7.4228,5.753,1163070.9471,971736.074,647454.9949,19586114.7492,16364035.4862,18.29,14.97,172.8236
000002,万科A,全国地产,深圳,19910129,000002.SZ,20220831,16.38,16.75,16.19,16.63,15.89,0.74,4.657,1604655.9,2660329.682,1.6513,2.4784,2.49,8.5872,8.1612,0.8257,0.4272,0.3926,7.5165,5.8256,1163070.9471,971736.074,647454.9949,19341869.8503,16159970.9106,17.48,14.3,172.8236
000002,万科A,全国地产,深圳,19910129,000002.SZ,20220830,15.5,15.93,15.47,15.89,15.57,0.32,2.0552,594276.15,935524.155,0.6115,0.9178,0.92,8.2051,8.1556,0.8192,0.4082,0.4078,7.8666,6.0969,1163070.9471,971755.3265,647474.2474,18481197.3494,15441192.1381,17.13,14.01,172.8236
000002,万科A,全国地产,深圳,19910129,000002.SZ,20220829,15.74,15.75,15.35,15.57,15.83,-0.26,-1.6425,671407.8,1037789.351,0.6909,1.037,1.1,8.0399,7.9914,0.8027,0.3999,0.3996,8.0283,6.2222,1163070.9471,971755.3265,647474.2474,18109014.6463,15130230.4336,17.41,14.25,172.8236
000002,万科A,全国地产,深圳,19910129,000002.SZ,20220826,15.91,16.07,15.68,15.83,15.83,0.0,0.0,641606.65,1019159.032,0.6603,0.9909,1.03,8.1741,8.1248,0.8161,0.4066,0.4063,7.8964,6.12,1163070.9471,971755.3265,647474.2474,18411413.0926,15382886.8185,17.41,14.25,172.8236
000002,万科A,全国地产,深圳,19910129,000002.SZ,20220825,15.98,16.14,15.58,15.83,15.65,0.18,1.1502,725524.78,1146669.783,0.7466,1.1205,1.2,8.1704,8.1211,0.8158,0.4064,0.4061,7.8964,6.12,1162538.3375,971755.3265,647474.2474,18402981.8826,15382886.8185,17.22,14.09,172.8236
000002,万科A,全国地产,深圳,19910129,000002.SZ,20220824,16.75,16.88,16.5,16.62,16.86,-0.24,-1.4235,594175.42,993923.492,0.6114,0.9177,0.88,8.5781,8.5264,0.8157,0.4267,0.4263,7.5211,7.5211,1162538.3375,971755.3265,647474.2474,19321387.1693,16150573.5264,18.55,15.17,162.737
000002,万科A,全国地产,深圳,19910129,000002.SZ,20220823,17.05,17.06,16.66,16.86,17.05,-0.19,-1.1144,581801.37,976410.304,0.5987,0.8986,0.81,8.702,8.6495,0.8275,0.4329,0.4325,7.414,7.414,1162538.3375,971755.3265,647474.2474,19600396.3703,16383794.8048,18.76,15.35,162.737
000002,万科A,全国地产,深圳,19910129,000002.SZ,20220822,17.02,17.15,16.85,17.05,17.01,0.04,0.2352,504151.87,857067.043,0.5188,0.7786,0.7,8.8001,8.747,0.8368,0.4378,0.4374,7.3314,7.3314,1162538.3375,971755.3265,647474.2474,19821278.6544,16568428.3168,18.71,15.31,162.737
000002,万科A,全国地产,深圳,19910129,000002.SZ,20220819,16.75,17.3,16.63,17.01,16.79,0.22,1.3103,711170.15,1212848.98,0.7318,1.0984,1.04,8.7794,8.7264,0.8348,0.4367,0.4363,7.3486,7.3486,1162538.3375,971755.3265,647474.2474,19774777.1209,16529558.1038,18.47,15.11,162.737
000002,万科A,全国地产,深圳,19910129,000002.SZ,20220818,16.87,16.87,16.57,16.79,16.88,-0.09,-0.5332,639000.61,1069201.872,0.6576,0.9869,0.94,8.6659,8.6136,0.824,0.4311,0.4307,7.4449,7.4449,1162538.3375,971755.3265,647474.2474,19519018.6866,16315771.9319,18.57,15.19,162.737
000002,万科A,全国地产,深圳,19910129,000002.SZ,20220817,16.47,17.05,16.3,16.88,16.53,0.35,2.1174,944248.93,1582396.36,0.9717,1.4584,1.63,8.7123,8.6598,0.8285,0.4334,0.433,7.4052,7.4052,1162538.3375,971755.3265,647474.2474,19623647.137,16403229.9113,18.18,14.88,162.737
000002,万科A,全国地产,深圳,19910129,000002.SZ,20220816,16.4,16.76,16.38,16.53,16.29,0.24,1.4733,794590.23,1316120.154,0.8177,1.2272,1.58,8.5317,8.4802,0.8113,0.4244,0.424,7.562,7.562,1162538.3375,971755.3265,647474.2474,19216758.7189,16063115.547,17.92,14.66,162.737
000002,万科A,全国地产,深圳,19910129,000002.SZ,20220815,16.3,16.52,16.25,16.29,16.38,-0.09,-0.5495,511215.19,835979.777,0.5261,0.7896,0.99,8.4078,8.3571,0.7995,0.4182,0.4179,7.6734,7.6734,1162538.3375,971755.3265,647474.2474,18937749.5179,15829894.2687,18.02,14.74,162.737
000002,万科A,全国地产,深圳,19910129,000002.SZ,20220812,16.21,16.4,16.11,16.38,16.28,0.1,0.6143,534301.66,870359.063,0.5498,0.8252,1.1,8.4542,8.4032,0.8039,0.4205,0.4202,7.6313,7.6313,1162538.3375,971755.3265,647474.2474,19042377.9683,15917352.2481,17.91,14.65,162.737
000002,万科A,全国地产,深圳,19910129,000002.SZ,20220811,16.14,16.3,16.09,16.28,16.1,0.18,1.118,622115.01,1007490.073,0.6402,0.9608,1.41,8.4026,8.3519,0.799,0.418,0.4176,7.6781,7.6781,1162538.3375,971755.3265,647474.2474,18926124.1345,15820176.7154,17.71,14.49,162.737
000002,万科A,全国地产,深圳,19910129,000002.SZ,20220810,16.15,16.22,16.02,16.1,16.23,-0.13,-0.801,426875.75,687091.533,0.4393,0.6593,0.82,8.3097,8.2596,0.7902,0.4134,0.413,7.764,7.764,1162538.3375,971755.3265,647474.2474,18716867.2338,15645260.7567,17.85,14.61,162.737
000002,万科A,全国地产,深圳,19910129,000002.SZ,20220809,16.26,16.35,16.12,16.23,16.27,-0.04,-0.2459,417478.16,676529.159,0.4296,0.6448,0.73,8.3768,8.3263,0.7966,0.4167,0.4163,7.7018,7.7018,1162538.3375,971755.3265,647474.2474,18867997.2176,15771588.9491,17.9,14.64,162.737
000002,万科A,全国地产,深圳,19910129,000002.SZ,20220808,16.5,16.8,16.2,16.27,16.46,-0.19,-1.1543,592210.79,970887.804,0.6094,0.9146,0.99,8.3975,8.3468,0.7985,0.4177,0.4174,7.6829,7.6829,1162538.3375,971755.3265,647474.2474,18914498.7511,15810459.1622,18.11,14.81,162.737
000002,万科A,全国地产,深圳,19910129,000002.SZ,20220805,16.23,16.47,16.13,16.46,16.23,0.23,1.4171,377145.61,615628.063,0.3881,0.5825,0.55,8.4955,8.4443,0.8078,0.4226,0.4222,7.5942,7.5942,1162538.3375,971755.3265,647474.2474,19135381.0353,15995092.6742,17.85,14.61,162.737
000002,万科A,全国地产,深圳,19910129,000002.SZ,20220804,16.08,16.32,16.02,16.23,16.06,0.17,1.0585,388356.84,628260.391,0.3996,0.5998,0.53,8.3768,8.3263,0.7966,0.4167,0.4163,7.7018,7.7018,1162538.3375,971755.3265,647474.2474,18867997.2176,15771588.9491,17.67,14.45,162.737
000002,万科A,全国地产,深圳,19910129,000002.SZ,20220803,16.51,16.67,16.04,16.06,16.52,-0.46,-2.7845,815004.17,1329390.215,0.8387,1.2587,1.18,8.2891,8.2391,0.7882,0.4123,0.412,7.7833,7.7833,1162538.3375,971755.3265,647474.2474,18670365.7003,15606390.5436,18.17,14.87,162.737
000002,万科A,全国地产,深圳,19910129,000002.SZ,20220802,16.75,16.75,16.32,16.52,16.87,-0.35,-2.0747,686868.69,1134409.157,0.7068,1.0608,0.88,8.5265,8.4751,0.8108,0.4241,0.4238,7.5666,7.5666,1162538.3375,971755.3265,647474.2474,19205133.3355,16053397.9938,18.56,15.18,162.737
000002,万科A,全国地产,深圳,19910129,000002.SZ,20220801,17.14,17.15,16.84,16.87,17.21,-0.34,-1.9756,732002.34,1239707.853,0.7533,1.1306,0.95,8.7072,8.6546,0.828,0.4331,0.4327,7.4096,7.4096,1162538.3375,971755.3265,647474.2474,19612021.7536,16393512.3581,18.93,15.49,162.737
000002,万科A,全国地产,深圳,19910129,000002.SZ,20220729,17.56,17.68,17.18,17.21,17.65,-0.44,-2.4929,805303.98,1395216.272,0.8287,1.2438,1.1,8.8826,8.8291,0.8447,0.4419,0.4415,7.2632,7.2632,1162538.3375,971755.3265,647474.2474,20007284.7884,16723909.1691,19.42,15.89,162.737
000002,万科A,全国地产,深圳,19910129,000002.SZ,20220728,17.73,17.83,17.52,17.65,17.76,-0.11,-0.6194,627196.33,1108737.328,0.6454,0.9687,0.78,9.1097,9.0548,0.8662,0.4532,0.4528,7.0822,7.0822,1162538.3375,971755.3265,647474.2474,20518801.6569,17151481.5127,19.54,15.98,162.737
000002,万科A,全国地产,深圳,19910129,000002.SZ,20220727,17.89,17.95,17.63,17.76,18.05,-0.29,-1.6066,597050.91,1061623.024,0.6144,0.9221,0.76,9.1665,9.1112,0.8716,0.456,0.4556,7.0383,7.0383,1162538.3375,971755.3265,647474.2474,20646680.874,17258374.5986,19.86,16.25,162.737
000002,万科A,全国地产,深圳,19910129,000002.SZ,20220726,17.5,18.19,17.23,18.05,17.5,0.55,3.1429,1157357.5,2067176.291,1.191,1.7875,1.74,9.3162,9.26,0.8859,0.4634,0.463,6.9252,6.9252,1162538.3375,971755.3265,647474.2474,20983816.9919,17540183.6433,19.25,15.75,162.737
000002,万科A,全国地产,深圳,19910129,000002.SZ,20220725,17.39,17.78,17.35,17.5,17.38,0.12,0.6904,675128.71,1185932.181,0.6948,1.0427,0.99,9.0323,8.9778,0.8589,0.4493,0.4489,7.1429,7.1429,1162538.3375,971755.3265,647474.2474,20344420.9063,17005718.2138,19.12,15.64,162.737
000002,万科A,全国地产,深圳,19910129,000002.SZ,20220722,17.3,17.49,17.11,17.38,17.29,0.09,0.5205,601680.22,1040473.262,0.6192,0.9293,0.74,8.9704,8.9163,0.853,0.4462,0.4458,7.1922,7.1922,1162538.3375,971755.3265,647474.2474,20204916.3058,16889107.5746,19.02,15.56,162.737
000002,万科A,全国地产,深圳,19910129,000002.SZ,20220721,17.65,17.72,17.21,17.29,17.76,-0.47,-2.6464,985519.35,1707259.919,1.0142,1.5221,1.26,8.9239,8.8701,0.8486,0.4439,0.4435,7.2296,7.2296,1162538.3375,971755.3265,647474.2474,20100287.8554,16801649.5952,19.54,15.98,162.737
000002,万科A,全国地产,深圳,19910129,000002.SZ,20220720,17.88,17.9,17.68,17.76,17.8,-0.04,-0.2247,506849.6,900272.705,0.5216,0.7828,0.58,9.1665,9.1112,0.8716,0.456,0.4556,7.0383,7.0383,1162538.3375,971755.3265,647474.2474,20646680.874,17258374.5986,19.58,16.02,162.737
000002,万科A,全国地产,深圳,19910129,000002.SZ,20220719,17.94,17.99,17.62,17.8,17.9,-0.1,-0.5587,565928.64,1004243.046,0.5824,0.8741,0.66,9.1872,9.1317,0.8736,0.457,0.4566,7.0225,7.0225,1162538.3375,971755.3265,647474.2474,20693182.4075,17297244.8117,19.69,16.11,162.737
000002,万科A,全国地产,深圳,19910129,000002.SZ,20220718,17.74,18.01,17.45,17.9,17.62,0.28,1.5891,762641.89,1356003.25,0.7848,1.1779,0.95,9.2388,9.183,0.8785,0.4596,0.4592,6.9832,6.9832,1162538.3375,971755.3265,647474.2474,20809436.2413,17394420.3444,19.38,15.86,162.737
000002,万科A,全国地产,深圳,19910129,000002.SZ,20220715,18.33,18.37,17.6,17.62,18.39,-0.77,-4.1871,1247550.96,2225338.843,1.2838,1.9268,1.92,9.0943,9.0394,0.8648,0.4524,0.452,7.0942,7.0942,1162538.3375,971755.3265,647474.2474,20483925.5068,17122328.8529,20.23,16.55,162.737
000002,万科A,全国地产,深圳,19910129,000002.SZ,20220714,18.84,18.91,18.3,18.39,18.96,-0.57,-3.0063,838536.14,1552591.053,0.8629,1.2951,1.34,9.4917,9.4344,0.9026,0.4722,0.4717,6.7972,6.7972,1162538.3375,971755.3265,647474.2474,21379080.0266,17870580.4543,20.86,17.06,162.737
000002,万科A,全国地产,深圳,19910129,000002.SZ,20220713,19.05,19.66,18.8,18.96,19.03,-0.07,-0.3678,950419.84,1827019.763,0.978,1.4679,1.56,9.7859,9.7268,0.9305,0.4868,0.4864,6.5928,6.5928,1162538.3375,971755.3265,647474.2474,22041726.879,18424480.9904,20.93,17.13,162.737
000002,万科A,全国地产,深圳,19910129,000002.SZ,20220712,18.96,19.23,18.93,19.03,18.98,0.05,0.2634,481181.23,918400.979,0.4952,0.7432,0.74,9.822,9.7627,0.934,0.4886,0.4882,6.5686,6.5686,1162538.3375,971755.3265,647474.2474,22123104.5626,18492503.8633,20.88,17.08,162.737
000002,万科A,全国地产,深圳,19910129,000002.SZ,20220711,19.15,19.32,18.9,18.98,19.28,-0.3,-1.556,510241.27,973515.468,0.5251,0.788,0.73,9.7962,9.7371,0.9315,0.4873,0.4869,6.5859,6.5859,1162538.3375,971755.3265,647474.2474,22064977.6458,18443916.097,21.21,17.35,162.737
000002,万科A,全国地产,深圳,19910129,000002.SZ,20220708,19.19,19.49,19.1,19.28,19.19,0.09,0.469,467434.04,902203.637,0.481,0.7219,0.61,9.951,9.891,0.9462,0.495,0.4946,6.4834,6.4834,1162538.3375,971755.3265,647474.2474,22413739.147,18735442.6949,21.11,17.27,162.737
000002,万科A,全国地产,深圳,19910129,000002.SZ,20220707,19.45,19.68,19.04,19.19,19.47,-0.28,-1.4381,731254.72,1410857.874,0.7525,1.1294,0.73,9.9046,9.8448,0.9418,0.4927,0.4923,6.5138,6.5138,1162538.3375,971755.3265,647474.2474,22309110.6966,18647984.7155,21.42,17.52,162.737
000002,万科A,全国地产,深圳,19910129,000002.SZ,20220706,20.0,20.15,19.31,19.47,20.04,-0.57,-2.8443,859305.53,1678162.083,0.8843,1.3272,0.7,10.0491,9.9885,0.9556,0.4999,0.4994,6.4201,6.4201,1162538.3375,971755.3265,647474.2474,22634621.4311,18920076.207,22.04,18.04,162.737
000002,万科A,全国地产,深圳,19910129,000002.SZ,20220705,20.25,20.47,19.94,20.04,20.21,-0.17,-0.8412,687288.76,1383375.487,0.7073,1.0615,0.57,10.3433,10.2809,0.9835,0.5145,0.5141,6.2375,6.2375,1162538.3375,971755.3265,647474.2474,23297268.2835,19473976.7431,22.23,18.19,162.737
000002,万科A,全国地产,深圳,19910129,000002.SZ,20220704,20.23,20.35,19.86,20.21,20.4,-0.19,-0.9314,769999.18,1547522.161,0.7924,1.1892,0.65,10.431,10.3681,0.9919,0.5189,0.5184,6.1851,6.1851,1162538.3375,971755.3265,647474.2474,23494899.8009,19639175.1486,22.44,18.36,162.737
000002,万科A,全国地产,深圳,19910129,000002.SZ,20220701,20.49,20.59,20.26,20.4,20.5,-0.1,-0.4878,758318.45,1549359.849,0.7804,1.1712,0.63,10.5291,10.4656,1.0012,0.5238,0.5233,6.1275,6.1275,1162538.3375,971755.3265,647474.2474,23715782.085,19823808.6606,22.55,18.45,162.737
000002,万科A,全国地产,深圳,19910129,000002.SZ,20220630,19.4,20.55,19.37,20.5,19.63,0.87,4.432,1918185.25,3864567.512,1.9739,2.9626,2.06,10.5807,10.5169,1.0061,0.5263,0.5259,6.0976,6.0976,1162538.3375,971755.3265,647474.2474,23832035.9188,19920984.1933,21.59,17.67,162.737
000002,万科A,全国地产,深圳,19910129,000002.SZ,20220629,18.59,19.8,18.52,19.63,18.45,1.18,6.3957,1967913.73,3817994.569,2.0251,3.0394,3.11,10.1317,10.0706,0.9634,0.504,0.5035,6.3678,6.3678,1162538.3375,971755.3265,647474.2474,22820627.5651,19075557.0592,20.3,16.61,162.737
000002,万科A,全国地产,深圳,19910129,000002.SZ,20220628,18.5,18.7,18.3,18.45,18.51,-0.06,-0.3241,611640.37,1124695.929,0.6294,0.9447,0.89,9.5226,9.4652,0.9055,0.4737,0.4733,6.7751,6.7751,1162538.3375,971755.3265,647474.2474,21448832.3269,17928885.7739,20.36,16.66,162.737
000002,万科A,全国地产,深圳,19910129,000002.SZ,20220627,18.36,18.66,18.28,18.51,18.34,0.17,0.9269,700741.92,1293838.452,0.7211,1.0823,0.96,9.5536,9.496,0.9085,0.4752,0.4748,6.7531,6.7531,1162538.3375,971755.3265,647474.2474,21518584.6271,17987191.0935,20.17,16.51,162.737
000002,万科A,全国地产,深圳,19910129,000002.SZ,20220624,18.64,18.74,18.25,18.34,18.57,-0.23,-1.2386,793372.45,1456480.475,0.8164,1.2253,1.17,9.4659,9.4088,0.9001,0.4709,0.4705,6.8157,6.8157,1162538.3375,971755.3265,647474.2474,21320953.1098,17821992.688,20.43,16.71,162.737
000002,万科A,全国地产,深圳,19910129,000002.SZ,20220623,18.3,18.68,18.22,18.57,18.3,0.27,1.4754,582108.67,1076076.969,0.599,0.899,0.81,9.5846,9.5268,0.9114,0.4768,0.4764,6.7313,6.7313,1162538.3375,971755.3265,647474.2474,21588336.9274,18045496.4131,20.13,16.47,162.737
000002,万科A,全国地产,深圳,19910129,000002.SZ,20220622,18.57,18.68,18.28,18.3,18.58,-0.28,-1.507,473447.85,871400.206,0.4872,0.7312,0.51,9.4452,9.3882,0.8981,0.4698,0.4694,6.8306,6.8306,1162538.3375,971755.3265,647474.2474,21274451.5763,17783122.475,20.44,16.72,162.737
000002,万科A,全国地产,深圳,19910129,000002.SZ,20220621,18.58,19.0,18.41,18.58,18.58,0.0,0.0,885132.38,1659792.9,0.9109,1.3671,0.98,9.5897,9.5319,0.9119,0.477,0.4766,6.7277,6.7277,1162538.3375,971755.3265,647474.2474,21599962.3108,18055213.9664,20.44,16.72,162.737
000002,万科A,全国地产,深圳,19910129,000002.SZ,20220620,18.33,18.69,18.22,18.58,18.15,0.43,2.3691,923469.3,1708865.82,0.9503,1.4263,1.08,9.5897,9.5319,0.9119,0.477,0.4766,6.7277,6.7277,1162538.3375,971755.3265,647474.2474,21599962.3108,18055213.9664,19.97,16.34,162.737
000002,万科A,全国地产,深圳,19910129,000002.SZ,20220617,18.05,18.25,18.04,18.15,18.18,-0.03,-0.165,537901.77,976310.275,0.5535,0.8308,0.59,9.3678,9.3113,0.8908,0.466,0.4656,6.8871,6.8871,1162538.3375,971755.3265,647474.2474,21100070.8256,17637359.176,20.0,16.36,162.737
000002,万科A,全国地产,深圳,19910129,000002.SZ,20220616,18.35,18.66,18.1,18.18,18.34,-0.16,-0.8724,759171.59,1386885.798,0.7812,1.1725,0.79,9.3833,9.3267,0.8923,0.4668,0.4663,6.8757,6.8757,1162538.3375,971755.3265,647474.2474,21134946.9758,17666511.8358,20.17,16.51,162.737
000002,万科A,全国地产,深圳,19910129,000002.SZ,20220615,17.86,18.77,17.75,18.34,17.75,0.59,3.3239,1571865.15,2889284.909,1.6176,2.4277,1.99,9.4659,9.4088,0.9001,0.4709,0.4705,6.8157,6.8157,1162538.3375,971755.3265,647474.2474,21320953.1098,17821992.688,19.53,15.98,162.737
000002,万科A,全国地产,深圳,19910129,000002.SZ,20220614,17.35,17.76,17.32,17.75,17.47,0.28,1.6027,711886.19,1254703.21,0.7326,1.0995,0.85,9.1614,9.1061,0.8712,0.4557,0.4553,7.0423,7.0423,1162538.3375,971755.3265,647474.2474,20635055.4906,17248657.0454,19.22,15.72,162.737
000002,万科A,全国地产,深圳,19910129,000002.SZ,20220613,17.75,17.85,17.38,17.47,17.86,-0.39,-2.1837,686652.78,1203431.576,0.7066,1.0605,0.68,9.0168,8.9624,0.8574,0.4485,0.4481,7.1551,7.1551,1162538.3375,971755.3265,647474.2474,20309544.7561,16976565.554,19.65,16.07,162.737
000002,万科A,全国地产,深圳,19910129,000002.SZ,20220610,17.73,17.95,17.71,17.86,17.83,0.03,0.1683,818031.29,1458368.45,0.8418,1.2634,0.82,9.2181,9.1625,0.8766,0.4585,0.4581,6.9989,6.9989,1162538.3375,971755.3265,647474.2474,20762934.7078,17355550.1313,19.61,16.05,162.737
000002,万科A,全国地产,深圳,19910129,000002.SZ,20220609,17.58,17.95,17.56,17.83,17.54,0.29,1.6534,1000121.86,1781400.708,1.0292,1.5447,1.04,9.2026,9.1471,0.8751,0.4578,0.4574,7.0107,7.0107,1162538.3375,971755.3265,647474.2474,20728058.5576,17326397.4715,19.29,15.79,162.737
000002,万科A,全国地产,深圳,19910129,000002.SZ,20220608,17.44,17.56,17.27,17.54,17.43,0.11,0.6311,737837.84,1285204.784,0.7593,1.1396,0.74,9.053,8.9983,0.8608,0.4503,0.4499,7.1266,7.1266,1162538.3375,971755.3265,647474.2474,20390922.4398,17044588.4268,19.17,15.69,162.737
000002,万科A,全国地产,深圳,19910129,000002.SZ,20220607,17.24,17.54,17.19,17.43,17.29,0.14,0.8097,944941.71,1642075.794,0.9724,1.4594,0.96,8.9962,8.9419,0.8554,0.4475,0.4471,7.1715,7.1715,1162538.3375,971755.3265,647474.2474,20263043.2226,16937695.3409,19.02,15.56,162.737
000002,万科A,全国地产,深圳,19910129,000002.SZ,20220606,17.69,17.69,17.0,17.29,17.71,-0.42,-2.3715,1548446.4,2662740.745,1.5935,2.3915,1.97,8.9239,8.8701,0.8486,0.4439,0.4435,7.2296,7.2296,1162538.3375,971755.3265,647474.2474,20100287.8554,16801649.5952,19.48,15.94,162.737
000002,万科A,全国地产,深圳,19910129,000002.SZ,20220602,17.82,17.83,17.52,17.71,17.88,-0.17,-0.9508,765058.93,1352806.928,0.7873,1.1816,1.01,9.1407,9.0856,0.8692,0.4547,0.4543,7.0582,7.0582,1162538.3375,971755.3265,647474.2474,20588553.9571,17209786.8323,19.67,16.09,162.737
000002,万科A,全国地产,深圳,19910129,000002.SZ,20220601,17.84,18.12,17.74,17.88,17.81,0.07,0.393,806848.15,1445560.287,0.8303,1.2461,1.18,9.2284,9.1728,0.8775,0.4591,0.4587,6.9911,6.9911,1162538.3375,971755.3265,647474.2474,20786185.4745,17374985.2378,19.59,16.03,162.737
000002,万科A,全国地产,深圳,19910129,000002.SZ,20220531,17.83,17.95,17.61,17.81,17.82,-0.01,-0.0561,940788.93,1670901.261,0.9681,1.453,1.51,9.1923,9.1369,0.8741,0.4573,0.4569,7.0185,7.0185,1162538.3375,971755.3265,647474.2474,20704807.7909,17306962.365,19.6,16.04,162.737
000002,万科A,全国地产,深圳,19910129,000002.SZ,20220530,18.15,18.25,17.73,17.82,18.14,-0.32,-1.7641,882078.37,1580456.943,0.9077,1.3623,1.37,9.1975,9.142,0.8746,0.4575,0.4571,7.0146,7.0146,1162538.3375,971755.3265,647474.2474,20716433.1743,17316679.9182,19.95,16.33,162.737
000002,万科A,全国地产,深圳,19910129,000002.SZ,20220527,18.42,18.49,18.03,18.14,18.39,-0.25,-1.3594,526412.09,958935.329,0.5417,0.813,0.61,9.3626,9.3062,0.8903,0.4657,0.4653,6.8908,6.8908,1162538.3375,971755.3265,647474.2474,21088445.4423,17627641.6227,20.23,16.55,162.737
000002,万科A,全国地产,深圳,19910129,000002.SZ,20220526,18.2,18.65,18.07,18.39,18.22,0.17,0.933,638667.15,1174594.797,0.6572,0.9864,0.68,9.4917,9.4344,0.9026,0.4722,0.4717,6.7972,6.7972,1162538.3375,971755.3265,647474.2474,21379080.0266,17870580.4543,20.04,16.4,162.737
000002,万科A,全国地产,深圳,19910129,000002.SZ,20220525,18.13,18.23,18.0,18.22,18.12,0.1,0.5519,434052.72,785934.747,0.4467,0.6704,0.43,9.4039,9.3472,0.8942,0.4678,0.4674,6.8606,6.8606,1162538.3375,971755.3265,647474.2474,21181448.5093,17705382.0488,19.93,16.31,162.737
000002,万科A,全国地产,深圳,19910129,000002.SZ,20220524,18.3,18.52,18.09,18.12,18.35,-0.23,-1.2534,635200.18,1161710.153,0.6537,0.981,0.57,9.3523,9.2959,0.8893,0.4652,0.4648,6.8985,6.8985,1162538.3375,971755.3265,647474.2474,21065194.6755,17608206.5162,20.19,16.52,162.737
000002,万科A,全国地产,深圳,19910129,000002.SZ,20220523,18.72,18.85,18.3,18.35,18.9,-0.55,-2.9101,977306.52,1802623.186,1.0057,1.5094,0.85,9.471,9.4139,0.9006,0.4711,0.4707,6.812,6.812,1162538.3375,971755.3265,647474.2474,21332578.4931,17831710.2413,20.79,17.01,162.737
000002,万科A,全国地产,深圳,19910129,000002.SZ,20220520,19.4,19.49,18.56,18.9,19.25,-0.35,-1.8182,1602077.31,3026224.963,1.6486,2.4743,1.49,9.7549,9.6961,0.9276,0.4852,0.4848,6.6138,6.6138,1162538.3375,971755.3265,647474.2474,21971974.5788,18366175.6709,21.18,17.33,162.737
000002,万科A,全国地产,深圳,19910129,000002.SZ,20220519,18.5,19.35,18.47,19.25,18.82,0.43,2.2848,1017552.07,1942389.641,1.0471,1.5716,0.96,9.9355,9.8756,0.9448,0.4942,0.4938,6.4935,6.4935,1162538.3375,971755.3265,647474.2474,22378862.9969,18706290.0351,20.7,16.94,162.737
000002,万科A,全国地产,深圳,19910129,000002.SZ,20220518,19.01,19.17,18.47,18.82,19.07,-0.25,-1.311,761157.84,1428799.004,0.7833,1.1756,0.69,9.7136,9.655,0.9237,0.4832,0.4828,6.6419,6.6419,1162538.3375,971755.3265,647474.2474,21878971.5118,18288435.2447,20.98,17.16,162.737
000002,万科A,全国地产,深圳,19910129,000002.SZ,20220517,18.8,19.6,18.61,19.07,18.88,0.19,1.0064,1169037.66,2233125.975,1.203,1.8055,1.1,9.8426,9.7833,0.9359,0.4896,0.4892,6.5548,6.5548,1162538.3375,971755.3265,647474.2474,22169606.0961,18531374.0764,20.77,16.99,162.737
000002,万科A,全国地产,深圳,19910129,000002.SZ,20220516,19.2,19.29,18.37,18.88,18.67,0.21,1.1248,1221008.17,2301991.154,1.2565,1.8858,1.32,9.7446,9.6858,0.9266,0.4847,0.4843,6.6208,6.6208,1162538.3375,971755.3265,647474.2474,21948723.812,18346740.5643,20.54,16.8,162.737
000002,万科A,全国地产,深圳,19910129,000002.SZ,20220513,18.0,18.7,17.91,18.67,17.98,0.69,3.8376,1212138.33,2239903.528,1.2474,1.8721,1.34,9.6362,9.5781,0.9163,0.4793,0.4789,6.6952,6.6952,1162538.3375,971755.3265,647474.2474,21704590.7611,18142671.9458,19.78,16.18,162.737
000002,万科A,全国地产,深圳,19910129,000002.SZ,20220512,18.32,18.45,17.78,17.98,18.46,-0.48,-2.6002,910435.32,1641736.923,0.9369,1.4061,0.88,9.2801,9.2241,0.8824,0.4616,0.4612,6.9522,6.9522,1162538.3375,971755.3265,647474.2474,20902439.3083,17472160.7705,20.31,16.61,162.737
000002,万科A,全国地产,深圳,19910129,000002.SZ,20220511,18.5,18.65,18.22,18.46,18.56,-0.1,-0.5388,966324.7,1779263.169,0.9944,1.4925,0.79,9.5278,9.4703,0.906,0.474,0.4735,6.7714,6.7714,1162538.3375,971755.3265,647474.2474,21460457.7103,17938603.3272,20.42,16.7,162.737
000002,万科A,全国地产,深圳,19910129,000002.SZ,20220510,18.24,18.73,17.92,18.56,18.48,0.08,0.4329,992670.78,1809822.438,1.0215,1.5331,0.74,9.5794,9.5216,0.9109,0.4765,0.4761,6.7349,6.7349,1162538.3375,971755.3265,647474.2474,21576711.544,18035778.8598,20.33,16.63,162.737
000002,万科A,全国地产,深圳,19910129,000002.SZ,20220509,18.49,18.88,18.28,18.48,18.49,-0.01,-0.0541,545755.87,1014274.2,0.5616,0.8429,0.34,9.5381,9.4806,0.907,0.4745,0.474,6.7641,6.7641,1162538.3375,971755.3265,647474.2474,21483708.477,17958038.4337,20.34,16.64,162.737
000002,万科A,全国地产,深圳,19910129,000002.SZ,20220506,18.97,19.13,18.41,18.49,19.43,-0.94,-4.8379,1109681.32,2075217.616,1.1419,1.7139,0.7,9.5433,9.4857,0.9075,0.4747,0.4743,6.7604,6.7604,1162538.3375,971755.3265,647474.2474,21495333.8604,17967755.987,21.37,17.49,162.737
000002,万科A,全国地产,深圳,19910129,000002.SZ,20220505,19.52,19.81,18.77,19.43,19.38,0.05,0.258,1531669.45,2945383.169,1.5762,2.3656,1.02,10.0285,9.968,0.9536,0.4989,0.4984,6.4334,6.4334,1162538.3375,971755.3265,647474.2474,22588119.8976,18881205.9939,21.32,17.44,162.737
000002,万科A,全国地产,深圳,19910129,000002.SZ,20220429,18.75,19.77,18.39,19.38,18.7,0.68,3.6364,1917457.47,3665754.967,1.9732,2.9614,1.42,10.0026,9.9423,0.9512,0.4976,0.4971,6.4499,6.4499,1162538.3375,971755.3265,647474.2474,22529992.9808,18832618.2276,20.57,16.83,162.737
000002,万科A,全国地产,深圳,19910129,000002.SZ,20220428,18.21,19.03,18.05,18.7,18.23,0.47,2.5782,1592032.23,2947417.8,1.6383,2.4588,1.29,9.6517,9.6517,0.9213,0.4801,0.4801,6.6845,6.6845,1162538.3375,971755.3265,647474.2474,21739466.9113,18171824.6056,20.05,16.41,162.737
000002,万科A,全国地产,深圳,19910129,000002.SZ,20220427,18.66,19.21,17.72,18.23,18.96,-0.73,-3.8502,1844961.26,3368085.084,1.8986,2.8495,1.55,9.4091,9.4091,0.8982,0.468,0.468,6.8568,6.8568,1162538.3375,971755.3265,647474.2474,21193073.8926,17715099.6021,20.86,17.06,162.737
000002,万科A,全国地产,深圳,19910129,000002.SZ,20220426,18.8,19.55,18.65,18.96,18.83,0.13,0.6904,1061400.57,2023745.887,1.0923,1.6393,0.87,9.7859,9.7859,0.9342,0.4868,0.4868,6.5928,6.5928,1162538.3375,971755.3265,647474.2474,22041726.879,18424480.9904,20.71,16.95,162.737
000002,万科A,全国地产,深圳,19910129,000002.SZ,20220425,19.6,19.99,18.8,18.83,19.81,-0.98,-4.947,1127800.75,2172308.177,1.1606,1.7418,0.94,9.7188,9.7188,0.9278,0.4835,0.4835,6.6383,6.6383,1162538.3375,971755.3265,647474.2474,21890596.8951,18298152.798,21.79,17.83,162.737
000002,万科A,全国地产,深圳,19910129,000002.SZ,20220422,19.1,20.1,19.0,19.81,19.3,0.51,2.6425,1106171.27,2184286.532,1.1383,1.7084,0.85,10.2246,10.2246,0.976,0.5086,0.5086,6.3099,6.3099,1162538.3375,971755.3265,647474.2474,23029884.4659,19250473.018,21.23,17.37,162.737
000002,万科A,全国地产,深圳,19910129,000002.SZ,20220421,19.25,19.86,19.19,19.3,19.35,-0.05,-0.2584,1030539.66,2007205.39,1.0605,1.5916,0.71,9.9614,9.9614,0.9509,0.4955,0.4955,6.4767,6.4767,1162538.3375,971755.3265,647474.2474,22436989.9138,18754877.8015,21.29,17.42,162.737
000002,万科A,全国地产,深圳,19910129,000002.SZ,20220420,20.43,20.56,19.2,19.35,20.66,-1.31,-6.3408,1619148.37,3191731.006,1.6662,2.5007,1.12,9.9872,9.9872,0.9534,0.4968,0.4968,6.4599,6.4599,1162538.3375,971755.3265,647474.2474,22495116.8306,18803465.5678,22.73,18.59,162.737
000002,万科A,全国地产,深圳,19910129,000002.SZ,20220419,20.54,20.7,19.67,20.66,20.53,0.13,0.6332,1199797.98,2423548.169,1.2347,1.853,0.78,10.6633,10.6633,1.0179,0.5304,0.5304,6.0503,6.0503,1162538.3375,971755.3265,647474.2474,24018042.0528,20076465.0455,22.58,18.48,162.737
000002,万科A,全国地产,深圳,19910129,000002.SZ,20220418,20.88,21.08,20.35,20.53,21.3,-0.77,-3.615,1067502.12,2209265.213,1.0985,1.6487,0.64,10.5962,10.5962,1.0115,0.5271,0.5271,6.0887,6.0887,1162538.3375,971755.3265,647474.2474,23866912.0689,19950136.853,23.43,19.17,162.737
000002,万科A,全国地产,深圳,19910129,000002.SZ,20220415,20.84,21.88,20.72,21.3,21.0,0.3,1.4286,1558382.95,3335558.127,1.6037,2.4069,0.91,10.9936,10.9936,1.0494,0.5469,0.5469,5.8685,5.8685,1162538.3375,971755.3265,647474.2474,24762066.5888,20698388.4545,23.1,18.9,162.737
000002,万科A,全国地产,深圳,19910129,000002.SZ,20220414,20.64,21.65,20.15,21.0,20.5,0.5,2.439,1775273.24,3709221.265,1.8269,2.7418,1.03,10.8388,10.8388,1.0347,0.5392,0.5392,5.9524,5.9524,1162538.3375,971755.3265,647474.2474,24413305.0875,20406861.8565,22.55,18.45,162.737
000002,万科A,全国地产,深圳,19910129,000002.SZ,20220413,20.1,21.19,19.85,20.5,20.17,0.33,1.6361,1605189.12,3294797.527,1.6518,2.4792,0.81,10.5807,10.5807,1.01,0.5263,0.5263,6.0976,6.0976,1162538.3375,971755.3265,647474.2474,23832035.9188,19920984.1933,22.19,18.15,162.737
000002,万科A,全国地产,深圳,19910129,000002.SZ,20220412,20.92,21.25,19.96,20.17,20.74,-0.57,-2.7483,1720224.14,3521839.093,1.7702,2.6568,0.76,10.4104,10.4104,0.9938,0.5179,0.5179,6.1973,6.1973,1162538.3375,971755.3265,647474.2474,23448398.2674,19600304.9355,22.81,18.67,162.737
000002,万科A,全国地产,深圳,19910129,000002.SZ,20220411,21.05,21.48,20.4,20.74,21.49,-0.75,-3.49,1655255.58,3468638.474,1.7034,2.5565,0.64,10.7046,10.7046,1.0219,0.5325,0.5325,6.027,6.027,1162538.3375,971755.3265,647474.2474,24111045.1198,20154205.4716,23.64,19.34,162.737
000002,万科A,全国地产,深圳,19910129,000002.SZ,20220408,20.91,21.6,20.45,21.49,20.91,0.58,2.7738,1823754.3,3847315.826,1.8768,2.8167,0.68,11.0917,11.0917,1.0588,0.5517,0.5517,5.8167,5.8167,1162538.3375,971755.3265,647474.2474,24982948.8729,20883021.9665,23.0,18.82,162.737
000002,万科A,全国地产,深圳,19910129,000002.SZ,20220407,20.9,21.64,20.68,20.91,21.22,-0.31,-1.4609,1790903.48,3769843.494,1.843,2.766,0.74,10.7923,10.7923,1.0302,0.5369,0.5369,5.978,5.978,1162538.3375,971755.3265,647474.2474,24308676.6371,20319403.8771,23.34,19.1,162.737
000002,万科A,全国地产,深圳,19910129,000002.SZ,20220406,21.31,21.9,20.67,21.22,20.66,0.56,2.7106,2962473.96,6322297.909,3.0486,4.5754,1.44,10.9523,10.9523,1.0455,0.5448,0.5448,5.8907,5.8907,1162538.3375,971755.3265,647474.2474,24669063.5218,20620648.0283,22.73,18.59,162.737
000002,万科A,全国地产,深圳,19910129,000002.SZ,20220401,18.95,20.94,18.88,20.66,19.15,1.51,7.8851,3014541.85,6031511.993,3.1022,4.6558,1.84,10.6633,10.6633,1.0179,0.5304,0.5304,6.0503,6.0503,1162538.3375,971755.3265,647474.2474,24018042.0528,20076465.0455,21.07,17.24,162.737
000002,万科A,全国地产,深圳,19910129,000002.SZ,20220331,18.3,20.15,18.28,19.15,18.98,0.17,0.8957,3349399.75,6411092.608,3.4468,5.173,2.83,9.8839,9.8839,0.9435,0.4917,0.4917,6.5274,6.5274,1162538.3375,971755.3265,647474.2474,22262609.1631,18609114.5025,20.88,17.08,162.737
000002,万科A,全国地产,深圳,19910129,000002.SZ,20220330,17.55,19.05,17.47,18.98,17.48,1.5,8.5812,2195064.04,4075693.974,2.2589,3.373,1.98,5.3149,5.7549,0.9694,0.5265,0.4913,6.5859,6.5859,1162538.3375,971755.3265,650774.2474,22064977.6458,18443916.097,19.23,15.73,162.737
000002,万科A,全国地产,深圳,19910129,000002.SZ,20220329,17.63,17.84,17.39,17.48,17.77,-0.29,-1.632,655772.38,1154358.466,0.6748,1.0077,0.48,4.8948,5.3,0.8928,0.4849,0.4525,7.151,7.151,1162538.3375,971755.3265,650774.2474,20321170.1395,16986283.1072,19.55,15.99,162.737
000002,万科A,全国地产,深圳,19910129,000002.SZ,20220328,17.1,17.91,17.01,17.77,17.41,0.36,2.0678,1042085.74,1837872.774,1.0724,1.6013,0.72,4.976,5.388,0.9076,0.4929,0.46,7.0343,7.0343,1162538.3375,971755.3265,650774.2474,20658306.2574,17268092.1519,19.15,15.67,162.737
000002,万科A,全国地产,深圳,19910129,000002.SZ,20220325,17.3,17.9,17.11,17.41,17.48,-0.07,-0.4005,960228.89,1685566.62,0.9881,1.4755,0.59,4.8752,5.2788,0.8892,0.4829,0.4507,7.1798,7.1798,1162538.3375,971755.3265,650774.2474,20239792.4559,16918260.2344,19.23,15.73,162.737
000002,万科A,全国地产,深圳,19910129,000002.SZ,20220324,17.58,18.0,17.42,17.48,17.91,-0.43,-2.4009,1064823.55,1880966.654,1.0958,1.6362,0.57,4.8948,5.3,0.8928,0.4849,0.4525,7.151,7.151,1162538.3375,971755.3265,650774.2474,20321170.1395,16986283.1072,19.7,16.12,162.737
000002,万科A,全国地产,深圳,19910129,000002.SZ,20220323,17.65,18.34,17.12,17.91,17.58,0.33,1.8771,1829509.07,3232947.128,1.8827,2.8113,0.96,5.0152,5.4304,0.9147,0.4968,0.4636,6.9793,6.9793,1162538.3375,971755.3265,650774.2474,20821061.6246,17404137.8976,19.34,15.82,162.737
000002,万科A,全国地产,深圳,19910129,000002.SZ,20220322,16.56,17.77,16.53,17.58,16.8,0.78,4.6429,1970572.42,3421100.9,2.0278,3.028,1.02,4.9228,5.3304,0.8979,0.4876,0.4551,7.1104,7.1104,1162538.3375,971755.3265,650774.2474,20437423.9733,17083458.6399,18.48,15.12,162.737
000002,万科A,全国地产,深圳,19910129,000002.SZ,20220321,17.28,17.28,16.69,16.8,17.45,-0.65,-3.7249,1410438.56,2379849.481,1.4514,2.1673,0.75,4.7044,5.0939,0.858,0.466,0.4349,7.4405,7.4405,1162538.3375,971755.3265,650774.2474,19530644.07,16325489.4852,19.2,15.71,162.737
000002,万科A,全国地产,深圳,19910129,000002.SZ,20220318,16.44,17.55,16.3,17.45,16.68,0.77,4.6163,1839484.23,3126922.096,1.8929,2.8266,1.07,4.8864,5.2909,0.8912,0.484,0.4517,7.1633,7.1633,1162538.3375,971755.3265,650774.2474,20286293.9894,16957130.4474,18.35,15.01,162.737
000002,万科A,全国地产,深圳,19910129,000002.SZ,20220317,16.41,16.88,16.28,16.68,15.51,1.17,7.5435,2216236.2,3669244.186,2.2807,3.4055,1.5,4.6708,5.0575,0.8519,0.4627,0.4318,7.494,7.494,1162538.3375,971755.3265,650774.2474,19391139.4695,16208878.846,17.06,13.96,162.737
000002,万科A,全国地产,深圳,19910129,000002.SZ,20220316,15.2,15.8,14.43,15.51,14.8,0.71,4.7973,2100986.64,3180485.804,2.1621,3.2284,1.38,4.3432,4.7027,0.7921,0.4302,0.4015,8.0593,8.0593,1162538.3375,971755.3265,650774.2474,18030969.6146,15071925.114,16.28,13.32,162.737
000002,万科A,全国地产,深圳,19910129,000002.SZ,20220315,15.8,15.89,14.77,14.8,16.09,-1.29,-8.0174,2098842.33,3215504.868,2.1598,3.2251,1.48,4.1444,4.4875,0.7559,0.4105,0.3831,8.4459,8.4459,1162538.3375,971755.3265,650774.2474,17205567.395,14381978.8322,17.7,14.48,162.737
000002,万科A,全国地产,深圳,19910129,000002.SZ,20220314,16.38,16.95,16.04,16.09,16.65,-0.56,-3.3634,1125945.2,1852414.494,1.1587,1.7302,0.79,4.5056,4.8786,0.8218,0.4463,0.4165,7.7688,7.7688,1162538.3375,971755.3265,650774.2474,18705241.8504,15635543.2034,18.32,14.99,162.737
000002,万科A,全国地产,深圳,19910129,000002.SZ,20220311,16.35,16.75,16.02,16.65,16.77,-0.12,-0.7156,1021248.39,1676581.384,1.0509,1.5693,0.62,4.6624,5.0484,0.8504,0.4618,0.431,7.5075,7.5075,1162538.3375,971755.3265,650774.2474,19356263.3194,16179726.1862,18.45,15.09,162.737
000002,万科A,全国地产,深圳,19910129,000002.SZ,20220310,17.18,17.27,16.73,16.77,16.98,-0.21,-1.2367,1059078.67,1796610.781,1.0899,1.6274,0.62,4.696,5.0848,0.8565,0.4652,0.4341,7.4538,7.4538,1162538.3375,971755.3265,650774.2474,19495767.9199,16296336.8254,18.68,15.28,162.737
000002,万科A,全国地产,深圳,19910129,000002.SZ,20220309,17.77,17.83,16.05,16.98,17.67,-0.69,-3.9049,2299647.48,3907216.502,2.3665,3.5337,1.61,4.7548,5.1484,0.8672,0.471,0.4395,7.3616,7.3616,1162538.3375,971755.3265,650774.2474,19739900.9708,16500405.444,19.44,15.9,162.737
000002,万科A,全国地产,深圳,19910129,000002.SZ,20220308,18.45,18.5,17.59,17.67,18.54,-0.87,-4.6926,1583727.69,2844612.857,1.6298,2.4336,1.25,4.948,5.3577,0.9025,0.4901,0.4574,7.0741,7.0741,1162538.3375,971755.3265,650774.2474,20542052.4236,17170916.6193,20.39,16.69,162.737
000002,万科A,全国地产,深圳,19910129,000002.SZ,20220307,18.54,18.9,18.33,18.54,18.71,-0.17,-0.9086,1193265.9,2216789.146,1.2279,1.8336,0.99,5.1917,5.6214,0.9469,0.5143,0.4799,6.7422,6.7422,1162538.3375,971755.3265,650774.2474,21553460.7773,18016343.7533,20.58,16.84,162.737
000002,万科A,全国地产,深圳,19910129,000002.SZ,20220304,19.3,19.3,18.35,18.71,19.49,-0.78,-4.0021,2137822.25,3984274.057,2.2,3.285,2.23,5.2393,5.673,0.9556,0.519,0.4843,6.6809,6.6809,1162538.3375,971755.3265,650774.2474,21751092.2946,18181542.1588,21.44,17.54,162.737
000002,万科A,全国地产,深圳,19910129,000002.SZ,20220303,19.35,19.73,19.34,19.49,19.32,0.17,0.8799,1319038.4,2574130.001,1.3574,2.0269,1.52,5.4577,5.9095,0.9954,0.5406,0.5045,6.4135,6.4135,1162538.3375,971755.3265,650774.2474,22657872.1979,18939511.3135,21.25,17.39,162.737
000002,万科A,全国地产,深圳,19910129,000002.SZ,20220302,19.41,19.67,19.11,19.32,19.38,-0.06,-0.3096,892095.07,1727309.496,0.918,1.3708,1.02,5.4101,5.8579,0.9867,0.5359,0.5001,6.47,6.47,1162538.3375,971755.3265,650774.2474,22460240.6805,18774312.908,21.32,17.44,162.737
000002,万科A,全国地产,深圳,19910129,000002.SZ,20220301,19.21,19.43,19.1,19.38,19.2,0.18,0.9375,815805.63,1570307.864,0.8395,1.2536,0.92,5.4269,5.8761,0.9898,0.5376,0.5017,6.4499,6.4499,1162538.3375,971755.3265,650774.2474,22529992.9808,18832618.2276,21.12,17.28,162.737
000002,万科A,全国地产,深圳,19910129,000002.SZ,20220228,19.5,19.5,18.99,19.2,19.53,-0.33,-1.6897,861954.07,1652652.682,0.887,1.3245,0.96,5.3765,5.8216,0.9806,0.5326,0.497,6.5104,6.5104,1162538.3375,971755.3265,650774.2474,22320736.08,18657702.2688,21.48,17.58,162.737
000002,万科A,全国地产,深圳,19910129,000002.SZ,20220225,19.95,20.03,19.45,19.53,19.84,-0.31,-1.5625,893969.82,1758871.46,0.92,1.3737,0.9,5.4689,5.9216,0.9975,0.5417,0.5055,6.4004,6.4004,1162538.3375,971755.3265,650774.2474,22704373.7314,18978381.5265,21.82,17.86,162.737
000002,万科A,全国地产,深圳,19910129,000002.SZ,20220224,20.15,20.38,19.6,19.84,20.26,-0.42,-2.0731,879794.39,1752828.027,0.9054,1.3519,0.9,5.5557,6.0156,1.0133,0.5503,0.5136,6.3004,6.3004,1162538.3375,971755.3265,650774.2474,23064760.616,19279625.6778,22.29,18.23,162.737
000002,万科A,全国地产,深圳,19910129,000002.SZ,20220223,20.65,20.69,20.02,20.26,20.64,-0.38,-1.8411,916918.68,1852695.47,0.9436,1.409,0.99,5.6733,6.143,1.0347,0.562,0.5244,6.1698,6.1698,1162538.3375,971755.3265,650774.2474,23553026.7178,19687762.9149,22.7,18.58,162.737
000002,万科A,全国地产,深圳,19910129,000002.SZ,20220222,20.51,20.94,20.4,20.64,20.7,-0.06,-0.2899,867772.61,1788757.118,0.893,1.3334,0.88,5.7797,6.2582,1.0541,0.5725,0.5343,6.0562,6.0562,1162538.3375,971755.3265,650774.2474,23994791.286,20057029.939,22.77,18.63,162.737
000002,万科A,全国地产,深圳,19910129,000002.SZ,20220221,20.3,20.91,20.1,20.7,20.48,0.22,1.0742,933373.88,1912526.227,0.9605,1.4343,0.89,5.7965,6.2764,1.0572,0.5742,0.5358,6.0386,6.0386,1162538.3375,971755.3265,650774.2474,24064543.5863,20115335.2586,22.53,18.43,162.737
000002,万科A,全国地产,深圳,19910129,000002.SZ,20220218,19.7,20.54,19.7,20.48,19.8,0.68,3.4343,1372710.76,2777835.884,1.4126,2.1094,1.28,5.7349,6.2097,1.046,0.5681,0.5301,6.1035,6.1035,1162538.3375,971755.3265,650774.2474,23808785.152,19901549.0867,21.78,17.82,162.737
000002,万科A,全国地产,深圳,19910129,000002.SZ,20220217,19.97,19.97,19.56,19.8,20.0,-0.2,-1.0,773035.3,1526819.219,0.7955,1.1879,0.64,5.5445,6.0035,1.0112,0.5492,0.5125,6.3131,6.3131,1162538.3375,971755.3265,650774.2474,23018259.0825,19240755.4647,22.0,18.0,162.737
000002,万科A,全国地产,深圳,19910129,000002.SZ,20220216,19.87,20.16,19.74,20.0,19.81,0.19,0.9591,706489.87,1409098.466,0.727,1.0856,0.53,5.6005,6.0641,1.0215,0.5548,0.5177,6.25,6.25,1162538.3375,971755.3265,650774.2474,23250766.75,19435106.53,21.79,17.83,162.737
000002,万科A,全国地产,深圳,19910129,000002.SZ,20220215,20.25,20.32,19.71,19.81,20.24,-0.43,-2.1245,1140320.47,2269888.626,1.1735,1.7523,0.9,5.5473,6.0065,1.0118,0.5495,0.5128,6.3099,6.3099,1162538.3375,971755.3265,650774.2474,23029884.4659,19250473.018,22.26,18.22,162.737
000002,万科A,全国地产,深圳,19910129,000002.SZ,20220214,20.95,20.95,20.2,20.24,21.18,-0.94,-4.4381,1268866.99,2590358.817,1.3057,1.9498,1.05,5.6677,6.1369,1.0337,0.5614,0.5239,6.1759,6.1759,1162538.3375,971755.3265,650774.2474,23529775.951,19668327.8084,23.3,19.06,162.737
000002,万科A,全国地产,深圳,19910129,000002.SZ,20220211,21.0,21.68,21.0,21.18,20.85,0.33,1.5827,1491118.45,3179393.916,1.5345,2.2913,1.38,5.9309,6.4219,1.0817,0.5875,0.5483,5.9018,5.9018,1162538.3375,971755.3265,650774.2474,24622561.9883,20581777.8153,22.94,18.77,162.737
000002,万科A,全国地产,深圳,19910129,000002.SZ,20220210,20.42,21.19,19.9,20.85,20.5,0.35,1.7073,1409923.2,2911436.086,1.4509,2.1665,1.42,5.8385,6.3218,1.0649,0.5783,0.5397,5.9952,5.9952,1162538.3375,971755.3265,650774.2474,24238924.3369,20261098.5575,22.55,18.45,162.737
000002,万科A,全国地产,深圳,19910129,000002.SZ,20220209,20.82,21.32,20.41,20.5,20.88,-0.38,-1.8199,1369156.44,2857589.555,1.409,2.1039,1.6,5.7405,6.2157,1.047,0.5686,0.5307,6.0976,6.0976,1162538.3375,971755.3265,650774.2474,23832035.9188,19920984.1933,22.97,18.79,162.737
000002,万科A,全国地产,深圳,19910129,000002.SZ,20220208,20.81,21.09,20.4,20.88,20.91,-0.03,-0.1435,816508.1,1690753.297,0.8402,1.2547,0.9,5.8469,6.3309,1.0664,0.5792,0.5405,5.9866,5.9866,1162538.3375,971755.3265,650774.2474,24273800.487,20290251.2173,23.0,18.82,162.737
000002,万科A,全国地产,深圳,19910129,000002.SZ,20220207,20.53,21.02,20.24,20.91,20.33,0.58,2.8529,937564.3,1936407.933,0.9648,1.4407,1.06,5.8553,6.34,1.0679,0.58,0.5413,5.978,5.978,1162538.3375,971755.3265,650774.2474,24308676.6371,20319403.8771,22.36,18.3,162.737
000002,万科A,全国地产,深圳,19910129,000002.SZ,20220128,20.6,20.85,20.26,20.33,20.44,-0.11,-0.5382,858900.22,1765406.636,0.8839,1.3198,0.99,5.6929,6.1642,1.0383,0.5639,0.5263,6.1485,6.1485,1162538.3375,971755.3265,650774.2474,23634404.4014,19755785.7877,22.48,18.4,162.737
000002,万科A,全国地产,深圳,19910129,000002.SZ,20220127,20.53,20.9,20.24,20.44,20.73,-0.29,-1.3989,991858.05,2038304.825,1.0207,1.5241,1.0,5.7237,6.1975,1.0439,0.567,0.5291,6.1155,6.1155,1162538.3375,971755.3265,650774.2474,23762283.6185,19862678.8737,22.8,18.66,162.737
000002,万科A,全国地产,深圳,19910129,000002.SZ,20220126,20.99,21.11,20.5,20.73,20.82,-0.09,-0.4323,677404.14,1400883.473,0.6971,1.0409,0.62,5.8049,6.2855,1.0587,0.575,0.5366,6.0299,6.0299,1162538.3375,971755.3265,650774.2474,24099419.7364,20144487.9183,22.9,18.74,162.737
000002,万科A,全国地产,深圳,19910129,000002.SZ,20220125,21.6,21.68,20.73,20.82,21.7,-0.88,-4.0553,1063176.55,2239316.767,1.0941,1.6337,0.97,5.8301,6.3128,1.0633,0.5775,0.5389,6.0038,6.0038,1162538.3375,971755.3265,650774.2474,24204048.1868,20231945.8977,23.87,19.53,162.737
000002,万科A,全国地产,深圳,19910129,000002.SZ,20220124,21.59,22.0,21.25,21.7,21.64,0.06,0.2773,813584.2,1761877.978,0.8372,1.2502,0.77,6.0765,6.5796,1.1083,0.6019,0.5617,5.7604,5.7604,1162538.3375,971755.3265,650774.2474,25227081.9238,21087090.5851,23.8,19.48,162.737
000002,万科A,全国地产,深圳,19910129,000002.SZ,20220121,21.92,22.07,21.5,21.64,22.11,-0.47,-2.1257,791295.54,1717179.55,0.8143,1.2159,0.72,6.0597,6.5614,1.1052,0.6003,0.5602,5.7763,5.7763,1162538.3375,971755.3265,650774.2474,25157329.6235,21028785.2655,24.32,19.9,162.737
000002,万科A,全国地产,深圳,19910129,000002.SZ,20220120,21.99,22.6,21.9,22.11,21.9,0.21,0.9589,1592019.4,3538267.133,1.6383,2.4463,1.64,6.1913,6.7039,1.1292,0.6133,0.5723,5.6536,5.6536,1162538.3375,971755.3265,650774.2474,25703722.6421,21485510.2689,24.09,19.71,162.737
000002,万科A,全国地产,深圳,19910129,000002.SZ,20220119,21.8,22.3,21.5,21.9,21.59,0.31,1.4358,1191762.73,2611685.896,1.2264,1.8313,1.21,6.1325,6.6402,1.1185,0.6075,0.5669,5.7078,5.7078,1162538.3375,971755.3265,650774.2474,25459589.5913,21281441.6504,23.75,19.43,162.737
000002,万科A,全国地产,深圳,19910129,000002.SZ,20220118,20.95,21.9,20.86,21.59,20.87,0.72,3.4499,1067236.95,2286204.06,1.0983,1.6399,0.96,6.0457,6.5462,1.1027,0.5989,0.5589,5.7897,5.7897,1162538.3375,971755.3265,650774.2474,25099202.7066,20980197.4991,22.96,18.78,162.737
000002,万科A,全国地产,深圳,19910129,000002.SZ,20220117,20.66,21.22,20.66,20.87,20.7,0.17,0.8213,626021.07,1311268.282,0.6442,0.962,0.48,5.8441,6.3279,1.0659,0.5789,0.5402,5.9895,5.9895,1162538.3375,971755.3265,650774.2474,24262175.1036,20280533.6641,22.77,18.63,162.737
000002,万科A,全国地产,深圳,19910129,000002.SZ,20220114,21.59,21.7,20.67,20.7,21.53,-0.83,-3.8551,1047251.79,2191322.326,1.0777,1.6092,0.68,5.7965,6.2764,1.0572,0.5742,0.5358,6.0386,6.0386,1162538.3375,971755.3265,650774.2474,24064543.5863,20115335.2586,23.68,19.38,162.737
000002,万科A,全国地产,深圳,19910129,000002.SZ,20220113,22.0,22.28,21.47,21.53,22.05,-0.52,-2.3583,912867.31,1984764.398,0.9394,1.4027,0.56,6.0289,6.528,1.0996,0.5972,0.5573,5.8059,5.8059,1162538.3375,971755.3265,650774.2474,25029450.4064,20921892.1795,24.26,19.85,162.737
000002,万科A,全国地产,深圳,19910129,000002.SZ,20220112,22.15,22.31,21.51,22.05,22.3,-0.25,-1.1211,1268955.94,2783109.367,1.3058,1.9499,0.72,6.1745,6.6857,1.1262,0.6116,0.5708,5.6689,5.6689,1162538.3375,971755.3265,650774.2474,25633970.3419,21427204.9493,24.53,20.07,162.737
000002,万科A,全国地产,深圳,19910129,000002.SZ,20220111,22.11,23.09,21.79,22.3,22.16,0.14,0.6318,1702651.25,3837452.592,1.7521,2.6163,0.94,6.2446,6.7615,1.1389,0.6186,0.5772,5.6054,5.6054,1162538.3375,971755.3265,650774.2474,25924604.9263,21670143.781,24.38,19.94,162.737
000002,万科A,全国地产,深圳,19910129,000002.SZ,20220110,21.8,22.66,21.56,22.16,21.89,0.27,1.2334,1527796.63,3376585.47,1.5722,2.3477,0.88,6.2054,6.719,1.1318,0.6147,0.5736,5.6408,5.6408,1162538.3375,971755.3265,650774.2474,25761849.559,21534098.0352,24.08,19.7,162.737
000002,万科A,全国地产,深圳,19910129,000002.SZ,20220107,21.38,22.46,21.35,21.89,21.05,0.84,3.9905,2262768.05,4969780.143,2.3285,3.477,1.56,6.1297,6.6372,1.118,0.6072,0.5666,5.7104,5.7104,1162538.3375,971755.3265,650774.2474,25447964.2079,21271724.0971,23.16,18.95,162.737
000002,万科A,全国地产,深圳,19910129,000002.SZ,20220106,21.12,21.66,20.79,21.05,21.17,-0.12,-0.5668,1380274.06,2923511.291,1.4204,2.121,1.07,5.8945,6.3825,1.0751,0.5839,0.5449,5.9382,5.9382,1162538.3375,971755.3265,650774.2474,24471432.0044,20455449.6228,23.29,19.05,162.737
000002,万科A,全国地产,深圳,19910129,000002.SZ,20220105,20.43,21.61,20.36,21.17,20.49,0.68,3.3187,1930457.91,4075047.844,1.9866,2.9664,1.86,5.9281,6.4189,1.0812,0.5872,0.548,5.9046,5.9046,1162538.3375,971755.3265,650774.2474,24610936.6049,20572060.262,22.54,18.44,162.737
000002,万科A,全国地产,深圳,19910129,000002.SZ,20220104,19.49,20.65,19.36,20.49,19.76,0.73,3.6943,1947202.02,3956475.666,2.0038,2.9921,2.43,5.7377,6.2127,1.0465,0.5684,0.5304,6.1005,6.1005,1162538.3375,971755.3265,650774.2474,23820410.5354,19911266.64,21.74,17.78,162.737
000002,万科A,全国地产,深圳,19910129,000002.SZ,20211231,19.14,19.97,19.1,19.76,19.12,0.64,3.3473,1159186.55,2275602.656,1.1929,1.7812,1.71,5.5333,5.9914,1.0092,0.5481,0.5115,5.1448,6.3259,1162538.3375,971755.3265,650774.2474,22971757.549,19201885.2516,21.03,17.21,162.737
000002,万科A,全国地产,深圳,19910129,000002.SZ,20211230,19.35,19.43,19.03,19.12,19.38,-0.26,-1.3416,812212.99,1557113.848,0.8358,1.2481,1.24,5.3541,5.7973,0.9765,0.5304,0.4949,5.317,6.5377,1162538.3375,971755.3265,650774.2474,22227733.013,18579961.8427,21.32,17.44,162.737
000002,万科A,全国地产,深圳,19910129,000002.SZ,20211229,19.65,19.81,19.36,19.38,19.68,-0.3,-1.5244,582144.2,1135708.852,0.5991,0.8945,0.8,5.4269,5.8761,0.9898,0.5376,0.5017,5.2457,6.4499,1162538.3375,971755.3265,650774.2474,22529992.9808,18832618.2276,21.65,17.71,162.737
000002,万科A,全国地产,深圳,19910129,000002.SZ,20211228,19.52,19.77,19.39,19.68,19.62,0.06,0.3058,690467.89,1353124.078,0.7105,1.061,0.76,5.5109,5.9671,1.0051,0.5459,0.5094,5.1657,6.3516,1162538.3375,971755.3265,650774.2474,22878754.482,19124144.8255,21.58,17.66,162.737
000002,万科A,全国地产,深圳,19910129,000002.SZ,20211227,19.79,20.14,19.58,19.62,19.64,-0.02,-0.1018,754744.17,1497295.613,0.7767,1.1598,0.84,5.4941,5.9489,1.0021,0.5442,0.5079,5.1815,6.371,1162538.3375,971755.3265,650774.2474,22809002.1818,19065839.5059,21.6,17.68,162.737
000002,万科A,全国地产,深圳,19910129,000002.SZ,20211224,19.65,19.73,19.3,19.64,19.65,-0.01,-0.0509,540676.61,1054677.918,0.5564,0.8308,0.61,5.4997,5.955,1.0031,0.5448,0.5084,5.1762,6.3646,1162538.3375,971755.3265,650774.2474,22832252.9485,19085274.6125,21.62,17.69,162.737
000002,万科A,全国地产,深圳,19910129,000002.SZ,20211223,19.87,19.99,19.5,19.65,19.86,-0.21,-1.0574,697226.78,1371590.383,0.7175,1.0714,0.81,5.5025,5.958,1.0036,0.5451,0.5087,5.1736,6.3613,1162538.3375,971755.3265,650774.2474,22843878.3319,19094992.1657,21.85,17.87,162.737
000002,万科A,全国地产,深圳,19910129,000002.SZ,20211222,20.29,20.33,19.8,19.86,20.31,-0.45,-2.2157,961985.91,1921112.69,0.9899,1.4782,1.23,5.5613,6.0217,1.0143,0.5509,0.5141,5.1189,6.2941,1162538.3375,971755.3265,650774.2474,23088011.3828,19299060.7843,22.34,18.28,162.737
000002,万科A,全国地产,深圳,19910129,000002.SZ,20211221,19.49,20.67,19.44,20.31,19.56,0.75,3.8344,1592632.53,3232649.618,1.6389,2.4473,2.58,5.6873,6.1581,1.0373,0.5634,0.5257,5.0055,6.1546,1162538.3375,971755.3265,650774.2474,23611153.6346,19736350.6812,21.52,17.6,162.737
000002,万科A,全国地产,深圳,19910129,000002.SZ,20211220,19.51,19.95,19.51,19.56,19.53,0.03,0.1536,689598.48,1360521.094,0.7096,1.0597,1.02,5.4773,5.9307,0.999,0.5426,0.5063,5.1974,6.3906,1162538.3375,971755.3265,650774.2474,22739249.8815,19007534.1863,21.48,17.58,162.737
000002,万科A,全国地产,深圳,19910129,000002.SZ,20211217,19.79,19.94,19.53,19.53,19.79,-0.26,-1.3138,526782.98,1035530.89,0.5421,0.8095,0.73,5.4689,5.9216,0.9975,0.5417,0.5055,5.2054,6.4004,1162538.3375,971755.3265,650774.2474,22704373.7314,18978381.5265,21.77,17.81,162.737
000002,万科A,全国地产,深圳,19910129,000002.SZ,20211216,19.51,20.09,19.48,19.79,19.61,0.18,0.9179,555017.43,1099032.837,0.5711,0.8529,0.63,5.5417,6.0004,1.0107,0.5489,0.5123,5.137,6.3163,1162538.3375,971755.3265,650774.2474,23006633.6991,19231037.9114,21.57,17.65,162.737
000002,万科A,全国地产,深圳,19910129,000002.SZ,20211215,19.41,19.77,19.4,19.61,19.5,0.11,0.5641,536410.83,1052614.958,0.552,0.8243,0.56,5.4913,5.9459,1.0015,0.5439,0.5076,5.1842,6.3743,1162538.3375,971755.3265,650774.2474,22797376.7984,19056121.9527,21.45,17.55,162.737
000002,万科A,全国地产,深圳,19910129,000002.SZ,20211214,19.91,19.95,19.43,19.5,19.9,-0.4,-2.0101,779669.05,1527933.127,0.8023,1.1981,0.71,5.4605,5.9125,0.9959,0.5409,0.5048,5.2134,6.4103,1162538.3375,971755.3265,650774.2474,22669497.5813,18949228.8668,21.89,17.91,162.737
000002,万科A,全国地产,深圳,19910129,000002.SZ,20211213,20.08,20.54,19.87,19.9,20.16,-0.26,-1.2897,973553.43,1956861.382,1.0019,1.496,0.84,5.5725,6.0338,1.0164,0.552,0.5151,5.1086,6.2814,1162538.3375,971755.3265,650774.2474,23134512.9163,19337930.9974,22.18,18.14,162.737
000002,万科A,全国地产,深圳,19910129,000002.SZ,20211210,20.2,20.44,20.01,20.16,20.4,-0.24,-1.1765,771890.0,1556669.244,0.7943,1.1861,0.63,5.6453,6.1126,1.0296,0.5592,0.5219,5.0427,6.2004,1162538.3375,971755.3265,650774.2474,23436772.884,19590587.3822,22.44,18.36,162.737
000002,万科A,全国地产,深圳,19910129,000002.SZ,20211209,19.88,20.6,19.87,20.4,19.81,0.59,2.9783,1314339.78,2670445.855,1.3525,2.0197,1.13,5.7125,6.1854,1.0419,0.5659,0.5281,4.9834,6.1275,1162538.3375,971755.3265,650774.2474,23715782.085,19823808.6606,21.79,17.83,162.737
000002,万科A,全国地产,深圳,19910129,000002.SZ,20211208,19.94,19.98,19.5,19.81,19.94,-0.13,-0.652,924764.11,1822115.931,0.9516,1.421,0.83,5.5473,6.0065,1.0118,0.5495,0.5128,5.1318,6.3099,1162538.3375,971755.3265,650774.2474,23029884.4659,19250473.018,21.93,17.95,162.737
000002,万科A,全国地产,深圳,19910129,000002.SZ,20211207,20.15,20.3,19.7,19.94,19.49,0.45,2.3089,1522407.68,3043922.67,1.5667,2.3394,1.6,5.5837,6.0459,1.0184,0.5531,0.5162,5.0984,6.2688,1162538.3375,971755.3265,650774.2474,23181014.4498,19376801.2104,21.44,17.54,162.737
000002,万科A,全国地产,深圳,19910129,000002.SZ,20211206,19.6,20.15,19.46,19.49,19.27,0.22,1.1417,1255708.93,2480574.983,1.2922,1.9296,1.49,5.4577,5.9095,0.9954,0.5406,0.5045,5.2161,6.4135,1162538.3375,971755.3265,650774.2474,22657872.1979,18939511.3135,21.2,17.34,162.737
000002,万科A,全国地产,深圳,19910129,000002.SZ,20211203,19.03,19.35,18.59,19.27,19.03,0.24,1.2612,1095329.05,2086138.469,1.1272,1.6831,1.51,5.3961,5.8428,0.9842,0.5345,0.4988,5.2756,6.4868,1162538.3375,971755.3265,650774.2474,22402113.7636,18725725.1417,20.93,17.13,162.737
000002,万科A,全国地产,深圳,19910129,000002.SZ,20211202,18.4,19.09,18.22,19.03,18.47,0.56,3.0319,1017858.61,1912007.664,1.0474,1.5641,1.63,5.3289,5.77,0.9719,0.5279,0.4926,5.3422,6.5686,1162538.3375,971755.3265,650774.2474,22123104.5626,18492503.8633,20.32,16.62,162.737
000002,万科A,全国地产,深圳,19910129,000002.SZ,20211201,18.26,18.64,18.21,18.47,18.26,0.21,1.1501,674515.82,1243807.181,0.6941,1.0365,1.03,5.1721,5.6002,0.9433,0.5123,0.4781,5.5041,6.7677,1162538.3375,971755.3265,650774.2474,21472083.0936,17948320.8805,20.09,16.43,162.737
000002,万科A,全国地产,深圳,19910129,000002.SZ,20211130,18.44,18.66,18.16,18.26,18.46,-0.2,-1.0834,713092.22,1305310.857,0.7338,1.0958,1.14,5.1133,5.5365,0.9326,0.5065,0.4727,5.5674,6.8456,1162538.3375,971755.3265,650774.2474,21227950.0428,17744252.2619,20.31,16.61,162.737
000002,万科A,全国地产,深圳,19910129,000002.SZ,20211129,18.75,18.87,18.35,18.46,18.99,-0.53,-2.7909,718595.81,1334479.867,0.7395,1.1042,1.09,5.1693,5.5972,0.9428,0.512,0.4778,5.5071,6.7714,1162538.3375,971755.3265,650774.2474,21460457.7103,17938603.3272,20.89,17.09,162.737
000002,万科A,全国地产,深圳,19910129,000002.SZ,20211126,19.15,19.15,18.95,18.99,19.22,-0.23,-1.1967,504023.33,959331.064,0.5187,0.7745,0.62,5.3177,5.7579,0.9699,0.5267,0.4916,5.3534,6.5824,1162538.3375,971755.3265,650774.2474,22076603.0291,18453633.6502,21.14,17.3,162.737
000002,万科A,全国地产,深圳,19910129,000002.SZ,20211125,19.22,19.35,19.07,19.22,19.3,-0.08,-0.4145,518123.06,995473.89,0.5332,0.7962,0.62,5.3821,5.8276,0.9816,0.5331,0.4975,5.2893,6.5036,1162538.3375,971755.3265,650774.2474,22343986.8468,18677137.3753,21.23,17.37,162.737
000002,万科A,全国地产,深圳,19910129,000002.SZ,20211124,19.12,19.38,19.0,19.3,19.24,0.06,0.3119,827366.98,1587246.249,0.8514,1.2714,1.04,5.4045,5.8519,0.9857,0.5353,0.4996,5.2674,6.4767,1162538.3375,971755.3265,650774.2474,22436989.9138,18754877.8015,21.16,17.32,162.737
000002,万科A,全国地产,深圳,19910129,000002.SZ,20211123,19.19,19.44,19.1,19.24,19.22,0.02,0.1041,563435.65,1083646.252,0.5798,0.8658,0.7,5.3877,5.8337,0.9826,0.5337,0.498,5.2839,6.4969,1162538.3375,971755.3265,650774.2474,22367237.6135,18696572.4819,21.14,17.3,162.737
000002,万科A,全国地产,深圳,19910129,000002.SZ,20211122,19.9,19.95,19.19,19.22,19.9,-0.68,-3.4171,877584.3,1697701.639,0.9031,1.3485,1.07,5.3821,5.8276,0.9816,0.5331,0.4975,5.2893,6.5036,1162538.3375,971755.3265,650774.2474,22343986.8468,18677137.3753,21.89,17.91,162.737
000002,万科A,全国地产,深圳,19910129,000002.SZ,20211119,19.01,20.28,18.92,19.9,19.09,0.81,4.2431,1308293.09,2570652.947,1.3463,2.0104,1.35,5.5725,6.0338,1.0164,0.552,0.5151,5.1086,6.2814,1162538.3375,971755.3265,650774.2474,23134512.9163,19337930.9974,21.0,17.18,162.737
000002,万科A,全国地产,深圳,19910129,000002.SZ,20211118,19.35,19.4,18.98,19.09,19.46,-0.37,-1.9013,609995.75,1168010.581,0.6277,0.9373,0.41,5.3457,5.7882,0.975,0.5295,0.4942,5.3254,6.5479,1162538.3375,971755.3265,650774.2474,22192856.8629,18550809.1829,21.41,17.51,162.737
000002,万科A,全国地产,深圳,19910129,000002.SZ,20211117,19.23,19.53,19.09,19.46,19.24,0.22,1.1435,623749.71,1205064.294,0.6419,0.9585,0.37,5.4493,5.9004,0.9939,0.5398,0.5037,5.2241,6.4234,1162538.3375,971755.3265,650774.2474,22622996.0478,18910358.6537,21.16,17.32,162.737
000002,万科A,全国地产,深圳,19910129,000002.SZ,20211116,19.29,19.57,19.21,19.24,19.4,-0.16,-0.8247,593989.4,1149085.955,0.6113,0.9127,0.35,5.3877,5.8337,0.9826,0.5337,0.498,5.2839,6.4969,1162538.3375,971755.3265,650774.2474,22367237.6135,18696572.4819,21.34,17.46,162.737
000002,万科A,全国地产,深圳,19910129,000002.SZ,20211115,19.56,19.59,19.12,19.4,19.76,-0.36,-1.8219,959331.52,1852352.374,0.9872,1.4741,0.55,5.4325,5.8822,0.9908,0.5381,0.5022,5.2403,6.4433,1162538.3375,971755.3265,650774.2474,22553243.7475,18852053.3341,21.74,17.78,162.737
000002,万科A,全国地产,深圳,19910129,000002.SZ,20211112,20.5,20.5,19.41,19.76,20.79,-1.03,-4.9543,2065924.12,4100076.111,2.126,3.1746,1.41,5.5333,5.9914,1.0092,0.5481,0.5115,5.1448,6.3259,1162538.3375,971755.3265,650774.2474,22971757.549,19201885.2516,22.87,18.71,162.737
000002,万科A,全国地产,深圳,19910129,000002.SZ,20211111,18.95,20.84,18.89,20.79,18.98,1.81,9.5364,3151015.76,6352746.112,3.2426,4.8419,3.25,5.8217,6.3037,1.0618,0.5767,0.5382,4.8899,6.0125,1162538.3375,971755.3265,650774.2474,24169172.0366,20202793.2379,20.88,17.08,162.737
000002,万科A,全国地产,深圳,19910129,000002.SZ,20211110,18.37,19.01,17.99,18.98,18.22,0.76,4.1712,1695567.54,3153132.849,1.7449,2.6055,2.08,5.3149,5.7549,0.9694,0.5265,0.4913,5.3562,6.5859,1162538.3375,971755.3265,650774.2474,22064977.6458,18443916.097,20.04,16.4,162.737
000002,万科A,全国地产,深圳,19910129,000002.SZ,20211109,18.26,18.31,17.91,18.22,18.31,-0.09,-0.4915,673429.91,1222203.473,0.693,1.0348,0.69,5.1021,5.5244,0.9306,0.5054,0.4716,5.5797,6.8606,1162538.3375,971755.3265,650774.2474,21181448.5093,17705382.0488,20.14,16.48,162.737
000002,万科A,全国地产,深圳,19910129,000002.SZ,20211108,18.38,18.6,18.13,18.31,17.82,0.49,2.7497,1204523.83,2211029.748,1.2395,1.8509,1.27,5.1273,5.5517,0.9351,0.5079,0.474,5.5522,6.8269,1162538.3375,971755.3265,650774.2474,21286076.9596,17792840.0282,19.6,16.04,162.737
000002,万科A,全国地产,深圳,19910129,000002.SZ,20211105,18.0,18.0,17.78,17.82,18.06,-0.24,-1.3289,598992.61,1070050.195,0.6164,0.9204,0.46,4.99,5.4031,0.9101,0.4943,0.4613,5.7049,7.0146,1162538.3375,971755.3265,650774.2474,20716433.1743,17316679.9182,19.87,16.25,162.737
000002,万科A,全国地产,深圳,19910129,000002.SZ,20211104,18.01,18.14,17.73,18.06,18.05,0.01,0.0554,681153.06,1223281.181,0.701,1.0467,0.49,5.0572,5.4759,0.9224,0.501,0.4675,5.6291,6.9214,1162538.3375,971755.3265,650774.2474,20995442.3753,17549901.1966,19.86,16.25,162.737
000002,万科A,全国地产,深圳,19910129,000002.SZ,20211103,17.7,18.09,17.56,18.05,17.64,0.41,2.3243,917347.1,1647494.236,0.944,1.4096,0.66,5.0544,5.4729,0.9219,0.5007,0.4672,5.6322,6.9252,1162538.3375,971755.3265,650774.2474,20983816.9919,17540183.6433,19.4,15.88,162.737
000002,万科A,全国地产,深圳,19910129,000002.SZ,20211102,18.14,18.29,17.52,17.64,18.19,-0.55,-3.0236,1444316.69,2575924.469,1.4863,2.2194,1.02,4.9396,5.3486,0.9009,0.4893,0.4566,5.7631,7.0862,1162538.3375,971755.3265,650774.2474,20507176.2735,17141763.9595,20.01,16.37,162.737
000002,万科A,全国地产,深圳,19910129,000002.SZ,20211101,18.17,18.4,17.97,18.19,18.21,-0.02,-0.1098,1088482.43,1975554.523,1.1201,1.6726,0.71,5.0937,5.5153,0.929,0.5046,0.4709,5.5889,6.8719,1162538.3375,971755.3265,650774.2474,21146572.3591,17676229.389,20.03,16.39,162.737
000002,万科A,全国地产,深圳,19910129,000002.SZ,20211029,18.96,19.13,18.05,18.21,19.13,-0.92,-4.8092,2446904.82,4474612.186,2.518,3.76,1.81,5.0993,5.5214,0.93,0.5051,0.4714,5.5827,6.8644,1162538.3375,971755.3265,650774.2474,21169823.1259,17695664.4956,21.04,17.22,162.737
000002,万科A,全国地产,深圳,19910129,000002.SZ,20211028,19.6,19.6,19.0,19.13,19.66,-0.53,-2.6958,1041885.63,2000450.263,1.0722,1.601,0.71,5.3569,5.5522,1.0024,0.5306,0.5056,5.3142,6.5342,1162538.3375,971755.3265,650774.2474,22239358.3964,18589679.3959,21.63,17.69,162.737
000002,万科A,全国地产,深圳,19910129,000002.SZ,20211027,19.61,19.94,19.28,19.66,19.72,-0.06,-0.3043,948488.12,1864580.876,0.9761,1.4575,0.65,5.5053,5.706,1.0302,0.5453,0.5196,5.171,6.3581,1162538.3375,971755.3265,650774.2474,22855503.7153,19104709.719,21.69,17.75,162.737
000002,万科A,全国地产,深圳,19910129,000002.SZ,20211026,20.59,20.59,19.72,19.72,20.59,-0.87,-4.2254,1556727.79,3109672.068,1.602,2.3921,1.22,5.5221,5.7234,1.0333,0.547,0.5212,5.1552,6.3387,1162538.3375,971755.3265,650774.2474,22925256.0155,19163015.0386,22.65,18.53,162.737
000002,万科A,全国地产,深圳,19910129,000002.SZ,20211025,20.8,21.67,20.22,20.59,21.33,-0.74,-3.4693,1702415.99,3519256.932,1.7519,2.616,1.48,5.7657,5.976,1.0789,0.5711,0.5442,4.9374,6.0709,1162538.3375,971755.3265,650774.2474,23936664.3691,20008442.1726,23.46,19.2,162.737
000002,万科A,全国地产,深圳,19910129,000002.SZ,20211022,21.06,22.05,21.05,21.33,20.73,0.6,2.8944,1514164.56,3259316.919,1.5582,2.3267,1.5,5.9729,6.1907,1.1177,0.5917,0.5637,4.7661,5.8603,1162538.3375,971755.3265,650774.2474,24796942.7389,20727541.1142,22.8,18.66,162.737
000002,万科A,全国地产,深圳,19910129,000002.SZ,20211021,20.2,20.93,19.92,20.73,20.0,0.73,3.65,1623941.48,3345828.101,1.6711,2.4954,1.91,5.8049,6.0166,1.0862,0.575,0.5479,4.9041,6.0299,1162538.3375,971755.3265,650774.2474,24099419.7364,20144487.9183,22.0,18.0,162.737
000002,万科A,全国地产,深圳,19910129,000002.SZ,20211020,20.36,20.57,19.91,20.0,20.3,-0.3,-1.4778,914269.0,1836350.372,0.9408,1.4049,1.12,5.6005,5.8047,1.048,0.5548,0.5286,5.0831,6.25,1162538.3375,971755.3265,650774.2474,23250766.75,19435106.53,22.33,18.27,162.737
000002,万科A,全国地产,深圳,19910129,000002.SZ,20211019,20.52,20.74,20.21,20.3,20.3,0.0,0.0,637327.4,1299648.695,0.6559,0.9793,0.67,5.6845,5.8918,1.0637,0.5631,0.5365,5.0079,6.1576,1162538.3375,971755.3265,650774.2474,23599528.2513,19726633.128,22.33,18.27,162.737
000002,万科A,全国地产,深圳,19910129,000002.SZ,20211018,21.03,21.08,20.18,20.3,21.09,-0.79,-3.7459,1076032.24,2201113.07,1.1073,1.6535,1.09,5.6845,5.8918,1.0637,0.5631,0.5365,5.0079,6.1576,1162538.3375,971755.3265,650774.2474,23599528.2513,19726633.128,23.2,18.98,162.737
000002,万科A,全国地产,深圳,19910129,000002.SZ,20211015,21.25,21.47,20.95,21.09,21.3,-0.21,-0.9859,784296.86,1659579.916,0.8071,1.2052,0.8,5.9057,6.1211,1.1051,0.585,0.5574,4.8204,5.927,1162538.3375,971755.3265,650774.2474,24517933.5379,20494319.8359,23.43,19.17,162.737
000002,万科A,全国地产,深圳,19910129,000002.SZ,20211014,22.2,22.45,21.25,21.3,22.3,-1.0,-4.4843,847737.63,1836458.399,0.8724,1.3027,0.84,5.9645,6.182,1.1161,0.5908,0.5629,4.7728,5.8685,1162538.3375,971755.3265,650774.2474,24762066.5888,20698388.4545,24.53,20.07,162.737
000002,万科A,全国地产,深圳,19910129,000002.SZ,20211013,22.25,22.44,21.71,22.3,22.3,0.0,0.0,751087.56,1662450.797,0.7729,1.1541,0.7,6.2446,6.4723,1.1685,0.6186,0.5894,4.5588,5.6054,1162538.3375,971755.3265,650774.2474,25924604.9263,21670143.781,24.53,20.07,162.737
000002,万科A,全国地产,深圳,19910129,000002.SZ,20211012,22.0,22.85,21.84,22.3,22.1,0.2,0.905,1272179.49,2861826.258,1.3092,1.9549,1.03,6.2446,6.4723,1.1685,0.6186,0.5894,4.5588,5.6054,1162538.3375,971755.3265,650774.2474,25924604.9263,21670143.781,24.31,19.89,162.737
000002,万科A,全国地产,深圳,19910129,000002.SZ,20211011,21.28,22.51,21.25,22.1,21.24,0.86,4.049,1268993.98,2804632.484,1.3059,1.95,1.13,6.1885,6.4142,1.158,0.613,0.5841,4.6001,5.6561,1162538.3375,971755.3265,650774.2474,25692097.2588,21475792.7157,23.36,19.12,162.737
000002,万科A,全国地产,深圳,19910129,000002.SZ,20211008,21.48,21.69,21.09,21.24,21.31,-0.07,-0.3285,732687.45,1562199.44,0.754,1.1259,0.65,5.9477,6.1646,1.1129,0.5892,0.5614,4.7863,5.8851,1162538.3375,971755.3265,650774.2474,24692314.2885,20640083.1349,23.44,19.18,162.737
000002,万科A,全国地产,深圳,19910129,000002.SZ,20210930,21.45,21.88,21.09,21.31,21.17,0.14,0.6613,1005860.48,2159365.666,1.0351,1.5456,0.82,5.9673,6.1849,1.1166,0.5911,0.5632,4.7706,5.8658,1162538.3375,971755.3265,650774.2474,24773691.9721,20708106.0077,23.29,19.05,162.737
000002,万科A,全国地产,深圳,19910129,000002.SZ,20210929,21.3,21.5,20.94,21.17,21.08,0.09,0.4269,1092349.13,2317154.698,1.1241,1.6785,0.82,5.9281,6.1443,1.1093,0.5872,0.5595,4.8021,5.9046,1162538.3375,971755.3265,650774.2474,24610936.6049,20572060.262,23.19,18.97,162.737
000002,万科A,全国地产,深圳,19910129,000002.SZ,20210928,20.32,21.66,20.32,21.08,19.81,1.27,6.4109,2103434.52,4437843.102,2.1646,3.2322,2.0,5.9029,6.1182,1.1046,0.5847,0.5571,4.8226,5.9298,1162538.3375,971755.3265,650774.2474,24506308.1545,20484602.2826,21.79,17.83,162.737
000002,万科A,全国地产,深圳,19910129,000002.SZ,20210927,20.15,20.38,19.71,19.81,20.32,-0.51,-2.5098,693130.22,1380073.626,0.7133,1.0651,0.61,5.5473,5.7496,1.038,0.5495,0.5236,5.1318,6.3099,1162538.3375,971755.3265,650774.2474,23029884.4659,19250473.018,22.35,18.29,162.737
000002,万科A,全国地产,深圳,19910129,000002.SZ,20210924,20.4,20.78,20.2,20.32,20.55,-0.23,-1.1192,769259.35,1573373.809,0.7916,1.1821,0.65,5.6901,5.8976,1.0647,0.5636,0.537,5.003,6.1516,1162538.3375,971755.3265,650774.2474,23622779.018,19746068.2345,22.61,18.5,162.737
000002,万科A,全国地产,深圳,19910129,000002.SZ,20210923,19.9,20.93,19.85,20.55,20.08,0.47,2.3406,1455787.19,2986064.845,1.4981,2.237,1.19,5.7545,5.9643,1.0768,0.57,0.5431,4.947,6.0827,1162538.3375,971755.3265,650774.2474,23890162.8356,19969571.9596,22.09,18.07,162.737
000002,万科A,全国地产,深圳,19910129,000002.SZ,20210922,18.9,20.25,18.74,20.08,19.07,1.01,5.2963,1644899.9,3250979.129,1.6927,2.5276,1.39,5.6229,5.8279,1.0522,0.557,0.5307,5.0628,6.2251,1162538.3375,971755.3265,650774.2474,23343769.817,19512846.9561,20.98,17.16,162.737
000002,万科A,全国地产,深圳,19910129,000002.SZ,20210917,19.05,19.34,18.93,19.07,19.02,0.05,0.2629,705319.15,1347615.553,0.7258,1.0838,0.6,5.3401,5.5348,0.9992,0.529,0.504,5.331,6.5548,1162538.3375,971755.3265,650774.2474,22169606.0961,18531374.0764,20.92,17.12,162.737
000002,万科A,全国地产,深圳,19910129,000002.SZ,20210916,19.57,19.6,19.02,19.02,19.58,-0.56,-2.8601,1100870.24,2113908.028,1.1329,1.6916,1.02,5.3261,5.5203,0.9966,0.5276,0.5027,5.345,6.572,1162538.3375,971755.3265,650774.2474,22111479.1793,18482786.31,21.54,17.62,162.737
000002,万科A,全国地产,深圳,19910129,000002.SZ,20210915,20.0,20.04,19.51,19.58,20.13,-0.55,-2.7322,1033463.82,2041881.878,1.0635,1.5881,1.03,5.4829,5.6828,1.026,0.5431,0.5175,5.1921,6.3841,1162538.3375,971755.3265,650774.2474,22762500.6483,19026969.2929,22.14,18.12,162.737
000002,万科A,全国地产,深圳,19910129,000002.SZ,20210914,21.13,21.45,20.06,20.13,21.26,-1.13,-5.3151,1607058.43,3298161.712,1.6538,2.4695,1.99,5.6369,5.8424,1.0548,0.5584,0.532,5.0502,6.2096,1162538.3375,971755.3265,650774.2474,23401896.7339,19561434.7224,23.39,19.13,162.737
000002,万科A,全国地产,深圳,19910129,000002.SZ,20210913,20.29,21.3,20.02,21.26,20.4,0.86,4.2157,1470444.29,3065955.441,1.5132,2.2595,2.19,5.9533,6.1704,1.114,0.5897,0.5619,4.7818,5.8796,1162538.3375,971755.3265,650774.2474,24715565.0553,20659518.2414,22.44,18.36,162.737
000002,万科A,全国地产,深圳,19910129,000002.SZ,20210910,20.2,20.63,20.12,20.4,20.2,0.2,0.9901,682114.35,1391976.583,0.7019,1.0482,1.02,5.7125,5.9208,1.0689,0.5659,0.5392,4.9834,6.1275,1162538.3375,971755.3265,650774.2474,23715782.085,19823808.6606,22.22,18.18,162.737
000002,万科A,全国地产,深圳,19910129,000002.SZ,20210909,20.17,20.39,19.94,20.2,20.33,-0.13,-0.6394,585182.37,1179987.025,0.6022,0.8992,0.83,5.6565,5.8628,1.0584,0.5603,0.5339,5.0327,6.1881,1162538.3375,971755.3265,650774.2474,23483274.4175,19629457.5953,22.36,18.3,162.737
000002,万科A,全国地产,深圳,19910129,000002.SZ,20210908,20.41,20.7,20.3,20.33,20.59,-0.26,-1.2627,663610.55,1355179.398,0.6829,1.0197,0.81,5.6929,5.9005,1.0653,0.5639,0.5373,5.0006,6.1485,1162538.3375,971755.3265,650774.2474,23634404.4014,19755785.7877,22.65,18.53,162.737
000002,万科A,全国地产,深圳,19910129,000002.SZ,20210907,20.68,20.76,20.35,20.59,20.55,0.04,0.1946,630700.53,1295608.674,0.649,0.9692,0.71,5.7657,5.976,1.0789,0.5711,0.5442,4.9374,6.0709,1162538.3375,971755.3265,650774.2474,23936664.3691,20008442.1726,22.61,18.5,162.737
000002,万科A,全国地产,深圳,19910129,000002.SZ,20210906,20.77,21.05,20.42,20.55,20.93,-0.38,-1.8156,792302.48,1633927.073,0.8153,1.2175,0.74,5.7545,5.9643,1.0768,0.57,0.5431,4.947,6.0827,1162538.3375,971755.3265,650774.2474,23890162.8356,19969571.9596,23.02,18.84,162.737
000002,万科A,全国地产,深圳,19910129,000002.SZ,20210903,21.1,21.45,20.7,20.93,21.2,-0.27,-1.2736,684516.33,1441816.155,0.7044,1.0518,0.66,5.8609,6.0746,1.0967,0.5806,0.5532,4.8572,5.9723,1162538.3375,971755.3265,650774.2474,24331927.4039,20338838.9836,23.32,19.08,162.737
000002,万科A,全国地产,深圳,19910129,000002.SZ,20210902,20.95,21.5,20.64,21.2,20.82,0.38,1.8252,759266.43,1602798.012,0.7813,1.1667,0.76,5.9365,6.153,1.1108,0.588,0.5603,4.7953,5.8962,1162538.3375,971755.3265,650774.2474,24645812.755,20601212.9218,22.9,18.74,162.737
000002,万科A,全国地产,深圳,19910129,000002.SZ,20210901,19.65,21.15,19.54,20.82,19.8,1.02,5.1515,1251790.18,2578218.302,1.2882,1.9235,1.35,5.8301,6.0427,1.0909,0.5775,0.5503,4.8829,6.0038,1162538.3375,971755.3265,650774.2474,24204048.1868,20231945.8977,21.78,17.82,162.737
000002,万科A,全国地产,深圳,19910129,000002.SZ,20210831,19.28,19.87,19.08,19.8,19.43,0.37,1.9043,967395.46,1880117.403,0.9955,1.4865,1.09,5.5445,5.7467,1.0375,0.5492,0.5233,5.1344,6.3131,1162538.3375,971755.3265,650774.2474,23018259.0825,19240755.4647,21.37,17.49,162.737
000002,万科A,全国地产,深圳,19910129,000002.SZ,20210830,20.0,20.07,19.3,19.43,20.9,-1.47,-7.0335,1707266.63,3346337.006,1.7569,2.6368,2.72,5.4409,5.6393,1.0181,0.539,0.5135,5.2322,6.4334,1162538.3375,971755.3265,647474.2474,22588119.8976,18881205.9939,22.99,18.81,162.737
000002,万科A,全国地产,深圳,19910129,000002.SZ,20210827,20.87,21.13,20.72,20.9,20.87,0.03,0.1437,486746.82,1017770.853,0.5009,0.7518,0.7,5.8525,5.8465,1.1505,0.5797,0.5604,4.8642,5.9809,1162538.3375,971755.3265,647474.2474,24297051.2538,20309686.3239,22.96,18.78,162.737
000002,万科A,全国地产,深圳,19910129,000002.SZ,20210826,21.12,21.49,20.82,20.87,21.24,-0.37,-1.742,601520.46,1266424.488,0.619,0.929,0.82,5.8441,5.8381,1.1489,0.5789,0.5596,4.8712,5.9895,1162538.3375,971755.3265,647474.2474,24262175.1036,20280533.6641,23.36,19.12,162.737
000002,万科A,全国地产,深圳,19910129,000002.SZ,20210825,22.12,22.12,21.05,21.24,21.77,-0.53,-2.4345,886592.18,1900600.261,0.9124,1.3693,1.2,5.9477,5.9416,1.1692,0.5892,0.5695,4.7863,5.8851,1162538.3375,971755.3265,647474.2474,24692314.2885,20640083.1349,23.95,19.59,162.737
000002,万科A,全国地产,深圳,19910129,000002.SZ,20210824,22.77,23.23,22.63,23.02,22.82,0.2,0.8764,746208.29,1708479.465,0.7679,1.1525,0.93,6.4419,6.4353,1.1849,0.6381,0.6168,4.4162,,1161773.2201,971755.3265,647474.2474,26744019.5267,22369807.616,25.1,20.54,153.901
000002,万科A,全国地产,深圳,19910129,000002.SZ,20210823,22.81,22.98,22.68,22.82,22.75,0.07,0.3077,411641.96,939780.918,0.4236,0.6358,0.47,6.386,6.3794,1.1746,0.6326,0.6114,4.4549,,1161773.2201,971755.3265,647474.2474,26511664.8827,22175456.5507,25.03,20.48,153.901
000002,万科A,全国地产,深圳,19910129,000002.SZ,20210820,23.19,23.5,22.42,22.75,23.15,-0.4,-1.7279,820383.92,1868941.863,0.8442,1.2671,0.98,6.3664,6.3598,1.171,0.6306,0.6096,4.4686,,1161773.2201,971755.3265,647474.2474,26430340.7573,22107433.6779,25.47,20.84,153.901
000002,万科A,全国地产,深圳,19910129,000002.SZ,20210819,23.51,23.7,22.97,23.15,23.72,-0.57,-2.403,792644.68,1838800.106,0.8157,1.2242,0.93,6.4783,6.4716,1.1916,0.6417,0.6203,4.3914,,1161773.2201,971755.3265,647474.2474,26895050.0453,22496135.8085,26.09,21.35,153.901
000002,万科A,全国地产,深圳,19910129,000002.SZ,20210818,23.2,23.95,22.75,23.72,23.12,0.6,2.5952,927755.78,2172493.652,0.9547,1.4329,0.88,6.6378,6.631,1.2209,0.6575,0.6355,4.2859,,1161773.2201,971755.3265,647474.2474,27557260.7808,23050036.3446,25.43,20.81,153.901
000002,万科A,全国地产,深圳,19910129,000002.SZ,20210817,22.8,23.87,22.78,23.12,22.96,0.16,0.6969,1050423.81,2457163.052,1.081,1.6223,1.03,6.4699,6.4632,1.19,0.6409,0.6195,4.3971,,1161773.2201,971755.3265,647474.2474,26860196.8487,22466983.1487,25.26,20.66,153.901
000002,万科A,全国地产,深圳,19910129,000002.SZ,20210816,22.91,23.58,22.77,22.96,22.79,0.17,0.7459,823954.27,1914354.776,0.8479,1.2726,0.73,6.4251,6.4185,1.1818,0.6364,0.6152,4.4278,,1161773.2201,971755.3265,647474.2474,26674313.1335,22311502.2964,25.07,20.51,153.901
000002,万科A,全国地产,深圳,19910129,000002.SZ,20210813,22.59,23.03,22.32,22.79,22.64,0.15,0.6625,576712.09,1311218.58,0.5935,0.8907,0.5,6.3776,6.371,1.1731,0.6317,0.6106,4.4608,4.4608,1161773.2201,971755.3265,647474.2474,26476811.6861,22146303.8909,24.9,20.38,153.901
000002,万科A,全国地产,深圳,19910129,000002.SZ,20210812,23.03,23.29,22.64,22.64,23.11,-0.47,-2.0338,860883.84,1967002.394,0.8859,1.3296,0.72,6.3356,6.329,1.1653,0.6276,0.6066,4.4903,4.4903,1161773.2201,971755.3265,647474.2474,26302545.7031,22000540.592,25.42,20.8,153.901
000002,万科A,全国地产,深圳,19910129,000002.SZ,20210811,22.6,23.95,22.6,23.11,21.86,1.25,5.7182,1940357.06,4554630.705,1.9968,2.9968,2.07,6.4671,6.4604,1.1895,0.6406,0.6192,4.399,4.399,1161773.2201,971755.3265,647474.2474,26848579.1165,22457265.5954,24.05,19.67,153.901
000002,万科A,全国地产,深圳,19910129,000002.SZ,20210810,22.19,22.19,21.47,21.86,22.28,-0.42,-1.8851,898607.03,1954452.444,0.9247,1.3879,1.03,6.1173,6.111,1.1252,0.606,0.5857,4.6506,4.6506,1161773.2201,971755.3265,647474.2474,25396362.5914,21242571.4373,24.51,20.05,153.901
000002,万科A,全国地产,深圳,19910129,000002.SZ,20210809,21.0,22.76,20.98,22.28,21.1,1.18,5.5924,1389081.23,3081214.27,1.4295,2.1454,1.83,6.2348,6.2284,1.1468,0.6176,0.597,4.5629,4.5629,1161773.2201,971755.3265,647474.2474,25884307.3438,21650708.6744,23.21,18.99,153.901
000002,万科A,全国地产,深圳,19910129,000002.SZ,20210806,20.73,21.16,20.33,21.1,20.99,0.11,0.5241,636435.3,1323046.749,0.6549,0.983,0.83,5.9046,5.8985,1.0861,0.5849,0.5653,4.8181,4.8181,1161773.2201,971755.3265,647474.2474,24513414.9441,20504037.3892,23.09,18.89,153.901
000002,万科A,全国地产,深圳,19910129,000002.SZ,20210805,20.75,21.49,20.65,20.99,20.55,0.44,2.1411,1149843.54,2425340.168,1.1833,1.7759,1.65,5.8739,5.8678,1.0804,0.5818,0.5624,4.8433,4.8433,1161773.2201,971755.3265,647474.2474,24385619.8899,20397144.3032,22.61,18.5,153.901
000002,万科A,全国地产,深圳,19910129,000002.SZ,20210804,20.87,20.87,20.47,20.55,20.88,-0.33,-1.5805,620163.83,1277452.582,0.6382,0.9578,0.79,5.7507,5.7448,1.0578,0.5696,0.5506,4.947,4.947,1161773.2201,971755.3265,647474.2474,23874439.6731,19969571.9596,22.97,18.79,153.901
000002,万科A,全国地产,深圳,19910129,000002.SZ,20210803,20.91,21.23,20.79,20.88,20.9,-0.02,-0.0957,557736.52,1167380.578,0.5739,0.8614,0.59,5.8431,5.837,1.0747,0.5788,0.5594,4.8688,4.8688,1161773.2201,971755.3265,647474.2474,24257824.8357,20290251.2173,22.99,18.81,153.901
000002,万科A,全国地产,深圳,19910129,000002.SZ,20210802,20.6,21.18,20.1,20.9,20.66,0.24,1.1617,834802.63,1731493.149,0.8591,1.2893,0.78,5.8487,5.8426,1.0758,0.5793,0.56,4.8642,4.8642,1161773.2201,971755.3265,647474.2474,24281060.3001,20309686.3239,22.73,18.59,153.901
000002,万科A,全国地产,深圳,19910129,000002.SZ,20210730,20.39,20.7,20.1,20.66,20.6,0.06,0.2913,679988.48,1392126.723,0.6998,1.0502,0.65,5.7815,5.7755,1.0634,0.5727,0.5536,4.9207,4.9207,1161773.2201,971755.3265,647474.2474,24002234.7273,20076465.0455,22.66,18.54,153.901
000002,万科A,全国地产,深圳,19910129,000002.SZ,20210729,20.7,20.85,20.21,20.6,20.49,0.11,0.5368,787966.84,1623275.244,0.8109,1.217,0.77,5.7647,5.7588,1.0603,0.571,0.5519,4.935,4.935,1161773.2201,971755.3265,647474.2474,23932528.3341,20018159.7259,22.54,18.44,153.901
000002,万科A,全国地产,深圳,19910129,000002.SZ,20210728,20.18,20.77,20.14,20.49,20.16,0.33,1.6369,1051188.49,2147044.673,1.0817,1.6235,1.1,5.7339,5.728,1.0547,0.568,0.549,4.9615,4.9615,1161773.2201,971755.3265,647474.2474,23804733.2798,19911266.64,22.18,18.14,153.901
000002,万科A,全国地产,深圳,19910129,000002.SZ,20210727,21.3,21.3,20.09,20.16,21.36,-1.2,-5.618,1410661.74,2909955.94,1.4517,2.1787,1.81,5.6416,5.6358,1.0377,0.5588,0.5402,5.0427,5.0427,1161773.2201,971755.3265,647474.2474,23421348.1172,19590587.3822,23.5,19.22,153.901
000002,万科A,全国地产,深圳,19910129,000002.SZ,20210726,22.8,22.8,21.25,21.36,23.11,-1.75,-7.5725,1423714.28,3100431.096,1.4651,2.1989,2.33,5.9774,5.9712,1.0995,0.5921,0.5723,4.7594,4.7594,1161773.2201,971755.3265,647474.2474,24815475.9813,20756693.774,25.42,20.8,153.901
000002,万科A,全国地产,深圳,19910129,000002.SZ,20210723,23.15,23.35,22.85,23.11,23.21,-0.1,-0.4308,522943.29,1205101.189,0.5381,0.8077,0.82,6.4671,6.4604,1.1895,0.6406,0.6192,4.399,4.399,1161773.2201,971755.3265,647474.2474,26848579.1165,22457265.5954,25.53,20.89,153.901
000002,万科A,全国地产,深圳,19910129,000002.SZ,20210722,22.71,23.25,22.62,23.21,22.73,0.48,2.1117,711180.78,1640587.778,0.7319,1.0984,1.15,6.4951,6.4884,1.1947,0.6434,0.6219,4.3801,4.3801,1161773.2201,971755.3265,647474.2474,26964756.4385,22554441.1281,25.0,20.46,153.901
000002,万科A,全国地产,深圳,19910129,000002.SZ,20210721,23.0,23.16,22.65,22.73,23.09,-0.36,-1.5591,690511.28,1573728.265,0.7106,1.0665,1.09,6.3608,6.3542,1.17,0.6301,0.609,4.4726,4.4726,1161773.2201,971755.3265,647474.2474,26407105.2929,22087998.5713,25.4,20.78,153.901
000002,万科A,全国地产,深圳,19910129,000002.SZ,20210720,23.3,23.37,22.9,23.09,23.48,-0.39,-1.661,552477.95,1275982.242,0.5685,0.8533,0.91,6.4615,6.4548,1.1885,0.6401,0.6187,4.4028,4.4028,1161773.2201,971755.3265,647474.2474,26825343.6521,22437830.4889,25.83,21.13,153.901
000002,万科A,全国地产,深圳,19910129,000002.SZ,20210719,23.88,23.89,23.27,23.48,23.95,-0.47,-1.9624,578645.57,1355079.894,0.5955,0.8937,0.93,6.5707,6.5639,1.2086,0.6509,0.6291,4.3297,4.3297,1161773.2201,971755.3265,647474.2474,27278435.2079,22816815.0662,26.35,21.56,153.901
000002,万科A,全国地产,深圳,19910129,000002.SZ,20210716,23.4,24.05,23.35,23.95,23.52,0.43,1.8282,643153.72,1534958.952,0.6618,0.9933,1.09,6.7022,6.6953,1.2328,0.6639,0.6417,4.2447,4.2447,1161773.2201,971755.3265,647474.2474,27824468.6214,23273540.0697,25.87,21.17,153.901
000002,万科A,全国地产,深圳,19910129,000002.SZ,20210715,23.21,23.73,23.01,23.52,23.21,0.31,1.3356,639812.43,1498254.942,0.6584,0.9882,1.1,6.5818,6.5751,1.2106,0.652,0.6302,4.3223,4.3223,1161773.2201,971755.3265,647474.2474,27324906.1368,22855685.2793,25.53,20.89,153.901
000002,万科A,全国地产,深圳,19910129,000002.SZ,20210714,23.81,23.88,23.2,23.21,23.84,-0.63,-2.6426,748482.33,1753035.681,0.7702,1.156,1.36,6.4951,6.4884,1.1947,0.6434,0.6219,4.3801,4.3801,1161773.2201,971755.3265,647474.2474,26964756.4385,22554441.1281,26.22,21.46,153.901
000002,万科A,全国地产,深圳,19910129,000002.SZ,20210713,23.84,24.14,23.73,23.84,23.82,0.02,0.084,429413.08,1026027.218,0.4419,0.6632,0.68,6.6714,6.6645,1.2271,0.6608,0.6388,4.2643,4.2643,1161773.2201,971755.3265,647474.2474,27696673.5672,23166646.9838,26.2,21.44,153.901
000002,万科A,全国地产,深圳,19910129,000002.SZ,20210712,24.29,24.29,23.78,23.82,24.06,-0.24,-0.9975,645788.82,1547277.245,0.6646,0.9974,1.03,6.6658,6.6589,1.2261,0.6603,0.6382,4.2679,4.2679,1161773.2201,971755.3265,647474.2474,27673438.1028,23147211.8772,26.47,21.65,153.901
000002,万科A,全国地产,深圳,19910129,000002.SZ,20210709,23.83,24.29,23.82,24.06,24.05,0.01,0.0416,495907.81,1192140.717,0.5103,0.7659,0.7,6.733,6.726,1.2384,0.6669,0.6447,4.2253,4.2253,1161773.2201,971755.3265,647474.2474,27952263.6756,23380433.1556,26.46,21.65,153.901
000002,万科A,全国地产,深圳,19910129,000002.SZ,20210708,24.15,24.25,23.71,24.05,24.04,0.01,0.0416,589155.23,1411774.651,0.6063,0.9099,0.69,6.7302,6.7232,1.2379,0.6667,0.6444,4.2271,4.2271,1161773.2201,971755.3265,647474.2474,27940645.9434,23370715.6023,26.44,21.64,153.901
000002,万科A,全国地产,深圳,19910129,000002.SZ,20210707,24.2,24.48,23.97,24.04,24.48,-0.44,-1.7974,598540.74,1442986.989,0.6159,0.9244,0.72,6.7274,6.7204,1.2374,0.6664,0.6441,4.2288,4.2288,1161773.2201,971755.3265,647474.2474,27929028.2112,23360998.0491,26.93,22.03,153.901
000002,万科A,全国地产,深圳,19910129,000002.SZ,20210706,23.9,24.75,23.76,24.48,23.82,0.66,2.7708,844134.79,2058328.662,0.8687,1.3037,1.06,6.8505,6.8434,1.26,0.6786,0.6559,4.1528,4.1528,1161773.2201,971755.3265,647474.2474,28440208.428,23788570.3927,26.2,21.44,153.901
000002,万科A,全国地产,深圳,19910129,000002.SZ,20210705,24.06,24.09,23.55,23.82,24.05,-0.23,-0.9563,605991.53,1437710.035,0.6236,0.9359,0.77,6.6658,6.6589,1.2261,0.6603,0.6382,4.2679,4.2679,1161773.2201,971755.3265,647474.2474,27673438.1028,23147211.8772,26.46,21.65,153.901
000002,万科A,全国地产,深圳,19910129,000002.SZ,20210702,24.78,24.78,24.04,24.05,24.98,-0.93,-3.723,887290.38,2155246.012,0.9131,1.3704,1.26,6.7302,6.7232,1.2379,0.6667,0.6444,4.2271,4.2271,1161773.2201,971755.3265,647474.2474,27940645.9434,23370715.6023,27.48,22.48,153.901
000002,万科A,全国地产,深圳,19910129,000002.SZ,20210701,23.89,25.35,23.85,24.98,23.81,1.17,4.9139,1315383.53,3255497.222,1.3536,2.0316,2.34,6.9904,6.9832,1.2858,0.6924,0.6693,4.0697,4.0697,1161773.2201,971755.3265,647474.2474,29021095.0381,24274448.056,26.19,21.43,153.901
000002,万科A,全国地产,深圳,19910129,000002.SZ,20210630,23.82,23.92,23.5,23.81,23.8,0.01,0.042,498882.63,1183027.397,0.5134,0.7705,0.82,6.663,6.6561,1.2256,0.66,0.638,4.2697,4.2697,1161773.2201,971755.3265,647474.2474,27661820.3706,23137494.324,26.18,21.42,153.901
000002,万科A,全国地产,深圳,19910129,000002.SZ,20210629,24.1,24.22,23.72,23.8,24.08,-0.28,-1.1628,664404.65,1588927.547,0.6837,1.0261,1.07,6.6602,6.6533,1.225,0.6597,0.6377,4.2715,4.2715,1161773.2201,971755.3265,647474.2474,27650202.6384,23127776.7707,26.49,21.67,153.901
000002,万科A,全国地产,深圳,19910129,000002.SZ,20210628,24.63,24.66,24.05,24.08,24.51,-0.43,-1.7544,563018.94,1364565.709,0.5794,0.8696,0.89,6.7386,6.7316,1.2395,0.6675,0.6452,4.2218,4.2218,1161773.2201,971755.3265,647474.2474,27975499.14,23399868.2621,26.96,22.06,153.901
000002,万科A,全国地产,深圳,19910129,000002.SZ,20210625,24.4,24.55,24.3,24.51,24.33,0.18,0.7398,478206.96,1168852.241,0.4921,0.7386,0.7,6.8589,6.8518,1.2616,0.6794,0.6567,4.1477,4.1477,1161773.2201,971755.3265,647474.2474,28475061.6247,23817723.0525,26.76,21.9,153.901
000002,万科A,全国地产,深圳,19910129,000002.SZ,20210624,24.56,24.62,24.23,24.33,24.5,-0.17,-0.6939,601455.02,1470290.943,0.6189,0.9289,0.93,6.8085,6.8015,1.2523,0.6744,0.6519,4.1784,4.1784,1161773.2201,971755.3265,647474.2474,28265942.445,23642807.0937,26.95,22.05,153.901
000002,万科A,全国地产,深圳,19910129,000002.SZ,20210623,24.25,24.56,24.12,24.5,24.23,0.27,1.1143,743960.48,1809991.559,0.7656,1.149,1.17,6.8561,6.849,1.2611,0.6791,0.6564,4.1494,4.1494,1161773.2201,971755.3265,647474.2474,28463443.8925,23808005.4993,26.65,21.81,153.901
000002,万科A,全国地产,深圳,19910129,000002.SZ,20210622,24.3,24.47,24.0,24.23,24.2,0.03,0.124,724750.25,1754346.052,0.7458,1.1193,1.08,6.7805,6.7735,1.2472,0.6717,0.6492,4.1957,4.1957,1161773.2201,971755.3265,647474.2474,28149765.123,23545631.5611,26.62,21.78,153.901
000002,万科A,全国地产,深圳,19910129,000002.SZ,20210621,24.5,24.53,24.05,24.2,24.57,-0.37,-1.5059,624705.3,1513602.453,0.6429,0.9648,0.9,6.7721,6.7651,1.2456,0.6708,0.6484,4.2009,4.2009,1161773.2201,971755.3265,647474.2474,28114911.9264,23516478.9013,27.03,22.11,153.901
000002,万科A,全国地产,深圳,19910129,000002.SZ,20210618,24.95,24.95,24.45,24.57,25.0,-0.43,-1.72,700942.29,1722492.946,0.7213,1.0826,1.06,6.8757,6.8686,1.2647,0.6811,0.6583,4.1376,4.1376,1161773.2201,971755.3265,647474.2474,28544768.0179,23876028.3721,27.5,22.5,153.901
000002,万科A,全国地产,深圳,19910129,000002.SZ,20210617,24.96,25.12,24.77,25.0,24.96,0.04,0.1603,440175.36,1098897.074,0.453,0.6798,0.67,6.996,6.9888,1.2868,0.693,0.6698,4.0665,4.0665,1161773.2201,971755.3265,647474.2474,29044330.5025,24293883.1625,27.46,22.46,153.901
000002,万科A,全国地产,深圳,19910129,000002.SZ,20210616,24.75,25.4,24.72,24.96,24.76,0.2,0.8078,676068.05,1693490.877,0.6957,1.0442,1.11,6.9848,6.9776,1.2848,0.6919,0.6688,4.073,4.073,1161773.2201,971755.3265,647474.2474,28997859.5737,24255012.9494,27.24,22.28,153.901
000002,万科A,全国地产,深圳,19910129,000002.SZ,20210615,25.2,25.23,24.6,24.76,25.29,-0.53,-2.0957,899155.01,2228846.013,0.9253,1.3887,1.62,6.9289,6.9217,1.2745,0.6863,0.6634,4.1059,4.1059,1161773.2201,971755.3265,647474.2474,28765504.9297,24060661.8841,27.82,22.76,153.901
000002,万科A,全国地产,深圳,19910129,000002.SZ,20210611,25.58,25.65,25.17,25.29,25.65,-0.36,-1.4035,758537.38,1918663.075,0.7806,1.1715,1.39,7.0772,7.0699,1.3017,0.701,0.6776,4.0198,4.0198,1161773.2201,971755.3265,647474.2474,29381244.7363,24575692.2072,28.22,23.09,153.901
000002,万科A,全国地产,深圳,19910129,000002.SZ,20210610,25.86,26.04,25.6,25.65,25.91,-0.26,-1.0035,538007.76,1387584.802,0.5536,0.8309,0.99,7.1779,7.1705,1.3203,0.711,0.6873,3.9634,3.9634,1161773.2201,971755.3265,647474.2474,29799483.0956,24925524.1247,28.5,23.32,153.901
000002,万科A,全国地产,深圳,19910129,000002.SZ,20210609,26.06,26.15,25.86,25.91,26.06,-0.15,-0.5756,389918.24,1012531.051,0.4013,0.6022,0.62,7.2507,7.2432,1.3337,0.7182,0.6942,3.9236,3.9236,1161773.2201,971755.3265,647474.2474,30101544.1328,25178180.5096,28.67,23.45,153.901
000002,万科A,全国地产,深圳,19910129,000002.SZ,20210608,25.99,26.19,25.9,26.06,25.94,0.12,0.4626,446764.94,1164306.328,0.4598,0.69,0.67,7.2926,7.2851,1.3414,0.7224,0.6982,3.901,3.901,1161773.2201,971755.3265,647474.2474,30275810.1158,25323943.8086,28.53,23.35,153.901
000002,万科A,全国地产,深圳,19910129,000002.SZ,20210607,26.12,26.18,25.78,25.94,26.33,-0.39,-1.4812,647452.8,1676861.164,0.6663,1.0,1.0,7.2591,7.2516,1.3352,0.7191,0.695,3.9191,3.9191,1161773.2201,971755.3265,647474.2474,30136397.3294,25207333.1694,28.96,23.7,153.901
000002,万科A,全国地产,深圳,19910129,000002.SZ,20210604,26.56,26.7,26.18,26.33,26.67,-0.34,-1.2748,714223.64,1885479.323,0.735,1.1031,1.14,7.3682,7.3606,1.3553,0.7299,0.7055,3.861,3.861,1161773.2201,971755.3265,647474.2474,30589488.8852,25586317.7467,29.34,24.0,153.901
000002,万科A,全国地产,深圳,19910129,000002.SZ,20210603,26.85,26.97,26.56,26.67,26.76,-0.09,-0.3363,505941.87,1353546.853,0.5206,0.7814,0.8,7.4633,7.4556,1.3728,0.7393,0.7146,3.8118,3.8118,1161773.2201,971755.3265,647474.2474,30984491.7801,25916714.5578,29.44,24.08,153.901
000002,万科A,全国地产,深圳,19910129,000002.SZ,20210602,26.5,27.18,26.31,26.76,26.6,0.16,0.6015,853545.06,2287264.276,0.8784,1.3183,1.36,7.4885,7.4808,1.3774,0.7418,0.717,3.799,3.799,1161773.2201,971755.3265,647474.2474,31089051.3699,26004172.5371,29.26,23.94,153.901
000002,万科A,全国地产,深圳,19910129,000002.SZ,20210601,26.88,26.97,26.47,26.6,26.7,-0.1,-0.3745,609909.61,1622419.892,0.6276,0.942,0.94,7.4438,7.4361,1.3692,0.7373,0.7127,3.8219,3.8219,1161773.2201,971755.3265,647474.2474,30903167.6547,25848691.6849,29.37,24.03,153.901
000002,万科A,全国地产,深圳,19910129,000002.SZ,20210531,26.95,27.03,26.53,26.7,26.95,-0.25,-0.9276,566250.76,1511447.034,0.5827,0.8746,0.83,7.4717,7.464,1.3743,0.7401,0.7154,3.8075,3.8075,1161773.2201,971755.3265,647474.2474,31019344.9767,25945867.2176,29.65,24.26,153.901
000002,万科A,全国地产,深圳,19910129,000002.SZ,20210528,27.16,27.43,26.8,26.95,27.16,-0.21,-0.7732,602604.67,1627551.1,0.6201,0.9307,0.91,7.5417,7.5339,1.3872,0.7471,0.7221,3.7722,3.7722,1161773.2201,971755.3265,647474.2474,31309788.2817,26188806.0492,29.88,24.44,153.901
000002,万科A,全国地产,深圳,19910129,000002.SZ,20210527,27.19,27.36,26.98,27.16,27.18,-0.02,-0.0736,542034.68,1472407.803,0.5578,0.8372,0.84,7.6005,7.5926,1.398,0.7529,0.7277,3.7431,3.7431,1161773.2201,971755.3265,647474.2474,31553760.6579,26392874.6677,29.9,24.46,153.901
000002,万科A,全国地产,深圳,19910129,000002.SZ,20210526,26.75,27.48,26.71,27.18,26.76,0.42,1.5695,817029.3,2219956.237,0.8408,1.2619,1.4,7.6061,7.5982,1.399,0.7534,0.7282,3.7403,3.7403,1161773.2201,971755.3265,647474.2474,31576996.1223,26412309.7743,29.44,24.08,153.901
000002,万科A,全国地产,深圳,19910129,000002.SZ,20210525,26.22,26.84,26.15,26.76,26.19,0.57,2.1764,721058.09,1914396.826,0.742,1.1136,1.37,7.4885,7.4808,1.3774,0.7418,0.717,3.799,3.799,1161773.2201,971755.3265,647474.2474,31089051.3699,26004172.5371,28.81,23.57,153.901
000002,万科A,全国地产,深圳,19910129,000002.SZ,20210524,26.48,26.48,26.11,26.19,26.57,-0.38,-1.4302,729212.36,1911692.454,0.7504,1.1262,1.47,7.329,7.3215,1.3481,0.726,0.7017,3.8817,3.8817,1161773.2201,971755.3265,647474.2474,30426840.6344,25450272.001,29.23,23.91,153.901
000002,万科A,全国地产,深圳,19910129,000002.SZ,20210521,26.96,26.99,26.5,26.57,26.97,-0.4,-1.4831,495770.12,1323749.768,0.5102,0.7657,0.95,7.4354,7.4277,1.3676,0.7365,0.7119,3.8262,3.8262,1161773.2201,971755.3265,647474.2474,30868314.4581,25819539.0251,29.67,24.27,153.901
000002,万科A,全国地产,深圳,19910129,000002.SZ,20210520,26.66,27.0,26.42,26.97,26.77,0.2,0.7471,457498.55,1226541.383,0.4708,0.7066,0.84,7.5473,7.5395,1.3882,0.7476,0.7226,3.7694,3.7694,1161773.2201,971755.3265,647474.2474,31333023.7461,26208241.1557,29.45,24.09,153.901
000002,万科A,全国地产,深圳,19910129,000002.SZ,20210519,27.3,27.35,26.7,26.77,27.29,-0.52,-1.9055,515067.74,1386373.303,0.53,0.7955,0.86,7.4913,7.4836,1.3779,0.7421,0.7173,3.7976,3.7976,1161773.2201,971755.3265,647474.2474,31100669.1021,26013890.0904,30.02,24.56,153.901
000002,万科A,全国地产,深圳,19910129,000002.SZ,20210518,27.18,27.37,26.97,27.29,27.12,0.17,0.6268,437485.93,1188090.534,0.4502,0.6757,0.74,7.6368,7.629,1.4047,0.7565,0.7312,3.7252,3.7252,1161773.2201,971755.3265,647474.2474,31704791.1765,26519202.8602,29.83,24.41,153.901
000002,万科A,全国地产,深圳,19910129,000002.SZ,20210517,27.03,27.4,26.82,27.12,27.07,0.05,0.1847,582048.4,1579929.565,0.599,0.899,0.99,7.5893,7.5814,1.3959,0.7518,0.7266,3.7486,3.7486,1161773.2201,971755.3265,647474.2474,31507289.7291,26354004.4547,29.78,24.36,153.901
000002,万科A,全国地产,深圳,19910129,000002.SZ,20210514,26.88,27.11,26.62,27.07,26.88,0.19,0.7068,624630.17,1679203.378,0.6428,0.9647,1.11,7.5753,7.5675,1.3934,0.7504,0.7253,3.7555,3.7555,1161773.2201,971755.3265,647474.2474,31449201.0681,26305416.6884,29.57,24.19,153.901
000002,万科A,全国地产,深圳,19910129,000002.SZ,20210513,26.8,26.97,26.69,26.88,27.03,-0.15,-0.5549,550277.01,1475343.362,0.5663,0.8499,1.0,7.5221,7.5143,1.3836,0.7451,0.7202,3.782,3.782,1161773.2201,971755.3265,647474.2474,31228464.1563,26120783.1763,29.73,24.33,153.901
000002,万科A,全国地产,深圳,19910129,000002.SZ,20210512,27.4,27.4,26.88,27.03,27.62,-0.59,-2.1361,810363.66,2192214.694,0.8339,1.2516,1.49,7.5641,7.5563,1.3913,0.7493,0.7242,3.7611,3.7611,1161773.2201,971755.3265,647474.2474,31402730.1393,26266546.4753,30.38,24.86,153.901
000002,万科A,全国地产,深圳,19910129,000002.SZ,20210511,27.31,27.73,27.1,27.62,27.54,0.08,0.2905,368855.46,1011671.789,0.3796,0.5697,0.62,7.7292,7.7212,1.4217,0.7656,0.74,3.6807,3.6807,1161773.2201,971755.3265,647474.2474,32088176.3392,26839882.1179,30.29,24.79,153.901
000002,万科A,全国地产,深圳,19910129,000002.SZ,20210510,27.99,28.0,27.28,27.54,28.0,-0.46,-1.6429,589667.32,1620092.499,0.6068,0.9107,1.03,7.7068,7.6988,1.4176,0.7634,0.7379,3.6914,3.6914,1161773.2201,971755.3265,647474.2474,31995234.4816,26762141.6918,30.8,25.2,153.901
000002,万科A,全国地产,深圳,19910129,000002.SZ,20210507,27.91,28.35,27.88,28.0,27.92,0.08,0.2865,491289.28,1382769.019,0.5056,0.7588,0.85,7.8355,7.8274,1.4412,0.7762,0.7502,3.6308,3.6308,1161773.2201,971755.3265,647474.2474,32529650.1628,27209149.142,30.71,25.13,153.901
000002,万科A,全国地产,深圳,19910129,000002.SZ,20210506,27.87,28.15,27.73,27.92,28.17,-0.25,-0.8875,489975.5,1368795.687,0.5042,0.7567,0.75,7.8131,7.8051,1.4371,0.7739,0.7481,3.6412,3.6412,1161773.2201,971755.3265,647474.2474,32436708.3052,27131408.7159,30.99,25.35,153.901
000002,万科A,全国地产,深圳,19910129,000002.SZ,20210430,28.19,28.47,27.93,28.17,27.89,0.28,1.0039,777133.54,2193592.779,0.7997,1.2003,1.03,7.8831,7.875,1.45,0.7809,0.7548,3.6088,3.6088,1161773.2201,971755.3265,647474.2474,32727151.6102,27374347.5475,30.68,25.1,153.901
000002,万科A,全国地产,深圳,19910129,000002.SZ,20210429,27.78,27.89,27.5,27.89,27.68,0.21,0.7587,623862.45,1730411.465,0.642,0.9635,0.84,7.8048,7.7967,1.4356,0.7731,0.7473,3.6451,3.6451,1161773.2201,971755.3265,647474.2474,32401855.1086,27102256.0561,30.45,24.91,153.901
000002,万科A,全国地产,深圳,19910129,000002.SZ,20210428,27.94,27.98,27.58,27.68,27.93,-0.25,-0.8951,476120.48,1318472.547,0.49,0.7354,0.63,7.746,7.738,1.4248,0.7673,0.7416,3.6727,3.6727,1161773.2201,971755.3265,647474.2474,32157882.7324,26898187.4375,30.72,25.14,153.901
000002,万科A,全国地产,深圳,19910129,000002.SZ,20210427,27.64,27.95,27.5,27.93,27.7,0.23,0.8303,511079.23,1419534.467,0.5259,0.7893,0.67,7.8159,7.8079,1.4376,0.7742,0.7483,3.6399,3.6399,1161773.2201,971755.3265,647474.2474,32448326.0374,27141126.2691,30.47,24.93,153.901
000002,万科A,全国地产,深圳,19910129,000002.SZ,20210426,28.0,28.2,27.6,27.7,28.09,-0.39,-1.3884,859450.4,2389022.461,0.8844,1.3274,1.21,7.7516,7.7436,1.4258,0.7678,0.7422,3.6701,3.6701,1161773.2201,971755.3265,647474.2474,32181118.1968,26917622.5441,30.9,25.28,153.901
000002,万科A,全国地产,深圳,19910129,000002.SZ,20210423,28.5,28.55,27.92,28.09,29.02,-0.93,-3.2047,1292568.62,3642929.927,1.3301,1.9963,2.43,7.8607,7.8526,1.4459,0.7787,0.7526,3.6191,3.6191,1161773.2201,971755.3265,647474.2474,32634209.7526,27296607.1214,31.92,26.12,153.901
000002,万科A,全国地产,深圳,19910129,000002.SZ,20210422,28.82,29.08,28.64,29.02,28.65,0.37,1.2914,560026.06,1619545.18,0.5763,0.8649,1.08,8.121,8.121,1.5017,0.8044,0.8044,3.5031,3.5031,1161773.2201,971755.3265,647474.2474,33714658.8473,28200339.575,31.52,25.79,153.901
000002,万科A,全国地产,深圳,19910129,000002.SZ,20210421,28.58,28.72,28.17,28.65,28.73,-0.08,-0.2785,551734.25,1570191.364,0.5678,0.8521,1.06,8.0174,8.0174,1.4825,0.7942,0.7942,3.5484,3.5484,1161773.2201,971755.3265,647474.2474,33284802.7559,27840790.1042,31.6,25.86,153.901
000002,万科A,全国地产,深圳,19910129,000002.SZ,20210420,28.8,28.92,28.68,28.73,29.0,-0.27,-0.931,529774.42,1524136.94,0.5452,0.8182,0.97,8.0398,8.0398,1.4867,0.7964,0.7964,3.5385,3.5385,1161773.2201,971755.3265,647474.2474,33377744.6135,27918530.5303,31.9,26.1,153.901
000002,万科A,全国地产,深圳,19910129,000002.SZ,20210419,28.83,29.07,28.45,29.0,28.87,0.13,0.4503,619893.79,1786257.528,0.6379,0.9574,1.13,8.1154,8.1154,1.5007,0.8039,0.8039,3.5056,3.5056,1161773.2201,971755.3265,647474.2474,33691423.3829,28180904.4685,31.76,25.98,153.901
000002,万科A,全国地产,深圳,19910129,000002.SZ,20210416,28.79,28.87,28.51,28.87,28.63,0.24,0.8383,395753.23,1137450.227,0.4073,0.6112,0.69,8.079,8.079,1.4939,0.8003,0.8003,3.5213,3.5213,1161773.2201,971755.3265,647474.2474,33540392.8643,28054576.2761,31.49,25.77,153.901
000002,万科A,全国地产,深圳,19910129,000002.SZ,20210415,28.65,28.89,28.29,28.63,28.76,-0.13,-0.452,503527.28,1436503.927,0.5182,0.7777,0.84,8.0118,8.0118,1.4815,0.7936,0.7936,3.5509,3.5509,1161773.2201,971755.3265,647474.2474,33261567.2915,27821354.9977,31.64,25.88,153.901
000002,万科A,全国地产,深圳,19910129,000002.SZ,20210414,28.4,28.85,28.31,28.76,28.29,0.47,1.6614,544164.59,1559705.23,0.56,0.8404,0.92,8.0482,8.0482,1.4882,0.7972,0.7972,3.5348,3.5348,1161773.2201,971755.3265,647474.2474,33412597.8101,27947683.1901,31.12,25.46,153.901
000002,万科A,全国地产,深圳,19910129,000002.SZ,20210413,28.7,28.8,28.13,28.29,28.59,-0.3,-1.0493,669694.8,1899238.929,0.6892,1.0343,1.17,7.9167,7.9167,1.4639,0.7842,0.7842,3.5935,3.5935,1161773.2201,971755.3265,647474.2474,32866564.3966,27490958.1867,31.45,25.73,153.901
000002,万科A,全国地产,深圳,19910129,000002.SZ,20210412,29.01,29.09,28.5,28.59,28.86,-0.27,-0.9356,635227.77,1826857.6,0.6537,0.9811,1.22,8.0006,8.0006,1.4794,0.7925,0.7925,3.5558,3.5558,1161773.2201,971755.3265,647474.2474,33215096.3627,27782484.7846,31.75,25.97,153.901
000002,万科A,全国地产,深圳,19910129,000002.SZ,20210409,29.3,29.32,28.73,28.86,29.17,-0.31,-1.0627,528595.8,1527734.333,0.544,0.8164,1.01,8.0762,8.0762,1.4934,0.8,0.8,3.5226,3.5226,1161773.2201,971755.3265,647474.2474,33528775.1321,28044858.7228,32.09,26.25,153.901
000002,万科A,全国地产,深圳,19910129,000002.SZ,20210408,29.4,29.48,28.98,29.17,29.7,-0.53,-1.7845,630400.64,1836528.786,0.6487,0.9736,1.0,8.1629,8.1629,1.5095,0.8086,0.8086,3.4851,3.4851,1161773.2201,971755.3265,647474.2474,33888924.8303,28346102.874,32.67,26.73,153.901
000002,万科A,全国地产,深圳,19910129,000002.SZ,20210407,29.5,29.72,29.27,29.7,29.43,0.27,0.9174,488440.53,1441764.754,0.5026,0.7544,0.78,8.3113,8.3113,1.5369,0.8233,0.8233,3.4229,3.4229,1161773.2201,971755.3265,647474.2474,34504664.637,28861133.1971,32.37,26.49,153.901
000002,万科A,全国地产,深圳,19910129,000002.SZ,20210406,30.0,30.0,29.22,29.43,30.0,-0.57,-1.9,583845.7,1724509.734,0.6008,0.9017,0.95,8.2357,8.2357,1.5229,0.8158,0.8158,3.4543,3.4543,1161773.2201,971755.3265,647474.2474,34190985.8675,28598759.2589,33.0,27.0,153.901
000002,万科A,全国地产,深圳,19910129,000002.SZ,20210402,30.0,30.08,29.65,30.0,29.83,0.17,0.5699,381349.62,1140366.058,0.3924,0.589,0.61,8.3952,8.3952,1.5524,0.8316,0.8316,3.3887,3.3887,1161773.2201,971755.3265,647474.2474,34853196.603,29152659.795,32.81,26.85,153.901
000002,万科A,全国地产,深圳,19910129,000002.SZ,20210401,30.0,30.15,29.57,29.83,30.0,-0.17,-0.5667,525118.18,1565413.902,0.5404,0.811,0.89,8.3476,8.3476,1.5436,0.8269,0.8269,3.408,3.408,1161773.2201,971755.3265,647474.2474,34655695.1556,28987461.3895,33.0,27.0,153.901
000002,万科A,全国地产,深圳,19910129,000002.SZ,20210331,30.97,30.97,29.73,30.0,31.37,-1.37,-4.3672,1168413.03,3512092.086,1.2024,1.8046,2.49,8.3952,8.3952,1.5524,0.8316,0.8316,3.3887,3.3887,1161773.2201,971755.3265,647474.2474,34853196.603,29152659.795,34.51,28.23,153.901
000002,万科A,全国地产,深圳,19910129,000002.SZ,20210330,30.99,31.69,30.8,31.37,31.0,0.37,1.1935,479099.5,1496309.174,0.4932,0.7403,1.05,9.3756,9.0,1.7982,0.9906,0.9455,3.2407,3.2407,1161773.2201,971431.4935,647150.4144,36444825.9145,30473805.9511,34.1,27.9,153.901
000002,万科A,全国地产,深圳,19910129,000002.SZ,20210329,30.68,31.33,30.32,31.0,30.72,0.28,0.9115,519288.28,1608545.546,0.5346,0.8024,1.13,9.265,8.8939,1.777,0.9789,0.9343,3.2794,3.2794,1161773.2201,971431.4935,647150.4144,36014969.8231,30114376.2985,33.79,27.65,153.901
000002,万科A,全国地产,深圳,19910129,000002.SZ,20210326,30.6,30.96,30.52,30.72,30.55,0.17,0.5565,428771.15,1317279.83,0.4414,0.6626,0.75,9.1813,8.8135,1.7609,0.9701,0.9259,3.3093,3.3093,1161773.2201,971431.4935,647150.4144,35689673.3215,29842375.4803,33.61,27.5,153.901
000002,万科A,全国地产,深圳,19910129,000002.SZ,20210325,30.77,30.95,30.4,30.55,30.76,-0.21,-0.6827,361694.51,1107320.163,0.3723,0.5589,0.61,9.1305,8.7648,1.7512,0.9647,0.9207,3.3277,3.3277,1161773.2201,971431.4935,647150.4144,35492171.8741,29677232.1264,33.84,27.68,153.901
000002,万科A,全国地产,深圳,19910129,000002.SZ,20210324,31.42,31.5,30.4,30.76,31.42,-0.66,-2.1006,559122.71,1720137.542,0.5756,0.864,0.89,9.1933,8.825,1.7632,0.9714,0.9271,3.305,3.305,1161773.2201,971431.4935,647150.4144,35736144.2503,29881232.7401,34.56,28.28,153.901
000002,万科A,全国地产,深圳,19910129,000002.SZ,20210323,31.61,31.66,31.14,31.42,31.63,-0.21,-0.6639,422660.07,1324354.573,0.4351,0.6531,0.54,9.3905,9.0144,1.8011,0.9922,0.947,3.2356,3.2356,1161773.2201,971431.4935,647150.4144,36502914.5755,30522377.5258,34.79,28.47,153.901
000002,万科A,全国地产,深圳,19910129,000002.SZ,20210322,30.86,31.74,30.85,31.63,31.2,0.43,1.3782,521950.0,1638045.601,0.5373,0.8065,0.65,9.4533,9.0746,1.8131,0.9988,0.9533,3.2141,3.2141,1161773.2201,971431.4935,647150.4144,36746886.9518,30726378.1394,34.32,28.08,153.901
000002,万科A,全国地产,深圳,19910129,000002.SZ,20210319,32.5,32.5,30.85,31.2,32.7,-1.5,-4.5872,989922.04,3114965.955,1.019,1.5297,1.26,9.3248,8.9512,1.7884,0.9853,0.9403,3.2584,3.2584,1161773.2201,971431.4935,647150.4144,36247324.4671,30308662.5972,35.97,29.43,153.901
000002,万科A,全国地产,深圳,19910129,000002.SZ,20210318,32.6,33.28,32.48,32.7,32.71,-0.01,-0.0306,482135.22,1580726.128,0.4963,0.745,0.58,9.7731,9.3816,1.8744,1.0326,0.9855,3.1089,3.1089,1161773.2201,971431.4935,647150.4144,37989984.2973,31765809.8375,35.98,29.44,153.901
000002,万科A,全国地产,深圳,19910129,000002.SZ,20210317,32.65,33.43,32.36,32.71,32.9,-0.19,-0.5775,718970.72,2355350.648,0.7401,1.111,0.83,9.7761,9.3845,1.875,1.033,0.9858,3.108,3.108,1161773.2201,971431.4935,647150.4144,38001602.0295,31775524.1524,36.19,29.61,153.901
000002,万科A,全国地产,深圳,19910129,000002.SZ,20210316,31.49,33.16,31.3,32.9,31.44,1.46,4.6438,1205423.17,3904735.921,1.2409,1.8627,1.48,9.8328,9.439,1.8859,1.039,0.9916,3.09,3.09,1161773.2201,971431.4935,647150.4144,38222338.9413,31960096.1362,34.58,28.3,153.901
000002,万科A,全国地产,深圳,19910129,000002.SZ,20210315,31.3,31.88,31.25,31.44,31.49,-0.05,-0.1588,619315.6,1951738.303,0.6375,0.957,0.73,9.3965,9.0201,1.8022,0.9928,0.9476,3.2335,3.2335,1161773.2201,971431.4935,647150.4144,36526150.0399,30541806.1556,34.64,28.34,153.901
000002,万科A,全国地产,深圳,19910129,000002.SZ,20210312,31.1,32.36,30.66,31.49,31.15,0.34,1.0915,901959.92,2834218.95,0.9285,1.3937,0.97,9.4114,9.0344,1.8051,0.9944,0.9491,3.2284,3.2284,1161773.2201,971431.4935,647150.4144,36584238.7009,30590377.7303,34.27,28.04,153.901
000002,万科A,全国地产,深圳,19910129,000002.SZ,20210311,30.76,31.46,30.68,31.15,30.69,0.46,1.4989,742679.35,2305270.606,0.7645,1.1476,0.72,9.3098,8.9369,1.7856,0.9837,0.9388,3.2636,3.2636,1161773.2201,971431.4935,647150.4144,36189235.8061,30260091.0225,33.76,27.62,153.901
000002,万科A,全国地产,深圳,19910129,000002.SZ,20210310,31.17,31.2,30.3,30.69,31.02,-0.33,-1.0638,877517.75,2695626.753,0.9033,1.356,0.8,9.1723,8.8049,1.7592,0.9692,0.925,3.3125,3.3125,1161773.2201,971431.4935,647150.4144,35654820.1249,29813232.5355,34.12,27.92,153.901
000002,万科A,全国地产,深圳,19910129,000002.SZ,20210309,31.32,31.66,30.71,31.02,31.2,-0.18,-0.5769,943414.72,2952321.623,0.9712,1.4578,0.82,9.271,8.8996,1.7781,0.9796,0.9349,3.2773,3.2773,1161773.2201,971431.4935,647150.4144,36038205.2875,30133804.9284,34.32,28.08,153.901
000002,万科A,全国地产,深圳,19910129,000002.SZ,20210308,31.9,32.2,31.2,31.2,31.54,-0.34,-1.078,771959.8,2440558.38,0.7947,1.1929,0.62,9.3248,8.9512,1.7884,0.9853,0.9403,3.2584,3.2584,1161773.2201,971431.4935,647150.4144,36247324.4671,30308662.5972,34.69,28.39,153.901
000002,万科A,全国地产,深圳,19910129,000002.SZ,20210305,32.2,32.69,31.08,31.54,32.69,-1.15,-3.5179,1303283.73,4141889.138,1.3416,2.0139,0.87,9.4264,9.0488,1.8079,0.996,0.9506,3.2232,3.2232,1161773.2201,971431.4935,647150.4144,36642327.362,30638949.305,35.96,29.42,153.901
000002,万科A,全国地产,深圳,19910129,000002.SZ,20210304,33.3,34.1,32.47,32.69,33.5,-0.81,-2.4179,1292857.84,4282826.795,1.3309,1.9978,0.74,9.7701,9.3787,1.8739,1.0323,0.9852,3.1099,3.1099,1161773.2201,971431.4935,647150.4144,37978366.5651,31756095.5225,36.85,30.15,153.901
000002,万科A,全国地产,深圳,19910129,000002.SZ,20210303,32.95,33.99,32.59,33.5,33.29,0.21,0.6308,1164840.63,3876750.278,1.1991,1.8,0.68,10.0122,9.6111,1.9203,1.0579,1.0097,3.0347,3.0347,1161773.2201,971431.4935,647150.4144,38919402.8734,32542955.0323,36.62,29.96,153.901
000002,万科A,全国地产,深圳,19910129,000002.SZ,20210302,33.0,34.6,32.9,33.29,33.35,-0.06,-0.1799,1220149.89,4110315.44,1.256,1.8854,0.74,9.9494,9.5509,1.9082,1.0513,1.0033,3.0538,3.0538,1161773.2201,971431.4935,647150.4144,38675430.4971,32338954.4186,36.69,30.02,153.901
000002,万科A,全国地产,深圳,19910129,000002.SZ,20210301,33.1,33.71,32.29,33.35,33.1,0.25,0.7553,1280834.15,4229750.891,1.3185,1.9792,0.82,9.9673,9.5681,1.9117,1.0532,1.0051,3.0483,3.0483,1161773.2201,971431.4935,647150.4144,38745136.8903,32397240.3082,36.41,29.79,153.901
000002,万科A,全国地产,深圳,19910129,000002.SZ,20210226,32.57,34.08,31.62,33.1,32.99,0.11,0.3334,2529180.39,8329307.819,2.6036,3.9082,2.09,9.8926,9.4964,1.8974,1.0453,0.9976,3.0713,3.0713,1161773.2201,971431.4935,647150.4144,38454693.5853,32154382.4349,36.29,29.69,153.901
000002,万科A,全国地产,深圳,19910129,000002.SZ,20210225,30.49,32.99,30.41,32.99,29.99,3.0,10.0033,2595403.85,8382663.603,2.6717,4.0105,2.92,9.8597,9.4648,1.8911,1.0418,0.9943,3.0816,3.0816,1161773.2201,971431.4935,647150.4144,38326898.5311,32047524.9706,32.99,26.99,153.901
000002,万科A,全国地产,深圳,19910129,000002.SZ,20210224,29.92,30.58,29.5,29.99,30.01,-0.02,-0.0666,969948.13,2915177.292,0.9985,1.4988,1.18,8.9631,8.6041,1.7191,0.9471,0.9039,3.3898,3.3898,1161773.2201,971431.4935,647150.4144,34841578.8708,29133230.4901,33.01,27.01,153.901
000002,万科A,全国地产,深圳,19910129,000002.SZ,20210223,29.69,30.05,29.29,30.01,29.73,0.28,0.9418,861379.81,2558687.6,0.8867,1.331,1.09,8.9691,8.6098,1.7202,0.9477,0.9045,3.3876,3.3876,1161773.2201,971431.4935,647150.4144,34864814.3352,29152659.1199,32.7,26.76,153.901
000002,万科A,全国地产,深圳,19910129,000002.SZ,20210222,29.84,30.33,29.52,29.73,29.84,-0.11,-0.3686,852340.85,2548985.16,0.8774,1.3171,1.09,8.8854,8.5295,1.7042,0.9388,0.896,3.4195,3.4195,1161773.2201,971431.4935,647150.4144,34539517.8336,28880658.3018,32.82,26.86,153.901
000002,万科A,全国地产,深圳,19910129,000002.SZ,20210219,29.7,30.04,29.6,29.84,30.01,-0.17,-0.5665,758574.53,2260941.14,0.7809,1.1722,0.91,8.9183,8.5611,1.7105,0.9423,0.8994,3.4069,3.4069,1161773.2201,971431.4935,647150.4144,34667312.8878,28987515.766,33.01,27.01,153.901
000002,万科A,全国地产,深圳,19910129,000002.SZ,20210218,28.95,30.13,28.95,30.01,28.83,1.18,4.093,996922.14,2956988.623,1.0262,1.5405,1.29,8.9691,8.6098,1.7202,0.9477,0.9045,3.3876,3.3876,1161773.2201,971431.4935,647150.4144,34864814.3352,29152659.1199,31.71,25.95,153.901
000002,万科A,全国地产,深圳,19910129,000002.SZ,20210210,28.61,28.98,28.35,28.83,28.75,0.08,0.2783,652148.96,1874968.653,0.6713,1.0077,0.86,8.6164,8.2713,1.6526,0.9104,0.8689,3.5262,3.5262,1161773.2201,971431.4935,647150.4144,33493921.9355,28006369.9576,31.63,25.88,153.901
000002,万科A,全国地产,深圳,19910129,000002.SZ,20210209,28.99,29.07,28.54,28.75,29.13,-0.38,-1.3045,673567.66,1934330.496,0.6934,1.0408,0.88,8.5925,8.2483,1.648,0.9079,0.8665,3.536,3.536,1161773.2201,971431.4935,647150.4144,33400980.0779,27928655.4381,32.04,26.22,153.901
000002,万科A,全国地产,深圳,19910129,000002.SZ,20210208,29.0,29.76,28.6,29.13,28.88,0.25,0.8657,832036.9,2428055.238,0.8565,1.2857,1.07,8.7061,8.3574,1.6698,0.9199,0.878,3.4899,3.4899,1161773.2201,971431.4935,647150.4144,33842453.9015,28297799.4057,31.77,25.99,153.901
000002,万科A,全国地产,深圳,19910129,000002.SZ,20210205,28.01,29.34,28.01,28.88,27.89,0.99,3.5497,1030260.92,2954837.147,1.0606,1.592,1.35,8.6314,8.2856,1.6555,0.912,0.8704,3.5201,3.5201,1161773.2201,971431.4935,647150.4144,33552010.5965,28054941.5323,30.68,25.1,153.901
000002,万科A,全国地产,深圳,19910129,000002.SZ,20210204,27.89,28.35,27.43,27.89,27.92,-0.03,-0.1074,665574.3,1856062.457,0.6851,1.0285,0.84,8.3355,8.0016,1.5987,0.8807,0.8406,3.6451,3.6451,1161773.2201,971431.4935,647150.4144,32401855.1086,27093224.3537,30.71,25.13,153.901
000002,万科A,全国地产,深圳,19910129,000002.SZ,20210203,28.34,28.35,27.78,27.92,28.34,-0.42,-1.482,589610.04,1646692.738,0.6069,0.9111,0.72,8.3445,8.0102,1.6004,0.8817,0.8415,3.6412,3.6412,1161773.2201,971431.4935,647150.4144,32436708.3052,27122367.2985,31.17,25.51,153.901
000002,万科A,全国地产,深圳,19910129,000002.SZ,20210202,28.19,28.48,27.96,28.34,28.07,0.27,0.9619,716108.37,2021288.07,0.7372,1.1066,0.86,8.47,8.1307,1.6245,0.8949,0.8541,3.5872,3.5872,1161773.2201,971431.4935,647150.4144,32924653.0576,27530368.5258,30.88,25.26,153.901
000002,万科A,全国地产,深圳,19910129,000002.SZ,20210201,27.97,28.12,27.26,28.07,27.79,0.28,1.0076,886693.62,2456621.915,0.9128,1.3702,1.04,8.3893,8.0533,1.609,0.8864,0.846,3.6217,3.6217,1161773.2201,971431.4935,647150.4144,32610974.2882,27268082.0225,30.57,25.01,153.901
000002,万科A,全国地产,深圳,19910129,000002.SZ,20210129,28.55,28.65,27.57,27.79,28.43,-0.64,-2.2511,963685.43,2691727.578,0.992,1.4891,1.11,8.3056,7.9729,1.593,0.8776,0.8376,3.6582,3.6582,1161773.2201,971431.4935,647150.4144,32285677.7866,26996081.2044,31.27,25.59,153.901
000002,万科A,全国地产,深圳,19910129,000002.SZ,20210128,29.05,29.07,28.22,28.43,29.4,-0.97,-3.2993,786041.39,2240534.518,0.8092,1.2146,0.88,8.4969,8.1565,1.6297,0.8978,0.8569,3.5758,3.5758,1161773.2201,971431.4935,647150.4144,33029212.6474,27617797.3602,32.34,26.46,153.901
000002,万科A,全国地产,深圳,19910129,000002.SZ,20210127,29.69,29.95,29.37,29.4,29.7,-0.3,-1.0101,724302.75,2146772.48,0.7456,1.1192,0.77,8.7868,8.4348,1.6853,0.9284,0.8861,3.4579,3.4579,1161773.2201,971431.4935,647150.4144,34156132.6709,28560085.9089,32.67,26.73,153.901
000002,万科A,全国地产,深圳,19910129,000002.SZ,20210126,29.26,30.15,29.15,29.7,29.36,0.34,1.158,816654.58,2433266.442,0.8407,1.2619,0.74,8.8765,8.5209,1.7025,0.9379,0.8951,3.4229,3.4229,1161773.2201,971431.4935,647150.4144,34504664.637,28851515.357,32.3,26.42,153.901
000002,万科A,全国地产,深圳,19910129,000002.SZ,20210125,29.26,29.6,28.56,29.36,29.26,0.1,0.3418,973749.72,2825867.846,1.0024,1.5047,0.84,8.7748,8.4234,1.683,0.9272,0.8849,3.4626,3.4626,1161773.2201,971431.4935,647150.4144,34109661.7421,28521228.6492,32.19,26.33,153.901
000002,万科A,全国地产,深圳,19910129,000002.SZ,20210122,29.95,29.95,29.01,29.26,30.1,-0.84,-2.7907,1058090.55,3114137.415,1.0892,1.635,0.9,8.745,8.3947,1.6772,0.924,0.8819,3.4744,3.4744,1161773.2201,971431.4935,647150.4144,33993484.4201,28424085.4998,33.11,27.09,153.901
000002,万科A,全国地产,深圳,19910129,000002.SZ,20210121,30.3,30.7,30.02,30.1,30.5,-0.4,-1.3115,875252.61,2650781.806,0.901,1.3525,0.71,8.996,8.6357,1.7254,0.9505,0.9072,3.3775,3.3775,1161773.2201,971431.4935,647150.4144,34969373.925,29240087.9544,33.55,27.45,153.901
000002,万科A,全国地产,深圳,19910129,000002.SZ,20210120,31.07,31.2,30.35,30.5,31.28,-0.78,-2.4936,961434.54,2946920.755,0.9897,1.4856,0.78,9.1156,8.7504,1.7483,0.9632,0.9192,3.3332,3.3332,1161773.2201,971431.4935,647150.4144,35434083.2131,29628660.5518,34.41,28.15,153.901
000002,万科A,全国地产,深圳,19910129,000002.SZ,20210119,31.19,32.35,30.72,31.28,31.26,0.02,0.064,1631688.39,5130233.086,1.6797,2.5213,1.48,9.3487,8.9742,1.793,0.9878,0.9428,3.25,3.25,1161773.2201,971431.4935,647150.4144,36340266.3247,30386377.1167,34.39,28.13,153.901
000002,万科A,全国地产,深圳,19910129,000002.SZ,20210118,30.2,31.26,29.83,31.26,29.95,1.31,4.374,1258281.68,3847315.298,1.2953,1.9443,1.11,9.3427,8.9685,1.7919,0.9872,0.9421,3.2521,3.2521,1161773.2201,971431.4935,647150.4144,36317030.8603,30366948.4868,32.95,26.96,153.901
000002,万科A,全国地产,深圳,19910129,000002.SZ,20210115,30.01,30.73,29.88,29.95,29.99,-0.04,-0.1334,1123372.38,3399072.612,1.1564,1.7359,1.01,8.9512,8.5926,1.7168,0.9458,0.9027,3.3944,3.3944,1161773.2201,971431.4935,647150.4144,34795107.942,29094373.2303,32.99,26.99,153.901
000002,万科A,全国地产,深圳,19910129,000002.SZ,20210114,29.93,30.79,29.8,29.99,29.9,0.09,0.301,1216323.23,3681938.197,1.2521,1.8795,1.09,8.9631,8.6041,1.7191,0.9471,0.9039,3.3898,3.3898,1161773.2201,971431.4935,647150.4144,34841578.8708,29133230.4901,32.89,26.91,153.901
000002,万科A,全国地产,深圳,19910129,000002.SZ,20210113,29.9,30.22,29.6,29.9,29.7,0.2,0.6734,940504.23,2807916.706,0.9682,1.4533,0.83,8.9362,8.5783,1.7139,0.9442,0.9012,3.4,3.4,1161773.2201,971431.4935,647150.4144,34737019.281,29045801.6557,32.67,26.73,153.901
000002,万科A,全国地产,深圳,19910129,000002.SZ,20210112,29.78,29.8,29.37,29.7,29.78,-0.08,-0.2686,980654.37,2899071.74,1.0095,1.5153,0.84,8.8765,8.5209,1.7025,0.9379,0.8951,3.4229,3.4229,1161773.2201,971431.4935,647150.4144,34504664.637,28851515.357,32.76,26.8,153.901
000002,万科A,全国地产,深圳,19910129,000002.SZ,20210111,29.5,30.35,29.27,29.78,29.34,0.44,1.4997,1388121.24,4142482.791,1.4289,2.145,1.17,8.9004,8.5438,1.707,0.9404,0.8975,3.4137,3.4137,1161773.2201,971431.4935,647150.4144,34597606.4946,28929229.8764,32.27,26.41,153.901
000002,万科A,全国地产,深圳,19910129,000002.SZ,20210108,28.98,29.45,28.81,29.34,28.79,0.55,1.9104,1028563.29,3000845.603,1.0588,1.5894,0.93,8.7689,8.4176,1.6818,0.9265,0.8843,3.4649,3.4649,1161773.2201,971431.4935,647150.4144,34086426.2777,28501800.0193,31.67,25.91,153.901
000002,万科A,全国地产,深圳,19910129,000002.SZ,20210107,29.0,29.5,28.39,28.79,28.75,0.04,0.1391,1226755.74,3544224.002,1.2628,1.8956,1.27,8.6045,8.2598,1.6503,0.9092,0.8677,3.5311,3.5311,1161773.2201,971431.4935,647150.4144,33447451.0067,27967512.6979,31.63,25.88,153.901
000002,万科A,全国地产,深圳,19910129,000002.SZ,20210106,27.8,28.75,27.73,28.75,27.91,0.84,3.0097,1048801.29,2972572.549,1.0796,1.6206,1.21,8.5925,8.2483,1.648,0.9079,0.8665,3.536,3.536,1161773.2201,971431.4935,647150.4144,33400980.0779,27928655.4381,30.7,25.12,153.9007
000002,万科A,全国地产,深圳,19910129,000002.SZ,20210105,27.78,27.93,27.1,27.91,27.78,0.13,0.468,1162658.38,3189607.202,1.1969,1.7966,1.55,8.3415,8.0073,1.5999,0.8814,0.8412,3.6425,3.6425,1161773.2201,971431.4935,647150.4144,32425090.573,27112652.9836,30.56,25.0,153.9007
000002,万科A,全国地产,深圳,19910129,000002.SZ,20210104,28.4,28.4,27.52,27.78,28.7,-0.92,-3.2056,1468441.33,4079416.859,1.5116,2.2691,2.72,8.3026,7.9701,1.5924,0.8773,0.8373,3.6595,3.6595,1161773.2201,971431.4935,647150.4144,32274060.0544,26986366.8894,31.57,25.83,153.9007
000002,万科A,全国地产,深圳,19910129,000002.SZ,20201231,28.29,28.8,28.24,28.7,28.38,0.32,1.1276,651991.11,1862538.331,0.6712,1.0075,1.33,8.5776,8.234,1.6451,0.9063,0.865,3.6415,3.5422,1161773.2201,971431.4935,647150.4144,33342891.4169,27880083.8635,31.22,25.54,153.9007
000002,万科A,全国地产,深圳,19910129,000002.SZ,20201230,28.47,28.65,28.22,28.38,28.52,-0.14,-0.4909,499718.54,1417604.486,0.5144,0.7722,0.95,8.482,8.1422,1.6268,0.8962,0.8553,3.6825,3.5821,1161773.2201,971431.4935,647150.4144,32971123.9864,27569225.7855,31.37,25.67,153.9007
000002,万科A,全国地产,深圳,19910129,000002.SZ,20201229,28.56,28.86,28.32,28.52,28.42,0.1,0.3519,539042.91,1544401.165,0.5549,0.8329,1.01,8.5238,8.1824,1.6348,0.9006,0.8596,3.6645,3.5646,1161773.2201,971431.4935,647150.4144,33133772.2373,27705226.1946,31.26,25.58,153.9007
000002,万科A,全国地产,深圳,19910129,000002.SZ,20201228,28.18,28.65,27.86,28.42,28.1,0.32,1.1388,583680.64,1656263.428,0.6008,0.9019,1.09,8.4939,8.1537,1.6291,0.8975,0.8566,3.6773,3.5771,1161773.2201,971431.4935,647150.4144,33017594.9152,27608083.0453,30.91,25.29,153.9007
000002,万科A,全国地产,深圳,19910129,000002.SZ,20201225,27.95,28.22,27.6,28.1,27.94,0.16,0.5727,425877.23,1190253.575,0.4384,0.6581,0.76,8.3983,8.0619,1.6107,0.8874,0.8469,3.7192,3.6178,1161773.2201,971431.4935,647150.4144,32645827.4848,27297224.9674,30.73,25.15,153.9007
000002,万科A,全国地产,深圳,19910129,000002.SZ,20201224,27.83,28.04,27.71,27.94,27.83,0.11,0.3953,409857.65,1142911.658,0.4219,0.6333,0.71,8.3505,8.016,1.6016,0.8823,0.8421,3.7405,3.6386,1161773.2201,971431.4935,647150.4144,32459943.7696,27141795.9284,30.61,25.05,153.9007
000002,万科A,全国地产,深圳,19910129,000002.SZ,20201223,28.1,28.15,27.56,27.83,28.05,-0.22,-0.7843,685093.2,1905753.907,0.7052,1.0586,1.28,8.3176,7.9844,1.5953,0.8788,0.8388,3.7553,3.6529,1161773.2201,971431.4935,647150.4144,32332148.7154,27034938.4641,30.86,25.25,153.9007
000002,万科A,全国地产,深圳,19910129,000002.SZ,20201222,28.01,28.52,27.86,28.05,28.17,-0.12,-0.426,564349.24,1590342.368,0.5809,0.8721,1.07,8.3833,8.0475,1.6079,0.8858,0.8454,3.7259,3.6243,1161773.2201,971431.4935,647150.4144,32587738.8238,27248653.3927,30.99,25.35,153.9007
000002,万科A,全国地产,深圳,19910129,000002.SZ,20201221,28.3,28.43,27.97,28.17,28.5,-0.33,-1.1579,600941.52,1692331.342,0.6186,0.9286,1.12,8.4192,8.0819,1.6148,0.8896,0.849,3.71,3.6088,1161773.2201,971431.4935,647150.4144,32727151.6102,27365225.1719,31.35,25.65,153.9007
000002,万科A,全国地产,深圳,19910129,000002.SZ,20201218,28.84,28.85,28.35,28.5,28.84,-0.34,-1.1789,525459.25,1499697.428,0.5409,0.812,0.96,8.5178,8.1766,1.6337,0.9,0.859,3.667,3.5671,1161773.2201,971431.4935,647150.4144,33110536.7729,27685797.5648,31.72,25.96,153.9007
000002,万科A,全国地产,深圳,19910129,000002.SZ,20201217,28.61,28.93,28.3,28.84,28.6,0.24,0.8392,519359.07,1490903.435,0.5346,0.8025,0.92,8.6194,8.2742,1.6532,0.9107,0.8692,3.6238,3.525,1161773.2201,971431.4935,647150.4144,33505539.6677,28016084.2725,31.46,25.74,153.9007
000002,万科A,全国地产,深圳,19910129,000002.SZ,20201216,28.65,28.75,28.24,28.6,28.55,0.05,0.1751,468666.02,1337464.329,0.4824,0.7242,0.79,8.5477,8.2053,1.6394,0.9032,0.862,3.6542,3.5546,1161773.2201,971431.4935,647150.4144,33226714.0949,27782940.7141,31.41,25.7,153.9007
000002,万科A,全国地产,深圳,19910129,000002.SZ,20201215,28.76,28.79,28.29,28.55,28.92,-0.37,-1.2794,518014.87,1475941.747,0.5332,0.8005,0.87,8.5328,8.191,1.6365,0.9016,0.8605,3.6606,3.5608,1161773.2201,971431.4935,647150.4144,33168625.4339,27734369.1394,31.81,26.03,153.9007
000002,万科A,全国地产,深圳,19910129,000002.SZ,20201214,28.6,28.99,28.39,28.92,28.46,0.46,1.6163,650709.8,1868221.377,0.6698,1.0055,1.1,8.6433,8.2971,1.6578,0.9133,0.8716,3.6138,3.5153,1161773.2201,971431.4935,647150.4144,33598481.5253,28093798.792,31.31,25.61,153.9007
000002,万科A,全国地产,深圳,19910129,000002.SZ,20201211,28.7,28.72,28.2,28.46,28.58,-0.12,-0.4199,593671.74,1686650.439,0.6111,0.9174,0.94,8.5059,8.1651,1.6314,0.8987,0.8578,3.6722,3.5721,1161773.2201,971431.4935,647150.4144,33064065.844,27646940.305,31.44,25.72,153.9007
000002,万科A,全国地产,深圳,19910129,000002.SZ,20201210,28.81,28.96,28.41,28.58,28.66,-0.08,-0.2791,578869.66,1656053.693,0.5959,0.8945,0.93,8.5417,8.1996,1.6383,0.9025,0.8614,3.6568,3.5571,1161773.2201,971431.4935,647150.4144,33203478.6305,27763512.0842,31.53,25.79,153.9007
000002,万科A,全国地产,深圳,19910129,000002.SZ,20201209,29.4,29.44,28.66,28.66,29.18,-0.52,-1.782,637035.06,1846463.886,0.6558,0.9844,0.92,8.5656,8.2225,1.6428,0.9051,0.8638,3.6466,3.5471,1161773.2201,971431.4935,647150.4144,33296420.4881,27841226.6037,32.1,26.26,153.9007
000002,万科A,全国地产,深圳,19910129,000002.SZ,20201208,29.45,29.59,29.12,29.18,29.41,-0.23,-0.782,513261.46,1504880.962,0.5284,0.7931,0.68,8.7211,8.3717,1.6727,0.9215,0.8795,3.5816,3.4839,1161773.2201,971431.4935,647150.4144,33900542.5625,28346370.9803,32.35,26.47,153.9007
000002,万科A,全国地产,深圳,19910129,000002.SZ,20201207,30.05,30.18,29.36,29.41,30.0,-0.59,-1.9667,630086.52,1864723.134,0.6486,0.9736,0.7,8.7898,8.4377,1.6858,0.9287,0.8864,3.5536,3.4567,1161773.2201,971431.4935,647150.4144,34167750.4031,28569800.2238,33.0,27.0,153.9007
000002,万科A,全国地产,深圳,19910129,000002.SZ,20201204,31.12,31.14,29.94,30.0,30.9,-0.9,-2.9126,812748.05,2463450.644,0.8366,1.2559,0.93,8.9661,8.607,1.7197,0.9474,0.9042,3.4837,3.3887,1161773.2201,971431.4935,647150.4144,34853196.603,29142944.805,33.99,27.81,153.9007
000002,万科A,全国地产,深圳,19910129,000002.SZ,20201203,31.37,31.43,30.55,30.9,31.13,-0.23,-0.7388,533327.53,1649928.177,0.549,0.8241,0.6,9.2351,8.8652,1.7712,0.9758,0.9313,3.3822,3.29,1161773.2201,971431.4935,647150.4144,35898792.5011,30017233.1492,34.24,28.02,153.9007
000002,万科A,全国地产,深圳,19910129,000002.SZ,20201202,30.89,31.96,30.71,31.13,30.75,0.38,1.2358,954561.66,2996575.854,0.9826,1.475,1.2,9.3038,8.9312,1.7844,0.9831,0.9382,3.3572,3.2657,1161773.2201,971431.4935,647150.4144,36166000.3417,30240662.3927,33.83,27.68,153.9007
000002,万科A,全国地产,深圳,19910129,000002.SZ,20201201,30.81,30.96,30.14,30.75,30.7,0.05,0.1629,849853.42,2594740.798,0.8748,1.3132,1.17,9.1903,8.8221,1.7627,0.9711,0.9268,3.3987,3.3061,1161773.2201,971431.4935,647150.4144,35724526.5181,29871518.4251,33.77,27.63,153.9007
000002,万科A,全国地产,深圳,19910129,000002.SZ,20201130,31.7,32.73,30.7,30.7,31.61,-0.91,-2.8788,1353477.49,4289703.056,1.3933,2.0914,2.31,9.1753,8.8078,1.7598,0.9695,0.9253,3.4042,3.3114,1161773.2201,971431.4935,647150.4144,35666437.8571,29822946.8505,34.77,28.45,153.9007
000002,万科A,全国地产,深圳,19910129,000002.SZ,20201127,31.1,31.9,31.09,31.61,30.94,0.67,2.1655,667012.8,2094793.75,0.6866,1.0307,1.23,9.4473,9.0689,1.8119,0.9982,0.9527,3.3062,3.2161,1161773.2201,971431.4935,647150.4144,36723651.4874,30706949.5095,34.03,27.85,153.9007
000002,万科A,全国地产,深圳,19910129,000002.SZ,20201126,30.78,31.07,30.12,30.94,30.8,0.14,0.4545,584039.77,1788275.571,0.6012,0.9025,1.04,9.2471,8.8767,1.7735,0.9771,0.9325,3.3778,3.2858,1161773.2201,971431.4935,647150.4144,35945263.4299,30056090.4089,33.88,27.72,153.9007
000002,万科A,全国地产,深圳,19910129,000002.SZ,20201125,31.0,31.29,30.6,30.8,30.85,-0.05,-0.1621,525684.71,1627718.041,0.5411,0.8123,0.75,9.2052,8.8365,1.7655,0.9726,0.9283,3.3932,3.3007,1161773.2201,971431.4935,647150.4144,35782615.1791,29920089.9998,33.94,27.77,153.9007
000002,万科A,全国地产,深圳,19910129,000002.SZ,20201124,31.0,31.4,30.6,30.85,31.04,-0.19,-0.6121,493782.72,1525373.991,0.5083,0.763,0.62,9.2202,8.8508,1.7684,0.9742,0.9298,3.3877,3.2953,1161773.2201,971431.4935,647150.4144,35840703.8401,29968661.5745,34.14,27.94,153.9007
000002,万科A,全国地产,深圳,19910129,000002.SZ,20201123,30.78,31.3,30.63,31.04,30.87,0.17,0.5507,665386.92,2061809.094,0.685,1.0282,0.86,9.277,8.9053,1.7793,0.9802,0.9355,3.367,3.2752,1161773.2201,971431.4935,647150.4144,36061440.7519,30153233.5582,33.96,27.78,153.9007
000002,万科A,全国地产,深圳,19910129,000002.SZ,20201120,30.91,31.05,30.44,30.87,30.91,-0.04,-0.1294,453121.11,1394980.718,0.4664,0.7002,0.56,9.2261,8.8566,1.7695,0.9748,0.9304,3.3855,3.2932,1161773.2201,971431.4935,647150.4144,35863939.3045,29988090.2043,34.0,27.82,153.9007
000002,万科A,全国地产,深圳,19910129,000002.SZ,20201119,30.55,31.1,30.5,30.91,30.76,0.15,0.4876,660882.3,2038461.994,0.6803,1.0212,0.86,9.2381,8.868,1.7718,0.9761,0.9316,3.3811,3.2889,1161773.2201,971431.4935,647150.4144,35910410.2333,30026947.4641,33.84,27.68,153.9007
000002,万科A,全国地产,深圳,19910129,000002.SZ,20201118,30.0,31.08,29.75,30.76,29.95,0.81,2.7045,1247658.3,3817214.051,1.2844,1.9279,1.78,9.1933,8.825,1.7632,0.9714,0.9271,3.3976,3.305,1161773.2201,971431.4935,647150.4144,35736144.2503,29881232.7401,32.95,26.96,153.9007
000002,万科A,全国地产,深圳,19910129,000002.SZ,20201117,29.3,30.33,29.29,29.95,29.2,0.75,2.5685,980540.93,2936062.624,1.0094,1.5152,1.56,8.9512,8.5926,1.7168,0.9458,0.9027,3.4895,3.3944,1161773.2201,971431.4935,647150.4144,34795107.942,29094373.2303,32.12,26.28,153.9007
000002,万科A,全国地产,深圳,19910129,000002.SZ,20201116,29.39,29.5,29.0,29.2,29.05,0.15,0.5164,516576.38,1509809.656,0.5318,0.7982,0.75,8.727,8.3774,1.6738,0.9221,0.8801,3.5791,3.4816,1161773.2201,971431.4935,647150.4144,33923778.0269,28365799.6102,31.96,26.15,153.9007
000002,万科A,全国地产,深圳,19910129,000002.SZ,20201113,29.56,29.69,28.83,29.05,29.76,-0.71,-2.3858,660134.66,1919346.195,0.6795,1.0201,0.91,8.6822,8.3344,1.6652,0.9174,0.8755,3.5976,3.4995,1161773.2201,971431.4935,647150.4144,33749512.0439,28220084.8862,32.74,26.78,153.9007
000002,万科A,全国地产,深圳,19910129,000002.SZ,20201112,29.76,29.81,29.38,29.76,29.77,-0.01,-0.0336,459057.19,1361151.445,0.4726,0.7094,0.53,8.8944,8.5381,1.7059,0.9398,0.8969,3.5118,3.416,1161773.2201,971431.4935,647150.4144,34574371.0302,28909801.2466,32.75,26.79,153.9007
000002,万科A,全国地产,深圳,19910129,000002.SZ,20201111,29.37,30.25,29.25,29.77,29.33,0.44,1.5002,885211.86,2642344.524,0.9112,1.3679,1.13,8.8974,8.541,1.7065,0.9401,0.8972,3.5106,3.4149,1161773.2201,971431.4935,647150.4144,34585988.7624,28919515.5615,32.26,26.4,153.9007
000002,万科A,全国地产,深圳,19910129,000002.SZ,20201110,29.7,30.11,29.2,29.33,29.57,-0.24,-0.8116,613770.6,1818191.026,0.6318,0.9484,0.78,8.7659,8.4147,1.6813,0.9262,0.884,3.5633,3.4661,1161773.2201,971431.4935,647150.4144,34074808.5455,28492085.7044,32.53,26.61,153.9007
000002,万科A,全国地产,深圳,19910129,000002.SZ,20201109,29.72,29.86,29.19,29.57,29.46,0.11,0.3734,811185.42,2391656.949,0.835,1.2535,1.03,8.8376,8.4836,1.695,0.9338,0.8912,3.5343,3.438,1161773.2201,971431.4935,647150.4144,34353634.1184,28725229.2628,32.41,26.51,153.9007
000002,万科A,全国地产,深圳,19910129,000002.SZ,20201106,29.34,29.57,29.03,29.46,29.25,0.21,0.7179,852880.66,2503004.841,0.878,1.3179,1.06,8.8047,8.452,1.6887,0.9303,0.8879,3.5475,3.4508,1161773.2201,971431.4935,647150.4144,34225839.0641,28618371.7985,32.18,26.33,153.9007
000002,万科A,全国地产,深圳,19910129,000002.SZ,20201105,28.45,29.36,28.31,29.25,28.16,1.09,3.8707,1201195.94,3472076.596,1.2365,1.8561,1.73,8.742,8.3918,1.6767,0.9237,0.8816,3.573,3.4756,1161773.2201,971431.4935,647150.4144,33981866.6879,28414371.1849,30.98,25.34,153.9007
000002,万科A,全国地产,深圳,19910129,000002.SZ,20201104,28.05,28.25,27.9,28.16,28.03,0.13,0.4638,454991.8,1278442.837,0.4684,0.7031,0.61,8.4162,8.0791,1.6142,0.8893,0.8487,3.7113,3.6101,1161773.2201,971431.4935,647150.4144,32715533.878,27355510.857,30.83,25.23,153.9007
000002,万科A,全国地产,深圳,19910129,000002.SZ,20201103,28.0,28.15,27.81,28.03,27.95,0.08,0.2862,617666.0,1728820.912,0.6358,0.9544,0.83,8.3773,8.0418,1.6067,0.8852,0.8448,3.7285,3.6269,1161773.2201,971431.4935,647150.4144,32564503.3594,27229224.7628,30.75,25.16,153.9007
000002,万科A,全国地产,深圳,19910129,000002.SZ,20201102,27.66,28.19,27.66,27.95,27.55,0.4,1.4519,826286.0,2312506.105,0.8506,1.2768,1.18,8.3534,8.0188,1.6021,0.8826,0.8424,3.7392,3.6373,1161773.2201,971431.4935,647150.4144,32471561.5018,27151510.2433,30.31,24.8,153.9007
000002,万科A,全国地产,深圳,19910129,000002.SZ,20201030,27.6,28.41,27.4,27.55,27.38,0.17,0.6209,937181.11,2612104.09,0.9647,1.4482,1.49,8.2339,7.9041,1.5792,0.87,0.8303,3.7935,3.6901,1161773.2201,971431.4935,647150.4144,32006852.2138,26762937.6459,30.12,24.64,153.9007
000002,万科A,全国地产,深圳,19910129,000002.SZ,20201029,26.85,27.47,26.62,27.38,26.92,0.46,1.7088,628714.22,1703222.368,0.6472,0.9715,1.0,8.1831,8.0453,1.7306,0.8646,0.8484,3.817,3.713,1161773.2201,971431.4935,647150.4144,31809350.7663,26597794.292,29.61,24.23,153.9007
000002,万科A,全国地产,深圳,19910129,000002.SZ,20201028,27.45,27.48,26.9,26.92,27.47,-0.55,-2.0022,750400.34,2032697.145,0.7725,1.1595,1.31,8.0456,7.9101,1.7015,0.8501,0.8342,3.8823,3.7764,1161773.2201,971431.4935,647150.4144,31274935.0851,26150935.805,30.22,24.72,153.9007
000002,万科A,全国地产,深圳,19910129,000002.SZ,20201027,27.92,28.01,27.42,27.47,28.0,-0.53,-1.8929,597369.39,1652760.084,0.6149,0.9231,1.03,8.21,8.0717,1.7363,0.8675,0.8512,3.8045,3.7008,1161773.2201,971431.4935,647150.4144,31913910.3561,26685223.1264,30.8,25.2,153.9007
000002,万科A,全国地产,深圳,19910129,000002.SZ,20201026,28.0,28.14,27.82,28.0,27.88,0.12,0.4304,593623.96,1659520.719,0.6111,0.9173,0.87,8.3684,8.2275,1.7698,0.8842,0.8676,3.7325,3.6308,1161773.2201,971431.4935,647150.4144,32529650.1628,27200081.818,30.67,25.09,153.9007
000002,万科A,全国地产,深圳,19910129,000002.SZ,20201023,27.91,28.14,27.75,27.88,27.99,-0.11,-0.393,579140.38,1620264.792,0.5962,0.8949,0.88,8.3325,8.1922,1.7622,0.8804,0.8639,3.7486,3.6464,1161773.2201,971431.4935,647150.4144,32390237.3764,27083510.0388,30.79,25.19,153.9007
000002,万科A,全国地产,深圳,19910129,000002.SZ,20201022,27.51,28.1,27.5,27.99,27.63,0.36,1.3029,627002.29,1748393.673,0.6454,0.9689,0.98,8.3654,8.2245,1.7691,0.8839,0.8673,3.7338,3.6321,1161773.2201,971431.4935,647150.4144,32518032.4306,27190367.5031,30.39,24.87,153.9007
000002,万科A,全国地产,深圳,19910129,000002.SZ,20201021,27.52,27.63,27.3,27.63,27.48,0.15,0.5459,473353.15,1299443.588,0.4873,0.7314,0.72,8.2578,8.1187,1.7464,0.8725,0.8562,3.7825,3.6794,1161773.2201,971431.4935,647150.4144,32099794.0714,26840652.1654,30.23,24.73,153.9007
000002,万科A,全国地产,深圳,19910129,000002.SZ,20201020,27.64,27.64,27.28,27.48,27.74,-0.26,-0.9373,623972.6,1710112.426,0.6423,0.9642,0.96,8.213,8.0747,1.7369,0.8678,0.8515,3.8031,3.6995,1161773.2201,971431.4935,647150.4144,31925528.0883,26694937.4414,30.51,24.97,153.9007
000002,万科A,全国地产,深圳,19910129,000002.SZ,20201019,28.0,28.59,27.67,27.74,27.86,-0.12,-0.4307,1102097.91,3101786.451,1.1345,1.703,1.8,8.2907,8.1511,1.7533,0.876,0.8596,3.7675,3.6648,1161773.2201,971431.4935,647150.4144,32227589.1256,26947509.6297,30.65,25.07,153.9007
000002,万科A,全国地产,深圳,19910129,000002.SZ,20201016,27.7,27.94,27.65,27.86,27.7,0.16,0.5776,480962.08,1337762.653,0.4951,0.7432,0.74,8.3265,8.1863,1.7609,0.8798,0.8633,3.7513,3.649,1161773.2201,971431.4935,647150.4144,32367001.912,27064081.4089,30.47,24.93,153.9007
000002,万科A,全国地产,深圳,19910129,000002.SZ,20201015,27.61,27.93,27.57,27.7,27.78,-0.08,-0.288,528975.37,1467258.909,0.5445,0.8174,0.82,8.2787,8.1393,1.7508,0.8747,0.8583,3.7729,3.6701,1161773.2201,971431.4935,647150.4144,32181118.1968,26908652.37,30.56,25.0,153.9007
000002,万科A,全国地产,深圳,19910129,000002.SZ,20201014,27.85,28.0,27.65,27.78,27.99,-0.21,-0.7503,537838.77,1492204.334,0.5537,0.8311,0.87,8.3026,8.1628,1.7559,0.8773,0.8608,3.7621,3.6595,1161773.2201,971431.4935,647150.4144,32274060.0544,26986366.8894,30.79,25.19,153.9007
000002,万科A,全国地产,深圳,19910129,000002.SZ,20201013,28.2,28.2,27.87,27.99,28.31,-0.32,-1.1303,588379.93,1644236.367,0.6057,0.9092,0.92,8.3654,8.2245,1.7691,0.8839,0.8673,3.7338,3.6321,1161773.2201,971431.4935,647150.4144,32518032.4306,27190367.5031,31.14,25.48,153.9007
000002,万科A,全国地产,深圳,19910129,000002.SZ,20201012,28.16,28.59,28.05,28.31,28.03,0.28,0.9989,926244.6,2621595.757,0.9535,1.4313,1.57,8.461,8.3186,1.7894,0.894,0.8772,3.6916,3.591,1161773.2201,971431.4935,647150.4144,32889799.861,27501225.581,30.83,25.23,153.9007
000002,万科A,全国地产,深圳,19910129,000002.SZ,20201009,28.05,28.29,27.74,28.03,28.02,0.01,0.0357,684345.85,1913388.242,0.7045,1.0575,1.21,8.3773,8.2363,1.7717,0.8852,0.8686,3.7285,3.6269,1161773.2201,971431.4935,647150.4144,32564503.3594,27229224.7628,30.82,25.22,153.9007
000002,万科A,全国地产,深圳,19910129,000002.SZ,20200930,28.71,28.71,27.66,28.02,28.29,-0.27,-0.9544,489833.22,1378172.924,0.5042,0.7569,0.9,8.3744,8.2333,1.771,0.8848,0.8683,3.7298,3.6282,1161773.2201,971431.4935,647150.4144,32552885.6272,27219510.4479,31.12,25.46,153.9007
000002,万科A,全国地产,深圳,19910129,000002.SZ,20200929,28.43,28.77,28.29,28.29,28.4,-0.11,-0.3873,412967.07,1176463.958,0.4251,0.6381,0.71,8.4551,8.3127,1.7881,0.8934,0.8766,3.6942,3.5935,1161773.2201,971431.4935,647150.4144,32866564.3966,27481796.9511,31.24,25.56,153.9007
000002,万科A,全国地产,深圳,19910129,000002.SZ,20200928,27.8,28.66,27.76,28.4,27.62,0.78,2.824,669627.73,1898828.553,0.6893,1.0347,1.13,8.4879,8.345,1.7951,0.8968,0.88,3.6799,3.5796,1161773.2201,971431.4935,647150.4144,32994359.4508,27588654.4154,30.38,24.86,153.9007
000002,万科A,全国地产,深圳,19910129,000002.SZ,20200925,28.01,28.35,27.4,27.62,28.1,-0.48,-1.7082,697229.81,1936770.307,0.7177,1.0774,0.9,8.2548,8.1158,1.7458,0.8722,0.8559,3.7839,3.6807,1161773.2201,971431.4935,647150.4144,32088176.3392,26830937.8505,30.91,25.29,153.9007
000002,万科A,全国地产,深圳,19910129,000002.SZ,20200924,28.57,28.65,27.98,28.1,28.7,-0.6,-2.0906,564596.47,1594343.353,0.5812,0.8724,0.73,8.3983,8.2569,1.7761,0.8874,0.8707,3.7192,3.6178,1161773.2201,971431.4935,647150.4144,32645827.4848,27297224.9674,31.57,25.83,153.9007
000002,万科A,全国地产,深圳,19910129,000002.SZ,20200923,29.1,29.2,28.55,28.7,28.96,-0.26,-0.8978,386288.56,1110921.939,0.3976,0.5969,0.48,8.5776,8.4332,1.814,0.9063,0.8893,3.6415,3.5422,1161773.2201,971431.4935,647150.4144,33342891.4169,27880083.8635,31.86,26.06,153.9007
000002,万科A,全国地产,深圳,19910129,000002.SZ,20200922,28.96,29.38,28.7,28.96,29.14,-0.18,-0.6177,583742.38,1695439.445,0.6009,0.902,0.72,8.6553,8.5096,1.8304,0.9145,0.8974,3.6088,3.5104,1161773.2201,971431.4935,647150.4144,33644952.4541,28132656.0518,32.05,26.23,153.9007
000002,万科A,全国地产,深圳,19910129,000002.SZ,20200921,29.29,29.56,29.04,29.14,29.3,-0.16,-0.5461,725102.47,2124799.243,0.7464,1.1205,0.93,8.7091,8.5624,1.8418,0.9202,0.903,3.5865,3.4887,1161773.2201,971431.4935,647150.4144,33854071.6337,28307513.7206,32.23,26.37,153.9007
000002,万科A,全国地产,深圳,19910129,000002.SZ,20200918,28.28,29.3,28.08,29.3,28.06,1.24,4.4191,1615105.5,4683407.502,1.573,2.3612,2.7,8.733,8.586,1.8469,0.9227,0.9054,3.5669,3.4697,1161773.2201,971431.4935,647150.4144,33947013.4913,28385228.2401,30.87,25.25,153.9007
000002,万科A,全国地产,深圳,19910129,000002.SZ,20200917,28.21,28.43,27.95,28.06,28.19,-0.13,-0.4612,565622.54,1592888.069,0.5823,0.874,0.88,8.3863,8.2451,1.7736,0.8861,0.8695,3.7245,3.623,1161773.2201,971431.4935,647150.4144,32599356.556,27258367.7076,31.01,25.37,153.9007
000002,万科A,全国地产,深圳,19910129,000002.SZ,20200916,27.92,28.38,27.66,28.19,27.87,0.32,1.1482,554701.46,1560700.433,0.571,0.8571,0.84,8.4252,8.2833,1.7818,0.8902,0.8735,3.7074,3.6063,1161773.2201,971431.4935,647150.4144,32750387.0746,27384653.8018,30.66,25.08,153.9007
000002,万科A,全国地产,深圳,19910129,000002.SZ,20200915,27.65,28.09,27.48,27.87,27.7,0.17,0.6137,584232.26,1625514.791,0.6014,0.9028,0.79,8.3295,8.1893,1.7616,0.8801,0.8636,3.7499,3.6477,1161773.2201,971431.4935,647150.4144,32378619.6442,27073795.7238,30.47,24.93,153.9007
000002,万科A,全国地产,深圳,19910129,000002.SZ,20200914,28.01,28.3,27.51,27.7,28.0,-0.3,-1.0714,588402.74,1630471.94,0.6057,0.9092,0.65,8.2787,8.1393,1.7508,0.8747,0.8583,3.7729,3.6701,1161773.2201,971431.4935,647150.4144,32181118.1968,26908652.37,30.8,25.2,153.9007
000002,万科A,全国地产,深圳,19910129,000002.SZ,20200911,28.46,28.46,27.9,28.0,28.46,-0.46,-1.6163,541108.37,1519932.745,0.557,0.8361,0.56,8.3684,8.2275,1.7698,0.8842,0.8676,3.7325,3.6308,1161773.2201,971431.4935,647150.4144,32529650.1628,27200081.818,31.31,25.61,153.9007
000002,万科A,全国地产,深圳,19910129,000002.SZ,20200910,28.36,29.1,28.36,28.46,27.98,0.48,1.7155,954676.62,2741079.761,0.9828,1.4752,1.02,8.5059,8.3626,1.7988,0.8987,0.8819,3.6722,3.5721,1161773.2201,971431.4935,647150.4144,33064065.844,27646940.305,30.78,25.18,153.9007
000002,万科A,全国地产,深圳,19910129,000002.SZ,20200909,28.1,28.4,27.65,27.98,28.3,-0.32,-1.1307,645614.25,1807367.85,0.6646,0.9976,0.68,8.3624,8.2216,1.7685,0.8836,0.867,3.7352,3.6334,1161773.2201,971431.4935,647150.4144,32506414.6984,27180653.1881,31.13,25.47,153.9007
000002,万科A,全国地产,深圳,19910129,000002.SZ,20200908,28.6,29.17,28.16,28.3,28.43,-0.13,-0.4573,964997.32,2760457.179,0.9934,1.4911,1.12,8.458,8.3156,1.7887,0.8937,0.8769,3.6929,3.5923,1161773.2201,971431.4935,647150.4144,32878182.1288,27491511.2661,31.27,25.59,153.9007
000002,万科A,全国地产,深圳,19910129,000002.SZ,20200907,27.95,29.05,27.95,28.43,28.07,0.36,1.2825,1432294.21,4103510.527,1.4744,2.2132,1.95,8.4969,8.3538,1.797,0.8978,0.881,3.6761,3.5758,1161773.2201,971431.4935,647150.4144,33029212.6474,27617797.3602,30.88,25.26,153.9007
000002,万科A,全国地产,深圳,19910129,000002.SZ,20200904,27.56,28.15,27.46,28.07,27.81,0.26,0.9349,816185.97,2279067.498,0.8402,1.2612,1.09,8.3893,8.248,1.7742,0.8864,0.8698,3.7232,3.6217,1161773.2201,971431.4935,647150.4144,32610974.2882,27268082.0225,30.59,25.03,153.9007
000002,万科A,全国地产,深圳,19910129,000002.SZ,20200903,27.6,28.2,27.42,27.81,27.52,0.29,1.0538,799220.55,2224433.222,0.8227,1.235,1.14,8.3116,8.1716,1.7578,0.8782,0.8617,3.758,3.6556,1161773.2201,971431.4935,647150.4144,32308913.251,27015509.8342,30.27,24.77,153.9007
000002,万科A,全国地产,深圳,19910129,000002.SZ,20200902,27.4,27.71,27.13,27.52,27.22,0.3,1.1021,730022.97,2002238.835,0.7515,1.1281,1.11,8.2249,8.0864,1.7394,0.8691,0.8528,3.7976,3.6941,1161773.2201,971431.4935,647150.4144,31971999.0172,26733794.7011,29.94,24.5,153.9007
000002,万科A,全国地产,深圳,19910129,000002.SZ,20200901,27.18,27.23,26.93,27.22,27.27,-0.05,-0.1834,524296.25,1420467.874,0.5397,0.8102,0.81,8.1353,7.9983,1.7205,0.8596,0.8435,3.8395,3.7348,1161773.2201,971431.4935,647150.4144,31623467.0511,26442365.2531,30.0,24.54,153.9007
000002,万科A,全国地产,深圳,19910129,000002.SZ,20200831,27.61,27.85,27.18,27.27,27.57,-0.3,-1.0881,803902.43,2211848.528,0.8275,1.2422,1.34,8.1502,8.013,1.7236,0.8612,0.845,3.8324,3.728,1161773.2201,971431.4935,647150.4144,31681555.7121,26490936.8277,30.33,24.81,153.9007
000002,万科A,全国地产,深圳,19910129,000002.SZ,20200828,27.03,27.74,27.03,27.57,26.95,0.62,2.3006,891557.21,2453608.315,0.9178,1.3777,1.69,8.2399,8.1011,1.7406,0.8706,0.8543,3.7907,3.6874,1161773.2201,971431.4935,647150.4144,32030087.6782,26782366.2758,29.65,24.26,153.9007
000002,万科A,全国地产,深圳,19910129,000002.SZ,20200827,27.09,27.17,26.54,26.95,27.08,-0.13,-0.4801,541847.19,1451853.794,0.5577,0.8372,1.02,8.0546,8.028,1.7015,0.8511,0.8524,3.8779,3.7722,1161773.2201,971517.0043,647235.9252,31309788.2817,26182383.2659,29.79,24.37,153.9007
000002,万科A,全国地产,深圳,19910129,000002.SZ,20200826,27.12,27.43,26.96,27.08,27.19,-0.11,-0.4046,520893.56,1414456.519,0.5362,0.8048,0.91,8.0934,8.0667,1.7097,0.8552,0.8566,3.8593,3.7541,1161773.2201,971517.0043,647235.9252,31460818.8003,26308680.4764,29.91,24.47,153.9007
000002,万科A,全国地产,深圳,19910129,000002.SZ,20200825,27.19,27.45,27.12,27.19,27.13,0.06,0.2212,489635.32,1334277.356,0.504,0.7565,0.76,8.1263,8.0995,1.7166,0.8586,0.86,3.8437,3.7389,1161773.2201,971517.0043,647235.9252,31588613.8545,26415547.3469,29.84,24.42,153.9007
000002,万科A,全国地产,深圳,19910129,000002.SZ,20200824,27.58,27.75,27.1,27.13,27.36,-0.23,-0.8406,566269.2,1549031.069,0.5829,0.8749,0.71,8.1084,8.0816,1.7128,0.8567,0.8581,3.8522,3.7472,1161773.2201,971517.0043,647235.9252,31518907.4613,26357256.3267,30.1,24.62,153.9007
000002,万科A,全国地产,深圳,19910129,000002.SZ,20200821,27.74,27.76,27.21,27.36,27.48,-0.12,-0.4367,515551.08,1412631.491,0.5307,0.7965,0.58,8.1771,8.1501,1.7273,0.864,0.8654,3.8198,3.7157,1161773.2201,971517.0043,647235.9252,31786115.3019,26580705.2376,30.23,24.73,153.9007
000002,万科A,全国地产,深圳,19910129,000002.SZ,20200820,27.35,27.53,27.16,27.48,27.44,0.04,0.1458,568975.97,1555164.387,0.5857,0.8791,0.61,8.213,8.1859,1.7349,0.8678,0.8692,3.8031,3.6995,1161773.2201,971517.0043,647235.9252,31925528.0883,26697287.2782,30.18,24.7,153.9007
000002,万科A,全国地产,深圳,19910129,000002.SZ,20200819,27.64,27.9,27.3,27.44,27.7,-0.26,-0.9386,730576.97,2011514.008,0.752,1.1288,0.71,8.201,8.1739,1.7324,0.8665,0.8679,3.8087,3.7049,1161773.2201,971517.0043,647235.9252,31879057.1595,26658426.598,30.47,24.93,153.9007
000002,万科A,全国地产,深圳,19910129,000002.SZ,20200818,28.21,28.28,27.5,27.7,28.21,-0.51,-1.8079,848392.64,2355345.99,0.8733,1.3108,0.79,8.2787,8.2514,1.7488,0.8747,0.8762,3.7729,3.6701,1161773.2201,971517.0043,647235.9252,32181118.1968,26911021.0191,31.03,25.39,153.9007
000002,万科A,全国地产,深圳,19910129,000002.SZ,20200817,27.74,28.65,27.56,28.21,27.68,0.53,1.9147,1347817.83,3808676.655,1.3873,2.0824,1.33,8.4311,8.4033,1.781,0.8908,0.8923,3.7047,3.6037,1161773.2201,971517.0043,647235.9252,32773622.539,27406494.6913,30.45,24.91,153.9007
000002,万科A,全国地产,深圳,19910129,000002.SZ,20200814,27.9,27.9,27.15,27.68,27.58,0.1,0.3626,940947.34,2592380.291,0.9685,1.4538,0.98,8.2727,8.2454,1.7475,0.8741,0.8755,3.7757,7.4484,1161773.2201,971517.0043,647235.9252,32157882.7324,26891590.679,30.34,24.82,153.9007
000002,万科A,全国地产,深圳,19910129,000002.SZ,20200813,28.83,29.06,28.31,28.6,28.71,-0.11,-0.3831,790902.89,2261412.098,0.8141,1.222,0.82,8.5477,8.5195,1.6967,0.9032,0.9046,3.6542,3.6542,1161773.2201,971517.0043,647235.9252,33226714.0949,27785386.323,31.58,25.84,148.4119
000002,万科A,全国地产,深圳,19910129,000002.SZ,20200812,27.89,28.71,27.8,28.71,27.88,0.83,2.977,1249774.08,3535287.161,1.2864,1.9309,1.42,8.5806,8.5523,1.7032,0.9066,0.9081,3.6402,3.6402,1161773.2201,971517.0043,647235.9252,33354509.1491,27892253.1935,30.67,25.09,148.4119
000002,万科A,全国地产,深圳,19910129,000002.SZ,20200811,27.92,28.44,27.81,27.88,27.81,0.07,0.2517,1038365.84,2917894.974,1.0688,1.6043,1.13,8.3325,8.305,1.654,0.8804,0.8819,3.7486,3.7486,1161773.2201,971517.0043,647235.9252,32390237.3764,27085894.0799,30.59,25.03,148.4119
000002,万科A,全国地产,深圳,19910129,000002.SZ,20200810,27.08,27.94,27.05,27.81,27.03,0.78,2.8857,1052840.04,2908314.678,1.0837,1.6267,1.14,8.3116,8.2842,1.6499,0.8782,0.8796,3.758,3.758,1161773.2201,971517.0043,647235.9252,32308913.251,27017887.8896,29.73,24.33,148.4119
000002,万科A,全国地产,深圳,19910129,000002.SZ,20200807,27.19,27.36,26.9,27.03,27.38,-0.35,-1.2783,664062.85,1798228.229,0.6835,1.026,0.71,8.0785,8.0518,1.6036,0.8536,0.855,3.8665,3.8665,1161773.2201,971517.0043,647235.9252,31402730.1393,26260104.6262,30.12,24.64,148.4119
000002,万科A,全国地产,深圳,19910129,000002.SZ,20200806,27.38,27.63,26.99,27.38,27.35,0.03,0.1097,827242.1,2253354.54,0.8515,1.2781,0.9,8.1831,8.1561,1.6243,0.8646,0.866,3.817,3.817,1161773.2201,971517.0043,647235.9252,31809350.7663,26600135.5777,30.09,24.62,148.4119
000002,万科A,全国地产,深圳,19910129,000002.SZ,20200805,27.5,27.56,27.11,27.35,27.74,-0.39,-1.4059,811323.58,2215309.569,0.8351,1.2535,0.86,8.1741,8.1471,1.6226,0.8637,0.8651,3.8212,3.8212,1161773.2201,971517.0043,647235.9252,31774497.5697,26570990.0676,30.51,24.97,148.4119
000002,万科A,全国地产,深圳,19910129,000002.SZ,20200804,27.4,27.95,27.07,27.74,27.28,0.46,1.6862,1246383.36,3425728.931,1.2829,1.9257,1.53,8.2907,8.2633,1.6457,0.876,0.8774,3.7675,3.7675,1161773.2201,971517.0043,647235.9252,32227589.1256,26949881.6993,30.01,24.55,148.4119
000002,万科A,全国地产,深圳,19910129,000002.SZ,20200803,27.02,27.35,26.92,27.28,26.84,0.44,1.6393,1062237.06,2878942.644,1.0934,1.6412,1.34,8.1532,8.1263,1.6184,0.8615,0.8629,3.831,3.831,1161773.2201,971517.0043,647235.9252,31693173.4443,26502983.8773,29.52,24.16,148.4119
000002,万科A,全国地产,深圳,19910129,000002.SZ,20200731,26.88,27.23,26.61,26.84,26.88,-0.04,-0.1488,733327.35,1974226.165,0.7548,1.133,0.84,8.0217,7.9952,1.5923,0.8476,0.849,3.8938,3.8938,1161773.2201,971517.0043,647235.9252,31181993.2275,26075516.3954,29.57,24.19,148.4119
000002,万科A,全国地产,深圳,19910129,000002.SZ,20200730,27.04,27.1,26.79,26.88,27.11,-0.23,-0.8484,733968.71,1975837.27,0.7555,1.134,0.79,8.0336,8.0071,1.5947,0.8488,0.8502,3.888,3.888,1161773.2201,971517.0043,647235.9252,31228464.1563,26114377.0756,29.82,24.4,148.4119
000002,万科A,全国地产,深圳,19910129,000002.SZ,20200729,26.71,27.14,26.51,27.11,26.87,0.24,0.8932,926893.79,2490844.472,0.9541,1.4321,1.01,8.1024,8.0756,1.6083,0.8561,0.8575,3.855,3.855,1161773.2201,971517.0043,647235.9252,31495671.9969,26337825.9866,29.56,24.18,148.4119
000002,万科A,全国地产,深圳,19910129,000002.SZ,20200728,26.83,27.0,26.62,26.87,26.68,0.19,0.7121,619447.05,1660026.209,0.6376,0.9571,0.65,8.0307,8.0042,1.5941,0.8485,0.8499,3.8895,3.8895,1161773.2201,971517.0043,647235.9252,31216846.4241,26104661.9055,29.35,24.01,148.4119
000002,万科A,全国地产,深圳,19910129,000002.SZ,20200727,27.27,27.28,26.33,26.68,27.03,-0.35,-1.2949,943467.22,2510590.209,0.9711,1.4577,0.95,7.9739,7.9476,1.5828,0.8425,0.8439,3.9172,3.9172,1161773.2201,971517.0043,647235.9252,30996109.5123,25920073.6747,29.73,24.33,148.4119
000002,万科A,全国地产,深圳,19910129,000002.SZ,20200724,27.35,27.88,26.85,27.03,27.52,-0.49,-1.7805,1160239.76,3174571.069,1.1943,1.7926,1.17,8.0785,8.0518,1.6036,0.8536,0.855,3.8665,3.8665,1161773.2201,971517.0043,647235.9252,31402730.1393,26260104.6262,30.27,24.77,148.4119
000002,万科A,全国地产,深圳,19910129,000002.SZ,20200723,27.64,27.98,27.11,27.52,27.88,-0.36,-1.2912,991225.69,2723562.572,1.0203,1.5315,0.92,8.2249,8.1978,1.6326,0.8691,0.8705,3.7976,3.7976,1161773.2201,971517.0043,647235.9252,31971999.0172,26736147.9583,30.67,25.09,148.4119
000002,万科A,全国地产,深圳,19910129,000002.SZ,20200722,27.89,28.3,27.65,27.88,28.01,-0.13,-0.4641,882146.5,2470127.024,0.908,1.3629,0.78,8.3325,8.305,1.654,0.8804,0.8819,3.7486,3.7486,1161773.2201,971517.0043,647235.9252,32390237.3764,27085894.0799,30.81,25.21,148.4119
000002,万科A,全国地产,深圳,19910129,000002.SZ,20200721,28.45,28.53,27.84,28.01,28.3,-0.29,-1.0247,776308.44,2177172.136,0.7991,1.1994,0.62,8.3714,8.3437,1.6617,0.8845,0.886,3.7312,3.7312,1161773.2201,971517.0043,647235.9252,32541267.895,27212191.2904,31.13,25.47,148.4119
000002,万科A,全国地产,深圳,19910129,000002.SZ,20200720,27.39,28.5,27.29,28.3,27.23,1.07,3.9295,1132749.83,3171353.3,1.166,1.7501,0.82,8.458,8.4301,1.6789,0.8937,0.8951,3.6929,3.6929,1161773.2201,971517.0043,647235.9252,32878182.1288,27493931.2217,29.95,24.51,148.4119
000002,万科A,全国地产,深圳,19910129,000002.SZ,20200717,27.26,27.64,26.91,27.23,27.54,-0.31,-1.1256,1166350.74,3177245.453,1.2005,1.802,0.74,8.1383,8.1114,1.6154,0.8599,0.8613,3.8381,3.8381,1161773.2201,971517.0043,647235.9252,31635084.7833,26454408.0271,30.29,24.79,148.4119
000002,万科A,全国地产,深圳,19910129,000002.SZ,20200716,28.25,28.72,27.52,27.54,28.28,-0.74,-2.6167,1438432.1,4055153.708,1.4806,2.2224,0.93,8.2309,8.2037,1.6338,0.8697,0.8711,3.7949,3.7949,1161773.2201,971517.0043,647235.9252,31995234.4816,26755578.2984,31.11,25.45,148.4119
000002,万科A,全国地产,深圳,19910129,000002.SZ,20200715,29.0,29.28,28.28,28.28,28.94,-0.66,-2.2806,1154989.79,3306443.715,1.1889,1.7845,0.71,8.4521,8.4242,1.6777,0.8931,0.8945,3.6956,3.6956,1161773.2201,971517.0043,647235.9252,32854946.6644,27474500.8816,31.83,26.05,148.4119
000002,万科A,全国地产,深圳,19910129,000002.SZ,20200714,29.14,29.5,28.45,28.94,29.2,-0.26,-0.8904,1343018.28,3889222.008,1.3824,2.075,0.78,8.6493,8.6208,1.7169,0.9139,0.9154,3.6113,3.6113,1161773.2201,971517.0043,647235.9252,33621716.9897,28115702.1044,32.12,26.28,148.4119
000002,万科A,全国地产,深圳,19910129,000002.SZ,20200713,28.92,29.39,28.48,29.2,29.17,0.03,0.1028,1804033.06,5218016.833,1.8569,2.7873,1.0,8.727,8.6982,1.7323,0.9221,0.9236,3.5791,3.5791,1161773.2201,971517.0043,647235.9252,33923778.0269,28368296.5256,32.09,26.25,148.4119
000002,万科A,全国地产,深圳,19910129,000002.SZ,20200710,30.02,30.07,28.99,29.17,30.63,-1.46,-4.7666,2098406.41,6190314.614,2.1599,3.2421,1.21,8.7181,8.6893,1.7305,0.9212,0.9227,3.5828,3.5828,1161773.2201,971517.0043,647235.9252,33888924.8303,28339151.0154,33.69,27.57,148.4119
000002,万科A,全国地产,深圳,19910129,000002.SZ,20200709,30.45,30.63,29.88,30.63,30.4,0.23,0.7566,1342454.08,4058954.546,1.3818,2.0741,0.71,9.1544,9.1242,1.8172,0.9673,0.9688,3.412,3.412,1161773.2201,971517.0043,647235.9252,35585113.7317,29757565.8417,33.44,27.36,148.4119
000002,万科A,全国地产,深圳,19910129,000002.SZ,20200708,30.3,30.9,29.65,30.4,30.3,0.1,0.33,1601287.8,4827351.74,1.6482,2.474,0.76,9.0857,9.0557,1.8035,0.96,0.9616,3.4378,3.4378,1161773.2201,971517.0043,647235.9252,35317905.891,29534116.9307,33.33,27.27,148.4119
000002,万科A,全国地产,深圳,19910129,000002.SZ,20200707,31.5,32.02,30.0,30.3,31.02,-0.72,-2.3211,1713195.8,5262391.225,1.7634,2.6469,0.9,9.0558,9.0259,1.7976,0.9568,0.9584,3.4492,3.4492,1161773.2201,971517.0043,647235.9252,35201728.569,29436965.2303,34.12,27.92,148.4119
000002,万科A,全国地产,深圳,19910129,000002.SZ,20200706,29.3,31.15,29.3,31.02,28.65,2.37,8.2723,2301285.06,6955279.099,2.3688,3.5556,1.42,9.271,9.2404,1.8403,0.9796,0.9812,3.3691,3.3691,1161773.2201,971517.0043,647235.9252,36038205.2875,30136457.4734,31.52,25.79,148.4119
000002,万科A,全国地产,深圳,19910129,000002.SZ,20200703,28.65,29.12,28.14,28.65,28.39,0.26,0.9158,1744355.6,4993062.505,1.7955,2.6951,1.12,8.5626,8.5344,1.6997,0.9047,0.9062,3.6478,3.6478,1161773.2201,971517.0043,647235.9252,33284802.7559,27833962.1732,31.23,25.55,148.4119
000002,万科A,全国地产,深圳,19910129,000002.SZ,20200702,28.0,28.89,27.77,28.39,28.09,0.3,1.068,2134743.87,6033529.847,2.1973,3.2982,1.7,8.4849,8.4569,1.6843,0.8965,0.898,3.6812,3.6812,1161773.2201,971517.0043,647235.9252,32982741.7186,27581367.7521,30.9,25.28,148.4119
000002,万科A,全国地产,深圳,19910129,000002.SZ,20200701,26.18,28.5,26.17,28.09,26.14,1.95,7.4598,2602748.54,7124087.372,2.6791,4.0213,2.97,8.3953,8.3676,1.6665,0.8871,0.8885,3.7205,3.7205,1161773.2201,971517.0043,647235.9252,32634209.7526,27289912.6508,28.75,23.53,148.4119
000002,万科A,全国地产,深圳,19910129,000002.SZ,20200630,26.1,26.25,25.88,26.14,25.92,0.22,0.8488,714383.68,1861472.337,0.7353,1.1037,0.8,7.8125,7.7867,1.5508,0.8255,0.8268,3.9981,3.9981,1161773.2201,971517.0043,647235.9252,30368751.9734,25395454.4924,28.51,23.33,148.4119
000002,万科A,全国地产,深圳,19910129,000002.SZ,20200629,26.1,26.25,25.71,25.92,26.4,-0.48,-1.8182,893959.13,2310930.229,0.9202,1.3812,1.04,7.7467,7.7212,1.5377,0.8185,0.8199,4.032,4.032,1161773.2201,971517.0043,647235.9252,30113161.865,25181720.7515,29.04,23.76,148.4119
000002,万科A,全国地产,深圳,19910129,000002.SZ,20200624,25.69,26.45,25.67,26.4,25.55,0.85,3.3268,1426039.84,3740397.516,1.4678,2.2033,2.14,7.8902,7.8641,1.5662,0.8337,0.835,3.9587,3.9587,1161773.2201,971517.0043,647235.9252,30670813.0106,25648048.9135,28.11,23.0,148.4119
000002,万科A,全国地产,深圳,19910129,000002.SZ,20200623,25.67,25.68,25.49,25.55,25.69,-0.14,-0.545,643002.45,1643546.816,0.6619,0.9935,0.99,7.6361,7.6109,1.5158,0.8068,0.8082,4.0904,4.0904,1161773.2201,971517.0043,647235.9252,29683305.7736,24822259.4599,28.26,23.12,148.4119
000002,万科A,全国地产,深圳,19910129,000002.SZ,20200622,25.88,25.94,25.66,25.69,25.95,-0.26,-1.0019,701393.98,1808213.75,0.722,1.0837,1.08,7.678,7.6526,1.5241,0.8113,0.8126,4.0681,4.0681,1161773.2201,971517.0043,647235.9252,29845954.0244,24958271.8405,28.55,23.36,148.4119
000002,万科A,全国地产,深圳,19910129,000002.SZ,20200619,25.95,25.99,25.72,25.95,25.89,0.06,0.2317,797460.01,2060655.689,0.8208,1.2321,1.31,7.7557,7.7301,1.5395,0.8195,0.8208,4.0274,4.0274,1161773.2201,971517.0043,647235.9252,30148015.0616,25210866.2616,28.48,23.3,148.4119
000002,万科A,全国地产,深圳,19910129,000002.SZ,20200618,25.73,26.05,25.72,25.89,25.68,0.21,0.8178,733262.33,1900571.862,0.7548,1.1329,1.24,7.7378,7.7122,1.5359,0.8176,0.8189,4.0367,4.0367,1161773.2201,971517.0043,647235.9252,30078308.6684,25152575.2413,28.25,23.11,148.4119
000002,万科A,全国地产,深圳,19910129,000002.SZ,20200617,25.75,25.84,25.62,25.68,25.82,-0.14,-0.5422,454634.12,1167883.104,0.468,0.7024,0.68,7.675,7.6497,1.5235,0.8109,0.8123,4.0697,4.0697,1161773.2201,971517.0043,647235.9252,29834336.2922,24948556.6704,28.4,23.24,148.4119
000002,万科A,全国地产,深圳,19910129,000002.SZ,20200616,25.88,25.98,25.7,25.82,25.6,0.22,0.8594,577040.46,1489581.307,0.594,0.8915,0.83,7.7168,7.6914,1.5318,0.8154,0.8167,4.0476,4.0476,1161773.2201,971517.0043,647235.9252,29996984.543,25084569.051,28.16,23.04,148.4119
000002,万科A,全国地产,深圳,19910129,000002.SZ,20200615,25.5,26.12,25.5,25.6,25.71,-0.11,-0.4278,693731.88,1792009.586,0.7141,1.0718,0.99,7.6511,7.6258,1.5187,0.8084,0.8097,4.0824,4.0824,1161773.2201,971517.0043,647235.9252,29741394.4346,24870835.3101,28.28,23.14,148.4119
000002,万科A,全国地产,深圳,19910129,000002.SZ,20200612,25.54,25.93,25.45,25.71,25.9,-0.19,-0.7336,578495.16,1489193.139,0.5955,0.8938,0.81,7.684,7.6586,1.5314,0.8119,0.8132,4.065,4.065,1161773.2201,971517.0043,647235.9252,29869189.4888,24977702.1806,28.49,23.31,148.4119
000002,万科A,全国地产,深圳,19910129,000002.SZ,20200611,26.11,26.21,25.82,25.9,26.18,-0.28,-1.0695,650467.72,1691584.981,0.6695,1.005,0.89,7.5305,7.5056,1.5516,0.7957,0.797,4.0351,4.0351,1130214.3001,971517.0043,647235.9252,29272550.3726,25162290.4114,28.8,23.56,148.4119
000002,万科A,全国地产,深圳,19910129,000002.SZ,20200610,26.39,26.41,25.98,26.18,26.44,-0.26,-0.9834,829017.61,2166680.255,0.8533,1.2809,1.11,7.6119,7.5868,1.5683,0.8043,0.8056,3.992,3.992,1130214.3001,971517.0043,647235.9252,29589010.3766,25434315.1726,29.08,23.8,148.4119
000002,万科A,全国地产,深圳,19910129,000002.SZ,20200609,26.6,26.85,26.34,26.44,26.6,-0.16,-0.6015,730994.49,1935524.778,0.7524,1.1294,0.91,7.6875,7.6621,1.5839,0.8123,0.8136,3.9527,3.9527,1130214.3001,971517.0043,647235.9252,29882866.0946,25686909.5937,29.26,23.94,148.4119
000002,万科A,全国地产,深圳,19910129,000002.SZ,20200608,26.59,26.85,26.42,26.6,26.41,0.19,0.7194,709040.66,1887551.591,0.7298,1.0955,0.86,7.734,7.7085,1.5935,0.8172,0.8185,3.929,3.929,1130214.3001,971517.0043,647235.9252,30063700.3827,25842352.3144,29.05,23.77,148.4119
000002,万科A,全国地产,深圳,19910129,000002.SZ,20200605,26.65,26.72,26.19,26.41,26.73,-0.32,-1.1972,649400.73,1710519.995,0.6684,1.0033,0.82,7.6788,7.6534,1.5821,0.8113,0.8127,3.9572,3.9572,1130214.3001,971517.0043,647235.9252,29848959.6656,25657764.0836,29.4,24.06,148.4119
000002,万科A,全国地产,深圳,19910129,000002.SZ,20200604,27.02,27.13,26.31,26.73,26.84,-0.11,-0.4098,724555.79,1927951.771,0.7458,1.1195,0.92,7.7718,7.7462,1.6013,0.8212,0.8225,3.9098,3.9098,1130214.3001,971517.0043,647235.9252,30210628.2417,25968649.5249,29.52,24.16,148.4119
000002,万科A,全国地产,深圳,19910129,000002.SZ,20200603,27.4,27.96,26.83,26.84,27.24,-0.4,-1.4684,927492.14,2538104.958,0.9547,1.433,1.29,7.8038,7.778,1.6079,0.8246,0.8259,3.8938,3.8938,1130214.3001,971517.0043,647235.9252,30334951.8147,26075516.3954,29.96,24.52,148.4119
000002,万科A,全国地产,深圳,19910129,000002.SZ,20200602,26.37,27.26,26.3,27.24,26.4,0.84,3.1818,1020844.83,2738151.204,1.0508,1.5772,1.64,7.9201,7.8939,1.6318,0.8368,0.8382,3.8366,3.8366,1130214.3001,971517.0043,647235.9252,30787037.5347,26464123.1971,29.04,23.76,148.4119
000002,万科A,全国地产,深圳,19910129,000002.SZ,20200601,25.98,26.5,25.98,26.4,25.7,0.7,2.7237,779004.22,2049366.265,0.8018,1.2036,1.37,7.6759,7.6505,1.5815,0.811,0.8124,3.9587,3.9587,1130214.3001,971517.0043,647235.9252,29837657.5226,25648048.9135,28.27,23.13,148.4119
000002,万科A,全国地产,深圳,19910129,000002.SZ,20200529,26.12,26.12,25.7,25.7,26.14,-0.44,-1.6832,520783.5,1345961.672,0.5361,0.8046,0.91,7.4723,7.4477,1.5396,0.7895,0.7908,4.0665,4.0665,1130214.3001,971517.0043,647235.9252,29046507.5126,24967987.0105,28.75,23.53,148.4119
000002,万科A,全国地产,深圳,19910129,000002.SZ,20200528,25.88,26.56,25.88,26.14,25.9,0.24,0.9266,709769.46,1863217.64,0.7306,1.0966,1.38,7.6003,7.5752,1.5659,0.8031,0.8044,3.9981,3.9981,1130214.3001,971517.0043,647235.9252,29543801.8046,25395454.4924,28.49,23.31,148.4119
000002,万科A,全国地产,深圳,19910129,000002.SZ,20200527,25.83,26.1,25.7,25.9,25.83,0.07,0.271,555244.2,1440584.203,0.5715,0.8579,0.89,7.5305,7.5056,1.5516,0.7957,0.797,4.0351,4.0351,1130214.3001,971517.0043,647235.9252,29272550.3726,25162290.4114,28.41,23.25,148.4119
000002,万科A,全国地产,深圳,19910129,000002.SZ,20200526,25.58,25.86,25.44,25.83,25.46,0.37,1.4533,552781.67,1420430.418,0.569,0.8541,0.85,7.5101,7.4853,1.5474,0.7935,0.7948,4.0461,4.0461,1130214.3001,971517.0043,647235.9252,29193435.3716,25094284.2211,28.01,22.91,148.4119
000002,万科A,全国地产,深圳,19910129,000002.SZ,20200525,25.23,25.59,24.96,25.46,25.16,0.3,1.1924,512761.02,1300389.792,0.5278,0.7922,0.62,7.4025,7.3781,1.5252,0.7822,0.7834,4.1049,4.1049,1130214.3001,971517.0043,647235.9252,28775256.0805,24734822.9295,27.68,22.64,148.4119
000002,万科A,全国地产,深圳,19910129,000002.SZ,20200522,25.51,25.54,25.14,25.16,25.58,-0.42,-1.6419,534241.67,1351549.738,0.5499,0.8254,0.66,7.3153,7.2912,1.5072,0.7729,0.7742,4.1538,4.1538,1130214.3001,971517.0043,647235.9252,28436191.7905,24443367.8282,28.14,23.02,148.4119
000002,万科A,全国地产,深圳,19910129,000002.SZ,20200521,25.69,25.74,25.5,25.58,25.61,-0.03,-0.1171,410363.2,1051460.938,0.4224,0.634,0.47,7.4374,7.4129,1.5324,0.7858,0.7871,4.0856,4.0856,1130214.3001,971517.0043,647235.9252,28910881.7966,24851404.97,28.17,23.05,148.4119
000002,万科A,全国地产,深圳,19910129,000002.SZ,20200520,26.12,26.13,25.57,25.61,26.13,-0.52,-1.99,1105354.27,2837891.509,1.1378,1.7078,1.43,7.4462,7.4216,1.5342,0.7868,0.7881,4.0808,4.0808,1130214.3001,971517.0043,647235.9252,28944788.2256,24880550.4801,28.74,23.52,148.4119
000002,万科A,全国地产,深圳,19910129,000002.SZ,20200519,26.48,26.5,26.03,26.13,26.21,-0.08,-0.3052,680786.93,1786477.037,0.7007,1.0518,0.86,7.5974,7.5723,1.5654,0.8027,0.8041,3.9996,3.9996,1130214.3001,971517.0043,647235.9252,29532499.6616,25385739.3224,28.83,23.59,148.4119
000002,万科A,全国地产,深圳,19910129,000002.SZ,20200518,25.83,26.38,25.8,26.21,25.49,0.72,2.8246,1385652.94,3627067.234,1.4263,2.1409,2.06,7.6206,7.5955,1.5701,0.8052,0.8065,3.9874,3.9874,1130214.3001,971517.0043,647235.9252,29622916.8056,25463460.6827,28.04,22.94,148.4119
000002,万科A,全国地产,深圳,19910129,000002.SZ,20200515,25.61,25.7,25.41,25.49,25.49,0.0,0.0,460155.55,1175647.112,0.4736,0.711,0.6,7.4113,7.3868,1.527,0.7831,0.7844,4.1,4.1,1130214.3001,971517.0043,647235.9252,28809162.5095,24763968.4396,28.04,22.94,148.4119
000002,万科A,全国地产,深圳,19910129,000002.SZ,20200514,25.81,25.83,25.45,25.49,25.93,-0.44,-1.6969,705512.16,1806027.105,0.7262,1.09,0.96,7.4113,7.3868,1.527,0.7831,0.7844,4.1,4.1,1130214.3001,971517.0043,647235.9252,28809162.5095,24763968.4396,28.52,23.34,148.4119
000002,万科A,全国地产,深圳,19910129,000002.SZ,20200513,25.81,25.93,25.63,25.93,25.93,0.0,0.0,628098.62,1616500.583,0.6465,0.9704,0.79,7.5392,7.5143,1.5534,0.7966,0.7979,4.0305,4.0305,1130214.3001,971517.0043,647235.9252,29306456.8016,25191435.9215,28.52,23.34,148.4119
000002,万科A,全国地产,深圳,19910129,000002.SZ,20200512,26.34,26.38,25.83,25.93,26.41,-0.48,-1.8175,776057.74,2018276.575,0.7988,1.199,0.99,7.5392,7.5143,1.5534,0.7966,0.7979,4.0305,4.0305,1130214.3001,971517.0043,647235.9252,29306456.8016,25191435.9215,29.05,23.77,148.4119
000002,万科A,全国地产,深圳,19910129,000002.SZ,20200511,26.2,26.48,26.09,26.41,26.26,0.15,0.5712,795067.39,2094807.004,0.8184,1.2284,1.02,7.6788,7.6534,1.5821,0.8113,0.8127,3.9572,3.9572,1130214.3001,971517.0043,647235.9252,29848959.6656,25657764.0836,28.89,23.63,148.4119
000002,万科A,全国地产,深圳,19910129,000002.SZ,20200508,26.17,26.37,25.91,26.26,25.97,0.29,1.1167,913214.17,2386804.74,0.94,1.4109,1.21,7.6352,7.6099,1.5731,0.8067,0.8081,3.9798,3.9798,1130214.3001,971517.0043,647235.9252,29679427.5206,25512036.5329,28.57,23.37,148.4119
000002,万科A,全国地产,深圳,19910129,000002.SZ,20200507,26.18,26.18,25.88,25.97,26.26,-0.29,-1.1043,573164.77,1489177.072,0.59,0.8856,0.73,7.5508,7.5259,1.5558,0.7978,0.7991,4.0243,4.0243,1130214.3001,971517.0043,647235.9252,29351665.3736,25230296.6017,28.89,23.63,148.4119
000002,万科A,全国地产,深圳,19910129,000002.SZ,20200506,26.2,26.35,25.95,26.26,26.8,-0.54,-2.0149,923064.98,2409411.108,0.9501,1.4262,1.32,7.6352,7.6099,1.5731,0.8067,0.8081,3.9798,3.9798,1130214.3001,971517.0043,647235.9252,29679427.5206,25512036.5329,29.48,24.12,148.4119
000002,万科A,全国地产,深圳,19910129,000002.SZ,20200430,26.9,27.15,26.7,26.8,26.86,-0.06,-0.2234,696878.13,1875880.774,0.7173,1.0767,1.08,7.7922,7.7664,1.6055,0.8233,0.8247,3.8996,3.8996,1130214.3001,971517.0043,647235.9252,30289743.2427,26036655.7152,29.55,24.17,148.4119
000002,万科A,全国地产,深圳,19910129,000002.SZ,20200429,26.4,26.98,26.26,26.86,26.39,0.47,1.781,801688.34,2143185.644,0.8252,1.2386,1.35,7.8096,7.7838,1.6091,0.8252,0.8265,3.8909,3.8909,1130214.3001,971517.0043,647235.9252,30357556.1007,26094946.7355,29.03,23.75,148.4119
000002,万科A,全国地产,深圳,19910129,000002.SZ,20200428,26.15,26.5,25.77,26.39,25.88,0.51,1.9706,779427.03,2043120.536,0.8023,1.2042,1.31,7.6729,7.6476,1.5809,0.8107,0.8121,3.9602,3.9602,1130214.3001,971517.0043,647235.9252,29826355.3796,25638333.7435,28.47,23.29,148.4119
000002,万科A,全国地产,深圳,19910129,000002.SZ,20200427,25.71,26.17,25.56,25.88,25.68,0.2,0.7788,710753.44,1840628.651,0.7316,1.0981,1.14,7.5247,7.5247,1.5554,0.7951,0.7951,4.0383,4.0383,1130214.3001,971517.0043,647235.9252,29249946.0866,25142860.0713,28.25,23.11,148.4119
000002,万科A,全国地产,深圳,19910129,000002.SZ,20200424,25.95,25.96,25.53,25.68,26.0,-0.32,-1.2308,497940.03,1279394.254,0.5125,0.7693,0.72,7.4665,7.4665,1.5433,0.7889,0.7889,4.0697,4.0697,1130214.3001,971517.0043,647235.9252,29023903.2266,24948556.6704,28.6,23.4,148.4119
000002,万科A,全国地产,深圳,19910129,000002.SZ,20200423,26.19,26.25,25.9,26.0,26.13,-0.13,-0.4975,450519.46,1171993.133,0.4637,0.6961,0.64,7.5596,7.5596,1.5626,0.7988,0.7988,4.0196,4.0196,1130214.3001,971517.0043,647235.9252,29385571.8026,25259442.1118,28.74,23.52,148.4119
000002,万科A,全国地产,深圳,19910129,000002.SZ,20200422,25.82,26.16,25.66,26.13,26.02,0.11,0.4228,525407.08,1362087.684,0.5408,0.8118,0.71,7.5974,7.5974,1.5704,0.8027,0.8027,3.9996,3.9996,1130214.3001,971517.0043,647235.9252,29532499.6616,25385739.3224,28.62,23.42,148.4119
000002,万科A,全国地产,深圳,19910129,000002.SZ,20200421,26.35,26.54,25.75,26.02,26.58,-0.56,-2.1068,790727.44,2057574.273,0.8139,1.2217,1.12,7.5654,7.5654,1.5638,0.7994,0.7994,4.0165,4.0165,1130214.3001,971517.0043,647235.9252,29408176.0886,25278872.4519,29.24,23.92,148.4119
000002,万科A,全国地产,深圳,19910129,000002.SZ,20200420,26.78,26.81,26.05,26.58,26.72,-0.14,-0.524,850123.43,2239047.179,0.875,1.3135,1.36,7.7282,7.7282,1.5974,0.8166,0.8166,3.9319,3.9319,1130214.3001,971517.0043,647235.9252,30041096.0967,25822921.9743,29.39,24.05,148.4119
000002,万科A,全国地产,深圳,19910129,000002.SZ,20200417,26.78,27.03,26.55,26.72,26.58,0.14,0.5267,838133.22,2246148.609,0.8627,1.2949,1.44,7.7689,7.7689,1.6058,0.8209,0.8209,3.9113,3.9113,1130214.3001,971517.0043,647235.9252,30199326.0987,25958934.3549,29.24,23.92,148.4119
000002,万科A,全国地产,深圳,19910129,000002.SZ,20200416,26.52,26.76,26.4,26.58,26.7,-0.12,-0.4494,502389.31,1333654.607,0.5171,0.7762,0.9,7.7282,7.7282,1.5974,0.8166,0.8166,3.9319,3.9319,1130214.3001,971517.0043,647235.9252,30041096.0967,25822921.9743,29.37,24.03,148.4119
000002,万科A,全国地产,深圳,19910129,000002.SZ,20200415,27.2,27.23,26.55,26.7,27.35,-0.65,-2.3766,703592.57,1885375.493,0.7242,1.0871,1.41,7.7631,7.7631,1.6046,0.8203,0.8203,3.9142,3.9142,1130214.3001,971517.0043,647235.9252,30176721.8127,25939504.0148,30.09,24.62,148.4119
000002,万科A,全国地产,深圳,19910129,000002.SZ,20200414,27.1,27.75,27.02,27.35,27.04,0.31,1.1464,642418.68,1759852.283,0.6613,0.9926,1.27,7.9521,7.9521,1.6437,0.8402,0.8402,3.8212,3.8212,1130214.3001,971517.0043,647235.9252,30911361.1077,26570990.0676,29.74,24.34,148.4119
000002,万科A,全国地产,深圳,19910129,000002.SZ,20200413,26.74,27.13,26.61,27.04,26.88,0.16,0.5952,432649.02,1167461.398,0.4453,0.6685,0.81,7.8619,7.8619,1.6251,0.8307,0.8307,3.865,3.865,1130214.3001,971517.0043,647235.9252,30560994.6747,26269819.7963,29.57,24.19,148.4119
000002,万科A,全国地产,深圳,19910129,000002.SZ,20200410,26.84,27.34,26.59,26.88,26.69,0.19,0.7119,624603.22,1685555.121,0.6429,0.965,1.16,7.8154,7.8154,1.6155,0.8258,0.8258,3.888,3.888,1130214.3001,971517.0043,647235.9252,30380160.3867,26114377.0756,29.36,24.02,148.4119
000002,万科A,全国地产,深圳,19910129,000002.SZ,20200409,27.1,27.16,26.6,26.69,26.96,-0.27,-1.0015,387262.54,1036553.091,0.3986,0.5983,0.57,7.7602,7.7602,1.604,0.8199,0.8199,3.9157,3.9157,1130214.3001,971517.0043,647235.9252,30165419.6697,25929788.8448,29.66,24.26,148.4119
000002,万科A,全国地产,深圳,19910129,000002.SZ,20200408,26.9,27.25,26.75,26.96,27.07,-0.11,-0.4064,412513.95,1113086.185,0.4246,0.6373,0.58,7.8387,7.8387,1.6203,0.8282,0.8282,3.8765,3.8765,1130214.3001,971517.0043,647235.9252,30470577.5307,26192098.4359,29.78,24.36,148.4119
000002,万科A,全国地产,深圳,19910129,000002.SZ,20200407,27.34,27.42,26.8,27.07,26.77,0.3,1.1207,671540.06,1817212.749,0.6912,1.0376,0.89,7.8707,7.8707,1.6269,0.8316,0.8316,3.8607,3.8607,1130214.3001,971517.0043,647235.9252,30594901.1037,26298965.3064,29.45,24.09,148.4119
000002,万科A,全国地产,深圳,19910129,000002.SZ,20200403,26.75,27.18,26.6,26.77,26.88,-0.11,-0.4092,569452.8,1531608.324,0.5861,0.8798,0.71,7.7834,7.7834,1.6089,0.8224,0.8224,3.904,3.904,1130214.3001,971517.0043,647235.9252,30255836.8137,26007510.2051,29.57,24.19,148.4119
000002,万科A,全国地产,深圳,19910129,000002.SZ,20200402,26.5,26.94,26.35,26.88,26.63,0.25,0.9388,663097.38,1768779.862,0.6825,1.0245,0.84,7.8154,7.8154,1.6155,0.8258,0.8258,3.888,3.888,1130214.3001,971517.0043,647235.9252,30380160.3867,26114377.0756,29.29,23.97,148.4119
000002,万科A,全国地产,深圳,19910129,000002.SZ,20200401,26.45,26.96,26.25,26.63,25.65,0.98,3.8207,1074331.64,2866233.201,1.1058,1.6599,1.23,7.7427,7.7427,1.6004,0.8181,0.8181,3.9245,3.9245,1130214.3001,971517.0043,647235.9252,30097606.8117,25871497.8245,28.22,23.09,148.4119
000002,万科A,全国地产,深圳,19910129,000002.SZ,20200331,26.35,26.42,25.5,25.65,26.04,-0.39,-1.4977,607044.1,1568993.38,0.6248,0.9379,0.65,7.4578,7.4578,1.5415,0.788,0.788,4.0745,4.0745,1130214.3001,971517.0043,647235.9252,28989996.7976,24919411.1603,28.64,23.44,148.4119
000002,万科A,全国地产,深圳,19910129,000002.SZ,20200330,26.1,26.73,26.0,26.04,26.57,-0.53,-1.9947,850018.08,2238199.381,0.8749,1.3133,0.93,7.5712,7.5712,1.565,0.8,0.8,4.0134,4.0134,1130214.3001,971517.0043,647235.9252,29430780.3746,25298302.792,29.23,23.91,148.4119
000002,万科A,全国地产,深圳,19910129,000002.SZ,20200327,26.72,27.16,26.42,26.57,26.2,0.37,1.4122,834893.53,2235263.795,0.8594,1.2899,0.89,7.7253,7.7253,1.5968,0.8163,0.8163,3.9334,3.9334,1130214.3001,971517.0043,647235.9252,30029793.9537,25813206.8043,28.82,23.58,148.4119
000002,万科A,全国地产,深圳,19910129,000002.SZ,20200326,26.22,26.51,26.0,26.2,26.5,-0.3,-1.1321,576253.64,1513738.535,0.5931,0.8903,0.51,7.6177,7.6177,1.5746,0.8049,0.8049,3.9889,3.9889,1130214.3001,971517.0043,647235.9252,29611614.6626,25453745.5127,29.15,23.85,148.4119
000002,万科A,全国地产,深圳,19910129,000002.SZ,20200325,25.35,26.6,25.35,26.5,24.9,1.6,6.4257,1497605.54,3885764.289,1.5415,2.3138,1.24,7.7049,7.7049,1.5926,0.8141,0.8141,3.9438,3.9438,1130214.3001,971517.0043,647235.9252,29950678.9527,25745200.614,27.39,22.41,148.4119
000002,万科A,全国地产,深圳,19910129,000002.SZ,20200324,25.08,25.16,24.36,24.9,24.55,0.35,1.4257,934047.65,2315905.317,0.9614,1.4431,0.8,7.2397,7.2397,1.4965,0.765,0.765,4.1972,4.1972,1130214.3001,971517.0043,647235.9252,28142336.0725,24190773.4071,27.01,22.1,148.4119
000002,万科A,全国地产,深圳,19910129,000002.SZ,20200323,24.84,25.08,24.39,24.55,25.8,-1.25,-4.845,703781.95,1736521.156,0.7244,1.0874,0.61,7.138,7.138,1.4754,0.7542,0.7542,4.257,4.257,1130214.3001,971517.0043,647235.9252,27746761.0675,23850742.4556,28.38,23.22,148.4119
000002,万科A,全国地产,深圳,19910129,000002.SZ,20200320,25.5,25.94,25.06,25.8,25.23,0.57,2.2592,975290.53,2492385.26,1.0039,1.5069,0.88,7.5014,7.5014,1.5506,0.7926,0.7926,4.0508,4.0508,1130214.3001,971517.0043,647235.9252,29159528.9426,25065138.7109,27.75,22.71,148.4119
000002,万科A,全国地产,深圳,19910129,000002.SZ,20200319,25.8,25.93,24.18,25.23,26.3,-1.07,-4.0684,1510079.05,3777799.19,1.5544,2.3331,1.64,7.3357,7.3357,1.5163,0.7751,0.7751,4.1423,4.1423,1130214.3001,971517.0043,647235.9252,28515306.7915,24511374.0185,28.93,23.67,148.4119
000002,万科A,全国地产,深圳,19910129,000002.SZ,20200318,27.4,27.64,26.01,26.3,28.11,-1.81,-6.439,1928696.85,5201139.414,1.9852,2.9799,2.97,7.6468,7.6468,1.5806,0.808,0.808,3.9738,3.9738,1130214.3001,971517.0043,647235.9252,29724636.0926,25550897.2131,30.92,25.3,148.4119
000002,万科A,全国地产,深圳,19910129,000002.SZ,20200317,28.55,28.86,27.3,28.11,28.54,-0.43,-1.5067,710786.17,1994660.447,0.7316,1.1712,1.08,9.4071,8.3543,1.8993,1.0673,0.9194,3.7179,3.7179,1130214.3001,971517.0043,606903.119,31770323.9758,27309342.9909,31.39,25.69,148.4119
000002,万科A,全国地产,深圳,19910129,000002.SZ,20200316,29.46,29.46,28.29,28.54,29.45,-0.91,-3.09,646614.59,1868241.398,0.6656,1.0654,0.92,9.551,8.4821,1.9284,1.0836,0.9334,3.6619,3.6619,1130214.3001,971517.0043,606903.119,32256316.1249,27727095.3027,32.4,26.51,148.4119
000002,万科A,全国地产,深圳,19910129,000002.SZ,20200313,28.5,29.8,28.2,29.45,29.95,-0.5,-1.6694,732530.61,2122142.606,0.754,1.207,1.06,9.8556,8.7525,1.9898,1.1181,0.9632,3.5487,3.5487,1130214.3001,971517.0043,606903.119,33284811.1379,28611175.7766,32.95,26.96,148.4119
000002,万科A,全国地产,深圳,19910129,000002.SZ,20200312,30.01,30.63,29.6,29.95,30.38,-0.43,-1.4154,593494.28,1776382.654,0.6109,0.9779,0.79,10.0229,8.9011,2.0236,1.1371,0.9795,3.4895,3.4895,1130214.3001,971517.0043,606903.119,33849918.288,29096934.2788,33.42,27.34,148.4119
000002,万科A,全国地产,深圳,19910129,000002.SZ,20200311,30.83,31.0,30.36,30.38,30.8,-0.42,-1.3636,563318.6,1728508.587,0.5798,0.9282,0.65,10.1668,9.0289,2.0527,1.1535,0.9936,3.4401,3.4401,1130214.3001,971517.0043,606903.119,34335910.437,29514686.5906,33.88,27.72,148.4119
000002,万科A,全国地产,深圳,19910129,000002.SZ,20200310,30.6,31.57,30.2,30.8,30.55,0.25,0.8183,765993.64,2358611.141,0.7885,1.2621,0.85,10.3073,9.1537,2.0811,1.1694,1.0073,3.3932,3.3932,1130214.3001,971517.0043,606903.119,34810600.4431,29922723.7324,33.61,27.5,148.4119
000002,万科A,全国地产,深圳,19910129,000002.SZ,20200309,30.6,31.13,30.01,30.55,31.13,-0.58,-1.8632,843613.44,2579914.142,0.8683,1.39,0.83,10.2237,9.0794,2.0642,1.1599,0.9992,3.421,3.421,1130214.3001,971517.0043,606903.119,34528046.8681,29679844.4814,34.24,28.02,148.4119
000002,万科A,全国地产,深圳,19910129,000002.SZ,20200306,31.81,31.99,30.99,31.13,32.3,-1.17,-3.6223,679528.96,2124469.847,0.6995,1.1197,0.62,10.4178,9.2518,2.1034,1.1819,1.0181,3.3572,3.3572,1130214.3001,971517.0043,606903.119,35183571.1621,30243324.3439,35.53,29.07,148.4119
000002,万科A,全国地产,深圳,19910129,000002.SZ,20200305,31.78,32.7,31.6,32.3,32.26,0.04,0.124,924170.06,2966839.995,0.9513,1.5228,0.84,10.8093,9.5995,2.1824,1.2264,1.0564,3.2356,3.2356,1130214.3001,971517.0043,606903.119,36505921.8932,31379999.2389,35.49,29.03,148.4119
000002,万科A,全国地产,深圳,19910129,000002.SZ,20200304,31.28,32.45,30.74,32.26,31.1,1.16,3.7299,1129796.24,3595379.313,1.1629,1.8616,0.94,10.7959,9.5876,2.1797,1.2248,1.0551,3.2396,3.2396,1130214.3001,971517.0043,606903.119,36460713.3212,31341138.5587,34.21,27.99,148.4119
000002,万科A,全国地产,深圳,19910129,000002.SZ,20200303,31.51,31.63,30.43,31.1,31.13,-0.03,-0.0964,942831.95,2913732.843,0.9705,1.5535,0.77,10.4077,9.2429,2.1013,1.1808,1.0171,3.3605,3.3605,1130214.3001,971517.0043,606903.119,35149664.7331,30214178.8337,34.24,28.02,148.4119
000002,万科A,全国地产,深圳,19910129,000002.SZ,20200302,29.9,31.63,29.9,31.13,29.59,1.54,5.2045,1375747.0,4275882.349,1.4161,2.2668,1.21,10.4178,9.2518,2.1034,1.1819,1.0181,3.3572,3.3572,1130214.3001,971517.0043,606903.119,35183571.1621,30243324.3439,32.55,26.63,148.4119
000002,万科A,全国地产,深圳,19910129,000002.SZ,20200228,29.25,30.6,29.18,29.59,29.67,-0.08,-0.2696,1101299.76,3303591.4,1.1336,1.8146,0.98,9.9024,8.7941,1.9993,1.1235,0.9678,3.5319,3.5319,1130214.3001,971517.0043,606903.119,33443041.14,28747188.1572,32.64,26.7,148.4119
000002,万科A,全国地产,深圳,19910129,000002.SZ,20200227,30.23,30.26,29.38,29.67,30.11,-0.44,-1.4613,922758.82,2745257.988,0.9498,1.5204,0.84,9.9292,8.8179,2.0047,1.1265,0.9704,3.5224,3.5224,1130214.3001,971517.0043,606903.119,33533458.284,28824909.5176,33.12,27.1,148.4119
000002,万科A,全国地产,深圳,19910129,000002.SZ,20200226,28.85,30.96,28.6,30.11,29.33,0.78,2.6594,1654456.71,5002513.795,1.703,2.7261,1.85,10.0764,8.9487,2.0344,1.1432,0.9848,3.4709,3.4709,1130214.3001,971517.0043,606903.119,34030752.576,29252376.9995,32.26,26.4,148.4119
000002,万科A,全国地产,深圳,19910129,000002.SZ,20200225,28.82,29.65,28.8,29.33,28.9,0.43,1.4879,1052970.0,3080948.536,1.0838,1.735,1.25,9.8154,8.7169,1.9817,1.1136,0.9593,3.5633,3.5633,1130214.3001,971517.0043,606903.119,33149185.4219,28494593.7361,31.79,26.01,148.4119
000002,万科A,全国地产,深圳,19910129,000002.SZ,20200224,29.1,29.15,28.42,28.9,29.25,-0.35,-1.1966,949995.58,2730214.174,0.9778,1.5653,1.11,9.6715,8.5891,1.9527,1.0973,0.9452,3.6163,3.6163,1130214.3001,971517.0043,606903.119,32663193.2729,28076841.4243,32.18,26.33,148.4119
000002,万科A,全国地产,深圳,19910129,000002.SZ,20200221,29.8,29.8,29.0,29.25,29.85,-0.6,-2.0101,1059201.54,3098548.224,1.0903,1.7453,1.2,9.7886,8.6931,1.9763,1.1105,0.9566,3.573,3.573,1130214.3001,971517.0043,606903.119,33058768.2779,28416872.3758,32.84,26.87,148.4119
000002,万科A,全国地产,深圳,19910129,000002.SZ,20200220,29.51,29.87,29.28,29.85,29.65,0.2,0.6745,801996.28,2370776.285,0.8255,1.3215,0.89,9.9894,8.8714,2.0169,1.1333,0.9763,3.5012,3.5012,1130214.3001,971517.0043,606903.119,33736896.858,28999782.5784,32.62,26.69,148.4119
000002,万科A,全国地产,深圳,19910129,000002.SZ,20200219,29.72,30.1,29.55,29.65,29.7,-0.05,-0.1684,608207.21,1812951.829,0.626,1.0021,0.7,9.9225,8.812,2.0034,1.1257,0.9697,3.5248,3.5248,1130214.3001,971517.0043,606903.119,33510853.998,28805479.1775,32.67,26.73,148.4119
000002,万科A,全国地产,深圳,19910129,000002.SZ,20200218,30.01,30.05,29.52,29.7,30.42,-0.72,-2.3669,785951.88,2334626.806,0.809,1.295,0.93,9.9392,8.8268,2.0067,1.1276,0.9714,3.5189,3.5189,1130214.3001,971517.0043,606903.119,33567364.713,28854055.0277,33.46,27.38,148.4119
000002,万科A,全国地产,深圳,19910129,000002.SZ,20200217,30.94,30.95,29.92,30.42,30.8,-0.38,-1.2338,1022139.0,3098649.744,1.0521,1.6842,1.24,10.1802,9.0408,2.0554,1.155,0.9949,3.4356,3.4356,1130214.3001,971517.0043,606903.119,34381119.009,29553547.2708,33.88,27.72,148.4119
000002,万科A,全国地产,深圳,19910129,000002.SZ,20200214,30.0,30.8,29.97,30.8,29.95,0.85,2.8381,1197703.17,3648835.02,1.2328,1.9735,1.65,10.3073,9.1537,2.0811,1.1694,1.0073,3.3932,3.3932,1130214.3001,971517.0043,606903.119,34810600.4431,29922723.7324,32.95,26.96,148.4119
000002,万科A,全国地产,深圳,19910129,000002.SZ,20200213,29.48,30.75,29.46,29.95,29.08,0.87,2.9917,895698.09,2704306.52,0.922,1.4759,1.24,10.0229,8.9011,2.0236,1.1371,0.9795,3.4895,3.4895,1130214.3001,971517.0043,606903.119,33849918.288,29096934.2788,31.99,26.17,148.4119
000002,万科A,全国地产,深圳,19910129,000002.SZ,20200212,28.99,29.3,28.85,29.08,29.08,0.0,0.0,417586.79,1213044.773,0.4298,0.6881,0.52,9.7317,8.6426,1.9648,1.1041,0.9511,3.5939,3.5939,1130214.3001,971517.0043,606903.119,32866631.8469,28251714.485,31.99,26.17,148.4119
000002,万科A,全国地产,深圳,19910129,000002.SZ,20200211,28.55,29.53,28.55,29.08,28.67,0.41,1.4301,685354.05,2004428.742,0.7054,1.1293,0.79,9.7317,8.6426,1.9648,1.1041,0.9511,3.5939,3.5939,1130214.3001,971517.0043,606903.119,32866631.8469,28251714.485,31.54,25.8,148.4119
000002,万科A,全国地产,深圳,19910129,000002.SZ,20200210,27.25,28.88,27.12,28.67,27.5,1.17,4.2545,911238.04,2575641.111,0.938,1.5015,0.92,9.5945,8.5207,1.9371,1.0885,0.9377,3.6453,3.6453,1130214.3001,971517.0043,606903.119,32403243.9839,27853392.5133,30.25,24.75,148.4119
000002,万科A,全国地产,深圳,19910129,000002.SZ,20200207,27.49,27.6,27.21,27.5,27.9,-0.4,-1.4337,713785.48,1956685.39,0.7347,1.1761,0.68,9.203,8.173,1.8581,1.0441,0.8994,3.8004,3.8004,1130214.3001,971517.0043,606903.119,31080893.2528,26716717.6183,30.69,25.11,148.4119
000002,万科A,全国地产,深圳,19910129,000002.SZ,20200206,27.75,28.12,27.42,27.9,27.64,0.26,0.9407,871869.33,2412853.83,0.8974,1.4366,0.82,9.3368,8.2919,1.8851,1.0593,0.9125,3.7459,3.7459,1130214.3001,971517.0043,606903.119,31532978.9728,27105324.42,30.4,24.88,148.4119
000002,万科A,全国地产,深圳,19910129,000002.SZ,20200205,27.51,27.98,27.22,27.64,27.62,0.02,0.0724,800685.51,2213431.074,0.8242,1.3193,0.75,9.2498,8.2146,1.8675,1.0494,0.904,3.7811,3.7811,1130214.3001,971517.0043,606903.119,31239123.2548,26852729.9989,30.38,24.86,148.4119
000002,万科A,全国地产,深圳,19910129,000002.SZ,20200204,26.9,27.87,26.9,27.62,26.63,0.99,3.7176,1036283.13,2838999.6,1.0667,1.7075,1.0,9.2431,8.2086,1.8662,1.0487,0.9033,3.7839,3.7839,1130214.3001,971517.0043,606903.119,31216518.9688,26833299.6588,29.29,23.97,148.4119
000002,万科A,全国地产,深圳,19910129,000002.SZ,20200203,26.09,27.52,26.08,26.63,28.98,-2.35,-8.109,1530865.47,4119846.241,1.5757,2.5224,1.85,8.9118,7.9144,1.7993,1.0111,0.871,3.9245,3.9245,1130214.3001,971517.0043,606903.119,30097606.8117,25871497.8245,31.88,26.08,148.4119
000002,万科A,全国地产,深圳,19910129,000002.SZ,20200123,29.7,29.78,28.68,28.98,30.11,-1.13,-3.7529,986948.79,2884502.3,1.0159,1.6262,1.32,9.6983,8.6128,1.9581,1.1003,0.9478,3.6063,3.6063,1130214.3001,971517.0043,606903.119,32753610.4169,28154562.7846,33.12,27.1,148.4119
000002,万科A,全国地产,深圳,19910129,000002.SZ,20200122,29.2,30.34,29.18,30.11,29.21,0.9,3.0811,937710.24,2796437.18,0.9652,1.5451,1.36,10.0764,8.9487,2.0344,1.1432,0.9848,3.4709,3.4709,1130214.3001,971517.0043,606903.119,34030752.576,29252376.9995,32.13,26.29,148.4119
000002,万科A,全国地产,深圳,19910129,000002.SZ,20200121,29.56,29.86,29.02,29.21,29.87,-0.66,-2.2096,817969.27,2399809.082,0.842,1.3478,1.34,9.7752,8.6812,1.9736,1.109,0.9553,3.5779,3.5779,1130214.3001,971517.0043,606903.119,33013559.7059,28378011.6956,32.86,26.88,148.4119
000002,万科A,全国地产,深圳,19910129,000002.SZ,20200120,30.5,30.51,29.52,29.87,30.46,-0.59,-1.937,915637.67,2730988.423,0.9425,1.5087,1.65,9.9961,8.8773,2.0182,1.1341,0.9769,3.4988,3.4988,1130214.3001,971517.0043,606903.119,33759501.144,29019212.9184,33.51,27.41,148.4119
000002,万科A,全国地产,深圳,19910129,000002.SZ,20200117,30.62,30.85,30.32,30.46,30.53,-0.07,-0.2293,472219.27,1442665.863,0.4861,0.7781,0.83,10.1936,9.0527,2.0581,1.1565,0.9962,3.4311,3.4311,1130214.3001,971517.0043,606903.119,34426327.581,29592407.951,33.58,27.48,148.4119
000002,万科A,全国地产,深圳,19910129,000002.SZ,20200116,30.62,30.93,30.4,30.53,30.49,0.04,0.1312,581395.89,1779302.393,0.5984,0.958,0.95,10.217,9.0735,2.0628,1.1591,0.9985,3.4232,3.4232,1130214.3001,971517.0043,606903.119,34505442.5821,29660414.1413,33.54,27.44,148.4119
000002,万科A,全国地产,深圳,19910129,000002.SZ,20200115,31.3,31.49,30.46,30.49,31.39,-0.9,-2.8672,672944.31,2071443.624,0.6927,1.1088,1.16,10.2036,9.0616,2.0601,1.1576,0.9972,3.4277,3.4277,1130214.3001,971517.0043,606903.119,34460234.01,29621553.4611,34.53,28.25,148.4119
000002,万科A,全国地产,深圳,19910129,000002.SZ,20200114,31.55,31.79,31.37,31.39,31.68,-0.29,-0.9154,419712.28,1322400.772,0.432,0.6916,0.68,10.5048,9.3291,2.1209,1.1918,1.0266,3.3294,3.3294,1130214.3001,971517.0043,606903.119,35477426.8801,30495918.765,34.85,28.51,148.4119
000002,万科A,全国地产,深圳,19910129,000002.SZ,20200113,31.4,31.78,31.26,31.68,31.46,0.22,0.6993,620749.12,1957169.612,0.6389,1.0228,0.93,10.6018,9.4153,2.1405,1.2028,1.0361,3.2989,3.2989,1130214.3001,971517.0043,606903.119,35805189.0272,30777658.6962,34.61,28.31,148.4119
000002,万科A,全国地产,深圳,19910129,000002.SZ,20200110,32.0,32.22,31.35,31.46,32.2,-0.74,-2.2981,557443.73,1762516.212,0.5738,0.9185,0.78,10.5282,9.3499,2.1256,1.1945,1.0289,3.322,3.322,1130214.3001,971517.0043,606903.119,35556541.8811,30563924.9553,35.42,28.98,148.4119
000002,万科A,全国地产,深圳,19910129,000002.SZ,20200109,32.15,32.48,31.85,32.2,31.68,0.52,1.6414,783734.46,2519927.706,0.8067,1.2914,1.03,10.7758,9.5698,2.1756,1.2226,1.0531,3.2457,3.2457,1130214.3001,971517.0043,606903.119,36392900.4632,31282847.5385,34.85,28.51,148.4119
000002,万科A,全国地产,深圳,19910129,000002.SZ,20200108,31.3,31.77,31.05,31.68,31.76,-0.08,-0.2519,529996.84,1667143.803,0.5455,0.8733,0.67,10.6018,9.4153,2.1405,1.2028,1.0361,3.2989,3.2989,1130214.3001,971517.0043,606903.119,35805189.0272,30777658.6962,34.94,28.58,148.4119
000002,万科A,全国地产,深圳,19910129,000002.SZ,20200107,31.61,31.93,31.35,31.76,31.51,0.25,0.7934,577933.43,1827510.871,0.5949,0.9523,0.68,10.6286,9.439,2.1459,1.2058,1.0387,3.2906,3.2906,1130214.3001,971517.0043,606903.119,35895606.1712,30855380.0566,34.66,28.36,148.4119
000002,万科A,全国地产,深圳,19910129,000002.SZ,20200106,31.75,31.76,31.25,31.51,32.05,-0.54,-1.6849,876840.58,2761448.649,0.9025,1.4448,1.07,10.5449,9.3647,2.129,1.1964,1.0306,3.3167,3.3167,1130214.3001,971517.0043,606903.119,35613052.5962,30612500.8055,35.26,28.85,148.4119
000002,万科A,全国地产,深圳,19910129,000002.SZ,20200103,32.71,32.81,31.78,32.05,32.56,-0.51,-1.5663,805536.29,2584309.903,0.8292,1.3273,0.96,10.7257,9.5252,2.1655,1.2169,1.0482,3.2608,3.2608,1130214.3001,971517.0043,606903.119,36223368.3182,31137119.9878,35.82,29.3,148.4119
000002,万科A,全国地产,深圳,19910129,000002.SZ,20200102,32.8,33.6,32.51,32.56,32.18,0.38,1.1809,1012130.4,3342373.87,1.0418,1.6677,1.31,10.8963,9.6768,2.2,1.2362,1.0649,3.2098,3.2098,1130214.3001,971517.0043,606903.119,36799777.6113,31632593.66,35.4,28.96,148.4119
000002,万科A,全国地产,深圳,19910129,000002.SZ,20191231,31.35,32.45,31.32,32.18,31.57,0.61,1.9322,663497.98,2122966.722,0.683,1.0933,0.84,10.7692,9.5639,2.1743,1.2218,1.0525,2.7968,3.2477,1130214.3001,971517.0043,606903.119,36370296.1772,31263417.1984,34.73,28.41,148.412
000002,万科A,全国地产,深圳,19910129,000002.SZ,20191230,31.35,31.79,31.02,31.57,31.0,0.57,1.8387,915751.42,2870247.85,0.9426,1.5089,1.25,10.565,9.3826,2.1331,1.1986,1.0325,2.8508,3.3104,1130214.3001,971517.0043,606903.119,35680865.4542,30670791.8258,34.1,27.9,148.412
000002,万科A,全国地产,深圳,19910129,000002.SZ,20191227,31.23,31.32,30.81,31.0,31.12,-0.12,-0.3856,703096.48,2185106.849,0.7237,1.1585,0.91,10.3743,9.2132,2.0946,1.177,1.0139,2.9032,3.3713,1130214.3001,971517.0043,606903.119,35036643.3031,30117027.1333,34.23,28.01,148.412
000002,万科A,全国地产,深圳,19910129,000002.SZ,20191226,30.5,31.3,30.5,31.12,30.29,0.83,2.7402,888790.74,2758745.302,0.9148,1.4645,1.16,10.4144,9.2488,2.1027,1.1815,1.0178,2.892,3.3583,1130214.3001,971517.0043,606903.119,35172269.0191,30233609.1738,33.32,27.26,148.412
000002,万科A,全国地产,深圳,19910129,000002.SZ,20191225,30.4,30.63,30.18,30.29,30.38,-0.09,-0.2962,685037.32,2082008.206,0.7051,1.1287,0.84,10.1367,9.0022,2.0466,1.15,0.9907,2.9713,3.4503,1130214.3001,971517.0043,606903.119,34234191.15,29427250.0602,33.42,27.34,148.412
000002,万科A,全国地产,深圳,19910129,000002.SZ,20191224,31.01,31.1,30.09,30.38,31.01,-0.63,-2.0316,754924.76,2293911.135,0.7771,1.2439,0.77,10.1668,9.0289,2.0527,1.1535,0.9936,2.9625,3.4401,1130214.3001,971517.0043,606903.119,34335910.437,29514686.5906,34.11,27.91,148.412
000002,万科A,全国地产,深圳,19910129,000002.SZ,20191223,31.68,32.19,30.99,31.01,31.68,-0.67,-2.1149,638835.65,2006994.594,0.6576,1.0526,0.52,10.3776,9.2161,2.0952,1.1774,1.0142,2.9023,3.3702,1130214.3001,971517.0043,606903.119,35047945.4461,30126742.3033,34.85,28.51,148.412
000002,万科A,全国地产,深圳,19910129,000002.SZ,20191220,31.35,32.25,31.35,31.68,31.03,0.65,2.0947,893368.1,2845286.063,0.9196,1.472,0.67,10.6018,9.4153,2.1405,1.2028,1.0361,2.8409,3.2989,1130214.3001,971517.0043,606903.119,35805189.0272,30777658.6962,34.13,27.93,148.412
000002,万科A,全国地产,深圳,19910129,000002.SZ,20191219,30.4,31.33,30.3,31.03,30.31,0.72,2.3755,861136.59,2663619.932,0.8864,1.4868,0.67,10.3843,9.2221,2.0966,1.1781,1.0149,2.9004,3.368,1130214.3001,971517.0043,579196.3798,35070549.7321,30146172.6434,33.34,27.28,148.412
000002,万科A,全国地产,深圳,19910129,000002.SZ,20191218,30.5,30.96,30.2,30.31,30.45,-0.14,-0.4598,907932.96,2770950.971,0.9346,1.5676,0.7,10.1434,9.0081,2.0479,1.1508,0.9913,2.9693,3.448,1130214.3001,971517.0043,579196.3798,34256795.436,29446680.4003,33.5,27.41,148.412
000002,万科A,全国地产,深圳,19910129,000002.SZ,20191217,29.35,31.34,29.19,30.45,29.45,1.0,3.3956,1596500.08,4825522.418,1.6433,2.7564,1.44,10.1902,9.0497,2.0574,1.1561,0.9959,2.9557,3.4322,1130214.3001,971517.0043,579196.3798,34415025.438,29582692.7809,32.4,26.51,148.412
000002,万科A,全国地产,深圳,19910129,000002.SZ,20191216,28.25,29.45,28.15,29.45,28.15,1.3,4.6181,1896062.95,5422583.746,1.9517,3.2736,1.96,9.8556,8.7525,1.9898,1.1181,0.9632,3.056,3.5487,1130214.3001,971517.0043,579196.3798,33284811.1379,28611175.7766,30.97,25.34,148.412
000002,万科A,全国地产,深圳,19910129,000002.SZ,20191213,28.18,28.34,28.13,28.15,28.0,0.15,0.5357,1431370.48,4039464.921,1.4733,2.4713,1.91,9.4205,8.3662,1.902,1.0688,0.9207,3.1972,3.7126,1130214.3001,971517.0043,579196.3798,31815532.5478,27348203.671,30.8,25.2,148.412
000002,万科A,全国地产,深圳,19910129,000002.SZ,20191212,28.02,28.17,27.94,28.0,28.0,0.0,0.0,563827.86,1580712.929,0.5804,0.9735,0.79,9.3703,8.3216,1.8919,1.0631,0.9158,3.2143,3.7325,1130214.3001,971517.0043,579196.3798,31646000.4028,27202476.1204,30.8,25.2,148.412
000002,万科A,全国地产,深圳,19910129,000002.SZ,20191211,27.99,28.24,27.95,28.0,27.9,0.1,0.3584,985187.14,2765688.862,1.0141,1.701,1.69,9.3703,8.3216,1.8919,1.0631,0.9158,3.2143,3.7325,1130214.3001,971517.0043,579196.3798,31646000.4028,27202476.1204,30.69,25.11,148.412
000002,万科A,全国地产,深圳,19910129,000002.SZ,20191210,28.08,28.15,27.73,27.9,28.17,-0.27,-0.9585,685469.29,1914187.737,0.7056,1.1835,1.21,9.3368,8.2919,1.8851,1.0593,0.9125,3.2258,3.7459,1130214.3001,971517.0043,579196.3798,31532978.9728,27105324.42,30.99,25.35,148.412
000002,万科A,全国地产,深圳,19910129,000002.SZ,20191209,27.96,28.35,27.96,28.17,27.86,0.31,1.1127,1160606.12,3267608.704,1.1946,2.0038,2.17,9.4272,8.3721,1.9034,1.0695,0.9213,3.1949,3.71,1130214.3001,971517.0043,579196.3798,31838136.8338,27367634.0111,30.65,25.07,148.412
000002,万科A,全国地产,深圳,19910129,000002.SZ,20191206,27.86,27.88,27.72,27.86,27.8,0.06,0.2158,358417.78,997431.113,0.3689,0.6188,0.65,9.3235,8.28,1.8824,1.0578,0.9112,3.2304,3.7513,1130214.3001,971517.0043,579196.3798,31487770.4008,27066463.7398,30.58,25.02,148.412
000002,万科A,全国地产,深圳,19910129,000002.SZ,20191205,27.95,27.95,27.61,27.8,27.78,0.02,0.072,373263.56,1036876.654,0.3842,0.6445,0.66,9.3034,8.2621,1.8784,1.0555,0.9092,3.2374,3.7594,1130214.3001,971517.0043,579196.3798,31419957.5428,27008172.7195,30.56,25.0,148.412
000002,万科A,全国地产,深圳,19910129,000002.SZ,20191204,27.88,28.0,27.65,27.78,28.0,-0.22,-0.7857,343382.71,954765.854,0.3535,0.5929,0.55,9.2967,8.2562,1.877,1.0547,0.9086,3.2397,3.7621,1130214.3001,971517.0043,579196.3798,31397353.2568,26988742.3795,30.8,25.2,148.412
000002,万科A,全国地产,深圳,19910129,000002.SZ,20191203,27.97,28.18,27.73,28.0,28.05,-0.05,-0.1783,596981.6,1673918.787,0.6145,1.0307,0.92,9.3703,8.3216,1.8919,1.0631,0.9158,3.2143,3.7325,1130214.3001,971517.0043,579196.3798,31646000.4028,27202476.1204,30.86,25.25,148.412
000002,万科A,全国地产,深圳,19910129,000002.SZ,20191202,27.87,28.12,27.86,28.05,27.7,0.35,1.2635,1006843.93,2823613.032,1.0364,1.7383,1.4,9.387,8.3364,1.8952,1.065,0.9174,3.2086,3.7259,1130214.3001,971517.0043,579196.3798,31702511.1178,27251051.9706,30.47,24.93,148.412
000002,万科A,全国地产,深圳,19910129,000002.SZ,20191129,27.83,27.85,27.59,27.7,27.8,-0.1,-0.3597,448064.84,1242373.843,0.4612,0.7736,0.59,9.2699,8.2324,1.8716,1.0517,0.9059,3.2491,3.7729,1130214.3001,971517.0043,579196.3798,31306936.1128,26911021.0191,30.58,25.02,148.412
000002,万科A,全国地产,深圳,19910129,000002.SZ,20191128,28.01,28.01,27.62,27.8,28.0,-0.2,-0.7143,439961.62,1222840.122,0.4529,0.7596,0.58,9.3034,8.2621,1.8784,1.0555,0.9092,3.2374,3.7594,1130214.3001,971517.0043,579196.3798,31419957.5428,27008172.7195,30.8,25.2,148.412
000002,万科A,全国地产,深圳,19910129,000002.SZ,20191127,28.29,28.39,27.88,28.0,28.35,-0.35,-1.2346,631435.43,1775378.956,0.6499,1.0902,0.87,9.3703,8.3216,1.8919,1.0631,0.9158,3.2143,3.7325,1130214.3001,971517.0043,579196.3798,31646000.4028,27202476.1204,31.19,25.52,148.412
000002,万科A,全国地产,深圳,19910129,000002.SZ,20191126,28.65,28.7,28.09,28.35,28.65,-0.3,-1.0471,717189.2,2033217.22,0.7382,1.2382,1.0,9.4874,8.4256,1.9155,1.0764,0.9272,3.1746,3.6864,1130214.3001,971517.0043,579196.3798,32041575.4078,27542507.0719,31.52,25.79,148.412
000002,万科A,全国地产,深圳,19910129,000002.SZ,20191125,27.3,28.65,27.3,28.65,27.01,1.64,6.0718,1368032.57,3856258.081,1.4081,2.3619,2.65,9.5878,8.5148,1.9358,1.0878,0.937,3.1414,3.6478,1130214.3001,971517.0043,579196.3798,32380639.6979,27833962.1732,29.71,24.31,148.412
000002,万科A,全国地产,深圳,19910129,000002.SZ,20191122,26.78,27.1,26.69,27.01,26.75,0.26,0.972,669911.33,1804428.855,0.6896,1.181,1.41,9.039,8.0274,1.825,1.0255,0.8834,3.3321,3.8693,1130214.3001,971517.0043,567261.7343,30527088.2457,26240674.2861,29.43,24.08,148.412
000002,万科A,全国地产,深圳,19910129,000002.SZ,20191121,26.55,26.76,26.45,26.75,26.65,0.1,0.3752,385674.61,1028865.557,0.397,0.6799,0.81,8.952,7.9501,1.8074,1.0156,0.8749,3.3645,3.9069,1130214.3001,971517.0043,567261.7343,30233232.5277,25988079.865,29.32,23.99,148.412
000002,万科A,全国地产,深圳,19910129,000002.SZ,20191120,26.75,26.81,26.6,26.65,26.72,-0.07,-0.262,485753.69,1298731.943,0.5,0.8563,1.09,8.9185,7.9204,1.8007,1.0118,0.8716,3.3771,3.9216,1130214.3001,971517.0043,567261.7343,30120211.0977,25890928.1646,29.39,24.05,148.412
000002,万科A,全国地产,深圳,19910129,000002.SZ,20191119,26.46,26.77,26.4,26.72,26.42,0.3,1.1355,670929.91,1790181.123,0.6906,1.1828,1.74,8.9419,7.9412,1.8054,1.0145,0.8739,3.3683,3.9113,1130214.3001,971517.0043,567261.7343,30199326.0987,25958934.3549,29.06,23.78,148.412
000002,万科A,全国地产,深圳,19910129,000002.SZ,20191118,26.4,26.56,26.11,26.42,26.49,-0.07,-0.2643,368123.61,971790.938,0.3789,0.6489,0.91,8.8416,7.852,1.7851,1.0031,0.8641,3.4065,3.9557,1130214.3001,971517.0043,567261.7343,29860261.8086,25667479.2536,29.14,23.84,148.412
000002,万科A,全国地产,深圳,19910129,000002.SZ,20191115,26.44,26.66,26.37,26.49,26.39,0.1,0.3789,468115.31,1243472.92,0.4818,0.8252,1.15,8.865,7.8728,1.7898,1.0058,0.8664,3.3975,3.9453,1130214.3001,971517.0043,567261.7343,29939376.8096,25735485.4439,29.03,23.75,148.412
000002,万科A,全国地产,深圳,19910129,000002.SZ,20191114,26.23,26.47,26.07,26.39,26.19,0.2,0.7637,378340.59,996571.596,0.3894,0.667,0.95,8.8315,7.8431,1.7831,1.002,0.8631,3.4104,3.9602,1130214.3001,971517.0043,567261.7343,29826355.3796,25638333.7435,28.81,23.57,148.412
000002,万科A,全国地产,深圳,19910129,000002.SZ,20191113,26.28,26.3,26.0,26.19,26.28,-0.09,-0.3425,346952.18,906913.752,0.3571,0.6116,0.75,8.7646,7.7836,1.7696,0.9944,0.8566,3.4364,3.9905,1130214.3001,971517.0043,567261.7343,29600312.5196,25444030.3426,28.91,23.65,148.412
000002,万科A,全国地产,深圳,19910129,000002.SZ,20191112,26.32,26.53,26.21,26.28,26.38,-0.1,-0.3791,363338.48,957393.717,0.374,0.6405,0.62,8.7947,7.8104,1.7757,0.9978,0.8595,3.4247,3.9768,1130214.3001,971517.0043,567261.7343,29702031.8066,25531466.873,29.02,23.74,148.412
000002,万科A,全国地产,深圳,19910129,000002.SZ,20191111,26.58,26.59,26.32,26.38,26.74,-0.36,-1.3463,463259.32,1225718.598,0.4768,0.8167,0.77,8.8282,7.8401,1.7824,1.0016,0.8628,3.4117,3.9617,1130214.3001,971517.0043,567261.7343,29815053.2366,25628618.5734,29.41,24.07,148.412
000002,万科A,全国地产,深圳,19910129,000002.SZ,20191108,26.69,26.81,26.57,26.74,26.57,0.17,0.6398,485246.82,1296314.035,0.4995,0.8554,0.77,8.9486,7.9471,1.8067,1.0153,0.8745,3.3657,3.9084,1130214.3001,971517.0043,567261.7343,30221930.3847,25978364.695,29.23,23.91,148.412
000002,万科A,全国地产,深圳,19910129,000002.SZ,20191107,26.61,26.68,26.5,26.57,26.65,-0.08,-0.3002,338402.13,899446.952,0.3483,0.5966,0.53,8.8917,7.8966,1.7952,1.0088,0.869,3.3873,3.9334,1130214.3001,971517.0043,567261.7343,30029793.9537,25813206.8043,29.32,23.99,148.412
000002,万科A,全国地产,深圳,19910129,000002.SZ,20191106,26.87,26.87,26.42,26.65,26.88,-0.23,-0.8557,674955.29,1793945.059,0.6947,1.1898,1.18,8.9185,7.9204,1.8007,1.0118,0.8716,3.3771,3.9216,1130214.3001,971517.0043,567261.7343,30120211.0977,25890928.1646,29.57,24.19,148.412
000002,万科A,全国地产,深圳,19910129,000002.SZ,20191105,26.9,27.04,26.53,26.88,26.86,0.02,0.0745,989568.41,2661351.01,1.0186,1.7445,2.23,8.9955,7.9887,1.8162,1.0206,0.8791,3.3482,3.888,1130214.3001,971517.0043,567261.7343,30380160.3867,26114377.0756,29.55,24.17,148.412
000002,万科A,全国地产,深圳,19910129,000002.SZ,20191104,26.93,27.04,26.72,26.86,26.83,0.03,0.1118,538984.78,1449249.324,0.5548,0.9502,1.28,8.9888,7.9828,1.8148,1.0198,0.8785,3.3507,3.8909,1130214.3001,971517.0043,567261.7343,30357556.1007,26094946.7355,29.51,24.15,148.412
000002,万科A,全国地产,深圳,19910129,000002.SZ,20191101,26.56,26.86,26.19,26.83,26.53,0.3,1.1308,626001.06,1671105.769,0.6444,1.1035,1.52,8.9788,7.9739,1.8128,1.0187,0.8775,3.3545,3.8953,1130214.3001,971517.0043,567261.7343,30323649.6717,26065801.2254,29.18,23.88,148.412
000002,万科A,全国地产,深圳,19910129,000002.SZ,20191031,26.65,26.8,26.38,26.53,26.65,-0.12,-0.4503,336242.1,892565.154,0.3461,0.5927,0.78,8.8784,7.8847,1.7925,1.0073,0.8677,3.3924,3.9393,1130214.3001,971517.0043,567261.7343,29984585.3817,25774346.1241,29.32,23.99,148.412
000002,万科A,全国地产,深圳,19910129,000002.SZ,20191030,26.62,26.81,26.6,26.65,26.67,-0.02,-0.075,363281.93,970373.901,0.3739,0.6404,0.77,8.9185,7.9204,1.8007,1.0118,0.8716,3.3771,3.9216,1130214.3001,971517.0043,567261.7343,30120211.0977,25890928.1646,29.34,24.0,148.412
000002,万科A,全国地产,深圳,19910129,000002.SZ,20191029,26.86,26.94,26.65,26.67,26.88,-0.21,-0.7813,356020.1,952604.312,0.3665,0.6276,0.68,8.9252,7.9263,1.802,1.0126,0.8723,3.3746,3.9186,1130214.3001,971517.0043,567261.7343,30142815.3837,25910358.5047,29.57,24.19,148.412
000002,万科A,全国地产,深圳,19910129,000002.SZ,20191028,26.96,26.96,26.5,26.88,26.97,-0.09,-0.3337,430973.13,1154334.459,0.4436,0.7597,0.71,8.9955,7.9887,1.8162,1.0206,0.8791,3.3482,3.888,1130214.3001,971517.0043,567261.7343,30380160.3867,26114377.0756,29.67,24.27,148.412
000002,万科A,全国地产,深圳,19910129,000002.SZ,20191025,26.81,27.26,26.75,26.97,26.66,0.31,1.1628,576900.67,1557601.073,0.5938,1.017,0.93,9.0256,8.0155,1.8223,1.024,0.8821,3.337,3.8751,1130214.3001,971517.0043,567261.7343,30481879.6737,26201813.606,29.33,23.99,148.412
000002,万科A,全国地产,深圳,19910129,000002.SZ,20191024,26.75,26.94,26.55,26.66,26.78,-0.12,-0.4481,427847.72,1144057.301,0.4404,0.7714,0.64,8.9219,8.2573,2.0195,1.0122,0.9102,3.3758,3.9201,1130214.3001,971517.0043,554628.878,30131513.2407,25900643.3346,29.46,24.1,148.412
000002,万科A,全国地产,深圳,19910129,000002.SZ,20191023,27.25,27.29,26.67,26.78,27.36,-0.58,-2.1199,567453.85,1524444.874,0.5841,1.0231,0.75,8.962,8.2945,2.0286,1.0168,0.9143,3.3607,3.9025,1130214.3001,971517.0043,554628.878,30267138.9567,26017225.3752,30.1,24.62,148.412
000002,万科A,全国地产,深圳,19910129,000002.SZ,20191022,27.74,27.76,27.13,27.36,27.64,-0.28,-1.013,610048.93,1666020.11,0.6279,1.0999,0.83,9.1561,8.4741,2.0725,1.0388,0.9341,3.2895,3.8198,1130214.3001,971517.0043,554628.878,30922663.2507,26580705.2376,30.4,24.88,148.412
000002,万科A,全国地产,深圳,19910129,000002.SZ,20191021,27.08,27.75,27.0,27.64,26.96,0.68,2.5223,872102.99,2397091.54,0.8977,1.5724,1.14,9.2498,8.5609,2.0937,1.0494,0.9437,3.2562,3.7811,1130214.3001,971517.0043,554628.878,31239123.2548,26852729.9989,29.66,24.26,148.412
000002,万科A,全国地产,深圳,19910129,000002.SZ,20191018,27.5,27.73,26.8,26.96,27.35,-0.39,-1.426,607699.49,1656770.01,0.6255,1.0957,0.78,9.0223,8.3502,2.0422,1.0236,0.9205,3.3383,3.8765,1130214.3001,971517.0043,554628.878,30470577.5307,26192098.4359,30.09,24.62,148.412
000002,万科A,全国地产,深圳,19910129,000002.SZ,20191017,27.2,27.65,27.05,27.35,27.07,0.28,1.0344,680262.63,1863059.279,0.7002,1.2265,0.9,9.1528,8.471,2.0717,1.0384,0.9338,3.2907,3.8212,1130214.3001,971517.0043,554628.878,30911361.1077,26570990.0676,29.78,24.36,148.412
000002,万科A,全国地产,深圳,19910129,000002.SZ,20191016,26.97,27.73,26.91,27.07,26.77,0.3,1.1207,1003115.5,2738841.249,1.0325,1.8086,1.28,9.0591,8.3843,2.0505,1.0278,0.9242,3.3247,3.8607,1130214.3001,971517.0043,554628.878,30594901.1037,26298965.3064,29.45,24.09,148.412
000002,万科A,全国地产,深圳,19910129,000002.SZ,20191015,27.19,27.28,26.69,26.77,27.12,-0.35,-1.2906,500297.87,1346872.054,0.515,0.902,0.59,8.9587,8.2914,2.0278,1.0164,0.914,3.362,3.904,1130214.3001,971517.0043,554628.878,30255836.8137,26007510.2051,29.83,24.41,148.412
000002,万科A,全国地产,深圳,19910129,000002.SZ,20191014,26.95,27.33,26.84,27.12,26.81,0.31,1.1563,1040628.13,2825413.279,1.0711,1.8763,1.48,9.0758,8.3998,2.0543,1.0297,0.926,3.3186,3.8536,1130214.3001,971517.0043,554628.878,30651411.8187,26347541.1566,29.49,24.13,148.412
000002,万科A,全国地产,深圳,19910129,000002.SZ,20191011,26.74,26.85,26.51,26.81,26.62,0.19,0.7137,690326.26,1847963.515,0.7106,1.2447,1.07,8.9721,8.3038,2.0308,1.0179,0.9154,3.357,3.8982,1130214.3001,971517.0043,554628.878,30301045.3857,26046370.8853,29.28,23.96,148.412
000002,万科A,全国地产,深圳,19910129,000002.SZ,20191010,26.85,26.95,26.5,26.62,26.8,-0.18,-0.6716,541049.4,1442136.207,0.5569,0.9755,0.85,8.9085,8.2449,2.0164,1.0107,0.9089,3.3809,3.926,1130214.3001,971517.0043,554628.878,30086304.6687,25861782.6545,29.48,24.12,148.412
000002,万科A,全国地产,深圳,19910129,000002.SZ,20191009,26.19,27.02,26.15,26.8,26.36,0.44,1.6692,1156158.91,3098614.759,1.1901,2.0846,2.4,8.9687,8.3007,2.0301,1.0175,0.915,3.3582,3.8996,1130214.3001,971517.0043,554628.878,30289743.2427,26036655.7152,29.0,23.72,148.412
000002,万科A,全国地产,深圳,19910129,000002.SZ,20191008,26.01,26.8,26.01,26.36,25.9,0.46,1.7761,846172.73,2244970.29,0.871,1.5257,2.21,8.8215,8.1644,1.9967,1.0008,0.9,3.4143,3.9647,1130214.3001,971517.0043,554628.878,29792448.9506,25609188.2333,28.49,23.31,148.412
000002,万科A,全国地产,深圳,19910129,000002.SZ,20190930,25.97,26.14,25.81,25.9,26.0,-0.1,-0.3846,275853.64,715836.294,0.2839,0.4974,0.62,8.6675,8.0219,1.9619,0.9834,0.8843,3.4749,4.0351,1130214.3001,971517.0043,554628.878,29272550.3726,25162290.4114,28.6,23.4,148.412
000002,万科A,全国地产,深圳,19910129,000002.SZ,20190927,26.21,26.21,25.91,26.0,26.22,-0.22,-0.8391,397929.72,1035915.227,0.4096,0.7175,0.9,8.701,8.0529,1.9695,0.9872,0.8877,3.4615,4.0196,1130214.3001,971517.0043,554628.878,29385571.8026,25259442.1118,28.84,23.6,148.412
000002,万科A,全国地产,深圳,19910129,000002.SZ,20190926,26.1,26.4,26.02,26.22,26.02,0.2,0.7686,513030.07,1345600.003,0.5281,0.925,1.25,8.7746,8.121,1.9861,0.9955,0.8952,3.4325,3.9859,1130214.3001,971517.0043,554628.878,29634218.9486,25473175.8527,28.62,23.42,148.412
000002,万科A,全国地产,深圳,19910129,000002.SZ,20190925,26.09,26.24,25.94,26.02,26.13,-0.11,-0.421,377226.1,984737.112,0.3883,0.6801,0.93,8.7077,8.0591,1.971,0.9879,0.8884,3.4589,4.0165,1130214.3001,971517.0043,554628.878,29408176.0886,25278872.4519,28.74,23.52,148.412
000002,万科A,全国地产,深圳,19910129,000002.SZ,20190924,26.24,26.33,26.09,26.13,26.15,-0.02,-0.0765,348238.65,912369.802,0.3584,0.6279,0.83,8.7445,8.0932,1.9793,0.9921,0.8922,3.4443,3.9996,1130214.3001,971517.0043,554628.878,29532499.6616,25385739.3224,28.77,23.54,148.412
000002,万科A,全国地产,深圳,19910129,000002.SZ,20190923,26.49,26.49,26.0,26.15,26.8,-0.65,-2.4254,603530.46,1578059.535,0.6212,1.0882,1.52,8.7512,8.0994,1.9808,0.9929,0.8928,3.4417,3.9966,1130214.3001,971517.0043,554628.878,29555103.9476,25405169.6624,29.48,24.12,148.412
000002,万科A,全国地产,深圳,19910129,000002.SZ,20190920,26.89,26.95,26.63,26.8,26.73,0.07,0.2619,375726.63,1005401.011,0.3867,0.6774,0.75,8.9687,8.3007,2.0301,1.0175,0.915,3.3582,3.8996,1130214.3001,971517.0043,554628.878,30289743.2427,26036655.7152,29.4,24.06,148.412
000002,万科A,全国地产,深圳,19910129,000002.SZ,20190919,27.05,27.07,26.6,26.73,26.94,-0.21,-0.7795,345420.78,923249.096,0.3555,0.6228,0.69,8.9453,8.279,2.0248,1.0149,0.9126,3.367,3.9098,1130214.3001,971517.0043,554628.878,30210628.2417,25968649.5249,29.63,24.25,148.412
000002,万科A,全国地产,深圳,19910129,000002.SZ,20190918,26.82,27.22,26.79,26.94,26.82,0.12,0.4474,361632.0,977811.506,0.3722,0.652,0.71,9.0156,8.344,2.0407,1.0228,0.9198,3.3408,3.8794,1130214.3001,971517.0043,554628.878,30447973.2447,26172668.0958,29.5,24.14,148.412
000002,万科A,全国地产,深圳,19910129,000002.SZ,20190917,27.15,27.16,26.69,26.82,27.21,-0.39,-1.4333,416481.58,1119881.507,0.4287,0.7509,0.79,8.9754,8.3069,2.0316,1.0183,0.9157,3.3557,3.8967,1130214.3001,971517.0043,554628.878,30312347.5287,26056086.0553,29.93,24.49,148.412
000002,万科A,全国地产,深圳,19910129,000002.SZ,20190916,27.77,27.77,27.15,27.21,27.78,-0.57,-2.0518,485030.33,1326898.064,0.4993,0.8745,0.94,9.1059,8.4277,2.0611,1.0331,0.929,3.3076,3.8409,1130214.3001,971517.0043,554628.878,30753131.1057,26434977.687,30.56,25.0,148.412
000002,万科A,全国地产,深圳,19910129,000002.SZ,20190912,27.14,27.81,27.13,27.78,26.91,0.87,3.233,895784.71,2476233.385,0.922,1.6151,1.81,9.2967,8.6042,2.1043,1.0547,0.9485,3.2397,3.7621,1130214.3001,971517.0043,554628.878,31397353.2568,26988742.3795,29.6,24.22,148.412
000002,万科A,全国地产,深圳,19910129,000002.SZ,20190911,27.3,27.33,26.77,26.91,27.24,-0.33,-1.2115,350397.86,943979.708,0.3607,0.6318,0.58,9.0055,8.3348,2.0384,1.0217,0.9188,3.3445,3.8837,1130214.3001,971517.0043,554628.878,30414066.8157,26143522.5857,29.96,24.52,148.412
000002,万科A,全国地产,深圳,19910129,000002.SZ,20190910,27.2,27.27,26.98,27.24,27.07,0.17,0.628,388348.57,1053124.072,0.3997,0.7002,0.63,9.116,8.437,2.0634,1.0342,0.9301,3.304,3.8366,1130214.3001,971517.0043,554628.878,30787037.5347,26464123.1971,29.78,24.36,148.412
000002,万科A,全国地产,深圳,19910129,000002.SZ,20190909,27.05,27.36,27.01,27.07,26.89,0.18,0.6694,510380.5,1385666.11,0.5253,0.9202,0.84,9.0591,8.3843,2.0505,1.0278,0.9242,3.3247,3.8607,1130214.3001,971517.0043,554628.878,30594901.1037,26298965.3064,29.58,24.2,148.412
000002,万科A,全国地产,深圳,19910129,000002.SZ,20190906,26.88,26.92,26.64,26.89,26.7,0.19,0.7116,442330.73,1184338.273,0.4553,0.7975,0.73,8.9988,8.3286,2.0369,1.0209,0.9181,3.347,3.8866,1130214.3001,971517.0043,554628.878,30391462.5297,26124092.2456,29.37,24.03,148.412
000002,万科A,全国地产,深圳,19910129,000002.SZ,20190905,26.83,27.35,26.65,26.7,26.7,0.0,0.0,780259.15,2109301.722,0.8031,1.4068,1.39,8.9353,8.2697,2.0225,1.0137,0.9116,3.3708,3.9142,1130214.3001,971517.0043,554628.878,30176721.8127,25939504.0148,29.37,24.03,148.412
000002,万科A,全国地产,深圳,19910129,000002.SZ,20190904,25.83,26.75,25.73,26.7,25.7,1.0,3.8911,908130.36,2388814.231,0.9348,1.6374,2.1,8.9353,8.2697,2.0225,1.0137,0.9116,3.3708,3.9142,1130214.3001,971517.0043,554628.878,30176721.8127,25939504.0148,28.27,23.13,148.412
000002,万科A,全国地产,深圳,19910129,000002.SZ,20190903,25.97,26.05,25.61,25.7,25.89,-0.19,-0.7339,454523.07,1170596.826,0.4678,0.8195,1.03,8.6006,7.96,1.9468,0.9758,0.8775,3.5019,4.0665,1130214.3001,971517.0043,554628.878,29046507.5126,24967987.0105,28.48,23.3,148.412
000002,万科A,全国地产,深圳,19910129,000002.SZ,20190902,25.75,26.06,25.69,25.89,25.8,0.09,0.3488,439523.81,1138396.501,0.4524,0.7925,0.98,8.6642,8.0188,1.9611,0.983,0.884,3.4762,4.0367,1130214.3001,971517.0043,554628.878,29261248.2296,25152575.2413,28.38,23.22,148.412
000002,万科A,全国地产,深圳,19910129,000002.SZ,20190830,26.22,26.22,25.68,25.8,25.97,-0.17,-0.6546,434934.0,1125318.902,0.4477,0.7842,1.0,8.6341,7.991,1.9543,0.9796,0.8809,3.4884,4.0508,1130214.3001,971517.0043,554628.878,29159528.9426,25065138.7109,28.57,23.37,148.412
000002,万科A,全国地产,深圳,19910129,000002.SZ,20190829,26.59,26.64,25.86,25.97,26.55,-0.58,-2.1846,562064.46,1465149.779,0.5785,1.0134,1.48,8.691,8.0436,1.9672,0.986,0.8867,3.4655,4.0243,1130214.3001,971517.0043,554628.878,29351665.3736,25230296.6017,29.21,23.9,148.412
000002,万科A,全国地产,深圳,19910129,000002.SZ,20190828,26.55,26.69,26.36,26.55,26.52,0.03,0.1131,266293.96,706306.155,0.2741,0.4801,0.64,8.8851,8.2233,2.0111,1.008,0.9065,3.3898,3.9364,1130214.3001,971517.0043,554628.878,30007189.6677,25793776.4642,29.17,23.87,148.412
000002,万科A,全国地产,深圳,19910129,000002.SZ,20190827,26.62,26.98,26.47,26.52,26.45,0.07,0.2647,497275.3,1326062.526,0.5119,0.8966,1.21,8.875,8.214,2.0089,1.0069,0.9055,3.3937,3.9408,1130214.3001,971517.0043,554628.878,29973283.2387,25764630.954,29.1,23.81,148.412
000002,万科A,全国地产,深圳,19910129,000002.SZ,20190826,26.46,26.56,26.2,26.45,26.96,-0.51,-1.8917,472345.97,1244677.471,0.4862,0.8516,1.14,8.8516,8.1923,2.0036,1.0042,0.9031,3.4026,3.9512,1130214.3001,971517.0043,554628.878,29894168.2376,25696624.7637,29.66,24.26,148.412
000002,万科A,全国地产,深圳,19910129,000002.SZ,20190823,27.25,27.28,26.9,26.96,27.16,-0.2,-0.7364,374285.95,1011168.748,0.3853,0.6748,0.91,9.0223,8.3502,2.0422,1.0236,0.9205,3.3383,3.8765,1130214.3001,971517.0043,554628.878,30470577.5307,26192098.4359,29.88,24.44,148.412
000002,万科A,全国地产,深圳,19910129,000002.SZ,20190822,27.54,27.55,27.12,27.16,27.39,-0.23,-0.8397,285591.27,778780.565,0.294,0.5149,0.68,9.0892,8.4122,2.0573,1.0312,0.9273,3.3137,7.1616,1130214.3001,971517.0043,554628.878,30696620.3907,26386401.8368,30.13,24.65,148.412
000002,万科A,全国地产,深圳,19910129,000002.SZ,20190821,27.41,27.77,27.25,27.39,27.17,0.22,0.8097,438762.77,1204112.154,0.4516,0.7911,1.0,9.1662,8.4834,2.0748,1.0399,0.9352,3.2859,7.1015,1130214.3001,971517.0043,554628.878,30956569.6797,26609850.7478,29.89,24.45,148.412
000002,万科A,全国地产,深圳,19910129,000002.SZ,20190820,26.78,27.36,26.7,27.17,26.88,0.29,1.0789,478734.34,1301096.027,0.4928,0.8632,1.19,9.0925,9.0322,2.0151,1.0316,0.9741,3.3125,7.159,1130214.3001,971517.0043,554628.878,30707922.5337,26396117.0068,29.57,24.19,148.412
000002,万科A,全国地产,深圳,19910129,000002.SZ,20190819,26.9,26.96,26.42,26.88,26.28,0.6,2.2831,487359.96,1303443.683,0.5016,0.8787,1.36,8.9955,8.9358,1.9936,1.0206,0.9638,3.3482,7.2362,1130214.3001,971517.0043,554628.878,30380160.3867,26114377.0756,28.91,23.65,148.412
000002,万科A,全国地产,深圳,19910129,000002.SZ,20190816,26.4,26.52,26.16,26.28,26.34,-0.06,-0.2278,358174.84,944690.704,0.3687,0.6458,1.06,8.7947,8.7363,1.9491,0.9978,0.9422,3.4247,7.4015,1130214.3001,971517.0043,554628.878,29702031.8066,25531466.873,28.97,23.71,148.412
000002,万科A,全国地产,深圳,19910129,000002.SZ,20190815,26.0,26.43,25.65,26.34,26.08,0.26,0.9969,350418.86,918434.461,0.3607,0.6318,1.09,8.8148,8.7562,1.9535,1.0001,0.9444,3.4169,7.3846,1130214.3001,971517.0043,554628.878,29769844.6646,25589757.8933,28.69,23.47,148.412
000002,万科A,全国地产,深圳,19910129,000002.SZ,20190814,27.69,27.74,26.9,27.13,27.33,-0.2,-0.7318,528475.04,1435516.941,0.544,0.9528,1.82,9.0792,9.0189,1.8674,1.0301,0.9727,3.3174,3.3174,1130214.3001,971517.0043,554628.878,30662713.9617,26357256.3267,30.06,24.6,142.668
000002,万科A,全国地产,深圳,19910129,000002.SZ,20190813,27.62,27.74,27.18,27.33,27.77,-0.44,-1.5844,287658.74,787625.721,0.2961,0.5187,0.89,9.1461,9.0854,1.8812,1.0377,0.9799,3.2931,3.2931,1130214.3001,971517.0043,554628.878,30888756.8217,26551559.7275,30.55,24.99,142.668
000002,万科A,全国地产,深圳,19910129,000002.SZ,20190812,27.31,27.88,27.28,27.77,27.29,0.48,1.7589,262532.27,726706.157,0.2702,0.4733,0.74,9.2933,9.2316,1.9114,1.0544,0.9957,3.2409,3.2409,1130214.3001,971517.0043,554628.878,31386051.1138,26979027.2094,30.02,24.56,142.668
000002,万科A,全国地产,深圳,19910129,000002.SZ,20190809,27.85,27.85,27.16,27.29,27.65,-0.36,-1.302,254721.49,697605.312,0.2622,0.4593,0.65,9.1327,9.0721,1.8784,1.0361,0.9785,3.2979,3.2979,1130214.3001,971517.0043,554628.878,30843548.2497,26512699.0473,30.42,24.89,142.668
000002,万科A,全国地产,深圳,19910129,000002.SZ,20190808,27.53,27.8,27.36,27.65,27.36,0.29,1.0599,278466.22,767941.217,0.2866,0.5021,0.68,9.2532,9.1917,1.9032,1.0498,0.9914,3.255,3.255,1130214.3001,971517.0043,554628.878,31250425.3978,26862445.1689,30.1,24.62,142.668
000002,万科A,全国地产,深圳,19910129,000002.SZ,20190807,27.15,27.56,27.05,27.36,27.02,0.34,1.2583,366592.8,1001711.727,0.3773,0.661,0.78,9.1561,9.0953,1.8832,1.0388,0.981,3.2895,3.2895,1130214.3001,971517.0043,554628.878,30922663.2507,26580705.2376,29.72,24.32,142.668
000002,万科A,全国地产,深圳,19910129,000002.SZ,20190806,26.65,27.34,26.41,27.02,27.01,0.01,0.037,446789.74,1202706.317,0.4599,0.8056,1.05,9.0423,8.9823,1.8598,1.0259,0.9688,3.3309,3.3309,1130214.3001,971517.0043,554628.878,30538390.3887,26250389.4562,29.71,24.31,142.668
000002,万科A,全国地产,深圳,19910129,000002.SZ,20190805,27.72,27.76,27.0,27.01,28.01,-1.0,-3.5702,430819.32,1177180.243,0.4435,0.7768,1.12,9.039,8.979,1.8591,1.0255,0.9684,3.3321,3.3321,1130214.3001,971517.0043,554628.878,30527088.2457,26240674.2861,30.81,25.21,142.668
000002,万科A,全国地产,深圳,19910129,000002.SZ,20190802,27.75,28.25,27.68,28.01,28.42,-0.41,-1.4426,435982.84,1214285.13,0.4488,0.7861,1.2,9.3737,9.3114,1.928,1.0635,1.0043,3.2131,3.2131,1130214.3001,971517.0043,554628.878,31657302.5458,27212191.2904,31.26,25.58,142.668
000002,万科A,全国地产,深圳,19910129,000002.SZ,20190801,28.5,28.75,28.19,28.42,28.76,-0.34,-1.1822,361277.21,1028750.662,0.3719,0.6514,1.01,9.5109,9.4477,1.9562,1.079,1.019,3.1668,3.1668,1130214.3001,971517.0043,554628.878,32120690.4088,27610513.2622,31.64,25.88,142.668
000002,万科A,全国地产,深圳,19910129,000002.SZ,20190731,29.4,29.4,28.51,28.76,29.82,-1.06,-3.5547,687369.13,1979377.626,0.7075,1.2393,2.31,9.6246,9.5607,1.9796,1.0919,1.0312,3.1293,3.1293,1130214.3001,971517.0043,554628.878,32504963.2709,27940829.0437,32.8,26.84,142.668
000002,万科A,全国地产,深圳,19910129,000002.SZ,20190730,29.75,30.09,29.75,29.82,29.7,0.12,0.404,202807.22,607033.693,0.2088,0.3657,0.54,9.9794,9.9131,2.0525,1.1322,1.0692,3.0181,3.0181,1130214.3001,971517.0043,554628.878,33702990.429,28970637.0682,32.67,26.73,142.668
000002,万科A,全国地产,深圳,19910129,000002.SZ,20190729,29.92,30.11,29.6,29.7,29.96,-0.26,-0.8678,242600.18,723039.992,0.2497,0.4374,0.58,9.9392,9.8732,2.0443,1.1276,1.0649,3.0303,3.0303,1130214.3001,971517.0043,554628.878,33567364.713,28854055.0277,32.96,26.96,142.668
000002,万科A,全国地产,深圳,19910129,000002.SZ,20190726,29.81,30.08,29.7,29.96,30.08,-0.12,-0.3989,319834.63,956013.182,0.3292,0.5767,0.7,10.0262,9.9597,2.0622,1.1375,1.0742,3.004,3.004,1130214.3001,971517.0043,554628.878,33861220.431,29106649.4488,33.09,27.07,142.668
000002,万科A,全国地产,深圳,19910129,000002.SZ,20190725,29.96,30.11,29.6,30.08,29.97,0.11,0.367,334004.29,996259.351,0.3438,0.6022,0.75,10.0664,9.9995,2.0704,1.1421,1.0785,2.992,2.992,1130214.3001,971517.0043,554628.878,33996846.147,29223231.4893,32.97,26.97,142.668
000002,万科A,全国地产,深圳,19910129,000002.SZ,20190724,30.0,30.3,29.73,29.97,30.0,-0.03,-0.1,391729.76,1173207.644,0.4032,0.7063,0.95,10.0296,9.963,2.0629,1.1379,1.0745,3.003,3.003,1130214.3001,971517.0043,554628.878,33872522.574,29116364.6189,33.0,27.0,142.668
000002,万科A,全国地产,深圳,19910129,000002.SZ,20190723,30.9,31.0,29.63,30.0,31.1,-1.1,-3.537,596290.57,1796657.959,0.6138,1.0751,1.65,10.0396,9.9729,2.0649,1.139,1.0756,3.0,3.0,1130214.3001,971517.0043,554628.878,33906429.003,29145510.129,34.21,27.99,142.668
000002,万科A,全国地产,深圳,19910129,000002.SZ,20190722,30.71,31.45,30.53,31.1,30.71,0.39,1.2699,457614.69,1423211.184,0.471,0.8251,1.26,10.4077,10.3386,2.1406,1.1808,1.1151,2.8939,2.8939,1130214.3001,971517.0043,554628.878,35149664.7331,30214178.8337,33.78,27.64,142.668
000002,万科A,全国地产,深圳,19910129,000002.SZ,20190719,30.7,30.98,30.46,30.71,30.09,0.62,2.0605,506322.48,1556835.941,0.5212,0.9129,1.54,10.2772,10.209,2.1138,1.166,1.1011,2.9306,2.9306,1130214.3001,971517.0043,554628.878,34708881.1561,29835287.2021,33.1,27.08,142.668
000002,万科A,全国地产,深圳,19910129,000002.SZ,20190718,29.97,30.3,29.84,30.09,30.13,-0.04,-0.1328,264075.09,793896.522,0.2718,0.4761,0.78,10.0697,10.0029,2.0711,1.1424,1.0788,2.991,2.991,1130214.3001,971517.0043,554628.878,34008148.29,29232946.6594,33.14,27.12,142.668
000002,万科A,全国地产,深圳,19910129,000002.SZ,20190717,29.9,30.3,29.82,30.13,30.06,0.07,0.2329,232957.27,701266.462,0.2398,0.42,0.71,10.0831,10.0162,2.0739,1.144,1.0803,2.9871,2.9871,1130214.3001,971517.0043,554628.878,34053356.862,29271807.3396,33.07,27.05,142.668
000002,万科A,全国地产,深圳,19910129,000002.SZ,20190716,29.9,30.4,29.85,30.06,30.0,0.06,0.2,347690.84,1046147.767,0.3579,0.6269,1.07,10.0597,9.9929,2.0691,1.1413,1.0778,2.994,2.994,1130214.3001,971517.0043,554628.878,33974241.861,29203801.1493,33.0,27.0,142.668
000002,万科A,全国地产,深圳,19910129,000002.SZ,20190715,29.43,30.08,29.2,30.0,29.65,0.35,1.1804,465463.56,1380208.993,0.4791,0.8392,1.49,10.0396,9.9729,2.0649,1.139,1.0756,3.0,3.0,1130214.3001,971517.0043,554628.878,33906429.003,29145510.129,32.62,26.69,142.668
000002,万科A,全国地产,深圳,19910129,000002.SZ,20190712,29.2,29.86,29.11,29.65,29.21,0.44,1.5063,333780.02,989047.203,0.3436,0.6018,1.06,9.9225,9.8566,2.0408,1.1257,1.0631,3.0354,3.0354,1130214.3001,971517.0043,554628.878,33510853.998,28805479.1775,32.13,26.29,142.668
000002,万科A,全国地产,深圳,19910129,000002.SZ,20190711,29.38,29.75,29.18,29.21,29.17,0.04,0.1371,318641.64,937805.607,0.328,0.5745,0.83,9.7752,9.7103,2.0106,1.109,1.0473,3.0811,3.0811,1130214.3001,971517.0043,554628.878,33013559.7059,28378011.6956,32.09,26.25,142.668
000002,万科A,全国地产,深圳,19910129,000002.SZ,20190710,29.41,29.42,28.91,29.17,29.15,0.02,0.0686,177763.23,517336.271,0.183,0.3205,0.37,9.7618,9.697,2.0078,1.1075,1.0459,3.0854,3.0854,1130214.3001,971517.0043,554628.878,32968351.1339,28339151.0154,32.07,26.24,142.668
000002,万科A,全国地产,深圳,19910129,000002.SZ,20190709,29.15,29.69,29.08,29.15,29.15,0.0,0.0,332848.52,975826.03,0.3426,0.6001,0.63,9.7552,9.6904,2.0064,1.1068,1.0451,3.0875,3.0875,1130214.3001,971517.0043,554628.878,32945746.8479,28319720.6753,32.07,26.24,142.668
000002,万科A,全国地产,深圳,19910129,000002.SZ,20190708,29.5,29.51,28.65,29.15,29.45,-0.3,-1.0187,394474.16,1147380.325,0.406,0.7112,0.67,9.7552,9.6904,2.0064,1.1068,1.0451,3.0875,3.0875,1130214.3001,971517.0043,554628.878,32945746.8479,28319720.6753,32.4,26.51,142.668
000002,万科A,全国地产,深圳,19910129,000002.SZ,20190705,29.45,29.68,29.13,29.45,29.55,-0.1,-0.3384,351067.69,1032280.468,0.3614,0.633,0.63,9.8556,9.7901,2.0271,1.1181,1.0559,3.056,3.056,1130214.3001,971517.0043,554628.878,33284811.1379,28611175.7766,32.51,26.6,142.668
000002,万科A,全国地产,深圳,19910129,000002.SZ,20190704,29.22,30.28,29.22,29.55,29.17,0.38,1.3027,662801.03,1976371.919,0.6822,1.195,1.39,9.889,9.8234,2.034,1.1219,1.0595,3.0457,3.0457,1130214.3001,971517.0043,554628.878,33397832.568,28708327.4771,32.09,26.25,142.668
000002,万科A,全国地产,深圳,19910129,000002.SZ,20190703,28.71,29.49,28.61,29.17,28.86,0.31,1.0742,672625.59,1963666.944,0.6923,1.2127,1.78,9.7618,9.697,2.0078,1.1075,1.0459,3.0854,3.0854,1130214.3001,971517.0043,554628.878,32968351.1339,28339151.0154,31.75,25.97,142.668
000002,万科A,全国地产,深圳,19910129,000002.SZ,20190702,28.5,28.93,28.28,28.86,28.62,0.24,0.8386,553239.11,1577593.941,0.5695,0.9975,1.7,9.6581,9.594,1.9865,1.0957,1.0347,3.1185,3.1185,1130214.3001,971517.0043,554628.878,32617984.7009,28037980.7441,31.48,25.76,142.668
000002,万科A,全国地产,深圳,19910129,000002.SZ,20190701,28.18,28.67,28.0,28.62,27.81,0.81,2.9126,687242.66,1945304.44,0.7074,1.2391,2.85,9.5778,9.5142,1.9699,1.0866,1.0261,3.1447,3.1447,1130214.3001,971517.0043,554628.878,32346733.2689,27804816.6631,30.59,25.03,142.668
000002,万科A,全国地产,深圳,19910129,000002.SZ,20190628,27.86,27.96,27.69,27.81,27.84,-0.03,-0.1078,193978.01,539293.006,0.1997,0.3497,0.64,9.3067,9.2449,1.9142,1.0559,0.9971,3.2362,3.2362,1130214.3001,971517.0043,554628.878,31431259.6858,27017887.8896,30.62,25.06,142.668
000002,万科A,全国地产,深圳,19910129,000002.SZ,20190627,27.89,28.08,27.71,27.84,27.79,0.05,0.1799,274067.56,764026.965,0.2821,0.4941,0.76,9.3168,9.2549,1.9163,1.057,0.9982,3.2328,3.2328,1130214.3001,971517.0043,554628.878,31465166.1148,27047033.3997,30.57,25.01,142.668
000002,万科A,全国地产,深圳,19910129,000002.SZ,20190626,27.85,27.99,27.71,27.79,27.88,-0.09,-0.3228,184696.47,514385.338,0.1901,0.333,0.46,9.3,9.2383,1.9128,1.0551,0.9964,3.2386,3.2386,1130214.3001,971517.0043,554628.878,31408655.3998,26998457.5495,30.67,25.09,142.668
000002,万科A,全国地产,深圳,19910129,000002.SZ,20190625,28.17,28.25,27.63,27.88,28.13,-0.25,-0.8887,282512.76,786459.323,0.2908,0.5094,0.72,9.3301,9.2682,1.919,1.0585,0.9996,3.2281,3.2281,1130214.3001,971517.0043,554628.878,31510374.6868,27085894.0799,30.94,25.32,142.668
000002,万科A,全国地产,深圳,19910129,000002.SZ,20190624,28.12,28.25,28.03,28.13,28.31,-0.18,-0.6358,270128.91,759269.848,0.278,0.487,0.73,9.4138,9.3513,1.9362,1.068,1.0086,3.1994,3.1994,1130214.3001,971517.0043,554628.878,31792928.2618,27328773.331,31.14,25.48,142.668
000002,万科A,全国地产,深圳,19910129,000002.SZ,20190621,28.4,28.52,28.12,28.31,28.45,-0.14,-0.4921,492537.55,1392207.007,0.507,0.888,1.47,9.474,9.4111,1.9486,1.0749,1.015,3.1791,3.1791,1130214.3001,971517.0043,554628.878,31996366.8358,27503646.3917,31.3,25.61,142.668
000002,万科A,全国地产,深圳,19910129,000002.SZ,20190620,27.7,28.45,27.63,28.45,27.73,0.72,2.5965,577484.39,1628818.51,0.5944,1.0412,2.15,9.5209,9.4577,1.9582,1.0802,1.02,3.1634,3.1634,1130214.3001,971517.0043,554628.878,32154596.8378,27639658.7723,30.5,24.96,142.668
000002,万科A,全国地产,深圳,19910129,000002.SZ,20190619,28.2,28.38,27.59,27.73,27.7,0.03,0.1083,390157.88,1090051.95,0.4016,0.7035,1.6,9.2799,9.2183,1.9087,1.0528,0.9942,3.2456,3.2456,1130214.3001,971517.0043,554628.878,31340842.5418,26940166.5292,30.47,24.93,142.668
000002,万科A,全国地产,深圳,19910129,000002.SZ,20190618,28.08,28.11,27.4,27.7,27.91,-0.21,-0.7524,219162.16,605621.875,0.2256,0.3952,0.75,9.2699,9.2084,1.9066,1.0517,0.9932,3.2491,3.2491,1130214.3001,971517.0043,554628.878,31306936.1128,26911021.0191,30.7,25.12,142.668
000002,万科A,全国地产,深圳,19910129,000002.SZ,20190617,27.8,28.2,27.75,27.91,27.93,-0.02,-0.0716,171672.79,480406.921,0.1767,0.3095,0.47,9.3402,9.2782,1.9211,1.0597,1.0007,3.2247,3.2247,1130214.3001,971517.0043,554628.878,31544281.1158,27115039.59,30.72,25.14,142.668
000002,万科A,全国地产,深圳,19910129,000002.SZ,20190614,28.01,28.29,27.78,27.93,27.83,0.1,0.3593,311417.81,874904.945,0.3205,0.5615,0.85,9.3469,9.2848,1.9224,1.0604,1.0014,3.2223,3.2223,1130214.3001,971517.0043,554628.878,31566885.4018,27134469.9301,30.61,25.05,142.668
000002,万科A,全国地产,深圳,19910129,000002.SZ,20190613,28.0,28.05,27.58,27.83,28.0,-0.17,-0.6071,250431.08,695293.629,0.2578,0.4515,0.58,9.3134,9.2516,1.9156,1.0566,0.9978,3.2339,3.2339,1130214.3001,971517.0043,554628.878,31453863.9718,27037318.2297,30.8,25.2,142.668
000002,万科A,全国地产,深圳,19910129,000002.SZ,20190612,28.24,28.29,27.81,28.0,28.33,-0.33,-1.1648,269372.24,753190.18,0.2773,0.4857,0.64,9.3703,9.3081,1.9273,1.0631,1.0039,3.2143,3.2143,1130214.3001,971517.0043,554628.878,31646000.4028,27202476.1204,31.16,25.5,142.668
000002,万科A,全国地产,深圳,19910129,000002.SZ,20190611,27.87,28.45,27.85,28.33,27.81,0.52,1.8698,449630.05,1271956.403,0.4628,0.8107,1.15,9.4807,9.4178,1.95,1.0756,1.0157,3.1768,3.1768,1130214.3001,971517.0043,554628.878,32018971.1218,27523076.7318,30.59,25.03,142.668
000002,万科A,全国地产,深圳,19910129,000002.SZ,20190610,27.29,28.05,27.17,27.81,27.12,0.69,2.5442,527547.02,1466767.218,0.543,0.9512,1.62,9.3067,9.2449,1.9142,1.0559,0.9971,3.2362,3.2362,1130214.3001,971517.0043,554628.878,31431259.6858,27017887.8896,29.83,24.41,142.668
000002,万科A,全国地产,深圳,19910129,000002.SZ,20190606,27.01,27.29,26.92,27.12,27.03,0.09,0.333,333792.05,905462.519,0.3436,0.6018,1.11,9.0758,9.0155,1.8667,1.0297,0.9724,3.3186,3.3186,1130214.3001,971517.0043,554628.878,30651411.8187,26347541.1566,29.73,24.33,142.668
000002,万科A,全国地产,深圳,19910129,000002.SZ,20190605,26.64,27.28,26.63,27.03,26.3,0.73,2.7757,576164.47,1553688.615,0.5931,1.0388,2.54,9.0457,8.9856,1.8605,1.0263,0.9691,3.3296,3.3296,1130214.3001,971517.0043,554628.878,30549692.5317,26260104.6262,28.93,23.67,142.668
000002,万科A,全国地产,深圳,19910129,000002.SZ,20190604,26.47,26.54,26.25,26.3,26.44,-0.14,-0.5295,203260.7,536198.035,0.2092,0.3665,0.76,8.8014,8.743,1.8103,0.9985,0.943,3.4221,3.4221,1130214.3001,971517.0043,554628.878,29724636.0926,25550897.2131,29.08,23.8,142.668
000002,万科A,全国地产,深圳,19910129,000002.SZ,20190603,26.81,27.02,26.28,26.44,26.7,-0.26,-0.9738,317567.97,842709.495,0.3269,0.5726,1.24,8.8482,8.7895,1.8199,1.0039,0.948,3.4039,3.4039,1130214.3001,971517.0043,554628.878,29882866.0946,25686909.5937,29.37,24.03,142.668
000002,万科A,全国地产,深圳,19910129,000002.SZ,20190531,26.85,27.07,26.7,26.7,26.92,-0.22,-0.8172,200145.95,537589.152,0.206,0.3609,0.78,8.9353,8.8759,1.8378,1.0137,0.9573,3.3708,3.3708,1130214.3001,971517.0043,554628.878,30176721.8127,25939504.0148,29.61,24.23,142.668
000002,万科A,全国地产,深圳,19910129,000002.SZ,20190530,27.11,27.11,26.73,26.92,27.16,-0.24,-0.8837,200526.45,539117.119,0.2064,0.3616,0.75,9.0089,8.9491,1.8529,1.0221,0.9652,3.3432,3.3432,1130214.3001,971517.0043,554628.878,30425368.9587,26153237.7558,29.88,24.44,142.668
000002,万科A,全国地产,深圳,19910129,000002.SZ,20190529,27.3,27.42,27.01,27.16,27.62,-0.46,-1.6655,214728.53,583352.716,0.221,0.3872,0.8,9.0892,9.0288,1.8694,1.0312,0.9738,3.3137,3.3137,1130214.3001,971517.0043,554628.878,30696620.3907,26386401.8368,30.38,24.86,142.668
000002,万科A,全国地产,深圳,19910129,000002.SZ,20190528,27.0,27.62,26.84,27.62,27.0,0.62,2.2963,409946.38,1117493.898,0.422,0.7391,1.72,9.2431,9.1818,1.9011,1.0487,0.9903,3.2585,3.2585,1130214.3001,971517.0043,554628.878,31216518.9688,26833299.6588,29.7,24.3,142.668
000002,万科A,全国地产,深圳,19910129,000002.SZ,20190527,26.79,27.08,26.3,27.0,26.82,0.18,0.6711,251967.8,674457.193,0.2594,0.4543,1.05,9.0357,8.9757,1.8584,1.0251,0.9681,3.3333,3.3333,1130214.3001,971517.0043,554628.878,30515786.1027,26230959.1161,29.5,24.14,142.668
000002,万科A,全国地产,深圳,19910129,000002.SZ,20190524,26.9,27.05,26.61,26.82,26.72,0.1,0.3743,197829.77,530462.435,0.2036,0.3567,0.75,8.9754,8.9158,1.846,1.0183,0.9616,3.3557,3.3557,1130214.3001,971517.0043,554628.878,30312347.5287,26056086.0553,29.39,24.05,142.668
000002,万科A,全国地产,深圳,19910129,000002.SZ,20190523,27.2,27.28,26.66,26.72,27.36,-0.64,-2.3392,270740.52,726962.131,0.2787,0.4881,1.0,8.9419,8.8826,1.8392,1.0145,0.958,3.3683,3.3683,1130214.3001,971517.0043,554628.878,30199326.0987,25958934.3549,30.1,24.62,142.668
000002,万科A,全国地产,深圳,19910129,000002.SZ,20190522,27.4,27.59,27.1,27.36,27.52,-0.16,-0.5814,204648.14,560169.485,0.2106,0.369,0.67,9.1561,9.0953,1.8832,1.0388,0.981,3.2895,3.2895,1130214.3001,971517.0043,554628.878,30922663.2507,26580705.2376,30.27,24.77,142.668
000002,万科A,全国地产,深圳,19910129,000002.SZ,20190521,27.28,27.79,27.2,27.52,27.26,0.26,0.9538,265603.89,731405.403,0.2734,0.4789,0.83,9.2097,9.1485,1.8942,1.0449,0.9867,3.2703,3.2703,1130214.3001,971517.0043,554628.878,31103497.5388,26736147.9583,29.99,24.53,142.668
000002,万科A,全国地产,深圳,19910129,000002.SZ,20190520,27.48,27.64,26.91,27.26,27.36,-0.1,-0.3655,255968.34,696860.585,0.2635,0.4615,0.77,9.1227,9.0621,1.8763,1.035,0.9774,3.3015,3.3015,1130214.3001,971517.0043,554628.878,30809641.8207,26483553.5372,30.1,24.62,142.668
000002,万科A,全国地产,深圳,19910129,000002.SZ,20190517,28.2,28.21,27.3,27.36,28.13,-0.77,-2.7373,326650.96,902757.789,0.3362,0.589,0.9,9.1561,9.0953,1.8832,1.0388,0.981,3.2895,3.2895,1130214.3001,971517.0043,554628.878,30922663.2507,26580705.2376,30.94,25.32,142.668
000002,万科A,全国地产,深圳,19910129,000002.SZ,20190516,27.87,28.19,27.82,28.13,28.02,0.11,0.3926,307265.23,861546.311,0.3163,0.554,0.83,9.4138,9.3513,1.9362,1.068,1.0086,3.1994,3.1994,1130214.3001,971517.0043,554628.878,31792928.2618,27328773.331,30.82,25.22,142.668
000002,万科A,全国地产,深圳,19910129,000002.SZ,20190515,27.85,28.27,27.8,28.02,27.6,0.42,1.5217,374566.59,1051240.514,0.3855,0.6753,1.02,9.377,9.3147,1.9286,1.0638,1.0046,3.212,3.212,1130214.3001,971517.0043,554628.878,31668604.6888,27221906.4605,30.36,24.84,142.668
000002,万科A,全国地产,深圳,19910129,000002.SZ,20190514,27.66,28.08,27.4,27.6,28.05,-0.45,-1.6043,343951.88,955114.028,0.354,0.6201,0.86,9.2364,9.1751,1.8997,1.0479,0.9896,3.2609,3.2609,1130214.3001,971517.0043,554628.878,31193914.6828,26813869.3187,30.86,25.25,142.668
000002,万科A,全国地产,深圳,19910129,000002.SZ,20190513,27.53,28.08,27.45,28.05,28.03,0.02,0.0714,312444.54,868824.129,0.3216,0.5633,0.66,9.387,9.3247,1.9307,1.065,1.0057,3.2086,3.2086,1130214.3001,971517.0043,554628.878,31702511.1178,27251051.9706,30.83,25.23,142.668
000002,万科A,全国地产,深圳,19910129,000002.SZ,20190510,27.27,28.09,26.83,28.03,27.02,1.01,3.738,471861.16,1306268.299,0.4857,0.8508,0.98,9.3803,9.3181,1.9293,1.0642,1.005,3.2108,3.2108,1130214.3001,971517.0043,554628.878,31679906.8318,27231621.6305,29.72,24.32,142.668
000002,万科A,全国地产,深圳,19910129,000002.SZ,20190509,27.28,27.49,26.7,27.02,27.39,-0.37,-1.3509,350943.63,948118.21,0.3612,0.6328,0.69,9.0423,8.9823,1.8598,1.0259,0.9688,3.3309,3.3309,1130214.3001,971517.0043,554628.878,30538390.3887,26250389.4562,30.13,24.65,142.668
000002,万科A,全国地产,深圳,19910129,000002.SZ,20190508,27.42,28.01,27.26,27.39,27.98,-0.59,-2.1086,353879.44,976776.033,0.3643,0.638,0.68,9.1662,9.1053,1.8853,1.0399,0.982,3.2859,3.2859,1130214.3001,971517.0043,554628.878,30956569.6797,26609850.7478,30.78,25.18,142.668
000002,万科A,全国地产,深圳,19910129,000002.SZ,20190507,27.46,28.16,27.38,27.98,27.1,0.88,3.2472,503032.08,1399420.576,0.5178,0.907,0.98,9.3636,9.3014,1.9259,1.0623,1.0032,3.2166,3.2166,1130214.3001,971517.0043,554628.878,31623396.1168,27183045.7803,29.81,24.39,142.668
000002,万科A,全国地产,深圳,19910129,000002.SZ,20190506,28.0,28.31,26.7,27.1,28.88,-1.78,-6.1634,700696.43,1919848.706,0.7212,1.2634,1.51,9.0691,9.0089,1.8653,1.0289,0.9716,3.321,3.321,1130214.3001,971517.0043,554628.878,30628807.5327,26328110.8165,31.77,25.99,142.668
000002,万科A,全国地产,深圳,19910129,000002.SZ,20190430,29.05,29.16,28.38,28.88,29.35,-0.47,-1.6014,503763.88,1449578.216,0.5185,0.9083,1.04,9.6648,9.6006,1.9878,1.0965,1.0355,3.1163,3.1163,1130214.3001,971517.0043,554628.878,32640588.9869,28057411.0842,32.29,26.42,142.668
000002,万科A,全国地产,深圳,19910129,000002.SZ,20190429,29.01,29.56,29.0,29.35,29.08,0.27,0.9285,498386.08,1461313.479,0.513,0.8986,0.79,9.8221,9.8221,2.0424,1.1143,1.1143,3.0664,3.0664,1130214.3001,971517.0043,554628.878,33171789.7079,28514024.0762,31.99,26.17,142.668
000002,万科A,全国地产,深圳,19910129,000002.SZ,20190426,29.1,29.38,28.9,29.08,29.39,-0.31,-1.0548,396883.02,1155739.978,0.4085,0.7156,0.61,9.7317,9.7317,2.0236,1.1041,1.1041,3.0949,3.0949,1130214.3001,971517.0043,554628.878,32866631.8469,28251714.485,32.33,26.45,142.668
000002,万科A,全国地产,深圳,19910129,000002.SZ,20190425,29.41,29.86,29.2,29.39,29.6,-0.21,-0.7095,472220.93,1392245.656,0.4861,0.8514,0.73,9.8355,9.8355,2.0452,1.1159,1.1159,3.0623,3.0623,1130214.3001,971517.0043,554628.878,33216998.2799,28552884.7564,32.56,26.64,142.668
000002,万科A,全国地产,深圳,19910129,000002.SZ,20190424,29.8,29.81,29.01,29.6,29.51,0.09,0.305,447456.67,1315291.224,0.4606,0.8068,0.68,9.9057,9.9057,2.0598,1.1238,1.1238,3.0405,3.0405,1130214.3001,971517.0043,554628.878,33454343.283,28756903.3273,32.46,26.56,142.668
000002,万科A,全国地产,深圳,19910129,000002.SZ,20190423,29.4,29.75,29.25,29.51,29.51,0.0,0.0,599063.79,1768285.804,0.6166,1.0801,0.88,9.8756,9.8756,2.0536,1.1204,1.1204,3.0498,3.0498,1130214.3001,971517.0043,554628.878,33352623.996,28669466.7969,32.46,26.56,142.668
000002,万科A,全国地产,深圳,19910129,000002.SZ,20190422,30.97,30.97,29.31,29.51,31.48,-1.97,-6.2579,1254610.75,3759214.897,1.2914,2.2621,2.3,9.8756,9.8756,2.0536,1.1204,1.1204,3.0498,3.0498,1130214.3001,971517.0043,554628.878,33352623.996,28669466.7969,34.63,28.33,142.668
000002,万科A,全国地产,深圳,19910129,000002.SZ,20190419,30.61,31.51,30.46,31.48,30.7,0.78,2.5407,454556.96,1409527.11,0.4679,0.8196,0.83,10.5349,10.5349,2.1906,1.1952,1.1952,2.859,2.859,1130214.3001,971517.0043,554628.878,35579146.1671,30583355.2954,33.77,27.63,142.668
000002,万科A,全国地产,深圳,19910129,000002.SZ,20190418,30.84,30.84,30.31,30.7,30.98,-0.28,-0.9038,459263.6,1404300.843,0.4727,0.8281,0.8,10.2739,10.2739,2.1364,1.1656,1.1656,2.9316,2.9316,1130214.3001,971517.0043,554628.878,34697579.0131,29825572.032,34.08,27.88,142.668
000002,万科A,全国地产,深圳,19910129,000002.SZ,20190417,31.5,31.5,30.77,30.98,31.64,-0.66,-2.086,543534.05,1683838.795,0.5595,0.98,0.95,10.3676,10.3676,2.1558,1.1762,1.1762,2.9051,2.9051,1130214.3001,971517.0043,554628.878,35014039.0171,30097596.7932,34.8,28.48,142.668
000002,万科A,全国地产,深圳,19910129,000002.SZ,20190416,30.75,31.68,30.01,31.64,30.94,0.7,2.2624,709185.0,2185563.502,0.73,1.2787,1.16,10.5884,10.5884,2.2018,1.2013,1.2013,2.8445,2.8445,1130214.3001,971517.0043,554628.878,35759980.4552,30738798.0161,34.03,27.85,142.668
000002,万科A,全国地产,深圳,19910129,000002.SZ,20190415,31.77,32.0,30.88,30.94,31.09,-0.15,-0.4825,557808.53,1759310.281,0.5742,1.0057,0.86,10.3542,10.3542,2.1531,1.1747,1.1747,2.9089,2.9089,1130214.3001,971517.0043,554628.878,34968830.4451,30058736.113,34.2,27.98,142.668
000002,万科A,全国地产,深圳,19910129,000002.SZ,20190412,31.57,31.77,30.81,31.09,31.84,-0.75,-2.3555,482436.77,1504490.056,0.4966,0.8698,0.7,10.4044,10.4044,2.1635,1.1804,1.1804,2.8948,2.8948,1130214.3001,971517.0043,554628.878,35138362.5901,30204463.6637,35.02,28.66,142.668
000002,万科A,全国地产,深圳,19910129,000002.SZ,20190411,32.65,33.2,31.41,31.84,32.77,-0.93,-2.838,573781.88,1842346.196,0.5906,1.0345,0.86,10.6554,10.6554,2.2157,1.2089,1.2089,2.8266,2.8266,1130214.3001,971517.0043,554628.878,35986023.3152,30933101.4169,36.05,29.49,142.668
000002,万科A,全国地产,深圳,19910129,000002.SZ,20190410,32.9,33.2,32.4,32.77,33.48,-0.71,-2.1207,539052.88,1763295.16,0.5549,0.9719,0.82,10.9666,10.9666,2.2804,1.2442,1.2442,2.7464,2.7464,1130214.3001,971517.0043,554628.878,37037122.6143,31836612.2309,36.83,30.13,142.668
000002,万科A,全国地产,深圳,19910129,000002.SZ,20190409,32.06,33.6,31.78,33.48,31.54,1.94,6.1509,904186.99,2952702.145,0.9307,1.6303,1.3,11.2042,11.2042,2.3298,1.2712,1.2712,2.6882,2.6882,1130214.3001,971517.0043,554628.878,37839574.7673,32526389.304,34.69,28.39,142.668
000002,万科A,全国地产,深圳,19910129,000002.SZ,20190408,32.28,32.8,31.25,31.54,32.22,-0.68,-2.1105,744881.41,2375321.233,0.7667,1.343,1.01,10.555,10.555,2.1948,1.1975,1.1975,2.8535,2.8535,1130214.3001,971517.0043,554628.878,35646959.0252,30641646.3156,35.44,29.0,142.668
000002,万科A,全国地产,深圳,19910129,000002.SZ,20190404,32.5,33.12,31.75,32.22,32.49,-0.27,-0.831,692092.74,2238380.963,0.7124,1.2478,0.98,10.5316,10.5316,2.2835,1.1948,1.1948,2.7933,2.7933,1103915.2001,971517.0043,554628.878,35568147.7472,31302277.8785,35.74,29.24,142.668
000002,万科A,全国地产,深圳,19910129,000002.SZ,20190403,31.88,32.52,31.4,32.49,31.99,0.5,1.563,453116.53,1450033.729,0.4664,0.817,0.64,10.6199,10.6199,2.3026,1.2049,1.2049,2.7701,2.7701,1103915.2001,971517.0043,554628.878,35866204.8512,31564587.4697,35.19,28.79,142.668
000002,万科A,全国地产,深圳,19910129,000002.SZ,20190402,32.13,32.48,31.71,31.99,32.07,-0.08,-0.2495,509272.85,1631797.324,0.5242,0.9182,0.7,10.4565,10.4565,2.2672,1.1863,1.1863,2.8134,2.8134,1103915.2001,971517.0043,554628.878,35314247.2512,31078828.9676,35.28,28.86,142.668
000002,万科A,全国地产,深圳,19910129,000002.SZ,20190401,31.02,33.1,31.0,32.07,30.72,1.35,4.3945,1078515.11,3449265.526,1.1101,1.9446,1.77,10.4826,10.4826,2.2728,1.1893,1.1893,2.8064,2.8064,1103915.2001,971517.0043,554628.878,35402560.4672,31156550.3279,33.79,27.65,142.668
000002,万科A,全国地产,深圳,19910129,000002.SZ,20190329,28.8,30.75,28.75,30.72,28.8,1.92,6.6667,970329.93,2903231.426,0.9988,1.7495,1.96,10.0413,10.0413,2.1772,1.1392,1.1392,2.9297,2.9297,1103915.2001,971517.0043,554628.878,33912274.9471,29845002.3721,31.68,25.92,142.668
000002,万科A,全国地产,深圳,19910129,000002.SZ,20190328,28.8,29.52,28.51,28.8,28.95,-0.15,-0.5181,517324.89,1500669.727,0.5325,0.9327,0.98,9.4138,9.4138,2.0411,1.068,1.068,3.125,3.125,1103915.2001,971517.0043,554628.878,31792757.7629,27979689.7238,31.85,26.06,142.668
000002,万科A,全国地产,深圳,19910129,000002.SZ,20190327,28.55,29.05,28.23,28.95,28.29,0.66,2.333,456424.21,1311815.605,0.4698,0.8229,0.82,9.4628,9.4628,2.0517,1.0736,1.0736,3.1088,3.1088,1103915.2001,971517.0043,554628.878,31958345.0429,28125417.2745,31.12,25.46,142.668
000002,万科A,全国地产,深圳,19910129,000002.SZ,20190326,28.51,28.96,28.21,28.29,28.16,0.13,0.4616,614437.94,1753983.322,0.6325,1.1078,1.04,9.2471,9.2471,2.0049,1.0491,1.0491,3.1813,3.1813,1103915.2001,971517.0043,554628.878,31229761.0108,27484216.0516,30.98,25.34,142.668
000002,万科A,全国地产,深圳,19910129,000002.SZ,20190325,28.84,28.92,28.11,28.16,29.19,-1.03,-3.5286,485411.76,1382259.059,0.4996,0.8752,0.7,11.0817,10.0455,2.2204,1.2798,1.03,3.196,3.196,1103915.2001,971517.0043,554628.878,31086252.0348,27357918.8411,32.11,26.27,142.668
000002,万科A,全国地产,深圳,19910129,000002.SZ,20190322,29.38,29.4,28.68,29.19,29.55,-0.36,-1.2183,403115.17,1170173.99,0.4149,0.7268,0.53,11.4871,10.413,2.3016,1.3266,1.0676,3.0832,3.0832,1103915.2001,971517.0043,554628.878,32223284.6909,28358581.3555,32.51,26.6,142.668
000002,万科A,全国地产,深圳,19910129,000002.SZ,20190321,29.63,30.14,29.42,29.55,29.53,0.02,0.0677,673372.69,2006633.33,0.6931,1.2141,0.9,11.6287,10.5414,2.33,1.343,1.0808,3.0457,3.0457,1103915.2001,971517.0043,554628.878,32620694.163,28708327.4771,32.48,26.58,142.668
000002,万科A,全国地产,深圳,19910129,000002.SZ,20190320,29.15,29.76,28.65,29.53,29.15,0.38,1.3036,618588.58,1807275.592,0.6367,1.1153,0.79,11.6209,10.5342,2.3284,1.3421,1.0801,3.0477,3.0477,1103915.2001,971517.0043,554628.878,32598615.859,28688897.137,32.07,26.24,142.668
000002,万科A,全国地产,深圳,19910129,000002.SZ,20190319,29.4,30.2,28.95,29.15,29.37,-0.22,-0.7491,769978.94,2266655.141,0.7926,1.3883,0.98,11.4713,10.3987,2.2985,1.3248,1.0662,3.0875,3.0875,1103915.2001,971517.0043,554628.878,32179128.0829,28319720.6753,32.31,26.43,142.668
000002,万科A,全国地产,深圳,19910129,000002.SZ,20190318,28.06,29.42,27.76,29.37,28.07,1.3,4.6313,984627.78,2830974.395,1.0135,1.7753,1.26,11.5579,10.4772,2.3158,1.3348,1.0742,3.0644,3.0644,1103915.2001,971517.0043,554628.878,32421989.4269,28533454.4163,30.88,25.26,142.668
000002,万科A,全国地产,深圳,19910129,000002.SZ,20190315,27.5,28.36,27.37,28.07,27.46,0.61,2.2214,778181.37,2174877.993,0.801,1.4031,0.98,11.0463,10.0134,2.2133,1.2757,1.0267,3.2063,3.2063,1103915.2001,971517.0043,554628.878,30986899.6668,27270482.3107,30.21,24.71,142.668
000002,万科A,全国地产,深圳,19910129,000002.SZ,20190314,27.5,28.16,27.23,27.46,27.81,-0.35,-1.2585,575706.24,1593774.07,0.5926,1.038,0.7,10.8063,9.7958,2.1652,1.248,1.0044,3.2775,3.2775,1103915.2001,971517.0043,554628.878,30313511.3947,26677856.9381,30.59,25.03,142.668
000002,万科A,全国地产,深圳,19910129,000002.SZ,20190313,27.4,28.25,26.85,27.81,27.45,0.36,1.3115,791460.59,2189131.853,0.8147,1.427,0.95,10.944,9.9207,2.1928,1.2639,1.0172,3.2362,3.2362,1103915.2001,971517.0043,554628.878,30699881.7148,27017887.8896,30.2,24.71,142.668
000002,万科A,全国地产,深圳,19910129,000002.SZ,20190312,28.0,28.0,27.2,27.45,27.45,0.0,0.0,796192.89,2196590.644,0.8195,1.4355,0.95,10.8023,9.7922,2.1644,1.2475,1.004,3.2787,3.2787,1103915.2001,971517.0043,554628.878,30302472.2427,26668141.768,30.2,24.71,142.668
000002,万科A,全国地产,深圳,19910129,000002.SZ,20190311,27.0,27.49,26.36,27.45,27.4,0.05,0.1825,968609.59,2604445.077,0.997,1.7464,1.04,10.8023,9.7922,2.1644,1.2475,1.004,3.2787,3.2787,1103915.2001,971517.0043,554628.878,30302472.2427,26668141.768,30.14,24.66,142.668
000002,万科A,全国地产,深圳,19910129,000002.SZ,20190308,28.02,28.23,27.02,27.4,28.57,-1.17,-4.0952,837383.06,2311425.526,0.8619,1.5098,0.9,10.7826,9.7744,2.1605,1.2453,1.0022,3.2847,3.2847,1103915.2001,971517.0043,554628.878,30247276.4827,26619565.9178,31.43,25.71,142.668
000002,万科A,全国地产,深圳,19910129,000002.SZ,20190307,29.35,29.35,28.42,28.57,29.48,-0.91,-3.0868,744106.87,2136857.024,0.7659,1.3416,0.82,11.2431,10.1918,2.2528,1.2984,1.045,3.1502,3.1502,1103915.2001,971517.0043,554628.878,31538857.2669,27756240.8129,32.43,26.53,142.668
000002,万科A,全国地产,深圳,19910129,000002.SZ,20190306,30.11,30.2,29.06,29.48,29.94,-0.46,-1.5364,813470.26,2387231.851,0.8373,1.4667,0.88,11.6012,10.5164,2.3245,1.3398,1.0782,3.0529,3.0529,1103915.2001,971517.0043,554628.878,32543420.0989,28640321.2868,32.93,26.95,142.668
000002,万科A,全国地产,深圳,19910129,000002.SZ,20190305,29.69,30.52,29.47,29.94,29.7,0.24,0.8081,835555.95,2503625.218,0.8601,1.5065,0.87,11.7822,10.6805,2.3608,1.3607,1.0951,3.006,3.006,1103915.2001,971517.0043,554628.878,33051221.091,29087219.1087,32.67,26.73,142.668
000002,万科A,全国地产,深圳,19910129,000002.SZ,20190304,28.8,30.35,28.54,29.7,28.54,1.16,4.0645,1414795.23,4185090.676,1.4563,2.5509,1.51,11.6878,10.5949,2.3419,1.3498,1.0863,3.0303,3.0303,1103915.2001,971517.0043,554628.878,32786281.443,28854055.0277,31.39,25.69,142.668
000002,万科A,全国地产,深圳,19910129,000002.SZ,20190301,28.1,28.54,27.56,28.54,27.99,0.55,1.965,851785.37,2389355.365,0.8768,1.5358,0.96,11.2313,10.1811,2.2504,1.2971,1.0439,3.1535,3.1535,1103915.2001,971517.0043,554628.878,31505739.8109,27727095.3027,30.79,25.19,142.668
000002,万科A,全国地产,深圳,19910129,000002.SZ,20190228,27.8,28.55,27.72,27.99,28.01,-0.02,-0.0714,606374.98,1705080.843,0.6242,1.0933,0.68,11.0148,9.9849,2.207,1.2721,1.0237,3.2154,3.2154,1103915.2001,971517.0043,554628.878,30898586.4508,27192760.9504,30.81,25.21,142.668
000002,万科A,全国地产,深圳,19910129,000002.SZ,20190227,27.79,28.5,27.38,28.01,27.79,0.22,0.7917,919166.28,2560423.679,0.9461,1.6573,1.08,11.0227,9.992,2.2086,1.273,1.0245,3.2131,3.2131,1103915.2001,971517.0043,554628.878,30920664.7548,27212191.2904,30.57,25.01,142.668
000002,万科A,全国地产,深圳,19910129,000002.SZ,20190226,28.46,28.85,27.72,27.79,28.39,-0.6,-2.1134,982519.78,2772109.82,1.0113,1.7715,1.28,10.9361,9.9135,2.1912,1.263,1.0164,3.2386,3.2386,1103915.2001,971517.0043,554628.878,30677803.4108,26998457.5495,31.23,25.55,142.668
000002,万科A,全国地产,深圳,19910129,000002.SZ,20190225,27.0,28.67,26.86,28.39,26.97,1.42,5.2651,1328512.83,3693496.637,1.3675,2.3953,2.07,11.1722,10.1276,2.2386,1.2903,1.0384,3.1701,3.1701,1103915.2001,971517.0043,554628.878,31340152.5308,27581367.7521,29.67,24.27,142.668
000002,万科A,全国地产,深圳,19910129,000002.SZ,20190222,26.87,26.98,26.25,26.97,26.95,0.02,0.0742,616049.02,1637780.572,0.6341,1.1107,0.96,10.6134,9.621,2.1266,1.2257,0.9864,3.337,3.337,1103915.2001,971517.0043,554628.878,29772592.9467,26201813.606,29.65,24.26,142.668
000002,万科A,全国地产,深圳,19910129,000002.SZ,20190221,27.5,27.6,26.81,26.95,27.63,-0.68,-2.4611,616527.27,1673690.928,0.6346,1.1116,0.98,10.6056,9.6139,2.125,1.2248,0.9857,3.3395,3.3395,1103915.2001,971517.0043,554628.878,29750514.6427,26182383.2659,30.39,24.87,142.668
000002,万科A,全国地产,深圳,19910129,000002.SZ,20190220,27.0,27.88,26.78,27.63,27.03,0.6,2.2198,708069.79,1946411.546,0.7288,1.2767,1.14,10.8732,9.8565,2.1786,1.2557,1.0106,3.2573,3.2573,1103915.2001,971517.0043,554628.878,30501176.9788,26843014.8288,29.73,24.33,142.668
000002,万科A,全国地产,深圳,19910129,000002.SZ,20190219,27.35,27.39,26.91,27.03,27.2,-0.17,-0.625,581793.8,1578093.49,0.5989,1.049,0.96,10.637,9.6424,2.1313,1.2285,0.9886,3.3296,3.3296,1103915.2001,971517.0043,554628.878,29838827.8587,26260104.6262,29.92,24.48,142.668
000002,万科A,全国地产,深圳,19910129,000002.SZ,20190218,26.85,27.2,26.67,27.2,26.55,0.65,2.4482,689164.95,1857391.137,0.7094,1.2426,1.23,10.7039,9.7031,2.1447,1.2362,0.9949,3.3088,3.3088,1103915.2001,971517.0043,554628.878,30026493.4427,26425262.517,29.21,23.9,142.668
000002,万科A,全国地产,深圳,19910129,000002.SZ,20190215,27.29,27.42,26.5,26.55,27.44,-0.89,-3.2434,622319.82,1674145.046,0.6406,1.122,1.15,10.4481,9.4712,2.0935,1.2066,0.9711,3.3898,3.3898,1103915.2001,971517.0043,554628.878,29308948.5627,25793776.4642,30.18,24.7,142.668
000002,万科A,全国地产,深圳,19910129,000002.SZ,20190214,27.59,27.68,27.17,27.44,27.77,-0.33,-1.1883,548813.88,1501936.309,0.5649,0.9895,1.07,10.7984,9.7887,2.1637,1.2471,1.0036,3.2799,3.2799,1103915.2001,971517.0043,554628.878,30291433.0907,26658426.598,30.55,24.99,142.668
000002,万科A,全国地产,深圳,19910129,000002.SZ,20190213,27.35,27.98,27.13,27.77,27.4,0.37,1.3504,671739.48,1849718.606,0.6914,1.2112,1.35,10.9283,9.9064,2.1897,1.2621,1.0157,3.2409,3.2409,1103915.2001,971517.0043,554628.878,30655725.1068,26979027.2094,30.14,24.66,142.668
000002,万科A,全国地产,深圳,19910129,000002.SZ,20190212,27.45,27.58,26.85,27.4,27.67,-0.27,-0.9758,510238.63,1387073.367,0.5252,0.92,1.09,10.7826,9.7744,2.1605,1.2453,1.0022,3.2847,3.2847,1103915.2001,971517.0043,554628.878,30247276.4827,26619565.9178,30.44,24.9,142.668
000002,万科A,全国地产,深圳,19910129,000002.SZ,20190211,27.27,27.69,26.89,27.67,27.68,-0.01,-0.0361,448513.22,1222114.37,0.4617,0.8087,1.02,10.8889,9.8707,2.1818,1.2575,1.012,3.2526,3.2526,1103915.2001,971517.0043,554628.878,30545333.5868,26881875.509,30.45,24.91,142.668
000002,万科A,全国地产,深圳,19910129,000002.SZ,20190201,28.15,28.22,26.98,27.68,27.75,-0.07,-0.2523,518543.17,1415838.207,0.5337,0.9349,1.22,10.8928,9.8743,2.1826,1.258,1.0124,3.2514,3.2514,1103915.2001,971517.0043,554628.878,30556372.7388,26891590.679,30.53,24.98,142.668
000002,万科A,全国地产,深圳,19910129,000002.SZ,20190131,27.39,28.15,27.0,27.75,27.21,0.54,1.9846,411857.6,1138512.393,0.4239,0.7426,1.05,10.9204,9.8993,2.1881,1.2612,1.015,3.2432,3.2432,1103915.2001,971517.0043,554628.878,30633646.8028,26959596.8693,29.93,24.49,142.668
000002,万科A,全国地产,深圳,19910129,000002.SZ,20190130,26.7,27.82,26.63,27.21,26.88,0.33,1.2277,592303.18,1615186.856,0.6097,1.0679,1.96,10.7079,9.7066,2.1455,1.2366,0.9952,3.3076,3.3076,1103915.2001,971517.0043,554628.878,30037532.5947,26434977.687,29.57,24.19,142.668
000002,万科A,全国地产,深圳,19910129,000002.SZ,20190129,25.91,26.88,25.87,26.88,26.06,0.82,3.1466,368071.63,974279.357,0.3789,0.6636,1.21,10.578,9.5889,2.1195,1.2216,0.9831,3.3482,3.3482,1103915.2001,971517.0043,554628.878,29673240.5787,26114377.0756,28.67,23.45,142.668
000002,万科A,全国地产,深圳,19910129,000002.SZ,20190128,26.2,26.62,25.86,26.06,26.1,-0.04,-0.1533,308906.56,810288.818,0.318,0.557,1.05,10.2553,9.2964,2.0548,1.1844,0.9532,3.4536,3.4536,1103915.2001,971517.0043,554628.878,28768030.1146,25317733.1321,28.71,23.49,142.668
000002,万科A,全国地产,深圳,19910129,000002.SZ,20190125,25.51,26.35,25.49,26.1,25.41,0.69,2.7155,451756.17,1176479.676,0.465,0.8145,1.63,10.2711,9.3107,2.058,1.1862,0.9546,3.4483,3.4483,1103915.2001,971517.0043,554628.878,28812186.7226,25356593.8122,27.95,22.87,142.668
000002,万科A,全国地产,深圳,19910129,000002.SZ,20190124,25.42,25.54,24.93,25.41,25.31,0.1,0.3951,234931.05,592822.911,0.2418,0.4236,0.84,9.9995,9.0645,2.0036,1.1548,0.9294,3.5419,3.5419,1103915.2001,971517.0043,554628.878,28050485.2345,24686247.0793,27.84,22.78,142.668
000002,万科A,全国地产,深圳,19910129,000002.SZ,20190123,25.35,25.49,25.2,25.31,25.4,-0.09,-0.3543,146847.03,371890.084,0.1512,0.2648,0.48,9.9602,9.0288,1.9957,1.1503,0.9257,3.5559,3.5559,1103915.2001,971517.0043,554628.878,27940093.7145,24589095.3788,27.94,22.86,142.668
000002,万科A,全国地产,深圳,19910129,000002.SZ,20190122,25.5,26.17,25.23,25.4,25.65,-0.25,-0.9747,379336.8,974822.713,0.3905,0.6839,1.26,9.9956,9.0609,2.0028,1.1544,0.929,3.5433,3.5433,1103915.2001,971517.0043,554628.878,28039446.0825,24676531.9092,28.22,23.09,142.668
000002,万科A,全国地产,深圳,19910129,000002.SZ,20190121,25.71,25.95,25.4,25.65,25.76,-0.11,-0.427,255499.85,655820.643,0.263,0.4607,0.89,10.094,9.1501,2.0225,1.1657,0.9382,3.5088,3.5088,1103915.2001,971517.0043,554628.878,28315424.8826,24919411.1603,28.34,23.18,142.668
000002,万科A,全国地产,深圳,19910129,000002.SZ,20190118,25.0,25.76,24.99,25.76,24.97,0.79,3.1638,365723.28,933464.191,0.3764,0.6594,1.4,10.1373,9.1894,2.0312,1.1707,0.9422,3.4938,3.4938,1103915.2001,971517.0043,554628.878,28436855.5546,25026278.0308,27.47,22.47,142.668
000002,万科A,全国地产,深圳,19910129,000002.SZ,20190117,25.5,25.5,24.94,24.97,25.42,-0.45,-1.7703,245895.86,618876.709,0.2531,0.4434,0.96,9.8264,8.9076,1.9689,1.1348,0.9133,3.6043,3.6043,1103915.2001,971517.0043,554628.878,27564762.5465,24258779.5974,27.96,22.88,142.668
000002,万科A,全国地产,深圳,19910129,000002.SZ,20190116,25.15,25.5,24.83,25.42,25.16,0.26,1.0334,267466.06,676685.59,0.2753,0.4822,0.99,10.0035,9.0681,2.0044,1.1553,0.9297,3.5405,3.5405,1103915.2001,971517.0043,554628.878,28061524.3865,24695962.2493,27.68,22.64,142.668
000002,万科A,全国地产,深圳,19910129,000002.SZ,20190115,25.0,25.16,24.32,25.16,25.02,0.14,0.5596,368758.85,914983.495,0.3796,0.6649,1.53,9.9011,8.9753,1.9839,1.1435,0.9202,3.5771,3.5771,1103915.2001,971517.0043,554628.878,27774506.4345,24443367.8282,27.52,22.52,142.668
000002,万科A,全国地产,深圳,19910129,000002.SZ,20190114,25.13,25.3,24.92,25.02,25.3,-0.28,-1.1067,183281.34,459151.853,0.1887,0.3305,0.63,9.8461,8.9254,1.9728,1.1371,0.9151,3.5971,3.5971,1103915.2001,971517.0043,554628.878,27619958.3065,24307355.4476,27.83,22.77,142.668
000002,万科A,全国地产,深圳,19910129,000002.SZ,20190111,25.1,25.54,25.01,25.3,25.11,0.19,0.7567,240694.9,606994.703,0.2478,0.434,0.76,9.9562,9.0253,1.9949,1.1498,0.9254,3.5573,3.5573,1103915.2001,971517.0043,554628.878,27929054.5625,24579380.2088,27.62,22.6,142.668
000002,万科A,全国地产,深圳,19910129,000002.SZ,20190110,25.22,25.56,25.03,25.11,25.33,-0.22,-0.8685,224649.2,568952.646,0.2312,0.405,0.71,9.8815,8.9575,1.9799,1.1412,0.9184,3.5842,3.5842,1103915.2001,971517.0043,554628.878,27719310.6745,24394791.978,27.86,22.8,142.668
000002,万科A,全国地产,深圳,19910129,000002.SZ,20190109,25.4,25.88,25.11,25.33,25.0,0.33,1.32,340140.62,867081.397,0.3501,0.6133,1.14,9.968,9.036,1.9973,1.1512,0.9265,3.5531,3.5531,1103915.2001,971517.0043,554628.878,27962172.0185,24608525.7189,27.5,22.5,142.668
000002,万科A,全国地产,深圳,19910129,000002.SZ,20190108,25.05,25.2,24.63,25.0,25.05,-0.05,-0.1996,214382.02,533604.348,0.2207,0.3865,0.67,9.8382,8.9183,1.9713,1.1362,0.9144,3.6,3.6,1103915.2001,971517.0043,554628.878,27597880.0025,24287925.1075,27.56,22.55,142.668
000002,万科A,全国地产,深圳,19910129,000002.SZ,20190107,25.29,25.53,24.99,25.05,24.93,0.12,0.4813,427154.85,1077909.188,0.4397,0.7702,1.4,9.8579,8.9361,1.9752,1.1385,0.9162,3.5928,3.5928,1103915.2001,971517.0043,554628.878,27653075.7625,24336500.9577,27.42,22.44,142.668
000002,万科A,全国地产,深圳,19910129,000002.SZ,20190104,23.91,25.0,23.85,24.93,24.07,0.86,3.5729,377727.21,927011.718,0.3888,0.681,1.38,9.8106,8.8933,1.9657,1.133,0.9118,3.6101,3.6101,1103915.2001,971517.0043,554628.878,27520605.9385,24219918.9172,26.48,21.66,142.668
000002,万科A,全国地产,深圳,19910129,000002.SZ,20190103,23.79,24.5,23.71,24.07,23.9,0.17,0.7113,222353.59,536333.264,0.2289,0.4009,0.71,9.4722,8.5865,1.8979,1.0939,0.8804,3.7391,3.7391,1103915.2001,971517.0043,554628.878,26571238.8664,23384414.2935,26.29,21.51,142.668
000002,万科A,全国地产,深圳,19910129,000002.SZ,20190102,23.83,24.09,23.67,23.9,23.82,0.08,0.3359,247010.28,589384.596,0.2543,0.4454,0.68,9.4053,8.5259,1.8845,1.0862,0.8742,3.7657,3.7657,1103915.2001,971517.0043,554628.878,26383573.2824,23219256.4028,26.2,21.44,142.668
000002,万科A,全国地产,深圳,19910129,000002.SZ,20181228,23.67,24.24,23.67,23.82,23.44,0.38,1.6212,322810.93,772703.701,0.3323,0.582,0.77,9.3738,8.4973,1.8782,1.0826,0.8712,3.3165,3.7783,1103915.2001,971517.0043,554628.878,26295260.0664,23141535.0424,25.78,21.1,142.668
000002,万科A,全国地产,深圳,19910129,000002.SZ,20181227,24.25,24.56,23.44,23.44,23.8,-0.36,-1.5126,352501.78,849242.338,0.3628,0.6356,0.82,9.2243,8.3618,1.8483,1.0653,0.8573,3.3703,3.8396,1103915.2001,971517.0043,554628.878,25875772.2903,22772358.5808,26.18,21.42,142.668
000002,万科A,全国地产,深圳,19910129,000002.SZ,20181226,23.84,23.98,23.58,23.8,23.97,-0.17,-0.7092,221987.26,528530.965,0.2285,0.4002,0.5,9.3659,8.4902,1.8766,1.0817,0.8705,3.3193,3.7815,1103915.2001,971517.0043,554628.878,26273181.7624,23122104.7023,26.37,21.57,142.668
000002,万科A,全国地产,深圳,19910129,000002.SZ,20181225,23.42,24.22,23.38,23.97,23.88,0.09,0.3769,426901.26,1016225.858,0.4394,0.7697,0.96,9.4328,8.5508,1.89,1.0894,0.8767,3.2958,3.7547,1103915.2001,971517.0043,554628.878,26460847.3464,23287262.5931,26.27,21.49,142.668
000002,万科A,全国地产,深圳,19910129,000002.SZ,20181224,23.92,24.08,23.33,23.88,24.25,-0.37,-1.5258,493219.42,1164770.722,0.5077,0.8893,1.21,9.3974,8.5187,1.8829,1.0853,0.8734,3.3082,3.7688,1103915.2001,971517.0043,554628.878,26361494.9784,23199826.0627,26.68,21.83,142.668
000002,万科A,全国地产,深圳,19910129,000002.SZ,20181221,25.17,25.18,23.7,24.25,25.3,-1.05,-4.1502,607919.23,1466176.434,0.6257,1.0961,1.74,9.543,8.6507,1.9121,1.1021,0.887,3.2577,3.7113,1103915.2001,971517.0043,554628.878,26769943.6024,23559287.3543,27.83,22.77,142.668
000002,万科A,全国地产,深圳,19910129,000002.SZ,20181220,25.45,25.8,24.91,25.3,25.38,-0.08,-0.3152,412249.8,1038244.109,0.4243,0.7433,1.04,9.9562,9.0253,1.9949,1.1498,0.9254,3.1225,3.5573,1103915.2001,971517.0043,554628.878,27929054.5625,24579380.2088,27.92,22.84,142.668
000002,万科A,全国地产,深圳,19910129,000002.SZ,20181219,25.71,26.09,25.15,25.38,25.5,-0.12,-0.4706,290663.49,743094.958,0.2992,0.5241,0.67,9.9877,9.0538,2.0012,1.1535,0.9283,3.1127,3.5461,1103915.2001,971517.0043,554628.878,28017367.7785,24657101.5691,28.05,22.95,142.668
000002,万科A,全国地产,深圳,19910129,000002.SZ,20181218,26.23,26.39,25.34,25.5,26.52,-1.02,-3.8462,413674.28,1063833.011,0.4258,0.7459,0.94,10.0349,9.0966,2.0107,1.1589,0.9327,3.098,3.5294,1103915.2001,971517.0043,554628.878,28149837.6026,24773683.6097,29.17,23.87,142.668
000002,万科A,全国地产,深圳,19910129,000002.SZ,20181217,26.51,26.75,25.94,26.52,26.46,0.06,0.2268,321532.38,845518.94,0.331,0.5797,0.75,10.4363,9.4605,2.0911,1.2053,0.97,2.9789,3.3937,1103915.2001,971517.0043,554628.878,29275831.1067,25764630.954,29.11,23.81,142.668
000002,万科A,全国地产,深圳,19910129,000002.SZ,20181214,26.78,27.11,26.31,26.46,27.1,-0.64,-2.3616,311472.6,826696.666,0.3206,0.5616,0.74,10.4127,9.4391,2.0864,1.2026,0.9678,2.9856,3.4014,1103915.2001,971517.0043,554628.878,29209596.1946,25706339.9338,29.81,24.39,142.668
000002,万科A,全国地产,深圳,19910129,000002.SZ,20181213,26.69,27.47,26.4,27.1,26.35,0.75,2.8463,644463.35,1740981.828,0.6634,1.162,1.88,10.6646,9.6674,2.1368,1.2316,0.9912,2.9151,3.321,1103915.2001,971517.0043,554628.878,29916101.9227,26328110.8165,28.99,23.72,142.668
000002,万科A,全国地产,深圳,19910129,000002.SZ,20181212,26.31,26.8,26.14,26.35,25.97,0.38,1.4632,484759.93,1283473.956,0.499,0.874,1.48,10.3694,9.3998,2.0777,1.1976,0.9638,2.9981,3.4156,1103915.2001,971517.0043,554628.878,29088165.5226,25599473.0633,28.57,23.37,142.668
000002,万科A,全国地产,深圳,19910129,000002.SZ,20181211,24.95,25.98,24.91,25.97,25.0,0.97,3.88,433703.49,1111642.805,0.4464,0.782,1.27,10.2199,9.2643,2.0477,1.1803,0.9499,3.042,3.4655,1103915.2001,971517.0043,554628.878,28668677.7466,25230296.6017,27.5,22.5,142.668
000002,万科A,全国地产,深圳,19910129,000002.SZ,20181210,25.12,25.59,24.9,25.0,25.34,-0.34,-1.3418,274636.88,692420.827,0.2827,0.4952,0.67,9.8382,8.9183,1.9713,1.1362,0.9144,3.16,3.6,1103915.2001,971517.0043,554628.878,27597880.0025,24287925.1075,27.87,22.81,142.668
000002,万科A,全国地产,深圳,19910129,000002.SZ,20181207,25.12,25.85,25.12,25.34,25.1,0.24,0.9562,275278.78,702826.097,0.2833,0.4963,0.7,9.972,9.0395,1.9981,1.1516,0.9268,3.1176,3.5517,1103915.2001,971517.0043,554628.878,27973211.1705,24618240.889,27.61,22.59,142.668
000002,万科A,全国地产,深圳,19910129,000002.SZ,20181206,24.91,25.47,24.9,25.1,25.3,-0.2,-0.7905,243022.82,611204.445,0.2501,0.4382,0.58,9.8775,8.9539,1.9791,1.1407,0.918,3.1474,3.5857,1103915.2001,971517.0043,554628.878,27708271.5225,24385076.8079,27.83,22.77,142.668
000002,万科A,全国地产,深圳,19910129,000002.SZ,20181205,24.81,25.69,24.76,25.3,25.13,0.17,0.6765,407176.06,1033938.143,0.4191,0.7341,0.97,9.9562,9.0253,1.9949,1.1498,0.9254,3.1225,3.5573,1103915.2001,971517.0043,554628.878,27929054.5625,24579380.2088,27.64,22.62,142.668
000002,万科A,全国地产,深圳,19910129,000002.SZ,20181204,25.56,25.56,24.86,25.13,25.73,-0.6,-2.3319,509945.97,1281369.833,0.5249,0.9194,1.44,9.8893,8.9646,1.9815,1.1421,0.9191,3.1437,3.5814,1103915.2001,971517.0043,554628.878,27741388.9785,24414222.3181,28.3,23.16,142.668
000002,万科A,全国地产,深圳,19910129,000002.SZ,20181203,26.0,26.06,24.81,25.73,25.44,0.29,1.1399,608149.44,1544456.947,0.626,1.0965,2.16,10.1255,9.1787,2.0288,1.1694,0.9411,3.0703,3.4979,1103915.2001,971517.0043,554628.878,28403738.0986,24997132.5206,27.98,22.9,142.668
000002,万科A,全国地产,深圳,19910129,000002.SZ,20181130,25.27,25.53,25.03,25.44,25.29,0.15,0.5931,192754.06,487502.415,0.1984,0.3475,0.64,10.0113,9.0752,2.006,1.1562,0.9305,3.1053,3.5377,1103915.2001,971517.0043,554628.878,28083602.6905,24715392.5894,27.82,22.76,142.668
000002,万科A,全国地产,深圳,19910129,000002.SZ,20181129,25.95,26.48,25.0,25.29,25.88,-0.59,-2.2798,393643.32,1007596.58,0.4052,0.7097,1.39,9.9523,9.0217,1.9941,1.1494,0.925,3.1238,3.5587,1103915.2001,971517.0043,554628.878,27918015.4105,24569665.0387,28.47,23.29,142.668
000002,万科A,全国地产,深圳,19910129,000002.SZ,20181128,25.0,25.88,24.99,25.88,24.95,0.93,3.7275,386165.31,986464.334,0.3975,0.6963,1.2,10.1845,9.2322,2.0406,1.1762,0.9466,3.0526,3.4776,1103915.2001,971517.0043,554628.878,28569325.3786,25142860.0713,27.45,22.46,142.668
000002,万科A,全国地产,深圳,19910129,000002.SZ,20181127,25.2,25.29,24.78,24.95,25.19,-0.24,-0.9528,192492.25,480638.561,0.1981,0.3471,0.51,9.8185,8.9004,1.9673,1.1339,0.9126,3.1663,3.6072,1103915.2001,971517.0043,554628.878,27542684.2425,24239349.2573,27.71,22.67,142.668
000002,万科A,全国地产,深圳,19910129,000002.SZ,20181126,25.03,25.47,24.74,25.19,24.9,0.29,1.1647,241090.53,606367.556,0.2482,0.4347,0.54,9.913,8.986,1.9862,1.1448,0.9213,3.1362,3.5728,1103915.2001,971517.0043,554628.878,27807623.8905,24472513.3383,27.39,22.41,142.668
000002,万科A,全国地产,深圳,19910129,000002.SZ,20181123,25.65,25.65,24.68,24.9,25.63,-0.73,-2.8482,296629.37,743585.668,0.3053,0.5348,0.61,9.7988,8.8826,1.9634,1.1317,0.9107,3.1727,3.6145,1103915.2001,971517.0043,554628.878,27487488.4825,24190773.4071,28.19,23.07,142.668
000002,万科A,全国地产,深圳,19910129,000002.SZ,20181122,25.99,25.99,25.28,25.63,26.03,-0.4,-1.5367,300827.41,768538.986,0.3096,0.5424,0.63,10.0861,9.143,2.0209,1.1648,0.9374,3.0823,3.5115,1103915.2001,971517.0043,554628.878,28293346.5786,24899980.8202,28.63,23.43,142.668
000002,万科A,全国地产,深圳,19910129,000002.SZ,20181121,25.38,26.68,25.35,26.03,25.65,0.38,1.4815,581654.21,1517603.355,0.5987,1.0487,1.19,10.2435,9.2857,2.0525,1.183,0.9521,3.035,3.4575,1103915.2001,971517.0043,554628.878,28734912.6586,25288587.6219,28.22,23.09,142.668
000002,万科A,全国地产,深圳,19910129,000002.SZ,20181120,25.78,26.43,25.23,25.65,25.97,-0.32,-1.2322,474151.8,1221340.78,0.4881,0.8549,0.98,10.094,9.1501,2.0225,1.1657,0.9382,3.0799,3.5088,1103915.2001,971517.0043,554628.878,28315424.8826,24919411.1603,28.57,23.37,142.668
000002,万科A,全国地产,深圳,19910129,000002.SZ,20181119,24.7,25.97,24.68,25.97,24.78,1.19,4.8023,590566.04,1518790.912,0.6079,1.0648,1.33,10.2199,9.2643,2.0477,1.1803,0.9499,3.042,3.4655,1103915.2001,971517.0043,554628.878,28668677.7466,25230296.6017,27.26,22.3,142.668
000002,万科A,全国地产,深圳,19910129,000002.SZ,20181116,24.29,25.1,24.02,24.78,24.38,0.4,1.6407,495985.86,1220586.112,0.5105,0.8943,1.19,9.7516,8.8398,1.9539,1.1262,0.9063,3.1881,3.632,1103915.2001,971517.0043,554628.878,27355018.6585,24074191.3666,26.82,21.94,142.668
000002,万科A,全国地产,深圳,19910129,000002.SZ,20181115,24.05,24.4,23.96,24.38,24.15,0.23,0.9524,258623.58,627715.21,0.2662,0.4663,0.54,9.5942,8.6971,1.9224,1.108,0.8917,3.2404,3.6916,1103915.2001,971517.0043,554628.878,26913452.5784,23685584.5648,26.57,21.74,142.668
000002,万科A,全国地产,深圳,19910129,000002.SZ,20181114,24.18,24.49,23.96,24.15,23.94,0.21,0.8772,618882.72,1500411.129,0.637,1.1159,1.41,9.5037,8.615,1.9042,1.0976,0.8833,3.2712,3.7267,1103915.2001,971517.0043,554628.878,26659552.0824,23462135.6538,26.33,21.55,142.668
000002,万科A,全国地产,深圳,19910129,000002.SZ,20181113,23.48,24.03,23.44,23.94,23.88,0.06,0.2513,453424.04,1079145.537,0.4667,0.8175,1.05,9.421,8.5401,1.8877,1.088,0.8756,3.2999,3.7594,1103915.2001,971517.0043,554628.878,26427729.8904,23258117.0829,26.27,21.49,142.668
000002,万科A,全国地产,深圳,19910129,000002.SZ,20181112,23.41,23.96,23.4,23.88,23.55,0.33,1.4013,386742.23,920396.95,0.3981,0.6973,0.82,9.3974,8.5187,1.8829,1.0853,0.8734,3.3082,3.7688,1103915.2001,971517.0043,554628.878,26361494.9784,23199826.0627,25.91,21.2,142.668
000002,万科A,全国地产,深圳,19910129,000002.SZ,20181109,23.89,24.33,23.53,23.55,23.99,-0.44,-1.8341,369283.45,877009.944,0.3801,0.6658,0.7,9.2676,8.401,1.8569,1.0703,0.8614,3.3546,3.8217,1103915.2001,971517.0043,554628.878,25997202.9624,22879225.4513,26.39,21.59,142.668
000002,万科A,全国地产,深圳,19910129,000002.SZ,20181108,24.15,24.59,23.92,23.99,23.85,0.14,0.587,548200.71,1330024.287,0.5643,0.9884,1.01,9.4407,8.558,1.8916,1.0903,0.8774,3.293,3.7516,1103915.2001,971517.0043,554628.878,26482925.6504,23306692.9332,26.24,21.47,142.668
000002,万科A,全国地产,深圳,19910129,000002.SZ,20181107,24.18,24.5,23.71,23.85,24.14,-0.29,-1.2013,441458.18,1062603.97,0.4544,0.796,0.78,9.3856,8.508,1.8806,1.0839,0.8723,3.3124,3.7736,1103915.2001,971517.0043,554628.878,26328377.5224,23170680.5526,26.55,21.73,142.668
000002,万科A,全国地产,深圳,19910129,000002.SZ,20181106,24.03,24.4,23.71,24.14,24.04,0.1,0.416,420823.93,1014339.811,0.4332,0.7587,0.7,9.4997,8.6115,1.9034,1.0971,0.8829,3.2726,3.7283,1103915.2001,971517.0043,554628.878,26648512.9304,23452420.4838,26.44,21.64,142.668
000002,万科A,全国地产,深圳,19910129,000002.SZ,20181105,24.48,24.48,23.7,24.04,24.62,-0.58,-2.3558,583695.56,1399713.072,0.6008,1.0524,0.95,9.4604,8.5758,1.8956,1.0926,0.8793,3.2862,3.7438,1103915.2001,971517.0043,554628.878,26538121.4104,23355268.7834,27.08,22.16,142.668
000002,万科A,全国地产,深圳,19910129,000002.SZ,20181102,25.2,25.25,24.0,24.62,24.42,0.2,0.819,652339.22,1601122.935,0.6715,1.1762,1.04,9.6886,8.7827,1.9413,1.1189,0.9005,3.2088,3.6556,1103915.2001,971517.0043,554628.878,27178392.2265,23918748.6459,26.86,21.98,142.668
000002,万科A,全国地产,深圳,19910129,000002.SZ,20181101,24.9,25.27,24.28,24.42,24.23,0.19,0.7842,617847.25,1531833.907,0.636,1.114,0.9,9.6099,8.7114,1.9255,1.1098,0.8932,3.2351,3.6855,1103915.2001,971517.0043,554628.878,26957609.1864,23724445.245,26.65,21.81,142.668
000002,万科A,全国地产,深圳,19910129,000002.SZ,20181031,23.68,24.6,23.3,24.23,23.69,0.54,2.2794,565648.85,1358918.219,0.5822,1.0199,0.83,9.5352,8.6436,1.9105,1.1012,0.8862,3.2604,3.7144,1103915.2001,971517.0043,554628.878,26747865.2984,23539857.0142,26.06,21.32,142.668
000002,万科A,全国地产,深圳,19910129,000002.SZ,20181030,23.31,23.88,22.65,23.69,22.8,0.89,3.9035,602920.35,1415832.355,0.6206,1.0871,0.91,9.3227,8.4509,1.868,1.0767,0.8665,3.3347,3.7991,1103915.2001,971517.0043,554628.878,26151751.0904,23015237.8319,25.08,20.52,142.668
000002,万科A,全国地产,深圳,19910129,000002.SZ,20181029,24.28,24.33,22.53,22.8,23.81,-1.01,-4.2419,618876.62,1435756.0,0.637,1.1158,0.84,8.9724,8.1335,1.7978,1.0362,0.8339,3.4649,3.9474,1103915.2001,971517.0043,554628.878,25169266.5623,22150587.698,26.19,21.43,142.668
000002,万科A,全国地产,深圳,19910129,000002.SZ,20181026,23.71,24.75,23.46,23.81,23.49,0.32,1.3623,729756.6,1754616.838,0.7512,1.3158,0.98,9.3699,8.4937,1.8774,1.0821,0.8709,3.3179,3.7799,1103915.2001,971517.0043,554628.878,26284220.9144,23131819.8724,25.84,21.14,142.668
000002,万科A,全国地产,深圳,19910129,000002.SZ,20181025,22.18,23.5,22.0,23.49,22.58,0.91,4.0301,932699.5,2150598.987,0.96,1.6817,1.38,9.244,8.6805,1.9223,1.0676,0.9292,3.3631,3.8314,1103915.2001,971517.0043,554628.878,25930968.0503,22820934.431,24.84,20.32,142.668
000002,万科A,全国地产,深圳,19910129,000002.SZ,20181024,22.23,23.12,22.1,22.58,22.14,0.44,1.9874,513460.91,1161439.968,0.5285,0.9258,0.81,8.8858,8.3442,1.8479,1.0262,0.8932,3.4987,3.9858,1103915.2001,971517.0043,554628.878,24926405.2183,21936853.9571,24.35,19.93,142.668
000002,万科A,全国地产,深圳,19910129,000002.SZ,20181023,22.88,22.92,22.05,22.14,22.82,-0.68,-2.9798,509732.7,1144781.713,0.5247,0.9191,0.84,8.7127,8.1816,1.8119,1.0062,0.8758,3.5682,4.065,1103915.2001,971517.0043,554628.878,24440682.5302,21509386.4752,25.1,20.54,142.668
000002,万科A,全国地产,深圳,19910129,000002.SZ,20181022,21.88,23.26,21.73,22.82,21.56,1.26,5.8442,1008289.94,2292054.56,1.0379,1.818,2.03,8.9803,8.4329,1.8675,1.0371,0.9027,3.4619,3.9439,1103915.2001,971517.0043,554628.878,25191344.8663,22170018.0381,23.72,19.4,142.668
000002,万科A,全国地产,深圳,19910129,000002.SZ,20181019,20.61,21.99,20.4,21.56,20.59,0.97,4.711,759809.75,1618603.263,0.7821,1.3699,1.68,8.4844,7.9672,1.7644,0.9799,0.8529,3.6642,4.1744,1103915.2001,971517.0043,554628.878,23800411.7142,20945906.6127,22.65,18.53,142.668
000002,万科A,全国地产,深圳,19910129,000002.SZ,20181018,21.1,21.22,20.51,20.59,21.22,-0.63,-2.9689,577959.29,1199550.666,0.5949,1.0421,1.21,8.1027,7.6088,1.685,0.9358,0.8145,3.8368,4.3711,1103915.2001,971517.0043,554628.878,22729613.9701,20003535.1185,23.34,19.1,142.668
000002,万科A,全国地产,深圳,19910129,000002.SZ,20181017,21.35,21.46,20.88,21.22,21.01,0.21,0.9995,307507.86,651794.911,0.3165,0.5544,0.61,8.3506,7.8416,1.7366,0.9644,0.8394,3.7229,4.2413,1103915.2001,971517.0043,554628.878,23425080.5461,20615590.8312,23.11,18.91,142.668
000002,万科A,全国地产,深圳,19910129,000002.SZ,20181016,21.6,22.06,20.86,21.01,21.47,-0.46,-2.1425,397553.12,853848.661,0.4092,0.7168,0.72,8.268,7.764,1.7194,0.9549,0.8311,3.7601,4.2837,1103915.2001,971517.0043,554628.878,23193258.3541,20411572.2603,23.62,19.32,142.668
000002,万科A,全国地产,深圳,19910129,000002.SZ,20181015,21.78,21.78,21.15,21.47,21.8,-0.33,-1.5138,445515.74,953879.735,0.4586,0.8033,0.67,8.449,7.934,1.757,0.9758,0.8493,3.6796,4.1919,1103915.2001,971517.0043,554628.878,23701059.3461,20858470.0823,23.98,19.62,142.668
000002,万科A,全国地产,深圳,19910129,000002.SZ,20181012,21.14,21.95,21.05,21.8,20.93,0.87,4.1567,531382.96,1141837.523,0.547,0.9581,0.76,8.5789,8.0559,1.784,0.9908,0.8624,3.6239,4.1284,1103915.2001,971517.0043,554628.878,24065351.3622,21179070.6937,23.02,18.84,142.668
000002,万科A,全国地产,深圳,19910129,000002.SZ,20181011,21.0,21.5,20.81,20.93,21.75,-0.82,-3.7701,709553.01,1498597.099,0.7304,1.2793,1.1,8.2365,7.7344,1.7128,0.9512,0.828,3.7745,4.3,1103915.2001,971517.0043,554628.878,23104945.1381,20333850.9,23.93,19.58,142.668
000002,万科A,全国地产,深圳,19910129,000002.SZ,20181010,21.77,22.03,21.4,21.75,21.82,-0.07,-0.3208,437797.76,951971.015,0.4506,0.7894,0.6,8.5592,8.0375,1.78,0.9885,0.8604,3.6322,4.1379,1103915.2001,971517.0043,554628.878,24010155.6022,21130494.8435,24.0,19.64,142.668
000002,万科A,全国地产,深圳,19910129,000002.SZ,20181009,22.05,22.12,21.26,21.82,22.05,-0.23,-1.0431,628633.52,1360687.509,0.6471,1.1334,0.8,8.5868,8.0633,1.7857,0.9917,0.8632,3.6205,4.1247,1103915.2001,971517.0043,554628.878,24087429.6662,21198501.0338,24.26,19.85,142.668
000002,万科A,全国地产,深圳,19910129,000002.SZ,20181008,22.95,23.2,21.98,22.05,24.3,-2.25,-9.2593,1037914.88,2339001.429,1.0683,1.8714,1.31,8.6773,8.1483,1.8045,1.0021,0.8723,3.5828,4.0816,1103915.2001,971517.0043,554628.878,24341330.1622,21421949.9448,26.73,21.87,142.668
000002,万科A,全国地产,深圳,19910129,000002.SZ,20180928,24.5,24.9,23.95,24.3,24.45,-0.15,-0.6135,683236.25,1671576.714,0.7033,1.2319,0.9,9.5627,8.9798,1.9886,1.1044,0.9613,3.251,3.7037,1103915.2001,971517.0043,554628.878,26825139.3624,23607863.2045,26.9,22.01,142.668
000002,万科A,全国地产,深圳,19910129,000002.SZ,20180927,24.63,24.78,24.3,24.45,24.67,-0.22,-0.8918,445294.33,1090622.042,0.4583,0.8029,0.48,9.6217,9.0352,2.0009,1.1112,0.9672,3.2311,3.681,1103915.2001,971517.0043,554628.878,26990726.6424,23753590.7551,27.14,22.2,142.668
000002,万科A,全国地产,深圳,19910129,000002.SZ,20180926,24.66,25.33,23.89,24.67,24.64,0.03,0.1218,845884.37,2088651.952,0.8707,1.5251,1.0,9.7083,9.1165,2.0189,1.1212,0.9759,3.2023,3.6482,1103915.2001,971517.0043,554628.878,27233587.9865,23967324.4961,27.1,22.18,142.668
000002,万科A,全国地产,深圳,19910129,000002.SZ,20180925,24.8,25.12,24.4,24.64,25.8,-1.16,-4.4961,908838.54,2247254.08,0.9355,1.6386,1.28,9.6965,9.1054,2.0165,1.1198,0.9747,3.2062,3.6526,1103915.2001,971517.0043,554628.878,27200470.5305,23938178.986,28.38,23.22,142.668
000002,万科A,全国地产,深圳,19910129,000002.SZ,20180921,24.2,26.0,23.93,25.8,24.01,1.79,7.4552,1064216.38,2663500.909,1.0954,1.9188,1.88,10.153,9.5341,2.1114,1.1726,1.0206,3.062,3.4884,1103915.2001,971517.0043,554628.878,28481012.1626,25065138.7109,26.41,21.61,142.668
000002,万科A,全国地产,深圳,19910129,000002.SZ,20180920,24.01,24.43,23.8,24.01,24.17,-0.16,-0.662,521852.72,1257974.032,0.5372,0.9409,0.94,9.4486,8.8726,1.9649,1.0912,0.9498,3.2903,3.7484,1103915.2001,971517.0043,554628.878,26505003.9544,23326123.2732,26.59,21.75,142.668
000002,万科A,全国地产,深圳,19910129,000002.SZ,20180919,23.03,24.67,22.91,24.17,23.0,1.17,5.087,1317837.01,3170366.001,1.3565,2.3761,3.71,9.5116,8.9317,1.978,1.0985,0.9561,3.2685,3.7236,1103915.2001,971517.0043,554628.878,26681630.3864,23481565.9939,25.3,20.7,142.668
000002,万科A,全国地产,深圳,19910129,000002.SZ,20180918,22.65,23.1,22.47,23.0,22.83,0.17,0.7446,404634.05,921475.475,0.4165,0.7296,1.17,9.0511,8.4994,1.8822,1.0453,0.9098,3.4348,3.913,1103915.2001,971517.0043,554628.878,25390049.6023,22344891.0989,25.11,20.55,142.668
000002,万科A,全国地产,深圳,19910129,000002.SZ,20180917,23.04,23.23,22.72,22.83,23.32,-0.49,-2.1012,255061.69,584416.325,0.2625,0.4599,0.65,8.9842,8.4366,1.8683,1.0376,0.9031,3.4604,3.9422,1103915.2001,971517.0043,554628.878,25202384.0183,22179733.2082,25.65,20.99,142.668
000002,万科A,全国地产,深圳,19910129,000002.SZ,20180914,23.13,23.39,22.81,23.32,23.1,0.22,0.9524,334870.79,775981.815,0.3447,0.6038,0.86,9.1771,8.6176,1.9084,1.0598,0.9225,3.3877,3.8593,1103915.2001,971517.0043,554628.878,25743302.4663,22655776.5403,25.41,20.79,142.668
000002,万科A,全国地产,深圳,19910129,000002.SZ,20180913,23.31,23.47,22.78,23.1,22.88,0.22,0.9615,468837.96,1080871.662,0.4826,0.8453,1.26,9.0905,8.5363,1.8904,1.0498,0.9138,3.4199,3.8961,1103915.2001,971517.0043,554628.878,25500441.1223,22442042.7993,25.17,20.59,142.668
000002,万科A,全国地产,深圳,19910129,000002.SZ,20180912,23.24,23.3,22.61,22.88,23.34,-0.46,-1.9709,313821.54,717459.921,0.323,0.5658,0.75,9.0039,8.455,1.8724,1.0398,0.9051,3.4528,3.9336,1103915.2001,971517.0043,554628.878,25257579.7783,22228309.0584,25.67,21.01,142.668
000002,万科A,全国地产,深圳,19910129,000002.SZ,20180911,23.39,23.64,23.09,23.34,23.46,-0.12,-0.5115,358358.75,832895.939,0.3689,0.6461,0.83,9.1849,8.625,1.9101,1.0608,0.9233,3.3847,3.856,1103915.2001,971517.0043,554628.878,25765380.7703,22675206.8804,25.81,21.11,142.668
000002,万科A,全国地产,深圳,19910129,000002.SZ,20180910,23.42,23.85,23.11,23.46,23.21,0.25,1.0771,474917.79,1115789.487,0.4888,0.8563,1.08,9.2321,8.6694,1.9199,1.0662,0.928,3.3674,3.8363,1103915.2001,971517.0043,554628.878,25897850.5943,22791788.9209,25.53,20.89,142.668
000002,万科A,全国地产,深圳,19910129,000002.SZ,20180907,22.85,23.65,22.85,23.21,22.81,0.4,1.7536,334943.33,780678.316,0.3448,0.6039,0.73,9.1338,8.577,1.8994,1.0548,0.9181,3.4037,3.8776,1103915.2001,971517.0043,554628.878,25621871.7943,22548909.6698,25.09,20.53,142.668
000002,万科A,全国地产,深圳,19910129,000002.SZ,20180906,23.32,23.56,22.69,22.81,23.41,-0.6,-2.563,375368.9,864994.565,0.3864,0.6768,0.85,8.9764,8.4292,1.8667,1.0367,0.9023,3.4634,3.9456,1103915.2001,971517.0043,554628.878,25180305.7143,22160302.8681,25.75,21.07,142.668
000002,万科A,全国地产,深圳,19910129,000002.SZ,20180905,24.11,24.2,23.41,23.41,24.43,-1.02,-4.1752,546644.37,1296346.119,0.5627,0.9856,1.41,9.2125,8.6509,1.9158,1.0639,0.9261,3.3746,3.8445,1103915.2001,971517.0043,554628.878,25842654.8343,22743213.0707,26.87,21.99,142.668
000002,万科A,全国地产,深圳,19910129,000002.SZ,20180904,23.66,24.44,23.41,24.43,23.55,0.88,3.7367,437654.47,1052057.112,0.4505,0.7891,1.18,9.6139,9.0278,1.9993,1.1103,0.9664,3.2337,3.684,1103915.2001,971517.0043,554628.878,26968648.3384,23734160.415,25.91,21.2,142.668
000002,万科A,全国地产,深圳,19910129,000002.SZ,20180903,23.85,24.57,23.38,23.55,24.05,-0.5,-2.079,497612.43,1191130.969,0.5122,0.8972,1.28,9.2676,8.7026,1.9273,1.0703,0.9316,3.3546,3.8217,1103915.2001,971517.0043,554628.878,25997202.9624,22879225.4513,26.46,21.65,142.668
000002,万科A,全国地产,深圳,19910129,000002.SZ,20180831,23.2,24.36,23.18,24.05,23.5,0.55,2.3404,428145.12,1024351.411,0.4407,0.7719,1.19,9.4643,8.8874,1.9682,1.093,0.9514,3.2848,3.7422,1103915.2001,971517.0043,554628.878,26549160.5624,23364983.9534,25.85,21.15,142.668
000002,万科A,全国地产,深圳,19910129,000002.SZ,20180830,23.8,24.18,23.48,23.5,23.91,-0.41,-1.7148,285923.67,681645.384,0.2943,0.5155,0.7,9.2479,8.6841,1.9232,1.068,0.9296,3.3617,3.8298,1103915.2001,971517.0043,554628.878,25942007.2024,22830649.6011,26.3,21.52,142.668
000002,万科A,全国地产,深圳,19910129,000002.SZ,20180829,23.74,24.4,23.72,23.91,23.88,0.03,0.1256,291143.33,700596.432,0.2997,0.5249,0.67,9.4092,8.8357,1.9567,1.0867,0.9458,3.3041,3.7641,1103915.2001,971517.0043,554628.878,26394612.4344,23228971.5728,26.27,21.49,142.668
000002,万科A,全国地产,深圳,19910129,000002.SZ,20180828,23.8,24.14,23.73,23.88,23.91,-0.03,-0.1255,348101.15,832284.975,0.3583,0.6276,0.75,9.3974,8.8246,1.9543,1.0853,0.9446,3.3082,7.0771,1103915.2001,971517.0043,554628.878,26361494.9784,23199826.0627,26.3,21.52,142.668
000002,万科A,全国地产,深圳,19910129,000002.SZ,20180827,22.98,24.06,22.85,23.91,22.78,1.13,4.9605,594341.1,1403513.889,0.6118,1.0716,1.34,9.4092,8.8357,1.9567,1.0867,0.9458,3.3041,7.0682,1103915.2001,971517.0043,554628.878,26394612.4344,23228971.5728,25.06,20.5,142.668
000002,万科A,全国地产,深圳,19910129,000002.SZ,20180824,22.66,23.01,22.39,22.78,22.82,-0.04,-0.1753,273417.65,621888.066,0.2814,0.493,0.58,8.9645,8.4181,1.8642,1.0353,0.9011,3.468,7.4188,1103915.2001,971517.0043,554628.878,25147188.2583,22131157.358,25.1,20.54,142.668
000002,万科A,全国地产,深圳,19910129,000002.SZ,20180823,23.0,23.15,22.24,22.82,23.02,-0.2,-0.8688,543058.67,1235013.686,0.559,0.9791,1.18,8.9803,8.4329,1.8675,1.0371,0.9027,3.4619,7.4058,1103915.2001,971517.0043,554628.878,25191344.8663,22170018.0381,25.32,20.72,142.668
000002,万科A,全国地产,深圳,19910129,000002.SZ,20180822,23.91,24.08,23.67,23.92,23.91,0.01,0.0418,421833.83,1007170.63,0.4342,0.7606,0.89,9.4132,8.8394,1.9575,1.0871,0.9462,3.3027,3.3027,1103915.2001,971517.0043,554628.878,26405651.5864,23238686.7429,26.3,21.52,137.3
000002,万科A,全国地产,深圳,19910129,000002.SZ,20180821,23.39,23.98,23.22,23.91,23.35,0.56,2.3983,495846.24,1173410.505,0.5104,0.894,1.05,9.4092,8.8357,1.9567,1.0867,0.9458,3.3041,3.3041,1103915.2001,971517.0043,554628.878,26394612.4344,23228971.5728,25.69,21.02,137.3
000002,万科A,全国地产,深圳,19910129,000002.SZ,20180820,22.93,23.44,22.59,23.35,22.69,0.66,2.9088,476133.14,1101391.513,0.4901,0.8585,1.01,9.1889,9.124,1.8927,1.0612,1.0103,3.3833,3.3833,1103915.2001,971517.0043,554628.878,25776419.9223,22684922.0504,24.96,20.42,137.3
000002,万科A,全国地产,深圳,19910129,000002.SZ,20180817,22.9,23.2,22.64,22.69,22.72,-0.03,-0.132,424160.44,969847.216,0.4366,0.7648,0.68,8.9291,8.8661,1.8392,1.0312,0.9818,3.4817,3.4817,1103915.2001,971517.0043,554628.878,25047835.8903,22043720.8276,24.99,20.45,137.3
000002,万科A,全国地产,深圳,19910129,000002.SZ,20180816,21.63,23.08,21.61,22.72,22.3,0.42,1.8834,490384.44,1107212.515,0.5048,0.8842,0.69,8.9409,8.8778,1.8417,1.0326,0.9831,3.4771,3.4771,1103915.2001,971517.0043,554628.878,25080953.3463,22072866.3377,24.53,20.07,137.3
000002,万科A,全国地产,深圳,19910129,000002.SZ,20180815,22.39,22.58,22.22,22.3,22.32,-0.02,-0.0896,472553.5,1058911.645,0.4864,0.852,0.68,8.7757,8.7137,1.8076,1.0135,0.9649,3.5426,3.5426,1103915.2001,971517.0043,554628.878,24617308.9622,21664829.1959,24.55,20.09,137.3
000002,万科A,全国地产,深圳,19910129,000002.SZ,20180814,23.0,23.05,22.05,22.32,23.04,-0.72,-3.125,486784.81,1090898.794,0.5011,0.8777,0.71,8.7835,8.7215,1.8093,1.0144,0.9657,3.5394,3.5394,1103915.2001,971517.0043,554628.878,24639387.2662,21684259.536,25.34,20.74,137.3
000002,万科A,全国地产,深圳,19910129,000002.SZ,20180813,22.6,23.21,22.46,23.04,23.18,-0.14,-0.604,489494.76,1113409.912,0.5038,0.8826,0.75,9.0669,9.0029,1.8676,1.0471,0.9969,3.4288,3.4288,1103915.2001,971517.0043,554628.878,25434206.2103,22383751.7791,25.5,20.86,137.3
000002,万科A,全国地产,深圳,19910129,000002.SZ,20180810,23.0,24.07,22.93,23.18,22.48,0.7,3.1139,1201163.03,2820091.738,1.2364,2.1657,2.48,9.122,9.0576,1.879,1.0535,1.003,3.4081,3.4081,1103915.2001,971517.0043,554628.878,25588754.3383,22519764.1597,24.73,20.23,137.3
000002,万科A,全国地产,深圳,19910129,000002.SZ,20180809,21.5,22.55,21.4,22.48,21.5,0.98,4.5581,896200.17,1997096.145,0.9225,1.6159,2.04,8.8465,8.784,1.8222,1.0217,0.9727,3.5142,3.5142,1103915.2001,971517.0043,554628.878,24816013.6982,21839702.2567,23.65,19.35,137.3
000002,万科A,全国地产,深圳,19910129,000002.SZ,20180808,21.89,22.29,21.5,21.5,21.86,-0.36,-1.6468,410720.18,903023.745,0.4228,0.7405,0.83,8.4608,8.4011,1.7428,0.9771,0.9303,3.6744,3.6744,1103915.2001,971517.0043,554628.878,23734176.8022,20887615.5925,24.05,19.67,137.3
000002,万科A,全国地产,深圳,19910129,000002.SZ,20180807,21.15,21.86,20.93,21.86,20.86,1.0,4.7939,451653.09,969166.202,0.4649,0.8143,0.95,8.6025,8.5418,1.772,0.9935,0.9458,3.6139,3.6139,1103915.2001,971517.0043,554628.878,24131586.2742,21237361.714,22.95,18.77,137.3
000002,万科A,全国地产,深圳,19910129,000002.SZ,20180806,21.18,21.32,20.52,20.86,21.08,-0.22,-1.0436,315702.05,662879.888,0.325,0.5692,0.66,8.209,8.151,1.6909,0.948,0.9026,3.7872,3.7872,1103915.2001,971517.0043,554628.878,23027671.0741,20265844.7097,23.19,18.97,137.3
000002,万科A,全国地产,深圳,19910129,000002.SZ,20180803,21.39,21.54,21.05,21.08,21.38,-0.3,-1.4032,346072.3,735143.747,0.3562,0.624,0.73,8.2956,8.237,1.7087,0.958,0.9121,3.7476,3.7476,1103915.2001,971517.0043,554628.878,23270532.4181,20479578.4506,23.52,19.24,137.3
000002,万科A,全国地产,深圳,19910129,000002.SZ,20180802,22.34,22.34,21.07,21.38,22.35,-0.97,-4.34,677777.75,1457805.725,0.6976,1.222,1.62,8.4136,8.3542,1.7331,0.9717,0.9251,3.695,3.695,1103915.2001,971517.0043,554628.878,23601706.9781,20771033.5519,24.59,20.12,137.3
000002,万科A,全国地产,深圳,19910129,000002.SZ,20180801,23.24,23.24,22.21,22.35,23.32,-0.97,-4.1595,673866.01,1523419.154,0.6936,1.215,1.9,8.7953,8.7332,1.8117,1.0158,0.967,3.5347,3.5347,1103915.2001,971517.0043,554628.878,24672504.7222,21713405.0461,25.65,20.99,137.3
000002,万科A,全国地产,深圳,19910129,000002.SZ,20180731,23.29,23.49,23.06,23.32,23.18,0.14,0.604,354578.15,825861.764,0.365,0.6393,0.79,9.1771,9.1123,1.8903,1.0598,1.009,3.3877,3.3877,1103915.2001,971517.0043,554628.878,25743302.4663,22655776.5403,25.5,20.86,137.3
000002,万科A,全国地产,深圳,19910129,000002.SZ,20180730,23.54,23.7,22.82,23.18,23.32,-0.14,-0.6003,357066.58,828078.838,0.3675,0.6438,0.73,9.122,9.0576,1.879,1.0535,1.003,3.4081,3.4081,1103915.2001,971517.0043,554628.878,25588754.3383,22519764.1597,25.65,20.99,137.3
000002,万科A,全国地产,深圳,19910129,000002.SZ,20180727,23.55,23.81,23.24,23.32,23.71,-0.39,-1.6449,322827.63,757327.314,0.3323,0.5821,0.59,9.1771,9.1123,1.8903,1.0598,1.009,3.3877,3.3877,1103915.2001,971517.0043,554628.878,25743302.4663,22655776.5403,26.08,21.34,137.3
000002,万科A,全国地产,深圳,19910129,000002.SZ,20180726,24.34,24.51,23.57,23.71,24.18,-0.47,-1.9438,385134.8,924376.0,0.3964,0.6944,0.67,9.3305,9.2647,1.9219,1.0776,1.0259,3.3319,3.3319,1103915.2001,971517.0043,554628.878,26173829.3944,23034668.172,26.6,21.76,137.3
000002,万科A,全国地产,深圳,19910129,000002.SZ,20180725,24.38,24.58,24.0,24.18,24.38,-0.2,-0.8203,355182.97,860631.782,0.3656,0.6404,0.61,9.5155,9.4483,1.96,1.0989,1.0462,3.2672,3.2672,1103915.2001,971517.0043,554628.878,26692669.5384,23491281.164,26.82,21.94,137.3
000002,万科A,全国地产,深圳,19910129,000002.SZ,20180724,24.04,25.09,24.04,24.38,23.75,0.63,2.6526,832814.22,2055205.705,0.8572,1.5016,1.74,9.5942,9.5265,1.9762,1.108,1.0549,3.2404,3.2404,1103915.2001,971517.0043,554628.878,26913452.5784,23685584.5648,26.13,21.38,137.3
000002,万科A,全国地产,深圳,19910129,000002.SZ,20180723,22.96,23.9,22.9,23.75,23.14,0.61,2.6361,555706.13,1306045.471,0.572,1.0019,1.22,9.3463,9.2803,1.9252,1.0794,1.0276,3.3263,3.3263,1103915.2001,971517.0043,554628.878,26217986.0024,23073528.8521,25.45,20.83,137.3
000002,万科A,全国地产,深圳,19910129,000002.SZ,20180720,22.64,23.49,22.02,23.14,22.68,0.46,2.0282,610195.34,1390937.599,0.6281,1.1002,1.47,9.1062,9.0419,1.8757,1.0517,1.0012,3.414,3.414,1103915.2001,971517.0043,554628.878,25544597.7303,22480903.4795,24.95,20.41,137.3
000002,万科A,全国地产,深圳,19910129,000002.SZ,20180719,22.7,22.96,22.5,22.68,22.47,0.21,0.93,506949.38,1154160.796,0.5218,0.914,1.3,8.9252,8.8622,1.8384,1.0308,0.9813,3.4832,3.4832,1103915.2001,971517.0043,554628.878,25036796.7383,22034005.6575,24.72,20.22,137.3
000002,万科A,全国地产,深圳,19910129,000002.SZ,20180718,23.02,23.05,22.42,22.47,22.98,-0.51,-2.22,410641.88,930105.273,0.4227,0.7404,1.13,8.8426,8.7801,1.8214,1.0212,0.9722,3.5158,3.5158,1103915.2001,971517.0043,554628.878,24804974.5462,21829987.0866,25.28,20.68,137.3
000002,万科A,全国地产,深圳,19910129,000002.SZ,20180717,23.05,23.28,22.65,22.98,23.15,-0.17,-0.73,313869.3,718627.835,0.3231,0.5659,0.83,9.0433,8.9794,1.8628,1.0444,0.9943,3.4378,3.4378,1103915.2001,971517.0043,554628.878,25367971.2983,22325460.7588,25.47,20.84,137.3
000002,万科A,全国地产,深圳,19910129,000002.SZ,20180716,23.59,23.66,22.81,23.15,23.72,-0.57,-2.4,430694.06,994746.276,0.4433,0.7765,1.15,9.1102,9.0458,1.8765,1.0521,1.0017,3.4125,3.4125,1103915.2001,971517.0043,554628.878,25555636.8823,22490618.6495,26.09,21.35,137.3
000002,万科A,全国地产,深圳,19910129,000002.SZ,20180713,24.24,24.35,23.64,23.72,23.85,-0.13,-0.55,407555.34,976014.586,0.4195,0.7348,1.13,9.3345,9.2686,1.9227,1.078,1.0263,3.3305,3.3305,1103915.2001,971517.0043,554628.878,26184868.5464,23044383.342,26.24,21.47,137.3
000002,万科A,全国地产,深圳,19910129,000002.SZ,20180712,23.58,24.22,23.47,23.85,23.46,0.39,1.66,384228.4,916845.446,0.3955,0.6928,1.13,9.3856,9.3194,1.9333,1.0839,1.0319,3.3124,3.3124,1103915.2001,971517.0043,554628.878,26328377.5224,23170680.5526,25.81,21.11,137.3
000002,万科A,全国地产,深圳,19910129,000002.SZ,20180711,23.48,23.63,23.17,23.46,24.15,-0.69,-2.86,286052.97,668957.022,0.2944,0.5158,0.86,9.2321,9.167,1.9017,1.0662,1.0151,3.3674,3.3674,1103915.2001,971517.0043,554628.878,25897850.5943,22791788.9209,26.57,21.74,137.3
000002,万科A,全国地产,深圳,19910129,000002.SZ,20180710,24.2,24.49,23.77,24.15,24.01,0.14,0.58,389259.48,936534.189,0.4007,0.7018,1.07,9.5037,9.4366,1.9576,1.0976,1.0449,3.2712,3.2712,1103915.2001,971517.0043,554628.878,26659552.0824,23462135.6538,26.41,21.61,137.3
000002,万科A,全国地产,深圳,19910129,000002.SZ,20180709,23.37,24.05,23.37,24.01,23.21,0.8,3.45,404626.6,964798.996,0.4165,0.7295,0.9,9.4486,9.3819,1.9462,1.0912,1.0389,3.2903,3.2903,1103915.2001,971517.0043,554628.878,26505003.9544,23326123.2732,25.53,20.89,137.3
000002,万科A,全国地产,深圳,19910129,000002.SZ,20180706,23.34,23.6,22.65,23.21,23.05,0.16,0.69,346930.01,805107.096,0.3571,0.6255,0.77,9.1338,9.0693,1.8814,1.0548,1.0043,3.4037,3.4037,1103915.2001,971517.0043,554628.878,25621871.7943,22548909.6698,25.36,20.75,137.3
000002,万科A,全国地产,深圳,19910129,000002.SZ,20180705,23.02,23.41,22.85,23.05,23.0,0.05,0.22,267278.61,619393.007,0.2751,0.4819,0.54,9.0708,9.0068,1.8684,1.0476,0.9973,3.4273,3.4273,1103915.2001,971517.0043,554628.878,25445245.3623,22393466.9491,25.3,20.7,137.3
000002,万科A,全国地产,深圳,19910129,000002.SZ,20180704,23.46,23.75,23.0,23.0,23.42,-0.42,-1.79,249881.03,582470.214,0.2572,0.4505,0.43,9.0511,8.9872,1.8644,1.0453,0.9952,3.4348,3.4348,1103915.2001,971517.0043,554628.878,25390049.6023,22344891.0989,25.76,21.08,137.3
000002,万科A,全国地产,深圳,19910129,000002.SZ,20180703,23.1,23.48,22.8,23.42,22.8,0.62,2.72,549964.88,1274023.575,0.5661,0.9916,0.94,9.2164,9.1513,1.8984,1.0644,1.0133,3.3732,3.3732,1103915.2001,971517.0043,554628.878,25853693.9863,22752928.2407,25.08,20.52,137.3
000002,万科A,全国地产,深圳,19910129,000002.SZ,20180702,24.5,24.55,22.52,22.8,24.6,-1.8,-7.32,846203.86,1981131.638,0.871,1.5257,1.57,8.9724,8.9091,1.8482,1.0362,0.9865,3.4649,3.4649,1103915.2001,971517.0043,554628.878,25169266.5623,22150587.698,27.06,22.14,137.3
000002,万科A,全国地产,深圳,19910129,000002.SZ,20180629,24.1,24.6,23.89,24.6,23.88,0.72,3.02,352884.91,859583.948,0.3632,0.6363,0.63,9.6808,9.6124,1.9941,1.118,1.0644,3.2114,3.2114,1103915.2001,971517.0043,554628.878,27156313.9225,23899318.3058,26.27,21.49,137.3
000002,万科A,全国地产,深圳,19910129,000002.SZ,20180628,23.86,24.57,23.5,23.88,24.22,-0.34,-1.4,462512.82,1114653.844,0.4761,0.8339,0.75,9.3974,9.3311,1.9357,1.0853,1.0332,3.3082,3.3082,1103915.2001,971517.0043,554628.878,26361494.9784,23199826.0627,26.64,21.8,137.3
000002,万科A,全国地产,深圳,19910129,000002.SZ,20180627,25.5,25.51,23.81,24.22,25.54,-1.32,-5.17,672347.28,1652394.698,0.6921,1.2122,1.19,9.5312,9.4639,1.9633,1.1007,1.048,3.2618,3.2618,1103915.2001,971517.0043,554628.878,26736826.1464,23530141.8441,28.09,22.99,137.3
000002,万科A,全国地产,深圳,19910129,000002.SZ,20180626,25.82,26.06,24.83,25.54,26.49,-0.95,-3.59,591809.32,1503936.867,0.6092,1.067,1.04,10.0507,9.9797,2.0703,1.1607,1.1051,3.0932,3.0932,1103915.2001,971517.0043,554628.878,28193994.2106,24812544.2898,29.14,23.84,137.3
000002,万科A,全国地产,深圳,19910129,000002.SZ,20180625,28.25,28.38,26.41,26.49,28.1,-1.61,-5.73,615811.76,1686677.902,0.6339,1.1103,1.06,10.4245,10.3509,2.1473,1.2039,1.1462,2.9823,2.9823,1103915.2001,971517.0043,554628.878,29242713.6506,25735485.4439,30.91,25.29,137.3
000002,万科A,全国地产,深圳,19910129,000002.SZ,20180622,27.5,28.2,27.44,28.1,27.73,0.37,1.33,444366.6,1235687.451,0.4574,0.8012,0.79,11.0581,10.98,2.2778,1.2771,1.2158,2.8114,2.8114,1103915.2001,971517.0043,554628.878,31020017.1228,27299627.8208,30.5,24.96,137.3
000002,万科A,全国地产,深圳,19910129,000002.SZ,20180621,26.97,28.5,26.82,27.73,26.96,0.77,2.86,777932.09,2167319.528,0.8007,1.4026,1.47,10.9125,10.8355,2.2478,1.2603,1.1998,2.8489,2.8489,1103915.2001,971517.0043,554628.878,30611568.4988,26940166.5292,29.66,24.26,137.3
000002,万科A,全国地产,深圳,19910129,000002.SZ,20180620,26.99,27.29,26.41,26.96,27.1,-0.14,-0.52,393400.42,1059357.118,0.4049,0.7093,0.71,10.6095,10.5346,2.1854,1.2253,1.1665,2.9303,2.9303,1103915.2001,971517.0043,554628.878,29761553.7947,26192098.4359,29.81,24.39,137.3
000002,万科A,全国地产,深圳,19910129,000002.SZ,20180619,27.85,27.85,26.91,27.1,27.99,-0.89,-3.18,600442.11,1639680.595,0.618,1.0826,1.12,10.6646,10.5893,2.1967,1.2316,1.1726,2.9151,2.9151,1103915.2001,971517.0043,554628.878,29916101.9227,26328110.8165,30.79,25.19,137.3
000002,万科A,全国地产,深圳,19910129,000002.SZ,20180615,27.37,28.3,27.33,27.99,27.37,0.62,2.27,698195.18,1951841.87,0.7187,1.2589,1.47,11.0148,10.9371,2.2689,1.2721,1.2111,2.8224,2.8224,1103915.2001,971517.0043,554628.878,30898586.4508,27192760.9504,30.11,24.63,137.3
000002,万科A,全国地产,深圳,19910129,000002.SZ,20180614,27.48,27.76,27.12,27.37,27.64,-0.27,-0.98,357604.45,980418.255,0.3681,0.6448,0.68,10.7708,10.6948,2.2186,1.2439,1.1842,2.8864,2.8864,1103915.2001,971517.0043,554628.878,30214159.0267,26590420.4077,30.4,24.88,137.3
000002,万科A,全国地产,深圳,19910129,000002.SZ,20180613,27.41,28.25,27.31,27.64,27.71,-0.07,-0.25,602843.57,1680583.497,0.6205,1.0869,1.2,10.8771,10.8003,2.2405,1.2562,1.1959,2.8582,2.8582,1103915.2001,971517.0043,554628.878,30512216.1308,26852729.9989,30.48,24.94,137.3
000002,万科A,全国地产,深圳,19910129,000002.SZ,20180612,27.57,27.83,27.23,27.71,27.31,0.4,1.46,498372.48,1376048.984,0.513,0.8986,0.95,10.9046,10.8276,2.2462,1.2594,1.199,2.851,2.851,1103915.2001,971517.0043,554628.878,30589490.1948,26920736.1892,30.04,24.58,137.3
000002,万科A,全国地产,深圳,19910129,000002.SZ,20180611,26.74,27.73,26.68,27.31,26.71,0.6,2.25,526436.79,1437705.891,0.5419,0.9492,0.91,10.7472,10.6713,2.2137,1.2412,1.1817,2.8927,2.8927,1103915.2001,971517.0043,554628.878,30147924.1147,26532129.3874,29.38,24.04,137.3
000002,万科A,全国地产,深圳,19910129,000002.SZ,20180608,27.1,27.18,26.55,26.71,27.39,-0.68,-2.48,388545.08,1040501.593,0.3999,0.7005,0.64,10.5111,10.4369,2.1651,1.2139,1.1557,2.9577,2.9577,1103915.2001,971517.0043,554628.878,29485574.9947,25949219.1849,30.13,24.65,137.3
000002,万科A,全国地产,深圳,19910129,000002.SZ,20180607,27.07,27.64,26.95,27.39,26.99,0.4,1.48,597535.75,1637918.296,0.6151,1.0774,0.95,10.7787,10.7026,2.2202,1.2448,1.1851,2.8843,2.8843,1103915.2001,971517.0043,554628.878,30236237.3307,26609850.7478,29.69,24.29,137.3
000002,万科A,全国地产,深圳,19910129,000002.SZ,20180606,27.3,27.54,26.85,26.99,27.49,-0.5,-1.82,508162.53,1378427.339,0.5231,0.9162,0.8,10.6213,10.5463,2.1878,1.2266,1.1678,2.927,2.927,1103915.2001,971517.0043,554628.878,29794671.2507,26221243.9461,30.24,24.74,137.3
000002,万科A,全国地产,深圳,19910129,000002.SZ,20180605,27.29,27.77,26.84,27.49,27.3,0.19,0.7,606841.37,1658473.532,0.6246,1.0941,0.97,10.8181,10.7417,2.2283,1.2494,1.1894,2.8738,2.8738,1103915.2001,971517.0043,554628.878,30346628.8507,26707002.4482,30.03,24.57,137.3
000002,万科A,全国地产,深圳,19910129,000002.SZ,20180604,26.3,27.38,26.28,27.3,26.0,1.3,5.0,789190.77,2138820.837,0.8123,1.4229,1.53,10.7433,10.6674,2.2129,1.2407,1.1812,2.8938,2.8938,1103915.2001,971517.0043,554628.878,30136884.9627,26522414.2174,28.6,23.4,137.3
000002,万科A,全国地产,深圳,19910129,000002.SZ,20180601,25.39,26.46,25.3,26.0,25.59,0.41,1.6,520770.82,1355014.454,0.536,0.939,1.12,10.2317,10.1595,2.1076,1.1816,1.125,3.0385,3.0385,1103915.2001,971517.0043,554628.878,28701795.2026,25259442.1118,28.15,23.03,137.3
000002,万科A,全国地产,深圳,19910129,000002.SZ,20180531,24.77,25.68,24.56,25.59,24.64,0.95,3.86,705893.25,1768260.902,0.7266,1.2727,1.9,10.0704,9.9993,2.0743,1.163,1.1072,3.0871,3.0871,1103915.2001,971517.0043,554628.878,28249189.9706,24861120.14,27.1,22.18,137.3
000002,万科A,全国地产,深圳,19910129,000002.SZ,20180530,25.21,25.21,24.58,24.64,25.6,-0.96,-3.75,540168.82,1342440.709,0.556,0.9739,1.54,9.6965,9.628,1.9973,1.1198,1.0661,3.2062,3.2062,1103915.2001,971517.0043,554628.878,27200470.5305,23938178.986,28.16,23.04,137.3
000002,万科A,全国地产,深圳,19910129,000002.SZ,20180529,26.3,26.37,25.34,25.6,26.5,-0.9,-3.4,556052.35,1428341.707,0.5724,1.0026,1.72,10.0743,10.0032,2.0751,1.1635,1.1077,3.0859,3.0859,1103915.2001,971517.0043,554628.878,28260229.1226,24870835.3101,29.15,23.85,137.3
000002,万科A,全国地产,深圳,19910129,000002.SZ,20180528,26.39,26.82,26.3,26.5,26.39,0.11,0.42,254594.99,676789.912,0.2621,0.459,0.71,10.4285,10.3548,2.1481,1.2044,1.1466,2.9811,2.9811,1103915.2001,971517.0043,554628.878,29253752.8027,25745200.614,29.03,23.75,137.3
000002,万科A,全国地产,深圳,19910129,000002.SZ,20180525,26.68,26.91,26.32,26.39,26.65,-0.26,-0.98,270005.46,717574.35,0.2779,0.4868,0.7,10.3852,10.3119,2.1392,1.1994,1.1418,2.9936,2.9936,1103915.2001,971517.0043,554628.878,29132322.1306,25638333.7435,29.32,23.99,137.3
000002,万科A,全国地产,深圳,19910129,000002.SZ,20180524,26.8,26.85,26.52,26.65,26.8,-0.15,-0.56,241610.93,643575.797,0.2487,0.4356,0.57,10.4875,10.4135,2.1602,1.2112,1.1531,2.9644,2.9644,1103915.2001,971517.0043,554628.878,29419340.0827,25890928.1646,29.48,24.12,137.3
000002,万科A,全国地产,深圳,19910129,000002.SZ,20180523,26.72,27.17,26.56,26.8,26.72,0.08,0.3,433170.62,1164157.877,0.4459,0.781,1.04,10.5465,10.4721,2.1724,1.218,1.1596,2.9478,2.9478,1103915.2001,971517.0043,554628.878,29584927.3627,26036655.7152,29.39,24.05,137.3
000002,万科A,全国地产,深圳,19910129,000002.SZ,20180522,27.05,27.05,26.58,26.72,27.07,-0.35,-1.29,415469.03,1111277.324,0.4276,0.7491,1.01,10.515,10.4408,2.1659,1.2144,1.1561,2.9566,2.9566,1103915.2001,971517.0043,554628.878,29496614.1467,25958934.3549,29.78,24.36,137.3
000002,万科A,全国地产,深圳,19910129,000002.SZ,20180521,27.23,27.31,26.81,27.07,27.15,-0.08,-0.29,432446.76,1167666.221,0.4451,0.7797,1.09,10.6528,10.5776,2.1943,1.2303,1.1713,2.9184,2.9184,1103915.2001,971517.0043,554628.878,29882984.4667,26298965.3064,29.87,24.44,137.3
000002,万科A,全国地产,深圳,19910129,000002.SZ,20180518,26.7,27.15,26.53,27.15,26.79,0.36,1.34,407222.27,1092945.215,0.4192,0.7342,1.08,10.6843,10.6088,2.2008,1.2339,1.1747,2.9098,2.9098,1103915.2001,971517.0043,554628.878,29971297.6827,26376686.6667,29.47,24.11,137.3
000002,万科A,全国地产,深圳,19910129,000002.SZ,20180517,27.19,27.22,26.77,26.79,27.23,-0.44,-1.62,445623.87,1199275.7,0.4587,0.8035,1.19,10.5426,10.4682,2.1716,1.2175,1.1592,2.9489,2.9489,1103915.2001,971517.0043,554628.878,29573888.2107,26026940.5452,29.95,24.51,137.3
000002,万科A,全国地产,深圳,19910129,000002.SZ,20180516,27.55,27.75,27.21,27.23,27.75,-0.52,-1.87,373238.06,1020836.429,0.3842,0.673,0.98,10.7157,10.6401,2.2073,1.2375,1.1782,2.9012,2.9012,1103915.2001,971517.0043,554628.878,30059610.8987,26454408.0271,30.53,24.98,137.3
000002,万科A,全国地产,深圳,19910129,000002.SZ,20180515,28.11,28.15,27.34,27.75,27.94,-0.19,-0.68,405069.26,1120666.813,0.4169,0.7303,0.94,10.9204,10.8433,2.2494,1.2612,1.2007,2.8468,2.8468,1103915.2001,971517.0043,554628.878,30633646.8028,26959596.8693,30.73,25.15,137.3
000002,万科A,全国地产,深圳,19910129,000002.SZ,20180514,28.08,28.29,27.87,27.94,27.94,0.0,0.0,350838.54,984200.058,0.3611,0.6326,0.79,10.9951,10.9175,2.2648,1.2698,1.2089,2.8275,2.8275,1103915.2001,971517.0043,554628.878,30843390.6908,27144185.1001,30.73,25.15,137.3
000002,万科A,全国地产,深圳,19910129,000002.SZ,20180511,28.1,28.19,27.73,27.94,28.07,-0.13,-0.46,318303.73,889939.605,0.3276,0.5739,0.68,10.9951,10.9175,2.2648,1.2698,1.2089,2.8275,2.8275,1103915.2001,971517.0043,554628.878,30843390.6908,27144185.1001,30.88,25.26,137.3
000002,万科A,全国地产,深圳,19910129,000002.SZ,20180510,28.32,28.53,27.7,28.07,28.2,-0.13,-0.46,429639.57,1204133.432,0.4422,0.7746,0.88,11.0463,10.9683,2.2754,1.2757,1.2145,2.8144,2.8144,1103915.2001,971517.0043,554628.878,30986899.6668,27270482.3107,31.02,25.38,137.3
000002,万科A,全国地产,深圳,19910129,000002.SZ,20180509,28.5,28.5,28.0,28.2,28.69,-0.49,-1.71,409030.79,1152922.298,0.421,0.7375,0.84,11.0975,11.0191,2.2859,1.2816,1.2202,2.8014,2.8014,1103915.2001,971517.0043,554628.878,31130408.6428,27396779.5213,31.56,25.82,137.3
000002,万科A,全国地产,深圳,19910129,000002.SZ,20180508,27.4,28.86,27.33,28.69,27.38,1.31,4.78,655817.53,1857899.321,0.675,1.1824,1.52,11.2903,11.2106,2.3256,1.3039,1.2414,2.7536,2.7536,1103915.2001,971517.0043,554628.878,31671327.0909,27872822.8534,30.12,24.64,137.3
000002,万科A,全国地产,深圳,19910129,000002.SZ,20180507,27.01,27.51,26.72,27.38,26.91,0.47,1.75,408453.67,1110387.754,0.4204,0.7364,0.8,10.7748,10.6987,2.2194,1.2444,1.1847,2.8853,2.8853,1103915.2001,971517.0043,554628.878,30225198.1787,26600135.5777,29.6,24.22,137.3
000002,万科A,全国地产,深圳,19910129,000002.SZ,20180504,27.26,27.56,26.81,26.91,27.33,-0.42,-1.54,425383.6,1154814.762,0.4379,0.767,0.84,10.5898,10.515,2.1813,1.223,1.1643,2.9357,2.9357,1103915.2001,971517.0043,554628.878,29706358.0347,26143522.5857,30.06,24.6,137.3
000002,万科A,全国地产,深圳,19910129,000002.SZ,20180503,27.65,27.66,26.56,27.33,27.68,-0.35,-1.26,542419.86,1466857.435,0.5583,0.978,1.1,10.7551,10.6792,2.2154,1.2421,1.1825,2.8906,2.8906,1103915.2001,971517.0043,554628.878,30170002.4187,26551559.7275,30.45,24.91,137.3
000002,万科A,全国地产,深圳,19910129,000002.SZ,20180502,28.4,28.66,27.63,27.68,28.4,-0.72,-2.54,397170.81,1111292.763,0.4088,0.7161,0.88,10.8928,10.8159,2.2437,1.258,1.1977,2.854,2.854,1103915.2001,971517.0043,554628.878,30556372.7388,26891590.679,31.24,25.56,137.3
000002,万科A,全国地产,深圳,19910129,000002.SZ,20180427,28.66,28.75,27.42,28.4,28.5,-0.1,-0.35,381958.29,1071392.412,0.3932,0.6887,0.89,11.1762,11.0973,2.3021,1.2907,1.2288,2.7817,2.7817,1103915.2001,971517.0043,554628.878,31351191.6828,27591082.9221,31.35,25.65,137.3
000002,万科A,全国地产,深圳,19910129,000002.SZ,20180426,30.3,30.3,28.26,28.5,30.12,-1.62,-5.38,812262.55,2348260.646,0.8361,1.4645,2.57,11.2155,11.1363,2.3102,1.2953,1.2331,2.7719,2.7719,1103915.2001,971517.0043,554628.878,31461583.2029,27688234.6226,33.13,27.11,137.3
000002,万科A,全国地产,深圳,19910129,000002.SZ,20180425,30.65,30.65,29.96,30.12,30.93,-0.81,-2.62,397684.18,1199524.613,0.4093,0.717,1.32,11.853,11.853,2.5061,1.3689,1.3689,2.6228,2.6228,1103915.2001,971517.0043,554628.878,33249925.827,29262092.1695,34.02,27.84,137.3
000002,万科A,全国地产,深圳,19910129,000002.SZ,20180424,29.85,31.1,29.8,30.93,29.91,1.02,3.41,469832.12,1447945.429,0.4836,0.8471,1.81,12.1718,12.1718,2.5735,1.4057,1.4057,2.5542,2.5542,1103915.2001,971517.0043,554628.878,34144097.1391,30049020.943,32.9,26.92,137.3
000002,万科A,全国地产,深圳,19910129,000002.SZ,20180423,29.88,30.29,29.79,29.91,30.15,-0.24,-0.8,201714.25,605310.89,0.2076,0.3637,0.62,11.7704,11.7704,2.4886,1.3593,1.3593,2.6413,2.6413,1103915.2001,971517.0043,554628.878,33018103.635,29058073.5986,33.17,27.14,137.3
000002,万科A,全国地产,深圳,19910129,000002.SZ,20180420,30.18,30.5,29.92,30.15,30.23,-0.08,-0.26,254795.46,769678.456,0.2623,0.4594,0.74,11.8648,11.8648,2.5086,1.3703,1.3703,2.6202,2.6202,1103915.2001,971517.0043,554628.878,33283043.283,29291237.6796,33.25,27.21,137.3
000002,万科A,全国地产,深圳,19910129,000002.SZ,20180419,30.33,30.53,30.03,30.23,30.04,0.19,0.63,256275.25,776421.774,0.2638,0.4621,0.71,11.8963,11.8963,2.5153,1.3739,1.3739,2.6133,2.6133,1103915.2001,971517.0043,554628.878,33371356.499,29368959.04,33.04,27.04,137.3
000002,万科A,全国地产,深圳,19910129,000002.SZ,20180418,30.29,30.69,29.74,30.04,29.92,0.12,0.4,328835.33,989193.213,0.3385,0.5929,0.84,11.8216,11.8216,2.4995,1.3653,1.3653,2.6298,2.6298,1103915.2001,971517.0043,554628.878,33161612.611,29184370.8092,32.91,26.93,137.3
000002,万科A,全国地产,深圳,19910129,000002.SZ,20180417,30.16,30.55,29.6,29.92,30.03,-0.11,-0.37,258197.72,775976.183,0.2658,0.4655,0.59,11.7743,11.7743,2.4895,1.3598,1.3598,2.6404,2.6404,1103915.2001,971517.0043,554628.878,33029142.787,29067788.7687,33.03,27.03,137.3
000002,万科A,全国地产,深圳,19910129,000002.SZ,20180416,31.2,31.23,29.56,30.03,31.25,-1.22,-3.9,528068.65,1588112.26,0.5436,0.9521,1.24,11.8176,11.8176,2.4986,1.3648,1.3648,2.6307,2.6307,1103915.2001,971517.0043,554628.878,33150573.459,29174655.6391,34.38,28.13,137.3
000002,万科A,全国地产,深圳,19910129,000002.SZ,20180413,32.16,32.24,31.03,31.25,31.85,-0.6,-1.88,351572.61,1102968.777,0.3619,0.6339,0.74,12.2977,12.2977,2.6001,1.4202,1.4202,2.528,2.528,1103915.2001,971517.0043,554628.878,34497350.0031,30359906.3844,35.04,28.67,137.3
000002,万科A,全国地产,深圳,19910129,000002.SZ,20180412,32.57,32.86,31.75,31.85,32.61,-0.76,-2.33,335219.99,1079000.357,0.345,0.6044,0.68,12.5338,12.5338,2.6501,1.4475,1.4475,2.4804,2.4804,1103915.2001,971517.0043,554628.878,35159699.1232,30942816.587,35.87,29.35,137.3
000002,万科A,全国地产,深圳,19910129,000002.SZ,20180411,32.15,33.24,31.73,32.61,32.18,0.43,1.34,485930.43,1578103.542,0.5002,0.8761,0.97,12.8329,12.8329,2.7133,1.4821,1.4821,2.4226,2.4226,1103915.2001,971517.0043,554628.878,35998674.6753,31681169.5102,35.4,28.96,137.3
000002,万科A,全国地产,深圳,19910129,000002.SZ,20180410,31.52,32.18,31.06,32.18,31.62,0.56,1.77,477145.43,1517032.39,0.4911,0.8603,0.92,12.6637,12.6637,2.6775,1.4625,1.4625,2.4549,2.4549,1103915.2001,971517.0043,554628.878,35523991.1392,31263417.1984,34.78,28.46,137.3
000002,万科A,全国地产,深圳,19910129,000002.SZ,20180409,32.7,32.76,30.96,31.62,32.8,-1.18,-3.6,478119.4,1510647.265,0.4921,0.8621,0.77,12.4433,12.4433,2.6309,1.4371,1.4371,2.4984,2.4984,1103915.2001,971517.0043,554628.878,34905798.6272,30719367.676,36.08,29.52,137.3
000002,万科A,全国地产,深圳,19910129,000002.SZ,20180404,32.3,33.95,32.1,32.8,33.64,-0.84,-2.5,584509.65,1927433.704,0.6016,1.0539,0.99,12.9077,12.9077,2.7291,1.4907,1.4907,2.4085,2.4085,1103915.2001,971517.0043,554628.878,36208418.5633,31865757.741,37.0,30.28,137.3
000002,万科A,全国地产,深圳,19910129,000002.SZ,20180403,33.2,34.1,32.52,33.64,33.49,0.15,0.45,431945.71,1440337.637,0.4446,0.7788,0.69,13.2383,13.2383,2.799,1.5289,1.5289,2.3484,2.3484,1103915.2001,971517.0043,554628.878,37135707.3314,32681832.0247,36.84,30.14,137.3
000002,万科A,全国地产,深圳,19910129,000002.SZ,20180402,33.65,34.47,33.32,33.49,33.29,0.2,0.6,531635.65,1801173.138,0.5472,0.9585,0.91,13.1792,13.1792,2.7865,1.522,1.522,2.3589,2.3589,1103915.2001,971517.0043,554628.878,36970120.0513,32536104.474,36.62,29.96,137.3
000002,万科A,全国地产,深圳,19910129,000002.SZ,20180330,33.7,33.99,33.17,33.29,34.16,-0.87,-2.55,572692.05,1918089.36,0.5895,1.0326,1.01,13.1005,13.1005,2.7699,1.513,1.513,2.3731,2.3731,1103915.2001,971517.0043,554628.878,36749337.0113,32341801.0731,37.58,30.74,137.3
000002,万科A,全国地产,深圳,19910129,000002.SZ,20180329,31.54,34.46,31.03,34.16,31.33,2.83,9.03,999700.72,3311802.728,1.029,1.8025,2.4,13.4429,13.4429,2.8423,1.5525,1.5525,2.3126,2.3126,1103915.2001,971517.0043,554628.878,37709743.2354,33187020.8669,34.46,28.2,137.3
000002,万科A,全国地产,深圳,19910129,000002.SZ,20180328,30.51,32.15,30.3,31.33,31.02,0.31,1.0,426728.97,1341512.917,0.4392,0.7694,1.07,12.3292,12.3292,2.6068,1.4239,1.4239,2.5215,2.5215,1103915.2001,971517.0043,554628.878,34585663.2191,30437627.7447,34.12,27.92,137.3
000002,万科A,全国地产,深圳,19910129,000002.SZ,20180327,30.89,31.87,30.71,31.02,30.33,0.69,2.28,578853.91,1803144.937,0.5958,1.0437,1.7,12.2072,12.2072,2.581,1.4098,1.4098,2.5467,2.5467,1103915.2001,971517.0043,554628.878,34243449.5071,30136457.4734,33.36,27.3,137.3
000002,万科A,全国地产,深圳,19910129,000002.SZ,20180326,30.76,30.79,29.9,30.33,31.07,-0.74,-2.38,338288.96,1021310.971,0.3484,0.6106,0.98,15.9265,14.0377,2.8771,1.3923,1.392,2.6047,2.6047,1103915.2001,970916.5105,554028.3842,33481748.019,29447897.7635,34.18,27.96,137.3
000002,万科A,全国地产,深圳,19910129,000002.SZ,20180323,30.02,31.07,29.21,31.07,31.18,-0.11,-0.35,505125.39,1527314.429,0.5203,0.9117,1.62,16.3151,14.3802,2.9473,1.4263,1.426,2.5426,2.5426,1103915.2001,970916.5105,554028.3842,34298645.2671,30166375.9812,34.3,28.06,137.3
000002,万科A,全国地产,深圳,19910129,000002.SZ,20180322,31.8,31.88,31.04,31.18,31.66,-0.48,-1.52,235787.08,739606.988,0.2429,0.4256,0.75,16.3729,14.4312,2.9577,1.4313,1.4311,2.5337,2.5337,1103915.2001,970916.5105,554028.3842,34420075.9391,30273176.7974,34.83,28.49,137.3
000002,万科A,全国地产,深圳,19910129,000002.SZ,20180321,31.47,32.15,31.31,31.66,31.34,0.32,1.02,331725.74,1055783.63,0.3417,0.5988,1.06,16.6249,14.6533,3.0033,1.4534,1.4531,2.4953,2.4953,1103915.2001,970916.5105,554028.3842,34949955.2352,30739216.7224,34.47,28.21,137.3
000002,万科A,全国地产,深圳,19910129,000002.SZ,20180320,31.4,31.59,30.75,31.34,31.58,-0.24,-0.76,290117.65,903296.819,0.2988,0.5237,0.97,16.4569,14.5052,2.9729,1.4387,1.4384,2.5207,2.5207,1103915.2001,970916.5105,554028.3842,34596702.3711,30428523.4391,34.74,28.42,137.3
000002,万科A,全国地产,深圳,19910129,000002.SZ,20180319,32.57,32.58,31.52,31.58,32.63,-1.05,-3.22,366967.49,1166386.364,0.378,0.6624,1.06,16.5829,14.6163,2.9957,1.4497,1.4494,2.5016,2.5016,1103915.2001,970916.5105,554028.3842,34861642.0192,30661543.4016,35.89,29.37,137.3
000002,万科A,全国地产,深圳,19910129,000002.SZ,20180316,32.58,33.35,32.5,32.63,32.66,-0.03,-0.09,337572.15,1111490.314,0.3477,0.6093,0.98,17.1343,15.1023,3.0953,1.4979,1.4976,2.4211,2.4211,1103915.2001,970916.5105,554028.3842,36020752.9793,31681005.7376,35.93,29.39,137.3
000002,万科A,全国地产,深圳,19910129,000002.SZ,20180315,32.5,33.1,32.41,32.66,32.7,-0.04,-0.12,252215.34,825259.606,0.2598,0.4552,0.69,17.15,15.1161,3.0981,1.4993,1.499,2.4189,2.4189,1103915.2001,970916.5105,554028.3842,36053870.4353,31710133.2329,35.97,29.43,137.3
000002,万科A,全国地产,深圳,19910129,000002.SZ,20180314,32.44,32.95,32.2,32.7,32.48,0.22,0.68,315833.0,1031091.876,0.3253,0.5701,0.83,17.1711,15.1347,3.1019,1.5011,1.5008,2.4159,2.4159,1103915.2001,970916.5105,554028.3842,36098027.0433,31748969.8934,35.73,29.23,137.3
000002,万科A,全国地产,深圳,19910129,000002.SZ,20180313,32.59,32.84,32.37,32.48,32.62,-0.14,-0.43,220920.41,719093.277,0.2275,0.3988,0.49,17.0555,15.0328,3.081,1.491,1.4907,2.4323,2.4323,1103915.2001,970916.5105,554028.3842,35855165.6992,31535368.261,35.88,29.36,137.3
000002,万科A,全国地产,深圳,19910129,000002.SZ,20180312,33.54,33.68,32.35,32.62,33.46,-0.84,-2.51,606208.29,1979204.52,0.6244,1.0942,1.5,17.129,15.0976,3.0943,1.4974,1.4971,2.4218,2.4218,1103915.2001,970916.5105,554028.3842,36009713.8273,31671296.5725,36.81,30.11,137.3
000002,万科A,全国地产,深圳,19910129,000002.SZ,20180309,33.87,33.91,33.34,33.46,33.64,-0.18,-0.54,325102.39,1092069.971,0.3348,0.5868,0.81,17.5701,15.4864,3.174,1.536,1.5357,2.361,2.361,1103915.2001,970916.5105,554028.3842,36937002.5953,32486866.4413,37.0,30.28,137.3
000002,万科A,全国地产,深圳,19910129,000002.SZ,20180308,33.4,33.74,32.85,33.64,32.9,0.74,2.25,351022.54,1175142.105,0.3615,0.6336,0.88,17.6647,15.5697,3.1911,1.5443,1.544,2.3484,2.3484,1103915.2001,970916.5105,554028.3842,37135707.3314,32661631.4132,36.19,29.61,137.3
000002,万科A,全国地产,深圳,19910129,000002.SZ,20180307,33.44,33.92,32.8,32.9,33.67,-0.77,-2.29,387992.55,1292495.378,0.3996,0.7003,0.92,17.2761,15.2272,3.1209,1.5103,1.51,2.4012,2.4012,1103915.2001,970916.5105,554028.3842,36318810.0833,31943153.1955,37.04,30.3,137.3
000002,万科A,全国地产,深圳,19910129,000002.SZ,20180306,32.35,33.71,32.01,33.67,32.18,1.49,4.63,581008.06,1912870.91,0.5984,1.0487,1.42,17.6804,15.5836,3.1939,1.5456,1.5453,2.3463,2.3463,1103915.2001,970916.5105,554028.3842,37168824.7874,32690758.9085,35.4,28.96,137.3
000002,万科A,全国地产,深圳,19910129,000002.SZ,20180305,32.49,33.15,32.07,32.18,32.28,-0.1,-0.31,373354.38,1213151.363,0.3845,0.6739,0.85,16.898,14.894,3.0526,1.4772,1.4769,2.4549,2.4549,1103915.2001,970916.5105,554028.3842,35523991.1392,31244093.3079,35.51,29.05,137.3
000002,万科A,全国地产,深圳,19910129,000002.SZ,20180302,32.0,32.73,31.51,32.28,32.41,-0.13,-0.4,322838.49,1038873.924,0.3325,0.5827,0.71,16.9505,14.9403,3.0621,1.4818,1.4815,2.4473,2.4473,1103915.2001,970916.5105,554028.3842,35634382.6592,31341184.9589,35.65,29.17,137.3
000002,万科A,全国地产,深圳,19910129,000002.SZ,20180301,32.17,33.09,32.02,32.41,32.7,-0.29,-0.89,336064.32,1092337.514,0.3461,0.6066,0.75,17.0188,15.0004,3.0744,1.4878,1.4875,2.4375,2.4375,1103915.2001,970916.5105,554028.3842,35777891.6352,31467404.1053,35.97,29.43,137.3
000002,万科A,全国地产,深圳,19910129,000002.SZ,20180228,32.51,33.23,31.84,32.7,32.9,-0.2,-0.61,500004.47,1621987.601,0.515,0.9025,1.25,17.1711,15.1347,3.1019,1.5011,1.5008,2.4159,2.4159,1103915.2001,970916.5105,554028.3842,36098027.0433,31748969.8934,36.19,29.61,137.3
000002,万科A,全国地产,深圳,19910129,000002.SZ,20180227,34.2,34.28,32.65,32.9,34.18,-1.28,-3.74,506598.14,1683177.664,0.5218,0.9144,1.3,17.2761,15.2272,3.1209,1.5103,1.51,2.4012,2.4012,1103915.2001,970916.5105,554028.3842,36318810.0833,31943153.1955,37.6,30.76,137.3
000002,万科A,全国地产,深圳,19910129,000002.SZ,20180226,35.07,35.1,33.11,34.18,34.72,-0.54,-1.56,540655.01,1832518.319,0.5569,0.9759,1.49,17.9482,15.8197,3.2423,1.569,1.5687,2.3113,2.3113,1103915.2001,970916.5105,554028.3842,37731821.5394,33185926.3289,38.19,31.25,137.3
000002,万科A,全国地产,深圳,19910129,000002.SZ,20180223,33.9,35.1,33.33,34.72,33.7,1.02,3.03,384538.9,1323487.16,0.3961,0.6941,0.89,18.2318,16.0696,3.2935,1.5938,1.5935,2.2753,2.2753,1103915.2001,970916.5105,554028.3842,38327935.7475,33710221.2446,37.07,30.33,137.3
000002,万科A,全国地产,深圳,19910129,000002.SZ,20180222,34.0,34.05,33.33,33.7,33.17,0.53,1.6,302373.26,1019234.56,0.3114,0.5458,0.62,17.6962,15.5975,3.1968,1.547,1.5467,2.3442,2.3442,1103915.2001,970916.5105,554028.3842,37201942.2434,32719886.4039,36.49,29.85,137.3
000002,万科A,全国地产,深圳,19910129,000002.SZ,20180214,32.87,33.32,32.17,33.17,32.73,0.44,1.34,270175.5,884454.424,0.2783,0.4877,0.43,17.4179,15.3522,3.1465,1.5227,1.5224,2.3817,2.3817,1103915.2001,970916.5105,554028.3842,36616867.1873,32205300.6533,36.0,29.46,137.3
000002,万科A,全国地产,深圳,19910129,000002.SZ,20180213,32.28,33.79,32.28,32.73,31.9,0.83,2.6,454668.11,1500999.45,0.4683,0.8207,0.68,17.1868,15.1485,3.1048,1.5025,1.5022,2.4137,2.4137,1103915.2001,970916.5105,554028.3842,36131144.4993,31778097.3887,35.09,28.71,137.3
000002,万科A,全国地产,深圳,19910129,000002.SZ,20180212,31.43,32.32,31.31,31.9,31.27,0.63,2.01,407654.31,1297185.205,0.4199,0.7358,0.58,16.751,14.7644,3.026,1.4644,1.4641,2.4765,2.4765,1103915.2001,970916.5105,554028.3842,35214894.8832,30972236.685,34.4,28.14,137.3
000002,万科A,全国地产,深圳,19910129,000002.SZ,20180209,31.5,31.96,30.2,31.27,32.75,-1.48,-4.52,724944.9,2259035.363,0.7467,1.3085,1.07,16.4201,14.4728,2.9663,1.4355,1.4352,2.5264,2.5264,1103915.2001,970916.5105,554028.3842,34519428.3071,30360559.2833,36.03,29.48,137.3
000002,万科A,全国地产,深圳,19910129,000002.SZ,20180208,33.0,33.88,32.49,32.75,32.98,-0.23,-0.7,580805.14,1920999.544,0.5982,1.0483,0.84,17.1973,15.1578,3.1067,1.5034,1.5031,2.4122,2.4122,1103915.2001,970916.5105,554028.3842,36153222.8033,31797515.7189,36.28,29.68,137.3
000002,万科A,全国地产,深圳,19910129,000002.SZ,20180207,36.43,36.58,32.5,32.98,35.82,-2.84,-7.93,952129.68,3283016.479,0.9807,1.7186,1.41,17.3181,15.2643,3.1285,1.514,1.5137,2.3954,2.3954,1103915.2001,970916.5105,554028.3842,36407123.2993,32020826.5163,39.4,32.24,137.3
000002,万科A,全国地产,深圳,19910129,000002.SZ,20180206,35.93,36.1,34.88,35.82,36.99,-1.17,-3.16,699836.71,2489127.586,0.7208,1.2632,0.97,18.8094,16.5787,3.3979,1.6443,1.644,2.2055,2.2055,1103915.2001,970916.5105,554028.3842,39542242.4676,34778229.4061,40.69,33.29,137.3
000002,万科A,全国地产,深圳,19910129,000002.SZ,20180205,36.8,38.06,36.31,36.99,37.38,-0.39,-1.04,552634.72,2046513.931,0.5692,0.9975,0.76,19.4238,17.1202,3.5089,1.698,1.6977,2.1357,2.1357,1103915.2001,970916.5105,554028.3842,40833823.2517,35914201.7234,41.12,33.64,137.3
000002,万科A,全国地产,深圳,19910129,000002.SZ,20180202,36.5,37.9,35.8,37.38,37.5,-0.12,-0.32,596793.68,2208198.824,0.6147,1.0772,0.86,19.6286,17.3007,3.5459,1.7159,1.7156,2.1134,2.1134,1103915.2001,970916.5105,554028.3842,41264350.1797,36292859.1625,41.25,33.75,137.3
000002,万科A,全国地产,深圳,19910129,000002.SZ,20180201,37.5,38.04,36.9,37.5,37.56,-0.06,-0.16,635425.38,2380069.195,0.6545,1.1469,0.92,19.6916,17.3563,3.5572,1.7214,1.7211,2.1067,2.1067,1103915.2001,970916.5105,554028.3842,41396820.0038,36409369.1438,41.32,33.8,137.3
000002,万科A,全国地产,深圳,19910129,000002.SZ,20180131,36.61,37.76,35.62,37.56,36.36,1.2,3.3,898147.86,3297773.29,0.9251,1.6211,1.45,19.7231,17.384,3.5629,1.7242,1.7239,2.1033,2.1033,1103915.2001,970916.5105,554028.3842,41463054.9158,36467624.1344,40.0,32.72,137.3
000002,万科A,全国地产,深圳,19910129,000002.SZ,20180130,38.0,38.0,36.27,36.36,38.57,-2.21,-5.73,908234.42,3355539.693,0.9354,1.6393,1.59,19.0929,16.8286,3.4491,1.6691,1.6688,2.1727,2.1727,1103915.2001,970916.5105,554028.3842,40138356.6756,35302524.3218,42.43,34.71,137.3
000002,万科A,全国地产,深圳,19910129,000002.SZ,20180129,40.38,40.56,38.09,38.57,40.04,-1.47,-3.67,597862.74,2338982.473,0.6158,1.0791,1.13,20.2534,17.8515,3.6587,1.7706,1.7702,2.0482,2.0482,1103915.2001,970916.5105,554028.3842,42578009.2679,37448249.81,44.04,36.04,137.3
000002,万科A,全国地产,深圳,19910129,000002.SZ,20180126,40.0,40.66,39.12,40.04,40.2,-0.16,-0.4,410062.37,1640757.7,0.4223,0.7401,0.73,21.0253,18.5319,3.7982,1.838,1.8377,1.973,1.973,1103915.2001,970916.5105,554028.3842,44200764.612,38875497.0804,44.22,36.18,137.3
000002,万科A,全国地产,深圳,19910129,000002.SZ,20180125,41.12,41.12,38.8,40.2,41.13,-0.93,-2.26,648064.57,2577574.871,0.6675,1.1697,1.2,21.1094,18.6059,3.8134,1.8454,1.845,1.9652,1.9652,1103915.2001,970916.5105,554028.3842,44377391.044,39030843.7221,45.24,37.02,137.3
000002,万科A,全国地产,深圳,19910129,000002.SZ,20180124,40.7,42.24,40.46,41.13,40.98,0.15,0.37,542629.59,2236496.975,0.5589,0.9794,0.91,21.5977,19.0364,3.9016,1.8881,1.8877,1.9207,1.9207,1103915.2001,970916.5105,554028.3842,45404032.1801,39933796.0769,45.08,36.88,137.3
000002,万科A,全国地产,深圳,19910129,000002.SZ,20180123,40.0,41.51,39.99,40.98,39.53,1.45,3.67,648657.5,2653177.559,0.6681,1.1708,0.98,21.519,18.9669,3.8874,1.8812,1.8808,1.9278,1.9278,1103915.2001,970916.5105,554028.3842,45238444.9001,39788158.6003,43.48,35.58,137.3
000002,万科A,全国地产,深圳,19910129,000002.SZ,20180122,39.0,39.84,38.51,39.53,39.42,0.11,0.28,406526.41,1597213.093,0.4187,0.7338,0.56,20.7575,18.2958,3.7498,1.8146,1.8143,1.9985,1.9985,1103915.2001,970916.5105,554028.3842,43637767.86,38380329.6601,43.36,35.48,137.3
000002,万科A,全国地产,深圳,19910129,000002.SZ,20180119,39.85,41.09,39.25,39.42,39.76,-0.34,-0.86,548758.23,2207882.77,0.5652,0.9905,0.75,20.6998,18.2449,3.7394,1.8096,1.8092,2.0041,2.0041,1103915.2001,970916.5105,554028.3842,43516337.1879,38273528.8439,43.74,35.78,137.3
000002,万科A,全国地产,深圳,19910129,000002.SZ,20180118,39.6,40.64,38.9,39.76,39.77,-0.01,-0.03,558848.4,2226747.475,0.5756,1.0087,0.8,20.8783,18.4023,3.7716,1.8252,1.8248,1.9869,1.9869,1103915.2001,970916.5105,554028.3842,43891668.356,38603640.4575,43.75,35.79,137.3
000002,万科A,全国地产,深圳,19910129,000002.SZ,20180117,39.48,40.6,38.3,39.77,40.2,-0.43,-1.07,812191.93,3199234.88,0.8365,1.466,1.3,20.8836,18.4069,3.7726,1.8256,1.8253,1.9864,1.9864,1103915.2001,970916.5105,554028.3842,43902707.508,38613349.6226,44.22,36.18,137.3
000002,万科A,全国地产,深圳,19910129,000002.SZ,20180116,36.5,40.7,36.4,40.2,37.09,3.11,8.39,978464.78,3763499.498,1.0078,1.7661,1.86,21.1094,18.6059,3.8134,1.8454,1.845,1.9652,1.9652,1103915.2001,970916.5105,554028.3842,44377391.044,39030843.7221,40.8,33.38,137.3
000002,万科A,全国地产,深圳,19910129,000002.SZ,20180115,35.84,38.0,35.61,37.09,35.55,1.54,4.33,757186.09,2784027.858,0.7799,1.3667,1.4,19.4763,17.1665,3.5184,1.7026,1.7023,2.13,2.13,1103915.2001,970916.5105,554028.3842,40944214.7717,36011293.3744,39.11,32.0,137.3
000002,万科A,全国地产,深圳,19910129,000002.SZ,20180112,35.1,36.62,35.09,35.55,35.15,0.4,1.14,537013.33,1927916.472,0.5531,0.9693,0.89,18.6676,16.4537,3.3723,1.6319,1.6316,2.2222,2.2222,1103915.2001,970916.5105,554028.3842,39244185.3636,34516081.9483,38.67,31.64,137.3
000002,万科A,全国地产,深圳,19910129,000002.SZ,20180111,35.55,35.78,34.54,35.15,35.67,-0.52,-1.46,402483.81,1411859.648,0.4145,0.7265,0.64,18.4576,16.2686,3.3343,1.6136,1.6133,2.2475,2.2475,1103915.2001,970916.5105,554028.3842,38802619.2835,34127715.3441,39.24,32.1,137.3
000002,万科A,全国地产,深圳,19910129,000002.SZ,20180110,35.6,36.7,35.5,35.67,35.84,-0.17,-0.47,453695.91,1633034.914,0.4673,0.8189,0.68,18.7306,16.5093,3.3837,1.6374,1.6371,2.2147,2.2147,1103915.2001,970916.5105,554028.3842,39376655.1876,34632591.9295,39.42,32.26,137.3
000002,万科A,全国地产,深圳,19910129,000002.SZ,20180109,35.63,36.11,34.95,35.84,35.99,-0.15,-0.42,478459.09,1700947.893,0.4928,0.8636,0.68,18.8199,16.588,3.3998,1.6452,1.6449,2.2042,2.2042,1103915.2001,970916.5105,554028.3842,39564320.7716,34797647.7363,39.59,32.39,137.3
000002,万科A,全国地产,深圳,19910129,000002.SZ,20180108,35.11,36.96,35.11,35.99,34.76,1.23,3.54,830783.59,2994515.871,0.8557,1.4995,1.35,18.8987,16.6574,3.414,1.6521,1.6518,2.1951,2.1951,1103915.2001,970916.5105,554028.3842,39729908.0516,34943285.2129,38.24,31.28,137.3
000002,万科A,全国地产,深圳,19910129,000002.SZ,20180105,32.98,35.88,32.8,34.76,33.12,1.64,4.95,843101.96,2916787.871,0.8684,1.5218,1.61,18.2528,16.0881,3.2973,1.5957,1.5954,2.2727,2.2727,1103915.2001,970916.5105,554028.3842,38372092.3555,33749057.905,36.43,29.81,137.3
000002,万科A,全国地产,深圳,19910129,000002.SZ,20180104,32.76,33.53,32.1,33.12,32.33,0.79,2.44,529085.8,1740602.533,0.5449,0.955,1.07,17.3916,15.3291,3.1418,1.5204,1.5201,2.3853,2.3853,1103915.2001,970916.5105,554028.3842,36561671.4273,32156754.8278,35.56,29.1,137.3
000002,万科A,全国地产,深圳,19910129,000002.SZ,20180103,32.5,33.78,32.23,32.33,32.56,-0.23,-0.71,646870.2,2130249.691,0.6662,1.1676,1.53,16.9768,14.9634,3.0668,1.4841,1.4838,2.4436,2.4436,1103915.2001,970916.5105,554028.3842,35689578.4192,31389730.7845,35.82,29.3,137.3
000002,万科A,全国地产,深圳,19910129,000002.SZ,20180102,31.45,32.99,31.45,32.56,31.06,1.5,4.83,683433.5,2218502.766,0.7039,1.2336,1.77,17.0975,15.0699,3.0886,1.4947,1.4944,2.4263,2.4263,1103915.2001,970916.5105,554028.3842,35943478.9153,31613041.5819,34.17,27.95,137.3
000002,万科A,全国地产,深圳,19910129,000002.SZ,20171229,30.75,31.71,30.74,31.06,30.7,0.36,1.17,385307.4,1204645.832,0.3968,0.6955,1.02,16.3099,14.3756,2.9463,1.4258,1.4255,2.3181,2.5435,1103915.2001,970916.5105,554028.3842,34287606.1151,30156666.8161,33.77,27.63,137.3
000002,万科A,全国地产,深圳,19910129,000002.SZ,20171228,30.4,30.84,29.87,30.7,30.79,-0.09,-0.29,367316.18,1117505.168,0.3783,0.663,0.87,16.1208,14.209,2.9122,1.4093,1.409,2.3453,2.5733,1103915.2001,970916.5105,554028.3842,33890196.6431,29807136.8724,33.87,27.71,137.3
000002,万科A,全国地产,深圳,19910129,000002.SZ,20171227,30.55,31.09,30.4,30.79,30.5,0.29,0.95,395488.84,1218292.968,0.4073,0.7138,0.96,16.1681,14.2507,2.9207,1.4134,1.4132,2.3384,2.5658,1103915.2001,970916.5105,554028.3842,33989549.0111,29894519.3583,33.55,27.45,137.3
000002,万科A,全国地产,深圳,19910129,000002.SZ,20171226,30.49,30.8,30.12,30.5,30.37,0.13,0.43,278845.61,850307.97,0.2872,0.5033,0.66,16.0158,14.1164,2.8932,1.4001,1.3998,2.3607,2.5902,1103915.2001,970916.5105,554028.3842,33669413.6031,29612953.5703,33.41,27.33,137.3
000002,万科A,全国地产,深圳,19910129,000002.SZ,20171225,30.3,31.33,30.27,30.37,29.85,0.52,1.74,506382.57,1561915.069,0.5216,0.914,1.25,15.9475,14.0563,2.8809,1.3941,1.3939,2.3708,2.6013,1103915.2001,970916.5105,554028.3842,33525904.627,29486734.4239,32.84,26.87,137.3
000002,万科A,全国地产,深圳,19910129,000002.SZ,20171222,29.6,30.2,29.57,29.85,29.72,0.13,0.44,342206.42,1023085.433,0.3525,0.6177,0.82,15.6745,13.8156,2.8316,1.3703,1.37,2.4121,2.6466,1103915.2001,970916.5105,554028.3842,32951868.723,28981857.8384,32.69,26.75,137.3
000002,万科A,全国地产,深圳,19910129,000002.SZ,20171221,28.72,30.19,28.63,29.72,28.6,1.12,3.92,595163.86,1756898.867,0.613,1.0742,1.59,15.6062,13.7554,2.8192,1.3643,1.364,2.4226,2.6581,1103915.2001,970916.5105,554028.3842,32808359.747,28855638.6921,31.46,25.74,137.3
000002,万科A,全国地产,深圳,19910129,000002.SZ,20171220,29.09,29.1,28.52,28.6,29.16,-0.56,-1.92,329026.69,943187.281,0.3389,0.5939,0.88,15.0181,13.237,2.713,1.3129,1.3126,2.5175,2.7622,1103915.2001,970916.5105,554028.3842,31571974.7229,27768212.2003,32.08,26.24,137.3
000002,万科A,全国地产,深圳,19910129,000002.SZ,20171219,28.66,29.25,28.4,29.16,28.46,0.7,2.46,340084.1,981540.648,0.3503,0.6138,0.85,15.3122,13.4962,2.7661,1.3386,1.3383,2.4691,2.7092,1103915.2001,970916.5105,554028.3842,32190167.2349,28311925.4462,31.31,25.61,137.3
000002,万科A,全国地产,深圳,19910129,000002.SZ,20171218,29.11,29.26,28.04,28.46,29.11,-0.65,-2.23,421286.94,1207131.428,0.4339,0.7604,1.01,14.9446,13.1722,2.6997,1.3065,1.3062,2.5299,2.7758,1103915.2001,970916.5105,554028.3842,31417426.5948,27632283.8888,32.02,26.2,137.3
000002,万科A,全国地产,深圳,19910129,000002.SZ,20171215,30.12,30.12,29.1,29.11,30.11,-1.0,-3.32,396229.18,1165712.213,0.4081,0.7152,0.87,15.2859,13.4731,2.7614,1.3363,1.336,2.4734,2.7138,1103915.2001,970916.5105,554028.3842,32134971.4749,28263379.6207,33.12,27.1,137.3
000002,万科A,全国地产,深圳,19910129,000002.SZ,20171214,29.94,30.37,29.85,30.11,29.94,0.17,0.57,382067.77,1150698.146,0.3935,0.6896,0.77,15.811,13.9359,2.8562,1.3822,1.3819,2.3912,2.6237,1103915.2001,970916.5105,554028.3842,33238886.675,29234296.1312,32.93,26.95,137.3
000002,万科A,全国地产,深圳,19910129,000002.SZ,20171213,29.57,30.1,29.35,29.94,29.57,0.37,1.25,334953.94,998153.483,0.345,0.6046,0.66,15.7218,13.8572,2.8401,1.3744,1.3741,2.4048,2.6386,1103915.2001,970916.5105,554028.3842,33051221.091,29069240.3244,32.53,26.61,137.3
000002,万科A,全国地产,深圳,19910129,000002.SZ,20171212,29.73,30.36,29.51,29.57,29.93,-0.36,-1.2,467638.92,1401462.694,0.4816,0.8441,0.89,15.5275,13.686,2.805,1.3574,1.3572,2.4349,2.6716,1103915.2001,970916.5105,554028.3842,32642772.467,28710001.2155,32.92,26.94,137.3
000002,万科A,全国地产,深圳,19910129,000002.SZ,20171211,29.82,29.95,29.3,29.93,29.82,0.11,0.37,502135.46,1487020.649,0.5172,0.9063,1.0,15.7165,13.8526,2.8392,1.3739,1.3737,2.4056,2.6395,1103915.2001,970916.5105,554028.3842,33040181.939,29059531.1593,32.8,26.84,137.3
000002,万科A,全国地产,深圳,19910129,000002.SZ,20171208,29.38,29.88,29.05,29.82,29.95,-0.13,-0.43,588187.18,1731418.639,0.6058,1.0617,1.19,15.6587,13.8017,2.8287,1.3689,1.3686,2.4145,2.6492,1103915.2001,970916.5105,554028.3842,32918751.267,28952730.3431,32.95,26.96,137.3
000002,万科A,全国地产,深圳,19910129,000002.SZ,20171207,30.57,31.9,29.9,29.95,30.77,-0.82,-2.66,590007.16,1807843.249,0.6077,1.0649,1.02,15.727,13.8619,2.8411,1.3749,1.3746,2.404,2.6377,1103915.2001,970916.5105,554028.3842,33062260.243,29078949.4895,33.85,27.69,137.3
000002,万科A,全国地产,深圳,19910129,000002.SZ,20171206,30.73,31.2,30.26,30.77,31.03,-0.26,-0.84,389794.45,1197517.724,0.4015,0.7036,0.57,16.1576,14.2414,2.9188,1.4125,1.4122,2.3399,2.5674,1103915.2001,970916.5105,554028.3842,33967470.7071,29875101.0281,34.13,27.93,137.3
000002,万科A,全国地产,深圳,19910129,000002.SZ,20171205,30.6,31.48,30.2,31.03,30.85,0.18,0.58,564302.01,1747240.922,0.5812,1.0185,0.87,16.2941,14.3617,2.9435,1.4244,1.4242,2.3203,2.5459,1103915.2001,970916.5105,554028.3842,34254488.6591,30127539.3208,33.94,27.77,137.3
000002,万科A,全国地产,深圳,19910129,000002.SZ,20171204,30.6,31.3,29.9,30.85,30.73,0.12,0.39,379890.01,1160069.276,0.3913,0.6857,0.56,16.1996,14.2784,2.9264,1.4162,1.4159,2.3339,2.5608,1103915.2001,970916.5105,554028.3842,34055783.9231,29952774.3489,33.8,27.66,137.3
000002,万科A,全国地产,深圳,19910129,000002.SZ,20171201,30.5,32.03,30.5,30.73,31.22,-0.49,-1.57,557438.55,1733100.368,0.5741,1.0062,0.83,16.1366,14.2229,2.915,1.4107,1.4104,2.343,2.5708,1103915.2001,970916.5105,554028.3842,33923314.0991,29836264.3677,34.34,28.1,137.3
000002,万科A,全国地产,深圳,19910129,000002.SZ,20171130,33.1,33.4,30.68,31.22,33.82,-2.6,-7.69,1000665.49,3213854.404,1.0306,1.8062,1.71,16.3939,14.4497,2.9615,1.4332,1.4329,2.3062,2.5304,1103915.2001,970916.5105,554028.3842,34464232.5471,30312013.4578,37.2,30.44,137.3
000002,万科A,全国地产,深圳,19910129,000002.SZ,20171129,30.78,33.83,30.28,33.82,30.75,3.07,9.98,897712.59,2894400.95,0.9246,1.6203,1.45,17.7592,15.653,3.2082,1.5525,1.5522,2.1289,2.3359,1103915.2001,970916.5105,554028.3842,37334412.0674,32836396.3851,33.83,27.68,137.3
000002,万科A,全国地产,深圳,19910129,000002.SZ,20171128,31.09,31.35,30.1,30.75,31.52,-0.77,-2.44,405786.49,1243495.707,0.4179,0.7324,0.54,16.1471,14.2321,2.9169,1.4116,1.4113,2.3415,2.5691,1103915.2001,970916.5105,554028.3842,33945392.4031,29855682.6979,34.67,28.37,137.3
000002,万科A,全国地产,深圳,19910129,000002.SZ,20171127,31.45,32.6,30.59,31.52,31.8,-0.28,-0.88,521581.28,1640697.007,0.5372,0.9414,0.72,16.5514,14.5885,2.99,1.4469,1.4467,2.2843,2.5063,1103915.2001,970916.5105,554028.3842,34795407.1072,30603288.411,34.98,28.62,137.3
000002,万科A,全国地产,深圳,19910129,000002.SZ,20171124,31.18,32.29,30.47,31.8,31.3,0.5,1.6,524343.06,1653488.217,0.54,0.9464,0.71,16.6985,14.7181,3.0165,1.4598,1.4595,2.2642,2.4843,1103915.2001,970916.5105,554028.3842,35104503.3632,30875145.0339,34.43,28.17,137.3
000002,万科A,全国地产,深圳,19910129,000002.SZ,20171123,32.42,32.74,31.02,31.3,32.5,-1.2,-3.69,580325.38,1851670.288,0.5977,1.0475,0.79,16.4359,14.4867,2.9691,1.4368,1.4366,2.3003,2.524,1103915.2001,970916.5105,554028.3842,34552545.7631,30389686.7787,35.75,29.25,137.3
000002,万科A,全国地产,深圳,19910129,000002.SZ,20171122,31.9,33.08,31.54,32.5,31.79,0.71,2.23,1052969.77,3398210.521,1.0845,1.9006,1.67,17.066,15.0421,3.0829,1.4919,1.4916,2.2154,2.4308,1103915.2001,970916.5105,554028.3842,35877244.0033,31554786.5913,34.97,28.61,137.3
000002,万科A,全国地产,深圳,19910129,000002.SZ,20171121,28.54,31.79,28.54,31.79,28.9,2.89,10.0,1081788.62,3289379.108,1.1142,1.9526,1.92,16.6932,14.7135,3.0156,1.4593,1.459,2.2649,2.4851,1103915.2001,970916.5105,554028.3842,35093464.2112,30865435.8688,31.79,26.01,137.3
000002,万科A,全国地产,深圳,19910129,000002.SZ,20171120,28.8,29.01,27.48,28.9,28.9,0.0,0.0,395088.49,1118755.733,0.4069,0.7131,0.72,15.1756,13.3759,2.7414,1.3267,1.3264,2.4913,2.7336,1103915.2001,970916.5105,554028.3842,31903149.2829,28059487.1535,31.79,26.01,137.3
000002,万科A,全国地产,深圳,19910129,000002.SZ,20171117,28.85,29.6,28.6,28.9,28.94,-0.04,-0.14,563943.99,1639436.318,0.5808,1.0179,1.13,15.1756,13.3759,2.7414,1.3267,1.3264,2.4913,2.7336,1103915.2001,970916.5105,554028.3842,31903149.2829,28059487.1535,31.83,26.05,137.3
000002,万科A,全国地产,深圳,19910129,000002.SZ,20171116,28.35,29.38,28.32,28.94,28.44,0.5,1.76,574432.13,1663430.808,0.5916,1.0368,1.33,15.1966,13.3944,2.7452,1.3285,1.3282,2.4879,2.7298,1103915.2001,970916.5105,554028.3842,31947305.8909,28098323.8139,31.28,25.6,137.3
000002,万科A,全国地产,深圳,19910129,000002.SZ,20171115,28.28,28.66,27.91,28.44,28.5,-0.06,-0.21,541077.77,1532168.876,0.5573,0.9766,1.34,14.9341,13.163,2.6978,1.3055,1.3053,2.5316,2.7778,1103915.2001,970916.5105,554028.3842,31395348.2908,27612865.5586,31.35,25.65,137.3
000002,万科A,全国地产,深圳,19910129,000002.SZ,20171114,27.05,28.5,26.7,28.5,27.06,1.44,5.32,735825.54,2042078.588,0.7579,1.3281,2.21,14.9656,13.1908,2.7035,1.3083,1.308,2.5263,2.7719,1103915.2001,970916.5105,554028.3842,31461583.2029,27671120.5493,29.77,24.35,137.3
000002,万科A,全国地产,深圳,19910129,000002.SZ,20171113,27.45,27.49,26.8,27.06,27.51,-0.45,-1.64,347146.47,941038.615,0.3575,0.6266,0.95,14.2094,12.5243,2.5669,1.2422,1.242,2.6608,2.9194,1103915.2001,970916.5105,554028.3842,29871945.3147,26273000.7741,30.26,24.76,137.3
000002,万科A,全国地产,深圳,19910129,000002.SZ,20171110,27.6,27.83,27.36,27.51,27.67,-0.16,-0.58,305912.74,841979.145,0.3151,0.5522,0.77,14.4457,12.7326,2.6096,1.2629,1.2626,2.6172,2.8717,1103915.2001,970916.5105,554028.3842,30368707.1548,26709913.2039,30.44,24.9,137.3
000002,万科A,全国地产,深圳,19910129,000002.SZ,20171109,27.52,27.79,27.3,27.67,27.64,0.03,0.11,234126.98,645092.373,0.2411,0.4226,0.56,14.5298,12.8066,2.6248,1.2702,1.27,2.6021,2.8551,1103915.2001,970916.5105,554028.3842,30545333.5868,26865259.8455,30.4,24.88,137.3
000002,万科A,全国地产,深圳,19910129,000002.SZ,20171108,27.75,28.14,27.41,27.64,27.85,-0.21,-0.75,398661.3,1105269.516,0.4106,0.7196,0.86,14.514,12.7927,2.6219,1.2688,1.2686,2.6049,2.8582,1103915.2001,970916.5105,554028.3842,30512216.1308,26836132.3502,30.64,25.07,137.3
000002,万科A,全国地产,深圳,19910129,000002.SZ,20171107,27.36,27.95,27.3,27.85,27.46,0.39,1.42,379818.14,1052691.827,0.3912,0.6856,0.79,14.6243,12.8899,2.6418,1.2785,1.2782,2.5853,2.8366,1103915.2001,970916.5105,554028.3842,30744038.3228,27040024.8174,30.21,24.71,137.3
000002,万科A,全国地产,深圳,19910129,000002.SZ,20171106,28.2,28.27,26.95,27.46,28.19,-0.73,-2.59,509485.09,1395554.475,0.5247,0.9196,0.99,14.4195,12.7094,2.6049,1.2606,1.2603,2.622,2.8769,1103915.2001,970916.5105,554028.3842,30313511.3947,26661367.3783,31.01,25.37,137.3
000002,万科A,全国地产,深圳,19910129,000002.SZ,20171103,29.23,29.52,28.05,28.19,29.45,-1.26,-4.28,455428.48,1305014.433,0.4691,0.822,0.89,14.8028,13.0473,2.6741,1.2941,1.2938,2.5541,2.8024,1103915.2001,970916.5105,554028.3842,31119369.4908,27370136.431,32.4,26.51,137.3
000002,万科A,全国地产,深圳,19910129,000002.SZ,20171102,29.3,29.48,28.68,29.45,29.15,0.3,1.03,361906.48,1053595.804,0.3727,0.6532,0.69,15.4644,13.6305,2.7936,1.3519,1.3517,2.4448,2.6825,1103915.2001,970916.5105,554028.3842,32510302.6429,28593491.2342,32.07,26.24,137.3
000002,万科A,全国地产,深圳,19910129,000002.SZ,20171101,28.96,30.54,28.73,29.15,28.96,0.19,0.66,622931.18,1849006.197,0.6416,1.1244,1.27,15.3069,13.4916,2.7652,1.3381,1.3379,2.47,2.7101,1103915.2001,970916.5105,554028.3842,32179128.0829,28302216.2811,31.86,26.06,137.3
000002,万科A,全国地产,深圳,19910129,000002.SZ,20171031,28.8,29.28,28.28,28.96,28.98,-0.02,-0.07,463277.75,1334576.822,0.4772,0.8362,0.93,15.2071,13.4037,2.7471,1.3294,1.3292,2.4862,2.7279,1103915.2001,970916.5105,554028.3842,31969384.1949,28117742.1441,31.88,26.08,137.3
000002,万科A,全国地产,深圳,19910129,000002.SZ,20171030,27.5,29.0,27.41,28.98,27.5,1.48,5.38,676711.06,1913212.383,0.697,1.2214,1.67,15.2176,13.4129,2.749,1.3303,1.3301,2.4845,2.726,1103915.2001,970916.5105,554028.3842,31991462.4989,28137160.4743,30.25,24.75,137.3
000002,万科A,全国地产,深圳,19910129,000002.SZ,20171027,27.7,28.28,27.26,27.5,27.53,-0.03,-0.11,447443.84,1241370.688,0.4608,0.8076,1.3,14.4405,12.7279,2.6086,1.2624,1.2622,2.6182,2.8727,1103915.2001,970916.5105,554028.3842,30357668.0028,26700204.0388,30.28,24.78,137.3
000002,万科A,全国地产,深圳,19910129,000002.SZ,20171026,27.3,27.88,26.91,27.53,27.43,0.1,0.36,422766.85,1159749.141,0.4354,0.7631,1.41,14.4562,13.2283,2.698,1.2638,1.2905,2.6153,2.8696,1103915.2001,970916.5105,554028.3842,30390785.4588,26729331.5341,30.17,24.69,137.3
000002,万科A,全国地产,深圳,19910129,000002.SZ,20171025,27.01,28.0,26.86,27.43,27.0,0.43,1.59,445727.42,1230082.31,0.4591,0.8045,1.6,14.4037,13.1803,2.6882,1.2592,1.2858,2.6249,2.8801,1103915.2001,970916.5105,554028.3842,30280393.9387,26632239.883,29.7,24.3,137.3
000002,万科A,全国地产,深圳,19910129,000002.SZ,20171024,25.81,27.2,25.81,27.0,25.93,1.07,4.13,509187.97,1367035.397,0.5244,0.9191,2.39,14.1779,12.9737,2.6461,1.2394,1.2657,2.6667,2.9259,1103915.2001,970916.5105,554028.3842,29805710.4027,26214745.7835,28.52,23.34,137.3
000002,万科A,全国地产,深圳,19910129,000002.SZ,20171023,26.17,26.2,25.77,25.93,26.16,-0.23,-0.88,197527.2,512609.825,0.2034,0.3565,0.84,13.6161,12.4595,2.5412,1.1903,1.2155,2.7767,3.0467,1103915.2001,970916.5105,554028.3842,28624521.1386,25175865.1173,28.78,23.54,137.3
000002,万科A,全国地产,深圳,19910129,000002.SZ,20171020,26.0,26.23,25.73,26.16,26.05,0.11,0.42,145915.37,379610.561,0.1503,0.2634,0.53,13.7368,12.57,2.5638,1.2009,1.2263,2.7523,3.0199,1103915.2001,970916.5105,554028.3842,28878421.6346,25399175.9147,28.66,23.45,137.3
000002,万科A,全国地产,深圳,19910129,000002.SZ,20171019,26.44,26.57,26.01,26.05,26.43,-0.38,-1.44,202525.56,532422.122,0.2086,0.3656,0.67,13.6791,12.5172,2.553,1.1958,1.2211,2.7639,3.0326,1103915.2001,970916.5105,554028.3842,28756990.9626,25292375.0985,29.07,23.79,137.3
000002,万科A,全国地产,深圳,19910129,000002.SZ,20171018,26.21,26.56,25.61,26.43,26.21,0.22,0.84,334052.39,870086.806,0.3441,0.603,1.04,13.8786,12.6998,2.5902,1.2133,1.239,2.7242,2.989,1103915.2001,970916.5105,554028.3842,29176478.7386,25661323.3725,28.83,23.59,137.3
000002,万科A,全国地产,深圳,19910129,000002.SZ,20171017,26.32,26.52,26.14,26.21,26.31,-0.1,-0.38,184811.06,485403.637,0.1903,0.3336,0.52,13.7631,12.5941,2.5687,1.2032,1.2286,2.747,3.0141,1103915.2001,970916.5105,554028.3842,28933617.3946,25447721.7402,28.94,23.68,137.3
000002,万科A,全国地产,深圳,19910129,000002.SZ,20171016,26.96,26.97,26.13,26.31,26.93,-0.62,-2.3,315008.07,833062.331,0.3244,0.5686,0.72,13.8156,12.6421,2.5785,1.2078,1.2333,2.7366,3.0027,1103915.2001,970916.5105,554028.3842,29044008.9146,25544813.3913,29.62,24.24,137.3
000002,万科A,全国地产,深圳,19910129,000002.SZ,20171013,27.2,27.58,26.81,26.93,27.1,-0.17,-0.63,329928.03,894966.611,0.3398,0.5955,0.75,14.1412,12.94,2.6392,1.2362,1.2624,2.6736,2.9335,1103915.2001,970916.5105,554028.3842,29728436.3387,26146781.6278,29.81,24.39,137.3
000002,万科A,全国地产,深圳,19910129,000002.SZ,20171012,26.99,27.2,26.72,27.1,26.87,0.23,0.86,348979.7,941856.394,0.3594,0.6299,0.83,14.2304,13.0217,2.6559,1.244,1.2704,2.6568,2.9151,1103915.2001,970916.5105,554028.3842,29916101.9227,26311837.4346,29.56,24.18,137.3
000002,万科A,全国地产,深圳,19910129,000002.SZ,20171011,26.69,27.27,26.47,26.87,26.59,0.28,1.05,425997.39,1141669.506,0.4388,0.7689,1.04,14.1097,12.9112,2.6333,1.2335,1.2596,2.6796,2.9401,1103915.2001,970916.5105,554028.3842,29662201.4267,26088526.6371,29.25,23.93,137.3
000002,万科A,全国地产,深圳,19910129,000002.SZ,20171010,26.4,26.69,26.19,26.59,26.47,0.12,0.45,367101.28,970161.609,0.3781,0.6626,0.8,13.9626,12.7767,2.6059,1.2206,1.2465,2.7078,2.971,1103915.2001,970916.5105,554028.3842,29353105.1707,25816670.0142,29.12,23.82,137.3
000002,万科A,全国地产,深圳,19910129,000002.SZ,20171009,27.45,27.65,26.24,26.47,26.25,0.22,0.84,711737.42,1923169.657,0.7331,1.2847,1.55,13.8996,12.719,2.5941,1.2151,1.2408,2.7201,2.9845,1103915.2001,970916.5105,554028.3842,29220635.3466,25700160.0329,28.88,23.63,137.3
000002,万科A,全国地产,深圳,19910129,000002.SZ,20170929,26.56,26.8,26.0,26.25,26.41,-0.16,-0.61,345752.68,908847.292,0.3561,0.6241,0.73,13.7841,12.6133,2.5726,1.205,1.2305,2.7429,3.0095,1103915.2001,970916.5105,554028.3842,28977774.0026,25486558.4006,29.05,23.77,137.3
000002,万科A,全国地产,深圳,19910129,000002.SZ,20170928,27.0,27.15,26.4,26.41,26.84,-0.43,-1.6,262347.0,699235.16,0.2702,0.4735,0.5,13.8681,12.6902,2.5883,1.2124,1.238,2.7262,2.9913,1103915.2001,970916.5105,554028.3842,29154400.4346,25641905.0423,29.52,24.16,137.3
000002,万科A,全国地产,深圳,19910129,000002.SZ,20170927,27.0,27.28,26.52,26.84,26.76,0.08,0.3,367534.16,990737.967,0.3785,0.6634,0.64,14.0939,12.8968,2.6304,1.2321,1.2582,2.6826,2.9434,1103915.2001,970916.5105,554028.3842,29629083.9707,26059399.1418,29.44,24.08,137.3
000002,万科A,全国地产,深圳,19910129,000002.SZ,20170926,26.12,27.22,26.1,26.76,26.12,0.64,2.45,593044.56,1585098.003,0.6108,1.0704,0.85,14.0519,12.8583,2.6226,1.2284,1.2544,2.6906,2.9522,1103915.2001,970916.5105,554028.3842,29540770.7547,25981725.821,28.73,23.51,137.3
000002,万科A,全国地产,深圳,19910129,000002.SZ,20170925,27.2,27.2,26.1,26.12,27.81,-1.69,-6.08,722702.58,1913322.931,0.7444,1.3045,0.94,13.7158,12.5508,2.5598,1.199,1.2244,2.7565,3.0245,1103915.2001,970916.5105,554028.3842,28834265.0266,25360339.2543,30.59,25.03,137.3
000002,万科A,全国地产,深圳,19910129,000002.SZ,20170922,28.39,28.67,27.52,27.81,28.4,-0.59,-2.08,423093.1,1184003.287,0.4358,0.7637,0.43,14.6033,13.3629,2.7255,1.2766,1.3036,2.589,2.8407,1103915.2001,970916.5105,554028.3842,30699881.7148,27001188.157,31.24,25.56,137.3
000002,万科A,全国地产,深圳,19910129,000002.SZ,20170921,28.5,29.06,27.75,28.4,28.73,-0.33,-1.15,536324.02,1515969.57,0.5524,0.968,0.48,14.9131,13.6464,2.7833,1.3037,1.3313,2.5352,2.7817,1103915.2001,970916.5105,554028.3842,31351191.6828,27574028.8982,31.6,25.86,137.3
000002,万科A,全国地产,深圳,19910129,000002.SZ,20170920,28.5,29.55,28.0,28.73,28.77,-0.04,-0.14,613095.75,1763105.246,0.6315,1.1066,0.56,15.0864,13.8049,2.8156,1.3189,1.3468,2.5061,2.7497,1103915.2001,970916.5105,554028.3842,31715483.6989,27894431.3467,31.65,25.89,137.3
000002,万科A,全国地产,深圳,19910129,000002.SZ,20170919,28.27,30.1,28.1,28.77,28.04,0.73,2.6,1196308.5,3484566.602,1.2321,2.1593,1.28,15.1074,13.8242,2.8196,1.3207,1.3486,2.5026,2.7459,1103915.2001,970916.5105,554028.3842,31759640.3069,27933268.0071,30.84,25.24,137.3
000002,万科A,全国地产,深圳,19910129,000002.SZ,20170918,29.01,29.74,27.99,28.04,29.3,-1.26,-4.3,1063043.07,3051116.143,1.0949,1.9188,1.27,14.724,13.4734,2.748,1.2872,1.3144,2.5678,2.8174,1103915.2001,970916.5105,554028.3842,30953782.2108,27224498.9544,32.23,26.37,137.3
000002,万科A,全国地产,深圳,19910129,000002.SZ,20170915,27.5,30.22,27.47,29.3,27.56,1.74,6.31,1550495.61,4549589.506,1.5969,2.7986,2.25,15.3857,14.0788,2.8715,1.345,1.3735,2.4573,2.6962,1103915.2001,970916.5105,554028.3842,32344715.3629,28447853.7577,30.32,24.8,137.3
000002,万科A,全国地产,深圳,19910129,000002.SZ,20170914,25.78,28.06,25.55,27.56,25.76,1.8,6.99,1150696.14,3120331.89,1.1852,2.077,1.61,14.472,13.2427,2.701,1.2651,1.2919,2.6125,2.8665,1103915.2001,970916.5105,554028.3842,30423902.9148,26758459.0294,28.34,23.18,137.3
000002,万科A,全国地产,深圳,19910129,000002.SZ,20170913,25.3,26.05,24.99,25.76,25.26,0.5,1.98,467463.77,1201265.103,0.4815,0.8438,0.68,13.5268,12.3778,2.5246,1.1825,1.2075,2.795,3.0668,1103915.2001,970916.5105,554028.3842,28436855.5546,25010809.3105,27.79,22.73,137.3
000002,万科A,全国地产,深圳,19910129,000002.SZ,20170912,25.03,25.47,24.82,25.26,25.28,-0.02,-0.08,442261.63,1112832.817,0.4555,0.7983,0.62,13.2642,12.1376,2.4756,1.1596,1.1841,2.8504,3.1275,1103915.2001,970916.5105,554028.3842,27884897.9545,24525351.0552,27.81,22.75,137.3
000002,万科A,全国地产,深圳,19910129,000002.SZ,20170911,25.61,26.39,25.03,25.28,25.79,-0.51,-1.98,582773.4,1493511.044,0.6002,1.0519,0.9,13.2747,12.1472,2.4775,1.1605,1.185,2.8481,3.125,1103915.2001,970916.5105,554028.3842,27906976.2585,24544769.3854,28.37,23.21,137.3
000002,万科A,全国地产,深圳,19910129,000002.SZ,20170908,25.9,26.28,25.16,25.79,25.97,-0.18,-0.69,795767.75,2043297.94,0.8196,1.4363,1.4,13.5426,12.3922,2.5275,1.1839,1.209,2.7918,3.0632,1103915.2001,970916.5105,554028.3842,28469973.0106,25039936.8058,28.57,23.37,137.3
000002,万科A,全国地产,深圳,19910129,000002.SZ,20170907,23.96,26.18,23.96,25.97,23.8,2.17,9.12,1274569.91,3234474.327,1.3128,2.3005,3.4,13.6371,12.4787,2.5451,1.1922,1.2174,2.7724,3.042,1103915.2001,970906.7759,554028.3842,28668677.7466,25214448.9701,26.18,21.42,137.3
000002,万科A,全国地产,深圳,19910129,000002.SZ,20170906,23.79,24.27,23.5,23.8,23.76,0.04,0.17,361719.63,865955.696,0.3726,0.6529,0.98,12.4976,11.436,2.3325,1.0925,1.1157,3.0252,3.3193,1103915.2001,970906.7759,554018.6496,26273181.7624,23107581.2664,26.14,21.38,137.3
000002,万科A,全国地产,深圳,19910129,000002.SZ,20170905,23.05,23.89,23.05,23.76,22.96,0.8,3.48,539792.91,1279252.921,0.556,0.9743,1.54,12.4766,11.4168,2.3286,1.0907,1.1138,3.0303,3.3249,1103915.2001,970906.7759,554018.6496,26229025.1544,23068744.9954,25.26,20.66,137.3
000002,万科A,全国地产,深圳,19910129,000002.SZ,20170904,22.9,23.04,22.69,22.96,22.88,0.08,0.35,268283.34,614727.601,0.2763,0.4842,0.56,12.0565,11.0324,2.2502,1.054,1.0763,3.1359,3.4408,1103915.2001,970906.7759,554018.6496,25345892.9943,22292019.5747,25.17,20.59,137.3
000002,万科A,全国地产,深圳,19910129,000002.SZ,20170901,23.26,23.37,22.74,22.88,23.23,-0.35,-1.51,407080.29,933710.129,0.4193,0.7348,0.83,12.0145,10.994,2.2423,1.0503,1.0725,3.1469,3.4528,1103915.2001,970906.7759,554018.6496,25257579.7783,22214347.0326,25.55,20.91,137.3
000002,万科A,全国地产,深圳,19910129,000002.SZ,20170831,23.19,23.43,23.01,23.23,23.24,-0.01,-0.04,298893.58,694243.105,0.3078,0.5395,0.64,12.1983,11.1622,2.2766,1.0664,1.089,3.0994,3.4008,1103915.2001,970906.7759,554018.6496,25643950.0983,22554164.4042,25.56,20.92,137.3
000002,万科A,全国地产,深圳,19910129,000002.SZ,20170830,23.52,23.58,23.23,23.24,23.36,-0.12,-0.51,337202.17,789291.579,0.3473,0.6086,0.76,12.2035,11.167,2.2776,1.0668,1.0894,3.0981,3.3993,1103915.2001,970906.7759,554018.6496,25654989.2503,22563873.4719,25.7,21.02,137.3
000002,万科A,全国地产,深圳,19910129,000002.SZ,20170829,23.38,23.57,22.85,23.36,23.22,0.14,0.6,436613.54,1015608.551,0.4497,0.7881,0.95,12.2665,11.2246,2.2894,1.0723,1.095,3.0822,3.3818,1103915.2001,970906.7759,554018.6496,25787459.0743,22680382.285,25.54,20.9,137.3
000002,万科A,全国地产,深圳,19910129,000002.SZ,20170828,23.27,24.42,23.27,24.01,23.2,0.81,3.49,898477.81,2154997.908,0.9254,1.6217,2.68,12.6079,11.5369,2.3531,1.1022,1.1255,2.9988,,1103915.2001,970906.7759,554018.6496,26505003.9544,23311471.6894,25.52,20.88,132.782
000002,万科A,全国地产,深圳,19910129,000002.SZ,20170825,23.5,23.68,23.14,23.2,23.09,0.11,0.48,483898.58,1131198.66,0.4984,0.8734,1.38,12.1825,11.1477,2.2737,1.065,1.0875,3.1034,,1103915.2001,970906.7759,554018.6496,25610832.6423,22525037.2009,25.4,20.78,132.782
000002,万科A,全国地产,深圳,19910129,000002.SZ,20170824,23.18,23.32,22.85,23.09,23.24,-0.15,-0.65,180488.96,417300.228,0.1859,0.3258,0.51,12.1248,12.2048,2.2365,1.06,1.0427,3.1182,,1103915.2001,970906.7759,554018.6496,25489401.9703,22418237.4555,25.56,20.92,132.782
000002,万科A,全国地产,深圳,19910129,000002.SZ,20170823,23.25,23.3,22.92,23.24,23.21,0.03,0.13,222221.18,514484.895,0.2289,0.4011,0.63,12.2035,12.2841,2.251,1.0668,1.0495,3.0981,,1103915.2001,970906.7759,554018.6496,25654989.2503,22563873.4719,25.53,20.89,132.782
000002,万科A,全国地产,深圳,19910129,000002.SZ,20170822,22.78,23.4,22.65,23.21,22.62,0.59,2.61,504123.49,1167246.978,0.5192,0.9099,1.66,12.1878,12.2682,2.2481,1.0655,1.0481,3.1021,,1103915.2001,970906.7759,554018.6496,25621871.7943,22534746.2686,24.88,20.36,132.782
000002,万科A,全国地产,深圳,19910129,000002.SZ,20170821,22.7,22.81,22.39,22.62,22.82,-0.2,-0.88,287832.45,649571.377,0.2965,0.5195,0.88,11.878,11.9563,2.191,1.0384,1.0215,3.183,,1103915.2001,970906.7759,554018.6496,24970561.8263,21961911.2709,25.1,20.54,132.782
000002,万科A,全国地产,深圳,19910129,000002.SZ,20170818,21.88,22.95,21.81,22.82,21.92,0.9,4.11,552724.8,1242948.88,0.5693,0.9977,1.95,11.983,12.0621,2.2103,1.0476,1.0305,3.1551,,1103915.2001,970906.7759,554018.6496,25191344.8663,22156092.626,24.11,19.73,132.782
000002,万科A,全国地产,深圳,19910129,000002.SZ,20170817,21.9,21.97,21.72,21.92,21.86,0.06,0.27,197748.76,433006.766,0.2037,0.3569,0.68,11.5104,11.5863,2.1231,1.0062,0.9899,3.2847,,1103915.2001,970906.7759,554018.6496,24197821.1862,21282276.5277,24.05,19.67,132.782
000002,万科A,全国地产,深圳,19910129,000002.SZ,20170816,22.1,22.1,21.75,21.86,22.02,-0.16,-0.73,229564.85,501790.367,0.2364,0.4144,0.78,11.4789,11.5546,2.1173,1.0035,0.9872,3.2937,,1103915.2001,970906.7759,554018.6496,24131586.2742,21224022.1212,24.22,19.82,132.782
000002,万科A,全国地产,深圳,19910129,000002.SZ,20170815,21.99,22.18,21.86,22.02,21.95,0.07,0.32,247722.45,544574.594,0.2551,0.4471,0.87,11.5629,11.6392,2.1328,1.0108,0.9944,3.2698,,1103915.2001,970906.7759,554018.6496,24308212.7062,21379367.2053,24.15,19.76,132.782
000002,万科A,全国地产,深圳,19910129,000002.SZ,20170814,22.12,22.25,21.73,21.95,22.02,-0.07,-0.32,400870.39,879296.825,0.4129,0.7236,1.6,11.5261,11.6022,2.1261,1.0076,0.9912,3.2802,,1103915.2001,970906.7759,554018.6496,24230938.6422,21311403.731,24.22,19.82,132.782
000002,万科A,全国地产,深圳,19910129,000002.SZ,20170811,22.6,22.69,22.0,22.02,22.8,-0.78,-3.42,344130.96,768450.896,0.3544,0.6212,1.43,11.5629,11.6392,2.1328,1.0108,0.9944,3.2698,,1103915.2001,970906.7759,554018.6496,24308212.7062,21379367.2053,25.08,20.52,132.782
000002,万科A,全国地产,深圳,19910129,000002.SZ,20170810,22.99,22.99,22.53,22.8,22.95,-0.15,-0.65,239302.29,543681.994,0.2465,0.4319,0.84,11.9725,12.0515,2.2084,1.0466,1.0296,3.1579,,1103915.2001,970906.7759,554018.6496,25169266.5623,22136674.4905,25.25,20.66,132.782
000002,万科A,全国地产,深圳,19910129,000002.SZ,20170809,22.8,23.08,22.71,22.95,22.77,0.18,0.79,244983.95,561145.593,0.2523,0.4422,0.8,12.0512,12.1308,2.2229,1.0535,1.0364,3.1373,,1103915.2001,970906.7759,554018.6496,25334853.8423,22282310.5069,25.05,20.49,132.782
000002,万科A,全国地产,深圳,19910129,000002.SZ,20170808,22.81,22.81,22.58,22.77,22.71,0.06,0.26,191585.01,434919.029,0.1973,0.3458,0.62,11.9567,12.0356,2.2055,1.0453,1.0283,3.1621,,1103915.2001,970906.7759,554018.6496,25136149.1063,22107547.2872,24.98,20.44,132.782
000002,万科A,全国地产,深圳,19910129,000002.SZ,20170807,22.82,23.05,22.68,22.71,22.84,-0.13,-0.57,234091.49,533908.529,0.2411,0.4225,0.72,11.9252,12.0039,2.1997,1.0425,1.0255,3.1704,,1103915.2001,970906.7759,554018.6496,25069914.1943,22049292.8807,25.12,20.56,132.782
000002,万科A,全国地产,深圳,19910129,000002.SZ,20170804,23.0,23.06,22.71,22.84,23.11,-0.27,-1.17,296123.06,676533.26,0.305,0.5345,0.85,11.9935,12.0726,2.2123,1.0485,1.0314,3.1524,,1103915.2001,970906.7759,554018.6496,25213423.1703,22175510.7616,25.42,20.8,132.782
000002,万科A,全国地产,深圳,19910129,000002.SZ,20170803,23.58,23.58,22.79,23.11,23.58,-0.47,-1.99,455189.39,1047661.125,0.4688,0.8216,1.33,12.1353,12.2153,2.2384,1.0609,1.0436,3.1155,,1103915.2001,970906.7759,554018.6496,25511480.2743,22437655.591,25.94,21.22,132.782
000002,万科A,全国地产,深圳,19910129,000002.SZ,20170802,23.45,24.12,23.43,23.58,23.42,0.16,0.68,353910.17,841309.695,0.3645,0.6388,1.06,12.3821,12.4638,2.2839,1.0824,1.0648,3.0534,,1103915.2001,970906.7759,554018.6496,26030320.4184,22893981.7757,25.76,21.08,132.782
000002,万科A,全国地产,深圳,19910129,000002.SZ,20170801,23.35,23.55,23.2,23.42,23.37,0.05,0.21,209522.62,490486.919,0.2158,0.3782,0.58,12.298,12.3792,2.2684,1.0751,1.0576,3.0743,,1103915.2001,970906.7759,554018.6496,25853693.9863,22738636.6916,25.71,21.03,132.782
000002,万科A,全国地产,深圳,19910129,000002.SZ,20170731,23.52,23.58,23.1,23.37,23.63,-0.26,-1.1,309424.82,721127.919,0.3187,0.5585,0.66,12.2718,12.3528,2.2636,1.0728,1.0553,3.0809,,1103915.2001,970906.7759,554018.6496,25798498.2263,22690091.3528,25.99,21.27,132.782
000002,万科A,全国地产,深圳,19910129,000002.SZ,20170728,23.0,23.84,23.0,23.63,23.0,0.63,2.74,412507.68,971981.311,0.4249,0.7446,0.86,12.4083,12.4902,2.2888,1.0847,1.0671,3.047,3.047,1103915.2001,970906.7759,554018.6496,26085516.1784,22942527.1145,25.3,20.7,132.782
000002,万科A,全国地产,深圳,19910129,000002.SZ,20170727,23.45,23.63,22.94,23.0,23.42,-0.42,-1.79,426351.28,991318.779,0.4391,0.7696,0.81,12.0775,12.1572,2.2278,1.0558,1.0386,3.1304,3.1304,1103915.2001,970906.7759,554018.6496,25390049.6023,22330855.8457,25.76,21.08,132.782
000002,万科A,全国地产,深圳,19910129,000002.SZ,20170726,23.28,23.68,23.23,23.42,23.26,0.16,0.69,307159.42,719797.707,0.3164,0.5544,0.46,12.298,12.3792,2.2684,1.0751,1.0576,3.0743,3.0743,1103915.2001,970906.7759,554018.6496,25853693.9863,22738636.6916,25.59,20.93,132.782
000002,万科A,全国地产,深圳,19910129,000002.SZ,20170725,23.6,23.74,23.22,23.26,23.8,-0.54,-2.27,362654.8,849637.919,0.3735,0.6546,0.48,12.214,12.2946,2.2529,1.0678,1.0504,3.0954,3.0954,1103915.2001,970906.7759,554018.6496,25677067.5543,22583291.6074,26.18,21.42,132.782
000002,万科A,全国地产,深圳,19910129,000002.SZ,20170724,24.7,24.72,23.38,23.8,24.78,-0.98,-3.95,835260.09,2000738.2,0.8603,1.5076,1.34,12.4976,12.5801,2.3052,1.0925,1.0748,3.0252,3.0252,1103915.2001,970906.7759,554018.6496,26273181.7624,23107581.2664,27.26,22.3,132.782
000002,万科A,全国地产,深圳,19910129,000002.SZ,20170721,25.19,25.64,24.65,24.78,25.35,-0.57,-2.25,477662.55,1195588.636,0.492,0.8622,0.69,13.0122,13.0981,2.4002,1.1375,1.119,2.9056,2.9056,1103915.2001,970906.7759,554018.6496,27355018.6585,24059069.9068,27.89,22.82,132.782
000002,万科A,全国地产,深圳,19910129,000002.SZ,20170720,24.85,25.64,24.73,25.35,25.14,0.21,0.84,633677.05,1598967.701,0.6527,1.1438,0.83,13.3115,13.3993,2.4554,1.1637,1.1448,2.8402,2.8402,1103915.2001,970906.7759,554018.6496,27984250.3225,24612486.7691,27.65,22.63,132.782
000002,万科A,全国地产,深圳,19910129,000002.SZ,20170719,24.85,26.06,24.43,25.14,25.3,-0.16,-0.63,1008070.7,2526934.175,1.0383,1.8196,1.53,13.2012,13.2883,2.435,1.1541,1.1353,2.864,2.864,1103915.2001,970906.7759,554018.6496,27752428.1305,24408596.3461,27.83,22.77,132.782
000002,万科A,全国地产,深圳,19910129,000002.SZ,20170718,25.58,25.8,24.88,25.3,24.59,0.71,2.89,791833.77,2004962.442,0.8156,1.4293,1.27,13.2852,13.3729,2.4505,1.1614,1.1425,2.8458,2.8458,1103915.2001,970906.7759,554018.6496,27929054.5625,24563941.4303,27.05,22.13,132.782
000002,万科A,全国地产,深圳,19910129,000002.SZ,20170714,24.45,24.83,24.36,24.59,24.43,0.16,0.65,201797.31,495832.293,0.2078,0.3642,0.29,12.9124,12.9976,2.3818,1.1288,1.1104,2.928,2.928,1103915.2001,970906.7759,554018.6496,27145274.7705,23874597.6194,,,132.782
000002,万科A,全国地产,深圳,19910129,000002.SZ,20170713,24.91,25.35,24.4,24.43,25.46,-1.03,-4.05,833370.31,2064324.255,0.8583,1.5042,1.33,12.8284,12.9131,2.3663,1.1215,1.1032,2.9472,2.9472,1103915.2001,970906.7759,554018.6496,26968648.3384,23719252.5352,,,132.782
000002,万科A,全国地产,深圳,19910129,000002.SZ,20170712,25.7,26.7,25.22,25.46,24.75,0.71,2.87,996895.18,2583415.791,1.0268,1.7994,1.72,13.3693,13.4575,2.466,1.1687,1.1497,2.828,2.828,1103915.2001,970906.7759,554018.6496,28105680.9945,24719286.5144,,,132.782
000002,万科A,全国地产,深圳,19910129,000002.SZ,20170711,24.27,25.1,24.15,24.75,24.43,0.32,1.31,475520.25,1179893.509,0.4898,0.8583,0.75,12.9964,13.0822,2.3973,1.1362,1.1177,2.9091,2.9091,1103915.2001,970906.7759,554018.6496,27321901.2025,24029942.7035,,,132.782
000002,万科A,全国地产,深圳,19910129,000002.SZ,20170710,24.4,25.38,24.22,24.43,24.66,-0.23,-0.93,609251.94,1510229.003,0.6275,1.0997,1.02,12.8284,12.9131,2.3663,1.1215,1.1032,2.9472,2.9472,1103915.2001,970906.7759,554018.6496,26968648.3384,23719252.5352,,,132.782
000002,万科A,全国地产,深圳,19910129,000002.SZ,20170707,24.27,25.09,24.03,24.66,24.22,0.44,1.82,583982.56,1442448.492,0.6015,1.0541,0.97,12.9492,13.0346,2.3885,1.132,1.1136,2.9197,2.9197,1103915.2001,970906.7759,554018.6496,27222548.8345,23942561.0937,,,132.782
000002,万科A,全国地产,深圳,19910129,000002.SZ,20170706,24.3,24.66,23.95,24.22,24.54,-0.32,-1.3,474769.22,1154892.663,0.489,0.6693,0.73,12.7181,12.8021,2.3459,1.1118,1.0937,2.9727,2.9727,1103915.2001,970906.7759,709339.747,26736826.1464,23515362.1123,,,132.782
000002,万科A,全国地产,深圳,19910129,000002.SZ,20170705,23.94,24.65,23.43,24.54,23.86,0.68,2.85,747827.98,1802258.144,0.7702,1.0543,1.09,12.8862,12.9712,2.3769,1.1265,1.1082,2.934,2.934,1103915.2001,970906.7759,709339.747,27090079.0105,23826052.2806,,,132.782
000002,万科A,全国地产,深圳,19910129,000002.SZ,20170704,24.57,24.93,23.52,23.86,24.57,-0.71,-2.89,740518.74,1798526.826,0.7627,1.044,0.95,12.5291,12.6118,2.3111,1.0953,1.0775,3.0176,3.0176,1103915.2001,970906.7759,709339.747,26339416.6744,23165835.673,,,132.782
000002,万科A,全国地产,深圳,19910129,000002.SZ,20170703,24.76,25.2,24.36,24.57,24.97,-0.4,-1.6,452937.99,1115270.383,0.4665,0.6385,0.44,12.9019,12.9871,2.3798,1.1279,1.1095,2.9304,2.9304,1103915.2001,970906.7759,709339.747,27123196.4665,23855179.4839,,,132.782
000002,万科A,全国地产,深圳,19910129,000002.SZ,20170630,25.0,25.39,24.64,24.97,25.16,-0.19,-0.76,595614.83,1487556.605,0.6135,0.8397,0.51,13.112,13.1985,2.4186,1.1463,1.1276,2.8835,2.8835,1103915.2001,970906.7759,709339.747,27564762.5465,24243542.1942,,,132.782
000002,万科A,全国地产,深圳,19910129,000002.SZ,20170629,25.16,25.42,24.56,25.16,25.0,0.16,0.64,706958.31,1767701.602,0.7281,0.9966,0.61,13.2117,13.2989,2.437,1.155,1.1362,2.8617,2.8617,1103915.2001,970906.7759,709339.747,27774506.4345,24428014.4816,,,132.782
000002,万科A,全国地产,深圳,19910129,000002.SZ,20170628,25.38,25.89,24.78,25.0,25.54,-0.54,-2.11,946320.09,2391062.42,0.9747,1.3341,0.93,13.1277,13.2143,2.4215,1.1476,1.129,2.88,2.88,1103915.2001,970906.7759,709339.747,27597880.0025,24272669.3975,,,132.782
000002,万科A,全国地产,深圳,19910129,000002.SZ,20170627,26.01,26.03,25.17,25.54,26.48,-0.94,-3.55,1198380.3,3059693.495,1.2343,1.6894,1.46,13.4113,13.4998,2.4738,1.1724,1.1533,2.8191,2.8191,1103915.2001,970906.7759,709339.747,28193994.2106,24796959.0565,,,132.782
000002,万科A,全国地产,深圳,19910129,000002.SZ,20170626,24.94,26.48,24.55,26.48,24.07,2.41,10.01,1711182.98,4396209.719,1.7625,2.4124,3.4,13.9049,13.9966,2.5648,1.2156,1.1958,2.719,2.719,1103915.2001,970906.7759,709339.747,29231674.4986,25709611.4258,,,132.782
000002,万科A,全国地产,深圳,19910129,000002.SZ,20170623,21.84,24.07,21.8,24.07,21.88,2.19,10.01,1251186.77,2905465.113,1.2887,1.7639,4.45,12.6394,12.7228,2.3314,1.1049,1.087,2.9913,2.9913,1103915.2001,970906.7759,709339.747,26571238.8664,23369726.0959,,,132.782
000002,万科A,全国地产,深圳,19910129,000002.SZ,20170622,21.1,22.3,21.1,21.88,21.04,0.84,3.99,715929.06,1562559.166,0.7374,1.0093,3.88,11.4894,11.5652,2.1193,1.0044,0.9881,3.2907,3.2907,1103915.2001,970906.7759,709339.747,24153664.5782,21243440.2567,,,132.782
000002,万科A,全国地产,深圳,19910129,000002.SZ,20170621,21.35,21.43,20.9,21.04,21.03,0.01,0.05,194542.51,411153.77,0.2004,0.2743,0.89,11.0483,11.1212,2.0379,0.9658,0.9501,3.4221,3.4221,1103915.2001,970906.7759,709339.747,23226375.8101,20427878.5649,23.14,18.94,132.782
000002,万科A,全国地产,深圳,19910129,000002.SZ,20170620,20.94,21.27,20.82,21.03,20.98,0.05,0.24,236755.86,497795.185,0.2439,0.3338,0.89,11.043,11.1159,2.0369,0.9654,0.9497,3.4237,3.4237,1103915.2001,970906.7759,709339.747,23215336.6581,20418169.4972,,,132.782
000002,万科A,全国地产,深圳,19910129,000002.SZ,20170619,20.94,21.07,20.9,20.98,20.94,0.04,0.19,118915.52,249680.284,0.1225,0.1676,0.28,11.0168,11.0895,2.0321,0.9631,0.9474,3.4318,3.4318,1103915.2001,970906.7759,709339.747,23160140.8981,20369624.1584,23.08,18.88,132.782
000002,万科A,全国地产,深圳,19910129,000002.SZ,20170616,21.05,21.18,20.9,20.94,21.04,-0.1,-0.48,139298.22,292396.354,0.1435,0.1964,0.28,10.9958,11.0683,2.0282,0.9613,0.9456,3.4384,3.4384,1103915.2001,970906.7759,709339.747,23115984.2901,20330787.8873,,,132.782
000002,万科A,全国地产,深圳,19910129,000002.SZ,20170615,21.26,21.3,20.82,21.04,21.35,-0.31,-1.45,233208.62,489523.684,0.2402,0.3288,0.45,11.0483,11.1212,2.0379,0.9658,0.9501,3.4221,3.4221,1103915.2001,970906.7759,709339.747,23226375.8101,20427878.5649,,,132.782
000002,万科A,全国地产,深圳,19910129,000002.SZ,20170614,21.9,21.9,21.32,21.35,22.0,-0.65,-2.95,370107.35,798534.301,0.3812,0.5218,0.76,11.2111,11.2851,2.0679,0.9801,0.9641,3.3724,3.3724,1103915.2001,970906.7759,709339.747,23568589.5221,20728859.6655,,,132.782
000002,万科A,全国地产,深圳,19910129,000002.SZ,20170613,21.91,22.46,21.5,22.0,21.7,0.3,1.38,471001.92,1040218.312,0.4851,0.664,1.06,11.5524,11.6286,2.1309,1.0099,0.9935,3.2727,3.2727,1103915.2001,970906.7759,709339.747,24286134.4022,21359949.0698,,,132.782
000002,万科A,全国地产,深圳,19910129,000002.SZ,20170612,21.48,22.8,21.48,21.7,20.87,0.83,3.98,944276.46,2080848.959,0.9726,1.3312,2.41,11.3949,11.4701,2.1018,0.9961,0.9799,3.318,3.318,1103915.2001,970906.7759,709339.747,23954959.8422,21068677.037,,,132.782
000002,万科A,全国地产,深圳,19910129,000002.SZ,20170606,21.05,21.45,20.83,20.87,21.1,-0.23,-1.09,492775.87,1044876.412,0.5075,0.6947,1.32,10.959,11.0313,2.0214,0.958,0.9425,3.4499,3.4499,1103915.2001,970906.7759,709339.747,23038710.2261,20262824.413,,,132.782
000002,万科A,全国地产,深圳,19910129,000002.SZ,20170605,20.75,21.26,20.71,21.1,20.95,0.15,0.72,285544.45,602173.927,0.2941,0.4025,0.58,11.0798,11.1529,2.0437,0.9686,0.9528,3.4123,3.4123,1103915.2001,970906.7759,709339.747,23292610.7221,20486132.9715,,,132.782
000002,万科A,全国地产,深圳,19910129,000002.SZ,20170602,21.08,21.3,20.78,20.95,21.09,-0.14,-0.66,235397.43,493992.185,0.2425,0.3319,0.48,11.001,11.0736,2.0292,0.9617,0.9461,3.4368,3.4368,1103915.2001,970906.7759,709339.747,23127023.4421,20340496.9551,,,132.782
000002,万科A,全国地产,深圳,19910129,000002.SZ,20170601,21.1,21.37,20.93,21.09,21.26,-0.17,-0.8,266365.05,562162.013,0.2743,0.3755,0.56,11.0745,11.1476,2.0428,0.9681,0.9524,3.4139,3.4139,1103915.2001,970906.7759,709339.747,23281571.5701,20476423.9037,,,132.782
000002,万科A,全国地产,深圳,19910129,000002.SZ,20170531,21.49,21.58,20.9,21.26,20.55,0.71,3.46,682330.32,1447984.277,0.7028,0.9619,1.86,11.1638,11.2375,2.0592,0.9759,0.9601,3.3866,3.3866,1103915.2001,970906.7759,709339.747,23469237.1541,20641478.0556,,,132.782
000002,万科A,全国地产,深圳,19910129,000002.SZ,20170526,20.3,20.75,20.07,20.55,20.5,0.05,0.24,400658.93,814867.077,0.4127,0.5648,1.3,10.791,10.8622,1.9905,0.9434,0.928,3.5036,3.5036,1103915.2001,970906.7759,709339.747,22685457.3621,19952134.2447,,,132.782
000002,万科A,全国地产,深圳,19910129,000002.SZ,20170525,19.15,20.83,19.12,20.5,19.19,1.31,6.83,896979.25,1815758.309,0.9239,1.2645,6.01,10.7647,10.8358,1.9856,0.9411,0.9257,3.5122,3.5122,1103915.2001,970906.7759,709339.747,22630261.6021,19903588.906,,,132.782
000002,万科A,全国地产,深圳,19910129,000002.SZ,20170524,19.14,19.31,18.92,19.19,19.23,-0.04,-0.21,189289.92,362272.697,0.195,0.2669,1.36,10.0768,10.1433,1.8587,0.8809,0.8666,3.752,3.752,1103915.2001,970906.7759,709339.747,21184132.6899,18631701.0295,,,132.782
000002,万科A,全国地产,深圳,19910129,000002.SZ,20170523,19.01,19.3,18.92,19.23,19.07,0.16,0.84,202716.37,387974.307,0.2088,0.2858,1.49,10.0978,10.1645,1.8626,0.8828,0.8684,3.7441,3.7441,1103915.2001,970906.7759,709339.747,21228289.2979,18670537.3006,,,132.782
000002,万科A,全国地产,深圳,19910129,000002.SZ,20170522,19.17,19.17,18.84,19.07,19.17,-0.1,-0.52,147292.87,280016.352,0.1517,0.2076,1.12,10.0138,10.0799,1.8471,0.8754,0.8612,3.7756,3.7756,1103915.2001,970906.7759,709339.747,21051662.8659,18515192.2164,,,132.782
000002,万科A,全国地产,深圳,19910129,000002.SZ,20170519,19.07,19.19,19.02,19.17,19.04,0.13,0.68,102373.29,195769.345,0.1054,0.1443,0.66,10.0663,10.1328,1.8568,0.88,0.8657,3.7559,3.7559,1103915.2001,970906.7759,709339.747,21162054.3859,18612282.894,,,132.782
000002,万科A,全国地产,深圳,19910129,000002.SZ,20170518,19.02,19.12,18.97,19.04,19.14,-0.1,-0.52,104260.53,198884.858,0.1074,0.147,0.51,9.9981,10.064,1.8442,0.874,0.8598,3.7815,3.7815,1103915.2001,970906.7759,709339.747,21018545.4099,18486065.0131,,,132.782
000002,万科A,全国地产,深圳,19910129,000002.SZ,20170517,19.13,19.18,19.01,19.14,19.23,-0.09,-0.47,139247.57,265877.522,0.1434,0.1963,0.67,10.0506,10.1169,1.8539,0.8786,0.8643,3.7618,3.7618,1103915.2001,970906.7759,709339.747,21128936.9299,18583155.6907,,,132.782
000002,万科A,全国地产,深圳,19910129,000002.SZ,20170516,19.3,19.31,18.87,19.23,19.34,-0.11,-0.57,189232.8,360407.234,0.1949,0.2668,0.97,10.0978,10.1645,1.8626,0.8828,0.8684,3.7441,3.7441,1103915.2001,970906.7759,709339.747,21228289.2979,18670537.3006,,,132.782
000002,万科A,全国地产,深圳,19910129,000002.SZ,20170515,19.4,19.47,19.27,19.34,19.4,-0.06,-0.31,122093.25,236414.786,0.1258,0.1721,0.59,10.1556,10.2226,1.8733,0.8878,0.8734,3.7229,3.7229,1103915.2001,970906.7759,709339.747,21349719.9699,18777337.0459,,,132.782
000002,万科A,全国地产,深圳,19910129,000002.SZ,20170512,19.11,19.45,18.93,19.4,19.24,0.16,0.83,222193.76,426308.513,0.2289,0.3132,1.2,10.1871,10.2543,1.8791,0.8906,0.8761,3.7113,3.7113,1103915.2001,970906.7759,709339.747,21415954.8819,18835591.4525,,,132.782
000002,万科A,全国地产,深圳,19910129,000002.SZ,20170511,18.67,19.4,18.5,19.24,18.67,0.57,3.05,347254.93,661591.578,0.3577,0.4895,2.29,10.1031,10.1698,1.8636,0.8832,0.8688,3.7422,3.7422,1103915.2001,970906.7759,709339.747,21239328.4499,18680246.3683,,,132.782
000002,万科A,全国地产,深圳,19910129,000002.SZ,20170510,18.62,18.84,18.62,18.67,18.62,0.05,0.27,156075.22,292340.815,0.1608,0.22,0.9,9.8038,9.8685,1.8084,0.857,0.8431,3.8565,3.8565,1103915.2001,970906.7759,709339.747,20610096.7859,18126829.5061,,,132.782
000002,万科A,全国地产,深圳,19910129,000002.SZ,20170509,18.43,18.68,18.32,18.62,18.47,0.15,0.81,123564.22,229217.675,0.1273,0.1742,0.66,9.7775,9.842,1.8035,0.8548,0.8408,3.8668,3.8668,1103915.2001,970906.7759,709339.747,20554901.0259,18078284.1673,,,132.782
000002,万科A,全国地产,深圳,19910129,000002.SZ,20170508,18.89,18.96,18.44,18.47,18.89,-0.42,-2.22,183996.14,341697.835,0.1895,0.2594,0.83,9.6988,9.7628,1.789,0.8479,0.8341,3.8982,3.8982,1103915.2001,970906.7759,709339.747,20389313.7458,17932648.1509,,,132.782
000002,万科A,全国地产,深圳,19910129,000002.SZ,20170505,18.95,19.07,18.81,18.89,19.02,-0.13,-0.68,116550.82,220659.844,0.12,0.1643,0.39,9.9193,9.9848,1.8297,0.8671,0.853,3.8115,3.8115,1103915.2001,970906.7759,709339.747,20852958.1299,18340428.9968,,,132.782
000002,万科A,全国地产,深圳,19910129,000002.SZ,20170504,18.9,19.19,18.9,19.02,18.86,0.16,0.85,178467.05,340627.391,0.1838,0.2516,0.59,9.9876,10.0535,1.8423,0.8731,0.8589,3.7855,3.7855,1103915.2001,970906.7759,709339.747,20996467.1059,18466646.8776,,,132.782
000002,万科A,全国地产,深圳,19910129,000002.SZ,20170503,19.2,19.25,18.83,18.86,19.2,-0.34,-1.77,269266.11,511549.326,0.2773,0.3796,0.97,9.9035,9.9689,1.8268,0.8658,0.8517,3.8176,3.8176,1103915.2001,970906.7759,709339.747,20819840.6739,18311301.7935,,,132.782
000002,万科A,全国地产,深圳,19910129,000002.SZ,20170502,19.3,19.37,19.1,19.2,19.5,-0.3,-1.54,184423.67,353863.949,0.1899,0.26,0.67,10.0821,10.1486,1.8597,0.8814,0.867,3.75,3.75,1103915.2001,970906.7759,709339.747,21195171.8419,18641410.0973,,,132.782
000002,万科A,全国地产,深圳,19910129,000002.SZ,20170428,19.38,19.55,19.13,19.5,19.76,-0.26,-1.32,357431.15,690773.486,0.3681,0.5039,1.45,10.2396,10.3072,1.8888,0.8952,0.8806,3.6923,3.6923,1103915.2001,970906.7759,709339.747,21526346.402,18932682.1301,,,132.782
000002,万科A,全国地产,深圳,19910129,000002.SZ,20170427,20.32,20.33,19.0,19.76,20.36,-0.6,-2.95,519118.45,1018995.251,0.5347,0.7318,2.71,10.3761,10.3761,1.9228,0.9071,0.9071,3.6437,3.6437,1103915.2001,970906.7759,709339.747,21813364.354,19185117.8918,,,132.782
000002,万科A,全国地产,深圳,19910129,000002.SZ,20170426,20.49,20.53,20.34,20.36,20.55,-0.19,-0.92,186192.9,379882.399,0.1918,0.2625,0.96,10.6912,10.6912,1.9812,0.9346,0.9346,3.5363,3.5363,1103915.2001,970906.7759,709339.747,22475713.474,19767661.9573,,,132.782
000002,万科A,全国地产,深圳,19910129,000002.SZ,20170425,20.44,20.63,20.4,20.55,20.43,0.12,0.59,136163.42,279061.574,0.1402,0.192,0.7,10.791,10.791,1.9997,0.9434,0.9434,3.5036,3.5036,1103915.2001,970906.7759,709339.747,22685457.3621,19952134.2447,21.45,17.55,132.782
000002,万科A,全国地产,深圳,19910129,000002.SZ,20170424,20.68,20.69,20.31,20.43,20.68,-0.25,-1.21,180092.95,368489.23,0.1855,0.2539,0.95,10.728,10.728,1.988,0.9378,0.9378,3.5242,3.5242,1103915.2001,970906.7759,709339.747,22552987.538,19835625.4316,21.74,17.78,132.782
000002,万科A,全国地产,深圳,19910129,000002.SZ,20170421,20.64,20.75,20.55,20.68,20.63,0.05,0.24,208444.57,430650.189,0.2147,0.2939,1.08,10.8592,10.8592,2.0123,0.9493,0.9493,3.4816,3.4816,1103915.2001,970906.7759,709339.747,22828966.3381,20078352.1256,,,132.782
000002,万科A,全国地产,深圳,19910129,000002.SZ,20170420,20.5,20.75,20.5,20.63,20.53,0.1,0.49,248213.78,512035.281,0.2557,0.3499,1.26,10.833,10.833,2.0075,0.947,0.947,3.4901,3.4901,1103915.2001,970906.7759,709339.747,22773770.5781,20029806.7868,22.61,18.5,132.782
000002,万科A,全国地产,深圳,19910129,000002.SZ,20170419,20.45,20.62,20.3,20.53,20.47,0.06,0.29,196327.59,401696.831,0.2022,0.2768,0.68,10.7805,10.7805,1.9977,0.9424,0.9424,3.5071,3.5071,1103915.2001,970906.7759,709339.747,22663379.0581,19932716.1092,,,132.782
000002,万科A,全国地产,深圳,19910129,000002.SZ,20170418,20.56,20.65,20.46,20.47,20.56,-0.09,-0.44,135988.82,279288.149,0.1401,0.1917,0.39,10.749,10.749,1.9919,0.9397,0.9397,3.5173,3.5173,1103915.2001,970906.7759,709339.747,22597144.146,19874461.7027,,,132.782
000002,万科A,全国地产,深圳,19910129,000002.SZ,20170417,20.64,20.64,20.37,20.56,20.64,-0.08,-0.39,163623.63,335002.734,0.1685,0.2307,0.44,10.7962,10.7962,2.0007,0.9438,0.9438,3.5019,3.5019,1103915.2001,970906.7759,709339.747,22696496.5141,19961843.3125,22.69,18.57,132.782
000002,万科A,全国地产,深圳,19910129,000002.SZ,20170414,20.92,20.92,20.6,20.64,20.94,-0.3,-1.43,218505.97,452007.097,0.2251,0.308,0.56,10.8382,10.8382,2.0084,0.9475,0.9475,3.4884,3.4884,1103915.2001,970906.7759,709339.747,22784809.7301,20039515.8546,,,132.782
000002,万科A,全国地产,深圳,19910129,000002.SZ,20170413,21.0,21.15,20.72,20.94,21.02,-0.08,-0.38,269101.39,562839.616,0.2772,0.3794,0.6,10.9958,10.9958,2.0376,0.9613,0.9613,3.4384,3.4384,1103915.2001,970906.7759,709339.747,23115984.2901,20330787.8873,,,132.782
000002,万科A,全国地产,深圳,19910129,000002.SZ,20170412,20.7,21.57,20.7,21.02,20.7,0.32,1.55,645855.36,1363421.134,0.6652,0.9105,1.33,11.0378,11.0378,2.0454,0.9649,0.9649,3.4253,3.4253,1103915.2001,970906.7759,709339.747,23204297.5061,20408460.4294,,,132.782
000002,万科A,全国地产,深圳,19910129,000002.SZ,20170411,20.6,20.7,20.2,20.7,20.6,0.1,0.49,458860.18,938204.314,0.4726,0.6469,1.08,10.8697,10.8697,2.0143,0.9502,0.9502,3.4783,3.4783,1103915.2001,970906.7759,709339.747,22851044.6421,20097770.2611,22.7,18.58,132.782
000002,万科A,全国地产,深圳,19910129,000002.SZ,20170410,20.72,20.75,20.51,20.6,20.8,-0.2,-0.96,274599.4,565963.441,0.2828,0.3871,0.63,10.8172,10.8172,2.0046,0.9456,0.9456,3.4951,3.4951,1103915.2001,970906.7759,709339.747,22740653.1221,20000679.5835,,,132.782
000002,万科A,全国地产,深圳,19910129,000002.SZ,20170407,20.79,20.91,20.67,20.8,20.79,0.01,0.05,313906.35,652368.859,0.3233,0.4425,0.75,10.9223,10.9223,2.024,0.9548,0.9548,3.4615,3.4615,1103915.2001,970906.7759,709339.747,22961436.1621,20194860.9387,,,132.782
000002,万科A,全国地产,深圳,19910129,000002.SZ,20170406,20.63,20.85,20.58,20.79,20.58,0.21,1.02,533712.94,1105684.881,0.5497,0.7524,1.47,10.917,10.917,2.023,0.9544,0.9544,3.4632,3.4632,1103915.2001,970906.7759,709339.747,22950397.0101,20185151.871,,,132.782
000002,万科A,全国地产,深圳,19910129,000002.SZ,20170405,20.63,21.0,20.55,20.58,20.58,0.0,0.0,851996.75,1758702.694,0.8775,1.2011,3.14,10.8067,10.8067,2.0026,0.9447,0.9447,3.4985,3.4985,1103915.2001,970906.7759,709339.747,22718574.8181,19981261.448,22.66,18.54,132.782
000002,万科A,全国地产,深圳,19910129,000002.SZ,20170331,20.53,20.64,20.51,20.58,20.53,0.05,0.24,153297.08,315290.025,0.1579,0.2161,0.48,10.8067,10.8067,2.0026,0.9447,0.9447,3.4985,3.4985,1103915.2001,970906.7759,709339.747,22718574.8181,19981261.448,,,132.782
000002,万科A,全国地产,深圳,19910129,000002.SZ,20170330,21.0,21.06,20.48,20.53,21.01,-0.48,-2.28,317640.4,656689.639,0.3272,0.4478,0.88,10.7805,10.7805,1.9977,0.9424,0.9424,3.5071,3.5071,1103915.2001,970906.7759,709339.747,22663379.0581,19932716.1092,,,132.782
000002,万科A,全国地产,深圳,19910129,000002.SZ,20170329,21.28,21.29,21.0,21.01,21.27,-0.26,-1.22,231035.6,487586.662,0.238,0.3257,0.64,11.0325,11.0325,2.0445,0.9645,0.9645,3.4269,3.4269,1103915.2001,970906.7759,709339.747,23193258.3541,20398751.3617,,,132.782
000002,万科A,全国地产,深圳,19910129,000002.SZ,20170328,21.2,21.43,21.02,21.27,21.2,0.07,0.33,258551.77,548747.228,0.2663,0.3645,0.7,11.1691,11.1691,2.0698,0.9764,0.9764,3.385,3.385,1103915.2001,970906.7759,709339.747,23480276.3061,20651187.1234,,,132.782
000002,万科A,全国地产,深圳,19910129,000002.SZ,20170327,21.58,21.6,21.1,21.2,21.49,-0.29,-1.35,394654.74,842704.878,0.4065,0.5564,0.98,11.1323,11.1323,2.0629,0.9732,0.9732,3.3962,3.3962,1103915.2001,970906.7759,709339.747,23403002.2421,20583223.6491,22.58,18.48,132.782
000002,万科A,全国地产,深圳,19910129,000002.SZ,20170324,21.4,21.69,21.3,21.49,21.45,0.04,0.19,384483.42,825818.867,0.396,0.5421,0.8,13.0927,12.1487,2.3628,1.2132,1.0181,3.3504,3.3504,1103915.2001,970810.7759,709243.747,23723137.6501,20862723.5741,,,132.782
000002,万科A,全国地产,深圳,19910129,000002.SZ,20170323,21.08,21.91,20.96,21.45,21.07,0.38,1.8,534906.34,1144906.753,0.551,0.7542,1.12,13.0683,12.1261,2.3584,1.2109,1.0162,3.3566,3.3566,1103915.2001,970810.7759,709243.747,23678981.0421,20823891.1431,,,132.782
000002,万科A,全国地产,深圳,19910129,000002.SZ,20170322,21.15,21.17,20.95,21.07,21.18,-0.11,-0.52,243581.36,512675.946,0.2509,0.3434,0.46,12.8368,11.9113,2.3166,1.1894,0.9982,3.4172,3.4172,1103915.2001,970810.7759,709243.747,23259493.2661,20454983.0482,23.32,19.08,132.782
000002,万科A,全国地产,深圳,19910129,000002.SZ,20170321,21.01,21.34,20.82,21.18,21.13,0.05,0.24,288242.96,608369.916,0.2969,0.4064,0.4,12.9038,11.9734,2.3287,1.1957,1.0034,3.3994,3.3994,1103915.2001,970810.7759,709243.747,23380923.9381,20561772.2336,,,132.782
000002,万科A,全国地产,深圳,19910129,000002.SZ,20170320,21.49,21.49,20.85,21.13,21.54,-0.41,-1.9,555865.13,1170268.058,0.5726,0.7837,0.81,12.8733,11.9452,2.3232,1.1928,1.0011,3.4075,3.4075,1103915.2001,970810.7759,709243.747,23325728.1781,20513231.6948,,,132.782
000002,万科A,全国地产,深圳,19910129,000002.SZ,20170317,22.0,22.28,21.5,21.54,21.27,0.27,1.27,789146.55,1719091.622,0.8129,1.1127,1.37,13.1231,12.177,2.3683,1.216,1.0205,3.3426,3.3426,1103915.2001,970810.7759,709243.747,23778333.4102,20911264.1129,,,132.782
000002,万科A,全国地产,深圳,19910129,000002.SZ,20170316,21.41,21.68,21.13,21.27,21.29,-0.02,-0.09,516623.92,1101853.842,0.5322,0.7284,0.99,12.9586,12.0243,2.3386,1.2007,1.0077,3.385,3.385,1103915.2001,970810.7759,709243.747,23480276.3061,20649145.2034,,,132.782
000002,万科A,全国地产,深圳,19910129,000002.SZ,20170315,21.36,21.57,21.0,21.29,21.57,-0.28,-1.3,506426.69,1077880.888,0.5217,0.714,0.91,12.9708,12.0356,2.3408,1.2019,1.0087,3.3819,3.3819,1103915.2001,970810.7759,709243.747,23502354.6101,20668561.4189,,,132.782
000002,万科A,全国地产,深圳,19910129,000002.SZ,20170314,20.81,22.4,20.72,21.57,20.71,0.86,4.15,1209940.29,2610434.158,1.2463,1.706,3.47,13.1414,12.1939,2.3716,1.2177,1.0219,3.338,3.338,1103915.2001,970810.7759,709243.747,23811450.8662,20940388.4362,,,132.782
000002,万科A,全国地产,深圳,19910129,000002.SZ,20170313,20.65,20.88,20.51,20.71,20.6,0.11,0.53,419235.14,869278.704,0.4318,0.5911,1.31,12.6175,11.7077,2.277,1.1691,0.9812,3.4766,3.4766,1103915.2001,970810.7759,709243.747,22862083.7941,20105491.1689,,,132.782
000002,万科A,全国地产,深圳,19910129,000002.SZ,20170310,20.52,20.75,20.52,20.6,20.51,0.09,0.44,236308.45,488181.187,0.2434,0.3332,0.77,12.5504,11.6456,2.2649,1.1629,0.976,3.4951,3.4951,1103915.2001,970810.7759,709243.747,22740653.1221,19998701.9835,,,132.782
000002,万科A,全国地产,深圳,19910129,000002.SZ,20170309,20.6,20.73,20.35,20.51,20.72,-0.21,-1.01,246039.11,504798.751,0.2534,0.3469,0.82,12.4956,11.5947,2.255,1.1578,0.9717,3.5105,3.5105,1103915.2001,970810.7759,709243.747,22641300.7541,19911329.0137,,,132.782
000002,万科A,全国地产,深圳,19910129,000002.SZ,20170308,20.27,20.85,20.26,20.72,20.26,0.46,2.27,657862.44,1358826.2,0.6776,0.9276,2.99,12.6235,11.7134,2.2781,1.1697,0.9816,3.4749,3.4749,1103915.2001,970810.7759,709243.747,22873122.9461,20115199.2766,,,132.782
000002,万科A,全国地产,深圳,19910129,000002.SZ,20170307,20.24,20.29,20.18,20.26,20.22,0.04,0.2,181572.23,367187.321,0.187,0.256,0.84,12.3433,11.4533,2.2275,1.1437,0.9599,3.5538,3.5538,1103915.2001,970810.7759,709243.747,22365321.954,19668626.3197,,,132.782
000002,万科A,全国地产,深圳,19910129,000002.SZ,20170306,20.25,20.39,20.14,20.22,20.2,0.02,0.1,276336.98,559074.363,0.2846,0.3896,1.26,12.3189,11.4307,2.2231,1.1415,0.958,3.5608,3.5608,1103915.2001,970810.7759,709243.747,22321165.346,19629793.8887,,,132.782
000002,万科A,全国地产,深圳,19910129,000002.SZ,20170303,20.34,20.37,20.12,20.2,20.34,-0.14,-0.69,170260.59,344069.857,0.1754,0.2401,0.74,12.3067,11.4194,2.2209,1.1403,0.957,3.5644,3.5644,1103915.2001,970810.7759,709243.747,22299087.042,19610377.6732,,,132.782
000002,万科A,全国地产,深圳,19910129,000002.SZ,20170302,20.52,20.54,20.33,20.34,20.5,-0.16,-0.78,222827.0,454426.641,0.2295,0.3142,1.0,12.392,11.4986,2.2363,1.1482,0.9636,3.5398,3.5398,1103915.2001,970810.7759,709243.747,22453635.17,19746291.1818,,,132.782
000002,万科A,全国地产,深圳,19910129,000002.SZ,20170301,20.55,20.59,20.49,20.5,20.53,-0.03,-0.15,250601.19,514166.299,0.2581,0.3533,1.15,12.4895,11.589,2.2539,1.1573,0.9712,3.5122,3.5122,1103915.2001,970810.7759,709243.747,22630261.6021,19901620.906,,,132.782
000002,万科A,全国地产,深圳,19910129,000002.SZ,20170228,20.52,20.59,20.47,20.53,20.52,0.01,0.05,159762.21,327716.631,0.1646,0.2253,0.55,12.5078,11.606,2.2572,1.159,0.9726,3.5071,3.5071,1103915.2001,970810.7759,709243.747,22663379.0581,19930745.2292,,,132.782
000002,万科A,全国地产,深圳,19910129,000002.SZ,20170227,20.57,20.63,20.48,20.52,20.72,-0.2,-0.97,293446.57,602503.177,0.3023,0.4137,1.03,12.5017,11.6003,2.2561,1.1584,0.9722,3.5088,3.5088,1103915.2001,970810.7759,709243.747,22652339.9061,19921037.1215,,,132.782
000002,万科A,全国地产,深圳,19910129,000002.SZ,20170224,20.72,20.77,20.62,20.72,20.79,-0.07,-0.34,217539.89,449771.425,0.2241,0.3067,0.78,12.6235,11.7134,2.2781,1.1697,0.9816,3.4749,3.4749,1103915.2001,970810.7759,709243.747,22873122.9461,20115199.2766,,,132.782
000002,万科A,全国地产,深圳,19910129,000002.SZ,20170223,20.94,20.98,20.72,20.79,20.9,-0.11,-0.53,191637.66,398327.271,0.1974,0.2702,0.69,12.6662,11.753,2.2858,1.1736,0.985,3.4632,3.4632,1103915.2001,970810.7759,709243.747,22950397.0101,20183156.031,,,132.782
000002,万科A,全国地产,深圳,19910129,000002.SZ,20170222,20.95,20.95,20.79,20.9,20.98,-0.08,-0.38,225366.08,470272.735,0.2321,0.3178,0.78,12.7332,11.8151,2.2979,1.1798,0.9902,3.445,3.445,1103915.2001,970810.7759,709243.747,23071827.6821,20289945.2163,,,132.782
000002,万科A,全国地产,深圳,19910129,000002.SZ,20170221,20.72,20.98,20.63,20.98,20.61,0.37,1.8,536856.7,1120699.39,0.553,0.7569,2.11,12.782,11.8604,2.3067,1.1844,0.994,3.4318,3.4318,1103915.2001,970810.7759,709243.747,23160140.8981,20367610.0784,,,132.782
000002,万科A,全国地产,深圳,19910129,000002.SZ,20170220,20.55,20.73,20.52,20.61,20.54,0.07,0.34,247483.49,510716.894,0.2549,0.3489,0.94,12.5565,11.6512,2.266,1.1635,0.9764,3.4934,3.4934,1103915.2001,970810.7759,709243.747,22751692.2741,20008410.0913,,,132.782
000002,万科A,全国地产,深圳,19910129,000002.SZ,20170217,20.68,20.68,20.52,20.54,20.68,-0.14,-0.68,198142.07,407777.722,0.2041,0.2794,0.68,12.5139,11.6116,2.2583,1.1595,0.9731,3.5054,3.5054,1103915.2001,970810.7759,709243.747,22674418.2101,19940453.337,,,132.782
000002,万科A,全国地产,深圳,19910129,000002.SZ,20170216,20.67,20.76,20.59,20.68,20.67,0.01,0.05,171054.5,353048.701,0.1762,0.2412,0.44,12.5992,11.6908,2.2737,1.1674,0.9798,3.4816,3.4816,1103915.2001,970810.7759,709243.747,22828966.3381,20076366.8456,,,132.782
000002,万科A,全国地产,深圳,19910129,000002.SZ,20170215,20.9,20.9,20.66,20.67,20.91,-0.24,-1.15,287322.57,595809.502,0.296,0.4051,0.78,12.5931,11.6851,2.2726,1.1669,0.9793,3.4833,3.4833,1103915.2001,970810.7759,709243.747,22817927.1861,20066658.7379,,,132.782
000002,万科A,全国地产,深圳,19910129,000002.SZ,20170214,20.77,20.98,20.7,20.91,20.77,0.14,0.67,369763.69,771567.66,0.3809,0.5213,1.12,12.7393,11.8208,2.299,1.1804,0.9906,3.4433,3.4433,1103915.2001,970810.7759,709243.747,23082866.8341,20299653.3241,,,132.782
000002,万科A,全国地产,深圳,19910129,000002.SZ,20170213,20.65,20.85,20.59,20.77,20.66,0.11,0.53,285171.5,589942.589,0.2937,0.4021,0.94,12.654,11.7417,2.2836,1.1725,0.984,3.4665,3.4665,1103915.2001,970810.7759,709243.747,22928318.7061,20163739.8154,22.75,18.61,132.782
000002,万科A,全国地产,深圳,19910129,000002.SZ,20170210,20.78,20.78,20.57,20.66,20.8,-0.14,-0.67,334926.07,691827.768,0.345,0.4722,1.3,12.587,11.6795,2.2715,1.1663,0.9788,3.485,3.485,1103915.2001,970810.7759,709243.747,22806888.0341,20056950.6301,,,132.782
000002,万科A,全国地产,深圳,19910129,000002.SZ,20170209,20.71,21.35,20.68,20.8,20.69,0.11,0.53,679248.7,1419378.674,0.6997,0.9577,4.56,12.6723,11.7586,2.2869,1.1742,0.9854,3.4615,3.4615,1103915.2001,970810.7759,709243.747,22961436.1621,20192864.1387,,,132.782
000002,万科A,全国地产,深圳,19910129,000002.SZ,20170208,20.64,20.71,20.5,20.69,20.64,0.05,0.24,180081.68,371268.086,0.1855,0.2539,1.25,12.6053,11.6964,2.2748,1.168,0.9802,3.4799,3.4799,1103915.2001,970810.7759,709243.747,22840005.4901,20086074.9534,,,132.782
000002,万科A,全国地产,深圳,19910129,000002.SZ,20170207,20.59,20.82,20.56,20.64,20.71,-0.07,-0.34,174076.61,359724.229,0.1793,0.2454,1.23,12.5748,11.6682,2.2693,1.1652,0.9779,3.4884,3.4884,1103915.2001,970810.7759,709243.747,22784809.7301,20037534.4146,,,132.782
000002,万科A,全国地产,深圳,19910129,000002.SZ,20170206,20.68,20.74,20.6,20.71,20.68,0.03,0.15,141028.06,291578.994,0.1453,0.1988,0.98,12.6175,11.7077,2.277,1.1691,0.9812,3.4766,3.4766,1103915.2001,970810.7759,709243.747,22862083.7941,20105491.1689,,,132.782
000002,万科A,全国地产,深圳,19910129,000002.SZ,20170203,20.69,20.79,20.64,20.68,20.68,0.0,0.0,108926.58,225512.789,0.1122,0.1536,0.66,12.5992,11.6908,2.2737,1.1674,0.9798,3.4816,3.4816,1103915.2001,970810.7759,709243.747,22828966.3381,20076366.8456,22.76,18.62,132.782
000002,万科A,全国地产,深圳,19910129,000002.SZ,20170126,20.65,20.77,20.65,20.68,20.61,0.07,0.34,141248.23,292423.712,0.1455,0.1992,0.78,12.5992,11.6908,2.2737,1.1674,0.9798,3.4816,3.4816,1103915.2001,970810.7759,709243.747,22828966.3381,20076366.8456,22.7,18.58,132.782
000002,万科A,全国地产,深圳,19910129,000002.SZ,20170125,20.68,20.73,20.52,20.61,20.69,-0.08,-0.39,154647.46,319264.481,0.1593,0.218,0.72,12.5565,11.6512,2.266,1.1635,0.9764,3.4934,3.4934,1103915.2001,970810.7759,709243.747,22751692.2741,20008410.0913,22.78,18.64,132.782
000002,万科A,全国地产,深圳,19910129,000002.SZ,20170124,20.77,20.8,20.65,20.69,20.74,-0.05,-0.24,159318.4,330140.44,0.1641,0.2244,0.65,12.6053,11.6964,2.2748,1.168,0.9802,3.4799,3.4799,1103915.2001,970810.7759,709927.804,22840005.4901,20086074.9534,,,132.782
000002,万科A,全国地产,深圳,19910129,000002.SZ,20170123,20.7,20.85,20.7,20.74,20.68,0.06,0.29,156373.06,324581.611,0.1611,0.2203,0.48,12.6357,11.7247,2.2803,1.1708,0.9826,3.4716,3.4716,1103915.2001,970810.7759,709927.804,22895201.2501,20134615.4922,22.75,18.61,132.782
000002,万科A,全国地产,深圳,19910129,000002.SZ,20170120,20.6,20.83,20.54,20.68,20.6,0.08,0.39,215053.11,444921.456,0.2215,0.3029,0.43,12.5992,11.6908,2.2737,1.1674,0.9798,3.4816,3.4816,1103915.2001,970810.7759,709927.804,22828966.3381,20076366.8456,22.67,18.55,132.782
000002,万科A,全国地产,深圳,19910129,000002.SZ,20170119,20.7,20.88,20.55,20.6,20.92,-0.32,-1.53,216888.06,448815.811,0.2234,0.3055,0.45,12.5504,11.6456,2.2649,1.1629,0.976,3.4951,3.4951,1103915.2001,970810.7759,709927.804,22740653.1221,19998701.9835,,,132.782
000002,万科A,全国地产,深圳,19910129,000002.SZ,20170118,20.67,21.18,20.53,20.92,20.8,0.12,0.58,324772.25,679288.497,0.3345,0.4575,0.72,12.7454,11.8265,2.3001,1.181,0.9911,3.4417,3.4417,1103915.2001,970810.7759,709927.804,23093905.9861,20309361.4318,,,132.782
000002,万科A,全国地产,深圳,19910129,000002.SZ,20170117,20.73,20.96,20.39,20.8,21.0,-0.2,-0.95,321040.4,663297.417,0.3307,0.4522,0.77,12.6723,11.7586,2.2869,1.1742,0.9854,3.4615,3.4615,1103915.2001,970810.7759,709927.804,22961436.1621,20192864.1387,,,132.782
000002,万科A,全国地产,深圳,19910129,000002.SZ,20170116,21.81,21.81,20.31,21.0,21.81,-0.81,-3.71,553240.12,1157108.331,0.5699,0.7793,1.55,12.7941,11.8717,2.3089,1.1855,0.9949,3.4286,3.4286,1103915.2001,970810.7759,709927.804,23182219.2021,20387026.2939,,,132.782
000002,万科A,全国地产,深圳,19910129,000002.SZ,20170113,21.0,22.4,20.9,21.81,20.4,1.41,6.91,1064266.41,2322228.972,1.0963,1.4991,5.19,13.2876,12.3296,2.398,1.2312,1.0333,3.3012,3.3012,1103915.2001,970810.7759,709927.804,24076390.5142,21173383.0224,,,132.782
000002,万科A,全国地产,深圳,19910129,000002.SZ,20170111,20.52,20.63,20.4,20.4,20.58,-0.18,-0.87,168652.2,345421.493,0.1737,0.2376,0.71,12.4286,11.5325,2.2429,1.1516,0.9665,3.5294,3.5294,1103915.2001,970810.7759,709927.804,22519870.082,19804539.8284,,,132.782
000002,万科A,全国地产,深圳,19910129,000002.SZ,20170110,20.67,20.69,20.52,20.58,20.66,-0.08,-0.39,159171.48,327766.881,0.164,0.2242,0.64,12.5383,11.6342,2.2627,1.1618,0.975,3.4985,3.4985,1103915.2001,970810.7759,709927.804,22718574.8181,19979285.768,,,132.782
000002,万科A,全国地产,深圳,19910129,000002.SZ,20170109,20.6,20.75,20.53,20.66,20.64,0.02,0.1,150954.45,311673.794,0.1555,0.2126,0.56,12.587,11.6795,2.2715,1.1663,0.9788,3.485,3.485,1103915.2001,970810.7759,709927.804,22806888.0341,20056950.6301,,,132.782
000002,万科A,全国地产,深圳,19910129,000002.SZ,20170106,20.94,21.04,20.61,20.64,20.93,-0.29,-1.39,235919.54,489032.727,0.243,0.3323,0.82,12.5748,11.6682,2.2693,1.1652,0.9779,3.4884,3.4884,1103915.2001,970810.7759,709927.804,22784809.7301,20037534.4146,,,132.782
000002,万科A,全国地产,深圳,19910129,000002.SZ,20170105,20.85,21.23,20.78,20.93,20.85,0.08,0.38,310125.63,651486.106,0.3195,0.4368,1.07,12.7515,11.8321,2.3012,1.1815,0.9916,3.44,3.44,1103915.2001,970810.7759,709927.804,23104945.1381,20319069.5396,,,132.782
000002,万科A,全国地产,深圳,19910129,000002.SZ,20170104,20.74,20.95,20.45,20.85,20.73,0.12,0.58,331554.8,686745.321,0.3415,0.467,0.89,12.7028,11.7869,2.2924,1.177,0.9878,3.4532,3.4532,1103915.2001,970810.7759,709927.804,23016631.9221,20241404.6775,,,132.782
000002,万科A,全国地产,深圳,19910129,000002.SZ,20170103,20.55,20.88,20.55,20.73,20.55,0.18,0.88,217016.69,449757.486,0.2235,0.3057,0.54,12.6296,11.719,2.2792,1.1703,0.9821,3.4732,3.4732,1103915.2001,970810.7759,709927.804,22884162.0981,20124907.3844,,,132.782
000002,万科A,全国地产,深圳,19910129,000002.SZ,20161230,20.88,20.96,20.45,20.55,20.84,-0.29,-1.39,261150.0,539245.59,0.269,0.3679,0.62,12.52,11.6173,2.2594,1.1601,0.9736,2.4353,3.5036,1103915.2001,970810.7759,709927.804,22685457.3621,19950161.4447,,,132.782
000002,万科A,全国地产,深圳,19910129,000002.SZ,20161229,21.29,21.32,20.7,20.84,21.2,-0.36,-1.7,322046.01,673979.866,0.3317,0.4536,0.71,12.6967,11.7812,2.2913,1.1765,0.9873,2.4014,3.4549,1103915.2001,970810.7759,709927.804,23005592.7701,20231696.5698,,,132.782
000002,万科A,全国地产,深圳,19910129,000002.SZ,20161228,21.24,21.48,21.01,21.2,21.42,-0.22,-1.03,321517.32,682434.427,0.3312,0.4529,0.65,12.916,11.9847,2.3309,1.1968,1.0044,2.3607,3.3962,1103915.2001,970810.7759,709927.804,23403002.2421,20581188.4491,,,132.782
000002,万科A,全国地产,深圳,19910129,000002.SZ,20161227,20.65,21.98,20.59,21.42,20.65,0.77,3.73,743305.48,1584454.683,0.7657,1.047,1.52,13.05,12.1091,2.3551,1.2092,1.0148,2.3364,3.3613,1103915.2001,970810.7759,709927.804,23645863.5861,20794766.8198,,,132.782
000002,万科A,全国地产,深圳,19910129,000002.SZ,20161226,20.21,20.69,20.12,20.65,20.3,0.35,1.72,378124.79,776896.919,0.3895,0.5326,0.68,12.5809,11.6738,2.2704,1.1657,0.9783,2.4235,3.4867,1103915.2001,970810.7759,709927.804,22795848.8821,20047242.5223,,,132.782
000002,万科A,全国地产,深圳,19910129,000002.SZ,20161223,20.47,20.67,20.25,20.3,20.61,-0.31,-1.5,324359.08,662932.535,0.3341,0.4569,0.59,12.3677,11.476,2.2319,1.146,0.9617,2.4653,3.5468,1103915.2001,970810.7759,709927.804,22409478.562,19707458.7508,,,132.782
000002,万科A,全国地产,深圳,19910129,000002.SZ,20161222,20.3,20.77,20.1,20.61,20.48,0.13,0.63,499717.24,1023481.829,0.5147,0.7039,0.96,12.5565,11.6512,2.266,1.1635,0.9764,2.4282,3.4934,1103915.2001,970810.7759,709927.804,22751692.2741,20008410.0913,,,132.782
000002,万科A,全国地产,深圳,19910129,000002.SZ,20161221,20.2,20.7,20.2,20.48,20.33,0.15,0.74,531304.09,1085459.325,0.5473,0.7484,1.07,12.4773,11.5777,2.2517,1.1561,0.9703,2.4436,3.5156,1103915.2001,970810.7759,709927.804,22608183.298,19882204.6904,,,132.782
000002,万科A,全国地产,深圳,19910129,000002.SZ,20161220,21.0,21.0,20.15,20.33,21.1,-0.77,-3.65,719065.42,1473706.467,0.7407,1.0129,1.6,12.3859,11.4929,2.2352,1.1477,0.9632,2.4617,3.5416,1103915.2001,970810.7759,709927.804,22442596.018,19736583.074,,,132.782
000002,万科A,全国地产,深圳,19910129,000002.SZ,20161219,22.0,22.0,21.04,21.1,22.46,-1.36,-6.06,700484.97,1497453.235,0.7215,0.9867,1.5,12.8551,11.9282,2.3199,1.1911,0.9996,2.3718,3.4123,1103915.2001,970810.7759,709927.804,23292610.7221,20484107.3715,,,132.782
000002,万科A,全国地产,深圳,19910129,000002.SZ,20161216,22.12,22.75,22.12,22.46,22.33,0.13,0.58,293976.18,660797.24,0.3028,0.4141,0.58,13.6836,12.697,2.4694,1.2679,1.0641,2.2282,3.2057,1103915.2001,970810.7759,709927.804,24793935.3942,21804410.0267,,,132.782
000002,万科A,全国地产,深圳,19910129,000002.SZ,20161215,22.15,22.62,21.88,22.33,22.29,0.04,0.18,355628.67,792479.117,0.3663,0.5009,0.7,13.6044,12.6236,2.4551,1.2606,1.0579,2.2412,3.2244,1103915.2001,970810.7759,709927.804,24650426.4182,21678204.6258,,,132.782
000002,万科A,全国地产,深圳,19910129,000002.SZ,20161214,22.67,22.9,22.2,22.29,23.06,-0.77,-3.34,412814.57,931538.268,0.4252,0.5815,0.78,13.5801,12.6009,2.4507,1.2583,1.056,2.2452,3.2301,1103915.2001,970810.7759,709927.804,24606269.8102,21639372.1948,,,132.782
000002,万科A,全国地产,深圳,19910129,000002.SZ,20161213,23.02,23.28,21.86,23.06,23.26,-0.2,-0.86,484500.98,1098531.81,0.4991,0.6825,0.97,14.0492,13.0362,2.5354,1.3018,1.0925,2.1702,3.1223,1103915.2001,970810.7759,709927.804,25456284.5143,22386896.4923,,,132.782
000002,万科A,全国地产,深圳,19910129,000002.SZ,20161212,24.78,24.78,23.07,23.26,24.81,-1.55,-6.25,789019.45,1865280.414,0.8127,1.1114,1.64,14.171,13.1493,2.5574,1.3131,1.102,2.1516,3.0954,1103915.2001,970810.7759,709927.804,25677067.5543,22581058.6474,,,132.782
000002,万科A,全国地产,深圳,19910129,000002.SZ,20161209,24.61,25.17,24.37,24.81,24.74,0.07,0.28,481680.45,1193735.856,0.4962,0.6785,0.99,15.1154,14.0255,2.7278,1.4006,1.1754,2.0172,2.9021,1103915.2001,970810.7759,709927.804,27388136.1145,24085815.3501,,,132.782
000002,万科A,全国地产,深圳,19910129,000002.SZ,20161208,25.1,25.13,24.7,24.74,25.14,-0.4,-1.59,380550.84,944277.034,0.392,0.536,0.63,15.0727,13.986,2.7201,1.3966,1.1721,2.0229,2.9103,1103915.2001,970810.7759,709927.804,27310862.0505,24017858.5958,,,132.782
000002,万科A,全国地产,深圳,19910129,000002.SZ,20161207,25.35,25.37,24.18,25.14,25.38,-0.24,-0.95,494623.89,1230395.717,0.5095,0.6967,0.67,15.3164,14.2121,2.7641,1.4192,1.1911,1.9907,2.864,1103915.2001,970810.7759,709927.804,27752428.1305,24406182.9061,,,132.782
000002,万科A,全国地产,深圳,19910129,000002.SZ,20161206,25.15,25.63,25.15,25.38,25.5,-0.12,-0.47,356455.41,903470.472,0.3672,0.5021,0.43,15.4626,14.3478,2.7905,1.4328,1.2024,1.9719,2.8369,1103915.2001,970810.7759,709927.804,28017367.7785,24639177.4923,,,132.782
000002,万科A,全国地产,深圳,19910129,000002.SZ,20161205,25.08,25.98,24.86,25.5,26.45,-0.95,-3.59,689063.36,1757025.448,0.7098,0.9706,0.73,15.5357,14.4156,2.8037,1.4395,1.2081,1.9626,2.8235,1103915.2001,970810.7759,709927.804,28149837.6026,24755674.7855,,,132.782
000002,万科A,全国地产,深圳,19910129,000002.SZ,20161202,26.71,26.85,26.37,26.45,26.97,-0.52,-1.93,515729.72,1367269.531,0.5312,0.7265,0.53,16.1145,14.9527,2.9081,1.4932,1.2531,1.8921,2.7221,1103915.2001,970810.7759,709927.804,29198557.0426,25677945.0226,,,132.782
000002,万科A,全国地产,深圳,19910129,000002.SZ,20161201,26.56,27.3,26.3,26.97,26.98,-0.01,-0.04,950170.59,2546519.579,0.9787,1.3384,1.11,16.4313,15.2466,2.9653,1.5225,1.2778,1.8556,2.6696,1103915.2001,970810.7759,709927.804,29772592.9467,26182766.626,,,132.782
000002,万科A,全国地产,深圳,19910129,000002.SZ,20161130,27.35,27.99,26.77,26.98,26.16,0.82,3.13,1193183.81,3258833.18,1.2291,1.6807,1.56,16.4374,15.2523,2.9664,1.5231,1.2782,1.8549,2.6686,1103915.2001,970810.7759,709927.804,29783632.0987,26192474.7338,,,132.782
000002,万科A,全国地产,深圳,19910129,000002.SZ,20161129,26.17,26.53,25.9,26.16,26.38,-0.22,-0.83,780600.59,2049384.794,0.8041,1.0995,1.09,15.9378,14.7887,2.8762,1.4768,1.2394,1.9131,2.7523,1103915.2001,970810.7759,709927.804,28878421.6346,25396409.8975,,,132.782
000002,万科A,全国地产,深圳,19910129,000002.SZ,20161128,27.36,27.42,25.48,26.38,27.2,-0.82,-3.01,1255939.15,3329673.914,1.2937,1.7691,1.69,16.0719,14.9131,2.9004,1.4892,1.2498,1.8971,2.7293,1103915.2001,970810.7759,709927.804,29121282.9786,25609988.2682,,,132.782
000002,万科A,全国地产,深圳,19910129,000002.SZ,20161125,26.79,27.6,26.71,27.2,26.93,0.27,1.0,645946.59,1759275.499,0.6654,0.9099,0.71,16.5715,15.3767,2.9906,1.5355,1.2886,1.8399,2.6471,1103915.2001,970810.7759,709927.804,30026493.4427,26406053.1045,,,132.782
000002,万科A,全国地产,深圳,19910129,000002.SZ,20161124,27.08,27.19,26.7,26.93,27.22,-0.29,-1.07,412246.39,1109119.614,0.4246,0.5807,0.43,16.407,15.224,2.9609,1.5203,1.2759,1.8584,2.6736,1103915.2001,970810.7759,709927.804,29728436.3387,26143934.195,,,132.782
000002,万科A,全国地产,深圳,19910129,000002.SZ,20161123,27.9,28.07,26.98,27.22,27.3,-0.08,-0.29,740906.83,2029094.56,0.7632,1.0436,0.76,16.5836,15.388,2.9928,1.5366,1.2896,1.8386,2.6451,1103915.2001,970810.7759,709927.804,30048571.7467,26425469.32,,,132.782
000002,万科A,全国地产,深圳,19910129,000002.SZ,20161122,27.04,27.42,26.9,27.3,27.4,-0.1,-0.37,530389.88,1441172.538,0.5463,0.7471,0.46,16.6324,15.4332,3.0016,1.5411,1.2934,1.8332,2.6374,1103915.2001,970810.7759,709927.804,30136884.9627,26503134.1821,,,132.782
000002,万科A,全国地产,深圳,19910129,000002.SZ,20161121,27.27,28.25,26.01,27.4,27.72,-0.32,-1.15,1390655.1,3795901.12,1.4325,1.9589,1.31,16.6933,15.4897,3.0126,1.5468,1.2981,1.8265,2.6277,1103915.2001,970810.7759,709927.804,30247276.4827,26600215.2597,,,132.782
000002,万科A,全国地产,深圳,19910129,000002.SZ,20161118,27.8,29.0,27.51,27.72,27.0,0.72,2.67,1503164.88,4252381.23,1.5484,2.1173,1.58,16.8883,15.6706,3.0478,1.5649,1.3133,1.8054,2.5974,1103915.2001,970810.7759,709927.804,30600529.3468,26910874.7079,,,132.782
000002,万科A,全国地产,深圳,19910129,000002.SZ,20161117,26.62,27.0,26.31,27.0,26.68,0.32,1.2,595134.04,1591480.642,0.613,0.8383,0.45,16.4496,15.2636,2.9686,1.5242,1.2792,1.8535,2.6667,1103915.2001,970810.7759,709927.804,29805710.4027,26211890.9493,,,132.782
000002,万科A,全国地产,深圳,19910129,000002.SZ,20161116,26.64,27.22,26.09,26.68,26.94,-0.26,-0.97,827117.36,2204526.908,0.852,1.1651,0.42,16.2546,15.0827,2.9334,1.5061,1.264,1.8758,2.6987,1103915.2001,970810.7759,709927.804,29452457.5387,25901231.501,,,132.782
000002,万科A,全国地产,深圳,19910129,000002.SZ,20161115,25.6,27.8,25.46,26.94,25.7,1.24,4.82,1485885.73,3965893.663,1.5306,2.093,0.87,16.4131,15.2297,2.962,1.5208,1.2763,1.8577,2.6726,1103915.2001,970810.7759,709927.804,29739475.4907,26153642.3027,,,132.782
000002,万科A,全国地产,深圳,19910129,000002.SZ,20161114,26.23,26.25,25.31,25.7,25.99,-0.29,-1.12,878780.21,2254786.426,0.9052,1.2378,0.54,15.6576,14.5287,2.8257,1.4508,1.2176,1.9473,2.8016,1103915.2001,970810.7759,709927.804,28370620.6426,24949836.9406,,,132.782
000002,万科A,全国地产,深圳,19910129,000002.SZ,20161111,26.15,26.77,25.7,25.99,26.56,-0.57,-2.15,958462.8,2495707.51,0.9873,1.3501,0.62,15.8343,14.6926,2.8575,1.4672,1.2313,1.9256,2.7703,1103915.2001,970810.7759,709927.804,28690756.0506,25231372.0656,,,132.782
000002,万科A,全国地产,深圳,19910129,000002.SZ,20161110,26.0,28.28,25.58,26.56,26.3,0.26,0.99,2430300.35,6611047.611,2.5034,3.4233,2.08,16.1815,15.0148,2.9202,1.4994,1.2583,1.8843,2.7108,1103915.2001,970810.7759,709927.804,29319987.7147,25784734.2079,,,132.782
000002,万科A,全国地产,深圳,19910129,000002.SZ,20161109,24.43,26.64,24.35,26.3,24.22,2.08,8.59,4017161.39,10484546.503,4.1379,5.6585,7.1,16.0231,14.8679,2.8916,1.4847,1.246,1.9029,2.7376,1103915.2001,970810.7759,709927.804,29032969.7626,25532323.4062,,,132.782
000002,万科A,全国地产,深圳,19910129,000002.SZ,20161108,24.16,24.49,24.15,24.22,24.16,0.06,0.25,290066.09,703588.903,0.2988,0.4086,0.37,14.7559,13.692,2.6629,1.3673,1.1475,2.0663,2.9727,1103915.2001,970810.7759,709927.804,26736826.1464,23513036.9923,,,132.782
000002,万科A,全国地产,深圳,19910129,000002.SZ,20161107,24.47,24.58,24.03,24.16,24.59,-0.43,-1.75,419893.56,1016201.716,0.4325,0.5915,0.52,14.7194,13.6581,2.6563,1.3639,1.1446,2.0714,2.9801,1103915.2001,970810.7759,709927.804,26670591.2344,23454788.3457,,,132.782
000002,万科A,全国地产,深圳,19910129,000002.SZ,20161104,24.84,25.0,24.46,24.59,24.87,-0.28,-1.13,582099.22,1434751.172,0.5996,0.8199,0.71,14.9813,13.9012,2.7036,1.3882,1.165,2.0352,2.928,1103915.2001,970810.7759,709927.804,27145274.7705,23872236.9794,,,132.782
000002,万科A,全国地产,深圳,19910129,000002.SZ,20161103,24.77,25.19,24.71,24.87,24.9,-0.03,-0.12,519229.97,1295407.81,0.5348,0.7314,0.65,15.1519,14.0595,2.7344,1.404,1.1783,2.0123,2.8951,1103915.2001,970810.7759,709927.804,27454371.0265,24144063.9966,,,132.782
000002,万科A,全国地产,深圳,19910129,000002.SZ,20161102,25.45,25.67,24.9,24.9,25.79,-0.89,-3.45,1017361.08,2554448.189,1.0479,1.433,1.43,15.1702,14.0764,2.7377,1.4057,1.1797,2.0099,2.8916,1103915.2001,970810.7759,709927.804,27487488.4825,24173188.3199,,,132.782
000002,万科A,全国地产,深圳,19910129,000002.SZ,20161101,25.2,26.1,25.06,25.79,24.92,0.87,3.49,1358772.07,3476301.172,1.3996,1.914,2.33,15.7124,14.5796,2.8356,1.4559,1.2218,1.9405,2.7918,1103915.2001,970810.7759,709927.804,28469973.0106,25037209.9105,,,132.782
000002,万科A,全国地产,深圳,19910129,000002.SZ,20161031,24.75,25.5,24.51,24.92,24.75,0.17,0.69,548274.1,1374214.247,0.5648,0.7723,0.95,15.1824,14.0877,2.7399,1.4068,1.1806,2.0083,2.8892,1103915.2001,970810.7759,709927.804,27509566.7865,24192604.5354,,,132.782
000002,万科A,全国地产,深圳,19910129,000002.SZ,20161028,24.58,25.25,24.5,24.75,24.77,-0.02,-0.08,631412.99,1568803.2739,0.6504,0.8894,1.02,15.0788,13.9916,2.7212,1.3972,1.1726,2.0221,2.9091,1103915.2001,970810.7759,709927.804,27321901.2025,24027566.7035,,,132.782
000002,万科A,全国地产,深圳,19910129,000002.SZ,20161027,25.07,25.07,24.7,24.77,25.17,-0.4,-1.59,436479.95,1082761.831,0.4496,0.6148,0.62,15.091,14.6818,2.8056,1.3983,1.2425,2.0204,2.9067,1103915.2001,970810.7759,709927.804,27343979.5065,24046982.919,,,132.782
000002,万科A,全国地产,深圳,19910129,000002.SZ,20161026,25.0,25.25,24.88,25.17,25.01,0.16,0.64,583825.53,1463092.4584,0.6014,0.8224,0.82,15.3347,14.9189,2.8509,1.4209,1.2625,1.9883,2.8605,1103915.2001,970810.7759,709927.804,27785545.5865,24435307.2294,,,132.782
000002,万科A,全国地产,深圳,19910129,000002.SZ,20161025,25.2,25.34,24.8,25.01,25.24,-0.23,-0.91,711492.09,1779390.5639,0.7329,1.0022,1.02,15.2372,14.824,2.8328,1.4119,1.2545,2.001,2.8788,1103915.2001,970810.7759,709927.804,27608919.1545,24279977.5053,,,132.782
000002,万科A,全国地产,深圳,19910129,000002.SZ,20161024,25.25,25.45,25.01,25.24,25.25,-0.01,-0.04,533196.35,1346250.3122,0.5492,0.7511,0.69,15.3773,14.9604,2.8589,1.4249,1.266,1.9828,2.8526,1103915.2001,970810.7759,709927.804,27862819.6505,24503263.9837,,,132.782
000002,万科A,全国地产,深圳,19910129,000002.SZ,20161021,25.7,25.88,25.16,25.25,25.94,-0.69,-2.66,818705.76,2081832.7941,0.8433,1.1532,1.03,15.3834,14.9663,2.86,1.4254,1.2665,1.982,2.8515,1103915.2001,970810.7759,709927.804,27873858.8025,24512972.0915,27.25,22.29,132.782
000002,万科A,全国地产,深圳,19910129,000002.SZ,20161020,25.72,26.69,25.51,25.94,25.83,0.11,0.43,892419.35,2334841.6491,0.9193,1.2571,1.09,15.8038,15.3753,2.9382,1.4644,1.3012,1.9293,2.7756,1103915.2001,970810.7759,709927.804,28635560.2906,25182831.5268,,,132.782
000002,万科A,全国地产,深圳,19910129,000002.SZ,20161019,26.0,26.48,25.79,25.83,26.0,-0.17,-0.65,604605.44,1573933.0513,0.6228,0.8516,0.69,15.7368,15.3101,2.9257,1.4582,1.2956,1.9375,2.7875,1103915.2001,970810.7759,709927.804,28514129.6186,25076042.3415,,,132.782
000002,万科A,全国地产,深圳,19910129,000002.SZ,20161018,25.9,26.13,25.51,26.0,26.0,0.0,0.0,641773.55,1659245.636,0.6611,0.904,0.61,15.8404,15.4108,2.945,1.4678,1.3042,1.9248,2.7692,1103915.2001,970810.7759,709927.804,28701795.2026,25241080.1734,,,132.782
000002,万科A,全国地产,深圳,19910129,000002.SZ,20161017,26.5,26.75,25.73,26.0,26.84,-0.84,-3.13,929151.34,2440490.098,0.9571,1.3088,0.81,15.8404,15.4108,2.945,1.4678,1.3042,1.9248,2.7692,1103915.2001,970810.7759,709927.804,28701795.2026,25241080.1734,,,132.782
000002,万科A,全国地产,深圳,19910129,000002.SZ,20161014,26.92,27.25,26.62,26.84,26.81,0.03,0.11,915143.22,2462592.8054,0.9427,1.2891,0.74,16.3521,15.9087,3.0401,1.5152,1.3463,1.8646,2.6826,1103915.2001,970810.7759,709927.804,29629083.9707,26056561.2252,,,132.782
000002,万科A,全国地产,深圳,19910129,000002.SZ,20161013,26.51,27.2,26.3,26.81,26.6,0.21,0.79,1015574.33,2715384.5351,1.0461,1.4305,0.79,16.3339,15.8909,3.0367,1.5135,1.3448,1.8667,2.6856,1103915.2001,970810.7759,709927.804,29595966.5147,26027436.9019,,,132.782
000002,万科A,全国地产,深圳,19910129,000002.SZ,20161012,26.0,26.67,25.63,26.6,26.23,0.37,1.41,877754.0,2296506.6116,0.9041,1.2364,0.61,16.2059,15.7665,3.0129,1.5016,1.3343,1.8814,2.7068,1103915.2001,970810.7759,709927.804,29364144.3227,25823566.6389,,,132.782
000002,万科A,全国地产,深圳,19910129,000002.SZ,20161011,25.75,27.41,25.56,26.23,25.97,0.26,1.0,1507286.16,4017712.9126,1.5526,2.1232,1.05,15.9805,15.5472,2.971,1.4807,1.3157,1.908,2.7449,1103915.2001,970810.7759,709927.804,28955695.6986,25464366.6519,28.6,23.4,132.782
000002,万科A,全国地产,深圳,19910129,000002.SZ,20161010,25.0,25.98,24.66,25.97,26.17,-0.2,-0.76,1435511.83,3634603.7374,1.4787,2.0221,1.01,15.8221,15.393,2.9416,1.4661,1.3027,1.9271,2.7724,1103915.2001,970810.7759,709927.804,28668677.7466,25211955.8501,,,132.782
000002,万科A,全国地产,深圳,19910129,000002.SZ,20160930,25.9,27.45,25.81,26.17,25.99,0.18,0.69,1358410.6,3600469.9449,1.3993,1.9134,0.88,15.9439,15.5116,2.9642,1.4774,1.3127,1.9123,2.7512,1103915.2001,970810.7759,709927.804,28889460.7866,25406118.0053,,,132.782
000002,万科A,全国地产,深圳,19910129,000002.SZ,20160929,25.68,26.3,25.38,25.99,25.8,0.19,0.74,1282985.86,3327400.6228,1.3216,1.8072,0.64,15.8343,15.4049,2.9438,1.4672,1.3037,1.9256,2.7703,1103915.2001,970810.7759,709927.804,28690756.0506,25231372.0656,,,132.782
000002,万科A,全国地产,深圳,19910129,000002.SZ,20160928,24.88,26.38,24.33,25.8,25.14,0.66,2.63,1564090.6,3989436.8918,1.6111,2.2032,0.73,15.7185,15.2923,2.9223,1.4565,1.2941,1.9398,2.7907,1103915.2001,970810.7759,709927.804,28481012.1626,25046918.0182,,,132.782
000002,万科A,全国地产,深圳,19910129,000002.SZ,20160927,24.61,25.69,24.51,25.14,24.68,0.46,1.86,1553417.9,3918881.0407,1.6001,2.1881,0.8,15.3164,14.9011,2.8475,1.4192,1.261,1.9907,2.864,1103915.2001,970810.7759,709927.804,27752428.1305,24406182.9061,,,132.782
000002,万科A,全国地产,深圳,19910129,000002.SZ,20160926,25.19,25.35,24.4,24.68,25.48,-0.8,-3.14,1324173.39,3272364.9422,1.364,1.8652,0.74,15.0362,14.6284,2.7954,1.3932,1.238,2.0278,2.9173,1103915.2001,970810.7759,709927.804,27244627.1385,23959609.9492,,,132.782
000002,万科A,全国地产,深圳,19910129,000002.SZ,20160923,26.32,26.55,25.24,25.48,27.0,-1.52,-5.63,1978383.72,5106198.4838,2.0379,2.7867,1.27,15.5236,15.1026,2.8861,1.4384,1.2781,1.9641,2.8257,1103915.2001,970810.7759,709927.804,28127759.2985,24736258.5699,,,132.782
000002,万科A,全国地产,深圳,19910129,000002.SZ,20160922,24.8,27.08,24.41,27.0,24.62,2.38,9.67,3567456.79,9350015.3552,3.6747,5.0251,3.49,16.4496,16.0035,3.0582,1.5242,1.3543,1.8535,2.6667,1103915.2001,970810.7759,709927.804,29805710.4027,26211890.9493,,,132.782
000002,万科A,全国地产,深圳,19910129,000002.SZ,20160921,23.55,24.62,23.41,24.62,23.62,1.0,4.23,2227502.09,5345198.4924,2.2945,3.1376,2.61,14.9996,14.5929,2.7887,1.3898,1.2349,2.0327,2.9245,1103915.2001,970810.7759,709927.804,27178392.2265,23901361.3027,,,132.782
000002,万科A,全国地产,深圳,19910129,000002.SZ,20160920,23.63,23.69,23.23,23.62,23.63,-0.01,-0.04,625656.62,1469696.5035,0.6445,0.8813,0.69,14.3904,14.0001,2.6754,1.3334,1.1848,2.1188,3.0483,1103915.2001,970810.7759,709927.804,26074477.0264,22930550.5268,,,132.782
000002,万科A,全国地产,深圳,19910129,000002.SZ,20160919,23.58,24.0,23.51,23.63,23.58,0.05,0.21,586837.88,1389733.0654,0.6045,0.8266,0.55,14.3965,14.0061,2.6765,1.334,1.1853,2.1179,3.047,1103915.2001,970810.7759,709927.804,26085516.1784,22940258.6345,,,132.782
000002,万科A,全国地产,深圳,19910129,000002.SZ,20160914,23.35,23.8,23.33,23.58,23.58,0.0,0.0,785574.76,1852710.858,0.8092,1.1066,0.73,14.366,13.9764,2.6709,1.3311,1.1828,2.1224,3.0534,1103915.2001,970810.7759,709927.804,26030320.4184,22891718.0957,,,132.782
000002,万科A,全国地产,深圳,19910129,000002.SZ,20160913,23.38,23.68,23.2,23.58,23.5,0.08,0.34,887418.09,2080192.6488,0.9141,1.25,0.81,14.366,13.9764,2.6709,1.3311,1.1828,2.1224,3.0534,1103915.2001,970810.7759,709927.804,26030320.4184,22891718.0957,,,132.782
000002,万科A,全国地产,深圳,19910129,000002.SZ,20160912,22.6,23.97,22.5,23.5,23.17,0.33,1.42,1379745.64,3205460.9686,1.4212,1.9435,1.35,14.3173,13.929,2.6618,1.3266,1.1788,2.1296,3.0638,1103915.2001,970810.7759,709927.804,25942007.2024,22814053.2337,,,132.782
000002,万科A,全国地产,深圳,19910129,000002.SZ,20160909,23.5,23.59,23.01,23.17,23.62,-0.45,-1.91,884296.77,2050212.2762,0.9109,1.2456,0.72,14.1162,13.7334,2.6244,1.308,1.1622,2.1599,3.1075,1103915.2001,970810.7759,709927.804,25577715.1863,22493685.6776,25.99,21.27,132.782
000002,万科A,全国地产,深圳,19910129,000002.SZ,20160908,23.23,24.45,23.13,23.62,23.27,0.35,1.5,1424683.9,3392089.2663,1.4675,2.0068,0.98,14.3904,14.0001,2.6754,1.3334,1.1848,2.1188,3.0483,1103915.2001,970810.7759,709927.804,26074477.0264,22930550.5268,,,132.782
000002,万科A,全国地产,深圳,19910129,000002.SZ,20160907,23.54,23.54,23.1,23.27,23.32,-0.05,-0.21,794539.34,1853115.0724,0.8184,1.1192,0.45,14.1771,13.7927,2.6357,1.3136,1.1672,2.1507,3.0941,1103915.2001,970810.7759,709927.804,25688106.7063,22590766.7552,,,132.782
000002,万科A,全国地产,深圳,19910129,000002.SZ,20160906,23.4,23.66,23.0,23.32,23.44,-0.12,-0.51,982128.51,2280789.5072,1.0117,1.3834,0.56,14.2076,13.8223,2.6414,1.3165,1.1697,2.146,3.0875,1103915.2001,970810.7759,709927.804,25743302.4663,22639307.294,,,132.782
000002,万科A,全国地产,深圳,19910129,000002.SZ,20160905,23.6,23.68,23.1,23.44,23.77,-0.33,-1.39,1028879.58,2405528.9427,1.0598,1.4493,0.6,14.2807,13.8935,2.655,1.3232,1.1758,2.1351,3.0717,1103915.2001,970810.7759,709927.804,25875772.2903,22755804.5871,,,132.782
000002,万科A,全国地产,深圳,19910129,000002.SZ,20160902,23.14,24.6,23.01,23.77,23.44,0.33,1.41,1925079.13,4624433.2197,1.983,2.7117,1.23,14.4817,14.0891,2.6924,1.3419,1.1923,2.1054,3.029,1103915.2001,970810.7759,709927.804,26240064.3064,23076172.1431,,,132.782
000002,万科A,全国地产,深圳,19910129,000002.SZ,20160901,25.0,25.01,23.19,23.44,24.93,-1.49,-5.98,2565603.4,6157514.3483,2.6427,3.6139,1.81,14.2807,13.8935,2.655,1.3232,1.1758,2.1351,3.0717,1103915.2001,970810.7759,709927.804,25875772.2903,22755804.5871,,,132.782
000002,万科A,全国地产,深圳,19910129,000002.SZ,20160831,22.68,24.93,22.6,24.93,22.66,2.27,10.02,2383125.74,5748581.0716,2.4548,3.3569,1.93,15.1885,14.7766,2.8238,1.4073,1.2505,2.0075,2.8881,1103915.2001,970810.7759,709927.804,27520605.9385,24202312.6432,,,132.782
000002,万科A,全国地产,深圳,19910129,000002.SZ,20160830,22.95,23.06,22.55,22.66,22.91,-0.25,-1.09,909262.53,2072873.2502,0.9366,1.2808,0.65,13.8055,13.4311,2.5666,1.2792,1.1366,2.2086,3.1774,1103915.2001,970810.7759,709927.804,25014718.4343,21998572.1819,,,132.782
000002,万科A,全国地产,深圳,19910129,000002.SZ,20160829,22.86,23.25,22.75,22.91,22.89,0.02,0.09,782446.19,1796320.5463,0.806,1.1021,0.49,13.9578,13.5793,2.595,1.2933,1.1492,2.1845,3.1427,1103915.2001,970810.7759,709927.804,25290697.2343,22241274.8759,,,132.782
000002,万科A,全国地产,深圳,19910129,000002.SZ,20160826,23.59,23.59,22.88,22.89,23.54,-0.65,-2.76,1200024.09,2780659.1636,1.2361,1.6903,0.68,13.9456,13.5675,2.5927,1.2922,1.1482,2.1864,3.1455,1103915.2001,970810.7759,709927.804,25268618.9303,22221858.6604,,,132.782
000002,万科A,全国地产,深圳,19910129,000002.SZ,20160825,23.5,23.94,22.71,23.54,23.99,-0.45,-1.88,1821374.91,4234198.6274,1.8761,2.5656,0.82,14.3416,13.9527,2.6663,1.3289,1.1808,2.126,3.0586,1103915.2001,970810.7759,709927.804,25986163.8104,22852885.6647,,,132.782
000002,万科A,全国地产,深圳,19910129,000002.SZ,20160824,24.4,24.84,23.75,23.99,24.7,-0.71,-2.87,1470675.59,3561540.3416,1.5149,2.0716,0.58,14.6158,14.2195,2.7173,1.3543,1.2033,2.0861,3.0013,1103915.2001,970810.7759,709927.804,26482925.6504,23289750.5138,,,132.782
000002,万科A,全国地产,深圳,19910129,000002.SZ,20160823,24.39,25.28,23.83,24.7,24.7,0.0,0.0,1694763.22,4163383.509,1.7457,2.3872,0.59,15.0483,14.6403,2.7977,1.3944,1.239,2.0261,2.915,1103915.2001,970810.7759,709927.804,27266705.4425,23979026.1647,,,132.782
000002,万科A,全国地产,深圳,19910129,000002.SZ,20160822,24.79,25.56,24.44,24.7,24.59,0.11,0.45,1792252.92,4483677.7776,1.8461,2.5246,0.57,15.0483,14.6403,2.7977,1.3944,1.239,2.0261,2.915,1103915.2001,970810.7759,709927.804,27266705.4425,23979026.1647,,,132.782
000002,万科A,全国地产,深圳,19910129,000002.SZ,20160819,25.15,25.32,24.51,24.59,25.58,-0.99,-3.87,2069911.63,5134726.3975,2.1329,2.9172,0.59,14.9813,14.8315,2.9287,1.3882,1.3487,2.0352,2.928,1103915.2001,970447.0347,709564.0628,27145274.7705,23863292.5833,,,132.782
000002,万科A,全国地产,深圳,19910129,000002.SZ,20160818,25.3,27.68,24.51,25.58,25.85,-0.27,-1.04,4133752.08,10758881.3949,4.2596,5.8258,1.38,15.5845,15.4287,3.0466,1.444,1.403,1.9564,2.8147,1103915.2001,970447.0347,709564.0628,28238150.8186,24824035.1476,,,132.782
000002,万科A,全国地产,深圳,19910129,000002.SZ,20160817,26.61,27.44,25.36,25.85,27.57,-1.72,-6.24,3054820.59,8050574.1283,3.1478,4.3052,1.09,15.749,15.5915,3.0787,1.4593,1.4178,1.936,2.7853,1103915.2001,970447.0347,709564.0628,28536207.9226,25086055.847,,,132.782
000002,万科A,全国地产,深圳,19910129,000002.SZ,20160816,26.51,27.57,26.11,27.57,25.06,2.51,10.02,3334780.58,9013552.3924,3.4363,4.6998,1.31,16.7969,16.6289,3.2836,1.5564,1.5122,1.8152,2.6115,1103915.2001,970447.0347,709564.0628,30434942.0668,26755224.7467,,,132.782
000002,万科A,全国地产,深圳,19910129,000002.SZ,20160815,23.45,25.06,23.41,25.06,22.78,2.28,10.01,3231106.3,7854928.0298,3.3295,4.5536,1.22,15.2677,15.115,2.9846,1.4147,1.3745,1.997,2.8731,1103915.2001,970447.0347,709564.0628,27664114.9145,24319402.6896,,,132.782
000002,万科A,全国地产,深圳,19910129,000002.SZ,20160812,20.8,22.78,20.52,22.78,20.71,2.07,10.0,3748708.62,8174350.6376,3.8629,5.2831,1.41,13.8786,13.7398,2.7131,1.286,1.2494,2.1969,3.1607,1103915.2001,970447.0347,709564.0628,25147188.2583,22106783.4505,,,132.782
000002,万科A,全国地产,深圳,19910129,000002.SZ,20160811,21.15,21.37,20.64,20.71,21.2,-0.49,-2.31,1580387.96,3304482.7133,1.6285,2.2273,0.51,12.6175,12.4913,2.4665,1.1691,1.1359,2.4165,3.4766,1103915.2001,970447.0347,709564.0628,22862083.7941,20097958.0886,,,132.782
000002,万科A,全国地产,深圳,19910129,000002.SZ,20160810,21.7,21.88,21.0,21.2,21.97,-0.77,-3.5,2063233.84,4418914.1683,2.1261,2.9077,0.69,12.916,12.7868,2.5249,1.1968,1.1628,2.3607,3.3962,1103915.2001,970447.0347,709564.0628,23403002.2421,20573477.1356,,,132.782
000002,万科A,全国地产,深圳,19910129,000002.SZ,20160809,22.11,22.29,21.15,21.97,21.87,0.1,0.46,2146892.95,4681283.1797,2.2123,3.0257,0.75,13.3851,13.2513,2.6166,1.2403,1.205,2.2779,3.2772,1103915.2001,970447.0347,709564.0628,24253016.9462,21320721.3524,,,132.782
000002,万科A,全国地产,深圳,19910129,000002.SZ,20160808,20.74,22.95,20.55,21.87,20.95,0.92,4.39,3673389.01,8068063.9809,3.7853,5.177,1.54,13.3242,13.191,2.6047,1.2346,1.1995,2.2883,3.2922,1103915.2001,970447.0347,709564.0628,24142625.4262,21223676.6489,,,132.782
000002,万科A,全国地产,深圳,19910129,000002.SZ,20160805,20.33,21.63,19.96,20.95,19.67,1.28,6.51,3800722.65,7864094.9971,3.9165,5.3564,1.88,12.7637,12.6361,2.4951,1.1827,1.1491,2.3888,3.4368,1103915.2001,970447.0347,709564.0628,23127023.4421,20330865.377,,,132.782
000002,万科A,全国地产,深圳,19910129,000002.SZ,20160804,17.76,19.67,17.6,19.67,17.88,1.79,10.01,3713465.82,6982599.1917,3.8266,5.2334,2.35,11.9838,11.864,2.3427,1.1104,1.0789,2.5443,3.6604,1103915.2001,970447.0347,709564.0628,21714011.986,19088693.1725,,,132.782
000002,万科A,全国地产,深圳,19910129,000002.SZ,20160803,17.55,17.97,17.49,17.88,17.61,0.27,1.53,1515550.97,2701874.0683,1.5617,2.1359,0.97,10.8933,10.7844,2.1295,1.0094,0.9807,2.799,4.0268,1103915.2001,970447.0347,709564.0628,19738003.7778,17351592.9804,,,132.782
000002,万科A,全国地产,深圳,19910129,000002.SZ,20160802,17.11,17.7,17.07,17.61,17.17,0.44,2.56,1604209.56,2808125.318,1.6531,2.2608,1.04,10.7288,10.6215,2.0973,0.9941,0.9659,2.8419,4.0886,1103915.2001,970447.0347,709564.0628,19439946.6738,17089572.2811,,,132.782
000002,万科A,全国地产,深圳,19910129,000002.SZ,20160801,17.01,17.29,16.9,17.17,17.14,0.03,0.18,1273062.09,2180111.0172,1.3118,1.7941,0.72,10.4607,10.3561,2.0449,0.9693,0.9417,2.9147,4.1934,1103915.2001,970447.0347,709564.0628,18954223.9857,16662575.5858,,,132.782
000002,万科A,全国地产,深圳,19910129,000002.SZ,20160729,17.05,17.35,16.81,17.14,17.2,-0.06,-0.35,1986861.35,3398190.5981,2.0474,2.8001,1.08,10.4425,10.338,2.0414,0.9676,0.9401,2.9198,4.2007,1103915.2001,970447.0347,709564.0628,18921106.5297,16633462.1748,,,132.782
000002,万科A,全国地产,深圳,19910129,000002.SZ,20160728,17.39,17.93,17.21,17.92,17.42,0.5,2.87,1507462.67,2662314.493,1.5534,2.1245,0.83,10.9177,10.8085,1.9657,1.0116,0.9829,2.7927,,1103915.2001,970447.0347,709564.0628,19782160.3858,17390410.8618,,,132.782
000002,万科A,全国地产,深圳,19910129,000002.SZ,20160727,17.78,17.83,16.91,17.42,17.78,-0.36,-2.02,1476486.26,2573919.2556,1.5214,2.0808,0.74,10.613,10.5069,1.9109,0.9834,0.9555,2.8729,,1103915.2001,970447.0347,709564.0628,19230202.7857,16905187.3445,,,132.782
000002,万科A,全国地产,深圳,19910129,000002.SZ,20160726,17.6,17.83,17.52,17.78,17.7,0.08,0.45,1493196.56,2647747.9598,1.5387,2.1044,0.74,10.8324,10.7241,1.9503,1.0037,0.9752,2.8147,,1103915.2001,970447.0347,709564.0628,19627612.2578,17254548.277,,,132.782
000002,万科A,全国地产,深圳,19910129,000002.SZ,20160725,17.26,17.79,16.92,17.7,17.39,0.31,1.78,2354339.19,4116947.089,2.426,3.318,1.27,10.7836,10.6758,1.9416,0.9992,0.9708,2.8274,,1103915.2001,970447.0347,709564.0628,19539299.0418,17176912.5142,,,132.782
000002,万科A,全国地产,深圳,19910129,000002.SZ,20160722,17.17,17.59,17.13,17.39,17.02,0.37,2.17,2339709.28,4069504.5885,2.411,3.2974,1.46,10.5948,10.4888,1.9076,0.9817,0.9538,2.8778,,1103915.2001,970447.0347,709564.0628,19197085.3297,16876073.9334,,,132.782
000002,万科A,全国地产,深圳,19910129,000002.SZ,20160721,16.91,17.19,16.86,17.02,17.08,-0.06,-0.35,1444706.45,2455521.9575,1.4887,2.036,0.88,10.3693,10.2657,1.867,0.9608,0.9335,2.9404,,1103915.2001,970447.0347,709564.0628,18788636.7057,16517008.5306,,,127.447
000002,万科A,全国地产,深圳,19910129,000002.SZ,20160720,16.89,17.42,16.74,17.08,17.11,-0.03,-0.18,2304922.42,3931445.2593,2.3751,3.2484,1.36,10.4059,10.3019,1.8736,0.9642,0.9368,2.9301,2.9301,1103915.2001,970447.0347,709564.0628,18854871.6177,16575235.3527,,,127.447
000002,万科A,全国地产,深圳,19910129,000002.SZ,20160719,17.39,17.39,17.04,17.11,17.43,-0.32,-1.84,1627752.09,2792105.6207,1.6773,2.294,0.82,10.4242,10.3199,1.8768,0.9659,0.9385,2.9249,2.9249,1103915.2001,970447.0347,709564.0628,18887989.0737,16604348.7637,,,127.447
000002,万科A,全国地产,深圳,19910129,000002.SZ,20160718,17.84,17.84,17.42,17.43,17.89,-0.46,-2.57,1560004.37,2740431.5158,1.6075,2.1985,0.72,10.6191,10.513,1.912,0.984,0.956,2.8712,2.8712,1103915.2001,970447.0347,709564.0628,19241241.9377,16914891.8148,,,127.447
000002,万科A,全国地产,深圳,19910129,000002.SZ,20160715,17.9,18.05,17.86,17.89,17.96,-0.07,-0.39,1082550.98,1941771.6591,1.1155,1.5257,0.42,10.8994,10.7904,1.9624,1.0099,0.9812,2.7974,2.7974,1103915.2001,970447.0347,709564.0628,19749042.9298,17361297.4508,,,127.447
000002,万科A,全国地产,深圳,19910129,000002.SZ,20160714,18.14,18.18,17.92,17.96,18.32,-0.36,-1.97,1675569.29,3019075.0203,1.7266,2.3614,0.54,10.942,10.8326,1.9701,1.0139,0.9851,2.7865,2.7865,1103915.2001,970447.0347,709564.0628,19826316.9938,17429228.7432,,,127.447
000002,万科A,全国地产,深圳,19910129,000002.SZ,20160713,18.0,18.49,17.85,18.32,18.12,0.2,1.1,2543261.66,4619086.2206,2.6207,3.5843,0.55,11.1614,11.0498,2.0096,1.0342,1.0048,2.7318,2.7318,1103915.2001,970447.0347,709564.0628,20223726.4658,17778589.6757,,,127.447
000002,万科A,全国地产,深圳,19910129,000002.SZ,20160712,18.27,18.43,17.56,18.12,18.27,-0.15,-0.82,3064821.37,5520900.7501,3.1582,4.3193,0.69,11.0395,10.9291,1.9876,1.0229,0.9939,2.7619,2.7619,1103915.2001,970447.0347,709564.0628,20002943.4258,17584500.2688,19.17,15.69,127.447
000002,万科A,全国地产,深圳,19910129,000002.SZ,20160711,18.5,18.69,18.23,18.27,18.75,-0.48,-2.56,2412151.18,4444566.7709,2.4856,3.3995,0.61,11.1309,11.0196,2.0041,1.0314,1.0021,2.7392,2.7392,1103915.2001,970447.0347,709564.0628,20168530.7058,17730067.324,19.68,16.1,127.447
000002,万科A,全国地产,深圳,19910129,000002.SZ,20160708,18.6,18.98,18.21,18.75,18.82,-0.07,-0.37,3124436.98,5799513.3342,3.2196,4.4033,0.83,11.4233,11.3091,2.0567,1.0585,1.0284,2.6691,2.6691,1103915.2001,970447.0347,709564.0628,20698410.0019,18195881.9006,19.76,16.16,127.447
000002,万科A,全国地产,深圳,19910129,000002.SZ,20160707,19.1,19.22,18.71,18.82,19.8,-0.98,-4.95,4300225.52,8133977.7665,4.4312,6.0604,1.25,11.466,11.3513,2.0644,1.0624,1.0322,2.6592,2.6592,1103915.2001,970447.0347,709564.0628,20775684.0659,18263813.1931,,,127.447
000002,万科A,全国地产,深圳,19910129,000002.SZ,20160706,19.1,20.78,19.1,19.8,19.79,0.01,0.05,10283727.12,20106488.5828,10.5969,14.493,6.39,12.063,11.9424,2.1719,1.1178,1.086,2.5276,2.5276,1103915.2001,970447.0347,709564.0628,21857520.962,19214851.2871,,,127.447
000002,万科A,全国地产,深圳,19910129,000002.SZ,20160705,19.79,19.79,19.79,19.79,21.99,-2.2,-10.0,1990576.0,3939349.904,2.0512,2.8054,1.29,12.057,11.9364,2.1708,1.1172,1.0855,2.5288,2.5288,1103915.2001,970447.0347,709564.0628,21846481.81,19205146.8167,,,127.447
000002,万科A,全国地产,深圳,19910129,000002.SZ,20160704,21.99,21.99,21.99,21.99,24.43,-2.44,-9.99,42663.0,93815.937,0.044,0.0601,0.02,13.3973,13.2633,2.4122,1.2414,1.2061,2.2758,2.2758,1103915.2001,970447.0347,709564.0628,24275095.2502,21340130.2931,,,127.447
000002,万科A,全国地产,深圳,19910129,000002.SZ,20151218,22.4,24.43,21.66,24.43,22.21,2.22,10.0,2238984.02,5288950.848,2.3045,2.7872,1.26,17.1455,16.7246,3.0356,1.8442,1.6578,1.6721,2.0461,1105052.5,971584.8421,803308.9174,26996432.575,23735817.6925,,,127.447
000002,万科A,全国地产,深圳,19910129,000002.SZ,20151217,20.38,22.21,20.35,22.21,20.19,2.02,10.01,2583392.65,5616476.774,2.6589,3.2159,1.38,15.5875,15.2048,2.7597,1.6766,1.5072,1.8393,2.2507,1105052.5,971584.8421,803308.9174,24543216.025,21578899.343,,,127.447
000002,万科A,全国地产,深圳,19910129,000002.SZ,20151216,20.63,20.99,20.01,20.19,21.08,-0.89,-4.22,1185363.96,2410648.6991,1.22,1.4756,0.5,14.1698,13.8219,2.5087,1.5241,1.3701,2.0233,2.4758,1105052.5,971584.8421,803308.9174,22311009.975,19616297.962,,,127.447
000002,万科A,全国地产,深圳,19910129,000002.SZ,20151215,19.6,21.46,19.6,21.08,20.08,1.0,4.98,1673876.32,3487966.8282,1.7228,2.0837,0.72,14.7944,14.4312,2.6193,1.5913,1.4305,1.9379,2.3713,1105052.5,971584.8421,803308.9174,23294506.7,20481008.4715,,,127.447
000002,万科A,全国地产,深圳,19910129,000002.SZ,20151214,19.6,20.48,19.01,20.08,19.9,0.18,0.9,1392194.06,2747638.826,1.4329,1.7331,0.56,14.0926,13.7466,2.4951,1.5158,1.3626,2.0344,2.4894,1105052.5,971584.8421,803308.9174,22189454.2,19509423.6294,,,127.447
000002,万科A,全国地产,深圳,19910129,000002.SZ,20151211,19.14,20.34,18.78,19.9,19.54,0.36,1.84,2035008.42,3998320.2248,2.0945,2.5333,0.72,13.9663,13.6234,2.4727,1.5022,1.3504,2.0528,2.5119,1105052.5,971584.8421,803308.9174,21990544.75,19334538.3578,,,127.447
000002,万科A,全国地产,深圳,19910129,000002.SZ,20151210,19.59,21.36,19.02,19.54,19.55,-0.01,-0.05,3067374.66,6153428.1905,3.1571,3.8184,0.96,13.7136,13.3769,2.428,1.475,1.326,2.0906,2.5582,1105052.5,971584.8421,803308.9174,21592725.85,18984767.8146,,,127.447
000002,万科A,全国地产,深圳,19910129,000002.SZ,20151209,17.95,19.55,17.81,19.55,17.77,1.78,10.02,3598519.73,6732052.6427,3.7038,4.4796,0.96,13.7206,13.3838,2.4292,1.4758,1.3266,2.0895,2.5569,1105052.5,971584.8421,803308.9174,21603776.375,18994483.6631,,,127.447
000002,万科A,全国地产,深圳,19910129,000002.SZ,20151208,17.9,18.07,17.4,17.77,18.02,-0.25,-1.39,1529886.06,2702009.0484,1.5746,1.9045,0.37,12.4714,12.1652,2.208,1.3414,1.2059,2.2988,2.813,1105052.5,971584.8421,803308.9174,19636782.925,17265062.6441,,,127.447
000002,万科A,全国地产,深圳,19910129,000002.SZ,20151207,18.82,18.98,17.67,18.02,18.98,-0.96,-5.06,2255719.38,4100197.2098,2.3217,2.808,0.54,12.6469,12.3363,2.2391,1.3603,1.2228,2.2669,2.774,1105052.5,971584.8421,803308.9174,19913046.05,17507958.8546,,,127.447
000002,万科A,全国地产,深圳,19910129,000002.SZ,20151204,18.9,19.84,18.6,18.98,19.15,-0.17,-0.89,3768009.49,7225322.0609,3.8782,4.6906,1.06,13.3206,12.9935,2.3584,1.4328,1.288,2.1523,2.6337,1105052.5,971584.8421,803308.9174,20973896.45,18440680.3031,,,127.447
000002,万科A,全国地产,深圳,19910129,000002.SZ,20151203,18.45,19.33,18.08,19.15,18.24,0.91,4.99,4771236.37,8914671.5143,4.9108,5.9395,1.78,13.4399,13.1099,2.3795,1.4456,1.2995,2.1332,2.6103,1105052.5,971584.8421,803308.9174,21161755.375,18605849.7262,,,127.447
000002,万科A,全国地产,深圳,19910129,000002.SZ,20151202,16.68,18.24,16.54,18.24,16.58,1.66,10.01,6389886.13,11337757.0571,6.5745,7.9511,4.19,12.8002,12.4859,2.2664,1.3768,1.2377,2.2398,2.7408,1104961.03,971926.7833,803650.8586,20154489.1872,17727944.5274,,,127.447
000002,万科A,全国地产,深圳,19910129,000002.SZ,20151201,14.99,16.58,14.93,16.58,15.07,1.51,10.02,3750163.7,6042685.1845,3.8585,4.6664,4.06,11.6353,11.3496,2.0602,1.2515,1.125,2.4641,3.0152,1104961.03,971926.7833,803650.8586,18320253.8774,16114546.0671,,,127.447
000002,万科A,全国地产,深圳,19910129,000002.SZ,20151130,14.29,15.25,14.28,15.07,14.26,0.81,5.68,2020009.99,3029921.8054,2.0784,2.5135,3.13,10.5756,10.3159,1.8725,1.1375,1.0226,2.711,3.3173,1104961.03,971926.7833,803650.8586,16651762.7221,14646936.6243,,,127.447
000002,万科A,全国地产,深圳,19910129,000002.SZ,20151127,14.43,14.65,14.24,14.26,14.5,-0.24,-1.66,888155.58,1286416.5869,0.9138,1.1052,1.45,10.0072,9.7615,1.7719,1.0764,0.9676,2.8649,3.5058,1104961.03,971926.7833,803650.8586,15756744.2878,13859675.9299,,,127.447
000002,万科A,全国地产,深圳,19910129,000002.SZ,20151126,14.55,14.62,14.47,14.5,14.56,-0.06,-0.41,383748.22,558000.8154,0.3948,0.4775,0.54,10.1756,9.9258,1.8017,1.0945,0.9839,2.8175,3.4477,1104961.03,971926.7833,803650.8586,16021934.935,14092938.3579,,,127.447
000002,万科A,全国地产,深圳,19910129,000002.SZ,20151125,14.42,14.72,14.39,14.56,14.5,0.06,0.41,581818.63,848024.6591,0.5986,0.724,0.61,10.2177,9.9668,1.8092,1.099,0.9879,2.8059,3.4335,1104961.03,971926.7833,803650.8586,16088232.5968,14151253.9648,,,127.447
000002,万科A,全国地产,深圳,19910129,000002.SZ,20151124,14.37,14.55,14.14,14.5,14.37,0.13,0.9,745686.58,1068471.9801,0.7672,0.9279,0.8,10.1756,9.9258,1.8017,1.0945,0.9839,2.8175,3.4477,1104961.03,971926.7833,803650.8586,16021934.935,14092938.3579,,,127.447
000002,万科A,全国地产,深圳,19910129,000002.SZ,20151123,14.5,14.64,14.32,14.37,14.49,-0.12,-0.83,629288.1,911464.9076,0.6475,0.783,0.72,10.0844,9.8368,1.7856,1.0847,0.9751,2.843,3.4789,1104961.03,971926.7833,803650.8586,15878290.0011,13966587.876,,,127.447
000002,万科A,全国地产,深圳,19910129,000002.SZ,20151120,14.45,14.72,14.37,14.49,14.5,-0.01,-0.07,732482.95,1064007.0011,0.7536,0.9114,0.92,10.1686,9.9189,1.8005,1.0937,0.9832,2.8195,3.4501,1104961.03,971926.7833,803650.8586,16010885.3247,14083219.09,,,127.447
000002,万科A,全国地产,深圳,19910129,000002.SZ,20151119,14.6,14.6,14.18,14.5,14.67,-0.17,-1.16,886044.41,1272044.2444,0.9116,1.1025,1.22,10.1756,9.9258,1.8017,1.0945,0.9839,2.8175,3.4477,1104961.03,971926.7833,803650.8586,16021934.935,14092938.3579,,,127.447
000002,万科A,全国地产,深圳,19910129,000002.SZ,20151118,14.07,15.27,14.01,14.67,14.0,0.67,4.79,1753443.74,2576146.3066,1.8041,2.1818,3.55,10.2949,10.0421,1.8228,1.1073,0.9954,2.7849,3.4078,1104961.03,971926.7833,803650.8586,16209778.3101,14258165.911,,,127.447
000002,万科A,全国地产,深圳,19910129,000002.SZ,20151117,14.03,14.3,13.9,14.0,14.0,0.0,0.0,651299.51,918176.2724,0.6701,0.8104,1.39,9.8247,9.5835,1.7396,1.0567,0.95,2.9181,3.5709,1104961.03,971926.7833,803650.8586,15469454.42,13606974.9662,,,127.447
000002,万科A,全国地产,深圳,19910129,000002.SZ,20151116,13.81,14.0,13.71,14.0,13.9,0.1,0.72,320707.08,445294.0963,0.33,0.3991,0.56,9.8247,9.5835,1.7396,1.0567,0.95,2.9181,3.5709,1104961.03,971926.7833,803650.8586,15469454.42,13606974.9662,,,127.447
000002,万科A,全国地产,深圳,19910129,000002.SZ,20151113,14.0,14.05,13.83,13.9,14.09,-0.19,-1.35,383628.08,534644.203,0.3947,0.4774,0.65,9.7545,9.515,1.7272,1.0492,0.9432,2.9391,3.5965,1104961.03,971926.7833,803650.8586,15358958.317,13509782.2879,,,127.447
000002,万科A,全国地产,深圳,19910129,000002.SZ,20151112,14.24,14.25,14.01,14.09,14.17,-0.08,-0.56,534850.66,755530.6772,0.5503,0.6655,0.8,9.8879,9.6451,1.7508,1.0635,0.9561,2.8995,3.5481,1104961.03,971926.7833,803650.8586,15568900.9127,13694448.3767,,,127.447
000002,万科A,全国地产,深圳,19910129,000002.SZ,20151111,14.21,14.32,14.1,14.17,14.27,-0.1,-0.7,578612.55,822609.3092,0.5953,0.72,0.82,9.944,9.6999,1.7607,1.0696,0.9615,2.8831,3.528,1104961.03,971926.7833,803650.8586,15657297.7951,13772202.5194,,,127.447
000002,万科A,全国地产,深圳,19910129,000002.SZ,20151110,14.33,14.37,14.2,14.27,14.4,-0.13,-0.9,524600.45,749031.9089,0.5398,0.6528,0.79,10.0142,9.7683,1.7731,1.0771,0.9683,2.8629,3.5033,1104961.03,971926.7833,803650.8586,15767793.8981,13869395.1977,,,127.447
000002,万科A,全国地产,深圳,19910129,000002.SZ,20151109,14.21,14.66,14.18,14.4,14.21,0.19,1.34,830505.01,1202251.924,0.8545,1.0334,1.47,10.1054,9.8573,1.7893,1.0869,0.9771,2.8371,3.4717,1104961.03,971926.7833,803650.8586,15911438.832,13995745.6795,,,127.447
000002,万科A,全国地产,深圳,19910129,000002.SZ,20151106,14.11,14.31,14.06,14.21,14.12,0.09,0.64,501764.57,710839.3682,0.5163,0.6244,0.96,9.9721,9.7272,1.7657,1.0726,0.9642,2.875,3.5181,1104961.03,971926.7833,803650.8586,15701496.2363,13811079.5907,,,127.447
000002,万科A,全国地产,深圳,19910129,000002.SZ,20151105,14.05,14.58,13.95,14.12,14.08,0.04,0.28,923180.52,1316863.7579,0.9498,1.1487,2.34,9.9089,9.6656,1.7545,1.0658,0.9581,2.8933,3.5405,1104961.03,971926.7833,803650.8586,15602049.7436,13723606.1802,,,127.447
000002,万科A,全国地产,深圳,19910129,000002.SZ,20151104,13.65,14.1,13.61,14.08,13.66,0.42,3.07,768654.44,1071494.1526,0.7909,0.9565,2.48,9.8809,9.6383,1.7495,1.0628,0.9554,2.9016,3.5506,1104961.03,971926.7833,803650.8586,15557851.3024,13684729.1089,,,127.447
000002,万科A,全国地产,深圳,19910129,000002.SZ,20151103,13.56,13.7,13.54,13.66,13.56,0.1,0.74,297604.21,406129.0334,0.3062,0.3703,0.93,9.5861,9.3507,1.6973,1.0311,0.9269,2.9908,3.6597,1104961.03,971926.7833,803650.8586,15093767.6698,13276519.8599,,,127.447
000002,万科A,全国地产,深圳,19910129,000002.SZ,20151102,13.61,13.67,13.54,13.56,13.67,-0.11,-0.8,328989.35,447194.3793,0.3385,0.4094,0.8,9.5159,9.2823,1.6849,1.0235,0.9201,3.0128,3.6867,1104961.03,971926.7833,803650.8586,14983271.5668,13179327.1815,,,127.447
000002,万科A,全国地产,深圳,19910129,000002.SZ,20151030,13.7,13.75,13.6,13.67,13.62,0.05,0.37,298317.92,407329.918,0.3069,0.3712,0.62,9.5931,9.3576,1.6986,1.0318,0.9276,2.9886,3.6571,1104961.03,971926.7833,803650.8586,15104817.2801,13286239.1277,,,127.447
000002,万科A,全国地产,深圳,19910129,000002.SZ,20151029,13.66,13.73,13.54,13.62,13.66,-0.04,-0.29,278917.76,380269.9227,0.287,0.3471,0.54,9.558,9.3234,1.6924,1.0281,0.9242,2.9996,3.6705,1104961.03,971926.7833,803650.8586,15049569.2286,13237642.7885,,,127.447
000002,万科A,全国地产,深圳,19910129,000002.SZ,20151028,13.68,13.83,13.66,13.66,13.69,-0.03,-0.22,344164.9,472561.6454,0.3541,0.469,0.61,9.5861,9.3507,1.6973,1.0311,0.9269,2.9908,3.6597,1104961.03,971926.7833,733789.5668,15093767.6698,13276519.8599,,,127.447
000002,万科A,全国地产,深圳,19910129,000002.SZ,20151027,13.55,13.72,13.32,13.69,13.67,0.02,0.15,344633.02,468109.4106,0.3546,0.4697,0.6,9.6072,9.5846,1.7331,1.0333,0.9716,2.9842,3.6517,1104961.03,971926.7833,733789.5668,15126916.5007,13305677.6634,,,127.447
000002,万科A,全国地产,深圳,19910129,000002.SZ,20151026,13.88,13.97,13.58,13.67,13.74,-0.07,-0.51,780360.45,1073356.6725,0.8029,1.0635,1.46,9.5931,9.5706,1.7305,1.0318,0.9702,2.9886,3.6571,1104961.03,971926.7833,733789.5668,15104817.2801,13286239.1277,,,127.447
000002,万科A,全国地产,深圳,19910129,000002.SZ,20151023,13.36,13.8,13.31,13.74,13.35,0.39,2.92,675645.69,919824.0515,0.6952,0.9208,1.35,9.6423,9.6196,1.7394,1.0371,0.9751,2.9734,3.6384,1104961.03,971926.7833,733789.5668,15182164.5522,13354274.0025,,,127.447
000002,万科A,全国地产,深圳,19910129,000002.SZ,20151022,13.23,13.4,13.17,13.35,13.23,0.12,0.91,452334.18,602537.139,0.4654,0.6592,0.91,9.3686,9.3466,1.69,1.0077,0.9475,3.0602,3.7447,1104961.03,971926.7833,686144.0256,14751229.7505,12975222.5571,,,127.447
000002,万科A,全国地产,深圳,19910129,000002.SZ,20151021,13.55,13.61,13.2,13.23,13.55,-0.32,-2.36,558005.09,750692.8148,0.5741,0.8132,1.13,9.2844,9.2626,1.6748,0.9986,0.9389,3.088,3.7787,1104961.03,971926.7833,686144.0256,14618634.4269,12858591.3431,,,127.447
000002,万科A,全国地产,深圳,19910129,000002.SZ,20151020,13.43,13.65,13.42,13.55,13.53,0.02,0.15,407246.37,550221.1469,0.419,0.5935,0.77,9.5089,9.4866,1.7153,1.0228,0.9617,3.0151,3.6894,1104961.03,971926.7833,686144.0256,14972221.9565,13169607.9137,,,127.447
000002,万科A,全国地产,深圳,19910129,000002.SZ,20151019,13.7,13.7,13.4,13.53,13.65,-0.12,-0.88,574487.92,775820.7409,0.5911,0.8373,1.01,9.4949,9.4726,1.7128,1.0213,0.9602,3.0195,3.6949,1104961.03,971926.7833,686144.0256,14950122.7359,13150169.378,,,127.447
000002,万科A,全国地产,深圳,19910129,000002.SZ,20151016,13.53,13.75,13.52,13.65,13.52,0.13,0.96,506452.91,690108.1386,0.5211,0.7381,0.85,9.5791,9.5566,1.728,1.0303,0.9687,2.993,3.6624,1104961.03,971926.7833,686144.0256,15082718.0595,13266800.592,,,127.447
000002,万科A,全国地产,深圳,19910129,000002.SZ,20151015,13.3,13.56,13.28,13.52,13.28,0.24,1.81,438053.9,588366.358,0.4507,0.6384,0.65,9.4879,9.4656,1.7115,1.0205,0.9595,3.0218,3.6976,1104961.03,971926.7833,686144.0256,14939073.1256,13140450.1102,,,127.447
000002,万科A,全国地产,深圳,19910129,000002.SZ,20151014,13.32,13.47,13.25,13.28,13.47,-0.19,-1.41,544904.67,726780.3858,0.5606,0.7942,0.83,9.3194,9.2976,1.6812,1.0024,0.9425,3.0764,3.7645,1104961.03,971926.7833,686144.0256,14673882.4784,12907187.6822,,,127.447
000002,万科A,全国地产,深圳,19910129,000002.SZ,20151013,13.41,13.56,13.35,13.47,13.48,-0.01,-0.07,568893.46,766321.053,0.5853,0.8291,0.85,9.4528,9.4306,1.7052,1.0167,0.956,3.033,3.7114,1104961.03,971926.7833,686144.0256,14883825.0741,13091853.7711,,,127.447
000002,万科A,全国地产,深圳,19910129,000002.SZ,20151012,13.23,13.64,13.21,13.48,13.23,0.25,1.89,784171.53,1053773.0595,0.8068,1.1429,1.33,9.4598,9.4376,1.7065,1.0175,0.9567,3.0307,3.7086,1104961.03,971926.7833,686144.0256,14894874.6844,13101573.0389,,,127.447
000002,万科A,全国地产,深圳,19910129,000002.SZ,20151009,13.13,13.28,13.07,13.23,13.07,0.16,1.22,634505.0,835874.0548,0.6528,0.9247,1.15,9.2844,9.2626,1.6748,0.9986,0.9389,3.088,3.7787,1104961.03,971926.7833,686144.0256,14618634.4269,12858591.3431,,,127.447
000002,万科A,全国地产,深圳,19910129,000002.SZ,20151008,13.25,13.32,13.03,13.07,12.73,0.34,2.67,820862.35,1079570.3506,0.8446,1.1963,1.72,9.1721,9.1505,1.6546,0.9865,0.9276,3.1258,3.8249,1104961.03,971926.7833,686144.0256,14441840.6621,12703083.0577,,,127.447
000002,万科A,全国地产,深圳,19910129,000002.SZ,20150930,12.67,12.81,12.57,12.73,12.6,0.13,1.03,489518.62,619877.2056,0.5037,0.7135,1.1,8.9329,8.912,1.6115,0.9608,0.9034,3.2095,3.9274,1104893.33,971859.0833,686076.3256,14065292.0909,12371766.1304,,,127.447
000002,万科A,全国地产,深圳,19910129,000002.SZ,20150929,12.75,12.79,12.52,12.6,12.85,-0.25,-1.95,597878.53,757134.5861,0.6152,0.8714,1.44,8.8417,8.8209,1.5951,0.951,0.8942,3.2427,3.968,1104893.33,971859.0833,686076.3256,13921655.958,12245424.4496,,,127.447
000002,万科A,全国地产,深圳,19910129,000002.SZ,20150928,12.88,12.99,12.78,12.85,12.9,-0.05,-0.39,412656.86,530321.0883,0.4246,0.6015,0.97,9.0171,8.996,1.6267,0.9699,0.9119,3.1796,3.8908,1104893.33,971859.0833,686076.3256,14197879.2905,12488389.2204,,,127.447
000002,万科A,全国地产,深圳,19910129,000002.SZ,20150925,13.02,13.09,12.85,12.9,13.09,-0.19,-1.45,442280.17,573792.7728,0.4551,0.6447,1.09,9.0522,9.031,1.633,0.9737,0.9155,3.1672,3.8757,1104893.33,971859.0833,686076.3256,14253123.957,12536982.1746,,,127.447
000002,万科A,全国地产,深圳,19910129,000002.SZ,20150924,13.2,13.21,13.05,13.09,13.15,-0.06,-0.46,443596.99,581284.1616,0.4564,0.6466,1.01,9.1855,9.164,1.6571,0.988,0.9289,3.1213,3.8194,1104893.33,971859.0833,686076.3256,14463053.6897,12721635.4004,,,127.447
000002,万科A,全国地产,深圳,19910129,000002.SZ,20150923,13.15,13.26,13.1,13.15,13.26,-0.11,-0.83,320597.31,422422.5267,0.3299,0.4673,0.62,9.2276,9.206,1.6647,0.9925,0.9332,3.107,3.802,1104893.33,971859.0833,686076.3256,14529347.2895,12779946.9454,,,127.447
000002,万科A,全国地产,深圳,19910129,000002.SZ,20150922,13.23,13.35,13.18,13.26,13.18,0.08,0.61,451240.48,598058.332,0.4643,0.6577,0.86,9.3048,9.283,1.6786,1.0008,0.941,3.0813,3.7705,1104893.33,971859.0833,686076.3256,14650885.5558,12886851.4446,,,127.447
000002,万科A,全国地产,深圳,19910129,000002.SZ,20150921,13.06,13.2,13.06,13.18,13.12,0.06,0.46,471720.75,620313.0318,0.4854,0.6876,0.87,9.2486,9.2269,1.6685,0.9948,0.9353,3.1,3.7933,1104880.18,971845.9333,686063.1756,14562320.7724,12808929.4009,,,127.447
000002,万科A,全国地产,深圳,19910129,000002.SZ,20150918,13.12,13.19,13.04,13.12,13.1,0.02,0.15,344571.48,452012.0297,0.3546,0.5022,0.64,9.2065,9.1849,1.6609,0.9902,0.9311,3.1141,3.8107,1104880.18,971845.9333,686063.1756,14496027.9616,12750618.6449,,,127.447
000002,万科A,全国地产,深圳,19910129,000002.SZ,20150917,13.35,13.39,13.1,13.1,13.43,-0.33,-2.46,612529.61,812205.515,0.6303,0.8928,1.23,9.1925,9.1709,1.6584,0.9887,0.9296,3.1189,3.8165,1104880.18,971845.9333,686063.1756,14473930.358,12731181.7262,,,127.447
000002,万科A,全国地产,深圳,19910129,000002.SZ,20150916,13.09,13.65,12.91,13.43,13.02,0.41,3.15,707855.53,938469.0637,0.7286,1.0323,1.36,9.424,9.4019,1.7001,1.0136,0.9531,3.0423,3.7227,1104880.18,971480.9729,685698.2152,14838540.8174,13046989.466,,,127.447
000002,万科A,全国地产,深圳,19910129,000002.SZ,20150915,13.19,13.29,12.9,13.02,13.19,-0.17,-1.29,476738.75,623857.2493,0.4907,0.6953,0.86,9.1363,9.1149,1.6482,0.9827,0.924,3.1381,3.84,1104880.18,971480.9729,685698.2152,14385539.9436,12648682.2672,,,127.447
000002,万科A,全国地产,深圳,19910129,000002.SZ,20150914,13.47,13.54,13.17,13.19,13.47,-0.28,-2.08,568116.97,755029.6335,0.5848,0.8285,0.79,9.2556,9.2339,1.6698,0.9955,0.936,3.0976,3.7905,1104880.18,971480.9729,685698.2152,14573369.5742,12813834.0326,,,127.447
000002,万科A,全国地产,深圳,19910129,000002.SZ,20150911,13.59,13.67,13.4,13.47,13.54,-0.07,-0.52,313452.74,424400.2224,0.3227,0.4571,0.28,9.4521,9.4299,1.7052,1.0167,0.9559,3.0332,3.7117,1104880.18,971480.9729,685698.2152,14882736.0246,13085848.705,,,127.447
000002,万科A,全国地产,深圳,19910129,000002.SZ,20150910,13.63,13.79,13.51,13.54,13.76,-0.22,-1.6,417768.19,569659.4241,0.43,0.6093,0.29,9.5012,9.4789,1.7141,1.0219,0.9609,3.0175,3.6925,1104880.18,971480.9729,685698.2152,14960077.6372,13153852.3731,,,127.447
000002,万科A,全国地产,深圳,19910129,000002.SZ,20150909,13.71,14.04,13.59,13.76,13.68,0.08,0.58,834576.92,1150245.2644,0.8591,1.2171,0.54,9.6556,9.6329,1.7419,1.0386,0.9765,2.9693,3.6334,1104880.18,971480.9729,685698.2152,15203151.2768,13367578.1871,,,127.447
000002,万科A,全国地产,深圳,19910129,000002.SZ,20150908,13.54,13.68,13.3,13.68,13.6,0.08,0.59,651811.13,880009.9257,0.6709,0.9506,0.39,9.5994,9.5769,1.7318,1.0325,0.9708,2.9867,3.6547,1104880.18,971480.9729,685698.2152,15114760.8624,13289859.7093,,,127.447
000002,万科A,全国地产,深圳,19910129,000002.SZ,20150907,13.99,14.5,13.5,13.6,14.22,-0.62,-4.36,1400581.09,1951782.7214,1.4417,2.0426,0.82,9.5433,9.5209,1.7217,1.0265,0.9651,3.0042,3.6762,1104880.18,971480.9729,685698.2152,15026370.448,13212141.2314,,,127.447
000002,万科A,全国地产,深圳,19910129,000002.SZ,20150902,13.77,14.33,13.47,14.22,14.23,-0.01,-0.07,2294696.23,3218100.5328,2.3621,3.3465,1.33,9.9784,9.955,1.8001,1.0733,1.0091,2.8732,3.5159,1104880.18,971480.9729,685698.2152,15711396.1596,13814459.4346,,,127.447
000002,万科A,全国地产,深圳,19910129,000002.SZ,20150901,13.7,14.26,13.26,14.23,13.8,0.43,3.12,1950730.23,2707269.0617,2.008,2.8449,1.03,9.9854,9.962,1.8014,1.074,1.0098,2.8712,3.5134,1104880.18,971480.9729,685698.2152,15722444.9614,13824174.2444,,,127.447
000002,万科A,全国地产,深圳,19910129,000002.SZ,20150831,13.41,13.8,13.2,13.8,13.58,0.22,1.62,1434213.72,1932161.6699,1.4763,2.0916,0.63,9.6836,9.6609,1.747,1.0416,0.9793,2.9607,3.6229,1104880.18,971480.9729,685698.2152,15247346.484,13406437.426,,,127.447
000002,万科A,全国地产,深圳,19910129,000002.SZ,20150828,13.31,13.68,13.04,13.58,13.18,0.4,3.03,1374186.69,1828208.0362,1.4145,2.0041,0.6,9.5293,9.5069,1.7191,1.025,0.9637,3.0087,3.6816,1104880.18,971480.9729,685698.2152,15004272.8444,13192711.612,,,127.447
000002,万科A,全国地产,深圳,19910129,000002.SZ,20150827,13.64,13.68,12.6,13.18,13.25,-0.07,-0.53,1533563.27,1996706.3768,1.5786,1.9005,0.71,9.2486,9.2269,1.6685,0.9948,0.9353,3.1,3.7933,1104880.18,971480.9729,806931.5009,14562320.7724,12804119.2228,,,127.447
000002,万科A,全国地产,深圳,19910129,000002.SZ,20150826,13.3,13.82,13.05,13.25,13.0,0.25,1.92,2346846.5,3142741.315,2.4157,3.1656,1.25,9.2977,9.2759,1.6774,1.0001,0.9403,3.0836,3.7733,1104880.18,971480.9729,741364.1345,14639662.385,12872122.8909,,,127.447
000002,万科A,全国地产,深圳,19910129,000002.SZ,20150825,12.8,13.42,12.54,13.0,13.19,-0.19,-1.44,2750628.01,3615036.352,2.8314,3.7102,1.69,9.1223,9.1009,1.6457,0.9812,0.9225,3.1429,3.8459,1104880.18,971480.9729,741364.1345,14363442.34,12629252.6477,,,127.447
000002,万科A,全国地产,深圳,19910129,000002.SZ,20150824,13.65,13.68,12.88,13.19,13.91,-0.72,-5.18,3419757.24,4519423.9858,3.5201,4.6128,2.86,9.2556,9.2339,1.6698,0.9955,0.936,3.0976,3.7905,1104880.18,971480.9729,741364.1345,14573369.5742,12813834.0326,,,127.447
000002,万科A,全国地产,深圳,19910129,000002.SZ,20150821,14.19,14.38,13.85,13.91,14.28,-0.37,-2.59,1379281.7,1938895.3592,1.4198,1.8605,1.13,9.7608,9.7379,1.7609,1.0499,0.9871,2.9373,3.5943,1104880.18,971480.9729,741364.1345,15368883.3038,13513300.333,,,127.447
000002,万科A,全国地产,深圳,19910129,000002.SZ,20150820,14.35,14.45,14.22,14.28,14.5,-0.22,-1.52,842493.86,1208966.057,0.8672,1.1364,0.66,10.0205,9.997,1.8077,1.0778,1.0134,2.8612,3.5011,1104880.18,971480.9729,741364.1345,15777688.9704,13872748.293,,,127.447
000002,万科A,全国地产,深圳,19910129,000002.SZ,20150819,14.09,14.54,14.03,14.5,14.22,0.28,1.97,999341.49,1430580.8133,1.0287,1.348,0.73,10.1748,10.151,1.8356,1.0944,1.029,2.8178,3.448,1104880.18,971480.9729,741364.1345,16020762.61,14086474.1071,,,127.447
000002,万科A,全国地产,深圳,19910129,000002.SZ,20150818,14.74,14.89,14.1,14.22,14.76,-0.54,-3.66,1478446.54,2153134.8093,1.5218,1.9942,0.93,9.9784,9.955,1.8001,1.0733,1.0091,2.8732,3.5159,1104880.18,971480.9729,741364.1345,15711396.1596,13814459.4346,,,127.447
000002,万科A,全国地产,深圳,19910129,000002.SZ,20150817,14.78,14.82,14.57,14.76,14.95,-0.19,-1.27,1273262.71,1869624.458,1.3106,1.7175,0.76,10.3573,10.333,1.8685,1.114,1.0474,2.7681,3.3873,1104880.18,971480.9729,741364.1345,16308031.4568,14339059.16,,,127.447
000002,万科A,全国地产,深圳,19910129,000002.SZ,20150814,14.86,15.29,14.81,14.95,14.88,0.07,0.47,1494006.95,2241605.9225,1.5379,2.0152,0.97,10.4906,11.1111,1.9811,1.1284,1.133,2.7329,3.3442,1104880.18,971480.9729,741364.1345,16517958.691,14523640.5449,,,127.447
000002,万科A,全国地产,深圳,19910129,000002.SZ,20150813,14.9,15.06,14.55,14.88,14.93,-0.05,-0.33,1163208.56,1722429.9438,1.1974,1.569,0.82,10.4415,11.0591,1.9718,1.1231,1.1277,2.7458,3.36,1104880.18,971480.9729,741364.1345,16440617.0784,14455636.8768,,,127.447
000002,万科A,全国地产,深圳,19910129,000002.SZ,20150812,15.2,15.36,14.83,14.93,15.57,-0.64,-4.11,1445252.35,2177932.9054,1.4877,1.9495,1.13,10.4766,11.0962,1.9784,1.1269,1.1315,2.7366,3.3487,1104880.18,971480.9729,741364.1345,16495861.0874,14504210.9254,,,127.447
000002,万科A,全国地产,深圳,19910129,000002.SZ,20150811,14.95,15.93,14.84,15.57,15.07,0.5,3.32,2567401.81,3972851.8857,2.6428,3.4631,2.77,10.9257,11.5719,2.0632,1.1752,1.18,2.6241,3.2111,1104880.18,971480.9729,741364.1345,17202984.4026,15125958.7481,,,127.447
000002,万科A,全国地产,深圳,19910129,000002.SZ,20150810,14.69,15.18,14.53,15.07,14.6,0.47,3.22,1686307.47,2502184.704,1.7358,2.2746,1.88,10.5748,11.2003,1.997,1.1374,1.1421,2.7112,3.3176,1104880.18,971480.9729,741364.1345,16650544.3126,14640218.2616,,,127.447
000002,万科A,全国地产,深圳,19910129,000002.SZ,20150807,14.47,14.71,14.38,14.6,14.34,0.26,1.81,866518.91,1264587.9017,0.892,1.1688,0.89,10.245,10.851,1.9347,1.102,1.1065,2.7985,3.4244,1104880.18,971480.9729,741364.1345,16131250.628,14183622.2043,,,127.447
000002,万科A,全国地产,深圳,19910129,000002.SZ,20150806,14.26,14.63,14.14,14.34,14.45,-0.11,-0.76,509536.91,733682.8304,0.5245,0.6873,0.46,10.0626,10.6577,1.9003,1.0823,1.0868,2.8492,3.4865,1104880.18,971480.9729,741364.1345,15843981.7812,13931037.1514,,,127.447
000002,万科A,全国地产,深圳,19910129,000002.SZ,20150805,14.73,14.75,14.4,14.45,14.79,-0.34,-2.3,761177.03,1106443.2481,0.7835,1.0268,0.59,10.1398,10.7395,1.9148,1.0906,1.0951,2.8275,3.4599,1104880.18,971480.9729,741289.7645,15965518.601,14037900.0584,,,127.447
000002,万科A,全国地产,深圳,19910129,000002.SZ,20150804,14.61,14.98,14.53,14.79,14.61,0.18,1.23,808632.09,1187891.1589,0.8324,1.0908,0.48,10.3776,10.9914,1.9599,1.1162,1.1208,2.7627,3.3806,1104805.81,971406.6029,741289.7645,16340077.9299,14367103.6569,,,127.447
000002,万科A,全国地产,深圳,19910129,000002.SZ,20150803,14.1,14.62,13.96,14.61,14.18,0.43,3.03,1539136.6,2204306.5972,1.5844,2.0763,0.76,10.2513,10.8577,1.936,1.1026,1.1072,2.7967,3.4223,1104805.81,971406.6029,741289.7645,16141212.8841,14192250.4684,,,127.447
000002,万科A,全国地产,深圳,19910129,000002.SZ,20150731,13.95,14.24,13.89,14.18,14.08,0.1,0.71,1227839.5,1729786.3041,1.264,1.6564,0.45,9.9496,10.5381,1.8791,1.0702,1.0746,2.8815,3.5261,1104805.81,971406.6029,741289.7645,15666146.3858,13774545.6291,,,127.447
000002,万科A,全国地产,深圳,19910129,000002.SZ,20150730,14.58,14.65,14.08,14.08,14.6,-0.52,-3.56,1243463.75,1791243.812,1.2801,1.6774,0.4,9.8795,10.4638,1.8658,1.0626,1.067,2.902,3.5511,1104805.81,971406.6029,741289.7645,15555665.8048,13677404.9688,,,127.447
000002,万科A,全国地产,深圳,19910129,000002.SZ,20150729,14.6,14.75,14.35,14.6,14.62,-0.02,-0.14,1641064.99,2380501.1647,1.6894,2.2138,0.5,10.2443,10.8502,1.9347,1.1019,1.1064,2.7986,3.4246,1104805.81,971406.6029,741289.7645,16130164.826,14182536.4023,,,127.447
000002,万科A,全国地产,深圳,19910129,000002.SZ,20150728,13.9,14.8,13.76,14.62,14.2,0.42,2.96,2836192.53,4072799.0367,2.9197,3.826,0.92,10.2584,10.8651,1.9374,1.1034,1.1079,2.7948,3.4199,1104805.81,971406.6029,741289.7645,16152260.9422,14201964.5344,,,127.447
000002,万科A,全国地产,深圳,19910129,000002.SZ,20150727,15.41,15.96,13.95,14.2,15.41,-1.21,-7.85,3127221.1,4729532.5245,3.2193,4.2186,1.02,9.9637,10.553,1.8817,1.0717,1.0761,2.8775,3.5211,1104805.81,971406.6029,741289.7645,15688242.502,13793973.7612,,,127.447
000002,万科A,全国地产,深圳,19910129,000002.SZ,20150724,15.17,16.0,15.1,15.41,15.16,0.25,1.65,4654227.14,7251860.2511,4.7912,6.1926,1.76,10.8127,11.4522,2.042,1.163,1.1678,2.6515,3.2446,1104805.81,971406.6029,751584.3383,17025057.5321,14969375.7507,,,127.447
000002,万科A,全国地产,深圳,19910129,000002.SZ,20150723,14.54,15.23,14.46,15.16,14.7,0.46,3.13,3373487.59,5050036.0501,3.4728,4.4885,1.46,10.6373,11.2664,2.0089,1.1441,1.1489,2.6953,3.2981,1104805.81,971406.6029,751584.3383,16748856.0796,14726524.1,,,127.447
000002,万科A,全国地产,深圳,19910129,000002.SZ,20150722,14.51,14.75,14.1,14.7,14.51,0.19,1.31,2342343.93,3368836.8177,2.4113,3.1165,0.98,10.3145,10.9245,1.948,1.1094,1.114,2.7796,3.4013,1104805.81,971406.6029,751584.3383,16240645.407,14279677.0626,,,127.447
000002,万科A,全国地产,深圳,19910129,000002.SZ,20150721,14.77,14.77,14.5,14.51,14.85,-0.34,-2.29,1957817.88,2867111.5503,2.0154,2.6049,0.77,10.1812,10.7833,1.9228,1.0951,1.0996,2.816,3.4459,1104805.81,971406.6029,751584.3383,16030732.3031,14095109.8081,,,127.447
000002,万科A,全国地产,深圳,19910129,000002.SZ,20150720,14.97,15.38,14.8,15.35,15.07,0.28,1.86,2961502.38,4477266.0249,3.0487,3.9403,1.02,10.7706,11.4076,1.9077,1.1585,1.1633,2.6619,,1104805.81,971406.6029,751584.3383,16958769.1835,14911091.3545,,,127.447
000002,万科A,全国地产,深圳,19910129,000002.SZ,20150717,14.77,15.21,14.62,15.07,14.7,0.37,2.52,2552673.15,3797814.6685,2.6278,3.3964,0.61,10.5741,11.1995,1.8729,1.1373,1.1421,2.7114,,1104805.81,971406.6029,751584.3383,16649423.5567,14639097.5057,,,127.447
000002,万科A,全国地产,深圳,19910129,000002.SZ,20150716,14.71,14.88,14.43,14.7,14.71,-0.01,-0.07,1777245.98,2610989.5755,1.8296,2.3647,0.35,10.3145,10.9245,1.8269,1.1094,1.114,2.7796,,1104805.81,971406.6029,751584.3383,16240645.407,14279677.0626,,,127.447
000002,万科A,全国地产,深圳,19910129,000002.SZ,20150715,14.44,15.11,14.26,14.71,14.55,0.16,1.1,2683554.64,3950255.7056,2.7625,3.5705,0.45,10.3215,10.932,1.8282,1.1102,1.1148,2.7777,,1104805.81,971406.6029,751584.3383,16251693.4651,14289391.1287,,,127.447
000002,万科A,全国地产,深圳,19910129,000002.SZ,20150714,14.68,14.93,14.41,14.55,15.1,-0.55,-3.64,2779623.47,4080586.9243,2.8614,3.6984,0.44,10.2092,10.8131,1.8083,1.0981,1.1026,2.8083,,1104805.81,971406.6029,751584.3383,16074924.5355,14133966.0722,,,127.447
000002,万科A,全国地产,深圳,19910129,000002.SZ,20150713,14.6,15.49,14.26,15.1,14.97,0.13,0.87,4687954.96,6994645.4529,4.8259,6.2374,0.71,10.5952,11.2218,1.8766,1.1396,1.1443,2.706,,1104805.81,971406.6029,751584.3383,16682567.731,14668239.7038,,,127.447
000002,万科A,全国地产,深圳,19910129,000002.SZ,20150710,14.2,15.82,14.0,14.97,14.55,0.42,2.89,9107701.67,13818804.6203,9.3758,11.2879,1.67,10.5039,11.1252,1.8605,1.1298,1.1345,2.7295,,1104805.81,971406.6029,806857.1309,16538942.9757,14541956.8454,,,127.447
000002,万科A,全国地产,深圳,19910129,000002.SZ,20150709,13.26,14.59,12.81,14.55,13.26,1.29,9.73,6070451.4,8507280.5894,6.2491,7.5236,1.24,10.2092,10.8131,1.8083,1.0981,1.1026,2.8083,,1104805.81,971406.6029,806857.1309,16074924.5355,14133966.0722,,,127.447
000002,万科A,全国地产,深圳,19910129,000002.SZ,20150708,13.36,14.09,13.09,13.26,14.54,-1.28,-8.8,7170862.08,9505576.5285,7.3819,8.8874,1.77,9.3041,9.8544,1.6479,1.0007,1.0049,3.0815,,1104805.81,971406.6029,806857.1309,14649725.0406,12880851.5545,,,127.447
000002,万科A,全国地产,深圳,19910129,000002.SZ,20150707,14.5,15.05,14.16,14.54,14.88,-0.34,-2.28,4650930.34,6771616.053,4.7878,5.7643,1.18,10.2022,10.8056,1.807,1.0973,1.1019,2.8102,,1104805.81,971406.6029,806857.1309,16063876.4774,14124252.0062,,,127.447
000002,万科A,全国地产,深圳,19910129,000002.SZ,20150706,14.93,15.07,13.9,14.88,13.7,1.18,8.61,6165474.08,8948479.182,6.347,7.6413,1.74,10.4408,11.0583,1.8493,1.123,1.1277,2.746,,1104805.81,971406.6029,806857.1309,16439510.4528,14454530.2512,,,127.447
000002,万科A,全国地产,深圳,19910129,000002.SZ,20150703,13.93,14.25,13.2,13.7,14.21,-0.51,-3.59,3154673.26,4345388.4538,3.2475,3.91,0.9,9.6128,10.1814,1.7026,1.034,1.0382,2.9825,,1104805.81,971406.6029,806811.5809,15135839.597,13308270.4597,,,127.447
000002,万科A,全国地产,深圳,19910129,000002.SZ,20150702,14.31,14.43,13.14,14.21,14.25,-0.04,-0.28,3349160.85,4662117.7881,3.4479,4.1511,1.0,9.9699,10.5596,1.766,1.0724,1.0768,2.8761,,1104724.26,971361.0529,806811.5809,15698131.7346,13803040.5617,,,127.447
000002,万科A,全国地产,深圳,19910129,000002.SZ,20150701,14.25,14.72,14.15,14.25,14.52,-0.27,-1.86,2892502.99,4193856.4808,2.9778,3.5851,0.9,9.998,10.5893,1.771,1.0754,1.0798,2.868,,1104724.26,971361.0529,806811.5809,15742320.705,13841895.0038,,,127.447
000002,万科A,全国地产,深圳,19910129,000002.SZ,20150630,13.92,14.62,13.6,14.52,13.69,0.83,6.06,4092262.36,5798870.7038,4.2129,5.0721,1.39,10.1874,10.79,1.8045,1.0958,1.1003,2.8147,,1104724.26,971361.0529,806811.5809,16040596.2552,14104162.4881,,,127.447
000002,万科A,全国地产,深圳,19910129,000002.SZ,20150629,13.85,14.3,12.88,13.69,13.43,0.26,1.94,4207973.6,5808029.0266,4.332,5.2156,1.65,9.6051,10.1732,1.7014,1.0331,1.0374,2.9853,,1104724.26,971361.0529,806811.5809,15123675.1194,13297932.8142,,,127.447
000002,万科A,全国地产,深圳,19910129,000002.SZ,20150626,13.96,14.25,12.8,13.43,14.2,-0.77,-5.42,3070641.41,4166709.642,3.1612,3.8059,1.25,9.4227,9.98,1.6691,1.0135,1.0177,3.0431,,1104724.26,971361.0529,806811.5809,14836446.8118,13045378.9404,,,127.447
000002,万科A,全国地产,深圳,19910129,000002.SZ,20150625,14.4,14.76,14.16,14.2,14.38,-0.18,-1.25,2544738.43,3689837.1707,2.6198,3.1541,1.07,9.9629,10.5522,1.7648,1.0716,1.076,2.8781,,1104724.26,971361.0529,806811.5809,15687084.492,13793326.9512,,,127.447
000002,万科A,全国地产,深圳,19910129,000002.SZ,20150624,14.28,14.41,14.07,14.38,14.27,0.11,0.77,2161884.59,3084495.9495,2.2256,2.6795,0.87,10.0892,10.6859,1.7871,1.0852,1.0897,2.8421,,1104724.26,971361.0529,806811.5809,15885934.8588,13968171.9407,,,127.447
000002,万科A,全国地产,深圳,19910129,000002.SZ,20150623,13.6,14.3,13.51,14.27,13.55,0.72,5.31,2776475.12,3861090.6337,2.8583,3.4413,1.12,10.012,10.6042,1.7735,1.0769,1.0813,2.864,,1104724.26,971361.0529,806811.5809,15764415.1902,13861322.2249,,,127.447
000002,万科A,全国地产,深圳,19910129,000002.SZ,20150619,14.0,14.21,13.5,13.55,14.18,-0.63,-4.44,2185683.84,3036824.6589,2.2501,2.709,0.86,9.5069,10.0692,1.684,1.0226,1.0268,3.0161,,1104724.26,971361.0529,806811.5809,14969013.723,13161942.2668,,,127.447
000002,万科A,全国地产,深圳,19910129,000002.SZ,20150618,14.64,14.82,14.15,14.18,14.58,-0.4,-2.74,2625411.35,3811569.2669,2.7028,3.2541,1.06,9.9489,10.5373,1.7623,1.0701,1.0745,2.8821,,1104724.26,971361.0529,806811.5809,15664990.0068,13773899.7301,,,127.447
000002,万科A,全国地产,深圳,19910129,000002.SZ,20150617,14.42,14.6,14.1,14.58,14.38,0.2,1.39,2186123.78,3142743.9884,2.2506,2.7096,0.84,10.2295,10.8346,1.812,1.1003,1.1048,2.8031,,1104724.26,971361.0529,806811.5809,16106879.7108,14162444.1513,,,127.447
000002,万科A,全国地产,深圳,19910129,000002.SZ,20150616,14.92,14.93,14.26,14.38,14.95,-0.57,-3.81,2668429.14,3899464.6244,2.7471,3.3074,0.91,10.0892,10.6859,1.7871,1.0852,1.0897,2.8421,,1104724.26,971361.0529,806811.5809,15885934.8588,13968171.9407,,,127.447
000002,万科A,全国地产,深圳,19910129,000002.SZ,20150615,15.48,15.5,14.91,14.95,15.48,-0.53,-3.42,2741810.57,4150648.4998,2.8226,3.3983,0.77,10.4891,11.1095,1.858,1.1282,1.1329,2.7337,,1104724.26,971361.0529,806811.5809,16515627.687,14521847.7409,,,127.447
000002,万科A,全国地产,深圳,19910129,000002.SZ,20150612,15.35,15.66,15.3,15.48,15.32,0.16,1.04,2467936.68,3820543.4206,2.5407,3.0589,0.59,10.861,11.5034,1.9239,1.1682,1.173,2.6401,,1104724.26,971361.0529,806811.5809,17101131.5448,15036669.0989,,,127.447
000002,万科A,全国地产,深圳,19910129,000002.SZ,20150611,15.4,15.52,15.15,15.32,15.52,-0.2,-1.29,2317570.26,3547349.9047,2.3859,2.8725,0.52,10.7487,11.3845,1.904,1.1561,1.1609,2.6677,,1104724.26,971361.0529,806811.5809,16924375.6632,14881251.3304,,,127.447
000002,万科A,全国地产,深圳,19910129,000002.SZ,20150610,15.43,15.75,15.35,15.52,15.66,-0.14,-0.89,2829564.05,4409969.6322,2.913,3.5071,0.63,10.8891,11.5331,1.9288,1.1712,1.1761,2.6333,,1104724.26,971361.0529,806811.5809,17145320.5152,15075523.541,,,127.447
000002,万科A,全国地产,深圳,19910129,000002.SZ,20150609,16.16,16.25,15.49,15.66,16.08,-0.42,-2.61,4257386.67,6743274.9585,4.3829,5.2768,1.02,10.9873,11.6371,1.9462,1.1818,1.1867,2.6098,,1104724.26,971361.0529,806811.5809,17299981.9116,15211514.0884,,,127.447
000002,万科A,全国地产,深圳,19910129,000002.SZ,20150608,15.6,16.22,15.47,16.08,15.57,0.51,3.28,5849615.57,9285127.8729,6.0221,7.2503,1.61,11.282,11.9492,1.9984,1.2135,1.2185,2.5416,,1104724.26,971361.0529,806811.5809,17763966.1008,15619485.7306,,,127.447
000002,万科A,全国地产,深圳,19910129,000002.SZ,20150605,15.15,15.75,15.01,15.57,14.99,0.58,3.87,5641505.79,8655397.3797,5.8078,6.9923,1.83,10.9241,11.5702,1.935,1.175,1.1799,2.6248,,1104724.26,971361.0529,806811.5809,17200556.7282,15124091.5937,,,127.447
000002,万科A,全国地产,深圳,19910129,000002.SZ,20150604,15.07,15.35,14.13,14.99,15.05,-0.06,-0.4,3752068.2,5585001.882,3.8634,4.6516,1.16,10.5157,11.1376,1.863,1.1311,1.1357,2.7264,,1104564.7571,971170.59,806621.118,16557425.7089,14557847.1441,,,127.447
000002,万科A,全国地产,深圳,19910129,000002.SZ,20150603,14.83,15.18,14.55,15.05,14.8,0.25,1.69,3013718.13,4465194.9804,3.1032,3.7362,0.87,10.5578,11.1822,1.8704,1.1356,1.1403,2.7155,,1104564.7571,971170.59,806621.118,16623699.5944,14616117.3795,,,127.447
000002,万科A,全国地产,深圳,19910129,000002.SZ,20150602,15.0,15.01,14.55,14.8,14.88,-0.08,-0.54,2678691.31,3954750.2011,2.7582,3.3209,0.63,10.3824,10.9965,1.8393,1.1167,1.1213,2.7614,,1104564.7571,971170.59,806621.118,16347558.4051,14373324.732,,,127.447
000002,万科A,全国地产,深圳,19910129,000002.SZ,20150601,14.38,14.94,14.25,14.88,14.35,0.53,3.69,3100399.74,4532477.5749,3.1924,3.8437,0.69,10.4385,11.0559,1.8493,1.1228,1.1274,2.7466,,1104564.7571,971170.59,806621.118,16435923.5856,14451018.3792,,,127.447
000002,万科A,全国地产,深圳,19910129,000002.SZ,20150529,14.35,14.55,13.98,14.35,14.35,0.0,0.0,2845316.61,4071572.244,2.9298,3.5275,0.61,10.0667,10.6621,1.7834,1.0828,1.0873,2.848,,1104564.7571,971170.59,806621.118,15850504.2644,13936297.9665,,,127.447
000002,万科A,全国地产,深圳,19910129,000002.SZ,20150528,15.51,15.64,14.01,14.35,15.4,-1.05,-6.82,4503202.31,6732346.8085,4.6369,5.5828,1.05,10.0667,10.6621,1.7834,1.0828,1.0873,2.848,,1104564.7571,971170.59,806621.118,15850504.2644,13936297.9665,,,127.447
000002,万科A,全国地产,深圳,19910129,000002.SZ,20150527,15.65,15.85,15.37,15.4,15.77,-0.37,-2.35,4124448.62,6427563.9594,4.2469,5.1132,1.01,10.8033,11.4423,1.9139,1.162,1.1668,2.6538,,1104564.7571,971170.59,806621.118,17010297.2593,14956027.086,,,127.447
000002,万科A,全国地产,深圳,19910129,000002.SZ,20150526,15.27,15.87,14.86,15.77,15.02,0.75,4.99,6561485.78,10057211.999,6.7563,8.1345,1.99,11.0629,11.7172,1.9599,1.1899,1.1948,2.5916,,1104564.7571,971170.59,806621.118,17418986.2195,15315360.2043,,,127.447
000002,万科A,全国地产,深圳,19910129,000002.SZ,20150525,14.53,15.13,14.53,15.02,14.49,0.53,3.66,4465669.98,6625081.0573,4.5982,5.5363,1.56,10.5367,11.1599,1.8667,1.1333,1.138,2.721,,1104564.7571,971170.59,806621.118,16590562.6516,14586982.2618,,,127.447
000002,万科A,全国地产,深圳,19910129,000002.SZ,20150522,14.21,14.58,14.15,14.49,14.15,0.34,2.4,3801245.17,5470598.2562,3.9141,4.7126,1.36,10.1649,10.7661,1.8008,1.0933,1.0979,2.8205,,1104564.7571,971170.59,806621.118,16005143.3304,14072261.8491,,,127.447
000002,万科A,全国地产,深圳,19910129,000002.SZ,20150521,14.08,14.3,13.91,14.15,14.05,0.1,0.71,2540510.24,3572892.5931,2.6159,3.1496,0.66,9.9264,10.5135,1.7586,1.0677,1.0721,2.8883,,1104564.7571,971170.59,806621.118,15629591.313,13742063.8485,,,127.447
000002,万科A,全国地产,深圳,19910129,000002.SZ,20150520,14.18,14.38,13.98,14.05,14.16,-0.11,-0.78,3055941.0,4322772.3374,3.1467,3.7886,0.7,9.8563,10.4392,1.7461,1.0601,1.0645,2.9088,,1104564.7571,971170.59,806621.118,15519134.8373,13644946.7895,,,127.447
000002,万科A,全国地产,深圳,19910129,000002.SZ,20150519,13.88,14.26,13.8,14.16,13.84,0.32,2.31,2581797.81,3640508.0872,2.6584,3.2008,0.59,9.9334,10.5209,1.7598,1.0684,1.0729,2.8862,,1104564.7571,971170.59,806621.118,15640636.9605,13751775.5544,,,127.447
000002,万科A,全国地产,深圳,19910129,000002.SZ,20150518,13.99,13.99,13.7,13.84,14.16,-0.32,-2.26,2365271.11,3275761.8577,2.4355,2.9323,0.51,9.7089,10.2832,1.72,1.0443,1.0486,2.9529,,1104564.7571,971170.59,806621.118,15287176.2383,13441000.9656,,,127.447
000002,万科A,全国地产,深圳,19910129,000002.SZ,20150515,14.71,14.78,13.99,14.16,14.59,-0.43,-2.95,3391408.15,4843094.8292,3.4921,4.2045,0.78,9.9334,10.5209,1.7598,1.0684,1.0729,2.8862,,1104564.7571,971170.59,806621.118,15640636.9605,13751775.5544,,,127.447
000002,万科A,全国地产,深圳,19910129,000002.SZ,20150514,14.9,15.6,14.53,14.59,14.7,-0.11,-0.75,7786253.42,11720036.7951,8.0174,9.6529,2.47,10.2351,10.8404,1.8132,1.1009,1.1054,2.8012,,1104564.7571,971170.59,806621.118,16115599.8061,14169378.9081,,,127.447
000002,万科A,全国地产,深圳,19910129,000002.SZ,20150513,13.93,14.92,13.73,14.7,13.92,0.78,5.6,5805461.14,8257166.2804,5.9778,7.1973,2.33,10.3122,10.9222,1.8269,1.1092,1.1138,2.7802,,1104564.7571,971170.59,806621.118,16237101.9294,14276207.673,,,127.447
000002,万科A,全国地产,深圳,19910129,000002.SZ,20150512,14.04,14.04,13.83,13.92,14.07,-0.15,-1.07,2547328.0,3543629.4496,2.6229,3.158,0.97,9.7651,10.3426,1.73,1.0503,1.0547,2.936,,1104564.7571,971170.59,806621.118,15375541.4188,13518694.6128,,,127.447
000002,万科A,全国地产,深圳,19910129,000002.SZ,20150511,14.0,14.1,13.81,14.07,13.8,0.27,1.96,3653074.74,5107136.0847,3.7615,4.5289,1.45,9.8703,10.4541,1.7486,1.0616,1.066,2.9047,,1104564.7571,971170.59,806621.118,15541226.1324,13664370.2013,,,127.447
000002,万科A,全国地产,深圳,19910129,000002.SZ,20150508,13.7,13.81,13.47,13.8,13.61,0.19,1.4,1978575.05,2706847.3572,2.0373,2.4529,0.62,9.6809,10.2535,1.7151,1.0413,1.0456,2.9615,,1104564.7571,971170.59,806621.118,15242993.648,13402154.142,,,127.447
000002,万科A,全国地产,深圳,19910129,000002.SZ,20150507,13.54,13.78,13.48,13.61,13.56,0.05,0.37,1754222.81,2387227.4793,1.8063,2.1748,0.51,9.5476,10.1123,1.6914,1.0269,1.0312,3.0029,3.0029,1104564.7571,971170.59,806621.118,15033126.3441,13217631.7299,,,127.447
000002,万科A,全国地产,深圳,19910129,000002.SZ,20150506,13.83,14.05,13.41,13.56,13.77,-0.21,-1.53,2521719.03,3476236.2439,2.5966,3.1263,0.68,9.5125,10.0751,1.6852,1.0232,1.0274,3.0139,3.0139,1104564.7571,971170.59,806621.118,14977898.1063,13169073.2004,,,127.447
000002,万科A,全国地产,深圳,19910129,000002.SZ,20150505,14.61,14.63,13.62,13.77,14.55,-0.78,-5.36,3285524.31,4628568.7971,3.3831,4.0732,0.85,9.6598,10.2312,1.7113,1.039,1.0433,2.968,2.968,1104564.7571,971170.59,806621.118,15209856.7053,13373019.0243,,,127.447
000002,万科A,全国地产,深圳,19910129,000002.SZ,20150504,14.62,14.79,14.4,14.55,14.6,-0.05,-0.34,3091768.05,4513107.9704,3.1835,3.833,0.78,10.207,10.8107,1.8083,1.0979,1.1024,2.8089,2.8089,1104564.7571,971170.59,806621.118,16071417.2158,14130532.0845,,,127.447
000002,万科A,全国地产,深圳,19910129,000002.SZ,20150430,14.33,14.93,14.21,14.6,14.24,0.36,2.53,5411486.26,7892159.6799,5.5721,6.7088,1.41,10.2421,10.8479,1.8145,1.1016,1.1062,2.7992,2.7992,1104564.7571,971170.59,806621.118,16126645.4537,14179090.614,,,127.447
000002,万科A,全国地产,深圳,19910129,000002.SZ,20150429,14.07,14.43,13.93,14.24,14.19,0.05,0.35,2773328.99,3925805.2551,2.8557,3.4382,0.66,9.9896,10.5804,1.7697,1.0745,1.0789,2.87,2.87,1104564.7571,971170.59,806621.118,15729002.1411,13829469.2016,,,127.447
000002,万科A,全国地产,深圳,19910129,000002.SZ,20150428,14.65,14.66,14.11,14.19,14.7,-0.51,-3.47,3866039.04,5550367.9155,3.9808,4.7929,0.93,9.9545,10.5432,1.7635,1.0707,1.0751,2.8801,2.8801,1104564.7571,971170.59,806621.118,15673773.9032,13780910.6721,,,127.447
000002,万科A,全国地产,深圳,19910129,000002.SZ,20150427,14.41,14.7,14.3,14.7,14.42,0.28,1.94,4225620.29,6143012.5844,4.3511,5.2387,0.94,10.3122,10.9222,1.8269,1.1092,1.1138,2.7802,2.7802,1104564.7571,971170.59,806621.118,16237101.9294,14276207.673,,,127.447
000002,万科A,全国地产,深圳,19910129,000002.SZ,20150424,14.48,14.7,14.15,14.42,14.76,-0.34,-2.3,3620661.89,5206488.3035,3.7281,4.4887,0.73,10.1158,10.1158,1.8053,1.0881,1.0881,2.8343,2.8343,1104564.7571,971170.59,806621.118,15927823.7974,14004279.9078,,,127.447
000002,万科A,全国地产,深圳,19910129,000002.SZ,20150423,15.15,15.25,14.65,14.76,14.88,-0.12,-0.81,4717331.24,7047246.1693,4.8574,5.8483,1.01,10.3543,10.3543,1.8478,1.1137,1.1137,2.769,2.769,1104564.7571,971170.59,806621.118,16303375.8148,14334477.9084,,,127.447
000002,万科A,全国地产,深圳,19910129,000002.SZ,20150422,14.5,14.92,14.41,14.88,14.48,0.4,2.76,4468763.01,6569892.9923,4.6014,5.5401,1.03,10.4385,10.4385,1.8628,1.1228,1.1228,2.7467,2.7467,1104564.7571,971170.59,806621.118,16435923.5856,14451018.3792,,,127.447
000002,万科A,全国地产,深圳,19910129,000002.SZ,20150421,14.16,14.55,14.02,14.48,14.21,0.27,1.9,3743243.13,5334591.2033,3.8544,4.6406,0.88,10.1579,10.1579,1.8128,1.0926,1.0926,2.8226,2.8226,1104564.7571,971170.59,806621.118,15994097.6828,14062550.1432,15.63,12.79,127.447
000002,万科A,全国地产,深圳,19910129,000002.SZ,20150420,14.78,15.1,14.19,14.21,14.67,-0.46,-3.14,5933164.79,8718400.379,6.1093,7.3556,1.53,9.9685,9.9685,1.779,1.0722,1.0722,2.8762,2.8762,1104564.7571,971170.59,806621.118,15695865.1984,13800334.0839,,,127.447
000002,万科A,全国地产,深圳,19910129,000002.SZ,20150417,14.52,14.92,14.31,14.67,14.3,0.37,2.59,5846092.75,8532838.4518,6.0196,7.2476,1.65,10.2912,10.2912,1.8366,1.1069,1.1069,2.786,2.786,1104564.7571,971170.59,806621.118,16203964.9867,14247072.5553,,,127.447
000002,万科A,全国地产,深圳,19910129,000002.SZ,20150416,13.84,14.3,13.77,14.3,13.9,0.4,2.88,3346233.3,4722539.6898,3.4456,4.1485,0.78,10.0316,10.0316,1.7902,1.079,1.079,2.8581,2.8581,1104564.7571,971170.59,806621.118,15795276.0265,13887739.437,,,127.447
000002,万科A,全国地产,深圳,19910129,000002.SZ,20150415,14.1,14.18,13.81,13.9,14.12,-0.22,-1.56,2784022.59,3903055.5746,2.8667,3.4515,0.6,9.751,9.751,1.7402,1.0488,1.0488,2.9403,2.9403,1104564.7571,971170.59,806621.118,15353450.1237,13499271.201,,,127.447
000002,万科A,全国地产,深圳,19910129,000002.SZ,20150414,14.33,14.46,14.0,14.12,14.37,-0.25,-1.74,3276759.89,4665719.5705,3.374,4.0623,0.69,9.9054,9.9054,1.7677,1.0654,1.0654,2.8945,2.8945,1104564.7571,971170.59,806621.118,15596454.3703,13712928.7308,15.04,12.3,127.447
000002,万科A,全国地产,深圳,19910129,000002.SZ,20150413,14.42,14.62,14.22,14.37,14.32,0.05,0.35,4074305.46,5872259.6219,4.1953,5.0511,0.88,10.0807,10.0807,1.799,1.0843,1.0843,2.8442,2.8442,1104564.7571,971170.59,806621.118,15872595.5595,13955721.3783,,,127.447
000002,万科A,全国地产,深圳,19910129,000002.SZ,20150410,14.28,14.47,14.07,14.32,14.64,-0.32,-2.19,4248942.1,6067355.188,4.3751,5.2676,0.96,10.0457,10.0457,1.7927,1.0805,1.0805,2.8541,2.8541,1104564.7571,971170.59,806621.118,15817367.3217,13907162.8488,,,127.447
000002,万科A,全国地产,深圳,19910129,000002.SZ,20150409,13.83,14.82,13.51,14.64,13.82,0.82,5.93,7171546.62,10099959.939,7.3844,8.8908,1.91,10.2702,10.2702,1.8328,1.1047,1.1047,2.7917,2.7917,1104564.7571,971170.59,806621.118,16170828.0439,14217937.4376,,,127.447
000002,万科A,全国地产,深圳,19910129,000002.SZ,20150408,13.72,13.92,13.41,13.82,13.72,0.1,0.73,4489815.16,6141003.0579,4.6231,5.5662,1.03,9.6949,9.6949,1.7301,1.0428,1.0428,2.9574,2.9574,1104564.7571,971170.59,806621.118,15265084.9431,13421577.5538,,,127.447
000002,万科A,全国地产,深圳,19910129,000002.SZ,20150407,13.48,13.73,13.37,13.72,13.45,0.27,2.01,3753195.04,5085149.5072,3.8646,4.653,0.77,9.6248,9.6248,1.7176,1.0352,1.0352,2.9789,2.9789,1104564.7571,971170.59,806621.118,15154628.4674,13324460.4948,,,127.447
000002,万科A,全国地产,深圳,19910129,000002.SZ,20150403,13.41,13.48,13.19,13.45,13.59,-0.14,-1.03,3565631.88,4752984.9182,3.6715,4.4205,0.74,9.4354,9.4354,1.6838,1.0149,1.0149,3.0387,3.0387,1104564.7571,971170.59,806621.118,14856395.983,13062244.4355,,,127.447
000002,万科A,全国地产,深圳,19910129,000002.SZ,20150402,13.76,13.92,13.43,13.59,13.72,-0.13,-0.95,3199246.38,4366632.7626,3.2942,3.9662,0.69,9.5336,9.5336,1.7013,1.0254,1.0254,3.0074,3.0074,1104564.7571,971170.59,806621.118,15011035.049,13198208.3181,,,127.447
000002,万科A,全国地产,深圳,19910129,000002.SZ,20150401,13.73,13.86,13.47,13.72,13.82,-0.1,-0.72,3758034.67,5137432.5275,3.8696,4.659,0.88,9.6248,9.6248,1.7176,1.0352,1.0352,2.9789,2.9789,1104564.7571,971170.59,806621.118,15154628.4674,13324460.4948,,,127.447
000002,万科A,全国地产,深圳,19910129,000002.SZ,20150331,14.85,14.97,13.65,13.82,14.24,-0.42,-2.95,7481473.7,10756474.8354,7.7036,9.2751,2.25,9.6949,9.6949,1.7301,1.0428,1.0428,2.9574,2.9574,1104564.7571,971170.59,806621.118,15265084.9431,13421577.5538,,,127.447
000002,万科A,全国地产,深圳,19910129,000002.SZ,20150330,13.4,14.48,13.18,14.24,13.35,0.89,6.67,6361647.86,8775743.8574,6.5505,7.8868,2.34,10.4038,10.2027,1.9967,1.1615,1.1639,2.8701,2.8701,1104564.7571,971170.59,806621.118,15729002.1411,13829469.2016,,,127.447
000002,万科A,全国地产,深圳,19910129,000002.SZ,20150327,13.18,13.35,13.02,13.35,12.95,0.4,3.09,3441589.89,4549707.3387,3.5438,4.2667,1.26,9.7535,9.5651,1.8719,1.0889,1.0911,3.0615,3.0615,1104564.7571,971170.59,806621.118,14745939.5073,12965127.3765,,,127.447
000002,万科A,全国地产,深圳,19910129,000002.SZ,20150326,12.69,13.05,12.57,12.95,12.78,0.17,1.33,2090007.74,2680422.9827,2.1521,2.5911,0.76,9.4613,9.2785,1.8158,1.0563,1.0584,3.156,3.156,1104564.7571,971170.59,806621.118,14304113.6044,12576659.1405,,,127.447
000002,万科A,全国地产,深圳,19910129,000002.SZ,20150325,13.04,13.04,12.69,12.78,13.05,-0.27,-2.07,2073761.23,2661617.3317,2.1353,2.5709,0.72,9.3371,9.1567,1.7919,1.0424,1.0445,3.198,3.198,1104564.7571,971170.59,806621.118,14116337.5957,12411560.1402,,,127.447
000002,万科A,全国地产,深圳,19910129,000002.SZ,20150324,13.37,13.38,12.86,13.05,13.36,-0.31,-2.32,2656169.43,3473050.2347,2.735,3.293,0.95,9.5344,9.3501,1.8298,1.0644,1.0666,3.1319,3.1319,1104564.7571,971170.59,806621.118,14414570.0802,12673776.1995,,,127.447
000002,万科A,全国地产,深圳,19910129,000002.SZ,20150323,13.3,13.65,13.26,13.36,13.14,0.22,1.67,3313611.97,4458518.4789,3.412,4.108,1.34,9.7608,9.5722,1.8733,1.0897,1.092,3.0592,3.0592,1104564.7571,971170.59,806621.118,14756985.1549,12974839.0824,,,127.447
000002,万科A,全国地产,深圳,19910129,000002.SZ,20150320,12.95,13.35,12.78,13.14,12.87,0.27,2.1,3494016.17,4561069.4816,3.5977,4.3317,1.71,9.6001,9.4146,1.8424,1.0718,1.074,3.1104,3.1104,1104564.7571,971170.59,806621.118,14513980.9083,12761181.5526,,,127.447
000002,万科A,全国地产,深圳,19910129,000002.SZ,20150319,13.08,13.08,12.76,12.87,13.14,-0.27,-2.05,2129788.91,2747447.1235,2.193,2.6404,1.07,9.4029,9.2211,1.8046,1.0498,1.0519,3.1757,3.1757,1104564.7571,971170.59,806621.118,14215748.4239,12498965.4933,,,127.447
000002,万科A,全国地产,深圳,19910129,000002.SZ,20150318,12.65,13.2,12.65,13.14,12.63,0.51,4.04,2895467.76,3741534.0093,2.9814,3.5896,1.77,9.6001,9.4146,1.8424,1.0718,1.074,3.1104,3.1104,1104564.7571,971170.59,806621.118,14513980.9083,12761181.5526,13.86,11.34,127.447
000002,万科A,全国地产,深圳,19910129,000002.SZ,20150317,12.59,12.74,12.51,12.63,12.49,0.14,1.12,2128349.13,2687890.5425,2.1915,2.6386,1.49,9.2275,9.0492,1.7709,1.0302,1.0323,3.236,3.236,1104564.7571,971170.59,806621.118,13950652.8822,12265884.5517,,,127.447
000002,万科A,全国地产,深圳,19910129,000002.SZ,20150316,12.36,12.53,12.26,12.49,12.23,0.26,2.13,1753781.83,2175852.2204,1.8058,2.1742,1.18,9.1252,8.9489,1.7513,1.0188,1.0208,3.2723,3.2723,1104564.7571,971170.59,806621.118,13796013.8162,12129920.6691,,,127.447
000002,万科A,全国地产,深圳,19910129,000002.SZ,20150313,12.27,12.4,12.16,12.23,12.22,0.01,0.08,1334069.73,1637333.046,1.3737,1.6539,0.93,8.9353,8.7626,1.7148,0.9976,0.9996,3.3418,3.3418,1104564.7571,971170.59,806621.118,13508826.9793,11877416.3157,,,127.447
000002,万科A,全国地产,深圳,19910129,000002.SZ,20150312,12.06,12.29,11.96,12.22,11.93,0.29,2.43,1818728.52,2208554.3862,1.8727,2.2547,1.27,8.928,8.7554,1.7134,0.9967,0.9988,3.3446,3.3446,1104564.7571,971170.59,806621.118,13497781.3318,11867704.6098,,,127.447
000002,万科A,全国地产,深圳,19910129,000002.SZ,20150311,12.02,12.2,11.87,11.93,12.02,-0.09,-0.75,1153733.66,1388717.7423,1.188,1.4303,0.75,8.7161,8.5477,1.6728,0.9731,0.9751,3.4259,3.4259,1104564.7571,971170.59,806621.118,13177457.5522,11586065.1387,,,127.447
000002,万科A,全国地产,深圳,19910129,000002.SZ,20150310,12.09,12.16,11.97,12.02,12.22,-0.2,-1.64,1077109.86,1297837.4703,1.1091,1.3353,0.6,8.7818,8.6121,1.6854,0.9804,0.9824,3.4002,3.4002,1104564.7571,971170.59,806621.118,13276868.3803,11673470.4918,,,127.447
000002,万科A,全国地产,深圳,19910129,000002.SZ,20150309,11.8,12.36,11.53,12.22,11.94,0.28,2.35,2044228.96,2433768.3573,2.1049,2.5343,1.01,8.928,8.7554,1.7134,0.9967,0.9988,3.3446,3.3446,1104564.7571,971170.59,806621.118,13497781.3318,11867704.6098,,,127.447
000002,万科A,全国地产,深圳,19910129,000002.SZ,20150306,11.9,12.13,11.88,11.94,11.9,0.04,0.34,1105036.84,1324128.2765,1.1378,1.37,0.54,8.7234,8.5548,1.6742,0.9739,0.9759,3.423,3.423,1104564.7571,971170.59,806621.118,13188503.1998,11595776.8446,,,127.447
000002,万科A,全国地产,深圳,19910129,000002.SZ,20150305,12.09,12.16,11.81,11.9,12.22,-0.32,-2.62,1793786.93,2147302.3774,1.847,2.2238,0.88,8.6942,8.5262,1.6686,0.9706,0.9726,3.4345,3.4345,1104564.7571,971170.59,806621.118,13144320.6095,11556930.021,,,127.447
000002,万科A,全国地产,深圳,19910129,000002.SZ,20150304,12.2,12.38,12.04,12.22,12.2,0.02,0.16,1647137.63,2005295.6792,1.696,2.042,0.82,8.928,8.7554,1.7134,0.9967,0.9988,3.3446,3.3446,1104564.7571,971170.59,806621.118,13497781.3318,11867704.6098,,,127.447
000002,万科A,全国地产,深圳,19910129,000002.SZ,20150303,12.62,12.63,12.16,12.2,12.77,-0.57,-4.46,2365535.41,2928813.4176,2.4358,2.9326,1.33,8.9133,8.7411,1.7106,0.9951,0.9971,3.3501,3.3501,1104564.7571,971170.59,806621.118,13475690.0366,11848281.198,,,127.447
000002,万科A,全国地产,深圳,19910129,000002.SZ,20150302,13.02,13.1,12.63,12.77,12.75,0.02,0.16,3225633.94,4151867.6069,3.3228,4.001,2.31,9.3261,9.1459,1.7906,1.0412,1.0433,3.202,3.202,1104125.8069,970759.5998,806210.1278,14099686.5541,12396600.0894,,,127.447
000002,万科A,全国地产,深圳,19910129,000002.SZ,20150227,12.77,12.97,12.69,12.75,12.85,-0.1,-0.78,1246318.61,1594683.0382,1.2839,1.5459,0.81,9.3115,9.1315,1.7878,1.0396,1.0417,3.207,3.207,1104125.8069,970759.5998,806210.1278,14077604.038,12377184.8975,,,127.447
000002,万科A,全国地产,深圳,19910129,000002.SZ,20150226,12.4,12.85,12.35,12.85,12.4,0.45,3.63,1733762.73,2189347.8708,1.786,2.1505,1.26,9.3845,9.2032,1.8019,1.0477,1.0499,3.182,3.182,1104125.8069,970759.5998,806210.1278,14188016.6187,12474260.8574,,,127.447
000002,万科A,全国地产,深圳,19910129,000002.SZ,20150225,12.77,12.77,12.33,12.4,12.77,-0.37,-2.9,1498051.83,1867537.0604,1.5432,1.8581,1.2,9.0559,8.8809,1.7388,1.011,1.0131,3.2975,3.2975,1104125.8069,970759.5998,806210.1278,13691160.0056,12037419.0375,,,127.447
000002,万科A,全国地产,深圳,19910129,000002.SZ,20150217,12.71,12.83,12.62,12.77,12.64,0.13,1.03,1198783.1,1525915.1226,1.2349,1.4869,0.98,9.3261,9.1459,1.7906,1.0412,1.0433,3.202,3.202,1104125.8069,970759.5998,806210.1278,14099686.5541,12396600.0894,,,127.447
000002,万科A,全国地产,深圳,19910129,000002.SZ,20150216,12.66,12.76,12.53,12.64,12.76,-0.12,-0.94,1308144.81,1650830.6477,1.3475,1.6226,1.07,9.2311,9.0528,1.7724,1.0306,1.0327,3.2349,3.2349,1104125.8069,970759.5998,806210.1278,13956150.1992,12270401.3415,,,127.447
000002,万科A,全国地产,深圳,19910129,000002.SZ,20150213,12.54,13.01,12.33,12.76,12.47,0.29,2.33,1968043.27,2503342.4118,2.0273,2.4411,1.35,9.3188,9.1387,1.7892,1.0404,1.0425,3.2045,3.2045,1104125.8069,970759.5998,806210.1278,14088645.296,12386892.4934,,,127.447
000002,万科A,全国地产,深圳,19910129,000002.SZ,20150212,12.41,12.55,12.2,12.47,12.41,0.06,0.48,895267.28,1109421.1185,0.9222,1.1105,0.47,9.107,8.931,1.7486,1.0167,1.0188,3.279,3.279,1104125.8069,970759.5998,806210.1278,13768448.812,12105372.2095,,,127.447
000002,万科A,全国地产,深圳,19910129,000002.SZ,20150211,12.5,12.64,12.34,12.41,12.42,-0.01,-0.08,878329.23,1095982.2724,0.9048,1.0895,0.42,9.0632,8.888,1.7402,1.0118,1.0139,3.2949,3.2949,1104125.8069,970759.5998,806210.1278,13702201.2636,12047126.6335,14.94,12.22,127.447
000002,万科A,全国地产,深圳,19910129,000002.SZ,20150210,12.11,12.47,12.05,12.42,12.18,0.24,1.97,1077456.46,1331390.4801,1.1099,1.3364,0.44,9.0705,8.8952,1.7416,1.0127,1.0147,3.2922,3.2922,1104125.8069,970759.5998,806210.1278,13713242.5217,12056834.2295,,,127.447
000002,万科A,全国地产,深圳,19910129,000002.SZ,20150209,12.03,12.33,11.74,12.18,12.16,0.02,0.16,1278024.05,1545255.5457,1.3165,1.5852,0.5,8.8952,8.7233,1.7079,0.9931,0.9951,3.3571,3.3571,1104125.8069,970759.5998,806210.1278,13448252.328,11823851.9256,14.58,11.93,127.447
000002,万科A,全国地产,深圳,19910129,000002.SZ,20150206,12.62,12.62,11.98,12.16,12.7,-0.54,-4.25,3163186.43,3875290.9383,3.2585,3.9235,1.34,8.8806,8.709,1.7051,0.9915,0.9935,3.3626,3.3626,1104125.8069,970759.5998,806210.1278,13426169.8119,11804436.7336,,,127.447
000002,万科A,全国地产,深圳,19910129,000002.SZ,20150205,13.39,13.53,12.68,12.7,12.8,-0.1,-0.78,3160360.59,4154456.4916,3.2558,3.9374,1.56,9.2744,9.0952,1.7808,1.0354,1.0375,3.2196,3.2196,1104061.0569,970697.8498,802641.837,14021575.4226,12327862.6925,,,127.447
000002,万科A,全国地产,深圳,19910129,000002.SZ,20150204,12.9,13.16,12.77,12.8,12.96,-0.16,-1.23,1660872.04,2153610.3234,1.711,2.0693,0.83,9.3474,9.1668,1.7949,1.0436,1.0457,3.2024,3.2024,1104061.0569,970697.8498,802641.837,14131981.5283,12424932.4774,,,127.447
000002,万科A,全国地产,深圳,19910129,000002.SZ,20150203,12.91,13.13,12.3,12.96,12.88,0.08,0.62,2936871.63,3721989.1363,3.0255,3.659,1.48,9.4643,9.2814,1.8173,1.0566,1.0588,3.1629,3.1629,1104061.0569,970697.8498,802641.837,14308631.2974,12580244.1334,,,127.447
000002,万科A,全国地产,深圳,19910129,000002.SZ,20150202,12.79,13.39,12.48,12.88,13.12,-0.24,-1.83,1976760.82,2560710.6371,2.0364,2.4628,0.98,9.4059,9.2241,1.8061,1.0501,1.0522,3.1825,3.1825,1104061.0569,970697.8498,802641.837,14220306.4129,12502588.3054,,,127.447
000002,万科A,全国地产,深圳,19910129,000002.SZ,20150130,13.09,13.49,12.8,13.12,13.01,0.11,0.85,2096247.06,2753102.0122,2.1595,2.6117,0.93,9.5811,9.396,1.8397,1.0697,1.0718,3.1243,3.1243,1104061.0569,970697.8498,802641.837,14485281.0665,12735555.7894,15.64,12.8,127.447
000002,万科A,全国地产,深圳,19910129,000002.SZ,20150129,12.7,13.17,12.62,13.01,13.0,0.01,0.08,1468303.14,1903301.5535,1.5126,1.8293,0.56,9.5008,9.3172,1.8243,1.0607,1.0629,3.1507,3.1507,1104061.0569,970697.8498,802641.837,14363834.3503,12628779.0259,,,127.447
000002,万科A,全国地产,深圳,19910129,000002.SZ,20150128,13.11,13.27,12.88,13.0,13.18,-0.18,-1.37,1561743.24,2035823.3859,1.6089,1.9458,0.52,9.4935,9.31,1.8229,1.0599,1.062,3.1532,3.1532,1104061.0569,970697.8498,802641.837,14352793.7397,12619072.0474,,,127.447
000002,万科A,全国地产,深圳,19910129,000002.SZ,20150127,13.67,13.72,12.86,13.18,13.7,-0.52,-3.8,2804018.4,3704808.9991,2.8887,3.4935,0.92,9.6249,9.439,1.8481,1.0746,1.0767,3.1101,3.1101,1104061.0569,970697.8498,802641.837,14551524.7299,12793797.6604,,,127.447
000002,万科A,全国地产,深圳,19910129,000002.SZ,20150126,13.99,14.0,13.44,13.7,13.92,-0.22,-1.58,2162685.29,2957275.79,2.228,2.6945,0.65,10.0047,9.8114,1.9211,1.117,1.1192,2.9921,2.9921,1104061.0569,970697.8498,802641.837,15125636.4795,13298560.5423,,,127.447
000002,万科A,全国地产,深圳,19910129,000002.SZ,20150123,13.57,14.09,13.3,13.92,13.58,0.34,2.5,3310408.58,4561752.4991,3.4103,4.1244,1.07,10.1653,9.9689,1.9519,1.1349,1.1372,2.9448,2.9448,1104061.0569,970697.8498,802641.837,15368529.912,13512114.0692,,,127.447
000002,万科A,全国地产,深圳,19910129,000002.SZ,20150122,13.02,13.65,12.92,13.58,13.05,0.53,4.06,3224727.24,4326297.783,3.3221,4.0176,1.1,9.9171,9.7254,1.9042,1.1072,1.1094,3.0185,3.0185,1104061.0569,970697.8498,802641.837,14993149.1527,13182076.8003,,,127.447
000002,万科A,全国地产,深圳,19910129,000002.SZ,20150121,12.33,13.2,12.1,13.05,12.35,0.7,5.67,3555294.15,4554004.0529,3.6759,4.4295,1.4,9.5079,9.3242,1.8305,1.0615,1.0637,3.1411,3.1411,1101502.7119,967191.309,802641.837,14374610.3903,12621846.5825,,,127.447
000002,万科A,全国地产,深圳,19910129,000002.SZ,20150120,12.2,12.6,12.06,12.35,12.17,0.18,1.48,2914688.79,3604938.3083,3.0136,3.6314,1.27,8.9979,8.824,1.7323,1.0046,1.0066,3.3191,3.3191,1101502.7119,967191.309,802641.837,13603558.492,11944812.6662,,,127.447
000002,万科A,全国地产,深圳,19910129,000002.SZ,20150119,12.5,12.9,12.17,12.17,13.52,-1.35,-9.99,3603625.65,4483884.6483,3.7259,4.4897,1.75,8.8668,8.6954,1.707,0.9899,0.9919,3.3682,3.3682,1101502.7119,967191.309,802641.837,13405288.0038,11770718.2305,,,127.447
000002,万科A,全国地产,深圳,19910129,000002.SZ,20150116,13.77,13.77,13.39,13.52,13.77,-0.25,-1.82,2129475.97,2892247.3124,2.2017,2.6531,0.93,9.8504,9.66,1.8964,1.0997,1.102,3.0319,3.0319,1101502.7119,967191.309,802641.837,14892316.6649,13076426.4977,,,127.447
000002,万科A,全国地产,深圳,19910129,000002.SZ,20150115,13.13,13.83,13.0,13.77,13.1,0.67,5.11,2429686.64,3265535.9003,2.5121,3.0271,1.04,10.0325,9.8386,1.9315,1.1201,1.1223,2.9768,2.9768,1101502.7119,967191.309,802641.837,15167692.3429,13318224.3249,,,127.447
000002,万科A,全国地产,深圳,19910129,000002.SZ,20150114,13.07,13.3,12.87,13.1,13.07,0.03,0.23,1646818.02,2160267.868,1.7027,2.0517,0.65,9.5444,9.3599,1.8375,1.0656,1.0677,3.1291,3.1291,1101502.7119,967191.309,802641.837,14429685.5259,12670206.1479,,,127.447
000002,万科A,全国地产,深圳,19910129,000002.SZ,20150113,13.05,13.38,12.97,13.07,13.12,-0.05,-0.38,1664610.33,2187988.118,1.7211,2.0739,0.58,9.5225,9.3385,1.8333,1.0631,1.0653,3.1363,3.1363,1101502.7119,967191.309,802641.837,14396640.4445,12641190.4086,,,127.447
000002,万科A,全国地产,深圳,19910129,000002.SZ,20150112,13.32,13.32,12.75,13.12,13.45,-0.33,-2.45,2436341.36,3180962.9812,2.519,3.0354,0.66,9.5589,9.3742,1.8403,1.0672,1.0694,3.1243,3.1243,1101502.7119,967191.309,802641.837,14451715.5801,12689549.9741,,,127.447
000002,万科A,全国地产,深圳,19910129,000002.SZ,20150109,13.54,14.22,13.29,13.45,13.59,-0.14,-1.03,3294584.3,4521978.4332,3.4063,4.1047,0.82,9.7994,9.61,1.8866,1.094,1.0963,3.0477,3.0477,1101502.7119,967191.309,802641.837,14815211.4751,13008723.1061,,,127.447
000002,万科A,全国地产,深圳,19910129,000002.SZ,20150108,14.32,14.37,13.46,13.59,14.23,-0.64,-4.5,2639394.18,3629554.2358,2.7289,3.2884,0.62,9.9014,9.71,1.9062,1.1054,1.1077,3.0163,3.0163,1101502.7119,967191.309,802641.837,14969421.8547,13144129.8893,15.62,12.78,127.447
000002,万科A,全国地产,深圳,19910129,000002.SZ,20150107,14.26,14.5,14.0,14.23,14.36,-0.13,-0.91,2642051.33,3772150.8188,2.7317,3.2917,0.55,10.3677,10.1673,1.996,1.1575,1.1598,2.8806,2.8806,1101502.7119,967191.309,802641.837,15674383.5903,13763132.3271,,,127.447
000002,万科A,全国地产,深圳,19910129,000002.SZ,20150106,14.6,14.99,14.05,14.36,14.91,-0.55,-3.69,3346346.83,4839615.9825,3.4599,4.1692,0.72,10.4624,10.2602,2.0142,1.168,1.1704,2.8545,2.8545,1101502.7119,967191.309,802641.837,15817578.9429,13888867.1972,,,127.447
000002,万科A,全国地产,深圳,19910129,000002.SZ,20150105,14.39,15.29,14.22,14.91,13.9,1.01,7.27,6560835.7,9700711.8396,6.7834,8.1741,1.78,10.8631,10.6532,2.0914,1.2128,1.2153,2.7492,2.7492,1101502.7119,967191.309,802641.837,16423405.4344,14420822.4172,,,127.447
000002,万科A,全国地产,深圳,19910129,000002.SZ,20141231,12.6,13.9,12.46,13.9,12.64,1.26,9.97,4899544.59,6494929.9614,5.0657,6.1043,1.51,10.1272,9.9315,1.9497,1.1306,1.1329,1.2936,2.949,1101502.7119,967191.309,802641.837,15310887.6954,13443959.1951,,,127.447
000002,万科A,全国地产,深圳,19910129,000002.SZ,20141230,12.45,13.15,12.19,12.64,12.43,0.21,1.69,3861244.22,4894974.908,3.9922,4.8107,1.27,9.2092,9.0313,1.773,1.0281,1.0302,1.4225,3.243,1101502.7119,967191.309,802641.837,13922994.2784,12225298.1458,,,127.447
000002,万科A,全国地产,深圳,19910129,000002.SZ,20141229,12.03,12.86,11.88,12.43,11.78,0.65,5.52,5437483.34,6751927.3191,5.6219,6.7745,2.17,9.0562,8.8812,1.7435,1.0111,1.0131,1.4466,3.2978,1101502.7119,967191.309,802641.837,13691678.7089,12022187.9709,,,123.296
000002,万科A,全国地产,深圳,19910129,000002.SZ,20141226,11.23,11.81,11.18,11.78,11.22,0.56,4.99,2576462.32,2964825.1923,2.6639,3.21,1.09,8.5826,8.4168,1.6523,0.9582,0.9601,1.5264,3.4797,1101502.7119,967191.309,802641.837,12975701.9462,11393513.62,,,123.296
000002,万科A,全国地产,深圳,19910129,000002.SZ,20141225,11.08,11.28,10.94,11.22,11.03,0.19,1.72,1613411.26,1795369.9055,1.6681,2.0101,0.64,8.1746,8.0167,1.5738,0.9126,0.9145,1.6026,3.6534,1101502.7119,967191.309,802641.837,12358860.4275,10851886.487,,,123.296
000002,万科A,全国地产,深圳,19910129,000002.SZ,20141224,11.72,11.75,10.93,11.03,11.75,-0.72,-6.13,2715193.65,3056208.3289,2.8073,3.3828,1.05,8.0362,7.8809,1.5471,0.8972,0.899,1.6302,3.7163,1101502.7119,967191.309,802641.837,12149574.9123,10668120.1383,,,123.296
000002,万科A,全国地产,深圳,19910129,000002.SZ,20141223,11.7,12.2,11.35,11.75,11.72,0.03,0.26,2860118.9,3420035.4901,2.9571,3.5634,1.18,8.5608,8.3953,1.6481,0.9558,0.9577,1.5303,3.4886,1101502.7119,967191.309,802641.837,12942656.8648,11364497.8808,,,123.296
000002,万科A,全国地产,深圳,19910129,000002.SZ,20141222,11.5,12.18,11.31,11.72,11.48,0.24,2.09,2766515.32,3266151.5463,2.8604,3.4468,1.26,8.5389,8.3739,1.6439,0.9533,0.9553,1.5342,3.4975,1101502.7119,967191.309,802641.837,12909611.7835,11335482.1415,,,123.296
000002,万科A,全国地产,深圳,19910129,000002.SZ,20141219,11.62,11.63,11.18,11.48,11.62,-0.14,-1.2,1822460.98,2075060.4482,1.8843,2.2706,0.87,8.3641,8.2024,1.6103,0.9338,0.9357,1.5663,3.5707,1101502.7119,967191.309,802641.837,12645251.1326,11103356.2273,,,123.296
000002,万科A,全国地产,深圳,19910129,000002.SZ,20141218,12.01,12.28,11.55,11.62,11.93,-0.31,-2.6,2416893.11,2874781.7527,2.4989,3.0112,1.22,8.4661,8.3025,1.6299,0.9452,0.9471,1.5474,3.5276,1101502.7119,967191.309,802641.837,12799461.5123,11238763.0106,,,123.296
000002,万科A,全国地产,深圳,19910129,000002.SZ,20141217,11.5,11.96,11.26,11.93,11.53,0.4,3.47,3055534.01,3550821.1292,3.1592,3.8068,1.6,8.6919,8.524,1.6734,0.9704,0.9724,1.5072,3.436,1101502.7119,967191.309,802641.837,13140927.353,11538592.3164,,,123.296
000002,万科A,全国地产,深圳,19910129,000002.SZ,20141216,11.22,11.53,11.08,11.53,11.3,0.23,2.04,2038079.4,2301756.6286,2.1072,2.5392,0.84,8.4005,8.2382,1.6173,0.9379,0.9398,1.5595,3.5552,1101502.7119,967191.309,802641.837,12700326.2682,11151715.7928,,,123.296
000002,万科A,全国地产,深圳,19910129,000002.SZ,20141215,11.55,11.56,11.08,11.3,11.69,-0.39,-3.34,1677883.63,1882178.2336,1.7348,2.0905,0.6,8.2329,8.0738,1.585,0.9191,0.921,1.5912,3.6275,1101502.7119,967191.309,802641.837,12446980.6445,10929261.7917,,,123.296
000002,万科A,全国地产,深圳,19910129,000002.SZ,20141212,12.03,12.15,11.5,11.69,12.03,-0.34,-2.83,1310258.84,1546874.7281,1.3547,1.6324,0.41,8.5171,8.3525,1.6397,0.9509,0.9528,1.5381,3.5065,1101502.7119,967191.309,802641.837,12876566.7021,11306466.4022,,,123.296
000002,万科A,全国地产,深圳,19910129,000002.SZ,20141211,11.8,12.45,11.68,12.03,11.95,0.08,0.67,1844100.98,2225831.1117,1.9067,2.2975,0.57,8.7648,8.5954,1.6874,0.9785,0.9805,1.4947,3.4074,1101502.7119,967191.309,802641.837,13251077.6242,11635311.4473,,,123.296
000002,万科A,全国地产,深圳,19910129,000002.SZ,20141210,11.58,12.08,11.26,11.95,11.42,0.53,4.64,2672549.05,3132378.7191,2.7632,3.3297,0.79,8.7065,8.5382,1.6762,0.972,0.974,1.5047,3.4302,1101502.7119,967191.309,802641.837,13162957.4072,11557936.1426,,,123.296
000002,万科A,全国地产,深圳,19910129,000002.SZ,20141209,12.0,13.2,11.28,11.42,12.3,-0.88,-7.15,4567689.08,5655065.7802,4.7226,5.6908,1.54,8.3203,8.1596,1.6018,0.9289,0.9308,1.5745,3.5894,1101502.7119,967191.309,802641.837,12579160.9699,11045324.7488,,,123.296
000002,万科A,全国地产,深圳,19910129,000002.SZ,20141208,11.45,12.53,11.3,12.3,11.46,0.84,7.33,3592707.97,4304524.4506,3.7146,4.4761,1.35,8.9615,8.7883,1.7253,1.0005,1.0025,1.4619,3.3326,1101502.7119,967191.309,802641.837,13548483.3564,11896453.1007,,,123.296
000002,万科A,全国地产,深圳,19910129,000002.SZ,20141205,11.73,12.1,11.1,11.46,11.69,-0.23,-1.97,3123284.25,3617616.783,3.2292,3.8913,1.16,8.3495,8.1881,1.6074,0.9322,0.9341,1.569,3.5769,1101502.7119,967191.309,802641.837,12623221.0784,11084012.4011,,,123.296
000002,万科A,全国地产,深圳,19910129,000002.SZ,20141204,11.21,11.8,11.03,11.69,11.2,0.49,4.38,2322180.28,2660987.5428,2.401,2.8932,0.87,8.5171,8.3525,1.6397,0.9509,0.9528,1.5381,3.5065,1101502.7119,967191.309,802641.837,12876566.7021,11306466.4022,,,123.296
000002,万科A,全国地产,深圳,19910129,000002.SZ,20141203,11.0,11.88,11.0,11.2,10.93,0.27,2.47,3408338.03,3901968.4798,3.524,4.2464,1.45,8.1601,8.0024,1.571,0.911,0.9129,1.6054,3.6599,1101502.7119,967191.309,802641.837,12336830.3733,10832542.6608,,,123.296
000002,万科A,全国地产,深圳,19910129,000002.SZ,20141202,10.54,11.15,10.46,10.93,10.64,0.29,2.73,2353228.63,2542842.8356,2.4331,2.9319,1.04,7.9633,7.8095,1.5331,0.8891,0.8909,1.6451,3.7503,1101502.7119,967191.309,802641.837,12039424.6411,10571401.0074,,,123.296
000002,万科A,全国地产,深圳,19910129,000002.SZ,20141201,10.9,10.99,10.61,10.64,10.9,-0.26,-2.39,2059767.74,2216246.4448,2.1296,2.5662,0.74,7.7521,7.6023,1.4924,0.8655,0.8672,1.6899,3.8526,1101502.7119,967191.309,802641.837,11719988.8546,10290915.5278,,,123.296
000002,万科A,全国地产,深圳,19910129,000002.SZ,20141128,10.2,11.0,10.11,10.9,10.27,0.63,6.13,3320329.01,3502931.8248,3.433,4.1368,1.45,7.9415,7.788,1.5289,0.8866,0.8884,1.6496,3.7607,1101502.7119,967191.309,802641.837,12006379.5597,10542385.2681,,,123.296
000002,万科A,全国地产,深圳,19910129,000002.SZ,20141127,10.14,10.45,10.03,10.27,10.1,0.17,1.68,2162682.92,2215513.8182,2.236,2.6945,1.1,7.4825,7.3379,1.4405,0.8354,0.8371,1.7508,3.9913,1101502.7119,967191.309,802641.837,11312432.8512,9933054.7434,,,123.296
000002,万科A,全国地产,深圳,19910129,000002.SZ,20141126,10.08,10.15,9.94,10.1,10.08,0.02,0.2,1890551.13,1901560.4093,1.9547,2.3554,1.09,7.3586,7.2164,1.4167,0.8215,0.8232,1.7803,4.0585,1101502.7119,967191.309,802641.837,11125177.3902,9768632.2209,,,123.296
000002,万科A,全国地产,深圳,19910129,000002.SZ,20141125,10.15,10.22,9.95,10.08,10.15,-0.07,-0.69,1867132.02,1878702.0241,1.9305,2.3262,1.24,7.3441,7.2021,1.4139,0.8199,0.8216,1.7838,4.0666,1101502.7119,967191.309,802641.837,11103147.336,9749288.3947,,,123.296
000002,万科A,全国地产,深圳,19910129,000002.SZ,20141124,9.9,10.3,9.75,10.15,9.37,0.78,8.32,4698767.08,4708755.9653,4.8582,5.8541,6.17,7.3951,7.2522,1.4237,0.8256,0.8273,1.7715,4.0385,1101502.7119,967191.309,802641.837,11180252.5258,9816991.7864,,,123.296
000002,万科A,全国地产,深圳,19910129,000002.SZ,20141121,9.23,9.38,9.18,9.37,9.24,0.13,1.41,795802.32,737516.8913,0.8228,0.9915,1.0,6.8268,6.6948,1.3143,0.7622,0.7637,1.919,4.3747,1101502.7119,967191.309,802641.837,10321080.4105,9062582.5653,,,123.296
000002,万科A,全国地产,深圳,19910129,000002.SZ,20141120,9.15,9.27,9.14,9.24,9.19,0.05,0.54,579625.49,534251.7492,0.5993,0.7221,0.66,6.7321,6.602,1.2961,0.7516,0.7531,1.946,4.4363,1101502.7119,967191.309,802641.837,10177885.058,8936847.6952,,,123.296
000002,万科A,全国地产,深圳,19910129,000002.SZ,20141119,9.25,9.32,9.15,9.19,9.29,-0.1,-1.08,725051.25,667606.2856,0.7496,0.9033,0.78,6.6956,6.5662,1.289,0.7475,0.749,1.9566,4.4604,1101502.7119,967191.309,802641.837,10122809.9224,8888488.1297,,,123.296
000002,万科A,全国地产,深圳,19910129,000002.SZ,20141118,9.43,9.48,9.23,9.29,9.47,-0.18,-1.9,709607.76,661328.3531,0.7337,0.8841,0.64,6.7685,6.6377,1.3031,0.7557,0.7572,1.9355,4.4124,1101502.7119,967191.309,802641.837,10232960.1936,8985207.2606,,,123.296
000002,万科A,全国地产,深圳,19910129,000002.SZ,20141117,9.7,9.84,9.4,9.47,9.67,-0.2,-2.07,996177.08,954597.7603,1.03,1.2411,0.85,6.8996,6.7663,1.3283,0.7703,0.7719,1.8987,4.3285,1101502.7119,967191.309,802641.837,10431230.6817,9159301.6962,,,123.296
000002,万科A,全国地产,深圳,19910129,000002.SZ,20141114,9.48,9.69,9.4,9.67,9.51,0.16,1.68,981738.22,941655.5451,1.015,1.2231,0.83,7.0453,6.9092,1.3564,0.7866,0.7882,1.8594,4.239,1101502.7119,967191.309,802641.837,10651531.2241,9352739.958,,,123.296
000002,万科A,全国地产,深圳,19910129,000002.SZ,20141113,9.72,9.77,9.45,9.51,9.71,-0.2,-2.06,991456.24,950344.1013,1.0251,1.2352,0.88,6.9288,6.7949,1.3339,0.7735,0.7751,1.8907,4.3103,1101502.7119,967191.309,802641.837,10475290.7902,9197989.3486,,,123.296
000002,万科A,全国地产,深圳,19910129,000002.SZ,20141112,9.58,9.74,9.54,9.71,9.6,0.11,1.15,947386.7,915589.253,0.9795,1.1803,0.92,7.0745,6.9378,1.362,0.7898,0.7914,1.8518,4.2215,1101502.7119,967191.309,802641.837,10695591.3325,9391427.6104,,,123.296
000002,万科A,全国地产,深圳,19910129,000002.SZ,20141111,9.63,9.8,9.56,9.6,9.58,0.02,0.21,1662414.73,1607690.0731,1.7188,2.0712,1.89,6.9943,6.8592,1.3466,0.7809,0.7825,1.873,4.2699,1101502.7119,967191.309,802641.837,10574426.0342,9285036.5664,,,123.296
000002,万科A,全国地产,深圳,19910129,000002.SZ,20141110,9.5,9.62,9.44,9.58,9.4,0.18,1.91,1291618.14,1232898.8145,1.3354,1.6092,1.62,6.9798,6.8449,1.3437,0.7792,0.7808,1.8769,4.2788,1101502.7119,967191.309,802641.837,10552395.98,9265692.7402,,,123.296
000002,万科A,全国地产,深圳,19910129,000002.SZ,20141107,9.34,9.56,9.25,9.4,9.33,0.07,0.75,1002195.93,942274.0235,1.0362,1.2486,1.22,6.8486,6.7163,1.3185,0.7646,0.7662,1.9129,4.3608,1101502.7119,967191.309,802641.837,10354125.4919,9091598.3046,,,123.296
000002,万科A,全国地产,深圳,19910129,000002.SZ,20141106,9.32,9.5,9.29,9.33,9.29,0.04,0.43,724469.48,680029.7741,0.749,0.9026,0.89,6.7976,6.6663,1.3087,0.7589,0.7605,1.9272,4.3935,1101502.7119,967191.309,802641.837,10277020.302,9023894.913,,,123.296
000002,万科A,全国地产,深圳,19910129,000002.SZ,20141105,9.38,9.41,9.25,9.29,9.39,-0.1,-1.07,478826.54,445495.7959,0.4951,0.5966,0.54,6.7685,6.6377,1.3031,0.7557,0.7572,1.9355,4.4124,1101502.7119,967191.309,802641.837,10232960.1936,8985207.2606,,,123.296
000002,万科A,全国地产,深圳,19910129,000002.SZ,20141104,9.26,9.42,9.18,9.39,9.3,0.09,0.97,905869.42,841437.7676,0.9366,1.1286,1.08,6.8413,6.7091,1.3171,0.7638,0.7653,1.9149,4.3654,1101502.7119,967191.309,802641.837,10343110.4647,9081926.3915,,,123.296
000002,万科A,全国地产,深圳,19910129,000002.SZ,20141103,9.43,9.56,9.2,9.3,9.4,-0.1,-1.06,884538.72,830074.297,0.9145,1.102,1.06,6.7758,6.6448,1.3045,0.7565,0.758,1.9334,4.4076,1101502.7119,967191.309,802641.837,10243975.2207,8994879.1737,,,123.296
000002,万科A,全国地产,深圳,19910129,000002.SZ,20141031,9.16,9.42,9.15,9.4,9.18,0.22,2.4,1100853.37,1026129.1804,1.1382,1.3715,1.62,6.8486,6.7163,1.3185,0.7646,0.7662,1.9129,4.3608,1101502.7119,967191.309,802641.837,10354125.4919,9091598.3046,,,123.296
000002,万科A,全国地产,深圳,19910129,000002.SZ,20141030,9.22,9.22,9.07,9.18,9.22,-0.04,-0.43,692820.91,632422.1845,0.7163,0.8632,1.09,6.6883,6.5591,1.2876,0.7467,0.7482,1.9587,4.4653,1101502.7119,967191.309,802641.837,10111794.8952,8878816.2166,,,123.296
000002,万科A,全国地产,深圳,19910129,000002.SZ,20141029,9.03,9.22,8.92,9.22,9.02,0.2,2.22,837365.58,760959.291,0.8658,1.0433,1.52,6.7175,6.5877,1.2933,0.75,0.7515,1.9502,4.4459,1101502.7119,967191.309,802641.837,10155855.0037,8917503.869,,,123.296
000002,万科A,全国地产,深圳,19910129,000002.SZ,20141028,8.82,9.03,8.82,9.02,8.78,0.24,2.73,693200.55,617348.8406,0.7167,0.8636,1.33,6.5718,6.4448,1.2652,0.7337,0.7352,1.9934,4.5445,1101502.7119,967191.309,802641.837,9935554.4613,8724065.6072,,,123.296
000002,万科A,全国地产,深圳,19910129,000002.SZ,20141027,9.08,9.09,8.74,8.78,9.09,-0.31,-3.41,842476.92,744719.0015,0.8711,1.0496,1.78,6.3969,6.2733,1.2315,0.7142,0.7156,2.0479,4.6687,1101502.7119,967191.309,802641.837,9671193.8105,8491939.693,,,123.296
000002,万科A,全国地产,深圳,19910129,000002.SZ,20141024,9.09,9.18,9.05,9.09,9.1,-0.01,-0.11,325343.9,296068.2778,0.3364,0.4053,0.62,6.6228,6.5138,1.3022,0.7394,0.7417,1.9783,4.51,1101502.7119,967191.309,802641.837,10012659.6512,8791768.9988,,,123.296
000002,万科A,全国地产,深圳,19910129,000002.SZ,20141023,9.21,9.24,9.04,9.1,9.2,-0.1,-1.09,478058.53,437630.4491,0.4943,0.5956,0.87,6.6301,6.521,1.3037,0.7402,0.7425,1.9762,4.5051,1101502.7119,967191.309,802641.837,10023674.6783,8801440.9119,,,123.296
000002,万科A,全国地产,深圳,19910129,000002.SZ,20141022,9.23,9.28,9.18,9.2,9.22,-0.02,-0.22,412005.88,380052.4013,0.426,0.5133,0.7,6.7029,6.5926,1.318,0.7483,0.7507,1.9547,4.4561,1101502.7119,967191.309,802641.837,10133824.9495,8898160.0428,,,123.296
000002,万科A,全国地产,深圳,19910129,000002.SZ,20141021,9.33,9.34,9.2,9.22,9.35,-0.13,-1.39,551512.66,511264.6769,0.5702,0.6871,0.9,6.7175,6.6069,1.3209,0.75,0.7523,1.9504,4.4464,1101502.7119,967191.309,802641.837,10155855.0037,8917503.869,,,123.296
000002,万科A,全国地产,深圳,19910129,000002.SZ,20141020,9.4,9.46,9.32,9.35,9.35,0.0,0.0,597402.08,559934.8479,0.6177,0.7443,0.91,6.8122,6.7001,1.3395,0.7605,0.7629,1.9233,4.3846,1101502.7119,967191.309,802641.837,10299050.3563,9043238.7392,,,123.296
000002,万科A,全国地产,深圳,19910129,000002.SZ,20141017,9.31,9.41,9.26,9.35,9.31,0.04,0.43,591395.85,552794.4048,0.6115,0.7368,0.76,6.8122,6.7001,1.3395,0.7605,0.7629,1.9233,4.3846,1101502.7119,967191.309,802641.837,10299050.3563,9043238.7392,,,123.296
000002,万科A,全国地产,深圳,19910129,000002.SZ,20141016,9.35,9.38,9.28,9.31,9.41,-0.1,-1.06,608289.71,567120.6108,0.6289,0.7579,0.74,6.7831,6.6714,1.3337,0.7573,0.7597,1.9316,4.4035,1101502.7119,967191.309,802641.837,10254990.2478,9004551.0868,,,123.296
000002,万科A,全国地产,深圳,19910129,000002.SZ,20141015,9.46,9.52,9.3,9.41,9.51,-0.1,-1.05,609059.73,572109.0927,0.6297,0.7588,0.62,6.8559,6.7431,1.3481,0.7654,0.7678,1.9111,4.3567,1101502.7119,967191.309,802641.837,10365140.519,9101270.2177,,,123.296
000002,万科A,全国地产,深圳,19910129,000002.SZ,20141014,9.63,9.63,9.45,9.51,9.64,-0.13,-1.35,654398.41,623317.3408,0.6766,0.8153,0.68,6.9288,6.8148,1.3624,0.7735,0.776,1.891,4.3109,1101502.7119,967191.309,802641.837,10475290.7902,9197989.3486,,,123.296
000002,万科A,全国地产,深圳,19910129,000002.SZ,20141013,9.57,9.8,9.5,9.64,9.57,0.07,0.73,828536.51,799998.9665,0.8566,1.0323,0.86,7.0235,6.9079,1.381,0.7841,0.7866,1.8655,4.2527,1101502.7119,967191.309,802641.837,10618486.1427,9323724.2188,,,123.296
000002,万科A,全国地产,深圳,19910129,000002.SZ,20141010,9.47,9.71,9.41,9.57,9.47,0.1,1.06,1178578.98,1131702.7508,1.2186,1.4684,1.4,6.9725,6.8578,1.371,0.7784,0.7809,1.8791,4.2838,1101502.7119,967191.309,802641.837,10541380.9529,9256020.8271,,,123.296
000002,万科A,全国地产,深圳,19910129,000002.SZ,20141009,9.45,9.57,9.45,9.47,9.44,0.03,0.32,825050.43,783407.4524,0.853,1.0279,0.99,6.8996,6.7861,1.3567,0.7703,0.7727,1.899,4.3291,1101502.7119,967191.309,802641.837,10431230.6817,9159301.6962,,,123.296
000002,万科A,全国地产,深圳,19910129,000002.SZ,20141008,9.54,9.58,9.35,9.44,9.18,0.26,2.83,1447312.49,1368339.5486,1.4964,1.8032,2.0,6.8778,6.7646,1.3524,0.7679,0.7703,1.905,4.3428,1101502.7119,967191.309,802641.837,10398185.6003,9130285.957,,,123.296
000002,万科A,全国地产,深圳,19910129,000002.SZ,20140930,9.21,9.23,9.15,9.18,9.22,-0.04,-0.43,519218.54,476490.3782,0.5368,0.6469,0.65,6.6883,6.5783,1.3151,0.7467,0.7491,1.9589,4.4658,1101502.7119,967191.309,802641.837,10111794.8952,8878816.2166,,,123.296
000002,万科A,全国地产,深圳,19910129,000002.SZ,20140929,9.33,9.33,9.15,9.22,9.33,-0.11,-1.18,873741.68,804914.961,0.9034,1.0886,1.16,6.7175,6.6069,1.3209,0.75,0.7523,1.9504,4.4464,1101502.7119,967191.309,802641.837,10155855.0037,8917503.869,,,123.296
000002,万科A,全国地产,深圳,19910129,000002.SZ,20140926,9.38,9.41,9.28,9.33,9.39,-0.06,-0.64,543491.42,506336.5194,0.5619,0.6771,0.7,6.7976,6.6858,1.3366,0.7589,0.7613,1.9274,4.394,1101502.7119,967191.309,802641.837,10277020.302,9023894.913,,,123.296
000002,万科A,全国地产,深圳,19910129,000002.SZ,20140925,9.49,9.52,9.36,9.39,9.44,-0.05,-0.53,789390.72,743524.0807,0.8162,0.9835,1.05,6.8413,6.7288,1.3452,0.7638,0.7662,1.9151,4.3659,1101502.7119,967191.309,802641.837,10343110.4647,9081926.3915,,,123.296
000002,万科A,全国地产,深圳,19910129,000002.SZ,20140924,9.3,9.45,9.26,9.44,9.33,0.11,1.18,898003.68,842009.3784,0.9285,1.1188,1.27,6.8778,6.7646,1.3524,0.7679,0.7703,1.905,4.3428,1101502.7119,967191.309,802641.837,10398185.6003,9130285.957,,,123.296
000002,万科A,全国地产,深圳,19910129,000002.SZ,20140923,9.34,9.5,9.28,9.33,9.22,0.11,1.19,879440.15,823702.5815,0.9093,1.0957,1.28,6.7976,6.6858,1.3366,0.7589,0.7613,1.9274,4.394,1101502.7119,967191.309,802641.837,10277020.302,9023894.913,,,123.296
000002,万科A,全国地产,深圳,19910129,000002.SZ,20140922,9.26,9.32,9.19,9.22,9.28,-0.06,-0.65,668230.25,617774.575,0.6909,0.8325,0.89,6.7175,6.6069,1.3209,0.75,0.7523,1.9504,4.4464,1101502.7119,967191.309,802641.837,10155855.0037,8917503.869,,,123.296
000002,万科A,全国地产,深圳,19910129,000002.SZ,20140919,9.23,9.28,9.18,9.28,9.23,0.05,0.54,660690.87,609410.8489,0.6831,0.8231,0.95,6.7612,6.6499,1.3295,0.7548,0.7572,1.9378,4.4177,1101502.7119,967191.309,802641.837,10221945.1664,8975535.3475,,,123.296
000002,万科A,全国地产,深圳,19910129,000002.SZ,20140918,9.22,9.28,9.17,9.23,9.27,-0.04,-0.43,648544.72,597581.0365,0.6705,0.808,0.92,6.7248,6.6141,1.3223,0.7508,0.7532,1.9485,4.442,1101502.7119,967191.309,802641.837,10166870.0308,8927175.7821,,,123.296
000002,万科A,全国地产,深圳,19910129,000002.SZ,20140917,9.27,9.3,9.22,9.27,9.21,0.06,0.65,675671.34,625744.4252,0.6986,0.8418,0.96,6.7539,6.6428,1.328,0.754,0.7564,1.9401,4.4228,1101502.7119,967191.309,802641.837,10210930.1393,8965863.4344,,,123.296
000002,万科A,全国地产,深圳,19910129,000002.SZ,20140916,9.29,9.34,9.21,9.21,9.25,-0.04,-0.43,790173.59,732481.6923,0.817,0.9845,1.17,6.7102,6.5998,1.3194,0.7491,0.7515,1.9527,4.4517,1101502.7119,967191.309,802641.837,10144839.9766,8907831.9559,,,123.296
000002,万科A,全国地产,深圳,19910129,000002.SZ,20140915,9.36,9.36,9.2,9.25,9.44,-0.19,-2.01,961560.45,889241.2343,0.9942,1.198,1.44,6.7393,6.6284,1.3252,0.7524,0.7548,1.9443,4.4324,1101502.7119,967191.309,802641.837,10188900.0851,8946519.6083,,,123.296
000002,万科A,全国地产,深圳,19910129,000002.SZ,20140912,9.4,9.46,9.34,9.44,9.44,0.0,0.0,388227.84,364837.5852,0.4014,0.4837,0.48,6.8778,6.7646,1.3524,0.7679,0.7703,1.9052,4.3432,1101502.7119,967191.309,802641.837,10398185.6003,9130285.957,,,123.296
000002,万科A,全国地产,深圳,19910129,000002.SZ,20140911,9.42,9.58,9.39,9.44,9.46,-0.02,-0.21,704681.91,666584.8329,0.7286,0.878,0.78,6.8778,6.7646,1.3524,0.7679,0.7703,1.9052,4.3432,1101502.7119,967191.309,802641.837,10398185.6003,9130285.957,,,123.296
000002,万科A,全国地产,深圳,19910129,000002.SZ,20140910,9.51,9.54,9.35,9.46,9.62,-0.16,-1.66,691210.83,651449.2851,0.7147,0.8612,0.78,6.8923,6.7789,1.3552,0.7695,0.7719,1.9011,4.334,1101502.7119,967191.309,802641.837,10420215.6546,9149629.7831,,,123.296
000002,万科A,全国地产,深圳,19910129,000002.SZ,20140909,9.83,9.83,9.58,9.62,9.83,-0.21,-2.14,630201.47,608209.6156,0.6516,0.7852,0.74,7.0089,6.8936,1.3782,0.7825,0.785,1.8695,4.2619,1101502.7119,967191.309,802641.837,10596456.0885,9304380.3926,,,123.296
000002,万科A,全国地产,深圳,19910129,000002.SZ,20140905,9.71,9.86,9.68,9.83,9.67,0.16,1.65,924771.94,904674.9705,0.9561,1.1522,1.27,7.1619,7.0441,1.4082,0.7996,0.8021,1.8296,4.1709,1101502.7119,967191.309,802641.837,10827771.658,9507490.5675,,,123.296
000002,万科A,全国地产,深圳,19910129,000002.SZ,20140904,9.65,9.77,9.6,9.67,9.5,0.17,1.79,1100239.68,1065268.1538,1.1376,1.3708,1.81,7.0453,6.9294,1.3853,0.7866,0.7891,1.8598,4.2399,1101502.7119,967191.309,802641.837,10651531.2241,9352739.958,,,123.296
000002,万科A,全国地产,深圳,19910129,000002.SZ,20140903,9.26,9.52,9.25,9.5,9.25,0.25,2.7,1170169.05,1103831.749,1.2099,1.4579,2.65,6.9215,6.8076,1.361,0.7727,0.7752,1.8931,4.3158,1101502.7119,967191.309,802641.837,10464275.7631,9188317.4355,,,123.296
000002,万科A,全国地产,深圳,19910129,000002.SZ,20140902,9.19,9.25,9.11,9.25,9.17,0.08,0.87,610470.53,560099.3959,0.6312,0.7606,1.57,6.7393,6.6284,1.3252,0.7524,0.7548,1.9443,4.4324,1101502.7119,967191.309,802641.837,10188900.0851,8946519.6083,,,123.296
000002,万科A,全国地产,深圳,19910129,000002.SZ,20140901,9.12,9.19,9.1,9.17,9.12,0.05,0.55,436507.16,398975.851,0.4513,0.5441,1.07,6.6811,6.5711,1.3137,0.7459,0.7483,1.9612,4.4711,1101502.7119,967191.309,802274.962,10100779.8681,8869144.3035,,,123.296
000002,万科A,全国地产,深圳,19910129,000002.SZ,20140829,9.05,9.15,9.02,9.12,9.02,0.1,1.11,316540.38,287416.1968,0.3273,0.3946,0.69,6.6446,6.5353,1.3065,0.7418,0.7442,1.972,4.4956,1101502.7119,967191.309,802274.962,10045704.7325,8820784.7381,,,123.296
000002,万科A,全国地产,深圳,19910129,000002.SZ,20140828,9.16,9.18,9.01,9.02,9.16,-0.14,-1.53,510218.12,463319.17,0.5275,0.636,0.92,6.5718,6.4636,1.2922,0.7337,0.736,1.9939,4.5454,1101502.7119,967191.309,802274.962,9935554.4613,8724065.6072,,,123.296
000002,万科A,全国地产,深圳,19910129,000002.SZ,20140827,9.16,9.26,9.11,9.16,9.16,0.0,0.0,333040.74,305748.0786,0.3443,0.4151,0.49,6.6738,6.564,1.3123,0.7451,0.7474,1.9634,4.476,1101502.7119,967191.309,802274.962,10089764.841,8859472.3904,,,123.296
000002,万科A,全国地产,深圳,19910129,000002.SZ,20140826,9.1,9.22,9.08,9.16,9.16,0.0,0.0,349707.33,320373.985,0.3616,0.4359,0.48,6.6738,6.564,1.3123,0.7451,0.7474,1.9634,4.476,1101502.7119,967191.309,802274.962,10089764.841,8859472.3904,,,123.296
000002,万科A,全国地产,深圳,19910129,000002.SZ,20140825,9.33,9.33,9.11,9.16,9.35,-0.19,-2.03,532182.39,488992.6735,0.5502,0.6633,0.73,6.6738,6.564,1.3123,0.7451,0.7474,1.9634,4.476,1101502.7119,967191.309,802274.962,10089764.841,8859472.3904,,,123.296
000002,万科A,全国地产,深圳,19910129,000002.SZ,20140822,9.26,9.37,9.24,9.35,9.33,0.02,0.21,582370.96,542859.5551,0.6021,0.7259,0.83,6.8122,6.7001,1.3395,0.7605,0.7629,1.9235,4.385,1101502.7119,967191.309,802274.962,10299050.3563,9043238.7392,,,123.296
000002,万科A,全国地产,深圳,19910129,000002.SZ,20140821,9.18,9.34,9.02,9.33,9.21,0.12,1.3,973011.43,892389.7986,1.006,1.2128,1.54,6.7976,6.6858,1.3366,0.7589,0.7613,1.9276,4.3944,1101502.7119,967191.309,802274.962,10277020.302,9023894.913,,,123.296
000002,万科A,全国地产,深圳,19910129,000002.SZ,20140820,9.39,9.39,9.18,9.21,9.4,-0.19,-2.02,935990.27,865292.0553,0.9677,1.1667,1.71,6.7102,6.5998,1.3194,0.7491,0.7515,1.9527,4.4517,1101502.7119,967191.309,802274.962,10144839.9766,8907831.9559,,,123.296
000002,万科A,全国地产,深圳,19910129,000002.SZ,20140819,9.43,9.43,9.33,9.4,9.38,0.02,0.21,581953.83,544880.2621,0.6017,0.7254,1.09,6.8486,6.7359,1.3466,0.7646,0.767,1.9133,4.3617,1101502.7119,967191.309,802274.962,10354125.4919,9091598.3046,,,123.296
000002,万科A,全国地产,深圳,19910129,000002.SZ,20140818,9.41,9.48,9.35,9.38,9.4,-0.02,-0.21,586810.54,551229.4769,0.6069,0.7314,1.05,6.8341,6.7216,1.3438,0.763,0.7654,1.9173,4.371,1101502.6419,966824.434,802274.962,10332094.781,9068813.1909,,,123.296
000002,万科A,全国地产,深圳,19910129,000002.SZ,20140815,9.35,9.5,9.35,9.4,9.36,0.04,0.43,418078.99,393850.7715,0.4324,0.5211,0.64,6.8486,6.8871,1.5,0.7646,0.7909,1.9133,4.3617,1101502.6419,966824.434,802274.962,10354124.8339,9088149.6796,,,123.296
000002,万科A,全国地产,深圳,19910129,000002.SZ,20140814,9.54,9.57,9.35,9.36,9.55,-0.19,-1.99,626639.72,591453.9173,0.6481,0.7811,0.94,6.8195,6.8578,1.4936,0.7613,0.7875,1.9214,4.3803,1101502.6419,966824.434,802274.962,10310064.7282,9049476.7022,,,123.296
000002,万科A,全国地产,深圳,19910129,000002.SZ,20140813,9.61,9.63,9.4,9.55,9.56,-0.01,-0.1,531308.32,506251.1454,0.5495,0.6623,0.75,6.9579,6.997,1.5239,0.7768,0.8035,1.8832,4.2932,1101502.6419,966824.434,802274.962,10519350.2301,9233173.3447,,,123.296
000002,万科A,全国地产,深圳,19910129,000002.SZ,20140812,9.61,9.61,9.5,9.56,9.61,-0.05,-0.52,517427.68,493666.0508,0.5352,0.645,0.67,6.9652,7.0043,1.5255,0.7776,0.8044,1.8812,4.2887,1101502.6419,966824.434,802274.962,10530365.2566,9242841.589,,,123.296
000002,万科A,全国地产,深圳,19910129,000002.SZ,20140811,9.44,9.68,9.44,9.61,9.44,0.17,1.8,701998.16,674648.742,0.7261,0.875,0.86,7.0016,7.0409,1.5335,0.7817,0.8086,1.8715,4.2664,1101502.6419,966824.434,802274.962,10585440.3887,9291182.8107,,,123.296
000002,万科A,全国地产,深圳,19910129,000002.SZ,20140808,9.52,9.54,9.3,9.44,9.52,-0.08,-0.84,877855.2,825820.0533,0.908,1.0942,1.07,6.8778,6.9164,1.5064,0.7679,0.7943,1.9052,4.3432,1101502.6419,966824.434,802274.962,10398184.9395,9126822.657,,,123.296
000002,万科A,全国地产,深圳,19910129,000002.SZ,20140807,9.56,9.65,9.48,9.52,9.58,-0.06,-0.63,691681.7,659892.0802,0.7154,0.8622,0.8,6.9361,6.975,1.5191,0.7744,0.801,1.8891,4.3067,1101502.6419,966824.434,802274.962,10486305.1509,9204168.6117,,,123.296
000002,万科A,全国地产,深圳,19910129,000002.SZ,20140806,9.68,9.69,9.47,9.58,9.74,-0.16,-1.64,766842.0,731466.4134,0.7932,0.9558,0.74,6.9798,7.019,1.5287,0.7792,0.806,1.8773,4.2797,1101502.6419,966824.434,802274.962,10552395.3094,9262178.0777,,,123.296
000002,万科A,全国地产,深圳,19910129,000002.SZ,20140805,9.97,9.97,9.67,9.74,9.95,-0.21,-2.11,822254.46,802120.5441,0.8505,1.0249,0.76,7.0963,7.1362,1.5542,0.7923,0.8195,1.8465,4.2094,1101502.6419,966824.434,802274.962,10728635.7321,9416869.9872,,,123.296
000002,万科A,全国地产,深圳,19910129,000002.SZ,20140804,9.75,9.97,9.67,9.95,9.74,0.21,2.16,906383.24,891646.1909,0.9375,1.1298,0.79,7.2493,7.29,1.5878,0.8093,0.8372,1.8075,4.1206,1101502.6419,966824.434,802274.962,10959951.2869,9619903.1183,,,123.296
000002,万科A,全国地产,深圳,19910129,000002.SZ,20140801,9.8,9.98,9.73,9.74,9.9,-0.16,-1.62,903075.54,887076.7524,0.9341,1.1256,0.81,7.0963,7.1362,1.5542,0.7923,0.8195,1.8465,4.2094,1101502.6419,966824.434,802274.962,10728635.7321,9416869.9872,,,123.296
000002,万科A,全国地产,深圳,19910129,000002.SZ,20140731,9.58,9.92,9.49,9.9,9.63,0.27,2.8,922418.7,897485.5473,0.9541,1.1498,0.76,7.2129,7.2534,1.5798,0.8053,0.833,1.8166,4.1414,1101502.6419,966824.434,802274.962,10904876.1548,9571561.8966,,,123.296
000002,万科A,全国地产,深圳,19910129,000002.SZ,20140730,9.93,10.01,9.49,9.63,10.0,-0.37,-3.7,1633035.06,1576620.3342,1.6891,2.0355,1.53,7.0162,7.0556,1.5367,0.7833,0.8102,1.8676,4.2575,1101502.6419,966824.434,802274.962,10607470.4415,9310519.2994,,,123.296
000002,万科A,全国地产,深圳,19910129,000002.SZ,20140729,9.84,10.09,9.7,10.0,9.85,0.15,1.52,1066606.22,1049519.3119,1.1032,1.3295,1.03,7.2858,7.3267,1.5957,0.8134,0.8414,1.7985,4.1,1101502.6419,966824.434,802274.962,11015026.419,9668244.34,,,123.296
000002,万科A,全国地产,深圳,19910129,000002.SZ,20140728,9.81,10.0,9.71,9.85,9.81,0.04,0.41,1220069.64,1203056.1589,1.2619,1.5208,1.37,7.1765,7.2168,1.5718,0.8012,0.8288,1.8259,4.1624,1101502.6419,966824.434,802274.962,10849801.0227,9523220.6749,,,123.296
000002,万科A,全国地产,深圳,19910129,000002.SZ,20140725,9.82,9.89,9.57,9.81,9.77,0.04,0.41,738573.25,718195.3035,0.7639,0.9206,0.78,7.1473,7.1875,1.5654,0.7979,0.8254,1.8333,4.1794,1101502.6419,966824.434,802274.962,10805740.917,9484547.6975,,,123.296
000002,万科A,全国地产,深圳,19910129,000002.SZ,20140724,9.42,9.82,9.42,9.77,9.39,0.38,4.05,1432468.39,1391582.3915,1.4816,1.7855,1.78,7.1182,7.1582,1.559,0.7947,0.822,1.8408,4.1965,1101502.6419,966824.434,802274.962,10761680.8114,9445874.7202,,,123.296
000002,万科A,全国地产,深圳,19910129,000002.SZ,20140723,9.18,9.46,9.18,9.39,9.18,0.21,2.29,892432.75,833888.085,0.9231,1.1124,1.16,6.8413,6.8798,1.4984,0.7638,0.7901,1.9153,4.3663,1101502.6419,966824.434,802274.962,10343109.8074,9078481.4353,,,123.296
000002,万科A,全国地产,深圳,19910129,000002.SZ,20140722,8.9,9.21,8.88,9.18,8.94,0.24,2.68,875266.55,798481.8036,0.9053,1.091,1.3,6.6883,6.7259,1.4649,0.7467,0.7724,1.9591,4.4662,1101502.6419,966824.434,802274.962,10111794.2526,8875448.3041,,,123.296
000002,万科A,全国地产,深圳,19910129,000002.SZ,20140721,8.9,8.99,8.88,8.94,8.89,0.05,0.56,515900.98,460833.3732,0.5336,0.643,0.77,6.5135,6.5501,1.4266,0.7272,0.7522,2.0117,4.5861,1101502.6419,966824.434,802274.962,9847433.6186,8643410.44,,,123.296
000002,万科A,全国地产,深圳,19910129,000002.SZ,20140718,8.53,9.02,8.51,8.89,8.61,0.28,3.25,1025449.84,911236.8288,1.0606,1.2782,1.61,6.477,6.5134,1.4186,0.7231,0.748,2.023,4.6119,1101502.6419,966824.434,802274.962,9792358.4865,8595069.2183,,,123.296
000002,万科A,全国地产,深圳,19910129,000002.SZ,20140717,8.69,8.75,8.47,8.61,8.7,-0.09,-1.03,705071.73,606426.556,0.7293,0.8788,1.19,6.273,6.3083,1.3739,0.7003,0.7244,2.0888,4.7619,1101502.6419,966824.434,802274.962,9483937.7468,8324358.3767,,,123.296
000002,万科A,全国地产,深圳,19910129,000002.SZ,20140716,8.85,8.93,8.67,8.7,8.86,-0.16,-1.81,731638.62,643863.9065,0.7567,0.912,1.28,6.3386,6.3742,1.3883,0.7077,0.732,2.0672,4.7126,1101502.6419,966824.434,802274.962,9583072.9845,8411372.5758,,,123.296
000002,万科A,全国地产,深圳,19910129,000002.SZ,20140715,8.86,8.9,8.84,8.86,8.88,-0.02,-0.23,375980.53,333194.4752,0.3889,0.4686,0.6,6.4552,6.4914,1.4138,0.7207,0.7455,2.0299,4.6275,1101502.6419,966824.434,802274.962,9759313.4072,8566064.4852,,,123.296
000002,万科A,全国地产,深圳,19910129,000002.SZ,20140714,8.79,8.97,8.75,8.88,8.81,0.07,0.79,513882.99,456768.8408,0.5315,0.6405,0.63,6.4698,6.5061,1.417,0.7223,0.7471,2.0253,4.6171,1101502.6419,966824.434,802274.962,9781343.4601,8585400.9739,,,123.296
000002,万科A,全国地产,深圳,19910129,000002.SZ,20140711,8.86,8.94,8.74,8.81,8.69,0.12,1.38,849992.31,753337.5902,0.8792,1.0595,0.93,6.4188,6.4548,1.4058,0.7166,0.7413,2.0414,4.6538,1101502.6419,966824.434,802274.962,9704238.2751,8517723.2635,,,123.296
000002,万科A,全国地产,深圳,19910129,000002.SZ,20140710,8.58,8.76,8.58,8.69,8.56,0.13,1.52,498934.52,434251.2771,0.5161,0.6219,0.57,6.3313,6.3669,1.3867,0.7068,0.7312,2.0696,4.718,1101502.6419,966824.434,802274.962,9572057.9581,8401704.3315,,,123.296
000002,万科A,全国地产,深圳,19910129,000002.SZ,20140709,8.69,8.76,8.54,8.56,8.68,-0.12,-1.38,623595.04,539971.3196,0.645,0.7773,0.75,6.2366,6.2716,1.3659,0.6963,0.7202,2.101,4.7897,1101502.6419,966824.434,802274.962,9428862.6147,8276017.155,,,123.296
000002,万科A,全国地产,深圳,19910129,000002.SZ,20140708,8.75,8.78,8.56,8.68,8.76,-0.08,-0.91,634375.24,549020.8649,0.6561,0.7907,0.77,6.324,6.3596,1.3851,0.706,0.7303,2.072,4.7235,1101502.6419,966824.434,802274.962,9561042.9317,8392036.0871,,,123.296
000002,万科A,全国地产,深圳,19910129,000002.SZ,20140707,8.5,8.89,8.45,8.76,8.47,0.29,3.42,1460167.5,1279446.4301,1.5103,1.82,2.39,6.3823,6.4182,1.3979,0.7125,0.737,2.053,4.6803,1101502.6419,966824.434,802274.962,9649163.143,8469382.0418,,,123.296
000002,万科A,全国地产,深圳,19910129,000002.SZ,20140704,8.2,8.5,8.2,8.47,8.15,0.32,3.93,1358193.14,1137610.3222,1.4048,1.6929,3.02,6.171,6.2057,1.3516,0.689,0.7126,2.1233,4.8406,1101502.6419,966824.434,802274.962,9329727.3769,8189002.956,,,123.296
000002,万科A,全国地产,深圳,19910129,000002.SZ,20140703,8.11,8.17,8.1,8.15,8.12,0.03,0.37,288037.44,234449.7872,0.2979,0.359,0.56,5.9379,5.9712,1.3005,0.6629,0.6857,2.2067,5.0306,1101502.6419,966824.434,802274.962,8977246.5315,7879619.1371,,,123.296
000002,万科A,全国地产,深圳,19910129,000002.SZ,20140702,8.09,8.13,8.05,8.12,8.1,0.02,0.25,406331.22,328887.4414,0.4203,0.5065,0.76,5.916,5.9493,1.2957,0.6605,0.6832,2.2149,5.0492,1101502.6419,966824.434,802274.962,8944201.4522,7850614.4041,,,123.296
000002,万科A,全国地产,深圳,19910129,000002.SZ,20140701,8.29,8.29,8.06,8.1,8.27,-0.17,-2.06,609368.86,494620.5261,0.6303,0.7596,1.27,5.9015,5.9346,1.2925,0.6589,0.6815,2.2203,5.0617,1101502.6419,966824.434,802274.962,8922171.3994,7831277.9154,,,123.296
000002,万科A,全国地产,深圳,19910129,000002.SZ,20140630,8.32,8.35,8.22,8.27,8.32,-0.05,-0.6,393736.46,325828.9704,0.4072,0.4908,0.87,6.0253,6.0592,1.3197,0.6727,0.6958,2.1747,4.9576,1101502.6419,966824.434,802274.962,9109426.8485,7995638.0692,,,123.296
000002,万科A,全国地产,深圳,19910129,000002.SZ,20140627,8.27,8.38,8.23,8.32,8.26,0.06,0.73,550831.58,457646.8902,0.5697,0.6866,1.29,6.0618,6.0958,1.3276,0.6768,0.7,2.1616,4.9279,1101502.6419,966824.434,802274.962,9164501.9806,8043979.2909,,,123.296
000002,万科A,全国地产,深圳,19910129,000002.SZ,20140626,8.12,8.33,8.09,8.26,8.13,0.13,1.6,599034.77,493632.4371,0.6196,0.7467,1.54,6.018,6.0518,1.3181,0.6719,0.695,2.1773,4.9637,1101502.6419,966824.434,802274.962,9098411.8221,7985969.8248,,,123.296
000002,万科A,全国地产,深圳,19910129,000002.SZ,20140625,8.13,8.14,7.96,8.13,8.09,0.04,0.49,536538.21,431750.7224,0.5549,0.6688,1.53,5.9233,5.9566,1.2973,0.6613,0.684,2.2121,5.043,1101502.6419,966824.434,802274.962,8955216.4786,7860282.6484,,,123.296
000002,万科A,全国地产,深圳,19910129,000002.SZ,20140624,8.19,8.19,8.05,8.09,8.15,-0.06,-0.74,324250.74,263219.9521,0.3354,0.4038,0.77,5.8942,5.9273,1.2909,0.658,0.6807,2.2231,5.068,1101502.6419,966824.434,803069.047,8911156.373,7821609.6711,,,123.296
000002,万科A,全国地产,深圳,19910129,000002.SZ,20140623,8.13,8.18,8.08,8.15,8.13,0.02,0.25,249327.78,202745.8921,0.2577,0.3105,0.46,5.9379,5.9712,1.3005,0.6629,0.6857,2.2067,5.0307,1101496.8919,967618.519,803069.047,8977199.669,7886090.9299,,,123.296
000002,万科A,全国地产,深圳,19910129,000002.SZ,20140620,8.04,8.13,7.99,8.13,7.99,0.14,1.75,426682.77,344097.0945,0.441,0.5313,0.73,5.9233,5.9566,1.2973,0.6613,0.684,2.2121,5.0431,1101496.8919,967618.519,803069.047,8955169.7311,7866738.5595,,,123.296
000002,万科A,全国地产,深圳,19910129,000002.SZ,20140619,8.13,8.15,7.97,7.99,8.1,-0.11,-1.36,405218.29,326318.4712,0.4188,0.5046,0.61,5.8213,5.854,1.275,0.6499,0.6723,2.2509,5.1314,1101496.8919,967618.519,803069.047,8800960.1663,7731271.9668,,,123.296
000002,万科A,全国地产,深圳,19910129,000002.SZ,20140618,8.12,8.17,8.07,8.1,8.12,-0.02,-0.25,346365.46,281499.4841,0.358,0.4313,0.49,5.9014,5.9346,1.2925,0.6589,0.6815,2.2203,5.0617,1101496.8919,967618.519,803069.047,8922124.8244,7837710.0039,,,123.296
000002,万科A,全国地产,深圳,19910129,000002.SZ,20140617,8.25,8.25,8.04,8.12,8.26,-0.14,-1.69,685986.4,554925.8555,0.7089,0.8542,0.96,5.916,5.9492,1.2957,0.6605,0.6832,2.2149,5.0493,1101496.8919,967618.519,803069.047,8944154.7622,7857062.3743,,,123.296
000002,万科A,全国地产,深圳,19910129,000002.SZ,20140616,8.41,8.42,8.18,8.26,8.43,-0.17,-2.02,863513.25,713535.1718,0.8924,1.0753,1.22,6.018,6.0518,1.3181,0.6719,0.695,2.1773,4.9637,1101496.8919,967618.519,803069.047,9098364.3271,7992528.9669,,,123.296
000002,万科A,全国地产,深圳,19910129,000002.SZ,20140613,8.38,8.48,8.28,8.43,8.41,0.02,0.24,635541.28,533383.8937,0.6568,0.7914,0.94,6.1419,6.1764,1.3452,0.6857,0.7093,2.1334,4.8636,1101496.8919,967618.519,803069.047,9285618.7987,8157024.1152,,,123.296
000002,万科A,全国地产,深圳,19910129,000002.SZ,20140612,8.39,8.46,8.2,8.41,8.4,0.01,0.12,801011.01,665178.1867,0.8278,0.9974,1.3,6.1273,6.1617,1.342,0.6841,0.7076,2.1385,4.8751,1101496.8919,967618.519,803069.047,9263588.8609,8137671.7448,,,123.296
000002,万科A,全国地产,深圳,19910129,000002.SZ,20140611,8.38,8.52,8.32,8.4,8.39,0.01,0.12,579668.17,489075.9724,0.5991,0.7218,0.89,6.12,6.1544,1.3404,0.6833,0.7068,2.141,4.881,1101496.8919,967618.519,803069.047,9252573.892,8127995.5596,,,123.296
000002,万科A,全国地产,深圳,19910129,000002.SZ,20140610,8.25,8.49,8.25,8.39,8.3,0.09,1.08,695095.2,581961.3976,0.7184,0.8655,0.93,6.1127,6.1471,1.3388,0.6824,0.7059,2.1436,4.8868,1101496.8919,967618.519,803069.047,9241558.923,8118319.3744,,,123.296
000002,万科A,全国地产,深圳,19910129,000002.SZ,20140609,8.17,8.56,8.12,8.3,8.25,0.05,0.61,826742.96,693052.7169,0.8544,1.0295,1.04,6.0472,6.0811,1.3245,0.6751,0.6983,2.1668,4.9398,1101496.8919,967618.519,803069.047,9142424.2028,8031233.7077,,,123.296
000002,万科A,全国地产,深圳,19910129,000002.SZ,20140606,8.31,8.33,8.09,8.25,8.31,-0.06,-0.72,495191.23,405369.9224,0.5118,0.6166,0.48,6.0107,6.0445,1.3165,0.6711,0.6941,2.18,4.9697,1101496.8919,967618.519,803069.047,9087349.3582,7982852.7818,,,123.296
000002,万科A,全国地产,深圳,19910129,000002.SZ,20140605,8.18,8.35,8.15,8.31,8.2,0.11,1.34,476586.34,392857.1404,0.4925,0.5935,0.38,6.0544,6.0884,1.3261,0.6759,0.6992,2.1642,4.9338,1101496.8919,967618.519,803069.047,9153439.1717,8040909.8929,,,123.296
000002,万科A,全国地产,深圳,19910129,000002.SZ,20140604,8.36,8.4,8.12,8.2,8.4,-0.2,-2.38,773771.64,636734.8834,0.7997,0.9635,0.62,5.9743,6.0078,1.3085,0.667,0.6899,2.1933,5.0,1101496.8919,967618.519,803069.047,9032274.5136,7934471.8558,,,123.296
000002,万科A,全国地产,深圳,19910129,000002.SZ,20140603,8.51,8.63,8.32,8.4,8.55,-0.15,-1.75,1184525.1,997159.534,1.2242,1.475,1.04,6.12,6.1544,1.3404,0.6833,0.7068,2.141,4.881,1101496.8919,967618.519,803069.047,9252573.892,8127995.5596,,,123.296
000002,万科A,全国地产,深圳,19910129,000002.SZ,20140530,8.58,8.66,8.48,8.55,8.54,0.01,0.12,1061588.47,907940.5015,1.0971,1.3219,0.89,6.2293,6.2643,1.3644,0.6955,0.7194,2.1035,4.7953,1101496.8919,967618.519,803069.047,9417798.4257,8273138.3375,,,123.296
000002,万科A,全国地产,深圳,19910129,000002.SZ,20140529,8.6,8.75,8.44,8.54,8.45,0.09,1.07,1666996.97,1426865.2316,1.7228,2.0758,1.6,6.222,6.257,1.3628,0.6946,0.7185,2.1059,4.8009,1101496.8919,967618.519,803069.047,9406783.4568,8263462.1523,,,123.296
000002,万科A,全国地产,深圳,19910129,000002.SZ,20140528,8.18,8.46,8.17,8.45,8.17,0.28,3.43,1557074.33,1298336.2378,1.6092,1.9389,1.85,6.1564,6.191,1.3484,0.6873,0.711,2.1284,4.8521,1101496.8919,967618.519,803069.047,9307648.7366,8176376.4856,,,123.296
000002,万科A,全国地产,深圳,19910129,000002.SZ,20140527,8.11,8.25,8.06,8.17,8.11,0.06,0.74,800997.43,655534.259,0.8278,0.9974,0.98,5.9524,5.9859,1.3037,0.6645,0.6874,2.2013,5.0184,1101496.8919,967618.519,803069.047,8999229.6068,7905443.3002,,,123.296
000002,万科A,全国地产,深圳,19910129,000002.SZ,20140526,8.2,8.29,8.07,8.11,8.15,-0.04,-0.49,607556.44,494191.825,0.6279,0.7565,0.74,5.9087,5.9419,1.2941,0.6597,0.6824,2.2176,5.0555,1101496.8919,967618.519,803069.047,8933139.7933,7847386.1891,,,123.296
000002,万科A,全国地产,深圳,19910129,000002.SZ,20140523,7.92,8.2,7.85,8.15,7.89,0.26,3.3,1338277.47,1079426.651,1.3831,1.6665,1.8,5.9379,5.9712,1.3005,0.6629,0.6857,2.2067,5.0307,1101496.8919,967618.519,803069.047,8977199.669,7886090.9299,,,123.296
000002,万科A,全国地产,深圳,19910129,000002.SZ,20140522,7.75,7.94,7.73,7.89,7.74,0.15,1.94,921420.06,726170.1897,0.9523,1.1474,1.42,5.7484,5.7807,1.259,0.6418,0.6638,2.2794,5.1965,1101496.8919,967618.519,803069.047,8690810.4771,7634510.1149,,,123.296
000002,万科A,全国地产,深圳,19910129,000002.SZ,20140521,7.68,7.77,7.58,7.74,7.74,0.0,0.0,543435.26,417012.7217,0.5616,0.6767,0.75,5.6392,5.6708,1.2351,0.6296,0.6512,2.3236,5.2972,1101496.8919,967618.519,803069.047,8525585.9433,7489367.3371,,,123.296
000002,万科A,全国地产,深圳,19910129,000002.SZ,20140520,7.7,7.78,7.64,7.74,7.69,0.05,0.65,685875.14,530138.2615,0.7088,0.8541,0.89,5.6392,5.6708,1.2351,0.6296,0.6512,2.3236,5.2972,1101496.8919,967618.519,803069.047,8525585.9433,7489367.3371,,,123.296
000002,万科A,全国地产,深圳,19910129,000002.SZ,20140519,7.66,7.78,7.52,7.69,7.7,-0.01,-0.13,594646.63,455281.1496,0.6145,0.7405,0.79,5.6027,5.6342,1.2271,0.6255,0.647,2.3387,5.3316,1101496.8919,967618.519,803069.047,8470511.0987,7440986.4111,,,123.296
000002,万科A,全国地产,深圳,19910129,000002.SZ,20140516,7.58,7.8,7.58,7.7,7.58,0.12,1.58,962341.69,742805.2345,0.9945,1.1983,1.4,5.61,5.6415,1.2287,0.6263,0.6479,2.3357,5.3247,1101496.8919,967618.519,803069.047,8481526.0676,7450662.5963,,,123.296
000002,万科A,全国地产,深圳,19910129,000002.SZ,20140515,7.62,7.64,7.53,7.58,7.63,-0.05,-0.66,458698.7,347998.4971,0.474,0.5712,0.62,5.5226,5.5536,1.2096,0.6166,0.6378,2.3727,7.7816,1101496.8919,967618.519,803069.047,8349346.4406,7334548.374,,,123.296
000002,万科A,全国地产,深圳,19910129,000002.SZ,20140514,7.65,7.83,7.61,7.63,7.53,0.1,1.33,931987.01,717443.0759,0.9632,1.1605,1.4,5.559,5.5902,1.2175,0.6206,0.642,2.3571,7.7306,1101496.8919,967618.519,803069.047,8404421.2852,7382929.3,,,123.296
000002,万科A,全国地产,深圳,19910129,000002.SZ,20140513,7.39,7.59,7.37,7.53,7.32,0.21,2.87,897278.66,674165.0606,0.9273,1.1173,1.55,5.4862,5.517,1.2016,0.6125,0.6336,2.3884,7.8333,1101496.8919,967618.519,803069.047,8294271.596,7286167.4481,,,123.296
000002,万科A,全国地产,深圳,19910129,000002.SZ,20140512,7.28,7.43,7.19,7.32,7.26,0.06,0.83,517227.48,378905.109,0.5345,0.6441,0.88,5.3332,5.3631,1.1681,0.5954,0.6159,2.4569,8.058,1101496.8919,967618.519,803069.047,8062957.2487,7082967.5591,,,123.296
000002,万科A,全国地产,深圳,19910129,000002.SZ,20140509,7.35,7.37,7.1,7.26,7.35,-0.09,-1.22,629680.12,455104.5834,0.6508,0.7841,1.16,5.2894,5.3191,1.1585,0.5905,0.6108,2.4772,8.1246,1101496.8919,967618.519,803069.047,7996867.4352,7024910.4479,,,123.296
000002,万科A,全国地产,深圳,19910129,000002.SZ,20140508,7.48,7.58,7.32,7.35,7.46,-0.11,-1.47,751904.9,559315.922,0.7771,0.9363,1.43,5.355,5.3851,1.1729,0.5978,0.6184,2.4469,8.0251,1101496.8919,967618.519,803069.047,8096002.1555,7111996.1147,,,123.296
000002,万科A,全国地产,深圳,19910129,000002.SZ,20140507,7.79,7.89,7.75,7.87,7.79,0.08,1.03,527230.15,413257.7433,0.5449,0.6565,0.86,5.7339,5.7661,1.1787,0.6401,0.6622,2.2852,2.2852,1101496.8919,967618.519,803069.0424,8668780.5393,7615157.7445,,,123.296
000002,万科A,全国地产,深圳,19910129,000002.SZ,20140506,7.74,7.9,7.74,7.79,7.74,0.05,0.65,463797.16,362147.1012,0.4793,0.5775,0.7,5.6756,5.7075,1.1667,0.6336,0.6554,2.3087,2.3087,1101496.8919,967618.519,803069.0424,8580660.7879,7537748.263,,,123.296
000002,万科A,全国地产,深圳,19910129,000002.SZ,20140505,7.85,7.86,7.67,7.74,7.9,-0.16,-2.03,577174.83,446552.1954,0.5965,0.7187,0.7,5.6392,5.6708,1.1593,0.6296,0.6512,2.3236,2.3236,1101496.8919,967618.519,803069.0424,8525585.9433,7489367.3371,,,123.296
000002,万科A,全国地产,深圳,19910129,000002.SZ,20140430,7.87,7.98,7.77,7.9,7.94,-0.04,-0.5,395476.43,312451.0184,0.4087,0.4925,0.47,5.7557,5.788,1.1832,0.6426,0.6647,2.2766,2.2766,1101496.8919,967618.519,803069.0424,8701825.446,7644186.3001,,,123.296
000002,万科A,全国地产,深圳,19910129,000002.SZ,20140429,7.91,7.98,7.67,7.94,7.97,-0.03,-0.38,671097.83,524493.4897,0.6936,0.8357,0.8,5.7849,5.8174,1.1892,0.6458,0.6681,2.2651,2.2651,1101496.8919,967618.519,803069.0424,8745885.3217,7682891.0409,,,123.296
000002,万科A,全国地产,深圳,19910129,000002.SZ,20140428,7.98,8.16,7.92,7.97,7.94,0.03,0.38,968451.18,777834.9258,1.0009,1.2059,1.31,5.8067,5.8067,1.1417,0.6483,0.6483,2.2566,2.2566,1101496.8919,967618.519,803069.0424,8778930.2284,7711919.5964,,,123.296
000002,万科A,全国地产,深圳,19910129,000002.SZ,20140425,8.07,8.11,7.9,7.94,7.99,-0.05,-0.63,697631.09,558804.6532,0.721,0.8687,1.03,5.7849,5.7849,1.1374,0.6458,0.6458,2.2651,2.2651,1101496.8919,967618.519,803069.0424,8745885.3217,7682891.0409,,,123.296
000002,万科A,全国地产,深圳,19910129,000002.SZ,20140424,7.83,8.1,7.77,7.99,7.8,0.19,2.44,1396402.97,1118052.3661,1.4431,1.7388,2.84,5.8213,5.8213,1.1445,0.6499,0.6499,2.2509,2.2509,1101496.8919,967618.519,803069.0424,8800960.1663,7731271.9668,,,123.296
000002,万科A,全国地产,深圳,19910129,000002.SZ,20140423,7.72,7.83,7.7,7.8,7.74,0.06,0.78,488859.58,380461.2019,0.5052,0.6087,0.91,5.6829,5.6829,1.1173,0.6345,0.6345,2.3057,2.3057,1101496.8919,967618.519,803069.0424,8591675.7568,7547424.4482,,,123.296
000002,万科A,全国地产,深圳,19910129,000002.SZ,20140422,7.65,7.77,7.62,7.74,7.66,0.08,1.04,648158.43,498926.8107,0.6698,0.8071,1.16,5.6392,5.6392,1.1087,0.6296,0.6296,2.3236,2.3236,1101496.8919,967618.519,803069.0424,8525585.9433,7489367.3371,,,123.296
000002,万科A,全国地产,深圳,19910129,000002.SZ,20140421,7.71,7.8,7.65,7.66,7.78,-0.12,-1.54,454483.9,351633.9828,0.4697,0.5659,0.79,5.5809,5.5809,1.0973,0.6231,0.6231,2.3479,2.3479,1101496.8919,967618.519,803069.0424,8437466.192,7411957.8555,,,123.296
000002,万科A,全国地产,深圳,19910129,000002.SZ,20140418,7.7,7.8,7.62,7.78,7.75,0.03,0.39,410082.79,316044.5227,0.4238,0.5106,0.63,5.6683,5.6683,1.1144,0.6328,0.6328,2.3117,2.3117,1101496.8919,967618.519,803069.0424,8569645.819,7528072.0778,,,123.296
000002,万科A,全国地产,深圳,19910129,000002.SZ,20140417,7.88,7.89,7.73,7.75,7.87,-0.12,-1.52,457592.42,355678.8571,0.4729,0.5698,0.52,5.6464,5.6464,1.1101,0.6304,0.6304,2.3206,2.3206,1101496.8919,967618.519,803069.0424,8536600.9122,7499043.5223,,,123.296
000002,万科A,全国地产,深圳,19910129,000002.SZ,20140416,7.74,7.92,7.71,7.87,7.76,0.11,1.42,709656.25,557522.1034,0.7334,0.8837,0.77,5.7339,5.7339,1.1273,0.6401,0.6401,2.2852,2.2852,1101496.8919,967618.519,803069.0424,8668780.5393,7615157.7445,,,123.296
000002,万科A,全国地产,深圳,19910129,000002.SZ,20140415,7.86,7.91,7.7,7.76,7.93,-0.17,-2.14,758813.56,590811.5706,0.7842,0.9449,0.79,5.6537,5.6537,1.1116,0.6312,0.6312,2.3176,2.3176,1101496.8919,967618.519,803069.0424,8547615.8811,7508719.7074,,,123.296
000002,万科A,全国地产,深圳,19910129,000002.SZ,20140414,7.95,8.01,7.83,7.93,7.95,-0.02,-0.25,530246.83,419179.4379,0.548,0.6603,0.54,5.7776,5.7776,1.1359,0.645,0.645,2.2679,2.2679,1101496.8919,967618.519,803069.0424,8734870.3528,7673214.8557,,,123.296
000002,万科A,全国地产,深圳,19910129,000002.SZ,20140411,8.0,8.01,7.89,7.95,8.05,-0.1,-1.24,775951.71,616719.7939,0.8019,0.9662,0.76,5.7922,5.7922,1.1388,0.6467,0.6467,2.2622,2.2622,1101496.8919,967618.519,803069.0424,8756900.2906,7692567.2261,,,123.296
000002,万科A,全国地产,深圳,19910129,000002.SZ,20140410,8.04,8.08,7.82,8.05,8.05,0.0,0.0,1601694.56,1271310.0545,1.6553,1.9945,1.67,5.865,5.865,1.1531,0.6548,0.6548,2.2341,2.2341,1101496.8919,967618.519,803069.0424,8867049.9798,7789329.078,,,123.296
000002,万科A,全国地产,深圳,19910129,000002.SZ,20140409,8.16,8.19,8.02,8.05,8.15,-0.1,-1.23,929854.18,749184.3228,0.961,1.1579,1.06,5.865,5.865,1.1531,0.6548,0.6548,2.2341,2.2341,1101496.8919,967618.519,803069.0424,8867049.9798,7789329.078,,,123.296
000002,万科A,全国地产,深圳,19910129,000002.SZ,20140408,8.05,8.23,7.94,8.15,8.11,0.04,0.49,961185.04,778608.4121,0.9934,1.1969,1.17,5.9379,5.9379,1.1674,0.6629,0.6629,2.2067,2.2067,1101496.8919,967618.519,803069.0424,8977199.669,7886090.9299,,,123.296
000002,万科A,全国地产,深圳,19910129,000002.SZ,20140404,8.1,8.15,8.01,8.11,8.1,0.01,0.12,642858.71,519860.626,0.6644,0.8005,0.7,5.9087,5.9087,1.1617,0.6597,0.6597,2.2176,2.2176,1101496.8919,967618.519,803069.0424,8933139.7933,7847386.1891,,,123.296
000002,万科A,全国地产,深圳,19910129,000002.SZ,20140403,8.3,8.39,8.07,8.1,8.29,-0.19,-2.29,986366.92,810649.9503,1.0194,1.2282,1.06,5.9014,5.9014,1.1603,0.6589,0.6589,2.2203,2.2203,1101496.8919,967618.519,803069.0424,8922124.8244,7837710.0039,,,123.296
000002,万科A,全国地产,深圳,19910129,000002.SZ,20140402,8.14,8.4,8.11,8.29,8.08,0.21,2.6,1286559.48,1069009.7968,1.3296,1.6021,1.57,6.0399,6.0399,1.1875,0.6743,0.6743,2.1695,2.1695,1101496.8919,967618.519,803069.0424,9131409.2339,8021557.5225,,,123.296
000002,万科A,全国地产,深圳,19910129,000002.SZ,20140401,8.08,8.18,8.05,8.08,8.09,-0.01,-0.12,525249.42,426237.4174,0.5428,0.6541,0.58,5.8869,5.8869,1.1574,0.6572,0.6572,2.2258,2.2258,1101496.8919,967618.519,803069.0424,8900094.8866,7818357.6335,,,123.296
000002,万科A,全国地产,深圳,19910129,000002.SZ,20140331,8.16,8.22,7.96,8.09,8.12,-0.03,-0.37,678971.19,546825.5785,0.7017,0.8455,0.65,5.8942,5.8942,1.1589,0.658,0.658,2.2231,2.2231,1101496.8919,967618.519,803069.0424,8911109.8555,7828033.8187,,,123.296
000002,万科A,全国地产,深圳,19910129,000002.SZ,20140328,7.93,8.24,7.92,8.12,7.98,0.14,1.75,1105309.99,896881.7366,1.1423,1.3764,0.81,5.916,5.916,1.1631,0.6605,0.6605,2.2149,2.2149,1101496.8919,967618.519,803069.0424,8944154.7622,7857062.3743,,,123.296
000002,万科A,全国地产,深圳,19910129,000002.SZ,20140327,7.8,8.1,7.73,7.98,7.85,0.13,1.66,1078006.31,857121.798,1.1141,1.3424,0.78,5.814,5.814,1.1431,0.6491,0.6491,2.2537,2.2537,1101496.8919,967618.519,803069.0424,8789945.1974,7721595.7816,,,123.296
000002,万科A,全国地产,深圳,19910129,000002.SZ,20140326,7.99,8.04,7.79,7.85,7.98,-0.13,-1.63,704058.42,553737.7802,0.7276,0.8767,0.45,5.7193,5.7193,1.1245,0.6385,0.6385,2.2911,2.2911,1101496.8919,967618.519,803069.0424,8646750.6014,7595805.3742,,,123.296
000002,万科A,全国地产,深圳,19910129,000002.SZ,20140325,8.04,8.2,7.9,7.98,8.06,-0.08,-0.99,957541.15,769251.8592,0.9896,1.1924,0.62,5.814,5.814,1.1431,0.6491,0.6491,2.2537,2.2537,1101496.8919,967618.519,803069.0424,8789945.1974,7721595.7816,,,123.296
000002,万科A,全国地产,深圳,19910129,000002.SZ,20140324,8.01,8.17,7.85,8.06,8.01,0.05,0.62,1398770.99,1122120.9614,1.4456,1.7418,0.94,5.8723,5.8723,1.1546,0.6556,0.6556,2.2314,2.2314,1101496.8919,967618.519,803069.0424,8878064.9487,7799005.2631,,,123.296
000002,万科A,全国地产,深圳,19910129,000002.SZ,20140321,7.57,8.08,7.45,8.01,7.51,0.5,6.66,2704395.01,2118807.0099,2.7949,3.3676,2.23,5.8359,5.8359,1.1474,0.6515,0.6515,2.2453,2.2453,1101496.8919,967618.519,803069.0424,8822990.1041,7750624.3372,,,123.296
000002,万科A,全国地产,深圳,19910129,000002.SZ,20140320,7.5,7.73,7.4,7.51,7.5,0.01,0.13,1154551.87,876828.993,1.1932,1.433,0.9,5.4716,5.4716,1.0758,0.6109,0.6109,2.3948,2.3948,1101496.8919,967618.519,805709.0424,8272241.6582,7266815.0777,,,123.296
000002,万科A,全国地产,深圳,19910129,000002.SZ,20140319,7.51,7.54,7.24,7.5,7.6,-0.1,-1.32,1575462.81,1158670.9839,1.6282,1.9554,1.14,5.4643,5.4643,1.0743,0.6101,0.6101,2.398,2.398,1101496.8919,967618.519,805709.0424,8261226.6893,7257138.8925,,,123.296
000002,万科A,全国地产,深圳,19910129,000002.SZ,20140318,7.76,7.76,7.55,7.6,7.76,-0.16,-2.06,843899.56,642680.6235,0.8721,1.0474,0.53,5.5372,5.5372,1.0887,0.6182,0.6182,2.3664,2.3664,1101496.8919,967618.519,805709.0424,8371376.3784,7353900.7444,,,123.296
000002,万科A,全国地产,深圳,19910129,000002.SZ,20140317,7.6,7.8,7.59,7.76,7.53,0.23,3.05,1177079.0,908293.0303,1.2165,1.4609,0.74,5.6537,5.6537,1.1116,0.6312,0.6312,2.3176,2.3176,1101496.8919,967618.519,805709.0424,8547615.8811,7508719.7074,,,123.296
000002,万科A,全国地产,深圳,19910129,000002.SZ,20140314,7.68,7.81,7.5,7.53,7.71,-0.18,-2.33,1303109.97,996213.4118,1.3467,1.6173,0.78,5.4862,5.4862,1.0786,0.6125,0.6125,2.3884,2.3884,1101496.8919,967618.519,805709.0424,8294271.596,7286167.4481,,,123.296
000002,万科A,全国地产,深圳,19910129,000002.SZ,20140313,7.58,7.85,7.53,7.71,7.6,0.11,1.45,1492358.72,1149903.9734,1.5423,1.8522,0.78,5.6173,5.6173,1.1044,0.6271,0.6271,2.3327,2.3327,1101496.8919,967618.519,805709.0424,8492541.0365,7460338.7815,,,123.296
000002,万科A,全国地产,深圳,19910129,000002.SZ,20140312,7.48,7.85,7.42,7.6,7.5,0.1,1.33,2089872.85,1603158.7273,2.1598,2.5938,1.3,5.5372,5.5372,1.0887,0.6182,0.6182,2.3664,2.3664,1101496.8919,967618.519,805709.0424,8371376.3784,7353900.7444,,,123.296
000002,万科A,全国地产,深圳,19910129,000002.SZ,20140311,7.19,7.59,7.15,7.5,7.15,0.35,4.9,1892488.09,1412509.3854,1.9558,2.3488,1.15,5.4643,5.4643,1.0743,0.6101,0.6101,2.398,2.398,1101496.8919,967618.519,805709.0424,8261226.6893,7257138.8925,,,123.296
000002,万科A,全国地产,深圳,19910129,000002.SZ,20140310,7.22,7.33,7.04,7.15,7.27,-0.12,-1.65,1164026.0,837063.0959,1.203,1.4447,0.74,5.2093,5.2093,1.0242,0.5816,0.5816,2.5154,2.5154,1101496.8919,967618.519,805709.0424,7875702.7771,6918472.4109,,,123.296
000002,万科A,全国地产,深圳,19910129,000002.SZ,20140307,7.34,7.46,7.23,7.27,7.32,-0.05,-0.68,1719535.02,1263703.9604,1.7771,2.1342,1.26,5.2967,5.2967,1.0414,0.5913,0.5913,2.4738,2.4738,1101496.8919,967618.519,805709.0424,8007882.4041,7034586.6331,,,123.296
000002,万科A,全国地产,深圳,19910129,000002.SZ,20140306,6.76,7.43,6.69,7.32,6.76,0.56,8.28,2660970.04,1900909.5349,2.7504,3.3032,2.69,6.4233,5.9143,1.181,0.7818,0.6696,2.457,2.457,1101372.4969,967494.124,805584.6474,8062046.6773,7082056.9877,,,123.296
000002,万科A,全国地产,深圳,19910129,000002.SZ,20140305,6.92,6.92,6.75,6.76,6.92,-0.16,-2.31,590262.44,402549.8546,0.6101,0.7327,0.56,5.9319,5.4618,1.0906,0.722,0.6184,2.6605,2.6605,1101372.4969,967494.124,805584.6474,7445278.079,6540260.2782,,,123.296
000002,万科A,全国地产,深圳,19910129,000002.SZ,20140304,7.0,7.1,6.78,6.92,6.64,0.28,4.22,2122496.01,1467381.1519,2.1938,2.6347,2.37,6.0723,5.5911,1.1164,0.7391,0.633,2.599,2.599,1101372.4969,967494.124,805584.6474,7621497.6785,6695059.3381,,,123.296
000002,万科A,全国地产,深圳,19910129,000002.SZ,20140303,6.67,6.71,6.56,6.64,6.72,-0.08,-1.19,760743.55,503907.2458,0.7863,0.9443,0.68,5.8266,5.3649,1.0713,0.7092,0.6074,2.7086,2.7086,1101372.4969,967494.124,805584.6474,7313113.3794,6424160.9834,,,123.296
000002,万科A,全国地产,深圳,19910129,000002.SZ,20140228,6.61,6.74,6.58,6.72,6.59,0.13,1.97,679408.34,452668.8023,0.7022,0.8434,0.57,5.8968,5.4295,1.0842,0.7178,0.6147,2.6763,2.6763,1101372.4969,967494.124,805584.6474,7401223.1792,6501560.5133,,,123.296
000002,万科A,全国地产,深圳,19910129,000002.SZ,20140227,6.71,6.72,6.55,6.59,6.68,-0.09,-1.35,790142.0,524217.7606,0.8167,0.9808,0.65,5.7828,5.3245,1.0632,0.7039,0.6028,2.7291,2.7291,1101372.4969,967494.124,805584.6474,7258044.7546,6375786.2772,,,123.296
000002,万科A,全国地产,深圳,19910129,000002.SZ,20140226,6.57,6.71,6.52,6.68,6.57,0.11,1.67,941904.88,620173.2274,0.9736,1.1692,0.78,5.8617,5.3972,1.0777,0.7135,0.611,2.6924,2.6924,1101372.4969,967494.124,805584.6474,7357168.2793,6462860.7483,,,123.296
000002,万科A,全国地产,深圳,19910129,000002.SZ,20140225,6.7,6.74,6.55,6.57,6.69,-0.12,-1.79,1299324.67,860119.108,1.343,1.6129,1.17,5.7652,5.3083,1.06,0.7017,0.601,2.7374,2.7374,1101372.4969,967494.124,805584.6474,7236017.3046,6356436.3947,,,123.296
000002,万科A,全国地产,深圳,19910129,000002.SZ,20140224,7.0,7.01,6.62,6.69,7.16,-0.47,-6.56,1904246.62,1282595.4043,1.9682,2.3638,2.11,5.8705,5.4053,1.0793,0.7146,0.612,2.6883,2.6883,1101372.4969,967494.124,805584.6474,7368182.0043,6472535.6896,,,123.296
000002,万科A,全国地产,深圳,19910129,000002.SZ,20140221,7.31,7.35,7.1,7.16,7.32,-0.16,-2.19,1052345.43,758288.5917,1.0877,1.3063,1.19,6.2829,5.785,1.1552,0.7648,0.655,2.5119,2.5119,1101372.4969,967494.124,805584.6474,7885827.0778,6927257.9278,,,123.296
000002,万科A,全国地产,深圳,19910129,000002.SZ,20140220,7.37,7.48,7.3,7.32,7.37,-0.05,-0.68,900218.01,665030.7447,0.9305,1.1175,1.04,6.4233,5.9143,1.181,0.7818,0.6696,2.457,2.457,1101372.4969,967494.124,805584.6474,8062046.6773,7082056.9877,,,123.296
000002,万科A,全国地产,深圳,19910129,000002.SZ,20140219,7.27,7.4,7.23,7.37,7.27,0.1,1.38,918517.94,672856.4556,0.9494,1.1402,1.08,6.4672,5.9547,1.189,0.7872,0.6742,2.4403,2.4403,1101372.4969,967494.124,805584.6474,8117115.3022,7130431.6939,,,123.296
000002,万科A,全国地产,深圳,19910129,000002.SZ,20140218,7.36,7.36,7.26,7.27,7.37,-0.1,-1.36,781694.62,571227.2953,0.808,0.9703,0.86,6.3795,5.8739,1.1729,0.7765,0.665,2.4739,2.4739,1101372.4969,967494.124,805584.6474,8006978.0525,7033682.2815,,,123.296
000002,万科A,全国地产,深圳,19910129,000002.SZ,20140217,7.4,7.42,7.3,7.37,7.37,0.0,0.0,851339.04,625666.3473,0.8799,1.0568,0.89,6.4672,5.9547,1.189,0.7872,0.6742,2.4403,2.4403,1101372.4969,967494.124,805584.6474,8117115.3022,7130431.6939,,,123.296
000002,万科A,全国地产,深圳,19910129,000002.SZ,20140214,7.41,7.45,7.3,7.37,7.41,-0.04,-0.54,953287.46,700988.6264,0.9853,1.1833,1.1,6.4672,5.9547,1.189,0.7872,0.6742,2.4403,2.4403,1101372.4969,967494.124,805584.6474,8117115.3022,7130431.6939,,,123.296
000002,万科A,全国地产,深圳,19910129,000002.SZ,20140213,7.52,7.52,7.38,7.41,7.52,-0.11,-1.46,843051.17,627264.9823,0.8714,1.0465,1.09,6.5023,5.987,1.1955,0.7915,0.6778,2.4271,2.4271,1101372.4969,967494.124,805584.6474,8161170.202,7169131.4588,,,123.296
000002,万科A,全国地产,深圳,19910129,000002.SZ,20140212,7.53,7.61,7.49,7.52,7.55,-0.03,-0.4,837754.37,630865.7952,0.8659,1.0399,1.18,6.5988,6.0759,1.2132,0.8032,0.6879,2.3916,2.3916,1101372.4969,967494.124,805584.6474,8282321.1767,7275555.8125,,,123.296
000002,万科A,全国地产,深圳,19910129,000002.SZ,20140211,7.5,7.62,7.43,7.55,7.51,0.04,0.53,1084446.65,816144.1222,1.1209,1.3462,1.88,6.6252,6.1001,1.2181,0.8064,0.6906,2.3821,2.3821,1101372.4969,967494.124,805584.6474,8315362.3516,7304580.6362,,,123.296
000002,万科A,全国地产,深圳,19910129,000002.SZ,20140210,7.45,7.55,7.42,7.51,7.41,0.1,1.35,1062379.9,795673.0037,1.0981,1.3188,2.1,6.5901,6.0678,1.2116,0.8021,0.687,2.3948,2.3948,1101372.4969,967494.124,805584.6474,8271307.4517,7265880.8712,,,123.296
000002,万科A,全国地产,深圳,19910129,000002.SZ,20140207,7.34,7.41,7.24,7.41,7.38,0.03,0.41,498530.3,364212.8164,0.5153,0.6188,0.73,6.5023,5.987,1.1955,0.7915,0.6778,2.4271,2.4271,1101372.4969,967494.124,805584.6474,8161170.202,7169131.4588,,,123.296
000002,万科A,全国地产,深圳,19910129,000002.SZ,20140130,7.52,7.52,7.36,7.38,7.54,-0.16,-2.12,392538.66,290734.0447,0.4057,0.4873,0.52,6.476,5.9627,1.1907,0.7882,0.6751,2.437,2.437,1101372.4969,967494.124,805584.6474,8128129.0271,7140106.6351,,,123.296
000002,万科A,全国地产,深圳,19910129,000002.SZ,20140129,7.67,7.68,7.48,7.54,7.64,-0.1,-1.31,507991.73,383233.588,0.5251,0.6306,0.57,6.6164,6.092,1.2165,0.8053,0.6897,2.3853,2.3853,1101372.4969,967494.124,805584.6474,8304348.6266,7294905.695,,,123.296
000002,万科A,全国地产,深圳,19910129,000002.SZ,20140128,7.7,7.79,7.53,7.64,7.65,-0.01,-0.13,423566.51,324017.0893,0.4378,0.5258,0.47,6.7041,6.1728,1.2326,0.816,0.6989,2.354,2.354,1101372.4969,967494.124,805584.6474,8414485.8763,7391655.1074,,,123.296
000002,万科A,全国地产,深圳,19910129,000002.SZ,20140127,7.7,7.77,7.58,7.65,7.79,-0.14,-1.8,706739.37,542034.1413,0.7305,0.8773,0.84,6.7129,6.1809,1.2342,0.8171,0.6998,2.351,2.351,1101372.4969,967494.124,805584.6474,8425499.6013,7401330.0486,,,123.296
000002,万科A,全国地产,深圳,19910129,000002.SZ,20140124,7.47,7.93,7.45,7.79,7.49,0.3,4.01,1361815.76,1058260.8346,1.4076,1.6905,2.02,6.8358,6.294,1.2568,0.832,0.7126,2.3087,2.3087,1101372.4969,967494.124,805584.6474,8579691.7509,7536779.226,,,123.296
000002,万科A,全国地产,深圳,19910129,000002.SZ,20140123,7.64,7.66,7.43,7.49,7.62,-0.13,-1.71,787573.1,591438.6401,0.814,0.9776,1.28,6.5725,6.0516,1.2084,0.8,0.6851,2.4012,2.4012,1101372.4969,967494.124,805584.6474,8249280.0018,7246530.9888,,,123.296
000002,万科A,全国地产,深圳,19910129,000002.SZ,20140122,7.24,7.68,7.22,7.62,7.22,0.4,5.54,1140576.48,857607.7466,1.1789,1.4158,2.36,6.6866,6.1567,1.2294,0.8139,0.697,2.3602,2.3602,1101372.4969,967494.124,805584.6474,8392458.4264,7372305.2249,,,123.296
000002,万科A,全国地产,深圳,19910129,000002.SZ,20140121,7.15,7.27,7.15,7.22,7.13,0.09,1.26,480306.88,346932.3986,0.4964,0.5962,0.86,6.3356,5.8335,1.1648,0.7712,0.6604,2.491,2.491,1101372.4969,967494.124,805584.6474,7951909.4276,6985307.5753,,,123.296
000002,万科A,全国地产,深圳,19910129,000002.SZ,20140120,7.06,7.16,7.04,7.13,7.08,0.05,0.71,411916.16,292738.0394,0.4258,0.5113,0.58,6.2566,5.7608,1.1503,0.7615,0.6522,2.5224,2.5224,1101372.4969,967494.124,805584.6474,7852785.9029,6898233.1041,,,123.296
000002,万科A,全国地产,深圳,19910129,000002.SZ,20140117,7.17,7.18,7.08,7.08,7.19,-0.11,-1.53,555667.76,396446.9051,0.5743,0.6898,0.8,6.2127,5.7204,1.1423,0.7562,0.6476,2.5402,2.5402,1101372.4969,967494.124,805584.6474,7797717.2781,6849858.3979,,,123.296
000002,万科A,全国地产,深圳,19910129,000002.SZ,20140116,7.18,7.22,7.12,7.19,7.17,0.02,0.28,476950.31,342032.0889,0.493,0.5921,0.62,6.3093,5.8092,1.16,0.768,0.6577,2.5014,2.5014,1101372.4969,967494.124,805584.6474,7918868.2527,6956282.7516,,,123.296
000002,万科A,全国地产,深圳,19910129,000002.SZ,20140115,7.21,7.23,7.12,7.17,7.23,-0.06,-0.83,491753.39,352430.044,0.5083,0.6104,0.62,6.2917,5.7931,1.1568,0.7658,0.6559,2.5084,2.5084,1101372.4969,967494.124,805584.6474,7896840.8028,6936932.8691,,,123.296
000002,万科A,全国地产,深圳,19910129,000002.SZ,20140114,7.18,7.26,7.13,7.23,7.24,-0.01,-0.14,869623.15,624901.6816,0.8988,1.0795,1.19,6.3444,5.8416,1.1665,0.7722,0.6614,2.4875,2.4875,1101372.4969,967494.124,805584.6474,7962923.1526,6994982.5165,,,123.296
000002,万科A,全国地产,深圳,19910129,000002.SZ,20140113,7.39,7.42,7.06,7.24,7.38,-0.14,-1.9,1187554.34,853376.8863,1.2275,1.4742,1.6,6.3531,5.8496,1.1681,0.7733,0.6623,2.4841,2.4841,1101372.4969,967494.124,805584.6474,7973936.8776,7004657.4578,,,123.296
000002,万科A,全国地产,深圳,19910129,000002.SZ,20140110,7.42,7.47,7.37,7.38,7.46,-0.08,-1.07,467698.21,346476.2323,0.4834,0.5806,0.62,6.476,5.9627,1.1907,0.7882,0.6751,2.437,2.437,1101372.4969,967494.124,805584.6474,8128129.0271,7140106.6351,,,123.296
000002,万科A,全国地产,深圳,19910129,000002.SZ,20140109,7.43,7.52,7.35,7.46,7.42,0.04,0.54,817234.47,608623.7196,0.8447,1.0145,1.18,6.5462,6.0274,1.2036,0.7968,0.6824,2.4109,2.4109,1101372.4969,967494.124,805584.6474,8216238.8269,7217506.165,,,123.296
000002,万科A,全国地产,深圳,19910129,000002.SZ,20140108,7.45,7.51,7.38,7.42,7.43,-0.01,-0.13,594532.93,442046.9253,0.6145,0.738,0.83,6.5111,5.9951,1.1971,0.7925,0.6787,2.4238,2.4238,1101372.4969,967494.124,805584.6474,8172183.927,7178806.4001,,,123.296
000002,万科A,全国地产,深圳,19910129,000002.SZ,20140107,7.43,7.51,7.34,7.43,7.48,-0.05,-0.67,601149.1,446992.7235,0.6213,0.7462,0.81,6.5199,6.0031,1.1987,0.7936,0.6796,2.4206,2.4206,1101372.4969,967494.124,805584.6474,8183197.652,7188481.3413,,,123.296
000002,万科A,全国地产,深圳,19910129,000002.SZ,20140106,7.82,7.84,7.37,7.48,7.84,-0.36,-4.59,1231594.17,923778.2075,1.273,1.5288,1.9,6.5637,6.0435,1.2068,0.7989,0.6842,2.4044,2.4044,1101372.4969,967494.124,805584.6474,8238266.2768,7236856.0475,,,123.296
000002,万科A,全国地产,深圳,19910129,000002.SZ,20140103,7.97,7.97,7.76,7.84,7.99,-0.15,-1.88,540467.03,424761.292,0.5586,0.6709,0.84,6.8796,6.3344,1.2649,0.8374,0.7172,2.294,2.294,1101372.4969,967494.124,805584.6474,8634760.3757,7585153.9322,,,123.296
000002,万科A,全国地产,深圳,19910129,000002.SZ,20140102,7.99,8.07,7.92,7.99,8.03,-0.04,-0.5,485299.22,387391.0664,0.5016,0.6024,0.76,7.0113,6.4556,1.2891,0.8534,0.7309,2.2509,2.2509,1101372.4969,967494.124,805584.6474,8799966.2502,7730278.0508,,,123.296
000002,万科A,全国地产,深圳,19910129,000002.SZ,20131231,7.79,8.07,7.74,8.03,7.86,0.17,2.16,723163.96,574458.8739,0.7475,0.8977,1.2,7.0464,6.4879,1.2955,0.8577,0.7345,1.6156,2.2397,1101372.4969,967494.124,805584.6474,8844021.1501,7768977.8157,,,123.296
000002,万科A,全国地产,深圳,19910129,000002.SZ,20131230,8.05,8.07,7.8,7.86,8.03,-0.17,-2.12,747056.8,590734.3729,0.7722,0.9273,1.29,6.8972,6.3506,1.2681,0.8395,0.719,1.6506,2.2882,1101372.4969,967494.124,805584.6474,8656787.8256,7604503.8146,,,123.296
000002,万科A,全国地产,深圳,19910129,000002.SZ,20131227,7.85,8.1,7.81,8.03,7.8,0.23,2.95,739642.23,590192.3864,0.7645,0.9181,1.24,7.0464,6.4879,1.2955,0.8577,0.7345,1.6156,2.2397,1101372.4969,967494.124,805584.6474,8844021.1501,7768977.8157,,,123.296
000002,万科A,全国地产,深圳,19910129,000002.SZ,20131226,7.9,7.91,7.75,7.8,7.91,-0.11,-1.39,534862.19,418330.0731,0.5528,0.6639,0.88,6.8445,6.3021,1.2584,0.8331,0.7135,1.6633,2.3058,1101372.4969,967494.124,805584.6474,8590705.4758,7546454.1672,,,123.296
000002,万科A,全国地产,深圳,19910129,000002.SZ,20131225,7.83,7.93,7.76,7.91,7.83,0.08,1.02,455414.41,357235.011,0.4707,0.5653,0.74,6.9411,6.391,1.2762,0.8449,0.7236,1.6402,2.2737,1101372.4969,967494.124,805584.6474,8711856.4505,7652878.5208,,,123.296
000002,万科A,全国地产,深圳,19910129,000002.SZ,20131224,7.8,7.95,7.71,7.83,7.79,0.04,0.51,524406.81,411131.9302,0.542,0.651,0.82,6.8709,6.3263,1.2633,0.8363,0.7162,1.6569,2.2969,1101372.4969,967494.124,805584.6474,8623746.6507,7575478.9909,,,123.296
000002,万科A,全国地产,深圳,19910129,000002.SZ,20131223,7.86,7.9,7.72,7.79,7.85,-0.06,-0.76,646420.37,503004.1217,0.6681,0.8024,1.04,6.8358,6.294,1.2568,0.832,0.7126,1.6654,2.3087,1101372.4969,967494.124,805584.6474,8579691.7509,7536779.226,,,123.296
000002,万科A,全国地产,深圳,19910129,000002.SZ,20131220,8.18,8.19,7.85,7.85,8.14,-0.29,-3.56,831831.47,664027.1585,0.8598,1.0326,1.55,6.8884,6.3425,1.2665,0.8384,0.7181,1.6527,2.2911,1101372.4969,967494.124,805584.6474,8645774.1007,7594828.8734,,,123.296
000002,万科A,全国地产,深圳,19910129,000002.SZ,20131219,8.28,8.32,8.11,8.14,8.26,-0.12,-1.45,586664.09,480576.8917,0.6064,0.7282,1.18,7.1429,6.5768,1.3133,0.8694,0.7446,1.5938,2.2095,1101372.4969,967494.124,805584.6474,8965172.1248,7875402.1694,,,123.296
000002,万科A,全国地产,深圳,19910129,000002.SZ,20131218,8.3,8.33,8.24,8.26,8.27,-0.01,-0.12,467678.49,386769.9375,0.4834,0.5805,0.91,7.2482,6.6738,1.3326,0.8822,0.7556,1.5707,2.1774,1101372.4969,967494.124,805584.6474,9097336.8244,7991501.4642,,,123.296
000002,万科A,全国地产,深圳,19910129,000002.SZ,20131217,8.45,8.46,8.25,8.27,8.43,-0.16,-1.9,665632.5,555024.0977,0.688,0.8263,1.36,7.257,6.6818,1.3343,0.8833,0.7565,1.5688,2.1747,1101372.4969,967494.124,805584.6474,9108350.5494,8001176.4055,,,123.296
000002,万科A,全国地产,深圳,19910129,000002.SZ,20131216,8.56,8.59,8.42,8.43,8.54,-0.11,-1.29,561202.75,476422.8216,0.5801,0.6966,1.21,7.3974,6.8111,1.3601,0.9004,0.7711,1.539,2.1334,1101372.4969,967494.124,805584.6474,9284570.1489,8155975.4653,,,123.296
000002,万科A,全国地产,深圳,19910129,000002.SZ,20131213,8.5,8.6,8.49,8.54,8.53,0.01,0.12,409648.79,350349.2815,0.4234,0.5085,0.86,7.4939,6.9,1.3778,0.9121,0.7812,1.5192,2.106,1101372.4969,967494.124,805584.6474,9405721.1235,8262399.819,8.97,7.34,123.296
000002,万科A,全国地产,深圳,19910129,000002.SZ,20131212,8.52,8.58,8.51,8.53,8.54,-0.01,-0.12,390133.17,333275.2596,0.4032,0.4843,0.73,7.4851,6.8919,1.3762,0.9111,0.7803,1.5209,2.1084,1101372.4969,967494.124,805584.6474,9394707.3986,8252724.8777,8.93,7.31,123.296
000002,万科A,全国地产,深圳,19910129,000002.SZ,20131211,8.62,8.65,8.52,8.54,8.67,-0.13,-1.5,549400.27,471522.3428,0.5679,0.682,0.89,7.4939,6.9,1.3778,0.9121,0.7812,1.5192,2.106,1101372.4969,967494.124,805584.6474,9405721.1235,8262399.819,,,123.296
000002,万科A,全国地产,深圳,19910129,000002.SZ,20131210,8.62,8.71,8.62,8.67,8.62,0.05,0.58,538959.67,466805.4123,0.5571,0.669,0.86,7.608,7.005,1.3988,0.926,0.7931,1.4964,2.0744,1101372.4969,967494.124,805584.6474,9548899.5481,8388174.0551,9.1,7.44,123.296
000002,万科A,全国地产,深圳,19910129,000002.SZ,20131209,8.69,8.74,8.59,8.62,8.67,-0.05,-0.58,424546.23,366620.3263,0.4388,0.527,0.61,7.5641,6.9646,1.3907,0.9207,0.7885,1.5051,2.0864,1101372.4969,967494.124,805584.6474,9493830.9233,8339799.3489,9.15,7.49,123.296
000002,万科A,全国地产,深圳,19910129,000002.SZ,20131206,8.7,8.78,8.63,8.67,8.74,-0.07,-0.8,490289.93,426051.2276,0.5068,0.6086,0.64,7.608,7.005,1.3988,0.926,0.7931,1.4964,2.0744,1101372.4969,967494.124,805584.6474,9548899.5481,8388174.0551,,,123.296
000002,万科A,全国地产,深圳,19910129,000002.SZ,20131205,8.74,8.84,8.69,8.74,8.74,0.0,0.0,651591.92,570902.3386,0.6735,0.8088,0.78,7.6694,7.0616,1.4101,0.9335,0.7995,1.4844,2.0578,1101372.4969,967494.124,805584.6474,9625995.6229,8455898.6438,,,123.296
000002,万科A,全国地产,深圳,19910129,000002.SZ,20131204,8.6,8.85,8.58,8.74,8.65,0.09,1.04,969203.5,846575.0353,1.0018,1.2031,1.26,7.6694,7.0616,1.4101,0.9335,0.7995,1.4844,2.0578,1101372.4969,967494.124,805584.6474,9625995.6229,8455898.6438,,,123.296
000002,万科A,全国地产,深圳,19910129,000002.SZ,20131203,8.55,8.69,8.49,8.65,8.56,0.09,1.05,605278.9,519792.3584,0.6256,0.7514,0.76,7.5904,6.9889,1.3956,0.9239,0.7912,1.4998,2.0792,1101372.4969,967494.124,805584.6474,9526872.0982,8368824.1726,8.97,7.34,123.296
000002,万科A,全国地产,深圳,19910129,000002.SZ,20131202,8.7,8.74,8.53,8.56,8.76,-0.2,-2.28,745238.65,641639.5323,0.7703,0.9251,0.93,7.5114,6.9161,1.381,0.9143,0.783,1.5156,2.101,1101372.4969,967494.124,805584.6474,9427748.5735,8281749.7014,,,123.296
000002,万科A,全国地产,深圳,19910129,000002.SZ,20131129,8.7,8.84,8.66,8.76,8.69,0.07,0.81,833610.67,731698.962,0.8616,1.0348,1.07,7.6869,7.0777,1.4133,0.9356,0.8013,1.481,2.0531,1101372.4969,967494.124,805584.6474,9648023.0728,8475248.5262,,,123.296
000002,万科A,全国地产,深圳,19910129,000002.SZ,20131128,8.56,8.8,8.56,8.69,8.56,0.13,1.52,998544.92,869717.9864,1.0321,1.2395,1.3,7.6255,7.0212,1.402,0.9282,0.7949,1.4929,2.0696,1101372.4969,967494.124,805584.6474,9570926.9981,8407523.9376,,,123.296
000002,万科A,全国地产,深圳,19910129,000002.SZ,20131127,8.54,8.6,8.48,8.56,8.54,0.02,0.23,653111.28,557259.7688,0.6751,0.8107,0.9,7.5114,6.9161,1.381,0.9143,0.783,1.5156,2.101,1101372.4969,967494.124,805584.6474,9427748.5735,8281749.7014,8.93,7.31,123.296
000002,万科A,全国地产,深圳,19910129,000002.SZ,20131126,8.61,8.65,8.5,8.54,8.61,-0.07,-0.81,728159.94,624122.3627,0.7526,0.9039,1.02,7.4939,6.9,1.3778,0.9121,0.7812,1.5192,2.106,1101372.4969,967494.124,805584.6474,9405721.1235,8262399.819,,,123.296
000002,万科A,全国地产,深圳,19910129,000002.SZ,20131125,8.6,8.69,8.5,8.61,8.7,-0.09,-1.03,790644.59,679875.1424,0.8172,0.9815,1.02,7.5553,6.9565,1.3891,0.9196,0.7876,1.5068,2.0888,1101372.4969,967494.124,805584.6474,9482817.1983,8330124.4076,,,123.296
000002,万科A,全国地产,深圳,19910129,000002.SZ,20131122,8.83,8.88,8.68,8.7,8.83,-0.13,-1.47,738318.37,645570.731,0.7631,0.9165,0.93,7.6343,7.0293,1.4036,0.9292,0.7958,1.4912,2.0672,1101372.4969,967494.124,805584.6474,9581940.723,8417198.8788,9.25,7.57,123.296
000002,万科A,全国地产,深圳,19910129,000002.SZ,20131121,9.0,9.0,8.71,8.83,9.1,-0.27,-2.97,921843.86,813085.1982,0.9528,1.1443,1.26,7.7484,7.1343,1.4246,0.9431,0.8077,1.4693,2.0368,1101372.4969,967494.124,805584.6474,9725119.1476,8542973.1149,,,123.296
000002,万科A,全国地产,深圳,19910129,000002.SZ,20131120,9.13,9.18,9.02,9.1,9.08,0.02,0.22,462247.23,419314.8193,0.4778,0.5738,0.64,7.9853,7.3524,1.4682,0.972,0.8324,1.4257,1.9764,1101372.4969,967494.124,805584.6474,10022489.7218,8804196.5284,,,123.296
000002,万科A,全国地产,深圳,19910129,000002.SZ,20131119,9.19,9.19,9.03,9.08,9.2,-0.12,-1.3,641198.79,582858.964,0.6627,0.7959,0.94,7.9677,7.3363,1.4649,0.9698,0.8306,1.4288,1.9807,1101372.4969,967494.124,805584.6474,10000462.2719,8784846.6459,,,123.296
000002,万科A,全国地产,深圳,19910129,000002.SZ,20131118,8.92,9.21,8.83,9.2,8.91,0.29,3.25,1129268.65,1022804.0126,1.1672,1.4018,1.94,8.073,7.4332,1.4843,0.9826,0.8416,1.4102,1.9549,1101372.4969,967494.124,805584.6474,10132626.9715,8900945.9408,,,123.296
000002,万科A,全国地产,深圳,19910129,000002.SZ,20131115,8.69,9.01,8.65,8.91,8.69,0.22,2.53,820400.61,727417.236,0.848,1.0184,1.61,7.8186,7.1989,1.4375,0.9517,0.815,1.4561,2.0185,1101372.4969,967494.124,805584.6474,9813228.9474,8620372.6448,9.14,7.48,123.296
000002,万科A,全国地产,深圳,19910129,000002.SZ,20131114,8.83,8.88,8.57,8.69,8.76,-0.07,-0.7991,612569.91,530626.7993,0.6332,0.7604,1.32,7.6255,7.0212,1.402,0.9282,0.7949,1.4929,2.0696,1101372.4969,967494.124,805584.6474,9570926.9981,8407523.9376,,,123.296
000002,万科A,全国地产,深圳,19910129,000002.SZ,20131113,8.82,8.88,8.74,8.76,8.81,-0.05,-0.57,410397.36,361462.2382,0.4242,0.5094,0.81,7.6869,7.0777,1.4133,0.9356,0.8013,1.481,2.0531,1101372.4969,967494.124,805584.6474,9648023.0728,8475248.5262,9.24,7.56,123.296
000002,万科A,全国地产,深圳,19910129,000002.SZ,20131112,8.7,8.84,8.66,8.81,8.71,0.1,1.15,436926.19,382832.1023,0.4516,0.5424,0.87,7.7308,7.1181,1.4214,0.941,0.8059,1.4726,2.0414,1101372.4969,967494.124,805584.6474,9703091.6977,8523623.2324,,,123.296
000002,万科A,全国地产,深圳,19910129,000002.SZ,20131111,8.87,8.9,8.49,8.71,8.87,-0.16,-1.8,631616.14,547722.8366,0.6528,0.784,1.3,7.6431,7.0373,1.4052,0.9303,0.7967,1.4895,2.0649,1101372.4969,967494.124,805584.6474,9592954.448,8426873.82,,,123.296
000002,万科A,全国地产,深圳,19910129,000002.SZ,20131108,8.95,9.05,8.85,8.87,8.97,-0.1,-1.11,458153.09,409436.7018,0.4735,0.5687,0.79,7.7835,7.1666,1.4311,0.9474,0.8114,1.4626,2.0276,1101372.4969,967494.124,805584.6474,9769174.0475,8581672.8799,,,123.296
000002,万科A,全国地产,深圳,19910129,000002.SZ,20131107,9.01,9.04,8.9,8.97,9.02,-0.05,-0.55,391304.88,350915.1566,0.4045,0.4857,0.44,7.8712,7.2474,1.4472,0.9581,0.8205,1.4463,2.005,1101372.4969,967494.124,805584.6474,9879311.2972,8678422.2923,,,123.296
000002,万科A,全国地产,深圳,19910129,000002.SZ,20131106,9.15,9.16,9.0,9.02,9.2,-0.18,-1.96,614838.7,556198.5759,0.6355,0.7632,0.64,7.9151,7.2878,1.4553,0.9634,0.8251,1.4383,1.9939,1101372.4969,967494.124,805584.6474,9934379.922,8726796.9985,,,123.296
000002,万科A,全国地产,深圳,19910129,000002.SZ,20131105,9.17,9.22,9.07,9.2,9.2,0.0,0.0,427891.75,390671.7933,0.4423,0.5312,0.41,8.073,7.4332,1.4843,0.9826,0.8416,1.4102,1.9549,1101372.4969,967494.124,805584.6474,10132626.9715,8900945.9408,,,123.296
000002,万科A,全国地产,深圳,19910129,000002.SZ,20131104,9.48,9.49,9.18,9.2,9.39,-0.19,-2.02,536946.82,497895.3334,0.555,0.6665,0.51,8.073,7.4332,1.4843,0.9826,0.8416,1.4102,1.9549,1101372.4969,967494.124,805584.6474,10132626.9715,8900945.9408,,,123.296
000002,万科A,全国地产,深圳,19910129,000002.SZ,20131101,9.15,9.5,9.11,9.39,9.21,0.18,1.95,921133.17,863300.6459,0.9521,1.1434,0.95,8.2398,7.5867,1.5149,1.0029,0.8589,1.3816,1.9153,1101372.4969,967494.124,805584.6474,10341887.7459,9084769.8244,,,123.296
000002,万科A,全国地产,深圳,19910129,000002.SZ,20131031,9.29,9.65,9.2,9.21,9.08,0.13,1.43,1958996.1,1845068.0374,2.0248,2.4318,2.73,8.0818,7.4413,1.4859,0.9837,0.8425,1.4086,1.9528,1101372.4969,967494.124,805584.6474,10143640.6964,8910620.882,,,123.296
000002,万科A,全国地产,深圳,19910129,000002.SZ,20131030,8.97,9.1,8.78,9.08,8.85,0.23,2.6,925828.55,830576.6486,0.9569,1.1493,1.36,7.9677,7.3363,1.4649,0.9698,0.8306,1.4288,1.9807,1101372.4969,967494.124,805584.6474,10000462.2719,8784846.6459,,,123.296
000002,万科A,全国地产,深圳,19910129,000002.SZ,20131029,8.74,8.95,8.67,8.85,8.73,0.12,1.37,871137.38,766292.0055,0.9004,1.0814,1.38,7.7659,7.2836,1.4626,0.9453,0.8566,1.4661,2.0324,1101372.4969,967494.124,805584.6474,9747146.5976,8562322.9974,,,123.296
000002,万科A,全国地产,深圳,19910129,000002.SZ,20131028,8.95,8.95,8.71,8.73,8.9,-0.17,-1.91,555735.19,487362.8851,0.5744,0.6899,0.85,7.6606,7.1848,1.4427,0.9324,0.845,1.4863,2.0604,1101372.4969,967494.124,805584.6474,9614981.8979,8446223.7025,,,123.296
000002,万科A,全国地产,深圳,19910129,000002.SZ,20131025,8.97,9.06,8.87,8.9,8.96,-0.06,-0.67,517160.0,463207.5001,0.5345,0.642,0.8,7.8098,7.3247,1.4708,0.9506,0.8615,1.4579,2.021,1101372.4969,967494.124,805584.6474,9802215.2224,8610697.7036,,,123.296
000002,万科A,全国地产,深圳,19910129,000002.SZ,20131024,9.0,9.17,8.84,8.96,9.07,-0.11,-1.21,714008.47,643120.7322,0.738,0.8863,1.24,7.8624,7.3741,1.4807,0.957,0.8673,1.4481,2.0075,1101372.4969,967494.124,805584.6474,9868297.5722,8668747.351,,,123.296
000002,万科A,全国地产,深圳,19910129,000002.SZ,20131023,9.1,9.23,9.03,9.07,9.08,-0.01,-0.11,748752.13,682986.9144,0.7739,0.9295,1.35,7.959,7.4646,1.4989,0.9688,0.8779,1.4306,1.9831,1101372.4969,967494.124,805584.6474,9989448.5469,8775171.7047,,,123.296
000002,万科A,全国地产,深圳,19910129,000002.SZ,20131022,9.16,9.17,9.05,9.08,9.18,-0.1,-1.09,625103.06,568539.4989,0.6461,0.776,1.08,7.9677,7.4728,1.5006,0.9698,0.8789,1.429,1.981,1101372.4969,967494.124,805584.6474,10000462.2719,8784846.6459,,,123.296
000002,万科A,全国地产,深圳,19910129,000002.SZ,20131021,9.18,9.2,9.04,9.18,9.17,0.01,0.11,668149.26,609910.0861,0.6906,0.8294,0.98,8.0555,7.5551,1.5171,0.9805,0.8886,1.4134,1.9594,1101372.4969,967494.124,805584.6474,10110599.5215,8881596.0583,,,123.296
000002,万科A,全国地产,深圳,19910129,000002.SZ,20131018,9.09,9.2,9.02,9.17,9.07,0.1,1.1,489381.99,447453.2743,0.5058,0.6075,0.66,8.0467,7.5469,1.5154,0.9794,0.8876,1.415,1.9615,1101372.4969,967494.124,805584.6474,10099585.7966,8871921.1171,,,123.296
000002,万科A,全国地产,深圳,19910129,000002.SZ,20131017,9.13,9.18,9.05,9.07,9.07,0.0,0.0,354531.66,322699.0491,0.3664,0.4401,0.43,7.959,7.4646,1.4989,0.9688,0.8779,1.4306,1.9831,1101372.4969,967494.124,805584.6474,9989448.5469,8775171.7047,,,116.873
000002,万科A,全国地产,深圳,19910129,000002.SZ,20131016,9.14,9.21,9.02,9.07,9.19,-0.12,-1.31,637647.17,579067.2669,0.6591,0.7915,0.74,7.959,7.4646,1.4989,0.9688,0.8779,1.4306,1.9831,1101372.4969,967494.124,805584.6474,9989448.5469,8775171.7047,,,116.873
000002,万科A,全国地产,深圳,19910129,000002.SZ,20131015,9.2,9.22,9.1,9.19,9.2,-0.01,-0.11,750662.33,686715.3687,0.7759,0.9318,0.74,8.0643,7.5634,1.5187,0.9816,0.8895,1.4119,1.9572,1101372.4969,967494.124,805584.6474,10121613.2465,8891270.9996,,,116.873
000002,万科A,全国地产,深圳,19910129,000002.SZ,20131014,9.43,9.43,9.16,9.2,9.44,-0.24,-2.54,1167930.89,1077128.6884,1.2072,1.4498,1.28,8.073,7.5716,1.5204,0.9826,0.8905,1.4103,1.9551,1101372.4969,967494.124,805584.6474,10132626.9715,8900945.9408,,,116.873
000002,万科A,全国地产,深圳,19910129,000002.SZ,20131011,9.45,9.48,9.35,9.44,9.41,0.03,0.32,802257.09,755684.9836,0.8292,0.9959,0.9,8.2836,7.7691,1.5601,1.0083,0.9137,1.3745,1.9054,1101372.4969,967494.124,805584.6474,10396956.3707,9133144.5306,,,116.873
000002,万科A,全国地产,深圳,19910129,000002.SZ,20131010,9.39,9.47,9.3,9.41,9.39,0.02,0.21,727105.73,683140.1949,0.7515,0.9026,0.74,8.2573,7.7444,1.5551,1.0051,0.9108,1.3789,1.9115,1101372.4969,967494.124,805584.6474,10363915.1958,9104119.7068,,,116.873
000002,万科A,全国地产,深圳,19910129,000002.SZ,20131009,9.5,9.51,9.32,9.39,9.55,-0.16,-1.68,850365.6,798293.8632,0.8789,1.0556,0.77,8.2398,7.728,1.5518,1.0029,0.9089,1.3818,1.9156,1101372.4969,967494.124,805584.6474,10341887.7459,9084769.8244,,,116.873
000002,万科A,全国地产,深圳,19910129,000002.SZ,20131008,9.11,9.6,9.01,9.55,9.13,0.42,4.6,1546852.82,1451175.0257,1.5988,1.9202,1.5,8.3802,7.8597,1.5782,1.02,0.9244,1.3587,1.8835,1101372.4969,967494.124,805584.6474,10518107.3454,9239568.8842,,,116.873
000002,万科A,全国地产,深圳,19910129,000002.SZ,20130930,9.08,9.18,9.03,9.13,9.06,0.07,0.77,633756.3,576146.5719,0.655,0.7867,0.61,8.0116,7.514,1.5088,0.9752,0.8837,1.4212,1.9701,1101372.4969,967494.124,805584.6474,10055530.8967,8833221.3521,,,116.873
000002,万科A,全国地产,深圳,19910129,000002.SZ,20130927,9.02,9.08,8.95,9.06,9.01,0.05,0.55,695245.83,628136.0534,0.7186,0.863,0.67,7.9502,7.4564,1.4973,0.9677,0.877,1.4321,1.9853,1101372.4969,967494.124,805584.6474,9978434.8219,8765496.7634,,,116.873
000002,万科A,全国地产,深圳,19910129,000002.SZ,20130926,9.2,9.25,8.99,9.01,9.19,-0.18,-1.96,1213940.52,1104822.2368,1.2547,1.5069,1.19,7.9063,7.4152,1.489,0.9623,0.8721,1.4401,1.9963,1101372.4969,967494.124,805584.6474,9923366.1971,8717122.0572,,,116.873
000002,万科A,全国地产,深圳,19910129,000002.SZ,20130925,9.4,9.4,9.15,9.19,9.4,-0.21,-2.23,1450110.49,1343309.9936,1.4988,1.8001,1.58,8.0643,7.5634,1.5187,0.9816,0.8895,1.4119,1.9572,1101372.4969,967494.124,805584.6474,10121613.2465,8891270.9996,,,116.873
000002,万科A,全国地产,深圳,19910129,000002.SZ,20130924,9.62,9.63,9.36,9.4,9.69,-0.29,-2.99,1165625.66,1100583.2558,1.2048,1.4469,1.29,8.2485,7.7362,1.5534,1.004,0.9099,1.3803,1.9135,1101372.4969,967494.124,805584.6474,10352901.4709,9094444.7656,,,116.873
000002,万科A,全国地产,深圳,19910129,000002.SZ,20130923,9.68,9.71,9.58,9.69,9.63,0.06,0.62,709821.61,683878.2582,0.7337,0.8811,0.7,8.503,7.9749,1.6014,1.035,0.9379,1.339,1.8563,1101372.4969,967494.124,805584.6474,10672299.495,9375018.0616,,,116.873
000002,万科A,全国地产,深圳,19910129,000002.SZ,20130918,9.6,9.66,9.56,9.63,9.6,0.03,0.31,631679.5,607352.7077,0.6529,0.7841,0.53,8.4504,7.9255,1.5915,1.0286,0.9321,1.3474,1.8678,1101372.4969,967494.124,805584.6474,10606217.1451,9316968.4141,,,116.873
000002,万科A,全国地产,深圳,19910129,000002.SZ,20130917,9.97,9.97,9.59,9.6,9.92,-0.32,-3.23,1135831.63,1104007.2365,1.174,1.4099,0.98,8.424,7.9008,1.5865,1.0254,0.9292,1.3516,1.8737,1101372.4969,967494.124,805584.6474,10573175.9702,9287943.5904,,,116.873
000002,万科A,全国地产,深圳,19910129,000002.SZ,20130916,10.21,10.28,9.9,9.92,10.14,-0.22,-2.17,931737.89,932469.9984,0.963,1.1566,0.68,8.7048,8.1642,1.6394,1.0595,0.9602,1.308,1.8132,1101372.4969,967494.124,805584.6474,10925615.1692,9597541.7101,,,116.873
000002,万科A,全国地产,深圳,19910129,000002.SZ,20130913,10.21,10.4,10.1,10.14,10.22,-0.08,-0.78,1108856.93,1133408.0494,1.1461,1.3765,0.84,8.8979,8.3452,1.6757,1.083,0.9815,1.2796,1.7739,1101372.4969,967494.124,805584.6474,11167917.1186,9810390.4174,,,116.873
000002,万科A,全国地产,深圳,19910129,000002.SZ,20130912,10.25,10.38,9.97,10.22,10.23,-0.01,-0.1,1255974.32,1273035.0683,1.2982,1.5591,0.98,8.9681,8.4111,1.689,1.0916,0.9892,1.2696,1.76,1101372.4969,967494.124,805584.6474,11256026.9183,9887789.9473,,,116.873
000002,万科A,全国地产,深圳,19910129,000002.SZ,20130911,10.18,10.45,10.1,10.23,10.08,0.15,1.49,1481686.84,1515592.2257,1.5315,1.8393,1.3,8.9769,8.4193,1.6906,1.0927,0.9902,1.2683,1.7583,1101372.4969,967494.124,805584.6474,11267040.6433,9897464.8885,,,116.873
000002,万科A,全国地产,深圳,19910129,000002.SZ,20130910,10.0,10.11,9.9,10.08,9.94,0.14,1.41,1036088.9,1035078.774,1.0709,1.2861,0.82,8.8453,8.2958,1.6658,1.0766,0.9757,1.2872,1.7844,1101372.4969,967494.124,805584.6474,11101834.7688,9752340.7699,,,116.873
000002,万科A,全国地产,深圳,19910129,000002.SZ,20130909,9.57,10.12,9.53,9.94,9.55,0.39,4.08,1945970.12,1922390.2023,2.0114,2.4156,1.84,8.7224,8.1806,1.6427,1.0617,0.9621,1.3054,1.8096,1101372.4969,967494.124,805584.6474,10947642.6192,9616891.5926,,,116.873
000002,万科A,全国地产,深圳,19910129,000002.SZ,20130906,9.63,9.81,9.46,9.55,9.66,-0.11,-1.14,894026.01,854607.9524,0.9241,1.1098,0.88,8.3802,7.8597,1.5782,1.02,0.9244,1.3587,1.8835,1101372.4969,967494.124,805584.6474,10518107.3454,9239568.8842,,,116.873
000002,万科A,全国地产,深圳,19910129,000002.SZ,20130905,9.7,9.9,9.66,9.66,9.63,0.03,0.31,1056883.15,1034821.5342,1.0924,1.3119,1.13,8.4767,7.9502,1.5964,1.0318,0.935,1.3432,1.862,1101372.4969,967494.124,805584.6474,10639258.3201,9345993.2378,,,116.873
000002,万科A,全国地产,深圳,19910129,000002.SZ,20130904,9.65,9.75,9.6,9.63,9.71,-0.08,-0.82,769083.08,743249.1906,0.7949,0.9547,0.79,8.4504,7.9255,1.5915,1.0286,0.9321,1.3474,1.8678,1101372.4969,967494.124,805584.6474,10606217.1451,9316968.4141,,,116.873
000002,万科A,全国地产,深圳,19910129,000002.SZ,20130903,9.35,9.73,9.25,9.71,9.29,0.42,4.52,1640058.85,1565224.4655,1.6952,2.0359,2.13,8.5206,7.9913,1.6047,1.0371,0.9399,1.3363,1.8524,1101372.4969,967494.124,805584.6474,10694326.9449,9394367.944,,,116.873
000002,万科A,全国地产,深圳,19910129,000002.SZ,20130902,9.5,9.52,9.17,9.29,9.46,-0.17,-1.8,922549.15,859782.6698,0.9535,1.1452,1.22,8.152,7.6457,1.5353,0.9923,0.8992,1.3967,1.9362,1101372.4969,967494.124,805584.6474,10231750.4962,8988020.412,,,116.873
000002,万科A,全国地产,深圳,19910129,000002.SZ,20130830,9.44,9.54,9.36,9.46,9.48,-0.02,-0.21,683338.33,645669.2256,0.7063,0.8483,0.89,8.3012,7.7856,1.5634,1.0104,0.9157,1.3716,1.9014,1101372.4969,967494.124,805584.6474,10418983.8207,9152494.413,,,116.873
000002,万科A,全国地产,深圳,19910129,000002.SZ,20130829,9.45,9.5,9.36,9.48,9.45,0.03,0.32,665492.3,626698.0741,0.6879,0.8261,0.89,8.3187,7.802,1.5667,1.0125,0.9176,1.3687,1.8974,1101372.4969,967494.124,805584.6474,10441011.2706,9171844.2955,,,116.873
000002,万科A,全国地产,深圳,19910129,000002.SZ,20130828,9.54,9.54,9.36,9.45,9.63,-0.18,-1.87,927219.85,876145.8843,0.9584,1.151,1.3,8.2924,7.7774,1.5617,1.0093,0.9147,1.373,1.9034,1101372.4969,967494.124,805584.6474,10407970.0957,9142819.4718,,,116.873
000002,万科A,全国地产,深圳,19910129,000002.SZ,20130827,9.69,9.74,9.57,9.63,9.72,-0.09,-0.93,654149.93,630050.4276,0.6761,0.812,0.85,8.4504,7.9255,1.5915,1.0286,0.9321,1.3474,1.8678,1101372.4969,967494.124,805584.6474,10606217.1451,9316968.4141,,,116.873
000002,万科A,全国地产,深圳,19910129,000002.SZ,20130826,9.57,9.73,9.42,9.72,9.56,0.16,1.67,859051.85,824976.7108,0.8879,1.0664,1.07,8.5293,7.9996,1.6063,1.0382,0.9409,1.3349,1.8505,1101372.4969,967494.124,805584.6474,10705340.6699,9404042.8853,,,116.873
000002,万科A,全国地产,深圳,19910129,000002.SZ,20130823,9.65,9.67,9.36,9.56,9.58,-0.02,-0.21,728480.84,692564.3704,0.753,0.9043,0.75,8.3889,7.8679,1.5799,1.0211,0.9254,1.3572,1.8815,1101372.4969,967494.124,805584.6474,10529121.0704,9249243.8254,,,116.873
000002,万科A,全国地产,深圳,19910129,000002.SZ,20130822,9.6,9.75,9.54,9.58,9.6,-0.02,-0.21,561063.61,540456.6726,0.5799,0.6965,0.55,8.4065,7.8843,1.5832,1.0232,0.9273,1.3544,1.8776,1101372.4969,967494.124,805584.6474,10551148.5203,9268593.7079,,,116.873
000002,万科A,全国地产,深圳,19910129,000002.SZ,20130821,9.75,9.78,9.54,9.6,9.76,-0.16,-1.64,753885.83,725527.0093,0.7792,0.9358,0.72,8.424,7.9008,1.5865,1.0254,0.9292,1.3516,1.8737,1101372.4969,967494.124,805584.6474,10573175.9702,9287943.5904,,,116.873
000002,万科A,全国地产,深圳,19910129,000002.SZ,20130820,9.92,9.99,9.71,9.76,9.96,-0.2,-2.01,967509.18,952475.2958,1.0,1.201,0.94,8.5644,8.0325,1.6129,1.0425,0.9447,1.3294,1.8429,1101372.4969,967494.124,805584.6474,10749395.5697,9442742.6502,,,116.873
000002,万科A,全国地产,深圳,19910129,000002.SZ,20130819,9.81,10.05,9.7,9.96,9.89,0.07,0.71,990540.15,976460.181,1.0238,1.2296,0.89,8.7399,8.1971,1.646,1.0638,0.9641,1.3027,1.8059,1101372.4969,967494.124,805584.6474,10969670.0691,9636241.475,,,116.873
000002,万科A,全国地产,深圳,19910129,000002.SZ,20130816,9.87,10.5,9.79,9.89,9.91,-0.02,-0.2,1594071.44,1601432.6842,1.6476,1.9788,1.7,8.6785,8.1395,1.6344,1.0563,0.9573,1.3119,1.8187,1101372.4969,967494.124,805584.6474,10892573.9943,9568516.8864,,,116.873
000002,万科A,全国地产,深圳,19910129,000002.SZ,20130815,10.1,10.14,9.89,9.91,10.09,-0.18,-1.78,773192.21,773668.3141,0.7992,0.9598,0.82,8.6961,8.1559,1.6377,1.0585,0.9592,1.3093,1.815,1101372.4969,967494.124,805584.6474,10914601.4443,9587866.7688,,,116.873
000002,万科A,全国地产,深圳,19910129,000002.SZ,20130814,10.25,10.34,10.07,10.09,10.16,-0.07,-0.69,929231.02,951292.1411,0.9605,1.1535,0.87,8.854,8.3041,1.6675,1.0777,0.9767,1.2859,1.7827,1101372.4969,967494.124,805584.6474,11112848.4937,9762015.7112,,,116.873
000002,万科A,全国地产,深圳,19910129,000002.SZ,20130813,10.12,10.19,10.03,10.16,10.13,0.03,0.3,844425.96,855255.0615,0.8728,1.0482,0.77,8.9155,8.3617,1.679,1.0852,0.9834,1.2771,1.7704,1101372.4969,967494.124,805584.6474,11189944.5685,9829740.2998,,,116.873
000002,万科A,全国地产,深圳,19910129,000002.SZ,20130812,9.77,10.13,9.77,10.13,9.75,0.38,3.9,1418770.25,1413329.7263,1.4664,1.7612,1.46,8.8891,8.337,1.6741,1.082,0.9805,1.2809,1.7756,1101372.4969,967494.124,805584.6474,11156903.3936,9800715.4761,,,116.873
000002,万科A,全国地产,深圳,19910129,000002.SZ,20130809,9.88,9.91,9.6,9.75,9.79,-0.04,-0.41,719651.89,701493.985,0.7438,0.8933,0.66,8.5557,8.0243,1.6113,1.0414,0.9438,1.3308,1.8448,1101372.4969,967494.124,805584.6474,10738381.8448,9433067.709,,,116.873
000002,万科A,全国地产,深圳,19910129,000002.SZ,20130808,10.04,10.04,9.76,9.79,9.98,-0.19,-1.9,781788.72,770914.2766,0.8081,0.9705,0.69,8.5908,8.0572,1.6179,1.0457,0.9476,1.3254,1.8373,1101372.4969,967494.124,805584.6474,10782436.7447,9471767.474,,,116.873
000002,万科A,全国地产,深圳,19910129,000002.SZ,20130807,10.1,10.34,9.93,9.98,9.93,0.05,0.5,1558395.03,1582541.8595,1.6108,1.9366,1.37,8.7575,8.2135,1.6493,1.066,0.966,1.3001,1.8023,1101372.4969,967494.124,804710.1894,10991697.5191,9655591.3575,,,116.873
000002,万科A,全国地产,深圳,19910129,000002.SZ,20130806,9.85,9.96,9.66,9.93,9.99,-0.06,-0.6,1026378.2,1007127.5507,1.0618,1.2755,0.92,8.7088,8.5601,1.7185,1.06,1.0237,1.3076,1.8127,1100758.9909,966619.666,804710.1894,10930536.7796,9598533.2834,,,116.873
000002,万科A,全国地产,深圳,19910129,000002.SZ,20130805,9.9,10.04,9.82,9.99,9.98,0.01,0.1,766025.83,759024.3486,0.7925,0.9519,0.64,8.7614,8.6118,1.7289,1.0664,1.0299,1.2998,1.8018,1100758.9909,966619.666,804710.1894,10996582.3191,9656530.4633,,,116.873
000002,万科A,全国地产,深圳,19910129,000002.SZ,20130802,10.07,10.26,9.9,9.98,9.74,0.24,2.46,1328338.63,1334337.028,1.3742,1.6507,1.26,8.7526,8.6032,1.7272,1.0654,1.0289,1.3011,1.8036,1100758.9909,966619.666,804710.1894,10985574.7292,9646864.2667,,,116.873
000002,万科A,全国地产,深圳,19910129,000002.SZ,20130801,9.57,9.88,9.5,9.74,9.52,0.22,2.31,980289.04,956075.6992,1.0141,1.2182,0.98,8.5421,8.3963,1.6857,1.0397,1.0042,1.3331,1.848,1100758.9909,966619.666,804710.1894,10721392.5714,9414875.5468,,,116.873
000002,万科A,全国地产,深圳,19910129,000002.SZ,20130731,9.8,10.1,9.49,9.52,9.26,0.26,2.81,1585069.85,1548869.7483,1.6398,1.9697,1.75,8.3492,8.2067,1.6476,1.0163,0.9815,1.3639,1.8908,1100758.9909,966619.666,804710.1894,10479225.5934,9202219.2203,,,116.873
000002,万科A,全国地产,深圳,19910129,000002.SZ,20130730,9.13,9.47,9.01,9.26,9.15,0.11,1.2,940808.06,870848.0668,0.9733,1.1691,1.05,8.1212,7.9825,1.6026,0.9885,0.9547,1.4022,1.9438,1100758.9909,966619.666,804710.1894,10193028.2557,8950898.1072,,,116.873
000002,万科A,全国地产,深圳,19910129,000002.SZ,20130729,9.28,9.28,8.93,9.15,9.35,-0.2,-2.14,1107248.68,999854.1482,1.1455,1.376,1.29,8.0247,7.8877,1.5835,0.9768,0.9433,1.4191,1.9672,1100758.9909,966619.666,804710.1894,10071944.7667,8844569.9439,,,116.873
000002,万科A,全国地产,深圳,19910129,000002.SZ,20130726,9.41,9.53,9.3,9.35,9.5,-0.15,-1.58,643574.75,604528.4391,0.6658,0.7998,0.64,8.2001,8.0601,1.6182,0.9981,0.9639,1.3887,1.9251,1100758.9909,966619.666,804710.1894,10292096.5649,9037893.8771,,,116.873
000002,万科A,全国地产,深圳,19910129,000002.SZ,20130725,9.59,9.69,9.4,9.5,9.59,-0.09,-0.94,732049.62,698627.0321,0.7573,0.9097,0.73,8.3317,8.1894,1.6441,1.0141,0.9794,1.3668,1.8947,1100758.9909,966619.666,804710.1894,10457210.4136,9182886.827,,,116.873
000002,万科A,全国地产,深圳,19910129,000002.SZ,20130724,9.8,9.85,9.4,9.59,9.88,-0.29,-2.94,1104508.97,1056959.5729,1.1427,1.3726,1.14,8.4106,8.267,1.6597,1.0237,0.9887,1.354,1.877,1100758.9909,966619.666,804710.1894,10556278.7227,9269882.5969,,,116.873
000002,万科A,全国地产,深圳,19910129,000002.SZ,20130723,9.5,9.88,9.42,9.88,9.45,0.43,4.55,912770.75,889195.0963,0.9443,1.1343,0.95,8.6649,8.517,1.7099,1.0547,1.0186,1.3142,1.8219,1100758.9909,966619.666,804710.1894,10875498.8301,9550202.3001,,,116.873
000002,万科A,全国地产,深圳,19910129,000002.SZ,20130722,9.48,9.6,9.29,9.45,9.56,-0.11,-1.15,882926.52,832015.0005,0.9134,1.0972,0.92,8.2878,8.1463,1.6355,1.0088,0.9743,1.374,1.9048,1100758.9909,966619.666,804710.1894,10402172.464,9134555.8437,,,116.873
000002,万科A,全国地产,深圳,19910129,000002.SZ,20130719,10.15,10.18,9.5,9.56,10.12,-0.56,-5.53,1387493.04,1353875.8594,1.4354,1.7242,1.6,8.3843,8.2412,1.6545,1.0205,0.9856,1.3582,1.8828,1100758.9909,966619.666,804710.1894,10523255.953,9240884.007,,,116.873
000002,万科A,全国地产,深圳,19910129,000002.SZ,20130718,10.35,10.52,10.07,10.12,10.39,-0.27,-2.6,734283.23,750596.1522,0.7596,0.9125,0.66,8.8754,8.7239,1.7514,1.0803,1.0433,1.2831,1.7787,1100758.9909,966619.666,804710.1894,11139680.9879,9782191.0199,,,116.873
000002,万科A,全国地产,深圳,19910129,000002.SZ,20130717,10.35,10.7,10.1,10.39,10.45,-0.06,-0.57,911728.56,947459.6638,0.9432,1.133,0.81,9.1122,8.9567,1.7981,1.1091,1.0712,1.2497,1.7324,1100758.9909,966619.666,804710.1894,11436885.9155,10043178.3297,,,116.873
000002,万科A,全国地产,深圳,19910129,000002.SZ,20130716,10.34,10.52,10.11,10.45,10.45,0.0,0.0,890197.25,917005.7861,0.9209,1.1062,0.81,9.1648,9.0084,1.8085,1.1155,1.0774,1.2425,1.7225,1100758.9909,966619.666,804710.1894,11502931.4549,10101175.5097,,,116.873
000002,万科A,全国地产,深圳,19910129,000002.SZ,20130715,10.45,10.75,10.24,10.45,10.4,0.05,0.48,866325.08,909995.1133,0.8962,1.0766,0.79,9.1648,9.0084,1.8085,1.1155,1.0774,1.2425,1.7225,1100758.9909,966619.666,804710.1894,11502931.4549,10101175.5097,,,116.873
000002,万科A,全国地产,深圳,19910129,000002.SZ,20130712,10.83,10.95,10.32,10.4,10.78,-0.38,-3.53,926690.19,982458.4211,0.9587,1.1516,0.77,9.121,8.9653,1.7999,1.1102,1.0722,1.2485,1.7308,1100758.9909,966619.666,804710.1894,11447893.5054,10052844.5264,,,116.873
000002,万科A,全国地产,深圳,19910129,000002.SZ,20130711,10.37,11.01,10.35,10.78,10.28,0.5,4.86,1976706.16,2115303.3079,2.045,2.4564,1.85,9.4542,9.2929,1.8656,1.1508,1.1114,1.2045,1.6698,1100758.9909,966619.666,804710.1894,11866181.9219,10420159.9995,,,116.873
000002,万科A,全国地产,深圳,19910129,000002.SZ,20130710,9.71,10.31,9.63,10.28,9.66,0.62,6.42,949101.42,947248.3566,0.9819,1.1794,0.84,9.0157,8.8618,1.7791,1.0974,1.0598,1.2631,1.751,1100758.9909,966619.666,804710.1894,11315802.4265,9936850.1665,,,116.873
000002,万科A,全国地产,深圳,19910129,000002.SZ,20130709,9.91,10.05,9.58,9.66,10.0,-0.34,-3.4,804609.74,779695.5751,0.8324,0.9999,0.68,8.472,8.3274,1.6718,1.0312,0.9959,1.3442,1.8634,1100758.9909,966619.666,804710.1894,10633331.8521,9337545.9736,,,116.873
000002,万科A,全国地产,深圳,19910129,000002.SZ,20130708,10.06,10.33,9.9,10.0,10.2,-0.2,-1.96,846327.48,855448.368,0.8756,1.0517,0.69,8.7702,8.6205,1.7306,1.0675,1.031,1.2985,1.8,1100758.9909,966619.666,804710.1894,11007589.909,9666196.66,,,116.873
000002,万科A,全国地产,深圳,19910129,000002.SZ,20130705,10.2,10.7,10.06,10.2,9.8,0.4,4.08,1424398.56,1465504.3629,1.4736,1.7701,1.01,8.9456,8.7929,1.7653,1.0888,1.0516,1.273,1.7647,1100758.9909,966619.666,804710.1894,11227741.7072,9859520.5932,,,116.873
000002,万科A,全国地产,深圳,19910129,000002.SZ,20130704,9.38,9.92,9.38,9.8,9.46,0.34,3.59,1320038.11,1285480.632,1.3656,1.6404,0.94,8.5948,8.448,1.696,1.0461,1.0103,1.325,3.1617,1100758.9909,966619.666,804710.1894,10787438.1108,9472872.7268,,,116.873
000002,万科A,全国地产,深圳,19910129,000002.SZ,20130703,9.7,9.7,9.22,9.46,9.72,-0.26,-2.67,1230777.81,1154714.2235,1.2733,1.5295,0.85,8.2966,8.155,1.6372,1.0098,0.9753,1.3726,3.2753,1100758.9909,966619.666,804710.1894,10413180.0539,9144222.0404,,,116.873
000002,万科A,全国地产,深圳,19910129,000002.SZ,20130702,9.88,9.91,9.4,9.72,9.88,-0.16,-1.62,1109956.68,1072622.7251,1.1483,1.3793,0.71,8.5246,8.3791,1.6822,1.0376,1.0021,1.3359,3.1877,1100758.9909,966619.666,804710.1894,10699377.3915,9395543.1535,,,116.873
000002,万科A,全国地产,深圳,19910129,000002.SZ,20130701,9.74,10.0,9.62,9.88,9.85,0.03,0.3,1037593.38,1016280.5797,1.0734,1.2894,0.61,8.6649,8.517,1.7099,1.0547,1.0186,1.3142,3.1361,1100758.9909,966619.666,804710.1894,10875498.8301,9550202.3001,,,116.873
000002,万科A,全国地产,深圳,19910129,000002.SZ,20130628,9.15,10.0,9.15,9.85,9.09,0.76,8.36,2349092.85,2292843.896,2.4302,2.9192,1.66,8.6386,8.4911,1.7047,1.0515,1.0155,1.3182,3.1456,1100758.9909,966619.666,804710.1894,10842476.0604,9521203.7101,,,116.873
000002,万科A,全国地产,深圳,19910129,000002.SZ,20130627,9.1,9.36,9.01,9.09,8.99,0.1,1.11,1292774.45,1187763.3352,1.3374,1.6065,0.98,7.9721,7.836,1.5732,0.9704,0.9371,1.4284,3.4086,1100758.9909,966619.666,804710.1894,10005899.2273,8786572.7639,,,116.873
000002,万科A,全国地产,深圳,19910129,000002.SZ,20130626,9.1,9.14,8.79,8.99,8.85,0.14,1.58,1435921.86,1284525.0122,1.4855,1.7844,1.17,7.8844,7.7498,1.5559,0.9597,0.9268,1.4443,3.4466,1100758.9909,966619.666,804710.1894,9895823.3282,8689910.7973,,,116.873
000002,万科A,全国地产,深圳,19910129,000002.SZ,20130625,8.9,9.16,8.38,8.85,9.03,-0.18,-1.99,1709388.62,1515491.7364,1.7684,2.1242,1.67,7.7616,7.6291,1.5316,0.9447,0.9124,1.4672,3.5011,1100758.9909,966619.666,804710.1894,9741717.0695,8554584.0441,,,116.873
000002,万科A,全国地产,深圳,19910129,000002.SZ,20130624,9.88,9.88,9.0,9.03,9.9,-0.87,-8.79,1733650.94,1609937.1428,1.7935,2.1544,1.9,7.9195,7.7843,1.5628,0.9639,0.931,1.4379,3.4313,1100758.9909,966619.666,804710.1894,9939853.6878,8728575.584,,,116.873
000002,万科A,全国地产,深圳,19910129,000002.SZ,20130621,9.72,10.06,9.6,9.9,9.92,-0.02,-0.2,909789.87,899271.3889,0.9412,1.1306,1.08,8.6825,8.5343,1.7133,1.0568,1.0207,1.3116,3.1297,1100758.9909,966619.666,804710.1894,10897514.0099,9569534.6934,,,116.873
000002,万科A,全国地产,深圳,19910129,000002.SZ,20130620,10.19,10.27,9.89,9.92,10.19,-0.27,-2.65,803011.76,809447.5553,0.8307,0.9979,0.94,8.7,8.5515,1.7168,1.059,1.0227,1.3089,3.1234,1100758.9909,966619.666,804710.1894,10919529.1897,9588867.0867,,,116.873
000002,万科A,全国地产,深圳,19910129,000002.SZ,20130619,10.38,10.38,9.99,10.19,10.44,-0.25,-2.39,968821.03,982584.8726,1.0023,1.2039,1.15,8.9368,8.7842,1.7635,1.0878,1.0505,1.2742,3.0407,1100758.9909,966619.666,804710.1894,11216734.1173,9849854.3965,,,116.873
000002,万科A,全国地产,深圳,19910129,000002.SZ,20130618,10.35,10.47,10.3,10.44,10.33,0.11,1.06,705903.57,734233.7158,0.7303,0.8772,0.85,9.156,8.9998,1.8068,1.1145,1.0763,1.2437,2.9679,1100758.9909,966619.666,804710.1894,11491923.865,10091509.313,,,116.873
000002,万科A,全国地产,深圳,19910129,000002.SZ,20130617,10.73,10.75,10.18,10.33,10.69,-0.36,-3.37,1179549.08,1222588.0361,1.2203,1.4658,1.7,9.0596,8.9049,1.7878,1.1027,1.065,1.257,2.9995,1100758.9909,966619.666,804710.1894,11370840.376,9985181.1498,,,116.873
000002,万科A,全国地产,深圳,19910129,000002.SZ,20130614,10.71,10.82,10.65,10.69,10.67,0.02,0.19,568137.39,608814.9124,0.5878,0.706,0.78,9.3753,9.2153,1.8501,1.1412,1.1021,1.2146,2.8985,1100758.9909,966619.666,804710.1894,11767113.6127,10333164.2295,,,116.873
000002,万科A,全国地产,深圳,19910129,000002.SZ,20130613,11.0,11.0,10.45,10.67,11.21,-0.54,-4.82,869389.21,933052.156,0.8994,1.0804,1.32,9.3578,9.198,1.8466,1.139,1.1,1.2169,2.9039,1100758.9909,966619.666,804710.1894,11745098.4329,10313831.8362,,,116.873
000002,万科A,全国地产,深圳,19910129,000002.SZ,20130607,11.45,11.53,11.06,11.21,11.49,-0.28,-2.44,876525.03,987778.6313,0.9068,1.0892,1.45,9.8314,9.6635,1.9401,1.1967,1.1557,1.1583,2.764,1100758.9909,966619.666,804710.1894,12339508.288,10835806.4559,,,116.873
000002,万科A,全国地产,深圳,19910129,000002.SZ,20130606,11.79,11.82,11.43,11.49,11.83,-0.34,-2.87,676427.62,782219.0406,0.6998,0.8406,1.18,10.0769,9.9049,1.9885,1.2265,1.1846,1.1301,2.6967,1100758.9909,966619.666,804710.1894,12647720.8054,11106459.9623,,,116.873
000002,万科A,全国地产,深圳,19910129,000002.SZ,20130605,11.9,11.9,11.68,11.83,11.86,-0.03,-0.25,478928.3,563541.1064,0.4955,0.5952,0.71,10.3751,10.198,2.0474,1.2628,1.2196,1.0976,2.6191,1100758.9909,966619.666,804710.1894,13021978.8623,11435110.6488,,,116.873
000002,万科A,全国地产,深圳,19910129,000002.SZ,20130604,12.0,12.16,11.74,11.86,12.0,-0.14,-1.17,737881.88,878947.6529,0.7634,0.917,1.03,10.4014,10.2239,2.0525,1.266,1.2227,1.0948,2.6125,1100758.9909,966619.666,804710.1894,13055001.6321,11464109.2388,,,116.873
000002,万科A,全国地产,深圳,19910129,000002.SZ,20130603,12.01,12.2,11.95,12.0,11.98,0.02,0.17,523489.06,630894.6181,0.5416,0.6505,0.73,10.5242,10.3445,2.0768,1.281,1.2372,1.082,2.582,1100758.9909,966619.666,804710.1894,13209107.8908,11599435.992,,,116.873
000002,万科A,全国地产,深圳,19910129,000002.SZ,20130531,12.31,12.41,11.95,11.98,12.31,-0.33,-2.68,613793.59,743854.377,0.635,0.7628,0.8,10.5067,10.3273,2.0733,1.2789,1.2351,1.0838,2.5864,1100758.9909,966619.666,804710.1894,13187092.711,11580103.5987,,,116.873
000002,万科A,全国地产,深圳,19910129,000002.SZ,20130530,12.2,12.45,12.11,12.31,12.32,-0.01,-0.08,517750.25,636178.8678,0.5356,0.6434,0.61,10.7961,10.6118,2.1304,1.3141,1.2691,1.0548,2.517,1100758.9909,966619.666,804710.1894,13550343.178,11899088.0885,,,116.873
000002,万科A,全国地产,深圳,19910129,000002.SZ,20130529,12.36,12.61,12.26,12.32,12.36,-0.04,-0.32,988520.07,1228475.6499,1.0227,1.2284,1.23,10.8048,10.6204,2.1322,1.3152,1.2701,1.0539,2.515,1100758.9909,966619.666,804710.1894,13561350.7679,11908754.2851,,,116.873
000002,万科A,全国地产,深圳,19910129,000002.SZ,20130528,11.81,12.38,11.72,12.36,11.8,0.56,4.75,941787.64,1134595.1806,0.9743,1.1703,1.25,10.8399,10.6549,2.1391,1.3194,1.2743,1.0505,2.5068,1100758.9909,966619.666,804710.1894,13605381.1275,11947419.0718,,,116.873
000002,万科A,全国地产,深圳,19910129,000002.SZ,20130527,11.84,11.87,11.68,11.8,11.91,-0.11,-0.92,512374.99,602815.6719,0.5301,0.6367,0.57,10.3488,10.1721,2.0422,1.2596,1.2165,1.1004,2.6258,1100758.9909,966619.666,804710.1894,12988956.0926,11406112.0588,,,116.873
000002,万科A,全国地产,深圳,19910129,000002.SZ,20130524,12.05,12.19,11.72,11.91,12.01,-0.1,-0.83,876620.35,1038767.3043,0.9069,1.0894,0.85,10.4453,10.267,2.0612,1.2714,1.2279,1.0902,2.6016,1100758.9909,966619.666,804710.1894,13110039.5816,11512440.2221,,,116.873
000002,万科A,全国地产,深圳,19910129,000002.SZ,20130523,12.1,12.47,11.9,12.01,12.1,-0.09,-0.74,931650.82,1140034.9861,0.9638,1.1577,0.92,10.533,10.3532,2.0785,1.2821,1.2382,1.0811,2.5799,1100758.9909,966619.666,804710.1894,13220115.4807,11609102.1887,,,116.873
000002,万科A,全国地产,深圳,19910129,000002.SZ,20130522,11.99,12.3,11.88,12.1,12.03,0.07,0.58,765033.39,929453.5817,0.7915,0.9507,0.82,10.6119,10.4308,2.0941,1.2917,1.2475,1.0731,2.5607,1100758.9909,966619.666,804710.1894,13319183.7899,11696097.9586,,,116.873
000002,万科A,全国地产,深圳,19910129,000002.SZ,20130521,11.99,12.03,11.77,12.03,11.93,0.1,0.84,692932.66,824911.4066,0.7169,0.8611,0.79,10.5505,10.3704,2.082,1.2842,1.2402,1.0793,2.5756,1100758.9909,966619.666,804710.1894,13242130.6605,11628434.582,,,116.873
000002,万科A,全国地产,深圳,19910129,000002.SZ,20130520,12.2,12.45,11.9,11.93,12.16,-0.23,-1.89,1262904.87,1539658.6877,1.3065,1.5694,1.8,10.4628,10.2842,2.0647,1.2735,1.2299,1.0884,2.5972,1100758.9909,966619.666,804710.1894,13132054.7614,11531772.6154,,,116.873
000002,万科A,全国地产,深圳,19910129,000002.SZ,20130517,11.68,12.2,11.67,12.16,11.7,0.46,3.93,1513641.29,1814199.3068,1.5659,1.881,3.16,10.6645,10.4825,2.1045,1.2981,1.2536,1.0678,2.5481,1100758.9909,966619.666,804710.1894,13385229.3293,11754095.1386,,,116.873
000002,万科A,全国地产,深圳,19910129,000002.SZ,20130516,11.18,11.7,11.12,11.7,11.13,0.57,5.12,851156.14,977273.4042,0.8805,1.0577,1.98,10.2611,10.0859,2.0249,1.249,1.2062,1.1098,2.6482,1100758.9909,966619.666,804710.1894,12878880.1935,11309450.0922,,,116.873
000002,万科A,全国地产,深圳,19910129,000002.SZ,20130515,11.32,11.42,11.21,11.31,11.32,-0.01,-0.09,328494.74,370905.9595,0.3398,0.4082,0.62,9.9191,9.7497,1.8982,1.2073,1.166,1.1481,1.1481,1100758.9909,966619.666,804710.1894,12449584.1871,10932468.4225,,,116.873
000002,万科A,全国地产,深圳,19910129,000002.SZ,20130514,11.59,11.67,11.26,11.32,11.62,-0.3,-2.58,428877.58,488095.321,0.4437,0.533,0.71,9.9278,9.7584,1.8999,1.2084,1.167,1.147,1.147,1100758.9909,966619.666,804710.1894,12460591.777,10942134.6191,,,116.873
000002,万科A,全国地产,深圳,19910129,000002.SZ,20130513,11.77,11.9,11.59,11.62,11.75,-0.13,-1.11,383751.74,449671.7083,0.397,0.4769,0.58,10.1909,10.017,1.9503,1.2404,1.198,1.1174,1.1174,1100758.9909,966619.666,804710.1894,12790819.4743,11232120.5189,,,116.873
000002,万科A,全国地产,深圳,19910129,000002.SZ,20130510,11.58,11.78,11.55,11.75,11.59,0.16,1.38,402360.98,470946.3934,0.4163,0.5,0.51,10.3049,10.129,1.9721,1.2543,1.2114,1.1051,1.1051,1100758.9909,966619.666,804710.1894,12933918.1431,11357781.0755,,,116.873
000002,万科A,全国地产,深圳,19910129,000002.SZ,20130509,11.69,11.73,11.4,11.59,11.74,-0.15,-1.28,610237.13,706179.5484,0.6313,0.7583,0.75,10.1646,9.9911,1.9452,1.2372,1.1949,1.1203,1.1203,1100758.9909,966619.666,804710.1894,12757796.7045,11203121.9289,,,116.873
000002,万科A,全国地产,深圳,19910129,000002.SZ,20130508,11.72,12.04,11.68,11.74,11.58,0.16,1.38,805204.26,952822.1519,0.833,1.0006,1.08,10.2962,10.1204,1.9704,1.2532,1.2103,1.106,1.106,1100758.9909,966619.666,804710.1894,12922910.5532,11348114.8788,,,116.873
000002,万科A,全国地产,深圳,19910129,000002.SZ,20130507,11.27,11.61,11.25,11.58,11.32,0.26,2.3,797639.91,919178.2494,0.8246,0.9917,1.01,10.1551,9.9817,1.9436,1.2361,1.1938,1.1213,1.1213,1100675.7559,967339.9418,804310.0211,12745825.2533,11201796.526,,,116.873
000002,万科A,全国地产,深圳,19910129,000002.SZ,20130506,11.39,11.48,11.24,11.32,11.39,-0.07,-0.61,705483.75,800310.1843,0.7293,0.8771,0.83,9.9271,9.7576,1.9,1.2083,1.167,1.147,1.147,1100675.7559,967339.9418,804310.0211,12459649.5568,10950288.1412,,,116.873
000002,万科A,全国地产,深圳,19910129,000002.SZ,20130503,11.35,11.7,11.34,11.39,11.34,0.05,0.44,1006540.64,1160158.7449,1.0405,1.2514,1.18,9.9885,9.818,1.9117,1.2158,1.1742,1.14,1.14,1100675.7559,967339.9418,804310.0211,12536696.8597,11018001.9371,,,116.873
000002,万科A,全国地产,深圳,19910129,000002.SZ,20130502,10.88,11.38,10.86,11.34,11.03,0.31,2.81,731063.11,819958.4966,0.7557,0.9089,0.81,9.9446,9.7749,1.9033,1.2104,1.169,1.145,1.145,1100675.7559,967339.9418,804310.0211,12481663.0719,10969634.94,,,116.873
000002,万科A,全国地产,深圳,19910129,000002.SZ,20130426,10.99,11.19,10.99,11.03,10.98,0.05,0.46,484443.43,537329.6157,0.5008,0.6023,0.5,9.6728,9.5076,1.8513,1.1774,1.1371,1.1772,1.1772,1100675.7559,967339.9418,804310.0211,12140453.5876,10669759.5581,,,116.873
000002,万科A,全国地产,深圳,19910129,000002.SZ,20130425,11.24,11.24,10.91,10.98,11.3,-0.32,-2.83,1026908.66,1133098.8108,1.0628,1.2768,1.14,9.6191,9.4549,1.841,1.1708,1.1308,1.1826,1.1826,1099555.3118,966219.4977,804310.0211,12073117.3236,10609090.0847,,,116.873
000002,万科A,全国地产,深圳,19910129,000002.SZ,20130424,11.28,11.44,11.04,11.3,11.28,0.02,0.18,1007743.05,1132186.2351,1.043,1.2529,1.15,9.8994,9.7305,1.8947,1.2049,1.1637,1.1491,1.1491,1099555.3118,966219.4977,804310.0211,12424975.0233,10918280.324,,,116.873
000002,万科A,全国地产,深圳,19910129,000002.SZ,20130423,11.58,11.58,10.98,11.28,11.69,-0.41,-3.51,1004754.36,1127826.7134,1.0399,1.2492,1.05,9.8819,9.7132,1.8913,1.2028,1.1617,1.1511,1.1511,1099555.3118,966219.4977,804310.0211,12402983.9171,10898955.9341,,,116.873
000002,万科A,全国地产,深圳,19910129,000002.SZ,20130422,11.94,12.0,11.41,11.69,11.91,-0.22,-1.85,969358.3,1128958.1585,1.0032,1.2052,1.08,10.2411,10.2411,2.0139,1.2465,1.2465,1.112,1.112,1099555.3118,966219.4977,804310.0211,12853801.5949,11295105.9281,,,116.873
000002,万科A,全国地产,深圳,19910129,000002.SZ,20130419,11.74,11.93,11.59,11.91,11.7,0.21,1.79,869135.42,1027355.7653,0.8995,1.0806,1.09,10.4338,10.4338,2.0518,1.27,1.27,1.0915,1.0915,1099555.3118,966219.4977,804310.0211,13095703.7635,11507674.2176,,,116.873
000002,万科A,全国地产,深圳,19910129,000002.SZ,20130418,11.56,11.93,11.52,11.7,11.65,0.05,0.43,655828.88,772023.7034,0.6788,0.8154,0.85,10.2499,10.2499,2.0156,1.2476,1.2476,1.1111,1.1111,1099555.3118,966219.4977,804310.0211,12864797.1481,11304768.1231,,,116.873
000002,万科A,全国地产,深圳,19910129,000002.SZ,20130417,11.63,11.89,11.42,11.65,11.64,0.01,0.09,877201.44,1022448.5611,0.9079,1.0906,1.23,10.2061,10.2061,2.007,1.2423,1.2423,1.1158,1.1158,1099555.3118,966219.4977,804310.0211,12809819.3825,11256457.1482,,,116.873
000002,万科A,全国地产,深圳,19910129,000002.SZ,20130416,10.93,11.66,10.9,11.64,11.03,0.61,5.53,1424953.45,1615868.4212,1.4748,1.7716,2.53,10.1973,10.1973,2.0053,1.2412,1.2412,1.1168,1.1168,1099555.3118,966219.4977,804310.0211,12798823.8294,11246794.9532,,,116.873
000002,万科A,全国地产,深圳,19910129,000002.SZ,20130415,10.98,11.19,10.75,11.03,10.92,0.11,1.01,652943.67,719172.6502,0.6758,0.8118,1.16,9.6629,9.6629,1.9002,1.1762,1.1762,1.1786,1.1786,1099555.3118,966219.4977,804310.0211,12128095.0892,10657401.0596,,,116.873
000002,万科A,全国地产,深圳,19910129,000002.SZ,20130412,10.94,11.07,10.89,10.92,11.0,-0.08,-0.73,377442.02,413198.2739,0.3906,0.4693,0.63,9.5665,9.5665,1.8812,1.1644,1.1644,1.1904,1.1904,1099555.3118,966219.4977,804310.0211,12007144.0049,10551116.9149,,,116.873
000002,万科A,全国地产,深圳,19910129,000002.SZ,20130411,11.19,11.35,10.99,11.0,11.04,-0.04,-0.36,515638.41,575027.0048,0.5337,0.6411,0.76,9.6366,9.6366,1.895,1.173,1.173,1.1818,1.1818,1099555.3118,966219.4977,804310.0211,12095108.4298,10628414.4747,,,116.873
000002,万科A,全国地产,深圳,19910129,000002.SZ,20130410,11.03,11.2,10.94,11.04,10.99,0.05,0.46,608132.32,674157.528,0.6294,0.7561,0.88,9.6717,9.6717,1.9019,1.1772,1.1772,1.1775,1.1775,1099555.3118,966219.4977,804310.0211,12139090.6423,10667063.2546,,,116.873
000002,万科A,全国地产,深圳,19910129,000002.SZ,20130409,10.98,11.25,10.93,10.99,10.98,0.01,0.09,656858.3,726102.1368,0.6798,0.8167,1.02,9.6279,9.6279,1.8933,1.1719,1.1719,1.1829,1.1829,1099555.3118,966219.4977,804310.0211,12084112.8767,10618752.2797,,,116.873
000002,万科A,全国地产,深圳,19910129,000002.SZ,20130408,10.88,11.07,10.6,10.98,11.2,-0.22,-1.96,664568.64,721698.1674,0.6878,0.8263,0.92,9.6191,9.6191,1.8916,1.1708,1.1708,1.1839,1.1839,1099555.3118,966219.4977,804310.0211,12073117.3236,10609090.0847,,,116.873
000002,万科A,全国地产,深圳,19910129,000002.SZ,20130403,11.23,11.43,11.01,11.2,11.2,0.0,0.0,539104.64,603385.104,0.558,0.6703,0.74,9.8118,9.8118,1.9295,1.1943,1.1943,1.1607,1.1607,1099555.3118,966219.4977,804310.0211,12315019.4922,10821658.3742,,,116.873
000002,万科A,全国地产,深圳,19910129,000002.SZ,20130402,11.07,11.45,11.0,11.2,11.0,0.2,1.82,905430.03,1022376.8053,0.9371,1.1257,1.21,9.8118,9.8118,1.9295,1.1943,1.1943,1.1607,1.1607,1099555.3118,966219.4977,804310.0211,12315019.4922,10821658.3742,,,116.873
000002,万科A,全国地产,深圳,19910129,000002.SZ,20130401,10.83,11.25,10.83,11.0,10.76,0.24,2.23,678438.59,751705.1533,0.7022,0.8435,0.93,9.6366,9.6366,1.895,1.173,1.173,1.1818,1.1818,1099555.3118,966219.4977,804310.0211,12095108.4298,10628414.4747,,,116.873
000002,万科A,全国地产,深圳,19910129,000002.SZ,20130329,10.94,10.98,10.71,10.76,10.96,-0.2,-1.82,418949.95,453369.3499,0.4336,0.5209,0.54,9.4264,9.4264,1.8537,1.1474,1.1474,1.2081,1.2081,1099555.3118,966219.4977,804310.0211,11831215.155,10396521.7953,,,116.873
000002,万科A,全国地产,深圳,19910129,000002.SZ,20130328,11.05,11.07,10.5,10.96,11.25,-0.29,-2.58,1051441.56,1139383.1687,1.0882,1.3073,1.43,9.6016,9.6016,1.8881,1.1687,1.1687,1.1861,1.1861,1099555.3118,966219.4977,804310.0211,12051126.2173,10589765.6948,,,116.873
000002,万科A,全国地产,深圳,19910129,000002.SZ,20130327,11.09,11.43,11.09,11.25,11.12,0.13,1.17,607697.98,685761.2095,0.6289,0.7556,0.74,9.8556,9.8556,1.9381,1.1996,1.1996,1.1555,1.1555,1099555.3118,966219.4977,804310.0211,12369997.2578,10869969.3491,,,116.873
000002,万科A,全国地产,深圳,19910129,000002.SZ,20130326,11.17,11.57,11.1,11.12,11.14,-0.02,-0.18,972412.13,1100471.359,1.0064,1.209,1.27,9.7418,9.7418,1.9157,1.1858,1.1858,1.169,1.169,1099555.3118,966219.4977,804310.0211,12227055.0672,10744360.8144,,,116.873
000002,万科A,全国地产,深圳,19910129,000002.SZ,20130325,11.05,11.25,10.91,11.14,11.0,0.14,1.27,595364.98,662996.5044,0.6162,0.7402,0.77,9.7593,9.7593,1.9191,1.1879,1.1879,1.1669,1.1669,1099555.3118,966219.4977,804310.0211,12249046.1735,10763685.2044,,,116.873
000002,万科A,全国地产,深圳,19910129,000002.SZ,20130322,11.0,11.08,10.82,11.0,11.01,-0.01,-0.09,684082.12,746499.8845,0.708,0.8505,0.81,9.6366,9.6366,1.895,1.173,1.173,1.1818,1.1818,1099555.3118,966219.4977,804310.0211,12095108.4298,10628414.4747,,,116.873
000002,万科A,全国地产,深圳,19910129,000002.SZ,20130321,11.23,11.3,10.84,11.01,11.22,-0.21,-1.87,806103.77,891271.1828,0.8343,1.0022,0.97,9.6454,9.6454,1.8967,1.174,1.174,1.1807,1.1807,1099555.3118,966219.4977,804310.0211,12106103.9829,10638076.6697,,,116.873
000002,万科A,全国地产,深圳,19910129,000002.SZ,20130320,10.96,11.42,10.91,11.22,10.95,0.27,2.47,1045528.1,1177130.0311,1.0821,1.2999,1.4,9.8294,9.8294,1.9329,1.1964,1.1964,1.1586,1.1586,1099555.3118,966219.4977,804310.0211,12337010.5984,10840982.7642,,,116.873
000002,万科A,全国地产,深圳,19910129,000002.SZ,20130319,10.71,11.03,10.61,10.95,10.69,0.26,2.43,709967.09,773139.6048,0.7348,0.8827,0.89,9.5928,9.5928,1.8864,1.1676,1.1676,1.1872,1.1872,1099555.3118,966219.4977,804310.0211,12040130.6642,10580103.4998,,,116.873
000002,万科A,全国地产,深圳,19910129,000002.SZ,20130318,10.43,10.8,10.43,10.69,10.48,0.21,2.0,629209.81,669162.0486,0.6512,0.7823,0.78,9.3651,9.3651,1.8416,1.1399,1.1399,1.216,1.216,1099555.3118,966219.4977,804310.0211,11754246.2831,10328886.4304,,,116.873
000002,万科A,全国地产,深圳,19910129,000002.SZ,20130315,10.75,10.98,10.33,10.48,10.8,-0.32,-2.96,1049997.33,1113087.9615,1.0867,1.3055,1.42,9.1811,9.1811,1.8054,1.1175,1.1175,1.2404,1.2404,1099555.3118,966219.4977,804310.0211,11523339.6677,10125980.3359,,,116.873
000002,万科A,全国地产,深圳,19910129,000002.SZ,20130314,10.82,11.01,10.64,10.8,10.95,-0.15,-1.37,704963.18,761951.1696,0.7296,0.8765,0.85,9.4614,9.4614,1.8606,1.1516,1.1516,1.2037,1.2037,1099555.3118,966219.4977,804310.0211,11875197.3674,10435170.5752,,,116.873
000002,万科A,全国地产,深圳,19910129,000002.SZ,20130313,11.2,11.2,10.87,10.95,11.22,-0.27,-2.41,645846.52,708390.0491,0.6684,0.803,0.65,9.5928,9.5928,1.8864,1.1676,1.1676,1.1872,1.1872,1099555.3118,966219.4977,804310.0211,12040130.6642,10580103.4998,,,116.873
000002,万科A,全国地产,深圳,19910129,000002.SZ,20130312,11.05,11.45,11.04,11.22,11.11,0.11,0.99,978310.67,1100966.5739,1.0125,1.2163,0.79,9.8294,9.8294,1.9329,1.1964,1.1964,1.1586,1.1586,1099555.3118,966219.4977,804310.0211,12337010.5984,10840982.7642,,,116.873
000002,万科A,全国地产,深圳,19910129,000002.SZ,20130311,10.9,11.26,10.8,11.11,10.96,0.15,1.37,666670.92,743149.7403,0.69,0.8289,0.39,9.733,9.733,1.914,1.1847,1.1847,1.1701,1.1701,1099555.3118,966219.4977,804310.0211,12216059.5141,10734698.6194,,,116.873
000002,万科A,全国地产,深圳,19910129,000002.SZ,20130308,11.22,11.3,10.95,10.96,11.21,-0.25,-2.23,706000.23,783976.6024,0.7307,0.8778,0.4,9.6016,9.6016,1.8881,1.1687,1.1687,1.1861,1.1861,1099555.3118,966219.4977,804310.0211,12051126.2173,10589765.6948,,,116.873
000002,万科A,全国地产,深圳,19910129,000002.SZ,20130307,11.09,11.43,10.89,11.21,11.15,0.06,0.54,1146701.35,1277049.7826,1.1868,1.4257,0.63,9.8206,9.8206,1.9312,1.1954,1.1954,1.1596,1.1596,1099555.3118,966219.4977,804310.0211,12326015.0453,10831320.5692,,,116.873
000002,万科A,全国地产,深圳,19910129,000002.SZ,20130306,10.94,11.27,10.94,11.15,10.89,0.26,2.39,1454174.79,1616878.88,1.505,1.808,0.85,9.768,9.768,1.9209,1.189,1.189,1.1659,1.1659,1099555.3118,966219.4977,804310.0211,12260041.7266,10773347.3994,,,116.873
000002,万科A,全国地产,深圳,19910129,000002.SZ,20130305,10.83,11.05,10.5,10.89,10.84,0.05,0.46,2182775.25,2348128.0642,2.2591,2.7138,1.52,9.5403,9.5403,1.8761,1.1612,1.1612,1.1937,1.1937,1099555.3118,966219.4977,804310.0211,11974157.3455,10522130.33,,,116.873
000002,万科A,全国地产,深圳,19910129,000002.SZ,20130304,11.04,11.25,10.84,10.84,12.04,-1.2,-9.97,3115455.44,3408720.4381,3.2244,3.8735,3.18,9.4965,9.4965,1.8675,1.1559,1.1559,1.1992,1.1992,1099555.3118,966219.4977,804310.0211,11919179.5799,10473819.3551,,,116.873
000002,万科A,全国地产,深圳,19910129,000002.SZ,20130301,12.01,12.18,11.78,12.04,12.0,0.04,0.33,875066.14,1049191.4413,0.9057,1.088,0.94,10.5477,10.5477,2.0742,1.2839,1.2839,1.0797,1.0797,1099555.3118,966219.4977,804310.0211,13238645.9541,11633282.7523,,,116.873
000002,万科A,全国地产,深圳,19910129,000002.SZ,20130228,11.52,12.09,11.52,12.0,11.32,0.68,6.01,1545465.14,1829220.6816,1.5995,1.9215,1.7,10.5127,10.5127,2.0673,1.2796,1.2796,1.0833,1.0833,1099555.3118,966219.4977,804294.1264,13194663.7416,11594633.9724,,,116.873
000002,万科A,全国地产,深圳,19910129,000002.SZ,20130227,10.82,11.4,10.82,11.32,10.82,0.5,4.62,879030.95,982106.2757,0.9098,1.0929,0.97,12.9317,11.1921,2.2099,1.7339,1.4048,1.1484,1.1484,1099521.0218,966203.603,804294.1264,12446577.9668,10937424.786,,,116.873
000002,万科A,全国地产,深圳,19910129,000002.SZ,20130226,10.9,11.17,10.73,10.82,11.01,-0.19,-1.73,774761.42,851761.1527,0.8019,0.9633,0.79,12.3605,10.6978,2.1123,1.6573,1.3427,1.2015,1.2015,1099521.0218,966203.603,804294.1264,11896817.4559,10454322.9845,,,116.873
000002,万科A,全国地产,深圳,19910129,000002.SZ,20130225,11.33,11.45,10.85,11.01,11.32,-0.31,-2.74,823755.32,911798.8828,0.8526,1.0242,0.84,12.5775,10.8856,2.1494,1.6864,1.3663,1.1807,1.1807,1099521.0218,966203.603,804294.1264,12105726.45,10637901.669,,,116.873
000002,万科A,全国地产,深圳,19910129,000002.SZ,20130222,11.28,11.45,11.18,11.32,11.31,0.01,0.09,613309.99,694709.9367,0.6348,0.7625,0.61,12.9317,11.1921,2.2099,1.7339,1.4048,1.1484,1.1484,1099521.0218,966203.603,804294.1264,12446577.9668,10937424.786,,,116.873
000002,万科A,全国地产,深圳,19910129,000002.SZ,20130221,11.4,11.69,11.03,11.31,11.44,-0.13,-1.14,1461142.29,1662394.3209,1.5123,1.8167,1.67,12.9203,11.1822,2.208,1.7324,1.4035,1.1494,1.1494,1099521.0218,966203.603,804294.1264,12435582.7566,10927762.7499,,,116.873
000002,万科A,全国地产,深圳,19910129,000002.SZ,20130220,11.18,11.46,11.14,11.44,11.2,0.24,2.14,840893.74,948132.0497,0.8703,1.0455,0.98,13.0688,11.3108,2.2333,1.7523,1.4197,1.1364,1.1364,1099521.0218,966203.603,804294.1264,12578520.4894,11053369.2183,,,116.873
000002,万科A,全国地产,深圳,19910129,000002.SZ,20130219,11.73,11.74,11.16,11.2,11.7,-0.5,-4.27,1183049.51,1338138.6389,1.2244,1.4709,1.23,12.7946,11.0735,2.1865,1.7155,1.3899,1.1607,1.1607,1099521.0218,966203.603,804294.1264,12314635.4442,10821480.3536,,,116.873
000002,万科A,全国地产,深圳,19910129,000002.SZ,20130218,12.13,12.22,11.61,11.7,12.03,-0.33,-2.74,783110.07,926069.4444,0.8105,0.9737,0.72,13.3658,11.5678,2.2841,1.7921,1.4519,1.1111,1.1111,1099521.0218,966203.603,804294.1264,12864395.9551,11304582.1551,,,116.873
000002,万科A,全国地产,深圳,19910129,000002.SZ,20130208,11.8,12.19,11.78,12.03,11.88,0.15,1.26,791139.3,946272.2405,0.8188,0.9836,0.62,13.7428,11.8941,2.3485,1.8427,1.4929,1.0806,1.0806,1099521.0218,966203.603,804294.1264,13227237.8923,11623429.3441,,,116.873
000002,万科A,全国地产,深圳,19910129,000002.SZ,20130207,12.07,12.1,11.79,11.88,12.16,-0.28,-2.3,773072.46,920219.2746,0.8001,0.9612,0.54,13.5714,11.7458,2.3192,1.8197,1.4743,1.0943,1.0943,1099521.0218,966203.603,804294.1264,13062309.739,11478498.8036,,,116.873
000002,万科A,全国地产,深圳,19910129,000002.SZ,20130206,12.3,12.31,11.99,12.16,12.33,-0.17,-1.38,749300.71,909340.145,0.7755,0.9316,0.49,13.8913,12.0226,2.3739,1.8626,1.509,1.0691,1.0691,1099521.0218,966203.603,804294.1264,13370175.6251,11749035.8125,,,116.873
000002,万科A,全国地产,深圳,19910129,000002.SZ,20130205,11.91,12.52,11.8,12.33,11.9,0.43,3.61,1694590.19,2067790.839,1.7539,2.1069,1.16,14.0855,12.1907,2.4071,1.8886,1.5301,1.0543,1.0543,1099521.0218,966203.603,804294.1264,13557094.1988,11913290.425,,,116.873
000002,万科A,全国地产,深圳,19910129,000002.SZ,20130204,11.83,12.1,11.51,11.9,11.96,-0.06,-0.5,1466997.92,1727427.8211,1.5183,1.824,1.02,13.5943,11.7656,2.3231,1.8228,1.4767,1.0924,1.0924,1099521.0218,966203.603,804294.1264,13084300.1594,11497822.8757,,,116.873
000002,万科A,全国地产,深圳,19910129,000002.SZ,20130201,12.05,12.15,11.63,11.96,12.01,-0.05,-0.42,1683324.16,1998393.8691,1.7422,2.0929,1.32,13.6628,11.8249,2.3348,1.832,1.4842,1.087,1.087,1099521.0218,966203.603,804294.1264,13150271.4207,11555795.0919,,,116.873
000002,万科A,全国地产,深圳,19910129,000002.SZ,20130131,12.6,12.64,11.95,12.01,12.67,-0.66,-5.21,1513077.95,1847783.6566,1.566,1.8812,1.07,13.7199,11.8743,2.3446,1.8396,1.4904,1.0824,1.0824,1099521.0218,966203.603,804294.1264,13205247.4718,11604105.272,,,116.873
000002,万科A,全国地产,深圳,19910129,000002.SZ,20130130,12.17,12.75,12.15,12.67,12.21,0.46,3.77,1270812.29,1585016.8178,1.3153,1.58,0.89,14.4739,12.5269,2.4735,1.9407,1.5723,1.026,1.026,1099521.0218,966203.603,804294.1264,13930931.3462,12241799.65,,,116.873
000002,万科A,全国地产,深圳,19910129,000002.SZ,20130129,12.09,12.65,12.06,12.21,12.06,0.15,1.24,1359886.14,1682119.2142,1.4075,1.6908,0.65,13.9484,12.0721,2.3837,1.8702,1.5152,1.0647,1.0647,1099521.0218,966203.603,804294.1264,13425151.6762,11797345.9926,,,116.873
000002,万科A,全国地产,深圳,19910129,000002.SZ,20130128,11.65,12.17,11.64,12.06,11.7,0.36,3.08,1389979.64,1666366.806,1.4386,1.7282,0.75,13.777,11.9237,2.3544,1.8473,1.4966,1.0779,1.0779,1099521.0218,966203.603,804294.1264,13260223.5229,11652415.4522,,,116.873
000002,万科A,全国地产,深圳,19910129,000002.SZ,20130125,11.98,12.02,11.57,11.7,11.95,-0.25,-2.09,863217.07,1013223.9134,0.8934,1.0733,0.43,13.3658,11.5678,2.2841,1.7921,1.4519,1.1111,1.1111,1099521.0218,966203.603,804294.1264,12864395.9551,11304582.1551,,,116.873
000002,万科A,全国地产,深圳,19910129,000002.SZ,20130124,11.61,12.22,11.57,11.95,11.69,0.26,2.22,2190418.27,2623808.8339,2.267,2.7234,1.32,13.6514,11.815,2.3329,1.8304,1.4829,1.0879,1.0879,1099521.0218,966203.603,804294.1264,13139276.2105,11546133.0559,,,116.873
000002,万科A,全国地产,深圳,19910129,000002.SZ,20130123,11.8,11.83,11.5,11.69,11.76,-0.07,-0.6,1299451.95,1514144.5479,1.3449,1.6156,0.86,13.3544,11.5579,2.2821,1.7906,1.4507,1.1121,1.1121,1099521.0218,966203.603,804294.1264,12853400.7448,11294920.1191,,,116.873
000002,万科A,全国地产,深圳,19910129,000002.SZ,20130122,11.69,12.18,11.57,11.76,11.13,0.63,5.66,4643326.45,5468736.0286,4.8057,5.7732,6.24,13.4343,11.6271,2.2958,1.8013,1.4594,1.1054,1.1054,1099521.0218,966203.603,804294.1264,12930367.2164,11362554.3713,,,116.873
000002,万科A,全国地产,深圳,19910129,000002.SZ,20130121,11.13,11.13,11.13,11.13,10.12,1.01,9.98,234308.93,260785.8391,0.2425,0.2913,0.24,12.7146,11.0043,2.1728,1.7048,1.3812,1.168,1.168,1099521.0218,966203.603,804294.1264,12237668.9726,10753846.1014,11.1,9.08,116.873
000002,万科A,全国地产,深圳,19910129,000002.SZ,20121225,9.55,10.26,9.5,10.12,9.55,0.57,5.97,1664488.24,1658338.1025,1.7227,2.0695,1.81,11.5608,10.0057,1.9756,1.5501,1.2558,0.9881,1.2846,1099521.0218,966203.603,804294.1264,11127152.7406,9777980.4624,,,116.873
000002,万科A,全国地产,深圳,19910129,000002.SZ,20121224,9.45,9.61,9.43,9.55,9.43,0.12,1.27,475187.24,452650.2927,0.4918,0.5908,0.46,10.9097,9.4421,1.8644,1.4628,1.1851,1.0471,1.3613,1099521.0218,966203.603,804294.1264,10500425.7582,9227244.4087,,,116.873
000002,万科A,全国地产,深圳,19910129,000002.SZ,20121221,9.5,9.6,9.33,9.43,9.48,-0.05,-0.53,544509.08,515889.256,0.5636,0.677,0.47,10.7726,9.3235,1.8409,1.4444,1.1702,1.0604,1.3786,1099521.0218,966203.603,804294.1264,10368483.2356,9111299.9763,,,116.873
000002,万科A,全国地产,深圳,19910129,000002.SZ,20121220,9.25,9.51,9.18,9.48,9.31,0.17,1.83,799673.97,748850.3842,0.8276,0.9943,0.71,10.8297,9.3729,1.8507,1.4521,1.1764,1.0549,1.3713,1099521.0218,966203.603,804294.1264,10423459.2867,9159610.1564,,,116.873
000002,万科A,全国地产,深圳,19910129,000002.SZ,20121219,9.21,9.36,9.01,9.31,9.22,0.09,0.98,1370020.56,1255541.3417,1.4179,1.7034,1.44,10.6355,9.2048,1.8175,1.426,1.1553,1.0741,1.3963,1099521.0218,966203.603,804294.1264,10236540.713,8995355.5439,,,116.873
000002,万科A,全国地产,深圳,19910129,000002.SZ,20121218,9.51,9.67,9.16,9.22,9.57,-0.35,-3.66,1411284.7,1319079.1673,1.4606,1.7547,1.92,10.5327,9.1158,1.7999,1.4123,1.1442,1.0846,1.41,1099521.0218,966203.603,804294.1264,10137583.821,8908397.2197,,,116.873
000002,万科A,全国地产,深圳,19910129,000002.SZ,20121217,9.68,9.9,9.49,9.57,9.7,-0.13,-1.34,996220.62,965351.1642,1.0311,1.2386,1.34,10.9325,9.4619,1.8683,1.4659,1.1876,1.0449,1.3584,1099521.0218,966203.603,804294.1264,10522416.1786,9246568.4807,,,116.873
000002,万科A,全国地产,深圳,19910129,000002.SZ,20121214,9.34,9.73,9.29,9.7,9.32,0.38,4.08,1201221.06,1149410.44,1.2432,1.4935,1.77,11.081,9.5904,1.8936,1.4858,1.2037,1.0309,1.3402,1099521.0218,966203.603,804294.1264,10665353.9115,9372174.9491,,,116.873
000002,万科A,全国地产,深圳,19910129,000002.SZ,20121213,9.23,9.42,9.12,9.32,9.24,0.08,0.87,682341.2,638204.6545,0.7062,0.8484,0.99,10.6469,9.2147,1.8195,1.4276,1.1566,1.073,1.3948,1099521.0218,966203.603,804294.1264,10247535.9232,9005017.58,,,116.873
000002,万科A,全国地产,深圳,19910129,000002.SZ,20121212,9.24,9.33,9.06,9.24,9.24,0.0,0.0,479580.07,441398.2555,0.4964,0.5963,0.58,10.5555,9.1356,1.8038,1.4153,1.1466,1.0823,1.4069,1099521.0218,966203.603,804294.1264,10159574.2414,8927721.2917,,,116.873
000002,万科A,全国地产,深圳,19910129,000002.SZ,20121211,9.3,9.35,9.23,9.24,9.34,-0.1,-1.07,320828.16,298454.3272,0.3321,0.3989,0.36,10.5555,9.1356,1.8038,1.4153,1.1466,1.0823,1.4069,1099521.0218,966203.603,804294.1264,10159574.2414,8927721.2917,,,116.873
000002,万科A,全国地产,深圳,19910129,000002.SZ,20121210,9.26,9.4,9.16,9.34,9.2,0.14,1.52,1024961.08,955422.9126,1.0608,1.2744,1.19,10.6698,9.2345,1.8234,1.4306,1.1591,1.0707,1.3919,1099521.0218,966203.603,804294.1264,10269526.3436,9024341.652,10.07,8.24,116.873
000002,万科A,全国地产,深圳,19910129,000002.SZ,20121207,9.28,9.4,9.09,9.2,9.27,-0.07,-0.76,894789.32,826972.6206,0.9261,1.1125,1.03,10.5098,9.0961,1.796,1.4092,1.1417,1.087,1.413,1099521.0218,966203.603,804294.1264,10115593.4006,8889073.1476,,,116.873
000002,万科A,全国地产,深圳,19910129,000002.SZ,20121206,9.13,9.35,9.12,9.27,9.14,0.13,1.42,708926.47,656493.4411,0.7337,0.8814,0.89,10.5898,9.1653,1.8097,1.4199,1.1504,1.0787,1.4024,1099521.0218,966203.603,804294.1264,10192559.8721,8956707.3998,,,116.873
000002,万科A,全国地产,深圳,19910129,000002.SZ,20121205,8.92,9.35,8.92,9.14,8.95,0.19,2.12,1178722.83,1079694.6773,1.22,1.4655,1.91,10.4413,9.0367,1.7843,1.4,1.1342,1.0941,1.4223,1099521.0218,966203.603,804294.1264,10049622.1393,8831100.9314,,,116.873
000002,万科A,全国地产,深圳,19910129,000002.SZ,20121204,8.79,8.96,8.62,8.95,8.8,0.15,1.7,621801.76,549269.454,0.6436,0.7731,1.13,10.2243,8.8489,1.7472,1.3709,1.1107,1.1173,1.4525,1099521.0218,966203.603,804294.1264,9840713.1451,8647522.2469,,,116.873
000002,万科A,全国地产,深圳,19910129,000002.SZ,20121203,8.75,9.0,8.7,8.8,8.75,0.05,0.57,887407.23,788799.7246,0.9184,1.1033,2.04,10.0529,8.7006,1.7179,1.3479,1.092,1.1364,1.4773,1099521.0218,966203.603,804294.1264,9675784.9918,8502591.7064,,,116.873
000002,万科A,全国地产,深圳,19910129,000002.SZ,20121130,8.43,8.92,8.41,8.75,8.43,0.32,3.8,951928.62,832880.3669,0.9852,1.1836,3.08,9.9958,8.6511,1.7082,1.3403,1.0858,1.1429,1.4857,1099521.0218,966203.603,804294.1264,9620808.9408,8454281.5263,,,116.873
000002,万科A,全国地产,深圳,19910129,000002.SZ,20121129,8.34,8.51,8.34,8.43,8.34,0.09,1.08,359090.52,303336.5624,0.3717,0.4465,1.21,9.6302,8.3348,1.6457,1.2913,1.0461,1.1862,1.5421,1099521.0218,966203.603,804294.1264,9268962.2138,8145096.3733,,,116.873
000002,万科A,全国地产,深圳,19910129,000002.SZ,20121128,8.44,8.47,8.32,8.34,8.46,-0.12,-1.42,257429.68,216441.0486,0.2664,0.3201,0.84,9.5274,8.2458,1.6281,1.2775,1.035,1.199,1.5588,1099521.0218,966203.603,804294.1264,9170005.3218,8058138.049,,,116.873
000002,万科A,全国地产,深圳,19910129,000002.SZ,20121127,8.38,8.52,8.34,8.46,8.42,0.04,0.48,303200.75,256012.8045,0.3138,0.377,0.99,9.6645,8.3644,1.6516,1.2958,1.0499,1.182,1.5366,1099521.0218,966203.603,804294.1264,9301947.8444,8174082.4814,,,116.873
000002,万科A,全国地产,深圳,19910129,000002.SZ,20121126,8.43,8.5,8.35,8.42,8.45,-0.03,-0.36,303186.55,254786.3617,0.3138,0.377,1.0,9.6188,8.3249,1.6438,1.2897,1.0449,1.1876,1.5439,1099521.0218,966203.603,804294.1264,9257967.0036,8135434.3373,,,116.873
000002,万科A,全国地产,深圳,19910129,000002.SZ,20121123,8.42,8.51,8.37,8.45,8.38,0.07,0.84,322283.63,272251.0682,0.3336,0.4007,1.02,9.6531,8.3545,1.6496,1.2943,1.0486,1.1834,1.5385,1099521.0218,966203.603,804294.1264,9290952.6342,8164420.4454,,,116.873
000002,万科A,全国地产,深圳,19910129,000002.SZ,20121122,8.31,8.47,8.28,8.38,8.37,0.01,0.12,300100.69,252122.1786,0.3106,0.3731,0.87,9.5731,8.2853,1.636,1.2836,1.0399,1.1933,1.5513,1099521.0218,966203.603,804294.1264,9213986.1627,8096786.1931,,,116.873
000002,万科A,全国地产,深圳,19910129,000002.SZ,20121121,8.25,8.4,8.22,8.37,8.25,0.12,1.45,302737.57,252100.5596,0.3133,0.3764,0.92,9.5617,8.2754,1.634,1.2821,1.0387,1.1947,1.5532,1099521.0218,966203.603,804294.1264,9202990.9525,8087124.1571,,,116.873
000002,万科A,全国地产,深圳,19910129,000002.SZ,20121120,8.2,8.37,8.16,8.25,8.18,0.07,0.86,305901.58,253268.7986,0.3166,0.3803,0.93,9.4246,8.1568,1.6106,1.2637,1.0238,1.2121,1.5758,1099521.0218,966203.603,804294.1264,9071048.4299,7971179.7248,,,116.873
000002,万科A,全国地产,深圳,19910129,000002.SZ,20121119,8.21,8.28,8.07,8.18,8.22,-0.04,-0.49,281445.89,229957.4199,0.2913,0.3499,0.76,9.3446,8.0876,1.5969,1.253,1.0151,1.2225,1.5892,1099521.0218,966203.603,804294.1264,8994081.9583,7903545.4725,,,116.873
000002,万科A,全国地产,深圳,19910129,000002.SZ,20121116,8.18,8.25,8.09,8.22,8.25,-0.03,-0.36,385875.83,314443.3837,0.3994,0.4798,1.07,9.3903,8.1271,1.6047,1.2591,1.0201,1.2165,1.5815,1099521.0218,966203.603,804294.1264,9038062.7992,7942193.6167,,,116.873
000002,万科A,全国地产,深圳,19910129,000002.SZ,20121115,8.34,8.37,8.22,8.25,8.37,-0.12,-1.43,452676.75,374963.4464,0.4685,0.5628,1.33,9.4246,8.1568,1.6106,1.2637,1.0238,1.2121,1.5758,1099521.0218,966203.603,804294.1264,9071048.4299,7971179.7248,,,116.873
000002,万科A,全国地产,深圳,19910129,000002.SZ,20121114,8.34,8.41,8.27,8.37,8.37,0.0,0.0,218467.46,182174.9209,0.2261,0.2716,0.6,9.5617,8.2754,1.634,1.2821,1.0387,1.1947,1.5532,1099521.0218,966203.603,804294.1264,9202990.9525,8087124.1571,,,116.873
000002,万科A,全国地产,深圳,19910129,000002.SZ,20121113,8.54,8.54,8.34,8.37,8.56,-0.19,-2.22,314551.14,264760.5286,0.3256,0.3911,0.82,9.5617,8.2754,1.634,1.2821,1.0387,1.1947,1.5532,1099521.0218,966203.603,804294.1264,9202990.9525,8087124.1571,,,116.873
000002,万科A,全国地产,深圳,19910129,000002.SZ,20121112,8.38,8.57,8.37,8.56,8.38,0.18,2.15,475668.23,403859.7244,0.4923,0.5914,1.23,9.7787,8.4633,1.6711,1.3112,1.0623,1.1682,1.5187,1099521.0218,966203.603,804294.1264,9411899.9466,8270702.8417,,,116.873
000002,万科A,全国地产,深圳,19910129,000002.SZ,20121109,8.45,8.54,8.37,8.38,8.5,-0.12,-1.41,338518.22,285786.8853,0.3504,0.4209,0.73,9.5731,8.2853,1.636,1.2836,1.0399,1.1933,1.5513,1099521.0218,966203.603,804294.1264,9213986.1627,8096786.1931,,,116.873
000002,万科A,全国地产,深圳,19910129,000002.SZ,20121108,8.45,8.59,8.42,8.5,8.51,-0.01,-0.12,351659.29,299941.4972,0.364,0.4372,0.53,9.7102,8.404,1.6594,1.302,1.0548,1.1765,1.5294,1099521.0218,966203.603,804294.1264,9345928.6853,8212730.6255,,,116.873
000002,万科A,全国地产,深圳,19910129,000002.SZ,20121107,8.6,8.66,8.47,8.51,8.61,-0.1,-1.16,331805.51,283476.2609,0.3434,0.4125,0.48,9.7216,8.4139,1.6613,1.3035,1.0561,1.1751,1.5276,1099521.0218,966203.603,804294.1264,9356923.8955,8222392.6615,,,116.873
000002,万科A,全国地产,深圳,19910129,000002.SZ,20121106,8.67,8.69,8.47,8.61,8.67,-0.06,-0.69,409863.03,352493.4566,0.4242,0.5096,0.57,9.8358,8.5127,1.6809,1.3188,1.0685,1.1614,1.5099,1099521.0218,966203.603,804294.1264,9466875.9977,8319013.0218,,,116.873
000002,万科A,全国地产,深圳,19910129,000002.SZ,20121105,8.65,8.73,8.5,8.67,8.65,0.02,0.23,498509.91,429726.733,0.5159,0.6198,0.73,9.9044,8.572,1.6926,1.328,1.0759,1.1534,1.4994,1099521.0218,966203.603,804294.1264,9532847.259,8376985.238,,,116.873
000002,万科A,全国地产,深圳,19910129,000002.SZ,20121102,8.61,8.7,8.53,8.65,8.59,0.06,0.7,742124.89,639417.9376,0.7681,0.9227,1.22,9.8815,8.5523,1.6887,1.325,1.0734,1.1561,1.5029,1099521.0218,966203.603,804294.1264,9510856.8386,8357661.166,,,116.873
000002,万科A,全国地产,深圳,19910129,000002.SZ,20121101,8.3,8.65,8.27,8.59,8.32,0.27,3.25,1317349.53,1126246.5544,1.3634,1.6379,3.06,9.813,8.493,1.677,1.3158,1.066,1.1641,1.5134,1099521.0218,966203.603,804294.1264,9444885.5773,8299688.9498,,,116.873
000002,万科A,全国地产,深圳,19910129,000002.SZ,20121031,8.29,8.34,8.18,8.32,8.3,0.02,0.24,472225.24,389716.9407,0.4887,0.5871,1.1,9.5046,8.226,1.6242,1.2744,1.0325,1.2019,1.5625,1099521.0218,966203.603,804294.1264,9148014.9014,8038813.977,,,116.873
000002,万科A,全国地产,深圳,19910129,000002.SZ,20121030,8.23,8.39,8.15,8.3,8.22,0.08,0.97,593437.34,491766.0596,0.6142,0.7378,1.45,9.4817,8.2062,1.6203,1.2713,1.03,1.2048,1.5663,1099521.0218,966203.603,804294.1264,9126024.4809,8019489.9049,,,116.873
000002,万科A,全国地产,深圳,19910129,000002.SZ,20121029,8.19,8.22,8.08,8.22,8.2,0.02,0.24,312629.39,255171.1232,0.3236,0.3887,0.65,9.3903,8.1271,1.6047,1.2591,1.0201,1.2165,1.5815,1099521.0218,966203.603,804294.1264,9038062.7992,7942193.6167,,,116.873
000002,万科A,全国地产,深圳,19910129,000002.SZ,20121026,8.35,8.39,8.13,8.2,8.35,-0.15,-1.8,352324.05,289454.9705,0.3646,0.4381,0.73,9.3675,8.1074,1.6008,1.256,1.0176,1.2195,1.5854,1099521.0218,966203.603,804294.1264,9016072.3788,7922869.5446,,,116.873
000002,万科A,全国地产,深圳,19910129,000002.SZ,20121025,8.44,8.53,8.31,8.35,8.43,-0.08,-0.95,421703.23,354406.1991,0.4365,0.5243,0.74,9.5388,8.2557,1.6301,1.279,1.0362,1.1976,1.5569,1099521.0218,966203.603,804294.1264,9181000.532,8067800.0851,,,116.873
000002,万科A,全国地产,深圳,19910129,000002.SZ,20121024,8.48,8.53,8.39,8.43,8.4,0.03,0.36,460994.85,389930.5437,0.4771,0.5732,0.84,9.6302,8.3348,1.6457,1.2913,1.0461,1.1862,1.5421,1099521.0218,966203.603,804294.1264,9268962.2138,8145096.3733,,,116.873
000002,万科A,全国地产,深圳,19910129,000002.SZ,20121023,8.4,8.57,8.36,8.4,8.42,-0.02,-0.24,501913.2,424849.4594,0.5195,0.624,0.99,9.5959,8.9046,1.6762,1.2867,1.1193,1.1905,1.5476,1099521.0218,966203.603,804294.1264,9235976.5831,8116110.2652,,,116.873
000002,万科A,全国地产,深圳,19910129,000002.SZ,20121022,8.38,8.49,8.25,8.42,8.42,0.0,0.0,651035.47,543492.2011,0.6738,0.8094,1.55,9.6188,8.9258,1.6802,1.2897,1.1219,1.1876,1.5439,1099521.0218,966203.603,804294.1264,9257967.0036,8135434.3373,,,116.873
000002,万科A,全国地产,深圳,19910129,000002.SZ,20121019,8.4,8.5,8.38,8.42,8.44,-0.02,-0.24,368909.84,311265.0352,0.3818,0.4587,0.9,9.6188,8.9258,1.6802,1.2897,1.1219,1.1876,1.5439,1099521.0218,966203.603,804294.1264,9257967.0036,8135434.3373,,,116.873
000002,万科A,全国地产,深圳,19910129,000002.SZ,20121018,8.17,8.49,8.11,8.44,8.13,0.31,3.81,860133.94,718318.3329,0.8902,1.0694,2.99,9.6416,8.947,1.6842,1.2928,1.1246,1.1848,1.5403,1099521.0218,966203.603,804294.1264,9279957.424,8154758.4093,,,116.873
000002,万科A,全国地产,深圳,19910129,000002.SZ,20121017,8.22,8.23,8.11,8.13,8.18,-0.05,-0.61,367209.48,299435.8013,0.3801,0.4566,1.16,9.2875,8.6184,1.6223,1.2453,1.0833,1.23,1.599,1099521.0218,966203.603,804294.1264,8939105.9072,7855235.2924,,,116.873
000002,万科A,全国地产,深圳,19910129,000002.SZ,20121016,8.18,8.25,8.14,8.18,8.19,-0.01,-0.12,291622.99,239021.0411,0.3018,0.3626,0.82,9.3446,8.6714,1.6323,1.253,1.09,1.2225,1.5892,1099521.0218,966203.603,804294.1264,8994081.9583,7903545.4725,,,116.873
000002,万科A,全国地产,深圳,19910129,000002.SZ,20121015,8.26,8.26,8.14,8.19,8.24,-0.05,-0.61,213705.42,174773.8803,0.2212,0.2657,0.53,9.356,8.682,1.6343,1.2545,1.0913,1.221,1.5873,1099521.0218,966203.603,804294.1264,9005077.1685,7913207.5086,,,116.873
000002,万科A,全国地产,深圳,19910129,000002.SZ,20121012,8.32,8.38,8.19,8.24,8.29,-0.05,-0.6,311356.63,257470.9038,0.3222,0.3871,0.63,9.4132,8.735,1.6443,1.2621,1.098,1.2136,1.5777,1099521.0218,966203.603,804294.1264,9060053.2196,7961517.6887,,,116.873
000002,万科A,全国地产,深圳,19910129,000002.SZ,20121011,8.33,8.33,8.22,8.29,8.36,-0.07,-0.84,254369.67,210036.0328,0.2633,0.3163,0.42,9.4703,8.788,1.6543,1.2698,1.1046,1.2063,1.5682,1099521.0218,966203.603,804294.1264,9115029.2707,8009827.8689,,,116.873
000002,万科A,全国地产,深圳,19910129,000002.SZ,20121010,8.37,8.37,8.2,8.36,8.36,0.0,0.0,507343.5,420866.0084,0.5251,0.6308,0.93,9.5502,8.8622,1.6682,1.2805,1.114,1.1962,1.555,1099521.0218,966203.603,804294.1264,9191995.7422,8077462.1211,,,116.873
000002,万科A,全国地产,深圳,19910129,000002.SZ,20121009,8.19,8.39,8.18,8.36,8.16,0.2,2.45,487942.85,406162.4383,0.505,0.6067,0.98,9.5502,8.8622,1.6682,1.2805,1.114,1.1962,1.555,1099521.0218,966203.603,804294.1264,9191995.7422,8077462.1211,,,116.873
000002,万科A,全国地产,深圳,19910129,000002.SZ,20121008,8.37,8.47,8.09,8.16,8.43,-0.27,-3.2,473161.8,388940.9261,0.4897,0.5883,0.96,9.3218,8.6502,1.6283,1.2499,1.0873,1.2255,1.5931,1099521.0218,966203.603,804294.1264,8972091.5379,7884221.4005,,,116.873
000002,万科A,全国地产,深圳,19910129,000002.SZ,20120928,8.12,8.45,8.06,8.43,8.21,0.22,2.68,760464.0,629670.6456,0.7871,0.9455,1.81,9.6302,8.9364,1.6822,1.2913,1.1233,1.1862,1.5421,1099521.0218,966203.603,804294.1264,9268962.2138,8145096.3733,,,116.873
000002,万科A,全国地产,深圳,19910129,000002.SZ,20120927,7.8,8.23,7.74,8.21,7.79,0.42,5.39,769552.42,618813.1372,0.7965,0.9568,2.01,9.3789,8.7032,1.6383,1.2576,1.094,1.218,1.5834,1099521.0218,966203.603,804294.1264,9027067.589,7932531.5806,,,116.873
000002,万科A,全国地产,深圳,19910129,000002.SZ,20120926,7.9,7.93,7.72,7.79,7.91,-0.12,-1.52,249694.16,194416.6393,0.2584,0.3105,0.61,8.8991,8.258,1.5545,1.1932,1.038,1.2837,1.6688,1099521.0218,966203.603,804294.1264,8565268.7598,7526726.0674,,,116.873
000002,万科A,全国地产,深圳,19910129,000002.SZ,20120925,7.87,7.95,7.83,7.91,7.89,0.02,0.25,239616.51,189554.0239,0.248,0.2979,0.56,9.0362,8.3852,1.5784,1.2116,1.054,1.2642,1.6435,1099521.0218,966203.603,804294.1264,8697211.2824,7642670.4997,,,116.873
000002,万科A,全国地产,深圳,19910129,000002.SZ,20120924,7.8,7.98,7.6,7.89,7.81,0.08,1.02,455013.87,354786.4099,0.4709,0.5657,0.88,9.0133,8.364,1.5745,1.2085,1.0513,1.2674,1.6477,1099521.0218,966203.603,804294.1264,8675220.862,7623346.4277,,,116.873
000002,万科A,全国地产,深圳,19910129,000002.SZ,20120921,7.8,7.86,7.76,7.81,7.82,-0.01,-0.13,388550.04,303523.4479,0.4021,0.4831,0.65,8.9219,8.2792,1.5585,1.1963,1.0407,1.2804,1.6645,1099521.0218,966203.603,804294.1264,8587259.1803,7546050.1394,,,115.013
000002,万科A,全国地产,深圳,19910129,000002.SZ,20120920,8.0,8.02,7.77,7.82,8.04,-0.22,-2.74,584727.89,459069.8783,0.6052,0.727,1.11,8.9334,8.2898,1.5605,1.1978,1.042,1.2788,1.6624,1099521.0218,966203.603,804294.1264,8598254.3905,7555712.1755,,,115.013
000002,万科A,全国地产,深圳,19910129,000002.SZ,20120919,8.04,8.05,7.96,8.04,8.01,0.03,0.37,366851.65,293740.6961,0.3797,0.4561,0.67,9.1847,8.523,1.6044,1.2315,1.0713,1.2438,1.6169,1099521.0218,966203.603,804294.1264,8840149.0153,7768276.9681,,,115.013
000002,万科A,全国地产,深圳,19910129,000002.SZ,20120918,8.02,8.11,7.95,8.01,8.06,-0.05,-0.62,344756.45,276953.3124,0.3568,0.4286,0.63,9.1504,8.4912,1.5984,1.2269,1.0673,1.2484,1.623,1099521.0218,966203.603,804294.1264,8807163.3846,7739290.86,,,115.013
000002,万科A,全国地产,深圳,19910129,000002.SZ,20120917,8.3,8.36,7.96,8.06,8.34,-0.28,-3.36,898867.02,725758.169,0.9303,1.1176,1.9,9.2075,8.5442,1.6084,1.2346,1.074,1.2407,1.6129,1099521.0218,966203.603,804294.1264,8862139.4357,7787601.0402,,,115.013
000002,万科A,全国地产,深圳,19910129,000002.SZ,20120914,8.49,8.51,8.26,8.34,8.42,-0.08,-0.95,774177.08,645278.5008,0.8013,0.9626,1.45,9.5274,8.841,1.6643,1.2775,1.1113,1.199,1.5588,1099521.0218,966203.603,804294.1264,9170005.3218,8058138.049,,,115.013
000002,万科A,全国地产,深圳,19910129,000002.SZ,20120913,8.44,8.54,8.35,8.42,8.45,-0.03,-0.36,252133.28,213196.087,0.261,0.3135,0.47,9.6188,8.9258,1.6802,1.2897,1.1219,1.1876,1.5439,1099521.0218,966203.603,804294.1264,9257967.0036,8135434.3373,,,115.013
000002,万科A,全国地产,深圳,19910129,000002.SZ,20120912,8.53,8.62,8.33,8.45,8.48,-0.03,-0.35,462917.76,389967.496,0.4791,0.5756,0.88,9.6531,8.9576,1.6862,1.2943,1.1259,1.1834,1.5385,1099521.0218,966203.603,804294.1264,9290952.6342,8164420.4454,,,115.013
000002,万科A,全国地产,深圳,19910129,000002.SZ,20120911,8.55,8.58,8.41,8.48,8.61,-0.13,-1.51,352880.28,299554.8977,0.3652,0.4387,0.67,9.6873,8.9894,1.6922,1.2989,1.1299,1.1792,1.533,1099521.0218,966203.603,804294.1264,9323938.2649,8193406.5534,,,115.013
000002,万科A,全国地产,深圳,19910129,000002.SZ,20120910,8.62,8.71,8.5,8.61,8.6,0.01,0.12,524961.7,450581.8788,0.5433,0.6527,0.95,9.8358,9.1272,1.7181,1.3188,1.1473,1.1614,1.5099,1099521.0218,966203.603,804294.1264,9466875.9977,8319013.0218,,,115.013
000002,万科A,全国地产,深圳,19910129,000002.SZ,20120907,8.42,8.88,8.4,8.6,8.35,0.25,2.99,1070571.98,924236.1111,1.108,1.3311,2.74,9.8244,9.1166,1.7161,1.3173,1.1459,1.1628,1.5116,1099521.0218,966203.603,804294.1264,9455880.7875,8309350.9858,,,115.013
000002,万科A,全国地产,深圳,19910129,000002.SZ,20120906,8.34,8.5,8.31,8.35,8.32,0.03,0.36,281715.93,236230.235,0.2916,0.3503,0.71,9.5388,8.8516,1.6662,1.279,1.1126,1.1976,1.5569,1099521.0218,966203.603,804294.1264,9181000.532,8067800.0851,,,115.013
000002,万科A,全国地产,深圳,19910129,000002.SZ,20120905,8.23,8.41,8.21,8.32,8.23,0.09,1.09,395012.21,329668.2875,0.4088,0.4911,1.1,9.5046,8.8198,1.6603,1.2744,1.1086,1.2019,1.5625,1099521.0218,966203.603,804294.1264,9148014.9014,8038813.977,,,115.013
000002,万科A,全国地产,深圳,19910129,000002.SZ,20120904,8.29,8.36,8.19,8.23,8.29,-0.06,-0.72,370744.76,307083.7723,0.3837,0.461,1.04,9.4017,8.7244,1.6423,1.2606,1.0966,1.2151,1.5796,1099521.0218,966203.603,804294.1264,9049058.0094,7951855.6527,,,115.013
000002,万科A,全国地产,深圳,19910129,000002.SZ,20120903,8.03,8.35,8.01,8.29,8.02,0.27,3.37,630697.45,520954.9577,0.6528,0.7842,2.0,9.4703,8.788,1.6543,1.2698,1.1046,1.2063,1.5682,1099521.0218,966203.603,804294.1264,9115029.2707,8009827.8689,,,115.013
000002,万科A,全国地产,深圳,19910129,000002.SZ,20120831,7.95,8.12,7.95,8.02,7.99,0.03,0.38,272985.19,220095.9994,0.2825,0.3394,0.83,9.1618,8.5018,1.6004,1.2285,1.0686,1.2469,1.6209,1099521.0218,966203.603,804294.1264,8818158.5948,7748952.8961,,,115.013
000002,万科A,全国地产,深圳,19910129,000002.SZ,20120830,7.88,8.04,7.88,7.99,7.97,0.02,0.25,312722.97,249676.4139,0.3237,0.3888,0.8,9.1276,8.47,1.5944,1.2239,1.0647,1.2516,1.627,1099521.0218,966203.603,804294.1264,8785172.9642,7719966.788,,,115.013
000002,万科A,全国地产,深圳,19910129,000002.SZ,20120829,7.97,8.07,7.94,7.97,8.0,-0.03,-0.38,202372.41,161700.0723,0.2095,0.2516,0.39,9.1047,8.4488,1.5904,1.2208,1.062,1.2547,1.6311,1099521.0218,966203.603,804294.1264,8763182.5437,7700642.7159,,,115.013
000002,万科A,全国地产,深圳,19910129,000002.SZ,20120828,8.07,8.12,7.95,8.0,8.08,-0.08,-0.99,360094.63,288383.8081,0.3727,0.4477,0.6,9.139,8.4806,1.5964,1.2254,1.066,1.25,1.625,1099521.0218,966203.603,804294.1264,8796168.1744,7729628.824,,,115.013
000002,万科A,全国地产,深圳,19910129,000002.SZ,20120827,8.1,8.21,8.05,8.08,8.12,-0.04,-0.49,426630.42,346703.1096,0.4416,0.5304,0.71,9.2304,8.5654,1.6124,1.2376,1.0766,1.2376,1.6089,1099521.0218,966203.603,804294.1264,8884129.8561,7806925.1122,,,115.013
000002,万科A,全国地产,深圳,19910129,000002.SZ,20120824,8.05,8.16,8.02,8.12,8.11,0.01,0.12,348295.71,282676.4617,0.3605,0.433,0.6,9.2761,8.6078,1.6204,1.2438,1.082,1.2315,1.601,1099521.0218,966203.603,804294.1264,8928110.697,7845573.2564,,,115.013
000002,万科A,全国地产,深圳,19910129,000002.SZ,20120823,8.13,8.21,7.98,8.11,8.14,-0.03,-0.37,625742.09,506929.8305,0.6476,0.778,1.23,9.2647,8.5972,1.6184,1.2422,1.0806,1.233,1.603,1099521.0218,966203.603,804294.1264,8917115.4868,7835911.2203,,,115.013
000002,万科A,全国地产,深圳,19910129,000002.SZ,20120822,8.3,8.31,8.03,8.14,8.32,-0.18,-2.16,801190.18,652654.9828,0.8292,0.9961,1.92,9.2989,8.629,1.6243,1.2468,1.0846,1.2285,1.5971,1099521.0218,966203.603,804294.1264,8950101.1175,7864897.3284,,,115.013
000002,万科A,全国地产,深圳,19910129,000002.SZ,20120821,8.45,8.6,8.22,8.32,8.5,-0.18,-2.12,820202.94,685725.7405,0.8489,1.0198,2.33,9.5046,8.8198,1.6603,1.2744,1.1086,1.2019,1.5625,1099521.0218,966203.603,804294.1264,9148014.9014,8038813.977,,,115.013
000002,万科A,全国地产,深圳,19910129,000002.SZ,20120820,8.5,8.5,8.3,8.5,8.61,-0.11,-1.28,401637.7,336400.6036,0.4157,0.4994,0.77,9.7102,9.0106,1.6962,1.302,1.1326,1.1765,1.5294,1099521.0218,966203.603,804294.1264,9345928.6853,8212730.6255,,,115.013
000002,万科A,全国地产,深圳,19910129,000002.SZ,20120817,8.63,8.7,8.5,8.61,8.64,-0.03,-0.35,260520.34,223700.8772,0.2696,0.3239,0.47,9.8358,9.1272,1.7181,1.3188,1.1473,1.1614,1.5099,1099521.0218,966203.603,804294.1264,9466875.9977,8319013.0218,,,115.013
000002,万科A,全国地产,深圳,19910129,000002.SZ,20120816,8.52,8.66,8.52,8.64,8.57,0.07,0.82,265970.63,229297.5936,0.2753,0.3307,0.45,9.8701,9.159,1.7241,1.3234,1.1513,1.1574,1.5046,1099521.0218,966203.603,804294.1264,9499861.6284,8347999.1299,,,115.013
000002,万科A,全国地产,深圳,19910129,000002.SZ,20120815,8.51,8.6,8.48,8.57,8.58,-0.01,-0.12,335584.27,286716.026,0.3473,0.4172,0.55,9.7901,9.0848,1.7102,1.3127,1.1419,1.1669,1.5169,1099521.0218,966203.603,804294.1264,9422895.1568,8280364.8777,,,115.013
000002,万科A,全国地产,深圳,19910129,000002.SZ,20120814,8.44,8.58,8.35,8.58,8.42,0.16,1.9,499067.61,422942.3188,0.5165,0.6205,0.83,9.8016,9.0954,1.7121,1.3142,1.1433,1.1655,1.5152,1099521.0218,966203.603,804294.1264,9433890.367,8290026.9137,,,115.013
000002,万科A,全国地产,深圳,19910129,000002.SZ,20120813,8.76,8.76,8.32,8.42,8.79,-0.37,-4.21,1232150.1,1045248.2301,1.2752,1.532,2.56,9.6188,8.9258,1.6802,1.2897,1.1219,1.1876,1.5439,1099521.0218,966203.603,804294.1264,9257967.0036,8135434.3373,,,115.013
000002,万科A,全国地产,深圳,19910129,000002.SZ,20120810,9.0,9.0,8.75,8.79,9.0,-0.21,-2.33,459934.56,405112.3008,0.476,0.5718,0.86,10.0415,9.3181,1.7541,1.3464,1.1712,1.1377,1.479,1099521.0218,966203.603,804294.1264,9664789.7816,8492929.6704,,,115.013
000002,万科A,全国地产,深圳,19910129,000002.SZ,20120809,8.94,9.09,8.93,9.0,8.93,0.07,0.78,422204.33,380576.2,0.437,0.5249,0.66,10.2814,9.5407,1.796,1.3786,1.1992,1.1111,1.4444,1099521.0218,966203.603,804294.1264,9895689.1962,8695832.427,,,115.013
000002,万科A,全国地产,深圳,19910129,000002.SZ,20120808,8.82,9.01,8.81,8.93,8.83,0.1,1.13,426804.73,380925.8811,0.4417,0.5307,0.68,10.2014,9.4665,1.782,1.3678,1.1899,1.1198,1.4558,1099521.0218,966203.603,804294.1264,9818722.7247,8628198.1748,,,115.013
000002,万科A,全国地产,深圳,19910129,000002.SZ,20120807,8.8,8.95,8.72,8.83,8.76,0.07,0.8,464594.13,408871.0248,0.4808,0.5777,0.77,10.0872,9.3605,1.762,1.3525,1.1766,1.1325,1.4723,1099521.0218,966203.603,804273.36,9708770.6225,8531577.8145,,,115.013
000002,万科A,全国地产,深圳,19910129,000002.SZ,20120806,8.65,8.83,8.52,8.76,8.7,0.06,0.69,636538.58,551049.586,0.6588,0.7914,1.22,10.0072,9.8127,1.8198,1.3418,1.2988,1.1416,1.484,1099521.0218,966182.8366,804273.36,9631804.151,8463761.6486,,,115.013
000002,万科A,全国地产,深圳,19910129,000002.SZ,20120803,8.81,8.85,8.5,8.7,8.7,0.0,0.0,717484.29,620735.6824,0.7426,0.8921,1.64,9.9387,9.7455,1.8073,1.3326,1.2899,1.1494,1.4943,1099521.0218,966182.8366,804273.36,9565832.8897,8405790.6784,,,115.013
000002,万科A,全国地产,深圳,19910129,000002.SZ,20120802,9.32,9.33,8.5,8.7,9.33,-0.63,-6.75,953848.8,842599.5029,0.9872,1.186,2.68,9.9387,9.7455,1.8073,1.3326,1.2899,1.1494,1.4943,1099521.0218,966182.8366,804273.36,9565832.8897,8405790.6784,,,115.013
000002,万科A,全国地产,深圳,19910129,000002.SZ,20120801,9.23,9.44,9.23,9.33,9.23,0.1,1.08,349387.83,327291.2355,0.3616,0.4344,0.94,10.6584,10.4512,1.9382,1.4291,1.3833,1.0718,1.3934,1099521.0218,966182.8366,804273.36,10258531.1334,9014485.8655,,,115.013
000002,万科A,全国地产,深圳,19910129,000002.SZ,20120731,9.08,9.26,9.05,9.23,9.0,0.23,2.56,358515.41,329172.1436,0.3711,0.4458,0.98,10.5441,10.3392,1.9174,1.4138,1.3685,1.0834,1.4085,1099521.0218,966182.8366,804273.36,10148579.0312,8917867.5818,,,115.013
000002,万科A,全国地产,深圳,19910129,000002.SZ,20120730,9.02,9.1,9.0,9.0,8.98,0.02,0.22,225476.2,204003.3354,0.2334,0.2803,0.6,10.2814,10.0815,1.8696,1.3786,1.3344,1.1111,1.4444,1099521.0218,966182.8366,804273.36,9895689.1962,8695645.5294,,,115.013
000002,万科A,全国地产,深圳,19910129,000002.SZ,20120727,8.91,9.04,8.74,8.98,8.91,0.07,0.79,299596.77,267873.3892,0.3101,0.3725,0.75,10.2585,10.0591,1.8655,1.3755,1.3314,1.1136,1.4477,1099521.0218,966182.8366,804273.36,9873698.7758,8676321.8727,,,115.013
000002,万科A,全国地产,深圳,19910129,000002.SZ,20120726,9.09,9.18,8.8,8.91,9.1,-0.19,-2.09,546310.95,488521.2141,0.5654,0.6793,1.35,10.1786,9.9807,1.8509,1.3648,1.3211,1.1223,1.459,1099521.0218,966182.8366,804273.36,9796732.3042,8608689.0741,,,115.013
000002,万科A,全国地产,深圳,19910129,000002.SZ,20120725,9.26,9.3,9.05,9.1,9.33,-0.23,-2.47,428484.78,391209.9681,0.4435,0.5328,0.86,10.3956,10.1935,1.8904,1.3939,1.3492,1.0989,1.4286,1099521.0218,966182.8366,804273.36,10005641.2984,8792263.8131,,,115.013
000002,万科A,全国地产,深圳,19910129,000002.SZ,20120724,9.17,9.48,9.16,9.33,9.21,0.12,1.3,330378.28,308784.7358,0.3419,0.4108,0.64,10.6584,10.4512,1.9382,1.4291,1.3833,1.0718,1.3934,1099521.0218,966182.8366,804273.36,10258531.1334,9014485.8655,,,115.013
000002,万科A,全国地产,深圳,19910129,000002.SZ,20120723,9.2,9.34,9.13,9.21,9.3,-0.09,-0.97,287909.78,264864.3154,0.298,0.358,0.51,10.5213,10.3168,1.9132,1.4107,1.3655,1.0858,1.4115,1099521.0218,966182.8366,804273.36,10126588.6108,8898543.9251,,,115.013
000002,万科A,全国地产,深圳,19910129,000002.SZ,20120720,9.36,9.43,9.19,9.3,9.44,-0.14,-1.48,394106.9,367447.6942,0.4079,0.49,0.63,10.6241,10.4176,1.9319,1.4245,1.3789,1.0753,1.3978,1099521.0218,966182.8366,804273.36,10225545.5027,8985500.3804,,,115.013
000002,万科A,全国地产,深圳,19910129,000002.SZ,20120719,9.4,9.59,9.32,9.44,9.43,0.01,0.11,578233.53,546749.5746,0.5985,0.719,0.88,10.784,10.5744,1.961,1.446,1.3996,1.0593,1.3771,1099521.0218,966182.8366,804273.36,10379478.4458,9120765.9775,,,115.013
000002,万科A,全国地产,深圳,19910129,000002.SZ,20120718,9.79,9.9,9.2,9.43,9.8,-0.37,-3.78,904094.86,854379.9029,0.9357,1.1241,1.46,10.7726,10.5632,1.9589,1.4444,1.3982,1.0604,1.3786,1099521.0218,966182.8366,804273.36,10368483.2356,9111104.1491,,,115.013
000002,万科A,全国地产,深圳,19910129,000002.SZ,20120717,9.66,9.95,9.65,9.8,9.73,0.07,0.72,414763.8,407829.2312,0.4293,0.5157,0.63,11.1953,10.9777,2.0358,1.5011,1.453,1.0204,1.3265,1099521.0218,966182.8366,804273.36,10775306.0136,9468591.7987,,,115.013
000002,万科A,全国地产,深圳,19910129,000002.SZ,20120716,9.85,9.92,9.58,9.73,9.86,-0.13,-1.32,519852.35,506012.2245,0.538,0.6464,0.68,11.1153,10.8992,2.0213,1.4904,1.4426,1.0277,1.3361,1099521.0218,966182.8366,804273.36,10698339.5421,9400959.0001,,,115.013
000002,万科A,全国地产,深圳,19910129,000002.SZ,20120713,9.6,9.88,9.57,9.86,9.63,0.23,2.39,722659.47,707758.4942,0.748,0.8985,0.76,11.2638,11.0449,2.0483,1.5103,1.4619,1.0142,1.3185,1099521.0218,966182.8366,804273.36,10841277.2749,9526562.7689,,,115.013
000002,万科A,全国地产,深圳,19910129,000002.SZ,20120712,9.39,9.73,9.36,9.63,9.4,0.23,2.45,742758.85,708986.8423,0.7688,0.9235,0.79,11.0011,10.7872,2.0005,1.4751,1.4278,1.0384,1.3499,1099521.0218,966182.8366,804273.36,10588387.4399,9304340.7165,,,115.013
000002,万科A,全国地产,深圳,19910129,000002.SZ,20120711,9.51,9.71,9.29,9.4,9.54,-0.14,-1.47,687933.26,651273.0918,0.712,0.8553,0.8,10.7383,10.5296,1.9527,1.4398,1.3937,1.0638,1.383,1099521.0218,966182.8366,804273.36,10335497.6049,9082118.664,,,115.013
000002,万科A,全国地产,深圳,19910129,000002.SZ,20120710,9.6,9.75,9.4,9.54,9.66,-0.12,-1.24,594473.05,569835.5403,0.6153,0.7391,0.7,10.8983,10.6864,1.9818,1.4613,1.4145,1.0482,1.3627,1099521.0218,966182.8366,804273.36,10489430.548,9217384.2612,,,115.013
000002,万科A,全国地产,深圳,19910129,000002.SZ,20120709,9.56,9.9,9.5,9.66,9.65,0.01,0.1,1047940.57,1024723.0449,1.0846,1.303,1.5,11.0353,10.8208,2.0067,1.4797,1.4323,1.0352,1.3458,1099521.0218,966182.8366,804273.36,10621373.0706,9333326.2016,,,115.013
000002,万科A,全国地产,深圳,19910129,000002.SZ,20120706,9.48,9.65,9.4,9.65,9.29,0.36,3.88,1655358.95,1583264.7211,1.7133,2.0582,3.92,11.0239,10.8096,2.0046,1.4781,1.4308,1.0363,1.3472,1099521.0218,966182.8366,804273.36,10610377.8604,9323664.3732,,,115.013
000002,万科A,全国地产,深圳,19910129,000002.SZ,20120705,9.02,9.3,9.02,9.29,8.98,0.31,3.45,716488.82,658751.175,0.7416,0.8909,2.07,10.6127,10.4064,1.9299,1.423,1.3774,1.0764,1.3994,1099521.0218,966182.8366,804273.36,10214550.2925,8975838.552,,,115.013
000002,万科A,全国地产,深圳,19910129,000002.SZ,20120704,9.15,9.2,9.09,9.11,9.12,-0.01,-0.11,297582.46,271842.005,0.308,0.37,0.77,10.407,10.2047,1.8427,1.3954,1.3507,1.0977,,1099521.0218,966182.8366,804273.36,10016636.5086,8801925.6414,,,115.013
000002,万科A,全国地产,深圳,19910129,000002.SZ,20120703,8.99,9.23,8.9,9.12,8.98,0.14,1.56,522014.23,476735.1075,0.5403,0.6491,1.27,10.4185,10.2159,1.8447,1.3969,1.3522,1.0965,,1099521.0218,966182.8366,804273.36,10027631.7188,8811587.4698,,,115.013
000002,万科A,全国地产,深圳,19910129,000002.SZ,20120702,8.94,9.06,8.91,8.98,8.91,0.07,0.79,291456.88,261062.8317,0.3017,0.3624,0.59,10.2585,10.0591,1.8164,1.3755,1.3314,1.1136,,1099521.0218,966182.8366,804273.36,9873698.7758,8676321.8727,,,115.013
000002,万科A,全国地产,深圳,19910129,000002.SZ,20120629,8.86,9.02,8.82,8.91,8.85,0.06,0.68,286205.09,254738.0941,0.2962,0.3559,0.57,10.1786,9.9807,1.8023,1.3648,1.3211,1.1223,,1099521.0218,966182.8366,804273.36,9796732.3042,8608689.0741,,,115.013
000002,万科A,全国地产,深圳,19910129,000002.SZ,20120628,8.96,9.0,8.84,8.85,8.95,-0.1,-1.12,335985.38,299511.7033,0.3477,0.4178,0.69,10.11,9.9135,1.7901,1.3556,1.3122,1.1299,,1099521.0218,966182.8366,804273.36,9730761.0429,8550718.1039,,,115.013
000002,万科A,全国地产,深圳,19910129,000002.SZ,20120627,8.91,9.09,8.84,8.95,8.95,0.0,0.0,492010.46,442982.4073,0.5092,0.6117,1.09,10.2243,10.0255,1.8103,1.3709,1.327,1.1173,,1099521.0218,966182.8366,804273.36,9840713.1451,8647336.3876,,,115.013
000002,万科A,全国地产,深圳,19910129,000002.SZ,20120626,8.72,9.01,8.7,8.95,8.75,0.2,2.29,643645.27,570644.9097,0.6662,0.8003,1.47,10.2243,10.0255,1.8103,1.3709,1.327,1.1173,,1099521.0218,966182.8366,804273.36,9840713.1451,8647336.3876,,,115.013
000002,万科A,全国地产,深圳,19910129,000002.SZ,20120625,8.97,8.97,8.59,8.75,9.03,-0.28,-3.1,715571.12,629673.8636,0.7406,0.8897,1.62,9.9958,9.8015,1.7699,1.3403,1.2973,1.1429,,1099521.0218,966182.8366,804273.36,9620808.9408,8454099.8203,,,115.013
000002,万科A,全国地产,深圳,19910129,000002.SZ,20120621,9.0,9.1,8.97,9.03,9.03,0.0,0.0,318527.8,287884.6978,0.3297,0.396,0.67,10.3156,10.1151,1.8265,1.3832,1.3388,1.1074,,1099521.0218,966182.8366,804273.36,9928674.8269,8724631.0145,,,115.013
000002,万科A,全国地产,深圳,19910129,000002.SZ,20120620,9.08,9.11,8.98,9.03,9.06,-0.03,-0.33,271900.01,246101.6329,0.2814,0.3381,0.49,10.3156,10.1151,1.8265,1.3832,1.3388,1.1074,,1099521.0218,966182.8366,804273.36,9928674.8269,8724631.0145,,,115.013
000002,万科A,全国地产,深圳,19910129,000002.SZ,20120619,9.13,9.2,9.01,9.06,9.19,-0.13,-1.41,312688.5,284683.3938,0.3236,0.3888,0.48,10.3499,10.1487,1.8326,1.3878,1.3433,1.1038,,1099521.0218,966182.8366,804273.36,9961660.4575,8753616.4996,,,115.013
000002,万科A,全国地产,深圳,19910129,000002.SZ,20120618,9.13,9.19,9.06,9.19,9.11,0.08,0.88,566132.83,516643.604,0.5859,0.7039,0.78,10.4984,10.2944,1.8589,1.4077,1.3626,1.0881,,1099521.0218,966182.8366,804273.36,10104598.1903,8879220.2684,,,115.013
000002,万科A,全国地产,深圳,19910129,000002.SZ,20120615,9.3,9.33,8.98,9.11,9.28,-0.17,-1.83,739165.31,673744.0145,0.765,0.919,0.99,10.407,10.2047,1.8427,1.3954,1.3507,1.0977,,1099521.0218,966182.8366,804273.36,10016636.5086,8801925.6414,,,115.013
000002,万科A,全国地产,深圳,19910129,000002.SZ,20120614,9.3,9.4,9.25,9.28,9.27,0.01,0.11,487802.46,454871.0737,0.5049,0.6065,0.65,10.6012,10.3952,1.8771,1.4214,1.3759,1.0776,,1099521.0218,966182.8366,804273.36,10203555.0823,8966176.7236,,,115.013
000002,万科A,全国地产,深圳,19910129,000002.SZ,20120613,9.31,9.44,9.21,9.27,9.22,0.05,0.54,668466.79,621607.0176,0.6919,0.8311,0.97,10.5898,10.384,1.8751,1.4199,1.3744,1.0787,,1099521.0218,966182.8366,804273.36,10192559.8721,8956514.8953,,,115.013
000002,万科A,全国地产,深圳,19910129,000002.SZ,20120612,9.19,9.38,9.17,9.22,9.2,0.02,0.22,823025.59,762947.2361,0.8518,1.0233,1.34,10.5327,10.328,1.865,1.4123,1.367,1.0846,,1099521.0218,966182.8366,804273.36,10137583.821,8908205.7535,,,115.013
000002,万科A,全国地产,深圳,19910129,000002.SZ,20120611,8.98,9.39,8.93,9.2,8.92,0.28,3.14,889129.38,816206.3982,0.9202,1.1055,1.72,10.5098,10.3056,1.8609,1.4092,1.3641,1.087,,1099521.0218,966182.8366,804273.36,10115593.4006,8888882.0967,,,115.013
000002,万科A,全国地产,深圳,19910129,000002.SZ,20120608,9.09,9.16,8.84,8.92,8.96,-0.04,-0.45,853055.71,766386.6794,0.8829,1.0607,2.06,10.19,9.9919,1.8043,1.3663,1.3225,1.1211,,1099521.0218,966182.8366,804273.36,9807727.5145,8618350.9025,,,115.013
000002,万科A,全国地产,深圳,19910129,000002.SZ,20120607,9.07,9.22,8.91,8.96,8.98,-0.02,-0.22,536508.5,488232.2042,0.5553,0.6671,1.51,10.2357,10.0367,1.8124,1.3724,1.3285,1.1161,,1099521.0218,966182.8366,804273.36,9851708.3553,8656998.2159,,,115.013
000002,万科A,全国地产,深圳,19910129,000002.SZ,20120606,9.1,9.11,8.94,8.98,9.11,-0.13,-1.43,354616.86,319959.6719,0.367,0.4409,0.83,10.2585,10.0591,1.8164,1.3755,1.3314,1.1136,,1099521.0218,966182.8366,804273.36,9873698.7758,8676321.8727,,,115.013
000002,万科A,全国地产,深圳,19910129,000002.SZ,20120605,9.04,9.15,9.01,9.11,9.04,0.07,0.77,434359.26,394834.1212,0.4496,0.5401,0.92,10.407,10.2047,1.8427,1.3954,1.3507,1.0977,,1099521.0218,966182.8366,804273.36,10016636.5086,8801925.6414,,,115.013
000002,万科A,全国地产,深圳,19910129,000002.SZ,20120604,9.07,9.22,9.0,9.04,9.15,-0.11,-1.2,398772.8,363370.0779,0.4127,0.4958,0.78,10.3271,10.1263,1.8285,1.3847,1.3403,1.1062,,1099521.0218,966182.8366,804273.36,9939670.0371,8734292.8429,,,115.013
000002,万科A,全国地产,深圳,19910129,000002.SZ,20120601,9.25,9.34,9.1,9.15,9.25,-0.1,-1.08,346069.47,319127.249,0.3582,0.4303,0.67,10.4527,10.2495,1.8508,1.4015,1.3566,1.0929,,1099521.0218,966182.8366,804273.36,10060617.3495,8840572.9549,11.13,9.11,115.013
000002,万科A,全国地产,深圳,19910129,000002.SZ,20120531,9.24,9.32,9.21,9.25,9.31,-0.06,-0.64,246315.33,228107.6548,0.2549,0.3063,0.47,10.567,10.3616,1.871,1.4169,1.3715,1.0811,,1099521.0218,966182.8366,804273.36,10170569.4517,8937191.2386,11.13,9.11,115.013
000002,万科A,全国地产,深圳,19910129,000002.SZ,20120530,9.28,9.49,9.2,9.31,9.27,0.04,0.43,707980.71,663089.3359,0.7328,0.8803,1.57,10.6355,10.4288,1.8832,1.426,1.3804,1.0741,,1099521.0218,966182.8366,804273.36,10236540.713,8995162.2087,11.13,9.11,115.013
000002,万科A,全国地产,深圳,19910129,000002.SZ,20120529,9.17,9.38,9.1,9.27,9.17,0.1,1.09,664098.67,614809.2445,0.6873,0.8257,1.53,10.5898,10.384,1.8751,1.4199,1.3744,1.0787,,1099521.0218,966182.8366,804273.36,10192559.8721,8956514.8953,,,115.013
000002,万科A,全国地产,深圳,19910129,000002.SZ,20120528,8.8,9.2,8.76,9.17,8.85,0.32,3.62,604634.88,544844.8098,0.6258,0.7518,1.62,10.4756,10.2719,1.8548,1.4046,1.3596,1.0905,,1099521.0218,966182.8366,804273.36,10082607.7699,8859896.6116,,,115.013
000002,万科A,全国地产,深圳,19910129,000002.SZ,20120525,8.92,9.07,8.82,8.85,8.92,-0.07,-0.78,349852.71,313197.4121,0.3621,0.435,0.88,10.11,9.9135,1.7901,1.3556,1.3122,1.1299,1.1299,1099521.0218,966182.8366,804273.36,9730761.0429,8550718.1039,,,115.013
000002,万科A,全国地产,深圳,19910129,000002.SZ,20120524,9.06,9.16,8.9,8.92,9.05,-0.13,-1.44,283450.6,256025.4613,0.2934,0.3524,0.7,10.19,9.9919,1.8043,1.3663,1.3225,1.1211,1.1211,1099521.0218,966182.8366,804273.36,9807727.5145,8618350.9025,,,115.013
000002,万科A,全国地产,深圳,19910129,000002.SZ,20120523,8.96,9.12,8.93,9.05,9.01,0.04,0.44,354495.3,321066.9428,0.3669,0.4408,0.83,10.3385,10.1375,1.8306,1.3862,1.3418,1.105,1.105,1099521.0218,966182.8366,804273.36,9950665.2473,8743954.6712,,,115.013
000002,万科A,全国地产,深圳,19910129,000002.SZ,20120522,8.7,9.03,8.68,9.01,8.67,0.34,3.92,582690.85,517700.3298,0.6031,0.7245,1.57,10.2928,10.0927,1.8225,1.3801,1.3359,1.1099,1.1099,1099521.0218,966182.8366,804273.36,9906684.4064,8705307.3578,,,115.013
000002,万科A,全国地产,深圳,19910129,000002.SZ,20120521,8.6,8.76,8.56,8.67,8.58,0.09,1.05,292333.05,253442.312,0.3026,0.3635,0.68,9.9044,9.7119,1.7537,1.328,1.2855,1.1534,1.1534,1099521.0218,966182.8366,804273.36,9532847.259,8376805.1933,,,115.013
000002,万科A,全国地产,深圳,19910129,000002.SZ,20120518,8.65,8.78,8.55,8.58,8.68,-0.1,-1.15,477318.9,415069.5143,0.494,0.5935,1.2,9.8016,9.611,1.7355,1.3142,1.2721,1.1655,1.1655,1099521.0218,966182.8366,804273.36,9433890.367,8289848.738,10.37,8.49,115.013
000002,万科A,全国地产,深圳,19910129,000002.SZ,20120517,8.64,8.76,8.56,8.68,8.61,0.07,0.81,327672.54,284334.6219,0.3391,0.4074,0.73,9.9158,9.7231,1.7557,1.3295,1.287,1.1521,1.1521,1099521.0218,966182.8366,804273.36,9543842.4692,8386467.0217,,,115.013
000002,万科A,全国地产,深圳,19910129,000002.SZ,20120516,8.88,8.88,8.6,8.61,8.91,-0.3,-3.37,442842.55,385954.933,0.4583,0.5506,0.91,9.8358,9.6447,1.7416,1.3188,1.2766,1.1614,1.1614,1099521.0218,966182.8366,804273.36,9466875.9977,8318834.2231,,,115.013
000002,万科A,全国地产,深圳,19910129,000002.SZ,20120515,8.87,9.0,8.82,8.91,8.92,-0.01,-0.11,320827.86,285807.5409,0.3321,0.3989,0.56,10.1786,9.9807,1.8023,1.3648,1.3211,1.1223,1.1223,1099521.0218,966182.8366,804273.36,9796732.3042,8608689.0741,,,115.013
000002,万科A,全国地产,深圳,19910129,000002.SZ,20120514,8.94,9.08,8.84,8.92,8.93,-0.01,-0.11,583827.06,523050.4924,0.6043,0.7259,0.91,10.19,9.9919,1.8043,1.3663,1.3225,1.1211,1.1211,1099521.0218,966182.8366,804273.36,9807727.5145,8618350.9025,,,115.013
000002,万科A,全国地产,深圳,19910129,000002.SZ,20120510,8.93,8.96,8.86,8.93,8.93,0.0,0.0,307039.0,273802.3455,0.3178,0.3818,0.42,10.2014,10.0031,1.8063,1.3678,1.324,1.1198,1.1198,1099521.0218,966182.8366,804273.36,9818722.7247,8628012.7308,10.67,8.73,115.013
000002,万科A,全国地产,深圳,19910129,000002.SZ,20120509,8.95,8.98,8.85,8.93,9.04,-0.11,-1.22,583098.72,519737.7237,0.6035,0.725,0.74,10.2014,10.0031,1.8063,1.3678,1.324,1.1198,1.1198,1099521.0218,966182.8366,804273.36,9818722.7247,8628012.7308,,,115.013
000002,万科A,全国地产,深圳,19910129,000002.SZ,20120508,9.07,9.13,8.93,9.04,9.07,-0.03,-0.33,639793.64,576995.1376,0.6622,0.7955,0.85,10.3271,10.1263,1.8285,1.3847,1.3403,1.1062,1.1062,1099521.0218,966182.8366,804273.36,9939670.0371,8734292.8429,,,115.013
000002,万科A,全国地产,深圳,19910129,000002.SZ,20120507,9.12,9.2,8.96,9.07,9.22,-0.15,-1.63,733492.8,663457.1318,0.7592,0.912,0.99,10.3613,10.1599,1.8346,1.3893,1.3448,1.1025,1.1025,1099521.0218,966182.8366,804273.36,9972655.6677,8763278.328,10.16,8.32,115.013
000002,万科A,全国地产,深圳,19910129,000002.SZ,20120504,9.06,9.24,8.88,9.22,9.04,0.18,1.99,929879.09,841649.9934,0.9624,1.1562,1.27,10.5327,10.328,1.865,1.4123,1.367,1.0846,1.0846,1099521.0218,966182.8366,804273.36,10137583.821,8908205.7535,,,115.013
000002,万科A,全国地产,深圳,19910129,000002.SZ,20120503,9.2,9.25,8.92,9.04,9.22,-0.18,-1.95,726262.87,656503.7447,0.7517,0.903,1.04,10.3271,10.1263,1.8285,1.3847,1.3403,1.1062,1.1062,1099521.0218,966182.8366,804273.36,9939670.0371,8734292.8429,10.12,8.28,115.013
000002,万科A,全国地产,深圳,19910129,000002.SZ,20120502,9.03,9.29,8.93,9.22,8.98,0.24,2.67,917443.06,837210.9119,0.9496,1.1407,1.56,10.5327,10.328,1.865,1.4123,1.367,1.0846,1.0846,1099521.0218,966182.8366,804273.36,10137583.821,8908205.7535,,,115.013
000002,万科A,全国地产,深圳,19910129,000002.SZ,20120427,8.95,9.08,8.91,8.98,8.95,0.03,0.34,475935.28,429414.0644,0.4926,0.5918,0.81,10.2585,10.0591,1.8164,1.3755,1.3314,1.1136,1.1136,1099521.0218,966182.8366,804273.36,9873698.7758,8676321.8727,,,115.013
000002,万科A,全国地产,深圳,19910129,000002.SZ,20120426,8.9,9.02,8.85,8.95,8.88,0.07,0.79,670000.17,598870.9033,0.6935,0.8331,1.28,10.2243,10.0255,1.8103,1.3709,1.327,1.1173,1.1173,1099521.0218,966182.8366,804273.36,9840713.1451,8647336.3876,,,115.013
000002,万科A,全国地产,深圳,19910129,000002.SZ,20120425,8.61,8.91,8.58,8.88,8.63,0.25,2.9,866089.03,762186.3897,0.8964,1.0769,1.87,10.1443,9.9471,1.7962,1.3602,1.3166,1.1261,1.1261,1099521.0218,966182.8366,804273.36,9763746.6736,8579703.589,,,115.013
000002,万科A,全国地产,深圳,19910129,000002.SZ,20120424,8.6,8.8,8.53,8.63,8.6,0.03,0.35,570896.4,494608.9111,0.5909,0.7098,1.29,9.8587,9.6671,1.7456,1.3219,1.2795,1.1587,1.1587,1099521.0218,966182.8366,804273.36,9488866.4181,8338157.8799,,,115.013
000002,万科A,全国地产,深圳,19910129,000002.SZ,20120423,8.62,8.65,8.5,8.6,8.64,-0.04,-0.46,351764.15,301328.6549,0.3641,0.4374,0.81,9.8244,9.8244,1.7852,1.3173,1.3173,1.1628,1.1628,1099521.0218,966182.8366,804273.36,9455880.7875,8309172.3948,,,115.013
000002,万科A,全国地产,深圳,19910129,000002.SZ,20120420,8.56,8.66,8.49,8.64,8.59,0.05,0.58,484454.69,415790.5698,0.5014,0.6024,1.13,9.8701,9.8701,1.7935,1.3234,1.3234,1.1574,1.1574,1099521.0218,966182.8366,804273.36,9499861.6284,8347819.7082,,,115.013
000002,万科A,全国地产,深圳,19910129,000002.SZ,20120419,8.64,8.67,8.57,8.59,8.64,-0.05,-0.58,341459.45,294104.8355,0.3534,0.4246,0.7,9.813,9.813,1.7831,1.3158,1.3158,1.1641,1.1641,1099521.0218,966182.8366,804273.36,9444885.5773,8299510.5664,,,115.013
000002,万科A,全国地产,深圳,19910129,000002.SZ,20120418,8.43,8.66,8.4,8.64,8.37,0.27,3.23,567858.02,486793.5743,0.5877,0.7061,1.1,9.8701,9.8701,1.7935,1.3234,1.3234,1.1574,1.1574,1099521.0218,966182.8366,804273.36,9499861.6284,8347819.7082,9.26,7.58,115.013
000002,万科A,全国地产,深圳,19910129,000002.SZ,20120417,8.57,8.59,8.33,8.37,8.57,-0.2,-2.33,460338.7,387879.9285,0.4765,0.5724,0.93,9.5617,9.5617,1.7375,1.2821,1.2821,1.1947,1.1947,1099521.0218,966182.8366,804273.36,9202990.9525,8086950.3423,,,115.013
000002,万科A,全国地产,深圳,19910129,000002.SZ,20120416,8.51,8.68,8.49,8.57,8.58,-0.01,-0.12,306023.1,262437.4211,0.3167,0.3805,0.61,9.7901,9.7901,1.779,1.3127,1.3127,1.1669,1.1669,1099521.0218,966182.8366,804273.36,9422895.1568,8280186.9097,,,115.013
000002,万科A,全国地产,深圳,19910129,000002.SZ,20120413,8.7,8.76,8.57,8.58,8.68,-0.1,-1.15,475277.0,412227.3108,0.4919,0.5909,0.96,9.8016,9.8016,1.7811,1.3142,1.3142,1.1655,1.1655,1099521.0218,966182.8366,804273.36,9433890.367,8289848.738,,,115.013
000002,万科A,全国地产,深圳,19910129,000002.SZ,20120412,8.55,8.7,8.51,8.68,8.49,0.19,2.24,641962.39,554572.7416,0.6644,0.7982,1.32,9.9158,9.9158,1.8018,1.3295,1.3295,1.1521,1.1521,1099521.0218,966182.8366,804273.36,9543842.4692,8386467.0217,,,115.013
000002,万科A,全国地产,深圳,19910129,000002.SZ,20120411,8.34,8.7,8.33,8.49,8.42,0.07,0.83,703190.0,601480.8994,0.7278,0.8743,1.62,9.6988,9.6988,1.7624,1.3004,1.3004,1.1779,1.1779,1099521.0218,966182.8366,804273.36,9334933.4751,8202892.2827,,,115.013
000002,万科A,全国地产,深圳,19910129,000002.SZ,20120410,8.24,8.43,8.19,8.42,8.22,0.2,2.43,353153.12,292796.0518,0.3655,0.4391,0.68,9.6188,9.6188,1.7478,1.2897,1.2897,1.1876,1.1876,1099521.0218,966182.8366,804273.36,9257967.0036,8135259.4842,9.04,7.4,115.013
000002,万科A,全国地产,深圳,19910129,000002.SZ,20120409,8.32,8.35,8.21,8.22,8.38,-0.16,-1.91,342380.86,282867.6911,0.3544,0.4257,0.64,9.3903,9.3903,1.7063,1.2591,1.2591,1.2165,1.2165,1099521.0218,966182.8366,804273.36,9038062.7992,7942022.9169,,,115.013
000002,万科A,全国地产,深圳,19910129,000002.SZ,20120406,8.38,8.51,8.35,8.38,8.36,0.02,0.24,426942.04,360074.1467,0.4419,0.5308,0.86,9.5731,9.5731,1.7395,1.2836,1.2836,1.1933,1.1933,1099521.0218,966182.8366,804273.36,9213986.1627,8096612.1707,9.21,7.53,115.013
000002,万科A,全国地产,深圳,19910129,000002.SZ,20120405,8.22,8.4,8.21,8.36,8.28,0.08,0.97,608949.26,506664.2239,0.6303,0.7571,1.37,9.5502,9.5502,1.7354,1.2805,1.2805,1.1962,1.1962,1099521.0218,966182.8366,804273.36,9191995.7422,8077288.514,,,115.013
000002,万科A,全国地产,深圳,19910129,000002.SZ,20120330,8.18,8.32,8.17,8.28,8.19,0.09,1.1,432365.56,356934.032,0.4475,0.5376,1.04,9.4589,9.4589,1.7188,1.2683,1.2683,1.2077,1.2077,1099521.0218,966182.8366,804273.36,9104034.0605,7999993.887,,,115.013
000002,万科A,全国地产,深圳,19910129,000002.SZ,20120329,8.0,8.4,7.96,8.19,8.0,0.19,2.38,778597.27,639203.0709,0.8058,0.9681,2.43,9.356,9.356,1.7001,1.2545,1.2545,1.221,1.221,1099521.0218,966182.8366,804273.36,9005077.1685,7913037.4318,,,115.013
000002,万科A,全国地产,深圳,19910129,000002.SZ,20120328,8.01,8.22,7.97,8.0,8.02,-0.02,-0.25,419168.18,339168.5672,0.4338,0.5212,1.38,9.139,9.139,1.6607,1.2254,1.2254,1.25,1.25,1099521.0218,966182.8366,804273.36,8796168.1744,7729462.6928,,,115.013
000002,万科A,全国地产,深圳,19910129,000002.SZ,20120327,8.02,8.09,8.0,8.02,8.02,0.0,0.0,230309.73,185329.2965,0.2384,0.2864,0.71,9.1618,9.1618,1.6648,1.2285,1.2285,1.2469,1.2469,1099521.0218,966182.8366,804273.36,8818158.5948,7748786.3495,,,115.013
000002,万科A,全国地产,深圳,19910129,000002.SZ,20120326,8.1,8.11,7.93,8.02,8.12,-0.1,-1.23,357546.73,286312.713,0.3701,0.4446,1.1,9.1618,9.1618,1.6648,1.2285,1.2285,1.2469,1.2469,1099521.0218,966182.8366,804273.36,8818158.5948,7748786.3495,,,115.013
000002,万科A,全国地产,深圳,19910129,000002.SZ,20120323,8.21,8.28,8.1,8.12,8.23,-0.11,-1.34,289082.59,236183.5311,0.2992,0.3594,0.81,9.2761,9.2761,1.6856,1.2438,1.2438,1.2315,1.2315,1099521.0218,966182.8366,804273.36,8928110.697,7845404.6332,,,115.013
000002,万科A,全国地产,深圳,19910129,000002.SZ,20120322,8.2,8.34,8.17,8.23,8.18,0.05,0.61,308580.38,254809.9523,0.3194,0.3837,0.66,9.4017,9.4017,1.7084,1.2606,1.2606,1.2151,1.2151,1099521.0218,966182.8366,804273.36,9049058.0094,7951684.7452,,,115.013
000002,万科A,全国地产,深圳,19910129,000002.SZ,20120321,8.22,8.27,8.15,8.18,8.17,0.01,0.12,332108.4,272839.3865,0.3437,0.4129,0.56,9.3446,9.3446,1.698,1.253,1.253,1.2225,1.2225,1099521.0218,966182.8366,804273.36,8994081.9583,7903375.6034,,,115.013
000002,万科A,全国地产,深圳,19910129,000002.SZ,20120320,8.19,8.27,8.15,8.17,8.22,-0.05,-0.61,333394.02,273648.1129,0.3451,0.4145,0.55,9.3332,9.3332,1.696,1.2514,1.2514,1.224,1.224,1099521.0218,966182.8366,804273.36,8983086.7481,7893713.775,,,115.013
000002,万科A,全国地产,深圳,19910129,000002.SZ,20120319,8.22,8.24,8.13,8.22,8.27,-0.05,-0.6,362353.01,296420.3434,0.375,0.4505,0.53,9.3903,9.3903,1.7063,1.2591,1.2591,1.2165,1.2165,1099521.0218,966182.8366,804273.36,9038062.7992,7942022.9169,9.13,7.47,115.013
000002,万科A,全国地产,深圳,19910129,000002.SZ,20120316,8.23,8.3,8.1,8.27,8.21,0.06,0.73,454852.79,373536.1335,0.4708,0.5655,0.69,9.4474,9.4474,1.7167,1.2667,1.2667,1.2092,1.2092,1099521.0218,966182.8366,804273.36,9093038.8503,7990332.0587,9.04,7.4,115.013
000002,万科A,全国地产,深圳,19910129,000002.SZ,20120315,8.29,8.35,8.06,8.21,8.29,-0.08,-0.97,841640.12,690413.9192,0.8711,1.0465,1.38,9.3789,9.3789,1.7043,1.2576,1.2576,1.218,1.218,1099521.0218,966182.8366,804273.36,9027067.589,7932361.0885,,,115.013
000002,万科A,全国地产,深圳,19910129,000002.SZ,20120314,8.58,8.62,8.26,8.29,8.52,-0.23,-2.7,965516.33,817408.7778,0.9993,1.2005,1.93,9.4703,9.4703,1.7209,1.2698,1.2698,1.2063,1.2063,1099521.0218,966182.8366,804273.36,9115029.2707,8009655.7154,,,115.013
000002,万科A,全国地产,深圳,19910129,000002.SZ,20120313,8.43,8.54,8.4,8.52,8.35,0.17,2.04,388633.31,328990.4765,0.4024,0.4834,0.72,9.733,9.733,1.7686,1.305,1.305,1.1737,1.1737,1099521.0218,965857.8326,803948.356,9367919.1057,8229108.7338,,,115.013
000002,万科A,全国地产,深圳,19910129,000002.SZ,20120312,8.53,8.6,8.31,8.35,8.6,-0.25,-2.91,744536.65,623582.7787,0.7709,0.9261,1.34,12.6058,12.0882,1.9577,1.8104,1.5928,1.1976,1.1976,1099521.0218,965857.8326,803948.356,9181000.532,8064912.9022,,,115.013
000002,万科A,全国地产,深圳,19910129,000002.SZ,20120309,8.65,8.7,8.5,8.6,8.61,-0.01,-0.12,362592.27,311082.8702,0.3754,0.451,0.54,12.9833,12.4501,2.0164,1.8646,1.6405,1.1628,1.1628,1099521.0218,965857.8326,803948.356,9455880.7875,8306377.3604,,,115.013
000002,万科A,全国地产,深圳,19910129,000002.SZ,20120308,8.43,8.7,8.43,8.61,8.43,0.18,2.14,578174.44,499462.764,0.5986,0.7192,0.83,12.9984,12.4646,2.0187,1.8667,1.6424,1.1614,1.1614,1099521.0218,965857.8326,803948.356,9466875.9977,8316035.9387,9.26,7.58,115.013
000002,万科A,全国地产,深圳,19910129,000002.SZ,20120307,8.4,8.5,8.32,8.43,8.43,0.0,0.0,430787.44,363145.975,0.446,0.5358,0.55,12.7266,12.204,1.9765,1.8277,1.608,1.1862,1.1862,1099521.0218,965857.8326,803948.356,9268962.2138,8142181.5288,9.28,7.6,115.013
000002,万科A,全国地产,深圳,19910129,000002.SZ,20120306,8.51,8.62,8.4,8.43,8.51,-0.08,-0.94,595231.63,503980.9458,0.6163,0.7404,0.74,12.7266,12.204,1.9765,1.8277,1.608,1.1862,1.1862,1099521.0218,965857.8326,803948.356,9268962.2138,8142181.5288,8.94,7.32,115.013
000002,万科A,全国地产,深圳,19910129,000002.SZ,20120305,8.71,8.85,8.49,8.51,8.63,-0.12,-1.39,813239.53,703574.3314,0.842,1.0116,0.95,12.8474,12.3198,1.9953,1.845,1.6233,1.1751,1.1751,1099521.0218,965857.8326,803948.356,9356923.8955,8219450.1554,,,115.013
000002,万科A,全国地产,深圳,19910129,000002.SZ,20120302,8.3,8.69,8.3,8.63,8.3,0.33,3.98,941113.41,802286.9714,0.9744,1.1706,1.04,13.0286,12.4935,2.0234,1.8711,1.6462,1.1587,1.1587,1099521.0218,965857.8326,803948.356,9488866.4181,8335353.0953,,,115.013
000002,万科A,全国地产,深圳,19910129,000002.SZ,20120301,8.24,8.47,8.22,8.3,8.28,0.02,0.24,686198.69,574590.821,0.7105,0.8535,0.75,12.5304,12.0158,1.946,1.7995,1.5832,1.2048,1.2048,1099521.0218,965857.8326,803948.356,9126024.4809,8016620.0106,9.06,7.42,115.013
000002,万科A,全国地产,深圳,19910129,000002.SZ,20120229,8.4,8.41,8.2,8.28,8.52,-0.24,-2.82,896496.73,746346.8035,0.9282,1.1151,0.91,12.5002,11.9868,1.9413,1.7952,1.5794,1.2077,1.2077,1099521.0218,965857.8326,803948.356,9104034.0605,7997302.8539,,,115.013
000002,万科A,全国地产,深圳,19910129,000002.SZ,20120228,8.6,8.65,8.48,8.52,8.58,-0.06,-0.7,695485.65,593752.6921,0.7201,0.8651,0.76,12.8625,12.3343,1.9976,1.8472,1.6252,1.1737,1.1737,1099521.0218,965857.8326,803948.356,9367919.1057,8229108.7338,,,115.013
000002,万科A,全国地产,深圳,19910129,000002.SZ,20120227,8.5,8.72,8.5,8.58,8.51,0.07,0.82,1072571.99,925759.6607,1.1105,1.3341,1.26,12.9531,12.4211,2.0117,1.8602,1.6366,1.1655,1.1655,1099521.0218,965857.8326,803948.356,9433890.367,8287060.2037,,,115.013
000002,万科A,全国地产,深圳,19910129,000002.SZ,20120224,8.19,8.6,8.15,8.51,8.19,0.32,3.91,1176551.27,987203.9456,1.2181,1.4635,1.67,12.8474,12.3198,1.9953,1.845,1.6233,1.1751,1.1751,1099521.0218,965857.8326,803948.356,9356923.8955,8219450.1554,8.98,7.34,115.013
000002,万科A,全国地产,深圳,19910129,000002.SZ,20120223,8.2,8.3,8.15,8.19,8.19,0.0,0.0,759988.06,623803.9289,0.7869,0.9453,1.2,12.3643,11.8565,1.9202,1.7757,1.5622,1.221,1.221,1099521.0218,965857.8326,803948.356,9005077.1685,7910375.649,,,115.013
000002,万科A,全国地产,深圳,19910129,000002.SZ,20120222,7.98,8.2,7.98,8.19,7.92,0.27,3.41,1212737.46,985466.8901,1.2556,1.5085,2.44,12.3643,11.8565,1.9202,1.7757,1.5622,1.221,1.221,1099521.0218,965857.8326,803948.356,9005077.1685,7910375.649,,,115.013
000002,万科A,全国地产,深圳,19910129,000002.SZ,20120221,7.84,7.93,7.78,7.92,7.83,0.09,1.15,379575.54,297949.1151,0.393,0.4721,0.64,11.9567,11.4657,1.8569,1.7171,1.5107,1.2626,1.2626,1099521.0218,965857.8326,803948.356,8708206.4927,7649594.0342,8.57,7.01,115.013
000002,万科A,全国地产,深圳,19910129,000002.SZ,20120220,7.92,8.01,7.8,7.83,7.79,0.04,0.51,718612.54,569546.7653,0.744,0.8939,1.13,11.8208,11.3354,1.8358,1.6976,1.4936,1.2771,1.2771,1099521.0218,965857.8326,803948.356,8609249.6007,7562666.8293,,,115.013
000002,万科A,全国地产,深圳,19910129,000002.SZ,20120217,7.85,7.87,7.71,7.79,7.79,0.0,0.0,446156.59,346896.1091,0.4619,0.555,0.49,11.7604,11.2775,1.8265,1.6889,1.4859,1.2837,1.2837,1099521.0218,965857.8326,803948.356,8565268.7598,7524032.516,,,115.013
000002,万科A,全国地产,深圳,19910129,000002.SZ,20120216,7.78,7.82,7.68,7.79,7.82,-0.03,-0.38,399850.36,310004.576,0.414,0.4974,0.37,11.7604,11.2775,1.8265,1.6889,1.4859,1.2837,1.2837,1099521.0218,965857.8326,803948.356,8565268.7598,7524032.516,8.59,7.03,115.013
000002,万科A,全国地产,深圳,19910129,000002.SZ,20120215,7.65,7.82,7.61,7.82,7.7,0.12,1.56,541760.79,420041.5865,0.5609,0.6739,0.48,11.8057,11.3209,1.8335,1.6954,1.4917,1.2788,1.2788,1099521.0218,965857.8326,803948.356,8598254.3905,7553008.2509,,,115.013
000002,万科A,全国地产,深圳,19910129,000002.SZ,20120214,7.65,7.72,7.54,7.7,7.7,0.0,0.0,876265.01,666482.2052,0.9072,1.09,0.78,11.6246,11.1472,1.8053,1.6694,1.4688,1.2987,1.2987,1099521.0218,965857.8326,803948.356,8466311.8679,7437105.311,,,115.013
000002,万科A,全国地产,深圳,19910129,000002.SZ,20120213,7.56,7.8,7.43,7.7,7.85,-0.15,-1.91,912145.03,696139.7372,0.9444,1.1346,0.88,11.6246,11.1472,1.8053,1.6694,1.4688,1.2987,1.2987,1099521.0218,965857.8326,803948.356,8466311.8679,7437105.311,,,115.013
000002,万科A,全国地产,深圳,19910129,000002.SZ,20120210,7.72,8.03,7.72,7.85,7.7,0.15,1.95,1789250.69,1417375.3854,1.8525,2.2256,2.21,11.851,11.3643,1.8405,1.7019,1.4974,1.2739,1.2739,1099521.0218,965857.8326,803948.356,8631240.0211,7581983.9859,,,115.013
000002,万科A,全国地产,深圳,19910129,000002.SZ,20120209,7.6,7.81,7.53,7.7,7.59,0.11,1.45,1261429.79,974568.3945,1.306,1.569,1.97,11.6246,11.1472,1.8053,1.6694,1.4688,1.2987,1.2987,1099521.0218,965857.8326,803948.356,8466311.8679,7437105.311,,,115.013
000002,万科A,全国地产,深圳,19910129,000002.SZ,20120208,7.42,7.72,7.38,7.59,7.38,0.21,2.85,820444.78,619277.3715,0.8494,1.0205,1.43,11.4585,10.9879,1.7796,1.6456,1.4478,1.3175,1.3175,1099521.0218,965857.8326,803948.356,8345364.5555,7330860.9494,,,115.013
000002,万科A,全国地产,深圳,19910129,000002.SZ,20120207,7.6,7.65,7.38,7.38,7.62,-0.24,-3.15,803365.12,597938.925,0.8318,0.9993,1.65,11.1415,10.6839,1.7303,1.6,1.4077,1.355,1.355,1099521.0218,965857.8326,803948.356,8114465.1409,7128030.8046,,,115.013
000002,万科A,全国地产,深圳,19910129,000002.SZ,20120206,7.77,7.82,7.61,7.62,7.79,-0.17,-2.18,522439.87,402667.9201,0.5409,0.6498,0.88,11.5038,11.0314,1.7866,1.6521,1.4535,1.3123,1.3123,1099521.0218,965857.8326,803948.356,8378350.1861,7359836.6844,9.33,7.63,115.013
000002,万科A,全国地产,深圳,19910129,000002.SZ,20120203,7.66,7.85,7.61,7.79,7.68,0.11,1.43,636448.36,493316.3192,0.6589,0.7917,0.99,11.7604,11.2775,1.8265,1.6889,1.4859,1.2837,1.2837,1099521.0218,965857.8326,803948.356,8565268.7598,7524032.516,,,115.013
000002,万科A,全国地产,深圳,19910129,000002.SZ,20120202,7.59,7.7,7.49,7.68,7.56,0.12,1.59,412731.68,312944.4521,0.4273,0.5134,0.56,11.5944,11.1182,1.8007,1.6651,1.465,1.3021,1.3021,1099521.0218,965857.8326,803948.356,8444321.4474,7417788.1544,,,115.013
000002,万科A,全国地产,深圳,19910129,000002.SZ,20120201,7.61,7.75,7.52,7.56,7.65,-0.09,-1.18,500975.91,382524.5009,0.5187,0.6231,0.68,11.4132,10.9445,1.7725,1.6391,1.4421,1.3228,1.3228,1099521.0218,965857.8326,803948.356,8312378.9248,7301885.2145,9.19,7.52,115.013
000002,万科A,全国地产,深圳,19910129,000002.SZ,20120131,7.55,7.7,7.55,7.65,7.55,0.1,1.32,355029.38,270555.6204,0.3676,0.4416,0.42,11.5491,11.0748,1.7936,1.6586,1.4592,1.3072,1.3072,1099521.0218,965857.8326,803948.356,8411335.8168,7388812.4194,,,115.013
000002,万科A,全国地产,深圳,19910129,000002.SZ,20120130,7.85,7.88,7.52,7.55,7.9,-0.35,-4.43,1053049.88,806433.4561,1.0903,1.3098,1.52,11.3981,10.93,1.7702,1.6369,1.4402,1.3245,1.3245,1099521.0218,965857.8326,803948.356,8301383.7146,7292226.6361,,,115.013
000002,万科A,全国地产,深圳,19910129,000002.SZ,20120120,7.8,7.96,7.77,7.9,7.79,0.11,1.41,896864.73,707734.2635,0.9286,1.1156,1.51,11.9265,11.4367,1.8522,1.7128,1.5069,1.2658,1.2658,1099521.0218,965857.8326,803948.356,8686216.0722,7630276.8775,,,115.013
000002,万科A,全国地产,深圳,19910129,000002.SZ,20120119,7.55,7.8,7.51,7.79,7.51,0.28,3.73,866994.02,669107.8495,0.8976,1.0784,1.63,11.7604,11.2775,1.8265,1.6889,1.4859,1.2837,1.2837,1099521.0218,965857.8326,803948.356,8565268.7598,7524032.516,,,115.013
000002,万科A,全国地产,深圳,19910129,000002.SZ,20120118,7.56,7.68,7.47,7.51,7.58,-0.07,-0.92,485527.24,367212.8019,0.5027,0.6039,0.91,11.3377,10.8721,1.7608,1.6282,1.4325,1.3316,1.3316,1099521.0218,965857.8326,803948.356,8257402.8737,7253592.3228,,,115.013
000002,万科A,全国地产,深圳,19910129,000002.SZ,20120117,7.35,7.68,7.22,7.58,7.37,0.21,2.85,882229.15,659817.1833,0.9134,1.0974,1.55,11.4434,10.9734,1.7772,1.6434,1.4459,1.3193,1.3193,1099521.0218,965857.8326,803948.356,8334369.3452,7321202.3711,,,115.013
000002,万科A,全国地产,深圳,19910129,000002.SZ,20120116,7.4,7.56,7.35,7.37,7.46,-0.09,-1.21,337833.92,251290.1735,0.3498,0.4202,0.5,11.1264,10.6694,1.728,1.5979,1.4058,1.3569,1.3569,1099521.0218,965857.8326,803948.356,8103469.9307,7118372.2263,,,115.013
000002,万科A,全国地产,深圳,19910129,000002.SZ,20120113,7.51,7.56,7.34,7.46,7.52,-0.06,-0.8,392238.43,292442.5635,0.4061,0.4879,0.56,11.2622,10.7997,1.7491,1.6174,1.423,1.3405,1.3405,1099521.0218,965857.8326,803948.356,8202426.8226,7205299.4312,,,115.013
000002,万科A,全国地产,深圳,19910129,000002.SZ,20120112,7.42,7.71,7.41,7.52,7.46,0.06,0.8,559866.64,423747.976,0.5797,0.6964,0.8,11.3528,10.8866,1.7631,1.6304,1.4344,1.3298,1.3298,1099521.0218,965857.8326,803948.356,8268398.0839,7263250.9012,8.93,7.31,115.013
000002,万科A,全国地产,深圳,19910129,000002.SZ,20120111,7.5,7.57,7.43,7.46,7.53,-0.07,-0.93,482934.69,361340.1208,0.5,0.6007,0.7,11.2622,10.7997,1.7491,1.6174,1.423,1.3405,1.3405,1099521.0218,965857.8326,803948.356,8202426.8226,7205299.4312,,,115.013
000002,万科A,全国地产,深圳,19910129,000002.SZ,20120110,7.35,7.61,7.32,7.53,7.41,0.12,1.62,1077976.78,804854.2837,1.1161,1.3409,2.0,11.3679,10.9011,1.7655,1.6326,1.4364,1.328,1.328,1099521.0218,965857.8326,803948.356,8279393.2942,7272909.4795,,,115.013
000002,万科A,全国地产,深圳,19910129,000002.SZ,20120109,7.16,7.41,7.08,7.41,7.16,0.25,3.49,846037.78,611933.922,0.8759,1.0524,1.97,11.1867,10.7273,1.7374,1.6066,1.4135,1.3495,1.3495,1099521.0218,965857.8326,803948.356,8147450.7715,7157006.5396,,,115.013
000002,万科A,全国地产,深圳,19910129,000002.SZ,20120106,7.27,7.33,7.06,7.16,7.25,-0.09,-1.24,542769.61,389284.1353,0.562,0.6751,1.34,10.8093,10.3654,1.6787,1.5524,1.3658,1.3966,1.3966,1099521.0218,965857.8326,803948.356,7872570.5161,6915542.0814,,,115.013
000002,万科A,全国地产,深圳,19910129,000002.SZ,20120105,7.31,7.42,7.19,7.25,7.33,-0.08,-1.09,528117.81,387244.7471,0.5468,0.6569,1.47,10.9452,10.4957,1.6998,1.5719,1.3829,1.3793,1.3793,1099521.0218,965857.8326,803948.356,7971527.4081,7002469.2864,,,115.013
000002,万科A,全国地产,深圳,19910129,000002.SZ,20120104,7.47,7.65,7.32,7.33,7.47,-0.14,-1.87,474329.58,355989.0931,0.4911,0.59,1.45,11.066,10.6115,1.7186,1.5892,1.3982,1.3643,1.3643,1099521.0218,965857.8326,803948.356,8059489.0898,7079737.913,,,115.013
000002,万科A,全国地产,深圳,19910129,000002.SZ,20111230,7.33,7.52,7.33,7.47,7.33,0.14,1.91,306571.74,229057.738,0.3174,0.3813,0.85,11.2773,10.8142,1.7514,1.6196,1.4249,0.9371,1.3387,1099521.0218,965857.8326,803948.356,8213422.0328,7214958.0095,,,115.013
000002,万科A,全国地产,深圳,19910129,000002.SZ,20111229,7.29,7.41,7.24,7.33,7.34,-0.01,-0.14,294684.12,215801.0987,0.3051,0.3665,0.75,11.066,10.6115,1.7186,1.5892,1.3982,0.955,1.3643,1099521.0218,965857.8326,803948.356,8059489.0898,7079737.913,,,115.013
000002,万科A,全国地产,深圳,19910129,000002.SZ,20111228,7.37,7.45,7.15,7.34,7.37,-0.03,-0.41,426406.67,310260.6486,0.4415,0.5304,1.17,11.0811,10.626,1.7209,1.5914,1.4001,0.9537,1.3624,1099521.0218,965857.8326,803948.356,8070484.3,7089396.4913,,,115.013
000002,万科A,全国地产,深圳,19910129,000002.SZ,20111227,7.55,7.62,7.33,7.37,7.53,-0.16,-2.12,295838.92,221040.9409,0.3063,0.368,0.67,11.1264,10.6694,1.728,1.5979,1.4058,0.9498,1.3569,1099521.0218,965857.8326,803948.356,8103469.9307,7118372.2263,,,115.013
000002,万科A,全国地产,深圳,19910129,000002.SZ,20111226,7.5,7.68,7.46,7.53,7.56,-0.03,-0.4,308695.97,234161.0546,0.3196,0.384,0.65,11.3679,10.9011,1.7655,1.6326,1.4364,0.9296,1.328,1099521.0218,965857.8326,803948.356,8279393.2942,7272909.4795,,,115.013
000002,万科A,全国地产,深圳,19910129,000002.SZ,20111223,7.4,7.65,7.37,7.56,7.42,0.14,1.89,486354.26,367313.5853,0.5035,0.605,0.99,11.4132,10.9445,1.7725,1.6391,1.4421,0.9259,1.3228,1099521.0218,965857.8326,803948.356,8312378.9248,7301885.2145,,,115.013
000002,万科A,全国地产,深圳,19910129,000002.SZ,20111222,7.3,7.5,7.25,7.42,7.3,0.12,1.64,436030.67,322216.8985,0.4514,0.5424,0.9,11.2018,10.7418,1.7397,1.6087,1.4154,0.9434,1.3477,1099521.0218,965857.8326,803948.356,8158445.9818,7166665.1179,,,115.013
000002,万科A,全国地产,深圳,19910129,000002.SZ,20111221,7.5,7.57,7.28,7.3,7.5,-0.2,-2.67,295696.54,220210.045,0.3061,0.3678,0.63,11.0207,10.5681,1.7116,1.5827,1.3925,0.9589,1.3699,1099521.0218,965857.8326,803948.356,8026503.4591,7050762.178,,,115.013
000002,万科A,全国地产,深圳,19910129,000002.SZ,20111220,7.42,7.73,7.41,7.5,7.43,0.07,0.94,675709.76,512916.3094,0.6996,0.8405,1.69,11.3226,10.8576,1.7585,1.6261,1.4306,0.9333,1.3333,1099521.0218,965857.8326,803948.356,8246407.6635,7243933.7445,,,115.013
000002,万科A,全国地产,深圳,19910129,000002.SZ,20111219,7.37,7.5,7.24,7.43,7.43,0.0,0.0,470514.77,348223.3001,0.4871,0.5853,1.19,11.2169,10.7563,1.742,1.6109,1.4173,0.9421,1.3459,1099521.0218,965857.8326,803948.356,8169441.192,7176323.6962,,,115.013
000002,万科A,全国地产,深圳,19910129,000002.SZ,20111216,7.16,7.55,7.14,7.43,7.21,0.22,3.05,569265.56,418477.3177,0.5894,0.7081,1.58,11.2169,10.7563,1.742,1.6109,1.4173,0.9421,1.3459,1099521.0218,965857.8326,803948.356,8169441.192,7176323.6962,,,115.013
000002,万科A,全国地产,深圳,19910129,000002.SZ,20111215,7.06,7.3,7.06,7.21,7.1,0.11,1.55,414044.87,297778.774,0.4287,0.515,1.21,10.8848,10.4378,1.6905,1.5632,1.3753,0.9709,1.387,1099521.0218,965857.8326,803948.356,7927546.5672,6963834.973,,,115.013
000002,万科A,全国地产,深圳,19910129,000002.SZ,20111214,7.17,7.17,7.05,7.1,7.17,-0.07,-0.98,230385.45,163522.0822,0.2385,0.2866,0.67,10.7187,10.2786,1.6647,1.5393,1.3543,0.9859,1.4085,1099521.0218,965857.8326,803948.356,7806599.2548,6857590.6115,,,115.013
000002,万科A,全国地产,深圳,19910129,000002.SZ,20111213,7.25,7.32,7.12,7.17,7.3,-0.13,-1.78,313729.89,226908.5146,0.3248,0.3902,0.87,10.8244,10.3799,1.6811,1.5545,1.3677,0.9763,1.3947,1099521.0218,965857.8326,803948.356,7883565.7263,6925200.6597,,,115.013
000002,万科A,全国地产,深圳,19910129,000002.SZ,20111212,7.4,7.45,7.18,7.3,7.54,-0.24,-3.18,441836.82,321869.3078,0.4575,0.5496,1.27,11.0207,10.5681,1.7116,1.5827,1.3925,0.9589,1.3699,1099521.0218,965857.8326,803948.356,8026503.4591,7050762.178,,,115.013
000002,万科A,全国地产,深圳,19910129,000002.SZ,20111209,7.44,7.63,7.43,7.54,7.49,0.05,0.67,396996.97,299945.1645,0.411,0.4938,1.21,11.383,10.9155,1.7678,1.6347,1.4383,0.9284,1.3263,1099521.0218,965857.8326,803948.356,8290388.5044,7282568.0578,,,115.013
000002,万科A,全国地产,深圳,19910129,000002.SZ,20111208,7.42,7.56,7.36,7.49,7.42,0.07,0.94,332320.01,248550.5604,0.3441,0.4134,0.65,11.3075,10.8432,1.7561,1.6239,1.4287,0.9346,1.3351,1099521.0218,965857.8326,803948.356,8235412.4533,7234275.1662,,,115.013
000002,万科A,全国地产,深圳,19910129,000002.SZ,20111207,7.4,7.46,7.35,7.42,7.4,0.02,0.27,230450.92,170916.9065,0.2386,0.2866,0.43,11.2018,10.7418,1.7397,1.6087,1.4154,0.9434,1.3477,1099521.0218,965857.8326,803948.356,8158445.9818,7166665.1179,,,115.013
000002,万科A,全国地产,深圳,19910129,000002.SZ,20111206,7.29,7.49,7.25,7.4,7.29,0.11,1.51,400320.66,296681.8501,0.4145,0.4979,0.76,11.1717,10.7129,1.735,1.6044,1.4116,0.9459,1.3514,1099521.0218,965857.8326,803948.356,8136455.5613,7147347.9612,,,115.013
000002,万科A,全国地产,深圳,19910129,000002.SZ,20111205,7.35,7.41,7.2,7.29,7.38,-0.09,-1.22,373277.41,272305.683,0.3865,0.4643,0.74,11.0056,10.5536,1.7092,1.5805,1.3906,0.9602,1.3717,1099521.0218,965857.8326,803948.356,8015508.2489,7041103.5997,,,115.013
000002,万科A,全国地产,深圳,19910129,000002.SZ,20111202,7.33,7.41,7.26,7.38,7.39,-0.01,-0.14,307747.07,226578.3329,0.3186,0.3828,0.64,11.1415,10.6839,1.7303,1.6,1.4077,0.9485,1.355,1099521.0218,965857.8326,803948.356,8114465.1409,7128030.8046,,,115.013
000002,万科A,全国地产,深圳,19910129,000002.SZ,20111201,7.4,7.61,7.35,7.39,7.06,0.33,4.67,1233650.3,923057.8459,1.2773,1.5345,4.0,11.1566,10.6984,1.7327,1.6022,1.4096,0.9472,1.3532,1099521.0218,965857.8326,803948.356,8125460.3511,7137689.3829,,,115.013
000002,万科A,全国地产,深圳,19910129,000002.SZ,20111130,7.16,7.18,7.01,7.06,7.17,-0.11,-1.53,390122.33,275992.2597,0.4039,0.4853,1.41,10.6584,10.2207,1.6553,1.5307,1.3467,0.9915,1.4164,1099521.0218,965857.8326,803948.356,7762618.4139,6818956.2982,,,115.013
000002,万科A,全国地产,深圳,19910129,000002.SZ,20111129,7.14,7.25,7.07,7.17,7.07,0.1,1.41,333030.84,238391.576,0.3448,0.4142,1.25,10.8244,10.3799,1.6811,1.5545,1.3677,0.9763,1.3947,1099521.0218,965857.8326,803948.356,7883565.7263,6925200.6597,,,115.013
000002,万科A,全国地产,深圳,19910129,000002.SZ,20111128,7.12,7.16,7.02,7.07,7.1,-0.03,-0.42,251321.53,177657.2008,0.2602,0.3126,0.9,10.6735,10.2351,1.6576,1.5328,1.3486,0.9901,1.4144,1099521.0218,965857.8326,803948.356,7773613.6241,6828614.8765,,,115.013
000002,万科A,全国地产,深圳,19910129,000002.SZ,20111125,7.21,7.24,7.08,7.1,7.25,-0.15,-2.07,205016.46,146537.5415,0.2123,0.255,0.54,10.7187,10.2786,1.6647,1.5393,1.3543,0.9859,1.4085,1099521.0218,965857.8326,803948.356,7806599.2548,6857590.6115,,,115.013
000002,万科A,全国地产,深圳,19910129,000002.SZ,20111124,7.08,7.32,7.04,7.25,7.09,0.16,2.26,362875.28,260801.0169,0.3757,0.4514,1.02,10.9452,10.4957,1.6998,1.5719,1.3829,0.9655,1.3793,1099521.0218,965857.8326,803948.356,7971527.4081,7002469.2864,,,115.013
000002,万科A,全国地产,深圳,19910129,000002.SZ,20111123,7.12,7.15,7.05,7.09,7.11,-0.02,-0.28,233849.25,166064.2503,0.2421,0.2909,0.57,10.7036,10.2641,1.6623,1.5372,1.3524,0.9873,1.4104,1099521.0218,965857.8326,803948.356,7795604.0446,6847932.0331,,,115.013
000002,万科A,全国地产,深圳,19910129,000002.SZ,20111122,7.05,7.14,7.02,7.11,7.09,0.02,0.28,274044.24,194391.5823,0.2837,0.3409,0.7,10.7338,10.293,1.667,1.5415,1.3562,0.9845,1.4065,1099521.0218,965857.8326,803948.356,7817594.465,6867249.1898,,,115.013
000002,万科A,全国地产,深圳,19910129,000002.SZ,20111121,7.09,7.12,7.01,7.09,7.09,0.0,0.0,321964.86,227351.4472,0.3333,0.4005,0.75,10.7036,10.2641,1.6623,1.5372,1.3524,0.9873,1.4104,1099521.0218,965857.8326,803948.356,7795604.0446,6847932.0331,,,115.013
000002,万科A,全国地产,深圳,19910129,000002.SZ,20111118,7.26,7.28,6.99,7.09,7.3,-0.21,-2.88,711611.33,504172.9063,0.7368,0.8851,2.08,10.7036,10.2641,1.6623,1.5372,1.3524,0.9873,1.4104,1099521.0218,965857.8326,803948.356,7795604.0446,6847932.0331,,,115.013
000002,万科A,全国地产,深圳,19910129,000002.SZ,20111117,7.3,7.35,7.24,7.3,7.29,0.01,0.14,240909.9,175842.5215,0.2494,0.2997,0.63,11.0207,10.5681,1.7116,1.5827,1.3925,0.9589,1.3699,1099521.0218,965857.8326,803948.356,8026503.4591,7050762.178,,,113.372
000002,万科A,全国地产,深圳,19910129,000002.SZ,20111116,7.54,7.56,7.22,7.29,7.55,-0.26,-3.44,499917.08,367937.5546,0.5176,0.6218,1.42,11.0056,10.5536,1.7092,1.5805,1.3906,0.9602,1.3717,1099521.0218,965857.8326,803948.356,8015508.2489,7041103.5997,,,113.372
000002,万科A,全国地产,深圳,19910129,000002.SZ,20111115,7.6,7.6,7.51,7.55,7.63,-0.08,-1.05,174771.21,131955.9048,0.1809,0.2174,0.41,11.3981,10.93,1.7702,1.6369,1.4402,0.9272,1.3245,1099521.0218,965857.8326,803948.356,8301383.7146,7292226.6361,,,113.372
000002,万科A,全国地产,深圳,19910129,000002.SZ,20111114,7.55,7.67,7.48,7.63,7.52,0.11,1.46,528719.32,401141.1381,0.5474,0.6577,1.37,11.5189,11.0458,1.7889,1.6543,1.4554,0.9174,1.3106,1099521.0218,965857.8326,803948.356,8389345.3963,7369495.2627,,,113.372
000002,万科A,全国地产,深圳,19910129,000002.SZ,20111111,7.5,7.56,7.45,7.52,7.57,-0.05,-0.66,270300.67,202746.8432,0.2799,0.3362,0.64,11.3528,10.8866,1.7631,1.6304,1.4344,0.9309,1.3298,1099521.0218,965857.8326,803948.356,8268398.0839,7263250.9012,,,113.372
000002,万科A,全国地产,深圳,19910129,000002.SZ,20111110,7.59,7.65,7.45,7.57,7.67,-0.1,-1.3,427340.67,321122.4288,0.4424,0.5316,0.98,11.4283,10.959,1.7749,1.6412,1.444,0.9247,1.321,1099521.0218,965857.8326,803948.356,8323374.135,7311543.7928,,,113.372
000002,万科A,全国地产,深圳,19910129,000002.SZ,20111109,7.63,7.7,7.54,7.67,7.68,-0.01,-0.13,361854.38,275059.9339,0.3746,0.4501,0.83,11.5793,11.1037,1.7983,1.6629,1.4631,0.9126,1.3038,1099521.0218,965857.8326,803948.356,8433326.2372,7408129.576,,,113.372
000002,万科A,全国地产,深圳,19910129,000002.SZ,20111108,7.68,7.71,7.46,7.68,7.68,0.0,0.0,541726.6,410257.6339,0.5609,0.6738,1.25,11.5944,11.1182,1.8007,1.6651,1.465,0.9115,1.3021,1099521.0218,965857.8326,803948.356,8444321.4474,7417788.1544,,,113.372
000002,万科A,全国地产,深圳,19910129,000002.SZ,20111107,7.78,7.86,7.65,7.68,7.84,-0.16,-2.04,323021.61,250210.8412,0.3344,0.4018,0.63,11.5944,11.1182,1.8007,1.6651,1.465,0.9115,1.3021,1099521.0218,965857.8326,803948.356,8444321.4474,7417788.1544,,,113.372
000002,万科A,全国地产,深圳,19910129,000002.SZ,20111104,7.91,8.01,7.78,7.84,7.76,0.08,1.03,472888.37,373003.688,0.4896,0.5882,0.75,11.8359,11.3498,1.8382,1.6998,1.4955,0.8929,1.2755,1099521.0218,965857.8326,803948.356,8620244.8109,7572325.4076,,,113.372
000002,万科A,全国地产,深圳,19910129,000002.SZ,20111103,7.9,7.99,7.75,7.76,7.9,-0.14,-1.77,472249.59,369601.7721,0.4889,0.5874,0.78,11.7151,11.234,1.8194,1.6824,1.4802,0.9021,1.2887,1099521.0218,965857.8326,803948.356,8532283.1292,7495056.781,,,113.372
000002,万科A,全国地产,深圳,19910129,000002.SZ,20111102,7.62,7.94,7.61,7.9,7.76,0.14,1.8,359073.24,280509.2494,0.3718,0.4466,0.46,11.9265,11.4367,1.8522,1.7128,1.5069,0.8861,1.2658,1099521.0218,965857.8326,803948.356,8686216.0722,7630276.8775,,,113.372
000002,万科A,全国地产,深圳,19910129,000002.SZ,20111101,7.91,8.05,7.7,7.76,8.0,-0.24,-3.0,545079.49,428004.5589,0.5643,0.678,0.66,11.7151,11.234,1.8194,1.6824,1.4802,0.9021,1.2887,1099521.0218,965857.8326,803948.356,8532283.1292,7495056.781,,,113.372
000002,万科A,全国地产,深圳,19910129,000002.SZ,20111031,7.85,8.0,7.65,8.0,7.91,0.09,1.14,734223.62,576405.0346,0.7602,0.9133,1.0,12.0775,11.5815,1.8757,1.7345,1.526,0.875,1.25,1099521.0218,965857.8326,803948.356,8796168.1744,7726862.6608,,,113.372
000002,万科A,全国地产,深圳,19910129,000002.SZ,20111028,7.75,8.28,7.75,7.91,7.67,0.24,3.13,1025876.23,819997.8504,1.0621,1.276,1.79,11.9416,11.4512,1.8546,1.715,1.5088,0.885,1.2642,1099521.0218,965857.8326,803948.356,8697211.2824,7639935.4559,,,113.372
000002,万科A,全国地产,深圳,19910129,000002.SZ,20111027,7.66,7.74,7.63,7.67,7.66,0.01,0.13,372622.83,286398.3341,0.3858,0.4635,0.67,11.5793,11.1037,1.7983,1.6629,1.4631,0.9126,1.3038,1099521.0218,965857.8326,803948.356,8433326.2372,7408129.576,,,113.372
000002,万科A,全国地产,深圳,19910129,000002.SZ,20111026,7.4,7.73,7.39,7.66,7.4,0.26,3.51,1220133.33,933860.1102,1.2633,1.5177,3.36,11.5642,11.0893,1.796,1.6608,1.4612,0.9138,1.3055,1099521.0218,965857.8326,803948.356,8422331.027,7398470.9977,,,113.372
000002,万科A,全国地产,深圳,19910129,000002.SZ,20111025,7.16,7.53,7.12,7.4,7.19,0.21,2.92,785134.01,577616.6503,0.8129,0.9766,2.93,11.1717,10.7129,1.735,1.6044,1.4116,0.9459,1.3514,1099521.0218,965857.8326,803948.356,8136455.5613,7147347.9612,,,113.372
000002,万科A,全国地产,深圳,19910129,000002.SZ,20111024,6.98,7.2,6.94,7.19,6.98,0.21,3.01,275881.38,196073.4906,0.2856,0.3432,1.02,10.8546,10.6136,1.711,1.5589,1.4657,0.9736,1.3908,1099521.0218,965857.8326,803948.356,7905556.1467,6944517.8164,,,113.372
000002,万科A,全国地产,深圳,19910129,000002.SZ,20111021,7.05,7.11,6.94,6.98,7.02,-0.04,-0.57,212489.74,149356.017,0.22,0.2643,0.8,10.5376,10.3037,1.661,1.5133,1.4229,1.0029,1.4327,1099521.0218,965857.8326,803948.356,7674656.7322,6741687.6715,,,113.372
000002,万科A,全国地产,深圳,19910129,000002.SZ,20111020,7.04,7.15,6.9,7.02,7.1,-0.08,-1.13,303811.91,211954.2819,0.3146,0.3779,0.97,10.598,10.3627,1.6705,1.522,1.4311,0.9972,1.4245,1099521.0218,965857.8326,803948.356,7718637.573,6780321.9849,,,113.372
000002,万科A,全国地产,深圳,19910129,000002.SZ,20111019,7.17,7.24,7.09,7.1,7.19,-0.09,-1.25,236739.08,169381.0643,0.2451,0.2945,0.58,10.7187,10.4808,1.6896,1.5393,1.4474,0.9859,1.4085,1099521.0218,965857.8326,803948.356,7806599.2548,6857590.6115,,,113.372
000002,万科A,全国地产,深圳,19910129,000002.SZ,20111018,7.3,7.33,7.1,7.19,7.34,-0.15,-2.04,311014.97,223794.4886,0.322,0.3869,0.75,10.8546,10.6136,1.711,1.5589,1.4657,0.9736,1.3908,1099521.0218,965857.8326,803948.356,7905556.1467,6944517.8164,,,113.372
000002,万科A,全国地产,深圳,19910129,000002.SZ,20111017,7.36,7.46,7.31,7.34,7.35,-0.01,-0.14,287416.33,211613.584,0.2976,0.3575,0.66,11.0811,10.8351,1.7467,1.5914,1.4963,0.9537,1.3624,1099521.0218,965857.8326,803948.356,8070484.3,7089396.4913,,,113.372
000002,万科A,全国地产,深圳,19910129,000002.SZ,20111014,7.35,7.39,7.27,7.35,7.37,-0.02,-0.27,194043.04,142190.9538,0.2009,0.2414,0.42,11.0962,10.8498,1.7491,1.5935,1.4983,0.9524,1.3605,1099521.0218,965857.8326,803948.356,8081479.5102,7099055.0696,,,113.372
000002,万科A,全国地产,深圳,19910129,000002.SZ,20111013,7.33,7.52,7.3,7.37,7.34,0.03,0.41,535009.79,395974.4112,0.5539,0.6655,1.17,11.1264,10.8794,1.7538,1.5979,1.5024,0.9498,1.3569,1099521.0218,965857.8326,803948.356,8103469.9307,7118372.2263,,,113.372
000002,万科A,全国地产,深圳,19910129,000002.SZ,20111012,7.0,7.42,6.95,7.34,7.04,0.3,4.26,698492.57,505518.6473,0.7232,0.8688,1.8,11.0811,10.8351,1.7467,1.5914,1.4963,0.9537,1.3624,1099521.0218,965857.8326,803948.356,8070484.3,7089396.4913,,,113.372
000002,万科A,全国地产,深圳,19910129,000002.SZ,20111011,7.13,7.18,6.95,7.04,7.0,0.04,0.57,358264.42,252838.7338,0.3709,0.4456,0.91,10.6282,10.3922,1.6753,1.5263,1.4351,0.9943,1.4205,1099521.0218,965857.8326,803948.356,7740627.9935,6799639.1415,,,113.372
000002,万科A,全国地产,深圳,19910129,000002.SZ,20111010,7.23,7.24,6.98,7.0,7.24,-0.24,-3.31,376604.42,265484.622,0.3899,0.4684,0.89,10.5678,10.3332,1.6658,1.5177,1.427,1.0,1.4286,1099521.0218,965857.8326,803948.356,7696647.1526,6761004.8282,,,113.372
000002,万科A,全国地产,深圳,19910129,000002.SZ,20110930,7.15,7.31,7.14,7.24,7.18,0.06,0.84,347693.23,251544.6026,0.36,0.4325,0.75,10.9301,10.6875,1.7229,1.5697,1.4759,0.9669,1.3812,1099521.0218,965857.8326,803948.356,7960532.1978,6992810.708,,,113.372
000002,万科A,全国地产,深圳,19910129,000002.SZ,20110929,7.05,7.29,6.88,7.18,7.08,0.1,1.41,510247.11,362764.8845,0.5283,0.6347,0.89,10.8395,10.5989,1.7086,1.5567,1.4637,0.9749,1.3928,1099521.0218,965857.8326,803948.356,7894560.9365,6934859.2381,,,113.372
000002,万科A,全国地产,深圳,19910129,000002.SZ,20110928,7.22,7.23,7.0,7.08,7.17,-0.09,-1.26,351393.07,249650.6157,0.3638,0.4371,0.6,10.6886,10.4513,1.6848,1.535,1.4433,0.9887,1.4124,1099521.0218,965857.8326,803948.356,7784608.8343,6838273.4548,,,113.372
000002,万科A,全国地产,深圳,19910129,000002.SZ,20110927,7.2,7.23,7.1,7.17,7.15,0.02,0.28,376874.84,270077.8813,0.3902,0.4688,0.67,10.8244,10.5841,1.7062,1.5545,1.4616,0.9763,1.3947,1099521.0218,965857.8326,803948.356,7883565.7263,6925200.6597,,,113.372
000002,万科A,全国地产,深圳,19910129,000002.SZ,20110926,7.33,7.43,7.04,7.15,7.4,-0.25,-3.38,523721.32,378133.4883,0.5422,0.6514,0.9,10.7942,10.5546,1.7015,1.5502,1.4576,0.979,1.3986,1099521.0218,965857.8326,803948.356,7861575.3059,6905883.5031,,,113.372
000002,万科A,全国地产,深圳,19910129,000002.SZ,20110923,7.38,7.52,7.28,7.4,7.46,-0.06,-0.8,558852.13,412362.276,0.5786,0.6951,1.03,11.1717,10.9236,1.761,1.6044,1.5085,0.9459,1.3514,1099521.0218,965857.8326,803948.356,8136455.5613,7147347.9612,,,113.372
000002,万科A,全国地产,深圳,19910129,000002.SZ,20110922,7.8,7.84,7.44,7.46,7.87,-0.41,-5.21,1048418.29,795528.0184,1.0855,1.3041,2.73,11.2622,11.0122,1.7752,1.6174,1.5208,0.9383,1.3405,1099521.0218,965857.8326,803948.356,8202426.8226,7205299.4312,,,113.372
000002,万科A,全国地产,深圳,19910129,000002.SZ,20110921,7.72,7.93,7.67,7.87,7.72,0.15,1.94,411282.92,321356.6553,0.4258,0.5116,1.19,11.8812,11.6174,1.8728,1.7063,1.6043,0.8895,1.2706,1099521.0218,965857.8326,803948.356,8653230.4416,7601301.1426,,,113.372
000002,万科A,全国地产,深圳,19910129,000002.SZ,20110920,7.78,7.8,7.65,7.72,7.78,-0.06,-0.77,290652.41,224291.7105,0.3009,0.3615,0.85,11.6547,11.396,1.8371,1.6738,1.5738,0.9067,1.2953,1099521.0218,965857.8326,803948.356,8488302.2883,7456422.4677,,,113.372
000002,万科A,全国地产,深圳,19910129,000002.SZ,20110919,8.0,8.02,7.7,7.78,8.06,-0.28,-3.47,607367.91,475828.5941,0.6288,0.7555,2.08,11.7453,11.4846,1.8514,1.6868,1.586,0.8997,1.2853,1099521.0218,965857.8326,803948.356,8554273.5496,7514373.9376,,,113.372
000002,万科A,全国地产,深圳,19910129,000002.SZ,20110916,8.12,8.17,8.0,8.06,8.09,-0.03,-0.37,364527.51,293467.7899,0.3774,0.4534,1.43,12.168,11.8979,1.918,1.7475,1.6431,0.8685,1.2407,1099521.0218,965857.8326,803948.356,8862139.4357,7784814.1308,,,113.372
000002,万科A,全国地产,深圳,19910129,000002.SZ,20110915,8.08,8.15,8.05,8.09,8.08,0.01,0.12,245485.31,199270.4146,0.2542,0.3053,0.86,12.2133,11.9422,1.9252,1.754,1.6492,0.8653,1.2361,1099521.0218,965857.8326,803948.356,8895125.0664,7813789.8657,,,113.372
000002,万科A,全国地产,深圳,19910129,000002.SZ,20110914,8.05,8.1,8.0,8.08,8.07,0.01,0.12,224980.37,181054.9609,0.2329,0.2798,0.76,12.1982,11.9274,1.9228,1.7518,1.6472,0.8663,1.2376,1099521.0218,965857.8326,803948.356,8884129.8561,7804131.2874,,,113.372
000002,万科A,全国地产,深圳,19910129,000002.SZ,20110913,8.01,8.11,7.97,8.07,8.08,-0.01,-0.12,259308.73,208035.2782,0.2685,0.3225,0.85,12.1831,11.9127,1.9204,1.7496,1.6451,0.8674,1.2392,1099521.0218,965857.8326,803948.356,8873134.6459,7794472.7091,,,113.372
000002,万科A,全国地产,深圳,19910129,000002.SZ,20110909,8.13,8.2,8.07,8.08,8.1,-0.02,-0.25,364042.6,296092.7084,0.3769,0.4528,1.24,12.1982,11.9274,1.9228,1.7518,1.6472,0.8663,1.2376,1099521.0218,965857.8326,803948.356,8884129.8561,7804131.2874,,,113.372
000002,万科A,全国地产,深圳,19910129,000002.SZ,20110908,8.11,8.15,8.05,8.1,8.12,-0.02,-0.25,179321.67,145404.7582,0.1857,0.2231,0.62,12.2284,11.957,1.9275,1.7562,1.6512,0.8642,1.2346,1099521.0218,965857.8326,803948.356,8906120.2766,7823448.4441,,,113.372
000002,万科A,全国地产,深圳,19910129,000002.SZ,20110907,8.04,8.17,8.0,8.12,8.0,0.12,1.5,395553.88,320160.1829,0.4095,0.492,1.56,12.2586,11.9865,1.9323,1.7605,1.6553,0.8621,1.2315,1099521.0218,965857.8326,803948.356,8928110.697,7842765.6007,,,113.372
000002,万科A,全国地产,深圳,19910129,000002.SZ,20110906,8.0,8.05,7.95,8.0,8.03,-0.03,-0.37,278107.84,222576.9357,0.2879,0.3459,1.06,12.0775,11.8093,1.9037,1.7345,1.6308,0.875,1.25,1099521.0218,965857.8326,803948.356,8796168.1744,7726862.6608,,,113.372
000002,万科A,全国地产,深圳,19910129,000002.SZ,20110905,8.08,8.11,8.0,8.03,8.1,-0.07,-0.86,307995.52,247211.2658,0.3189,0.3831,1.17,12.1228,11.8536,1.9109,1.741,1.637,0.8717,1.2453,1099521.0218,965857.8326,803948.356,8829153.8051,7755838.3958,,,113.372
000002,万科A,全国地产,深圳,19910129,000002.SZ,20110902,8.13,8.16,8.04,8.1,8.14,-0.04,-0.49,303436.93,245290.0592,0.3142,0.3774,1.19,12.2284,11.957,1.9275,1.7562,1.6512,0.8642,1.2346,1099521.0218,965857.8326,803948.356,8906120.2766,7823448.4441,,,113.372
000002,万科A,全国地产,深圳,19910129,000002.SZ,20110901,8.16,8.19,8.1,8.14,8.15,-0.01,-0.12,166844.59,135879.1196,0.1727,0.2075,0.51,12.2888,12.016,1.9371,1.7648,1.6594,0.86,1.2285,1099521.0218,965857.8326,803948.356,8950101.1175,7862082.7574,,,113.372
000002,万科A,全国地产,深圳,19910129,000002.SZ,20110831,8.11,8.17,8.09,8.15,8.14,0.01,0.12,210926.21,171367.2084,0.2184,0.2624,0.67,12.3039,12.0308,1.9394,1.767,1.6614,0.8589,1.227,1099521.0218,965857.8326,803948.356,8961096.3277,7871741.3357,,,113.372
000002,万科A,全国地产,深圳,19910129,000002.SZ,20110830,8.22,8.28,8.1,8.14,8.17,-0.03,-0.37,321466.17,262573.6564,0.3328,0.3999,1.03,12.2888,12.016,1.9371,1.7648,1.6594,0.86,1.2285,1099521.0218,965857.8326,803948.356,8950101.1175,7862082.7574,,,113.372
000002,万科A,全国地产,深圳,19910129,000002.SZ,20110829,8.3,8.36,8.1,8.17,8.38,-0.21,-2.51,311558.52,255401.5406,0.3226,0.3875,1.07,12.3341,12.0603,1.9442,1.7713,1.6655,0.8568,1.224,1099521.0218,965857.8326,803948.356,8983086.7481,7891058.4923,9.21,7.53,113.372
000002,万科A,全国地产,深圳,19910129,000002.SZ,20110826,8.39,8.45,8.31,8.38,8.44,-0.06,-0.71,265807.62,222779.449,0.2752,0.3306,0.79,12.6511,12.3703,1.9942,1.8169,1.7083,0.8353,1.1933,1099521.0218,965857.8326,803948.356,9213986.1627,8093888.6372,,,113.372
000002,万科A,全国地产,深圳,19910129,000002.SZ,20110825,8.2,8.46,8.14,8.44,8.16,0.28,3.43,532834.74,444368.2833,0.5517,0.6628,1.7,12.7417,12.4589,2.0085,1.8299,1.7205,0.8294,1.1848,1099521.0218,965857.8326,803948.356,9279957.424,8151840.1071,,,113.372
000002,万科A,全国地产,深圳,19910129,000002.SZ,20110824,8.25,8.28,8.15,8.16,8.22,-0.06,-0.73,138239.45,113491.4756,0.1431,0.172,0.37,12.319,12.0455,1.9418,1.7692,1.6635,0.8578,1.2255,1099521.0218,965857.8326,803948.356,8972091.5379,7881399.914,,,113.372
000002,万科A,全国地产,深圳,19910129,000002.SZ,20110823,8.12,8.26,8.1,8.22,8.08,0.14,1.73,312150.98,256222.5083,0.3232,0.3883,0.8,12.4096,12.1341,1.9561,1.7822,1.6757,0.8516,1.2165,1099521.0218,965857.8326,803948.356,9038062.7992,7939351.384,,,113.372
000002,万科A,全国地产,深圳,19910129,000002.SZ,20110822,8.12,8.16,8.05,8.08,8.14,-0.06,-0.74,202723.17,164003.1522,0.2099,0.2522,0.46,12.1982,11.9274,1.9228,1.7518,1.6472,0.8663,1.2376,1099521.0218,965857.8326,803948.356,8884129.8561,7804131.2874,,,113.372
000002,万科A,全国地产,深圳,19910129,000002.SZ,20110819,8.03,8.19,8.03,8.14,8.14,0.0,0.0,492715.8,399849.9531,0.5101,0.6129,1.16,12.2888,12.016,1.9371,1.7648,1.6594,0.86,1.2285,1099521.0218,965857.8326,803948.356,8950101.1175,7862082.7574,,,113.372
000002,万科A,全国地产,深圳,19910129,000002.SZ,20110818,8.22,8.23,8.08,8.14,8.22,-0.08,-0.97,419637.96,340681.555,0.4345,0.522,0.85,12.2888,12.016,1.9371,1.7648,1.6594,0.86,1.2285,1099521.0218,965857.8326,803948.356,8950101.1175,7862082.7574,,,113.372
000002,万科A,全国地产,深圳,19910129,000002.SZ,20110817,8.33,8.4,8.15,8.22,8.36,-0.14,-1.67,438625.76,361179.6806,0.4541,0.5456,0.77,12.4096,12.1341,1.9561,1.7822,1.6757,0.8516,1.2165,1099521.0218,965857.8326,803948.356,9038062.7992,7939351.384,9.2,7.52,113.372
000002,万科A,全国地产,深圳,19910129,000002.SZ,20110816,8.44,8.5,8.33,8.36,8.5,-0.14,-1.65,390971.46,328778.209,0.4048,0.4863,0.58,12.6209,12.3408,1.9894,1.8125,1.7042,0.8373,1.1962,1099521.0218,965857.8326,803948.356,9191995.7422,8074571.4805,,,113.372
000002,万科A,全国地产,深圳,19910129,000002.SZ,20110815,8.43,8.55,8.33,8.5,8.43,0.07,0.83,444015.76,374718.3982,0.4597,0.5523,0.64,12.8323,12.5474,2.0227,1.8429,1.7328,0.8235,1.1765,1099521.0218,965857.8326,803948.356,9345928.6853,8209791.5771,,,113.372
000002,万科A,全国地产,深圳,19910129,000002.SZ,20110812,8.53,8.59,8.41,8.43,8.55,-0.12,-1.4,424572.36,360006.8524,0.4396,0.5281,0.63,12.7266,12.4441,2.0061,1.8277,1.7185,0.8304,1.1862,1099521.0218,965857.8326,803948.356,9268962.2138,8142181.5288,,,113.372
000002,万科A,全国地产,深圳,19910129,000002.SZ,20110811,8.37,8.68,8.35,8.55,8.44,0.11,1.3,760522.08,650754.597,0.7874,0.946,1.39,12.9078,12.6212,2.0346,1.8537,1.743,0.8187,1.1696,1099521.0218,965857.8326,803948.356,9400904.7364,8258084.4687,8.82,7.22,113.372
000002,万科A,全国地产,深圳,19910129,000002.SZ,20110810,8.5,8.58,8.37,8.44,8.3,0.14,1.69,823681.62,698674.3106,0.8528,1.0245,1.82,12.7417,12.4589,2.0085,1.8299,1.7205,0.8294,1.1848,1099521.0218,965857.8326,803948.356,9279957.424,8151840.1071,,,113.372
000002,万科A,全国地产,深圳,19910129,000002.SZ,20110809,7.99,8.45,7.94,8.3,8.06,0.24,2.98,943478.53,778470.37,0.9768,1.1736,3.07,12.5304,12.2522,1.9751,1.7995,1.692,0.8434,1.2048,1099521.0218,965857.8326,803948.356,9126024.4809,8016620.0106,,,113.372
000002,万科A,全国地产,深圳,19910129,000002.SZ,20110808,8.14,8.26,7.95,8.06,8.18,-0.12,-1.47,523375.91,425711.7736,0.5417,0.6508,2.1,12.168,12.0382,1.9945,1.7475,1.7316,0.8685,1.2407,1099521.0218,966088.9972,804179.5206,8862139.4357,7786677.3174,,,113.372
000002,万科A,全国地产,深圳,19910129,000002.SZ,20110805,8.16,8.27,8.12,8.18,8.31,-0.13,-1.56,306128.04,250823.1781,0.3169,0.3807,1.3,12.3492,12.2174,2.0242,1.7735,1.7574,0.8557,1.2225,1099521.0218,966088.9972,804179.5206,8994081.9583,7902607.9971,,,113.372
000002,万科A,全国地产,深圳,19910129,000002.SZ,20110804,8.36,8.39,8.3,8.31,8.35,-0.04,-0.48,136550.56,113867.7923,0.1413,0.1698,0.51,12.5455,12.4116,2.0563,1.8017,1.7853,0.8424,1.2034,1099521.0218,966088.9972,804179.5206,9137019.6912,8028199.5667,,,113.372
000002,万科A,全国地产,深圳,19910129,000002.SZ,20110803,8.24,8.37,8.22,8.35,8.27,0.08,0.97,355567.38,295345.6606,0.368,0.4421,1.39,12.6058,12.4713,2.0662,1.8104,1.7939,0.8383,1.1976,1099521.0218,966088.9972,804179.5206,9181000.532,8066843.1266,,,113.372
000002,万科A,全国地产,深圳,19910129,000002.SZ,20110802,8.24,8.31,8.13,8.27,8.29,-0.02,-0.24,213267.74,175731.2106,0.2208,0.2652,0.81,12.4851,12.3518,2.0464,1.793,1.7767,0.8464,1.2092,1099521.0218,966088.9972,804179.5206,9093038.8503,7989556.0068,9.1,7.44,113.372
000002,万科A,全国地产,深圳,19910129,000002.SZ,20110801,8.15,8.3,8.11,8.29,8.15,0.14,1.72,234297.61,193543.9929,0.2425,0.2913,0.75,12.5153,12.3817,2.0514,1.7973,1.781,0.8444,1.2063,1099521.0218,966088.9972,804179.5206,9115029.2707,8008877.7868,,,113.372
000002,万科A,全国地产,深圳,19910129,000002.SZ,20110729,8.1,8.2,8.05,8.15,8.11,0.04,0.49,241440.28,196639.9008,0.2499,0.3002,0.8,12.3039,12.1726,2.0168,1.767,1.7509,0.8589,1.227,1099521.0218,966088.9972,804179.5206,8961096.3277,7873625.3272,,,113.372
000002,万科A,全国地产,深圳,19910129,000002.SZ,20110728,8.1,8.15,8.01,8.11,8.14,-0.03,-0.37,291102.95,235329.5665,0.3013,0.362,0.96,12.2435,12.1129,2.0069,1.7583,1.7423,0.8631,1.233,1099521.0218,966088.9972,804179.5206,8917115.4868,7834981.7673,,,113.372
000002,万科A,全国地产,深圳,19910129,000002.SZ,20110727,8.13,8.21,8.08,8.14,8.2,-0.06,-0.73,296620.71,241775.9797,0.307,0.3688,0.98,12.2888,12.1577,2.0143,1.7648,1.7488,0.86,1.2285,1099521.0218,966088.9972,804179.5206,8950101.1175,7863964.4372,,,113.372
000002,万科A,全国地产,深圳,19910129,000002.SZ,20110726,8.14,8.22,8.14,8.2,8.14,0.06,0.74,256070.99,209478.6655,0.2651,0.3184,0.61,12.3794,12.2473,2.0291,1.7778,1.7617,0.8537,1.2195,1099521.0218,966088.9972,804179.5206,9016072.3788,7921929.777,,,113.372
000002,万科A,全国地产,深圳,19910129,000002.SZ,20110725,8.31,8.35,8.1,8.14,8.42,-0.28,-3.33,478412.85,392377.0821,0.4952,0.5949,1.06,12.2888,12.1577,2.0143,1.7648,1.7488,0.86,1.2285,1099521.0218,966088.9972,804179.5206,8950101.1175,7863964.4372,,,113.372
000002,万科A,全国地产,深圳,19910129,000002.SZ,20110722,8.42,8.49,8.35,8.42,8.4,0.02,0.24,194140.8,163367.23,0.201,0.2414,0.35,12.7115,12.5759,2.0836,1.8255,1.8089,0.8314,1.1876,1099521.0218,966088.9972,804179.5206,9257967.0036,8134469.3564,9.27,7.59,113.372
000002,万科A,全国地产,深圳,19910129,000002.SZ,20110721,8.48,8.51,8.33,8.4,8.47,-0.07,-0.83,292770.29,246065.3302,0.303,0.3641,0.5,12.6813,12.546,2.0786,1.8212,1.8046,0.8333,1.1905,1099521.0218,966088.9972,804179.5206,9235976.5831,8115147.5765,,,113.372
000002,万科A,全国地产,深圳,19910129,000002.SZ,20110720,8.5,8.54,8.42,8.47,8.49,-0.02,-0.24,296115.05,250915.4955,0.3065,0.3682,0.49,12.787,12.6506,2.0959,1.8364,1.8197,0.8264,1.1806,1099521.0218,966088.9972,804179.5206,9312943.0546,8182773.8063,9.36,7.66,113.372
000002,万科A,全国地产,深圳,19910129,000002.SZ,20110719,8.28,8.55,8.25,8.49,8.36,0.13,1.56,848732.4,716771.5814,0.8785,1.0554,1.5,12.8172,12.6804,2.1009,1.8407,1.824,0.8245,1.1779,1099521.0218,966088.9972,804179.5206,9334933.4751,8202095.5862,,,113.372
000002,万科A,全国地产,深圳,19910129,000002.SZ,20110718,8.39,8.39,8.24,8.36,8.43,-0.07,-0.83,618290.38,513948.0647,0.64,0.7688,1.18,12.6209,12.4863,2.0687,1.8125,1.796,0.8373,1.1962,1099521.0218,966088.9972,804179.5206,9191995.7422,8076504.0166,,,113.372
000002,万科A,全国地产,深圳,19910129,000002.SZ,20110715,8.4,8.5,8.28,8.43,8.58,-0.15,-1.75,715408.76,599605.7736,0.7405,0.8896,1.47,12.7266,12.5908,2.086,1.8277,1.8111,0.8304,1.1862,1099521.0218,966088.9972,804179.5206,9268962.2138,8144130.2464,,,113.372
000002,万科A,全国地产,深圳,19910129,000002.SZ,20110714,8.62,8.71,8.51,8.58,8.61,-0.03,-0.35,440302.9,378417.4448,0.4558,0.5475,0.78,12.9531,12.8148,2.1232,1.8602,1.8433,0.8159,1.1655,1099521.0218,966088.9972,804179.5206,9433890.367,8289043.596,,,113.372
000002,万科A,全国地产,深圳,19910129,000002.SZ,20110713,8.49,8.71,8.47,8.61,8.5,0.11,1.29,426684.23,366503.8966,0.4417,0.5306,0.71,12.9984,12.8597,2.1306,1.8667,1.8498,0.813,1.1614,1099521.0218,966088.9972,804179.5206,9466875.9977,8318026.2659,,,113.372
000002,万科A,全国地产,深圳,19910129,000002.SZ,20110712,8.66,8.67,8.42,8.5,8.75,-0.25,-2.86,621564.65,529494.477,0.6434,0.7729,0.8,12.8323,12.6954,2.1034,1.8429,1.8261,0.8235,1.1765,1099521.0218,966088.9972,804179.5206,9345928.6853,8211756.4762,,,113.372
000002,万科A,全国地产,深圳,19910129,000002.SZ,20110711,8.75,8.78,8.6,8.75,8.82,-0.07,-0.79,426939.43,371834.3832,0.4419,0.5309,0.5,13.2097,13.0688,2.1652,1.8971,1.8798,0.8,1.1429,1099521.0218,966088.9972,804179.5206,9620808.9408,8453278.7255,,,113.372
000002,万科A,全国地产,深圳,19910129,000002.SZ,20110708,8.73,8.9,8.73,8.82,8.77,0.05,0.57,509852.92,450161.2205,0.5277,0.634,0.51,13.3154,13.1733,2.1825,1.9123,1.8949,0.7937,1.1338,1099521.0218,966088.9972,804179.5206,9697775.4123,8520904.9553,,,113.372
000002,万科A,全国地产,深圳,19910129,000002.SZ,20110707,8.84,8.98,8.55,8.77,8.82,-0.05,-0.57,846650.1,744421.8828,0.8764,1.0528,0.84,13.2399,13.0986,2.1702,1.9014,1.8841,0.7982,1.1403,1099521.0218,966088.9972,804179.5206,9642799.3612,8472600.5054,,,113.372
000002,万科A,全国地产,深圳,19910129,000002.SZ,20110706,8.85,8.88,8.71,8.82,8.84,-0.02,-0.23,609540.69,535594.5469,0.6309,0.758,0.64,13.3154,13.1733,2.1825,1.9123,1.8949,0.7937,1.1338,1099521.0218,966088.9972,804179.5206,9697775.4123,8520904.9553,,,113.372
000002,万科A,全国地产,深圳,19910129,000002.SZ,20110705,8.71,9.02,8.71,8.84,8.71,0.13,1.49,1470530.64,1307364.4549,1.5221,1.8286,1.94,13.3456,13.2032,2.1875,1.9166,1.8992,0.7919,1.1312,1099521.0218,966088.9972,804179.5206,9719765.8327,8540226.7352,,,113.372
000002,万科A,全国地产,深圳,19910129,000002.SZ,20110704,8.73,8.97,8.68,8.71,8.68,0.03,0.35,832629.39,732819.5981,0.8619,1.0354,1.17,13.1493,13.009,2.1553,1.8884,1.8712,0.8037,1.1481,1099521.0218,966088.9972,804179.5206,9576828.0999,8414635.1656,,,113.372
000002,万科A,全国地产,深圳,19910129,000002.SZ,20110701,8.43,8.81,8.4,8.68,8.45,0.23,2.72,1277998.67,1105772.0376,1.3229,1.5892,2.1,13.104,12.9642,2.1479,1.8819,1.8648,0.8065,1.1521,1099521.0218,966088.9972,804179.5206,9543842.4692,8385652.4957,,,113.372
000002,万科A,全国地产,深圳,19910129,000002.SZ,20110630,8.29,8.52,8.2,8.45,8.28,0.17,2.05,873494.22,734845.3864,0.9042,1.0862,1.72,12.7568,12.6207,2.091,1.832,1.8154,0.8284,1.1834,1099521.0218,966088.9972,804179.5206,9290952.6342,8163452.0263,,,113.372
000002,万科A,全国地产,深圳,19910129,000002.SZ,20110629,8.26,8.32,8.23,8.28,8.31,-0.03,-0.36,320830.25,265671.6571,0.3321,0.399,0.62,12.5002,12.3668,2.0489,1.7952,1.7789,0.8454,1.2077,1099521.0218,966088.9972,804179.5206,9104034.0605,7999216.8968,,,113.372
000002,万科A,全国地产,深圳,19910129,000002.SZ,20110628,8.3,8.35,8.15,8.31,8.29,0.02,0.24,483848.92,399119.0262,0.5008,0.6017,0.87,12.5455,12.4116,2.0563,1.8017,1.7853,0.8424,1.2034,1099521.0218,966088.9972,804179.5206,9137019.6912,8028199.5667,,,113.372
000002,万科A,全国地产,深圳,19910129,000002.SZ,20110627,8.39,8.46,8.19,8.29,8.38,-0.09,-1.07,604635.53,502595.7227,0.6259,0.7519,1.11,12.5153,12.3817,2.0514,1.7973,1.781,0.8444,1.2063,1099521.0218,966088.9972,804179.5206,9115029.2707,8008877.7868,,,113.372
000002,万科A,全国地产,深圳,19910129,000002.SZ,20110624,8.25,8.5,8.23,8.38,8.27,0.11,1.33,757512.43,635979.3181,0.7841,0.942,1.57,12.6511,12.5161,2.0737,1.8169,1.8003,0.8353,1.1933,1099521.0218,966088.9972,804179.5206,9213986.1627,8095825.7965,,,113.372
000002,万科A,全国地产,深圳,19910129,000002.SZ,20110623,8.22,8.31,8.15,8.27,8.22,0.05,0.61,379548.0,313271.3463,0.3929,0.472,0.8,12.4851,12.3518,2.0464,1.793,1.7767,0.8464,1.2092,1099521.0218,966088.9972,804179.5206,9093038.8503,7989556.0068,,,113.372
000002,万科A,全国地产,深圳,19910129,000002.SZ,20110622,8.29,8.36,8.12,8.22,8.27,-0.05,-0.6,365826.2,300669.5671,0.3787,0.4549,0.75,12.4096,12.2772,2.0341,1.7822,1.766,0.8516,1.2165,1099521.0218,966088.9972,804179.5206,9038062.7992,7941251.557,,,113.372
000002,万科A,全国地产,深圳,19910129,000002.SZ,20110621,8.16,8.38,8.16,8.27,8.18,0.09,1.1,685905.42,568988.098,0.71,0.8529,1.29,12.4851,12.3518,2.0464,1.793,1.7767,0.8464,1.2092,1099521.0218,966088.9972,804179.5206,9093038.8503,7989556.0068,8.57,7.01,113.372
000002,万科A,全国地产,深圳,19910129,000002.SZ,20110620,8.07,8.23,8.06,8.18,8.05,0.13,1.61,527195.16,430181.2726,0.5457,0.6556,1.11,12.3492,12.2174,2.0242,1.7735,1.7574,0.8557,1.2225,1099521.0218,966088.9972,804179.5206,8994081.9583,7902607.9971,8.45,6.91,113.372
000002,万科A,全国地产,深圳,19910129,000002.SZ,20110617,7.99,8.21,7.98,8.05,7.99,0.06,0.75,456932.42,371130.2969,0.473,0.5682,0.98,12.1529,12.0233,1.992,1.7453,1.7294,0.8696,1.2422,1099521.0218,966088.9972,804179.5206,8851144.2255,7777016.4275,,,113.372
000002,万科A,全国地产,深圳,19910129,000002.SZ,20110616,7.95,8.11,7.95,7.99,8.07,-0.08,-0.99,326289.2,262338.924,0.3377,0.4057,0.71,12.0624,11.9336,1.9772,1.7323,1.7166,0.8761,1.2516,1099521.0218,966088.9972,804179.5206,8785172.9642,7719051.0876,,,113.372
000002,万科A,全国地产,深圳,19910129,000002.SZ,20110615,8.15,8.18,8.0,8.07,8.17,-0.1,-1.22,430732.5,348143.294,0.4459,0.5356,0.82,12.1831,12.0531,1.997,1.7496,1.7337,0.8674,1.2392,1099521.0218,966088.9972,804179.5206,8873134.6459,7796338.2074,,,113.372
000002,万科A,全国地产,深圳,19910129,000002.SZ,20110614,7.9,8.39,7.9,8.17,7.9,0.27,3.42,910987.16,747206.667,0.943,1.1328,2.37,12.3341,12.2025,2.0217,1.7713,1.7552,0.8568,1.224,1099521.0218,966088.9972,804179.5206,8983086.7481,7892947.1071,8.69,7.11,113.372
000002,万科A,全国地产,深圳,19910129,000002.SZ,20110613,7.95,7.95,7.83,7.9,8.0,-0.1,-1.25,243279.45,192195.0838,0.2518,0.3025,0.62,11.9265,11.7992,1.9549,1.7128,1.6972,0.8861,1.2658,1099521.0218,966088.9972,804179.5206,8686216.0722,7632103.0779,,,113.372
000002,万科A,全国地产,深圳,19910129,000002.SZ,20110610,7.95,8.1,7.95,8.0,7.9,0.1,1.27,412506.93,330801.2495,0.427,0.513,1.07,12.0775,11.9486,1.9796,1.7345,1.7187,0.875,1.25,1099521.0218,966088.9972,804179.5206,8796168.1744,7728711.9776,8.26,6.76,113.372
000002,万科A,全国地产,深圳,19910129,000002.SZ,20110609,8.07,8.08,7.9,7.9,8.1,-0.2,-2.47,303677.76,242896.5551,0.3143,0.3776,0.78,11.9265,11.7992,1.9549,1.7128,1.6972,0.8861,1.2658,1099521.0218,966088.9972,804179.5206,8686216.0722,7632103.0779,,,113.372
000002,万科A,全国地产,深圳,19910129,000002.SZ,20110608,7.83,8.14,7.81,8.1,7.81,0.29,3.71,755841.71,604294.5454,0.7824,0.9399,2.4,12.2284,12.0979,2.0044,1.7562,1.7402,0.8642,1.2346,1099521.0218,966088.9972,804179.5206,8906120.2766,7825320.8773,,,113.372
000002,万科A,全国地产,深圳,19910129,000002.SZ,20110607,7.77,7.84,7.74,7.81,7.79,0.02,0.26,204567.88,159487.284,0.2117,0.2544,0.62,11.7906,11.6648,1.9326,1.6933,1.6779,0.8963,1.2804,1099521.0218,966088.9972,804179.5206,8587259.1803,7545155.0681,8.21,6.71,113.372
000002,万科A,全国地产,深圳,19910129,000002.SZ,20110603,7.72,7.85,7.7,7.79,7.72,0.07,0.91,287590.71,224106.231,0.2977,0.3576,0.84,11.7604,11.6349,1.9277,1.6889,1.6736,0.8986,1.2837,1099521.0218,966088.9972,804179.5206,8565268.7598,7525833.2882,,,113.372
000002,万科A,全国地产,深圳,19910129,000002.SZ,20110602,7.74,7.86,7.64,7.72,7.82,-0.1,-1.28,378799.39,292341.8512,0.3921,0.471,1.16,11.6547,11.5304,1.9103,1.6738,1.6585,0.9067,1.2953,1099521.0218,966088.9972,804179.5206,8488302.2883,7458207.0584,8.21,6.71,113.372
000002,万科A,全国地产,深圳,19910129,000002.SZ,20110601,7.82,7.84,7.73,7.82,7.84,-0.02,-0.26,330414.33,256827.0682,0.342,0.4109,0.93,11.8057,11.6797,1.9351,1.6954,1.68,0.8951,1.2788,1099521.0218,966088.9972,804179.5206,8598254.3905,7554815.9581,8.28,6.78,113.372
000002,万科A,全国地产,深圳,19910129,000002.SZ,20110531,7.83,7.89,7.61,7.84,7.8,0.04,0.51,370745.83,287364.478,0.3838,0.461,1.02,11.8359,11.7096,1.94,1.6998,1.6843,0.8929,1.2755,1099521.0218,966088.9972,804179.5206,8620244.8109,7574137.738,8.15,6.67,113.372
000002,万科A,全国地产,深圳,19910129,000002.SZ,20110530,7.88,7.9,7.75,7.8,7.9,-0.1,-1.27,283157.85,221516.6237,0.2931,0.3521,0.7,11.7755,11.6499,1.9301,1.6911,1.6757,0.8974,1.2821,1099521.0218,966088.9972,804179.5206,8576263.97,7535494.1782,,,113.372
000002,万科A,全国地产,深圳,19910129,000002.SZ,20110527,7.86,7.94,7.81,7.9,7.8,0.1,1.28,344129.55,271647.5254,0.3562,0.4279,0.9,11.9265,11.7992,1.9549,1.7128,1.6972,0.8861,1.2658,1099521.0218,966088.9972,804179.5206,8686216.0722,7632103.0779,,,113.372
000002,万科A,全国地产,深圳,19910129,000002.SZ,20110526,7.95,7.99,7.88,7.9,7.87,0.03,0.38,303530.59,240349.3013,0.3142,0.3774,0.75,11.9265,11.7992,1.9077,1.7128,1.6972,0.8861,,1099521.0218,966088.9972,804179.5206,8686216.0722,7632103.0779,,,113.372
000002,万科A,全国地产,深圳,19910129,000002.SZ,20110525,8.01,8.03,7.85,7.87,8.03,-0.16,-1.99,470839.76,373660.2111,0.4874,0.5855,1.31,11.8812,11.7544,1.9004,1.7063,1.6908,0.8895,,1099521.0218,966088.9972,804179.5206,8653230.4416,7603120.408,,,113.372
000002,万科A,全国地产,深圳,19910129,000002.SZ,20110524,8.03,8.1,7.98,8.03,8.03,0.0,0.0,408815.26,328386.0821,0.4232,0.5084,1.17,12.1228,11.9934,1.9391,1.741,1.7251,0.8717,,1099521.0218,966088.9972,804179.5206,8829153.8051,7757694.6475,,,113.372
000002,万科A,全国地产,深圳,19910129,000002.SZ,20110523,8.21,8.27,7.99,8.03,8.24,-0.21,-2.55,500202.48,405661.195,0.5178,0.622,1.38,12.1228,11.9934,1.9391,1.741,1.7251,0.8717,,1099521.0218,966088.9972,804179.5206,8829153.8051,7757694.6475,,,113.372
000002,万科A,全国地产,深圳,19910129,000002.SZ,20110520,8.28,8.31,8.21,8.24,8.26,-0.02,-0.24,237708.56,196517.9839,0.2461,0.2956,0.57,12.4398,12.307,1.9898,1.7865,1.7703,0.8495,,1099521.0218,966088.9972,804179.5206,9060053.2196,7960573.3369,,,113.372
000002,万科A,全国地产,深圳,19910129,000002.SZ,20110519,8.41,8.45,8.24,8.26,8.41,-0.15,-1.78,412138.17,342140.3979,0.4266,0.5125,1.04,12.47,12.3369,1.9946,1.7908,1.7746,0.8475,,1099521.0218,966088.9972,804179.5206,9082043.6401,7979895.1169,,,113.372
000002,万科A,全国地产,深圳,19910129,000002.SZ,20110518,8.4,8.45,8.36,8.41,8.4,0.01,0.12,240123.45,201703.977,0.2486,0.2986,0.51,12.6964,12.5609,2.0308,1.8234,1.8068,0.8323,,1099521.0218,966088.9972,804179.5206,9246971.7933,8124808.4665,,,113.372
000002,万科A,全国地产,深圳,19910129,000002.SZ,20110517,8.33,8.46,8.32,8.4,8.37,0.03,0.36,350095.27,294461.8588,0.3624,0.4353,0.76,12.6813,12.546,2.0284,1.8212,1.8046,0.8333,0.8333,1099521.0218,966088.9972,804179.5206,9235976.5831,8115147.5765,,,113.372
000002,万科A,全国地产,深圳,19910129,000002.SZ,20110516,8.26,8.44,8.25,8.37,8.31,0.06,0.72,571768.77,479475.6643,0.5918,0.711,1.39,12.636,12.5012,2.0212,1.8147,1.7982,0.8363,0.8363,1099521.0218,966088.9972,804179.5206,9202990.9525,8086164.9066,,,113.372
000002,万科A,全国地产,深圳,19910129,000002.SZ,20110513,8.29,8.32,8.18,8.31,8.24,0.07,0.85,505444.54,416131.3016,0.5232,0.6285,1.3,12.5455,12.4116,2.0067,1.8017,1.7853,0.8424,0.8424,1099521.0218,966088.9972,804179.5206,9137019.6912,8028199.5667,,,113.372
000002,万科A,全国地产,深圳,19910129,000002.SZ,20110512,8.27,8.33,8.21,8.24,8.29,-0.05,-0.6,322432.27,266636.3343,0.3338,0.4009,0.79,12.4398,12.307,1.9898,1.7865,1.7703,0.8495,0.8495,1099521.0218,966088.9972,804179.5206,9060053.2196,7960573.3369,,,113.372
000002,万科A,全国地产,深圳,19910129,000002.SZ,20110511,8.3,8.39,8.21,8.29,8.32,-0.03,-0.36,614644.31,510911.432,0.6362,0.7643,1.67,12.5153,12.3817,2.0019,1.7973,1.781,0.8444,0.8444,1099521.0218,966088.9972,804179.5206,9115029.2707,8008877.7868,,,113.372
000002,万科A,全国地产,深圳,19910129,000002.SZ,20110510,8.33,8.34,8.25,8.32,8.31,0.01,0.12,294559.66,244244.9703,0.3049,0.3663,0.72,12.5606,12.4265,2.0091,1.8038,1.7875,0.8413,0.8413,1099521.0218,966088.9972,804179.5206,9148014.9014,8037860.4567,,,113.372
000002,万科A,全国地产,深圳,19910129,000002.SZ,20110509,8.31,8.41,8.27,8.31,8.3,0.01,0.12,313590.97,260467.59,0.3246,0.39,0.75,12.5455,12.4116,2.0067,1.8017,1.7853,0.8424,0.8424,1099521.0218,966088.9972,804179.5206,9137019.6912,8028199.5667,,,113.372
000002,万科A,全国地产,深圳,19910129,000002.SZ,20110506,8.32,8.39,8.25,8.3,8.35,-0.05,-0.6,397032.11,329807.547,0.411,0.4937,0.94,12.5304,12.3966,2.0043,1.7995,1.7832,0.8434,0.8434,1099521.0218,966088.9972,804179.5206,9126024.4809,8018538.6768,,,113.372
000002,万科A,全国地产,深圳,19910129,000002.SZ,20110505,8.3,8.4,8.24,8.35,8.33,0.02,0.24,411048.94,342244.6357,0.4255,0.5111,0.93,12.6058,12.4713,2.0163,1.8104,1.7939,0.8383,0.8383,1099521.0218,966088.9972,804179.5206,9181000.532,8066843.1266,,,113.372
000002,万科A,全国地产,深圳,19910129,000002.SZ,20110504,8.42,8.49,8.31,8.33,8.5,-0.17,-2.0,426736.49,358436.4082,0.4417,0.5306,0.97,12.5757,12.4415,2.0115,1.806,1.7896,0.8403,0.8403,1099521.0218,966088.9972,804179.5206,9159010.1116,8047521.3467,,,113.372
000002,万科A,全国地产,深圳,19910129,000002.SZ,20110503,8.47,8.51,8.32,8.5,8.48,0.02,0.24,486642.8,409503.7595,0.5037,0.6051,1.15,12.8323,12.6954,2.0526,1.8429,1.8261,0.8235,0.8235,1099521.0218,966088.9972,804179.5206,9345928.6853,8211756.4762,,,113.372
000002,万科A,全国地产,深圳,19910129,000002.SZ,20110429,8.32,8.51,8.31,8.48,8.31,0.17,2.05,382426.56,322176.2201,0.3959,0.4755,0.88,12.8021,12.6655,2.0477,1.8385,1.8218,0.8255,0.8255,1099521.0218,966088.9972,804179.5206,9323938.2649,8192434.6963,,,113.372
000002,万科A,全国地产,深圳,19910129,000002.SZ,20110428,8.42,8.45,8.3,8.31,8.4,-0.09,-1.07,401268.04,335347.7174,0.4154,0.499,0.85,12.5455,12.4116,2.0067,1.8017,1.7853,0.8424,0.8424,1099521.0218,966088.9972,804179.5206,9137019.6912,8028199.5667,,,113.372
000002,万科A,全国地产,深圳,19910129,000002.SZ,20110427,8.58,8.6,8.32,8.4,8.55,-0.15,-1.75,511953.43,432624.2761,0.5299,0.6366,0.96,12.6813,12.546,2.0284,1.8212,1.8046,0.8333,0.8333,1099521.0218,966088.9972,804179.5206,9235976.5831,8115147.5765,,,113.372
000002,万科A,全国地产,深圳,19910129,000002.SZ,20110426,8.51,8.59,8.47,8.55,8.52,0.03,0.35,424373.78,361805.5716,0.4393,0.5277,0.8,12.9078,12.77,2.0646,1.8537,1.8369,0.8187,0.8187,1099521.0218,966088.9972,804179.5206,9400904.7364,8260060.9261,,,113.372
000002,万科A,全国地产,深圳,19910129,000002.SZ,20110425,8.51,8.58,8.49,8.52,8.55,-0.03,-0.35,401521.21,342787.3514,0.4156,0.4993,0.68,12.8625,12.7252,2.0574,1.8472,1.8304,0.8216,0.8216,1099521.0218,966088.9972,804179.5206,9367919.1057,8231078.2561,,,113.372
000002,万科A,全国地产,深圳,19910129,000002.SZ,20110422,8.63,8.65,8.52,8.55,8.68,-0.13,-1.5,426218.72,365405.046,0.4412,0.53,0.7,12.9078,12.77,2.0646,1.8537,1.8369,0.8187,0.8187,1099521.0218,966088.9972,804179.5206,9400904.7364,8260060.9261,,,113.372
000002,万科A,全国地产,深圳,19910129,000002.SZ,20110421,8.65,8.68,8.57,8.68,8.63,0.05,0.58,597519.37,515007.823,0.6185,0.743,0.98,13.104,12.9642,2.096,1.8819,1.8648,0.8065,0.8065,1099521.0218,966088.9972,804179.5206,9543842.4692,8385652.4957,,,113.372
000002,万科A,全国地产,深圳,19910129,000002.SZ,20110420,8.75,8.82,8.57,8.63,8.78,-0.15,-1.71,811386.83,703619.9799,0.8399,1.009,1.45,13.0286,12.8895,2.084,1.8711,1.854,0.8111,0.8111,1099521.0218,966088.9972,804179.5206,9488866.4181,8337348.0458,,,113.372
000002,万科A,全国地产,深圳,19910129,000002.SZ,20110419,8.89,8.89,8.76,8.78,8.96,-0.18,-2.01,410708.95,361781.2325,0.4251,0.5107,0.67,13.255,13.255,2.1825,1.9036,1.9036,0.7973,0.7973,1099521.0218,966088.9972,804179.5206,9653794.5714,8482261.3954,,,113.372
000002,万科A,全国地产,深圳,19910129,000002.SZ,20110418,8.86,8.99,8.8,8.96,8.9,0.06,0.67,698448.09,622003.3602,0.723,0.8685,1.1,13.5268,13.5268,2.2272,1.9426,1.9426,0.7813,0.7813,1099521.0218,966088.9972,804179.5206,9851708.3553,8656157.4149,,,113.372
000002,万科A,全国地产,深圳,19910129,000002.SZ,20110415,8.79,8.95,8.71,8.9,8.8,0.1,1.14,539924.26,476299.8348,0.5589,0.6714,0.69,13.4362,13.4362,2.2123,1.9296,1.9296,0.7865,0.7865,1099521.0218,966088.9972,804179.5206,9785737.094,8598192.0751,,,113.372
000002,万科A,全国地产,深圳,19910129,000002.SZ,20110414,8.92,8.94,8.77,8.8,8.93,-0.13,-1.46,574302.94,506909.5761,0.5945,0.7141,0.65,13.2852,13.2852,2.1875,1.9079,1.9079,0.7955,0.7955,1099521.0218,966088.9972,804179.5206,9675784.9918,8501583.1754,,,113.372
000002,万科A,全国地产,深圳,19910129,000002.SZ,20110413,8.82,8.96,8.69,8.93,8.85,0.08,0.9,567793.46,501096.3907,0.5877,0.7061,0.62,13.4815,13.4815,2.2198,1.9361,1.9361,0.7839,0.7839,1099521.0218,966088.9972,804179.5206,9818722.7247,8627174.745,,,113.372
000002,万科A,全国地产,深圳,19910129,000002.SZ,20110412,8.82,8.96,8.76,8.85,8.82,0.03,0.34,663096.69,587406.1057,0.6864,0.8246,0.69,13.3607,13.3607,2.1999,1.9188,1.9188,0.791,0.791,1099521.0218,966088.9972,804179.5206,9730761.0429,8549887.6252,,,113.372
000002,万科A,全国地产,深圳,19910129,000002.SZ,20110411,9.13,9.19,8.81,8.82,9.15,-0.33,-3.61,833280.4,745955.4607,0.8625,1.0362,0.84,13.3154,13.3154,2.1924,1.9123,1.9123,0.7937,0.7937,1099521.0218,966088.9972,804179.5206,9697775.4123,8520904.9553,,,113.372
000002,万科A,全国地产,深圳,19910129,000002.SZ,20110407,8.94,9.28,8.91,9.15,8.94,0.21,2.35,1284532.09,1173973.7508,1.3296,1.5973,1.29,13.8136,13.8136,2.2745,1.9838,1.9838,0.765,0.765,1099521.0218,966088.9972,804179.5206,10060617.3495,8839714.3244,,,113.372
000002,万科A,全国地产,深圳,19910129,000002.SZ,20110406,8.78,8.99,8.73,8.94,8.82,0.12,1.36,1068401.8,950336.7396,1.1059,1.3286,0.95,13.4966,13.4966,2.2223,1.9383,1.9383,0.783,0.783,1099521.0218,966088.9972,804179.5206,9829717.9349,8636835.635,,,113.372
000002,万科A,全国地产,深圳,19910129,000002.SZ,20110401,8.57,8.83,8.5,8.82,8.69,0.13,1.5,734176.45,639528.2783,0.7599,0.913,0.64,13.3154,13.3154,2.1924,1.9123,1.9123,0.7937,0.7937,1099521.0218,966088.9972,804179.5206,9697775.4123,8520904.9553,,,113.372
000002,万科A,全国地产,深圳,19910129,000002.SZ,20110330,8.68,8.78,8.54,8.69,8.68,0.01,0.12,855661.0,742153.963,0.8857,1.064,0.65,13.1191,13.1191,2.1601,1.8841,1.8841,0.8055,0.8055,1099521.0218,966088.9972,804179.5206,9554837.6794,8395313.3857,,,113.372
000002,万科A,全国地产,深圳,19910129,000002.SZ,20110329,8.7,8.87,8.64,8.68,8.73,-0.05,-0.57,991463.06,866316.0139,1.0263,1.2329,0.82,13.104,13.104,2.1576,1.8819,1.8819,0.8065,0.8065,1099521.0218,966088.9972,804179.5206,9543842.4692,8385652.4957,,,113.372
000002,万科A,全国地产,深圳,19910129,000002.SZ,20110328,8.74,8.93,8.69,8.73,8.72,0.01,0.11,1332343.19,1174558.523,1.3791,1.6568,1.19,13.1795,13.1795,2.1701,1.8927,1.8927,0.8018,0.8018,1099521.0218,966088.9972,804179.5206,9598818.5203,8433956.9456,,,113.372
000002,万科A,全国地产,深圳,19910129,000002.SZ,20110325,8.53,8.8,8.5,8.72,8.49,0.23,2.71,1725055.97,1495728.7649,1.7856,2.1451,1.87,13.1644,13.1644,2.1676,1.8906,1.8906,0.8028,0.8028,1099521.0218,966088.9972,804179.5206,9587823.3101,8424296.0556,,,113.372
000002,万科A,全国地产,深圳,19910129,000002.SZ,20110324,8.51,8.59,8.47,8.49,8.5,-0.01,-0.12,863161.45,736402.4048,0.8935,1.0733,0.99,12.8172,12.8172,2.1104,1.8407,1.8407,0.8245,0.8245,1099521.0218,966088.9972,804179.5206,9334933.4751,8202095.5862,,,113.372
000002,万科A,全国地产,深圳,19910129,000002.SZ,20110323,8.29,8.59,8.25,8.5,8.3,0.2,2.41,1632575.24,1383609.7049,1.6899,2.0301,2.56,12.8323,12.8323,2.1129,1.8429,1.8429,0.8235,0.8235,1099521.0218,966088.9972,804179.5206,9345928.6853,8211756.4762,,,113.372
000002,万科A,全国地产,深圳,19910129,000002.SZ,20110322,8.31,8.36,8.18,8.3,8.3,0.0,0.0,471741.72,389882.2105,0.4883,0.5866,0.66,12.5304,12.5304,2.0632,1.7995,1.7995,0.8434,0.8434,1099521.0218,966088.9972,804179.5206,9126024.4809,8018538.6768,,,113.372
000002,万科A,全国地产,深圳,19910129,000002.SZ,20110321,8.2,8.44,8.2,8.3,8.2,0.1,1.22,892325.95,742666.9796,0.9236,1.1096,1.43,12.5304,12.5304,2.0632,1.7995,1.7995,0.8434,0.8434,1099521.0218,966088.9972,804179.5206,9126024.4809,8018538.6768,,,113.372
000002,万科A,全国地产,深圳,19910129,000002.SZ,20110318,8.24,8.35,8.15,8.2,8.18,0.02,0.24,746035.85,616292.6936,0.7722,0.9277,1.14,12.3794,12.3794,2.0383,1.7778,1.7778,0.8537,0.8537,1099521.0218,966088.9972,804179.5206,9016072.3788,7921929.777,8.54,6.98,113.372
000002,万科A,全国地产,深圳,19910129,000002.SZ,20110317,8.2,8.23,8.11,8.18,8.25,-0.07,-0.85,608689.87,496795.8476,0.6301,0.7569,0.82,12.3492,12.3492,2.0334,1.7735,1.7735,0.8557,0.8557,1099521.0218,966088.9972,804179.5206,8994081.9583,7902607.9971,,,113.372
000002,万科A,全国地产,深圳,19910129,000002.SZ,20110316,8.17,8.3,8.17,8.25,8.18,0.07,0.86,467329.52,384460.0826,0.4837,0.5811,0.56,12.4549,12.4549,2.0508,1.7887,1.7887,0.8485,0.8485,1099521.0218,966088.9972,804179.5206,9071048.4299,7970234.2269,,,113.372
000002,万科A,全国地产,深圳,19910129,000002.SZ,20110315,8.28,8.29,8.1,8.18,8.3,-0.12,-1.45,868532.68,708789.3119,0.899,1.08,0.87,12.3492,12.3492,2.0334,1.7735,1.7735,0.8557,0.8557,1099521.0218,966088.9972,804179.5206,8994081.9583,7902607.9971,,,113.372
000002,万科A,全国地产,深圳,19910129,000002.SZ,20110314,8.28,8.35,8.23,8.3,8.33,-0.03,-0.36,435386.64,360394.6073,0.4507,0.5414,0.38,12.5304,12.5304,2.0632,1.7995,1.7995,0.8434,0.8434,1099521.0218,966088.9972,804179.5206,9126024.4809,8018538.6768,,,113.372
000002,万科A,全国地产,深圳,19910129,000002.SZ,20110311,8.47,8.48,8.28,8.33,8.5,-0.17,-2.0,902689.0,754671.1388,0.9344,1.1225,0.78,12.5757,12.5757,2.0706,1.806,1.806,0.8403,0.8403,1099521.0218,966088.9972,804179.5206,9159010.1116,8047521.3467,,,113.372
000002,万科A,全国地产,深圳,19910129,000002.SZ,20110310,8.52,8.6,8.41,8.5,8.53,-0.03,-0.35,1046363.9,888697.5869,1.0831,1.3012,0.93,12.8323,12.8323,2.1129,1.8429,1.8429,0.8235,0.8235,1099521.0218,966088.9972,804179.5206,9345928.6853,8211756.4762,,,113.372
000002,万科A,全国地产,深圳,19910129,000002.SZ,20110309,8.55,8.62,8.48,8.53,8.53,0.0,0.0,912596.16,780576.9187,0.9446,1.1348,0.85,12.8776,12.8776,2.1204,1.8494,1.8494,0.8206,0.8206,1099521.0218,966088.9972,804179.5206,9378914.316,8240739.1461,,,113.372
000002,万科A,全国地产,深圳,19910129,000002.SZ,20110308,8.45,8.63,8.44,8.53,8.38,0.15,1.79,1703733.99,1455547.9363,1.7635,2.1186,1.63,12.8776,12.8776,2.1204,1.8494,1.8494,0.8206,0.8206,1099521.0218,966088.9972,804179.5206,9378914.316,8240739.1461,,,113.372
000002,万科A,全国地产,深圳,19910129,000002.SZ,20110307,8.39,8.46,8.33,8.38,8.34,0.04,0.48,1127308.72,946094.9929,1.1675,1.4027,1.16,17.2879,16.3248,2.2889,1.885,2.2087,0.8353,0.8353,1099521.0218,965607.991,803698.5144,9213986.1627,8091794.9646,,,113.372
000002,万科A,全国地产,深圳,19910129,000002.SZ,20110304,8.24,8.35,8.21,8.34,8.19,0.15,1.83,994951.71,824340.125,1.0304,1.238,1.11,17.2054,16.2469,2.278,1.876,2.1981,0.8393,0.8393,1099521.0218,965607.991,803698.5144,9170005.3218,8053170.6449,,,113.372
000002,万科A,全国地产,深圳,19910129,000002.SZ,20110303,8.2,8.31,8.17,8.19,8.2,-0.01,-0.12,899327.0,740591.1871,0.9314,1.119,1.07,16.8959,15.9547,2.237,1.8422,2.1586,0.8547,0.8547,1099521.0218,965607.991,803698.5144,9005077.1685,7908329.4463,,,113.372
000002,万科A,全国地产,深圳,19910129,000002.SZ,20110302,8.24,8.26,8.13,8.2,8.3,-0.1,-1.2,672625.73,551036.5157,0.6966,0.8369,0.82,16.9165,15.9742,2.2397,1.8445,2.1612,0.8537,0.8537,1099521.0218,965607.991,803698.5144,9016072.3788,7917985.5262,,,113.372
000002,万科A,全国地产,深圳,19910129,000002.SZ,20110301,8.16,8.42,8.16,8.3,8.16,0.14,1.72,1532654.26,1271700.6109,1.5872,1.907,1.85,17.1228,16.169,2.267,1.867,2.1876,0.8434,0.8434,1099521.0218,965607.991,803698.5144,9126024.4809,8014546.3253,,,113.372
000002,万科A,全国地产,深圳,19910129,000002.SZ,20110228,8.13,8.16,8.05,8.16,8.13,0.03,0.37,772669.45,626607.7198,0.8002,0.9614,0.9,16.834,15.8963,2.2288,1.8355,2.1507,0.8578,0.8578,1099521.0218,965607.991,803698.5144,8972091.5379,7879361.2066,,,113.372
000002,万科A,全国地产,深圳,19910129,000002.SZ,20110225,8.18,8.18,8.07,8.13,8.17,-0.04,-0.49,612975.07,497898.408,0.6348,0.7627,0.7,16.7721,15.8378,2.2206,1.8287,2.1428,0.861,0.861,1099521.0218,965607.991,803698.5144,8939105.9072,7850392.9668,,,113.372
000002,万科A,全国地产,深圳,19910129,000002.SZ,20110224,8.15,8.2,8.1,8.17,8.15,0.02,0.25,620561.2,505394.2252,0.6427,0.7721,0.62,16.8547,15.9157,2.2315,1.8377,2.1533,0.8568,0.8568,1099521.0218,965607.991,803698.5144,8983086.7481,7889017.2865,,,113.372
000002,万科A,全国地产,深圳,19910129,000002.SZ,20110223,8.12,8.19,8.1,8.15,8.12,0.03,0.37,557247.84,453803.22,0.5771,0.6934,0.49,16.8134,15.8768,2.2261,1.8332,2.148,0.8589,0.8589,1099521.0218,965607.991,803698.5144,8961096.3277,7869705.1267,,,113.372
000002,万科A,全国地产,深圳,19910129,000002.SZ,20110222,8.37,8.37,8.1,8.12,8.4,-0.28,-3.33,1585533.24,1295136.7635,1.642,1.9728,1.51,16.7515,15.8183,2.2179,1.8265,2.1401,0.8621,0.8621,1099521.0218,965607.991,803698.5144,8928110.697,7840736.8869,,,113.372
000002,万科A,全国地产,深圳,19910129,000002.SZ,20110221,8.28,8.41,8.2,8.4,8.35,0.05,0.6,919172.35,762837.3461,0.9519,1.1437,0.75,17.3291,16.3638,2.2944,1.8895,2.2139,0.8333,0.8333,1099521.0218,965607.991,803698.5144,9235976.5831,8111107.1244,,,113.372
000002,万科A,全国地产,深圳,19910129,000002.SZ,20110218,8.35,8.44,8.29,8.35,8.37,-0.02,-0.24,702368.73,587813.6149,0.7274,0.8739,0.52,17.226,16.2664,2.2807,1.8782,2.2007,0.8383,0.8383,1099521.0218,965607.991,803698.5144,9181000.532,8062826.7249,,,113.372
000002,万科A,全国地产,深圳,19910129,000002.SZ,20110217,8.51,8.56,8.28,8.37,8.53,-0.16,-1.88,1246642.91,1042343.2349,1.291,1.5511,0.94,17.2672,16.3054,2.2862,1.8827,2.206,0.8363,0.8363,1099521.0218,965607.991,803698.5144,9202990.9525,8082138.8847,,,113.372
000002,万科A,全国地产,深圳,19910129,000002.SZ,20110216,8.55,8.56,8.34,8.53,8.58,-0.05,-0.58,1271436.66,1071707.7991,1.3167,1.582,1.01,17.5973,16.6171,2.3299,1.9187,2.2482,0.8206,0.8206,1099521.0218,965607.991,803698.5144,9378914.316,8236636.1632,,,113.372
000002,万科A,全国地产,深圳,19910129,000002.SZ,20110215,8.6,8.7,8.56,8.58,8.6,-0.02,-0.23,1103390.94,950830.0006,1.1427,1.3729,0.89,17.7005,16.7145,2.3435,1.93,2.2614,0.8159,0.8159,1099521.0218,965607.991,803698.5144,9433890.367,8284916.5628,,,113.372
000002,万科A,全国地产,深圳,19910129,000002.SZ,20110214,8.25,8.64,8.22,8.6,8.26,0.34,4.12,1836827.85,1563852.7065,1.9023,2.2855,1.78,17.7417,16.7534,2.349,1.9345,2.2666,0.814,0.814,1099521.0218,965607.991,803698.5144,9455880.7875,8304228.7226,8.66,7.08,113.372
000002,万科A,全国地产,深圳,19910129,000002.SZ,20110211,8.15,8.35,8.06,8.26,8.18,0.08,0.98,1360523.83,1117279.2864,1.409,1.6928,1.32,17.0403,16.0911,2.2561,1.858,2.177,0.8475,0.8475,1099521.0218,965607.991,803698.5144,9082043.6401,7975922.0057,,,113.372
000002,万科A,全国地产,深圳,19910129,000002.SZ,20110210,8.04,8.2,8.02,8.18,8.02,0.16,2.0,1047149.05,848977.8511,1.0844,1.3029,0.89,16.8753,15.9352,2.2343,1.84,2.1559,0.8557,0.8557,1099521.0218,965607.991,803698.5144,8994081.9583,7898673.3664,,,113.372
000002,万科A,全国地产,深圳,19910129,000002.SZ,20110209,8.08,8.13,7.98,8.02,8.18,-0.16,-1.96,948232.27,762280.3742,0.982,1.1798,0.89,16.5452,15.6235,2.1906,1.804,2.1138,0.8728,0.8728,1099521.0218,965607.991,803698.5144,8818158.5948,7744176.0878,,,113.372
000002,万科A,全国地产,深圳,19910129,000002.SZ,20110201,8.23,8.26,8.13,8.18,8.2,-0.02,-0.24,990253.27,809002.7058,1.0255,1.2321,1.03,16.8753,15.9352,2.2343,1.84,2.1559,0.8557,0.8557,1099521.0218,965607.991,803698.5144,8994081.9583,7898673.3664,,,113.372
000002,万科A,全国地产,深圳,19910129,000002.SZ,20110131,8.25,8.26,8.12,8.2,8.26,-0.06,-0.73,814308.51,665505.9219,0.8433,1.0132,0.86,16.9165,15.9742,2.2397,1.8445,2.1612,0.8537,0.8537,1099521.0218,965607.991,803698.5144,9016072.3788,7917985.5262,,,113.372
000002,万科A,全国地产,深圳,19910129,000002.SZ,20110128,8.31,8.52,8.12,8.26,8.3,-0.04,-0.48,1362360.29,1131363.4738,1.4109,1.6951,1.59,17.0403,16.0911,2.2561,1.858,2.177,0.8475,0.8475,1099521.0218,965607.991,803698.5144,9082043.6401,7975922.0057,,,113.372
000002,万科A,全国地产,深圳,19910129,000002.SZ,20110127,8.15,8.33,7.95,8.3,8.51,-0.21,-2.47,1761521.86,1436475.7456,1.8243,2.1918,2.64,17.1228,16.169,2.267,1.867,2.1876,0.8434,0.8434,1099521.0218,965607.991,803698.5144,9126024.4809,8014546.3253,8.89,7.27,113.372
000002,万科A,全国地产,深圳,19910129,000002.SZ,20110126,8.48,8.62,8.42,8.51,8.49,0.02,0.24,382124.17,324659.9395,0.3957,0.4755,0.49,17.5561,16.5781,2.3244,1.9142,2.2429,0.8226,0.8226,1099521.0218,965607.991,803698.5144,9356923.8955,8217324.0034,8.91,7.29,113.372
000002,万科A,全国地产,深圳,19910129,000002.SZ,20110125,8.4,8.65,8.35,8.49,8.45,0.04,0.47,491671.41,418022.5138,0.5092,0.6118,0.61,17.5148,16.5391,2.3189,1.9097,2.2376,0.8245,0.8245,1099521.0218,965607.991,803698.5144,9334933.4751,8198011.8436,,,113.372
000002,万科A,全国地产,深圳,19910129,000002.SZ,20110124,8.39,8.64,8.15,8.45,8.38,0.07,0.84,742924.86,622616.308,0.7694,0.9244,0.82,17.4323,16.4612,2.308,1.9007,2.2271,0.8284,0.8284,1099521.0218,965607.991,803698.5144,9290952.6342,8159387.524,8.8,7.2,113.372
000002,万科A,全国地产,深圳,19910129,000002.SZ,20110121,8.16,8.68,8.13,8.38,8.14,0.24,2.95,895391.07,750749.0944,0.9273,1.1141,0.99,17.2879,16.3248,2.2889,1.885,2.2087,0.8353,0.8353,1099521.0218,965607.991,803698.5144,9213986.1627,8091794.9646,,,113.372
000002,万科A,全国地产,深圳,19910129,000002.SZ,20110120,8.5,8.5,8.13,8.14,8.54,-0.4,-4.68,829653.64,686728.102,0.8592,1.0323,0.97,16.7928,15.8573,2.2233,1.831,2.1454,0.86,0.86,1099521.0218,965607.991,803698.5144,8950101.1175,7860049.0467,,,113.372
000002,万科A,全国地产,深圳,19910129,000002.SZ,20110119,8.36,8.57,8.23,8.54,8.35,0.19,2.28,946783.6,793973.3817,0.9805,1.178,1.01,17.618,16.6365,2.3326,1.921,2.2508,0.8197,0.8197,1099521.0218,965607.991,803698.5144,9389909.5262,8246292.2431,,,113.372
000002,万科A,全国地产,深圳,19910129,000002.SZ,20110118,8.42,8.55,8.28,8.35,8.42,-0.07,-0.83,644874.4,542945.3047,0.6678,0.8024,0.6,17.226,16.2664,2.2807,1.8782,2.2007,0.8383,0.8383,1099521.0218,965607.991,803698.5144,9181000.532,8062826.7249,,,113.372
000002,万科A,全国地产,深圳,19910129,000002.SZ,20110117,8.93,9.02,8.33,8.42,9.05,-0.63,-6.96,1198266.63,1032312.4432,1.2409,1.4909,1.1,17.3704,16.4028,2.2998,1.894,2.2192,0.8314,0.8314,1099521.0218,965607.991,803698.5144,9257967.0036,8130419.2842,,,113.372
000002,万科A,全国地产,深圳,19910129,000002.SZ,20110114,8.92,9.12,8.85,9.05,8.94,0.11,1.23,885321.57,794536.9912,0.9169,1.1016,0.73,18.6701,17.6301,2.4719,2.0357,2.3852,0.7735,0.7735,1099521.0218,965607.991,803698.5144,9950665.2473,8738752.3186,,,113.372
000002,万科A,全国地产,深圳,19910129,000002.SZ,20110113,9.11,9.14,8.9,8.94,9.07,-0.13,-1.43,587958.94,529515.5046,0.6089,0.7316,0.47,18.4432,17.4158,2.4418,2.0109,2.3563,0.783,0.783,1099521.0218,965607.991,803698.5144,9829717.9349,8632535.4395,,,113.372
000002,万科A,全国地产,深圳,19910129,000002.SZ,20110112,9.05,9.34,8.9,9.07,9.03,0.04,0.44,1355219.72,1235577.3904,1.4035,1.6862,1.1,18.7113,17.669,2.4774,2.0402,2.3905,0.7718,0.7718,1099521.0218,965607.991,803698.5144,9972655.6677,8758064.4784,,,113.372
000002,万科A,全国地产,深圳,19910129,000002.SZ,20110111,8.68,9.16,8.64,9.03,8.74,0.29,3.32,1347312.38,1207748.2627,1.3953,1.6764,1.01,18.6288,17.5911,2.4664,2.0312,2.38,0.7752,0.7752,1099521.0218,965607.991,803698.5144,9928674.8269,8719440.1587,,,113.372
000002,万科A,全国地产,深圳,19910129,000002.SZ,20110110,9.0,9.2,8.68,8.74,8.89,-0.15,-1.69,1290466.84,1157447.405,1.3364,1.6057,1.07,18.0306,17.0262,2.3872,1.966,2.3035,0.8009,0.8009,1099521.0218,965607.991,803698.5144,9609813.7305,8439413.8413,,,113.372
000002,万科A,全国地产,深圳,19910129,000002.SZ,20110107,8.84,9.2,8.78,8.89,8.84,0.05,0.57,1447215.63,1307916.2114,1.4988,1.8007,1.31,18.34,17.3184,2.4282,1.9997,2.3431,0.7874,0.7874,1099521.0218,965607.991,803698.5144,9774741.8838,8584255.04,,,113.372
000002,万科A,全国地产,深圳,19910129,000002.SZ,20110106,8.88,8.98,8.69,8.84,8.83,0.01,0.11,791284.46,700203.4012,0.8195,0.9846,0.71,18.2369,17.221,2.4145,1.9885,2.3299,0.7919,0.7919,1099521.0218,965607.991,803698.5144,9719765.8327,8535974.6404,,,113.372
000002,万科A,全国地产,深圳,19910129,000002.SZ,20110105,8.77,8.98,8.63,8.83,8.8,0.03,0.34,1256162.8,1112759.0515,1.3009,1.563,1.22,18.2162,17.2015,2.4118,1.9862,2.3273,0.7928,0.7928,1099521.0218,965607.991,803698.5144,9708770.6225,8526318.5605,,,113.372
000002,万科A,全国地产,深圳,19910129,000002.SZ,20110104,8.27,8.98,8.23,8.8,8.22,0.58,7.06,1888161.23,1645667.096,1.9554,2.3493,2.0,18.1543,17.143,2.4036,1.9795,2.3194,0.7955,0.7955,1099521.0218,965607.991,803698.5144,9675784.9918,8497350.3208,9.04,7.4,113.372
000002,万科A,全国地产,深圳,19910129,000002.SZ,20101231,8.14,8.24,8.08,8.22,8.15,0.07,0.86,641895.46,524313.2908,0.6648,0.7987,0.61,16.9578,16.0132,2.2452,1.849,2.1665,0.6083,0.8516,1099521.0218,965607.991,803698.5144,9038062.7992,7937297.686,,,113.372
000002,万科A,全国地产,深圳,19910129,000002.SZ,20101230,8.27,8.3,8.04,8.15,8.3,-0.15,-1.81,949951.95,773400.4266,0.9838,1.182,0.91,16.8134,15.8768,2.2261,1.8332,2.148,0.6135,0.8589,1099521.0218,965607.991,803698.5144,8961096.3277,7869705.1267,,,113.372
000002,万科A,全国地产,深圳,19910129,000002.SZ,20101229,8.37,8.41,8.17,8.3,8.33,-0.03,-0.36,812517.32,672563.5886,0.8415,1.011,0.63,17.1228,16.169,2.267,1.867,2.1876,0.6024,0.8434,1099521.0218,965607.991,803698.5144,9126024.4809,8014546.3253,,,113.372
000002,万科A,全国地产,深圳,19910129,000002.SZ,20101228,8.72,8.86,8.3,8.33,8.75,-0.42,-4.8,875050.47,752995.5033,0.9062,1.0888,0.51,17.1847,16.2274,2.2752,1.8737,2.1955,0.6002,0.8403,1099521.0218,965607.991,803698.5144,9159010.1116,8043514.565,,,113.372
000002,万科A,全国地产,深圳,19910129,000002.SZ,20101227,9.02,9.16,8.68,8.75,9.01,-0.26,-2.89,1431752.87,1286870.3488,1.4827,1.7815,0.91,18.0512,17.0456,2.39,1.9682,2.3062,0.5714,0.8,1099521.0218,965607.991,803698.5144,9620808.9408,8449069.9213,,,113.372
000002,万科A,全国地产,深圳,19910129,000002.SZ,20101224,8.84,9.2,8.8,9.01,8.84,0.17,1.92,1179595.78,1071510.8858,1.2216,1.4677,0.83,18.5876,17.5521,2.461,2.0267,2.3747,0.5549,0.7769,1099521.0218,965607.991,803698.5144,9906684.4064,8700127.9989,,,113.372
000002,万科A,全国地产,深圳,19910129,000002.SZ,20101223,8.95,9.06,8.8,8.84,9.0,-0.16,-1.78,896062.12,798955.4094,0.928,1.1149,0.62,18.2369,17.221,2.4145,1.9885,2.3299,0.5656,0.7919,1099521.0218,965607.991,803698.5144,9719765.8327,8535974.6404,,,113.372
000002,万科A,全国地产,深圳,19910129,000002.SZ,20101222,9.13,9.44,8.8,9.0,9.13,-0.13,-1.42,2109106.43,1933971.1762,2.1842,2.6243,1.86,18.5669,17.5326,2.4582,2.0244,2.3721,0.5556,0.7778,1099521.0218,965607.991,803698.5144,9895689.1962,8690471.919,,,113.372
000002,万科A,全国地产,深圳,19910129,000002.SZ,20101221,8.3,9.13,8.3,9.13,8.3,0.83,10.0,2970879.38,2625535.13,3.0767,3.6965,4.64,18.8351,17.7859,2.4937,2.0537,2.4063,0.5476,0.7667,1099521.0218,965607.991,803698.5144,10038626.929,8816000.9578,9.14,7.48,113.372
000002,万科A,全国地产,深圳,19910129,000002.SZ,20101220,8.45,8.54,8.21,8.3,8.4,-0.1,-1.19,681827.88,571023.463,0.7061,0.8484,1.02,17.1228,16.169,2.267,1.867,2.1876,0.6024,0.8434,1099521.0218,965607.991,803698.5144,9126024.4809,8014546.3253,,,113.372
000002,万科A,全国地产,深圳,19910129,000002.SZ,20101217,8.45,8.47,8.31,8.4,8.43,-0.03,-0.36,437918.61,367894.1327,0.4535,0.5449,0.59,17.3291,16.3638,2.2944,1.8895,2.2139,0.5952,0.8333,1099521.0218,965607.991,803698.5144,9235976.5831,8111107.1244,,,113.372
000002,万科A,全国地产,深圳,19910129,000002.SZ,20101216,8.32,8.6,8.28,8.43,8.35,0.08,0.96,1028889.95,872608.7147,1.0655,1.2802,1.5,17.391,16.4222,2.3025,1.8962,2.2218,0.5931,0.8304,1099521.0218,965607.991,803698.5144,9268962.2138,8140075.3641,,,113.372
000002,万科A,全国地产,深圳,19910129,000002.SZ,20101215,8.41,8.43,8.21,8.35,8.41,-0.06,-0.71,556272.18,463065.3476,0.5761,0.6921,0.78,17.226,16.2664,2.2807,1.8782,2.2007,0.5988,0.8383,1099521.0218,965607.991,803698.5144,9181000.532,8062826.7249,,,113.372
000002,万科A,全国地产,深圳,19910129,000002.SZ,20101214,8.4,8.46,8.34,8.41,8.4,0.01,0.12,494473.03,415067.3324,0.5121,0.6152,0.63,17.3498,16.3833,2.2971,1.8917,2.2166,0.5945,0.8323,1099521.0218,965607.991,803698.5144,9246971.7933,8120763.2043,,,113.372
000002,万科A,全国地产,深圳,19910129,000002.SZ,20101213,8.2,8.5,8.13,8.4,8.1,0.3,3.7,834373.39,690600.5546,0.8641,1.0382,1.02,17.3291,16.3638,2.2944,1.8895,2.2139,0.5952,0.8333,1099521.0218,965607.991,803698.5144,9235976.5831,8111107.1244,8.95,7.33,113.372
000002,万科A,全国地产,深圳,19910129,000002.SZ,20101210,8.17,8.26,8.08,8.1,8.17,-0.07,-0.86,820115.54,669900.2724,0.8493,1.0204,0.92,16.7102,15.7794,2.2124,1.822,2.1349,0.6173,0.8642,1099521.0218,965607.991,803698.5144,8906120.2766,7821424.7271,9.02,7.38,113.372
000002,万科A,全国地产,深圳,19910129,000002.SZ,20101209,8.42,8.43,8.16,8.17,8.49,-0.32,-3.77,714640.74,589993.4512,0.7401,0.8892,0.82,16.8547,15.9157,2.2315,1.8377,2.1533,0.612,0.8568,1099521.0218,965607.991,803698.5144,8983086.7481,7889017.2865,8.95,7.33,113.372
000002,万科A,全国地产,深圳,19910129,000002.SZ,20101208,8.65,8.69,8.4,8.49,8.66,-0.17,-1.96,698063.95,595890.2675,0.7229,0.8686,0.86,17.5148,16.5391,2.3189,1.9097,2.2376,0.5889,0.8245,1099521.0218,965607.991,803698.5144,9334933.4751,8198011.8436,,,113.372
000002,万科A,全国地产,深圳,19910129,000002.SZ,20101207,8.45,8.68,8.36,8.66,8.49,0.17,2.0,870908.48,747602.7577,0.9019,1.0836,1.08,17.8655,16.8703,2.3654,1.948,2.2825,0.5774,0.8083,1099521.0218,965607.991,803698.5144,9521852.0488,8362165.2021,,,113.372
000002,万科A,全国地产,深圳,19910129,000002.SZ,20101206,8.51,8.69,8.45,8.49,8.49,0.0,0.0,982345.24,844309.4192,1.0173,1.2223,1.41,17.5148,16.5391,2.3189,1.9097,2.2376,0.5889,0.8245,1099521.0218,965607.991,803698.5144,9334933.4751,8198011.8436,9.32,7.62,113.372
000002,万科A,全国地产,深圳,19910129,000002.SZ,20101203,8.34,8.59,8.29,8.49,8.27,0.22,2.66,1188650.99,1008596.4525,1.231,1.479,2.01,17.5148,16.5391,2.3189,1.9097,2.2376,0.5889,0.8245,1099521.0218,965607.991,803698.5144,9334933.4751,8198011.8436,,,113.372
000002,万科A,全国地产,深圳,19910129,000002.SZ,20101202,8.32,8.41,8.26,8.27,8.22,0.05,0.61,623836.03,520202.4762,0.6461,0.7762,0.86,17.0609,16.1106,2.2588,1.8602,2.1797,0.6046,0.8464,1099521.0218,965607.991,803698.5144,9093038.8503,7985578.0856,,,113.372
000002,万科A,全国地产,深圳,19910129,000002.SZ,20101201,8.13,8.23,8.05,8.22,8.13,0.09,1.11,414534.67,338381.2555,0.4293,0.5158,0.52,16.9578,16.0132,2.2452,1.849,2.1665,0.6083,0.8516,1099521.0218,965607.991,803698.5144,9038062.7992,7937297.686,,,113.372
000002,万科A,全国地产,深圳,19910129,000002.SZ,20101130,8.18,8.3,7.95,8.13,8.17,-0.04,-0.49,831758.71,675567.932,0.8614,1.0349,1.0,16.7721,15.8378,2.2206,1.8287,2.1428,0.615,0.861,1099521.0218,965607.991,803698.5144,8939105.9072,7850392.9668,,,113.372
000002,万科A,全国地产,深圳,19910129,000002.SZ,20101129,8.21,8.22,8.06,8.17,8.23,-0.06,-0.73,414339.06,337236.6706,0.4291,0.5155,0.42,16.8547,15.9157,2.2315,1.8377,2.1533,0.612,0.8568,1099521.0218,965607.991,803698.5144,8983086.7481,7889017.2865,,,113.372
000002,万科A,全国地产,深圳,19910129,000002.SZ,20101126,8.36,8.37,8.15,8.23,8.4,-0.17,-2.02,670805.49,553999.5436,0.6947,0.8346,0.64,16.9784,16.0326,2.2479,1.8512,2.1691,0.6075,0.8505,1099521.0218,965607.991,803698.5144,9049058.0094,7946953.7659,,,113.372
000002,万科A,全国地产,深圳,19910129,000002.SZ,20101125,8.1,8.48,8.01,8.4,8.08,0.32,3.96,1284426.62,1066057.5842,1.3302,1.5981,1.38,17.3291,16.3638,2.2944,1.8895,2.2139,0.5952,0.8333,1099521.0218,965607.991,803698.5144,9235976.5831,8111107.1244,,,113.372
000002,万科A,全国地产,深圳,19910129,000002.SZ,20101124,7.98,8.12,7.92,8.08,7.92,0.16,2.02,770145.45,619916.5076,0.7976,0.9583,0.81,16.669,15.7404,2.207,1.8175,2.1296,0.6188,0.8663,1099521.0218,965607.991,803698.5144,8884129.8561,7802112.5673,,,113.372
000002,万科A,全国地产,深圳,19910129,000002.SZ,20101123,8.01,8.08,7.89,7.92,8.09,-0.17,-2.1,1016188.05,810521.6712,1.0524,1.2644,1.01,16.3389,15.4287,2.1632,1.7815,2.0874,0.6313,0.8838,1099521.0218,965607.991,803698.5144,8708206.4927,7647615.2887,,,113.372
000002,万科A,全国地产,深圳,19910129,000002.SZ,20101122,8.17,8.22,7.95,8.09,8.24,-0.15,-1.82,1214505.5,982136.8166,1.2578,1.5111,1.22,16.6896,15.7599,2.2097,1.8198,2.1322,0.618,0.8653,1099521.0218,965607.991,803698.5144,8895125.0664,7811768.6472,,,113.372
000002,万科A,全国地产,深圳,19910129,000002.SZ,20101119,8.3,8.33,8.0,8.24,8.27,-0.03,-0.36,948646.89,774931.9914,0.9824,1.1804,0.77,16.9991,16.0521,2.2507,1.8535,2.1718,0.6068,0.8495,1099521.0218,965607.991,803698.5144,9060053.2196,7956609.8458,,,113.372
000002,万科A,全国地产,深圳,19910129,000002.SZ,20101118,8.25,8.31,8.16,8.27,8.18,0.09,1.1,689143.46,568246.8547,0.7137,0.8575,0.46,17.0609,16.1106,2.2588,1.8602,2.1797,0.6046,0.8464,1099521.0218,965607.991,803698.5144,9093038.8503,7985578.0856,,,113.372
000002,万科A,全国地产,深圳,19910129,000002.SZ,20101117,8.1,8.27,8.05,8.18,8.16,0.02,0.25,894203.58,732463.3839,0.9261,1.1126,0.52,16.8753,15.9352,2.2343,1.84,2.1559,0.6112,0.8557,1099521.0218,965607.991,803698.5144,8994081.9583,7898673.3664,,,113.372
000002,万科A,全国地产,深圳,19910129,000002.SZ,20101116,8.53,8.54,8.09,8.16,8.53,-0.37,-4.34,1294355.21,1070405.6049,1.3405,1.6105,0.71,16.834,15.8963,2.2288,1.8355,2.1507,0.6127,0.8578,1099521.0218,965607.991,803698.5144,8972091.5379,7879361.2066,,,113.372
000002,万科A,全国地产,深圳,19910129,000002.SZ,20101115,8.6,8.64,8.4,8.53,8.53,0.0,0.0,1158980.23,986392.7703,1.2003,1.4421,0.6,17.5973,16.6171,2.3299,1.9187,2.2482,0.5862,0.8206,1099521.0218,965607.991,803698.5144,9378914.316,8236636.1632,,,113.372
000002,万科A,全国地产,深圳,19910129,000002.SZ,20101112,9.15,9.15,8.49,8.53,9.18,-0.65,-7.08,2114252.21,1870382.93,2.1896,2.6307,1.2,17.5973,16.6171,2.3299,1.9187,2.2482,0.5862,0.8206,1099521.0218,965607.991,803698.5144,9378914.316,8236636.1632,,,113.372
000002,万科A,全国地产,深圳,19910129,000002.SZ,20101111,9.19,9.28,9.0,9.18,9.15,0.03,0.33,1983309.74,1813464.9769,2.0539,2.4677,1.26,18.9383,17.8833,2.5074,2.0649,2.4195,0.5447,0.7625,1099521.0218,965607.991,803698.5144,10093602.9801,8864281.3574,,,113.372
000002,万科A,全国地产,深圳,19910129,000002.SZ,20101110,9.3,9.39,9.05,9.15,9.5,-0.35,-3.68,2018898.12,1846528.0118,2.0908,2.512,1.38,18.8764,17.8249,2.4992,2.0582,2.4116,0.5464,0.765,1099521.0218,965607.991,803698.5144,10060617.3495,8835313.1177,,,113.372
000002,万科A,全国地产,深圳,19910129,000002.SZ,20101109,9.85,9.94,9.45,9.5,9.9,-0.4,-4.04,1885073.57,1808162.6229,1.9522,2.3455,1.35,19.5984,18.5067,2.5948,2.1369,2.5038,0.5263,0.7368,1099521.0218,965607.991,803698.5144,10445449.7071,9173275.9145,,,113.372
000002,万科A,全国地产,深圳,19910129,000002.SZ,20101108,9.78,10.09,9.78,9.9,9.74,0.16,1.64,1628307.09,1620281.7917,1.6863,2.026,1.25,20.4236,19.2859,2.7041,2.2269,2.6093,0.5051,0.7071,1099521.0218,965607.991,803698.5144,10885258.1158,9559519.1109,,,113.372
000002,万科A,全国地产,深圳,19910129,000002.SZ,20101105,9.92,10.0,9.67,9.74,9.75,-0.01,-0.1,1302336.37,1273099.0514,1.3487,1.6204,1.02,20.0935,18.9742,2.6604,2.1909,2.5671,0.5133,0.7187,1099521.0218,965607.991,803698.5144,10709334.7523,9405021.8323,,,113.372
000002,万科A,全国地产,深圳,19910129,000002.SZ,20101104,9.8,9.93,9.68,9.75,9.84,-0.09,-0.91,1048701.1,1027565.2097,1.0861,1.3048,0.72,20.1142,18.9937,2.6631,2.1931,2.5697,0.5128,0.7179,1099521.0218,965607.991,803698.5144,10720329.9626,9414677.9123,,,113.372
000002,万科A,全国地产,深圳,19910129,000002.SZ,20101103,9.6,9.9,9.48,9.84,9.65,0.19,1.97,1460256.18,1428016.5161,1.5123,1.8169,0.9,20.2998,19.169,2.6877,2.2134,2.5935,0.5081,0.7114,1099521.0218,965607.991,803698.5144,10819286.8545,9501582.6314,,,113.372
000002,万科A,全国地产,深圳,19910129,000002.SZ,20101102,9.65,9.86,9.41,9.65,9.64,0.01,0.1,1520477.3,1471566.3673,1.5746,1.8919,0.93,19.9079,18.7989,2.6358,2.1707,2.5434,0.5181,0.7254,1099521.0218,965607.991,803698.5144,10610377.8604,9318117.1132,,,113.372
000002,万科A,全国地产,深圳,19910129,000002.SZ,20101101,9.66,9.9,9.52,9.64,9.7,-0.06,-0.62,1164049.79,1128487.9114,1.2055,1.4484,0.69,19.8872,18.7794,2.633,2.1684,2.5407,0.5187,0.7261,1099521.0218,965607.991,803698.5144,10599382.6502,9308461.0332,,,113.372
000002,万科A,全国地产,深圳,19910129,000002.SZ,20101029,9.8,9.95,9.46,9.7,9.86,-0.16,-1.62,1165042.09,1128415.2558,1.2065,1.4496,0.71,20.011,18.8963,2.6494,2.1819,2.5566,0.5155,0.7216,1099521.0218,965607.991,803698.5144,10665353.9115,9366397.5127,,,113.372
000002,万科A,全国地产,深圳,19910129,000002.SZ,20101028,9.64,10.03,9.62,9.86,9.63,0.23,2.39,1958198.99,1938805.7167,2.0279,2.4365,1.24,20.3411,19.208,2.6931,2.2179,2.5987,0.5071,0.7099,1099521.0218,965607.991,803698.5144,10841277.2749,9520894.7913,,,113.372
000002,万科A,全国地产,深圳,19910129,000002.SZ,20101027,9.41,10.04,9.41,9.63,9.39,0.24,2.56,2271067.0,2228254.7905,2.352,2.8258,1.34,19.8666,18.7599,2.6303,2.1662,2.5381,0.5192,0.7269,1099521.0218,965607.991,803698.5144,10588387.4399,9298804.9533,,,113.372
000002,万科A,全国地产,深圳,19910129,000002.SZ,20101026,9.2,9.72,9.2,9.39,9.2,0.19,2.07,1655085.41,1568081.3295,1.714,2.0593,1.04,19.3715,18.2924,2.5648,2.1122,2.4749,0.5325,0.7455,1099521.0218,965607.991,803698.5144,10324502.3947,9067059.0355,,,113.372
000002,万科A,全国地产,深圳,19910129,000002.SZ,20101025,8.98,9.22,8.84,9.2,8.89,0.31,3.49,1376826.67,1250140.1819,1.4259,1.7131,0.76,18.9795,17.9223,2.5129,2.0694,2.4248,0.5435,0.7609,1099521.0218,965607.991,803698.5144,10115593.4006,8883593.5172,,,113.372
000002,万科A,全国地产,深圳,19910129,000002.SZ,20101022,8.93,9.02,8.8,8.89,8.89,0.0,0.0,993676.85,886791.7132,1.0291,1.2364,0.51,18.34,17.3995,2.4576,1.9997,2.2297,0.5624,0.7874,1099521.0218,965607.991,803698.5144,9774741.8838,8584255.04,,,113.372
000002,万科A,全国地产,深圳,19910129,000002.SZ,20101021,8.8,9.04,8.69,8.89,8.92,-0.03,-0.34,1617137.58,1438347.5558,1.6747,2.0121,0.81,18.34,17.3995,2.4576,1.9997,2.2297,0.5624,0.7874,1099521.0218,965607.991,803698.5144,9774741.8838,8584255.04,,,113.372
000002,万科A,全国地产,深圳,19910129,000002.SZ,20101020,8.97,9.2,8.6,8.92,9.5,-0.58,-6.11,2832303.86,2532793.6512,2.9332,3.5241,1.45,18.4019,17.4582,2.4659,2.0064,2.2372,0.5605,0.7848,1099521.0218,965607.991,803698.5144,9807727.5145,8613223.2797,,,113.372
000002,万科A,全国地产,深圳,19910129,000002.SZ,20101019,9.6,9.64,9.15,9.5,9.63,-0.13,-1.35,1163037.32,1093255.7705,1.2045,1.4471,0.59,19.5984,18.5933,2.6263,2.1369,2.3827,0.5263,0.7368,1099521.0218,965607.991,803698.5144,10445449.7071,9173275.9145,,,113.372
000002,万科A,全国地产,深圳,19910129,000002.SZ,20101018,9.5,9.98,9.5,9.63,9.55,0.08,0.84,2508970.59,2448867.0963,2.5983,3.1218,1.38,19.8666,18.8478,2.6622,2.1662,2.4153,0.5192,0.7269,1099521.0218,965607.991,803698.5144,10588387.4399,9298804.9533,,,113.372
000002,万科A,全国地产,深圳,19910129,000002.SZ,20101015,9.36,9.6,9.3,9.55,9.4,0.15,1.6,1656980.2,1566788.3796,1.716,2.0617,0.91,19.7016,18.6912,2.6401,2.1482,2.3952,0.5236,0.733,1099521.0218,965607.991,803698.5144,10500425.7582,9221556.3141,,,113.372
000002,万科A,全国地产,深圳,19910129,000002.SZ,20101014,9.44,9.68,9.3,9.4,9.4,0.0,0.0,1869188.74,1772150.4564,1.9358,2.3257,1.02,19.3921,18.3976,2.5986,2.1144,2.3576,0.5319,0.7447,1099521.0218,965607.991,803698.5144,10335497.6049,9076715.1154,,,113.372
000002,万科A,全国地产,深圳,19910129,000002.SZ,20101013,8.82,9.65,8.82,9.4,8.8,0.6,6.82,2543092.09,2382541.1029,2.6337,3.1642,1.79,19.3921,18.3976,2.5986,2.1144,2.3576,0.5319,0.7447,1099521.0218,965607.991,803698.5144,10335497.6049,9076715.1154,,,113.372
000002,万科A,全国地产,深圳,19910129,000002.SZ,20101012,8.8,8.98,8.67,8.8,8.84,-0.04,-0.45,1237670.56,1093711.4764,1.2818,1.54,0.93,18.1543,17.2233,2.4328,1.9795,2.2071,0.5682,0.7955,1099521.0218,965607.991,803698.5144,9675784.9918,8497350.3208,,,111.936
000002,万科A,全国地产,深圳,19910129,000002.SZ,20101011,8.39,8.99,8.37,8.84,8.44,0.4,4.74,1814205.7,1585424.6994,1.8788,2.2573,1.5,18.2369,17.3016,2.4438,1.9885,2.2172,0.5656,0.7919,1099521.0218,965607.991,803698.5144,9719765.8327,8535974.6404,8.83,7.23,111.936
000002,万科A,全国地产,深圳,19910129,000002.SZ,20101008,8.3,8.59,8.15,8.44,8.4,0.04,0.48,1650479.56,1392100.5665,1.7093,2.0536,1.72,17.4117,16.5187,2.3332,1.8985,2.1168,0.5924,0.8294,1099521.0218,965607.991,803698.5144,9279957.424,8149731.444,8.83,7.23,111.936
000002,万科A,全国地产,深圳,19910129,000002.SZ,20100930,7.73,8.4,7.64,8.4,7.81,0.59,7.55,1879535.63,1530230.2443,1.9465,2.3386,2.79,17.3291,16.4404,2.3222,1.8895,2.1068,0.5952,0.8333,1099521.0218,965607.991,803698.5144,9235976.5831,8111107.1244,,,111.936
000002,万科A,全国地产,深圳,19910129,000002.SZ,20100929,7.85,7.99,7.79,7.81,7.89,-0.08,-1.01,523549.6,412249.2879,0.5422,0.6514,0.75,16.112,15.2857,2.1591,1.7568,1.9588,0.6402,0.8963,1099521.0218,965607.991,803698.5144,8587259.1803,7541398.4097,,,111.936
000002,万科A,全国地产,深圳,19910129,000002.SZ,20100928,8.07,8.15,7.84,7.89,8.12,-0.23,-2.83,790840.89,629330.0768,0.819,0.984,1.17,16.277,15.4423,2.1812,1.7748,1.9789,0.6337,0.8872,1099521.0218,965607.991,803698.5144,8675220.862,7618647.049,,,111.936
000002,万科A,全国地产,深圳,19910129,000002.SZ,20100927,8.12,8.21,7.8,8.12,8.15,-0.03,-0.37,1212974.16,977908.7211,1.2562,1.5092,2.36,16.7515,15.8924,2.2448,1.8265,2.0366,0.6158,0.8621,1099521.0218,965607.991,803698.5144,8928110.697,7840736.8869,,,111.936
000002,万科A,全国地产,深圳,19910129,000002.SZ,20100921,8.09,8.24,8.08,8.15,8.07,0.08,0.99,391963.89,319911.7927,0.4059,0.4877,0.72,16.8134,15.9511,2.2531,1.8332,2.0441,0.6135,0.8589,1099521.0218,965607.991,803698.5144,8961096.3277,7869705.1267,,,111.936
000002,万科A,全国地产,深圳,19910129,000002.SZ,20100920,8.09,8.15,8.01,8.07,8.08,-0.01,-0.12,452015.4,365687.6578,0.4681,0.5624,0.74,16.6484,15.7946,2.2309,1.8153,2.024,0.6196,0.8674,1099521.0218,965607.991,803698.5144,8873134.6459,7792456.4874,,,111.936
000002,万科A,全国地产,深圳,19910129,000002.SZ,20100917,8.05,8.2,8.04,8.08,8.03,0.05,0.62,630716.31,511174.6777,0.6532,0.7848,1.04,16.669,15.8141,2.2337,1.8175,2.0265,0.6188,0.8663,1099521.0218,965607.991,803698.5144,8884129.8561,7802112.5673,,,111.936
000002,万科A,全国地产,深圳,19910129,000002.SZ,20100916,8.15,8.25,7.98,8.03,8.16,-0.13,-1.59,680676.87,550111.2346,0.7049,0.8469,1.05,16.5658,15.7163,2.2199,1.8063,2.014,0.6227,0.8717,1099521.0218,965607.991,803698.5144,8829153.8051,7753832.1677,,,111.936
000002,万科A,全国地产,深圳,19910129,000002.SZ,20100915,8.28,8.36,8.12,8.16,8.3,-0.14,-1.69,419425.48,346389.3808,0.4344,0.5219,0.57,16.834,15.9707,2.2558,1.8355,2.0466,0.6127,0.8578,1099521.0218,965607.991,803698.5144,8972091.5379,7879361.2066,9.15,7.49,111.936
000002,万科A,全国地产,深圳,19910129,000002.SZ,20100914,8.36,8.37,8.18,8.3,8.35,-0.05,-0.6,537244.77,443236.8849,0.5564,0.6685,0.71,17.1228,16.2447,2.2945,1.867,2.0817,0.6024,0.8434,1099521.0218,965607.991,803698.5144,9126024.4809,8014546.3253,9.14,7.48,111.936
000002,万科A,全国地产,深圳,19910129,000002.SZ,20100913,8.17,8.52,8.06,8.35,8.16,0.19,2.33,765605.41,635399.9709,0.7929,0.9526,1.04,17.226,16.3426,2.3084,1.8782,2.0943,0.5988,0.8383,1099521.0218,965607.991,803698.5144,9181000.532,8062826.7249,,,111.936
000002,万科A,全国地产,深圳,19910129,000002.SZ,20100910,8.29,8.36,8.04,8.16,8.28,-0.12,-1.45,641788.94,521923.7939,0.6646,0.7985,0.85,16.834,15.9707,2.2558,1.8355,2.0466,0.6127,0.8578,1099521.0218,965607.991,803698.5144,8972091.5379,7879361.2066,,,111.936
000002,万科A,全国地产,深圳,19910129,000002.SZ,20100909,8.62,8.64,8.26,8.28,8.57,-0.29,-3.38,888816.89,743752.9827,0.9205,1.1059,1.26,17.0816,16.2056,2.289,1.8625,2.0767,0.6039,0.8454,1099521.0218,965607.991,803698.5144,9104034.0605,7995234.1655,,,111.936
000002,万科A,全国地产,深圳,19910129,000002.SZ,20100908,8.78,8.78,8.47,8.57,8.78,-0.21,-2.39,815835.64,698855.9198,0.8449,1.0151,1.15,17.6798,16.7732,2.3692,1.9277,2.1494,0.5834,0.8168,1099521.0218,965607.991,803698.5144,9422895.1568,8275260.4829,,,111.936
000002,万科A,全国地产,深圳,19910129,000002.SZ,20100907,8.71,8.9,8.71,8.78,8.69,0.09,1.04,663467.83,583422.4826,0.6871,0.8255,0.96,18.1131,17.1842,2.4272,1.975,2.2021,0.5695,0.7973,1099521.0218,965607.991,803698.5144,9653794.5714,8478038.161,,,111.936
000002,万科A,全国地产,深圳,19910129,000002.SZ,20100906,8.56,8.72,8.5,8.69,8.5,0.19,2.24,681595.22,590225.1141,0.7059,0.8481,0.95,17.9274,17.008,2.4023,1.9547,2.1795,0.5754,0.8055,1099521.0218,965607.991,803698.5144,9554837.6794,8391133.4418,,,111.936
000002,万科A,全国地产,深圳,19910129,000002.SZ,20100903,8.65,8.74,8.41,8.5,8.57,-0.07,-0.82,719345.54,617678.4028,0.745,0.895,1.06,17.5354,16.6361,2.3498,1.912,2.1319,0.5882,0.8235,1099521.0218,965607.991,803698.5144,9345928.6853,8207667.9235,,,111.936
000002,万科A,全国地产,深圳,19910129,000002.SZ,20100902,8.58,8.67,8.51,8.57,8.47,0.1,1.18,652975.74,561050.1149,0.6762,0.8125,0.97,17.6798,16.7732,2.3692,1.9277,2.1494,0.5834,0.8168,1099521.0218,965607.991,803698.5144,9422895.1568,8275260.4829,,,111.936
000002,万科A,全国地产,深圳,19910129,000002.SZ,20100901,8.41,8.67,8.3,8.47,8.42,0.05,0.59,824922.22,701040.742,0.8543,1.0264,1.14,17.4735,16.5774,2.3415,1.9052,2.1244,0.5903,0.8264,1099521.0218,965607.991,803698.5144,9312943.0546,8178699.6838,,,111.936
000002,万科A,全国地产,深圳,19910129,000002.SZ,20100831,8.43,8.46,8.32,8.42,8.48,-0.06,-0.71,578897.51,486203.4856,0.5995,0.7203,0.7,17.3704,16.4796,2.3277,1.894,2.1118,0.5938,0.8314,1099521.0218,965607.991,803698.5144,9257967.0036,8130419.2842,,,111.936
000002,万科A,全国地产,深圳,19910129,000002.SZ,20100830,8.49,8.54,8.22,8.48,8.44,0.04,0.47,800272.11,672353.3956,0.8288,0.9957,1.01,17.4942,16.597,2.3443,1.9075,2.1269,0.5896,0.8255,1099521.0218,965607.991,803698.5144,9323938.2649,8188355.7637,,,111.936
000002,万科A,全国地产,深圳,19910129,000002.SZ,20100827,8.45,8.55,8.39,8.44,8.53,-0.09,-1.06,533586.64,450881.1598,0.5526,0.6639,0.65,17.4117,16.5187,2.3332,1.8985,2.1168,0.5924,0.8294,1099521.0218,965607.991,803698.5144,9279957.424,8149731.444,,,111.936
000002,万科A,全国地产,深圳,19910129,000002.SZ,20100826,8.5,8.7,8.45,8.53,8.5,0.03,0.35,621556.8,532853.7088,0.6437,0.7734,0.67,17.5973,16.6949,2.3581,1.9187,2.1394,0.5862,0.8206,1099521.0218,965607.991,803698.5144,9378914.316,8236636.1632,,,111.936
000002,万科A,全国地产,深圳,19910129,000002.SZ,20100825,8.82,8.9,8.45,8.5,8.85,-0.35,-3.95,1068757.99,923148.9473,1.1068,1.3298,1.19,17.5354,16.6361,2.3498,1.912,2.1319,0.5882,0.8235,1099521.0218,965607.991,803698.5144,9345928.6853,8207667.9235,,,111.936
000002,万科A,全国地产,深圳,19910129,000002.SZ,20100824,8.46,8.92,8.46,8.85,8.49,0.36,4.24,1091762.49,960066.7019,1.1306,1.3584,1.25,18.2575,17.3212,2.4466,1.9907,2.2197,0.565,0.791,1099521.0218,965607.991,803698.5144,9730761.0429,8545630.7204,,,111.936
000002,万科A,全国地产,深圳,19910129,000002.SZ,20100823,8.62,8.73,8.44,8.49,8.65,-0.16,-1.85,654658.14,561446.8796,0.678,0.8146,0.64,17.5148,16.6166,2.3471,1.9097,2.1294,0.5889,0.8245,1099521.0218,965607.991,803698.5144,9334933.4751,8198011.8436,,,111.936
000002,万科A,全国地产,深圳,19910129,000002.SZ,20100820,8.69,8.81,8.63,8.65,8.74,-0.09,-1.03,670598.89,585094.3636,0.6945,0.8344,0.54,17.8449,16.9297,2.3913,1.9457,2.1695,0.578,0.8092,1099521.0218,965607.991,803698.5144,9510856.8386,8352509.1222,,,111.936
000002,万科A,全国地产,深圳,19910129,000002.SZ,20100819,8.77,8.93,8.64,8.74,8.79,-0.05,-0.57,1142938.48,1000257.0324,1.1836,1.4221,0.83,18.0306,17.1059,2.4162,1.966,2.1921,0.5721,0.8009,1099521.0218,965607.991,803698.5144,9609813.7305,8439413.8413,,,111.936
000002,万科A,全国地产,深圳,19910129,000002.SZ,20100818,8.9,8.98,8.72,8.79,8.94,-0.15,-1.68,914571.57,806184.2915,0.9471,1.138,0.56,18.1337,17.2037,2.43,1.9772,2.2046,0.5688,0.7964,1099521.0218,965607.991,803698.5144,9664789.7816,8487694.2409,,,111.936
000002,万科A,全国地产,深圳,19910129,000002.SZ,20100817,8.85,9.02,8.81,8.94,8.89,0.05,0.56,972947.81,869127.0491,1.0076,1.2106,0.62,18.4432,17.4973,2.4715,2.0109,2.2422,0.5593,0.783,1099521.0218,965607.991,803698.5144,9829717.9349,8632535.4395,,,111.936
000002,万科A,全国地产,深圳,19910129,000002.SZ,20100816,8.79,8.95,8.65,8.89,8.84,0.05,0.57,1393704.08,1230990.0877,1.4433,1.7341,0.93,18.34,17.3995,2.4576,1.9997,2.2297,0.5624,0.7874,1099521.0218,965607.991,803698.5144,9774741.8838,8584255.04,,,111.936
000002,万科A,全国地产,深圳,19910129,000002.SZ,20100813,8.45,8.86,8.36,8.84,8.46,0.38,4.49,1729672.1,1497025.0715,1.7913,2.1521,1.22,18.2369,17.3016,2.4438,1.9885,2.2172,0.5656,0.7919,1099521.0218,965607.991,803698.5144,9719765.8327,8535974.6404,,,111.936
000002,万科A,全国地产,深圳,19910129,000002.SZ,20100812,8.2,8.64,8.18,8.46,8.32,0.14,1.68,1897835.46,1613638.8967,1.9654,2.3614,1.58,17.4529,16.5579,2.3388,1.903,2.1219,0.591,0.8274,1099521.0218,965607.991,803698.5144,9301947.8444,8169043.6039,,,111.936
000002,万科A,全国地产,深圳,19910129,000002.SZ,20100811,7.74,8.36,7.7,8.32,7.96,0.36,4.52,2121695.35,1729655.5787,2.1973,2.6399,2.16,17.1641,16.2839,2.3001,1.8715,2.0867,0.601,0.8413,1099521.0218,965607.991,803698.5144,9148014.9014,8033858.4851,9.56,7.82,111.936
000002,万科A,全国地产,深圳,19910129,000002.SZ,20100809,7.94,8.05,7.87,7.96,8.0,-0.04,-0.5,744097.09,591086.4503,0.7706,0.9258,0.78,16.4214,15.3883,2.2906,1.7905,1.815,0.6281,0.8794,1099521.0218,965609.491,803700.0144,8752187.3335,7686251.5484,9.56,7.82,111.936
000002,万科A,全国地产,深圳,19910129,000002.SZ,20100806,7.95,8.02,7.78,8.0,7.99,0.01,0.13,962052.98,760908.0544,0.9963,1.197,1.14,16.5039,15.4656,2.3021,1.7995,1.8241,0.625,0.875,1099521.0218,965609.491,803700.0144,8796168.1744,7724875.928,9.55,7.81,111.936
000002,万科A,全国地产,深圳,19910129,000002.SZ,20100805,8.21,8.3,7.9,7.99,8.24,-0.25,-3.03,1342113.63,1078821.8909,1.3899,1.6699,1.88,16.4833,15.4463,2.2992,1.7973,1.8218,0.6258,0.8761,1099521.0218,965609.491,803700.0144,8785172.9642,7715219.8331,,,111.936
000002,万科A,全国地产,深圳,19910129,000002.SZ,20100804,8.22,8.35,8.0,8.24,8.25,-0.01,-0.12,849728.9,694994.8013,0.88,1.0573,1.12,16.9991,15.9296,2.3712,1.8535,1.8788,0.6068,0.8495,1099521.0218,965609.491,803700.0144,9060053.2196,7956622.2058,,,111.936
000002,万科A,全国地产,深圳,19910129,000002.SZ,20100803,8.32,8.55,8.25,8.25,8.32,-0.07,-0.84,1004248.91,846276.1834,1.04,1.2495,1.4,17.0197,15.9489,2.374,1.8557,1.8811,0.6061,0.8485,1099521.0218,965609.491,803700.0144,9071048.4299,7966278.3008,,,111.936
000002,万科A,全国地产,深圳,19910129,000002.SZ,20100802,8.28,8.36,8.23,8.32,8.29,0.03,0.36,581885.37,483415.3897,0.6026,0.724,0.83,17.1641,16.0843,2.3942,1.8715,1.8971,0.601,0.8413,1099521.0218,965609.491,803700.0144,9148014.9014,8033870.9651,,,111.936
000002,万科A,全国地产,深圳,19910129,000002.SZ,20100730,8.28,8.32,8.21,8.29,8.3,-0.01,-0.12,457344.82,377434.0453,0.4736,0.569,0.6,17.1022,16.0263,2.3855,1.8647,1.8902,0.6031,0.8444,1099521.0218,965609.491,803700.0144,9115029.2707,8004902.6804,9.13,7.47,111.936
000002,万科A,全国地产,深圳,19910129,000002.SZ,20100729,8.32,8.38,8.23,8.3,8.31,-0.01,-0.12,672146.47,559033.0041,0.6961,0.8363,0.82,17.1228,16.0456,2.3884,1.867,1.8925,0.6024,0.8434,1099521.0218,965609.491,803700.0144,9126024.4809,8014558.7753,9.13,7.47,111.936
000002,万科A,全国地产,深圳,19910129,000002.SZ,20100728,8.07,8.35,8.01,8.31,8.08,0.23,2.85,1088049.6,895491.7736,1.1268,1.3538,1.48,17.1435,16.0649,2.3913,1.8692,1.8948,0.6017,0.8424,1099521.0218,965609.491,803700.0144,9137019.6912,8024214.8702,,,111.936
000002,万科A,全国地产,深圳,19910129,000002.SZ,20100727,8.0,8.23,7.95,8.08,8.01,0.07,0.87,781922.8,635683.8108,0.8098,0.9729,1.02,16.669,15.6203,2.3251,1.8175,1.8424,0.6188,0.8663,1099521.0218,965609.491,803700.0144,8884129.8561,7802124.6873,,,111.936
000002,万科A,全国地产,深圳,19910129,000002.SZ,20100726,8.0,8.04,7.89,8.01,8.0,0.01,0.13,489609.21,390373.2871,0.507,0.6092,0.55,16.5246,15.485,2.305,1.8018,1.8264,0.6242,0.8739,1099521.0218,965609.491,803700.0144,8807163.3846,7734532.0229,,,111.936
000002,万科A,全国地产,深圳,19910129,000002.SZ,20100723,8.0,8.09,7.91,8.0,7.95,0.05,0.63,804707.65,643887.7772,0.8334,1.0013,0.9,16.5039,15.4656,2.3021,1.7995,1.8241,0.625,0.875,1099521.0218,965609.491,803700.0144,8796168.1744,7724875.928,,,111.936
000002,万科A,全国地产,深圳,19910129,000002.SZ,20100722,7.73,8.02,7.69,7.95,7.75,0.2,2.58,916912.79,728502.718,0.9496,1.1409,0.99,16.4008,15.369,2.2877,1.7883,1.8127,0.6289,0.8805,1099521.0218,965609.491,803700.0144,8741192.1233,7676595.4535,,,111.936
000002,万科A,全国地产,深圳,19910129,000002.SZ,20100721,7.8,7.81,7.69,7.75,7.81,-0.06,-0.77,694050.21,537755.8492,0.7188,0.8636,0.74,15.9882,14.9823,2.2301,1.7433,1.7671,0.6452,0.9032,1099521.0218,965609.491,803700.0144,8521287.919,7483473.5553,,,111.936
000002,万科A,全国地产,深圳,19910129,000002.SZ,20100720,7.76,7.94,7.73,7.81,7.74,0.07,0.9,926667.76,726646.544,0.9597,1.153,1.01,16.112,15.0983,2.2474,1.7568,1.7808,0.6402,0.8963,1099521.0218,965609.491,803700.0144,8587259.1803,7541410.1247,,,111.936
000002,万科A,全国地产,深圳,19910129,000002.SZ,20100719,7.54,7.85,7.54,7.74,7.62,0.12,1.57,1099095.35,847230.2231,1.1382,1.3675,1.07,15.9676,14.963,2.2273,1.741,1.7648,0.646,0.9044,1099521.0218,965609.491,803700.0144,8510292.7087,7473817.4603,,,111.936
000002,万科A,全国地产,深圳,19910129,000002.SZ,20100716,7.45,7.72,7.38,7.62,7.52,0.1,1.33,814531.69,614070.3332,0.8435,1.0135,0.81,15.72,14.731,2.1927,1.714,1.7375,0.6562,0.9186,1099521.0218,965609.491,803700.0144,8378350.1861,7357944.3214,,,111.936
000002,万科A,全国地产,深圳,19910129,000002.SZ,20100715,7.4,7.76,7.4,7.52,7.4,0.12,1.62,1093555.11,835000.8494,1.1325,1.3607,1.27,15.5137,14.5377,2.164,1.6915,1.7147,0.6649,0.9309,1099521.0218,965609.491,803700.0144,8268398.0839,7261383.3723,,,111.936
000002,万科A,全国地产,深圳,19910129,000002.SZ,20100714,7.45,7.63,7.35,7.4,7.46,-0.06,-0.8,766399.01,572993.6735,0.7937,0.9536,1.0,15.2661,14.3057,2.1294,1.6645,1.6873,0.6757,0.9459,1099521.0218,965609.491,803700.0144,8136455.5613,7145510.2334,,,111.936
000002,万科A,全国地产,深圳,19910129,000002.SZ,20100713,7.49,7.53,7.42,7.46,7.64,-0.18,-2.36,791396.48,591380.2709,0.8196,0.9847,1.11,15.3899,14.4217,2.1467,1.678,1.701,0.6702,0.9383,1099521.0218,965609.491,803700.0144,8202426.8226,7203446.8029,,,111.936
000002,万科A,全国地产,深圳,19910129,000002.SZ,20100712,7.26,7.74,7.19,7.64,7.24,0.4,5.52,1681833.41,1275973.2476,1.7417,2.0926,3.44,15.7613,14.7697,2.1985,1.7185,1.742,0.6545,0.9162,1099521.0218,965609.491,803700.0144,8400340.6066,7377256.5112,,,111.936
000002,万科A,全国地产,深圳,19910129,000002.SZ,20100709,7.08,7.33,7.01,7.24,7.07,0.17,2.4,712436.36,514535.1083,0.7378,0.8864,1.44,14.9361,13.9964,2.0834,1.6286,1.6508,0.6906,0.9669,1099521.0218,965609.491,803700.0144,7960532.1978,6991012.7148,,,111.936
000002,万科A,全国地产,深圳,19910129,000002.SZ,20100708,7.12,7.19,7.05,7.07,7.05,0.02,0.28,367021.66,261386.4423,0.3801,0.4567,0.75,14.5854,13.6678,2.0345,1.5903,1.6121,0.7072,0.9901,1099521.0218,965609.491,803700.0144,7773613.6241,6826859.1014,,,111.936
000002,万科A,全国地产,深圳,19910129,000002.SZ,20100707,7.08,7.12,6.98,7.05,7.06,-0.01,-0.14,274846.47,193276.0688,0.2846,0.342,0.53,14.5441,13.6291,2.0287,1.5858,1.6075,0.7092,0.9929,1099521.0218,965609.491,803700.0144,7751623.2037,6807546.9116,,,111.936
000002,万科A,全国地产,深圳,19910129,000002.SZ,20100706,7.0,7.16,6.96,7.06,6.98,0.08,1.15,517202.69,366592.1341,0.5356,0.6435,0.92,14.5647,13.6484,2.0316,1.5881,1.6098,0.7082,0.9915,1099521.0218,965609.491,803700.0144,7762618.4139,6817203.0065,,,111.936
000002,万科A,全国地产,深圳,19910129,000002.SZ,20100705,6.85,7.06,6.8,6.98,6.93,0.05,0.72,574693.89,398417.8041,0.5952,0.7151,1.14,14.3997,13.4938,2.0086,1.5701,1.5915,0.7163,1.0029,1099521.0218,965609.491,803700.0144,7674656.7322,6739954.2472,,,111.936
000002,万科A,全国地产,深圳,19910129,000002.SZ,20100702,6.7,6.98,6.69,6.93,6.68,0.25,3.74,741726.71,506008.1575,0.7681,0.9229,1.76,14.2965,13.3971,1.9942,1.5588,1.5801,0.7215,1.0101,1099521.0218,965609.491,803700.0144,7619680.6811,6691673.7726,,,111.936
000002,万科A,全国地产,深圳,19910129,000002.SZ,20100701,6.78,6.83,6.65,6.68,6.78,-0.1,-1.47,324281.93,218555.9807,0.3358,0.4035,0.74,13.7808,12.9138,1.9222,1.5026,1.5231,0.7485,1.0479,1099521.0218,965609.491,803700.0144,7344800.4256,6450271.3999,,,111.936
000002,万科A,全国地产,深圳,19910129,000002.SZ,20100630,6.84,6.9,6.76,6.78,6.85,-0.07,-1.02,459389.48,313719.4675,0.4758,0.5716,1.05,13.9871,13.1071,1.951,1.5251,1.5459,0.7375,1.0324,1099521.0218,965609.491,803700.0144,7454752.5278,6546832.349,,,111.936
000002,万科A,全国地产,深圳,19910129,000002.SZ,20100629,7.12,7.15,6.83,6.85,7.12,-0.27,-3.79,724126.83,505411.2,0.7499,0.901,1.83,14.1315,13.2425,1.9712,1.5408,1.5619,0.7299,1.0219,1099521.0218,965609.491,803700.0144,7531718.9993,6614425.0134,,,111.936
000002,万科A,全国地产,深圳,19910129,000002.SZ,20100628,7.15,7.18,7.1,7.12,7.15,-0.03,-0.42,264574.12,188629.1597,0.274,0.3292,0.49,14.6885,13.7644,2.0489,1.6016,1.6235,0.7022,0.9831,1099521.0218,965609.491,803700.0144,7828589.6752,6875139.5759,,,111.936
000002,万科A,全国地产,深圳,19910129,000002.SZ,20100625,7.2,7.21,7.11,7.15,7.25,-0.1,-1.38,334357.66,239153.147,0.3463,0.416,0.57,14.7504,13.8224,2.0575,1.6083,1.6303,0.6993,0.979,1099521.0218,965609.491,803700.0144,7861575.3059,6904107.8607,,,111.936
000002,万科A,全国地产,深圳,19910129,000002.SZ,20100624,7.18,7.26,7.14,7.25,7.2,0.05,0.69,418555.24,301443.7591,0.4335,0.5208,0.72,14.9567,14.0157,2.0863,1.6308,1.6531,0.6897,0.9655,1099521.0218,965609.491,803700.0144,7971527.4081,7000668.8098,,,111.936
000002,万科A,全国地产,深圳,19910129,000002.SZ,20100623,7.26,7.34,7.15,7.2,7.29,-0.09,-1.23,445035.04,321705.6001,0.4609,0.5537,0.78,14.8535,13.9191,2.0719,1.6196,1.6417,0.6944,0.9722,1099521.0218,965609.491,803700.0144,7916551.357,6952388.3352,,,111.936
000002,万科A,全国地产,深圳,19910129,000002.SZ,20100622,7.28,7.34,7.26,7.29,7.34,-0.05,-0.68,516799.35,377215.8823,0.5352,0.643,0.89,15.0392,14.0931,2.0978,1.6398,1.6622,0.6859,0.9602,1099521.0218,965609.491,803700.0144,8015508.2489,7039293.1894,,,111.936
000002,万科A,全国地产,深圳,19910129,000002.SZ,20100621,7.13,7.39,7.06,7.34,7.07,0.27,3.82,995551.45,724296.975,1.031,1.2387,1.89,15.1424,14.1897,2.1122,1.651,1.6736,0.6812,0.9537,1099521.0218,965609.491,803700.0144,8070484.3,7087573.6639,,,111.936
000002,万科A,全国地产,深圳,19910129,000002.SZ,20100618,7.1,7.23,7.05,7.07,7.1,-0.03,-0.42,551187.34,393420.7025,0.5708,0.6858,1.17,14.5854,13.6678,2.0345,1.5903,1.6121,0.7072,0.9901,1099521.0218,965609.491,803700.0144,7773613.6241,6826859.1014,,,111.936
000002,万科A,全国地产,深圳,19910129,000002.SZ,20100617,7.17,7.19,7.08,7.1,7.13,-0.03,-0.42,409681.48,291597.8372,0.4243,0.5097,0.88,14.6472,13.7258,2.0431,1.5971,1.6189,0.7042,0.9859,1099521.0218,965609.491,803700.0144,7806599.2548,6855827.3861,,,111.936
000002,万科A,全国地产,深圳,19910129,000002.SZ,20100611,7.18,7.2,7.1,7.13,7.15,-0.02,-0.28,384372.96,274866.0613,0.3981,0.4783,0.83,14.7091,13.7838,2.0517,1.6038,1.6257,0.7013,0.9818,1099521.0218,965609.491,803700.0144,7839584.8854,6884795.6708,,,111.936
000002,万科A,全国地产,深圳,19910129,000002.SZ,20100610,7.21,7.26,7.13,7.15,7.3,-0.15,-2.05,573435.75,411219.6454,0.5939,0.7135,1.34,14.7504,13.8224,2.0575,1.6083,1.6303,0.6993,0.979,1099521.0218,965609.491,803700.0144,7861575.3059,6904107.8607,,,111.936
000002,万科A,全国地产,深圳,19910129,000002.SZ,20100609,7.15,7.32,7.06,7.3,7.1,0.2,2.82,714128.13,514765.1217,0.7396,0.8886,2.0,15.0598,14.1124,2.1007,1.642,1.6645,0.6849,0.9589,1099521.0218,965609.491,803700.0144,8026503.4591,7048949.2843,,,111.936
000002,万科A,全国地产,深圳,19910129,000002.SZ,20100608,7.12,7.19,7.06,7.1,7.12,-0.02,-0.28,279454.05,198752.1947,0.2894,0.3477,0.74,14.6472,13.7258,2.0431,1.5971,1.6189,0.7042,0.9859,1099521.0218,965609.491,803700.0144,7806599.2548,6855827.3861,,,111.936
000002,万科A,全国地产,深圳,19910129,000002.SZ,20100607,7.15,7.19,7.1,7.12,7.28,-0.16,-2.2,375255.16,267886.7723,0.3886,0.4669,0.92,14.6885,13.7644,2.0489,1.6016,1.6235,0.7022,1.6854,1099521.0218,965609.491,803700.0144,7828589.6752,6875139.5759,,,111.936
000002,万科A,全国地产,深圳,19910129,000002.SZ,20100604,7.18,7.36,7.16,7.28,7.19,0.09,1.25,364716.99,264875.1242,0.3777,0.4538,0.85,15.0186,14.0737,2.0949,1.6376,1.6599,0.6868,1.6484,1099521.0218,965609.491,803700.0144,8004513.0387,7029637.0945,,,111.936
000002,万科A,全国地产,深圳,19910129,000002.SZ,20100603,7.29,7.38,7.19,7.19,7.27,-0.08,-1.1,398779.45,290410.7693,0.413,0.4962,0.81,14.8329,13.8997,2.069,1.6173,1.6394,0.6954,1.669,1099521.0218,965609.491,803700.0144,7905556.1467,6942732.2403,,,111.936
000002,万科A,全国地产,深圳,19910129,000002.SZ,20100602,7.13,7.29,7.08,7.27,7.16,0.11,1.54,364342.05,262845.2351,0.3773,0.4533,0.71,14.998,14.0544,2.092,1.6353,1.6577,0.6878,1.6506,1099521.0218,965609.491,803700.0144,7993517.8285,7019980.9996,,,111.936
000002,万科A,全国地产,深圳,19910129,000002.SZ,20100601,7.18,7.25,7.1,7.16,7.21,-0.05,-0.69,387932.06,277633.7014,0.4017,0.4827,0.63,14.771,13.8418,2.0604,1.6106,1.6326,0.6983,1.676,1099521.0218,965609.491,803700.0144,7872570.5161,6913763.9556,,,111.936
000002,万科A,全国地产,深圳,19910129,000002.SZ,20100531,7.4,7.49,7.21,7.21,7.43,-0.22,-2.96,514578.8,377258.7019,0.5329,0.6403,0.64,14.8742,13.9384,2.0748,1.6218,1.644,0.6935,1.6644,1099521.0218,965609.491,803700.0144,7927546.5672,6962044.4301,,,111.936
000002,万科A,全国地产,深圳,19910129,000002.SZ,20100528,7.56,7.61,7.35,7.43,7.53,-0.1,-1.33,472421.16,353465.0051,0.4892,0.5878,0.49,15.328,14.3637,2.1381,1.6713,1.6941,0.6729,1.6151,1099521.0218,965609.491,803700.0144,8169441.192,7174478.5181,,,111.936
000002,万科A,全国地产,深圳,19910129,000002.SZ,20100527,7.36,7.57,7.25,7.53,7.44,0.09,1.21,714220.66,532206.4336,0.7397,0.8887,0.78,15.5343,14.557,2.1668,1.6938,1.7169,0.664,1.5936,1099521.0218,965609.491,803700.0144,8279393.2942,7271039.4672,,,111.936
000002,万科A,全国地产,深圳,19910129,000002.SZ,20100526,7.44,7.53,7.33,7.44,7.4,0.04,0.54,476781.18,354489.0488,0.4938,0.5932,0.49,15.3487,14.3831,2.1409,1.6735,1.6964,0.672,1.6129,1099521.0218,965609.491,803700.0144,8180436.4022,7184134.613,,,111.936
000002,万科A,全国地产,深圳,19910129,000002.SZ,20100525,7.54,7.57,7.38,7.4,7.7,-0.3,-3.9,892100.96,665451.461,0.9239,1.11,0.88,15.2661,14.3057,2.1294,1.6645,1.6873,0.6757,1.6216,1099521.0218,965609.491,803700.0144,8136455.5613,7145510.2334,,,111.936
000002,万科A,全国地产,深圳,19910129,000002.SZ,20100524,7.43,7.82,7.43,7.7,7.39,0.31,4.19,1466435.9,1127569.4949,1.5187,1.8246,1.73,15.885,14.8857,2.2158,1.732,1.7557,0.6494,1.5584,1099521.0218,965609.491,803700.0144,8466311.8679,7435193.0807,,,111.936
000002,万科A,全国地产,深圳,19910129,000002.SZ,20100521,6.91,7.43,6.9,7.39,7.1,0.29,4.08,1282104.93,931030.1675,1.3278,1.5953,1.91,15.2455,14.2864,2.1266,1.6623,1.685,0.6766,1.6238,1099521.0218,965609.491,803700.0144,8125460.3511,7135854.1385,,,111.936
000002,万科A,全国地产,深圳,19910129,000002.SZ,20100520,7.15,7.29,7.09,7.1,7.26,-0.16,-2.2,489643.54,351362.6631,0.5071,0.6092,0.71,14.6472,13.7258,2.0431,1.5971,1.6189,0.7042,1.6901,1099521.0218,965609.491,803700.0144,7806599.2548,6855827.3861,,,111.936
000002,万科A,全国地产,深圳,19910129,000002.SZ,20100519,7.22,7.38,7.09,7.26,7.34,-0.08,-1.09,709357.01,512118.2872,0.7346,0.8826,1.04,14.9773,14.0351,2.0891,1.6331,1.6554,0.6887,1.6529,1099521.0218,965609.491,803700.0144,7982522.6183,7010324.9047,,,111.936
000002,万科A,全国地产,深圳,19910129,000002.SZ,20100518,6.91,7.44,6.83,7.34,6.85,0.49,7.15,1114155.55,798131.0201,1.1538,1.3863,1.89,15.1424,14.1897,2.1122,1.651,1.6736,0.6812,1.6349,1099521.0218,965609.491,803700.0144,8070484.3,7087573.6639,,,111.936
000002,万科A,全国地产,深圳,19910129,000002.SZ,20100517,7.25,7.26,6.9,6.92,7.31,-0.39,-5.34,642759.32,452660.5549,0.6657,0.7998,1.12,14.2759,13.3778,1.952,1.5566,1.5779,0.7225,0.7225,1099521.0218,965609.491,803700.0144,7608685.4709,6682017.6777,,,111.936
000002,万科A,全国地产,深圳,19910129,000002.SZ,20100514,7.34,7.38,7.27,7.31,7.37,-0.06,-0.81,392476.56,287204.8041,0.4065,0.4883,0.63,15.0805,14.1317,2.062,1.6443,1.6668,0.684,0.684,1099521.0218,965609.491,803700.0144,8037498.6694,7058605.3792,,,111.936
000002,万科A,全国地产,深圳,19910129,000002.SZ,20100513,7.37,7.42,7.28,7.37,7.34,0.03,0.41,609075.44,447690.9361,0.6308,0.7578,0.96,15.2043,14.2477,2.0789,1.6578,1.6805,0.6784,0.6784,1099521.0218,965609.491,803700.0144,8103469.9307,7116541.9487,,,111.936
000002,万科A,全国地产,深圳,19910129,000002.SZ,20100512,7.24,7.4,7.17,7.34,7.25,0.09,1.24,641524.19,470264.9283,0.6644,0.7982,0.94,15.1424,14.1897,2.0705,1.651,1.6736,0.6812,0.6812,1099521.0218,965609.491,803700.0144,8070484.3,7087573.6639,,,111.936
000002,万科A,全国地产,深圳,19910129,000002.SZ,20100511,7.41,7.45,7.2,7.25,7.3,-0.05,-0.68,658147.72,481660.1516,0.6816,0.8189,0.95,14.9567,14.0157,2.0451,1.6308,1.6531,0.6897,0.6897,1099521.0218,965609.491,803700.0144,7971527.4081,7000668.8098,,,111.936
000002,万科A,全国地产,深圳,19910129,000002.SZ,20100510,7.22,7.37,7.22,7.3,7.22,0.08,1.11,567044.22,413750.7226,0.5872,0.7055,0.83,15.0598,14.1124,2.0592,1.642,1.6645,0.6849,0.6849,1099521.0218,965609.491,803700.0144,8026503.4591,7048949.2843,,,111.936
000002,万科A,全国地产,深圳,19910129,000002.SZ,20100507,7.05,7.3,7.0,7.22,7.18,0.04,0.56,662623.27,477327.45,0.6862,0.8245,0.99,14.8948,13.9577,2.0366,1.6241,1.6463,0.6925,0.6925,1099521.0218,965609.491,803700.0144,7938541.7774,6971700.525,,,111.936
000002,万科A,全国地产,深圳,19910129,000002.SZ,20100506,7.45,7.45,7.18,7.18,7.49,-0.31,-4.14,633970.89,462853.924,0.6565,0.7888,0.96,14.8123,13.8804,2.0253,1.6151,1.6371,0.6964,0.6964,1099521.0218,965609.491,803700.0144,7894560.9365,6933076.1454,,,111.936
000002,万科A,全国地产,深圳,19910129,000002.SZ,20100505,7.39,7.54,7.15,7.49,7.45,0.04,0.54,881217.08,646686.0126,0.9126,1.0965,1.32,15.4518,14.4797,2.1128,1.6848,1.7078,0.6676,0.6676,1099521.0218,965609.491,803700.0144,8235412.4533,7232415.0876,,,111.936
000002,万科A,全国地产,深圳,19910129,000002.SZ,20100504,7.64,7.7,7.41,7.45,7.8,-0.35,-4.49,722298.97,546408.5141,0.748,0.8987,1.08,15.3693,14.4024,2.1015,1.6758,1.6987,0.6711,0.6711,1099521.0218,965609.491,803700.0144,8191431.6124,7193790.708,,,111.936
000002,万科A,全国地产,深圳,19910129,000002.SZ,20100430,7.76,7.84,7.68,7.8,7.76,0.04,0.52,508092.17,394589.5477,0.5262,0.6322,0.72,16.0913,15.079,2.2002,1.7545,1.7785,0.641,0.641,1099521.0218,965609.491,803700.0144,8576263.97,7531754.0298,,,111.936
000002,万科A,全国地产,深圳,19910129,000002.SZ,20100429,7.83,7.87,7.75,7.76,7.78,-0.02,-0.26,596347.32,466256.3975,0.6176,0.742,0.76,16.0088,15.0017,2.1889,1.7455,1.7694,0.6443,0.6443,1099521.0218,965609.491,803700.0144,8532283.1292,7493129.6502,,,111.936
000002,万科A,全国地产,深圳,19910129,000002.SZ,20100428,7.65,7.8,7.62,7.78,7.7,0.08,1.04,607454.61,469321.0106,0.6291,0.7558,0.69,16.0501,15.0403,2.1946,1.75,1.7739,0.6427,0.6427,1099521.0218,965609.491,803700.0144,8554273.5496,7512441.84,,,111.936
000002,万科A,全国地产,深圳,19910129,000002.SZ,20100427,7.8,7.8,7.6,7.7,7.8,-0.1,-1.28,894432.69,686154.2882,0.9263,1.1129,0.9,15.885,14.8857,2.172,1.732,1.7557,0.6494,0.6494,1099521.0218,965609.491,803700.0144,8466311.8679,7435193.0807,,,111.936
000002,万科A,全国地产,深圳,19910129,000002.SZ,20100426,7.95,7.98,7.79,7.8,7.93,-0.13,-1.64,724532.52,570036.0672,0.7503,0.9015,0.6,16.0913,16.0913,2.2946,1.7545,1.7545,0.641,0.641,1099521.0218,965609.491,803700.0144,8576263.97,7531754.0298,,,111.936
000002,万科A,全国地产,深圳,19910129,000002.SZ,20100423,7.89,7.97,7.83,7.93,7.9,0.03,0.38,726539.44,575019.1003,0.7524,0.904,0.59,16.3595,16.3595,2.3328,1.7838,1.7838,0.6305,0.6305,1099521.0218,965609.491,803700.0144,8719201.7029,7657283.2636,,,111.936
000002,万科A,全国地产,深圳,19910129,000002.SZ,20100422,8.1,8.1,7.85,7.9,8.11,-0.21,-2.59,979608.0,779681.2205,1.0145,1.2189,0.78,16.2976,16.2976,2.324,1.777,1.777,0.6329,0.6329,1099521.0218,965609.491,803700.0144,8686216.0722,7628314.9789,,,111.936
000002,万科A,全国地产,深圳,19910129,000002.SZ,20100421,8.0,8.15,7.96,8.11,8.03,0.08,1.0,1091279.96,880055.9042,1.1301,1.3578,0.91,16.7309,16.7309,2.3858,1.8242,1.8242,0.6165,0.6165,1099521.0218,965609.491,803700.0144,8917115.4868,7831092.972,,,111.936
000002,万科A,全国地产,深圳,19910129,000002.SZ,20100420,8.28,8.28,7.82,8.03,8.3,-0.27,-3.25,1428055.02,1143675.8576,1.4789,1.7769,1.31,16.5658,16.5658,2.3623,1.8063,1.8063,0.6227,0.6227,1099521.0218,965609.491,803700.0144,8829153.8051,7753844.2127,,,111.936
000002,万科A,全国地产,深圳,19910129,000002.SZ,20100419,8.9,8.9,8.26,8.3,9.04,-0.74,-8.19,1809169.22,1549936.1766,1.8736,2.2511,1.83,17.1228,17.1228,2.4417,1.867,1.867,0.6024,0.6024,1099521.0218,965609.491,803700.0144,9126024.4809,8014558.7753,,,111.936
000002,万科A,全国地产,深圳,19910129,000002.SZ,20100416,9.07,9.11,8.95,9.04,9.11,-0.07,-0.77,869824.72,784162.9848,0.9008,1.0823,0.94,18.6495,18.6495,2.6594,2.0334,2.0334,0.5531,0.5531,1099521.0218,965609.491,803700.0144,9939670.0371,8729109.7986,,,111.936
000002,万科A,全国地产,深圳,19910129,000002.SZ,20100415,9.15,9.17,9.07,9.11,9.21,-0.1,-1.09,1073416.46,977237.7108,1.1116,1.3356,1.15,18.7939,18.7939,2.68,2.0492,2.0492,0.5488,0.5488,1099521.0218,965609.491,803700.0144,10016636.5086,8796702.463,,,111.936
000002,万科A,全国地产,深圳,19910129,000002.SZ,20100414,9.22,9.23,9.13,9.21,9.25,-0.04,-0.43,795660.24,729936.3495,0.824,0.99,0.83,19.0002,19.0002,2.7094,2.0717,2.0717,0.5429,0.5429,1099521.0218,965609.491,803700.0144,10126588.6108,8893263.4121,,,111.936
000002,万科A,全国地产,深圳,19910129,000002.SZ,20100413,9.2,9.29,9.1,9.25,9.2,0.05,0.54,916064.25,842593.4704,0.9487,1.1398,0.9,19.0827,19.0827,2.7212,2.0807,2.0807,0.5405,0.5405,1099521.0218,965609.491,803700.0144,10170569.4517,8931887.7918,,,111.936
000002,万科A,全国地产,深圳,19910129,000002.SZ,20100412,9.41,9.44,9.18,9.2,9.39,-0.19,-2.02,1294308.1,1193387.2033,1.3404,1.6104,1.28,18.9795,18.9795,2.7064,2.0694,2.0694,0.5435,0.5435,1099521.0218,965609.491,803700.0144,10115593.4006,8883607.3172,,,111.936
000002,万科A,全国地产,深圳,19910129,000002.SZ,20100409,9.33,9.41,9.31,9.39,9.34,0.05,0.54,543642.37,509461.7313,0.563,0.6764,0.45,19.3715,19.3715,2.7623,2.1122,2.1122,0.5325,0.5325,1099521.0218,965609.491,803700.0144,10324502.3947,9067073.1205,,,111.936
000002,万科A,全国地产,深圳,19910129,000002.SZ,20100408,9.44,9.45,9.3,9.34,9.46,-0.12,-1.27,1099838.67,1028070.5651,1.139,1.3685,1.0,19.2684,19.2684,2.7476,2.1009,2.1009,0.5353,0.5353,1099521.0218,965609.491,803700.0144,10269526.3436,9018792.6459,,,111.936
000002,万科A,全国地产,深圳,19910129,000002.SZ,20100407,9.59,9.62,9.44,9.46,9.6,-0.14,-1.46,929353.19,882118.185,0.9625,1.1563,0.89,19.5159,19.5159,2.7829,2.1279,2.1279,0.5285,0.5285,1099521.0218,965609.491,803700.0144,10401468.8662,9134665.7849,,,111.936
000002,万科A,全国地产,深圳,19910129,000002.SZ,20100406,9.8,9.83,9.53,9.6,9.77,-0.17,-1.74,1213231.75,1169635.9341,1.2564,1.5096,1.25,19.8047,19.8047,2.8241,2.1594,2.1594,0.5208,0.5208,1099521.0218,965609.491,803700.0144,10555401.8093,9269851.1136,,,111.936
000002,万科A,全国地产,深圳,19910129,000002.SZ,20100402,9.75,9.85,9.69,9.77,9.73,0.04,0.41,1272928.18,1242354.1261,1.3183,1.5838,1.55,20.1554,20.1554,2.8741,2.1976,2.1976,0.5118,0.5118,1099521.0218,965609.491,803700.0144,10742320.383,9434004.7271,,,111.936
000002,万科A,全国地产,深圳,19910129,000002.SZ,20100401,9.5,9.75,9.48,9.73,9.5,0.23,2.42,1482279.76,1427507.1955,1.5351,1.8443,2.32,20.0729,20.0729,2.8624,2.1886,2.1886,0.5139,0.5139,1099521.0218,965609.491,803700.0144,10698339.5421,9395380.3474,,,111.936
000002,万科A,全国地产,深圳,19910129,000002.SZ,20100331,9.49,9.63,9.44,9.5,9.49,0.01,0.11,623790.65,594673.5633,0.646,0.7761,0.97,19.5984,19.5984,2.7947,2.1369,2.1369,0.5263,0.5263,1099521.0218,965609.491,803700.0144,10445449.7071,9173290.1645,,,111.936
000002,万科A,全国地产,深圳,19910129,000002.SZ,20100330,9.55,9.58,9.44,9.49,9.54,-0.05,-0.52,627127.39,594708.0534,0.6495,0.7803,1.02,19.5778,19.5778,2.7918,2.1347,2.1347,0.5269,0.5269,1099521.0218,965609.491,803700.0144,10434454.4969,9163634.0696,,,111.936
000002,万科A,全国地产,深圳,19910129,000002.SZ,20100329,9.33,9.58,9.32,9.54,9.3,0.24,2.58,845597.42,802337.0256,0.8757,1.0521,1.42,19.681,19.681,2.8065,2.1459,2.1459,0.5241,0.5241,1099521.0218,965609.491,803700.0144,10489430.548,9211914.5441,,,111.936
000002,万科A,全国地产,深圳,19910129,000002.SZ,20100326,9.24,9.34,9.12,9.3,9.24,0.06,0.65,535314.86,495008.3277,0.5544,0.6661,0.76,19.1858,19.1858,2.7359,2.0919,2.0919,0.5376,0.5376,1099521.0218,965609.491,803700.0144,10225545.5027,8980168.2663,,,111.936
000002,万科A,全国地产,深圳,19910129,000002.SZ,20100325,9.4,9.4,9.23,9.24,9.4,-0.16,-1.7,555876.24,515610.4249,0.5757,0.6916,0.79,19.0621,19.0621,2.7182,2.0784,2.0784,0.5411,0.5411,1099521.0218,965609.491,803700.0144,10159574.2414,8922231.6968,,,111.936
000002,万科A,全国地产,深圳,19910129,000002.SZ,20100324,9.45,9.51,9.37,9.4,9.52,-0.12,-1.26,635589.76,598986.3855,0.6582,0.7908,1.0,19.3921,19.3921,2.7653,2.1144,2.1144,0.5319,0.5319,1099521.0218,965609.491,803700.0144,10335497.6049,9076729.2154,,,111.936
000002,万科A,全国地产,深圳,19910129,000002.SZ,20100322,9.63,9.67,9.47,9.52,9.62,-0.1,-1.04,515170.08,491282.4364,0.5335,0.641,0.83,19.6397,19.6397,2.8006,2.1414,2.1414,0.5252,0.5252,1099521.0218,965609.491,803700.0144,10467440.1275,9192602.3543,10.07,8.24,111.936
000002,万科A,全国地产,深圳,19910129,000002.SZ,20100319,9.58,9.7,9.56,9.62,9.54,0.08,0.84,732797.45,706040.3406,0.7589,0.9118,1.31,19.846,19.846,2.83,2.1639,2.1639,0.5198,0.5198,1099521.0218,965609.491,803700.0144,10577392.2297,9289163.3034,10.45,8.55,111.936
000002,万科A,全国地产,深圳,19910129,000002.SZ,20100318,9.46,9.67,9.43,9.54,9.44,0.1,1.06,1060957.31,1016613.8159,1.0987,1.3201,2.39,19.681,19.681,2.8065,2.1459,2.1459,0.5241,0.5241,1099521.0218,965609.491,803700.0144,10489430.548,9211914.5441,,,111.936
000002,万科A,全国地产,深圳,19910129,000002.SZ,20100317,9.34,9.46,9.26,9.44,9.27,0.17,1.83,559409.51,524754.8159,0.5793,0.696,1.19,19.4747,19.4747,2.7771,2.1234,2.1234,0.5297,0.5297,1099521.0218,965609.491,803700.0144,10379478.4458,9115353.595,,,111.936
000002,万科A,全国地产,深圳,19910129,000002.SZ,20100316,9.28,9.33,9.19,9.27,9.24,0.03,0.32,300191.35,277863.8827,0.3109,0.3735,0.44,19.1239,19.1239,2.727,2.0852,2.0852,0.5394,0.5394,1099521.0218,965609.491,803700.0144,10192559.8721,8951199.9816,,,111.936
000002,万科A,全国地产,深圳,19910129,000002.SZ,20100315,9.35,9.36,9.2,9.24,9.36,-0.12,-1.28,438151.32,405661.9582,0.4538,0.5452,0.63,19.0621,19.0621,2.7182,2.0784,2.0784,0.5411,0.5411,1099521.0218,965609.491,803700.0144,10159574.2414,8922231.6968,,,111.936
000002,万科A,全国地产,深圳,19910129,000002.SZ,20100312,9.49,9.49,9.35,9.36,9.5,-0.14,-1.47,437130.89,411008.9979,0.4527,0.5439,0.61,19.3096,19.3096,2.7535,2.1054,2.1054,0.5342,0.5342,1099521.0218,965609.491,803700.0144,10291516.764,9038104.8358,,,111.936
000002,万科A,全国地产,深圳,19910129,000002.SZ,20100311,9.48,9.56,9.4,9.5,9.48,0.02,0.21,483801.67,458886.8857,0.501,0.602,0.61,19.5984,19.5984,2.7947,2.1369,2.1369,0.5263,0.5263,1099521.0218,965609.491,803700.0144,10445449.7071,9173290.1645,,,111.936
000002,万科A,全国地产,深圳,19910129,000002.SZ,20100310,9.63,9.64,9.46,9.48,9.62,-0.14,-1.46,694237.68,662381.358,0.719,0.8638,0.85,19.5572,19.5572,2.7888,2.1324,2.1324,0.5274,0.5274,1099521.0218,965609.491,803700.0144,10423459.2867,9153977.9747,,,111.936
000002,万科A,全国地产,深圳,19910129,000002.SZ,20100309,9.39,9.7,9.28,9.62,9.39,0.23,2.45,1366688.8,1308030.9514,1.4154,1.7005,1.69,19.846,19.846,2.83,2.1639,2.1639,0.5198,0.5198,1099521.0218,965609.491,803700.0144,10577392.2297,9289163.3034,,,111.936
000002,万科A,全国地产,深圳,19910129,000002.SZ,20100308,9.36,9.45,9.3,9.39,9.36,0.03,0.32,498955.43,468666.9812,0.5167,0.6208,0.59,19.3715,19.3715,2.7623,2.1122,2.1122,0.5325,0.5325,1099521.0218,965609.491,803700.0144,10324502.3947,9067073.1205,,,111.936
000002,万科A,全国地产,深圳,19910129,000002.SZ,20100305,9.38,9.45,9.3,9.36,9.39,-0.03,-0.32,563466.52,527428.4031,0.5835,0.7011,0.65,19.3096,19.3096,2.7535,2.1054,2.1054,0.5342,0.5342,1099521.0218,965609.491,803700.0144,10291516.764,9038104.8358,10.33,8.45,111.936
000002,万科A,全国地产,深圳,19910129,000002.SZ,20100304,9.57,9.69,9.36,9.39,9.58,-0.19,-1.98,869293.23,830988.631,0.9003,1.0816,0.96,19.3715,19.3715,2.7623,2.1122,2.1122,0.5325,0.5325,1099521.0218,965609.491,803700.0144,10324502.3947,9067073.1205,,,111.936
000002,万科A,全国地产,深圳,19910129,000002.SZ,20100303,9.62,9.63,9.5,9.58,9.61,-0.03,-0.31,795358.88,760263.4845,0.8237,0.9896,0.94,19.7635,19.7635,2.8182,2.1549,2.1549,0.5219,0.5219,1099521.0218,965609.491,803700.0144,10533411.3888,9250538.9238,,,111.936
000002,万科A,全国地产,深圳,19910129,000002.SZ,20100302,9.45,9.66,9.45,9.61,9.44,0.17,1.8,1315010.66,1262045.945,1.3618,1.6362,1.97,19.8254,19.8254,2.8271,2.1617,2.1617,0.5203,0.5203,1099521.0218,965609.491,803700.0144,10566397.0195,9279507.2085,,,111.936
000002,万科A,全国地产,深圳,19910129,000002.SZ,20100301,9.43,9.48,9.34,9.44,9.43,0.01,0.11,708228.03,667199.2642,0.7335,0.8812,1.19,25.7353,22.0174,2.9704,2.5321,2.1627,0.5297,0.5297,1099521.0218,965609.491,803700.0144,10379478.4458,9115353.595,,,111.936
000002,万科A,全国地产,深圳,19910129,000002.SZ,20100226,9.49,9.52,9.4,9.43,9.48,-0.05,-0.53,678204.33,642430.5638,0.7024,0.8439,1.25,25.708,21.9941,2.9673,2.5294,2.1604,0.5302,0.5302,1099521.0218,965609.491,803700.0144,10368483.2356,9105697.5001,10.45,8.55,111.936
000002,万科A,全国地产,深圳,19910129,000002.SZ,20100225,9.28,9.5,9.28,9.48,9.23,0.25,2.71,1032743.91,973324.5006,1.0695,1.285,2.34,25.8443,22.1107,2.983,2.5428,2.1718,0.5274,0.5274,1099521.0218,965609.491,803700.0144,10423459.2867,9153977.9747,,,111.936
000002,万科A,全国地产,深圳,19910129,000002.SZ,20100224,9.09,9.24,9.05,9.23,9.13,0.1,1.1,479767.91,439426.623,0.4969,0.5969,1.1,25.1628,21.5276,2.9043,2.4758,2.1146,0.5417,0.5417,1099521.0218,965609.491,803700.0144,10148579.0312,8912575.6019,,,111.936
000002,万科A,全国地产,深圳,19910129,000002.SZ,20100223,9.27,9.27,9.09,9.13,9.26,-0.13,-1.4,432174.74,394880.0012,0.4476,0.5377,0.98,24.8902,21.2944,2.8729,2.4489,2.0917,0.5476,0.5476,1099521.0218,965609.491,803700.0144,10038626.929,8816014.6528,,,111.936
000002,万科A,全国地产,深圳,19910129,000002.SZ,20100222,9.29,9.35,9.25,9.26,9.37,-0.11,-1.17,347717.29,323271.1184,0.3601,0.4326,0.73,25.2446,21.5976,2.9138,2.4838,2.1214,0.54,0.54,1099521.0218,965609.491,803700.0144,10181564.6619,8941543.8867,10.34,8.46,111.936
000002,万科A,全国地产,深圳,19910129,000002.SZ,20100212,9.37,9.37,9.31,9.37,9.28,0.09,0.97,420578.17,393158.64,0.4356,0.5233,0.79,25.5445,21.8541,2.9484,2.5133,2.1466,0.5336,0.5336,1099521.0218,965609.491,803700.0144,10302511.9743,9047760.9307,,,111.936
000002,万科A,全国地产,深圳,19910129,000002.SZ,20100211,9.23,9.35,9.18,9.28,9.21,0.07,0.76,529121.9,491716.6156,0.548,0.6584,0.89,25.2991,21.6442,2.9201,2.4892,2.126,0.5388,0.5388,1099521.0218,965609.491,803700.0144,10203555.0823,8960856.0765,9.72,7.96,111.936
000002,万科A,全国地产,深圳,19910129,000002.SZ,20100210,9.14,9.24,9.1,9.21,9.09,0.12,1.32,450541.54,412512.5834,0.4666,0.5606,0.68,25.1083,21.4809,2.8981,2.4704,2.11,0.5429,0.5429,1099521.0218,965609.491,803700.0144,10126588.6108,8893263.4121,,,111.936
000002,万科A,全国地产,深圳,19910129,000002.SZ,20100209,9.12,9.16,9.03,9.09,9.12,-0.03,-0.33,449034.05,408068.2014,0.465,0.5587,0.62,24.7811,21.2011,2.8603,2.4382,2.0825,0.5501,0.5501,1099521.0218,965609.491,803700.0144,9994646.0882,8777390.2732,,,111.936
000002,万科A,全国地产,深圳,19910129,000002.SZ,20100208,9.19,9.22,9.08,9.12,9.2,-0.08,-0.87,539591.65,492708.8188,0.5588,0.6714,0.66,24.8629,21.271,2.8697,2.4463,2.0894,0.5482,0.5482,1099521.0218,965609.491,803700.0144,10027631.7188,8806358.5579,,,111.936
000002,万科A,全国地产,深圳,19910129,000002.SZ,20100205,9.26,9.32,9.15,9.2,9.41,-0.21,-2.23,687999.66,634905.0639,0.7125,0.856,0.82,25.081,21.4576,2.8949,2.4677,2.1077,0.5435,0.5435,1099521.0218,965609.491,803700.0144,10115593.4006,8883607.3172,,,111.936
000002,万科A,全国地产,深圳,19910129,000002.SZ,20100204,9.4,9.53,9.3,9.41,9.45,-0.04,-0.42,829513.26,781993.6715,0.8591,1.0321,0.99,25.6535,21.9474,2.961,2.524,2.1558,0.5313,0.5313,1099521.0218,965609.491,803700.0144,10346492.8151,9086385.3103,,,111.936
000002,万科A,全国地产,深圳,19910129,000002.SZ,20100203,9.26,9.48,9.13,9.45,9.28,0.17,1.83,818777.56,764874.2353,0.8479,1.0188,0.95,25.7625,22.0407,2.9736,2.5348,2.165,0.5291,0.5291,1099521.0218,965609.491,803700.0144,10390473.656,9125009.69,,,111.936
000002,万科A,全国地产,深圳,19910129,000002.SZ,20100202,9.43,9.55,9.28,9.28,9.41,-0.13,-1.38,753918.13,709718.2431,0.7808,0.9381,0.82,25.2991,21.6442,2.9201,2.4892,2.126,0.5388,0.5388,1099521.0218,965609.491,803700.0144,10203555.0823,8960856.0765,,,111.936
000002,万科A,全国地产,深圳,19910129,000002.SZ,20100201,9.3,9.53,9.09,9.41,9.34,0.07,0.75,978057.99,906407.6379,1.0129,1.2169,1.15,25.6535,21.9474,2.961,2.524,2.1558,0.5313,0.5313,1099521.0218,965609.491,803700.0144,10346492.8151,9086385.3103,,,111.936
000002,万科A,全国地产,深圳,19910129,000002.SZ,20100129,9.35,9.53,9.3,9.34,9.41,-0.07,-0.74,791506.82,745025.1824,0.8197,0.9848,0.86,25.4627,21.7841,2.939,2.5053,2.1398,0.5353,0.5353,1099521.0218,965609.491,803700.0144,10269526.3436,9018792.6459,,,111.936
000002,万科A,全国地产,深圳,19910129,000002.SZ,20100128,9.27,9.48,9.19,9.41,9.29,0.12,1.29,840947.53,785287.6038,0.8709,1.0463,0.88,25.6535,21.9474,2.961,2.524,2.1558,0.5313,0.5313,1099521.0218,965609.491,803700.0144,10346492.8151,9086385.3103,,,111.936
000002,万科A,全国地产,深圳,19910129,000002.SZ,20100127,9.25,9.46,9.19,9.29,9.22,0.07,0.76,955003.79,888059.7776,0.989,1.1883,0.86,25.3264,21.6675,2.9232,2.4919,2.1283,0.5382,0.5382,1099521.0218,965609.491,803700.0144,10214550.2925,8970512.1714,,,111.936
000002,万科A,全国地产,深圳,19910129,000002.SZ,20100126,9.52,9.59,9.18,9.22,9.52,-0.3,-3.15,1055038.78,982443.56,1.0926,1.3127,0.95,25.1355,21.5043,2.9012,2.4731,2.1123,0.5423,0.5423,1099521.0218,965609.491,803700.0144,10137583.821,8902919.507,,,111.936
000002,万科A,全国地产,深圳,19910129,000002.SZ,20100125,9.52,9.65,9.45,9.52,9.55,-0.03,-0.31,601708.36,574865.4272,0.6231,0.7487,0.48,25.9534,22.204,2.9956,2.5535,2.181,0.5252,0.5252,1099521.0218,965609.491,803700.0144,10467440.1275,9192602.3543,,,111.936
000002,万科A,全国地产,深圳,19910129,000002.SZ,20100122,9.68,9.73,9.5,9.55,9.8,-0.25,-2.55,1125393.43,1079530.1325,1.1655,1.4003,0.9,26.0352,22.2739,3.005,2.5616,2.1879,0.5236,0.5236,1099521.0218,965609.491,803700.0144,10500425.7582,9221570.6391,,,111.936
000002,万科A,全国地产,深圳,19910129,000002.SZ,20100121,9.76,9.87,9.63,9.8,9.76,0.04,0.41,1048284.54,1018079.4947,1.0856,1.3043,0.82,26.7167,22.857,3.0837,2.6287,2.2451,0.5102,0.5102,1099521.0218,965609.491,803700.0144,10775306.0136,9462973.0118,,,111.936
000002,万科A,全国地产,深圳,19910129,000002.SZ,20100120,10.08,10.1,9.73,9.76,10.06,-0.3,-2.98,1737476.54,1719444.6779,1.7994,2.1618,1.32,26.6077,22.7637,3.0711,2.6179,2.236,0.5123,0.5123,1099521.0218,965609.491,803700.0144,10731325.1728,9424348.6322,,,111.936
000002,万科A,全国地产,深圳,19910129,000002.SZ,20100119,10.1,10.16,10.03,10.06,10.09,-0.03,-0.3,1064043.88,1073060.0787,1.1019,1.3239,0.76,27.4255,23.4634,3.1655,2.6984,2.3047,0.497,0.497,1099521.0218,965609.491,803700.0144,11061181.4793,9714031.4795,,,111.936
000002,万科A,全国地产,深圳,19910129,000002.SZ,20100118,10.14,10.19,9.99,10.09,10.14,-0.05,-0.49,1251745.42,1259938.0278,1.2963,1.5575,0.83,27.5073,23.5334,3.175,2.7064,2.3116,0.4955,0.4955,1099521.0218,965609.491,803700.0144,11094167.11,9742999.7642,,,111.936
000002,万科A,全国地产,深圳,19910129,000002.SZ,20100115,10.06,10.23,10.04,10.14,10.03,0.11,1.1,1179247.85,1196520.9477,1.2212,1.4673,0.8,27.6436,23.65,3.1907,2.7198,2.323,0.4931,0.4931,1099521.0218,965609.491,803700.0144,11149143.1611,9791280.2387,,,111.936
000002,万科A,全国地产,深圳,19910129,000002.SZ,20100114,10.04,10.08,9.91,10.03,10.04,-0.01,-0.1,1192513.86,1192832.6893,1.235,1.4838,0.81,27.3437,23.3935,3.1561,2.6903,2.2978,0.4985,0.4985,1099521.0218,965609.491,803700.0144,11028195.8487,9685063.1947,,,111.936
000002,万科A,全国地产,深圳,19910129,000002.SZ,20100113,9.94,10.08,9.89,10.04,10.29,-0.25,-2.43,1892791.8,1892537.8949,1.9602,2.3551,1.39,27.371,23.4168,3.1592,2.693,2.3001,0.498,0.498,1099521.0218,965609.491,803700.0144,11039191.0589,9694719.2896,,,111.936
000002,万科A,全国地产,深圳,19910129,000002.SZ,20100112,10.13,10.37,9.98,10.29,10.18,0.11,1.08,1520725.07,1548907.8618,1.5749,1.8922,1.06,28.0526,23.9999,3.2379,2.7601,2.3574,0.4859,0.4859,1099521.0218,965609.491,803700.0144,11314071.3143,9936121.6624,,,111.936
000002,万科A,全国地产,深圳,19910129,000002.SZ,20100111,10.52,10.6,10.08,10.18,10.35,-0.17,-1.64,1713005.98,1758363.7633,1.774,2.1314,1.34,27.7527,23.7433,3.2033,2.7306,2.3322,0.4912,0.4912,1099521.0218,965609.491,803700.0144,11193124.0019,9829904.6184,,,111.936
000002,万科A,全国地产,深圳,19910129,000002.SZ,20100108,10.28,10.38,10.19,10.35,10.28,0.07,0.68,1085304.22,1117118.3569,1.124,1.3504,0.81,28.2161,24.1398,3.2568,2.7762,2.3712,0.4831,0.4831,1099521.0218,965609.491,803700.0144,11380042.5756,9994058.2319,,,111.936
000002,万科A,全国地产,深圳,19910129,000002.SZ,20100107,10.36,10.43,10.24,10.28,10.36,-0.08,-0.77,1152441.98,1188788.3687,1.1935,1.4339,0.79,28.0253,23.9766,3.2347,2.7574,2.3551,0.4864,0.4864,1099521.0218,965609.491,803700.0144,11303076.1041,9926465.5675,,,111.936
000002,万科A,全国地产,深圳,19910129,000002.SZ,20100106,10.35,10.51,10.2,10.36,10.36,0.0,0.0,1358604.06,1405756.5514,1.407,1.6904,0.98,28.2434,24.1631,3.2599,2.7789,2.3734,0.4826,0.4826,1099521.0218,965609.491,803700.0144,11391037.7858,10003714.3268,,,111.936
000002,万科A,全国地产,深圳,19910129,000002.SZ,20100105,10.51,10.52,10.2,10.36,10.6,-0.24,-2.26,1848620.78,1910014.3626,1.9145,2.3001,1.52,28.2434,24.1631,3.2599,2.7789,2.3734,0.4826,0.4826,1099521.0218,965609.491,803700.0144,11391037.7858,10003714.3268,,,111.936
000002,万科A,全国地产,深圳,19910129,000002.SZ,20100104,10.85,10.87,10.6,10.6,10.81,-0.21,-1.94,969832.53,1034344.7604,1.0044,1.2067,0.81,28.8977,24.7229,3.3354,2.8432,2.4284,0.4717,0.4717,1099521.0218,965609.491,803700.0144,11654922.8311,10235460.6046,,,111.936
000002,万科A,全国地产,深圳,19910129,000002.SZ,20091231,10.7,10.85,10.56,10.81,10.75,0.06,0.5581,1365481.01,1464018.7294,1.4141,1.699,1.15,29.4702,25.2127,3.4015,2.8996,2.4765,0.5782,0.4625,1099521.0218,965609.491,803700.0144,11885822.2457,10438238.5977,,,111.936
000002,万科A,全国地产,深圳,19910129,000002.SZ,20091230,10.4,10.77,10.36,10.75,10.45,0.3,2.8708,1735646.58,1842255.6265,1.7975,2.1596,1.64,29.3066,25.0728,3.3826,2.8835,2.4628,0.5814,0.4651,1099521.0218,965609.491,803700.0144,11819850.9844,10380302.0283,,,111.936
000002,万科A,全国地产,深圳,19910129,000002.SZ,20091229,10.55,10.57,10.34,10.45,10.53,-0.08,-0.7597,1045445.59,1088695.5004,1.0827,1.3008,0.93,28.4887,24.3731,3.2882,2.803,2.3941,0.5981,0.4785,1099521.0218,965609.491,803700.0144,11489994.6778,10090619.181,,,111.936
000002,万科A,全国地产,深圳,19910129,000002.SZ,20091228,10.45,10.65,10.42,10.53,10.47,0.06,0.5731,957135.46,1010135.4663,1.0191,1.1909,0.79,28.7068,24.5596,3.3134,2.8245,2.4124,0.5935,0.4748,1099521.0218,939209.491,803700.0144,11577956.3596,9889875.9402,,,111.936
000002,万科A,全国地产,深圳,19910129,000002.SZ,20091225,10.49,10.6,10.37,10.47,10.53,-0.06,-0.5698,881095.43,923180.1101,0.9381,1.0963,0.6,28.5433,24.4197,3.2945,2.8084,2.3986,0.5969,0.4776,1099521.0218,939209.491,803700.0144,11511985.0982,9833523.3708,,,111.936
000002,万科A,全国地产,深圳,19910129,000002.SZ,20091224,10.31,10.59,10.21,10.53,10.33,0.2,1.9361,1293753.33,1351589.4543,1.3775,1.6097,0.9,28.7068,24.5596,3.3134,2.8245,2.4124,0.5935,0.4748,1099521.0218,939209.491,803700.0144,11577956.3596,9889875.9402,,,111.936
000002,万科A,全国地产,深圳,19910129,000002.SZ,20091223,10.32,10.44,10.18,10.33,10.3,0.03,0.2913,1116948.41,1151301.8619,1.1892,1.3898,0.78,28.1616,24.0932,3.2505,2.7708,2.3666,0.605,0.484,1099521.0218,939209.491,803700.0144,11358052.1552,9702034.042,,,111.936
000002,万科A,全国地产,深圳,19910129,000002.SZ,20091222,10.68,10.69,10.28,10.3,10.72,-0.42,-3.9179,1376465.4,1436412.8485,1.4656,1.7127,0.82,28.0798,24.0232,3.241,2.7628,2.3597,0.6068,0.4854,1099521.0218,939209.491,803700.0144,11325066.5245,9673857.7573,,,111.936
000002,万科A,全国地产,深圳,19910129,000002.SZ,20091221,10.53,10.82,10.35,10.72,10.59,0.13,1.2276,1422438.71,1504738.3935,1.5145,1.7699,0.83,29.2248,25.0028,3.3732,2.8754,2.4559,0.583,0.4664,1099521.0218,939209.491,803700.0144,11786865.3537,10068325.7435,,,111.936
000002,万科A,全国地产,深圳,19910129,000002.SZ,20091218,11.19,11.19,10.5,10.59,11.27,-0.68,-6.0337,2170694.61,2328972.7253,2.3112,2.7009,1.42,28.8704,24.6996,3.3323,2.8406,2.4261,0.5902,0.4721,1099521.0218,939209.491,803700.0144,11643927.6209,9946228.5097,,,111.936
000002,万科A,全国地产,深圳,19910129,000002.SZ,20091217,11.35,11.44,11.21,11.27,11.35,-0.08,-0.7048,1095910.96,1241454.3231,1.1668,1.3636,0.68,30.7242,26.2856,3.5463,3.0229,2.5819,0.5546,0.4437,1099521.0218,939209.491,803700.0144,12391601.9157,10584890.9636,,,111.936
000002,万科A,全国地产,深圳,19910129,000002.SZ,20091216,11.3,11.46,11.22,11.35,11.39,-0.04,-0.3512,1083064.67,1230887.4655,1.1532,1.3476,0.65,30.9423,26.4722,3.5714,3.0444,2.6003,0.5507,0.4405,1099521.0218,939209.491,803700.0144,12479563.5974,10660027.7229,,,111.936
000002,万科A,全国地产,深圳,19910129,000002.SZ,20091215,11.6,11.61,11.3,11.39,11.79,-0.4,-3.3927,2666814.15,3054191.0213,2.8394,3.3182,1.6,31.0514,26.5655,3.584,3.0551,2.6094,0.5487,0.439,1099521.0218,939209.491,803700.0144,12523544.4383,10697596.1025,,,111.936
000002,万科A,全国地产,深圳,19910129,000002.SZ,20091214,11.79,11.88,11.4,11.79,11.79,0.0,0.0,1517945.56,1763441.6257,1.6162,1.8887,0.79,32.1418,27.4984,3.7099,3.1624,2.7011,0.5301,0.4241,1099521.0218,939209.491,803700.0144,12963352.847,11073279.8989,,,111.936
000002,万科A,全国地产,深圳,19910129,000002.SZ,20091211,11.93,11.99,11.76,11.79,11.91,-0.12,-1.0076,1268582.61,1502607.2538,1.3507,1.5784,0.58,32.1418,27.4984,3.7099,3.1624,2.7011,0.5301,0.4241,1099521.0218,939209.491,803700.0144,12963352.847,11073279.8989,,,111.936
000002,万科A,全国地产,深圳,19910129,000002.SZ,20091210,12.15,12.19,11.8,11.91,12.03,-0.12,-0.9975,1554326.72,1858056.6552,1.6549,1.934,0.72,32.469,27.7783,3.7476,3.1946,2.7285,0.5248,0.4198,1099521.0218,939209.491,803700.0144,13095295.3696,11185985.0378,,,111.936
000002,万科A,全国地产,深圳,19910129,000002.SZ,20091209,12.05,12.24,11.92,12.03,12.16,-0.13,-1.0691,1327583.52,1604409.7407,1.4135,1.6518,0.56,32.7961,28.0582,3.7854,3.2268,2.756,0.5195,0.4156,1099521.0218,939209.491,803700.0144,13227237.8923,11298690.1767,,,111.936
000002,万科A,全国地产,深圳,19910129,000002.SZ,20091208,12.36,12.58,12.1,12.16,12.29,-0.13,-1.0578,2682208.39,3313229.9514,2.8558,3.3373,1.22,33.1505,28.3614,3.8263,3.2617,2.7858,0.514,0.4112,1099521.0218,939209.491,803700.0144,13370175.6251,11420787.4106,,,111.936
000002,万科A,全国地产,深圳,19910129,000002.SZ,20091207,12.03,12.39,11.88,12.29,11.97,0.32,2.6734,2826474.58,3423463.4894,3.0094,3.5168,1.5,33.5049,28.6646,3.8672,3.2965,2.8156,0.5085,0.4068,1099521.0218,939209.491,803700.0144,13513113.3579,11542884.6444,,,111.936
000002,万科A,全国地产,深圳,19910129,000002.SZ,20091204,11.57,11.97,11.44,11.97,11.58,0.39,3.3679,2457318.21,2877930.2618,2.6164,3.0575,1.34,32.6326,27.9182,3.7665,3.2107,2.7423,0.5221,0.4177,1099521.0218,939209.491,803700.0144,13161266.6309,11242337.6073,,,111.936
000002,万科A,全国地产,深圳,19910129,000002.SZ,20091203,11.73,11.73,11.48,11.58,11.75,-0.17,-1.4468,1553214.41,1798831.8145,1.6537,1.9326,0.72,31.5693,27.0086,3.6438,3.1061,2.6529,0.5397,0.4318,1099521.0218,939209.491,803700.0144,12732453.4324,10876045.9058,,,111.936
000002,万科A,全国地产,深圳,19910129,000002.SZ,20091202,11.53,11.89,11.48,11.75,11.5,0.25,2.1739,2266836.37,2644985.5356,2.4136,2.8205,1.06,32.0328,27.4051,3.6973,3.1517,2.6919,0.5319,0.4255,1099521.0218,939209.491,803700.0144,12919372.0062,11035711.5193,,,111.936
000002,万科A,全国地产,深圳,19910129,000002.SZ,20091201,11.56,11.57,11.16,11.5,11.53,-0.03,-0.2602,1854640.31,2113490.3502,1.9747,2.3076,0.75,31.3512,26.822,3.6186,3.0846,2.6346,0.5435,0.4348,1099521.0218,939209.491,803700.0144,12644491.7507,10800909.1465,,,111.936
000002,万科A,全国地产,深圳,19910129,000002.SZ,20091130,11.34,11.58,11.33,11.53,11.27,0.26,2.307,1312845.36,1504162.4956,1.3978,1.6335,0.51,31.433,26.892,3.6281,3.0927,2.6415,0.5421,0.4337,1099521.0218,939209.491,803700.0144,12677477.3814,10829085.4312,,,111.936
000002,万科A,全国地产,深圳,19910129,000002.SZ,20091127,11.7,11.79,11.15,11.27,11.91,-0.64,-5.3736,2198540.14,2531725.8929,2.3408,2.7355,0.87,30.7242,26.2856,3.5463,3.0229,2.5819,0.5546,0.4437,1099521.0218,939209.491,803700.0144,12391601.9157,10584890.9636,,,111.936
000002,万科A,全国地产,深圳,19910129,000002.SZ,20091126,12.1,12.48,11.86,11.91,12.1,-0.19,-1.5702,3107759.05,3798177.43,3.3089,3.8668,1.4,32.469,27.7783,3.7476,3.1946,2.7285,0.5248,0.4198,1099521.0218,939209.491,803700.0144,13095295.3696,11185985.0378,,,111.936
000002,万科A,全国地产,深圳,19910129,000002.SZ,20091125,11.9,12.1,11.73,12.1,11.95,0.15,1.2552,2205363.54,2631683.6404,2.3481,2.744,1.08,32.987,28.2214,3.8074,3.2456,2.7721,0.5165,0.4132,1099521.0218,939209.491,803700.0144,13304204.3638,11364434.8411,,,111.936
000002,万科A,全国地产,深圳,19910129,000002.SZ,20091124,12.25,12.44,11.92,11.95,12.19,-0.24,-1.9688,3458646.59,4232443.5296,3.6825,4.3034,2.03,32.578,27.8716,3.7602,3.2053,2.7377,0.523,0.4184,1099521.0218,939209.491,803700.0144,13139276.2105,11223553.4175,,,111.936
000002,万科A,全国地产,深圳,19910129,000002.SZ,20091123,12.25,12.25,12.08,12.19,12.26,-0.07,-0.571,1802490.97,2188996.1661,1.9192,2.2427,1.03,33.2323,28.4313,3.8357,3.2697,2.7927,0.5127,0.4102,1099521.0218,939209.491,803700.0144,13403161.2557,11448963.6953,,,111.936
000002,万科A,全国地产,深圳,19910129,000002.SZ,20091120,12.26,12.37,12.06,12.26,12.27,-0.01,-0.0815,2003286.35,2446676.8838,2.1329,2.4926,1.18,33.4232,28.5946,3.8578,3.2885,2.8087,0.5098,0.4078,1099521.0218,939209.491,803700.0144,13480127.7273,11514708.3597,,,111.936
000002,万科A,全国地产,深圳,19910129,000002.SZ,20091119,12.18,12.31,12.1,12.27,12.14,0.13,1.0708,1639361.2,1996695.204,1.7455,2.0398,0.99,33.4504,28.6179,3.8609,3.2912,2.811,0.5094,0.4075,1099521.0218,939209.491,803700.0144,13491122.9375,11524100.4546,,,111.936
000002,万科A,全国地产,深圳,19910129,000002.SZ,20091118,12.19,12.25,12.1,12.14,12.18,-0.04,-0.3284,1313831.2,1595880.0541,1.3989,1.6347,0.8,33.096,28.3147,3.82,3.2563,2.7812,0.5148,0.4119,1099521.0218,939209.491,803700.0144,13348185.2047,11402003.2207,,,111.936
000002,万科A,全国地产,深圳,19910129,000002.SZ,20091117,12.24,12.38,12.17,12.18,12.16,0.02,0.1645,1748349.3,2144862.427,1.8615,2.1754,1.06,33.2051,28.408,3.8326,3.267,2.7904,0.5131,0.4105,1099521.0218,939209.491,803700.0144,13392166.0455,11439571.6004,,,111.936
000002,万科A,全国地产,深圳,19910129,000002.SZ,20091116,11.89,12.2,11.87,12.16,11.81,0.35,2.9636,2080430.22,2510527.5856,2.2151,2.5886,1.4,33.1505,28.3614,3.8263,3.2617,2.7858,0.514,0.4112,1099521.0218,939209.491,803700.0144,13370175.6251,11420787.4106,,,111.936
000002,万科A,全国地产,深圳,19910129,000002.SZ,20091113,11.83,11.89,11.58,11.81,11.88,-0.07,-0.5892,1675106.69,1962330.3096,1.7835,2.0842,1.05,32.1964,27.545,3.7162,3.1678,2.7056,0.5292,0.4234,1099521.0218,939209.491,803700.0144,12985343.2675,11092064.0887,,,111.936
000002,万科A,全国地产,深圳,19910129,000002.SZ,20091112,11.99,12.09,11.85,11.88,11.98,-0.1,-0.8347,1443178.43,1721647.2192,1.5366,1.7957,0.93,32.3872,27.7083,3.7382,3.1866,2.7217,0.5261,0.4209,1099521.0218,939209.491,803700.0144,13062309.739,11157808.7531,,,111.936
000002,万科A,全国地产,深圳,19910129,000002.SZ,20091111,12.13,12.13,11.9,11.98,12.14,-0.16,-1.318,1252087.05,1502610.7642,1.3331,1.5579,0.74,32.6598,27.9415,3.7697,3.2134,2.7446,0.5217,0.4174,1099521.0218,939209.491,803700.0144,13172261.8412,11251729.7022,,,111.936
000002,万科A,全国地产,深圳,19910129,000002.SZ,20091110,12.11,12.29,11.99,12.14,12.04,0.1,0.8306,1758105.03,2132159.0418,1.8719,2.1875,1.03,33.096,28.3147,3.82,3.2563,2.7812,0.5148,0.4119,1099521.0218,939209.491,803700.0144,13348185.2047,11402003.2207,,,111.936
000002,万科A,全国地产,深圳,19910129,000002.SZ,20091109,12.1,12.19,11.88,12.04,12.1,-0.06,-0.4959,1325076.19,1593428.7213,1.4108,1.6487,0.76,32.8234,28.0815,3.7885,3.2295,2.7583,0.5191,0.4153,1099521.0218,939209.491,803700.0144,13238233.1025,11308082.2716,,,111.936
000002,万科A,全国地产,深圳,19910129,000002.SZ,20091106,11.94,12.19,11.8,12.1,11.77,0.33,2.8037,2182698.63,2621960.6187,2.324,2.7158,1.44,32.987,28.2214,3.8074,3.2456,2.7721,0.5165,0.4132,1099521.0218,939209.491,803700.0144,13304204.3638,11364434.8411,,,111.936
000002,万科A,全国地产,深圳,19910129,000002.SZ,20091105,11.71,11.95,11.65,11.77,11.75,0.02,0.1702,1204716.0,1421111.1085,1.2827,1.499,0.79,32.0873,27.4518,3.7036,3.1571,2.6965,0.531,0.4248,1099521.0218,939209.491,803700.0144,12941362.4266,11054495.7091,,,111.936
000002,万科A,全国地产,深圳,19910129,000002.SZ,20091104,11.95,11.97,11.58,11.75,11.94,-0.19,-1.5913,2040925.84,2392401.8088,2.173,2.5394,1.51,32.0328,27.4051,3.6973,3.1517,2.6919,0.5319,0.4255,1099521.0218,939209.491,803700.0144,12919372.0062,11035711.5193,,,111.936
000002,万科A,全国地产,深圳,19910129,000002.SZ,20091103,11.93,11.99,11.79,11.94,11.93,0.01,0.0838,1749627.2,2079684.2035,1.8629,2.177,1.35,32.5508,27.8483,3.7571,3.2027,2.7354,0.5235,0.4188,1099521.0218,939209.491,803700.0144,13128281.0003,11214161.3225,,,111.936
000002,万科A,全国地产,深圳,19910129,000002.SZ,20091102,11.19,11.95,11.11,11.93,11.51,0.42,3.649,1504536.62,1733188.6669,1.6019,1.872,1.25,32.5235,27.8249,3.7539,3.2,2.7331,0.5239,0.4191,1099521.0218,939209.491,803700.0144,13117285.7901,11204769.2276,,,111.936
000002,万科A,全国地产,深圳,19910129,000002.SZ,20091030,11.71,11.76,11.5,11.51,11.48,0.03,0.2613,1080370.96,1255812.1701,1.1503,1.3442,0.86,31.3785,26.8453,3.6218,3.0873,2.6369,0.543,0.4344,1099521.0218,939209.491,803700.0144,12655486.9609,10810301.2414,,,111.936
000002,万科A,全国地产,深圳,19910129,000002.SZ,20091029,11.65,11.73,11.4,11.48,11.93,-0.45,-3.772,1269699.17,1469112.7803,1.3519,1.5798,1.02,31.2967,26.7754,3.6123,3.0793,2.63,0.5444,0.4355,1099521.0218,939209.491,803700.0144,12622501.3303,10782124.9567,,,111.936
000002,万科A,全国地产,深圳,19910129,000002.SZ,20091028,11.9,12.05,11.6,11.93,11.98,-0.05,-0.4174,1162114.37,1375992.2778,1.2373,1.446,0.85,32.5235,27.8249,3.7539,3.2,2.7331,0.5239,0.4191,1099521.0218,939209.491,803700.0144,13117285.7901,11204769.2276,,,111.936
000002,万科A,全国地产,深圳,19910129,000002.SZ,20091027,12.43,12.43,11.98,11.98,12.47,-0.49,-3.9294,1481792.43,1798111.1708,1.5777,1.8437,1.03,32.6598,27.9415,3.7697,3.2134,2.7446,0.5217,0.4174,1099521.0218,939209.491,803700.0144,13172261.8412,11251729.7022,,,111.936
000002,万科A,全国地产,深圳,19910129,000002.SZ,20091026,12.52,12.69,12.4,12.47,12.47,0.0,0.0,1024536.79,1282880.4231,1.0909,1.2748,0.57,33.9957,29.0844,3.9239,3.3448,2.8568,0.5012,0.401,1099521.0218,939209.491,803700.0144,13711027.1418,11711942.3528,,,111.936
000002,万科A,全国地产,深圳,19910129,000002.SZ,20091023,12.4,12.69,12.37,12.47,12.35,0.12,0.9717,1373795.38,1724120.4205,1.4627,1.7093,0.8,33.9957,30.4926,3.9718,3.3448,3.0104,0.5012,0.401,1099521.0218,939209.491,803700.0144,13711027.1418,11711942.3528,,,111.936
000002,万科A,全国地产,深圳,19910129,000002.SZ,20091022,12.38,12.62,12.29,12.35,12.53,-0.18,-1.4366,1209607.19,1504341.9102,1.2879,1.505,0.71,33.6685,30.1992,3.9335,3.3126,2.9814,0.5061,0.4049,1099521.0218,939209.491,803700.0144,13579084.6192,11599237.2139,,,111.936
000002,万科A,全国地产,深圳,19910129,000002.SZ,20091021,12.42,12.77,12.31,12.53,12.41,0.12,0.967,1780087.76,2245290.3537,1.8953,2.2149,1.02,34.1592,30.6393,3.9909,3.3609,3.0249,0.4988,0.399,1099521.0218,939209.491,803700.0144,13776998.4032,11768294.9222,,,111.936
000002,万科A,全国地产,深圳,19910129,000002.SZ,20091020,12.43,12.56,12.21,12.41,12.34,0.07,0.5673,1789659.12,2216820.0499,1.9055,2.2268,1.18,33.8321,30.3459,3.9527,3.3287,2.9959,0.5036,0.4029,1099521.0218,939209.491,803700.0144,13645055.8805,11655589.7833,,,111.936
000002,万科A,全国地产,深圳,19910129,000002.SZ,20091019,11.56,12.38,11.56,12.34,11.55,0.79,6.8398,2757082.01,3345551.7345,2.9355,3.4305,2.4,33.6413,30.1747,3.9304,3.31,2.979,0.5065,0.4052,1099521.0218,939209.491,803700.0144,13568089.409,11589845.1189,,,111.936
000002,万科A,全国地产,深圳,19910129,000002.SZ,20091016,11.47,11.67,11.31,11.55,11.47,0.08,0.6975,1050567.29,1209430.7687,1.1186,1.3072,0.91,31.4876,28.243,3.6787,3.0981,2.7883,0.5411,0.4329,1099521.0218,939209.491,803700.0144,12699467.8018,10847869.6211,,,111.936
000002,万科A,全国地产,深圳,19910129,000002.SZ,20091015,11.53,11.8,11.45,11.47,11.42,0.05,0.4378,1142595.31,1325569.0894,1.2166,1.4217,1.08,31.2695,28.0473,3.6533,3.0766,2.769,0.5449,0.4359,1099521.0218,939209.491,803700.0144,12611506.12,10772732.8618,,,111.936
000002,万科A,全国地产,深圳,19910129,000002.SZ,20091014,11.09,11.63,11.02,11.42,11.0,0.42,3.8182,1998729.39,2278880.6026,2.1281,2.4869,2.46,31.1332,27.9251,3.6373,3.0632,2.7569,0.5473,0.4378,1099521.0218,939209.491,803700.0144,12556530.069,10725772.3872,,,111.936
000002,万科A,全国地产,深圳,19910129,000002.SZ,20091013,10.78,11.04,10.75,11.0,10.85,0.15,1.3825,638022.87,698048.8061,0.6793,0.7939,0.76,29.9882,26.8981,3.5036,2.9505,2.6555,0.5682,0.4545,1099521.0218,939209.491,803700.0144,12094731.2398,10331304.401,,,111.936
000002,万科A,全国地产,深圳,19910129,000002.SZ,20091012,10.98,11.1,10.83,10.85,10.96,-0.11,-1.0036,904372.16,992087.6913,0.9629,1.1253,1.06,29.5792,26.5313,3.4558,2.9103,2.6193,0.576,0.4608,1099521.0218,939209.491,803700.0144,11929803.0865,10190422.9774,,,111.936
000002,万科A,全国地产,深圳,19910129,000002.SZ,20091009,10.65,11.0,10.49,10.96,10.42,0.54,5.1823,1062542.07,1140591.8539,1.1313,1.3221,1.11,29.8791,26.8002,3.4908,2.9398,2.6459,0.5703,0.4562,1099521.0218,939209.491,803700.0144,12050750.3989,10293736.0214,,,111.936
000002,万科A,全国地产,深圳,19910129,000002.SZ,20090930,10.39,10.57,10.35,10.42,10.34,0.08,0.7737,703848.21,734913.4966,0.7494,0.8758,0.68,28.407,25.4798,3.3188,2.795,2.5155,0.5998,0.4798,1099521.0218,939209.491,803700.0144,11457009.0472,9786562.8962,,,111.936
000002,万科A,全国地产,深圳,19910129,000002.SZ,20090929,10.35,10.49,10.2,10.34,10.31,0.03,0.291,745558.21,770026.4802,0.7938,0.9277,0.67,28.1889,25.2842,3.2933,2.7735,2.4962,0.6044,0.4836,1099521.0218,939209.491,803700.0144,11369047.3654,9711426.1369,,,111.936
000002,万科A,全国地产,深圳,19910129,000002.SZ,20090928,10.67,10.79,10.22,10.31,10.64,-0.33,-3.1015,758004.86,797618.2798,0.8071,0.9431,0.62,28.1071,25.2108,3.2838,2.7654,2.489,0.6062,0.485,1099521.0218,939209.491,803700.0144,11336061.7348,9683249.8522,,,111.936
000002,万科A,全国地产,深圳,19910129,000002.SZ,20090925,10.7,10.9,10.5,10.64,10.86,-0.22,-2.0258,1007349.97,1073528.806,1.0726,1.2534,0.7,29.0067,26.0178,3.3889,2.854,2.5686,0.5874,0.4699,1099521.0218,939209.491,803700.0144,11698903.672,9993188.9842,,,111.936
000002,万科A,全国地产,深圳,19910129,000002.SZ,20090924,10.5,11.1,10.18,10.86,10.55,0.31,2.9384,1553184.53,1643793.8838,1.6537,1.9325,1.05,29.6065,26.5557,3.459,2.913,2.6217,0.5755,0.4604,1099521.0218,939209.491,803700.0144,11940798.2967,10199815.0723,,,111.936
000002,万科A,全国地产,深圳,19910129,000002.SZ,20090923,10.83,11.05,10.5,10.55,10.91,-0.36,-3.2997,1074296.31,1148845.7308,1.1438,1.3367,0.6,28.7614,25.7977,3.3602,2.8298,2.5469,0.5924,0.4739,1099521.0218,939209.491,803700.0144,11599946.78,9908660.1301,,,111.936
000002,万科A,全国地产,深圳,19910129,000002.SZ,20090922,11.1,11.45,10.9,10.91,11.23,-0.32,-2.8495,1154782.56,1287852.2802,1.2295,1.4368,0.63,29.7428,26.678,3.4749,2.9264,2.6338,0.5729,0.4583,1099521.0218,939209.491,803700.0144,11995774.3478,10246775.5468,,,110.804
000002,万科A,全国地产,深圳,19910129,000002.SZ,20090921,11.2,11.29,10.85,11.23,11.36,-0.13,-1.1444,1363995.22,1503277.0603,1.4523,1.6971,0.74,30.6152,27.4605,3.5768,3.0122,2.7111,0.5565,0.4452,1099521.0218,939209.491,803700.0144,12347621.0748,10547322.5839,,,110.804
000002,万科A,全国地产,深圳,19910129,000002.SZ,20090918,11.93,11.93,11.05,11.36,11.93,-0.57,-4.7779,2047485.34,2363933.884,2.18,2.5476,1.21,30.9696,27.7784,3.6182,3.0471,2.7424,0.5502,0.4401,1099521.0218,939209.491,803700.0144,12490558.8076,10669419.8178,,,110.804
000002,万科A,全国地产,深圳,19910129,000002.SZ,20090917,11.9,11.99,11.74,11.93,11.9,0.03,0.2521,1736810.24,2062602.1532,1.8492,2.161,1.02,32.5235,29.1722,3.7998,3.2,2.88,0.5239,0.4191,1099521.0218,939209.491,803700.0144,13117285.7901,11204769.2276,,,110.804
000002,万科A,全国地产,深圳,19910129,000002.SZ,20090916,12.0,12.3,11.68,11.9,11.95,-0.05,-0.4184,2584121.87,3094489.3133,2.7514,3.2153,1.61,32.4417,29.0988,3.7902,3.1919,2.8728,0.5252,0.4202,1099521.0218,939209.491,803700.0144,13084300.1594,11176592.9429,,,110.804
000002,万科A,全国地产,深圳,19910129,000002.SZ,20090914,11.7,11.95,11.6,11.95,11.56,0.39,3.3737,1420714.19,1676614.7801,1.5127,1.7677,0.84,32.578,29.2211,3.8061,3.2053,2.8849,0.523,0.4184,1099521.0218,939209.491,803700.0144,13139276.2105,11223553.4175,,,110.804
000002,万科A,全国地产,深圳,19910129,000002.SZ,20090911,11.38,11.7,11.34,11.56,11.31,0.25,2.2104,1450030.25,1675201.1548,1.5439,1.8042,0.77,31.5148,28.2674,3.6819,3.1007,2.7907,0.5407,0.4325,1099521.0218,939209.491,803700.0144,12710463.012,10857261.716,,,110.804
000002,万科A,全国地产,深圳,19910129,000002.SZ,20090910,11.33,11.51,11.22,11.31,11.37,-0.06,-0.5277,1252807.67,1427655.0701,1.3339,1.5588,0.55,30.8333,27.6561,3.6023,3.0337,2.7304,0.5526,0.4421,1099521.0218,939209.491,803700.0144,12435582.7566,10622459.3432,,,110.804
000002,万科A,全国地产,深圳,19910129,000002.SZ,20090909,11.45,11.55,11.19,11.37,11.43,-0.06,-0.5249,1774279.08,2011967.6045,1.8891,2.2076,0.76,30.9968,27.8028,3.6214,3.0498,2.7449,0.5497,0.4398,1099521.0218,939209.491,803700.0144,12501554.0179,10678811.9127,,,110.804
000002,万科A,全国地产,深圳,19910129,000002.SZ,20090908,11.0,11.45,10.87,11.43,11.12,0.31,2.7878,2139368.08,2402503.2653,2.2778,2.6619,0.88,31.1604,27.9495,3.6405,3.0659,2.7593,0.5468,0.4374,1099521.0218,939209.491,803700.0144,12567525.2792,10735164.4821,,,110.804
000002,万科A,全国地产,深圳,19910129,000002.SZ,20090907,11.22,11.5,10.92,11.12,11.17,-0.05,-0.4476,1841232.19,2068948.7835,1.9604,2.2909,0.73,30.3153,27.1915,3.5418,2.9827,2.6845,0.5621,0.4496,1099521.0218,939209.491,803700.0144,12226673.7624,10444009.5399,,,110.804
000002,万科A,全国地产,深圳,19910129,000002.SZ,20090904,11.05,11.38,10.9,11.17,10.98,0.19,1.7304,2458064.1,2745295.4087,2.6172,3.0584,1.04,30.4516,27.3138,3.5577,2.9961,2.6966,0.5595,0.4476,1099521.0218,939209.491,803700.0144,12281649.8135,10490970.0145,,,110.804
000002,万科A,全国地产,深圳,19910129,000002.SZ,20090903,10.19,11.08,10.11,10.98,10.07,0.91,9.0367,3152550.41,3364311.9801,3.3566,3.9225,1.5,29.9336,26.8492,3.4972,2.9452,2.6507,0.5692,0.4554,1099521.0218,939209.491,803700.0144,12072740.8194,10312520.2112,,,110.804
000002,万科A,全国地产,深圳,19910129,000002.SZ,20090902,9.79,10.2,9.61,10.07,9.89,0.18,1.82,2152149.88,2159902.6885,2.2914,2.6778,1.1,27.4528,24.624,3.2073,2.7011,2.431,0.6207,0.4965,1099521.0218,939209.491,803700.0144,11072176.6895,9457839.5744,,,110.804
000002,万科A,全国地产,深圳,19910129,000002.SZ,20090901,9.35,10.13,9.21,9.89,9.4,0.49,5.2128,2551778.12,2489776.8942,2.7169,3.175,1.43,26.9621,24.1838,3.15,2.6528,2.3876,0.632,0.5056,1099521.0218,939209.491,803700.0144,10874262.9056,9288781.866,,,110.804
000002,万科A,全国地产,深圳,19910129,000002.SZ,20090831,10.1,10.1,9.29,9.4,10.23,-0.83,-8.1134,2283329.34,2181477.9032,2.4311,2.841,1.43,25.6262,22.9856,2.994,2.5214,2.2693,0.6649,0.5319,1099521.0218,939209.491,803700.0144,10335497.6049,8828569.2154,,,110.804
000002,万科A,全国地产,深圳,19910129,000002.SZ,20090828,10.66,10.75,10.15,10.23,10.7,-0.47,-4.3925,1666411.15,1722703.3306,1.7743,2.0734,1.06,27.889,25.0152,3.2583,2.744,2.4696,0.6109,0.4888,1099521.0218,939209.491,803700.0144,11248100.053,9608113.0929,,,110.804
000002,万科A,全国地产,深圳,19910129,000002.SZ,20090827,10.65,10.96,10.45,10.7,10.95,-0.25,-2.2831,1830957.79,1957187.9118,1.9495,2.2782,1.14,29.1703,26.1645,3.408,2.8701,2.5831,0.5841,0.4673,1099521.0218,939209.491,803700.0144,11764874.9333,10049541.5537,,,110.804
000002,万科A,全国地产,深圳,19910129,000002.SZ,20090826,10.65,11.08,10.5,10.95,10.69,0.26,2.4322,1465188.21,1600356.8314,1.56,1.8231,0.89,29.8518,26.7758,3.4876,2.9371,2.6435,0.5708,0.4566,1099521.0218,939209.491,803700.0144,12039755.1887,10284343.9265,,,110.804
000002,万科A,全国地产,深圳,19910129,000002.SZ,20090825,11.28,11.32,10.45,10.69,11.33,-0.64,-5.6487,1693280.42,1830772.5618,1.8029,2.1069,1.06,29.143,26.14,3.4048,2.8674,2.5807,0.5847,0.4677,1099521.0218,939209.491,803700.0144,11753879.723,10040149.4588,,,110.804
000002,万科A,全国地产,深圳,19910129,000002.SZ,20090824,11.41,11.5,11.2,11.33,11.34,-0.01,-0.0882,1344975.55,1526225.0978,1.432,1.6735,0.73,30.8878,27.705,3.6087,3.039,2.7352,0.5516,0.4413,1099521.0218,939209.491,803700.0144,12457573.177,10641243.533,,,110.804
000002,万科A,全国地产,深圳,19910129,000002.SZ,20090821,11.16,11.57,11.1,11.34,11.28,0.06,0.5319,1515155.86,1717996.624,1.6132,1.8852,0.78,30.9151,27.7295,3.6119,3.0417,2.7376,0.5511,0.4409,1099521.0218,939209.491,803700.0144,12468568.3872,10650635.6279,,,110.804
000002,万科A,全国地产,深圳,19910129,000002.SZ,20090820,10.98,11.32,10.83,11.28,11.0,0.28,2.5455,1979190.58,2203111.485,2.1073,2.4626,1.0,30.7515,27.5827,3.5927,3.0256,2.7231,0.5541,0.4433,1099521.0218,939209.491,803700.0144,12402597.1259,10594283.0585,,,110.804
000002,万科A,全国地产,深圳,19910129,000002.SZ,20090819,11.78,11.78,10.64,11.0,11.65,-0.65,-5.5794,1725457.1,1917865.0916,1.8371,2.1469,0.85,29.9882,26.8981,3.5036,2.9505,2.6555,0.5682,0.4545,1099521.0218,939209.491,803700.0144,12094731.2398,10331304.401,,,110.804
000002,万科A,全国地产,深圳,19910129,000002.SZ,20090818,11.49,11.81,11.38,11.65,11.5,0.15,1.3043,1430665.95,1657868.4936,1.5233,1.7801,0.72,31.7602,28.4875,3.7106,3.1249,2.8124,0.5365,0.4292,1099521.0218,939209.491,803700.0144,12809419.904,10941790.5702,,,110.804
000002,万科A,全国地产,深圳,19910129,000002.SZ,20090817,12.64,12.67,11.49,11.5,12.77,-1.27,-9.9452,2589013.53,3109655.4235,2.7566,3.2214,1.44,31.3512,28.1207,3.6628,3.0846,2.7762,0.5435,0.4348,1099521.0218,939209.491,803700.0144,12644491.7507,10800909.1465,,,110.804
000002,万科A,全国地产,深圳,19910129,000002.SZ,20090814,12.79,13.12,12.64,12.77,12.79,-0.02,-0.1564,1967853.73,2536022.1797,2.0952,2.4485,1.12,34.8135,31.2262,4.0673,3.4253,3.0828,0.4894,0.3915,1099521.0218,939209.491,803700.0144,14040883.4484,11993705.2001,,,110.804
000002,万科A,全国地产,深圳,19910129,000002.SZ,20090813,12.55,12.87,11.98,12.79,12.54,0.25,1.9936,2168533.05,2726245.6554,2.3089,2.6982,1.13,34.868,31.2751,4.0737,3.4307,3.0877,0.4887,0.3909,1099521.0218,939209.491,803700.0144,14062873.8688,12012489.3899,,,110.804
000002,万科A,全国地产,深圳,19910129,000002.SZ,20090812,12.68,12.91,12.51,12.54,12.67,-0.13,-1.026,1978371.1,2519565.4321,2.1064,2.4616,1.04,34.1865,30.6638,3.9941,3.3636,3.0273,0.4984,0.3987,1099521.0218,939209.491,803700.0144,13787993.6134,11777687.0171,,,110.804
000002,万科A,全国地产,深圳,19910129,000002.SZ,20090811,12.56,12.82,12.56,12.67,12.54,0.13,1.0367,1187957.23,1508704.391,1.2648,1.4781,0.56,34.5409,30.9817,4.0355,3.3985,3.0587,0.4933,0.3946,1099521.0218,939209.491,803700.0144,13930931.3462,11899784.251,,,110.804
000002,万科A,全国地产,深圳,19910129,000002.SZ,20090810,12.81,12.99,12.35,12.54,12.75,-0.21,-1.6471,1701510.62,2146095.2407,1.8116,2.1171,0.78,34.1865,30.6638,3.9941,3.3636,3.0273,0.4984,0.3987,1099521.0218,939209.491,803700.0144,13787993.6134,11777687.0171,,,110.804
000002,万科A,全国地产,深圳,19910129,000002.SZ,20090807,13.28,13.28,12.7,12.75,13.29,-0.54,-4.0632,1778270.98,2310572.1884,1.8934,2.2126,0.74,34.759,31.1773,4.0609,3.4199,3.078,0.4902,0.3922,1099521.0218,939209.491,803700.0144,14018893.028,11974921.0103,,,110.804
000002,万科A,全国地产,深圳,19910129,000002.SZ,20090806,13.09,13.6,12.58,13.29,13.15,0.14,1.0646,2964927.17,3892498.0379,3.1568,3.6891,1.16,36.2311,32.4977,4.2329,3.5648,3.2084,0.4703,0.3762,1099521.0218,939209.491,803700.0144,14612634.3797,12482094.1354,,,110.804
000002,万科A,全国地产,深圳,19910129,000002.SZ,20090805,13.33,13.4,13.0,13.15,13.31,-0.16,-1.2021,1898097.49,2495742.8543,2.021,2.3617,0.68,35.8495,32.1554,4.1883,3.5272,3.1746,0.4753,0.3802,1099521.0218,939209.491,803700.0144,14458701.4367,12350604.8067,,,110.804
000002,万科A,全国地产,深圳,19910129,000002.SZ,20090804,13.42,13.6,13.06,13.31,13.24,0.07,0.5287,2204908.94,2950471.399,2.3476,2.7434,0.74,36.2857,32.5467,4.2393,3.5701,3.2132,0.4696,0.3757,1099521.0218,939209.491,803700.0144,14634624.8002,12500878.3252,,,110.804
000002,万科A,全国地产,深圳,19910129,000002.SZ,20090803,13.39,13.41,13.0,13.24,13.36,-0.12,-0.8982,2119740.76,2792119.0585,2.2574,2.6381,0.72,36.0948,35.6473,4.5293,3.5514,3.4048,0.4721,0.3776,1099521.0218,939021.7652,803512.2886,14557658.3286,12432648.1712,,,110.804
000002,万科A,全国地产,深圳,19910129,000002.SZ,20090731,12.93,13.4,12.68,13.36,12.9,0.46,3.5659,2855295.7,3738669.3937,3.0407,3.5535,0.99,36.422,35.9704,4.5703,3.5835,3.4357,0.4678,0.3743,1099521.0218,939021.7652,803512.2886,14689600.8512,12545330.7831,,,110.804
000002,万科A,全国地产,深圳,19910129,000002.SZ,20090730,13.2,13.49,12.31,12.9,13.2,-0.3,-2.2727,3730014.21,4785067.4507,3.9722,4.6421,1.3,35.1679,34.7319,4.413,3.4602,3.3174,0.4845,0.3876,1099521.0218,939021.7652,803512.2886,14183821.1812,12113380.7711,,,110.804
000002,万科A,全国地产,深圳,19910129,000002.SZ,20090729,14.16,14.16,12.82,13.2,14.24,-1.04,-7.3034,3082015.61,4211210.8674,3.2822,3.8357,1.14,35.9858,35.5396,4.5156,3.5406,3.3946,0.4735,0.3788,1099521.0218,939021.7652,803512.2886,14513677.4878,12395087.3006,,,110.804
000002,万科A,全国地产,深圳,19910129,000002.SZ,20090728,14.16,14.51,13.76,14.24,14.17,0.07,0.494,3040954.29,4294189.8542,3.2384,3.7846,1.12,38.821,38.3397,4.8714,3.8196,3.662,0.4389,0.3511,1099521.0218,939021.7652,803512.2886,15657179.3504,13371669.9364,,,110.804
000002,万科A,全国地产,深圳,19910129,000002.SZ,20090727,14.23,14.3,13.95,14.17,14.22,-0.05,-0.3516,2067994.05,2916653.1606,2.2023,2.5737,0.71,38.6302,38.1513,4.8474,3.8008,3.644,0.4411,0.3529,1099521.0218,939021.7652,803512.2886,15580212.8789,13305938.4129,,,110.804
000002,万科A,全国地产,深圳,19910129,000002.SZ,20090724,14.55,14.68,13.8,14.22,14.42,-0.2,-1.387,2545653.62,3624971.3095,2.711,3.1682,0.94,38.7665,38.2859,4.8645,3.8142,3.6569,0.4395,0.3516,1099521.0218,939021.7652,803512.2886,15635188.93,13352889.5011,,,110.804
000002,万科A,全国地产,深圳,19910129,000002.SZ,20090723,13.99,14.5,13.95,14.42,13.99,0.43,3.0736,3555467.11,5102017.8934,3.7864,4.4249,1.46,39.3117,38.8244,4.933,3.8679,3.7083,0.4334,0.3467,1099521.0218,939021.7652,803512.2886,15855093.1344,13540693.8542,,,110.804
000002,万科A,全国地产,深圳,19910129,000002.SZ,20090722,13.7,14.05,13.7,13.99,13.92,0.07,0.5029,2280363.04,3164696.2208,2.4284,2.838,0.94,38.1395,37.6666,4.7859,3.7525,3.5977,0.4467,0.3574,1099521.0218,939021.7652,803512.2886,15382299.095,13136914.4951,,,110.804
000002,万科A,全国地产,深圳,19910129,000002.SZ,20090721,13.9,14.2,13.66,13.92,13.96,-0.04,-0.2865,3129863.3,4372388.5725,3.3331,3.8952,1.41,37.9486,37.4782,4.7619,3.7338,3.5797,0.449,0.3592,1099521.0218,939021.7652,803512.2886,15305332.6235,13071182.9716,,,110.804
000002,万科A,全国地产,深圳,19910129,000002.SZ,20090720,13.99,14.0,13.59,13.96,14.07,-0.11,-0.7818,3029609.85,4176862.852,3.2263,3.7705,1.58,38.0577,37.5859,4.7756,3.7445,3.59,0.4477,0.3582,1099521.0218,939021.7652,803512.2886,15349313.4643,13108743.8422,,,110.804
000002,万科A,全国地产,深圳,19910129,000002.SZ,20090717,14.19,14.25,13.9,14.07,14.16,-0.09,-0.6356,1611526.44,2266597.3426,1.7162,2.0056,0.82,38.3576,37.882,4.8132,3.774,3.6183,0.4442,0.3554,1099521.0218,939021.7652,803512.2886,15470260.7767,13212036.2364,,,110.804
000002,万科A,全国地产,深圳,19910129,000002.SZ,20090716,14.29,14.48,14.0,14.16,14.26,-0.1,-0.7013,2158360.68,3072807.7192,2.2985,2.6862,1.18,38.6029,38.1243,4.844,3.7981,3.6414,0.4414,0.3531,1099521.0218,939021.7652,803512.2886,15569217.6687,13296548.1952,,,110.804
000002,万科A,全国地产,深圳,19910129,000002.SZ,20090715,14.44,14.64,14.15,14.26,14.44,-0.18,-1.2465,2246367.59,3211006.7952,2.3922,2.7957,1.18,38.8755,38.3936,4.8782,3.825,3.6672,0.4383,0.3506,1099521.0218,939021.7652,803512.2886,15679169.7709,13390450.3718,,,110.804
000002,万科A,全国地产,深圳,19910129,000002.SZ,20090714,14.08,14.45,14.05,14.44,14.04,0.4,2.849,2081752.85,2955671.0314,2.2169,2.5908,1.08,39.3663,38.8782,4.9398,3.8732,3.7134,0.4328,0.3463,1099521.0218,939021.7652,803512.2886,15877083.5548,13559474.2895,,,110.804
000002,万科A,全国地产,深圳,19910129,000002.SZ,20090713,14.27,14.33,14.0,14.04,14.27,-0.23,-1.6118,1463906.13,2065023.1317,1.559,1.8219,0.68,38.2758,37.8012,4.803,3.7659,3.6106,0.4452,0.3561,1099521.0218,939021.7652,803512.2886,15437275.1461,13183865.5834,,,110.804
000002,万科A,全国地产,深圳,19910129,000002.SZ,20090710,14.2,14.55,13.96,14.27,14.25,0.02,0.1404,1904957.56,2710123.1521,2.0287,2.3708,0.86,38.9028,38.4205,4.8816,3.8276,3.6697,0.438,0.3504,1099521.0218,939021.7652,803512.2886,15690164.9811,13399840.5894,,,110.804
000002,万科A,全国地产,深圳,19910129,000002.SZ,20090709,14.38,14.44,14.1,14.25,14.42,-0.17,-1.1789,1464480.41,2087378.6075,1.5596,1.8226,0.67,38.8483,38.3666,4.8748,3.8223,3.6646,0.4386,0.3509,1099521.0218,939021.7652,803512.2886,15668174.5607,13381060.1541,,,110.804
000002,万科A,全国地产,深圳,19910129,000002.SZ,20090708,13.85,14.57,13.62,14.42,14.09,0.33,2.3421,2626808.52,3685028.6274,2.7974,3.2692,1.32,39.3117,38.8244,4.933,3.8679,3.7083,0.4334,0.3467,1099521.0218,939021.7652,803512.2886,15855093.1344,13540693.8542,,,110.804
000002,万科A,全国地产,深圳,19910129,000002.SZ,20090707,14.4,14.42,13.89,14.09,14.45,-0.36,-2.4913,2182056.87,3077223.844,2.3238,2.7156,1.23,38.4121,37.9359,4.8201,3.7794,3.6234,0.4436,0.3549,1099521.0218,939021.7652,803512.2886,15492251.1972,13230816.6717,,,110.804
000002,万科A,全国地产,深圳,19910129,000002.SZ,20090706,14.42,14.94,14.34,14.45,14.28,0.17,1.1905,2650343.56,3858853.0904,2.8225,3.2984,1.65,39.3935,38.9051,4.9432,3.8759,3.716,0.4325,0.346,1099521.0218,939021.7652,803512.2886,15888078.765,13568864.5071,,,110.804
000002,万科A,全国地产,深圳,19910129,000002.SZ,20090703,13.18,14.39,13.15,14.28,13.35,0.93,6.9663,2115373.46,2915399.4355,2.2527,2.6327,1.48,38.9301,38.4474,4.8851,3.8303,3.6723,0.4377,0.3501,1099521.0218,939021.7652,803512.2886,15701160.1913,13409230.8071,,,110.804
000002,万科A,全国地产,深圳,19910129,000002.SZ,20090702,13.26,13.37,13.11,13.35,13.19,0.16,1.213,1311555.03,1737249.551,1.3967,1.6323,0.9,36.3947,35.9435,4.5669,3.5809,3.4331,0.4682,0.3745,1099521.0218,939021.7652,803512.2886,14678605.641,12535940.5654,,,110.804
000002,万科A,全国地产,深圳,19910129,000002.SZ,20090701,12.73,13.43,12.69,13.19,12.75,0.44,3.451,1678277.29,2207225.5043,1.7873,2.0887,1.18,35.9585,35.5127,4.5122,3.5379,3.392,0.4738,0.3791,1099521.0218,939021.7652,803512.2886,14502682.2775,12385697.083,,,110.804
000002,万科A,全国地产,深圳,19910129,000002.SZ,20090630,12.9,13.01,12.7,12.75,12.89,-0.14,-1.0861,1109112.29,1426184.8341,1.1811,1.3803,0.69,34.759,34.3281,4.3617,3.4199,3.2788,0.4902,0.3922,1099521.0218,939021.7652,803512.2886,14018893.028,11972527.5063,,,110.804
000002,万科A,全国地产,深圳,19910129,000002.SZ,20090629,12.61,13.24,12.48,12.89,12.6,0.29,2.3016,1814288.14,2347231.3321,1.9321,2.2579,1.06,35.1407,34.705,4.4096,3.4575,3.3148,0.4849,0.3879,1099521.0218,939021.7652,803512.2886,14172825.971,12103990.5534,,,110.804
000002,万科A,全国地产,深圳,19910129,000002.SZ,20090626,12.52,12.75,12.35,12.6,12.46,0.14,1.1236,1250633.35,1569340.6102,1.3318,1.5565,0.66,34.3501,33.9242,4.3103,3.3797,3.2403,0.496,0.3968,1099521.0218,939021.7652,803512.2886,13853964.8747,11831674.2415,,,110.804
000002,万科A,全国地产,深圳,19910129,000002.SZ,20090625,12.41,12.75,12.24,12.46,12.41,0.05,0.4029,1421133.93,1779630.5964,1.5134,1.7687,0.68,33.9684,33.5473,4.2625,3.3421,3.2043,0.5016,0.4013,1099521.0218,939021.7652,803512.2886,13700031.9316,11700211.1944,,,110.804
000002,万科A,全国地产,深圳,19910129,000002.SZ,20090624,12.29,12.6,12.03,12.41,12.35,0.06,0.4858,1507577.42,1856706.6911,1.6055,1.8762,0.6,33.8321,33.4126,4.2453,3.3287,3.1914,0.5036,0.4029,1099521.0218,939021.7652,803512.2886,13645055.8805,11653260.1061,,,110.804
000002,万科A,全国地产,深圳,19910129,000002.SZ,20090623,12.21,12.73,11.95,12.35,12.45,-0.1,-0.8032,2034107.64,2502163.5636,2.1662,2.5315,0.88,33.6685,33.2511,4.2248,3.3126,3.176,0.5061,0.4049,1099521.0218,939021.7652,803512.2886,13579084.6192,11596918.8002,,,110.804
000002,万科A,全国地产,深圳,19910129,000002.SZ,20090622,12.49,12.89,12.28,12.45,12.39,0.06,0.4843,2338014.43,2931157.0214,2.4898,2.9097,1.16,33.9411,33.5203,4.259,3.3395,3.2017,0.502,0.4016,1099521.0218,939021.7652,803512.2886,13689036.7214,11690820.9767,,,110.804
000002,万科A,全国地产,深圳,19910129,000002.SZ,20090619,11.94,12.51,11.85,12.39,11.92,0.47,3.943,2231940.12,2717832.0345,2.3769,2.7777,1.23,33.7776,33.3588,4.2385,3.3234,3.1863,0.5044,0.4036,1099521.0218,939021.7652,803512.2886,13623065.4601,11634479.6708,,,110.804
000002,万科A,全国地产,深圳,19910129,000002.SZ,20090618,11.82,12.05,11.73,11.92,11.88,0.04,0.3367,2404397.81,2866804.2757,2.5605,2.9924,1.49,32.4963,32.0934,4.0777,3.1973,3.0654,0.5243,0.4195,1099521.0218,939021.7652,803512.2886,13106290.5799,11193139.4412,,,110.804
000002,万科A,全国地产,深圳,19910129,000002.SZ,20090617,10.81,11.91,10.59,11.88,10.83,1.05,9.6953,3535197.6,4039004.2253,3.7648,4.3997,3.11,32.3872,31.9857,4.064,3.1866,3.0551,0.5261,0.4209,1099521.0218,939021.7652,803512.2886,13062309.739,11155578.5706,,,110.804
000002,万科A,全国地产,深圳,19910129,000002.SZ,20090616,11.06,11.07,10.75,10.83,11.11,-0.28,-2.5203,1058834.1,1151664.2633,1.1276,1.3178,0.85,29.5247,29.1587,3.7048,2.9049,2.7851,0.5771,0.4617,1099521.0218,939021.7652,803512.2886,11907812.6661,10169605.7171,,,110.804
000002,万科A,全国地产,深圳,19910129,000002.SZ,20090615,10.94,11.15,10.7,11.11,10.96,0.15,1.3686,828880.53,911076.5432,0.8827,1.0316,0.57,30.288,29.9125,3.8006,2.98,2.8571,0.5626,1.0126,1099521.0218,939021.7652,803512.2886,12215678.5522,10432531.8114,,,110.804
000002,万科A,全国地产,深圳,19910129,000002.SZ,20090612,10.8,11.2,10.68,10.96,10.89,0.07,0.6428,1219023.58,1332528.699,1.2982,1.5171,0.85,29.8791,29.5087,3.7493,2.9398,2.8185,0.5703,1.0265,1099521.0218,939021.7652,803512.2886,12050750.3989,10291678.5466,,,110.804
000002,万科A,全国地产,深圳,19910129,000002.SZ,20090611,11.22,11.23,10.8,10.89,11.22,-0.33,-2.9412,1424613.89,1561809.7141,1.5171,1.773,0.92,29.6883,29.3202,3.7254,2.921,2.8005,0.5739,1.0331,1099521.0218,939021.7652,803512.2886,11973783.9274,10225947.023,,,110.804
000002,万科A,全国地产,深圳,19910129,000002.SZ,20090610,11.4,11.47,11.16,11.22,11.36,-0.14,-1.2324,1145909.18,1291516.3083,1.2203,1.4261,0.63,30.5879,30.2087,3.8383,3.0095,2.8854,0.557,1.0027,1099521.0218,939021.7652,803512.2886,12336625.8646,10535824.2055,,,110.804
000002,万科A,全国地产,深圳,19910129,000002.SZ,20090609,11.21,11.52,11.01,11.36,11.14,0.22,1.9749,1615409.51,1821360.4248,1.7203,2.0104,0.9,30.9696,30.5856,3.8862,3.0471,2.9214,0.5502,0.9903,1099521.0218,939021.7652,803512.2886,12490558.8076,10667287.2527,,,110.804
000002,万科A,全国地产,深圳,19910129,000002.SZ,20090608,10.61,11.3,10.61,11.14,10.64,0.5,4.6992,1926395.44,2127939.1122,2.0515,2.3975,1.09,30.3698,29.9933,3.8109,2.9881,2.8648,0.561,1.0099,1099521.0218,939021.7652,803512.2886,12248664.1829,10460702.4643,,,110.804
000002,万科A,全国地产,深圳,19910129,000002.SZ,20090605,10.88,11.05,10.66,10.69,10.86,-0.17,-1.5654,1084037.91,1174444.8248,1.1544,1.3491,0.63,29.143,28.7817,3.5955,2.8674,2.7491,0.5847,0.5847,1099521.0218,939021.7652,803512.2886,11753879.723,10038142.67,,,110.804
000002,万科A,全国地产,深圳,19910129,000002.SZ,20090604,10.75,11.07,10.65,10.86,10.84,0.02,0.1845,1929860.02,2094124.2354,2.0552,2.4018,1.18,29.6065,29.2394,3.6526,2.913,2.7928,0.5755,0.5755,1099521.0218,939021.7652,803512.2886,11940798.2967,10197776.3701,,,110.804
000002,万科A,全国地产,深圳,19910129,000002.SZ,20090603,10.22,10.84,10.18,10.84,10.22,0.62,6.0665,2478741.05,2632957.2683,2.6397,3.0849,1.57,29.552,29.1856,3.6459,2.9076,2.7877,0.5766,0.5766,1099521.0218,939021.7652,803512.2886,11918807.8763,10178995.9348,,,110.804
000002,万科A,全国地产,深圳,19910129,000002.SZ,20090602,10.3,10.47,10.17,10.22,10.16,0.06,0.5906,1597438.2,1652953.8506,1.7012,1.9881,1.04,27.8617,27.5163,3.4374,2.7413,2.6282,0.6115,0.6115,1099521.0218,939021.7652,803512.2886,11237104.8428,9596802.4403,,,110.804
000002,万科A,全国地产,深圳,19910129,000002.SZ,20090601,9.99,10.25,9.99,10.16,9.74,0.42,4.3121,1716902.12,1743564.8387,1.8284,2.1367,1.12,27.6981,27.3547,3.4172,2.7252,2.6128,0.6152,0.6152,1099521.0218,939021.7652,803512.2886,11171133.5815,9540461.1344,,,110.804
000002,万科A,全国地产,深圳,19910129,000002.SZ,20090527,9.79,9.94,9.61,9.74,9.66,0.08,0.8282,928475.01,909277.225,0.9888,1.1555,0.58,26.5531,26.2239,3.2759,2.6126,2.5048,0.6417,0.6417,1099521.0218,939021.7652,803512.2886,10709334.7523,9146071.993,,,110.804
000002,万科A,全国地产,深圳,19910129,000002.SZ,20090526,9.88,9.88,9.6,9.66,9.96,-0.3,-3.012,1452281.46,1414248.4538,1.5466,1.8074,0.9,26.335,26.0085,3.249,2.5911,2.4842,0.647,0.647,1099521.0218,939021.7652,803512.2886,10621373.0706,9070950.2518,,,110.804
000002,万科A,全国地产,深圳,19910129,000002.SZ,20090525,9.43,9.96,9.35,9.96,9.65,0.31,3.2124,2214386.26,2134350.8798,2.3582,2.7559,1.47,27.1529,26.8163,3.3499,2.6716,2.5614,0.6275,0.6275,1099521.0218,939021.7652,803512.2886,10951229.3771,9352656.7814,,,110.804
000002,万科A,全国地产,深圳,19910129,000002.SZ,20090522,9.7,9.82,9.53,9.65,9.75,-0.1,-1.0256,1401424.7,1354658.9883,1.4924,1.7441,0.87,26.3078,25.9816,3.2457,2.5884,2.4816,0.6477,0.6477,1099521.0218,939021.7652,803512.2886,10610377.8604,9061560.0342,,,110.804
000002,万科A,全国地产,深圳,19910129,000002.SZ,20090521,10.0,10.05,9.6,9.75,10.12,-0.37,-3.6561,1691670.9,1664723.0289,1.8015,2.1053,1.02,26.5804,26.2509,3.2793,2.6152,2.5073,0.641,0.641,1099521.0218,939021.7652,803512.2886,10720329.9626,9155462.2107,,,110.804
000002,万科A,全国地产,深圳,19910129,000002.SZ,20090520,10.25,10.34,10.04,10.12,10.25,-0.13,-1.2683,1224738.89,1246065.4734,1.3043,1.5242,0.68,27.5891,27.2471,3.4037,2.7145,2.6025,0.6176,0.6176,1099521.0218,939021.7652,803512.2886,11127152.7406,9502900.2638,,,110.804
000002,万科A,全国地产,深圳,19910129,000002.SZ,20090519,10.35,10.52,10.2,10.25,10.15,0.1,0.9852,1501544.95,1553077.1048,1.5991,1.8687,0.79,27.9435,27.5971,3.4475,2.7494,2.6359,0.6098,0.6098,1099521.0218,939021.7652,803512.2886,11270090.4735,9624973.0933,,,110.804
000002,万科A,全国地产,深圳,19910129,000002.SZ,20090518,10.25,10.26,9.97,10.15,10.41,-0.26,-2.4976,1723367.13,1738453.6581,1.8353,2.1448,0.75,27.6709,27.3278,3.4138,2.7225,2.6102,0.6158,0.6158,1099521.0218,939021.7652,803512.2886,11160138.3713,9531070.9168,,,110.804
000002,万科A,全国地产,深圳,19910129,000002.SZ,20090515,10.41,10.68,10.17,10.41,10.41,0.0,0.0,1941968.52,2031446.4445,2.0681,2.4168,0.74,28.3797,28.0278,3.5013,2.7923,2.6771,0.6004,0.6004,1099521.0218,939021.7652,803512.2886,11446013.8369,9775216.5757,,,110.804
000002,万科A,全国地产,深圳,19910129,000002.SZ,20090514,10.17,10.46,9.98,10.41,10.36,0.05,0.4826,1894042.06,1937005.8534,2.017,2.3572,0.72,28.3797,28.0278,3.5013,2.7923,2.6771,0.6004,0.6004,1099521.0218,939021.7652,803512.2886,11446013.8369,9775216.5757,,,110.804
000002,万科A,全国地产,深圳,19910129,000002.SZ,20090513,10.44,10.6,10.15,10.36,10.46,-0.1,-0.956,1892569.58,1957917.893,2.0155,2.3554,0.72,28.2434,27.8932,3.4845,2.7789,2.6642,0.6033,0.6033,1099521.0218,939021.7652,803512.2886,11391037.7858,9728265.4875,,,110.804
000002,万科A,全国地产,深圳,19910129,000002.SZ,20090512,9.7,10.46,9.69,10.46,9.8,0.66,6.7347,2042765.47,2046352.7275,2.1754,2.5423,0.72,28.516,28.1625,3.5181,2.8057,2.6899,0.5975,0.5975,1099521.0218,939021.7652,803512.2886,11500989.888,9822167.664,,,110.804
000002,万科A,全国地产,深圳,19910129,000002.SZ,20090511,10.1,10.5,9.75,9.8,9.84,-0.04,-0.4065,3642661.98,3711532.8892,3.8792,4.5334,1.34,26.7167,26.3855,3.2961,2.6287,2.5202,0.6378,0.6378,1099521.0218,939021.7652,803512.2886,10775306.0136,9202413.299,,,110.804
000002,万科A,全国地产,深圳,19910129,000002.SZ,20090508,9.1,10.0,9.09,9.84,9.12,0.72,7.8947,3665886.43,3482992.2479,3.9039,4.5623,1.49,26.8258,26.4932,3.3096,2.6394,2.5305,0.6352,0.6352,1099521.0218,939021.7652,803512.2886,10819286.8545,9239974.1696,,,110.804
000002,万科A,全国地产,深圳,19910129,000002.SZ,20090507,9.2,9.36,8.89,9.12,9.16,-0.04,-0.4367,1915559.55,1745922.3072,2.04,2.384,0.81,24.8629,24.5547,3.0674,2.4463,2.3453,0.6853,0.6853,1099521.0218,939021.7652,803512.2886,10027631.7188,8563878.4986,,,110.804
000002,万科A,全国地产,深圳,19910129,000002.SZ,20090506,9.06,9.25,9.0,9.16,9.04,0.12,1.3274,1930473.53,1768460.4328,2.0558,2.4025,0.91,24.972,24.6624,3.0809,2.457,2.3556,0.6823,0.6823,1099521.0218,939021.7652,803512.2886,10071612.5597,8601439.3692,,,110.804
000002,万科A,全国地产,深圳,19910129,000002.SZ,20090505,8.83,9.28,8.83,9.04,8.8,0.24,2.7273,2977495.36,2713496.903,3.1708,3.7056,1.72,24.6448,24.3393,3.0405,2.4248,2.3248,0.6914,0.6914,1099521.0218,939021.7652,803512.2886,9939670.0371,8488756.7574,,,110.804
000002,万科A,全国地产,深圳,19910129,000002.SZ,20090504,8.5,8.85,8.43,8.8,8.48,0.32,3.7736,3146987.96,2747488.7193,3.3513,3.9165,2.46,23.9905,23.6931,2.9598,2.3604,2.263,0.7102,0.7102,1099521.0218,939021.7652,803512.2886,9675784.9918,8263391.5338,,,110.804
000002,万科A,全国地产,深圳,19910129,000002.SZ,20090430,8.5,8.62,8.39,8.48,8.3,0.18,2.1687,2335745.73,1985096.4002,2.4874,2.9069,2.21,23.1181,22.8315,2.8521,2.2746,2.1807,0.737,0.737,1099521.0218,939021.7652,803512.2886,9323938.2649,7962904.5689,,,110.804
000002,万科A,全国地产,深圳,19910129,000002.SZ,20090429,7.98,8.38,7.97,8.3,7.98,0.32,4.01,1417542.71,1167046.716,1.5096,1.7642,1.13,22.6274,22.3469,2.7916,2.2263,2.1345,0.753,0.753,1099521.0218,939021.7652,803512.2886,9126024.4809,7793880.6512,,,110.804
000002,万科A,全国地产,深圳,19910129,000002.SZ,20090428,7.97,8.02,7.92,7.98,8.0,-0.02,-0.25,734504.78,586151.3556,0.7822,0.9141,0.51,21.755,21.4853,2.684,2.1405,2.0522,0.7832,0.7832,1099521.0218,939021.7652,803512.2886,8774177.754,7493393.6863,,,110.804
000002,万科A,全国地产,深圳,19910129,000002.SZ,20090427,8.08,8.16,7.96,8.0,8.08,-0.08,-0.9901,1008374.4,809949.7567,1.0739,1.255,0.62,21.8096,21.5392,2.6907,2.1458,2.0573,0.7813,0.7813,1099521.0218,939021.7652,803512.2886,8796168.1744,7512174.1216,,,110.804
000002,万科A,全国地产,深圳,19910129,000002.SZ,20090424,8.22,8.25,8.07,8.08,8.19,-0.11,-1.3431,895527.24,728145.7944,0.9537,1.1145,0.5,22.0277,22.0277,2.7857,2.1673,2.1673,0.7735,0.7735,1099521.0218,939021.7652,803512.2886,8884129.8561,7587295.8628,,,110.804
000002,万科A,全国地产,深圳,19910129,000002.SZ,20090423,8.1,8.23,8.04,8.19,8.15,0.04,0.4908,1230114.55,1000533.1715,1.31,1.5309,0.59,22.3275,22.3275,2.8236,2.1968,2.1968,0.7631,0.7631,1099521.0218,939021.7652,803512.2886,9005077.1685,7690588.257,,,110.804
000002,万科A,全国地产,深圳,19910129,000002.SZ,20090422,8.43,8.58,8.14,8.15,8.39,-0.24,-2.8605,2385765.65,1994519.5703,2.5407,2.9692,1.19,22.2185,22.2185,2.8098,2.1861,2.1861,0.7669,0.7669,1099521.0218,939021.7652,803512.2886,8961096.3277,7653027.3864,,,110.804
000002,万科A,全国地产,深圳,19910129,000002.SZ,20090421,8.4,8.49,8.26,8.39,8.54,-0.15,-1.7564,1648921.53,1384671.382,1.756,2.0521,0.75,22.8728,22.8728,2.8926,2.2504,2.2504,0.7449,0.7449,1099521.0218,939021.7652,803512.2886,9224981.3729,7878392.61,,,110.804
000002,万科A,全国地产,深圳,19910129,000002.SZ,20090420,8.41,8.56,8.37,8.54,8.43,0.11,1.3049,1961309.85,1660378.2602,2.0887,2.4409,0.85,23.2817,23.2817,2.9443,2.2907,2.2907,0.7319,0.7319,1099521.0218,939021.7652,803512.2886,9389909.5262,8019245.8748,,,110.804
000002,万科A,全国地产,深圳,19910129,000002.SZ,20090417,8.45,8.61,8.4,8.43,8.46,-0.03,-0.3546,1811794.6,1538205.6953,1.9294,2.2548,0.81,22.9818,22.9818,2.9064,2.2612,2.2612,0.7414,0.7414,1099521.0218,939021.7652,803512.2886,9268962.2138,7915953.4806,,,110.804
000002,万科A,全国地产,深圳,19910129,000002.SZ,20090416,8.6,8.64,8.32,8.46,8.59,-0.13,-1.5134,2574610.63,2171277.3719,2.7418,3.2042,1.25,23.0636,23.0636,2.9167,2.2692,2.2692,0.7388,0.7388,1099521.0218,939021.7652,803512.2886,9301947.8444,7944124.1336,,,110.804
000002,万科A,全国地产,深圳,19910129,000002.SZ,20090415,8.65,8.71,8.4,8.59,8.76,-0.17,-1.9406,2054352.06,1759300.4093,2.1878,2.5567,1.07,23.418,23.418,2.9615,2.3041,2.3041,0.7276,0.7276,1099521.0218,939021.7652,803512.2886,9444885.5773,8066196.9631,,,110.804
000002,万科A,全国地产,深圳,19910129,000002.SZ,20090414,8.5,8.86,8.46,8.76,8.5,0.26,3.0588,2575619.63,2238883.6221,2.7429,3.2055,1.32,23.8815,23.8815,3.0201,2.3497,2.3497,0.7135,0.7135,1099521.0218,939021.7652,803512.2886,9631804.151,8225830.6632,,,110.804
000002,万科A,全国地产,深圳,19910129,000002.SZ,20090413,8.6,8.69,8.45,8.5,8.39,0.11,1.3111,2578928.69,2211432.4525,2.7464,3.2096,1.21,23.1727,23.1727,2.9305,2.28,2.28,0.7353,0.7353,1099521.0218,939021.7652,803512.2886,9345928.6853,7981685.0042,,,110.804
000002,万科A,全国地产,深圳,19910129,000002.SZ,20090409,8.17,8.39,8.1,8.39,8.19,0.2,2.442,1410367.21,1159600.7311,1.502,1.7553,0.58,22.8728,22.8728,2.8926,2.2504,2.2504,0.7449,0.7449,1099521.0218,939021.7652,803512.2886,9224981.3729,7878392.61,,,110.804
000002,万科A,全国地产,深圳,19910129,000002.SZ,20090408,8.58,8.65,8.18,8.19,8.59,-0.4,-4.6566,1663676.73,1391359.5486,1.7717,2.0705,0.69,22.3275,22.3275,2.8236,2.1968,2.1968,0.7631,0.7631,1099521.0218,939021.7652,803512.2886,9005077.1685,7690588.257,,,110.804
000002,万科A,全国地产,深圳,19910129,000002.SZ,20090407,8.68,8.78,8.48,8.59,8.67,-0.08,-0.9227,1401637.09,1206247.9086,1.4927,1.7444,0.59,23.418,23.418,2.9615,2.3041,2.3041,0.7276,0.7276,1099521.0218,939021.7652,803512.2886,9444885.5773,8066196.9631,,,110.804
000002,万科A,全国地产,深圳,19910129,000002.SZ,20090403,8.75,8.95,8.6,8.67,8.62,0.05,0.58,2733223.98,2397088.38,2.9107,3.4016,1.25,23.6361,23.6361,2.9891,2.3256,2.3256,0.7209,0.7209,1099521.0218,939021.7652,803512.2886,9532847.259,8141318.7043,,,110.804
000002,万科A,全国地产,深圳,19910129,000002.SZ,20090402,8.51,8.83,8.49,8.62,8.48,0.14,1.6509,3480744.52,3013702.3136,3.7068,4.3319,1.86,23.4998,23.4998,2.9719,2.3121,2.3121,0.7251,0.7251,1099521.0218,939021.7652,803512.2886,9477871.2079,8094367.616,,,110.804
000002,万科A,全国地产,深圳,19910129,000002.SZ,20090401,8.28,8.62,8.23,8.48,8.28,0.2,2.4155,2906546.01,2446009.8689,3.0953,3.6173,1.77,23.1181,23.1181,2.9236,2.2746,2.2746,0.737,0.737,1099521.0218,939021.7652,803512.2886,9323938.2649,7962904.5689,,,110.804
000002,万科A,全国地产,深圳,19910129,000002.SZ,20090331,8.04,8.29,8.02,8.28,8.22,0.06,0.7299,1529319.24,1246727.828,1.6286,1.9033,0.81,22.5729,22.5729,2.8547,2.2209,2.2209,0.7548,0.7548,1099521.0218,939021.7652,803512.2886,9104034.0605,7775100.2159,,,110.804
000002,万科A,全国地产,深圳,19910129,000002.SZ,20090330,8.36,8.37,8.14,8.22,8.33,-0.11,-1.3205,1317438.83,1085716.4318,1.403,1.6396,0.58,22.4093,22.4093,2.834,2.2048,2.2048,0.7603,0.7603,1099521.0218,939021.7652,803512.2886,9038062.7992,7718758.9099,,,110.804
000002,万科A,全国地产,深圳,19910129,000002.SZ,20090327,8.44,8.45,8.28,8.33,8.4,-0.07,-0.8333,1723343.45,1442151.7582,1.8353,2.1448,0.73,22.7092,22.7092,2.8719,2.2344,2.2344,0.7503,0.7503,1099521.0218,939021.7652,803512.2886,9159010.1116,7822051.3041,,,110.804
000002,万科A,全国地产,深圳,19910129,000002.SZ,20090326,8.14,8.42,8.02,8.4,8.2,0.2,2.439,1866056.3,1532377.537,1.9872,2.3224,0.79,22.9,22.9,2.896,2.2531,2.2531,0.744,0.744,1099521.0218,939021.7652,803512.2886,9235976.5831,7887782.8277,,,110.804
000002,万科A,全国地产,深圳,19910129,000002.SZ,20090325,8.29,8.52,8.2,8.2,8.39,-0.19,-2.2646,1789305.07,1495087.2755,1.9055,2.2269,0.72,22.3548,22.3548,2.8271,2.1995,2.1995,0.7622,0.7622,1099521.0218,939021.7652,803512.2886,9016072.3788,7699978.4746,,,110.804
000002,万科A,全国地产,深圳,19910129,000002.SZ,20090324,8.59,8.73,8.3,8.39,8.4,-0.01,-0.119,2742121.03,2329601.5399,2.9202,3.4127,1.08,22.8728,22.8728,2.8926,2.2504,2.2504,0.7449,0.7449,1099521.0218,939021.7652,803512.2886,9224981.3729,7878392.61,,,110.804
000002,万科A,全国地产,深圳,19910129,000002.SZ,20090323,8.15,8.49,8.1,8.4,8.13,0.27,3.321,3182956.06,2657452.3031,3.3897,3.9613,1.5,22.9,22.9,2.896,2.2531,2.2531,0.744,0.744,1099521.0218,939021.7652,803512.2886,9235976.5831,7887782.8277,,,110.804
000002,万科A,全国地产,深圳,19910129,000002.SZ,20090320,8.38,8.42,8.0,8.13,8.31,-0.18,-2.1661,2254087.08,1839651.9828,2.4005,2.8053,1.18,22.164,22.164,2.8029,2.1807,2.1807,0.7688,0.7688,1099521.0218,939021.7652,803512.2886,8939105.9072,7634246.9511,,,110.804
000002,万科A,全国地产,深圳,19910129,000002.SZ,20090319,8.26,8.43,8.17,8.31,8.27,0.04,0.4837,1817240.39,1507406.8278,1.9352,2.2616,1.0,22.6547,22.6547,2.865,2.229,2.229,0.7521,0.7521,1099521.0218,939021.7652,803512.2886,9137019.6912,7803270.8688,,,110.804
000002,万科A,全国地产,深圳,19910129,000002.SZ,20090318,8.4,8.45,8.24,8.27,8.36,-0.09,-1.0766,2433349.32,2032544.8539,2.5914,3.0284,1.53,22.5456,22.5456,2.8512,2.2183,2.2183,0.7557,0.7557,1099521.0218,939021.7652,803512.2886,9093038.8503,7765709.9982,,,110.804
000002,万科A,全国地产,深圳,19910129,000002.SZ,20090317,7.9,8.45,7.87,8.36,7.89,0.47,5.9569,2996575.63,2459909.2975,3.1912,3.7293,2.43,22.791,22.791,2.8822,2.2424,2.2424,0.7476,0.7476,1099521.0218,939021.7652,803512.2886,9191995.7422,7850221.9571,,,110.804
000002,万科A,全国地产,深圳,19910129,000002.SZ,20090316,7.67,7.93,7.61,7.89,7.71,0.18,2.3346,1138590.99,890088.7129,1.2125,1.417,0.82,21.5097,21.5097,2.7202,2.1163,2.1163,0.7921,0.7921,1099521.0218,939021.7652,803512.2886,8675220.862,7408881.7274,,,110.804
000002,万科A,全国地产,深圳,19910129,000002.SZ,20090313,7.83,7.93,7.65,7.71,7.83,-0.12,-1.5326,1162407.56,903313.0903,1.2379,1.4467,0.73,21.019,21.019,2.6581,2.0681,2.0681,0.8106,0.8106,1099521.0218,939021.7652,803512.2886,8477307.0781,7239857.8097,,,110.804
000002,万科A,全国地产,深圳,19910129,000002.SZ,20090312,7.7,7.86,7.45,7.83,7.7,0.13,1.6883,1354478.7,1030220.5769,1.4424,1.6857,0.81,21.3461,21.3461,2.6995,2.1002,2.1002,0.7982,0.7982,1099521.0218,939021.7652,803512.2886,8609249.6007,7352540.4215,,,110.804
000002,万科A,全国地产,深圳,19910129,000002.SZ,20090311,8.01,8.09,7.61,7.7,7.81,-0.11,-1.4085,1310879.23,1035662.1243,1.396,1.6314,0.7,20.9917,20.9917,2.6547,2.0654,2.0654,0.8117,0.8117,1099521.0218,939021.7652,803512.2886,8466311.8679,7230467.592,,,110.804
000002,万科A,全国地产,深圳,19910129,000002.SZ,20090310,7.78,7.87,7.54,7.81,7.89,-0.08,-1.0139,1207884.88,929409.0694,1.2863,1.5033,0.64,21.2916,21.2916,2.6926,2.0949,2.0949,0.8003,0.8003,1099521.0218,939021.7652,803512.2886,8587259.1803,7333759.9862,,,110.804
000002,万科A,全国地产,深圳,19910129,000002.SZ,20090309,8.15,8.47,7.78,7.89,8.08,-0.19,-2.3515,1879955.52,1531805.5923,1.997,2.3299,1.03,17.9083,16.6706,2.8832,2.4419,1.9764,0.7921,0.7921,1099521.0218,941385.8315,806876.3519,8675220.862,7427534.2105,,,110.804
000002,万科A,全国地产,深圳,19910129,000002.SZ,20090306,7.8,8.23,7.75,8.08,7.93,0.15,1.8916,2248808.76,1824312.6123,2.3888,2.7871,1.33,18.3396,17.0721,2.9526,2.5007,2.0239,0.7735,0.7735,1099521.0218,941385.8315,806876.3519,8884129.8561,7606397.5185,,,110.804
000002,万科A,全国地产,深圳,19910129,000002.SZ,20090305,8.0,8.2,7.8,7.93,7.9,0.03,0.3797,1706554.06,1368102.7936,1.8128,2.115,1.0,17.9991,16.7552,2.8978,2.4543,1.9864,0.7881,0.7881,1099521.0218,941385.8315,806876.3519,8719201.7029,7465189.6438,,,110.804
000002,万科A,全国地产,深圳,19910129,000002.SZ,20090304,7.5,7.97,7.5,7.9,7.42,0.48,6.469,2324192.92,1814008.6674,2.4689,2.8805,1.35,17.931,16.6918,2.8868,2.445,1.9789,0.7911,0.7911,1099521.0218,941385.8315,806876.3519,8686216.0722,7436948.0689,,,110.804
000002,万科A,全国地产,深圳,19910129,000002.SZ,20090303,7.25,7.67,7.18,7.42,7.41,0.01,0.135,1268131.87,950296.4229,1.3471,1.5717,0.63,16.8416,15.6776,2.7114,2.2964,1.8586,0.8423,0.8423,1099521.0218,941385.8315,806876.3519,8158445.9818,6985082.8697,,,110.804
000002,万科A,全国地产,深圳,19910129,000002.SZ,20090302,7.15,7.56,7.05,7.41,7.15,0.26,3.6364,1616732.34,1192557.46,1.7174,2.0037,0.73,16.8189,15.6565,2.7078,2.2933,1.8561,0.8435,0.8435,1099521.0218,941385.8315,806876.3519,8147450.7715,6975669.0114,,,110.804
000002,万科A,全国地产,深圳,19910129,000002.SZ,20090227,7.12,7.24,6.96,7.15,7.19,-0.04,-0.5563,1565351.55,1111825.9829,1.6628,1.94,0.71,16.2287,15.1071,2.6128,2.2129,1.791,0.8741,0.8741,1099521.0218,941385.8315,806876.3519,7861575.3059,6730908.6952,,,110.804
000002,万科A,全国地产,深圳,19910129,000002.SZ,20090226,7.48,7.69,7.0,7.19,7.57,-0.38,-5.0198,1730813.68,1284575.7408,1.8386,2.1451,0.78,16.3195,15.1916,2.6274,2.2252,1.801,0.8693,0.8693,1099521.0218,941385.8315,806876.3519,7905556.1467,6768564.1285,,,110.804
000002,万科A,全国地产,深圳,19910129,000002.SZ,20090225,7.78,7.78,7.28,7.57,7.83,-0.26,-3.3206,2414624.18,1822908.3177,2.565,2.9926,1.07,17.182,15.9945,2.7662,2.3429,1.8962,0.8256,0.8256,1099521.0218,941385.8315,806876.3519,8323374.135,7126290.7445,,,110.804
000002,万科A,全国地产,深圳,19910129,000002.SZ,20090224,7.99,8.49,7.8,7.83,8.1,-0.27,-3.3333,2755019.74,2231257.4649,2.9266,3.4144,1.25,17.7722,16.5439,2.8612,2.4233,1.9613,0.7982,0.7982,1099521.0218,941385.8315,806876.3519,8609249.6007,7371051.0606,,,110.804
000002,万科A,全国地产,深圳,19910129,000002.SZ,20090223,7.85,8.18,7.85,8.1,7.74,0.36,4.6512,2574796.89,2071274.655,2.7351,3.1911,1.13,18.385,17.1143,2.9599,2.5069,2.029,0.7716,0.7716,1099521.0218,941385.8315,806876.3519,8906120.2766,7625225.2352,,,110.804
000002,万科A,全国地产,深圳,19910129,000002.SZ,20090220,7.69,7.8,7.54,7.74,7.72,0.02,0.2591,1579612.19,1208890.5872,1.678,1.9577,0.58,17.5679,16.3537,2.8284,2.3955,1.9388,0.8075,0.8075,1099521.0218,941385.8315,806876.3519,8510292.7087,7286326.3358,,,110.804
000002,万科A,全国地产,深圳,19910129,000002.SZ,20090219,7.62,7.81,7.5,7.72,7.59,0.13,1.7128,1782526.02,1364318.3542,1.8935,2.2092,0.62,17.5225,16.3115,2.821,2.3893,1.9338,0.8096,0.8096,1099521.0218,941385.8315,806876.3519,8488302.2883,7267498.6192,,,110.804
000002,万科A,全国地产,深圳,19910129,000002.SZ,20090218,7.9,8.0,7.58,7.59,8.08,-0.49,-6.0644,2577583.99,2004161.4476,2.7381,3.1945,0.89,17.2274,16.0368,2.7735,2.349,1.9012,0.8235,0.8235,1099521.0218,941385.8315,806876.3519,8345364.5555,7145118.4611,,,110.804
000002,万科A,全国地产,深圳,19910129,000002.SZ,20090217,8.49,8.49,8.07,8.08,8.51,-0.43,-5.0529,2505929.64,2066773.8001,2.662,3.1057,0.85,18.3396,17.0721,2.9526,2.5007,2.0239,0.7735,0.7735,1099521.0218,941385.8315,806876.3519,8884129.8561,7606397.5185,,,110.804
000002,万科A,全国地产,深圳,19910129,000002.SZ,20090216,8.6,8.65,8.27,8.51,8.55,-0.04,-0.4678,2933577.95,2481661.4823,3.1162,3.6357,0.99,19.3156,17.9806,3.1097,2.6338,2.1317,0.7344,0.7344,1099521.0218,941385.8315,806876.3519,9356923.8955,8011193.4261,,,110.804
000002,万科A,全国地产,深圳,19910129,000002.SZ,20090213,8.12,8.6,8.06,8.55,8.12,0.43,5.2956,3752906.32,3134836.4388,3.9866,4.6512,1.26,19.4064,18.0651,3.1243,2.6462,2.1417,0.731,0.731,1099521.0218,941385.8315,806876.3519,9400904.7364,8048848.8593,,,110.804
000002,万科A,全国地产,深圳,19910129,000002.SZ,20090212,8.01,8.14,7.72,8.12,8.0,0.12,1.5,2537986.24,2015842.9668,2.696,3.1454,0.84,18.4304,17.1566,2.9672,2.5131,2.034,0.7697,0.7697,1099521.0218,941385.8315,806876.3519,8928110.697,7644052.9518,,,110.804
000002,万科A,全国地产,深圳,19910129,000002.SZ,20090211,7.97,8.25,7.89,8.0,8.14,-0.14,-1.7199,2690517.86,2159901.9154,2.858,3.3345,0.9,18.158,16.9031,2.9234,2.4759,2.0039,0.7813,0.7813,1099521.0218,941385.8315,806876.3519,8796168.1744,7531086.652,,,110.804
000002,万科A,全国地产,深圳,19910129,000002.SZ,20090210,7.9,8.27,7.72,8.14,7.9,0.24,3.038,2855232.44,2298856.8969,3.033,3.5386,0.94,18.4758,17.1989,2.9745,2.5193,2.039,0.7678,0.7678,1099521.0218,941385.8315,806876.3519,8950101.1175,7662880.6684,,,110.804
000002,万科A,全国地产,深圳,19910129,000002.SZ,20090209,7.91,8.03,7.7,7.9,7.82,0.08,1.023,3022880.15,2385715.6361,3.2111,3.7464,1.17,17.931,16.6918,2.8868,2.445,1.9789,0.7911,0.7911,1099521.0218,941385.8315,806876.3519,8686216.0722,7436948.0689,,,110.804
000002,万科A,全国地产,深圳,19910129,000002.SZ,20090206,7.29,7.85,7.29,7.82,7.26,0.56,7.7135,3727206.4,2836660.1593,3.9593,4.6193,1.91,17.7495,16.5227,2.8576,2.4202,1.9588,0.7992,0.7992,1099521.0218,941385.8315,806876.3519,8598254.3905,7361637.2023,,,110.804
000002,万科A,全国地产,深圳,19910129,000002.SZ,20090205,7.26,7.52,7.18,7.26,7.26,0.0,0.0,2857704.61,2104606.998,3.0356,3.5417,1.84,16.4784,15.3395,2.653,2.2469,1.8185,0.8609,0.8609,1099521.0218,941385.8315,806876.3519,7982522.6183,6834461.1367,,,110.804
000002,万科A,全国地产,深圳,19910129,000002.SZ,20090204,7.09,7.26,7.0,7.26,7.09,0.17,2.3977,2470502.62,1766885.9598,2.6243,3.0618,1.86,16.4784,15.3395,2.653,2.2469,1.8185,0.8609,0.8609,1099521.0218,941385.8315,806876.3519,7982522.6183,6834461.1367,,,110.804
000002,万科A,全国地产,深圳,19910129,000002.SZ,20090203,7.01,7.1,6.75,7.09,7.01,0.08,1.1412,3116740.75,2149248.4218,3.3108,3.8627,3.77,16.0925,14.9803,2.5908,2.1943,1.776,0.8815,0.8815,1099521.0218,941385.8315,806876.3519,7795604.0446,6674425.5453,,,110.804
000002,万科A,全国地产,深圳,19910129,000002.SZ,20090202,7.09,7.11,6.96,7.01,7.04,-0.03,-0.4261,711886.19,498150.5,0.7562,0.8823,0.76,15.911,14.8113,2.5616,2.1695,1.7559,0.8916,0.8916,1099521.0218,941385.8315,806876.3519,7707642.3628,6599114.6788,,,110.804
000002,万科A,全国地产,深圳,19910129,000002.SZ,20090123,7.1,7.15,6.99,7.04,7.13,-0.09,-1.2623,582689.18,411382.1264,0.619,0.7222,0.52,15.979,14.8747,2.5726,2.1788,1.7634,0.8878,0.8878,1099521.0218,941385.8315,806876.3519,7740627.9935,6627356.2538,,,110.804
000002,万科A,全国地产,深圳,19910129,000002.SZ,20090122,7.11,7.21,6.97,7.13,7.1,0.03,0.4225,898010.29,637207.5419,0.9539,1.1129,0.83,16.1833,15.0649,2.6054,2.2067,1.786,0.8766,0.8766,1099521.0218,941385.8315,806876.3519,7839584.8854,6712080.9786,,,110.804
000002,万科A,全国地产,深圳,19910129,000002.SZ,20090121,6.84,7.16,6.8,7.1,6.92,0.18,2.6012,1314228.76,921549.0982,1.3961,1.6288,1.29,16.1152,15.0015,2.5945,2.1974,1.7785,0.8803,0.8803,1099521.0218,941385.8315,806876.3519,7806599.2548,6683839.4037,,,110.804
000002,万科A,全国地产,深圳,19910129,000002.SZ,20090120,7.0,7.04,6.84,6.92,7.02,-0.1,-1.4245,623493.96,431038.4042,0.6623,0.7727,0.58,15.7067,14.6211,2.5287,2.1417,1.7334,0.9032,0.9032,1099521.0218,941385.8315,806876.3519,7608685.4709,6514389.954,,,110.804
000002,万科A,全国地产,深圳,19910129,000002.SZ,20090119,6.99,7.25,6.92,7.02,6.92,0.1,1.4451,1259467.42,895167.3718,1.3379,1.5609,1.29,15.9337,14.8324,2.5652,2.1726,1.7584,0.8903,0.8903,1099521.0218,941385.8315,806876.3519,7718637.573,6608528.5371,,,110.804
000002,万科A,全国地产,深圳,19910129,000002.SZ,20090116,6.85,7.11,6.84,6.92,6.85,0.07,1.0219,1520497.81,1064036.652,1.6152,1.8844,1.92,15.7067,14.6211,2.5287,2.1417,1.7334,0.9032,0.9032,1099521.0218,941385.8315,806876.3519,7608685.4709,6514389.954,,,110.804
000002,万科A,全国地产,深圳,19910129,000002.SZ,20090115,6.77,6.95,6.74,6.85,6.89,-0.04,-0.5806,694561.23,474415.2017,0.7378,0.8608,0.84,15.5478,14.4732,2.5031,2.12,1.7158,0.9124,0.9124,1099521.0218,941385.8315,806876.3519,7531718.9993,6448492.9458,,,110.804
000002,万科A,全国地产,深圳,19910129,000002.SZ,20090114,6.57,6.9,6.55,6.89,6.57,0.32,4.8706,989445.09,665967.8365,1.0511,1.2263,1.25,15.6386,14.5578,2.5177,2.1324,1.7259,0.9071,0.9071,1099521.0218,941385.8315,806876.3519,7575699.8402,6486148.379,,,110.804
000002,万科A,全国地产,深圳,19910129,000002.SZ,20090113,6.71,6.73,6.57,6.57,6.81,-0.24,-3.5242,884121.03,588719.746,0.9392,1.0957,1.03,14.9123,13.8816,2.4008,2.0334,1.6457,0.9513,0.9513,1099521.0218,941385.8315,806876.3519,7223853.1132,6184904.913,,,110.804
000002,万科A,全国地产,深圳,19910129,000002.SZ,20090112,6.82,6.93,6.73,6.81,6.89,-0.08,-1.1611,774188.93,529016.5664,0.8224,0.9595,0.87,15.457,14.3887,2.4885,2.1076,1.7058,0.9178,0.9178,1099521.0218,941385.8315,806876.3519,7487738.1585,6410837.5125,,,110.804
000002,万科A,全国地产,深圳,19910129,000002.SZ,20090109,6.9,7.01,6.81,6.89,6.9,-0.01,-0.1449,626815.66,432865.4316,0.6658,0.7768,0.67,15.6386,14.5578,2.5177,2.1324,1.7259,0.9071,0.9071,1099521.0218,941385.8315,806876.3519,7575699.8402,6486148.379,,,110.804
000002,万科A,全国地产,深圳,19910129,000002.SZ,20090108,6.75,7.0,6.68,6.9,6.86,0.04,0.5831,837661.7,571374.3613,0.8898,1.0382,0.89,15.6613,14.5789,2.5214,2.1355,1.7284,0.9058,0.9058,1099521.0218,941385.8315,806876.3519,7586695.0504,6495562.2374,,,110.804
000002,万科A,全国地产,深圳,19910129,000002.SZ,20090107,6.93,7.06,6.86,6.86,6.9,-0.04,-0.5797,834829.31,580781.8035,0.8868,1.0346,0.85,15.5705,14.4944,2.5068,2.1231,1.7184,0.9111,0.9111,1099521.0218,941385.8315,806876.3519,7542714.2095,6457906.8041,,,110.804
000002,万科A,全国地产,深圳,19910129,000002.SZ,20090106,6.68,6.95,6.61,6.9,6.7,0.2,2.9851,1216831.18,835047.763,1.2926,1.5081,1.33,15.6613,14.5789,2.5214,2.1355,1.7284,0.9058,0.9058,1099521.0218,941385.8315,806876.3519,7586695.0504,6495562.2374,,,110.804
000002,万科A,全国地产,深圳,19910129,000002.SZ,20090105,6.58,6.7,6.48,6.7,6.45,0.25,3.876,936048.88,615404.4053,0.9943,1.1601,1.07,15.2073,14.1563,2.4483,2.0736,1.6783,0.9328,0.9328,1099521.0218,941385.8315,806876.3519,7366790.8461,6307285.0711,,,110.804
000002,万科A,全国地产,深圳,19910129,000002.SZ,20081231,6.5,6.56,6.38,6.45,6.5,-0.05,-0.77,836226.34,541247.3054,0.8883,1.0364,0.93,14.6399,13.6281,2.357,1.9962,1.6157,0.9182,0.969,1099521.0218,941385.8315,806876.3519,7091910.5906,6071938.6132,,,110.804
000002,万科A,全国地产,深圳,19910129,000002.SZ,20081230,6.56,6.65,6.4,6.5,6.61,-0.11,-1.66,879222.9,572769.5451,0.934,1.0897,0.74,14.7534,13.7337,2.3752,2.0117,1.6282,0.9111,0.9615,1099521.0218,941385.8315,806876.3519,7146886.6417,6119007.9048,,,110.804
000002,万科A,全国地产,深圳,19910129,000002.SZ,20081229,6.46,6.64,6.26,6.61,6.53,0.08,1.23,1031781.47,662228.5866,1.096,1.2787,0.75,15.0031,13.9662,2.4154,2.0457,1.6557,0.896,0.9455,1099521.0218,941385.8315,806876.3519,7267833.9541,6222560.3462,,,110.804
000002,万科A,全国地产,深圳,19910129,000002.SZ,20081226,6.71,6.72,6.48,6.53,6.7,-0.17,-2.54,895077.06,588569.1896,0.9508,1.1093,0.61,14.8215,13.7971,2.3862,2.021,1.6357,0.9069,0.9571,1099521.0218,941385.8315,806876.3519,7179872.2724,6147249.4797,,,110.804
000002,万科A,全国地产,深圳,19910129,000002.SZ,20081225,6.78,6.85,6.6,6.7,6.77,-0.07,-1.03,718081.52,483372.6143,0.7628,0.89,0.38,15.2073,14.1563,2.4483,2.0736,1.6783,0.8839,0.9328,1099521.0218,941385.8315,806876.3519,7366790.8461,6307285.0711,,,110.804
000002,万科A,全国地产,深圳,19910129,000002.SZ,20081224,6.89,6.94,6.71,6.77,6.98,-0.21,-3.01,966504.91,658852.8323,1.0267,1.1978,0.49,15.3662,14.3042,2.4739,2.0953,1.6958,0.8748,0.9232,1099521.0218,941385.8315,806876.3519,7443757.3176,6373182.0793,,,110.804
000002,万科A,全国地产,深圳,19910129,000002.SZ,20081223,7.34,7.38,6.94,6.98,7.34,-0.36,-4.9,2304216.99,1636459.8559,2.4477,2.8557,1.28,15.8429,14.7479,2.5506,2.1603,1.7484,0.8485,0.8954,1099521.0218,941385.8315,806876.3519,7674656.7322,6570873.1039,,,110.804
000002,万科A,全国地产,深圳,19910129,000002.SZ,20081222,7.71,7.71,7.19,7.34,7.72,-0.38,-4.92,1998044.18,1473696.2283,2.1224,2.4763,1.21,16.66,15.5086,2.6822,2.2717,1.8386,0.8069,0.8515,1099521.0218,941385.8315,806876.3519,8070484.3,6909772.0032,,,110.804
000002,万科A,全国地产,深圳,19910129,000002.SZ,20081219,7.73,7.8,7.56,7.72,7.81,-0.09,-1.15,1382641.04,1061583.5933,1.4687,1.7136,0.81,17.5225,16.3115,2.821,2.3893,1.9338,0.7671,0.8096,1099521.0218,941385.8315,806876.3519,8488302.2883,7267498.6192,,,110.804
000002,万科A,全国地产,深圳,19910129,000002.SZ,20081218,7.6,7.84,7.53,7.81,7.58,0.23,3.03,2751258.99,2107175.5949,2.9226,3.4098,1.87,17.7268,16.5016,2.8539,2.4171,1.9563,0.7583,0.8003,1099521.0218,941385.8315,806876.3519,8587259.1803,7352223.344,,,110.804
000002,万科A,全国地产,深圳,19910129,000002.SZ,20081217,7.6,7.69,7.5,7.58,7.58,0.0,0.0,1380139.91,1047151.3428,1.4661,1.7105,0.93,17.2047,16.0157,2.7699,2.346,1.8987,0.7813,0.8245,1099521.0218,941385.8315,806876.3519,8334369.3452,7135704.6028,,,110.804
000002,万科A,全国地产,深圳,19910129,000002.SZ,20081216,7.19,7.58,7.06,7.58,7.2,0.38,5.28,1476952.36,1088565.0107,1.5689,1.8305,0.97,17.2047,16.0157,2.7699,2.346,1.8987,0.7813,0.8245,1099521.0218,941385.8315,806876.3519,8334369.3452,7135704.6028,,,110.804
000002,万科A,全国地产,深圳,19910129,000002.SZ,20081215,7.42,7.48,7.0,7.2,7.31,-0.11,-1.5,1240447.98,894994.0109,1.3177,1.5373,0.67,16.3422,15.2128,2.631,2.2283,1.8035,0.8226,0.8681,1099521.0218,941385.8315,806876.3519,7916551.357,6777977.9868,,,110.804
000002,万科A,全国地产,深圳,19910129,000002.SZ,20081212,7.66,7.74,7.22,7.31,7.7,-0.39,-5.06,1686070.88,1247708.7276,1.7911,2.0896,0.82,16.5919,15.4452,2.6712,2.2624,1.8311,0.8102,0.855,1099521.0218,941385.8315,806876.3519,8037498.6694,6881530.4283,,,110.804
000002,万科A,全国地产,深圳,19910129,000002.SZ,20081211,7.74,7.97,7.63,7.7,7.78,-0.08,-1.03,1562083.18,1219329.0033,1.6593,1.936,0.7,17.4771,16.2692,2.8137,2.3831,1.9288,0.7691,0.8117,1099521.0218,941385.8315,806876.3519,8466311.8679,7248670.9026,,,110.804
000002,万科A,全国地产,深圳,19910129,000002.SZ,20081210,7.57,7.8,7.45,7.78,7.62,0.16,2.1,1436705.32,1097991.3955,1.5262,1.7806,0.62,17.6587,16.4382,2.843,2.4078,1.9488,0.7612,0.8033,1099521.0218,941385.8315,806876.3519,8554273.5496,7323981.7691,,,110.804
000002,万科A,全国地产,深圳,19910129,000002.SZ,20081209,7.94,7.94,7.58,7.62,7.9,-0.28,-3.54,1693518.53,1307283.64,1.799,2.0989,0.75,17.2955,16.1002,2.7845,2.3583,1.9087,0.7772,0.8202,1099521.0218,941385.8315,806876.3519,8378350.1861,7173360.036,,,110.804
000002,万科A,全国地产,深圳,19910129,000002.SZ,20081208,7.63,8.05,7.62,7.9,7.55,0.35,4.64,2882798.48,2265517.6544,3.0623,3.5728,1.45,17.931,16.6918,2.8868,2.445,1.9789,0.7497,0.7911,1099521.0218,941385.8315,806876.3519,8686216.0722,7436948.0689,,,110.804
000002,万科A,全国地产,深圳,19910129,000002.SZ,20081205,7.15,7.63,7.11,7.55,7.16,0.39,5.45,2700923.24,2009947.2787,2.8691,3.3474,1.48,17.1366,15.9523,2.7589,2.3367,1.8912,0.7844,0.8278,1099521.0218,941385.8315,806876.3519,8301383.7146,7107463.0278,,,110.804
000002,万科A,全国地产,深圳,19910129,000002.SZ,20081204,7.2,7.47,7.12,7.16,7.13,0.03,0.42,2393483.21,1750999.933,2.5425,2.9664,0.96,16.2514,15.1282,2.6164,2.216,1.7935,0.8271,0.8729,1099521.0218,941385.8315,806876.3519,7872570.5161,6740322.5535,,,110.804
000002,万科A,全国地产,深圳,19910129,000002.SZ,20081203,6.86,7.18,6.86,7.13,6.87,0.26,3.78,2006285.42,1411265.295,2.1312,2.4865,0.76,16.1833,15.0649,2.6054,2.2067,1.786,0.8306,0.8766,1099521.0218,941385.8315,806876.3519,7839584.8854,6712080.9786,,,110.804
000002,万科A,全国地产,深圳,19910129,000002.SZ,20081202,6.75,7.07,6.72,6.87,6.96,-0.09,-1.29,1269348.0,877006.8294,1.3484,1.5732,0.47,15.5932,14.5155,2.5104,2.1262,1.7209,0.8621,0.9098,1099521.0218,941385.8315,806876.3519,7553709.4198,6467320.6624,,,110.804
000002,万科A,全国地产,深圳,19910129,000002.SZ,20081201,6.82,7.03,6.74,6.96,6.82,0.14,2.05,1568577.59,1085141.8161,1.6662,1.944,0.55,15.7975,14.7057,2.5433,2.1541,1.7434,0.8509,0.898,1099521.0218,941385.8315,806876.3519,7652666.3117,6552045.3872,,,110.804
000002,万科A,全国地产,深圳,19910129,000002.SZ,20081128,6.81,7.02,6.74,6.82,7.01,-0.19,-2.71,1903631.54,1309063.4609,2.0222,2.3593,0.55,15.4797,14.4099,2.4922,2.1107,1.7083,0.8684,0.9164,1099521.0218,941385.8315,806876.3519,7498733.3687,6420251.3708,,,110.804
000002,万科A,全国地产,深圳,19910129,000002.SZ,20081127,7.48,7.48,7.01,7.01,6.8,0.21,3.09,5683602.59,4147249.5306,6.0375,7.044,1.81,15.911,14.8113,2.5616,2.1695,1.7559,0.8448,0.8916,1099521.0218,941385.8315,806876.3519,7707642.3628,6599114.6788,,,110.804
000002,万科A,全国地产,深圳,19910129,000002.SZ,20081126,6.56,7.0,6.45,6.8,6.56,0.24,3.66,2843820.46,1941641.0003,3.0209,3.5245,0.91,15.4343,14.3676,2.4849,2.1045,1.7033,0.8709,0.9191,1099521.0218,941385.8315,806876.3519,7476742.9482,6401423.6542,,,110.804
000002,万科A,全国地产,深圳,19910129,000002.SZ,20081125,6.54,6.71,6.4,6.56,6.42,0.14,2.18,1438148.36,941033.5252,1.5277,1.7824,0.41,14.8896,13.8605,2.3972,2.0303,1.6432,0.9028,0.9527,1099521.0218,941385.8315,806876.3519,7212857.903,6175491.0546,,,110.804
000002,万科A,全国地产,深圳,19910129,000002.SZ,20081124,6.74,6.83,6.39,6.42,6.92,-0.5,-7.23,2343447.35,1545431.1309,2.4894,2.9043,0.62,14.5718,13.5647,2.346,1.9869,1.6081,0.9225,0.9735,1099521.0218,941385.8315,806876.3519,7058924.96,6043697.0382,,,110.804
000002,万科A,全国地产,深圳,19910129,000002.SZ,20081121,6.4,7.17,6.32,6.92,6.63,0.29,4.37,4923939.0,3363058.9938,5.2305,6.1025,1.46,15.7067,14.6211,2.5287,2.1417,1.7334,0.8558,0.9032,1099521.0218,941385.8315,806876.3519,7608685.4709,6514389.954,,,110.804
000002,万科A,全国地产,深圳,19910129,000002.SZ,20081120,6.3,6.79,6.25,6.63,6.5,0.13,2.0,4112188.39,2709934.2499,4.3682,5.0964,1.33,15.0485,14.0084,2.4227,2.0519,1.6607,0.8933,0.9427,1099521.0218,941385.8315,806876.3519,7289824.3745,6241388.0628,,,110.804
000002,万科A,全国地产,深圳,19910129,000002.SZ,20081119,6.11,6.55,5.88,6.5,6.15,0.35,5.69,2886679.67,1801155.599,3.0664,3.5776,1.04,14.7534,13.7337,2.3752,2.0117,1.6282,0.9111,0.9615,1099521.0218,941385.8315,806876.3519,7146886.6417,6119007.9048,,,110.804
000002,万科A,全国地产,深圳,19910129,000002.SZ,20081118,6.7,6.71,6.15,6.15,6.83,-0.68,-9.96,3066883.98,1970202.2629,3.2578,3.8009,1.17,13.959,12.9942,2.2473,1.9034,1.5405,0.963,1.0163,1099521.0218,941385.8315,806876.3519,6762054.2841,5789522.8637,,,110.804
000002,万科A,全国地产,深圳,19910129,000002.SZ,20081117,6.8,6.89,6.53,6.83,6.92,-0.09,-1.3,3933779.86,2639250.9112,4.1787,4.8753,1.79,15.5024,14.431,2.4958,2.1138,1.7108,0.8671,0.9151,1099521.0218,941385.8315,806876.3519,7509728.5789,6429665.2291,,,110.804
000002,万科A,全国地产,深圳,19910129,000002.SZ,20081114,6.77,7.02,6.65,6.92,6.65,0.27,4.06,2861907.18,1962859.5493,3.0401,3.5469,1.63,15.7067,14.6211,2.5287,2.1417,1.7334,0.8558,0.9032,1099521.0218,941385.8315,806876.3519,7608685.4709,6514389.954,,,110.804
000002,万科A,全国地产,深圳,19910129,000002.SZ,20081113,6.28,6.8,6.13,6.65,6.4,0.25,3.91,2709457.98,1761937.3149,2.8782,3.358,1.98,15.0938,14.0507,2.43,2.0581,1.6657,0.8906,0.9398,1099521.0218,941385.8315,806876.3519,7311814.795,6260215.7795,,,110.804
000002,万科A,全国地产,深圳,19910129,000002.SZ,20081112,6.15,6.43,6.1,6.4,6.27,0.13,2.07,1247601.02,786144.7037,1.3253,1.5462,0.97,14.5264,13.5224,2.3387,1.9808,1.6031,0.9254,0.9766,1099521.0218,941385.8315,806876.3519,7036934.5395,6024869.3216,,,110.804
000002,万科A,全国地产,深圳,19910129,000002.SZ,20081111,6.08,6.6,6.0,6.27,6.13,0.14,2.28,2340748.04,1479083.1203,2.4865,2.901,2.31,14.2313,13.2478,2.2912,1.9405,1.5706,0.9446,0.9968,1099521.0218,941385.8315,806876.3519,6893996.8067,5902489.1635,,,110.804
000002,万科A,全国地产,深圳,19910129,000002.SZ,20081110,5.83,6.15,5.83,6.13,5.7,0.43,7.54,1811695.0,1088142.9651,1.9245,2.2453,2.32,13.9136,12.952,2.24,1.8972,1.5355,0.9661,1.0196,1099521.0218,941385.8315,806876.3519,6740063.8636,5770695.1471,,,110.804
000002,万科A,全国地产,深圳,19910129,000002.SZ,20081107,5.48,5.77,5.4,5.7,5.59,0.11,1.97,663750.71,375554.7284,0.7051,0.8226,0.89,12.9376,12.0434,2.0829,1.7641,1.4278,1.039,1.0965,1099521.0218,941385.8315,806876.3519,6267269.8243,5365899.2396,,,110.804
000002,万科A,全国地产,深圳,19910129,000002.SZ,20081106,5.64,5.69,5.48,5.59,5.8,-0.21,-3.62,773319.93,432105.2119,0.8215,0.9584,0.87,12.6879,11.811,2.0427,1.7301,1.4002,1.0595,1.1181,1099521.0218,941385.8315,806876.3519,6146322.5119,5262346.7981,,,110.804
000002,万科A,全国地产,深圳,19910129,000002.SZ,20081105,5.59,5.9,5.59,5.8,5.5,0.3,5.45,869558.83,500939.0062,0.9237,1.0777,0.78,13.1646,12.2547,2.1194,1.7951,1.4528,1.0211,1.0776,1099521.0218,941385.8315,806876.3519,6377221.9264,5460037.8227,,,110.804
000002,万科A,全国地产,深圳,19910129,000002.SZ,20081104,5.91,5.91,5.49,5.5,5.92,-0.42,-7.09,954929.79,541941.33,1.0144,1.1835,0.65,12.4836,11.6209,2.0098,1.7022,1.3777,1.0768,1.1364,1099521.0218,941385.8315,806876.3519,6047365.6199,5177622.0733,,,110.804
000002,万科A,全国地产,深圳,19910129,000002.SZ,20081103,5.82,6.04,5.78,5.92,5.88,0.04,0.68,636973.74,379838.4759,0.6766,0.7894,0.39,13.4369,12.5083,2.1633,1.8322,1.4829,1.0004,1.0557,1099521.0218,941385.8315,806876.3519,6509164.4491,5573004.1225,,,110.804
000002,万科A,全国地产,深圳,19910129,000002.SZ,20081031,5.9,6.02,5.84,5.88,5.96,-0.08,-1.34,499723.87,295481.2882,0.5308,0.6193,0.27,13.3461,12.4238,2.1487,1.8198,1.4729,1.0072,1.0629,1099521.0218,941385.8315,806876.3519,6465183.6082,5535348.6892,,,110.804
000002,万科A,全国地产,深圳,19910129,000002.SZ,20081030,5.9,6.25,5.8,5.96,5.9,0.06,1.02,1494288.05,903903.2135,1.5873,1.8519,0.76,13.5277,12.5928,2.1779,1.8446,1.4929,0.9937,1.0487,1099521.0218,941385.8315,806876.3519,6553145.2899,5610659.5557,,,110.804
000002,万科A,全国地产,深圳,19910129,000002.SZ,20081029,5.86,6.19,5.61,5.9,5.79,0.11,1.9,1962299.19,1159098.2066,2.0845,2.432,1.01,13.3915,12.466,2.156,1.826,1.4779,1.0038,1.0593,1099521.0218,941385.8315,806876.3519,6487174.0286,5554176.4059,,,110.804
000002,万科A,全国地产,深圳,19910129,000002.SZ,20081028,5.47,6.0,5.3,5.79,5.88,-0.09,-1.53,2742338.22,1558936.7461,2.9131,3.3987,1.54,13.1419,12.2336,2.1158,1.792,1.4503,1.0229,1.0794,1099521.0218,941385.8315,806876.3519,6366226.7162,5450623.9644,,,110.804
000002,万科A,全国地产,深圳,19910129,000002.SZ,20081027,6.3,6.33,5.88,5.88,6.53,-0.65,-9.95,1393989.41,841128.4573,1.4808,1.7276,0.71,13.3461,12.3445,2.1536,1.8198,1.551,1.0072,1.0629,1099521.0218,941385.8315,806876.3519,6465183.6082,5535348.6892,,,110.804
000002,万科A,全国地产,深圳,19910129,000002.SZ,20081024,6.82,6.87,6.3,6.53,6.89,-0.36,-5.23,1537975.19,1016037.1278,1.6337,1.9061,0.76,14.8215,13.7091,2.3917,2.021,1.7224,0.9069,0.9571,1099521.0218,941385.8315,806876.3519,7179872.2724,6147249.4797,,,110.804
000002,万科A,全国地产,深圳,19910129,000002.SZ,20081023,6.72,6.98,6.42,6.89,6.6,0.29,4.39,2249530.87,1515940.5882,2.3896,2.7879,1.06,15.6386,14.4649,2.5236,2.1324,1.8174,0.8596,0.9071,1099521.0218,941385.8315,806876.3519,7575699.8402,6486148.379,,,110.804
000002,万科A,全国地产,深圳,19910129,000002.SZ,20081022,6.81,7.02,6.58,6.6,6.97,-0.37,-5.31,1797386.3,1217538.4398,1.9093,2.2276,0.82,14.9804,13.8561,2.4173,2.0426,1.7409,0.8973,0.947,1099521.0218,941385.8315,806876.3519,7256838.7439,6213146.4879,,,110.804
000002,万科A,全国地产,深圳,19910129,000002.SZ,20081021,7.01,7.2,6.95,6.97,7.14,-0.17,-2.38,1936519.65,1370699.1843,2.0571,2.4,0.83,15.8202,14.6329,2.5529,2.1572,1.8385,0.8497,0.8967,1099521.0218,941385.8315,806876.3519,7663661.5219,6561459.2456,,,110.804
000002,万科A,全国地产,深圳,19910129,000002.SZ,20081020,6.8,7.2,6.49,7.14,6.75,0.39,5.78,2317186.41,1611208.0536,2.4615,2.8718,1.09,16.206,14.9898,2.6151,2.2098,1.8833,0.8295,0.8754,1099521.0218,941385.8315,806876.3519,7850580.0957,6721494.8369,,,110.804
000002,万科A,全国地产,深圳,19910129,000002.SZ,20081017,6.85,6.98,6.43,6.75,6.79,-0.04,-0.59,1769619.78,1184079.5174,1.8798,2.1932,0.9,15.3208,14.171,2.4723,2.0891,1.7804,0.8774,0.9259,1099521.0218,941385.8315,806876.3519,7421766.8972,6354354.3626,,,110.804
000002,万科A,全国地产,深圳,19910129,000002.SZ,20081016,6.4,7.05,6.36,6.79,6.71,0.08,1.19,2808216.78,1904264.5039,2.9831,3.4804,1.56,15.4116,14.255,2.4869,2.1015,1.791,0.8722,0.9205,1099521.0218,941385.8315,806876.3519,7465747.738,6392009.7959,,,110.804
000002,万科A,全国地产,深圳,19910129,000002.SZ,20081015,6.42,6.8,6.36,6.71,6.49,0.22,3.39,2066997.33,1371101.4629,2.1957,2.5617,1.23,15.23,14.087,2.4576,2.0767,1.7699,0.8826,0.9314,1099521.0218,941385.8315,806876.3519,7377786.0563,6316698.9294,,,110.804
000002,万科A,全国地产,深圳,19910129,000002.SZ,20081014,6.53,7.0,6.4,6.49,6.37,0.12,1.88,2773975.35,1858245.5678,2.9467,3.4379,1.82,14.7307,13.6252,2.377,2.0086,1.7119,0.9125,0.963,1099521.0218,941385.8315,806876.3519,7135891.4315,6109594.0464,,,110.286
000002,万科A,全国地产,深圳,19910129,000002.SZ,20081013,5.91,6.38,5.58,6.37,5.91,0.46,7.78,1193390.52,715100.5097,1.2677,1.479,0.7,14.4583,13.3732,2.3331,1.9715,1.6802,0.9297,0.9812,1099521.0218,941385.8315,806876.3519,7003948.9089,5996627.7467,,,110.286
000002,万科A,全国地产,深圳,19910129,000002.SZ,20081010,5.92,6.15,5.86,5.91,6.25,-0.34,-5.44,1036108.0,618221.1124,1.1006,1.2841,0.49,13.4142,12.4075,2.1646,1.8291,1.5589,1.0021,1.0575,1099521.0218,941385.8315,806876.3519,6498169.2388,5563590.2642,,,110.286
000002,万科A,全国地产,深圳,19910129,000002.SZ,20081009,6.6,6.69,5.98,6.25,6.5,-0.25,-3.85,1905398.6,1209953.9705,2.024,2.3615,0.84,14.1859,13.1213,2.2891,1.9343,1.6486,0.9476,1.0,1099521.0218,941385.8315,806876.3519,6872006.3863,5883661.4469,,,110.286
000002,万科A,全国地产,深圳,19910129,000002.SZ,20081008,6.37,6.72,6.28,6.5,6.57,-0.07,-1.07,1496795.62,974411.2734,1.59,1.855,0.71,14.7534,13.6462,2.3807,2.0117,1.7145,0.9111,0.9615,1099521.0218,941385.8315,806876.3519,7146886.6417,6119007.9048,,,110.286
000002,万科A,全国地产,深圳,19910129,000002.SZ,20081007,6.03,6.8,5.91,6.57,6.27,0.3,4.78,1999334.72,1287596.1164,2.1238,2.4779,1.03,14.9123,13.7931,2.4064,2.0334,1.733,0.9014,0.9513,1099521.0218,941385.8315,806876.3519,7223853.1132,6184904.913,,,110.286
000002,万科A,全国地产,深圳,19910129,000002.SZ,20081006,6.3,6.6,6.17,6.27,6.53,-0.26,-3.98,2116423.5,1349323.9507,2.2482,2.623,1.05,14.2313,13.1633,2.2965,1.9405,1.6538,0.9446,0.9968,1099521.0218,941385.8315,806876.3519,6893996.8067,5902489.1635,,,110.286
000002,万科A,全国地产,深圳,19910129,000002.SZ,20080926,5.9,6.53,5.87,6.53,5.94,0.59,9.93,2959677.66,1843731.9942,3.144,3.6681,1.87,14.8215,13.7091,2.3917,2.021,1.7224,0.9069,0.9571,1099521.0218,941385.8315,806876.3519,7179872.2724,6147249.4797,,,110.286
000002,万科A,全国地产,深圳,19910129,000002.SZ,20080925,5.48,6.04,5.36,5.94,5.49,0.45,8.2,2702891.58,1589284.5589,2.8712,3.3498,2.16,13.4823,12.4705,2.1756,1.8384,1.5668,0.997,1.0522,1099521.0218,941385.8315,806876.3519,6531154.8695,5591831.8391,,,110.286
000002,万科A,全国地产,深圳,19910129,000002.SZ,20080924,5.38,5.49,5.15,5.49,5.5,-0.01,-0.18,761846.73,402494.432,0.8093,0.9442,0.6,12.4609,11.5257,2.0108,1.6991,1.4481,1.0788,1.1384,1099521.0218,941385.8315,806876.3519,6036370.4097,5168208.2149,,,110.286
000002,万科A,全国地产,深圳,19910129,000002.SZ,20080923,5.65,5.69,5.48,5.5,5.95,-0.45,-7.56,1133200.12,632216.2812,1.2038,1.4044,0.88,12.4836,11.5467,2.0144,1.7022,1.4507,1.0768,1.1364,1099521.0218,941385.8315,806876.3519,6047365.6199,5177622.0733,,,110.286
000002,万科A,全国地产,深圳,19910129,000002.SZ,20080922,6.2,6.26,5.69,5.95,5.69,0.26,4.57,2489441.64,1498617.7848,2.6444,3.0853,2.71,13.505,12.4915,2.1793,1.8415,1.5694,0.9954,1.0504,1099521.0218,941385.8315,806876.3519,6542150.0797,5601245.6974,,,110.286
000002,万科A,全国地产,深圳,19910129,000002.SZ,20080919,5.69,5.69,5.54,5.69,5.17,0.52,10.06,811559.74,460470.2804,0.8621,1.0058,0.9,12.9149,11.9456,2.084,1.761,1.5008,1.0408,1.0984,1099521.0218,941385.8315,806876.3519,6256274.614,5356485.3812,,,110.286
000002,万科A,全国地产,深圳,19910129,000002.SZ,20080918,4.95,5.2,4.8,5.17,5.16,0.01,0.19,1058255.1,526654.5068,1.1241,1.3115,1.31,11.7346,10.8539,1.8936,1.6001,1.3637,1.1455,1.2089,1099521.0218,941385.8315,806876.3519,5684523.6827,4866964.7489,,,110.286
000002,万科A,全国地产,深圳,19910129,000002.SZ,20080917,5.59,5.69,5.11,5.16,5.58,-0.42,-7.53,907021.95,485547.812,0.9635,1.1241,1.26,11.7119,10.8329,1.8899,1.597,1.361,1.1477,1.2112,1099521.0218,941385.8315,806876.3519,5673528.4725,4857550.8905,,,110.286
000002,万科A,全国地产,深圳,19910129,000002.SZ,20080916,5.69,5.8,5.4,5.58,5.63,-0.05,-0.89,1152173.47,649132.7532,1.2239,1.4279,1.81,12.6652,11.7147,2.0437,1.727,1.4718,1.0614,1.1201,1099521.0218,941385.8315,806876.3519,6135327.3016,5252932.9398,,,110.286
000002,万科A,全国地产,深圳,19910129,000002.SZ,20080912,5.5,5.76,5.49,5.63,5.55,0.08,1.44,667578.24,378745.1743,0.7091,0.8274,1.13,12.7787,11.8197,2.0621,1.7424,1.485,1.0519,1.1101,1099521.0218,941385.8315,806876.3519,6190303.3527,5300002.2313,,,110.286
000002,万科A,全国地产,深圳,19910129,000002.SZ,20080911,5.87,5.88,5.46,5.55,5.92,-0.37,-6.25,701516.4,399281.7259,0.7452,0.8694,1.37,12.5971,11.6517,2.0328,1.7177,1.4639,1.0671,1.1261,1099521.0218,941385.8315,806876.3519,6102341.671,5224691.3648,,,110.286
000002,万科A,全国地产,深圳,19910129,000002.SZ,20080910,5.82,6.05,5.72,5.92,5.92,0.0,0.0,611694.85,361881.8919,0.6498,0.7581,1.22,13.4369,12.4285,2.1683,1.8322,1.5615,1.0004,1.0557,1099521.0218,941385.8315,806876.3519,6509164.4491,5573004.1225,,,110.286
000002,万科A,全国地产,深圳,19910129,000002.SZ,20080909,5.91,6.01,5.84,5.92,6.0,-0.08,-1.33,462877.57,273759.4027,0.4917,0.5737,1.02,13.4369,12.4285,2.1683,1.8322,1.5615,1.0004,1.0557,1099521.0218,941385.8315,806876.3519,6509164.4491,5573004.1225,,,110.286
000002,万科A,全国地产,深圳,19910129,000002.SZ,20080908,6.35,6.38,5.98,6.0,6.36,-0.36,-5.66,745726.85,453932.7979,0.7922,0.9242,1.94,13.6185,12.5964,2.1976,1.857,1.5826,0.9871,1.0417,1099521.0218,941385.8315,806876.3519,6597126.1308,5648314.989,,,110.286
000002,万科A,全国地产,深圳,19910129,000002.SZ,20080905,6.41,6.54,6.32,6.36,6.61,-0.25,-3.78,423989.62,273025.4978,0.4504,0.5255,0.82,14.4356,13.3522,2.3294,1.9684,1.6776,0.9312,0.9827,1099521.0218,941385.8315,806876.3519,6992953.6986,5987213.8883,,,110.286
000002,万科A,全国地产,深圳,19910129,000002.SZ,20080904,6.6,6.73,6.48,6.61,6.63,-0.02,-0.3,316279.79,208172.1294,0.336,0.392,0.58,15.0031,13.8771,2.421,2.0457,1.7435,0.896,0.9455,1099521.0218,941385.8315,806876.3519,7267833.9541,6222560.3462,,,110.286
000002,万科A,全国地产,深圳,19910129,000002.SZ,20080903,6.8,6.92,6.4,6.63,6.79,-0.16,-2.36,552178.8,367545.7411,0.5866,0.6843,1.0,15.0485,13.9191,2.4283,2.0519,1.7488,0.8933,0.9427,1099521.0218,941385.8315,806876.3519,7289824.3745,6241388.0628,,,110.286
000002,万科A,全国地产,深圳,19910129,000002.SZ,20080902,6.87,6.97,6.78,6.79,6.87,-0.08,-1.16,225190.84,154388.3734,0.2392,0.2791,0.37,15.4116,14.255,2.4869,2.1015,1.791,0.8722,0.9205,1099521.0218,941385.8315,806876.3519,7465747.738,6392009.7959,,,110.286
000002,万科A,全国地产,深圳,19910129,000002.SZ,20080901,6.99,7.0,6.78,6.87,7.08,-0.21,-2.97,404497.24,277807.9253,0.4297,0.5013,0.69,15.5932,14.4229,2.5162,2.1262,1.8121,0.8621,0.9098,1099521.0218,941385.8315,806876.3519,7553709.4198,6467320.6624,,,110.286
000002,万科A,全国地产,深圳,19910129,000002.SZ,20080829,6.8,7.24,6.72,7.08,6.73,0.35,5.2,1076578.22,756983.0006,1.1436,1.3343,2.46,16.0698,14.8638,2.5931,2.1912,1.8675,0.8365,0.8828,1099521.0218,941385.8315,806876.3519,7784608.8343,6665011.687,,,110.286
000002,万科A,全国地产,深圳,19910129,000002.SZ,20080828,6.8,6.87,6.67,6.73,6.8,-0.07,-1.03,482689.44,325492.3513,0.5127,0.5982,1.01,15.2754,14.129,2.465,2.0829,1.7752,0.88,0.9287,1099521.0218,941385.8315,806876.3519,7399776.4767,6335526.646,,,110.286
000002,万科A,全国地产,深圳,19910129,000002.SZ,20080827,6.89,7.07,6.7,6.8,6.93,-0.13,-1.88,562009.02,386686.3255,0.597,0.6965,1.02,15.4343,14.276,2.4906,2.1045,1.7936,0.8709,0.9191,1099521.0218,941385.8315,806876.3519,7476742.9482,6401423.6542,,,110.286
000002,万科A,全国地产,深圳,19910129,000002.SZ,20080826,6.78,7.03,6.68,6.93,6.86,0.07,1.02,548985.24,377559.1468,0.5832,0.6804,1.08,15.7294,14.5489,2.5382,2.1448,1.8279,0.8546,0.9019,1099521.0218,941385.8315,806876.3519,7619680.6811,6523803.8123,,,110.286
000002,万科A,全国地产,深圳,19910129,000002.SZ,20080825,6.88,7.0,6.77,6.86,6.87,-0.01,-0.15,259284.68,179602.3263,0.2754,0.3213,0.46,15.5705,14.4019,2.5126,2.1231,1.8095,0.8633,0.9111,1099521.0218,941385.8315,806876.3519,7542714.2095,6457906.8041,,,110.286
000002,万科A,全国地产,深圳,19910129,000002.SZ,20080822,7.01,7.09,6.75,6.87,7.07,-0.2,-2.83,334778.08,230158.7219,0.3556,0.4149,0.59,15.5932,14.4229,2.5162,2.1262,1.8121,0.8621,0.9098,1099521.0218,941385.8315,806876.3519,7553709.4198,6467320.6624,,,110.286
000002,万科A,全国地产,深圳,19910129,000002.SZ,20080821,7.33,7.44,7.05,7.07,7.46,-0.39,-5.23,683419.98,494039.5926,0.726,0.847,1.31,16.0471,14.8428,2.5895,2.1881,1.8648,0.8377,0.884,1099521.0218,941385.8315,806876.3519,7773613.6241,6655597.8287,,,110.286
000002,万科A,全国地产,深圳,19910129,000002.SZ,20080820,6.8,7.5,6.7,7.46,6.88,0.58,8.43,919945.27,672141.0637,0.9772,1.1401,1.94,16.9323,15.6616,2.7323,2.3088,1.9677,0.7939,0.8378,1099521.0218,941385.8315,806876.3519,8202426.8226,7022738.303,,,110.286
000002,万科A,全国地产,深圳,19910129,000002.SZ,20080819,6.68,6.88,6.58,6.88,6.75,0.13,1.93,335044.8,226239.687,0.3559,0.4152,0.65,15.6159,14.4439,2.5199,2.1293,1.8147,0.8608,0.9084,1099521.0218,941385.8315,806876.3519,7564704.63,6476734.5207,,,110.286
000002,万科A,全国地产,深圳,19910129,000002.SZ,20080818,7.15,7.17,6.75,6.75,7.14,-0.39,-5.46,542257.25,373841.4772,0.576,0.672,0.99,15.3208,14.171,2.4723,2.0891,1.7804,0.8774,0.9259,1099521.0218,941385.8315,806876.3519,7421766.8972,6354354.3626,,,110.286
000002,万科A,全国地产,深圳,19910129,000002.SZ,20080815,7.29,7.33,7.09,7.14,7.28,-0.14,-1.92,339661.35,244631.3658,0.3608,0.421,0.58,16.206,14.9898,2.6151,2.2098,1.8833,0.8295,0.8754,1099521.0218,941385.8315,806876.3519,7850580.0957,6721494.8369,,,110.286
000002,万科A,全国地产,深圳,19910129,000002.SZ,20080814,7.22,7.39,7.08,7.28,7.24,0.04,0.55,471937.65,343486.9361,0.5013,0.5849,0.8,16.5238,15.2837,2.6664,2.2531,1.9202,0.8135,0.8585,1099521.0218,941385.8315,806876.3519,8004513.0387,6853288.8533,,,110.286
000002,万科A,全国地产,深圳,19910129,000002.SZ,20080813,7.05,7.33,6.89,7.24,7.12,0.12,1.69,679025.63,481084.5056,0.7213,0.8415,1.0,16.433,15.1997,2.6517,2.2407,1.9097,0.818,0.8633,1099521.0218,941385.8315,806876.3519,7960532.1978,6815633.4201,,,110.286
000002,万科A,全国地产,深圳,19910129,000002.SZ,20080812,7.01,7.25,6.95,7.12,7.11,0.01,0.14,528495.64,374791.3517,0.5614,0.655,0.57,16.1606,14.9478,2.6078,2.2036,1.878,0.8318,0.8778,1099521.0218,941385.8315,806876.3519,7828589.6752,6702667.1203,,,110.286
000002,万科A,全国地产,深圳,19910129,000002.SZ,20080811,7.5,7.53,7.05,7.11,7.53,-0.42,-5.58,724443.58,526943.0652,0.7696,0.8978,0.84,16.1379,14.9268,2.6041,2.2005,1.8754,0.833,0.879,1099521.0218,941385.8315,806876.3519,7817594.465,6693253.262,,,110.286
000002,万科A,全国地产,深圳,19910129,000002.SZ,20080808,7.98,7.98,7.51,7.53,7.91,-0.38,-4.8,521798.23,399849.1458,0.5543,0.6467,0.56,17.0912,15.8085,2.758,2.3305,1.9862,0.7865,0.83,1099521.0218,941385.8315,806876.3519,8279393.2942,7088635.3112,9.48,7.76,110.286
000002,万科A,全国地产,深圳,19910129,000002.SZ,20080807,7.73,8.02,7.69,7.91,7.8,0.11,1.41,492422.14,387180.7377,0.5231,0.6103,0.5,17.9537,16.6063,2.8971,2.4481,2.0864,0.7487,0.7901,1099521.0218,941385.8315,806876.3519,8697211.2824,7446361.9272,9.33,7.63,110.286
000002,万科A,全国地产,深圳,19910129,000002.SZ,20080806,7.92,8.04,7.55,7.8,7.94,-0.14,-1.76,1138750.49,888982.9403,1.2097,1.4113,1.28,17.7041,16.3754,2.8569,2.414,2.0574,0.7593,0.8013,1099521.0218,941385.8315,806876.3519,8576263.97,7342809.4857,,,110.286
000002,万科A,全国地产,深圳,19910129,000002.SZ,20080805,8.39,8.53,7.88,7.94,8.47,-0.53,-6.26,1738844.94,1397438.2907,1.8471,2.155,2.38,18.0218,16.6693,2.9081,2.4574,2.0943,0.7459,0.7872,1099521.0218,941385.8315,806876.3519,8730196.9131,7474603.5021,,,110.286
000002,万科A,全国地产,深圳,19910129,000002.SZ,20080804,8.55,8.6,8.31,8.47,8.65,-0.18,-2.08,445707.27,377845.4806,0.4735,0.8839,0.5,19.2248,18.814,3.1552,2.6214,2.4629,0.6992,0.7379,1099521.0218,941385.8315,504274.1694,9312943.0546,7973537.9928,,,110.286
000002,万科A,全国地产,深圳,19910129,000002.SZ,20080801,8.46,8.85,8.23,8.65,8.5,0.15,1.76,878720.69,744794.6441,0.9334,1.7425,0.88,19.6333,19.2138,3.2222,2.6771,2.5152,0.6847,0.7225,1099521.0218,941385.8315,504274.1694,9510856.8386,8142987.4425,,,110.286
000002,万科A,全国地产,深圳,19910129,000002.SZ,20080731,8.83,8.89,8.48,8.5,8.8,-0.3,-3.41,737054.29,630540.0922,0.7829,1.4616,0.6,19.2929,18.8806,3.1663,2.6307,2.4716,0.6967,0.7353,1099521.0218,941385.8315,504274.1694,9345928.6853,8001779.5678,,,110.286
000002,万科A,全国地产,深圳,19910129,000002.SZ,20080730,8.99,9.08,8.7,8.8,8.95,-0.15,-1.68,654992.76,579845.403,0.6958,1.2989,0.51,19.9738,19.547,3.2781,2.7235,2.5589,0.673,0.7102,1099521.0218,941385.8315,504274.1694,9675784.9918,8284195.3172,,,110.286
000002,万科A,全国地产,深圳,19910129,000002.SZ,20080729,8.85,9.06,8.8,8.95,9.25,-0.3,-3.24,933268.36,831985.9653,0.9914,1.8507,0.75,20.3143,19.8802,3.334,2.77,2.6025,0.6617,0.6983,1099521.0218,941385.8315,504274.1694,9840713.1451,8425403.1919,,,110.286
000002,万科A,全国地产,深圳,19910129,000002.SZ,20080728,9.23,9.54,9.15,9.25,9.15,0.1,1.09,1282107.66,1197857.6379,1.3619,2.5425,1.07,20.9952,20.5465,3.4457,2.8628,2.6897,0.6403,0.6757,1099521.0218,941385.8315,504274.1694,10170569.4517,8707818.9414,,,110.286
000002,万科A,全国地产,深圳,19910129,000002.SZ,20080725,9.1,9.32,8.9,9.15,9.29,-0.14,-1.51,1408901.98,1284106.8813,1.4966,2.7939,1.21,20.7682,20.3244,3.4085,2.8319,2.6606,0.6473,0.6831,1099521.0218,941385.8315,504274.1694,10060617.3495,8613680.3582,,,110.286
000002,万科A,全国地产,深圳,19910129,000002.SZ,20080724,8.75,9.45,8.75,9.29,8.71,0.58,6.66,1878746.25,1712791.3321,1.9957,3.7256,1.91,21.086,20.6354,3.4606,2.8752,2.7013,0.6375,0.6728,1099521.0218,941385.8315,504274.1694,10214550.2925,8745474.3746,9.1,7.44,110.286
000002,万科A,全国地产,深圳,19910129,000002.SZ,20080723,8.89,8.95,8.64,8.71,8.83,-0.12,-1.36,911786.46,797638.2361,0.9686,1.8081,0.89,19.7695,19.3471,3.2446,2.6957,2.5327,0.68,0.7176,1099521.0218,941385.8315,504274.1694,9576828.0999,8199470.5924,,,110.286
000002,万科A,全国地产,深圳,19910129,000002.SZ,20080722,8.93,8.97,8.79,8.83,8.96,-0.13,-1.45,700016.3,620879.2115,0.7436,1.3882,0.58,20.0419,19.6136,3.2893,2.7328,2.5676,0.6707,0.7078,1099521.0218,941385.8315,504274.1694,9708770.6225,8312436.8921,,,110.286
000002,万科A,全国地产,深圳,19910129,000002.SZ,20080721,8.6,9.0,8.45,8.96,8.63,0.33,3.82,1100270.47,968552.6531,1.1688,2.1819,0.96,20.337,19.9024,3.3377,2.7731,2.6054,0.661,0.6975,1099521.0218,941385.8315,504274.1694,9851708.3553,8434817.0502,,,110.286
000002,万科A,全国地产,深圳,19910129,000002.SZ,20080718,8.44,8.69,8.15,8.63,8.35,0.28,3.35,1217573.05,1024043.3663,1.2934,2.4145,1.04,19.588,19.1694,3.2148,2.6709,2.5094,0.6863,0.7242,1099521.0218,941385.8315,504274.1694,9488866.4181,8124159.7258,,,110.286
000002,万科A,全国地产,深圳,19910129,000002.SZ,20080717,8.51,8.62,8.3,8.35,8.38,-0.03,-0.36,979374.33,827746.2383,1.0404,1.9421,0.75,18.9524,18.5474,3.1105,2.5843,2.428,0.7093,0.7485,1099521.0218,941385.8315,504274.1694,9181000.532,7860571.693,,,110.286
000002,万科A,全国地产,深圳,19910129,000002.SZ,20080716,8.64,8.64,8.2,8.38,8.8,-0.42,-4.77,1139112.51,957060.0237,1.21,2.2589,0.76,19.0205,18.614,3.1216,2.5935,2.4367,0.7067,0.7458,1099521.0218,941385.8315,504274.1694,9213986.1627,7888813.268,,,110.286
000002,万科A,全国地产,深圳,19910129,000002.SZ,20080715,9.52,9.57,8.75,8.8,9.48,-0.68,-7.17,1602514.4,1440614.0276,1.7023,3.1779,1.17,19.9738,19.547,3.2781,2.7235,2.5589,0.673,0.7102,1099521.0218,941385.8315,504274.1694,9675784.9918,8284195.3172,,,110.286
000002,万科A,全国地产,深圳,19910129,000002.SZ,20080714,9.45,9.59,9.29,9.48,9.5,-0.02,-0.21,775380.18,729610.1745,0.8237,1.5376,0.51,21.5172,21.0574,3.5314,2.934,2.7566,0.6247,0.6593,1099521.0218,941385.8315,504274.1694,10423459.2867,8924337.6826,,,110.286
000002,万科A,全国地产,深圳,19910129,000002.SZ,20080711,9.8,9.9,9.31,9.5,9.88,-0.38,-3.85,1347972.62,1278392.1583,1.4319,2.6731,0.88,21.5626,21.1018,3.5388,2.9402,2.7624,0.6234,0.6579,1099521.0218,941385.8315,504274.1694,10445449.7071,8943165.3993,,,110.286
000002,万科A,全国地产,深圳,19910129,000002.SZ,20080710,9.8,10.38,9.63,9.88,10.01,-0.13,-1.3,1702148.53,1700807.8256,1.8081,3.3754,1.26,22.4251,21.9459,3.6804,3.0578,2.8729,0.5994,0.6326,1099521.0218,941385.8315,504274.1694,10863267.6954,9300892.0152,,,110.286
000002,万科A,全国地产,深圳,19910129,000002.SZ,20080709,9.4,10.13,9.38,10.01,9.26,0.75,8.1,2049460.28,2020311.1118,2.1771,4.0642,1.86,22.7202,22.2347,3.7288,3.098,2.9107,0.5916,0.6244,1099521.0218,941385.8315,504274.1694,11006205.4282,9423272.1733,,,110.286
000002,万科A,全国地产,深圳,19910129,000002.SZ,20080708,9.48,9.54,9.07,9.26,9.38,-0.12,-1.28,971865.46,903234.7692,1.0324,1.9273,0.85,21.0179,20.5687,3.4494,2.8659,2.6926,0.6396,0.6749,1099521.0218,941385.8315,504274.1694,10181564.6619,8717232.7997,,,110.286
000002,万科A,全国地产,深圳,19910129,000002.SZ,20080707,8.68,9.52,8.6,9.38,8.87,0.51,5.75,1487785.01,1376456.415,1.5804,2.9503,1.53,21.2903,20.8353,3.4941,2.903,2.7275,0.6314,0.6663,1099521.0218,941385.8315,504274.1694,10313507.1845,8830199.0995,,,110.286
000002,万科A,全国地产,深圳,19910129,000002.SZ,20080704,8.49,9.02,8.41,8.87,8.54,0.33,3.86,1418980.82,1256313.097,1.5073,2.8139,1.59,20.1327,19.7025,3.3042,2.7452,2.5792,0.6677,0.7046,1099521.0218,941385.8315,504274.1694,9752751.4634,8350092.3254,,,110.286
000002,万科A,全国地产,深圳,19910129,000002.SZ,20080703,8.22,8.79,8.02,8.54,8.46,0.08,0.95,845552.64,712470.7927,0.8982,1.6768,0.85,19.3837,18.9694,3.1812,2.6431,2.4833,0.6935,0.7319,1099521.0218,941385.8315,504274.1694,9389909.5262,8039435.001,,,110.286
000002,万科A,全国地产,深圳,19910129,000002.SZ,20080702,8.5,8.63,8.34,8.46,8.46,0.0,0.0,797155.62,675613.5608,0.8468,1.5808,0.74,19.2021,18.7917,3.1514,2.6183,2.46,0.7,0.7388,1099521.0218,941385.8315,504274.1694,9301947.8444,7964124.1345,,,110.286
000002,万科A,全国地产,深圳,19910129,000002.SZ,20080701,9.05,9.11,8.38,8.46,9.01,-0.55,-6.1,1162394.14,1001485.8542,1.2348,2.3051,1.12,19.2021,18.7917,3.1514,2.6183,2.46,0.7,0.7388,1099521.0218,941385.8315,504274.1694,9301947.8444,7964124.1345,,,110.286
000002,万科A,全国地产,深圳,19910129,000002.SZ,20080630,8.93,9.15,8.85,9.01,9.04,-0.03,-0.33,627681.79,565379.7009,0.6668,1.2447,0.6,20.4505,20.0134,3.3563,2.7885,2.6199,0.6573,0.6937,1099521.0218,941385.8315,504274.1694,9906684.4064,8481886.3418,,,110.286
000002,万科A,全国地产,深圳,19910129,000002.SZ,20080627,9.34,9.38,8.9,9.04,9.75,-0.71,-7.28,1022526.88,933611.8653,1.0862,2.0277,0.95,20.5186,20.0801,3.3675,2.7978,2.6286,0.6551,0.6914,1099521.0218,941385.8315,504274.1694,9939670.0371,8510127.9168,,,110.286
000002,万科A,全国地产,深圳,19910129,000002.SZ,20080626,9.7,10.06,9.52,9.75,9.68,0.07,0.72,1372850.87,1342781.0245,1.4583,2.7224,1.43,22.1301,21.6571,3.632,3.0175,2.8351,0.6074,0.641,1099521.0218,941385.8315,504274.1694,10720329.9626,9178511.8571,,,110.286
000002,万科A,全国地产,深圳,19910129,000002.SZ,20080625,9.3,9.9,9.21,9.68,9.35,0.33,3.53,1200824.4,1154579.5766,1.2756,2.3813,1.29,21.9712,21.5017,3.6059,2.9959,2.8147,0.6118,0.6457,1099521.0218,941385.8315,504274.1694,10643363.491,9112614.8489,,,110.286
000002,万科A,全国地产,深圳,19910129,000002.SZ,20080624,9.05,9.61,8.99,9.35,9.01,0.34,3.77,961281.79,897079.7882,1.0211,1.9063,1.1,21.2222,20.7686,3.483,2.8938,2.7188,0.6334,0.6684,1099521.0218,941385.8315,504274.1694,10280521.5538,8801957.5245,,,110.286
000002,万科A,全国地产,深圳,19910129,000002.SZ,20080623,9.15,9.5,8.88,9.01,9.35,-0.34,-3.64,630495.3,575595.5802,0.6698,1.2503,0.63,20.4505,20.0134,3.3563,2.7885,2.6199,0.6573,0.6937,1099521.0218,941385.8315,504274.1694,9906684.4064,8481886.3418,,,110.286
000002,万科A,全国地产,深圳,19910129,000002.SZ,20080620,9.29,10.1,8.73,9.35,9.24,0.11,1.19,1209032.44,1139501.9762,1.2843,2.3976,1.39,21.2222,20.7686,3.483,2.8938,2.7188,0.6334,0.6684,1099521.0218,941385.8315,504274.1694,10280521.5538,8801957.5245,,,110.286
000002,万科A,全国地产,深圳,19910129,000002.SZ,20080619,10.0,10.01,9.24,9.24,10.27,-1.03,-10.03,811998.95,780560.9343,0.8626,1.6102,0.93,20.9725,20.5243,3.442,2.8597,2.6868,0.6409,0.6764,1099521.0218,941385.8315,504274.1694,10159574.2414,8698405.0831,,,110.286
000002,万科A,全国地产,深圳,19910129,000002.SZ,20080618,9.71,10.42,9.41,10.27,9.95,0.32,3.22,1030995.71,1032814.6712,1.7523,2.0445,1.33,23.3103,22.8122,3.8257,3.1785,2.9863,0.5767,0.6086,1099521.0218,588366.1447,504274.1694,11292080.8939,6042520.3061,,,110.286
000002,万科A,全国地产,深圳,19910129,000002.SZ,20080617,10.47,10.66,9.89,9.95,10.6,-0.65,-6.13,683091.12,697509.0005,1.161,1.3546,0.88,22.584,22.1014,3.7065,3.0794,2.8933,0.5952,0.6281,1099521.0218,588366.1447,504274.1694,10940234.1669,5854243.1398,,,110.286
000002,万科A,全国地产,深圳,19910129,000002.SZ,20080616,10.19,10.74,9.93,10.6,10.25,0.35,3.41,1229982.25,1283732.1189,2.0905,2.4391,1.94,24.0594,23.5452,3.9486,3.2806,3.0823,0.5587,0.5896,1099521.0218,588366.1447,504274.1694,11654922.8311,6236681.1338,,,110.286
000002,万科A,全国地产,深圳,19910129,000002.SZ,20080613,17.25,17.25,16.46,16.5,17.35,-0.85,-4.9,588865.23,985037.9316,1.0008,1.1677,0.83,23.4068,22.9066,3.7541,3.1916,2.9987,0.5743,,687200.6387,588366.1447,504274.1694,11338810.5386,9708041.3876,,,110.286
000002,万科A,全国地产,深圳,19910129,000002.SZ,20080612,16.81,17.59,16.37,17.35,16.76,0.59,3.52,812902.16,1375185.1496,1.3816,1.612,1.3,24.6126,24.0866,3.9475,3.3561,3.1531,0.5462,,687200.6387,588366.1447,504274.1694,11922931.0814,10208152.6105,,,110.286
000002,万科A,全国地产,深圳,19910129,000002.SZ,20080611,17.1,17.38,16.43,16.76,17.7,-0.94,-5.31,555152.55,937238.6576,0.9435,1.1009,0.95,23.7756,23.2676,3.8133,3.2419,3.0459,0.5654,,687200.6387,588366.1447,504274.1694,11517482.7046,9861016.5852,,,110.286
000002,万科A,全国地产,深圳,19910129,000002.SZ,20080610,18.88,18.88,17.7,17.7,19.67,-1.97,-10.02,686075.36,1233133.5942,1.1661,1.3605,1.27,25.1091,24.5725,4.0271,3.4238,3.2167,0.5354,,687200.6387,588366.1447,504274.1694,12163451.305,10414080.7612,,,110.286
000002,万科A,全国地产,深圳,19910129,000002.SZ,20080606,20.3,20.3,19.48,19.67,20.5,-0.83,-4.05,525752.16,1042787.8993,0.8936,1.0426,0.98,27.9038,27.3074,4.4754,3.8048,3.5748,0.4817,,687200.6387,588366.1447,504274.1694,13517236.5632,11573162.0662,,,110.286
000002,万科A,全国地产,深圳,19910129,000002.SZ,20080604,19.57,20.57,19.42,20.5,19.58,0.92,4.7,955750.12,1919317.9229,1.6245,1.8953,2.02,29.0812,28.4597,4.6642,3.9654,3.7256,0.4622,,687200.6387,588342.5941,504274.1694,14087613.0934,12061023.1791,,,110.286
000002,万科A,全国地产,深圳,19910129,000002.SZ,20080603,19.58,19.75,19.08,19.58,19.35,0.23,1.19,401537.14,780450.9838,0.6825,0.7963,0.79,27.7761,27.1825,4.4549,3.7874,3.5584,0.484,,687200.6387,588342.5941,504274.1694,13455388.5057,11519747.9925,,,110.286
000002,万科A,全国地产,深圳,19910129,000002.SZ,20080602,19.51,19.66,19.08,19.35,19.75,-0.4,-2.03,351008.77,678049.355,0.5966,0.6961,0.59,27.4498,26.8632,4.4025,3.7429,3.5166,0.4897,,687200.6387,588342.5941,504274.1694,13297332.3588,11384429.1958,,,110.286
000002,万科A,全国地产,深圳,19910129,000002.SZ,20080530,19.2,19.86,19.16,19.75,19.22,0.53,2.76,475594.36,927687.1692,0.8084,0.9431,0.78,28.0172,27.4185,4.4936,3.8203,3.5893,0.4798,,687200.6387,588342.5941,504274.1694,13572212.6143,11619766.2335,,,110.286
000002,万科A,全国地产,深圳,19910129,000002.SZ,20080529,20.1,20.1,19.2,19.22,20.11,-0.89,-4.43,487772.72,958334.6653,0.8291,0.9673,0.77,27.2654,26.6827,4.373,3.7178,3.493,0.493,,687200.6387,588342.5941,504274.1694,13207996.2758,11307944.6586,,,110.286
000002,万科A,全国地产,深圳,19910129,000002.SZ,20080528,19.87,20.34,19.87,20.11,19.82,0.29,1.46,652187.06,1314943.7861,1.1085,1.2933,0.98,28.5279,27.9183,4.5755,3.8899,3.6547,0.4712,,687200.6387,588342.5941,504274.1694,13819604.8443,11831569.5674,,,110.286
000002,万科A,全国地产,深圳,19910129,000002.SZ,20080527,19.4,20.01,19.12,19.82,19.49,0.33,1.69,579784.04,1145017.6665,0.9855,1.1497,0.76,28.1165,27.5157,4.5095,3.8338,3.602,0.4781,,687200.6387,588342.5941,504274.1694,13620316.659,11660950.2151,,,110.286
000002,万科A,全国地产,深圳,19910129,000002.SZ,20080526,19.21,19.9,18.7,19.49,19.45,0.04,0.21,755338.14,1449063.7277,1.2838,1.4979,0.97,27.6484,27.0576,4.4344,3.77,3.5421,0.4862,,687200.6387,588342.5941,504274.1694,13393540.4483,11466797.159,,,110.286
000002,万科A,全国地产,深圳,19910129,000002.SZ,20080523,19.78,19.95,19.0,19.45,19.76,-0.31,-1.57,588900.91,1144659.1806,1.0009,1.1678,0.77,27.5917,27.002,4.4253,3.7623,3.5348,0.4872,,687200.6387,588342.5941,504274.1694,13366052.4227,11443263.4552,,,110.286
000002,万科A,全国地产,深圳,19910129,000002.SZ,20080522,20.2,20.2,19.7,19.76,20.5,-0.74,-3.61,581151.48,1156348.3498,0.9878,1.1525,0.73,28.0314,27.4324,4.4958,3.8222,3.5911,0.4795,,687200.6387,588342.5941,504274.1694,13579084.6207,11625649.6594,,,110.286
000002,万科A,全国地产,深圳,19910129,000002.SZ,20080521,19.86,20.5,19.48,20.5,20.05,0.45,2.24,832181.7,1655902.8758,1.4145,1.6503,1.12,29.0812,28.4597,4.6642,3.9654,3.7256,0.4622,,687200.6387,588342.5941,504274.1694,14087613.0934,12061023.1791,,,110.286
000002,万科A,全国地产,深圳,19910129,000002.SZ,20080520,20.71,21.25,19.88,20.05,20.75,-0.7,-3.37,1034165.24,2118769.4383,1.7578,2.0508,1.54,28.4428,27.835,4.5618,3.8783,3.6438,0.4726,,687200.6387,588342.5941,504274.1694,13778372.8059,11796269.0117,,,110.286
000002,万科A,全国地产,深圳,19910129,000002.SZ,20080519,21.5,21.5,20.5,20.75,21.66,-0.91,-4.2,860327.29,1789430.9359,1.4623,1.7061,1.24,29.4358,28.8068,4.7211,4.0137,3.771,0.4567,,687200.6387,588342.5941,504274.1694,14259413.253,12208108.8276,,,110.286
000002,万科A,全国地产,深圳,19910129,000002.SZ,20080516,21.75,22.37,21.1,21.66,21.95,-0.29,-1.32,533002.02,1155518.3718,0.9059,1.057,0.61,30.7268,30.0701,4.9281,4.1898,3.9364,0.4375,,687200.6387,588342.5941,504274.1694,14884765.8342,12743500.5882,,,110.286
000002,万科A,全国地产,深圳,19910129,000002.SZ,20080515,22.5,22.99,21.85,21.95,22.09,-0.14,-0.63,696848.05,1566439.5216,1.1844,1.3819,0.82,31.1382,30.4727,4.9941,4.2458,3.9891,0.4317,0.4317,687200.6387,588342.5941,504274.1694,15084054.0195,12914119.9405,,,110.286
000002,万科A,全国地产,深圳,19910129,000002.SZ,20080514,21.04,22.15,20.89,22.09,21.14,0.95,4.49,593558.56,1291763.7534,1.0089,1.1771,0.65,31.3368,30.6671,5.026,4.2729,4.0146,0.429,0.429,687200.6387,588342.5941,504274.1694,15180262.1089,12996487.9037,,,110.286
000002,万科A,全国地产,深圳,19910129,000002.SZ,20080513,20.78,22.1,20.51,21.14,21.54,-0.4,-1.86,674948.08,1442929.3735,1.1472,1.3385,0.75,29.9891,29.3482,4.8098,4.0892,3.8419,0.4482,0.4482,687200.6387,588342.5941,504274.1694,14527421.5021,12437562.4393,,,110.286
000002,万科A,全国地产,深圳,19910129,000002.SZ,20080512,21.3,22.0,20.45,21.54,21.88,-0.34,-1.55,967887.71,2043527.6927,1.6451,1.9194,1.09,30.5565,29.9035,4.9008,4.1665,3.9146,0.4399,0.4399,687200.6387,588342.5941,504274.1694,14802301.7576,12672899.4769,,,110.286
000002,万科A,全国地产,深圳,19910129,000002.SZ,20080509,23.25,23.45,21.33,21.88,23.02,-1.14,-4.95,1414558.52,3114431.6106,2.4043,2.8051,1.69,31.0389,30.3755,4.9782,4.2323,3.9764,0.4331,0.4331,687200.6387,588342.5941,504274.1694,15035949.9748,12872935.9589,,,110.286
000002,万科A,全国地产,深圳,19910129,000002.SZ,20080508,22.2,23.16,22.0,23.02,22.55,0.47,2.08,608164.58,1371749.6618,1.0337,1.206,0.74,32.656,31.9582,5.2376,4.4528,4.1836,0.4116,0.4116,687200.6387,588342.5941,504274.1694,15819358.7029,13543646.5162,,,110.286
000002,万科A,全国地产,深圳,19910129,000002.SZ,20080507,24.05,24.69,22.5,22.55,24.4,-1.85,-7.58,929512.67,2186342.7096,1.5799,1.8433,1.14,31.9893,31.3057,5.1306,4.3619,4.0982,0.4202,0.4202,687200.6387,588342.5941,504274.1694,15496374.4027,13267125.497,,,110.286
000002,万科A,全国地产,深圳,19910129,000002.SZ,20080506,25.15,25.15,24.21,24.4,25.16,-0.76,-3.02,567654.16,1395342.2626,0.9648,1.1257,0.49,34.6137,33.874,5.5515,4.7198,4.4344,0.3884,0.3884,687200.6387,588342.5941,504274.1694,16767695.5843,14355559.296,,,110.286
000002,万科A,全国地产,深圳,19910129,000002.SZ,20080505,24.6,25.2,24.18,25.16,24.37,0.79,3.24,929491.38,2292997.8618,1.5798,1.8432,0.92,35.6918,34.9291,5.7244,4.8668,4.5725,0.3766,0.3766,687200.6387,588342.5941,504274.1694,17289968.0697,14802699.6676,,,110.286
000002,万科A,全国地产,深圳,19910129,000002.SZ,20080430,23.23,24.9,23.23,24.37,23.22,1.15,4.95,1148065.81,2780289.3435,1.9514,2.2767,1.23,34.5712,33.8324,5.5447,4.714,4.4289,0.3888,0.3888,687200.6387,588342.5941,504274.1694,16747079.5651,14337909.0182,,,110.286
000002,万科A,全国地产,深圳,19910129,000002.SZ,20080429,22.68,23.54,22.52,23.22,22.9,0.32,1.4,517527.62,1200531.8568,0.8796,1.0263,0.5,32.9398,32.2358,5.2831,4.4915,4.2199,0.4081,0.4081,687200.6387,588342.5941,504274.1694,15956798.8306,13661315.035,,,110.286
000002,万科A,全国地产,深圳,19910129,000002.SZ,20080428,23.35,23.73,22.49,22.9,23.82,-0.92,-3.86,898537.41,2073675.6179,1.5272,1.7818,0.93,32.4858,31.7916,5.2102,4.4296,4.1618,0.4138,0.4138,687200.6387,588342.5941,504274.1694,15736894.6262,13473045.4049,,,110.286
000002,万科A,全国地产,深圳,19910129,000002.SZ,20080425,22.9,24.39,22.67,23.82,22.17,1.65,7.44,2272329.89,5399104.7061,3.8623,4.5061,3.6,33.7909,33.0688,5.4196,4.6076,4.329,0.3978,0.3978,687200.6387,588342.5941,504274.1694,16369119.2138,14014320.5915,,,110.286
000002,万科A,全国地产,深圳,19910129,000002.SZ,20080424,22.17,22.17,22.17,22.17,20.15,2.02,10.02,195918.08,434350.3834,0.333,0.3885,0.28,31.4502,31.4502,5.2035,4.2884,4.2884,0.4274,0.4274,687200.6387,588342.5941,504274.1694,15235238.16,13043555.3112,,,110.286
000002,万科A,全国地产,深圳,19910129,000002.SZ,20080422,18.79,20.38,18.35,20.15,19.3,0.85,4.4,766949.71,1489941.4512,1.3036,1.5209,0.92,28.5847,28.5847,4.7294,3.8977,3.8977,0.4703,0.4703,687200.6387,588342.5941,504274.1694,13847092.8698,11855103.2711,,,110.286
000002,万科A,全国地产,深圳,19910129,000002.SZ,20080421,22.1,22.1,18.55,19.3,20.3,-1.0,-4.93,1061220.12,2142433.0588,1.8037,2.1045,1.19,27.3789,27.3789,4.5299,3.7333,3.7333,0.491,0.491,687200.6387,588342.5941,504274.1694,13262972.3269,11355012.0661,,,110.286
000002,万科A,全国地产,深圳,19910129,000002.SZ,20080418,20.81,21.19,19.8,20.3,21.0,-0.7,-3.33,529154.18,1083587.4045,0.8994,1.0493,0.61,28.7975,28.7975,4.7646,3.9267,3.9267,0.4668,0.4668,687200.6387,588342.5941,504274.1694,13950172.9656,11943354.6602,,,110.286
000002,万科A,全国地产,深圳,19910129,000002.SZ,20080417,21.31,22.09,20.5,21.0,21.11,-0.11,-0.52,601732.77,1278386.6025,1.0228,1.1933,0.71,29.7905,29.7905,4.9289,4.0621,4.0621,0.4512,0.4512,687200.6387,588342.5941,504274.1694,14431213.4127,12355194.4761,,,110.286
000002,万科A,全国地产,深圳,19910129,000002.SZ,20080416,21.6,21.92,21.05,21.11,22.15,-1.04,-4.7,549140.97,1175046.0372,0.9334,1.089,0.58,29.9465,29.9465,4.9547,4.0834,4.0834,0.4489,0.4489,687200.6387,588342.5941,504274.1694,14506805.483,12419912.1615,,,110.286
000002,万科A,全国地产,深圳,19910129,000002.SZ,20080415,22.35,22.48,20.92,22.15,22.92,-0.77,-3.36,1439732.27,3089992.3234,2.4471,2.8551,1.64,31.4219,31.4219,5.1988,4.2845,4.2845,0.4278,0.4278,687200.6387,588342.5941,504274.1694,15221494.1472,13031788.4593,,,110.286
000002,万科A,全国地产,深圳,19910129,000002.SZ,20080414,24.71,25.0,22.92,22.92,25.47,-2.55,-10.01,1324236.69,3106402.9672,2.2508,2.626,1.66,32.5142,32.5142,5.3796,4.4335,4.4335,0.4134,0.4134,687200.6387,588342.5941,504274.1694,15750638.639,13484812.2568,,,110.286
000002,万科A,全国地产,深圳,19910129,000002.SZ,20080411,25.7,26.18,25.18,25.47,25.58,-0.11,-0.43,397320.83,1019850.3583,0.6753,0.7879,0.44,36.1316,36.1316,5.9781,4.9267,4.9267,0.372,0.372,687200.6387,588342.5941,504274.1694,17503000.2677,14985085.8717,,,110.286
000002,万科A,全国地产,深圳,19910129,000002.SZ,20080410,24.62,25.58,24.35,25.58,24.95,0.63,2.53,516692.36,1291178.7109,0.8782,1.0246,0.52,36.2877,36.2877,6.0039,4.948,4.948,0.3704,0.3704,687200.6387,588342.5941,504274.1694,17578592.3379,15049803.5571,,,110.286
000002,万科A,全国地产,深圳,19910129,000002.SZ,20080409,26.39,27.1,24.95,24.95,26.46,-1.51,-5.71,1068648.09,2805433.8076,1.8164,2.1192,1.06,35.3939,35.3939,5.856,4.8261,4.8261,0.3798,0.3798,687200.6387,588342.5941,504274.1694,17145655.9356,14679147.7228,,,110.286
000002,万科A,全国地产,深圳,19910129,000002.SZ,20080408,25.9,26.83,25.51,26.46,26.0,0.46,1.77,1070608.38,2801144.0506,1.8197,2.1231,1.1,37.536,37.536,6.2104,5.1182,5.1182,0.3581,0.3581,687200.6387,588342.5941,504274.1694,18183328.9,15567545.0399,,,110.286
000002,万科A,全国地产,深圳,19910129,000002.SZ,20080407,24.39,26.3,24.03,26.0,24.8,1.2,4.84,942609.14,2398812.9978,1.6021,1.8692,0.82,36.8835,36.8835,6.1025,5.0292,5.0292,0.3645,0.3645,687200.6387,588342.5941,504274.1694,17867216.6062,15296907.4466,,,110.286
000002,万科A,全国地产,深圳,19910129,000002.SZ,20080403,24.51,25.1,23.39,24.8,25.0,-0.2,-0.8,903240.17,2185812.0148,1.5352,1.7912,0.73,35.1811,35.1811,5.8208,4.7971,4.7971,0.3821,0.3821,687200.6387,588342.5941,504274.1694,17042575.8398,14590896.3337,,,110.286
000002,万科A,全国地产,深圳,19910129,000002.SZ,20080402,24.91,25.78,23.87,25.0,24.5,0.5,2.04,940490.57,2348116.9315,1.5985,1.865,0.75,35.4649,35.4649,5.8678,4.8358,4.8358,0.379,0.379,687200.6387,588342.5941,504274.1694,17180015.9675,14708564.8525,,,110.286
000002,万科A,全国地产,深圳,19910129,000002.SZ,20080401,25.58,26.48,23.79,24.5,25.6,-1.1,-4.3,1199829.89,3020454.1306,2.0393,2.3793,0.97,34.7556,34.7556,5.7504,4.7391,4.7391,0.3868,0.3868,687200.6387,588342.5941,504274.1694,16836415.6482,14414393.5555,,,110.286
000002,万科A,全国地产,深圳,19910129,000002.SZ,20080331,25.7,26.29,25.31,25.6,26.66,-1.06,-3.98,871601.69,2252391.9878,1.4815,1.7284,0.71,36.316,36.316,6.0086,4.9519,4.9519,0.3701,0.3701,687200.6387,588342.5941,504274.1694,17592336.3507,15061570.409,,,110.286
000002,万科A,全国地产,深圳,19910129,000002.SZ,20080328,24.6,26.66,24.24,26.66,24.66,2.0,8.11,1847378.43,4740458.1519,3.14,3.6634,1.7,37.8197,37.8197,6.2574,5.1569,5.1569,0.3554,0.3554,687200.6387,588342.5941,504274.1694,18320769.0277,15685213.5587,,,110.286
000002,万科A,全国地产,深圳,19910129,000002.SZ,20080327,23.8,25.44,23.53,24.66,24.23,0.43,1.77,1307465.28,3233488.9,2.2223,2.5928,1.15,34.9825,34.9825,5.788,4.77,4.77,0.3843,0.3843,687200.6387,588342.5941,504274.1694,16946367.7503,14508528.3705,,,110.286
000002,万科A,全国地产,深圳,19910129,000002.SZ,20080326,24.17,25.14,23.98,24.23,24.2,0.03,0.12,1078033.66,2658593.0962,1.8323,2.1378,0.9,34.3725,34.3725,5.687,4.6869,4.6869,0.3911,0.3911,687200.6387,588342.5941,504274.1694,16650871.4757,14255541.055,,,110.286
000002,万科A,全国地产,深圳,19910129,000002.SZ,20080325,22.6,24.85,22.0,24.2,22.8,1.4,6.14,1104438.85,2599467.3774,1.8772,2.1902,0.99,34.33,34.33,5.68,4.6811,4.6811,0.3916,0.3916,687200.6387,588342.5941,504274.1694,16630255.4565,14237890.7772,,,110.286
000002,万科A,全国地产,深圳,19910129,000002.SZ,20080324,24.88,25.03,22.8,22.8,24.42,-1.62,-6.63,806299.13,1926610.6017,1.3705,1.5989,0.73,32.344,32.344,5.3514,4.4103,4.4103,0.4156,0.4156,687200.6387,588342.5941,504274.1694,15668174.5624,13414211.1455,,,110.286
000002,万科A,全国地产,深圳,19910129,000002.SZ,20080321,25.25,25.95,24.29,24.42,24.9,-0.48,-1.93,1129291.08,2834339.3619,1.9194,2.2394,1.19,34.6421,34.6421,5.7316,4.7236,4.7236,0.388,0.388,687200.6387,588342.5941,504274.1694,16781439.5971,14367326.1479,,,110.286
000002,万科A,全国地产,深圳,19910129,000002.SZ,20080320,22.9,25.31,22.0,24.9,23.5,1.4,5.96,1586189.61,3818537.4337,2.696,3.4439,2.19,74.4655,35.323,5.8443,9.5496,4.8165,0.3806,0.3806,687200.6387,588342.5941,460580.583,17111295.9036,14649730.5931,,,110.286
000002,万科A,全国地产,深圳,19910129,000002.SZ,20080319,22.1,23.6,22.1,23.5,21.45,2.05,9.56,1336566.53,3070230.3238,2.2717,2.9019,2.47,70.2786,59.536,6.1863,9.0127,6.854,0.4032,0.4032,687200.6387,588342.5941,460580.583,16149215.0095,13826050.9614,,,110.286
000002,万科A,全国地产,深圳,19910129,000002.SZ,20080318,21.55,22.4,21.01,21.45,21.84,-0.39,-1.79,715692.16,1559377.347,1.2165,1.5539,1.52,64.148,54.3425,5.6466,8.2265,6.2561,0.4418,0.4418,687200.6387,588342.5941,460580.583,14740453.7001,12619948.6434,,,110.286
000002,万科A,全国地产,深圳,19910129,000002.SZ,20080317,21.0,22.4,20.5,21.84,20.95,0.89,4.25,770880.35,1666379.9053,1.3103,1.6737,1.83,65.3143,55.3305,5.7493,8.376,6.3699,0.4339,0.4339,687200.6387,588342.5941,460580.583,15008461.9492,12849402.2551,,,110.286
000002,万科A,全国地产,深圳,19910129,000002.SZ,20080314,20.73,21.4,20.1,20.95,20.81,0.14,0.67,329713.08,682064.4713,0.5604,0.7159,0.69,62.6527,53.0757,5.515,8.0347,6.1103,0.4523,0.4523,687200.6387,588342.5941,460580.583,14396853.3808,12325777.3464,,,110.286
000002,万科A,全国地产,深圳,19910129,000002.SZ,20080313,20.94,21.42,20.37,20.81,21.21,-0.4,-1.89,471632.11,978113.8267,0.8016,1.024,0.89,62.234,52.721,5.4782,7.981,6.0695,0.4553,0.4553,687200.6387,588342.5941,460580.583,14300645.2913,12243409.3832,,,110.286
000002,万科A,全国地产,深圳,19910129,000002.SZ,20080312,22.7,22.88,21.0,21.21,22.1,-0.89,-4.03,418211.44,905553.0017,0.7108,0.908,0.62,63.4302,53.7344,5.5835,8.1344,6.1861,0.4468,0.4468,687200.6387,588342.5941,460580.583,14575525.5468,12478746.4209,,,110.286
000002,万科A,全国地产,深圳,19910129,000002.SZ,20080311,21.8,22.53,21.1,22.1,22.05,0.05,0.23,367466.07,796700.8416,0.6246,0.7978,0.52,66.0918,55.9892,5.8177,8.4758,6.4457,0.4288,0.4288,687200.6387,588342.5941,460580.583,15187134.1153,13002371.3296,,,110.286
000002,万科A,全国地产,深圳,19910129,000002.SZ,20080310,23.2,23.2,21.88,22.05,23.3,-1.25,-5.36,513607.86,1150421.3061,0.873,1.1151,0.74,65.9423,55.8625,5.8046,8.4566,6.4311,0.4297,0.4297,687200.6387,588342.5941,460580.583,15152774.0833,12972954.1999,,,110.286
000002,万科A,全国地产,深圳,19910129,000002.SZ,20080307,22.53,23.83,22.41,23.3,22.92,0.38,1.66,602191.91,1411162.1885,1.0235,1.3075,0.97,69.6805,59.0293,6.1336,8.936,6.7957,0.4067,0.4067,687200.6387,588342.5941,460580.583,16011774.8817,13708382.4425,,,110.286
000002,万科A,全国地产,深圳,19910129,000002.SZ,20080306,22.78,23.8,22.15,22.92,23.05,-0.13,-0.56,745724.44,1725393.8913,1.2675,1.6191,1.41,68.5441,58.0666,6.0336,8.7902,6.6849,0.4134,0.4134,687200.6387,588342.5941,460580.583,15750638.639,13484812.2568,,,110.286
000002,万科A,全国地产,深圳,19910129,000002.SZ,20080305,22.45,23.1,20.78,23.05,22.45,0.6,2.67,1157797.5,2505238.9603,1.9679,2.5138,2.91,68.9329,58.396,6.0678,8.8401,6.7228,0.4111,0.4111,687200.6387,588342.5941,460580.583,15839974.722,13561296.794,,,110.286
000002,万科A,全国地产,深圳,19910129,000002.SZ,20080304,23.56,23.89,22.39,22.45,23.4,-0.95,-4.06,536970.21,1236939.5693,0.9127,1.1659,1.22,67.1385,56.8759,5.9099,8.61,6.5478,0.4221,0.4221,687200.6387,588342.5941,460580.583,15427654.3388,13208291.2375,,,110.286
000002,万科A,全国地产,深圳,19910129,000002.SZ,20080303,23.11,23.82,22.45,23.4,23.25,0.15,0.65,423392.05,985677.1772,0.7196,0.9193,0.88,69.9796,59.2827,6.16,8.9743,6.8249,0.4049,0.4049,687200.6387,588342.5941,460580.583,16080494.9456,13767216.7019,,,110.286
000002,万科A,全国地产,深圳,19910129,000002.SZ,20080229,22.97,23.6,22.68,23.25,22.99,0.26,1.13,256050.64,595555.0056,0.4352,0.5559,0.44,69.531,58.9027,6.1205,8.9168,6.7811,0.4076,0.4076,687200.6387,588342.5941,460580.583,15977414.8498,13678965.3128,,,110.286
000002,万科A,全国地产,深圳,19910129,000002.SZ,20080228,23.59,23.59,22.9,22.99,23.56,-0.57,-2.42,271641.0,629389.58,0.4617,0.5898,0.42,68.7534,58.244,6.052,8.8171,6.7053,0.4122,0.4122,687200.6387,588342.5941,460580.583,15798742.6837,13525996.2384,,,110.286
000002,万科A,全国地产,深圳,19910129,000002.SZ,20080227,23.0,23.92,22.6,23.56,22.82,0.74,3.24,503094.64,1176979.6059,0.8551,1.0923,0.79,70.4581,59.688,6.2021,9.0357,6.8715,0.4022,0.4022,687200.6387,588342.5941,460580.583,16190447.0478,13861351.517,,,110.286
000002,万科A,全国地产,深圳,19910129,000002.SZ,20080226,23.6,23.87,21.86,22.82,22.81,0.01,0.04,749723.84,1698750.3371,1.2743,1.6278,1.39,68.245,57.8133,6.0073,8.7519,6.6557,0.4152,0.4152,687200.6387,588342.5941,460580.583,15681918.5751,13425977.9974,,,110.286
000002,万科A,全国地产,深圳,19910129,000002.SZ,20080225,24.06,24.49,22.63,22.81,23.99,-1.18,-4.92,638077.84,1483336.1867,1.0845,1.3854,1.37,68.2151,57.7879,6.0047,8.7481,6.6528,0.4154,0.4154,687200.6387,588342.5941,460580.583,15675046.5687,13420094.5714,,,110.286
000002,万科A,全国地产,深圳,19910129,000002.SZ,20080222,25.2,25.2,23.85,23.99,25.2,-1.21,-4.8,717734.91,1740333.507,1.2199,1.5583,1.89,71.744,60.7774,6.3153,9.2006,6.9969,0.395,0.395,687200.6387,588342.5941,460580.583,16485943.3224,14114338.8325,,,110.286
000002,万科A,全国地产,深圳,19910129,000002.SZ,20080221,26.0,26.01,24.8,25.2,26.2,-1.0,-3.82,605163.49,1526324.8069,1.0286,1.3139,1.99,75.3626,63.8429,6.6338,9.6647,7.3498,0.376,0.376,687200.6387,588342.5941,460580.583,17317456.0952,14826233.3713,,,110.286
000002,万科A,全国地产,深圳,19910129,000002.SZ,20080220,27.22,27.75,26.2,26.2,27.58,-1.38,-5.0,454251.66,1217895.6027,0.7721,0.9863,1.72,78.3532,66.3763,6.8971,10.0482,7.6415,0.3617,0.3617,687200.6387,588342.5941,460580.583,18004656.7339,15414575.9654,,,110.286
000002,万科A,全国地产,深圳,19910129,000002.SZ,20080219,27.19,27.6,26.7,27.58,27.19,0.39,1.43,276646.35,754995.9516,0.4702,0.6006,0.92,82.4802,69.8725,7.2603,10.5774,8.044,0.3436,0.3436,687200.6387,588342.5941,460580.583,18952993.6153,16226488.7453,,,110.286
000002,万科A,全国地产,深圳,19910129,000002.SZ,20080218,26.88,27.56,26.75,27.19,26.46,0.73,2.76,283170.85,771132.2119,0.4813,0.6148,0.61,81.3139,68.8844,7.1577,10.4279,7.9303,0.3485,0.3485,687200.6387,588342.5941,460580.583,18684985.3663,15997035.1336,,,110.286
000002,万科A,全国地产,深圳,19910129,000002.SZ,20080215,27.1,27.1,26.02,26.46,27.23,-0.77,-2.83,278146.69,735130.3711,0.4728,0.6039,0.49,79.1308,67.035,6.9655,10.1479,7.7173,0.3581,0.3581,687200.6387,588342.5941,460580.583,18183328.9,15567545.0399,,,110.286
000002,万科A,全国地产,深圳,19910129,000002.SZ,20080214,27.6,28.0,27.08,27.23,27.29,-0.06,-0.22,225588.64,619396.2584,0.3834,0.4898,0.35,81.4335,68.9858,7.1682,10.4432,7.9419,0.348,0.348,687200.6387,588342.5941,460580.583,18712473.3918,16020568.8373,,,110.286
000002,万科A,全国地产,深圳,19910129,000002.SZ,20080213,27.88,28.0,26.82,27.29,28.21,-0.92,-3.26,259897.26,710852.0776,0.4417,0.5643,0.36,81.6129,69.1378,7.184,10.4662,7.9594,0.3472,0.3472,687200.6387,588342.5941,460580.583,18753705.4301,16055869.393,,,110.286
000002,万科A,全国地产,深圳,19910129,000002.SZ,20080205,28.7,29.4,28.1,28.21,29.03,-0.82,-2.82,456725.16,1305692.5533,0.7763,0.9916,0.64,84.3643,71.4686,7.4262,10.819,8.2277,0.3359,0.3359,687200.6387,588342.5941,460580.583,19385930.0177,16597144.5796,,,110.286
000002,万科A,全国地产,深圳,19910129,000002.SZ,20080204,27.75,29.3,27.55,29.03,27.0,2.03,7.52,1095950.05,3130212.9338,1.8628,2.3795,1.82,86.8166,73.546,7.642,11.1335,8.4669,0.3264,0.3264,687200.6387,588342.5941,460580.583,19949434.5415,17079585.5067,,,110.286
000002,万科A,全国地产,深圳,19910129,000002.SZ,20080201,26.18,27.15,26.0,27.0,26.05,0.95,3.65,818671.16,2186459.7575,1.3915,1.7775,1.25,80.7457,68.4031,7.1077,10.355,7.8748,0.351,0.351,687200.6387,588342.5941,460580.583,18554417.2449,15885250.0407,,,110.286
000002,万科A,全国地产,深圳,19910129,000002.SZ,20080131,25.87,27.0,25.61,26.05,25.6,0.45,1.76,590136.59,1545391.7028,1.003,1.2813,0.87,77.9046,65.9963,6.8576,9.9906,7.5978,0.3638,0.3638,687200.6387,588342.5941,460580.583,17901576.6381,15326324.5763,,,110.286
000002,万科A,全国地产,深圳,19910129,000002.SZ,20080130,26.5,27.41,25.25,25.6,26.03,-0.43,-1.65,633331.01,1670588.4824,1.0765,1.3751,0.91,76.5589,64.8563,6.7391,9.8181,7.4665,0.3701,0.3701,687200.6387,588342.5941,460580.583,17592336.3507,15061570.409,,,110.286
000002,万科A,全国地产,深圳,19910129,000002.SZ,20080129,25.4,26.75,25.4,26.03,25.55,0.48,1.88,416333.95,1089167.8982,0.7076,0.9039,0.51,77.8448,65.9456,6.8523,9.983,7.5919,0.364,0.364,687200.6387,588342.5941,460580.583,17887832.6254,15314557.7244,,,110.286
000002,万科A,全国地产,深圳,19910129,000002.SZ,20080128,26.95,26.95,24.98,25.55,27.0,-1.45,-5.37,549009.83,1412645.6168,0.9331,1.192,0.62,76.4093,64.7296,6.7259,9.7989,7.4519,0.3709,0.3709,687200.6387,588342.5941,460580.583,17557976.3188,15032153.2793,,,110.286
000002,万科A,全国地产,深圳,19910129,000002.SZ,20080125,25.1,27.81,24.53,27.0,25.33,1.67,6.59,1078826.89,2852252.8819,1.8337,2.3423,1.38,80.7457,68.4031,7.1077,10.355,7.8748,0.351,0.351,687200.6387,588342.5941,460580.583,18554417.2449,15885250.0407,,,110.286
000002,万科A,全国地产,深圳,19910129,000002.SZ,20080124,25.01,25.5,24.08,25.33,24.71,0.62,2.51,715630.2,1781213.1171,1.2163,1.5538,0.84,75.7514,64.1722,6.668,9.7145,7.3878,0.3741,0.3741,687200.6387,588342.5941,460580.583,17406792.1783,14902717.9086,,,110.286
000002,万科A,全国地产,深圳,19910129,000002.SZ,20080123,24.2,25.0,23.71,24.71,23.75,0.96,4.04,732602.53,1797466.3852,1.2452,1.5906,0.79,73.8972,62.6015,6.5048,9.4767,7.2069,0.3835,0.3835,687200.6387,588342.5941,460580.583,16980727.7823,14537945.5002,,,110.286
000002,万科A,全国地产,深圳,19910129,000002.SZ,20080122,25.37,25.75,23.4,23.75,26.0,-2.25,-8.65,974338.88,2383052.9199,1.6561,2.1155,1.06,71.0263,60.1694,6.2521,9.1086,6.9269,0.399,0.399,687200.6387,588342.5941,460580.583,16321015.1691,13973136.6099,,,110.286
000002,万科A,全国地产,深圳,19910129,000002.SZ,20080121,27.85,27.9,25.8,26.0,27.84,-1.84,-6.61,902965.76,2413893.7449,1.5348,1.9605,1.06,77.7551,65.8696,6.8444,9.9715,7.5832,0.3645,0.3645,687200.6387,588342.5941,460580.583,17867216.6062,15296907.4466,,,110.286
000002,万科A,全国地产,深圳,19910129,000002.SZ,20080118,27.7,27.97,27.28,27.84,27.61,0.23,0.83,574377.3,1590205.3369,0.9763,1.2471,0.67,83.2578,70.5312,7.3288,10.6771,8.1198,0.3404,0.3404,687200.6387,588342.5941,460580.583,19131665.7814,16379457.8197,,,110.286
000002,万科A,全国地产,深圳,19910129,000002.SZ,20080117,28.4,28.98,27.01,27.61,28.58,-0.97,-3.39,1065106.65,2967238.4683,1.8104,2.3125,1.18,82.5699,69.9485,7.2682,10.5889,8.0528,0.3432,0.3432,687200.6387,588342.5941,460580.583,18973609.6345,16244139.0231,,,110.286
000002,万科A,全国地产,深圳,19910129,000002.SZ,20080116,29.8,29.8,28.5,28.58,30.25,-1.67,-5.52,1135909.23,3293513.9916,1.9307,2.4663,1.44,85.4708,72.4059,7.5236,10.961,8.3357,0.3316,0.3316,687200.6387,588342.5941,460580.583,19640194.254,16814831.3394,,,110.286
000002,万科A,全国地产,深圳,19910129,000002.SZ,20080115,31.31,31.48,30.15,30.25,31.23,-0.98,-3.14,930521.42,2840450.929,1.5816,2.0203,1.15,90.4651,76.6368,7.9632,11.6014,8.8227,0.3132,0.3132,687200.6387,588342.5941,460580.583,20787819.3207,17797363.4715,,,110.286
000002,万科A,全国地产,深圳,19910129,000002.SZ,20080114,31.3,31.89,31.1,31.23,31.06,0.17,0.55,564635.21,1774070.9194,0.9597,1.2259,0.61,93.3958,79.1196,8.2212,11.9773,9.1086,0.3034,0.3034,687200.6387,588342.5941,460580.583,21461275.9466,18373939.2137,,,110.286
000002,万科A,全国地产,深圳,19910129,000002.SZ,20080111,31.0,31.33,30.6,31.06,30.55,0.51,1.67,613138.73,1902466.1802,1.0421,1.3312,0.6,92.8874,78.6889,8.1764,11.9121,9.059,0.3051,0.3051,687200.6387,588342.5941,460580.583,21344451.838,18273920.9727,,,110.286
000002,万科A,全国地产,深圳,19910129,000002.SZ,20080110,30.26,31.34,29.95,30.55,30.18,0.37,1.23,1256184.36,3856358.6725,2.1351,2.7274,1.31,91.3622,77.3968,8.0422,11.7165,8.9102,0.3102,0.3102,687200.6387,588342.5941,460580.583,20993979.5123,17973866.2498,,,110.286
000002,万科A,全国地产,深圳,19910129,000002.SZ,20080109,29.74,30.45,29.31,30.18,29.88,0.3,1.0,571161.32,1716657.7137,0.9708,1.2401,0.55,90.2557,76.4595,7.9448,11.5746,8.8023,0.314,0.314,687200.6387,588342.5941,460580.583,20739715.276,17756179.4899,,,110.286
000002,万科A,全国地产,深圳,19910129,000002.SZ,20080108,30.05,30.64,29.5,29.88,30.18,-0.3,-0.99,1023775.95,3089372.3341,1.7401,2.2228,0.97,89.3585,75.6994,7.8658,11.4595,8.7148,0.3171,0.3171,687200.6387,588342.5941,460580.583,20533555.0844,17579676.7117,,,110.286
000002,万科A,全国地产,深圳,19910129,000002.SZ,20080107,29.31,30.55,29.31,30.18,29.24,0.94,3.21,1139010.23,3437424.1293,1.936,2.473,0.95,90.2557,76.4595,7.9448,11.5746,8.8023,0.314,0.314,687200.6387,588342.5941,460580.583,20739715.276,17756179.4899,,,110.286
000002,万科A,全国地产,深圳,19910129,000002.SZ,20080104,28.6,29.6,28.23,29.24,28.49,0.75,2.63,1090930.75,3170686.1047,1.8542,2.3686,0.91,87.4446,74.078,7.6973,11.2141,8.5282,0.3241,0.3241,687200.6387,588342.5941,460580.583,20093746.6756,17203137.4515,,,110.286
000002,万科A,全国地产,深圳,19910129,000002.SZ,20080103,29.1,29.1,28.01,28.49,29.19,-0.7,-2.4,972924.11,2758851.175,1.6537,2.1124,0.75,85.2016,72.1779,7.4999,10.9264,8.3094,0.3326,0.3326,687200.6387,588342.5941,460580.583,19578346.1966,16761880.5059,,,110.286
000002,万科A,全国地产,深圳,19910129,000002.SZ,20080102,29.02,29.51,28.39,29.19,28.84,0.35,1.21,938796.71,2719853.9464,1.5957,2.0383,0.71,87.295,73.9513,7.6842,11.1949,8.5136,0.3246,0.3246,687200.6387,588342.5941,460580.583,20059386.6437,17173720.3218,,,110.286
000002,万科A,全国地产,深圳,19910129,000002.SZ,20071228,29.41,29.61,28.78,28.84,29.31,-0.47,-1.6,1149708.33,3358320.3287,1.9541,2.4962,0.94,86.2483,73.0646,7.592,11.0607,8.4115,0.2942,0.3286,687200.6387,588342.5941,460580.583,19818866.4201,16967800.4138,,,110.286
000002,万科A,全国地产,深圳,19910129,000002.SZ,20071227,27.85,29.57,27.35,29.31,27.74,1.57,5.66,1823209.73,5238361.864,3.0989,3.9585,1.87,87.6539,74.2554,7.7158,11.2409,8.5486,0.2895,0.3233,687200.6387,588342.5941,460580.583,20141850.7203,17244321.4331,,,110.286
000002,万科A,全国地产,深圳,19910129,000002.SZ,20071226,27.83,28.39,27.21,27.74,27.82,-0.08,-0.29,1099899.41,3041213.2733,2.0187,2.3881,1.33,82.9587,70.2778,7.3025,10.6388,8.0907,0.3058,0.3416,687200.6387,544842.5941,460580.583,19062945.7175,15113933.5603,,,110.286
000002,万科A,全国地产,深圳,19910129,000002.SZ,20071225,28.67,28.67,27.6,27.82,28.66,-0.84,-2.93,1481914.06,4131590.1903,2.7199,3.2175,2.38,83.1979,70.4805,7.3235,10.6695,8.114,0.305,0.3406,687200.6387,544842.5941,460580.583,19117921.7686,15157520.9679,,,110.286
000002,万科A,全国地产,深圳,19910129,000002.SZ,20071224,28.52,28.8,27.52,28.66,28.3,0.36,1.27,1046628.03,2953462.3266,1.921,2.2724,1.52,85.71,72.6086,7.5446,10.9916,8.359,0.296,0.3306,687200.6387,544842.5941,460580.583,19695170.3051,15615188.7469,,,110.286
000002,万科A,全国地产,深圳,19910129,000002.SZ,20071221,28.12,28.63,27.93,28.3,28.38,-0.08,-0.28,658033.8,1852388.4878,1.2078,1.4287,0.95,84.6334,71.6966,7.4499,10.8536,8.254,0.2998,0.3348,687200.6387,544842.5941,460580.583,19447778.0752,15419045.413,,,110.286
000002,万科A,全国地产,深圳,19910129,000002.SZ,20071220,27.85,28.62,27.2,28.38,27.8,0.58,2.09,577420.76,1618734.6193,1.0598,1.2537,0.7,84.8727,71.8992,7.4709,10.8842,8.2773,0.2989,0.3339,687200.6387,544842.5941,460580.583,19502754.1263,15462632.8206,,,110.286
000002,万科A,全国地产,深圳,19910129,000002.SZ,20071219,27.65,28.15,27.65,27.8,27.25,0.55,2.02,367594.72,1025057.5823,0.6747,0.7981,0.37,83.1381,70.4298,7.3183,10.6618,8.1082,0.3052,0.3409,687200.6387,544842.5941,460580.583,19104177.7559,15146624.116,,,110.286
000002,万科A,全国地产,深圳,19910129,000002.SZ,20071218,26.9,27.89,26.6,27.25,27.1,0.15,0.55,466934.31,1274608.1936,0.857,1.0138,0.46,81.4933,69.0365,7.1735,10.4509,7.9478,0.3113,0.3477,687200.6387,544842.5941,460580.583,18726217.4046,14846960.6892,,,110.286
000002,万科A,全国地产,深圳,19910129,000002.SZ,20071217,29.5,29.5,27.0,27.1,29.95,-2.85,-9.52,1379682.97,3815048.2929,2.5323,2.9955,1.6,81.0447,68.6564,7.134,10.3933,7.904,0.3131,0.3497,687200.6387,544842.5941,460580.583,18623137.3088,14765234.3001,,,110.286
000002,万科A,全国地产,深圳,19910129,000002.SZ,20071214,28.84,29.98,28.46,29.95,29.4,0.55,1.87,664914.68,1948186.2216,1.2204,1.4436,0.84,89.5679,75.8768,7.8842,11.4864,8.7352,0.2833,0.3164,687200.6387,544842.5941,460580.583,20581659.1291,16318035.6933,,,110.286
000002,万科A,全国地产,深圳,19910129,000002.SZ,20071213,30.75,30.75,29.29,29.4,31.02,-1.62,-5.22,1236092.5,3693639.4671,2.2687,2.6838,2.11,87.9231,74.4834,7.7394,11.2754,8.5748,0.2886,0.3223,687200.6387,544842.5941,460580.583,20203698.7778,16018372.2665,,,110.286
000002,万科A,全国地产,深圳,19910129,000002.SZ,20071212,31.79,31.79,30.6,31.02,32.3,-1.28,-3.96,1265156.48,3910313.7022,2.3221,2.7469,3.2,92.7678,78.5876,8.1659,11.8967,9.0473,0.2735,0.3055,687200.6387,544842.5941,460580.583,21316963.8125,16901017.269,,,110.286
000002,万科A,全国地产,深圳,19910129,000002.SZ,20071211,33.15,33.4,31.75,32.3,33.1,-0.8,-2.42,558449.26,1806130.5618,1.025,1.2125,1.59,96.5958,81.8304,8.5029,12.3876,9.4206,0.2627,0.2934,687200.6387,544842.5941,460580.583,22196580.63,17598415.7894,,,110.286
000002,万科A,全国地产,深圳,19910129,000002.SZ,20071210,32.51,33.5,32.2,33.1,33.52,-0.42,-1.25,593578.93,1952489.5554,1.0895,1.2888,1.79,98.9882,83.8571,8.7135,12.6945,9.654,0.2563,0.2863,687200.6387,544842.5941,460580.583,22746341.141,18034289.8647,,,110.286
000002,万科A,全国地产,深圳,19910129,000002.SZ,20071207,33.65,33.8,32.6,33.52,33.5,0.02,0.06,326981.71,1078898.5859,0.6001,0.7099,1.0,100.2443,84.9212,8.824,12.8555,9.7765,0.2531,0.2827,687200.6387,544842.5941,460580.583,23034965.4092,18263123.7542,,,110.286
000002,万科A,全国地产,深圳,19910129,000002.SZ,20071206,33.7,34.39,33.05,33.5,33.6,-0.1,-0.3,180475.99,609322.4884,0.3312,0.3918,0.49,100.1844,84.8705,8.8188,12.8479,9.7706,0.2533,0.2829,687200.6387,544842.5941,460580.583,23021221.3965,18252226.9024,,,110.286
000002,万科A,全国地产,深圳,19910129,000002.SZ,20071205,33.0,33.98,32.53,33.6,32.92,0.68,2.07,317442.66,1064713.4626,0.6104,0.6892,0.86,100.4835,85.1238,8.8451,12.8862,9.7998,0.2525,0.282,687200.6387,520045.4205,460580.583,23089941.4603,17473526.1288,,,110.286
000002,万科A,全国地产,深圳,19910129,000002.SZ,20071204,32.79,33.89,32.6,32.92,32.53,0.39,1.2,339766.39,1131331.8609,0.6536,0.7377,0.91,98.4499,83.4011,8.6661,12.6254,9.6015,0.2577,0.2878,687200.6387,519851.8341,460580.583,22622645.026,17113522.3786,,,110.286
000002,万科A,全国地产,深圳,19910129,000002.SZ,20071203,31.48,33.13,30.96,32.53,31.55,0.98,3.11,490164.2,1588351.9113,0.9429,1.0642,1.51,97.2836,82.4131,8.5634,12.4758,9.4877,0.2608,0.2913,687200.6387,519851.8341,460580.583,22354636.7769,16910780.1633,,,110.286
000002,万科A,全国地产,深圳,19910129,000002.SZ,20071130,31.48,32.34,31.0,31.55,31.26,0.29,0.93,308034.45,977290.7111,0.5925,0.6688,0.93,94.3528,79.9303,8.3054,12.1,9.2019,0.2689,0.3003,687200.6387,519851.8341,460580.583,21681180.151,16401325.3659,,,110.286
000002,万科A,全国地产,深圳,19910129,000002.SZ,20071129,30.45,31.5,29.34,31.26,29.96,1.3,4.34,373335.64,1140595.1412,0.7182,0.8106,1.11,93.4855,79.1956,8.2291,11.9888,9.1173,0.2714,0.3031,687200.6387,519851.8341,460580.583,21481891.9658,16250568.334,,,110.286
000002,万科A,全国地产,深圳,19910129,000002.SZ,20071128,30.21,31.0,29.68,29.96,30.2,-0.24,-0.79,334106.48,1011976.5721,0.6427,0.7254,1.01,89.5978,75.9021,7.8869,11.4902,8.7382,0.2832,0.3163,687200.6387,519851.8341,460580.583,20588531.1355,15574760.9496,,,110.286
000002,万科A,全国地产,深圳,19910129,000002.SZ,20071127,31.18,31.7,30.0,30.2,31.46,-1.26,-4.01,368213.21,1134041.6938,0.7083,0.7995,1.05,90.3155,76.5101,7.95,11.5822,8.8082,0.2809,0.3138,687200.6387,519851.8341,460580.583,20753459.2887,15699525.3898,,,110.286
000002,万科A,全国地产,深圳,19910129,000002.SZ,20071126,32.1,32.34,31.46,31.46,31.5,-0.04,-0.13,241505.15,772167.6766,0.4646,0.5243,0.64,94.0837,79.7023,8.2817,12.0655,9.1756,0.2697,0.3012,687200.6387,519851.8341,460580.583,21619332.0935,16354538.7008,,,110.286
000002,万科A,全国地产,深圳,19910129,000002.SZ,20071123,30.6,32.18,30.59,31.5,31.18,0.32,1.03,342589.32,1080188.2124,0.659,0.7438,0.83,94.2033,79.8036,8.2923,12.0808,9.1873,0.2693,0.3008,687200.6387,519851.8341,460580.583,21646820.1191,16375332.7742,,,110.286
000002,万科A,全国地产,深圳,19910129,000002.SZ,20071122,32.1,32.39,31.02,31.18,32.82,-1.64,-5.0,389191.3,1231421.2059,0.7487,0.845,0.97,93.2463,78.9929,8.208,11.9581,9.094,0.2721,0.3039,687200.6387,519851.8341,460580.583,21426915.9147,16208980.1872,,,110.286
000002,万科A,全国地产,深圳,19910129,000002.SZ,20071121,33.3,34.38,32.5,32.82,33.3,-0.48,-1.44,311640.84,1044053.9006,0.5995,0.6766,0.72,98.1509,83.1478,8.6398,12.5871,9.5723,0.2585,0.2887,687200.6387,519851.8341,460580.583,22553924.9621,17061537.1952,,,110.286
000002,万科A,全国地产,深圳,19910129,000002.SZ,20071120,32.5,33.6,32.0,33.3,32.93,0.37,1.12,462411.56,1510779.2799,0.8895,1.004,0.99,99.5863,84.3638,8.7661,12.7712,9.7123,0.2548,0.2846,687200.6387,519851.8341,460580.583,22883781.2687,17311066.0755,,,110.286
000002,万科A,全国地产,深圳,19910129,000002.SZ,20071119,34.0,34.3,32.4,32.93,34.3,-1.37,-3.99,393598.5,1306129.6798,0.7571,0.8546,0.73,98.4798,83.4264,8.6687,12.6293,9.6044,0.2576,0.2878,687200.6387,519851.8341,460580.583,22629517.0324,17118720.8969,,,110.286
000002,万科A,全国地产,深圳,19910129,000002.SZ,20071116,34.87,35.2,33.51,34.3,35.49,-1.19,-3.35,515915.29,1760870.5503,0.9924,1.1201,0.99,102.5769,86.8973,9.0294,13.1547,10.004,0.2473,0.2763,687200.6387,519851.8341,460580.583,23570981.9074,17830917.9096,,,110.286
000002,万科A,全国地产,深圳,19910129,000002.SZ,20071115,35.69,36.21,35.21,35.49,36.0,-0.51,-1.42,320465.58,1145195.2878,0.6165,0.6958,0.59,106.1357,89.9121,9.3426,13.6111,10.351,0.2391,0.267,687200.6387,519851.8341,460580.583,24388750.6675,18449541.5922,,,110.286
000002,万科A,全国地产,深圳,19910129,000002.SZ,20071114,35.86,36.31,34.13,36.0,35.28,0.72,2.04,485871.36,1715657.2817,0.9346,1.0549,0.94,107.6609,91.2041,9.4769,13.8067,10.4998,0.2357,0.2632,687200.6387,519851.8341,460580.583,24739222.9932,18714666.0276,,,110.286
000002,万科A,全国地产,深圳,19910129,000002.SZ,20071113,36.9,37.21,34.8,35.28,36.37,-1.09,-3.0,617379.72,2223223.2218,1.1876,1.3404,1.29,105.5077,89.38,9.2873,13.5305,10.2898,0.2405,0.2686,687200.6387,519851.8341,460580.583,24244438.5333,18340372.707,,,110.286
000002,万科A,全国地产,深圳,19910129,000002.SZ,20071112,34.28,36.71,34.0,36.37,35.0,1.37,3.91,747438.04,2660452.5662,1.4378,1.6228,1.58,108.7674,92.1415,9.5743,13.9486,10.6077,0.2333,0.2605,687200.6387,519851.8341,460580.583,24993487.2295,18907011.2062,,,110.286
000002,万科A,全国地产,深圳,19910129,000002.SZ,20071109,34.5,36.0,33.95,35.0,34.93,0.07,0.2,436771.37,1530425.6916,0.8402,0.9483,0.86,104.6703,88.6707,9.2136,13.4231,10.2081,0.2424,0.2707,687200.6387,519851.8341,460580.583,24052022.3545,18194814.1935,,,110.286
000002,万科A,全国地产,深圳,19910129,000002.SZ,20071108,36.35,36.6,34.88,34.93,36.5,-1.57,-4.3,447973.42,1593598.3997,0.8617,0.9726,0.73,104.461,88.4933,9.1952,13.3963,10.1877,0.2429,0.2713,687200.6387,519851.8341,460580.583,24003918.3098,18158424.5651,,,110.286
000002,万科A,全国地产,深圳,19910129,000002.SZ,20071107,36.35,37.25,35.8,36.5,36.08,0.42,1.16,344047.52,1255551.3934,0.6618,0.747,0.46,109.1562,92.4708,9.6085,13.9984,10.6456,0.2324,0.2596,687200.6387,519851.8341,460580.583,25082823.3126,18974591.9447,,,110.286
000002,万科A,全国地产,深圳,19910129,000002.SZ,20071106,35.2,37.11,35.0,36.08,35.9,0.18,0.5,411930.33,1500623.0,0.7924,0.8944,0.54,107.9001,91.4068,9.4979,13.8373,10.5231,0.2351,0.2626,687200.6387,519851.8341,460580.583,24794199.0443,18756254.1743,,,110.286
000002,万科A,全国地产,深圳,19910129,000002.SZ,20071105,38.8,39.05,35.2,35.9,39.05,-3.15,-8.07,718769.52,2636912.6642,1.3826,1.5606,0.93,107.3618,90.9508,9.4506,13.7683,10.4706,0.2363,0.2639,687200.6387,519851.8341,460580.583,24670502.9293,18662680.8442,,,110.286
000002,万科A,全国地产,深圳,19910129,000002.SZ,20071102,38.7,40.66,38.21,39.05,39.5,-0.45,-1.14,628717.77,2495787.4542,1.2094,1.3651,0.68,116.7822,98.9311,10.2798,14.9764,11.3894,0.2173,0.2427,687200.6387,519851.8341,460580.583,26835184.9412,20300214.1216,,,110.286
000002,万科A,全国地产,深圳,19910129,000002.SZ,20071101,39.0,40.78,38.2,39.5,38.93,0.57,1.46,957829.78,3782250.9875,1.8425,2.0796,1.01,118.1279,100.0712,10.3982,15.149,11.5206,0.2148,0.2399,687200.6387,519851.8341,460580.583,27144425.2287,20534147.447,,,110.286
000002,万科A,全国地产,深圳,19910129,000002.SZ,20071031,36.3,38.93,35.55,38.93,35.67,3.26,9.14,1022572.2,3791266.9525,1.967,2.2202,1.02,116.4233,98.6271,10.2482,14.9304,11.3544,0.2179,0.2434,687200.6387,519851.8341,460580.583,26752720.8646,20237831.9015,,,110.286
000002,万科A,全国地产,深圳,19910129,000002.SZ,20071030,36.0,36.67,35.1,35.67,35.82,-0.15,-0.42,496832.58,1776709.2688,0.9557,1.0787,0.47,106.674,90.3681,9.39,13.6801,10.4035,0.2378,0.2657,687200.6387,519851.8341,460580.583,24512446.7824,18543114.9223,,,110.286
000002,万科A,全国地产,深圳,19910129,000002.SZ,20071029,36.12,37.21,35.4,35.82,35.45,0.37,1.04,776800.68,2835942.5064,1.4943,1.7894,0.76,107.1226,94.608,9.5592,13.7376,11.025,0.2369,0.2645,687200.6387,519851.8341,434112.238,24615526.8782,18621092.6975,,,110.286
000002,万科A,全国地产,深圳,19910129,000002.SZ,20071026,33.81,36.0,33.81,35.45,33.8,1.65,4.88,1363274.84,4798546.0022,2.6224,3.1404,1.53,106.0161,93.6308,9.4604,13.5957,10.9111,0.2393,0.2673,687200.6387,519851.8341,434112.238,24361262.6419,18428747.5188,,,110.286
000002,万科A,全国地产,深圳,19910129,000002.SZ,20071025,33.6,34.8,32.65,33.8,33.51,0.29,0.87,1089673.0,3702467.3531,2.0961,2.5101,1.4,101.0816,89.2728,9.0201,12.9629,10.4032,0.251,0.2803,687200.6387,519851.8341,434112.238,23227381.5881,17570991.9926,,,110.286
000002,万科A,全国地产,深圳,19910129,000002.SZ,20071024,33.0,34.85,32.95,33.51,33.0,0.51,1.55,1267799.79,4342935.3668,2.4388,2.9204,2.0,100.2144,88.5068,8.9427,12.8517,10.314,0.2532,0.2828,687200.6387,519851.8341,434112.238,23028093.4028,17420234.9607,,,110.286
000002,万科A,全国地产,深圳,19910129,000002.SZ,20071023,31.7,33.39,31.5,33.0,31.7,1.3,4.1,787645.59,2558189.0998,1.5151,1.8144,1.23,98.6892,87.1598,8.8066,12.6561,10.157,0.2571,0.2871,687200.6387,519851.8341,434112.238,22677621.0771,17155110.5253,,,110.286
000002,万科A,全国地产,深圳,19910129,000002.SZ,20071022,30.6,32.47,30.5,31.7,31.5,0.2,0.63,576848.75,1841058.5577,1.1096,1.3288,0.81,94.8014,83.7263,8.4597,12.1575,9.7569,0.2676,0.2989,687200.6387,519851.8341,434112.238,21784260.2468,16479303.141,,,110.286
000002,万科A,全国地产,深圳,19910129,000002.SZ,20071019,30.8,32.55,30.75,31.5,30.6,0.9,2.94,728654.79,2322670.5977,1.4017,1.6785,0.91,94.2033,83.198,8.4063,12.0808,9.6953,0.2693,0.3008,687200.6387,519851.8341,434112.238,21646820.1191,16375332.7742,,,68.511
000002,万科A,全国地产,深圳,19910129,000002.SZ,20071018,31.6,31.97,30.6,30.6,31.6,-1.0,-3.16,543991.36,1691097.2139,1.0464,1.2531,0.57,91.5118,80.8209,8.1661,11.7357,9.4183,0.2773,0.3097,687200.6387,519851.8341,434112.238,21028339.5442,15907466.1235,,,68.511
000002,万科A,全国地产,深圳,19910129,000002.SZ,20071017,31.8,32.99,31.5,31.6,32.26,-0.66,-2.05,539395.13,1728537.4072,1.0376,1.2425,0.51,94.5023,83.4621,8.433,12.1192,9.7261,0.2685,0.2999,687200.6387,519851.8341,434112.238,21715540.1829,16427317.9576,,,68.511
000002,万科A,全国地产,深圳,19910129,000002.SZ,20071016,31.15,32.99,30.96,32.26,31.27,0.99,3.17,814629.88,2627410.7534,1.567,1.8765,0.7,96.4761,85.2053,8.6091,12.3723,9.9293,0.263,0.2937,687200.6387,519851.8341,434112.238,22169092.6045,16770420.1681,,,68.511
000002,万科A,全国地产,深圳,19910129,000002.SZ,20071015,32.38,32.38,30.91,31.27,32.89,-1.62,-4.93,950916.57,2970488.5382,1.8292,2.1905,0.69,93.5155,82.5905,8.3449,11.9926,9.6245,0.2713,0.303,687200.6387,519851.8341,434112.238,21488763.9721,16255766.8523,,,68.511
000002,万科A,全国地产,深圳,19910129,000002.SZ,20071012,34.0,34.05,31.3,32.89,34.27,-1.38,-4.03,1142271.66,3734258.1754,2.1973,2.6313,0.89,98.3602,86.8693,8.7773,12.6139,10.1232,0.258,0.2881,687200.6387,519851.8341,434112.238,22602029.0068,17097926.8235,,,68.511
000002,万科A,全国地产,深圳,19910129,000002.SZ,20071011,33.43,34.89,33.43,34.27,33.3,0.97,2.91,1311478.21,4502185.6119,2.5228,3.0211,1.16,102.4872,90.5142,9.1455,13.1432,10.5479,0.2476,0.2765,687200.6387,519851.8341,434112.238,23550365.8882,17815322.3546,,,68.511
000002,万科A,全国地产,深圳,19910129,000002.SZ,20071010,33.29,34.6,33.1,33.3,33.21,0.09,0.27,1017579.15,3449748.4466,1.9574,2.344,0.96,99.5863,87.9522,8.8867,12.7712,10.2494,0.2548,0.2846,687200.6387,519851.8341,434112.238,22883781.2687,17311066.0755,,,68.511
000002,万科A,全国地产,深圳,19910129,000002.SZ,20071009,33.58,34.43,32.49,33.21,33.22,-0.01,-0.03,1361325.36,4596616.1705,2.6187,3.1359,1.43,99.3172,87.7145,8.8627,12.7366,10.2217,0.2555,0.2853,687200.6387,519851.8341,434112.238,22821933.2112,17264279.4105,,,68.511
000002,万科A,全国地产,深圳,19910129,000002.SZ,20071008,30.98,33.22,30.3,33.22,30.2,3.02,10.0,2022983.99,6557742.6484,3.8915,4.66,2.84,99.3471,87.7409,8.8653,12.7405,10.2247,0.2554,0.2852,687200.6387,519851.8341,434112.238,22828805.2176,17269477.9288,,,68.511
000002,万科A,全国地产,深圳,19910129,000002.SZ,20070928,29.62,30.8,29.62,30.2,29.25,0.95,3.25,683457.12,2064138.4388,1.3147,1.5744,0.91,90.3155,79.7644,8.0594,11.5822,9.2952,0.2809,0.3138,687200.6387,519851.8341,434112.238,20753459.2887,15699525.3898,,,68.511
000002,万科A,全国地产,深圳,19910129,000002.SZ,20070927,29.8,29.8,28.9,29.25,29.86,-0.61,-2.04,581390.85,1695633.5285,1.1184,1.3393,0.76,87.4745,77.2553,7.8059,11.2179,9.0028,0.2901,0.324,687200.6387,519851.8341,434112.238,20100618.682,15205666.1474,,,68.511
000002,万科A,全国地产,深圳,19910129,000002.SZ,20070926,31.02,31.5,29.78,29.86,31.53,-1.67,-5.3,678357.09,2064198.2811,1.3049,1.5626,0.92,89.2987,78.8664,7.9686,11.4519,9.1906,0.2841,0.3173,687200.6387,519851.8341,434112.238,20519811.0716,15522775.7662,,,68.511
000002,万科A,全国地产,深圳,19910129,000002.SZ,20070925,31.0,32.3,30.5,31.53,30.99,0.54,1.74,786742.46,2498028.2835,1.5134,1.8123,0.95,94.293,83.2773,8.4143,12.0923,9.7046,0.2691,0.3005,687200.6387,519851.8341,434112.238,21667436.1382,16390928.3292,,,68.511
000002,万科A,全国地产,深圳,19910129,000002.SZ,20070924,29.9,31.21,29.35,30.99,29.9,1.09,3.65,836637.49,2547894.3743,1.6094,1.9272,1.0,92.6781,81.851,8.2702,11.8852,9.5384,0.2738,0.3058,687200.6387,519851.8341,434112.238,21296347.7933,16110208.3388,,,68.511
000002,万科A,全国地产,深圳,19910129,000002.SZ,20070921,30.6,31.05,29.2,29.9,30.46,-0.56,-1.84,864347.6,2587437.1596,1.6627,1.9911,1.0,89.4184,78.9721,7.9793,11.4672,9.2029,0.2837,0.3169,687200.6387,519851.8341,434112.238,20547299.0971,15543569.8396,,,68.511
000002,万科A,全国地产,深圳,19910129,000002.SZ,20070920,30.9,31.54,30.25,30.46,30.8,-0.34,-1.1,653535.87,1999988.1689,1.2572,1.5055,0.75,91.0931,80.4512,8.1288,11.682,9.3752,0.2785,0.3111,687200.6387,519851.8341,434112.238,20932131.4548,15834686.8667,,,68.511
000002,万科A,全国地产,深圳,19910129,000002.SZ,20070919,31.05,31.76,30.75,30.8,30.7,0.1,0.33,563397.61,1751578.192,1.0838,1.2978,0.61,92.1099,81.3492,8.2195,11.8124,9.4799,0.2755,0.3077,687200.6387,519851.8341,434112.238,21165779.672,16011436.4903,,,68.511
000002,万科A,全国地产,深圳,19910129,000002.SZ,20070918,31.93,31.93,30.5,30.7,31.93,-1.23,-3.85,1239217.6,3828947.2732,2.3838,2.8546,1.51,91.8108,81.085,8.1928,11.774,9.4491,0.2764,0.3087,687200.6387,519851.8341,434112.238,21097059.6081,15959451.3069,,,68.511
000002,万科A,全国地产,深圳,19910129,000002.SZ,20070917,31.4,32.5,30.9,31.93,31.93,0.0,0.0,869118.81,2731383.4718,1.6719,2.0021,1.01,95.4892,84.3337,8.5211,12.2457,9.8277,0.2657,0.2968,687200.6387,519851.8341,434112.238,21942316.3937,16598869.0628,,,68.511
000002,万科A,全国地产,深圳,19910129,000002.SZ,20070913,31.1,32.74,30.8,31.93,30.97,0.96,3.1,979072.75,3140448.0521,1.8834,2.2553,1.17,95.4892,84.3337,8.5211,12.2457,9.8277,0.2657,0.2968,687200.6387,519851.8341,434112.238,21942316.3937,16598869.0628,,,68.511
000002,万科A,全国地产,深圳,19910129,000002.SZ,20070912,30.77,31.46,30.0,30.97,30.78,0.19,0.62,733235.19,2241725.6998,1.4105,1.689,0.8,92.6183,81.7982,8.2649,11.8776,9.5322,0.2739,0.306,687200.6387,519851.8341,434112.238,21282603.7805,16099811.3021,,,68.511
000002,万科A,全国地产,深圳,19910129,000002.SZ,20070911,32.4,32.8,30.55,30.78,32.4,-1.62,-5.0,774293.68,2456553.6421,1.4895,1.7836,0.77,92.0501,81.2963,8.2142,11.8047,9.4737,0.2756,0.3079,687200.6387,519851.8341,434112.238,21152035.6592,16001039.4536,,,68.511
000002,万科A,全国地产,深圳,19910129,000002.SZ,20070910,31.5,32.93,31.4,32.4,31.98,0.42,1.31,740555.16,2383417.9676,1.4246,1.7059,0.7,96.8948,85.5751,8.6465,12.426,9.9723,0.2619,0.2925,687200.6387,519851.8341,434112.238,22265300.6939,16843199.4248,,,68.511
000002,万科A,全国地产,深圳,19910129,000002.SZ,20070907,33.0,33.0,31.88,31.98,33.29,-1.31,-3.94,1074385.74,3462661.6207,2.0667,2.4749,1.09,95.6388,84.4658,8.5344,12.2649,9.8431,0.2653,0.2963,687200.6387,519851.8341,434112.238,21976676.4256,16624861.6545,,,68.511
000002,万科A,全国地产,深圳,19910129,000002.SZ,20070906,33.5,33.9,32.18,33.29,33.08,0.21,0.63,872158.79,2876952.1613,1.6777,2.0091,0.9,99.5564,87.9258,8.884,12.7673,10.2463,0.2549,0.2846,687200.6387,519851.8341,434112.238,22876909.2623,17305867.5572,,,68.511
000002,万科A,全国地产,深圳,19910129,000002.SZ,20070905,34.14,34.5,32.15,33.08,34.13,-1.05,-3.08,1117537.18,3691378.8572,2.1497,2.5743,1.11,98.9284,87.3711,8.828,12.6868,10.1816,0.2565,0.2865,687200.6387,519851.8341,434112.238,22732597.1282,17196698.672,,,68.511
000002,万科A,全国地产,深圳,19910129,000002.SZ,20070904,34.0,35.16,33.88,34.13,33.7,0.43,1.28,1215480.73,4190189.5292,2.49,2.7999,1.18,97.3578,85.984,14.1467,12.4854,10.02,0.2623,0.293,655484.8126,488144.1634,434112.238,22371696.654,16660360.2968,,,68.511
000002,万科A,全国地产,深圳,19910129,000002.SZ,20070903,33.84,34.25,33.36,33.7,33.8,-0.1,-0.3,973181.43,3272845.4922,1.9936,2.2418,0.95,96.1312,84.9007,13.9685,12.3281,9.8938,0.2657,0.2967,655484.8126,488140.5855,434112.238,22089838.1846,16450337.7314,,,68.511
000002,万科A,全国地产,深圳,19910129,000002.SZ,20070831,33.58,34.3,33.21,33.8,33.58,0.22,0.66,754160.9,2533354.7056,1.545,1.7372,0.73,96.4165,85.1527,14.0099,12.3646,9.9231,0.2649,0.2959,655484.8126,488140.5855,434112.238,22155386.6659,16499151.7899,,,68.511
000002,万科A,全国地产,深圳,19910129,000002.SZ,20070830,34.02,34.8,32.95,33.58,34.0,-0.42,-1.24,792306.74,2659503.6814,1.6231,1.8251,0.76,95.7889,84.5984,13.9187,12.2842,9.8585,0.2666,0.2978,655484.8126,488140.5855,434112.238,22011180.0071,16391760.8611,,,68.511
000002,万科A,全国地产,深圳,19910129,000002.SZ,20070829,35.8,36.89,33.88,34.0,34.79,-0.79,-2.27,1303931.95,4585315.3759,2.6712,3.0037,1.34,96.987,85.6565,14.0928,12.4378,9.9818,0.2633,0.2941,655484.8126,488140.5855,434112.238,22286483.6284,16596779.907,,,68.511
000002,万科A,全国地产,深圳,19910129,000002.SZ,20070823,34.46,35.58,34.15,34.79,34.0,0.79,2.32,1330811.34,4651671.5507,2.7263,4.5984,1.44,99.2405,95.8644,15.2017,12.7268,11.5887,0.2574,0.2874,655484.8126,488140.5855,289408.1587,22804316.6304,16982410.9695,,,68.511
000002,万科A,全国地产,深圳,19910129,000002.SZ,20070822,33.3,35.8,33.3,34.0,32.93,1.07,3.25,919716.52,3166700.0616,1.8841,3.1779,0.99,96.987,93.6876,14.8565,12.4378,11.3256,0.2633,0.2941,655484.8126,488140.5855,289408.1587,22286483.6284,16596779.907,,,68.511
000002,万科A,全国地产,深圳,19910129,000002.SZ,20070821,33.4,33.75,32.73,32.93,33.07,-0.14,-0.42,835819.83,2773571.7093,1.7123,2.888,0.86,93.9348,90.7392,14.389,12.0464,10.9691,0.2719,0.3037,655484.8126,488140.5855,289408.1587,21585114.8789,16074469.4805,,,68.511
000002,万科A,全国地产,深圳,19910129,000002.SZ,20070820,31.88,33.28,31.88,33.07,30.85,2.22,7.2,800844.14,2620819.5537,1.6406,2.7672,0.81,94.3341,91.1249,14.4502,12.0976,11.0158,0.2707,0.3024,655484.8126,488140.5855,289408.1587,21676882.7527,16142809.1625,,,68.511
000002,万科A,全国地产,深圳,19910129,000002.SZ,20070817,31.75,32.58,30.7,30.85,32.08,-1.23,-3.83,964731.13,3037189.2917,1.9763,3.3335,0.9,88.0014,85.0077,13.4801,11.2855,10.2763,0.2902,0.3241,655484.8126,488140.5855,289408.1587,20221706.4687,15059137.0627,,,68.511
000002,万科A,全国地产,深圳,19910129,000002.SZ,20070816,32.8,33.58,31.9,32.08,33.72,-1.64,-4.86,1089108.06,3528497.6998,2.2311,3.7632,0.95,91.5101,88.397,14.0176,11.7354,10.686,0.2791,0.3117,655484.8126,488140.5855,289408.1587,21027952.7882,15659549.9828,,,68.511
000002,万科A,全国地产,深圳,19910129,000002.SZ,20070815,33.66,34.5,33.15,33.72,33.3,0.42,1.26,948210.89,3216462.3631,1.9425,3.2764,0.81,96.1883,92.916,14.7342,12.3354,11.2323,0.2655,0.2966,655484.8126,488140.5855,289408.1587,22102947.8809,16460100.5431,,,68.511
000002,万科A,全国地产,深圳,19910129,000002.SZ,20070814,32.99,33.66,31.9,33.3,33.13,0.17,0.51,1074049.67,3517516.5869,2.2003,3.7112,0.91,94.9902,91.7587,14.5507,12.1817,11.0924,0.2689,0.3003,655484.8126,488140.5855,289408.1587,21827644.2596,16255081.4972,,,68.511
000002,万科A,全国地产,深圳,19910129,000002.SZ,20070813,32.98,34.01,32.4,33.13,33.76,-0.63,-1.87,872838.23,2889104.0524,1.7881,3.0159,0.71,94.5053,91.2903,14.4764,12.1196,11.0358,0.2703,0.3018,655484.8126,488140.5855,289408.1587,21716211.8414,16172097.5976,,,68.511
000002,万科A,全国地产,深圳,19910129,000002.SZ,20070810,35.0,35.0,33.09,33.76,35.34,-1.58,-4.47,1346284.82,4561897.8759,2.758,4.6519,1.1,96.3024,93.0262,14.7517,12.35,11.2456,0.2652,0.2962,655484.8126,488140.5855,289408.1587,22129167.2734,16479626.1665,,,68.511
000002,万科A,全国地产,深圳,19910129,000002.SZ,20070809,32.6,35.48,32.06,35.34,32.27,3.07,9.51,1496209.37,4997030.6368,3.0651,5.1699,1.35,100.8094,97.38,15.4421,12.928,11.7719,0.2534,0.283,655484.8126,488140.5855,289408.1587,23164833.2773,17250888.2916,,,68.511
000002,万科A,全国地产,深圳,19910129,000002.SZ,20070808,32.85,33.09,31.61,32.27,33.38,-1.11,-3.33,1070375.61,3447717.2206,2.1928,3.6985,0.97,92.0521,88.9205,14.1006,11.8049,10.7493,0.2775,0.3099,655484.8126,488140.5855,289408.1587,21152494.9026,15752296.6941,,,68.511
000002,万科A,全国地产,深圳,19910129,000002.SZ,20070807,33.89,33.89,32.3,33.38,33.97,-0.59,-1.74,1097746.31,3633934.6461,2.2488,3.7931,1.07,95.2184,91.9791,14.5856,12.211,11.119,0.2682,0.2996,655484.8126,488140.5855,289408.1587,21880083.0446,16294132.744,,,68.511
000002,万科A,全国地产,深圳,19910129,000002.SZ,20070806,34.0,34.4,32.9,33.97,33.8,0.17,0.5,1110633.37,3731805.7682,2.2752,3.8376,1.11,96.9014,93.6049,14.8434,12.4268,11.3156,0.2636,0.2944,655484.8126,488140.5855,289408.1587,22266819.084,16582135.6894,,,68.511
000002,万科A,全国地产,深圳,19910129,000002.SZ,20070803,31.81,34.7,31.68,33.8,31.57,2.23,7.06,1325159.06,4397603.4146,2.7147,4.5789,1.52,96.4165,93.1365,14.7692,12.3646,11.259,0.2649,0.2959,655484.8126,488140.5855,289408.1587,22155386.6659,16499151.7899,,,68.511
000002,万科A,全国地产,深圳,19910129,000002.SZ,20070802,29.1,31.57,29.1,31.57,28.7,2.87,10.0,936991.87,2819053.6308,1.9195,3.2376,1.09,90.0553,86.9917,13.7947,11.5489,10.5161,0.2836,0.3168,655484.8126,488140.5855,289408.1587,20693655.5338,15410598.2842,,,68.511
000002,万科A,全国地产,深圳,19910129,000002.SZ,20070801,28.3,29.9,27.81,28.7,28.3,0.4,1.41,1023759.3,2967529.9233,2.0973,3.5374,1.25,81.8684,79.0833,12.5407,10.499,9.5601,0.312,0.3484,655484.8126,488140.5855,289408.1587,18812414.1216,14009634.8039,,,68.511
000002,万科A,全国地产,深圳,19910129,000002.SZ,20070731,28.4,28.7,28.0,28.3,28.49,-0.19,-0.67,722511.71,2048712.088,1.4801,2.4965,0.85,80.7274,77.9811,12.3659,10.3526,9.4269,0.3164,0.3534,655484.8126,488140.5855,289408.1587,18550220.1966,13814378.5697,,,68.511
000002,万科A,全国地产,深圳,19910129,000002.SZ,20070730,26.86,29.55,26.8,28.49,27.3,1.19,4.36,983216.79,2802510.9089,2.0142,3.3973,1.06,81.2694,78.5047,12.4489,10.4222,9.4902,0.3143,0.351,655484.8126,488140.5855,289408.1587,18674762.311,13907125.2809,,,68.511
000002,万科A,全国地产,深圳,19910129,000002.SZ,20070727,27.0,27.48,26.6,27.3,27.41,-0.11,-0.4,706594.74,1909506.2152,1.4475,2.4415,0.69,77.8749,75.2256,11.9289,9.9868,9.0938,0.328,0.3663,655484.8126,488140.5855,289408.1587,17894735.384,13326237.9842,,,68.511
000002,万科A,全国地产,深圳,19910129,000002.SZ,20070726,27.36,27.98,26.5,27.41,27.25,0.16,0.59,853793.43,2311955.9755,1.7491,2.9501,0.88,78.1886,75.5287,11.977,10.0271,9.1304,0.3266,0.3648,655484.8126,488140.5855,289408.1587,17966838.7134,13379933.4486,,,68.511
000002,万科A,全国地产,深圳,19910129,000002.SZ,20070725,27.35,27.4,26.4,27.25,27.05,0.2,0.74,815972.31,2198874.7177,1.6716,2.8195,0.77,77.7322,75.0878,11.9071,9.9685,9.0771,0.3286,0.367,655484.8126,488140.5855,289408.1587,17861961.1434,13301830.9549,,,68.511
000002,万科A,全国地产,深圳,19910129,000002.SZ,20070724,26.57,27.85,26.0,27.05,26.36,0.69,2.62,912813.12,2468484.4183,1.87,3.1541,0.85,77.1617,74.5367,11.8197,9.8954,9.0105,0.331,0.3697,655484.8126,488140.5855,289408.1587,17730864.1808,13204202.8378,,,68.511
000002,万科A,全国地产,深圳,19910129,000002.SZ,20070723,26.2,27.58,25.82,26.36,25.64,0.72,2.81,1332819.01,3540012.1038,2.7304,4.6053,1.47,75.1934,72.6354,11.5182,9.643,8.7806,0.3397,0.3794,655484.8126,488140.5855,289408.1587,17278579.6601,12867385.8338,,,68.511
000002,万科A,全国地产,深圳,19910129,000002.SZ,20070720,23.1,25.64,23.01,25.64,23.31,2.33,10.0,1214986.81,3037934.4203,2.489,4.1982,1.58,73.1396,70.6514,11.2036,9.3796,8.5408,0.3492,0.7392,655484.8126,488140.5855,289408.1587,16806630.5951,12515924.6122,,,68.511
000002,万科A,全国地产,深圳,19910129,000002.SZ,20070719,23.0,23.87,22.87,23.31,23.47,-0.16,-0.68,548016.95,1281148.3993,1.1227,1.8936,0.64,66.4931,64.2311,10.1855,8.5272,7.7647,0.3841,0.8131,655484.8126,488140.5855,289408.1587,15279350.9817,11378557.048,25.85,21.15,68.511
000002,万科A,全国地产,深圳,19910129,000002.SZ,20070718,23.13,24.5,22.98,23.47,22.62,0.85,3.76,1313205.41,3093512.7528,2.6902,4.5376,1.44,66.9496,64.672,10.2554,8.5857,7.818,0.3815,0.8076,655484.8126,488140.5855,289408.1587,15384228.5517,11456659.5417,,,68.511
000002,万科A,全国地产,深圳,19910129,000002.SZ,20070717,20.54,22.62,20.4,22.62,20.56,2.06,10.02,979416.19,2141949.5533,2.0064,3.3842,1.13,64.5249,62.3298,9.884,8.2748,7.5348,0.3958,0.8379,655484.8126,488140.5855,289408.1587,14827066.461,11041740.044,,,68.511
000002,万科A,全国地产,深圳,19910129,000002.SZ,20070716,21.3,21.73,20.48,20.56,21.26,-0.7,-3.29,463943.76,982141.5913,0.9504,1.6031,0.53,58.6486,56.6534,8.9838,7.5212,6.8486,0.4355,0.9219,655484.8126,488140.5855,289408.1587,13476767.7471,10036170.4379,,,68.511
000002,万科A,全国地产,深圳,19910129,000002.SZ,20070712,21.2,21.78,20.9,21.26,21.2,0.06,0.28,547049.2,1170017.8164,1.1207,1.8902,0.64,60.6454,58.5823,9.2897,7.7773,7.0818,0.4211,0.8915,655484.8126,488140.5855,289408.1587,13935607.1159,10377868.8477,,,68.511
000002,万科A,全国地产,深圳,19910129,000002.SZ,20070711,20.65,21.74,20.65,21.2,20.52,0.68,3.31,984220.46,2102373.5532,2.0163,3.4008,1.25,60.4742,58.417,9.2635,7.7553,7.0618,0.4223,0.894,655484.8126,488140.5855,289408.1587,13896278.0271,10348580.4126,,,68.511
000002,万科A,全国地产,深圳,19910129,000002.SZ,20070710,20.18,21.1,20.15,20.52,19.93,0.59,2.96,1599870.1,3311807.4842,3.2775,5.5281,2.79,58.5345,56.5432,8.9664,7.5066,6.8353,0.4363,0.9237,655484.8126,488140.5855,289408.1587,13450548.3546,10016644.8145,,,68.511
000002,万科A,全国地产,深圳,19910129,000002.SZ,20070709,19.42,20.2,19.42,19.93,19.38,0.55,2.84,735802.93,1466734.8521,1.5074,2.5424,1.36,56.8515,54.9174,8.7086,7.2908,6.6388,0.4492,0.951,655484.8126,488140.5855,289408.1587,13063812.3151,9728641.869,,,68.511
000002,万科A,全国地产,深圳,19910129,000002.SZ,20070706,18.5,19.5,18.11,19.38,18.56,0.82,4.42,508725.52,960239.2415,1.0422,1.7578,0.9,55.2826,53.4019,8.4682,7.0896,6.4556,0.462,0.978,655484.8126,488140.5855,289408.1587,12703295.6682,9460164.547,,,68.511
000002,万科A,全国地产,深圳,19910129,000002.SZ,20070705,19.0,19.45,18.5,18.56,19.32,-0.76,-3.93,422597.76,796400.0586,0.8657,1.4602,0.7,52.9435,51.1424,8.1099,6.7896,6.1824,0.4824,1.0212,655484.8126,488140.5855,289408.1587,12165798.1219,9059889.2669,,,68.511
000002,万科A,全国地产,深圳,19910129,000002.SZ,20070704,19.45,20.3,19.0,19.32,19.41,-0.09,-0.46,677897.0,1339453.6036,1.3887,2.3424,1.07,55.1114,53.2366,8.442,7.0676,6.4356,0.4634,0.981,655484.8126,488140.5855,289408.1587,12663966.5794,9430876.1119,,,68.511
000002,万科A,全国地产,深圳,19910129,000002.SZ,20070703,18.76,19.5,18.76,19.41,18.64,0.77,4.13,526655.01,1011048.1772,1.0789,1.8198,0.82,55.3682,53.4846,8.4813,7.1005,6.4656,0.4613,0.9765,655484.8126,488140.5855,289408.1587,12722960.2126,9474808.7646,,,68.511
000002,万科A,全国地产,深圳,19910129,000002.SZ,20070702,19.0,19.19,18.02,18.64,19.12,-0.48,-2.51,570264.59,1063789.8073,1.1682,1.9705,0.81,53.1717,51.3628,8.1449,6.8188,6.2091,0.4803,1.0168,655484.8126,488140.5855,289408.1587,12218236.9069,9098940.5137,,,68.511
000002,万科A,全国地产,深圳,19910129,000002.SZ,20070629,19.0,19.44,18.8,19.12,19.4,-0.28,-1.44,614433.26,1172831.826,1.2587,2.1231,0.78,54.5409,52.6855,8.3546,6.9944,6.369,0.4683,0.9913,655484.8126,488140.5855,289408.1587,12532869.6169,9333247.9948,,,68.511
000002,万科A,全国地产,深圳,19910129,000002.SZ,20070628,20.25,20.5,19.35,19.4,20.18,-0.78,-3.87,622488.89,1236698.5464,1.2752,2.1509,0.72,55.3396,53.457,8.477,7.0969,6.4622,0.4615,0.977,655484.8126,488140.5855,289408.1587,12716405.3644,9469927.3587,,,68.511
000002,万科A,全国地产,深圳,19910129,000002.SZ,20070627,19.62,20.33,19.48,20.18,19.4,0.78,4.02,823278.95,1644221.1733,1.6866,2.8447,0.83,57.5646,55.6063,8.8178,7.3822,6.7221,0.4437,0.9392,655484.8126,488140.5855,289408.1587,13227683.5183,9850677.0154,,,68.511
000002,万科A,全国地产,深圳,19910129,000002.SZ,20070626,19.0,19.5,18.75,19.4,19.28,0.12,0.62,577638.47,1102488.421,1.1833,1.9959,0.51,55.3396,53.457,8.477,7.0969,6.4622,0.4615,0.977,655484.8126,488140.5855,289408.1587,12716405.3644,9469927.3587,,,68.511
000002,万科A,全国地产,深圳,19910129,000002.SZ,20070625,19.69,20.2,19.12,19.28,19.66,-0.38,-1.93,899753.88,1774310.963,1.8432,3.1089,0.71,54.9973,53.1264,8.4245,7.053,6.4223,0.4644,0.9831,655484.8126,488140.5855,289408.1587,12637747.1869,9411350.4884,,,68.511
000002,万科A,全国地产,深圳,19910129,000002.SZ,20070622,20.23,20.59,19.35,19.66,20.23,-0.57,-2.82,1026589.84,2047977.3593,2.1031,3.5472,0.82,56.0813,54.1735,8.5906,7.192,6.5488,0.4554,0.9641,655484.8126,488140.5855,289408.1587,12886831.4157,9596843.9109,,,68.511
000002,万科A,全国地产,深圳,19910129,000002.SZ,20070621,19.88,20.72,19.82,20.23,20.06,0.17,0.85,983169.92,1996159.0677,2.0141,3.3972,0.78,57.7073,55.7441,8.8396,7.4005,6.7387,0.4426,0.9369,655484.8126,488140.5855,289408.1587,13260457.7589,9875084.0447,,,68.511
000002,万科A,全国地产,深圳,19910129,000002.SZ,20070620,21.3,21.44,19.8,20.06,20.8,-0.74,-3.56,1456723.46,3019871.8455,2.9842,5.0335,1.12,57.2223,55.2757,8.7654,7.3383,6.6821,0.4463,0.9448,655484.8126,488140.5855,289408.1587,13149025.3408,9792100.1451,,,68.511
000002,万科A,全国地产,深圳,19910129,000002.SZ,20070619,19.99,20.93,19.55,20.8,19.97,0.83,4.16,1278100.01,2612638.9318,2.6183,4.4163,1.0,59.3332,57.3147,9.0887,7.609,6.9286,0.4305,0.9112,655484.8126,488140.5855,289408.1587,13634084.1021,10153324.1784,,,68.511
000002,万科A,全国地产,深圳,19910129,000002.SZ,20070618,19.55,20.26,19.2,19.97,19.1,0.87,4.56,1575666.37,3100080.404,3.2279,5.4444,1.29,56.9656,55.0277,8.726,7.3054,6.6521,0.4483,0.9491,655484.8126,488140.5855,289408.1587,13090031.7076,9748167.4924,,,68.511
000002,万科A,全国地产,深圳,19910129,000002.SZ,20070615,18.99,19.35,18.66,19.1,18.95,0.15,0.79,930255.4,1768132.6512,1.9057,3.2143,0.73,54.4839,52.6304,8.3459,6.9871,6.3623,0.4688,0.9923,655484.8126,488140.5855,289408.1587,12519759.9207,9323485.1831,,,68.511
000002,万科A,全国地产,深圳,19910129,000002.SZ,20070614,19.32,19.62,18.78,18.95,19.55,-0.6,-3.07,1040356.14,1994526.9043,2.1313,3.5948,0.76,54.056,52.217,8.2803,6.9323,6.3123,0.4725,1.0002,655484.8126,488140.5855,289408.1587,12421437.1988,9250264.0952,,,68.511
000002,万科A,全国地产,深圳,19910129,000002.SZ,20070613,18.68,19.89,18.67,19.55,18.54,1.01,5.45,1691290.69,3287762.9541,3.4648,5.844,1.21,55.7675,53.8703,8.5425,7.1517,6.5122,0.458,0.9695,655484.8126,488140.5855,289408.1587,12814728.0863,9543148.4465,,,68.511
000002,万科A,全国地产,深圳,19910129,000002.SZ,20070612,18.61,18.78,18.0,18.54,18.61,-0.07,-0.38,1164498.75,2145406.342,2.3856,4.0237,0.74,52.8864,51.0873,8.1012,6.7823,6.1758,0.4829,1.0223,655484.8126,488140.5855,289408.1587,12152688.4256,9050126.4552,,,68.511
000002,万科A,全国地产,深圳,19910129,000002.SZ,20070611,18.61,18.84,18.31,18.61,18.55,0.06,0.32,1281775.52,2374800.184,2.6258,4.429,0.79,53.0861,51.2802,8.1318,6.8079,6.1991,0.4811,1.0185,655484.8126,488140.5855,289408.1587,12198572.3625,9084296.2962,,,68.511
000002,万科A,全国地产,深圳,19910129,000002.SZ,20070608,18.9,18.9,18.3,18.55,19.0,-0.45,-2.37,1213243.05,2255084.9967,2.4854,4.1922,0.67,52.915,51.1148,8.1056,6.7859,6.1791,0.4827,1.0217,655484.8126,488140.5855,289408.1587,12159243.2737,9055007.861,,,68.511
000002,万科A,全国地产,深圳,19910129,000002.SZ,20070607,18.65,19.17,18.48,19.0,18.75,0.25,1.33,1472797.57,2768406.6575,3.0172,5.089,0.76,54.1986,52.3548,8.3022,6.9505,6.329,0.4712,0.9975,655484.8126,488140.5855,289408.1587,12454211.4394,9274671.1245,,,68.511
000002,万科A,全国地产,深圳,19910129,000002.SZ,20070606,18.19,19.03,17.45,18.75,17.9,0.85,4.75,1845527.51,3408495.1083,3.7807,6.3769,0.86,53.4855,51.6659,8.1929,6.8591,6.2457,0.4775,1.0108,655484.8126,488140.5855,289408.1587,12290340.2363,9152635.9781,,,68.511
000002,万科A,全国地产,深圳,19910129,000002.SZ,20070605,15.88,17.9,14.9,17.9,16.38,1.52,9.28,2037308.77,3331714.8757,4.1736,7.0396,1.02,51.0608,49.3237,7.8215,6.5481,5.9626,0.5002,1.0589,655484.8126,488140.5855,289408.1587,11733178.1455,8737716.4805,,,68.511
000002,万科A,全国地产,深圳,19910129,000002.SZ,20070604,18.25,18.5,16.38,16.38,18.2,-1.82,-10.0,1569470.52,2666366.4138,3.2152,5.423,0.84,46.7249,45.1354,7.1574,5.9921,5.4563,0.5466,1.1571,655484.8126,488140.5855,289408.1587,10736841.2304,7995742.7905,,,68.511
000002,万科A,全国地产,深圳,19910129,000002.SZ,20070601,19.55,19.77,17.9,18.2,19.41,-1.21,-6.23,2067432.13,3909722.2504,4.2353,7.1437,1.23,51.9166,50.1504,7.9526,6.6579,6.0625,0.4919,1.0414,655484.8126,488140.5855,289408.1587,11929823.5893,8884158.6561,,,68.511
000002,万科A,全国地产,深圳,19910129,000002.SZ,20070531,18.6,19.63,17.75,19.41,18.7,0.71,3.8,2212410.96,4187585.9768,4.5323,7.6446,1.37,55.3682,53.4846,8.4813,7.1005,6.4656,0.4613,0.9765,655484.8126,488140.5855,289408.1587,12722960.2126,9474808.7646,,,68.511
000002,万科A,全国地产,深圳,19910129,000002.SZ,20070530,18.3,19.7,17.56,18.7,19.47,-0.77,-3.95,2869094.82,5340912.6559,5.8776,9.9137,2.17,53.3428,51.5282,8.1711,6.8408,6.2291,0.4788,1.0136,655484.8126,488140.5855,289408.1587,12257565.9956,9128228.9489,,,68.511
000002,万科A,全国地产,深圳,19910129,000002.SZ,20070529,18.5,19.5,18.48,19.47,18.45,1.02,5.53,1258993.37,2383057.5105,2.5792,4.3502,0.9,55.5393,53.6499,8.5076,7.1225,6.4856,0.4599,0.9735,655484.8126,488140.5855,289408.1587,12762289.3013,9504097.1997,,,68.511
000002,万科A,全国地产,深圳,19910129,000002.SZ,20070528,18.4,18.85,18.4,18.45,18.32,0.13,0.71,957696.55,1776993.8432,1.9619,3.3092,0.64,52.6297,50.8393,8.0619,6.7493,6.1458,0.4853,1.0273,655484.8126,488140.5855,289408.1587,12093694.7925,9006193.8025,,,68.511
000002,万科A,全国地产,深圳,19910129,000002.SZ,20070525,18.16,18.58,18.16,18.32,18.6,-0.28,-1.51,1126583.49,2066272.6382,2.3079,3.8927,0.74,52.2589,50.4811,8.0051,6.7018,6.1025,0.4887,1.0346,655484.8126,488140.5855,289408.1587,12008481.7668,8942735.5264,,,68.511
000002,万科A,全国地产,深圳,19910129,000002.SZ,20070524,18.47,19.05,18.08,18.6,18.25,0.35,1.92,1888711.95,3503013.029,3.8692,6.5261,1.34,53.0576,51.2526,8.1274,6.8042,6.1958,0.4814,1.019,655484.8126,488140.5855,289408.1587,12192017.5144,9079414.8903,,,68.511
000002,万科A,全国地产,深圳,19910129,000002.SZ,20070523,17.39,18.6,17.15,18.25,17.4,0.85,4.89,1375638.5,2481237.0521,2.8181,4.7533,0.99,52.0592,50.2882,7.9745,6.6762,6.0792,0.4906,1.0385,655484.8126,488140.5855,289408.1587,11962597.83,8908565.6854,,,68.511
000002,万科A,全国地产,深圳,19910129,000002.SZ,20070522,16.6,17.74,16.4,17.4,16.6,0.8,4.82,1618776.16,2747167.1006,3.3162,5.5934,1.3,49.6345,47.946,7.6031,6.3652,5.796,0.5146,1.0893,655484.8126,488140.5855,289408.1587,11405435.7392,8493646.1877,,,68.511
000002,万科A,全国地产,深圳,19910129,000002.SZ,20070521,15.88,16.9,15.75,16.6,16.6,0.0,0.0,1527105.18,2523839.9292,3.1284,5.2766,1.32,47.3525,45.7416,7.2535,6.0726,5.5295,0.5394,1.1418,655484.8126,488140.5855,289408.1587,10881047.8892,8103133.7193,,,68.511
000002,万科A,全国地产,深圳,19910129,000002.SZ,20070518,16.5,16.96,16.1,16.6,16.53,0.07,0.42,1187653.38,1978569.9363,3.6495,4.1037,1.08,47.3525,45.7416,7.2535,6.0726,5.5295,0.5394,1.1418,655484.8126,325427.057,289408.1587,10881047.8892,5402089.1462,,,68.511
000002,万科A,全国地产,深圳,19910129,000002.SZ,20070517,15.97,16.77,15.74,16.53,15.72,0.81,5.15,1362482.0,2211429.7753,4.1868,4.7078,1.38,47.1528,45.5487,7.2229,6.047,5.5062,0.5416,1.1466,655484.8126,325427.057,289408.1587,10835163.9523,5379309.2522,,,68.511
000002,万科A,全国地产,深圳,19910129,000002.SZ,20070516,15.07,15.82,14.65,15.72,15.21,0.51,3.35,1259295.56,1924553.0245,3.8697,4.3513,1.18,44.8422,43.3167,6.869,5.7507,5.2364,0.5696,1.2057,655484.8126,325427.057,289408.1587,10304221.2541,5115713.336,,,68.511
000002,万科A,全国地产,深圳,19910129,000002.SZ,20070515,24.1,24.55,22.8,22.97,24.06,-1.09,-4.53,906482.13,2127296.5684,2.7855,3.1322,0.78,43.6822,42.1961,6.4111,5.6019,5.1009,0.5847,0.5847,436989.8751,325427.057,289408.1587,10037657.431,7475059.4993,,,68.511
000002,万科A,全国地产,深圳,19910129,000002.SZ,20070514,22.3,24.52,21.7,24.06,22.39,1.67,7.46,1047016.55,2474989.4895,3.2174,3.6178,0.98,45.755,44.1985,6.7154,5.8677,5.343,0.5582,0.5582,436989.8751,325427.057,289408.1587,10513976.3949,7829774.9914,,,68.511
000002,万科A,全国地产,深圳,19910129,000002.SZ,20070511,21.3,22.55,20.78,22.39,21.55,0.84,3.9,925898.23,1984179.0699,2.8452,3.1993,0.94,42.5792,41.1307,6.2492,5.4604,4.9721,0.5998,0.5998,436989.8751,325427.057,289408.1587,9784203.3035,7286311.8062,,,68.511
000002,万科A,全国地产,深圳,19910129,000002.SZ,20070510,22.26,22.29,21.1,21.55,21.88,-0.33,-1.51,800337.29,1743018.4583,2.4593,2.7654,0.82,40.9818,39.5876,6.0148,5.2556,4.7856,0.6232,0.6232,436989.8751,325427.057,289408.1587,9417131.8084,7012953.0784,,,68.511
000002,万科A,全国地产,深圳,19910129,000002.SZ,20070509,20.39,21.88,20.11,21.88,19.89,1.99,10.01,1640415.49,3455537.2249,5.0408,5.6682,2.11,41.6093,40.1938,6.1069,5.3361,4.8589,0.6138,0.6138,436989.8751,325427.057,289408.1587,9561338.4672,7120344.0072,,,68.511
000002,万科A,全国地产,深圳,19910129,000002.SZ,20070508,18.68,19.89,18.6,19.89,18.08,1.81,10.01,1397516.59,2734427.6868,4.2944,4.8289,2.19,37.8249,36.5381,5.5515,4.8507,4.417,0.6752,0.6752,436989.8751,325425.4617,289408.1587,8691728.6157,6472712.4332,,,68.511
000002,万科A,全国地产,深圳,19910129,000002.SZ,20070430,17.88,18.25,17.8,18.08,17.95,0.13,0.72,603485.32,1087208.0697,1.8545,2.0852,0.95,34.3828,33.2132,5.0463,4.4093,4.015,0.7428,0.7428,436989.8751,325425.4617,289408.1587,7900776.9418,5883692.3475,,,68.511
000002,万科A,全国地产,深圳,19910129,000002.SZ,20070427,18.62,18.74,17.8,17.95,18.56,-0.61,-3.29,467013.98,847906.7413,1.4351,1.6137,0.69,34.1356,36.405,5.2543,4.3776,4.3948,0.7482,0.7482,436989.8751,325425.4617,289408.1587,7843968.258,5841387.0375,,,68.511
000002,万科A,全国地产,深圳,19910129,000002.SZ,20070426,18.4,19.13,18.4,18.56,18.36,0.2,1.09,786156.25,1478875.3836,2.4158,2.7164,1.1,35.2957,37.6422,5.4329,4.5264,4.5442,0.7236,0.7236,436989.8751,325425.4617,289408.1587,8110532.0819,6039896.5692,,,68.511
000002,万科A,全国地产,深圳,19910129,000002.SZ,20070425,17.9,18.5,17.6,18.36,17.9,0.46,2.57,624880.18,1134619.0465,1.9202,2.1592,0.85,34.9153,37.2366,5.3744,4.4776,4.4952,0.7315,0.7315,436989.8751,325425.4617,289408.1587,8023134.1068,5974811.4768,,,68.511
000002,万科A,全国地产,深圳,19910129,000002.SZ,20070424,18.52,18.68,17.85,17.9,18.44,-0.54,-2.93,706788.63,1281282.1618,2.1719,2.4422,0.91,34.0405,36.3036,5.2397,4.3654,4.3826,0.7503,0.7503,436989.8751,325425.4617,289408.1587,7822118.7643,5825115.7644,,,68.511
000002,万科A,全国地产,深圳,19910129,000002.SZ,20070423,17.9,18.66,17.89,18.44,17.93,0.51,2.84,599852.29,1103855.464,1.8433,2.0727,0.74,35.0675,37.3988,5.3978,4.4971,4.5148,0.7283,0.7283,436989.8751,325425.4617,289408.1587,8058093.2968,6000845.5137,,,68.511
000002,万科A,全国地产,深圳,19910129,000002.SZ,20070420,17.4,18.38,17.4,17.93,17.44,0.49,2.81,683946.52,1226800.8165,2.1017,2.3633,0.84,34.0976,36.3645,5.2485,4.3727,4.3899,0.749,0.749,436989.8751,325425.4617,289408.1587,7835228.4605,5834878.5283,,,68.511
000002,万科A,全国地产,深圳,19910129,000002.SZ,20070419,18.51,18.51,17.0,17.44,18.76,-1.32,-7.04,955848.8,1693235.6551,2.9372,3.3028,1.11,33.1657,35.3707,5.1051,4.2532,4.27,0.7701,0.7701,436989.8751,325425.4617,289408.1587,7621103.4217,5675420.052,,,68.511
000002,万科A,全国地产,深圳,19910129,000002.SZ,20070418,19.46,19.49,18.58,18.76,19.46,-0.7,-3.6,721142.84,1361235.9568,2.216,2.4918,0.84,35.676,38.0478,5.4914,4.5752,4.5931,0.7159,0.7159,436989.8751,325425.4617,289408.1587,8197930.0569,6104981.6615,,,68.511
000002,万科A,全国地产,深圳,19910129,000002.SZ,20070417,19.05,19.91,18.98,19.46,18.88,0.58,3.07,937138.96,1823483.7189,2.8797,3.2381,1.19,37.0072,39.4675,5.6963,4.7459,4.7645,0.6901,0.6901,436989.8751,325425.4617,289408.1587,8503822.9694,6332779.4847,,,68.511
000002,万科A,全国地产,深圳,19910129,000002.SZ,20070416,18.71,18.98,18.38,18.88,18.64,0.24,1.29,739314.34,1384604.6348,2.2718,2.5546,0.97,35.9042,38.2912,5.5266,4.6044,4.6225,0.7113,0.7113,436989.8751,325425.4617,289408.1587,8250368.8419,6144032.7169,,,68.511
000002,万科A,全国地产,深圳,19910129,000002.SZ,20070412,18.69,18.9,18.25,18.64,18.63,0.01,0.05,735079.12,1363986.6731,2.2588,2.5399,1.0,35.4478,37.8044,5.4563,4.5459,4.5638,0.7205,0.7205,436989.8751,325425.4617,289408.1587,8145491.2719,6065930.6061,,,68.511
000002,万科A,全国地产,深圳,19910129,000002.SZ,20070411,17.48,18.8,17.48,18.63,17.48,1.15,6.58,1178097.75,2120842.8869,3.6202,4.0707,1.92,35.4288,37.7841,5.4534,4.5435,4.5613,0.7209,0.7209,436989.8751,325425.4617,289408.1587,8141121.3731,6062676.3515,,,68.511
000002,万科A,全国地产,深圳,19910129,000002.SZ,20070410,17.45,17.61,16.91,17.48,17.42,0.06,0.34,687292.93,1188530.4823,2.112,2.3748,1.07,33.2418,35.4518,5.1168,4.263,4.2797,0.7683,0.7683,436989.8751,325425.4617,289408.1587,7638583.0167,5688437.0705,,,68.511
000002,万科A,全国地产,深圳,19910129,000002.SZ,20070409,17.55,17.77,17.3,17.42,17.42,0.0,0.0,585233.19,1023690.7151,1.7984,2.0222,0.9,33.1277,35.3301,5.0992,4.2484,4.2651,0.771,0.771,436989.8751,325425.4617,289408.1587,7612363.6242,5668911.5428,,,68.511
000002,万科A,全国地产,深圳,19910129,000002.SZ,20070406,17.5,17.54,17.19,17.42,17.58,-0.16,-0.91,631621.51,1094644.5721,1.9409,2.1825,1.04,33.1277,35.3301,5.0992,4.2484,4.2651,0.771,0.771,436989.8751,325425.4617,289408.1587,7612363.6242,5668911.5428,,,68.511
000002,万科A,全国地产,深圳,19910129,000002.SZ,20070405,17.72,17.96,17.49,17.58,17.79,-0.21,-1.18,575868.02,1019183.4835,1.7696,1.9898,0.87,33.432,35.6546,5.146,4.2874,4.3042,0.7639,0.7639,436989.8751,325425.4617,289408.1587,7682282.0043,5720979.6167,,,68.511
000002,万科A,全国地产,深圳,19910129,000002.SZ,20070404,17.7,18.0,17.5,17.79,17.68,0.11,0.62,584308.87,1037159.9204,1.7955,2.019,0.89,33.8313,36.0805,5.2075,4.3386,4.3556,0.7549,0.7549,436989.8751,325425.4617,289408.1587,7774049.878,5789318.9636,,,68.511
000002,万科A,全国地产,深圳,19910129,000002.SZ,20070403,17.13,17.9,16.95,17.68,17.07,0.61,3.57,835280.99,1464757.9946,2.5667,2.8862,1.45,33.6222,35.8574,5.1753,4.3118,4.3287,0.7596,0.7596,436989.8751,325425.4617,289408.1587,7725980.9918,5753522.1629,,,68.511
000002,万科A,全国地产,深圳,19910129,000002.SZ,20070402,16.53,17.24,16.52,17.07,16.59,0.48,2.89,629906.09,1065350.4904,1.9356,2.1765,1.17,32.4621,34.6203,4.9967,4.163,4.1794,0.7868,0.7868,436989.8751,325425.4617,289408.1587,7459417.168,5555012.6312,,,68.511
000002,万科A,全国地产,深圳,19910129,000002.SZ,20070330,16.88,16.88,16.4,16.59,16.92,-0.33,-1.95,400207.94,664281.4515,1.2298,1.3828,0.72,31.5493,33.6468,4.8562,4.0459,4.0618,0.8095,0.8095,436989.8751,325425.4617,289408.1587,7249662.0279,5398808.4096,,,68.511
000002,万科A,全国地产,深圳,19910129,000002.SZ,20070329,16.71,17.5,16.59,16.92,16.59,0.33,1.99,868767.07,1480475.6933,2.6696,3.0019,1.61,32.1769,34.316,4.9528,4.1264,4.1426,0.7937,0.7937,436989.8751,325425.4617,289408.1587,7393868.6867,5506198.812,,,68.511
000002,万科A,全国地产,深圳,19910129,000002.SZ,20070328,16.37,16.8,15.92,16.59,16.37,0.22,1.34,552036.1,909728.7791,1.6964,1.9075,0.94,31.5493,33.6468,4.8562,4.0459,4.0618,0.8095,0.8095,436989.8751,325425.4617,289408.1587,7249662.0279,5398808.4096,,,68.511
000002,万科A,全国地产,深圳,19910129,000002.SZ,20070327,16.66,16.66,16.35,16.37,16.66,-0.29,-1.74,433218.77,713507.5047,1.3312,1.4969,0.66,31.1309,33.2006,4.7918,3.9923,4.008,0.8204,0.8204,436989.8751,325425.4617,289408.1587,7153524.2554,5327214.808,,,68.511
000002,万科A,全国地产,深圳,19910129,000002.SZ,20070326,16.31,16.74,16.2,16.66,16.23,0.43,2.65,430291.93,707607.005,1.3222,1.4868,0.57,31.6824,33.7887,4.8767,4.063,4.079,0.8061,0.8061,436989.8751,325425.4617,289408.1587,7280251.3192,5421588.1919,,,68.511
000002,万科A,全国地产,深圳,19910129,000002.SZ,20070323,16.4,16.5,15.96,16.23,16.55,-0.32,-1.93,502403.53,814806.5664,1.5438,1.736,0.67,30.8647,32.9166,4.7509,3.9582,3.9737,0.8275,0.8275,436989.8751,325425.4617,289408.1587,7092345.6729,5281655.2434,,,68.511
000002,万科A,全国地产,深圳,19910129,000002.SZ,20070322,17.12,17.25,16.4,16.55,17.02,-0.47,-2.76,788049.13,1317893.8865,2.4216,2.723,0.99,31.4732,33.5656,4.8445,4.0362,4.052,0.8115,0.8115,436989.8751,325425.4617,289408.1587,7232182.4329,5385791.3911,,,68.511
000002,万科A,全国地产,深圳,19910129,000002.SZ,20070321,16.9,17.5,16.86,17.02,16.75,0.27,1.61,776906.23,1331946.5314,2.3874,2.6845,1.08,32.367,34.5189,4.9821,4.1508,4.1671,0.7891,0.7891,436989.8751,325425.4617,289408.1587,7437567.6742,5538741.3581,,,68.511
000002,万科A,全国地产,深圳,19910129,000002.SZ,20070320,16.8,17.1,16.37,16.75,16.56,0.19,1.15,799838.46,1342364.8536,2.4578,2.7637,1.19,31.8536,33.9713,4.9031,4.085,4.101,0.8018,0.8018,436989.8751,325425.4617,289408.1587,7319580.4079,5450876.4835,,,68.511
000002,万科A,全国地产,深圳,19910129,000002.SZ,20070319,15.3,16.67,15.1,16.56,15.9,0.66,4.15,878162.69,1424977.9521,2.6985,3.1955,1.5,53.5897,39.3808,5.1161,6.8535,5.3752,0.811,0.811,436989.8751,325425.4617,274813.4522,7236552.3317,5389045.6458,,,68.511
000002,万科A,全国地产,深圳,19910129,000002.SZ,20070316,16.2,16.32,15.57,15.9,16.0,-0.1,-0.63,521630.18,835150.013,1.6029,1.8981,0.91,51.4539,37.8113,4.9122,6.5804,5.161,0.8447,0.8447,436989.8751,325425.4617,274813.4522,6948139.0141,5174264.841,,,68.511
000002,万科A,全国地产,深圳,19910129,000002.SZ,20070315,15.18,16.22,15.16,16.0,15.05,0.95,6.31,996285.64,1577702.5746,3.0615,3.6253,2.2,51.7775,38.0491,4.9431,6.6218,5.1935,0.8394,0.8394,436989.8751,325425.4617,274813.4522,6991838.0016,5206807.3872,,,68.511
000002,万科A,全国地产,深圳,19910129,000002.SZ,20070314,15.2,15.45,14.8,15.05,15.6,-0.55,-3.53,398030.07,600511.7324,1.2231,1.4484,0.89,48.7032,35.7899,4.6496,6.2286,4.8851,0.8924,0.8924,436989.8751,325425.4617,274813.4522,6576697.6203,4897653.1986,,,68.511
000002,万科A,全国地产,深圳,19910129,000002.SZ,20070313,15.1,15.65,14.78,15.6,15.17,0.43,2.83,554147.36,842366.3089,1.7028,2.0164,1.25,50.483,37.0978,4.8195,6.4562,5.0636,0.8609,0.8609,436989.8751,325425.4617,274813.4522,6817042.0516,5076637.2025,,,68.511
000002,万科A,全国地产,深圳,19910129,000002.SZ,20070312,15.4,15.46,14.8,15.17,15.6,-0.43,-2.76,457649.28,689526.5177,1.4063,1.6653,0.88,49.0915,36.0753,4.6866,6.2783,4.9241,0.8853,0.8853,436989.8751,325425.4617,274813.4522,6629136.4053,4936704.254,,,68.511
000002,万科A,全国地产,深圳,19910129,000002.SZ,20070309,15.8,15.85,15.35,15.6,15.82,-0.22,-1.39,474146.7,736847.9854,1.457,1.7253,0.91,50.483,37.0978,4.8195,6.4562,5.0636,0.8609,0.8609,436989.8751,325425.4617,274813.4522,6817042.0516,5076637.2025,,,68.511
000002,万科A,全国地产,深圳,19910129,000002.SZ,20070308,15.63,16.1,15.43,15.82,15.61,0.21,1.35,377670.61,595532.2531,1.1605,1.3743,0.7,51.195,37.621,4.8875,6.5473,5.135,0.8489,0.8489,436989.8751,325425.4617,274813.4522,6913179.8241,5148230.8041,,,68.511
000002,万科A,全国地产,深圳,19910129,000002.SZ,20070307,15.33,15.79,15.33,15.61,15.29,0.32,2.09,366410.59,571521.7312,1.1259,1.3333,0.62,50.5154,37.1216,4.8226,6.4604,5.0669,0.8604,0.8604,436989.8751,325425.4617,274813.4522,6821411.9503,5079891.4571,,,68.511
000002,万科A,全国地产,深圳,19910129,000002.SZ,20070306,15.13,15.7,14.76,15.29,15.3,-0.01,-0.07,540352.2,823296.4851,1.6604,1.9663,0.84,49.4799,36.3606,4.7237,6.3279,4.963,0.8784,0.8784,436989.8751,325425.4617,274813.4522,6681575.1903,4975755.3094,,,68.511
000002,万科A,全国地产,深圳,19910129,000002.SZ,20070305,14.35,15.46,14.11,15.3,14.39,0.91,6.32,836296.5,1245566.8464,2.5699,3.0431,1.4,49.5122,36.3844,4.7268,6.3321,4.9663,0.8778,0.8778,436989.8751,325425.4617,274813.4522,6685945.089,4979009.564,,,68.511
000002,万科A,全国地产,深圳,19910129,000002.SZ,20070302,14.08,14.65,13.95,14.39,14.01,0.38,2.71,474910.44,683257.9776,1.4594,1.7281,0.77,46.5674,34.2204,4.4457,5.9555,4.6709,0.9333,0.9333,436989.8751,325425.4617,274813.4522,6288284.3027,4682872.3939,,,68.511
000002,万科A,全国地产,深圳,19910129,000002.SZ,20070301,14.77,14.8,13.86,14.01,14.74,-0.73,-4.95,462467.76,659623.9787,1.4211,1.6828,0.75,45.3377,33.3167,4.3283,5.7982,4.5475,0.9586,0.9586,436989.8751,325425.4617,274813.4522,6122228.1502,4559210.7184,,,68.511
000002,万科A,全国地产,深圳,19910129,000002.SZ,20070228,14.03,14.98,13.8,14.74,14.26,0.48,3.37,624000.62,896147.4753,1.9175,2.2706,1.07,47.7,35.0527,4.5538,6.1003,4.7845,0.9111,0.9111,436989.8751,325425.4617,274813.4522,6441230.759,4796771.3055,,,68.511
000002,万科A,全国地产,深圳,19910129,000002.SZ,20070227,15.84,15.85,14.26,14.26,15.84,-1.58,-9.97,819457.03,1237751.929,2.5181,2.9819,1.6,46.1467,33.9112,4.4055,5.9017,4.6287,0.9418,0.9418,436989.8751,325425.4617,274813.4522,6231475.6189,4640567.0838,,,68.511
000002,万科A,全国地产,深圳,19910129,000002.SZ,20070226,16.4,16.4,15.48,15.84,16.65,-0.81,-4.86,604839.53,954615.0888,1.8586,2.2009,1.19,51.2597,37.6686,4.8936,6.5556,5.1415,0.8479,0.8479,436989.8751,325425.4617,274813.4522,6921919.6216,5154739.3133,,,68.511
000002,万科A,全国地产,深圳,19910129,000002.SZ,20070216,17.25,17.31,16.6,16.65,17.25,-0.6,-3.48,575376.5,965173.5754,1.7681,2.0937,1.2,53.8809,39.5948,5.1439,6.8908,5.4045,0.8066,0.8066,436989.8751,325425.4617,274813.4522,7275881.4204,5418333.9373,,,68.511
000002,万科A,全国地产,深圳,19910129,000002.SZ,20070215,17.15,17.6,16.6,17.25,17.0,0.25,1.47,445507.68,764352.6103,1.369,1.6211,0.97,55.8226,41.0217,5.3292,7.1391,5.5992,0.7786,0.7786,436989.8751,325425.4617,274813.4522,7538075.3455,5613589.2143,,,68.511
000002,万科A,全国地产,深圳,19910129,000002.SZ,20070214,16.25,17.0,16.2,17.0,16.24,0.76,4.68,476551.97,792014.0004,1.4644,1.7341,0.88,55.0136,40.4271,5.252,7.0356,5.5181,0.79,0.79,436989.8751,325425.4617,274813.4522,7428827.8767,5532232.8489,,,68.511
000002,万科A,全国地产,深圳,19910129,000002.SZ,20070213,16.14,16.54,16.0,16.24,15.91,0.33,2.07,464271.12,756081.7758,1.4267,1.6894,0.76,52.5541,38.6198,5.0172,6.7211,5.2714,0.827,0.827,436989.8751,325425.4617,274813.4522,7096715.5716,5284909.498,,,68.511
000002,万科A,全国地产,深圳,19910129,000002.SZ,20070212,14.88,16.0,14.61,15.91,15.04,0.87,5.78,581469.9,906342.153,1.7868,2.1159,0.92,51.4862,37.835,4.9153,6.5845,5.1643,0.8441,0.8441,436989.8751,325425.4617,274813.4522,6952508.9128,5177519.0956,,,68.511
000002,万科A,全国地产,深圳,19910129,000002.SZ,20070209,15.33,15.35,14.58,15.04,15.32,-0.28,-1.83,423313.75,628843.8516,1.3008,1.5404,0.61,48.6708,35.7661,4.6465,6.2245,4.8819,0.893,0.893,436989.8751,325425.4617,274813.4522,6572327.7215,4894398.944,,,68.511
000002,万科A,全国地产,深圳,19910129,000002.SZ,20070208,15.45,15.67,15.0,15.32,15.36,-0.04,-0.26,345973.41,525709.6394,1.0631,1.2589,0.46,49.5769,36.432,4.733,6.3404,4.9727,0.8766,0.8766,436989.8751,325425.4617,274813.4522,6694684.8865,4985518.0732,,,68.511
000002,万科A,全国地产,深圳,19910129,000002.SZ,20070207,14.7,15.6,14.7,15.36,14.59,0.77,5.28,891251.84,1365736.6946,2.7387,3.2431,1.19,49.7064,36.5271,4.7453,6.3569,4.9857,0.8744,0.8744,436989.8751,325425.4617,274813.4522,6712164.4815,4998535.0917,,,68.511
000002,万科A,全国地产,深圳,19910129,000002.SZ,20070206,14.68,14.68,13.7,14.59,14.7,-0.11,-0.75,815740.31,1154987.257,2.5067,2.9683,1.06,47.2146,34.696,4.5075,6.0382,4.7358,0.9205,0.9205,436989.8751,325425.4617,274813.4522,6375682.2777,4747957.4862,,,68.511
000002,万科A,全国地产,深圳,19910129,000002.SZ,20070205,14.35,14.91,13.8,14.7,14.42,0.28,1.94,669300.63,959280.8618,2.0567,2.4355,0.84,47.5706,34.9576,4.5414,6.0838,4.7715,0.9136,0.9136,436989.8751,325425.4617,274813.4522,6423751.164,4783754.287,,,68.511
000002,万科A,全国地产,深圳,19910129,000002.SZ,20070202,15.7,15.72,14.3,14.42,15.65,-1.23,-7.86,756561.42,1116493.0363,2.3248,2.753,0.96,46.6645,34.2917,4.4549,5.9679,4.6806,0.9314,0.9314,436989.8751,325425.4617,274813.4522,6301393.9989,4692635.1577,,,68.511
000002,万科A,全国地产,深圳,19910129,000002.SZ,20070201,15.0,15.98,14.93,15.65,15.31,0.34,2.22,638833.95,996461.9402,1.9631,2.3246,0.8,50.6448,37.2168,4.8349,6.4769,5.0799,0.8582,0.8582,436989.8751,325425.4617,274813.4522,6838891.5453,5092908.4756,,,68.511
000002,万科A,全国地产,深圳,19910129,000002.SZ,20070131,16.79,16.8,15.22,15.31,16.9,-1.59,-9.41,876397.05,1400388.1501,2.6931,3.1891,1.14,49.5446,36.4082,4.7299,6.3362,4.9695,0.8772,0.8772,436989.8751,325425.4617,274813.4522,6690314.9878,4982263.8186,,,68.511
000002,万科A,全国地产,深圳,19910129,000002.SZ,20070130,17.9,17.9,16.89,16.9,18.03,-1.13,-6.27,915828.43,1575848.0882,2.8142,3.3325,1.3,54.69,40.1893,5.2211,6.9943,5.4856,0.7947,0.7947,436989.8751,325425.4617,274813.4522,7385128.8892,5499690.3027,,,68.511
000002,万科A,全国地产,深圳,19910129,000002.SZ,20070129,18.56,19.0,17.9,18.03,18.58,-0.55,-2.96,791977.95,1448610.6659,2.4337,2.8819,1.12,58.3467,42.8766,5.5702,7.4619,5.8524,0.7449,0.7449,436989.8751,325425.4617,274813.4522,7878927.4481,5867421.0745,,,68.511
000002,万科A,全国地产,深圳,19910129,000002.SZ,20070126,17.48,18.72,17.39,18.58,17.65,0.93,5.27,729389.78,1318740.9347,2.2413,2.6541,1.03,60.1266,44.1845,5.7401,7.6895,6.0309,0.7228,0.7228,436989.8751,325425.4617,274813.4522,8119271.8794,6046405.0784,,,68.511
000002,万科A,全国地产,深圳,19910129,000002.SZ,20070125,17.6,18.77,17.4,17.65,17.93,-0.28,-1.56,697580.67,1265583.0473,2.1436,2.5384,0.77,57.117,41.9729,5.4528,7.3046,5.729,0.7609,0.7609,436989.8751,325425.4617,274813.4522,7712871.2955,5743759.399,,,68.511
000002,万科A,全国地产,深圳,19910129,000002.SZ,20070124,16.65,18.33,16.6,17.93,16.93,1.0,5.91,704556.68,1256829.9554,2.165,2.5638,0.67,58.0231,42.6387,5.5393,7.4205,5.8199,0.749,0.749,436989.8751,325425.4617,274813.4522,7835228.4605,5834878.5283,,,68.511
000002,万科A,全国地产,深圳,19910129,000002.SZ,20070123,17.3,17.36,16.32,16.93,17.3,-0.37,-2.14,598619.16,1009189.8605,1.8395,2.1783,0.56,54.787,40.2607,5.2304,7.0067,5.4953,0.7933,0.7933,436989.8751,325425.4617,274813.4522,7398238.5854,5509453.0666,,,68.511
000002,万科A,全国地产,深圳,19910129,000002.SZ,20070122,17.25,17.56,16.46,17.3,17.19,0.11,0.64,818272.9,1391151.7951,2.5145,2.9776,0.76,55.9844,41.1406,5.3447,7.1598,5.6154,0.7763,0.7763,436989.8751,325425.4617,274813.4522,7559924.8392,5629860.4874,,,68.511
000002,万科A,全国地产,深圳,19910129,000002.SZ,20070119,16.96,17.45,16.48,17.19,16.97,0.22,1.3,733514.06,1250426.2498,2.254,2.6691,0.72,55.6284,40.879,5.3107,7.1143,5.5797,0.7813,0.7813,436989.8751,325425.4617,274813.4522,7511855.953,5594063.6866,,,68.511
000002,万科A,全国地产,深圳,19910129,000002.SZ,20070118,16.59,17.14,15.55,16.97,17.28,-0.31,-1.79,1647297.88,2697355.6013,5.062,5.9942,1.98,54.9165,40.3558,5.2427,7.0232,5.5083,0.7914,0.7914,436989.8751,325425.4617,274813.4522,7415718.1804,5522470.085,,,68.511
000002,万科A,全国地产,深圳,19910129,000002.SZ,20070117,18.8,18.84,17.28,17.28,19.2,-1.92,-10.0,1495742.64,2662410.359,4.5963,5.4428,2.13,55.9197,41.093,5.3385,7.1515,5.6089,0.7772,0.7772,436989.8751,325425.4617,274813.4522,7551185.0417,5623351.9782,,,68.511
000002,万科A,全国地产,深圳,19910129,000002.SZ,20070116,17.94,19.41,17.57,19.2,17.71,1.49,8.41,666271.3,1213003.6349,2.0474,2.4244,0.97,62.133,45.6589,5.9317,7.9461,6.2322,0.6995,0.6995,436989.8751,325425.4617,274813.4522,8390205.6019,6248168.8646,,,68.511
000002,万科A,全国地产,深圳,19910129,000002.SZ,20070115,16.15,17.71,16.15,17.71,16.1,1.61,10.0,869376.53,1499550.0743,2.6715,3.1635,1.31,57.3112,42.1156,5.4714,7.3295,5.7485,0.7583,0.7583,436989.8751,325425.4617,274813.4522,7739090.688,5763284.9267,,,68.511
000002,万科A,全国地产,深圳,19910129,000002.SZ,20070112,16.63,16.98,15.8,16.1,16.43,-0.33,-2.01,436786.5,717145.1781,1.3422,1.5894,0.64,52.1011,38.2869,4.974,6.6632,5.2259,0.8342,0.8342,436989.8751,325425.4617,274813.4522,7035536.9891,5239349.9334,,,68.511
000002,万科A,全国地产,深圳,19910129,000002.SZ,20070111,16.99,17.42,16.4,16.43,17.16,-0.73,-4.25,693868.0,1173033.4301,2.1322,2.5249,0.99,53.169,39.0716,5.0759,6.7997,5.333,0.8174,0.8174,436989.8751,325425.4617,274813.4522,7179743.6479,5346740.3357,,,68.511
000002,万科A,全国地产,深圳,19910129,000002.SZ,20070110,15.8,17.16,15.7,17.16,15.6,1.56,10.0,849310.88,1397436.9118,2.6098,3.0905,1.3,55.5313,40.8076,5.3014,7.1019,5.57,0.7826,0.7826,436989.8751,325425.4617,274813.4522,7498746.2567,5584300.9228,,,68.511
000002,万科A,全国地产,深圳,19910129,000002.SZ,20070109,15.32,15.8,15.12,15.6,15.29,0.31,2.03,572564.96,893335.4746,1.7594,2.0835,0.91,50.483,37.0978,4.8195,6.4562,5.0636,0.8609,0.8609,436989.8751,325425.4617,274813.4522,6817042.0516,5076637.2025,,,68.511
000002,万科A,全国地产,深圳,19910129,000002.SZ,20070108,14.78,15.37,14.51,15.29,14.85,0.44,2.96,757797.02,1128694.5834,2.3286,2.7575,1.39,49.4799,36.3606,4.7237,6.3279,4.963,0.8784,0.8784,436989.8751,325425.4617,274813.4522,6681575.1903,4975755.3094,,,68.511
000002,万科A,全国地产,深圳,19910129,000002.SZ,20070105,15.3,15.46,14.62,14.85,15.48,-0.63,-4.07,561266.94,840794.1628,1.7247,2.0424,1.07,48.056,35.3143,4.5878,6.1458,4.8202,0.9044,0.9044,436989.8751,325425.4617,274813.4522,6489299.6452,4832568.1062,,,68.511
000002,万科A,全国地产,深圳,19910129,000002.SZ,20070104,15.7,16.56,15.28,15.48,15.44,0.04,0.26,751195.19,1206785.8035,2.3083,2.7335,1.46,50.0947,36.8125,4.7824,6.4066,5.0247,0.8676,0.8676,436989.8751,325425.4617,274813.4522,6764603.2665,5037586.1471,,,68.511
000002,万科A,全国地产,深圳,19910129,000002.SZ,20061229,15.16,15.63,15.16,15.44,15.05,0.39,2.59,625095.56,967001.1212,1.9209,2.2746,1.32,49.9653,36.7174,4.7701,6.39,5.0117,0.4009,0.8698,436989.8751,325425.4617,274813.4522,6747123.6715,5024569.1286,,,68.511
000002,万科A,全国地产,深圳,19910129,000002.SZ,20061228,15.3,15.88,14.95,15.05,15.2,-0.15,-0.99,460332.46,703944.9633,1.4146,1.6751,0.89,48.7032,35.7899,4.6496,6.2286,4.8851,0.4113,0.8924,436989.8751,325425.4617,274813.4522,6576697.6203,4897653.1986,,,68.511
000002,万科A,全国地产,深圳,19910129,000002.SZ,20061227,14.99,15.42,14.88,15.2,15.07,0.13,0.86,330601.01,502686.0443,1.0159,1.203,0.53,49.1886,36.1466,4.6959,6.2907,4.9338,0.4072,0.8836,436989.8751,325425.4617,274813.4522,6642246.1015,4946467.0178,,,68.511
000002,万科A,全国地产,深圳,19910129,000002.SZ,20061226,15.03,15.5,14.61,15.07,15.0,0.07,0.47,445795.78,674929.9749,1.3699,1.6222,0.64,48.7679,35.8375,4.6558,6.2369,4.8916,0.4107,0.8912,436989.8751,325425.4617,274813.4522,6585437.4178,4904161.7078,,,68.511
000002,万科A,全国地产,深圳,19910129,000002.SZ,20061225,14.63,15.93,14.63,15.0,14.53,0.47,3.23,704563.78,1080667.4283,2.1651,2.5638,1.11,48.5414,35.671,4.6341,6.2079,4.8689,0.4127,0.8953,436989.8751,325425.4617,274813.4522,6554848.1265,4881381.9255,,,68.511
000002,万科A,全国地产,深圳,19910129,000002.SZ,20061220,13.9,14.6,13.79,14.53,14.04,0.49,3.49,421441.57,595645.6203,1.295,1.5336,0.63,42.7164,31.3905,5.7984,5.463,4.2846,0.4758,1.0324,396989.8751,325425.4617,274813.4522,5768262.8852,4728431.9585,,,68.511
000002,万科A,全国地产,深圳,19910129,000002.SZ,20061219,14.18,14.5,13.86,14.04,14.15,-0.11,-0.78,686679.92,970268.6181,2.1101,2.4987,0.96,41.2759,30.3319,5.6029,5.2787,4.1401,0.4924,1.0684,396989.8751,325425.4617,274813.4522,5573737.8464,4568973.4823,,,68.511
000002,万科A,全国地产,深圳,19910129,000002.SZ,20061218,13.24,14.24,13.1,14.15,13.25,0.9,6.79,885122.62,1210963.9004,2.7199,3.2208,1.32,41.5992,30.5695,5.6468,5.3201,4.1726,0.4886,1.0601,396989.8751,325425.4617,274813.4522,5617406.7327,4604770.2831,,,68.511
000002,万科A,全国地产,深圳,19910129,000002.SZ,20061215,13.0,13.68,12.85,13.25,12.86,0.39,3.03,780657.44,1037060.6504,2.3989,2.8407,1.21,38.9534,28.6252,5.2876,4.9817,3.9072,0.5218,1.1321,396989.8751,325425.4617,274813.4522,5260115.8451,4311887.3675,,,68.511
000002,万科A,全国地产,深圳,19910129,000002.SZ,20061214,12.9,13.04,12.7,12.86,12.92,-0.06,-0.46,395522.15,506646.921,1.2154,1.4392,0.57,37.8068,27.7826,5.132,4.8351,3.7922,0.5376,1.1664,396989.8751,325425.4617,274813.4522,5105289.7938,4184971.4375,,,68.511
000002,万科A,全国地产,深圳,19910129,000002.SZ,20061213,12.95,13.08,12.59,12.92,12.95,-0.03,-0.23,611983.78,785800.0591,1.8806,2.2269,0.85,37.9832,27.9122,5.1559,4.8576,3.8099,0.5351,1.161,396989.8751,325425.4617,274813.4522,5129109.1863,4204496.9652,,,68.511
000002,万科A,全国地产,深圳,19910129,000002.SZ,20061212,12.9,13.3,12.57,12.95,12.79,0.16,1.25,917487.19,1190146.3377,2.8193,3.3386,1.3,38.0714,27.9771,5.1679,4.8689,3.8187,0.5339,1.1583,396989.8751,325425.4617,274813.4522,5141018.8825,4214259.729,,,68.511
000002,万科A,全国地产,深圳,19910129,000002.SZ,20061211,11.6,12.79,11.51,12.79,11.63,1.16,9.97,652756.88,791186.7051,2.0059,2.3753,0.93,37.601,27.6314,5.104,4.8088,3.7715,0.5405,1.1728,396989.8751,325425.4617,274813.4522,5077500.5025,4162191.6551,,,68.511
000002,万科A,全国地产,深圳,19910129,000002.SZ,20061208,11.95,12.25,11.59,11.63,12.23,-0.6,-4.91,641189.65,764908.1061,1.9703,2.3332,0.88,34.1908,25.1253,4.6411,4.3726,3.4295,0.5945,1.2898,396989.8751,325425.4617,274813.4522,4616992.2474,3784698.1196,,,68.511
000002,万科A,全国地产,深圳,19910129,000002.SZ,20061207,12.4,12.89,12.23,12.23,12.5,-0.27,-2.16,627028.11,787764.6377,1.9268,2.2816,0.82,35.9547,26.4216,4.8806,4.5982,3.6064,0.5653,1.2265,396989.8751,325425.4617,274813.4522,4855186.1725,3979953.3966,,,68.511
000002,万科A,全国地产,深圳,19910129,000002.SZ,20061206,12.7,12.89,12.08,12.5,12.7,-0.2,-1.57,745532.16,930781.7912,2.2909,2.7129,1.05,36.7484,27.0049,4.9883,4.6997,3.686,0.5531,1.2,396989.8751,325425.4617,274813.4522,4962373.4388,4067818.2713,,,68.511
000002,万科A,全国地产,深圳,19910129,000002.SZ,20061205,12.4,13.35,12.28,12.7,12.4,0.3,2.42,875294.97,1112016.5729,2.9952,3.1851,1.33,37.3364,27.437,5.0681,4.7749,3.745,0.5444,1.1811,396989.8751,292229.7125,274813.4522,5041771.4138,3711317.3488,,,68.511
000002,万科A,全国地产,深圳,19910129,000002.SZ,20061204,11.99,12.44,11.75,12.4,12.1,0.3,2.48,617953.15,750914.5547,2.1146,2.2486,0.95,36.4545,26.7888,4.9484,4.6621,3.6565,0.5575,1.2097,396989.8751,292229.7125,274813.4522,4922674.4512,3623648.435,,,68.511
000002,万科A,全国地产,深圳,19910129,000002.SZ,20061201,12.06,12.63,12.06,12.1,11.98,0.12,1.0,781157.24,965213.7407,2.6731,2.8425,1.22,35.5725,26.1407,4.8287,4.5493,3.5681,0.5714,1.2397,396989.8751,292229.7125,274813.4522,4803577.4887,3535979.5213,,,68.511
000002,万科A,全国地产,深圳,19910129,000002.SZ,20061130,10.95,11.98,10.92,11.98,10.89,1.09,10.01,801421.55,913023.3477,2.7424,2.9162,1.33,35.2197,25.8815,4.7808,4.5042,3.5327,0.5771,1.2521,396989.8751,292229.7125,274813.4522,4755938.7037,3500911.9558,,,68.511
000002,万科A,全国地产,深圳,19910129,000002.SZ,20061129,10.6,11.01,10.51,10.89,10.85,0.04,0.37,470500.51,508505.0414,1.61,1.7121,0.75,32.0152,23.5266,4.3458,4.0944,3.2112,0.6349,1.3774,396989.8751,292229.7125,274813.4522,4323219.7398,3182381.5691,,,68.511
000002,万科A,全国地产,深圳,19910129,000002.SZ,20061128,10.85,11.18,10.67,10.85,10.88,-0.03,-0.28,623395.25,677029.8244,2.1332,2.2684,1.01,31.8977,23.4402,4.3298,4.0794,3.1995,0.6372,1.3825,396989.8751,292229.7125,274813.4522,4307340.1448,3170692.3806,,,68.511
000002,万科A,全国地产,深圳,19910129,000002.SZ,20061127,10.72,10.92,10.45,10.88,10.8,0.08,0.74,567498.71,604187.3819,1.942,2.065,0.87,31.9858,23.505,4.3418,4.0906,3.2083,0.6354,1.3787,396989.8751,292229.7125,274813.4522,4319249.8411,3179459.272,,,68.511
000002,万科A,全国地产,深圳,19910129,000002.SZ,20061124,11.09,11.15,10.7,10.8,11.15,-0.35,-3.14,732276.7,795187.377,2.5058,2.6646,1.25,31.7507,23.3322,4.3099,4.0606,3.1847,0.6401,1.3889,396989.8751,292229.7125,274813.4522,4287490.6511,3156080.895,,,68.511
000002,万科A,全国地产,深圳,19910129,000002.SZ,20061123,11.0,11.5,10.9,11.15,11.0,0.15,1.36,618839.56,692016.2092,2.1176,2.2519,0.98,32.7796,24.0883,4.4496,4.1922,3.2879,0.62,1.3453,396989.8751,292229.7125,274813.4522,4426437.1074,3258361.2944,,,68.511
000002,万科A,全国地产,深圳,19910129,000002.SZ,20061122,11.1,11.25,10.71,11.0,11.18,-0.18,-1.61,581934.96,637944.8001,1.9914,2.1176,0.91,32.3386,23.7643,4.3897,4.1358,3.2437,0.6285,1.3636,396989.8751,292229.7125,274813.4522,4366888.6261,3214526.8375,,,68.511
000002,万科A,全国地产,深圳,19910129,000002.SZ,20061121,11.24,11.33,10.85,11.18,11.25,-0.07,-0.62,582909.83,645219.8625,1.9947,2.1211,0.95,32.8678,24.1532,4.4615,4.2034,3.2968,0.6184,1.3417,396989.8751,292229.7125,274813.4522,4438346.8036,3267128.1858,,,68.511
000002,万科A,全国地产,深圳,19910129,000002.SZ,20061120,10.55,11.3,10.55,11.25,10.5,0.75,7.14,728723.12,800340.0231,2.4937,2.6517,1.25,33.0736,24.3044,4.4895,4.2298,3.3174,0.6145,1.3333,396989.8751,292229.7125,274813.4522,4466136.0949,3287584.2656,,,68.511
000002,万科A,全国地产,深圳,19910129,000002.SZ,20061117,10.1,10.5,9.99,10.5,10.14,0.36,3.55,424829.88,436155.0787,1.4538,1.5459,0.65,30.8687,22.6841,4.1902,3.9478,3.0962,0.6584,1.4286,396989.8751,292229.7125,274813.4522,4168393.6886,3068411.9813,,,68.511
000002,万科A,全国地产,深圳,19910129,000002.SZ,20061116,10.0,10.47,9.9,10.14,9.95,0.19,1.91,828290.69,848044.7254,2.8344,3.014,1.32,29.8103,21.9064,4.0465,3.8124,2.9901,0.6818,1.4793,396989.8751,292229.7125,274813.4522,4025477.3335,2963209.2848,,,68.511
000002,万科A,全国地产,深圳,19910129,000002.SZ,20061115,9.3,9.95,9.3,9.95,9.3,0.65,6.99,626450.3,603600.7981,2.1437,2.2795,1.1,29.2518,21.4959,3.9707,3.741,2.9341,0.6948,1.5075,396989.8751,292229.7125,274813.4522,3950049.2572,2907685.6394,,,68.511
000002,万科A,全国地产,深圳,19910129,000002.SZ,20061114,9.22,9.4,8.91,9.3,9.22,0.08,0.87,463263.59,424903.6671,1.5853,1.6857,0.81,27.3408,20.0916,3.7113,3.4966,2.7424,0.7434,1.6129,396989.8751,292229.7125,274813.4522,3692005.8384,2717736.3263,,,68.511
000002,万科A,全国地产,深圳,19910129,000002.SZ,20061113,9.14,9.69,9.06,9.22,9.16,0.06,0.66,574800.06,539020.4287,1.9669,2.0916,1.07,27.1057,19.9188,3.6794,3.4665,2.7188,0.7498,1.6269,396989.8751,292229.7125,274813.4522,3660246.6484,2694357.9493,,,68.511
000002,万科A,全国地产,深圳,19910129,000002.SZ,20061110,9.14,9.51,9.02,9.16,9.13,0.03,0.33,799275.52,743132.7195,2.7351,2.9084,1.74,26.9293,19.7892,3.6554,3.444,2.7011,0.7548,1.6376,396989.8751,292229.7125,274813.4522,3636427.2559,2676824.1665,,,68.511
000002,万科A,全国地产,深圳,19910129,000002.SZ,20061109,8.49,9.25,8.45,9.13,8.53,0.6,7.03,681201.44,606307.1242,2.331,2.4788,1.72,26.8411,19.7244,3.6435,3.4327,2.6923,0.7572,1.6429,396989.8751,292229.7125,274813.4522,3624517.5597,2668057.2751,,,68.511
000002,万科A,全国地产,深圳,19910129,000002.SZ,20061108,8.75,8.76,8.5,8.53,8.75,-0.22,-2.51,326949.16,281585.4185,1.1188,1.1897,0.84,25.0771,18.4281,3.404,3.2071,2.5153,0.8105,1.7585,396989.8751,292229.7125,274813.4522,3386323.6346,2492719.4476,,,68.511
000002,万科A,全国地产,深圳,19910129,000002.SZ,20061107,8.6,8.76,8.48,8.75,8.57,0.18,2.1,467513.11,403386.4337,1.5998,1.7012,1.35,25.7239,18.9034,3.4918,3.2898,2.5802,0.7901,1.7143,396989.8751,292229.7125,274813.4522,3473661.4071,2557009.9844,,,68.511
000002,万科A,全国地产,深圳,19910129,000002.SZ,20061106,8.17,8.6,8.08,8.57,8.24,0.33,4.0,412931.79,349869.6466,1.413,1.5026,1.25,25.1947,18.5145,3.42,3.2221,2.5271,0.8067,1.7503,396989.8751,292229.7125,274813.4522,3402203.2296,2504408.6361,,,68.511
000002,万科A,全国地产,深圳,19910129,000002.SZ,20061103,8.08,8.47,8.01,8.24,8.08,0.16,1.98,412064.75,342365.1562,1.4101,1.4994,1.3,24.2246,17.8016,3.2883,3.0981,2.4298,0.839,1.8204,396989.8751,292229.7125,274813.4522,3271196.5708,2407972.831,,,68.511
000002,万科A,全国地产,深圳,19910129,000002.SZ,20061102,8.14,8.18,7.92,8.08,8.13,-0.05,-0.62,365409.25,293915.9936,1.2504,1.3297,1.15,23.7542,17.456,3.2244,3.0379,2.3826,0.8556,1.8564,396989.8751,292229.7125,274813.4522,3207678.1908,2361216.077,,,68.511
000002,万科A,全国地产,深圳,19910129,000002.SZ,20061101,8.2,8.3,8.02,8.13,8.19,-0.06,-0.73,292455.96,237204.4275,1.0008,1.0642,0.84,23.9012,17.564,3.2444,3.0567,2.3974,0.8504,1.845,396989.8751,292229.7125,274813.4522,3227527.6846,2375827.5626,,,68.511
000002,万科A,全国地产,深圳,19910129,000002.SZ,20061031,7.98,8.27,7.98,8.19,8.0,0.19,2.38,252256.35,206325.0072,0.8632,0.9179,0.65,24.0776,17.6936,3.2683,3.0793,2.4151,0.8441,1.8315,396989.8751,292229.7125,274813.4522,3251347.0771,2393361.3454,,,68.511
000002,万科A,全国地产,深圳,19910129,000002.SZ,20061030,8.2,8.31,7.92,8.0,8.2,-0.2,-2.44,328502.72,264113.0754,1.1241,1.1241,0.81,23.519,17.8814,3.2383,3.0078,2.473,0.8642,1.875,396989.8751,292229.7125,,3175919.0008,2337837.7,,,68.511
000002,万科A,全国地产,深圳,19910129,000002.SZ,20061027,8.32,8.55,8.2,8.2,8.32,-0.12,-1.44,345398.41,289160.1789,1.1819,1.1819,0.82,24.107,18.3284,3.3192,3.083,2.5348,0.8431,1.8293,396989.8751,292229.7125,,3255316.9758,2396283.6425,,,68.511
000002,万科A,全国地产,深圳,19910129,000002.SZ,20061026,8.05,8.38,7.93,8.32,8.04,0.28,3.48,366815.93,302720.6259,1.2552,1.2552,0.87,24.4598,18.5966,3.3678,3.1281,2.5719,0.831,1.8029,396989.8751,292229.7125,,3302955.7608,2431351.208,,,68.511
000002,万科A,全国地产,深圳,19910129,000002.SZ,20061025,8.05,8.27,7.99,8.04,8.0,0.04,0.5,457137.46,370441.4085,1.5643,1.5643,1.08,23.6366,17.9708,3.2545,3.0229,2.4854,0.8599,1.8657,396989.8751,292229.7125,,3191798.5958,2349526.8885,,,68.511
000002,万科A,全国地产,深圳,19910129,000002.SZ,20061024,7.83,8.15,7.83,8.0,7.76,0.24,3.09,455897.18,366605.3207,1.5601,1.5601,1.17,23.519,17.8814,3.2383,3.0078,2.473,0.8642,1.875,396989.8751,292229.7125,,3175919.0008,2337837.7,,,68.511
000002,万科A,全国地产,深圳,19910129,000002.SZ,20061023,7.88,8.03,7.64,7.76,7.89,-0.13,-1.65,391271.23,308188.1574,1.3389,1.3389,1.09,22.8134,17.3449,3.1411,2.9176,2.3988,0.8909,1.933,396989.8751,292229.7125,,3080641.4308,2267702.569,,,68.511
000002,万科A,全国地产,深圳,19910129,000002.SZ,20061020,7.65,7.91,7.56,7.89,7.67,0.22,2.87,431220.07,336096.5694,1.4756,1.4756,1.35,23.1956,17.6355,3.1938,2.9665,2.439,0.8762,1.9011,396989.8751,292229.7125,,3132250.1145,2305692.4316,,,68.511
000002,万科A,全国地产,深圳,19910129,000002.SZ,20061019,7.6,7.76,7.53,7.67,7.66,0.01,0.13,382341.52,292702.9671,1.3084,1.3084,1.31,22.5488,17.1438,3.1047,2.8838,2.371,0.9014,1.9557,396989.8751,292229.7125,,3044912.342,2241401.8949,,,68.511
000002,万科A,全国地产,深圳,19910129,000002.SZ,20061018,7.21,7.68,7.19,7.66,7.2,0.46,6.39,464394.38,346678.09,1.5891,1.5891,1.79,22.5194,17.1214,3.1007,2.88,2.3679,0.9026,1.9582,396989.8751,292229.7125,,3040942.4433,2238479.5978,,,68.511
000002,万科A,全国地产,深圳,19910129,000002.SZ,20061017,7.1,7.37,7.08,7.2,7.11,0.09,1.27,274470.71,199290.2588,0.9392,0.9392,0.86,21.1671,16.0932,2.9145,2.707,2.2257,0.9602,2.0833,396989.8751,292229.7125,,2858327.1007,2104053.93,,,68.511
000002,万科A,全国地产,深圳,19910129,000002.SZ,20061016,7.14,7.17,7.03,7.11,7.15,-0.04,-0.56,241790.62,171165.5659,0.8274,0.8274,0.62,20.9025,15.8921,2.878,2.6732,2.1979,0.9724,2.1097,396989.8751,292229.7125,,2822598.012,2077753.2559,,,68.511
000002,万科A,全国地产,深圳,19910129,000002.SZ,20061013,7.06,7.24,7.0,7.15,7.09,0.06,0.85,235833.34,168315.9808,0.807,0.807,0.56,21.0201,15.9815,2.8942,2.6882,2.2103,0.9669,2.0979,396989.8751,292229.7125,,2838477.607,2089442.4444,,,68.511
000002,万科A,全国地产,深圳,19910129,000002.SZ,20061012,7.25,7.25,7.05,7.09,7.25,-0.16,-2.21,240378.99,171610.3165,0.8226,0.8226,0.56,20.8437,15.8474,2.8699,2.6657,2.1917,0.9751,2.1157,396989.8751,292229.7125,,2814658.2145,2071908.6616,,,68.511
000002,万科A,全国地产,深圳,19910129,000002.SZ,20061011,7.14,7.34,7.06,7.25,7.16,0.09,1.26,303062.15,218697.6825,1.0371,1.0371,0.7,21.3141,16.205,2.9347,2.7258,2.2412,0.9536,2.069,396989.8751,292229.7125,,2878176.5945,2118665.4156,,,68.511
000002,万科A,全国地产,深圳,19910129,000002.SZ,20061010,7.39,7.39,7.05,7.16,7.4,-0.24,-3.24,573685.57,413484.1914,1.9631,1.9631,1.42,21.0495,16.0038,2.8983,2.692,2.2133,0.9656,2.095,396989.8751,292229.7125,,2842447.5057,2092364.7415,,,68.511
000002,万科A,全国地产,深圳,19910129,000002.SZ,20061009,7.68,7.77,7.26,7.4,7.57,-0.17,-2.25,612811.7,459657.7069,2.097,2.097,1.8,21.7551,16.5403,2.9954,2.7822,2.2875,0.9343,2.027,396989.8751,292229.7125,,2937725.0757,2162499.8725,,,68.511
000002,万科A,全国地产,深圳,19910129,000002.SZ,20060929,7.45,7.68,7.44,7.57,7.4,0.17,2.3,388592.24,295459.4319,1.3297,1.3297,1.24,22.2549,16.9202,3.0642,2.8462,2.3401,0.9133,1.9815,396989.8751,292229.7125,,3005213.3545,2212178.9236,,,68.511
000002,万科A,全国地产,深圳,19910129,000002.SZ,20060928,7.35,7.49,7.32,7.4,7.3,0.1,1.37,268987.62,199700.6365,0.9205,0.9205,0.8,21.7551,16.5403,2.9954,2.7822,2.2875,0.9343,2.027,396989.8751,292229.7125,,2937725.0757,2162499.8725,,,68.511
000002,万科A,全国地产,深圳,19910129,000002.SZ,20060927,7.21,7.32,7.14,7.3,7.22,0.08,1.11,320468.95,231353.3547,1.0966,1.0966,0.88,21.4611,16.3167,2.9549,2.7446,2.2566,0.9471,2.0548,396989.8751,292229.7125,,2898026.0882,2133276.9013,,,68.511
000002,万科A,全国地产,深圳,19910129,000002.SZ,20060926,7.5,7.54,7.16,7.22,7.56,-0.34,-4.5,433031.58,316493.973,1.4818,1.4818,1.38,21.2259,16.1379,2.9226,2.7146,2.2319,0.9576,2.0776,396989.8751,292229.7125,,2866266.8982,2109898.5243,,,68.511
000002,万科A,全国地产,深圳,19910129,000002.SZ,20060925,7.65,7.81,7.5,7.56,7.65,-0.09,-1.18,291531.28,223726.5937,0.9976,0.9976,0.97,22.2255,16.8979,3.0602,2.8424,2.337,0.9145,1.9841,396989.8751,292229.7125,,3001243.4558,2209256.6265,,,68.511
000002,万科A,全国地产,深圳,19910129,000002.SZ,20060922,7.68,7.83,7.63,7.65,7.68,-0.03,-0.39,257387.35,198401.7697,0.8808,0.8808,0.76,22.49,17.099,3.0966,2.8762,2.3648,0.9037,1.9608,396989.8751,292229.7125,,3036972.5445,2235557.3006,,,68.511
000002,万科A,全国地产,深圳,19910129,000002.SZ,20060921,7.57,7.83,7.52,7.68,7.57,0.11,1.45,370153.63,284846.1827,1.2667,1.2666,1.12,22.5782,17.1661,3.1088,2.8875,2.3741,0.9002,1.9531,396989.8751,292229.7125,,3048882.2408,2244324.192,,,68.511
000002,万科A,全国地产,深圳,19910129,000002.SZ,20060920,7.23,7.63,7.2,7.57,7.23,0.34,4.7,461776.65,344175.6801,1.5802,1.5802,1.32,22.2549,16.9202,3.0642,2.8462,2.3401,0.9133,1.9815,396989.8751,292229.7125,,3005213.3545,2212178.9236,,,68.511
000002,万科A,全国地产,深圳,19910129,000002.SZ,20060919,7.33,7.39,7.22,7.23,7.32,-0.09,-1.23,184298.59,134305.2558,0.6307,0.6307,0.47,21.2553,16.1603,2.9266,2.7183,2.235,0.9562,2.0747,396989.8751,292229.7125,,2870236.797,2112820.8214,,,68.511
000002,万科A,全国地产,深圳,19910129,000002.SZ,20060918,7.25,7.37,7.21,7.32,7.25,0.07,0.97,230490.66,168145.8195,0.7887,0.7887,0.51,21.5199,16.3614,2.963,2.7522,2.2628,0.9445,2.0492,396989.8751,292229.7125,,2905965.8857,2139121.4955,,,68.511
000002,万科A,全国地产,深圳,19910129,000002.SZ,20060915,6.99,7.27,6.95,7.25,7.0,0.25,3.57,442618.78,318421.024,1.5146,1.5146,1.09,21.3141,16.205,2.9347,2.7258,2.2412,0.9536,2.069,396989.8751,292229.7125,,2878176.5945,2118665.4156,,,68.511
000002,万科A,全国地产,深圳,19910129,000002.SZ,20060914,7.05,7.11,6.84,7.0,7.09,-0.09,-1.27,331340.91,231216.4677,1.1338,1.1338,0.86,20.5791,15.6462,2.8335,2.6318,2.1639,0.9876,2.1429,396989.8751,292229.7125,,2778929.1257,2045607.9875,,,68.511
000002,万科A,全国地产,深圳,19910129,000002.SZ,20060913,7.09,7.26,6.98,7.09,7.08,0.01,0.14,555853.8,397173.3509,1.9021,1.9021,1.48,20.8437,15.8474,2.8699,2.6657,2.1917,0.9751,2.1157,396989.8751,292229.7125,,2814658.2145,2071908.6616,,,68.511
000002,万科A,全国地产,深圳,19910129,000002.SZ,20060912,7.07,7.14,6.96,7.08,7.06,0.02,0.28,419591.71,296924.0119,1.4358,1.4358,1.17,20.8143,15.825,2.8659,2.6619,2.1886,0.9765,2.1187,396989.8751,292229.7125,,2810688.3157,2068986.3645,,,68.511
000002,万科A,全国地产,深圳,19910129,000002.SZ,20060911,6.79,7.06,6.71,7.06,6.78,0.28,4.13,505144.43,349860.5271,1.7286,1.7286,1.68,20.7555,15.7803,2.8578,2.6544,2.1824,0.9793,2.1247,396989.8751,292229.7125,,2802748.5182,2063141.7703,,,68.511
000002,万科A,全国地产,深圳,19910129,000002.SZ,20060908,6.71,6.9,6.71,6.78,6.71,0.07,1.04,214187.56,146108.0087,0.7329,0.7329,0.67,19.9324,15.1545,2.7444,2.5491,2.0959,1.0197,2.2124,396989.8751,292229.7125,,2691591.3532,1981317.4508,,,68.511
000002,万科A,全国地产,深圳,19910129,000002.SZ,20060907,6.7,6.81,6.61,6.71,6.77,-0.06,-0.89,234312.27,157220.1259,0.8018,0.8018,0.67,19.7266,14.998,2.7161,2.5228,2.0742,1.0303,2.2355,396989.8751,292229.7125,,2663802.0619,1960861.3709,,,68.511
000002,万科A,全国地产,深圳,19910129,000002.SZ,20060906,6.8,6.89,6.57,6.77,6.88,-0.11,-1.6,506706.93,340178.7887,1.7339,1.7339,1.43,19.903,15.1321,2.7404,2.5454,2.0928,1.0212,2.2157,396989.8751,292229.7125,,2687621.4544,1978395.1536,,,68.511
000002,万科A,全国地产,深圳,19910129,000002.SZ,20060905,6.95,7.07,6.82,6.88,6.92,-0.04,-0.58,334063.43,231607.4111,1.1431,1.1431,0.83,20.2263,15.378,2.7849,2.5867,2.1268,1.0049,2.1802,396989.8751,292231.3078,292231.3078,2731290.3407,2010551.3977,,,68.511
000002,万科A,全国地产,深圳,19910129,000002.SZ,20060904,6.73,6.92,6.72,6.92,6.77,0.15,2.22,216590.69,148183.5312,0.7412,0.7412,0.4,20.3439,15.4674,2.8011,2.6018,2.1392,0.9991,2.1676,396989.8751,292231.3078,292231.3078,2747169.9357,2022240.65,,,68.511
000002,万科A,全国地产,深圳,19910129,000002.SZ,20060901,6.93,6.95,6.72,6.77,6.9,-0.13,-1.88,307984.89,209733.1616,1.0539,1.0539,0.53,19.903,15.1321,2.7404,2.5454,2.0928,1.0212,2.2157,396989.8751,292231.3078,292231.3078,2687621.4544,1978405.9538,,,68.511
000002,万科A,全国地产,深圳,19910129,000002.SZ,20060831,6.98,7.07,6.85,6.9,6.95,-0.05,-0.72,390186.57,270713.3778,1.3352,1.3352,0.72,20.2851,15.4227,2.793,2.5943,2.133,1.002,2.1739,396989.8751,292231.3078,292231.3078,2739230.1382,2016396.0238,,,68.511
000002,万科A,全国地产,深圳,19910129,000002.SZ,20060830,6.69,6.99,6.65,6.95,6.7,0.25,3.73,519504.27,355771.3776,1.7777,1.7777,1.05,20.4321,15.5344,2.8133,2.613,2.1484,0.9947,2.1583,396989.8751,292231.3078,292231.3078,2759079.6319,2031007.5892,,,68.511
000002,万科A,全国地产,深圳,19910129,000002.SZ,20060829,6.78,6.96,6.64,6.7,6.79,-0.09,-1.33,574131.07,391264.8055,1.9646,1.9646,1.37,19.6972,14.9756,2.7121,2.5191,2.0711,1.0319,2.2388,396989.8751,292231.3078,292231.3078,2659832.1632,1957949.7623,,,45.366
000002,万科A,全国地产,深圳,19910129,000002.SZ,20060828,6.41,6.91,6.41,6.79,6.4,0.39,6.09,946893.87,637191.7893,3.2402,3.2402,3.1,19.9618,15.1768,2.7485,2.5529,2.099,1.0182,2.2091,396989.8751,292231.3078,292231.3078,2695561.2519,1984250.58,,,45.366
000002,万科A,全国地产,深圳,19910129,000002.SZ,20060825,6.31,6.47,6.24,6.4,6.3,0.1,1.59,486267.99,310687.1041,1.664,1.664,1.83,18.8152,14.3051,2.5906,2.4063,1.9784,1.0802,2.3438,396989.8751,292231.3078,292231.3078,2540735.2006,1870280.3699,,,45.366
000002,万科A,全国地产,深圳,19910129,000002.SZ,20060824,6.28,6.4,6.25,6.3,6.28,0.02,0.32,169876.16,107230.5457,0.5813,0.5813,0.54,18.5212,14.0816,2.5502,2.3687,1.9475,1.0974,2.381,396989.8751,292231.3078,292231.3078,2501036.2131,1841057.2391,,,45.366
000002,万科A,全国地产,深圳,19910129,000002.SZ,20060823,6.26,6.44,6.24,6.28,6.27,0.01,0.16,285588.8,181767.3983,0.9773,0.9773,0.63,18.4624,14.0369,2.5421,2.3611,1.9413,1.1009,2.3885,396989.8751,292231.3078,292231.3078,2493096.4156,1835212.613,,,45.366
000002,万科A,全国地产,深圳,19910129,000002.SZ,20060822,6.28,6.37,6.2,6.27,6.3,-0.03,-0.48,209386.4,131825.7646,0.7165,0.7165,0.38,18.433,14.0145,2.538,2.3574,1.9382,1.1026,2.3923,396989.8751,292231.3078,292231.3078,2489126.5169,1832290.2999,,,45.366
000002,万科A,全国地产,深圳,19910129,000002.SZ,20060821,5.99,6.32,5.96,6.3,6.25,0.05,0.8,375103.52,231195.7649,1.2836,1.2836,0.71,18.5212,14.0816,2.5502,2.3687,1.9475,1.0974,2.381,396989.8751,292231.3078,292231.3078,2501036.2131,1841057.2391,,,45.366
000002,万科A,全国地产,深圳,19910129,000002.SZ,20060818,6.2,6.41,6.13,6.25,6.22,0.03,0.48,291863.09,183901.3281,0.9987,0.9987,0.58,18.3742,13.9698,2.5299,2.3499,1.932,1.1062,2.4,396989.8751,292231.3078,292231.3078,2481186.7194,1826445.6738,,,45.366
000002,万科A,全国地产,深圳,19910129,000002.SZ,20060817,6.28,6.28,6.09,6.22,6.3,-0.08,-1.27,404783.36,250782.418,1.3851,1.3851,0.82,18.286,13.9028,2.5178,2.3386,1.9228,1.1115,2.4116,396989.8751,292231.3078,292231.3078,2469277.0231,1817678.7345,,,45.366
000002,万科A,全国地产,深圳,19910129,000002.SZ,20060816,6.22,6.46,6.14,6.3,6.18,0.12,1.94,986915.04,627744.0688,3.3772,3.3772,3.08,18.5212,14.0816,2.5502,2.3687,1.9475,1.0974,2.381,396989.8751,292231.3078,292231.3078,2501036.2131,1841057.2391,,,45.366
000002,万科A,全国地产,深圳,19910129,000002.SZ,20060815,5.86,6.2,5.81,6.18,5.89,0.29,4.92,687872.85,418275.9484,2.3539,2.3539,3.22,18.1684,13.8133,2.5016,2.3235,1.9104,1.1187,2.4272,396989.8751,292231.3078,292231.3078,2453397.4281,1805989.4822,,,45.366
000002,万科A,全国地产,深圳,19910129,000002.SZ,20060814,5.85,5.98,5.8,5.89,5.86,0.03,0.51,285345.63,168086.2886,0.9764,0.9764,1.45,17.3159,13.1651,2.3842,2.2145,1.8208,1.1738,2.5467,396989.8751,292231.3078,292231.3078,2338270.3643,1721242.4029,,,45.366
000002,万科A,全国地产,深圳,19910129,000002.SZ,20060811,5.87,5.94,5.82,5.86,5.85,0.01,0.17,164150.2,96338.2448,0.5617,0.5617,0.87,17.2277,13.0981,2.372,2.2032,1.8115,1.1798,2.5597,396989.8751,292231.3078,292231.3078,2326360.6681,1712475.4637,,,45.366
000002,万科A,全国地产,深圳,19910129,000002.SZ,20060810,5.65,5.88,5.65,5.85,5.65,0.2,3.54,336685.04,195932.3555,1.1521,1.1521,2.03,17.1983,13.0757,2.368,2.1995,1.8084,1.1818,2.5641,396989.8751,292231.3078,292231.3078,2322390.7693,1709553.1506,,,45.366
000002,万科A,全国地产,深圳,19910129,000002.SZ,20060809,5.63,5.67,5.54,5.65,5.61,0.04,0.71,125549.95,70535.8978,0.4296,0.4296,0.66,16.6103,12.6287,2.287,2.1243,1.7466,1.2236,2.6549,396989.8751,292231.3078,292231.3078,2242992.7943,1651106.8891,,,45.366
000002,万科A,全国地产,深圳,19910129,000002.SZ,20060808,5.52,5.62,5.5,5.61,5.5,0.11,2.0,154814.18,86129.1603,0.5298,0.5298,0.7,16.4927,12.5393,2.2708,2.1092,1.7342,1.2324,2.6738,396989.8751,292231.3078,292231.3078,2227113.1993,1639417.6368,,,45.366
000002,万科A,全国地产,深圳,19910129,000002.SZ,20060807,5.54,5.65,5.46,5.5,5.68,-0.18,-3.17,204886.31,113950.2549,0.7011,0.7011,0.9,16.1693,12.2934,2.2263,2.0679,1.7002,1.257,2.7273,396989.8751,292231.3078,292231.3078,2183444.3131,1607272.1929,,,45.366
000002,万科A,全国地产,深圳,19910129,000002.SZ,20060803,5.66,5.69,5.6,5.68,5.64,0.04,0.71,116857.17,65885.8304,0.3999,0.3999,0.44,16.6985,12.6958,2.2992,2.1356,1.7558,1.2172,2.6408,396989.8751,292231.3078,292231.3078,2254902.4906,1659873.8283,,,45.366
000002,万科A,全国地产,深圳,19910129,000002.SZ,20060802,5.61,5.71,5.58,5.64,5.61,0.03,0.53,226787.22,128365.6106,0.7761,0.7761,0.85,16.5809,12.6064,2.283,2.1205,1.7435,1.2258,2.6596,396989.8751,292231.3078,292231.3078,2239022.8956,1648184.576,,,45.366
000002,万科A,全国地产,深圳,19910129,000002.SZ,20060801,5.58,5.76,5.55,5.61,5.54,0.07,1.26,248256.64,140330.2283,0.8495,0.8495,0.92,16.4927,12.5393,2.2708,2.1092,1.7342,1.2324,2.6738,396989.8751,292231.3078,292231.3078,2227113.1993,1639417.6368,,,45.366
000002,万科A,全国地产,深圳,19910129,000002.SZ,20060731,5.82,5.84,5.51,5.54,5.8,-0.26,-4.48,304367.36,170895.2013,1.0415,1.12,1.14,16.2869,14.794,2.2425,2.0829,2.0071,1.2479,2.7076,396989.8751,292231.3078,271764.7996,2199323.9081,1618961.4452,,,45.366
000002,万科A,全国地产,深圳,19910129,000002.SZ,20060728,5.78,5.91,5.7,5.8,5.78,0.02,0.35,246614.11,142510.2674,0.8439,0.9075,0.91,17.0513,15.4884,2.3478,2.1807,2.1013,1.192,2.5862,396989.8751,292231.3078,271764.7996,2302541.2756,1694941.5852,,,45.366
000002,万科A,全国地产,深圳,19910129,000002.SZ,20060727,5.88,5.94,5.75,5.78,5.93,-0.15,-2.53,313663.8,182644.6371,1.0733,1.1542,1.23,16.9925,15.4349,2.3397,2.1732,2.0941,1.1961,2.5952,396989.8751,292231.3078,271764.7996,2294601.4781,1689096.9591,,,45.366
000002,万科A,全国地产,深圳,19910129,000002.SZ,20060726,6.0,6.05,5.9,5.93,6.0,-0.07,-1.17,220629.42,131339.5125,0.755,0.8118,0.74,17.4335,15.8355,2.4004,2.2296,2.1484,1.1659,2.5295,396989.8751,292231.3078,271764.7996,2354149.9593,1732931.6553,,,45.366
000002,万科A,全国地产,深圳,19910129,000002.SZ,20060725,6.03,6.1,5.95,6.0,6.04,-0.04,-0.66,270141.63,162504.3412,0.9244,0.994,0.76,17.6393,16.0224,2.4287,2.2559,2.1738,1.1523,2.5,396989.8751,292231.3078,271764.7996,2381939.2506,1753387.8468,,,45.366
000002,万科A,全国地产,深圳,19910129,000002.SZ,20060724,5.95,6.08,5.88,6.04,6.04,0.0,0.0,289203.93,174012.54,0.9896,1.0642,0.63,17.7568,16.1293,2.4449,2.2709,2.1883,1.1446,2.4834,396989.8751,292231.3078,271764.7996,2397818.8456,1765077.0991,,,45.366
000002,万科A,全国地产,深圳,19910129,000002.SZ,20060721,6.0,6.13,5.99,6.04,5.93,0.11,1.86,263612.69,159802.8,0.9021,0.97,0.47,17.7568,16.1293,2.4449,2.2709,2.1883,1.1446,2.4834,396989.8751,292231.3078,271764.7996,2397818.8456,1765077.0991,,,45.366
000002,万科A,全国地产,深圳,19910129,000002.SZ,20060720,6.0,6.13,5.99,6.08,5.99,0.09,1.5,230459.39,139686.0703,0.7886,0.848,0.3,17.8744,16.2361,2.5538,2.2859,2.2028,1.1371,,396989.8751,292231.3078,271764.7996,2413698.4406,1776766.3514,,,45.366
000002,万科A,全国地产,深圳,19910129,000002.SZ,20060719,6.2,6.28,5.96,5.99,6.27,-0.28,-4.47,428095.6,260304.0122,1.4649,1.5752,0.58,17.6099,15.9957,2.516,2.2521,2.1702,1.1542,,396989.8751,292231.3078,271764.7996,2377969.3518,1750465.5337,,,45.366
000002,万科A,全国地产,深圳,19910129,000002.SZ,20060718,6.25,6.49,6.17,6.27,6.2,0.07,1.13,576343.14,363249.3735,1.9722,2.1207,0.8,18.433,16.7434,2.6336,2.3574,2.2716,1.1026,,396989.8751,292231.3078,271764.7996,2489126.5169,1832290.2999,,,45.366
000002,万科A,全国地产,深圳,19910129,000002.SZ,20060714,5.88,6.28,5.86,6.2,5.92,0.28,4.73,797995.25,489005.611,2.7307,2.9363,1.26,18.2272,16.5565,2.6042,2.3311,2.2463,1.1151,,396989.8751,292231.3078,271764.7996,2461337.2256,1811834.1084,,,45.366
000002,万科A,全国地产,深圳,19910129,000002.SZ,20060713,6.14,6.25,5.84,5.92,6.14,-0.22,-3.58,765769.33,463230.2164,2.6204,2.8178,1.44,17.4041,15.8088,2.4866,2.2258,2.1448,1.1678,,396989.8751,292231.3078,271764.7996,2350180.0606,1730009.3422,,,45.366
000002,万科A,全国地产,深圳,19910129,000002.SZ,20060712,5.86,6.26,5.86,6.14,5.86,0.28,4.78,1257727.29,772719.8411,4.3039,4.628,3.6,18.0508,16.3963,2.579,2.3085,2.2245,1.126,,396989.8751,292231.3078,271764.7996,2437517.8331,1794300.2299,,,45.366
000002,万科A,全国地产,深圳,19910129,000002.SZ,20060711,5.88,5.95,5.78,5.86,5.85,0.01,0.17,283107.12,165883.7362,0.9688,1.0417,0.74,17.2277,15.6486,2.4613,2.2032,2.1231,1.1798,,396989.8751,292231.3078,271764.7996,2326360.6681,1712475.4637,,,45.366
000002,万科A,全国地产,深圳,19910129,000002.SZ,20060710,5.64,5.92,5.57,5.85,5.6,0.25,4.46,514719.1,299266.6586,1.7613,1.894,1.25,17.1983,15.6219,2.4571,2.1995,2.1194,1.1818,,396989.8751,292231.3078,271764.7996,2322390.7693,1709553.1506,,,45.366
000002,万科A,全国地产,深圳,19910129,000002.SZ,20060707,5.73,5.75,5.58,5.6,5.74,-0.14,-2.44,341248.3,192432.8387,1.1677,1.2557,0.77,16.4633,14.9543,2.3521,2.1055,2.0289,1.2346,,396989.8751,292231.3078,271764.7996,2223143.3006,1636495.3237,,,45.366
000002,万科A,全国地产,深圳,19910129,000002.SZ,20060706,5.6,5.8,5.59,5.74,5.67,0.07,1.23,259299.35,149039.5853,0.8873,0.9541,0.46,16.8749,15.3281,2.4109,2.1581,2.0796,1.2044,,396989.8751,292231.3078,271764.7996,2278721.8831,1677407.7068,,,45.366
000002,万科A,全国地产,深圳,19910129,000002.SZ,20060705,5.8,5.83,5.54,5.67,5.84,-0.17,-2.91,347278.71,198189.5938,1.1884,1.2779,0.65,16.6691,15.1412,2.3815,2.1318,2.0542,1.2193,,396989.8751,292231.3078,271764.7996,2250932.5918,1656951.5152,,,45.366
000002,万科A,全国地产,深圳,19910129,000002.SZ,20060704,5.93,6.0,5.8,5.84,5.92,-0.08,-1.35,439767.7,259491.955,1.5049,1.6182,0.87,17.1689,15.5952,2.4529,2.1957,2.1158,1.1838,,396989.8751,292231.3078,271764.7996,2318420.8706,1706630.8376,,,45.366
000002,万科A,全国地产,深圳,19910129,000002.SZ,20060703,5.69,5.95,5.69,5.92,5.65,0.27,4.78,669409.16,392342.8348,2.2907,2.4632,1.57,17.4041,15.8088,2.4866,2.2258,2.1448,1.1678,,396989.8751,292231.3078,271764.7996,2350180.0606,1730009.3422,,,45.366
000002,万科A,全国地产,深圳,19910129,000002.SZ,20060630,5.66,5.75,5.58,5.65,5.65,0.0,0.0,488177.92,276655.9531,1.6705,1.7963,1.2,16.6103,15.0878,2.3731,2.1243,2.047,1.2236,,396989.8751,292231.3078,271764.7996,2242992.7943,1651106.8891,,,45.366
000002,万科A,全国地产,深圳,19910129,000002.SZ,20060629,5.4,5.74,5.38,5.65,5.37,0.28,5.21,883618.93,493747.2687,3.0237,3.2514,2.93,16.6103,15.0878,2.3731,2.1243,2.047,1.2236,,396989.8751,292231.3078,271764.7996,2242992.7943,1651106.8891,,,45.366
000002,万科A,全国地产,深圳,19910129,000002.SZ,20060628,5.37,5.41,5.31,5.37,5.37,0.0,0.0,183041.97,98375.126,0.6264,0.6735,0.5,15.7871,14.3401,2.2555,2.019,1.9455,1.2874,1.2874,396989.8751,292231.3078,271764.7996,2131835.6293,1569282.1229,,,45.366
000002,万科A,全国地产,深圳,19910129,000002.SZ,20060627,5.43,5.47,5.3,5.37,5.42,-0.05,-0.92,301172.98,161020.8079,1.0306,1.1082,0.85,15.7871,14.3401,2.2555,2.019,1.9455,1.2874,1.2874,396989.8751,292231.3078,271764.7996,2131835.6293,1569282.1229,,,45.366
000002,万科A,全国地产,深圳,19910129,000002.SZ,20060626,5.45,5.48,5.34,5.42,5.43,-0.01,-0.18,278621.39,150100.1356,0.9534,1.0252,0.72,15.9341,14.4736,2.2765,2.0378,1.9637,1.2756,1.2756,396989.8751,292231.3078,271764.7996,2151685.123,1583893.6883,,,45.366
000002,万科A,全国地产,深圳,19910129,000002.SZ,20060623,5.4,5.52,5.38,5.43,5.3,0.13,2.45,379224.41,205865.2969,1.2977,1.3954,0.95,15.9635,14.5003,2.2807,2.0416,1.9673,1.2732,1.2732,396989.8751,292231.3078,271764.7996,2155655.0218,1586816.0014,,,45.366
000002,万科A,全国地产,深圳,19910129,000002.SZ,20060622,5.35,5.43,5.27,5.3,5.4,-0.1,-1.85,366341.41,195850.5904,1.2536,1.348,0.89,15.5813,14.1532,2.2261,1.9927,1.9202,1.3044,1.3044,396989.8751,292231.3078,271764.7996,2104046.338,1548825.9313,,,45.366
000002,万科A,全国地产,深圳,19910129,000002.SZ,20060621,5.51,5.51,5.29,5.4,5.52,-0.12,-2.17,498527.26,267799.3269,1.7059,1.8344,1.35,15.8753,14.4202,2.2681,2.0303,1.9564,1.2803,1.2803,396989.8751,292231.3078,271764.7996,2143745.3255,1578049.0621,,,45.366
000002,万科A,全国地产,深圳,19910129,000002.SZ,20060620,5.57,5.61,5.48,5.52,5.58,-0.06,-1.08,243736.73,134910.494,0.8341,0.8969,0.62,16.2281,14.7406,2.3185,2.0754,1.9999,1.2524,1.2524,396989.8751,292231.3078,271764.7996,2191384.1106,1613116.8191,,,45.366
000002,万科A,全国地产,深圳,19910129,000002.SZ,20060619,5.5,5.63,5.38,5.58,5.57,0.01,0.18,436868.45,240653.8466,1.4949,1.6075,1.21,16.4045,14.9009,2.3437,2.098,2.0216,1.239,1.239,396989.8751,292231.3078,271764.7996,2215203.5031,1630650.6975,,,45.366
000002,万科A,全国地产,深圳,19910129,000002.SZ,20060616,5.38,5.58,5.37,5.57,5.33,0.24,4.5,460080.83,252463.5873,1.5744,1.6929,1.23,16.3751,14.8742,2.3395,2.0942,2.018,1.2412,1.2412,396989.8751,292231.3078,271764.7996,2211233.6043,1627728.3844,,,45.366
000002,万科A,全国地产,深圳,19910129,000002.SZ,20060615,5.23,5.43,5.23,5.33,5.23,0.1,1.91,410521.04,219670.4347,1.4048,1.5106,1.04,15.6695,14.2333,2.2387,2.004,1.9311,1.2971,1.2971,396989.8751,292231.3078,271764.7996,2115956.0343,1557592.8706,,,45.366
000002,万科A,全国地产,深圳,19910129,000002.SZ,20060614,5.2,5.28,5.14,5.23,5.19,0.04,0.77,290337.47,151162.7568,0.9935,1.0683,0.66,15.3755,13.9662,2.1967,1.9664,1.8948,1.3219,1.3219,396989.8751,292231.3078,271764.7996,2076257.0468,1528369.7398,,,45.366
000002,万科A,全国地产,深圳,19910129,000002.SZ,20060613,5.3,5.35,5.16,5.19,5.32,-0.13,-2.44,377831.33,198006.4608,1.2929,1.3903,0.86,15.258,13.8594,2.1799,1.9513,1.8803,1.3321,1.3321,396989.8751,292231.3078,271764.7996,2060377.4518,1516680.4875,,,45.366
000002,万科A,全国地产,深圳,19910129,000002.SZ,20060612,5.26,5.4,5.21,5.32,5.29,0.03,0.57,267072.06,142254.1246,0.9139,0.9827,0.46,15.6401,14.2066,2.2345,2.0002,1.9274,1.2995,1.2995,396989.8751,292231.3078,271764.7996,2111986.1355,1554670.5575,,,45.366
000002,万科A,全国地产,深圳,19910129,000002.SZ,20060609,5.43,5.54,5.26,5.29,5.45,-0.16,-2.94,524442.52,283012.8858,1.7946,1.9298,0.77,15.5519,14.1264,2.2219,1.9889,1.9166,1.3069,1.3069,396989.8751,292231.3078,271764.7996,2100076.4393,1545903.6183,,,45.366
000002,万科A,全国地产,深圳,19910129,000002.SZ,20060608,5.53,5.59,5.35,5.45,5.55,-0.1,-1.8,517787.04,281911.7816,1.7718,1.9053,0.73,16.0223,14.5537,2.2891,2.0491,1.9745,1.2685,1.2685,396989.8751,292231.3078,271764.7996,2163594.8193,1592660.6275,,,45.366
000002,万科A,全国地产,深圳,19910129,000002.SZ,20060607,5.55,5.77,5.45,5.55,5.59,-0.04,-0.72,524408.48,293186.6277,1.7945,1.9296,0.7,16.3163,14.8208,2.3311,2.0867,2.0108,1.2457,1.2457,396989.8751,292231.3078,271764.7996,2203293.8068,1621883.7583,,,45.366
000002,万科A,全国地产,深圳,19910129,000002.SZ,20060606,5.76,5.77,5.57,5.59,5.8,-0.21,-3.62,360200.13,203744.1637,1.2326,1.3254,0.46,16.4339,14.9276,2.3479,2.1017,2.0253,1.2368,1.2368,396989.8751,292231.3078,271764.7996,2219173.4018,1633573.0106,,,45.366
000002,万科A,全国地产,深圳,19910129,000002.SZ,20060605,5.6,5.83,5.36,5.8,5.64,0.16,2.84,951831.32,530191.5617,3.2571,3.5024,1.37,17.0513,15.4884,2.4361,2.1807,2.1013,1.192,1.192,396989.8751,292231.3078,271764.7996,2302541.2756,1694941.5852,,,45.366
000002,万科A,全国地产,深圳,19910129,000002.SZ,20060602,5.95,5.96,5.5,5.64,5.95,-0.31,-5.21,1038298.26,596244.3911,3.553,3.8206,1.8,16.5809,15.0611,2.3689,2.1205,2.0434,1.2258,1.2258,396989.8751,292231.3078,271764.7996,2239022.8956,1648184.576,,,45.366
000002,万科A,全国地产,深圳,19910129,000002.SZ,20060601,5.97,5.99,5.85,5.95,5.97,-0.02,-0.34,664499.51,393207.3717,2.2739,2.4451,1.15,17.4923,15.8889,2.4992,2.2371,2.1557,1.1619,1.1619,396989.8751,292231.3078,271764.7996,2362089.7568,1738776.2814,,,45.366
000002,万科A,全国地产,深圳,19910129,000002.SZ,20060531,6.09,6.2,5.91,5.97,5.94,0.03,0.51,727067.87,438203.1493,2.488,2.6754,1.32,17.5511,15.9423,2.5076,2.2446,2.1629,1.158,1.158,396989.8751,292231.3078,271764.7996,2370029.5543,1744620.9076,,,45.366
000002,万科A,全国地产,深圳,19910129,000002.SZ,20060529,5.98,6.01,5.8,5.94,5.94,0.0,0.0,540680.15,318689.5819,1.8502,1.9895,0.83,17.4629,15.8622,2.495,2.2333,2.1521,1.1639,1.1639,396989.8751,292231.3078,271764.7996,2358119.8581,1735853.9683,,,45.366
000002,万科A,全国地产,深圳,19910129,000002.SZ,20060526,5.94,5.99,5.88,5.94,5.97,-0.03,-0.5,510855.13,302380.9059,1.7481,1.8798,0.68,17.4629,15.8622,2.495,2.2333,2.1521,1.1639,1.1639,396989.8751,292231.3078,271764.7996,2358119.8581,1735853.9683,,,45.366
000002,万科A,全国地产,深圳,19910129,000002.SZ,20060525,5.9,6.07,5.89,5.97,5.96,0.01,0.17,439807.75,262944.965,1.505,1.6183,0.53,17.5511,15.9423,2.5076,2.2446,2.1629,1.158,1.158,396989.8751,292231.3078,271764.7996,2370029.5543,1744620.9076,,,45.366
000002,万科A,全国地产,深圳,19910129,000002.SZ,20060524,5.84,6.08,5.8,5.96,5.85,0.11,1.88,680795.92,406390.8571,2.3296,2.5051,0.82,17.5217,15.9156,2.5034,2.2408,2.1593,1.16,1.16,396989.8751,292231.3078,271764.7996,2366059.6556,1741698.5945,,,45.366
000002,万科A,全国地产,深圳,19910129,000002.SZ,20060523,6.05,6.05,5.85,5.85,6.09,-0.24,-3.94,578590.51,343937.263,1.9799,2.129,0.64,17.1983,15.6219,2.4571,2.1995,2.1194,1.1818,1.1818,396989.8751,292231.3078,271764.7996,2322390.7693,1709553.1506,,,45.366
000002,万科A,全国地产,深圳,19910129,000002.SZ,20060522,6.02,6.2,5.8,6.09,6.07,0.02,0.33,1053868.04,634817.5708,3.6063,3.8779,0.97,17.9038,16.2628,2.558,2.2897,2.2064,1.1352,1.1352,396989.8751,292231.3078,271764.7996,2417668.3394,1779688.6645,,,45.366
000002,万科A,全国地产,深圳,19910129,000002.SZ,20060519,6.17,6.17,5.98,6.07,6.18,-0.11,-1.78,981613.34,596081.5295,3.359,3.612,0.84,17.845,16.2094,2.5496,2.2822,2.1992,1.139,1.139,396989.8751,292231.3078,271764.7996,2409728.5419,1773844.0383,,,45.366
000002,万科A,全国地产,深圳,19910129,000002.SZ,20060518,5.98,6.29,5.77,6.18,6.08,0.1,1.64,891175.09,543876.2815,3.0496,3.2792,0.68,18.1684,16.5031,2.5958,2.3235,2.239,1.1187,1.1187,396989.8751,292231.3078,271764.7996,2453397.4281,1805989.4822,,,45.366
000002,万科A,全国地产,深圳,19910129,000002.SZ,20060517,6.02,6.2,5.98,6.08,6.05,0.03,0.5,622875.04,378096.9372,2.1314,2.292,0.46,17.8744,16.2361,2.5538,2.2859,2.2028,1.1371,1.1371,396989.8751,292231.3078,271764.7996,2413698.4406,1776766.3514,,,45.366
000002,万科A,全国地产,深圳,19910129,000002.SZ,20060516,6.3,6.35,6.02,6.05,6.4,-0.35,-5.47,997617.49,612704.4136,3.4138,3.6709,0.75,17.7862,16.156,2.5412,2.2747,2.1919,1.1427,1.1427,396989.8751,292231.3078,271764.7996,2401788.7444,1767999.4122,,,45.366
000002,万科A,全国地产,深圳,19910129,000002.SZ,20060515,6.18,6.51,5.88,6.4,6.18,0.22,3.56,1941633.77,1186252.2699,6.6442,7.1445,1.71,18.8152,17.0906,2.6882,2.4063,2.3187,1.0802,1.0802,396989.8751,292231.3078,271764.7996,2540735.2006,1870280.3699,,,45.366
000002,万科A,全国地产,深圳,19910129,000002.SZ,20060512,6.25,6.26,6.0,6.18,6.26,-0.08,-1.28,1422731.1,868471.1644,4.8685,5.2352,1.3,18.1684,16.5031,2.5958,2.3235,2.239,1.1187,1.1187,396989.8751,292231.3078,271764.7996,2453397.4281,1805989.4822,,,45.366
000002,万科A,全国地产,深圳,19910129,000002.SZ,20060511,6.7,6.71,6.2,6.26,6.74,-0.48,-7.12,1596535.55,1029998.8096,5.4633,5.8747,1.88,18.4036,16.7167,2.6294,2.3536,2.268,1.1044,1.1044,396989.8751,292231.3078,271764.7996,2485156.6181,1829367.9868,,,45.366
000002,万科A,全国地产,深圳,19910129,000002.SZ,20060510,6.93,6.95,6.66,6.74,6.93,-0.19,-2.74,745460.65,504068.9751,2.5509,2.743,0.89,19.8148,17.9985,2.831,2.5341,2.4419,1.0257,1.0257,396989.8751,292231.3078,271764.7996,2675711.7582,1969639.0146,,,45.366
000002,万科A,全国地产,深圳,19910129,000002.SZ,20060509,6.9,7.17,6.87,6.93,6.85,0.08,1.17,928341.48,649675.2476,3.1767,3.416,1.13,20.3733,18.5059,2.9108,2.6055,2.5107,0.9976,0.9976,396989.8751,292231.3078,271764.7996,2751139.8344,2025162.9631,,,45.366
000002,万科A,全国地产,深圳,19910129,000002.SZ,20060508,6.28,6.85,6.28,6.85,6.23,0.62,9.95,988243.86,657866.6889,3.3817,3.6364,1.31,20.1381,18.2923,2.8772,2.5755,2.4817,1.0093,1.0093,396989.8751,292231.3078,271764.7996,2719380.6444,2001784.4584,,,45.366
000002,万科A,全国地产,深圳,19910129,000002.SZ,20060428,6.1,6.38,6.0,6.23,6.43,-0.2,-3.11,1214724.43,752431.9667,4.1567,4.4698,2.01,18.3154,16.6366,2.6168,2.3423,2.2571,1.1097,1.1097,396989.8751,292231.3078,271764.7996,2473246.9219,1820601.0476,,,45.366
000002,万科A,全国地产,深圳,19910129,000002.SZ,20060427,6.45,6.59,6.39,6.43,6.46,-0.03,-0.46,377665.33,244535.5037,1.2924,1.3897,0.59,18.9034,17.1707,2.7008,2.4175,2.3296,1.0752,1.0752,396989.8751,292231.3078,271764.7996,2552644.8969,1879047.3092,,,45.366
000002,万科A,全国地产,深圳,19910129,000002.SZ,20060426,6.55,6.64,6.35,6.46,6.57,-0.11,-1.67,660966.35,426843.8824,2.2618,2.4321,1.01,18.9916,17.2508,2.7134,2.4288,2.3405,1.0702,1.0702,396989.8751,292231.3078,271764.7996,2564554.5931,1887814.2484,,,45.366
000002,万科A,全国地产,深圳,19910129,000002.SZ,20060425,6.36,6.89,6.21,6.57,6.36,0.21,3.3,860269.37,565568.5169,2.9438,3.1655,1.42,19.315,17.5446,2.7596,2.4702,2.3803,1.0523,1.0523,396989.8751,292231.3078,271764.7996,2608223.4794,1919959.6922,,,45.366
000002,万科A,全国地产,深圳,19910129,000002.SZ,20060424,6.66,6.68,6.35,6.36,6.67,-0.31,-4.65,652229.95,419637.1275,2.2696,2.4381,1.09,18.4577,18.4577,2.9995,2.3605,2.3605,1.087,1.087,391896.0976,287379.0881,267510.1997,2492459.1807,1827731.0003,,,45.366
000002,万科A,全国地产,深圳,19910129,000002.SZ,20060421,6.65,6.8,6.38,6.67,6.65,0.02,0.3,466066.43,306438.9079,1.6218,1.7422,0.82,19.3574,19.3574,3.1457,2.4756,2.4756,1.0365,1.0365,391896.0976,287379.0881,267510.1997,2613946.971,1916818.5176,,,45.366
000002,万科A,全国地产,深圳,19910129,000002.SZ,20060420,6.8,6.85,6.59,6.65,6.81,-0.16,-2.35,545388.39,366259.2861,1.8978,2.0388,0.98,19.2993,19.2993,3.1363,2.4682,2.4682,1.0396,1.0396,391896.0976,287379.0881,267510.1997,2606109.049,1911070.9359,,,45.366
000002,万科A,全国地产,深圳,19910129,000002.SZ,20060419,6.45,6.89,6.41,6.81,6.48,0.33,5.09,755449.73,508142.4382,2.6288,2.824,1.5,19.7637,19.7637,3.2117,2.5276,2.5276,1.0152,1.0152,391896.0976,287379.0881,267510.1997,2668812.4247,1957051.59,,,45.366
000002,万科A,全国地产,深圳,19910129,000002.SZ,20060418,6.38,6.51,6.2,6.48,6.38,0.1,1.57,599784.2,380474.4594,2.0871,2.2421,1.15,18.806,18.806,3.0561,2.4051,2.4051,1.0669,1.0669,391896.0976,287379.0881,267510.1997,2539486.7124,1862216.4909,,,45.366
000002,万科A,全国地产,深圳,19910129,000002.SZ,20060417,6.58,6.58,6.29,6.38,6.6,-0.22,-3.33,621000.02,399783.5036,2.1609,2.3214,1.16,18.5157,18.5157,3.0089,2.368,2.368,1.0836,1.0836,391896.0976,287379.0881,267510.1997,2500297.1027,1833478.5821,,,45.366
000002,万科A,全国地产,深圳,19910129,000002.SZ,20060414,6.4,6.64,6.39,6.6,6.45,0.15,2.33,303931.44,197970.9776,1.0576,1.1361,0.53,19.1542,19.1542,3.1127,2.4496,2.4496,1.0475,1.0475,391896.0976,287379.0881,267510.1997,2586514.2442,1896701.9815,,,45.366
000002,万科A,全国地产,深圳,19910129,000002.SZ,20060413,6.65,6.7,6.41,6.45,6.67,-0.22,-3.3,507457.73,330938.1382,1.7658,1.897,0.86,18.7189,18.7189,3.0419,2.3939,2.3939,1.0784,1.0784,391896.0976,287379.0881,267510.1997,2527729.8295,1853595.1182,,,45.366
000002,万科A,全国地产,深圳,19910129,000002.SZ,20060412,6.9,6.91,6.64,6.67,6.88,-0.21,-3.05,490638.55,331577.4708,1.7073,1.8341,0.78,19.3574,19.3574,3.1457,2.4756,2.4756,1.0429,1.0429,391896.0976,287379.0881,267510.1997,2613946.971,1916818.5176,,,45.366
000002,万科A,全国地产,深圳,19910129,000002.SZ,20060411,6.7,6.94,6.61,6.88,6.71,0.17,2.53,694605.18,471736.4109,2.417,2.5966,1.1,19.9668,19.9668,3.2447,2.5535,2.5535,1.011,1.011,391896.0976,287379.0881,267510.1997,2696245.1515,1977168.1261,,,45.366
000002,万科A,全国地产,深圳,19910129,000002.SZ,20060410,6.83,6.83,6.54,6.71,6.83,-0.12,-1.76,670195.52,444841.5079,2.3321,2.5053,1.09,19.4735,19.4735,3.1646,2.4904,2.4904,1.0366,1.0366,391896.0976,287379.0881,267510.1997,2629622.8149,1928313.6812,,,45.366
000002,万科A,全国地产,深圳,19910129,000002.SZ,20060407,6.96,7.1,6.8,6.83,6.97,-0.14,-2.01,514123.95,355041.8839,1.789,1.9219,0.85,19.8217,19.8217,3.2212,2.535,2.535,1.0184,1.0184,391896.0976,287379.0881,267510.1997,2676650.3466,1962799.1717,,,45.366
000002,万科A,全国地产,深圳,19910129,000002.SZ,20060406,6.99,7.04,6.83,6.97,6.98,-0.01,-0.14,570592.42,395330.1288,1.9855,2.133,0.9,20.228,20.228,3.2872,2.5869,2.5869,0.998,0.998,391896.0976,287379.0881,267510.1997,2731515.8003,2003032.2441,,,45.366
000002,万科A,全国地产,深圳,19910129,000002.SZ,20060405,6.8,7.05,6.7,6.98,6.8,0.18,2.65,694576.39,479945.4477,2.4169,2.5964,0.97,20.257,20.257,3.2919,2.5907,2.5907,1.0,1.0,391896.0976,287379.0881,267510.1997,2735434.7612,2005906.0349,,,45.366
000002,万科A,全国地产,深圳,19910129,000002.SZ,20060404,6.9,6.92,6.59,6.8,6.89,-0.09,-1.31,703136.27,473030.2568,2.4467,2.6284,0.99,19.7346,19.7346,3.207,2.5238,2.5238,1.0266,1.0266,391896.0976,287379.0881,267510.1997,2664893.4637,1954177.7991,,,45.366
000002,万科A,全国地产,深圳,19910129,000002.SZ,20060403,6.55,6.93,6.55,6.89,6.55,0.34,5.19,590239.79,403337.0101,2.0539,2.2064,0.85,19.9958,19.9958,3.2495,2.5573,2.5573,1.0186,1.0186,391896.0976,287379.0881,267510.1997,2700164.1125,1980041.917,,,45.366
000002,万科A,全国地产,深圳,19910129,000002.SZ,20060331,6.5,6.65,6.42,6.55,6.52,0.03,0.46,458105.45,300473.4905,1.5941,1.7125,0.68,19.0091,19.0091,3.0891,2.4311,2.4311,1.0714,1.0714,391896.0976,287379.0881,267510.1997,2566919.4393,1882333.0271,,,45.366
000002,万科A,全国地产,深圳,19910129,000002.SZ,20060330,6.6,6.75,6.37,6.52,6.62,-0.1,-1.51,730321.5,478554.2031,2.5413,2.7301,1.21,18.922,18.922,3.075,2.4199,2.4199,1.0764,1.0764,391896.0976,287379.0881,267510.1997,2555162.5564,1873711.6544,,,45.366
000002,万科A,全国地产,深圳,19910129,000002.SZ,20060329,6.55,6.98,6.47,6.62,6.51,0.11,1.69,1114026.86,746957.797,3.8765,4.1644,2.17,19.2123,19.2123,3.1221,2.457,2.457,1.0601,1.0601,391896.0976,287379.0881,267510.1997,2594352.1661,1902449.5632,,,45.366
000002,万科A,全国地产,深圳,19910129,000002.SZ,20060328,6.24,6.52,6.21,6.51,6.24,0.27,4.33,658992.17,422441.4755,2.2931,2.4634,1.33,18.893,18.893,3.0702,2.4162,2.4162,1.078,1.078,391896.0976,287379.0881,267510.1997,2551243.5954,1870837.8635,,,45.366
000002,万科A,全国地产,深圳,19910129,000002.SZ,20060327,5.93,6.25,5.87,6.24,5.93,0.31,5.23,499674.49,303852.7373,1.7387,1.8679,1.04,18.1094,18.1094,2.9429,2.316,2.316,1.1247,1.1247,391896.0976,287379.0881,267510.1997,2445431.649,1793245.5097,,,45.366
000002,万科A,全国地产,深圳,19910129,000002.SZ,20060324,6.0,6.05,5.92,5.93,5.99,-0.06,-1.0,358832.62,214507.7039,1.2486,1.3414,0.75,17.2098,17.2098,2.7967,2.2009,2.2009,1.1835,1.1835,391896.0976,287379.0881,267510.1997,2323943.8588,1704157.9924,,,45.366
000002,万科A,全国地产,深圳,19910129,000002.SZ,20060323,5.98,6.11,5.93,5.99,5.98,0.01,0.17,387038.48,232755.9134,1.3468,1.4468,0.81,17.3839,17.3839,2.825,2.2232,2.2232,1.1716,1.1716,391896.0976,287379.0881,267510.1997,2347457.6246,1721400.7377,,,45.366
000002,万科A,全国地产,深圳,19910129,000002.SZ,20060322,5.77,6.07,5.7,5.98,5.77,0.21,3.64,658095.56,391340.3069,2.29,2.4601,1.67,17.3549,17.3549,2.8203,2.2195,2.2195,1.1736,1.1736,391896.0976,287379.0881,267510.1997,2343538.6636,1718526.9468,,,45.366
000002,万科A,全国地产,深圳,19910129,000002.SZ,20060321,5.72,5.97,5.67,5.77,5.71,0.06,1.05,570351.08,333229.6976,1.9847,2.1321,1.81,16.7454,16.7454,2.7212,2.1416,2.1416,1.2163,1.2163,391896.0976,287379.0881,267510.1997,2261240.4832,1658177.3383,,,45.366
000002,万科A,全国地产,深圳,19910129,000002.SZ,20060320,5.46,5.75,5.39,5.71,5.46,0.25,4.58,425865.92,240118.7928,1.592,1.8698,1.42,24.21,15.576,3.1544,2.7724,2.1805,1.2475,1.2475,372268.767,267510.1997,227756.4853,2125654.6596,1527483.2403,,,45.366
000002,万科A,全国地产,深圳,19910129,000002.SZ,20060317,5.53,5.65,5.46,5.46,5.52,-0.06,-1.09,338376.19,188356.804,1.2649,1.4857,1.28,23.15,14.8941,3.0163,2.651,2.085,1.3046,1.3046,372268.767,267510.1997,227756.4853,2032587.4678,1460605.6904,,,45.366
000002,万科A,全国地产,深圳,19910129,000002.SZ,20060316,5.48,5.57,5.37,5.52,5.47,0.05,0.91,408606.97,224612.7963,1.5274,1.7941,1.86,23.4044,15.0577,3.0494,2.6801,2.1079,1.2904,1.2904,372268.767,267510.1997,227756.4853,2054923.5938,1476656.3023,,,45.366
000002,万科A,全国地产,深圳,19910129,000002.SZ,20060315,5.38,5.48,5.33,5.47,5.35,0.12,2.24,230384.3,125289.957,0.8612,1.0115,0.88,23.1924,14.9213,3.0218,2.6559,2.0888,1.3022,1.3022,372268.767,267510.1997,227756.4853,2036310.1555,1463280.7924,,,45.366
000002,万科A,全国地产,深圳,19910129,000002.SZ,20060314,5.39,5.4,5.28,5.35,5.39,-0.04,-0.74,174815.89,93406.5652,0.6535,0.7676,0.6,22.6836,14.594,2.9555,2.5976,2.043,1.3314,1.3314,372268.767,267510.1997,227756.4853,1991637.9035,1431179.5684,,,45.366
000002,万科A,全国地产,深圳,19910129,000002.SZ,20060313,5.07,5.42,5.07,5.39,5.04,0.35,6.94,349855.32,184391.1095,1.3078,1.5361,1.41,22.8532,14.7031,2.9776,2.617,2.0583,1.3215,1.3215,372268.767,267510.1997,227756.4853,2006528.6541,1441879.9764,,,45.366
000002,万科A,全国地产,深圳,19910129,000002.SZ,20060310,5.04,5.12,5.0,5.04,5.04,0.0,0.0,160704.47,81237.0959,0.6007,0.7056,0.58,21.3693,13.7484,2.7842,2.4471,1.9246,1.4133,1.4133,372268.767,267510.1997,227756.4853,1876234.5857,1348251.4065,,,45.366
000002,万科A,全国地产,深圳,19910129,000002.SZ,20060309,5.05,5.12,5.03,5.04,5.05,-0.01,-0.2,184507.29,93559.5984,0.6897,0.8101,0.59,21.3693,13.7484,2.7842,2.4471,1.9246,1.4133,1.4133,372268.767,267510.1997,227756.4853,1876234.5857,1348251.4065,,,45.366
000002,万科A,全国地产,深圳,19910129,000002.SZ,20060308,5.18,5.18,4.95,5.05,5.19,-0.14,-2.7,441447.65,224226.0641,1.6502,1.9382,1.64,21.4117,13.7756,2.7898,2.4519,1.9285,1.4105,1.4105,372268.767,267510.1997,227756.4853,1879957.2734,1350926.5085,,,45.366
000002,万科A,全国地产,深圳,19910129,000002.SZ,20060307,5.38,5.38,5.18,5.19,5.38,-0.19,-3.53,319337.84,166853.1345,1.1937,1.4021,1.19,22.0053,14.1575,2.8671,2.5199,1.9819,1.3724,1.3724,372268.767,267510.1997,227756.4853,1932074.9007,1388377.9364,,,45.366
000002,万科A,全国地产,深圳,19910129,000002.SZ,20060306,5.43,5.48,5.36,5.38,5.45,-0.07,-1.28,131312.76,70953.8471,0.4909,0.5765,0.39,22.8108,14.6758,2.9721,2.6122,2.0545,1.324,1.324,372268.767,267510.1997,227756.4853,2002805.9665,1439204.8744,,,45.366
000002,万科A,全国地产,深圳,19910129,000002.SZ,20060303,5.35,5.49,5.32,5.45,5.36,0.09,1.68,308227.43,166483.0628,1.1522,1.3533,0.89,23.1076,14.8668,3.0107,2.6462,2.0812,1.307,1.307,372268.767,267510.1997,227756.4853,2028864.7802,1457930.5884,,,45.366
000002,万科A,全国地产,深圳,19910129,000002.SZ,20060302,5.49,5.5,5.29,5.36,5.49,-0.13,-2.37,371754.88,199941.4126,1.3897,1.6322,1.05,22.726,14.6213,2.961,2.6025,2.0468,1.3289,1.3289,372268.767,267510.1997,227756.4853,1995360.5911,1433854.6704,,,45.366
000002,万科A,全国地产,深圳,19910129,000002.SZ,20060301,5.46,5.56,5.43,5.49,5.46,0.03,0.55,213771.36,117546.3847,0.7991,0.9386,0.55,23.2772,14.9759,3.0328,2.6656,2.0965,1.2974,1.2974,372268.767,267510.1997,227756.4853,2043755.5308,1468630.9964,,,45.366
000002,万科A,全国地产,深圳,19910129,000002.SZ,20060228,5.39,5.48,5.29,5.46,5.42,0.04,0.74,318951.77,171352.9092,1.1923,1.4004,0.75,23.15,14.8941,3.0163,2.651,2.085,1.3046,1.3046,372268.767,267510.1997,227756.4853,2032587.4678,1460605.6904,,,45.366
000002,万科A,全国地产,深圳,19910129,000002.SZ,20060227,5.61,5.63,5.37,5.42,5.61,-0.19,-3.39,476009.06,260259.483,1.7794,2.09,1.02,22.9804,14.7849,2.9942,2.6316,2.0697,1.3142,1.3142,372268.767,267510.1997,227756.4853,2017696.7171,1449905.2824,,,45.366
000002,万科A,全国地产,深圳,19910129,000002.SZ,20060224,5.55,5.72,5.52,5.61,5.55,0.06,1.08,352810.18,199026.7224,1.3189,1.5491,0.69,23.786,15.3032,3.0991,2.7238,2.1423,1.2697,1.2697,372268.767,267510.1997,227756.4853,2088427.7829,1500732.2203,,,45.366
000002,万科A,全国地产,深圳,19910129,000002.SZ,20060223,5.6,5.61,5.45,5.55,5.62,-0.07,-1.25,402893.08,222467.5598,1.5061,1.769,0.81,23.5316,15.1396,3.066,2.6947,2.1194,1.2834,1.2834,372268.767,267510.1997,227756.4853,2066091.6569,1484681.6083,,,45.366
000002,万科A,全国地产,深圳,19910129,000002.SZ,20060222,5.68,5.74,5.56,5.62,5.69,-0.07,-1.23,398170.13,224155.6742,1.4884,1.7482,0.72,23.8284,15.3305,3.1046,2.7287,2.1461,1.303,1.303,372268.767,267510.1997,227756.4853,2092150.4705,1503407.3223,,,45.366
000002,万科A,全国地产,深圳,19910129,000002.SZ,20060221,5.59,5.72,5.47,5.69,5.62,0.07,1.25,509688.69,283735.7953,1.9053,2.2379,0.92,24.1252,15.5215,3.1433,2.7627,2.1729,1.3105,1.3105,372268.767,267510.1997,227756.4853,2118209.2842,1522133.0363,,,45.366
000002,万科A,全国地产,深圳,19910129,000002.SZ,20060220,5.61,5.78,5.53,5.62,5.6,0.02,0.36,661934.54,376399.1871,2.4744,2.9063,1.39,23.8284,15.3305,3.1046,2.7287,2.1461,1.3269,1.3269,372268.767,267510.1997,227756.4853,2092150.4705,1503407.3223,,,45.366
000002,万科A,全国地产,深圳,19910129,000002.SZ,20060217,5.36,5.61,5.33,5.6,5.37,0.23,4.28,569943.69,315723.8914,2.1305,2.5024,1.32,23.7436,15.276,3.0936,2.719,2.1385,1.3316,1.3316,372268.767,267510.1997,227756.4853,2084705.0952,1498057.1183,,,45.366
000002,万科A,全国地产,深圳,19910129,000002.SZ,20060216,5.5,5.53,5.32,5.37,5.51,-0.14,-2.54,360620.86,195786.2272,1.3481,1.5834,0.81,22.7684,14.6485,2.9665,2.6073,2.0507,1.3886,1.3886,372268.767,267510.1997,227756.4853,1999083.2788,1436529.7724,,,45.366
000002,万科A,全国地产,深圳,19910129,000002.SZ,20060215,5.35,5.63,5.35,5.51,5.35,0.16,2.99,662992.03,367370.5507,2.4784,2.911,1.75,23.362,15.0304,3.0439,2.6753,2.1041,1.3533,1.3533,372268.767,267510.1997,227756.4853,2051200.9062,1473981.2003,,,45.366
000002,万科A,全国地产,深圳,19910129,000002.SZ,20060214,5.1,5.36,5.03,5.35,5.1,0.25,4.9,507046.36,266856.6564,1.8954,2.2263,1.29,22.6836,14.594,2.9555,2.5976,2.043,1.3938,1.3938,372268.767,267510.1997,227756.4853,1991637.9035,1431179.5684,,,45.366
000002,万科A,全国地产,深圳,19910129,000002.SZ,20060213,5.16,5.19,4.98,5.1,5.16,-0.06,-1.16,284209.53,143509.1841,1.0624,1.2479,0.6,21.6237,13.912,2.8174,2.4762,1.9476,1.4621,1.4621,372268.767,267510.1997,227756.4853,1898570.7117,1364302.0185,,,45.366
000002,万科A,全国地产,深圳,19910129,000002.SZ,20060210,5.05,5.19,4.96,5.16,5.06,0.1,1.98,337646.3,172438.2028,1.2622,1.4825,0.66,21.8781,14.0757,2.8505,2.5053,1.9705,1.4451,1.4451,372268.767,267510.1997,227756.4853,1920906.8377,1380352.6305,,,45.366
000002,万科A,全国地产,深圳,19910129,000002.SZ,20060209,5.26,5.26,5.02,5.06,5.26,-0.2,-3.8,422679.13,215098.9895,1.58,1.8558,0.77,21.4541,13.8029,2.7953,2.4568,1.9323,1.4737,1.4737,372268.767,267510.1997,227756.4853,1883679.961,1353601.6105,,,45.366
000002,万科A,全国地产,深圳,19910129,000002.SZ,20060208,5.24,5.32,5.15,5.26,5.25,0.01,0.19,346348.22,180863.4906,1.2947,1.5207,0.63,22.302,14.3485,2.9058,2.5539,2.0087,1.4177,1.4177,372268.767,267510.1997,227756.4853,1958133.7144,1407103.6504,,,45.366
000002,万科A,全国地产,深圳,19910129,000002.SZ,20060207,5.38,5.44,5.12,5.25,5.37,-0.12,-2.23,572172.41,302646.7578,2.1389,2.5122,1.16,22.2596,14.3212,2.9002,2.549,2.0048,1.4204,1.4204,372268.767,267510.1997,227756.4853,1954411.0268,1404428.5484,,,45.366
000002,万科A,全国地产,深圳,19910129,000002.SZ,20060206,4.96,5.42,4.91,5.37,4.93,0.44,8.92,671673.43,351440.0565,2.5108,2.9491,1.39,22.7684,14.6485,2.9665,2.6073,2.0507,1.3886,1.3886,372268.767,267510.1997,227756.4853,1999083.2788,1436529.7724,,,45.366
000002,万科A,全国地产,深圳,19910129,000002.SZ,20060125,4.79,5.03,4.78,4.93,4.79,0.14,2.92,538823.81,264866.3166,2.0142,2.3658,1.18,20.9029,13.4483,2.7235,2.3937,1.8826,1.5126,1.5126,372268.767,267510.1997,227756.4853,1835285.0213,1318825.2845,,,45.366
000002,万科A,全国地产,深圳,19910129,000002.SZ,20060124,4.55,4.94,4.49,4.79,4.54,0.25,5.51,625435.01,297323.5228,2.338,2.7461,1.51,20.3093,13.0664,2.6461,2.3257,1.8292,1.5568,1.5568,372268.767,267510.1997,227756.4853,1783167.3939,1281373.8566,,,45.366
000002,万科A,全国地产,深圳,19910129,000002.SZ,20060123,4.55,4.62,4.51,4.54,4.55,-0.01,-0.22,347241.12,158480.1627,1.298,1.5246,0.76,19.2493,12.3844,2.508,2.2043,1.7337,1.6425,1.6425,372268.767,267510.1997,227756.4853,1690100.2022,1214496.3066,,,45.366
000002,万科A,全国地产,深圳,19910129,000002.SZ,20060120,4.63,4.64,4.45,4.55,4.6,-0.05,-1.09,290105.52,131063.3298,1.0845,1.2738,0.57,19.2917,12.4117,2.5135,2.2092,1.7375,1.6389,1.6389,372268.767,267510.1997,227756.4853,1693822.8899,1217171.4086,,,45.366
000002,万科A,全国地产,深圳,19910129,000002.SZ,20060119,4.54,4.67,4.51,4.6,4.54,0.06,1.32,619184.7,284144.7356,2.3146,2.7186,1.34,19.5037,12.5481,2.5412,2.2334,1.7566,1.6211,1.6211,372268.767,267510.1997,227756.4853,1712436.3282,1230546.9186,,,45.366
000002,万科A,全国地产,深圳,19910129,000002.SZ,20060118,4.44,4.57,4.43,4.54,4.44,0.1,2.25,399567.63,180338.4031,1.4937,1.7544,0.86,19.2493,12.3844,2.508,2.2043,1.7337,1.6425,1.6425,372268.767,267510.1997,227756.4853,1690100.2022,1214496.3066,,,45.366
000002,万科A,全国地产,深圳,19910129,000002.SZ,20060117,4.32,4.55,4.3,4.44,4.32,0.12,2.78,419234.93,185977.4827,1.5672,1.8407,0.89,18.8253,12.1116,2.4528,2.1558,1.6955,1.6795,1.6795,372268.767,267510.1997,227756.4853,1652873.3255,1187745.2867,,,45.366
000002,万科A,全国地产,深圳,19910129,000002.SZ,20060116,4.45,4.45,4.27,4.32,4.45,-0.13,-2.92,569255.32,247112.5298,2.128,2.4994,1.31,18.3165,11.7843,2.3865,2.0975,1.6497,1.7261,1.7261,372268.767,267510.1997,227756.4853,1608201.0734,1155644.0627,,,45.366
000002,万科A,全国地产,深圳,19910129,000002.SZ,20060113,4.62,4.62,4.39,4.45,4.63,-0.18,-3.89,553472.68,247378.818,2.069,2.4301,1.35,18.8677,12.1389,2.4583,2.1606,1.6993,1.6757,1.6757,372268.767,267510.1997,227756.4853,1656596.0132,1190420.3887,,,45.366
000002,万科A,全国地产,深圳,19910129,000002.SZ,20060112,4.6,4.68,4.51,4.63,4.61,0.02,0.43,372582.85,170978.0185,1.3928,1.6359,0.89,19.6309,12.6299,2.5577,2.248,1.7681,1.6106,1.6106,372268.767,267510.1997,227756.4853,1723604.3912,1238572.2246,,,45.366
000002,万科A,全国地产,深圳,19910129,000002.SZ,20060111,4.75,4.8,4.59,4.61,4.75,-0.14,-2.95,398096.59,186023.822,1.4882,1.7479,0.96,19.5461,12.5754,2.5467,2.2383,1.7604,1.6176,1.6176,372268.767,267510.1997,227756.4853,1716159.0159,1233222.0206,,,45.366
000002,万科A,全国地产,深圳,19910129,000002.SZ,20060110,4.63,4.76,4.51,4.75,4.63,0.12,2.59,458004.26,211636.7467,1.7121,2.0109,1.2,20.1397,12.9573,2.624,2.3063,1.8139,1.5699,1.5699,372268.767,267510.1997,227756.4853,1768276.6433,1270673.4486,,,45.366
000002,万科A,全国地产,深圳,19910129,000002.SZ,20060109,4.68,4.73,4.53,4.63,4.69,-0.06,-1.28,384906.81,176983.5088,1.4388,1.69,1.07,19.6309,12.6299,2.5577,2.248,1.7681,1.6106,1.6106,372268.767,267510.1997,227756.4853,1723604.3912,1238572.2246,,,45.366
000002,万科A,全国地产,深圳,19910129,000002.SZ,20060106,4.73,4.85,4.6,4.69,4.72,-0.03,-0.64,439465.92,207802.8485,1.6428,1.9295,1.4,19.8853,12.7936,2.5909,2.2771,1.791,1.59,1.59,372268.767,267510.1997,227756.4853,1745940.5172,1254622.8366,,,45.366
000002,万科A,全国地产,深圳,19910129,000002.SZ,20060105,4.65,4.79,4.58,4.72,4.66,0.06,1.29,409614.34,192126.2569,1.5324,1.7985,1.55,20.0009,12.868,2.6059,2.2904,1.8014,1.5799,1.5799,372052.7606,267294.1933,227756.4853,1756089.03,1261628.5924,,,45.366
000002,万科A,全国地产,深圳,19910129,000002.SZ,20060104,4.4,4.67,4.4,4.66,4.31,0.35,8.12,389310.43,175187.0657,1.4565,1.7093,1.54,19.7466,12.7044,2.5728,2.2613,1.7785,1.6002,1.6002,372052.7606,267294.1933,227756.4853,1733765.8644,1245590.9408,,,45.366
000002,万科A,全国地产,深圳,19910129,000002.SZ,20051230,4.4,4.51,4.3,4.31,4.4,-0.09,-2.05,291041.4,128839.7448,1.0888,1.2779,1.1,18.2635,11.7502,2.3796,2.0914,1.6449,0.3844,1.7301,372052.7606,267294.1933,227756.4853,1603547.3982,1152037.9731,,,45.366
000002,万科A,全国地产,深圳,19910129,000002.SZ,20051229,4.3,4.47,4.29,4.4,4.3,0.1,2.33,275193.62,121099.6098,1.0296,1.2083,1.1,18.6449,11.9956,2.4293,2.1351,1.6793,0.3765,1.6948,372052.7606,267294.1933,227756.4853,1637032.1466,1176094.4505,,,45.366
000002,万科A,全国地产,深圳,19910129,000002.SZ,20051228,4.3,4.35,4.27,4.3,4.32,-0.02,-0.46,209006.55,89946.9837,0.7819,0.9177,0.77,18.2211,11.7229,2.3741,2.0866,1.6411,0.3853,1.7342,372052.7606,267294.1933,227756.4853,1599826.8706,1149365.0312,,,45.366
000002,万科A,全国地产,深圳,19910129,000002.SZ,20051227,4.36,4.39,4.28,4.32,4.35,-0.03,-0.69,160636.04,69364.1483,0.601,0.7053,0.54,18.3059,11.7775,2.3851,2.0963,1.6487,0.3835,1.7261,372052.7606,267294.1933,227756.4853,1607267.9258,1154710.9151,,,45.366
000002,万科A,全国地产,深圳,19910129,000002.SZ,20051226,4.28,4.43,4.26,4.35,4.28,0.07,1.64,327355.43,143345.3504,1.2247,1.4373,1.06,18.433,11.8593,2.4017,2.1108,1.6602,0.3809,1.7142,372052.7606,267294.1933,227756.4853,1618429.5086,1162729.7409,,,45.366
000002,万科A,全国地产,深圳,19910129,000002.SZ,20051223,4.26,4.34,4.24,4.28,4.26,0.02,0.47,347981.54,149486.6123,1.3019,1.5279,1.06,18.1364,11.6684,2.363,2.0769,1.6335,0.3871,1.7423,372052.7606,267294.1933,227756.4853,1592385.8154,1144019.1473,,,45.366
000002,万科A,全国地产,深圳,19910129,000002.SZ,20051222,4.17,4.27,4.16,4.26,4.19,0.07,1.67,210726.5,89116.8888,0.7884,0.9252,0.54,18.0516,11.6139,2.352,2.0672,1.6258,0.3889,1.7504,372052.7606,267294.1933,227756.4853,1584944.7602,1138673.2635,,,45.366
000002,万科A,全国地产,深圳,19910129,000002.SZ,20051221,4.25,4.3,4.18,4.19,4.26,-0.07,-1.64,309992.08,130874.5782,1.1597,1.3611,0.68,17.755,11.4231,2.3133,2.0332,1.5991,0.3954,1.7797,372052.7606,267294.1933,227756.4853,1558901.0669,1119962.6699,,,45.366
000002,万科A,全国地产,深圳,19910129,000002.SZ,20051220,4.29,4.33,4.18,4.26,4.29,-0.03,-0.7,291778.38,123532.4634,1.0916,1.2811,0.63,18.0516,11.6139,2.352,2.0672,1.6258,0.3889,1.7504,372052.7606,267294.1933,227756.4853,1584944.7602,1138673.2635,,,45.366
000002,万科A,全国地产,深圳,19910129,000002.SZ,20051219,4.25,4.36,4.22,4.29,4.27,0.02,0.47,387354.35,166937.3352,1.4492,1.7007,0.75,18.1788,11.6957,2.3685,2.0817,1.6373,0.3862,1.7382,372052.7606,267294.1933,227756.4853,1596106.343,1146692.0893,,,45.366
000002,万科A,全国地产,深圳,19910129,000002.SZ,20051216,4.2,4.32,4.18,4.27,4.2,0.07,1.67,438347.31,187464.8119,1.6399,1.9246,0.83,18.094,11.6412,2.3575,2.072,1.6297,0.388,1.7463,372052.7606,267294.1933,227756.4853,1588665.2878,1141346.2054,,,45.366
000002,万科A,全国地产,深圳,19910129,000002.SZ,20051215,4.25,4.32,4.15,4.2,4.25,-0.05,-1.18,511707.74,216795.7013,1.9144,2.2467,1.01,17.7974,11.4503,2.3189,2.0381,1.6029,0.3945,1.7755,372052.7606,267294.1933,227756.4853,1562621.5945,1122635.6119,,,45.366
000002,万科A,全国地产,深圳,19910129,000002.SZ,20051214,4.04,4.3,4.01,4.25,4.06,0.19,4.68,639435.78,266113.9451,2.3923,2.8075,1.35,18.0093,11.5866,2.3465,2.0623,1.622,0.3898,1.7546,372052.7606,267294.1933,227756.4853,1581224.2326,1136000.3215,,,45.366
000002,万科A,全国地产,深圳,19910129,000002.SZ,20051213,4.05,4.11,4.01,4.06,4.04,0.02,0.5,343384.09,139167.5403,1.2847,1.5077,0.67,17.2041,11.0686,2.2416,1.9701,1.5495,0.4081,1.8367,372052.7606,267294.1933,227756.4853,1510534.208,1085214.4248,,,45.366
000002,万科A,全国地产,深圳,19910129,000002.SZ,20051212,3.93,4.12,3.92,4.04,3.93,0.11,2.8,632496.56,255813.9175,2.3663,2.7771,1.34,17.1194,11.0141,2.2305,1.9604,1.5419,0.4101,1.8458,372052.7606,267294.1933,227756.4853,1503093.1528,1079868.5409,,,45.366
000002,万科A,全国地产,深圳,19910129,000002.SZ,20051209,3.83,3.94,3.79,3.93,3.81,0.12,3.15,521319.43,203616.8963,1.9504,2.2889,0.9,16.6533,10.7142,2.1698,1.907,1.4999,0.4216,1.8974,372052.7606,267294.1933,227756.4853,1462167.3492,1050466.1797,,,45.366
000002,万科A,全国地产,深圳,19910129,000002.SZ,20051208,3.73,3.85,3.72,3.81,3.74,0.07,1.87,391900.39,149436.7432,1.4662,1.7207,0.6,16.1448,10.3871,2.1035,1.8488,1.4541,0.4348,1.9572,372052.7606,267294.1933,227756.4853,1417521.0179,1018390.8765,,,45.366
000002,万科A,全国地产,深圳,19910129,000002.SZ,20051207,3.65,3.76,3.64,3.74,3.67,0.07,1.91,486172.21,180953.2364,1.8189,2.1346,0.78,15.8481,10.1962,2.0649,1.8148,1.4274,0.443,1.9938,372052.7606,267294.1933,227756.4853,1391477.3246,999680.2829,,,45.366
000002,万科A,全国地产,深圳,19910129,000002.SZ,20051206,3.78,3.79,3.62,3.67,3.78,-0.11,-2.91,516620.65,190945.7066,1.9328,2.2683,0.9,15.5515,10.0054,2.0262,1.7809,1.4007,0.4514,2.0319,372052.7606,267294.1933,227756.4853,1365433.6314,980969.6894,,,45.366
000002,万科A,全国地产,深圳,19910129,000002.SZ,20051205,3.8,3.81,3.75,3.78,3.82,-0.04,-1.05,441856.37,167258.7506,1.6531,1.94,0.84,16.0176,10.3053,2.087,1.8342,1.4426,0.4383,1.9727,372052.7606,267294.1933,227756.4853,1406359.4351,1010372.0507,,,45.366
000002,万科A,全国地产,深圳,19910129,000002.SZ,20051202,3.7,3.89,3.66,3.82,3.95,-0.13,-3.29,1053894.18,402411.0562,3.9428,4.6273,2.97,16.1871,10.4143,2.1091,1.8537,1.4579,0.4337,1.9521,372052.7606,267294.1933,227756.4853,1421241.5455,1021063.8184,,,45.366
000002,万科A,全国地产,深圳,19910129,000002.SZ,20051104,3.88,3.96,3.81,3.95,3.89,0.06,1.54,792660.72,309931.1786,3.1633,3.4803,3.18,15.975,10.2779,2.0814,1.8294,1.4388,0.531,2.3902,355093.3777,250576.3682,227756.4853,1402618.8419,989776.6544,,,45.366
000002,万科A,全国地产,深圳,19910129,000002.SZ,20051103,3.87,3.9,3.86,3.89,3.88,0.01,0.26,293531.7,113939.462,1.1714,1.2888,1.24,15.7324,10.1218,2.0498,1.8016,1.4169,0.5392,2.4271,355093.3777,250576.3682,227756.4853,1381313.2393,974742.0723,,,45.366
000002,万科A,全国地产,深圳,19910129,000002.SZ,20051102,3.86,3.91,3.85,3.88,3.87,0.01,0.26,283427.8,110148.7759,1.1311,1.2444,1.18,15.6919,10.0957,2.0445,1.797,1.4133,0.5406,2.4334,355093.3777,250576.3682,227756.4853,1377762.3055,972236.3086,,,45.366
000002,万科A,全国地产,深圳,19910129,000002.SZ,20051101,3.84,3.88,3.82,3.87,3.84,0.03,0.78,205639.12,79187.1393,0.8207,0.9029,0.8,15.6515,10.0697,2.0393,1.7923,1.4097,0.542,2.4396,355093.3777,250576.3682,227756.4853,1374211.3717,969730.5449,,,45.366
000002,万科A,全国地产,深圳,19910129,000002.SZ,20051031,3.81,3.87,3.78,3.84,3.8,0.04,1.05,197519.9,75581.6534,0.7883,0.8672,0.65,15.5302,9.9917,2.0235,1.7784,1.3987,0.5463,2.4587,355093.3777,250576.3682,227756.4853,1363558.5704,962213.2539,,,45.366
000002,万科A,全国地产,深圳,19910129,000002.SZ,20051028,3.82,3.84,3.77,3.8,3.82,-0.02,-0.52,267039.32,101274.8596,1.1287,1.1287,0.82,14.7629,9.5427,1.9469,1.6906,1.3598,0.5847,2.6315,341102.005,236584.9955,236580.1492,1296187.619,899022.9829,,,45.366
000002,万科A,全国地产,深圳,19910129,000002.SZ,20051027,3.86,3.88,3.8,3.82,3.86,-0.04,-1.04,232123.94,89203.7632,0.9811,0.9812,0.35,14.8406,9.5929,1.9571,1.6995,1.3669,0.5816,2.6177,341102.005,236584.9955,236580.1492,1303009.6591,903754.6828,,,45.366
000002,万科A,全国地产,深圳,19910129,000002.SZ,20051026,3.84,3.89,3.83,3.86,3.85,0.01,0.26,293751.55,113310.0083,1.2416,1.2417,0.47,14.9959,9.6933,1.9776,1.7172,1.3812,0.5756,2.5906,341102.005,236584.9955,236580.1492,1316653.7393,913218.0826,,,45.366
000002,万科A,全国地产,深圳,19910129,000002.SZ,20051025,3.89,3.91,3.83,3.85,3.89,-0.04,-1.03,287754.96,111209.0143,1.2163,1.2163,0.48,14.9571,9.6682,1.9725,1.7128,1.3776,0.5771,2.5973,341102.005,236584.9955,236580.1492,1313242.7193,910852.2327,,,45.366
000002,万科A,全国地产,深圳,19910129,000002.SZ,20051024,3.8,3.93,3.8,3.89,3.8,0.09,2.37,439698.37,169972.9561,1.8585,1.8586,0.83,15.1125,9.7687,1.993,1.7306,1.392,0.5711,2.5706,341102.005,236584.9955,236580.1492,1326886.7995,920315.6325,,,45.366
000002,万科A,全国地产,深圳,19910129,000002.SZ,20051021,3.81,3.88,3.78,3.8,3.85,-0.05,-1.3,378102.82,144914.5255,1.5982,1.5982,0.79,14.7629,9.5427,1.9469,1.6906,1.3598,0.5847,2.6315,341102.005,236584.9955,236580.1492,1296187.619,899022.9829,,,45.366
000002,万科A,全国地产,深圳,19910129,000002.SZ,20051020,3.86,3.9,3.67,3.85,3.59,0.26,7.24,1885512.13,717181.195,7.9697,7.9699,16.39,14.9571,9.6682,1.9725,1.7128,1.3776,0.5771,2.5973,341102.005,236584.9955,236580.1492,1313242.7193,910852.2327,,,45.366
000002,万科A,全国地产,深圳,19910129,000002.SZ,20050930,3.61,3.63,3.58,3.59,3.6,-0.01,-0.28,133254.84,47861.3009,0.5633,0.5633,1.14,13.9468,9.0152,1.8393,1.5971,1.2846,0.6189,2.7855,341097.178,236580.1492,236580.1492,1224538.869,849322.7356,,,45.366
000002,万科A,全国地产,深圳,19910129,000002.SZ,20050929,3.58,3.63,3.58,3.6,3.58,0.02,0.56,140424.79,50545.5235,0.5936,0.5936,1.05,13.9857,9.0403,1.8444,1.6016,1.2882,0.6171,2.7778,341097.178,236580.1492,236580.1492,1227949.8408,851688.5371,,,45.366
000002,万科A,全国地产,深圳,19910129,000002.SZ,20050928,3.55,3.63,3.55,3.58,3.55,0.03,0.85,111450.63,40035.7014,0.4711,0.4711,0.74,13.908,8.9901,1.8342,1.5927,1.281,0.6206,2.7933,341097.178,236580.1492,236580.1492,1221127.8972,846956.9341,,,45.366
000002,万科A,全国地产,深圳,19910129,000002.SZ,20050927,3.61,3.62,3.54,3.55,3.61,-0.06,-1.66,114541.0,40962.4302,0.4842,0.4842,0.66,13.7914,8.9147,1.8188,1.5793,1.2703,0.6258,2.8169,341097.178,236580.1492,236580.1492,1210894.9819,839859.5297,,,45.366
000002,万科A,全国地产,深圳,19910129,000002.SZ,20050926,3.57,3.62,3.56,3.61,3.58,0.03,0.84,75603.6,27237.2753,0.3196,0.3196,0.4,14.0245,9.0654,1.8495,1.606,1.2917,0.6154,2.7701,341097.178,236580.1492,236580.1492,1231360.8126,854054.3386,,,45.366
000002,万科A,全国地产,深圳,19910129,000002.SZ,20050923,3.57,3.64,3.55,3.58,3.58,0.0,0.0,139902.59,50571.3122,0.5914,0.5914,0.71,13.908,8.9901,1.8342,1.5927,1.281,0.6206,2.7933,341097.178,236580.1492,236580.1492,1221127.8972,846956.9341,,,45.366
000002,万科A,全国地产,深圳,19910129,000002.SZ,20050922,3.66,3.66,3.55,3.58,3.66,-0.08,-2.19,224740.05,80663.166,0.95,0.95,1.05,13.908,8.9901,1.8342,1.5927,1.281,0.6206,2.7933,341097.178,236580.1492,236580.1492,1221127.8972,846956.9341,,,45.366
000002,万科A,全国地产,深圳,19910129,000002.SZ,20050921,3.71,3.72,3.65,3.66,3.72,-0.06,-1.61,200513.23,73550.1737,0.8475,0.8475,0.78,14.2188,9.191,1.8751,1.6282,1.3096,0.607,2.7322,341097.178,236580.1492,236580.1492,1248415.6715,865883.3461,,,44.247
000002,万科A,全国地产,深圳,19910129,000002.SZ,20050920,3.79,3.79,3.7,3.72,3.79,-0.07,-1.85,225703.97,84346.5311,0.954,0.954,0.83,14.4519,9.3416,1.9059,1.6549,1.3311,0.5972,2.6882,341097.178,236580.1492,236580.1492,1268881.5022,880078.155,,,44.247
000002,万科A,全国地产,深圳,19910129,000002.SZ,20050919,3.78,3.79,3.76,3.79,3.79,0.0,0.0,160194.59,60424.4204,0.6771,0.6771,0.59,14.7238,9.5174,1.9417,1.6861,1.3562,0.5862,2.6385,341097.178,236580.1492,236580.1492,1292758.3046,896638.7655,,,44.247
000002,万科A,全国地产,深圳,19910129,000002.SZ,20050916,3.79,3.81,3.74,3.79,3.79,0.0,0.0,181002.52,68193.2952,0.7651,0.7651,0.63,14.7238,9.5174,1.9417,1.6861,1.3562,0.5862,2.6385,341097.178,236580.1492,236580.1492,1292758.3046,896638.7655,,,44.247
000002,万科A,全国地产,深圳,19910129,000002.SZ,20050915,3.84,3.85,3.76,3.79,3.84,-0.05,-1.3,298131.99,113027.3879,1.2602,1.2602,0.9,14.7238,9.5174,1.9417,1.6861,1.3562,0.5862,2.6385,341097.178,236580.1492,236580.1492,1292758.3046,896638.7655,,,44.247
000002,万科A,全国地产,深圳,19910129,000002.SZ,20050914,3.81,3.89,3.8,3.84,3.81,0.03,0.79,414605.4,158925.7867,1.7525,1.7525,1.01,14.918,9.643,1.9674,1.7083,1.374,0.5786,2.6042,341097.178,236580.1492,236580.1492,1309813.1635,908467.7729,,,44.247
000002,万科A,全国地产,深圳,19910129,000002.SZ,20050913,3.81,3.81,3.76,3.81,3.81,0.0,0.0,304542.04,115411.781,1.2873,1.2873,0.66,14.8015,9.5676,1.952,1.695,1.3633,0.5831,2.6247,341097.178,236580.1492,236580.1492,1299580.2482,901370.3685,,,44.247
000002,万科A,全国地产,深圳,19910129,000002.SZ,20050912,3.76,3.83,3.75,3.81,3.76,0.05,1.33,149611.43,56841.4914,0.6324,0.6324,0.32,14.8015,9.5676,1.952,1.695,1.3633,0.5831,2.6247,341097.178,236580.1492,236580.1492,1299580.2482,901370.3685,,,44.247
000002,万科A,全国地产,深圳,19910129,000002.SZ,20050909,3.83,3.84,3.75,3.76,3.83,-0.07,-1.83,277628.14,105153.5132,1.1735,1.1735,0.6,14.6072,9.4421,1.9264,1.6727,1.3454,0.5909,2.6596,341097.178,236580.1492,236580.1492,1282525.3893,889541.361,,,44.247
000002,万科A,全国地产,深圳,19910129,000002.SZ,20050908,3.89,3.93,3.79,3.83,3.89,-0.06,-1.54,512606.67,197121.6423,2.1667,2.1667,1.19,14.8792,9.6179,1.9622,1.7039,1.3705,0.5801,2.611,341097.178,236580.1492,236580.1492,1306402.1917,906101.9714,,,44.247
000002,万科A,全国地产,深圳,19910129,000002.SZ,20050907,3.73,3.9,3.7,3.89,3.74,0.15,4.01,806291.27,308045.6866,3.4081,3.4081,2.46,15.1123,9.7685,1.993,1.7306,1.3919,0.5711,2.5707,341097.178,236580.1492,236580.1492,1326868.0224,920296.7804,,,44.247
000002,万科A,全国地产,深圳,19910129,000002.SZ,20050906,3.72,3.83,3.68,3.74,3.71,0.03,0.81,574442.82,215756.313,2.4281,2.4281,2.37,14.5295,9.3918,1.9161,1.6638,1.3383,0.594,2.6738,341097.178,236580.1492,236580.1492,1275703.4457,884809.758,,,44.247
000002,万科A,全国地产,深圳,19910129,000002.SZ,20050905,3.68,3.72,3.67,3.71,3.69,0.02,0.54,191421.2,70741.8492,0.8091,0.8091,0.72,14.413,9.3165,1.9008,1.6505,1.3275,0.5988,2.6954,341097.178,236580.1492,236580.1492,1265470.5304,877712.3535,,,44.247
000002,万科A,全国地产,深圳,19910129,000002.SZ,20050902,3.71,3.74,3.67,3.69,3.71,-0.02,-0.54,238520.07,88206.9522,1.0082,1.0082,0.87,14.3353,9.2663,1.8905,1.6416,1.3204,0.6021,2.71,341097.178,236580.1492,236580.1492,1258648.5868,872980.7505,,,44.247
000002,万科A,全国地产,深圳,19910129,000002.SZ,20050901,3.65,3.72,3.61,3.71,3.66,0.05,1.37,345747.36,127382.5633,1.4614,1.4614,1.43,14.413,9.3165,1.9008,1.6505,1.3275,0.5988,2.6954,341097.178,236580.1492,236580.1492,1265470.5304,877712.3535,,,44.247
000002,万科A,全国地产,深圳,19910129,000002.SZ,20050831,3.59,3.67,3.52,3.66,3.58,0.08,2.23,287973.01,103954.3922,1.2172,1.2172,1.25,14.2188,9.191,1.8751,1.6282,1.3096,0.607,2.7322,341097.178,236580.1492,236580.1492,1248415.6715,865883.3461,,,44.247
000002,万科A,全国地产,深圳,19910129,000002.SZ,20050830,3.56,3.61,3.56,3.58,3.57,0.01,0.28,147367.48,52909.1897,0.6229,0.6229,0.62,13.908,8.9901,1.8342,1.5927,1.281,0.6206,2.7933,341097.178,236580.1492,236580.1492,1221127.8972,846956.9341,,,44.247
000002,万科A,全国地产,深圳,19910129,000002.SZ,20050829,3.66,3.66,3.55,3.57,3.67,-0.1,-2.72,312859.52,112158.7865,1.3224,1.3224,1.29,13.8691,8.9649,1.829,1.5882,1.2774,0.6223,2.8011,341097.178,236580.1492,236580.1492,1217716.9255,844591.1326,,,44.247
000002,万科A,全国地产,深圳,19910129,000002.SZ,20050826,3.72,3.73,3.62,3.67,3.72,-0.05,-1.34,270336.43,98627.2839,1.1427,1.1427,1.05,14.2576,9.2161,1.8803,1.6327,1.3132,0.6054,2.7248,341097.178,236580.1492,236580.1492,1251826.6433,868249.1476,,,44.247
000002,万科A,全国地产,深圳,19910129,000002.SZ,20050825,3.71,3.75,3.67,3.72,3.71,0.01,0.27,189764.8,70514.8429,0.8021,0.8021,0.54,14.4519,9.3416,1.9059,1.6549,1.3311,0.5972,2.6882,341097.178,236580.1492,236580.1492,1268881.5022,880078.155,,,44.247
000002,万科A,全国地产,深圳,19910129,000002.SZ,20050824,3.7,3.76,3.68,3.71,3.69,0.02,0.54,233087.96,86700.5477,0.9852,0.9852,0.57,14.413,9.3165,1.9008,1.6505,1.3275,0.5988,2.6954,341097.178,236580.1492,236580.1492,1265470.5304,877712.3535,,,44.247
000002,万科A,全国地产,深圳,19910129,000002.SZ,20050823,3.75,3.75,3.67,3.69,3.74,-0.05,-1.34,177635.46,65799.0107,0.7508,0.7508,0.34,14.3353,9.2663,1.8905,1.6416,1.3204,0.6021,2.71,341097.178,236580.1492,236580.1492,1258648.5868,872980.7505,,,44.247
000002,万科A,全国地产,深圳,19910129,000002.SZ,20050822,3.64,3.75,3.61,3.74,3.64,0.1,2.75,346040.45,128136.018,1.4627,1.4627,0.58,14.5295,9.3918,1.9161,1.6638,1.3383,0.594,2.6738,341097.178,236580.1492,236580.1492,1275703.4457,884809.758,,,44.247
000002,万科A,全国地产,深圳,19910129,000002.SZ,20050819,3.63,3.69,3.58,3.64,3.63,0.01,0.28,338701.01,122976.6724,1.4317,1.4317,0.38,14.1411,9.1407,1.8649,1.6194,1.3025,0.6104,2.7473,341097.178,236580.1492,236580.1492,1241593.7279,861151.7431,,,44.247
000002,万科A,全国地产,深圳,19910129,000002.SZ,20050818,3.73,3.81,3.6,3.63,3.72,-0.09,-2.42,677714.14,252623.1847,2.8646,2.8646,0.78,14.1022,9.1156,1.8598,1.6149,1.2989,0.612,2.7548,341097.178,236580.1492,236580.1492,1238182.7561,858785.9416,,,44.247
000002,万科A,全国地产,深圳,19910129,000002.SZ,20050817,3.7,3.76,3.63,3.72,3.73,-0.01,-0.27,511990.75,189035.6271,2.1641,2.1641,0.59,14.4519,9.3416,1.9059,1.6549,1.3311,0.5972,2.6882,341097.178,236580.1492,236580.1492,1268881.5022,880078.155,,,44.247
000002,万科A,全国地产,深圳,19910129,000002.SZ,20050816,3.82,3.82,3.68,3.73,3.83,-0.1,-2.61,751920.35,279815.4485,3.1783,3.1783,0.9,14.4907,9.3667,1.911,1.6594,1.3347,0.5956,2.681,341097.178,236580.1492,236580.1492,1272292.4739,882443.9565,,,44.247
000002,万科A,全国地产,深圳,19910129,000002.SZ,20050815,3.75,3.86,3.66,3.83,3.77,0.06,1.59,726936.9,272781.7613,3.0727,3.0727,0.89,14.8792,9.6179,1.9622,1.7039,1.3705,0.5801,2.611,341097.178,236580.1492,236580.1492,1306402.1917,906101.9714,,,44.247
000002,万科A,全国地产,深圳,19910129,000002.SZ,20050812,4.0,4.02,3.71,3.77,4.01,-0.24,-5.99,1732269.62,664265.519,7.3221,7.3221,2.91,14.6461,9.4672,1.9315,1.6772,1.349,0.5893,2.6525,341097.178,236580.1492,236580.1492,1285936.3611,891907.1625,,,44.247
000002,万科A,全国地产,深圳,19910129,000002.SZ,20050811,3.98,4.02,3.93,4.01,3.98,0.03,0.75,620909.68,247008.2763,2.6245,2.6245,1.11,15.5785,10.0699,2.0545,1.784,1.4349,0.554,2.4938,341097.178,236580.1492,236580.1492,1367799.6838,948686.3983,,,44.247
000002,万科A,全国地产,深圳,19910129,000002.SZ,20050810,3.98,4.02,3.91,3.98,3.99,-0.01,-0.25,524364.84,207423.2094,2.2164,2.2164,0.79,15.4619,9.9945,2.0391,1.7706,1.4241,0.5582,2.5126,341097.178,236580.1492,236580.1492,1357566.7684,941588.9938,,,44.247
000002,万科A,全国地产,深圳,19910129,000002.SZ,20050809,4.02,4.03,3.88,3.99,4.02,-0.03,-0.75,566763.57,223392.6629,2.3957,2.3957,0.89,15.5008,10.0196,2.0442,1.7751,1.4277,0.5568,2.5063,341097.178,236580.1492,236580.1492,1360977.7402,943954.7953,,,44.247
000002,万科A,全国地产,深圳,19910129,000002.SZ,20050808,4.06,4.09,3.98,4.02,4.05,-0.03,-0.74,625877.78,252008.2079,2.6455,2.6455,0.94,15.6173,10.095,2.0596,1.7884,1.4385,0.5527,2.4876,341097.178,236580.1492,236580.1492,1371210.6556,951052.1998,,,44.247
000002,万科A,全国地产,深圳,19910129,000002.SZ,20050805,3.96,4.05,3.94,4.05,3.96,0.09,2.27,640088.36,255776.0241,2.7056,2.7056,1.01,15.7339,10.1703,2.075,1.8018,1.4492,0.5486,2.4691,341097.178,236580.1492,236580.1492,1381443.5709,958149.6043,,,44.247
000002,万科A,全国地产,深圳,19910129,000002.SZ,20050804,3.94,4.02,3.88,3.96,3.94,0.02,0.51,447430.7,177354.6468,1.8912,1.8912,0.69,15.3842,9.9443,2.0288,1.7617,1.417,0.561,2.5253,341097.178,236580.1492,236580.1492,1350744.8249,936857.3908,,,44.247
000002,万科A,全国地产,深圳,19910129,000002.SZ,20050803,3.81,4.06,3.79,3.94,3.81,0.13,3.41,1035862.07,411886.5428,4.3785,4.3785,1.94,15.3065,9.8941,2.0186,1.7528,1.4098,0.5639,2.5381,341097.178,236580.1492,236580.1492,1343922.8813,932125.7878,,,44.247
000002,万科A,全国地产,深圳,19910129,000002.SZ,20050802,3.7,3.83,3.65,3.81,3.72,0.09,2.42,441166.59,165469.177,1.8648,1.8648,0.74,14.8015,9.5676,1.952,1.695,1.3633,0.5831,2.6247,341097.178,236580.1492,236580.1492,1299580.2482,901370.3685,,,44.247
000002,万科A,全国地产,深圳,19910129,000002.SZ,20050801,3.88,3.89,3.63,3.72,3.84,-0.12,-3.13,766086.63,287049.5678,3.2382,3.2382,1.3,14.4519,9.3416,1.9059,1.6549,1.3311,0.5972,2.6882,341097.178,236580.1492,236580.1492,1268881.5022,880078.155,,,44.247
000002,万科A,全国地产,深圳,19910129,000002.SZ,20050729,3.72,3.85,3.7,3.84,3.73,0.11,2.95,464939.32,176119.9239,1.9653,3.0626,0.66,14.918,12.7788,2.1423,1.7083,1.5369,0.5786,2.6042,341097.178,236580.1492,151811.2339,1309813.1635,908467.7729,,,44.247
000002,万科A,全国地产,深圳,19910129,000002.SZ,20050728,3.71,3.8,3.68,3.73,3.71,0.02,0.54,517711.45,193780.6598,2.1883,3.4102,0.83,14.4907,12.4128,2.0809,1.6594,1.4929,0.5956,2.681,341097.178,236580.1492,151811.2339,1272292.4739,882443.9565,,,44.247
000002,万科A,全国地产,深圳,19910129,000002.SZ,20050727,3.7,3.72,3.63,3.71,3.69,0.02,0.54,475641.98,175000.9099,2.0105,3.1331,0.85,14.413,12.3462,2.0697,1.6505,1.4849,0.5988,2.6954,341097.178,236580.1492,151811.2339,1265470.5304,877712.3535,,,44.247
000002,万科A,全国地产,深圳,19910129,000002.SZ,20050726,3.6,3.75,3.55,3.69,3.6,0.09,2.5,745002.7,273502.4254,3.149,4.9074,1.72,14.3353,12.2797,2.0586,1.6416,1.4769,0.6021,2.71,341097.178,236580.1492,151811.2339,1258648.5868,872980.7505,,,44.247
000002,万科A,全国地产,深圳,19910129,000002.SZ,20050725,3.47,3.67,3.44,3.6,3.47,0.13,3.75,747778.5,267475.0384,3.1608,4.9257,2.34,13.9857,11.9802,2.0084,1.6016,1.4409,0.6171,2.7778,341097.178,236580.1492,151811.2339,1227949.8408,851688.5371,,,44.247
000002,万科A,全国地产,深圳,19910129,000002.SZ,20050722,3.36,3.59,3.31,3.47,3.27,0.2,6.12,1011693.63,349227.0027,4.2763,6.6642,7.77,13.4806,11.5475,1.9359,1.5437,1.3888,0.6403,2.8818,341097.178,236580.1492,151811.2339,1183607.2077,820933.1177,,,44.247
000002,万科A,全国地产,深圳,19910129,000002.SZ,20050721,3.27,3.28,3.23,3.27,3.27,0.0,0.0,139411.23,45416.7762,0.5893,0.9183,1.06,12.7036,10.882,1.8243,1.4547,1.3088,0.6794,3.0581,341097.178,236580.1492,151811.2339,1115387.7721,773617.0879,,,44.247
000002,万科A,全国地产,深圳,19910129,000002.SZ,20050720,3.22,3.29,3.21,3.27,3.22,0.05,1.55,153119.12,49908.0946,0.6472,1.0086,1.23,12.7036,10.882,1.8243,1.4547,1.3088,0.6794,3.0581,341097.178,236580.1492,151811.2339,1115387.7721,773617.0879,,,44.247
000002,万科A,全国地产,深圳,19910129,000002.SZ,20050719,3.16,3.25,3.15,3.22,3.16,0.06,1.9,109582.37,35102.7186,0.4632,0.7218,0.68,12.5094,10.7156,1.7964,1.4325,1.2888,0.69,3.1056,341097.178,236580.1492,151811.2339,1098332.9132,761788.0804,,,44.247
000002,万科A,全国地产,深圳,19910129,000002.SZ,20050718,3.26,3.26,3.16,3.16,3.26,-0.1,-3.07,181129.75,57925.796,0.7656,1.1931,1.24,12.2763,10.5159,1.7629,1.4058,1.2648,0.7031,3.1646,341097.178,236580.1492,151811.2339,1077867.0825,747593.2715,,,44.247
000002,万科A,全国地产,深圳,19910129,000002.SZ,20050715,3.25,3.29,3.23,3.26,3.25,0.01,0.31,67644.98,22028.2121,0.2859,0.4456,0.44,12.6648,10.8487,1.8187,1.4503,1.3048,0.6815,3.0675,341097.178,236580.1492,151811.2339,1111976.8003,771251.2864,,,44.247
000002,万科A,全国地产,深圳,19910129,000002.SZ,20050714,3.25,3.32,3.23,3.25,3.25,0.0,0.0,146083.83,47840.5174,0.6175,0.9623,1.04,12.6259,10.8154,1.8131,1.4458,1.3008,0.6836,3.0769,341097.178,236580.1492,151811.2339,1108565.8285,768885.4849,,,44.247
000002,万科A,全国地产,深圳,19910129,000002.SZ,20050713,3.3,3.3,3.23,3.25,3.3,-0.05,-1.52,115928.67,37687.674,0.49,0.7636,0.74,12.6259,10.8154,1.8131,1.4458,1.3008,0.6836,3.0769,341097.178,236580.1492,151811.2339,1108565.8285,768885.4849,,,44.247
000002,万科A,全国地产,深圳,19910129,000002.SZ,20050712,3.18,3.33,3.15,3.3,3.2,0.1,3.13,294449.08,96485.0187,1.2446,1.9396,2.15,12.8202,10.9818,1.841,1.4681,1.3208,0.6733,3.0303,341097.178,236580.1492,151811.2339,1125620.6874,780714.4924,,,44.247
000002,万科A,全国地产,深圳,19910129,000002.SZ,20050711,3.23,3.31,3.15,3.2,3.2,0.0,0.0,108763.68,35018.2914,0.4597,0.7164,0.7,12.4317,10.649,1.7852,1.4236,1.2808,0.6943,3.125,341097.178,236580.1492,151811.2339,1091510.9696,757056.4774,,,44.247
000002,万科A,全国地产,深圳,19910129,000002.SZ,20050708,3.23,3.25,3.19,3.2,3.27,-0.07,-2.14,98092.46,31528.7726,0.4146,0.6461,0.6,12.4317,10.649,1.7852,1.4236,1.2808,0.6943,3.125,341097.178,236580.1492,151811.2339,1091510.9696,757056.4774,,,44.247
000002,万科A,全国地产,深圳,19910129,000002.SZ,20050707,3.26,3.28,3.24,3.27,3.26,0.01,0.31,86308.69,28113.793,0.3648,0.5685,0.48,12.7036,10.882,1.8243,1.4547,1.3088,0.6794,3.0581,341097.178,236580.1492,151811.2339,1115387.7721,773617.0879,,,44.247
000002,万科A,全国地产,深圳,19910129,000002.SZ,20050706,3.26,3.32,3.22,3.26,3.27,-0.01,-0.31,194816.94,63472.2385,0.8235,1.2833,1.08,12.6648,10.8487,1.8187,1.4503,1.3048,0.6815,3.0675,341097.178,236580.1492,151811.2339,1111976.8003,771251.2864,,,44.247
000002,万科A,全国地产,深圳,19910129,000002.SZ,20050705,3.23,3.3,3.21,3.27,3.24,0.03,0.93,197753.56,64586.9023,0.8359,1.3026,1.08,12.7036,10.882,1.8243,1.4547,1.3088,0.6794,3.0581,341097.178,236580.1492,151811.2339,1115387.7721,773617.0879,,,44.247
000002,万科A,全国地产,深圳,19910129,000002.SZ,20050704,3.17,3.25,3.12,3.24,3.17,0.07,2.21,202369.11,64179.3587,1.2831,1.333,0.99,12.5871,10.7821,1.8075,1.4414,1.2968,0.6857,3.0864,341097.178,157718.3899,151811.2339,1105154.8567,511007.5833,,,44.247
000002,万科A,全国地产,深圳,19910129,000002.SZ,20050701,3.14,3.2,3.14,3.17,3.14,0.03,0.96,142970.69,45364.7575,0.9065,0.9418,0.72,12.3152,10.5492,1.7685,1.4103,1.2688,0.7009,3.1546,341097.178,157718.3899,151811.2339,1081278.0543,499967.296,,,44.247
000002,万科A,全国地产,深圳,19910129,000002.SZ,20050630,3.22,3.22,3.13,3.14,3.24,-0.1,-3.09,168266.36,53258.6556,1.0669,1.1084,0.89,12.1986,10.4494,1.7518,1.3969,1.2568,0.7076,3.1847,341097.178,157718.3899,151811.2339,1071045.1389,495235.7443,,,44.247
000002,万科A,全国地产,深圳,19910129,000002.SZ,20050629,3.3,3.31,3.23,3.24,3.28,-0.04,-1.22,192185.95,62864.2321,1.2185,1.266,1.1,12.5871,10.7821,1.8075,1.4414,1.2968,0.6857,3.0864,341097.178,157718.3899,151811.2339,1105154.8567,511007.5833,,,44.247
000002,万科A,全国地产,深圳,19910129,000002.SZ,20050628,5.05,5.08,4.94,5.07,5.06,0.01,0.2,211515.93,106065.0059,1.3411,1.3933,1.31,13.1309,11.248,1.786,1.5037,1.3528,0.6573,,227396.4091,157718.3899,151811.2339,1152899.7941,799632.2368,,,44.247
000002,万科A,全国地产,深圳,19910129,000002.SZ,20050627,4.95,5.09,4.88,5.06,4.84,0.22,4.55,310124.92,155371.955,1.9663,2.0428,2.36,13.105,11.2258,1.7825,1.5007,1.3501,0.6586,,227396.4091,157718.3899,151811.2339,1150625.83,798055.0529,,,44.247
000002,万科A,全国地产,深圳,19910129,000002.SZ,20050624,4.78,4.86,4.78,4.84,4.78,0.06,1.26,114618.65,55246.9326,0.7267,0.755,0.86,12.5352,10.7377,1.705,1.4355,1.2914,0.6886,,227396.4091,157718.3899,151811.2339,1100598.62,763357.0071,,,44.247
000002,万科A,全国地产,深圳,19910129,000002.SZ,20050623,4.83,4.84,4.76,4.78,4.82,-0.04,-0.83,115485.92,55170.2092,0.7322,0.7607,0.86,12.3798,10.6046,1.6838,1.4177,1.2754,0.6972,,227396.4091,157718.3899,151811.2339,1086954.8355,753893.9037,,,44.247
000002,万科A,全国地产,深圳,19910129,000002.SZ,20050622,4.76,4.84,4.76,4.82,4.77,0.05,1.05,119305.38,57407.4451,0.7564,0.7859,0.9,12.4834,10.6933,1.6979,1.4295,1.2861,0.6914,,227396.4091,157718.3899,151811.2339,1096050.6919,760202.6393,,,44.247
000002,万科A,全国地产,深圳,19910129,000002.SZ,20050621,4.86,4.89,4.74,4.77,4.85,-0.08,-1.65,145506.58,69815.4322,0.9226,0.9585,1.09,12.3539,10.5824,1.6803,1.4147,1.2728,0.6987,,227396.4091,157718.3899,151811.2339,1084680.8714,752316.7198,,,44.247
000002,万科A,全国地产,深圳,19910129,000002.SZ,20050620,4.72,4.86,4.67,4.85,4.72,0.13,2.75,162496.59,77660.8522,1.0303,1.0704,1.31,12.5609,10.7597,1.7085,1.4384,1.2941,0.6872,,227392.6519,157714.6327,151811.2339,1102854.3617,764915.9686,,,44.247
000002,万科A,全国地产,深圳,19910129,000002.SZ,20050617,4.74,4.77,4.67,4.72,4.74,-0.02,-0.42,125308.05,58790.3873,0.7945,0.8254,0.88,12.2242,10.4713,1.6627,1.3998,1.2594,0.7061,,227392.6519,157714.6327,151811.2339,1073293.317,744413.0663,,,44.247
000002,万科A,全国地产,深圳,19910129,000002.SZ,20050616,4.69,4.75,4.67,4.74,4.68,0.06,1.28,115028.11,54064.7358,0.7293,0.7577,0.64,12.276,10.5157,1.6697,1.4058,1.2647,0.7031,,227392.6519,157714.6327,151811.2339,1077841.17,747567.359,,,44.247
000002,万科A,全国地产,深圳,19910129,000002.SZ,20050615,4.75,4.77,4.67,4.68,4.77,-0.09,-1.89,113053.64,53093.0371,0.7168,0.7447,0.5,12.1206,10.3826,1.6486,1.388,1.2487,0.7121,,227392.6519,157714.6327,151811.2339,1064197.6109,738104.481,,,44.247
000002,万科A,全国地产,深圳,19910129,000002.SZ,20050614,4.75,4.85,4.74,4.77,4.73,0.04,0.85,152973.73,73283.1201,0.9699,1.0077,0.68,12.3537,10.5822,1.6803,1.4147,1.2727,0.6987,,227392.6519,157714.6327,151811.2339,1084662.9496,752298.798,,,44.247
000002,万科A,全国地产,深圳,19910129,000002.SZ,20050613,4.68,4.74,4.65,4.73,4.68,0.05,1.07,111968.78,52679.3525,0.7099,0.7376,0.48,12.2501,10.4935,1.6662,1.4028,1.2621,0.7046,,227392.6519,157714.6327,151811.2339,1075567.2435,745990.2127,,,44.247
000002,万科A,全国地产,深圳,19910129,000002.SZ,20050610,4.87,4.88,4.6,4.68,4.88,-0.2,-4.1,218474.76,103799.642,1.3853,1.4391,1.03,12.1206,10.3826,1.6486,1.388,1.2487,0.7121,,227392.6519,157714.6327,151811.2339,1064197.6109,738104.481,,,44.247
000002,万科A,全国地产,深圳,19910129,000002.SZ,20050609,4.97,4.97,4.81,4.88,4.97,-0.09,-1.81,296576.46,144788.3454,1.8805,1.9536,1.64,12.6386,10.8263,1.719,1.4473,1.3021,0.6829,,227392.6519,157714.6327,151811.2339,1109676.1413,769647.4076,,,44.247
000002,万科A,全国地产,深圳,19910129,000002.SZ,20050608,5.0,5.0,4.6,4.97,4.6,0.37,8.04,347881.79,169808.3443,2.2058,2.2915,2.78,12.8717,11.0259,1.7507,1.474,1.3261,0.6706,,227392.6519,157714.6327,151811.2339,1130141.4799,783841.7245,,,44.247
000002,万科A,全国地产,深圳,19910129,000002.SZ,20050607,4.6,4.75,4.54,4.6,4.6,0.0,0.0,153093.5,70887.3149,0.9707,1.0084,1.42,11.9134,10.2051,1.6204,1.3643,1.2274,0.7245,,227392.6519,157714.6327,151811.2339,1046006.1987,725487.3104,,,44.247
000002,万科A,全国地产,深圳,19910129,000002.SZ,20050606,4.44,4.62,4.39,4.6,4.44,0.16,3.6,144914.77,65226.7076,0.9188,0.9546,1.49,11.9134,10.2051,1.6204,1.3643,1.2274,0.7245,,227392.6519,157714.6327,151811.2339,1046006.1987,725487.3104,,,44.247
000002,万科A,全国地产,深圳,19910129,000002.SZ,20050603,4.28,4.44,4.22,4.44,4.3,0.14,3.26,120580.68,52482.373,0.7645,0.7943,1.14,11.499,9.8501,1.564,1.3168,1.1847,0.7506,,227392.6519,157714.6327,151811.2339,1009623.3744,700252.9692,,,44.247
000002,万科A,全国地产,深圳,19910129,000002.SZ,20050602,4.58,4.58,4.26,4.3,4.58,-0.28,-6.11,138778.47,60801.2906,0.8799,0.9142,1.5,11.1365,9.5395,1.5147,1.2753,1.1473,0.775,,227392.6519,157714.6327,151811.2339,977788.4032,678172.9206,,,44.247
000002,万科A,全国地产,深圳,19910129,000002.SZ,20050601,4.65,4.7,4.56,4.58,4.65,-0.07,-1.51,68625.24,31684.3359,0.4351,0.452,0.76,11.8616,10.1607,1.6134,1.3583,1.222,0.7277,,227392.6519,157714.6327,151811.2339,1041458.3457,722333.0178,,,44.247
000002,万科A,全国地产,深圳,19910129,000002.SZ,20050531,4.67,4.72,4.61,4.65,4.67,-0.02,-0.43,66500.98,31002.1187,0.4217,0.4381,0.73,12.0429,10.316,1.638,1.3791,1.2407,0.7167,,227392.6519,157714.6327,151811.2339,1057375.8313,733373.0421,,,44.247
000002,万科A,全国地产,深圳,19910129,000002.SZ,20050530,4.7,4.7,4.53,4.67,4.7,-0.03,-0.64,92691.58,42710.7692,0.5877,0.6106,1.05,12.0947,10.3604,1.6451,1.385,1.2461,0.7136,,227392.6519,157714.6327,151811.2339,1061923.6844,736527.3347,,,44.247
000002,万科A,全国地产,深圳,19910129,000002.SZ,20050527,4.91,4.94,4.63,4.7,4.91,-0.21,-4.28,163502.93,77955.9425,1.0367,1.077,2.26,12.1724,10.4269,1.6556,1.3939,1.2541,0.7091,,227392.6519,157714.6327,151811.2339,1068745.4639,741258.7737,,,44.247
000002,万科A,全国地产,深圳,19910129,000002.SZ,20050526,4.95,4.96,4.88,4.91,4.93,-0.02,-0.41,71746.5,35179.4155,0.4549,0.4726,0.95,12.7163,10.8928,1.7296,1.4562,1.3101,0.6788,,227392.6519,157714.6327,151811.2339,1116497.9208,774378.8466,,,44.247
000002,万科A,全国地产,深圳,19910129,000002.SZ,20050525,4.93,4.99,4.89,4.93,4.94,-0.01,-0.2,58511.9,28838.5391,0.371,0.3854,0.78,12.7681,10.9372,1.7366,1.4621,1.3154,0.676,0.676,227392.6519,157714.6327,151811.2339,1121045.7739,777533.1392,,,44.247
000002,万科A,全国地产,深圳,19910129,000002.SZ,20050524,4.9,5.0,4.84,4.94,4.9,0.04,0.82,69801.58,34226.9247,0.4426,0.4598,0.87,12.794,10.9594,1.7402,1.4651,1.3181,0.6746,0.6746,227392.6519,157714.6327,151811.2339,1123319.7004,779110.2855,,,44.247
000002,万科A,全国地产,深圳,19910129,000002.SZ,20050523,5.02,5.02,4.89,4.9,5.04,-0.14,-2.78,79633.35,39156.9306,0.5049,0.5246,0.78,12.6904,10.8706,1.7261,1.4532,1.3074,0.6801,0.6801,227392.6519,157714.6327,151811.2339,1114223.9943,772801.7002,,,44.247
000002,万科A,全国地产,深圳,19910129,000002.SZ,20050520,5.02,5.12,5.0,5.04,5.01,0.03,0.6,82501.99,41790.793,0.5231,0.5435,0.5,13.053,11.1812,1.7754,1.4948,1.3448,0.6613,0.6613,227392.6519,157714.6327,151811.2339,1146058.9656,794881.7488,,,44.247
000002,万科A,全国地产,深圳,19910129,000002.SZ,20050519,4.98,5.08,4.91,5.01,4.97,0.04,0.8,86893.16,43362.9399,0.551,0.5724,0.49,12.9753,11.1147,1.7648,1.4859,1.3368,0.6652,0.6652,227392.6519,157714.6327,151811.2339,1139237.186,790150.3098,,,44.247
000002,万科A,全国地产,深圳,19910129,000002.SZ,20050518,5.02,5.05,4.9,4.97,5.02,-0.05,-1.0,57946.94,28887.0382,0.3674,0.3817,0.31,12.8717,11.0259,1.7507,1.474,1.3261,0.6706,0.6706,227392.6519,157714.6327,151811.2339,1130141.4799,783841.7245,,,44.247
000002,万科A,全国地产,深圳,19910129,000002.SZ,20050517,4.9,5.06,4.86,5.02,4.9,0.12,2.45,91916.37,45745.6042,0.5828,0.6055,0.51,13.0012,11.1368,1.7683,1.4888,1.3394,0.6639,0.6639,227392.6519,157714.6327,151811.2339,1141511.1125,791727.4562,,,44.247
000002,万科A,全国地产,深圳,19910129,000002.SZ,20050516,4.9,4.92,4.8,4.9,5.0,-0.1,-2.0,188469.93,91526.1139,1.195,1.2415,1.17,12.6904,10.8706,1.7261,1.4532,1.3074,0.6801,0.6801,227392.6519,157714.6327,151811.2339,1114223.9943,772801.7002,,,44.247
000002,万科A,全国地产,深圳,19910129,000002.SZ,20050513,5.3,5.3,4.79,5.0,5.32,-0.32,-6.02,396529.96,199728.6454,2.5142,2.612,3.28,12.9494,11.0925,1.7613,1.4829,1.3341,0.6665,0.6665,227392.6519,157714.6327,151811.2339,1136963.2595,788573.1635,,,44.247
000002,万科A,全国地产,深圳,19910129,000002.SZ,20050512,5.45,5.45,5.21,5.32,5.46,-0.14,-2.56,151770.34,80599.5624,0.9623,0.9997,1.29,13.7781,11.8024,1.874,1.5778,1.4195,0.6264,0.6264,227392.6519,157714.6327,151811.2339,1209728.9081,839041.846,,,44.247
000002,万科A,全国地产,深圳,19910129,000002.SZ,20050511,5.75,5.75,5.43,5.46,5.75,-0.29,-5.04,101248.4,56664.0788,0.642,0.6669,0.86,14.1407,12.113,1.9233,1.6193,1.4568,0.6104,0.6104,227392.6519,157714.6327,151811.2339,1241563.8794,861121.8945,,,44.247
000002,万科A,全国地产,深圳,19910129,000002.SZ,20050510,5.7,5.76,5.6,5.75,5.71,0.04,0.7,68828.1,39119.9683,0.4364,0.4534,0.51,14.8918,12.7563,2.0255,1.7053,1.5342,0.5796,0.5796,227392.6519,157714.6327,151811.2339,1307507.7484,906859.138,,,44.247
000002,万科A,全国地产,深圳,19910129,000002.SZ,20050509,5.9,5.91,5.7,5.71,5.9,-0.19,-3.22,87713.67,50452.611,0.5562,0.5778,0.6,14.7882,12.6676,2.0114,1.6935,1.5235,0.5837,0.5837,227392.6519,157714.6327,151811.2339,1298412.0423,900550.5527,,,44.247
000002,万科A,全国地产,深圳,19910129,000002.SZ,20050428,5.82,5.92,5.79,5.9,5.85,0.05,0.85,195388.67,114593.0798,1.2389,1.2871,1.56,15.2803,13.0891,2.0783,1.7498,1.5742,0.5649,0.5649,227392.6519,157714.6327,151811.2339,1341616.6462,930516.3329,,,44.247
000002,万科A,全国地产,深圳,19910129,000002.SZ,20050427,5.75,5.9,5.72,5.85,5.75,0.1,1.74,133652.43,77701.7713,0.8474,0.8804,1.07,15.1508,12.9782,2.0607,1.735,1.5609,0.5697,0.5697,227392.6519,157714.6327,151811.2339,1330247.0136,922630.6013,,,44.247
000002,万科A,全国地产,深圳,19910129,000002.SZ,20050426,5.75,5.81,5.63,5.75,5.74,0.01,0.17,100285.25,57474.1316,0.6359,0.6606,0.85,14.8918,12.7563,2.0255,1.7053,1.5342,0.5796,0.5796,227392.6519,157714.6327,151811.2339,1307507.7484,906859.138,,,44.247
000002,万科A,全国地产,深圳,19910129,000002.SZ,20050425,5.56,5.76,5.55,5.74,5.5,0.24,4.36,161787.23,92118.9814,1.0258,1.0657,1.62,14.8659,12.7342,2.022,1.7024,1.5316,0.5806,0.5806,227392.6519,157714.6327,151811.2339,1305233.8219,905281.9917,,,44.247
000002,万科A,全国地产,深圳,19910129,000002.SZ,20050422,5.58,5.61,5.49,5.5,5.6,-0.1,-1.79,142354.16,78669.8123,0.9028,0.9028,1.68,14.2424,14.2424,2.0162,1.631,1.631,0.6061,0.6061,227362.7871,157684.7679,157684.7679,1250495.3291,867266.2235,,,44.247
000002,万科A,全国地产,深圳,19910129,000002.SZ,20050421,5.65,5.76,5.54,5.6,5.69,-0.09,-1.58,88326.08,49663.2266,0.5601,0.5601,1.07,14.5014,14.5014,2.0529,1.6606,1.6606,0.5952,0.5952,227362.7871,157684.7679,157684.7679,1273231.6078,883034.7002,,,44.247
000002,万科A,全国地产,深圳,19910129,000002.SZ,20050420,5.84,5.86,5.59,5.69,5.84,-0.15,-2.57,129060.66,73462.7324,0.8185,0.8185,1.16,14.7345,14.7345,2.0859,1.6873,1.6873,0.5858,0.5858,227362.7871,157684.7679,157684.7679,1293694.2586,897226.3294,,,44.247
000002,万科A,全国地产,深圳,19910129,000002.SZ,20050419,5.84,5.91,5.79,5.84,5.84,0.0,0.0,65206.11,38141.7996,0.4135,0.4135,0.58,15.1229,15.1229,2.1409,1.7318,1.7318,0.5708,0.5708,227362.7871,157684.7679,157684.7679,1327798.6767,920879.0445,,,44.247
000002,万科A,全国地产,深圳,19910129,000002.SZ,20050418,5.84,5.88,5.79,5.84,5.84,0.0,0.0,73332.37,42875.6382,0.4651,0.4651,0.6,15.1229,15.1229,2.1409,1.7318,1.7318,0.5708,0.5708,227362.7871,157684.7679,157684.7679,1327798.6767,920879.0445,,,44.247
000002,万科A,全国地产,深圳,19910129,000002.SZ,20050415,5.83,5.85,5.76,5.84,5.83,0.01,0.17,68532.49,39867.9923,0.4346,0.4346,0.49,15.1229,15.1229,2.1409,1.7318,1.7318,0.5708,0.5708,227362.7871,157684.7679,157684.7679,1327798.6767,920879.0445,,,44.247
000002,万科A,全国地产,深圳,19910129,000002.SZ,20050414,5.88,5.92,5.81,5.83,5.83,0.0,0.0,76206.02,44633.9067,0.4833,0.4833,0.44,15.097,15.097,2.1372,1.7288,1.7288,0.5718,0.5718,227362.7871,157684.7679,157684.7679,1325525.0488,919302.1969,,,44.247
000002,万科A,全国地产,深圳,19910129,000002.SZ,20050413,5.8,5.97,5.74,5.83,5.73,0.1,1.75,273013.28,159632.866,1.7314,1.7314,1.68,15.097,15.097,2.1372,1.7288,1.7288,0.5718,0.5718,227362.7871,157684.7679,157684.7679,1325525.0488,919302.1969,,,44.247
000002,万科A,全国地产,深圳,19910129,000002.SZ,20050412,5.7,5.79,5.68,5.73,5.7,0.03,0.53,69559.43,39861.3669,0.4411,0.4411,0.42,14.838,14.838,2.1005,1.6992,1.6992,0.5817,0.5817,227362.7871,157684.7679,157684.7679,1302788.7701,903533.7201,,,44.247
000002,万科A,全国地产,深圳,19910129,000002.SZ,20050411,5.82,5.82,5.67,5.7,5.83,-0.13,-2.23,123755.4,70781.8519,0.7848,0.7848,0.75,14.7603,14.7603,2.0895,1.6903,1.6903,0.5848,0.5848,227362.7871,157684.7679,157684.7679,1295967.8865,898803.177,,,44.247
000002,万科A,全国地产,深圳,19910129,000002.SZ,20050408,5.82,5.85,5.7,5.83,5.82,0.01,0.17,158015.78,91216.0085,1.0021,1.0021,0.91,15.097,15.097,2.1372,1.7288,1.7288,0.5718,0.5718,227362.7871,157684.7679,157684.7679,1325525.0488,919302.1969,,,44.247
000002,万科A,全国地产,深圳,19910129,000002.SZ,20050407,5.78,5.95,5.78,5.82,5.77,0.05,0.87,233178.97,137071.777,1.4788,1.4788,1.68,15.0711,15.0711,2.1335,1.7259,1.7259,0.5727,0.5727,227362.7871,157684.7679,157684.7679,1323251.4209,917725.3492,,,44.247
000002,万科A,全国地产,深圳,19910129,000002.SZ,20050406,5.63,5.78,5.6,5.77,5.6,0.17,3.04,229838.67,130730.394,1.4576,1.4576,2.06,14.9416,14.9416,2.1152,1.711,1.711,0.5777,0.5777,227362.7871,157684.7679,157684.7679,1311883.2816,909841.1108,,,44.247
000002,万科A,全国地产,深圳,19910129,000002.SZ,20050405,5.61,5.65,5.56,5.6,5.62,-0.02,-0.36,84685.14,47421.6313,0.5371,0.5371,0.78,14.5014,14.5014,2.0529,1.6606,1.6606,0.5952,0.5952,227362.7871,157684.7679,157684.7679,1273231.6078,883034.7002,,,44.247
000002,万科A,全国地产,深圳,19910129,000002.SZ,20050404,5.64,5.76,5.53,5.62,5.69,-0.07,-1.23,116215.12,65599.5505,0.737,0.737,1.15,14.5532,14.5532,2.0602,1.6665,1.6665,0.5931,0.5931,227362.7871,157684.7679,157684.7679,1277778.8635,886188.3956,,,44.247
000002,万科A,全国地产,深圳,19910129,000002.SZ,20050401,5.53,5.8,5.51,5.69,5.52,0.17,3.08,202539.95,114243.2566,1.2845,1.2845,2.62,14.7345,14.7345,2.0859,1.6873,1.6873,0.5858,0.5858,227362.7871,157684.7679,157684.7679,1293694.2586,897226.3294,,,44.247
000002,万科A,全国地产,深圳,19910129,000002.SZ,20050331,5.5,5.55,5.42,5.52,5.52,0.0,0.0,60734.55,33346.1397,0.3852,0.3852,0.74,14.2942,14.2942,2.0235,1.6369,1.6369,0.6039,0.6039,227362.7871,157684.7679,157684.7679,1255042.5848,870419.9188,,,44.247
000002,万科A,全国地产,深圳,19910129,000002.SZ,20050330,5.5,5.61,5.47,5.52,5.52,0.0,0.0,94646.03,52291.4084,0.6002,0.6002,0.91,14.2942,14.2942,2.0235,1.6369,1.6369,0.6039,0.6039,227362.7871,157684.7679,157684.7679,1255042.5848,870419.9188,,,44.247
000002,万科A,全国地产,深圳,19910129,000002.SZ,20050329,5.59,5.62,5.5,5.52,5.57,-0.05,-0.9,70127.32,38995.2929,0.4447,0.4447,0.53,14.2942,14.2942,2.0235,1.6369,1.6369,0.6039,0.6039,227362.7871,157684.7679,157684.7679,1255042.5848,870419.9188,,,44.247
000002,万科A,全国地产,深圳,19910129,000002.SZ,20050328,5.63,5.67,5.54,5.57,5.63,-0.06,-1.07,78867.5,44058.2094,0.5002,0.5002,0.56,14.4237,14.4237,2.0419,1.6517,1.6517,0.5984,0.5984,227362.7871,157684.7679,157684.7679,1266410.7241,878304.1572,,,44.247
000002,万科A,全国地产,深圳,19910129,000002.SZ,20050325,5.63,5.72,5.59,5.63,5.63,0.0,0.0,81748.55,46244.8467,0.5184,0.5184,0.54,14.5791,14.5791,2.0639,1.6695,1.6695,0.5921,0.5921,227362.7871,157684.7679,157684.7679,1280052.4914,887765.2433,,,44.247
000002,万科A,全国地产,深圳,19910129,000002.SZ,20050324,5.67,5.71,5.52,5.63,5.67,-0.04,-0.71,82512.8,46292.2385,0.5233,0.5233,0.37,14.5791,14.5791,2.0639,1.6695,1.6695,0.5921,0.5921,227362.7871,157684.7679,157684.7679,1280052.4914,887765.2433,,,44.247
000002,万科A,全国地产,深圳,19910129,000002.SZ,20050323,5.55,5.78,5.53,5.67,5.53,0.14,2.53,208390.16,118280.6054,1.3216,1.3216,0.98,14.6827,14.6827,2.0785,1.6814,1.6814,0.5879,0.5879,227362.7871,157684.7679,157684.7679,1289147.0029,894072.634,,,44.247
000002,万科A,全国地产,深圳,19910129,000002.SZ,20050322,5.5,5.67,5.45,5.53,5.47,0.06,1.1,212958.9,118411.0816,1.3505,1.3505,1.1,14.3201,14.3201,2.0272,1.6399,1.6399,0.6028,0.6028,227362.7871,157684.7679,157684.7679,1257316.2127,871996.7665,,,44.247
000002,万科A,全国地产,深圳,19910129,000002.SZ,20050321,5.41,5.51,5.35,5.47,5.43,0.04,0.74,119359.82,64941.7386,0.757,0.7863,0.58,22.9346,19.0033,2.1781,1.9493,1.8871,0.6094,0.6094,227362.7871,157684.7679,151799.0757,1243674.4454,862535.6804,,,44.247
000002,万科A,全国地产,深圳,19910129,000002.SZ,20050318,5.2,5.48,5.2,5.43,5.27,0.16,3.04,138549.95,74290.9875,0.8787,0.9127,0.7,22.7669,18.8643,2.1622,1.9351,1.8733,0.6139,0.6139,227362.7871,157684.7679,151799.0757,1234579.934,856228.2897,,,44.247
000002,万科A,全国地产,深圳,19910129,000002.SZ,20050317,5.3,5.4,5.21,5.27,5.49,-0.22,-4.01,450216.47,238825.8156,2.8552,2.9659,3.28,22.096,18.3084,2.0985,1.878,1.8181,0.6325,0.6325,227362.7871,157684.7679,151799.0757,1198201.888,830998.7268,,,44.247
000002,万科A,全国地产,深圳,19910129,000002.SZ,20050316,5.61,5.65,5.45,5.49,5.61,-0.12,-2.14,144803.05,79986.071,0.9183,0.9539,0.91,23.0184,19.0727,2.1861,1.9564,1.894,0.6072,0.6072,227362.7871,157684.7679,151799.0757,1248221.7012,865689.3758,,,44.247
000002,万科A,全国地产,深圳,19910129,000002.SZ,20050315,5.68,5.72,5.59,5.61,5.68,-0.07,-1.23,112721.14,63358.9825,0.7149,0.7426,0.62,23.5216,19.4896,2.2338,1.9992,1.9354,0.5942,0.5942,227362.7871,157684.7679,151799.0757,1275505.2356,884611.5479,,,44.247
000002,万科A,全国地产,深圳,19910129,000002.SZ,20050314,5.76,5.78,5.58,5.68,5.75,-0.07,-1.22,174186.62,98448.4309,1.1047,1.1475,0.98,23.8151,19.7328,2.2617,2.0242,1.9596,0.5869,0.5869,227362.7871,157684.7679,151799.0757,1291420.6307,895649.4817,,,44.247
000002,万科A,全国地产,深圳,19910129,000002.SZ,20050311,5.82,5.83,5.71,5.75,5.82,-0.07,-1.2,104058.99,59913.0275,0.6599,0.6855,0.56,24.1086,19.976,2.2896,2.0491,1.9837,0.5797,0.5797,227362.7871,157684.7679,151799.0757,1307336.0258,906687.4154,,,44.247
000002,万科A,全国地产,深圳,19910129,000002.SZ,20050310,5.84,5.95,5.77,5.82,5.84,-0.02,-0.34,150598.2,88351.8525,0.9551,0.9921,0.82,24.402,20.2192,2.3175,2.074,2.0079,0.5727,0.5727,227362.7871,157684.7679,151799.0757,1323251.4209,917725.3492,,,44.247
000002,万科A,全国地产,深圳,19910129,000002.SZ,20050309,5.8,5.94,5.8,5.84,5.8,0.04,0.69,254950.44,149877.0762,1.6168,1.6795,1.32,24.4859,20.2887,2.3254,2.0812,2.0148,0.5708,0.5708,227362.7871,157684.7679,151799.0757,1327798.6767,920879.0445,,,44.247
000002,万科A,全国地产,深圳,19910129,000002.SZ,20050308,5.9,5.9,5.69,5.8,5.83,-0.03,-0.51,222300.34,128387.9884,1.4098,1.4644,1.19,24.3182,20.1497,2.3095,2.0669,2.001,0.5747,0.5747,227362.7871,157684.7679,151799.0757,1318704.1652,914571.6538,,,44.247
000002,万科A,全国地产,深圳,19910129,000002.SZ,20050307,5.72,5.87,5.72,5.83,5.64,0.19,3.37,156728.77,91015.0499,0.9939,1.0325,0.8,24.444,20.2539,2.3214,2.0776,2.0113,0.5718,0.5718,227362.7871,157684.7679,151799.0757,1325525.0488,919302.1969,,,44.247
000002,万科A,全国地产,深圳,19910129,000002.SZ,20050302,5.74,5.77,5.55,5.64,5.73,-0.09,-1.57,145841.32,82459.3232,0.9249,0.9608,0.74,23.6473,19.5939,2.2458,2.0099,1.9458,0.591,0.591,227362.7871,157684.7679,151799.0757,1282326.1192,889342.091,,,44.247
000002,万科A,全国地产,深圳,19910129,000002.SZ,20050301,5.7,5.8,5.68,5.73,5.7,0.03,0.53,135584.46,77794.6337,0.8598,0.8932,0.68,24.0247,19.9065,2.2816,2.042,1.9768,0.5817,0.5817,227362.7871,157684.7679,151799.0757,1302788.7701,903533.7201,,,44.247
000002,万科A,全国地产,深圳,19910129,000002.SZ,20050228,5.9,5.96,5.68,5.7,5.91,-0.21,-3.55,305820.19,176328.6889,1.9394,2.0146,1.89,23.8989,19.8023,2.2697,2.0313,1.9665,0.5848,0.5848,227362.7871,157684.7679,151799.0757,1295967.8865,898803.177,,,44.247
000002,万科A,全国地产,深圳,19910129,000002.SZ,20050225,5.94,6.07,5.9,5.91,5.94,-0.03,-0.51,187132.54,111650.5283,1.1868,1.2328,1.19,24.7794,20.5319,2.3533,2.1061,2.0389,0.564,0.564,227362.7871,157684.7679,151799.0757,1343714.0718,931916.9783,,,44.247
000002,万科A,全国地产,深圳,19910129,000002.SZ,20050224,6.01,6.01,5.79,5.94,6.02,-0.08,-1.33,201786.43,118716.0709,1.2797,1.3293,1.4,24.9052,20.6361,2.3652,2.1168,2.0493,0.5612,0.5612,227362.7871,157684.7679,151799.0757,1350534.9554,936647.5213,,,44.247
000002,万科A,全国地产,深圳,19910129,000002.SZ,20050223,6.1,6.12,5.98,6.02,6.09,-0.07,-1.15,151508.01,91619.8242,0.9608,0.9981,1.0,25.2406,20.914,2.3971,2.1453,2.0769,0.5537,0.5537,227362.7871,157684.7679,151799.0757,1368723.9783,949262.3028,,,44.247
000002,万科A,全国地产,深圳,19910129,000002.SZ,20050222,6.0,6.14,6.0,6.09,6.03,0.06,1.0,147143.47,89484.6575,0.9331,0.9693,0.91,25.5341,21.1572,2.425,2.1703,2.101,0.5473,0.5473,227362.7871,157684.7679,151799.0757,1384639.3734,960300.2365,,,44.247
000002,万科A,全国地产,深圳,19910129,000002.SZ,20050221,5.92,6.05,5.9,6.03,5.9,0.13,2.2,122814.88,73597.8208,0.7789,0.8091,0.66,25.2825,20.9487,2.4011,2.1489,2.0803,0.5528,0.5528,227362.7871,157684.7679,151799.0757,1370997.6062,950839.1504,,,44.247
000002,万科A,全国地产,深圳,19910129,000002.SZ,20050218,6.03,6.11,5.85,5.9,6.05,-0.15,-2.48,164411.05,97736.5813,1.0427,1.0831,0.85,24.7375,20.4971,2.3493,2.1026,2.0355,0.565,0.565,227362.7871,157684.7679,151799.0757,1341440.4439,930340.1306,,,44.247
000002,万科A,全国地产,深圳,19910129,000002.SZ,20050217,6.2,6.2,5.99,6.05,6.16,-0.11,-1.79,135063.79,81718.7053,0.8565,0.8898,0.76,25.3664,21.0182,2.409,2.156,2.0872,0.551,0.551,227362.7871,157684.7679,151799.0757,1375544.862,953992.8458,,,44.247
000002,万科A,全国地产,深圳,19910129,000002.SZ,20050216,6.15,6.27,6.12,6.16,6.09,0.07,1.15,189805.99,117548.5113,1.2037,1.2504,1.25,25.8276,21.4004,2.4528,2.1952,2.1252,0.5411,0.5411,227362.7871,157684.7679,151799.0757,1400554.7685,971338.1703,,,44.247
000002,万科A,全国地产,深圳,19910129,000002.SZ,20050204,5.88,6.12,5.87,6.09,5.9,0.19,3.22,198652.17,120357.2797,1.2598,1.3087,1.61,25.5341,21.1572,2.425,2.1703,2.101,0.5473,0.5473,227362.7871,157684.7679,151799.0757,1384639.3734,960300.2365,,,44.247
000002,万科A,全国地产,深圳,19910129,000002.SZ,20050203,5.96,6.12,5.88,5.9,5.96,-0.06,-1.01,240373.21,144726.4441,1.5244,1.5835,2.63,24.7375,20.4971,2.3493,2.1026,2.0355,0.565,0.565,227362.7871,157684.7679,151799.0757,1341440.4439,930340.1306,,,44.247
000002,万科A,全国地产,深圳,19910129,000002.SZ,20050202,5.74,5.98,5.72,5.96,5.71,0.25,4.38,203084.45,119509.47,1.2879,1.3379,2.69,24.989,20.7056,2.3732,2.1239,2.0562,0.5593,0.5593,227362.7871,157684.7679,151799.0757,1355082.2111,939801.2167,,,44.247
000002,万科A,全国地产,深圳,19910129,000002.SZ,20050201,5.7,5.77,5.63,5.71,5.68,0.03,0.53,61144.86,34966.8066,0.3878,0.4028,0.7,23.9408,19.837,2.2737,2.0348,1.9699,0.5838,0.5838,227362.7871,157684.7679,151799.0757,1298241.5143,900380.0247,,,44.247
000002,万科A,全国地产,深圳,19910129,000002.SZ,20050131,5.65,5.72,5.59,5.68,5.66,0.02,0.35,53244.13,30211.8904,0.3377,0.3508,0.46,23.8151,19.7328,2.2617,2.0242,1.9596,0.5869,0.5869,227362.7871,157684.7679,151799.0757,1291420.6307,895649.4817,,,44.247
000002,万科A,全国地产,深圳,19910129,000002.SZ,20050128,5.65,5.71,5.62,5.66,5.65,0.01,0.18,59157.3,33522.7981,0.3752,0.3897,0.43,23.7312,19.6633,2.2537,2.017,1.9527,0.5889,0.5889,227362.7871,157684.7679,151799.0757,1286873.375,892495.7863,,,44.247
000002,万科A,全国地产,深圳,19910129,000002.SZ,20050127,5.61,5.75,5.6,5.65,5.68,-0.03,-0.53,79820.15,45387.5444,0.5062,0.5258,0.59,23.6893,19.6286,2.2498,2.0135,1.9492,0.59,0.59,227362.7871,157684.7679,151799.0757,1284599.7471,890918.9386,,,44.247
000002,万科A,全国地产,深圳,19910129,000002.SZ,20050126,5.75,5.77,5.6,5.68,5.76,-0.08,-1.39,123628.93,70488.793,0.784,0.8144,1.04,23.8151,19.7328,2.2617,2.0242,1.9596,0.5869,0.5869,227362.7871,157684.7679,151799.0757,1291420.6307,895649.4817,,,44.247
000002,万科A,全国地产,深圳,19910129,000002.SZ,20050125,5.75,5.8,5.66,5.76,5.76,0.0,0.0,120132.78,68954.4966,0.7619,0.7914,1.13,24.1505,20.0107,2.2936,2.0527,1.9872,0.5787,0.5787,227362.7871,157684.7679,151799.0757,1309609.6537,908264.2631,,,44.247
000002,万科A,全国地产,深圳,19910129,000002.SZ,20050124,5.7,5.81,5.62,5.76,5.65,0.11,1.95,190921.17,109562.0771,1.2108,1.2577,2.18,24.1505,20.0107,2.2936,2.0527,1.9872,0.5787,0.5787,227362.7871,157684.7679,151799.0757,1309609.6537,908264.2631,,,44.247
000002,万科A,全国地产,深圳,19910129,000002.SZ,20050121,5.42,5.69,5.42,5.65,5.42,0.23,4.24,180824.49,100951.098,1.1467,1.1912,2.65,23.6893,19.6286,2.2498,2.0135,1.9492,0.59,0.59,227362.7871,157684.7679,151799.0757,1284599.7471,890918.9386,,,44.247
000002,万科A,全国地产,深圳,19910129,000002.SZ,20050120,5.36,5.48,5.33,5.42,5.38,0.04,0.74,56536.45,30611.3777,0.3585,0.3724,0.75,22.7249,18.8296,2.1582,1.9315,1.8699,0.615,0.615,227362.7871,157684.7679,151799.0757,1232306.3061,854651.442,,,44.247
000002,万科A,全国地产,深圳,19910129,000002.SZ,20050119,5.45,5.51,5.36,5.38,5.46,-0.08,-1.47,44977.17,24547.5675,0.2852,0.2963,0.55,22.5572,18.6906,2.1423,1.9172,1.8561,0.6196,0.6196,227362.7871,157684.7679,151799.0757,1223211.7946,848344.0513,,,44.247
000002,万科A,全国地产,深圳,19910129,000002.SZ,20050118,5.41,5.5,5.39,5.46,5.44,0.02,0.37,56278.55,30599.267,0.3569,0.3707,0.69,22.8926,18.9685,2.1741,1.9458,1.8837,0.6105,0.6105,227362.7871,157684.7679,151799.0757,1241400.8176,860958.8327,,,44.247
000002,万科A,全国地产,深圳,19910129,000002.SZ,20050117,5.43,5.48,5.38,5.44,5.47,-0.03,-0.55,99478.85,54082.1672,0.6309,0.6553,1.31,22.8088,18.899,2.1661,1.9386,1.8768,0.6127,0.6127,227362.7871,157684.7679,151799.0757,1236853.5618,857805.1374,,,44.247
000002,万科A,全国地产,深圳,19910129,000002.SZ,20050114,5.57,5.6,5.44,5.47,5.57,-0.1,-1.8,83842.56,46323.1601,0.5317,0.5523,0.88,22.9346,19.0033,2.1781,1.9493,1.8871,0.6094,0.6094,227362.7871,157684.7679,151799.0757,1243674.4454,862535.6804,,,44.247
000002,万科A,全国地产,深圳,19910129,000002.SZ,20050113,5.51,5.59,5.49,5.57,5.53,0.04,0.72,91596.2,50694.3496,0.5809,0.6034,0.81,23.3538,19.3507,2.2179,1.985,1.9216,0.5984,0.5984,227362.7871,157684.7679,151799.0757,1266410.7241,878304.1572,,,44.247
000002,万科A,全国地产,深圳,19910129,000002.SZ,20050112,5.55,5.56,5.42,5.53,5.51,0.02,0.36,75155.55,41383.1074,0.4766,0.4951,0.56,23.1861,19.2117,2.202,1.9707,1.9078,0.6028,0.6028,227362.7871,157684.7679,151799.0757,1257316.2127,871996.7665,,,44.247
000002,万科A,全国地产,深圳,19910129,000002.SZ,20050111,5.46,5.52,5.44,5.51,5.45,0.06,1.1,59397.77,32581.355,0.3767,0.3913,0.42,23.1023,19.1422,2.194,1.9636,1.9009,0.605,0.605,227362.7871,157684.7679,151799.0757,1252768.9569,868843.0711,,,44.247
000002,万科A,全国地产,深圳,19910129,000002.SZ,20050110,5.48,5.55,5.43,5.45,5.48,-0.03,-0.55,70901.93,38839.9823,0.4496,0.4671,0.46,22.8507,18.9338,2.1701,1.9422,1.8802,0.6116,0.6116,227362.7871,157684.7679,151799.0757,1239127.1897,859381.9851,,,44.247
000002,万科A,全国地产,深圳,19910129,000002.SZ,20050107,5.41,5.6,5.38,5.48,5.43,0.05,0.92,177222.58,97564.0356,1.1239,1.1675,1.23,22.9765,19.038,2.1821,1.9529,1.8906,0.6083,0.6083,227362.7871,157684.7679,151799.0757,1245948.0733,864112.5281,,,44.247
000002,万科A,全国地产,深圳,19910129,000002.SZ,20050106,5.46,5.46,5.34,5.43,5.46,-0.03,-0.55,184215.79,99253.3953,1.1683,1.2136,1.39,22.7669,18.8643,2.1622,1.9351,1.8733,0.6139,0.6139,227362.7871,157684.7679,151799.0757,1234579.934,856228.2897,,,44.247
000002,万科A,全国地产,深圳,19910129,000002.SZ,20050105,5.25,5.47,5.24,5.46,5.27,0.19,3.61,175898.54,94781.8987,1.1155,1.1588,1.61,22.8926,18.9685,2.1741,1.9458,1.8837,0.6105,0.6105,227362.7871,157684.7679,151799.0757,1241400.8176,860958.8327,,,44.247
000002,万科A,全国地产,深圳,19910129,000002.SZ,20050104,5.22,5.31,5.17,5.27,5.26,0.01,0.19,103538.11,54514.2254,0.6566,0.6821,1.06,22.096,18.3084,2.0985,1.878,1.8181,0.6325,0.6325,227362.7871,157684.7679,151799.0757,1198201.888,830998.7268,,,44.247
000002,万科A,全国地产,深圳,19910129,000002.SZ,20041231,5.25,5.29,5.2,5.26,5.25,0.01,0.19,133261.29,69921.3943,0.8451,0.8779,1.78,22.0541,18.2737,2.0945,1.8745,1.8147,1.0722,0.6337,227362.7871,157684.7679,151799.0757,1195928.2601,829421.8792,,,44.247
000002,万科A,全国地产,深圳,19910129,000002.SZ,20041230,5.17,5.29,5.14,5.25,5.19,0.06,1.16,123365.23,64615.7882,0.7824,0.8127,2.1,22.0122,18.239,2.0905,1.8709,1.8112,1.0742,0.6349,227362.7871,157684.7679,151799.0757,1193654.6323,827845.0315,,,44.247
000002,万科A,全国地产,深圳,19910129,000002.SZ,20041229,5.1,5.21,5.06,5.19,5.1,0.09,1.76,128398.82,66189.2794,0.8143,0.8458,2.97,21.7606,18.0305,2.0666,1.8495,1.7905,1.0866,0.6423,227362.7871,157684.7679,151799.0757,1180012.865,818383.9454,,,44.247
000002,万科A,全国地产,深圳,19910129,000002.SZ,20041228,5.06,5.11,5.02,5.1,5.08,0.02,0.39,56499.02,28709.9407,0.3583,0.3722,1.34,21.3832,17.7178,2.0308,1.8175,1.7595,1.1058,0.6536,227362.7871,157684.7679,151799.0757,1159550.2142,804192.3163,,,44.247
000002,万科A,全国地产,深圳,19910129,000002.SZ,20041227,5.09,5.13,5.06,5.08,5.07,0.01,0.2,44829.85,22840.4859,0.2843,0.2953,0.96,21.2994,17.6484,2.0228,1.8103,1.7526,1.1102,0.6562,227362.7871,157684.7679,151799.0757,1155002.9585,801038.6209,,,44.247
000002,万科A,全国地产,深圳,19910129,000002.SZ,20041224,5.05,5.11,5.03,5.07,5.06,0.01,0.2,20385.52,10366.8601,0.1293,0.1343,0.36,21.2575,17.6136,2.0188,1.8068,1.7491,1.1123,0.6575,227362.7871,157684.7679,151799.0757,1152729.3306,799461.7733,,,44.247
000002,万科A,全国地产,深圳,19910129,000002.SZ,20041223,5.1,5.11,5.04,5.06,5.09,-0.03,-0.59,42926.34,21728.9223,0.2722,0.2828,0.68,21.2155,17.5789,2.0148,1.8032,1.7457,1.1145,0.6588,227362.7871,157684.7679,151799.0757,1150455.7027,797884.9256,,,44.247
000002,万科A,全国地产,深圳,19910129,000002.SZ,20041222,4.98,5.11,4.97,5.09,4.96,0.13,2.62,51497.41,26056.506,0.3266,0.3392,0.86,21.3413,17.6831,2.0268,1.8139,1.756,1.108,0.6549,227362.7871,157684.7679,151799.0757,1157276.5863,802615.4686,,,44.247
000002,万科A,全国地产,深圳,19910129,000002.SZ,20041221,4.93,5.03,4.93,4.96,4.93,0.03,0.61,50782.15,25272.6643,0.322,0.3345,0.9,20.7962,17.2315,1.975,1.7676,1.7112,1.137,0.672,227362.7871,157684.7679,151799.0757,1127719.424,782116.4488,,,44.247
000002,万科A,全国地产,深圳,19910129,000002.SZ,20041220,5.09,5.09,4.92,4.93,5.08,-0.15,-2.95,68664.32,34194.8514,0.4355,0.4523,1.39,20.6705,17.1273,1.9631,1.7569,1.7008,1.1439,0.6761,227362.7871,157684.7679,151799.0757,1120898.5404,777385.9057,,,44.247
000002,万科A,全国地产,深圳,19910129,000002.SZ,20041217,5.08,5.13,5.04,5.08,5.08,0.0,0.0,72911.35,37000.4979,0.4624,0.4803,1.41,21.2994,17.6484,2.0228,1.8103,1.7526,1.1102,0.6562,227362.7871,157684.7679,151799.0757,1155002.9585,801038.6209,,,44.247
000002,万科A,全国地产,深圳,19910129,000002.SZ,20041216,4.99,5.12,4.98,5.08,5.0,0.08,1.6,71031.34,35950.9098,0.4505,0.4679,1.24,21.2994,17.6484,2.0228,1.8103,1.7526,1.1102,0.6562,227362.7871,157684.7679,151799.0757,1155002.9585,801038.6209,,,44.247
000002,万科A,全国地产,深圳,19910129,000002.SZ,20041215,5.04,5.04,4.98,5.0,5.01,-0.01,-0.2,35752.93,17865.844,0.2267,0.2355,0.59,20.964,17.3704,1.9909,1.7818,1.725,1.1279,0.6667,227362.7871,157684.7679,151799.0757,1136813.9355,788423.8395,,,44.247
000002,万科A,全国地产,深圳,19910129,000002.SZ,20041214,5.0,5.05,4.99,5.01,5.0,0.01,0.2,32659.5,16371.8225,0.2071,0.2151,0.54,21.0059,17.4052,1.9949,1.7854,1.7284,1.1257,0.6653,227362.7871,157684.7679,151799.0757,1139087.5634,790000.6872,,,44.247
000002,万科A,全国地产,深圳,19910129,000002.SZ,20041213,5.0,5.05,4.96,5.0,5.05,-0.05,-0.99,34178.28,17098.1529,0.2168,0.2252,0.55,20.964,17.3704,1.9909,1.7818,1.725,1.1279,0.6667,227362.7871,157684.7679,151799.0757,1136813.9355,788423.8395,,,44.247
000002,万科A,全国地产,深圳,19910129,000002.SZ,20041210,5.0,5.06,4.95,5.05,4.96,0.09,1.81,84479.97,42226.1888,0.5358,0.5565,1.72,21.1736,17.5441,2.0109,1.7996,1.7422,1.1168,0.6601,227362.7871,157684.7679,151799.0757,1148182.0749,796308.0779,,,44.247
000002,万科A,全国地产,深圳,19910129,000002.SZ,20041209,4.9,5.05,4.89,4.96,4.91,0.05,1.02,98206.43,48598.4801,0.6228,0.647,2.53,20.7962,17.2315,1.975,1.7676,1.7112,1.137,0.672,227362.7871,157684.7679,151799.0757,1127719.424,782116.4488,,,44.247
000002,万科A,全国地产,深圳,19910129,000002.SZ,20041208,5.01,5.05,4.9,4.91,5.0,-0.09,-1.8,52302.72,26064.1263,0.3317,0.3446,1.61,20.5866,17.0578,1.9551,1.7498,1.6939,1.1486,0.6789,227362.7871,157684.7679,151799.0757,1116351.2847,774232.2104,,,44.247
000002,万科A,全国地产,深圳,19910129,000002.SZ,20041207,5.04,5.05,4.98,5.0,5.02,-0.02,-0.4,30979.16,15503.4307,0.1965,0.2041,1.02,20.964,17.3704,1.9909,1.7818,1.725,1.1279,0.6667,227362.7871,157684.7679,151799.0757,1136813.9355,788423.8395,,,44.247
000002,万科A,全国地产,深圳,19910129,000002.SZ,20041206,5.15,5.15,5.0,5.02,5.08,-0.06,-1.18,46001.54,23213.1278,0.2917,0.303,1.59,21.0478,17.4399,1.9989,1.789,1.7319,1.1234,0.664,227362.7871,157684.7679,151799.0757,1141361.1912,791577.5349,,,44.247
000002,万科A,全国地产,深圳,19910129,000002.SZ,20041203,5.11,5.11,5.04,5.08,5.05,0.03,0.59,17731.41,8999.7886,0.1124,0.1168,0.6,21.2994,17.6484,2.0228,1.8103,1.7526,1.1102,0.6562,227362.7871,157684.7679,151799.0757,1155002.9585,801038.6209,,,44.247
000002,万科A,全国地产,深圳,19910129,000002.SZ,20041202,5.1,5.12,5.03,5.05,5.11,-0.06,-1.17,46905.18,23786.8394,0.2975,0.309,1.63,21.1736,17.5441,2.0109,1.7996,1.7422,1.1168,0.6601,227362.7871,157684.7679,151799.0757,1148182.0749,796308.0779,,,44.247
000002,万科A,全国地产,深圳,19910129,000002.SZ,20041201,5.12,5.16,5.1,5.11,5.12,-0.01,-0.2,20719.04,10616.2245,0.1314,0.1365,0.57,21.4252,17.7526,2.0347,1.821,1.7629,1.1036,0.6523,227362.7871,157684.7679,151799.0757,1161823.8421,805769.164,,,44.247
000002,万科A,全国地产,深圳,19910129,000002.SZ,20041130,5.11,5.15,5.08,5.12,5.12,0.0,0.0,20516.0,10510.5227,0.1301,0.1352,0.49,21.4671,17.7873,2.0387,1.8246,1.7664,1.1015,0.651,227362.7871,157684.7679,151799.0757,1164097.47,807346.0116,,,44.247
000002,万科A,全国地产,深圳,19910129,000002.SZ,20041129,5.12,5.17,5.0,5.12,5.15,-0.03,-0.58,38577.97,19750.2188,0.2447,0.2541,0.79,21.4671,17.7873,2.0387,1.8246,1.7664,1.1015,0.651,227362.7871,157684.7679,151799.0757,1164097.47,807346.0116,,,44.247
000002,万科A,全国地产,深圳,19910129,000002.SZ,20041126,5.16,5.18,5.11,5.15,5.16,-0.01,-0.19,22039.0,11342.1831,0.1398,0.1452,0.39,21.5929,17.8916,2.0507,1.8353,1.7767,1.0951,0.6472,227362.7871,157684.7679,151799.0757,1170918.3536,812076.5547,,,44.247
000002,万科A,全国地产,深圳,19910129,000002.SZ,20041125,5.19,5.24,5.15,5.16,5.2,-0.04,-0.77,41886.01,21749.3188,0.2656,0.2759,0.74,21.6348,17.9263,2.0547,1.8388,1.7802,1.0929,0.646,227362.7871,157684.7679,151799.0757,1173191.9814,813653.4024,,,44.247
000002,万科A,全国地产,深圳,19910129,000002.SZ,20041124,5.17,5.23,5.17,5.2,5.17,0.03,0.58,58261.41,30340.5383,0.3695,0.3838,1.06,21.8025,18.0653,2.0706,1.8531,1.794,1.0845,0.641,227362.7871,157684.7679,151799.0757,1182286.4929,819960.7931,,,44.247
000002,万科A,全国地产,深圳,19910129,000002.SZ,20041123,5.22,5.23,5.15,5.17,5.21,-0.04,-0.77,48614.41,25217.424,0.3083,0.3203,0.9,21.6767,17.961,2.0586,1.8424,1.7836,1.0908,0.6447,227362.7871,157684.7679,151799.0757,1175465.6093,815230.25,,,44.247
000002,万科A,全国地产,深圳,19910129,000002.SZ,20041122,5.15,5.23,5.14,5.21,5.15,0.06,1.17,73332.4,38117.0993,0.4651,0.4831,1.33,21.8444,18.1,2.0746,1.8567,1.7974,1.0825,0.6398,227362.7871,157684.7679,151799.0757,1184560.1208,821537.6408,,,44.247
000002,万科A,全国地产,深圳,19910129,000002.SZ,20041119,5.06,5.17,5.06,5.15,5.09,0.06,1.18,60791.86,31245.9753,0.3855,0.4005,1.14,21.5929,17.8916,2.0507,1.8353,1.7767,1.0951,0.6472,227362.7871,157684.7679,151799.0757,1170918.3536,812076.5547,,,44.247
000002,万科A,全国地产,深圳,19910129,000002.SZ,20041118,5.05,5.13,5.03,5.09,5.07,0.02,0.39,41703.69,21202.3565,0.2645,0.2747,0.66,21.3413,17.6831,2.0268,1.8139,1.756,1.108,0.6549,227362.7871,157684.7679,151799.0757,1157276.5863,802615.4686,,,44.247
000002,万科A,全国地产,深圳,19910129,000002.SZ,20041117,5.15,5.15,5.07,5.07,5.15,-0.08,-1.55,49089.65,25053.6943,0.3113,0.3234,0.57,21.2575,17.6136,2.0188,1.8068,1.7491,1.1123,0.6575,227362.7871,157684.7679,151799.0757,1152729.3306,799461.7733,,,44.247
000002,万科A,全国地产,深圳,19910129,000002.SZ,20041116,5.15,5.17,5.09,5.15,5.15,0.0,0.0,45221.03,23215.2271,0.2868,0.2979,0.51,21.5929,17.8916,2.0507,1.8353,1.7767,1.0951,0.6472,227362.7871,157684.7679,151799.0757,1170918.3536,812076.5547,,,44.247
000002,万科A,全国地产,深圳,19910129,000002.SZ,20041115,5.2,5.21,5.06,5.15,5.15,0.0,0.0,79799.34,40795.2334,0.5061,0.5257,1.0,21.5929,17.8916,2.0507,1.8353,1.7767,1.0951,0.6472,227362.7871,157684.7679,151799.0757,1170918.3536,812076.5547,,,44.247
000002,万科A,全国地产,深圳,19910129,000002.SZ,20041112,5.06,5.2,5.06,5.15,5.11,0.04,0.78,51133.29,26387.0472,0.3243,0.3368,0.65,21.5929,17.8916,2.0507,1.8353,1.7767,1.0951,0.6472,227362.7871,157684.7679,151799.0757,1170918.3536,812076.5547,,,44.247
000002,万科A,全国地产,深圳,19910129,000002.SZ,20041111,5.2,5.26,5.1,5.11,5.2,-0.09,-1.73,93082.0,48307.0865,0.5903,0.6132,0.97,21.4252,17.7526,2.0347,1.821,1.7629,1.1036,0.6523,227362.7871,157684.7679,151799.0757,1161823.8421,805769.164,,,44.247
000002,万科A,全国地产,深圳,19910129,000002.SZ,20041110,5.03,5.22,4.99,5.2,5.0,0.2,4.0,160628.37,82153.2845,1.0187,1.0582,1.94,21.8025,18.0653,2.0706,1.8531,1.794,1.0845,0.641,227362.7871,157684.7679,151799.0757,1182286.4929,819960.7931,,,44.247
000002,万科A,全国地产,深圳,19910129,000002.SZ,20041109,5.0,5.06,4.97,5.0,4.96,0.04,0.81,55255.85,27708.7999,0.3504,0.364,0.64,20.964,17.3704,1.9909,1.7818,1.725,1.1279,0.6667,227362.7871,157684.7679,151799.0757,1136813.9355,788423.8395,,,44.247
000002,万科A,全国地产,深圳,19910129,000002.SZ,20041108,4.97,5.01,4.87,4.96,4.97,-0.01,-0.2,39998.58,19744.2796,0.2537,0.2635,0.28,20.7962,17.2315,1.975,1.7676,1.7112,1.137,0.672,227362.7871,157684.7679,151799.0757,1127719.424,782116.4488,,,44.247
000002,万科A,全国地产,深圳,19910129,000002.SZ,20041105,5.01,5.04,4.95,4.97,5.0,-0.03,-0.6,41800.72,20836.4669,0.2651,0.2754,0.13,20.8382,17.2662,1.979,1.7711,1.7146,1.1347,0.6707,227362.7871,157684.7679,151799.0757,1129993.0519,783693.2965,,,44.247
000002,万科A,全国地产,深圳,19910129,000002.SZ,20041104,5.09,5.12,4.96,5.0,5.07,-0.07,-1.38,180725.18,91216.7026,1.1461,1.1906,0.6,20.964,17.3704,1.9909,1.7818,1.725,1.1279,0.6667,227362.7871,157684.7679,151799.0757,1136813.9355,788423.8395,,,44.247
000002,万科A,全国地产,深圳,19910129,000002.SZ,20041103,5.03,5.08,4.95,5.07,5.03,0.04,0.8,95944.5,47973.3718,0.6085,0.632,0.27,21.2575,17.6136,2.0188,1.8068,1.7491,1.1123,0.6575,227362.7871,157684.7679,151799.0757,1152729.3306,799461.7733,,,44.247
000002,万科A,全国地产,深圳,19910129,000002.SZ,20041102,5.03,5.04,4.95,5.03,5.04,-0.01,-0.2,70710.66,35360.8818,0.4484,0.4658,0.19,21.0897,17.4747,2.0029,1.7925,1.7353,1.1212,0.6627,227362.7871,157684.7679,151799.0757,1143634.8191,793154.3825,,,44.247
000002,万科A,全国地产,深圳,19910129,000002.SZ,20041101,5.0,5.05,4.86,5.04,5.0,0.04,0.8,320196.14,158497.4544,2.0306,2.1093,0.89,21.1317,17.5094,2.0069,1.7961,1.7388,1.119,0.6614,227362.7871,157684.7679,151799.0757,1145908.447,794731.2302,,,44.247
000002,万科A,全国地产,深圳,19910129,000002.SZ,20041029,5.11,5.17,4.95,5.0,5.42,-0.42,-7.75,917090.81,463084.9391,5.816,6.0415,4.51,20.964,17.3704,1.9909,1.7818,1.725,1.1279,0.6667,227362.7871,157684.7679,151799.0757,1136813.9355,788423.8395,,,44.247
000002,万科A,全国地产,深圳,19910129,000002.SZ,20041028,5.4,5.53,5.4,5.42,5.46,-0.04,-0.73,108502.19,59448.6339,0.6881,0.7148,0.55,22.7249,18.8296,2.1582,1.9315,1.8699,1.0405,0.615,227362.7871,157684.7679,151799.0757,1232306.3061,854651.442,,,44.247
000002,万科A,全国地产,深圳,19910129,000002.SZ,20041027,5.68,5.68,5.27,5.46,5.7,-0.24,-4.21,389123.9,211570.1907,2.4677,2.4677,2.86,22.8926,19.0925,2.2012,1.9458,1.8644,1.0329,0.6105,227362.7871,157684.7679,157684.7679,1241400.8176,860958.8327,,,44.247
000002,万科A,全国地产,深圳,19910129,000002.SZ,20041026,5.5,5.73,5.49,5.7,5.5,0.2,3.64,135195.28,75769.3372,0.8574,0.8574,1.02,23.8989,19.9317,2.298,2.0313,1.9464,0.9894,0.5848,227362.7871,157684.7679,157684.7679,1295967.8865,898803.177,,,44.247
000002,万科A,全国地产,深圳,19910129,000002.SZ,20041025,5.83,5.85,5.48,5.5,5.79,-0.29,-5.01,257214.79,145702.3716,1.6312,1.6312,2.26,23.0604,19.2323,2.2173,1.96,1.8781,1.0254,0.6061,227362.7871,157684.7679,157684.7679,1250495.3291,867266.2235,,,44.247
000002,万科A,全国地产,深圳,19910129,000002.SZ,20041022,5.7,5.81,5.63,5.79,5.7,0.09,1.58,127041.16,72979.5477,0.8057,0.8057,1.08,24.2763,20.2464,2.3343,2.0634,1.9771,0.974,0.5757,227362.7871,157684.7679,157684.7679,1316430.5373,912994.8061,,,44.247
000002,万科A,全国地产,深圳,19910129,000002.SZ,20041021,5.7,5.77,5.64,5.7,5.7,0.0,0.0,83881.98,47837.8006,0.532,0.532,0.55,23.8989,19.9317,2.298,2.0313,1.9464,0.9894,0.5848,227362.7871,157684.7679,157684.7679,1295967.8865,898803.177,,,44.247
000002,万科A,全国地产,深圳,19910129,000002.SZ,20041020,5.6,5.71,5.52,5.7,5.62,0.08,1.42,76172.67,42639.1826,0.4831,0.4831,0.4,23.8989,19.9317,2.298,2.0313,1.9464,0.9894,0.5848,227362.7871,157684.7679,157684.7679,1295967.8865,898803.177,,,44.247
000002,万科A,全国地产,深圳,19910129,000002.SZ,20041019,5.5,5.65,5.5,5.62,5.46,0.16,2.93,119277.78,66719.0122,0.7564,0.7564,0.42,23.5635,19.6519,2.2657,2.0028,1.9191,1.0035,0.5931,227362.7871,157684.7679,157684.7679,1277778.8635,886188.3956,,,44.247
000002,万科A,全国地产,深圳,19910129,000002.SZ,20041018,5.5,5.6,5.43,5.46,5.57,-0.11,-1.97,163382.75,89470.7858,1.0361,1.0361,0.54,22.8926,19.0925,2.2012,1.9458,1.8644,1.0329,0.6105,227362.7871,157684.7679,157684.7679,1241400.8176,860958.8327,,,44.247
000002,万科A,全国地产,深圳,19910129,000002.SZ,20041015,5.65,5.7,5.44,5.57,5.67,-0.1,-1.76,143620.2,79958.2785,0.9108,0.9108,0.48,23.3538,19.4771,2.2456,1.985,1.902,1.0125,0.5984,227362.7871,157684.7679,157684.7679,1266410.7241,878304.1572,,,44.247
000002,万科A,全国地产,深圳,19910129,000002.SZ,20041014,5.8,5.8,5.56,5.67,5.79,-0.12,-2.07,265166.96,150410.1857,1.6816,1.6816,0.99,23.7731,19.8268,2.2859,2.0206,1.9362,0.9946,0.5879,227362.7871,157684.7679,157684.7679,1289147.0029,894072.634,,,44.247
000002,万科A,全国地产,深圳,19910129,000002.SZ,20041013,5.81,5.85,5.69,5.79,5.79,0.0,0.0,252038.88,146042.8217,1.5984,1.5984,1.07,24.2763,20.2464,2.3343,2.0634,1.9771,0.974,0.5757,227362.7871,157684.7679,157684.7679,1316430.5373,912994.8061,,,44.247
000002,万科A,全国地产,深圳,19910129,000002.SZ,20041012,5.53,5.87,5.5,5.79,5.54,0.25,4.51,600868.64,346371.6027,3.8106,3.8106,4.71,24.2763,20.2464,2.3343,2.0634,1.9771,0.974,0.5757,227362.7871,157684.7679,157684.7679,1316430.5373,912994.8061,,,44.247
000002,万科A,全国地产,深圳,19910129,000002.SZ,20041011,5.56,5.65,5.51,5.54,5.56,-0.02,-0.36,264020.25,147753.4283,1.6744,1.6744,2.85,23.2281,19.3722,2.2335,1.9743,1.8918,1.018,0.6017,227362.7871,157684.7679,157684.7679,1259589.8405,873573.6142,,,44.247
000002,万科A,全国地产,深圳,19910129,000002.SZ,20041008,5.42,5.6,5.28,5.56,5.42,0.14,2.58,117073.85,63685.9581,0.7425,0.7425,0.76,23.3119,19.4421,2.2415,1.9814,1.8986,1.0143,0.5995,227362.7871,157684.7679,157684.7679,1264137.0963,876727.3095,,,44.247
000002,万科A,全国地产,深圳,19910129,000002.SZ,20040930,5.42,5.48,5.36,5.42,5.41,0.01,0.18,100879.67,54743.3369,0.6398,0.6398,0.61,22.7249,18.9526,2.1851,1.9315,1.8508,1.0405,0.615,227362.7871,157684.7679,157684.7679,1232306.3061,854651.442,,,44.247
000002,万科A,全国地产,深圳,19910129,000002.SZ,20040929,5.4,5.52,5.35,5.41,5.4,0.01,0.19,96148.4,52227.9612,0.6098,0.6098,0.5,22.683,18.9176,2.1811,1.9279,1.8474,1.0424,0.6161,227362.7871,157684.7679,157684.7679,1230032.6782,853074.5943,,,44.247
000002,万科A,全国地产,深圳,19910129,000002.SZ,20040928,5.43,5.47,5.3,5.4,5.4,0.0,0.0,60282.41,32391.555,0.3823,0.3823,0.27,22.6411,18.8826,2.177,1.9244,1.844,1.0444,0.6173,227362.7871,157684.7679,157684.7679,1227759.0503,851497.7467,,,44.247
000002,万科A,全国地产,深圳,19910129,000002.SZ,20040927,5.4,5.56,5.37,5.4,5.38,0.02,0.37,88210.88,48085.2611,0.5594,0.5594,0.34,22.6411,18.8826,2.177,1.9244,1.844,1.0444,0.6173,227362.7871,157684.7679,157684.7679,1227759.0503,851497.7467,,,44.247
000002,万科A,全国地产,深圳,19910129,000002.SZ,20040924,5.59,5.66,5.37,5.38,5.47,-0.09,-1.65,425583.65,236896.4291,2.699,2.699,1.86,22.5572,18.8127,2.169,1.9172,1.8371,1.0483,0.6196,227362.7871,157684.7679,157684.7679,1223211.7946,848344.0513,,,44.247
000002,万科A,全国地产,深圳,19910129,000002.SZ,20040923,5.26,5.48,5.22,5.47,5.26,0.21,3.99,154000.82,82354.144,0.9766,0.9766,0.7,22.9346,19.1274,2.2052,1.9493,1.8679,1.031,0.6094,227362.7871,157684.7679,157684.7679,1243674.4454,862535.6804,,,44.247
000002,万科A,全国地产,深圳,19910129,000002.SZ,20040922,5.45,5.47,5.23,5.26,5.49,-0.23,-4.19,225663.9,119917.7637,1.4311,1.4311,1.1,22.0541,18.3931,2.1206,1.8745,1.7961,1.0722,0.6337,227362.7871,157684.7679,157684.7679,1195928.2601,829421.8792,,,44.247
000002,万科A,全国地产,深圳,19910129,000002.SZ,20040921,5.6,5.63,5.45,5.49,5.58,-0.09,-1.61,227339.5,125495.4308,1.4417,1.4417,1.26,23.0184,19.1974,2.2133,1.9564,1.8747,1.0273,0.6072,227362.7871,157684.7679,157684.7679,1248221.7012,865689.3758,,,44.247
000002,万科A,全国地产,深圳,19910129,000002.SZ,20040920,5.53,5.61,5.46,5.58,5.49,0.09,1.64,259607.9,144017.3404,1.6464,1.6464,1.94,23.3958,19.5121,2.2496,1.9885,1.9054,1.0107,0.5974,227362.7871,157684.7679,157684.7679,1268684.352,879881.0049,,,44.247
000002,万科A,全国地产,深圳,19910129,000002.SZ,20040917,5.19,5.5,5.18,5.49,5.19,0.3,5.78,278628.98,149367.2288,1.767,1.767,3.14,23.0184,19.1974,2.2133,1.9564,1.8747,1.0273,0.6072,227362.7871,157684.7679,157684.7679,1248221.7012,865689.3758,,,44.247
000002,万科A,全国地产,深圳,19910129,000002.SZ,20040916,5.22,5.33,5.15,5.19,5.22,-0.03,-0.57,111064.02,58135.1283,0.7043,0.7043,1.35,21.7606,18.1483,2.0924,1.8495,1.7722,1.0866,0.6423,227362.7871,157684.7679,157684.7679,1180012.865,818383.9454,,,44.247
000002,万科A,全国地产,深圳,19910129,000002.SZ,20040915,4.99,5.32,4.95,5.22,4.98,0.24,4.82,152599.74,78914.6817,0.9678,0.9678,2.46,21.8864,18.2532,2.1045,1.8602,1.7825,1.0804,0.6386,227362.7871,157684.7679,157684.7679,1186833.7487,823114.4884,,,44.247
000002,万科A,全国地产,深圳,19910129,000002.SZ,20040914,4.8,5.0,4.78,4.98,4.8,0.18,3.75,97406.39,47853.0082,0.6177,0.6177,2.0,20.8801,17.414,2.0077,1.7747,1.7005,1.1325,0.6693,227362.7871,157684.7679,157684.7679,1132266.6798,785270.1441,,,44.247
000002,万科A,全国地产,深圳,19910129,000002.SZ,20040913,4.82,4.85,4.74,4.8,4.82,-0.02,-0.41,29393.44,14125.7084,0.1864,0.1864,0.64,20.1254,16.7846,1.9351,1.7106,1.6391,1.1749,0.6944,227362.7871,157684.7679,157684.7679,1091341.3781,756886.8859,,,44.247
000002,万科A,全国地产,深圳,19910129,000002.SZ,20040910,4.75,4.83,4.7,4.82,4.75,0.07,1.47,52706.4,25249.9801,0.3343,0.3343,1.23,20.2093,16.8545,1.9432,1.7177,1.6459,1.17,0.6916,227362.7871,157684.7679,157684.7679,1095888.6338,760040.5813,,,44.247
000002,万科A,全国地产,深圳,19910129,000002.SZ,20040909,4.88,4.91,4.68,4.75,4.88,-0.13,-2.66,78679.1,37713.1792,0.499,0.499,2.11,19.9158,16.6097,1.915,1.6927,1.622,1.1873,0.7018,227362.7871,157684.7679,157684.7679,1079973.2387,749002.6475,,,44.247
000002,万科A,全国地产,深圳,19910129,000002.SZ,20040908,4.96,4.99,4.85,4.88,4.95,-0.07,-1.41,52065.31,25515.6489,0.3302,0.3302,1.33,20.4608,17.0643,1.9674,1.7391,1.6664,1.1557,0.6831,227362.7871,157684.7679,157684.7679,1109530.401,769501.6674,,,44.247
000002,万科A,全国地产,深圳,19910129,000002.SZ,20040907,4.99,4.99,4.9,4.95,4.99,-0.04,-0.8,30529.99,15091.4091,0.1936,0.1936,0.53,20.7543,17.3091,1.9956,1.764,1.6903,1.1393,0.6734,227362.7871,157684.7679,157684.7679,1125445.7961,780539.6011,,,44.247
000002,万科A,全国地产,深圳,19910129,000002.SZ,20040906,4.99,5.02,4.95,4.99,4.99,0.0,0.0,16436.0,8198.81,0.1042,0.1042,0.21,20.922,17.449,2.0117,1.7783,1.704,1.1302,0.668,227362.7871,157684.7679,157684.7679,1134540.3076,786846.9918,,,44.247
000002,万科A,全国地产,深圳,19910129,000002.SZ,20040903,5.06,5.06,4.97,4.99,5.06,-0.07,-1.38,36519.77,18270.3574,0.2316,0.2316,0.23,20.922,17.449,2.0117,1.7783,1.704,1.1302,0.668,227362.7871,157684.7679,157684.7679,1134540.3076,786846.9918,,,44.247
000002,万科A,全国地产,深圳,19910129,000002.SZ,20040902,5.0,5.06,4.95,5.06,4.97,0.09,1.81,50962.14,25479.7783,0.3232,0.3232,0.31,21.2155,17.6937,2.0399,1.8032,1.7279,1.1145,0.6588,227362.7871,157684.7679,157684.7679,1150455.7027,797884.9256,,,44.247
000002,万科A,全国地产,深圳,19910129,000002.SZ,20040901,5.03,5.04,4.93,4.97,5.02,-0.05,-1.0,60810.48,30322.0913,0.3856,0.3856,0.38,20.8382,17.379,2.0037,1.7711,1.6971,1.1347,0.6707,227362.7871,157684.7679,157684.7679,1129993.0519,783693.2965,,,44.247
000002,万科A,全国地产,深圳,19910129,000002.SZ,20040831,4.95,5.1,4.94,5.02,4.86,0.16,3.29,125302.11,62962.6838,0.7946,0.7946,0.78,21.0478,17.5539,2.0238,1.789,1.7142,1.1234,0.664,227362.7871,157684.7679,157684.7679,1141361.1912,791577.5349,,,44.247
000002,万科A,全国地产,深圳,19910129,000002.SZ,20040830,4.86,4.98,4.73,4.86,4.89,-0.03,-0.61,116618.7,56531.6068,0.7396,0.7396,0.78,20.377,16.9944,1.9593,1.7319,1.6596,1.1604,0.6859,227362.7871,157684.7679,157684.7679,1104983.1453,766347.972,,,44.247
000002,万科A,全国地产,深圳,19910129,000002.SZ,20040827,5.38,5.41,4.84,4.89,5.38,-0.49,-9.11,455469.84,230543.5812,2.8885,2.8885,5.98,20.5028,17.0993,1.9714,1.7426,1.6698,1.1533,0.6817,227362.7871,157684.7679,157684.7679,1111804.0289,771078.515,,,44.247
000002,万科A,全国地产,深圳,19910129,000002.SZ,20040826,5.45,5.5,5.38,5.38,5.46,-0.08,-1.47,56001.0,30492.1103,0.3551,0.3551,0.71,22.5572,18.8127,2.169,1.9172,1.8371,1.0483,0.6196,227362.7871,157684.7679,157684.7679,1223211.7946,848344.0513,,,28.625
000002,万科A,全国地产,深圳,19910129,000002.SZ,20040825,5.39,5.5,5.36,5.46,5.4,0.06,1.11,54550.28,29675.3952,0.3459,0.3459,0.58,22.8926,19.0925,2.2012,1.9458,1.8644,1.0329,0.6105,227362.7871,157684.7679,157684.7679,1241400.8176,860958.8327,,,28.625
000002,万科A,全国地产,深圳,19910129,000002.SZ,20040824,5.48,5.52,5.38,5.4,5.49,-0.09,-1.64,115756.18,62863.8083,0.7341,0.7341,1.42,22.6411,18.8826,2.177,1.9244,1.844,1.0444,0.6173,227362.7871,157684.7679,157684.7679,1227759.0503,851497.7467,,,28.625
000002,万科A,全国地产,深圳,19910129,000002.SZ,20040823,5.59,5.65,5.49,5.49,5.59,-0.1,-1.79,62401.19,34678.5522,0.3957,0.3957,0.61,23.0184,19.1974,2.2133,1.9564,1.8747,1.0273,0.6072,227362.7871,157684.7679,157684.7679,1248221.7012,865689.3758,,,28.625
000002,万科A,全国地产,深圳,19910129,000002.SZ,20040820,5.49,5.64,5.45,5.59,5.49,0.1,1.82,91892.62,51134.5994,0.5828,0.5828,0.87,23.4377,19.547,2.2536,1.9921,1.9088,1.0089,0.5963,227362.7871,157684.7679,157684.7679,1270957.9799,881457.8526,,,28.625
000002,万科A,全国地产,深圳,19910129,000002.SZ,20040819,5.5,5.53,5.41,5.49,5.5,-0.01,-0.18,67407.8,36875.4233,0.4275,0.4275,0.66,23.0184,19.1974,2.2133,1.9564,1.8747,1.0273,0.6072,227362.7871,157684.7679,157684.7679,1248221.7012,865689.3758,,,28.625
000002,万科A,全国地产,深圳,19910129,000002.SZ,20040818,5.6,5.64,5.49,5.5,5.6,-0.1,-1.79,131000.93,72949.4741,0.8308,0.8308,1.33,23.0604,19.2323,2.2173,1.96,1.8781,1.0254,0.6061,227362.7871,157684.7679,157684.7679,1250495.3291,867266.2235,,,28.625
000002,万科A,全国地产,深圳,19910129,000002.SZ,20040817,5.59,5.62,5.49,5.6,5.59,0.01,0.18,55058.65,30661.7509,0.3492,0.3492,0.53,23.4796,19.582,2.2577,1.9956,1.9123,1.0071,0.5952,227362.7871,157684.7679,157684.7679,1273231.6078,883034.7002,,,28.625
000002,万科A,全国地产,深圳,19910129,000002.SZ,20040816,5.55,5.66,5.49,5.59,5.5,0.09,1.64,168449.51,93967.8254,1.0683,1.0683,1.99,23.4377,19.547,2.2536,1.9921,1.9088,1.0089,0.5963,227362.7871,157684.7679,157684.7679,1270957.9799,881457.8526,,,28.625
000002,万科A,全国地产,深圳,19910129,000002.SZ,20040813,5.35,5.52,5.32,5.5,5.35,0.15,2.8,107252.7,58780.6788,0.6802,0.6802,1.5,23.0604,19.2323,2.2173,1.96,1.8781,1.0254,0.6061,227362.7871,157684.7679,157684.7679,1250495.3291,867266.2235,,,28.625
000002,万科A,全国地产,深圳,19910129,000002.SZ,20040812,5.35,5.42,5.34,5.35,5.42,-0.07,-1.29,51402.59,27598.8534,0.326,0.326,0.71,22.4314,18.7078,2.1569,1.9066,1.8269,1.0541,0.6231,227362.7871,157684.7679,157684.7679,1216390.911,843613.5083,,,28.625
000002,万科A,全国地产,深圳,19910129,000002.SZ,20040811,5.47,5.49,5.4,5.42,5.47,-0.05,-0.91,110760.1,60223.9546,0.7024,0.7024,1.58,22.7249,18.9526,2.1851,1.9315,1.8508,1.0405,0.615,227362.7871,157684.7679,157684.7679,1232306.3061,854651.442,,,28.625
000002,万科A,全国地产,深圳,19910129,000002.SZ,20040810,5.38,5.48,5.37,5.47,5.4,0.07,1.3,81890.04,44527.792,0.5193,0.5193,1.24,22.9346,19.1274,2.2052,1.9493,1.8679,1.031,0.6094,227362.7871,157684.7679,157684.7679,1243674.4454,862535.6804,,,28.625
000002,万科A,全国地产,深圳,19910129,000002.SZ,20040809,5.3,5.41,5.3,5.4,5.3,0.1,1.89,72195.7,38806.1423,0.4578,0.4578,1.17,22.6411,18.8826,2.177,1.9244,1.844,1.0444,0.6173,227362.7871,157684.7679,157684.7679,1227759.0503,851497.7467,,,28.625
000002,万科A,全国地产,深圳,19910129,000002.SZ,20040806,5.3,5.37,5.23,5.3,5.28,0.02,0.38,41023.19,21692.9169,0.2602,0.2602,0.53,22.2218,18.533,2.1367,1.8887,1.8098,1.0641,0.6289,227362.7871,157684.7679,157684.7679,1205022.7716,835729.2699,,,28.625
000002,万科A,全国地产,深圳,19910129,000002.SZ,20040805,5.33,5.35,5.27,5.28,5.33,-0.05,-0.94,56263.49,29874.4547,0.3568,0.5427,0.61,22.1379,19.8008,2.2145,1.8816,1.8104,1.0681,0.6313,227362.7871,157684.7679,103676.3081,1200475.5159,832575.5745,,,28.625
000002,万科A,全国地产,深圳,19910129,000002.SZ,20040804,5.15,5.5,5.14,5.33,5.17,0.16,3.09,99613.28,52654.568,0.6317,0.9608,1.19,22.3476,19.9883,2.2354,1.8994,1.8276,1.0581,0.6254,227362.7871,157684.7679,103676.3081,1211843.6552,840459.8129,,,28.625
000002,万科A,全国地产,深圳,19910129,000002.SZ,20040803,5.29,5.33,5.12,5.17,5.29,-0.12,-2.27,62246.81,32569.5685,0.3948,0.6004,0.75,21.6767,19.3883,2.1683,1.8424,1.7727,1.0908,0.6447,227362.7871,157684.7679,103676.3081,1175465.6093,815230.25,,,28.625
000002,万科A,全国地产,深圳,19910129,000002.SZ,20040802,5.33,5.35,5.25,5.29,5.35,-0.06,-1.12,50087.24,26580.93,0.3176,0.4831,0.6,22.1799,19.8383,2.2187,1.8852,1.8139,1.0661,0.6301,227362.7871,157684.7679,103676.3081,1202749.1438,834152.4222,,,28.625
000002,万科A,全国地产,深圳,19910129,000002.SZ,20040730,5.41,5.42,5.31,5.35,5.41,-0.06,-1.11,119521.65,64208.7898,0.758,1.1528,1.52,22.4314,20.0633,2.2438,1.9066,1.8344,1.0541,0.6231,227362.7871,157684.7679,103676.3081,1216390.911,843613.5083,,,28.625
000002,万科A,全国地产,深圳,19910129,000002.SZ,20040729,5.25,5.42,5.21,5.41,5.22,0.19,3.64,128699.22,68807.6624,0.8162,1.2414,1.72,22.683,20.2883,2.269,1.9279,1.855,1.0424,0.6161,227362.7871,157684.7679,103676.3081,1230032.6782,853074.5943,,,28.625
000002,万科A,全国地产,深圳,19910129,000002.SZ,20040728,5.24,5.3,5.18,5.22,5.25,-0.03,-0.57,58269.11,30502.6982,0.3695,0.562,0.82,21.8864,19.5758,2.1893,1.8602,1.7899,1.0804,0.6386,227362.7871,157684.7679,103676.3081,1186833.7487,823114.4884,,,28.625
000002,万科A,全国地产,深圳,19910129,000002.SZ,20040727,5.21,5.31,5.17,5.25,5.22,0.03,0.57,59540.47,31298.1985,0.3776,0.5743,0.75,22.0122,19.6883,2.2019,1.8709,1.8002,1.0742,0.6349,227362.7871,157684.7679,103676.3081,1193654.6323,827845.0315,,,28.625
000002,万科A,全国地产,深圳,19910129,000002.SZ,20040726,5.17,5.23,5.05,5.22,5.17,0.05,0.97,49914.57,25670.1675,0.3165,0.4814,0.56,21.8864,19.5758,2.1893,1.8602,1.7899,1.0804,0.6386,227362.7871,157684.7679,103676.3081,1186833.7487,823114.4884,,,28.625
000002,万科A,全国地产,深圳,19910129,000002.SZ,20040723,5.14,5.17,5.02,5.17,5.14,0.03,0.58,97612.84,49810.5388,0.619,0.9415,0.86,21.6767,19.3883,2.1683,1.8424,1.7727,1.0908,0.6447,227362.7871,157684.7679,103676.3081,1175465.6093,815230.25,,,28.625
000002,万科A,全国地产,深圳,19910129,000002.SZ,20040722,5.34,5.34,5.13,5.14,5.31,-0.17,-3.2,109124.79,56813.446,0.692,1.0526,0.97,21.5509,19.2758,2.1558,1.8317,1.7624,1.0972,0.6485,227362.7871,157684.7679,103676.3081,1168644.7257,810499.707,,,28.625
000002,万科A,全国地产,深圳,19910129,000002.SZ,20040721,5.3,5.37,5.28,5.31,5.3,0.01,0.19,40191.6,21374.7972,0.2549,0.3877,0.35,22.2637,19.9133,2.2271,1.8923,1.8207,1.0621,0.6277,227362.7871,157684.7679,103676.3081,1207296.3995,837306.1175,,,28.625
000002,万科A,全国地产,深圳,19910129,000002.SZ,20040720,5.4,5.4,5.28,5.3,5.4,-0.1,-1.85,102065.64,54255.7429,0.6473,0.9845,1.01,22.2218,19.8758,2.2229,1.8887,1.8173,1.0641,0.6289,227362.7871,157684.7679,103676.3081,1205022.7716,835729.2699,,,28.625
000002,万科A,全国地产,深圳,19910129,000002.SZ,20040719,5.39,5.45,5.32,5.4,5.39,0.01,0.19,99575.88,53725.6135,0.6315,0.9604,1.07,22.6411,20.2508,2.2648,1.9244,1.8516,1.0444,0.6173,227362.7871,157684.7679,103676.3081,1227759.0503,851497.7467,,,28.625
000002,万科A,全国地产,深圳,19910129,000002.SZ,20040716,5.24,5.45,5.23,5.39,5.23,0.16,3.06,214037.89,115207.2087,1.3574,2.0645,3.72,22.5991,20.2133,2.2606,1.9208,1.8482,1.0463,0.6184,227362.7871,157684.7679,103676.3081,1225485.4225,849920.899,,,28.625
000002,万科A,全国地产,深圳,19910129,000002.SZ,20040715,5.08,5.25,5.01,5.23,5.1,0.13,2.55,106088.49,55050.1514,0.6728,1.0233,2.24,21.9283,19.6133,2.1935,1.8638,1.7933,1.0783,0.6373,227362.7871,157684.7679,103676.3081,1189107.3765,824691.3361,,,28.625
000002,万科A,全国地产,深圳,19910129,000002.SZ,20040714,5.03,5.11,4.98,5.1,5.03,0.07,1.39,54394.16,27407.6509,0.345,0.5247,1.14,21.3832,19.1257,2.139,1.8175,1.7487,1.1058,0.6536,227362.7871,157684.7679,103676.3081,1159550.2142,804192.3163,,,28.625
000002,万科A,全国地产,深圳,19910129,000002.SZ,20040713,4.96,5.06,4.95,5.03,4.98,0.05,1.0,31177.85,15639.0086,0.1977,0.3007,0.47,21.0897,18.8632,2.1096,1.7925,1.7247,1.1212,0.6627,227362.7871,157684.7679,103676.3081,1143634.8191,793154.3825,,,28.625
000002,万科A,全国地产,深圳,19910129,000002.SZ,20040712,5.08,5.08,4.96,4.98,5.08,-0.1,-1.97,61695.84,30828.6337,0.3913,0.5951,0.97,20.8801,18.6757,2.0887,1.7747,1.7076,1.1325,0.6693,227362.7871,157684.7679,103676.3081,1132266.6798,785270.1441,,,28.625
000002,万科A,全国地产,深圳,19910129,000002.SZ,20040709,5.12,5.15,5.05,5.08,5.11,-0.03,-0.59,34599.32,17611.119,0.2194,0.3337,0.44,21.2994,19.0507,2.1306,1.8103,1.7419,1.1102,0.6562,227362.7871,157684.7679,103676.3081,1155002.9585,801038.6209,,,28.625
000002,万科A,全国地产,深圳,19910129,000002.SZ,20040708,5.1,5.12,5.01,5.11,5.11,0.0,0.0,55057.42,27877.2501,0.3492,0.5311,0.57,21.4252,19.1632,2.1432,1.821,1.7521,1.1036,0.6523,227362.7871,157684.7679,103676.3081,1161823.8421,805769.164,,,28.625
000002,万科A,全国地产,深圳,19910129,000002.SZ,20040707,5.15,5.2,5.1,5.11,5.16,-0.05,-0.97,55006.0,28252.8265,0.3488,0.5306,0.52,21.4252,19.1632,2.1432,1.821,1.7521,1.1036,0.6523,227362.7871,157684.7679,103676.3081,1161823.8421,805769.164,,,28.625
000002,万科A,全国地产,深圳,19910129,000002.SZ,20040706,5.11,5.27,5.1,5.16,5.1,0.06,1.18,125601.25,65235.1753,0.7965,1.2115,1.24,21.6348,19.3508,2.1641,1.8388,1.7693,1.0929,0.646,227362.7871,157684.7679,103676.3081,1173191.9814,813653.4024,,,28.625
000002,万科A,全国地产,深圳,19910129,000002.SZ,20040705,5.15,5.15,5.06,5.1,5.1,0.0,0.0,47792.14,24338.7578,0.3031,0.461,0.48,21.3832,19.1257,2.139,1.8175,1.7487,1.1058,0.6536,227362.7871,157684.7679,103676.3081,1159550.2142,804192.3163,,,28.625
000002,万科A,全国地产,深圳,19910129,000002.SZ,20040702,5.04,5.12,4.98,5.1,5.04,0.06,1.19,113585.59,57480.8361,0.7203,1.0956,1.36,21.3832,19.1257,2.139,1.8175,1.7487,1.1058,0.6536,227362.7871,157684.7679,103676.3081,1159550.2142,804192.3163,,,28.625
000002,万科A,全国地产,深圳,19910129,000002.SZ,20040701,4.85,5.06,4.83,5.04,4.86,0.18,3.7,142275.91,71167.7274,0.9023,1.3723,2.14,21.1317,18.9007,2.1138,1.7961,1.7281,1.119,0.6614,227362.7871,157684.7679,103676.3081,1145908.447,794731.2302,,,28.625
000002,万科A,全国地产,深圳,19910129,000002.SZ,20040630,4.85,4.95,4.8,4.86,4.85,0.01,0.21,104590.19,51236.2103,0.6633,1.0088,1.91,20.377,18.2257,2.0383,1.7319,1.6664,1.1604,0.6859,227362.7871,157684.7679,103676.3081,1104983.1453,766347.972,,,28.625
000002,万科A,全国地产,深圳,19910129,000002.SZ,20040629,4.71,4.86,4.65,4.85,4.7,0.15,3.19,99933.29,47965.9506,0.6338,0.9639,2.05,20.335,18.1882,2.0341,1.7284,1.663,1.1628,0.6873,227362.7871,157684.7679,103676.3081,1102709.5174,764771.1243,,,28.625
000002,万科A,全国地产,深圳,19910129,000002.SZ,20040628,4.68,4.78,4.64,4.7,4.68,0.02,0.43,41683.5,19656.9204,0.2643,0.4021,0.93,19.7061,17.6257,1.9712,1.6749,1.6116,1.1999,0.7092,227362.7871,157684.7679,103676.3081,1068605.0994,741118.4091,,,28.625
000002,万科A,全国地产,深圳,19910129,000002.SZ,20040625,4.73,4.8,4.67,4.68,4.74,-0.06,-1.27,30093.3,14161.4856,0.1908,0.2903,0.48,19.6223,17.5507,1.9628,1.6678,1.6047,1.205,0.7123,227362.7871,157684.7679,103676.3081,1064057.8436,737964.7138,,,28.625
000002,万科A,全国地产,深圳,19910129,000002.SZ,20040624,4.7,4.82,4.7,4.74,4.7,0.04,0.85,55885.99,26692.2147,0.3544,0.539,0.85,19.8738,17.7757,1.988,1.6892,1.6253,1.1898,0.7032,227362.7871,157684.7679,103676.3081,1077699.6109,747425.7998,,,28.625
000002,万科A,全国地产,深圳,19910129,000002.SZ,20040623,4.74,4.8,4.67,4.7,4.77,-0.07,-1.47,46031.16,21784.12,0.2919,0.444,0.68,19.7061,17.6257,1.9712,1.6749,1.6116,1.1999,0.7092,227362.7871,157684.7679,103676.3081,1068605.0994,741118.4091,,,28.625
000002,万科A,全国地产,深圳,19910129,000002.SZ,20040622,4.66,4.8,4.58,4.77,4.64,0.13,2.8,70603.96,33418.2181,0.4478,0.681,1.16,19.9996,17.8882,2.0006,1.6999,1.6356,1.1823,0.6988,227362.7871,157684.7679,103676.3081,1084520.4945,752156.3429,,,28.625
000002,万科A,全国地产,深圳,19910129,000002.SZ,20040621,4.58,4.65,4.56,4.64,4.58,0.06,1.31,20992.12,9675.1423,0.1331,0.2025,0.3,19.4546,17.4007,1.9461,1.6535,1.591,1.2154,0.7184,227362.7871,157684.7679,103676.3081,1054963.3321,731657.3231,,,28.625
000002,万科A,全国地产,深圳,19910129,000002.SZ,20040618,4.7,4.73,4.5,4.58,4.7,-0.12,-2.55,117011.68,54076.7944,0.7421,1.1286,1.83,19.203,17.1757,1.9209,1.6322,1.5704,1.2314,0.7278,227362.7871,157684.7679,103676.3081,1041321.5649,722196.237,,,28.625
000002,万科A,全国地产,深圳,19910129,000002.SZ,20040617,4.92,4.95,4.65,4.7,4.91,-0.21,-4.28,72754.52,34558.3267,0.4614,0.7017,1.26,19.7061,17.6257,1.9712,1.6749,1.6116,1.1999,0.7092,227362.7871,157684.7679,103676.3081,1068605.0994,741118.4091,,,28.625
000002,万科A,全国地产,深圳,19910129,000002.SZ,20040616,4.97,4.99,4.9,4.91,4.92,-0.01,-0.2,54654.11,27015.0961,0.3466,0.5272,0.86,20.5866,18.4132,2.0593,1.7498,1.6836,1.1486,0.6789,227362.7871,157684.7679,103676.3081,1116351.2847,774232.2104,,,28.625
000002,万科A,全国地产,深圳,19910129,000002.SZ,20040615,4.85,4.94,4.79,4.92,4.83,0.09,1.86,38517.87,18768.6832,0.2443,0.3715,0.56,20.6285,18.4507,2.0635,1.7533,1.687,1.1463,0.6775,227362.7871,157684.7679,103676.3081,1118624.9125,775809.0581,,,28.625
000002,万科A,全国地产,深圳,19910129,000002.SZ,20040614,4.85,4.9,4.78,4.83,4.89,-0.06,-1.23,62230.33,30066.4838,0.3947,0.6002,0.95,20.2512,18.1132,2.0257,1.7212,1.6561,1.1676,0.6901,227362.7871,157684.7679,103676.3081,1098162.2617,761617.429,,,28.625
000002,万科A,全国地产,深圳,19910129,000002.SZ,20040611,4.88,5.01,4.87,4.89,4.88,0.01,0.2,91509.39,45372.146,0.5803,0.8826,1.67,20.5028,18.3382,2.0509,1.7426,1.6767,1.1533,0.6817,227362.7871,157684.7679,103676.3081,1111804.0289,771078.515,,,28.625
000002,万科A,全国地产,深圳,19910129,000002.SZ,20040610,4.86,4.9,4.82,4.88,4.86,0.02,0.41,42062.48,20448.7129,0.2668,0.4057,0.76,20.4608,18.3007,2.0467,1.7391,1.6733,1.1557,0.6831,227362.7871,157684.7679,103676.3081,1109530.401,769501.6674,,,28.625
000002,万科A,全国地产,深圳,19910129,000002.SZ,20040609,4.96,4.96,4.83,4.86,4.96,-0.1,-2.02,83235.09,40587.2826,0.5279,0.8028,1.47,20.377,18.2257,2.0383,1.7319,1.6664,1.1604,0.6859,227362.7871,157684.7679,103676.3081,1104983.1453,766347.972,,,28.625
000002,万科A,全国地产,深圳,19910129,000002.SZ,20040608,4.95,4.98,4.91,4.96,4.95,0.01,0.2,62996.38,31174.5184,0.3995,0.6076,1.03,20.7962,18.6007,2.0803,1.7676,1.7007,1.137,0.672,227362.7871,157684.7679,103676.3081,1127719.424,782116.4488,,,28.625
000002,万科A,全国地产,深圳,19910129,000002.SZ,20040607,4.99,5.0,4.92,4.95,4.99,-0.04,-0.8,47382.69,23559.8992,0.3005,0.457,0.79,20.7543,18.5632,2.0761,1.764,1.6973,1.1393,0.6734,227362.7871,157684.7679,103676.3081,1125445.7961,780539.6011,,,28.625
000002,万科A,全国地产,深圳,19910129,000002.SZ,20040604,4.96,5.01,4.93,4.99,4.96,0.03,0.6,37965.51,18903.7786,0.2408,0.3662,0.58,20.922,18.7132,2.0928,1.7783,1.711,1.1302,0.668,227362.7871,157684.7679,103676.3081,1134540.3076,786846.9918,,,28.625
000002,万科A,全国地产,深圳,19910129,000002.SZ,20040603,5.02,5.02,4.95,4.96,5.03,-0.07,-1.39,43405.12,21586.4449,0.2753,0.4187,0.52,20.7962,18.6007,2.0803,1.7676,1.7007,1.137,0.672,227362.7871,157684.7679,103676.3081,1127719.424,782116.4488,,,28.625
000002,万科A,全国地产,深圳,19910129,000002.SZ,20040602,5.1,5.13,4.98,5.03,5.1,-0.07,-1.37,91103.28,45848.3361,0.5778,0.8787,1.13,21.0897,18.8632,2.1096,1.7925,1.7247,1.1212,0.6627,227362.7871,157684.7679,103676.3081,1143634.8191,793154.3825,,,28.625
000002,万科A,全国地产,深圳,19910129,000002.SZ,20040601,5.06,5.12,5.05,5.1,5.05,0.05,0.99,85460.94,43449.8315,0.542,0.8243,0.91,21.3832,19.1257,2.139,1.8175,1.7487,1.1058,0.6536,227362.7871,157684.7679,103676.3081,1159550.2142,804192.3163,,,28.625
000002,万科A,全国地产,深圳,19910129,000002.SZ,20040531,5.05,5.09,5.02,5.05,5.03,0.02,0.4,41315.11,20875.0545,0.262,0.3985,0.44,21.1736,18.9382,2.118,1.7996,1.7316,1.1168,0.6601,227362.7871,157684.7679,103676.3081,1148182.0749,796308.0779,,,28.625
000002,万科A,全国地产,深圳,19910129,000002.SZ,20040528,5.09,5.09,5.0,5.03,5.09,-0.06,-1.18,65087.25,32827.4816,0.6192,0.6278,0.72,21.0897,18.8632,2.1096,1.7925,1.7247,1.1212,0.6627,227362.7871,105123.1786,103676.3081,1143634.8191,528769.5884,,,28.625
000002,万科A,全国地产,深圳,19910129,000002.SZ,20040527,4.95,5.11,4.9,5.09,4.94,0.15,3.04,131160.35,66072.1406,1.2477,1.2651,1.52,21.3413,19.0882,2.1348,1.8139,1.7453,1.108,0.6549,227362.7871,105123.1786,103676.3081,1157276.5863,535076.9791,,,28.625
000002,万科A,全国地产,深圳,19910129,000002.SZ,20040526,4.81,4.94,4.8,4.94,4.85,0.09,1.86,81637.53,40017.5912,0.7766,0.7874,0.94,20.7124,18.5257,2.0719,1.7604,1.6939,1.1416,0.6748,227362.7871,105123.1786,103676.3081,1123172.1683,519308.5023,,,28.625
000002,万科A,全国地产,深圳,19910129,000002.SZ,20040525,7.65,7.7,7.3,7.32,7.64,-0.32,-4.19,148788.78,110829.7127,1.4154,1.4351,2.12,20.4608,18.3007,2.0467,1.7391,1.6733,1.1557,,151575.1914,105123.1786,103676.3081,1109530.401,769501.6674,,,28.625
000002,万科A,全国地产,深圳,19910129,000002.SZ,20040524,7.7,7.75,7.63,7.64,7.66,-0.02,-0.26,44357.08,34054.5432,0.422,0.4278,0.6,21.3553,19.1007,2.1362,1.8151,1.7464,1.1073,,151575.1914,105123.1786,103676.3081,1158034.4623,803141.0845,,,28.625
000002,万科A,全国地产,深圳,19910129,000002.SZ,20040521,7.57,7.69,7.55,7.66,7.59,0.07,0.92,48182.84,36702.9265,0.4583,0.4647,0.65,21.4112,19.1507,2.1418,1.8198,1.751,1.1044,1.1044,151575.1914,105123.1786,103676.3081,1161065.9661,805243.5481,,,28.625
000002,万科A,全国地产,深圳,19910129,000002.SZ,20040520,7.73,7.86,7.56,7.59,7.73,-0.14,-1.81,107726.57,82980.3229,1.0248,1.0391,1.75,21.2155,18.9757,2.1222,1.8032,1.735,1.1145,1.1145,151575.1914,105123.1786,103676.3081,1150455.7027,797884.9256,,,28.625
000002,万科A,全国地产,深圳,19910129,000002.SZ,20040519,7.63,7.82,7.58,7.73,7.61,0.12,1.58,86914.11,67033.3248,0.8268,0.8383,1.57,21.6069,19.3258,2.1614,1.8365,1.767,1.0944,1.0944,151575.1914,105123.1786,103676.3081,1171676.2295,812602.1706,,,28.625
000002,万科A,全国地产,深圳,19910129,000002.SZ,20040518,7.65,7.65,7.42,7.61,7.59,0.02,0.26,64053.29,48183.8375,0.6093,0.6178,1.19,21.2714,19.0257,2.1278,1.808,1.7396,1.1116,1.1116,151575.1914,105123.1786,103676.3081,1153487.2066,799987.3891,,,28.625
000002,万科A,全国地产,深圳,19910129,000002.SZ,20040517,7.55,7.75,7.54,7.59,7.6,-0.01,-0.13,62650.19,47879.734,0.596,0.6043,1.1,21.2155,18.9757,2.1222,1.8032,1.735,1.1145,1.1145,151575.1914,105123.1786,103676.3081,1150455.7027,797884.9256,,,28.625
000002,万科A,全国地产,深圳,19910129,000002.SZ,20040514,7.7,7.73,7.55,7.6,7.64,-0.04,-0.52,48246.44,36668.4604,0.459,0.4654,0.68,21.2435,19.0007,2.125,1.8056,1.7373,1.1131,1.1131,151575.1914,105123.1786,103676.3081,1151971.4546,798936.1574,,,28.625
000002,万科A,全国地产,深圳,19910129,000002.SZ,20040513,7.7,7.71,7.58,7.64,7.7,-0.06,-0.78,46593.96,35626.6541,0.4436,0.4494,0.38,21.3442,19.0909,2.1351,1.8141,1.7455,1.1081,1.1081,151496.6748,105044.662,103676.3081,1157434.5955,802541.2177,,,28.625
000002,万科A,全国地产,深圳,19910129,000002.SZ,20040512,7.5,7.75,7.49,7.7,7.49,0.21,2.8,55643.02,42688.6352,0.5297,0.5367,0.32,21.5118,19.2408,2.1518,1.8284,1.7592,1.0994,1.0994,151496.6748,105044.662,103676.3081,1166524.396,808843.8974,,,28.625
000002,万科A,全国地产,深圳,19910129,000002.SZ,20040511,7.36,7.56,7.31,7.49,7.37,0.12,1.63,55259.17,41245.0857,0.5261,0.533,0.29,20.9252,18.716,2.0932,1.7785,1.7113,1.1303,1.1303,151496.6748,105044.662,103676.3081,1134710.0943,786784.5184,,,28.625
000002,万科A,全国地产,深圳,19910129,000002.SZ,20040510,7.67,7.69,7.3,7.37,7.69,-0.32,-4.16,80095.3,59417.9757,0.7625,0.7726,0.43,20.5899,18.4162,2.0596,1.75,1.6838,1.1487,1.1487,151496.6748,105044.662,103676.3081,1116530.4933,774179.1589,,,28.625
000002,万科A,全国地产,深圳,19910129,000002.SZ,20040430,7.5,7.75,7.47,7.69,7.51,0.18,2.4,119666.79,91006.9847,1.1392,1.1542,0.68,21.4839,19.2158,2.1491,1.826,1.757,1.1009,1.1009,151496.6748,105044.662,103676.3081,1165009.4292,807793.4508,,,28.625
000002,万科A,全国地产,深圳,19910129,000002.SZ,20040429,7.89,7.96,7.45,7.51,8.01,-0.5,-6.24,298352.78,228594.5224,2.8402,2.8777,2.28,20.981,18.766,2.0988,1.7833,1.7158,1.1273,1.1273,151496.6748,105044.662,103676.3081,1137740.0277,788885.4116,,,28.625
000002,万科A,全国地产,深圳,19910129,000002.SZ,20040428,8.73,8.73,8.0,8.01,8.78,-0.77,-8.77,310000.05,253803.7716,2.9511,2.9901,3.71,22.3779,20.0154,2.2385,1.902,1.8301,1.0569,1.0569,151496.6748,105044.662,103676.3081,1213488.3651,841407.7426,,,28.625
000002,万科A,全国地产,深圳,19910129,000002.SZ,20040427,8.63,8.88,8.6,8.78,8.63,0.15,1.74,143179.67,125454.8652,1.363,1.381,2.06,24.5291,21.9395,2.4537,2.0848,2.006,0.9642,0.9642,151496.6748,105044.662,103676.3081,1330140.8047,922292.1324,,,28.625
000002,万科A,全国地产,深圳,19910129,000002.SZ,20040426,8.51,8.64,8.48,8.63,8.53,0.1,1.17,62353.74,53189.5147,0.5936,0.6014,0.8,24.11,21.5647,2.4117,2.0492,1.9717,0.981,0.981,151496.6748,105044.662,103676.3081,1307416.3035,906535.4331,,,28.625
000002,万科A,全国地产,深圳,19910129,000002.SZ,20040423,8.58,8.65,8.49,8.53,8.58,-0.05,-0.58,62006.95,53175.0164,0.5903,0.5981,0.63,23.8307,21.3148,2.3838,2.0255,1.9489,0.9925,0.9925,151496.6748,105044.662,103676.3081,1292266.636,896030.9669,,,28.625
000002,万科A,全国地产,深圳,19910129,000002.SZ,20040422,8.52,8.65,8.48,8.58,8.52,0.06,0.7,78127.26,67017.5658,0.7438,0.7536,0.71,23.9703,21.4397,2.3978,2.0373,1.9603,0.9867,0.9867,151496.6748,105044.662,103676.3081,1299841.4698,901283.2,,,28.625
000002,万科A,全国地产,深圳,19910129,000002.SZ,20040421,8.65,8.71,8.48,8.52,8.6,-0.08,-0.93,72417.02,62112.545,0.6894,0.6985,0.63,23.8027,21.2898,2.381,2.0231,1.9466,0.9936,0.9936,151496.6748,105044.662,103676.3081,1290751.6693,894980.5202,,,28.625
000002,万科A,全国地产,深圳,19910129,000002.SZ,20040420,8.57,8.73,8.5,8.6,8.57,0.03,0.35,73052.89,63056.1552,0.6954,0.7046,0.54,24.0262,21.4897,2.4034,2.0421,1.9649,0.9844,0.9844,151496.6748,105044.662,103676.3081,1302871.4033,903384.0932,,,28.625
000002,万科A,全国地产,深圳,19910129,000002.SZ,20040419,8.81,8.82,8.51,8.57,8.86,-0.29,-3.27,106029.11,91666.5613,1.0094,1.0227,0.7,23.9424,21.4147,2.395,2.035,1.958,0.9878,0.9878,151496.6748,105044.662,103676.3081,1298326.503,900232.7533,,,28.625
000002,万科A,全国地产,深圳,19910129,000002.SZ,20040416,8.57,8.9,8.44,8.86,8.59,0.27,3.14,159255.67,137968.929,1.5161,1.71,1.11,24.7526,24.7526,2.855,2.1038,2.1038,0.9555,0.9555,151496.6748,105044.662,93132.9316,1342260.5387,930695.7053,,,28.625
000002,万科A,全国地产,深圳,19910129,000002.SZ,20040414,8.81,8.85,8.48,8.59,8.82,-0.23,-2.61,141289.49,122056.8489,1.3628,1.5171,1.06,23.7815,23.7815,2.743,2.0213,2.0213,0.9985,0.9985,150128.3209,103676.3081,93132.9316,1289602.2765,890579.4866,,,28.625
000002,万科A,全国地产,深圳,19910129,000002.SZ,20040413,9.02,9.02,8.8,8.82,9.01,-0.19,-2.11,92071.55,81801.6882,0.8881,0.9886,0.65,24.4183,24.4183,2.8165,2.0754,2.0754,0.9725,0.9725,150128.3209,103676.3081,93132.9316,1324131.7903,914425.0374,,,28.625
000002,万科A,全国地产,深圳,19910129,000002.SZ,20040412,8.89,9.13,8.7,9.01,8.94,0.07,0.78,180246.29,160403.1626,1.7385,1.9354,1.21,24.9443,24.9443,2.8772,2.1201,2.1201,0.952,0.952,150128.3209,103676.3081,93132.9316,1352656.1713,934123.536,,,28.625
000002,万科A,全国地产,深圳,19910129,000002.SZ,20040409,9.22,9.25,8.9,8.94,9.25,-0.31,-3.35,185646.94,168067.5501,1.7906,1.9934,0.93,24.7505,24.7505,2.8548,2.1037,2.1037,0.9594,0.9594,150128.3209,103676.3081,93132.9316,1342147.1888,926866.1944,,,28.625
000002,万科A,全国地产,深圳,19910129,000002.SZ,20040408,9.43,9.43,9.23,9.25,9.45,-0.2,-2.12,118150.87,109895.7627,1.1396,1.2686,0.62,25.6087,25.6087,2.9538,2.1766,2.1766,0.9273,0.9273,150128.3209,103676.3081,93132.9316,1388686.9683,959005.8499,,,28.625
000002,万科A,全国地产,深圳,19910129,000002.SZ,20040407,9.5,9.52,9.36,9.45,9.49,-0.04,-0.42,93347.57,87922.0882,0.9004,1.0023,0.47,26.1624,26.1624,3.0177,2.2237,2.2237,0.9077,0.9077,150128.3209,103676.3081,93132.9316,1418712.6325,979741.1115,,,28.625
000002,万科A,全国地产,深圳,19910129,000002.SZ,20040406,9.48,9.53,9.3,9.49,9.48,0.01,0.11,128995.26,121084.7603,1.2442,1.3851,0.68,26.2732,26.2732,3.0304,2.2331,2.2331,0.9038,0.9038,150128.3209,103676.3081,93132.9316,1424717.7653,983888.1639,,,28.625
000002,万科A,全国地产,深圳,19910129,000002.SZ,20040405,9.38,9.55,9.32,9.48,9.35,0.13,1.39,220833.45,208306.4686,2.13,2.3712,1.2,26.2455,26.2455,3.0272,2.2307,2.2307,0.9048,0.9048,150128.3209,103676.3081,93132.9316,1423216.4821,982851.4008,,,28.625
000002,万科A,全国地产,深圳,19910129,000002.SZ,20040402,9.08,9.7,9.02,9.35,8.91,0.44,4.94,441168.51,413679.9807,4.2552,4.737,3.55,25.8856,25.8856,2.9857,2.2001,2.2001,0.9174,0.9174,150128.3209,103676.3081,93132.9316,1403699.8004,969373.4807,,,28.625
000002,万科A,全国地产,深圳,19910129,000002.SZ,20040401,8.99,8.99,8.78,8.91,8.83,0.08,0.91,71801.39,63603.566,0.7087,0.771,0.52,24.2804,24.2804,2.8006,2.0637,2.0637,0.9851,0.9851,147772.4982,101320.4854,93132.9316,1316652.959,902765.5249,,,28.625
000002,万科A,全国地产,深圳,19910129,000002.SZ,20040331,8.8,9.05,8.72,8.83,8.77,0.06,0.68,128202.78,114250.6232,1.2653,1.3766,0.69,24.0624,24.0624,2.7754,2.0452,2.0452,0.994,0.994,147772.4982,101320.4854,93132.9316,1304831.1591,894659.8861,,,28.625
000002,万科A,全国地产,深圳,19910129,000002.SZ,20040330,8.78,8.86,8.69,8.77,8.84,-0.07,-0.79,89086.66,78104.5834,0.8793,0.9566,0.46,23.8989,23.8989,2.7566,2.0313,2.0313,1.0008,1.0008,147772.4982,101320.4854,93132.9316,1295964.8092,888580.657,,,28.625
000002,万科A,全国地产,深圳,19910129,000002.SZ,20040329,8.89,9.09,8.78,8.84,8.89,-0.05,-0.56,188563.16,169295.0861,1.8611,2.0247,1.02,24.0896,24.0896,2.7786,2.0475,2.0475,0.9929,0.9929,147772.4982,101320.4854,93132.9316,1306308.8841,895673.0909,,,28.625
000002,万科A,全国地产,深圳,19910129,000002.SZ,20040326,8.7,8.95,8.65,8.89,8.7,0.19,2.18,144194.56,127256.4505,1.4232,1.5483,0.83,24.2259,24.2259,2.7943,2.0591,2.0591,0.9873,0.9873,147772.4982,101320.4854,93132.9316,1313697.509,900739.1152,,,28.625
000002,万科A,全国地产,深圳,19910129,000002.SZ,20040325,8.75,8.82,8.6,8.7,8.76,-0.06,-0.68,136849.55,119061.702,1.3507,1.4694,0.8,23.7081,23.7081,2.7346,2.0151,2.0151,1.0088,1.0088,147772.4982,101320.4854,93132.9316,1285620.7343,881488.223,,,28.625
000002,万科A,全国地产,深圳,19910129,000002.SZ,20040324,8.44,8.76,8.42,8.76,8.48,0.28,3.3,370290.2,320525.5718,3.6546,3.9759,3.03,23.8716,23.8716,2.7534,2.029,2.029,1.0019,1.0019,147772.4982,101320.4854,93132.9316,1294487.0842,887567.4521,,,28.625
000002,万科A,全国地产,深圳,19910129,000002.SZ,20040323,8.45,8.55,8.31,8.48,8.45,0.03,0.36,128488.67,108724.886,1.2681,1.3796,1.05,23.1086,23.1086,2.6654,1.9641,1.9641,1.035,1.035,147772.4982,101320.4854,93132.9316,1253110.7847,859197.7162,,,28.625
000002,万科A,全国地产,深圳,19910129,000002.SZ,20040322,8.3,8.58,8.28,8.45,8.39,0.06,0.72,146107.88,123802.7685,1.442,1.5688,1.03,23.0268,23.0268,2.656,1.9572,1.9572,1.0387,1.0387,147772.4982,101320.4854,93132.9316,1248677.6098,856158.1016,,,28.625
000002,万科A,全国地产,深圳,19910129,000002.SZ,20040319,8.3,8.41,8.2,8.39,8.3,0.09,1.08,91735.21,75996.9255,0.9054,0.985,0.64,22.8633,22.8633,2.6371,1.9433,1.9433,1.0461,1.0461,147772.4982,101320.4854,93132.9316,1239811.2599,850078.8725,,,28.625
000002,万科A,全国地产,深圳,19910129,000002.SZ,20040318,8.5,8.5,8.27,8.3,8.5,-0.2,-2.35,123285.12,103271.056,1.2168,1.3238,0.78,22.6181,22.6181,2.6088,1.9224,1.9224,1.0575,1.0575,147772.4982,101320.4854,93132.9316,1226511.7351,840960.0288,,,28.625
000002,万科A,全国地产,深圳,19910129,000002.SZ,20040317,8.49,8.55,8.42,8.5,8.49,0.01,0.12,121409.87,103175.6339,1.1983,1.3036,0.78,23.1631,23.1631,2.6717,1.9687,1.9687,1.0326,1.0326,147772.4982,101320.4854,93132.9316,1256066.2347,861224.1259,,,28.625
000002,万科A,全国地产,深圳,19910129,000002.SZ,20040316,8.52,8.58,8.39,8.49,8.5,-0.01,-0.12,129682.66,110108.6635,1.2799,1.3924,0.79,23.1358,23.1358,2.6686,1.9664,1.9664,1.0338,1.0338,147772.4982,101320.4854,93132.9316,1254588.5097,860210.921,,,28.625
000002,万科A,全国地产,深圳,19910129,000002.SZ,20040315,8.39,8.56,8.36,8.5,8.39,0.11,1.31,242415.34,206211.4802,2.3926,2.6029,1.83,23.1631,23.1631,2.6717,1.9687,1.9687,1.0326,1.0326,147772.4982,101320.4854,93132.9316,1256066.2347,861224.1259,,,28.625
000002,万科A,全国地产,深圳,19910129,000002.SZ,20040312,8.38,8.4,8.23,8.39,8.38,0.01,0.12,103116.45,85697.4919,1.0177,1.1072,0.82,22.8633,22.8633,2.6371,1.9433,1.9433,1.0461,1.0461,147772.4982,101320.4854,93132.9316,1239811.2599,850078.8725,,,28.625
000002,万科A,全国地产,深圳,19910129,000002.SZ,20040311,8.2,8.41,8.18,8.38,8.19,0.19,2.32,196911.13,163374.7547,1.9434,2.1143,1.88,22.8361,22.8361,2.634,1.9409,1.9409,1.0474,1.0474,147772.4982,101320.4854,93132.9316,1238333.5349,849065.6677,,,28.625
000002,万科A,全国地产,深圳,19910129,000002.SZ,20040310,8.1,8.21,8.04,8.19,8.1,0.09,1.11,108528.91,88307.1381,1.0711,1.1653,1.08,22.3183,22.3183,2.5743,1.8969,1.8969,1.0717,1.0717,147772.4982,101320.4854,93132.9316,1210256.7603,829814.7754,,,28.625
000002,万科A,全国地产,深圳,19910129,000002.SZ,20040309,8.15,8.28,8.0,8.1,7.98,0.12,1.5,168358.86,137572.8644,1.6616,1.8077,1.77,22.0731,22.0731,2.546,1.8761,1.8761,1.0836,1.0836,147772.4982,101320.4854,93132.9316,1196957.2354,820695.9317,,,28.625
000002,万科A,全国地产,深圳,19910129,000002.SZ,20040308,8.21,8.22,7.97,7.98,8.18,-0.2,-2.45,84622.28,68092.1962,0.9086,0.9096,0.72,29.1272,23.7877,2.5225,2.4351,2.031,1.1966,1.1966,139584.9444,93132.9316,93027.5821,1113887.8563,743200.7942,,,28.625
000002,万科A,全国地产,深圳,19910129,000002.SZ,20040305,8.15,8.24,8.08,8.18,8.16,0.02,0.25,68321.66,55752.4541,0.7336,0.7344,0.56,29.8573,24.3839,2.5857,2.4961,2.0819,1.1673,1.1673,139584.9444,93132.9316,93027.5821,1141804.8452,761827.3805,,,28.625
000002,万科A,全国地产,深圳,19910129,000002.SZ,20040304,8.1,8.19,8.02,8.16,8.11,0.05,0.62,95145.91,77012.1658,1.0216,1.0228,0.75,29.7843,24.3243,2.5794,2.49,2.0768,1.1702,1.1702,139584.9444,93132.9316,93027.5821,1139013.1463,759964.7219,,,28.625
000002,万科A,全国地产,深圳,19910129,000002.SZ,20040303,8.25,8.32,8.1,8.11,8.25,-0.14,-1.7,87757.19,71832.6971,0.9423,0.9433,0.65,29.6018,24.1753,2.5636,2.4747,2.064,1.1774,1.1774,139584.9444,93132.9316,93027.5821,1132033.8991,755308.0753,,,28.625
000002,万科A,全国地产,深圳,19910129,000002.SZ,20040302,8.4,8.51,8.21,8.25,8.4,-0.15,-1.79,140507.49,117185.8379,1.5087,1.5104,0.99,30.1128,24.5926,2.6078,2.5175,2.0997,1.1574,1.1574,139584.9444,93132.9316,93027.5821,1151575.7913,768346.6857,,,28.625
000002,万科A,全国地产,深圳,19910129,000002.SZ,20040301,8.18,8.51,8.15,8.4,8.16,0.24,2.94,192054.34,160718.0432,2.0622,2.0645,1.25,30.6603,25.0397,2.6552,2.5632,2.1379,1.1367,1.1367,139584.9444,93132.9316,93027.5821,1172513.533,782316.6254,,,28.625
000002,万科A,全国地产,深圳,19910129,000002.SZ,20040227,8.03,8.19,8.03,8.16,8.03,0.13,1.62,94478.95,76702.3672,1.0145,1.0156,0.59,29.7843,24.3243,2.5794,2.49,2.0768,1.1702,1.1702,139584.9444,93132.9316,93027.5821,1139013.1463,759964.7219,,,28.625
000002,万科A,全国地产,深圳,19910129,000002.SZ,20040226,8.0,8.07,7.95,8.03,8.01,0.02,0.25,122381.67,97906.5162,1.3141,1.3155,0.72,29.3097,23.9368,2.5383,2.4503,2.0437,1.1891,1.1891,139584.9444,93132.9316,93027.5821,1120867.1035,747857.4407,,,28.625
000002,万科A,全国地产,深圳,19910129,000002.SZ,20040225,8.13,8.24,7.92,8.01,8.12,-0.11,-1.35,128807.09,104328.5898,1.383,1.3846,0.74,29.2367,23.8772,2.5319,2.4442,2.0386,1.1921,1.1921,139584.9444,93132.9316,93027.5821,1118075.4046,745994.7821,,,28.625
000002,万科A,全国地产,深圳,19910129,000002.SZ,20040224,8.03,8.12,7.99,8.12,8.07,0.05,0.62,173927.83,139922.0278,1.8675,1.8696,0.98,29.6383,24.2051,2.5667,2.4778,2.0666,1.1759,1.1759,139584.9444,93132.9316,93027.5821,1133429.7485,756239.4046,,,28.625
000002,万科A,全国地产,深圳,19910129,000002.SZ,20040223,8.4,8.46,8.01,8.07,8.42,-0.35,-4.16,246728.44,202355.7621,2.6492,2.6522,1.42,29.4557,24.056,2.5509,2.4625,2.0539,1.1832,1.1832,139584.9444,93132.9316,93027.5821,1126450.5013,751582.758,,,28.625
000002,万科A,全国地产,深圳,19910129,000002.SZ,20040220,8.4,8.5,8.25,8.42,8.4,0.02,0.24,123107.62,102909.184,1.3218,1.3233,0.59,30.7333,25.0993,2.6615,2.5693,2.1429,1.134,1.134,139584.9444,93132.9316,93027.5821,1175305.2318,784179.2841,,,28.625
000002,万科A,全国地产,深圳,19910129,000002.SZ,20040219,8.55,8.66,8.35,8.4,8.57,-0.17,-1.98,171681.72,144972.7324,1.8434,1.8455,0.84,30.6603,25.0397,2.6552,2.5632,2.1379,1.1367,1.1367,139584.9444,93132.9316,93027.5821,1172513.533,782316.6254,,,28.625
000002,万科A,全国地产,深圳,19910129,000002.SZ,20040218,8.58,8.66,8.5,8.57,8.58,-0.01,-0.12,156888.28,134671.6693,1.6846,1.6865,0.72,31.2808,25.5465,2.709,2.6151,2.1811,1.1142,1.1142,139584.9444,93132.9316,93027.5821,1196242.9735,798149.2238,,,28.625
000002,万科A,全国地产,深圳,19910129,000002.SZ,20040217,8.7,8.75,8.55,8.58,8.68,-0.1,-1.15,189909.19,163796.8564,2.0391,2.0414,0.67,31.3173,25.5763,2.7121,2.6182,2.1837,1.1129,1.1129,139584.9444,93132.9316,93027.5821,1197638.823,799080.5531,,,28.625
000002,万科A,全国地产,深圳,19910129,000002.SZ,20040216,8.4,8.7,8.4,8.68,8.38,0.3,3.58,229635.38,197691.5411,2.4657,2.4685,0.83,31.6823,25.8744,2.7437,2.6487,2.2091,1.1001,1.1001,139584.9444,93132.9316,93027.5821,1211597.3174,808393.8463,,,28.625
000002,万科A,全国地产,深圳,19910129,000002.SZ,20040213,8.24,8.62,8.16,8.38,8.27,0.11,1.33,288765.21,243219.6239,3.1006,3.1041,1.14,30.5873,24.9801,2.6489,2.5571,2.1328,1.1394,1.1394,139584.9444,93132.9316,93027.5821,1169721.8341,780453.9668,,,28.625
000002,万科A,全国地产,深圳,19910129,000002.SZ,20040212,8.27,8.38,8.1,8.27,8.27,0.0,0.0,152955.77,126040.4306,1.6423,1.6442,0.6,30.1858,24.6522,2.6141,2.5236,2.1048,1.1546,1.1546,139584.9444,93132.9316,93027.5821,1154367.4902,770209.3443,,,28.625
000002,万科A,全国地产,深圳,19910129,000002.SZ,20040211,8.33,8.34,8.1,8.27,8.38,-0.11,-1.31,223216.33,183337.228,2.3967,2.3995,0.86,30.1858,24.6522,2.6141,2.5236,2.1048,1.1546,1.1546,139584.9444,93132.9316,93027.5821,1154367.4902,770209.3443,,,28.625
000002,万科A,全国地产,深圳,19910129,000002.SZ,20040210,8.05,8.67,8.05,8.38,8.05,0.33,4.1,524270.43,437371.3248,5.6293,5.6356,2.96,30.5873,24.9801,2.6489,2.5571,2.1328,1.1394,1.1394,139584.9444,93132.9316,93027.5821,1169721.8341,780453.9668,,,28.625
000002,万科A,全国地产,深圳,19910129,000002.SZ,20040209,7.88,8.21,7.87,8.05,7.88,0.17,2.16,202120.03,162601.4304,2.1702,2.1727,1.08,29.3827,23.9964,2.5446,2.4564,2.0488,1.1861,1.1861,139584.9444,93132.9316,93027.5821,1123658.8024,749720.0994,,,28.625
000002,万科A,全国地产,深圳,19910129,000002.SZ,20040206,8.0,8.01,7.8,7.88,8.04,-0.16,-1.99,162619.12,128677.3058,1.7461,1.7481,0.81,28.7622,23.4896,2.4909,2.4046,2.0055,1.2117,1.2117,139584.9444,93132.9316,93027.5821,1099929.3619,733887.501,,,28.625
000002,万科A,全国地产,深圳,19910129,000002.SZ,20040205,8.19,8.2,7.95,8.04,8.2,-0.16,-1.95,161880.01,130503.2349,1.7382,1.7401,0.77,29.3462,23.9666,2.5414,2.4534,2.0462,1.1876,1.1876,139584.9444,93132.9316,93027.5821,1122262.953,748788.7701,,,28.625
000002,万科A,全国地产,深圳,19910129,000002.SZ,20040204,8.0,8.29,7.99,8.2,7.97,0.23,2.89,245828.07,201564.2841,2.6395,2.6425,1.18,29.9303,24.4435,2.592,2.5022,2.087,1.1645,1.1645,139584.9444,93132.9316,93027.5821,1144596.5441,763690.0391,,,28.625
000002,万科A,全国地产,深圳,19910129,000002.SZ,20040203,7.82,7.99,7.74,7.97,7.81,0.16,2.05,114481.74,90298.4113,1.2292,1.2306,0.45,29.0907,23.7579,2.5193,2.432,2.0284,1.1981,1.1981,139584.9444,93132.9316,93027.5821,1112492.0069,742269.4649,,,28.625
000002,万科A,全国地产,深圳,19910129,000002.SZ,20040202,8.13,8.27,7.8,7.81,7.85,-0.04,-0.51,251073.92,200634.7089,2.6959,2.6989,1.03,28.5067,23.281,2.4687,2.3832,1.9877,1.2226,1.2226,139584.9444,93132.9316,93027.5821,1090158.4158,727368.1958,,,28.625
000002,万科A,全国地产,深圳,19910129,000002.SZ,20040130,8.22,8.23,7.84,7.85,8.19,-0.34,-4.15,227540.88,181181.4824,2.4432,2.446,0.96,28.6527,23.4002,2.4814,2.3954,1.9979,1.2164,1.2164,139584.9444,93132.9316,93027.5821,1095741.8135,731093.5131,,,28.625
000002,万科A,全国地产,深圳,19910129,000002.SZ,20040129,7.97,8.31,7.96,8.19,7.94,0.25,3.15,214614.55,176313.237,2.3044,2.307,0.96,29.8938,24.4137,2.5888,2.4991,2.0844,1.1659,1.1659,139584.9444,93132.9316,93027.5821,1143200.6946,762758.7098,,,28.625
000002,万科A,全国地产,深圳,19910129,000002.SZ,20040116,7.89,8.09,7.75,7.94,7.8,0.14,1.79,232927.75,185853.3084,2.501,2.5039,0.95,28.9812,23.6685,2.5098,2.4229,2.0208,1.2026,1.2026,139584.9444,93132.9316,93027.5821,1108304.4585,739475.4769,,,28.625
000002,万科A,全国地产,深圳,19910129,000002.SZ,20040115,7.52,8.03,7.5,7.8,7.52,0.28,3.72,357478.29,280632.2697,3.8384,3.8427,1.61,28.4702,23.2512,2.4656,2.3801,1.9852,1.2242,1.2242,139584.9444,93132.9316,93027.5821,1088762.5663,726436.8665,,,28.625
000002,万科A,全国地产,深圳,19910129,000002.SZ,20040114,7.37,7.59,7.28,7.52,7.38,0.14,1.9,190272.35,141185.1394,2.043,2.0453,0.79,27.4482,22.4165,2.3771,2.2947,1.9139,1.2697,1.2697,139584.9444,93132.9316,93027.5821,1049678.7819,700359.6456,,,28.625
000002,万科A,全国地产,深圳,19910129,000002.SZ,20040113,7.55,7.6,7.35,7.38,7.52,-0.14,-1.86,184103.72,137374.637,1.9768,1.979,0.69,26.9372,21.9992,2.3328,2.252,1.8783,1.2938,1.2938,139584.9444,93132.9316,93027.5821,1030136.8897,687321.0352,,,28.625
000002,万科A,全国地产,深圳,19910129,000002.SZ,20040112,7.18,7.54,7.15,7.52,7.21,0.31,4.3,156879.92,114901.6064,1.6845,1.6864,0.47,27.4482,22.4165,2.3771,2.2947,1.9139,1.2697,1.2697,139584.9444,93132.9316,93027.5821,1049678.7819,700359.6456,,,28.625
000002,万科A,全国地产,深圳,19910129,000002.SZ,20040109,7.5,7.57,7.2,7.21,7.51,-0.3,-3.99,334103.28,246249.9929,3.5874,3.5914,1.08,26.3167,21.4924,2.2791,2.2001,1.835,1.3243,1.3243,139584.9444,93132.9316,93027.5821,1006407.4491,671488.4368,,,28.625
000002,万科A,全国地产,深圳,19910129,000002.SZ,20040108,7.48,7.65,7.46,7.51,7.5,0.01,0.13,241406.5,182786.4312,2.5921,2.595,0.81,27.4117,22.3867,2.3739,2.2916,1.9113,1.2714,1.2714,139584.9444,93132.9316,93027.5821,1048282.9324,699428.3163,,,28.625
000002,万科A,全国地产,深圳,19910129,000002.SZ,20040107,7.38,7.63,7.27,7.5,7.38,0.12,1.63,283585.62,212141.1473,3.045,3.0484,1.14,27.3752,22.3569,2.3707,2.2886,1.9088,1.2731,1.2731,139584.9444,93132.9316,93027.5821,1046887.083,698496.987,,,28.625
000002,万科A,全国地产,深圳,19910129,000002.SZ,20040106,7.31,7.48,7.23,7.38,7.31,0.07,0.96,312158.4,228720.7211,3.3518,3.3555,1.53,26.9372,21.9992,2.3328,2.252,1.8783,1.2938,1.2938,139584.9444,93132.9316,93027.5821,1030136.8897,687321.0352,,,28.625
000002,万科A,全国地产,深圳,19910129,000002.SZ,20040105,6.9,7.36,6.89,7.31,6.87,0.44,6.4,495758.58,358388.268,5.3291,5.3292,3.87,26.6616,21.7741,2.3089,2.2289,1.859,1.3077,1.3077,139479.7315,93027.7187,93027.5821,1019596.8373,680032.6237,,,28.625
000002,万科A,全国地产,深圳,19910129,000002.SZ,20040102,6.5,6.95,6.47,6.87,6.54,0.33,5.05,219068.73,149457.2742,2.3549,2.3549,1.72,25.0568,20.4635,2.17,2.0948,1.7471,1.3915,1.3915,139479.7315,93027.7187,93027.5821,958225.7554,639100.4275,,,28.625
000002,万科A,全国地产,深圳,19910129,000002.SZ,20031231,6.46,6.68,6.45,6.54,6.45,0.09,1.4,172883.6,114142.9753,1.8584,1.8584,1.24,23.8532,19.4805,2.0657,1.9942,1.6632,1.3107,1.4617,139479.7315,93027.7187,93027.5821,912197.444,608401.2803,,,28.625
000002,万科A,全国地产,深圳,19910129,000002.SZ,20031230,6.4,6.52,6.4,6.45,6.42,0.03,0.47,47378.17,30676.7137,0.5093,0.5093,0.26,23.525,19.2124,2.0373,1.9667,1.6403,1.329,1.4821,139479.7315,93027.7187,93027.5821,899644.2682,600028.7856,,,28.625
000002,万科A,全国地产,深圳,19910129,000002.SZ,20031229,6.5,6.6,6.4,6.42,6.53,-0.11,-1.68,84977.55,55096.3669,0.9135,0.9135,0.44,23.4155,19.1231,2.0278,1.9576,1.6327,1.3352,1.489,139479.7315,93027.7187,93027.5821,895459.8762,597237.9541,,,28.625
000002,万科A,全国地产,深圳,19910129,000002.SZ,20031226,6.59,6.6,6.45,6.53,6.54,-0.01,-0.15,115665.08,75309.8089,1.2433,1.2433,0.59,23.8167,19.4507,2.0626,1.9911,1.6607,1.3127,1.4639,139479.7315,93027.7187,93027.5821,910802.6467,607471.0031,,,28.625
000002,万科A,全国地产,深圳,19910129,000002.SZ,20031225,6.47,6.7,6.47,6.54,6.46,0.08,1.24,214996.97,141686.1716,2.3111,2.3111,1.3,23.8532,19.4805,2.0657,1.9942,1.6632,1.3107,1.4617,139479.7315,93027.7187,93027.5821,912197.444,608401.2803,,,28.625
000002,万科A,全国地产,深圳,19910129,000002.SZ,20031224,6.3,6.53,6.3,6.46,6.3,0.16,2.54,235162.77,151277.4834,2.5279,2.5279,1.82,23.5614,19.2422,2.0405,1.9698,1.6429,1.3269,1.4798,139479.7315,93027.7187,93027.5821,901039.0655,600959.0628,,,28.625
000002,万科A,全国地产,深圳,19910129,000002.SZ,20031223,6.1,6.37,6.04,6.3,6.1,0.2,3.28,267537.77,167623.7607,2.8759,2.8759,3.14,22.9779,18.7656,1.9899,1.921,1.6022,1.3606,1.5174,139479.7315,93027.7187,93027.5821,878722.3085,586074.6278,,,28.625
000002,万科A,全国地产,深圳,19910129,000002.SZ,20031222,6.0,6.1,5.79,6.1,6.0,0.1,1.67,141020.55,83345.9036,1.5159,1.5159,2.13,22.2484,18.1699,1.9267,1.86,1.5513,1.4052,1.5671,139479.7315,93027.7187,93027.5821,850826.3622,567469.0841,,,28.625
000002,万科A,全国地产,深圳,19910129,000002.SZ,20031219,5.91,6.08,5.87,6.0,5.91,0.09,1.52,125181.07,74736.2,1.3456,1.3456,2.61,21.8837,17.872,1.8952,1.8295,1.5259,1.4287,1.5932,139479.7315,93027.7187,93027.5821,836878.389,558166.3122,,,28.625
000002,万科A,全国地产,深圳,19910129,000002.SZ,20031218,5.95,6.05,5.88,5.91,5.99,-0.08,-1.34,57652.02,34241.4001,0.6197,0.6197,0.95,21.5554,17.604,1.8667,1.8021,1.503,1.4504,1.6175,139479.7315,93027.7187,93027.5821,824325.2132,549793.8175,,,28.625
000002,万科A,全国地产,深圳,19910129,000002.SZ,20031217,6.05,6.1,5.97,5.99,6.05,-0.06,-0.99,54924.4,33185.6412,0.5904,0.5904,0.96,21.8472,17.8423,1.892,1.8264,1.5233,1.431,1.5959,139479.7315,93027.7187,93027.5821,835483.5917,557236.035,,,28.625
000002,万科A,全国地产,深圳,19910129,000002.SZ,20031216,6.13,6.13,6.01,6.05,6.15,-0.1,-1.63,46738.24,28294.3424,0.5024,0.5024,0.89,22.066,18.021,1.911,1.8447,1.5386,1.4168,1.5801,139479.7315,93027.7187,93027.5821,843852.3756,562817.6981,,,28.625
000002,万科A,全国地产,深圳,19910129,000002.SZ,20031215,6.12,6.17,6.06,6.15,6.11,0.04,0.65,46424.93,28495.1531,0.499,0.499,0.91,22.4308,18.3188,1.9425,1.8752,1.564,1.3938,1.5544,139479.7315,93027.7187,93027.5821,857800.3487,572120.47,,,28.625
000002,万科A,全国地产,深圳,19910129,000002.SZ,20031212,6.13,6.14,6.08,6.11,6.13,-0.02,-0.33,34339.23,20964.0893,0.3691,0.3691,0.61,22.2849,18.1997,1.9299,1.863,1.5539,1.4029,1.5645,139479.7315,93027.7187,93027.5821,852221.1595,568399.3613,,,28.625
000002,万科A,全国地产,深圳,19910129,000002.SZ,20031211,6.07,6.23,6.04,6.13,6.06,0.07,1.16,119551.29,73338.7697,1.2851,1.2851,2.39,22.3578,18.2593,1.9362,1.8691,1.5589,1.3984,1.5594,139479.7315,93027.7187,93027.5821,855010.7541,570259.9156,,,28.625
000002,万科A,全国地产,深圳,19910129,000002.SZ,20031210,6.03,6.08,6.0,6.06,6.05,0.01,0.17,38251.02,23074.9807,0.4112,0.4112,0.71,22.1025,18.0508,1.9141,1.8478,1.5411,1.4145,1.5774,139479.7315,93027.7187,93027.5821,845247.1729,563747.9753,,,28.625
000002,万科A,全国地产,深圳,19910129,000002.SZ,20031209,6.0,6.06,5.97,6.05,6.0,0.05,0.83,24472.73,14705.4864,0.2631,0.2631,0.42,22.066,18.021,1.911,1.8447,1.5386,1.4168,1.5801,139479.7315,93027.7187,93027.5821,843852.3756,562817.6981,,,28.625
000002,万科A,全国地产,深圳,19910129,000002.SZ,20031208,6.01,6.09,5.97,6.0,6.02,-0.02,-0.33,38078.11,22898.9601,0.4093,0.4093,0.61,21.8837,17.872,1.8952,1.8295,1.5259,1.4287,1.5932,139479.7315,93027.7187,93027.5821,836878.389,558166.3122,,,28.625
000002,万科A,全国地产,深圳,19910129,000002.SZ,20031205,6.15,6.16,6.01,6.02,6.12,-0.1,-1.63,62109.13,37836.3984,0.6676,0.6676,1.17,21.9566,17.9316,1.9015,1.8356,1.531,1.4239,1.5879,139479.7315,93027.7187,93027.5821,839667.9836,560026.8666,,,28.625
000002,万科A,全国地产,深圳,19910129,000002.SZ,20031204,6.0,6.12,5.94,6.12,6.0,0.12,2.0,87320.4,52730.7173,0.9386,0.9387,1.99,22.3214,18.2295,1.9331,1.8661,1.5564,1.4006,1.562,139479.7315,93027.7187,93027.5821,853615.9568,569329.6384,,,28.625
000002,万科A,全国地产,深圳,19910129,000002.SZ,20031203,6.01,6.03,5.91,6.0,5.99,0.01,0.17,56046.0,33421.4514,0.6025,0.6025,1.36,21.8837,17.872,1.8952,1.8295,1.5259,1.4287,1.5932,139479.7315,93027.7187,93027.5821,836878.389,558166.3122,,,28.625
000002,万科A,全国地产,深圳,19910129,000002.SZ,20031202,6.06,6.1,5.98,5.99,6.05,-0.06,-0.99,46691.63,28164.3594,0.5019,0.5019,0.89,21.8472,17.8423,1.892,1.8264,1.5233,1.431,1.5959,139479.7315,93027.7187,93027.5821,835483.5917,557236.035,,,28.625
000002,万科A,全国地产,深圳,19910129,000002.SZ,20031201,5.91,6.13,5.89,6.05,5.91,0.14,2.37,60203.33,36183.3825,0.6472,0.6472,1.18,22.066,18.021,1.911,1.8447,1.5386,1.4168,1.5801,139479.7315,93027.7187,93027.5821,843852.3756,562817.6981,,,28.625
000002,万科A,全国地产,深圳,19910129,000002.SZ,20031128,5.9,5.95,5.87,5.91,5.87,0.04,0.68,15544.13,9177.9692,0.1671,0.1671,0.28,21.5554,17.604,1.8667,1.8021,1.503,1.4504,1.6175,139479.7315,93027.7187,93027.5821,824325.2132,549793.8175,,,28.625
000002,万科A,全国地产,深圳,19910129,000002.SZ,20031127,5.99,6.02,5.86,5.87,6.0,-0.13,-2.17,40741.88,24168.9271,0.438,0.438,0.69,21.4095,17.4848,1.8541,1.7899,1.4928,1.4603,1.6285,139479.7315,93027.7187,93027.5821,818746.0239,546072.7088,,,28.625
000002,万科A,全国地产,深圳,19910129,000002.SZ,20031126,6.07,6.1,5.96,6.0,6.05,-0.05,-0.83,43577.85,26219.5104,0.4684,0.4684,0.79,21.8837,17.872,1.8952,1.8295,1.5259,1.4287,1.5932,139479.7315,93027.7187,93027.5821,836878.389,558166.3122,,,28.625
000002,万科A,全国地产,深圳,19910129,000002.SZ,20031125,6.03,6.18,5.99,6.05,6.01,0.04,0.67,103124.37,62514.0789,1.1085,1.1085,2.66,22.066,18.021,1.911,1.8447,1.5386,1.4168,1.5801,139479.7315,93027.7187,93027.5821,843852.3756,562817.6981,,,28.625
000002,万科A,全国地产,深圳,19910129,000002.SZ,20031124,5.87,6.04,5.81,6.01,5.87,0.14,2.39,52461.64,31374.6242,0.5639,0.5639,1.65,21.9202,17.9018,1.8983,1.8325,1.5284,1.4263,1.5906,139479.7315,93027.7187,93027.5821,838273.1863,559096.5894,,,28.625
000002,万科A,全国地产,深圳,19910129,000002.SZ,20031121,5.9,6.05,5.85,5.87,5.9,-0.03,-0.51,38336.52,22747.9947,0.4121,0.4121,1.14,21.4095,17.4848,1.8541,1.7899,1.4928,1.4603,1.6285,139479.7315,93027.7187,93027.5821,818746.0239,546072.7088,,,28.625
000002,万科A,全国地产,深圳,19910129,000002.SZ,20031120,5.8,6.0,5.79,5.9,5.82,0.08,1.37,58494.72,34484.0259,0.6288,0.6288,1.98,21.5189,17.5742,1.8636,1.799,1.5005,1.4529,1.6202,139479.7315,93027.7187,93027.5821,822930.4159,548863.5403,,,28.625
000002,万科A,全国地产,深圳,19910129,000002.SZ,20031119,5.79,5.83,5.74,5.82,5.79,0.03,0.52,24261.22,14075.1934,0.2608,0.2608,0.88,21.2272,17.3359,1.8383,1.7746,1.4801,1.4728,1.6425,139479.7315,93027.7187,93027.5821,811772.0373,541421.3228,,,28.625
000002,万科A,全国地产,深圳,19910129,000002.SZ,20031118,5.81,5.85,5.75,5.79,5.81,-0.02,-0.34,20327.17,11752.6417,0.2185,0.2185,0.77,21.1177,17.2465,1.8288,1.7655,1.4725,1.4805,1.651,139479.7315,93027.7187,93027.5821,807587.6454,538630.4913,,,28.625
000002,万科A,全国地产,深圳,19910129,000002.SZ,20031117,5.81,5.88,5.76,5.81,5.81,0.0,0.0,17661.66,10274.0737,0.1899,0.1899,0.68,21.1907,17.3061,1.8351,1.7716,1.4776,1.4754,1.6453,139479.7315,93027.7187,93027.5821,810377.24,540491.0456,,,28.625
000002,万科A,全国地产,深圳,19910129,000002.SZ,20031114,5.8,5.85,5.72,5.81,5.8,0.01,0.17,46915.22,26993.4244,0.5043,0.5043,1.86,21.1907,17.3061,1.8351,1.7716,1.4776,1.4754,1.6453,139479.7315,93027.7187,93027.5821,810377.24,540491.0456,,,28.625
000002,万科A,全国地产,深圳,19910129,000002.SZ,20031113,5.9,5.92,5.79,5.8,5.89,-0.09,-1.53,38726.09,22600.4446,0.4163,0.4163,1.59,21.1542,17.2763,1.832,1.7685,1.475,1.4779,1.6482,139479.7315,93027.7187,93027.5821,808982.4427,539560.7685,,,28.625
000002,万科A,全国地产,深圳,19910129,000002.SZ,20031112,5.97,5.98,5.88,5.89,5.96,-0.07,-1.17,13503.31,7975.7364,0.1452,0.1452,0.45,21.4825,17.5444,1.8604,1.796,1.4979,1.4553,1.623,139479.7315,93027.7187,93027.5821,821535.6185,547933.2631,,,28.625
000002,万科A,全国地产,深圳,19910129,000002.SZ,20031111,5.93,6.0,5.9,5.96,5.95,0.01,0.17,15683.57,9307.9569,0.1686,0.1686,0.33,21.7378,17.7529,1.8825,1.8173,1.5157,1.4382,1.6039,139479.7315,93027.7187,93027.5821,831299.1997,554445.2035,,,28.625
000002,万科A,全国地产,深圳,19910129,000002.SZ,20031110,5.95,5.99,5.89,5.95,5.95,0.0,0.0,14507.87,8597.3292,0.156,0.156,0.28,21.7013,17.7231,1.8794,1.8143,1.5132,1.4407,1.6066,139479.7315,93027.7187,93027.5821,829904.4024,553514.9263,,,28.625
000002,万科A,全国地产,深圳,19910129,000002.SZ,20031107,6.05,6.06,5.85,5.95,6.08,-0.13,-2.14,43599.86,25972.2337,0.4687,0.4687,0.88,21.7013,17.7231,1.8794,1.8143,1.5132,1.4407,1.6066,139479.7315,93027.7187,93027.5821,829904.4024,553514.9263,,,28.625
000002,万科A,全国地产,深圳,19910129,000002.SZ,20031106,6.13,6.15,6.04,6.08,6.14,-0.06,-0.98,34414.44,20953.8634,0.3699,0.3699,0.72,22.1755,18.1103,1.9204,1.8539,1.5462,1.4099,1.5723,139479.7315,93027.7187,93027.5821,848036.7675,565608.5297,,,28.625
000002,万科A,全国地产,深圳,19910129,000002.SZ,20031105,6.23,6.25,6.12,6.14,6.23,-0.09,-1.44,43092.62,26603.8654,0.4632,0.4632,0.89,22.3943,18.2891,1.9394,1.8722,1.5615,1.3961,1.5569,139479.7315,93027.7187,93027.5821,856405.5514,571190.1928,,,28.625
000002,万科A,全国地产,深圳,19910129,000002.SZ,20031104,6.05,6.33,6.01,6.23,6.06,0.17,2.81,103358.74,64105.7181,1.1111,1.1111,3.0,22.7226,18.5571,1.9678,1.8996,1.5844,1.3759,1.5344,139479.7315,93027.7187,93027.5821,868958.7272,579562.6875,,,28.625
000002,万科A,全国地产,深圳,19910129,000002.SZ,20031103,5.89,6.07,5.86,6.06,5.94,0.12,2.02,32246.27,19367.4689,0.3466,0.3466,0.97,22.1025,18.0508,1.9141,1.8478,1.5411,1.4145,1.5774,139479.7315,93027.7187,93027.5821,845247.1729,563747.9753,,,28.625
000002,万科A,全国地产,深圳,19910129,000002.SZ,20031031,5.99,6.03,5.9,5.94,6.0,-0.06,-1.0,34712.99,20651.2471,0.3731,0.3731,1.01,21.6648,17.6933,1.8762,1.8112,1.5106,1.4431,1.6093,139479.7315,93027.7187,93027.5821,828509.6051,552584.6491,,,28.625
000002,万科A,全国地产,深圳,19910129,000002.SZ,20031030,6.08,6.08,5.98,6.0,6.08,-0.08,-1.32,24735.56,14877.2017,0.2659,0.2659,0.55,21.8837,17.872,1.8952,1.8295,1.5259,1.4287,1.5932,139479.7315,93027.7187,93027.5821,836878.389,558166.3122,,,28.625
000002,万科A,全国地产,深圳,19910129,000002.SZ,20031029,6.01,6.1,5.96,6.08,6.02,0.06,1.0,47751.41,28771.8267,0.5133,0.5133,1.26,22.1755,18.1103,1.9204,1.8539,1.5462,1.4099,1.5723,139479.7315,93027.7187,93027.5821,848036.7675,565608.5297,,,28.625
000002,万科A,全国地产,深圳,19910129,000002.SZ,20031028,6.02,6.06,5.96,6.02,6.06,-0.04,-0.66,32627.71,19618.6901,0.3507,0.3507,0.98,21.9566,17.9316,1.9015,1.8356,1.531,1.4239,1.5879,139479.7315,93027.7187,93027.5821,839667.9836,560026.8666,,,28.625
000002,万科A,全国地产,深圳,19910129,000002.SZ,20031024,6.07,6.1,6.0,6.06,6.08,-0.02,-0.33,26624.01,16107.9843,0.2862,0.2897,0.88,22.1025,18.9059,1.9728,1.8478,1.606,1.4145,1.5774,139479.5949,93027.5821,91886.6468,845246.3451,563747.1475,,,28.625
000002,万科A,全国地产,深圳,19910129,000002.SZ,20031023,6.2,6.23,6.07,6.08,6.17,-0.09,-1.46,40089.0,24563.2066,0.4309,0.4363,1.53,22.1754,18.9683,1.9793,1.8539,1.6113,1.4099,1.5723,139479.5949,93027.5821,91886.6468,848035.937,565607.6992,,,28.625
000002,万科A,全国地产,深圳,19910129,000002.SZ,20031022,6.0,6.21,5.96,6.17,5.97,0.2,3.35,78522.92,48080.9123,0.8441,0.8546,3.7,22.5037,19.2491,2.0086,1.8813,1.6351,1.3893,1.5493,139479.5949,93027.5821,91886.6468,860589.1005,573980.1816,,,28.625
000002,万科A,全国地产,深圳,19910129,000002.SZ,20031021,5.9,6.0,5.87,5.97,5.91,0.06,1.02,11784.58,7017.1353,0.1267,0.1283,0.51,21.7742,18.6252,1.9435,1.8203,1.5821,1.4358,1.6012,139479.5949,93027.5821,91886.6468,832693.1816,555374.6651,,,28.625
000002,万科A,全国地产,深圳,19910129,000002.SZ,20031020,5.88,5.93,5.86,5.91,5.9,0.01,0.17,9233.73,5449.7872,0.0993,0.1005,0.35,21.5554,18.438,1.924,1.8021,1.5662,1.4504,1.6175,139479.5949,93027.5821,91886.6468,824324.4059,549793.0102,,,28.625
000002,万科A,全国地产,深圳,19910129,000002.SZ,20031017,5.9,5.96,5.86,5.9,5.88,0.02,0.34,11990.64,7094.4349,0.1289,0.1305,0.38,21.5189,18.4068,1.9207,1.799,1.5636,1.4529,1.6202,139479.5949,93027.5821,91886.6468,822929.6099,548862.7344,,,28.625
000002,万科A,全国地产,深圳,19910129,000002.SZ,20031016,6.0,6.0,5.85,5.88,6.0,-0.12,-2.0,19865.13,11753.2409,0.2135,0.2162,0.67,21.446,18.3444,1.9142,1.7929,1.5583,1.4578,1.6257,139479.5949,93027.5821,91886.6468,820140.018,547002.1827,,,28.625
000002,万科A,全国地产,深圳,19910129,000002.SZ,20031015,6.0,6.3,5.95,6.0,5.97,0.03,0.5,53220.73,32599.5506,0.5721,0.5792,2.47,21.8837,18.7188,1.9533,1.8295,1.5901,1.4287,1.5932,139479.5949,93027.5821,91886.6468,836877.5694,558165.4926,,,28.625
000002,万科A,全国地产,深圳,19910129,000002.SZ,20031014,6.02,6.05,5.94,5.97,6.02,-0.05,-0.83,21339.65,12776.7765,0.2294,0.2322,1.01,21.7742,18.6252,1.9435,1.8203,1.5821,1.4358,1.6012,139479.5949,93027.5821,91886.6468,832693.1816,555374.6651,,,28.625
000002,万科A,全国地产,深圳,19910129,000002.SZ,20031013,6.09,6.13,6.0,6.02,6.05,-0.03,-0.5,25561.99,15457.8775,0.2748,0.2782,1.34,21.9566,18.7812,1.9598,1.8356,1.5954,1.4239,1.5879,139479.5949,93027.5821,91886.6468,839667.1613,560026.0442,,,28.625
000002,万科A,全国地产,深圳,19910129,000002.SZ,20031010,5.9,6.09,5.87,6.05,5.89,0.16,2.72,36807.87,22126.1459,0.3996,0.4006,2.62,21.9218,18.7514,1.9567,1.8327,1.5929,1.4309,1.5957,138568.0062,92115.9934,91886.6468,838336.4375,557301.7601,,,28.625
000002,万科A,全国地产,深圳,19910129,000002.SZ,20031009,5.91,5.96,5.87,5.89,5.91,-0.02,-0.34,12421.46,7333.3468,0.1348,0.1352,0.85,21.3421,18.2555,1.9049,1.7842,1.5507,1.4697,1.639,138568.0062,92115.9934,91886.6468,816165.5565,542563.2011,,,28.625
000002,万科A,全国地产,深圳,19910129,000002.SZ,20031008,5.88,5.94,5.85,5.91,5.86,0.05,0.85,11799.83,6967.2499,0.1281,0.1284,0.67,21.4145,18.3175,1.9114,1.7903,1.556,1.4648,1.6335,138568.0062,92115.9934,91886.6468,818936.9166,544405.521,,,28.625
000002,万科A,全国地产,深圳,19910129,000002.SZ,20030930,5.78,5.91,5.75,5.86,5.77,0.09,1.56,19260.53,11256.7002,0.2091,0.2096,1.11,21.2334,18.1625,1.8952,1.7751,1.5428,1.4773,1.6474,138568.0062,92115.9934,91886.6468,812008.5163,539799.7213,,,28.625
000002,万科A,全国地产,深圳,19910129,000002.SZ,20030929,5.9,5.91,5.75,5.77,5.91,-0.14,-2.37,14741.44,8547.5708,0.16,0.1604,0.81,20.9072,17.8836,1.8661,1.7479,1.5191,1.5003,1.6731,138568.0062,92115.9934,91886.6468,799537.3958,531509.2819,,,28.625
000002,万科A,全国地产,深圳,19910129,000002.SZ,20030926,5.9,5.94,5.86,5.91,5.89,0.02,0.34,12019.24,7093.5323,0.1305,0.1308,0.58,21.4145,18.3175,1.9114,1.7903,1.556,1.4648,1.6335,138568.0062,92115.9934,91886.6468,818936.9166,544405.521,,,28.625
000002,万科A,全国地产,深圳,19910129,000002.SZ,20030925,6.01,6.02,5.87,5.89,6.0,-0.11,-1.83,15367.78,9084.9478,0.1668,0.1672,0.68,21.3421,18.2555,1.9049,1.7842,1.5507,1.4697,1.639,138568.0062,92115.9934,91886.6468,816165.5565,542563.2011,,,28.625
000002,万科A,全国地产,深圳,19910129,000002.SZ,20030924,5.88,6.02,5.87,6.0,5.86,0.14,2.39,26582.91,15875.9643,0.2886,0.2893,1.22,21.7406,18.5964,1.9405,1.8175,1.5797,1.4428,1.609,138568.0062,92115.9934,91886.6468,831408.0372,552695.9604,,,28.625
000002,万科A,全国地产,深圳,19910129,000002.SZ,20030923,5.8,5.89,5.7,5.86,5.77,0.09,1.56,17761.48,10279.1355,0.1928,0.1933,0.72,21.2334,18.1625,1.8952,1.7751,1.5428,1.4773,1.6474,138568.0062,92115.9934,91886.6468,812008.5163,539799.7213,,,28.625
000002,万科A,全国地产,深圳,19910129,000002.SZ,20030922,5.83,5.88,5.76,5.77,5.81,-0.04,-0.69,18821.94,10916.6965,0.2043,0.2048,0.71,20.9072,17.8836,1.8661,1.7479,1.5191,1.5003,1.6731,138568.0062,92115.9934,91886.6468,799537.3958,531509.2819,,,28.625
000002,万科A,全国地产,深圳,19910129,000002.SZ,20030919,5.86,5.89,5.78,5.81,5.85,-0.04,-0.68,24777.53,14406.6423,0.269,0.2697,0.94,21.0522,18.0075,1.879,1.76,1.5297,1.49,1.6616,138568.0062,92115.9934,91886.6468,805080.116,535193.9217,,,28.625
000002,万科A,全国地产,深圳,19910129,000002.SZ,20030918,5.86,5.86,5.8,5.85,5.86,-0.01,-0.17,24764.39,14441.1554,0.2688,0.2695,0.91,21.1971,18.1315,1.892,1.7721,1.5402,1.4798,1.6502,138568.0062,92115.9934,91886.6468,810622.8363,538878.5614,,,28.625
000002,万科A,全国地产,深圳,19910129,000002.SZ,20030917,5.95,5.95,5.84,5.86,5.95,-0.09,-1.51,22642.24,13277.3142,0.2458,0.2464,0.56,21.2334,18.1625,1.8952,1.7751,1.5428,1.4773,1.6474,138568.0062,92115.9934,91886.6468,812008.5163,539799.7213,,,28.625
000002,万科A,全国地产,深圳,19910129,000002.SZ,20030916,5.9,5.95,5.86,5.95,5.89,0.06,1.02,33055.27,19518.2404,0.3588,0.3597,0.53,21.5595,18.4414,1.9243,1.8024,1.5665,1.4549,1.6225,138568.0062,92115.9934,91886.6468,824479.6369,548090.1607,,,28.625
000002,万科A,全国地产,深圳,19910129,000002.SZ,20030915,6.02,6.05,5.85,5.89,6.04,-0.15,-2.48,27730.75,16492.5588,0.301,0.3018,0.44,21.3421,18.2555,1.9049,1.7842,1.5507,1.4697,1.639,138568.0062,92115.9934,91886.6468,816165.5565,542563.2011,,,28.625
000002,万科A,全国地产,深圳,19910129,000002.SZ,20030912,6.06,6.09,6.0,6.04,6.05,-0.01,-0.17,23197.24,14009.8112,0.2518,0.2525,0.33,21.8856,18.7204,1.9534,1.8297,1.5902,1.4332,1.5983,138568.0062,92115.9934,91886.6468,836950.7574,556380.6001,,,28.625
000002,万科A,全国地产,深圳,19910129,000002.SZ,20030911,6.04,6.08,6.0,6.05,6.04,0.01,0.17,29889.68,18052.7293,0.3245,0.3253,0.31,21.9218,18.7514,1.9567,1.8327,1.5929,1.4309,1.5957,138568.0062,92115.9934,91886.6468,838336.4375,557301.7601,,,28.625
000002,万科A,全国地产,深圳,19910129,000002.SZ,20030910,6.0,6.06,5.87,6.04,6.01,0.03,0.5,87493.24,51981.1699,0.9498,0.9522,0.96,21.8856,18.7204,1.9534,1.8297,1.5902,1.4332,1.5983,138568.0062,92115.9934,91886.6468,836950.7574,556380.6001,,,28.625
000002,万科A,全国地产,深圳,19910129,000002.SZ,20030909,6.2,6.21,5.99,6.01,6.3,-0.29,-4.6,140881.6,85403.0002,1.5294,1.5332,2.01,21.7769,18.6274,1.9437,1.8206,1.5823,1.4404,1.6063,138568.0062,92115.9934,91886.6468,832793.7173,553617.1203,,,28.625
000002,万科A,全国地产,深圳,19910129,000002.SZ,20030908,6.34,6.36,6.27,6.3,6.34,-0.04,-0.63,31330.52,19780.6063,0.3406,0.341,0.44,22.8057,19.5075,2.0356,1.9066,1.6571,1.3761,1.5346,138434.7432,91982.7304,91886.6468,872138.8822,579491.2015,,,28.625
000002,万科A,全国地产,深圳,19910129,000002.SZ,20030905,6.3,6.38,6.28,6.34,6.32,0.02,0.32,62916.34,39656.7826,0.684,0.6847,0.98,22.9505,19.6313,2.0485,1.9187,1.6676,1.3674,1.5249,138434.7432,91982.7304,91886.6468,877676.2719,583170.5107,,,28.625
000002,万科A,全国地产,深圳,19910129,000002.SZ,20030904,6.4,6.53,6.28,6.32,6.42,-0.1,-1.56,158056.65,100622.2053,1.7183,1.7201,4.04,22.8781,19.5694,2.042,1.9126,1.6624,1.3717,1.5297,138434.7432,91982.7304,91886.6468,874907.577,581330.8561,,,28.625
000002,万科A,全国地产,深圳,19910129,000002.SZ,20030903,6.6,6.6,6.4,6.42,6.6,-0.18,-2.73,62735.59,40686.3369,0.682,0.6827,2.03,23.2401,19.879,2.0743,1.9429,1.6887,1.3504,1.5059,138434.7432,91982.7304,91886.6468,888751.0513,590529.1292,,,28.625
000002,万科A,全国地产,深圳,19910129,000002.SZ,20030902,6.6,6.7,6.58,6.6,6.6,0.0,0.0,36074.05,23921.486,0.3922,0.3926,1.22,23.8917,20.4364,2.1325,1.9974,1.736,1.3135,1.4648,138434.7432,91982.7304,91886.6468,913669.3051,607086.0206,,,28.625
000002,万科A,全国地产,深圳,19910129,000002.SZ,20030901,6.45,6.65,6.43,6.6,6.46,0.14,2.17,39722.91,26074.5568,0.4319,0.4323,1.33,23.8917,20.4364,2.1325,1.9974,1.736,1.3135,1.4648,138434.7432,91982.7304,91886.6468,913669.3051,607086.0206,,,28.625
000002,万科A,全国地产,深圳,19910129,000002.SZ,20030829,6.35,6.49,6.31,6.46,6.35,0.11,1.73,24280.65,15524.4828,0.264,0.2642,0.81,23.3849,20.0029,2.0872,1.955,1.6992,1.342,1.4966,138434.7432,91982.7304,91886.6468,894288.4411,594208.4384,,,28.625
000002,万科A,全国地产,深圳,19910129,000002.SZ,20030828,6.37,6.46,6.3,6.35,6.37,-0.02,-0.31,32988.62,21076.7884,0.3586,0.359,1.17,22.9867,19.6623,2.0517,1.9217,1.6702,1.3652,1.5225,138434.7432,91982.7304,91886.6468,879060.6193,584090.338,,,28.625
000002,万科A,全国地产,深圳,19910129,000002.SZ,20030827,6.48,6.52,6.35,6.37,6.48,-0.11,-1.7,21138.92,13603.5405,0.2298,0.2301,0.63,23.0591,19.7242,2.0582,1.9278,1.6755,1.361,1.5177,138434.7432,91982.7304,91886.6468,881829.3142,585929.9926,,,28.625
000002,万科A,全国地产,深圳,19910129,000002.SZ,20030826,6.49,6.55,6.44,6.48,6.49,-0.01,-0.15,30029.33,19477.2464,0.3265,0.3268,0.63,23.4573,20.0648,2.0937,1.9611,1.7044,1.3379,1.492,138434.7432,91982.7304,91886.6468,897057.1359,596048.093,,,28.625
000002,万科A,全国地产,深圳,19910129,000002.SZ,20030825,6.6,6.62,6.48,6.49,6.64,-0.15,-2.26,41441.89,27047.8585,0.4505,0.451,0.92,23.4935,20.0958,2.0969,1.9641,1.7071,1.3358,1.4897,138434.7432,91982.7304,91886.6468,898441.4834,596967.9203,,,28.625
000002,万科A,全国地产,深圳,19910129,000002.SZ,20030822,6.61,6.68,6.59,6.64,6.61,0.03,0.45,24327.1,16140.9077,0.2645,0.2648,0.55,24.0365,20.5602,2.1454,2.0095,1.7465,1.3056,1.456,138434.7432,91982.7304,91886.6468,919206.6948,610765.3299,,,28.625
000002,万科A,全国地产,深圳,19910129,000002.SZ,20030821,6.67,6.7,6.6,6.61,6.68,-0.07,-1.05,24572.05,16334.5909,0.2671,0.2674,0.52,23.9279,20.4674,2.1357,2.0004,1.7386,1.3115,1.4626,138434.7432,91982.7304,91886.6468,915053.6526,608005.8479,,,28.625
000002,万科A,全国地产,深圳,19910129,000002.SZ,20030820,6.69,6.72,6.62,6.68,6.69,-0.01,-0.15,47695.86,31830.1192,0.5185,0.5191,1.12,24.1813,20.6841,2.1583,2.0216,1.757,1.2978,1.4473,138434.7432,91982.7304,91886.6468,924744.0846,614444.6391,,,28.625
000002,万科A,全国地产,深圳,19910129,000002.SZ,20030819,6.57,6.78,6.57,6.69,6.55,0.14,2.14,99079.6,66370.5287,1.0772,1.0783,3.59,24.2175,20.7151,2.1616,2.0246,1.7597,1.2959,1.4451,138434.7432,91982.7304,91886.6468,926128.432,615364.4664,,,28.625
000002,万科A,全国地产,深圳,19910129,000002.SZ,20030818,6.52,6.59,6.49,6.55,6.5,0.05,0.77,28646.14,18765.3653,0.3114,0.3118,1.08,23.7107,20.2816,2.1163,1.9822,1.7229,1.3236,1.476,138434.7432,91982.7304,91886.6468,906747.568,602486.8841,,,28.625
000002,万科A,全国地产,深圳,19910129,000002.SZ,20030815,6.47,6.53,6.45,6.5,6.48,0.02,0.31,20410.21,13236.1725,0.2219,0.2221,0.64,23.5297,20.1267,2.1002,1.9671,1.7097,1.3337,1.4874,138434.7432,91982.7304,91886.6468,899825.8308,597887.7476,,,28.625
000002,万科A,全国地产,深圳,19910129,000002.SZ,20030814,6.49,6.55,6.46,6.48,6.5,-0.02,-0.31,39898.33,25951.0381,0.4338,0.4342,1.23,23.4573,20.0648,2.0937,1.9611,1.7044,1.3379,1.492,138434.7432,91982.7304,91886.6468,897057.1359,596048.093,,,28.625
000002,万科A,全国地产,深圳,19910129,000002.SZ,20030813,6.49,6.61,6.49,6.5,6.5,0.0,0.0,24550.51,16049.3605,0.2669,0.2672,0.63,23.5297,20.1267,2.1002,1.9671,1.7097,1.3337,1.4874,138434.7432,91982.7304,91886.6468,899825.8308,597887.7476,,,28.625
000002,万科A,全国地产,深圳,19910129,000002.SZ,20030812,6.5,6.53,6.46,6.5,6.5,0.0,0.0,24405.97,15868.9247,0.2653,0.2656,0.46,23.5297,20.1267,2.1002,1.9671,1.7097,1.3337,1.4874,138434.7432,91982.7304,91886.6468,899825.8308,597887.7476,,,28.625
000002,万科A,全国地产,深圳,19910129,000002.SZ,20030811,6.48,6.51,6.41,6.5,6.49,0.01,0.15,23683.69,15287.0284,0.2575,0.2577,0.37,23.5297,20.1267,2.1002,1.9671,1.7097,1.3337,1.4874,138434.7432,91982.7304,91886.6468,899825.8308,597887.7476,,,28.625
000002,万科A,全国地产,深圳,19910129,000002.SZ,20030808,6.55,6.59,6.45,6.49,6.59,-0.1,-1.52,47756.6,31078.2278,0.5192,0.5197,0.75,23.4935,20.0958,2.0969,1.9641,1.7071,1.3358,1.4897,138434.7432,91982.7304,91886.6468,898441.4834,596967.9203,,,28.625
000002,万科A,全国地产,深圳,19910129,000002.SZ,20030807,6.57,6.65,6.55,6.59,6.56,0.03,0.46,42349.22,27978.1781,0.4604,0.4609,0.68,23.8555,20.4054,2.1293,1.9943,1.7334,1.3155,1.4671,138434.7432,91982.7304,91886.6468,912284.9577,606166.1933,,,28.625
000002,万科A,全国地产,深圳,19910129,000002.SZ,20030806,6.62,6.62,6.53,6.56,6.62,-0.06,-0.91,56042.45,36856.8284,0.6093,0.6099,0.92,23.7469,20.3125,2.1196,1.9853,1.7255,1.3215,1.4738,138434.7432,91982.7304,91886.6468,908131.9154,603406.7114,,,28.625
000002,万科A,全国地产,深圳,19910129,000002.SZ,20030805,6.55,6.65,6.5,6.62,6.55,0.07,1.07,93752.21,61815.6408,1.0192,1.0203,1.96,23.9641,20.4983,2.1389,2.0034,1.7413,1.3096,1.4604,138434.7432,91982.7304,91886.6468,916438.0,608925.6752,,,28.625
000002,万科A,全国地产,深圳,19910129,000002.SZ,20030804,6.38,6.56,6.37,6.55,6.39,0.16,2.5,83193.8,54061.6574,0.9045,0.9054,2.29,23.7107,20.2816,2.1163,1.9822,1.7229,1.3236,1.476,138434.7432,91982.7304,91886.6468,906747.568,602486.8841,,,28.625
000002,万科A,全国地产,深圳,19910129,000002.SZ,20030801,6.38,6.42,6.3,6.39,6.37,0.02,0.31,40992.77,26040.7825,0.4457,0.4461,1.06,23.1315,19.7861,2.0646,1.9338,1.6808,1.3567,1.513,138434.7432,91982.7304,91886.6468,884598.009,587769.6473,,,28.625
000002,万科A,全国地产,深圳,19910129,000002.SZ,20030731,6.45,6.45,6.36,6.37,6.39,-0.02,-0.31,35517.97,22736.4621,0.3861,0.3865,0.99,23.0591,19.7242,2.0582,1.9278,1.6755,1.361,1.5177,138434.7432,91982.7304,91886.6468,881829.3142,585929.9926,,,28.625
000002,万科A,全国地产,深圳,19910129,000002.SZ,20030730,6.3,6.4,6.29,6.39,6.29,0.1,1.59,50626.66,32168.7463,0.5504,0.551,1.57,23.1315,19.7861,2.0646,1.9338,1.6808,1.3567,1.513,138434.7432,91982.7304,91886.6468,884598.009,587769.6473,,,28.625
000002,万科A,全国地产,深圳,19910129,000002.SZ,20030729,6.2,6.29,6.14,6.29,6.13,0.16,2.61,29244.49,18173.9703,0.3179,0.3183,0.82,22.7695,19.4765,2.0323,1.9036,1.6545,1.3783,1.537,138434.7432,91982.7304,91886.6468,870754.5347,578571.3742,,,28.625
000002,万科A,全国地产,深圳,19910129,000002.SZ,20030728,6.16,6.16,6.1,6.13,6.16,-0.03,-0.49,25285.19,15492.426,0.2752,0.6341,0.58,22.1749,21.5894,2.4781,1.8538,1.765,1.4157,1.5788,138338.6596,91886.6468,39874.0942,848015.9833,563265.1449,,,28.625
000002,万科A,全国地产,深圳,19910129,000002.SZ,20030725,6.24,6.3,6.13,6.16,6.24,-0.08,-1.28,53007.29,32800.9552,0.5769,1.3294,0.86,22.2834,21.695,2.4903,1.8629,1.7737,1.4088,1.5711,138338.6596,91886.6468,39874.0942,852166.1431,566021.7443,,,28.625
000002,万科A,全国地产,深圳,19910129,000002.SZ,20030724,6.3,6.32,6.24,6.24,6.29,-0.05,-0.79,21205.43,13291.2963,0.2308,0.5318,0.26,22.5728,21.9768,2.5226,1.8871,1.7967,1.3908,1.551,138338.6596,91886.6468,39874.0942,863233.2359,573372.676,,,28.625
000002,万科A,全国地产,深圳,19910129,000002.SZ,20030723,6.28,6.33,6.24,6.29,6.29,0.0,0.0,32330.33,20293.4767,0.3519,0.8108,0.35,22.7537,22.1529,2.5428,1.9022,1.8111,1.3797,1.5386,138338.6596,91886.6468,39874.0942,870150.1689,577967.0084,,,28.625
000002,万科A,全国地产,深圳,19910129,000002.SZ,20030722,6.3,6.47,6.16,6.29,6.28,0.01,0.16,45685.97,28647.7329,0.4972,1.1458,0.47,22.7537,22.1529,2.5428,1.9022,1.8111,1.3797,1.5386,138338.6596,91886.6468,39874.0942,870150.1689,577967.0084,,,28.625
000002,万科A,全国地产,深圳,19910129,000002.SZ,20030721,6.2,6.33,6.19,6.28,6.25,0.03,0.48,67532.09,42210.0917,0.7349,1.6936,0.71,22.7175,22.1177,2.5388,1.8992,1.8082,1.3819,1.5411,138338.6596,91886.6468,39874.0942,868766.7823,577048.1419,,,18.966
000002,万科A,全国地产,深圳,19910129,000002.SZ,20030718,6.46,6.58,6.24,6.25,6.52,-0.27,-4.14,141706.73,91223.5678,1.5422,3.5539,1.92,22.609,22.012,2.5266,1.8901,1.7996,1.3885,1.5485,138338.6596,91886.6468,39874.0942,864616.6225,574291.5425,,,18.966
000002,万科A,全国地产,深圳,19910129,000002.SZ,20030717,6.38,6.58,6.31,6.52,6.37,0.15,2.35,125440.64,81401.9669,1.3652,3.1459,1.93,23.5857,22.9629,2.6358,1.9718,1.8773,1.331,1.4844,138338.6596,91886.6468,39874.0942,901968.0606,599100.9371,,,18.966
000002,万科A,全国地产,深圳,19910129,000002.SZ,20030716,6.3,6.38,6.3,6.37,6.3,0.07,1.11,85619.87,54228.2394,0.9318,2.1473,1.46,23.0431,22.4346,2.5752,1.9264,1.8341,1.3624,2.8817,138338.6596,91886.6468,39874.0942,881217.2617,585317.9401,,,18.966
000002,万科A,全国地产,深圳,19910129,000002.SZ,20030715,6.26,6.33,6.21,6.3,6.26,0.04,0.64,67078.79,42126.7304,0.73,1.6823,1.2,22.7899,22.1881,2.5469,1.9053,1.814,1.3775,2.9137,138338.6596,91886.6468,39874.0942,871533.5555,578885.8748,,,18.966
000002,万科A,全国地产,深圳,19910129,000002.SZ,20030714,6.21,6.3,6.1,6.26,6.21,0.05,0.81,53849.09,33440.8835,0.586,1.3505,0.92,22.6452,22.0472,2.5307,1.8932,1.8025,1.3863,2.9323,138338.6596,91886.6468,39874.0942,866000.0091,575210.409,,,18.966
000002,万科A,全国地产,深圳,19910129,000002.SZ,20030711,6.21,6.25,6.18,6.21,6.2,0.01,0.16,37389.38,23197.1316,0.4069,0.9377,0.59,22.4643,21.8711,2.5105,1.878,1.7881,1.3975,2.9559,138338.6596,91886.6468,39874.0942,859083.0761,570616.0766,,,18.966
000002,万科A,全国地产,深圳,19910129,000002.SZ,20030710,6.13,6.25,6.0,6.2,6.14,0.06,0.98,81824.03,50266.282,0.8905,2.0521,1.34,22.4281,21.8359,2.5064,1.875,1.7852,1.3997,2.9607,138338.6596,91886.6468,39874.0942,857699.6895,569697.2102,,,18.966
000002,万科A,全国地产,深圳,19910129,000002.SZ,20030709,6.22,6.25,6.1,6.14,6.21,-0.07,-1.13,52669.41,32398.7622,0.5732,1.3209,0.88,22.2111,21.6246,2.4822,1.8569,1.7679,1.4134,2.9896,138338.6596,91886.6468,39874.0942,849399.3699,564184.0114,,,18.966
000002,万科A,全国地产,深圳,19910129,000002.SZ,20030708,6.15,6.25,6.14,6.21,6.14,0.07,1.14,54041.31,33536.2264,0.5881,1.3553,0.94,22.4643,21.8711,2.5105,1.878,1.7881,1.3975,2.9559,138338.6596,91886.6468,39874.0942,859083.0761,570616.0766,,,18.966
000002,万科A,全国地产,深圳,19910129,000002.SZ,20030707,6.0,6.19,6.0,6.14,6.0,0.14,2.33,67993.68,41700.0797,0.74,1.7052,1.22,22.2111,21.6246,2.4822,1.8569,1.7679,1.4134,2.9896,138338.6596,91886.6468,39874.0942,849399.3699,564184.0114,,,18.966
000002,万科A,全国地产,深圳,19910129,000002.SZ,20030704,6.04,6.09,5.98,6.0,6.04,-0.04,-0.66,59785.26,36083.8695,0.6506,1.4994,1.06,21.7046,21.1315,2.4256,1.8145,1.7276,1.4464,3.0594,138338.6596,91886.6468,39874.0942,830031.9576,551319.8808,,,18.966
000002,万科A,全国地产,深圳,19910129,000002.SZ,20030703,5.9,6.05,5.88,6.04,5.89,0.15,2.55,71412.61,42646.2954,0.8414,1.791,0.9,20.7409,20.1933,2.3179,1.734,1.6509,1.4655,3.0998,131320.8434,84868.8306,39874.0942,793177.8941,512607.7368,,,18.966
000002,万科A,全国地产,深圳,19910129,000002.SZ,20030702,5.8,5.9,5.74,5.89,5.82,0.07,1.2,46209.19,26924.8254,0.5445,1.1589,0.56,20.2259,19.6918,2.2603,1.6909,1.6099,1.5028,3.1787,131320.8434,84868.8306,39874.0942,773479.7676,499877.4122,,,18.966
000002,万科A,全国地产,深圳,19910129,000002.SZ,20030701,5.77,5.92,5.75,5.82,5.82,0.0,0.0,41339.6,24200.8178,0.4871,1.0368,0.51,19.9855,19.4577,2.2335,1.6708,1.5908,1.5209,3.217,131320.8434,84868.8306,39874.0942,764287.3086,493936.5941,,,18.966
000002,万科A,全国地产,深圳,19910129,000002.SZ,20030630,5.7,5.94,5.7,5.82,5.83,-0.01,-0.17,59583.38,34417.9419,0.7021,1.4943,0.67,19.9855,19.4577,2.2335,1.6708,1.5908,1.5209,3.217,131320.8434,84868.8306,39874.0942,764287.3086,493936.5941,,,18.966
000002,万科A,全国地产,深圳,19910129,000002.SZ,20030627,5.96,6.0,5.83,5.83,6.0,-0.17,-2.83,62711.76,37056.7481,0.7389,1.5727,0.72,20.0198,19.4912,2.2373,1.6737,1.5935,1.5183,3.2114,131320.8434,84868.8306,39874.0942,765600.517,494785.2824,,,18.966
000002,万科A,全国地产,深圳,19910129,000002.SZ,20030626,6.05,6.09,5.8,6.0,6.07,-0.07,-1.15,187878.81,111238.3337,2.2138,4.7118,2.54,20.6036,20.0595,2.3025,1.7225,1.64,1.4753,3.1205,131320.8434,84868.8306,39874.0942,787925.0604,509212.9836,,,18.966
000002,万科A,全国地产,深圳,19910129,000002.SZ,20030625,6.24,6.26,6.05,6.07,6.24,-0.17,-2.72,59286.98,36418.0705,0.6986,1.4869,0.79,20.844,20.2936,2.3294,1.7426,1.6591,1.4582,3.0845,131320.8434,84868.8306,39874.0942,797117.5194,515153.8017,,,18.966
000002,万科A,全国地产,深圳,19910129,000002.SZ,20030624,6.18,6.27,6.16,6.24,6.19,0.05,0.81,38645.71,24032.1254,0.4554,0.9692,0.46,21.4277,20.8619,2.3946,1.7914,1.7056,1.4185,3.0004,131320.8434,84868.8306,39874.0942,819442.0628,529581.5029,,,18.966
000002,万科A,全国地产,深圳,19910129,000002.SZ,20030623,6.4,6.4,6.19,6.19,6.41,-0.22,-3.43,95006.15,59184.9177,1.1194,2.3827,1.21,21.256,20.6948,2.3754,1.777,1.6919,1.43,3.0247,131320.8434,84868.8306,39874.0942,812876.0206,525338.0614,,,18.966
000002,万科A,全国地产,深圳,19910129,000002.SZ,20030620,6.46,6.52,6.35,6.41,6.46,-0.05,-0.77,54810.43,35219.4215,0.6458,1.3746,0.68,22.0115,21.4303,2.4599,1.8402,1.752,1.3809,2.9209,131320.8434,84868.8306,39874.0942,841766.6062,544009.2041,,,18.966
000002,万科A,全国地产,深圳,19910129,000002.SZ,20030619,6.61,6.64,6.39,6.46,6.61,-0.15,-2.27,122295.59,79305.8943,1.441,3.067,1.78,22.1832,21.5974,2.4791,1.8545,1.7657,1.3702,2.8983,131320.8434,84868.8306,39874.0942,848332.6484,548252.6457,,,18.966
000002,万科A,全国地产,深圳,19910129,000002.SZ,20030618,6.62,6.7,6.6,6.61,6.67,-0.06,-0.9,64281.07,42632.1538,0.7574,1.6121,0.89,22.6983,22.0989,2.5366,1.8976,1.8067,1.3391,2.8325,131320.8434,84868.8306,39874.0942,868030.7749,560982.9703,,,18.966
000002,万科A,全国地产,深圳,19910129,000002.SZ,20030617,6.7,6.73,6.61,6.67,6.72,-0.05,-0.74,79676.93,52993.6041,0.9388,1.9982,1.17,22.9043,22.2995,2.5596,1.9148,1.8231,1.3271,2.807,131320.8434,84868.8306,39874.0942,875910.0255,566075.1001,,,18.966
000002,万科A,全国地产,深圳,19910129,000002.SZ,20030616,6.79,6.83,6.69,6.72,6.82,-0.1,-1.47,72404.4,48687.073,0.8531,1.8158,1.02,23.076,22.4667,2.5788,1.9292,1.8368,1.3172,2.7861,131320.8434,84868.8306,39874.0942,882476.0676,570318.5416,,,18.966
000002,万科A,全国地产,深圳,19910129,000002.SZ,20030613,6.76,6.94,6.75,6.82,6.74,0.08,1.19,63577.9,43461.5614,0.7491,1.5945,0.76,23.4194,22.801,2.6172,1.9579,1.8641,1.2979,2.7453,131320.8434,84868.8306,39874.0942,895608.152,578805.4247,,,18.966
000002,万科A,全国地产,深圳,19910129,000002.SZ,20030612,6.81,6.83,6.69,6.74,6.81,-0.07,-1.03,63248.32,42563.4032,0.7452,1.5862,0.68,23.1447,22.5335,2.5865,1.9349,1.8422,1.3133,2.7779,131320.8434,84868.8306,39874.0942,885102.4845,572015.9182,,,18.966
000002,万科A,全国地产,深圳,19910129,000002.SZ,20030611,6.76,6.84,6.72,6.81,6.73,0.08,1.19,83138.46,56389.1373,0.9796,2.085,0.71,23.3851,22.7676,2.6134,1.955,1.8614,1.2998,2.7493,131320.8434,84868.8306,39874.0942,894294.9436,577956.7364,,,18.966
000002,万科A,全国地产,深圳,19910129,000002.SZ,20030610,6.68,6.81,6.68,6.73,6.68,0.05,0.75,57272.85,38607.1742,0.6748,1.4363,0.38,23.1104,22.5001,2.5827,1.9321,1.8395,1.3152,2.782,131320.8434,84868.8306,39874.0942,883789.2761,571167.2299,,,18.966
000002,万科A,全国地产,深圳,19910129,000002.SZ,20030609,6.78,6.81,6.68,6.68,6.78,-0.1,-1.47,86689.52,58353.9738,1.0215,2.1741,0.41,22.9387,22.3329,2.5635,1.9177,1.8258,1.3251,2.8028,131320.8434,84868.8306,39874.0942,877223.2339,566923.7884,,,18.966
000002,万科A,全国地产,深圳,19910129,000002.SZ,20030606,6.91,6.94,6.78,6.78,6.96,-0.18,-2.59,125450.81,85713.8156,1.4782,3.1462,0.41,23.2821,22.6673,2.6019,1.9464,1.8532,1.3226,2.7975,131320.8434,84868.8306,39874.0942,890355.3183,575410.6715,,,18.966
000002,万科A,全国地产,深圳,19910129,000002.SZ,20030605,7.09,7.1,6.94,6.96,7.09,-0.13,-1.83,112061.1,78473.082,1.3204,2.8104,0.37,23.9002,23.2691,2.6709,1.9981,1.9024,1.2884,2.7252,131320.8434,84868.8306,39874.0942,913993.0701,590687.061,,,18.966
000002,万科A,全国地产,深圳,19910129,000002.SZ,20030604,7.08,7.13,6.91,7.09,7.1,-0.01,-0.14,201280.04,141493.8719,2.3717,5.0479,0.7,24.3466,23.7037,2.7208,2.0354,1.9379,1.2647,2.6752,131320.8434,84868.8306,39874.0942,931064.7797,601720.009,,,18.966
000002,万科A,全国地产,深圳,19910129,000002.SZ,20030603,7.25,7.31,7.08,7.1,7.25,-0.15,-2.07,230583.76,165318.2518,2.7169,5.7828,0.84,24.3809,23.7371,2.7247,2.0383,1.9406,1.263,2.6714,131320.8434,84868.8306,39874.0942,932377.9881,602568.6973,,,18.966
000002,万科A,全国地产,深圳,19910129,000002.SZ,20030602,7.1,7.34,6.98,7.25,7.13,0.12,1.68,387577.28,279187.9128,4.5668,9.72,1.68,24.896,24.2386,2.7822,2.0813,1.9816,1.2368,2.6161,131320.8434,84868.8306,39874.0942,952076.1147,615299.0219,,,18.966
000002,万科A,全国地产,深圳,19910129,000002.SZ,20030530,6.74,7.32,6.67,7.13,6.74,0.39,5.79,583397.26,414662.27,6.8741,14.631,3.61,24.4839,23.8374,2.7362,2.0469,1.9488,1.2577,2.6602,131320.8434,84868.8306,39874.0942,936317.6134,605114.7622,,,18.966
000002,万科A,全国地产,深圳,19910129,000002.SZ,20030529,6.67,6.75,6.6,6.74,6.69,0.05,0.75,104975.28,70031.4858,1.2369,2.6327,0.65,23.1447,22.5335,2.5865,1.9349,1.8422,1.3304,2.8141,131320.8434,84868.8306,39874.0942,885102.4845,572015.9182,,,18.966
000002,万科A,全国地产,深圳,19910129,000002.SZ,20030528,6.78,6.88,6.65,6.69,6.78,-0.09,-1.33,139196.74,94092.8312,1.6401,3.4909,0.94,22.973,22.3664,2.5673,1.9206,1.8286,1.3404,2.8351,131320.8434,84868.8306,39874.0942,878536.4423,567772.4767,,,18.966
000002,万科A,全国地产,深圳,19910129,000002.SZ,20030527,6.8,6.83,6.61,6.78,6.78,0.0,0.0,163568.19,109793.5973,3.8546,4.1021,1.25,23.2821,22.6673,2.6019,1.9464,1.8532,1.3226,2.7975,131320.8434,42434.4153,39874.0942,890355.3183,287705.3357,,,18.966
000002,万科A,全国地产,深圳,19910129,000002.SZ,20030526,6.79,6.9,6.75,6.78,6.79,-0.01,-0.15,162736.93,111015.8585,3.835,4.0813,1.39,23.2821,22.6673,2.6019,1.9464,1.8532,1.3226,2.7975,131320.8434,42434.4153,39874.0942,890355.3183,287705.3357,,,18.966
000002,万科A,全国地产,深圳,19910129,000002.SZ,20030523,6.95,6.95,6.77,6.79,6.81,-0.02,-0.29,236495.53,161908.1692,5.5732,5.9311,2.38,23.3164,22.7007,2.6057,1.9493,1.8559,1.3206,2.7934,131320.8434,42434.4153,39874.0942,891668.5267,288129.6799,,,18.966
000002,万科A,全国地产,深圳,19910129,000002.SZ,20030522,13.71,13.89,13.68,13.81,13.72,0.09,0.66,111284.72,153610.0755,2.6225,2.7909,1.04,23.7113,23.0852,2.6498,1.9823,1.8873,1.3607,1.3607,65660.4217,42434.4153,39874.0942,906770.4237,586019.2753,,,18.966
000002,万科A,全国地产,深圳,19910129,000002.SZ,20030521,13.76,13.89,13.66,13.72,13.76,-0.04,-0.29,64210.49,88516.2636,1.5132,1.6103,0.6,23.5568,22.9347,2.6326,1.9694,1.875,1.3697,1.3697,65660.4217,42434.4153,39874.0942,900860.9857,582200.1779,,,18.966
000002,万科A,全国地产,深圳,19910129,000002.SZ,20030520,13.88,13.9,13.51,13.76,13.9,-0.14,-1.01,79446.21,108816.2683,1.8722,1.9924,0.64,23.6254,23.0016,2.6402,1.9751,1.8805,1.3657,1.3657,65660.4217,42434.4153,39874.0942,903487.4026,583897.5545,,,18.966
000002,万科A,全国地产,深圳,19910129,000002.SZ,20030519,13.93,14.1,13.87,13.9,13.88,0.02,0.14,93464.55,130630.7276,2.2026,2.344,0.8,23.8658,23.2356,2.6671,1.9952,1.8996,1.3519,1.3519,65660.4217,42434.4153,39874.0942,912679.8616,589838.3727,,,18.966
000002,万科A,全国地产,深圳,19910129,000002.SZ,20030516,13.65,13.98,13.62,13.88,13.73,0.15,1.09,148698.59,206328.978,3.5042,3.7292,1.5,23.8315,23.2022,2.6633,1.9923,1.8969,1.3539,1.3539,65660.4217,42434.4153,39874.0942,911366.6532,588989.6844,,,18.966
000002,万科A,全国地产,深圳,19910129,000002.SZ,20030515,13.25,13.8,13.2,13.73,13.28,0.45,3.39,147395.4,199919.7036,3.4735,3.6965,1.68,23.5739,22.9514,2.6345,1.9708,1.8764,1.3687,1.3687,65660.4217,42434.4153,39874.0942,901517.5899,582624.5221,,,18.966
000002,万科A,全国地产,深圳,19910129,000002.SZ,20030514,13.05,13.31,12.86,13.28,13.09,0.19,1.45,66258.64,87145.1682,1.5614,1.6617,0.68,22.8013,22.1992,2.5481,1.9062,1.8149,1.4151,1.4151,65660.4217,42434.4153,39874.0942,871970.4002,563529.0352,,,18.966
000002,万科A,全国地产,深圳,19910129,000002.SZ,20030513,13.16,13.66,12.98,13.09,13.05,0.04,0.31,165715.22,220262.2941,3.9052,4.156,2.16,22.4751,21.8816,2.5117,1.8789,1.7889,1.4356,1.4356,65660.4217,42434.4153,39874.0942,859494.9201,555466.4963,,,18.966
000002,万科A,全国地产,深圳,19910129,000002.SZ,20030512,12.92,13.15,12.65,13.05,12.84,0.21,1.64,58297.03,75536.1573,1.3738,1.462,0.62,22.4064,21.8147,2.504,1.8732,1.7835,1.44,1.44,65660.4217,42434.4153,39874.0942,856868.5032,553769.1197,,,18.966
000002,万科A,全国地产,深圳,19910129,000002.SZ,20030430,12.7,13.1,12.65,12.84,12.61,0.23,1.82,59038.82,75990.3092,1.3913,1.4806,0.52,22.0458,21.4637,2.4637,1.8431,1.7548,1.4635,1.4635,65660.4217,42434.4153,39874.0942,843079.8146,544857.8925,,,18.966
000002,万科A,全国地产,深圳,19910129,000002.SZ,20030429,13.0,13.04,12.58,12.61,13.2,-0.59,-4.47,89159.68,114187.7874,2.1011,2.236,0.67,21.6509,21.0792,2.4196,1.81,1.7233,1.4902,1.4902,65660.4217,42434.4153,39874.0942,827977.9176,535097.9769,,,18.966
000002,万科A,全国地产,深圳,19910129,000002.SZ,20030428,12.01,13.31,11.81,13.2,12.21,0.99,8.11,116301.49,146415.3559,2.7407,2.9167,0.81,22.6639,22.0655,2.5328,1.8947,1.804,1.4236,1.4236,65660.4217,42434.4153,39874.0942,866717.5664,560134.282,,,18.966
000002,万科A,全国地产,深圳,19910129,000002.SZ,20030425,12.4,12.6,12.12,12.21,12.47,-0.26,-2.09,60058.66,74462.5704,1.4153,1.5062,0.38,20.9642,20.4106,2.3428,1.7526,1.6687,1.5391,1.5391,65660.4217,42434.4153,39874.0942,801713.749,518124.2108,,,18.966
000002,万科A,全国地产,深圳,19910129,000002.SZ,20030424,13.14,13.14,12.23,12.47,13.17,-0.7,-5.32,146228.47,184815.9488,3.446,3.6673,0.88,21.4106,20.8452,2.3927,1.7899,1.7042,1.507,1.507,65660.4217,42434.4153,39874.0942,818785.4586,529157.1588,,,18.966
000002,万科A,全国地产,深圳,19910129,000002.SZ,20030423,13.25,13.7,13.06,13.17,13.23,-0.06,-0.45,152052.68,202710.6647,3.5832,3.8133,0.84,22.6124,22.0153,2.527,1.8904,1.7999,1.4269,1.4269,65660.4217,42434.4153,39874.0942,864747.7538,558861.2495,,,18.966
000002,万科A,全国地产,深圳,19910129,000002.SZ,20030421,13.79,13.79,13.0,13.23,13.89,-0.66,-4.75,195165.61,260964.4978,4.8949,4.8949,1.12,21.8288,21.8288,2.4692,1.8249,1.8249,1.5117,1.5117,63097.4713,39871.4649,39871.4649,834779.5453,527499.4806,,,18.966
000002,万科A,全国地产,深圳,19910129,000002.SZ,20030418,13.93,14.19,13.6,13.89,13.97,-0.08,-0.57,165074.07,228514.5641,4.1402,4.1402,1.05,22.9178,22.9178,2.5924,1.9159,1.9159,1.4399,1.4399,63097.4713,39871.4649,39871.4649,876423.8764,553814.6475,,,18.966
000002,万科A,全国地产,深圳,19910129,000002.SZ,20030417,13.8,14.06,13.62,13.97,13.8,0.17,1.23,121664.93,167978.585,3.0514,3.0514,0.72,23.0498,23.0498,2.6073,1.927,1.927,1.4316,1.4316,63097.4713,39871.4649,39871.4649,881471.6741,557004.3647,,,18.966
000002,万科A,全国地产,深圳,19910129,000002.SZ,20030416,14.01,14.28,13.71,13.8,14.01,-0.21,-1.5,200160.08,280695.5596,5.0201,5.0201,1.43,22.7693,22.7693,2.5756,1.9035,1.9035,1.4493,1.4493,63097.4713,39871.4649,39871.4649,870745.1039,550226.2156,,,18.966
000002,万科A,全国地产,深圳,19910129,000002.SZ,20030415,13.36,14.38,13.15,14.01,13.35,0.66,4.94,227826.75,315628.1251,5.714,5.714,2.21,23.1158,23.1158,2.6148,1.9325,1.9325,1.4275,1.4275,63097.4713,39871.4649,39871.4649,883995.5729,558599.2232,,,18.966
000002,万科A,全国地产,深圳,19910129,000002.SZ,20030414,12.78,13.4,12.78,13.35,12.76,0.59,4.62,152855.19,200341.9743,3.8337,3.8337,1.92,22.0268,22.0268,2.4916,1.8415,1.8415,1.4981,1.4981,63097.4713,39871.4649,39871.4649,842351.2419,532284.0564,,,18.966
000002,万科A,全国地产,深圳,19910129,000002.SZ,20030411,12.58,12.89,12.55,12.76,12.6,0.16,1.27,84096.86,107226.4663,2.1092,2.1092,1.19,21.0533,21.0533,2.3815,1.7601,1.7601,1.5674,1.5674,63097.4713,39871.4649,39871.4649,805123.7338,508759.8921,,,18.966
000002,万科A,全国地产,深圳,19910129,000002.SZ,20030410,11.97,12.93,11.97,12.6,11.97,0.63,5.26,184370.2,230323.9473,4.6241,4.6241,4.72,20.7893,20.7893,2.3516,1.738,1.738,1.5873,1.5873,63097.4713,39871.4649,39871.4649,795028.1384,502380.4577,,,18.966
000002,万科A,全国地产,深圳,19910129,000002.SZ,20030409,11.75,11.98,11.65,11.97,11.78,0.19,1.61,48381.92,56967.4143,1.2134,1.2134,1.41,19.7499,19.7499,2.234,1.6511,1.6511,1.6708,1.6708,63097.4713,39871.4649,39871.4649,755276.7315,477261.4349,,,18.966
000002,万科A,全国地产,深圳,19910129,000002.SZ,20030408,11.89,11.89,11.74,11.78,11.91,-0.13,-1.09,45486.05,53579.8433,1.1408,1.1408,1.24,19.4364,19.4364,2.1986,1.6249,1.6249,1.6978,1.6978,63097.4713,39871.4649,39871.4649,743288.2119,469685.8565,,,18.966
000002,万科A,全国地产,深圳,19910129,000002.SZ,20030407,12.0,12.04,11.87,11.91,11.98,-0.07,-0.58,36392.82,43418.3413,0.9128,0.9128,0.92,19.6509,19.6509,2.2228,1.6428,1.6428,1.6792,1.6792,63097.4713,39871.4649,39871.4649,751490.8832,474869.147,,,18.966
000002,万科A,全国地产,深圳,19910129,000002.SZ,20030404,11.79,12.05,11.78,11.98,11.79,0.19,1.61,37949.11,45430.7337,0.9518,0.9518,0.89,19.7664,19.7664,2.2359,1.6525,1.6525,1.6694,1.6694,63097.4713,39871.4649,39871.4649,755907.7062,477660.1495,,,18.966
000002,万科A,全国地产,深圳,19910129,000002.SZ,20030403,11.86,11.91,11.76,11.79,11.86,-0.07,-0.59,27079.33,31949.8189,0.6792,0.6792,0.53,19.4529,19.4529,2.2004,1.6263,1.6263,1.6963,1.6963,63097.4713,39871.4649,39871.4649,743919.1866,470084.5712,,,18.966
000002,万科A,全国地产,深圳,19910129,000002.SZ,20030402,11.87,11.93,11.8,11.86,11.87,-0.01,-0.08,24396.66,28949.9896,0.6119,0.6119,0.46,19.5684,19.5684,2.2135,1.6359,1.6359,1.6863,1.6863,63097.4713,39871.4649,39871.4649,748336.0096,472875.5737,,,18.966
000002,万科A,全国地产,深圳,19910129,000002.SZ,20030401,11.88,12.1,11.75,11.87,11.81,0.06,0.51,57297.06,68212.4983,1.437,1.437,1.1,19.5849,19.5849,2.2154,1.6373,1.6373,1.6849,1.6849,63097.4713,39871.4649,39871.4649,748966.9843,473274.2884,,,18.966
000002,万科A,全国地产,深圳,19910129,000002.SZ,20030331,11.58,11.86,11.55,11.81,11.55,0.26,2.25,51595.15,60602.4816,1.294,1.294,0.9,19.4859,19.4859,2.2042,1.629,1.629,1.6935,1.6935,63097.4713,39871.4649,39871.4649,745181.1361,470882.0005,,,18.966
000002,万科A,全国地产,深圳,19910129,000002.SZ,20030328,11.74,11.75,11.5,11.55,11.73,-0.18,-1.53,52500.54,61037.4858,1.3167,1.3167,0.99,19.0569,19.0569,2.1557,1.5932,1.5932,1.7316,1.7316,63097.4713,39871.4649,39871.4649,728775.7935,460515.4196,,,18.966
000002,万科A,全国地产,深圳,19910129,000002.SZ,20030327,11.63,11.95,11.39,11.73,11.65,0.08,0.69,71229.65,82750.8608,1.7865,1.7865,1.5,19.3539,19.3539,2.1892,1.618,1.618,1.705,1.705,63097.4713,39871.4649,39871.4649,740133.3383,467692.2833,,,18.966
000002,万科A,全国地产,深圳,19910129,000002.SZ,20030326,11.68,11.77,11.58,11.65,11.65,0.0,0.0,31382.72,36613.1278,0.7871,0.7871,0.48,19.2219,19.2219,2.1743,1.607,1.607,1.7167,1.7167,63097.4713,39871.4649,39871.4649,735085.5406,464502.5661,,,18.966
000002,万科A,全国地产,深圳,19910129,000002.SZ,20030325,11.7,11.78,11.63,11.65,11.7,-0.05,-0.43,53917.41,63042.4826,1.3523,1.3523,0.56,19.2219,19.2219,2.1743,1.607,1.607,1.7167,1.7167,63097.4713,39871.4649,39871.4649,735085.5406,464502.5661,,,18.966
000002,万科A,全国地产,深圳,19910129,000002.SZ,20030324,11.46,11.77,11.43,11.7,11.42,0.28,2.45,76778.67,89516.2972,1.9257,1.9257,0.8,19.3044,19.3044,2.1836,1.6139,1.6139,1.7094,1.7094,63097.4713,39871.4649,39871.4649,738240.4142,466496.1393,,,18.966
000002,万科A,全国地产,深圳,19910129,000002.SZ,20030321,11.38,11.48,11.32,11.42,11.38,0.04,0.35,32482.25,37071.6392,0.8147,0.8147,0.28,18.8424,18.8424,2.1314,1.5752,1.5752,1.7513,1.7513,63097.4713,39871.4649,39871.4649,720573.1222,455332.1292,,,18.966
000002,万科A,全国地产,深圳,19910129,000002.SZ,20030320,11.52,11.56,11.3,11.38,11.49,-0.11,-0.96,43279.88,49417.0185,1.0855,1.0855,0.38,18.7764,18.7764,2.1239,1.5697,1.5697,1.7575,1.7575,63097.4713,39871.4649,39871.4649,718049.2234,453737.2706,,,18.966
000002,万科A,全国地产,深圳,19910129,000002.SZ,20030319,11.34,11.6,11.34,11.49,11.31,0.18,1.59,122006.38,140151.494,3.06,3.06,1.23,18.9579,18.9579,2.1445,1.5849,1.5849,1.7406,1.7406,63097.4713,39871.4649,39871.4649,724989.9452,458123.1317,,,18.966
000002,万科A,全国地产,深圳,19910129,000002.SZ,20030318,11.45,11.6,11.28,11.31,11.19,0.12,1.07,208823.4,238838.9522,5.2374,5.2374,3.49,18.6609,18.6609,2.1109,1.5601,1.5601,1.7683,1.7683,63097.4713,39871.4649,39871.4649,713632.4004,450946.268,,,18.966
000002,万科A,全国地产,深圳,19910129,000002.SZ,20030317,11.32,11.42,11.15,11.19,11.31,-0.12,-1.06,71952.54,80890.5972,1.8046,1.8046,1.41,18.8913,20.4391,2.1321,1.5848,2.0034,1.7873,1.7873,63097.1941,39871.1877,39871.1877,706057.602,446158.5904,,,18.966
000002,万科A,全国地产,深圳,19910129,000002.SZ,20030314,10.9,11.36,10.9,11.31,10.89,0.42,3.86,136853.6,153753.0794,3.4324,3.4324,4.8,19.0939,20.6583,2.1549,1.6018,2.0248,1.7683,1.7683,63097.1941,39871.1877,39871.1877,713629.2653,450943.1329,,,18.966
000002,万科A,全国地产,深圳,19910129,000002.SZ,20030313,11.0,11.11,10.84,10.89,11.0,-0.11,-1.0,31906.28,34978.053,0.8002,0.8002,1.17,18.3848,19.8911,2.0749,1.5424,1.9497,1.8365,1.8365,63097.1941,39871.1877,39871.1877,687128.4437,434197.2341,,,18.966
000002,万科A,全国地产,深圳,19910129,000002.SZ,20030312,10.75,11.02,10.7,11.0,10.75,0.25,2.33,45631.77,49804.7176,1.1445,1.1445,1.75,18.5705,20.0921,2.0959,1.5579,1.9693,1.8182,1.8182,63097.1941,39871.1877,39871.1877,694069.1351,438583.0647,,,18.966
000002,万科A,全国地产,深圳,19910129,000002.SZ,20030311,10.69,10.82,10.65,10.75,10.7,0.05,0.47,12875.39,13816.9827,0.3229,0.3229,0.25,18.1485,19.6354,2.0482,1.5225,1.9246,1.8605,1.8605,63097.1941,39871.1877,39871.1877,678294.8366,428615.2678,,,18.966
000002,万科A,全国地产,深圳,19910129,000002.SZ,20030310,10.9,11.0,10.7,10.7,10.9,-0.2,-1.83,28316.25,30696.5005,0.7102,0.7102,0.5,18.0641,19.5441,2.0387,1.5154,1.9156,1.8692,1.8692,63097.1941,39871.1877,39871.1877,675139.9769,426621.7084,,,18.966
000002,万科A,全国地产,深圳,19910129,000002.SZ,20030307,10.85,10.97,10.78,10.9,10.85,0.05,0.46,23958.17,26091.837,0.6009,0.6009,0.44,18.4017,19.9094,2.0768,1.5438,1.9514,1.8349,1.8349,63097.1941,39871.1877,39871.1877,687759.4157,434595.9459,,,18.966
000002,万科A,全国地产,深圳,19910129,000002.SZ,20030306,10.97,10.97,10.77,10.85,10.91,-0.06,-0.55,26108.63,28307.1314,0.6548,0.6548,0.48,18.3173,19.8181,2.0673,1.5367,1.9425,1.8433,1.8433,63097.1941,39871.1877,39871.1877,684604.556,432602.3865,,,18.966
000002,万科A,全国地产,深圳,19910129,000002.SZ,20030305,10.96,11.02,10.79,10.91,10.95,-0.04,-0.37,39110.93,42727.2858,0.9809,0.9809,0.81,18.4186,19.9277,2.0787,1.5452,1.9532,1.8332,1.8332,63097.1941,39871.1877,39871.1877,688390.3876,434994.6578,,,18.966
000002,万科A,全国地产,深圳,19910129,000002.SZ,20030304,10.7,11.05,10.7,10.95,10.67,0.28,2.62,136006.8,148579.0968,3.4112,3.4112,4.82,18.4861,20.0007,2.0863,1.5509,1.9604,1.8265,1.8265,63097.1941,39871.1877,39871.1877,690914.2754,436589.5053,,,18.966
000002,万科A,全国地产,深圳,19910129,000002.SZ,20030303,10.35,10.68,10.3,10.67,10.33,0.34,3.29,55535.86,58368.4602,1.3929,1.3929,3.01,18.0134,19.4893,2.033,1.5112,1.9103,1.8744,1.8744,63097.1941,39871.1877,39871.1877,673247.061,425425.5728,,,18.966
000002,万科A,全国地产,深圳,19910129,000002.SZ,20030228,10.35,10.35,10.25,10.33,10.35,-0.02,-0.19,17174.01,17695.9623,0.4307,0.4307,1.01,17.4394,18.8683,1.9682,1.463,1.8494,1.9361,1.9361,63097.1941,39871.1877,39871.1877,651794.0151,411869.3689,,,18.966
000002,万科A,全国地产,深圳,19910129,000002.SZ,20030227,10.2,10.36,10.18,10.35,10.18,0.17,1.67,22407.18,22994.4761,0.562,0.562,1.58,17.4732,18.9048,1.972,1.4659,1.853,1.9324,1.9324,63097.1941,39871.1877,39871.1877,653055.9589,412666.7927,,,18.966
000002,万科A,全国地产,深圳,19910129,000002.SZ,20030226,10.25,10.26,10.15,10.18,10.2,-0.02,-0.2,10177.3,10369.9072,0.2553,0.2553,0.75,17.1862,18.5943,1.9396,1.4418,1.8225,1.9646,1.9646,63097.1941,39871.1877,39871.1877,642329.4359,405888.6908,,,18.966
000002,万科A,全国地产,深圳,19910129,000002.SZ,20030225,9.95,10.28,9.95,10.2,9.97,0.23,2.31,35868.22,36592.2273,0.8996,0.8996,4.39,17.22,18.6308,1.9434,1.4446,1.8261,1.9608,1.9608,63097.1941,39871.1877,39871.1877,643591.3798,406686.1145,,,18.966
000002,万科A,全国地产,深圳,19910129,000002.SZ,20030224,9.94,10.01,9.9,9.97,9.94,0.03,0.3,6531.97,6509.9576,0.1638,0.1638,0.7,16.8317,18.2107,1.8996,1.4121,1.7849,2.006,2.006,63097.1941,39871.1877,39871.1877,629079.0252,397515.7414,,,18.966
000002,万科A,全国地产,深圳,19910129,000002.SZ,20030221,10.1,10.1,9.94,9.94,10.1,-0.16,-1.58,10286.16,10270.8972,0.258,0.258,1.1,16.781,18.1559,1.8939,1.4078,1.7796,2.0121,2.0121,63097.1941,39871.1877,39871.1877,627186.1094,396319.6057,,,18.966
000002,万科A,全国地产,深圳,19910129,000002.SZ,20030220,10.2,10.28,10.08,10.1,10.2,-0.1,-0.98,7944.0,8060.1678,0.1992,0.1992,0.52,17.0511,18.4482,1.9244,1.4305,1.8082,1.9802,1.9802,63097.1941,39871.1877,39871.1877,637281.6604,402698.9958,,,18.966
000002,万科A,全国地产,深圳,19910129,000002.SZ,20030219,10.2,10.2,10.12,10.2,10.2,0.0,0.0,7436.35,7549.8346,0.1865,0.1865,0.44,17.22,18.6308,1.9434,1.4446,1.8261,1.9608,1.9608,63097.1941,39871.1877,39871.1877,643591.3798,406686.1145,,,18.966
000002,万科A,全国地产,深圳,19910129,000002.SZ,20030218,10.16,10.22,10.13,10.2,10.18,0.02,0.2,8631.07,8774.8237,0.2165,0.2165,0.52,17.22,18.6308,1.9434,1.4446,1.8261,1.9608,1.9608,63097.1941,39871.1877,39871.1877,643591.3798,406686.1145,,,18.966
000002,万科A,全国地产,深圳,19910129,000002.SZ,20030217,10.25,10.36,10.16,10.18,10.26,-0.08,-0.78,12075.68,12374.5605,0.3029,0.3029,0.79,17.1862,18.5943,1.9396,1.4418,1.8225,1.9646,1.9646,63097.1941,39871.1877,39871.1877,642329.4359,405888.6908,,,18.966
000002,万科A,全国地产,深圳,19910129,000002.SZ,20030214,10.17,10.33,10.15,10.26,10.19,0.07,0.69,10619.24,10890.5285,0.2663,0.2663,0.68,17.3213,18.7404,1.9549,1.4531,1.8369,1.9493,1.9493,63097.1941,39871.1877,39871.1877,647377.2115,409078.3858,,,18.966
000002,万科A,全国地产,深圳,19910129,000002.SZ,20030213,10.34,10.43,10.18,10.19,10.2,-0.01,-0.1,37085.29,38165.0386,0.9301,0.9301,3.51,17.2031,18.6125,1.9415,1.4432,1.8243,1.9627,1.9627,63097.1941,39871.1877,39871.1877,642960.4079,406287.4027,,,18.966
000002,万科A,全国地产,深圳,19910129,000002.SZ,20030212,10.06,10.22,9.98,10.2,10.07,0.13,1.29,16445.23,16721.5413,0.4125,0.4125,1.65,17.22,18.6308,1.9434,1.4446,1.8261,1.9608,1.9608,63097.1941,39871.1877,39871.1877,643591.3798,406686.1145,,,18.966
000002,万科A,全国地产,深圳,19910129,000002.SZ,20030211,9.81,10.08,9.81,10.07,9.87,0.2,2.03,6886.23,6870.5223,0.1727,0.1727,0.66,17.0005,18.3934,1.9187,1.4262,1.8028,1.9861,1.9861,63097.1941,39871.1877,39871.1877,635388.7446,401502.8601,,,18.966
000002,万科A,全国地产,深圳,19910129,000002.SZ,20030210,10.1,10.1,9.85,9.87,10.07,-0.2,-1.99,5817.79,5759.9048,0.1459,0.1459,0.47,16.6628,18.0281,1.8806,1.3979,1.767,2.0263,2.0263,63097.1941,39871.1877,39871.1877,622769.3058,393528.6226,,,18.966
000002,万科A,全国地产,深圳,19910129,000002.SZ,20030129,10.02,10.15,9.98,10.07,9.97,0.1,1.0,11361.96,11450.6986,0.285,0.285,0.8,17.0005,18.3934,1.9187,1.4262,1.8028,1.9861,1.9861,63097.1941,39871.1877,39871.1877,635388.7446,401502.8601,,,18.966
000002,万科A,全国地产,深圳,19910129,000002.SZ,20030128,10.06,10.1,9.92,9.97,10.05,-0.08,-0.8,12254.2,12217.4868,0.3073,0.3073,0.75,16.8317,18.2107,1.8996,1.4121,1.7849,2.006,2.006,63097.1941,39871.1877,39871.1877,629079.0252,397515.7414,,,18.966
000002,万科A,全国地产,深圳,19910129,000002.SZ,20030127,9.96,10.14,9.87,10.05,9.96,0.09,0.9,13524.38,13510.0593,0.3392,0.3392,0.68,16.9667,18.3568,1.9149,1.4234,1.7993,1.99,1.99,63097.1941,39871.1877,39871.1877,634126.8007,400705.4364,,,18.966
000002,万科A,全国地产,深圳,19910129,000002.SZ,20030124,9.77,9.99,9.75,9.96,9.81,0.15,1.53,9535.24,9425.4432,0.2392,0.2392,0.35,16.8148,18.1924,1.8977,1.4106,1.7832,2.008,2.008,63097.1941,39871.1877,39871.1877,628448.0532,397117.0295,,,18.966
000002,万科A,全国地产,深圳,19910129,000002.SZ,20030123,9.88,9.93,9.8,9.81,9.87,-0.06,-0.61,15850.64,15602.2531,0.3975,0.3975,0.47,16.5616,17.9185,1.8691,1.3894,1.7563,2.0387,2.0387,63097.1941,39871.1877,39871.1877,618983.4741,391136.3513,,,18.966
000002,万科A,全国地产,深圳,19910129,000002.SZ,20030122,9.9,9.95,9.77,9.87,9.95,-0.08,-0.8,20096.4,19772.3348,0.504,0.504,0.5,16.6628,18.0281,1.8806,1.3979,1.767,2.0263,2.0263,63097.1941,39871.1877,39871.1877,622769.3058,393528.6226,,,18.966
000002,万科A,全国地产,深圳,19910129,000002.SZ,20030121,10.28,10.3,9.95,9.95,10.24,-0.29,-2.83,22605.38,22744.8099,0.567,0.567,0.47,16.7979,18.1742,1.8958,1.4092,1.7814,2.0101,2.0101,63097.1941,39871.1877,39871.1877,627817.0813,396718.3176,,,18.966
000002,万科A,全国地产,深圳,19910129,000002.SZ,20030120,10.16,10.29,10.02,10.24,10.16,0.08,0.79,30659.92,31096.5907,0.769,0.769,0.66,17.2875,18.7039,1.9511,1.4503,1.8333,1.9531,1.9531,63097.1941,39871.1877,39871.1877,646115.2676,408280.962,,,18.966
000002,万科A,全国地产,深圳,19910129,000002.SZ,20030117,10.13,10.26,10.1,10.16,10.15,0.01,0.1,45413.48,46196.7015,1.139,1.139,1.09,17.1524,18.5578,1.9358,1.439,1.819,1.9685,1.9685,63097.1941,39871.1877,39871.1877,641067.4921,405091.267,,,18.966
000002,万科A,全国地产,深圳,19910129,000002.SZ,20030116,9.9,10.22,9.87,10.15,9.91,0.24,2.42,49451.34,49947.5917,1.2403,1.2403,1.3,17.1356,18.5395,1.9339,1.4375,1.8172,1.9704,1.9704,63097.1941,39871.1877,39871.1877,640436.5201,404692.5552,,,18.966
000002,万科A,全国地产,深圳,19910129,000002.SZ,20030115,10.01,10.2,9.85,9.91,10.02,-0.11,-1.1,53015.12,52977.0776,1.3297,1.3297,1.79,16.7304,18.1011,1.8882,1.4036,1.7742,2.0182,2.0182,63097.1941,39871.1877,39871.1877,625293.1935,395123.4701,,,18.966
000002,万科A,全国地产,深圳,19910129,000002.SZ,20030114,9.48,10.3,9.48,10.02,9.53,0.49,5.14,62029.14,61669.5537,1.5557,1.5557,3.34,16.9161,18.302,1.9091,1.4191,1.7939,1.996,1.996,63097.1941,39871.1877,39871.1877,632233.8849,399509.3008,,,18.966
000002,万科A,全国地产,深圳,19910129,000002.SZ,20030113,9.5,9.61,9.4,9.53,9.54,-0.01,-0.1,21321.73,20314.5483,0.5348,0.5348,1.38,16.0888,17.407,1.8158,1.3497,1.7062,2.0986,2.0986,63097.1941,39871.1877,39871.1877,601316.2598,379972.4188,,,18.966
000002,万科A,全国地产,深圳,19910129,000002.SZ,20030110,9.5,9.65,9.38,9.54,9.57,-0.03,-0.31,21976.3,20872.8018,0.5512,0.5512,1.75,16.1057,17.4253,1.8177,1.3512,1.708,2.0964,2.0964,63097.1941,39871.1877,39871.1877,601947.2317,380371.1307,,,18.966
000002,万科A,全国地产,深圳,19910129,000002.SZ,20030109,9.26,9.6,9.15,9.57,9.23,0.34,3.68,31966.32,29951.3484,0.8017,0.8017,4.12,16.1564,17.4801,1.8234,1.3554,1.7133,2.0899,2.0899,63097.1941,39871.1877,39871.1877,603840.1475,381567.2663,,,18.966
000002,万科A,全国地产,深圳,19910129,000002.SZ,20030108,9.06,9.28,9.0,9.23,9.04,0.19,2.1,10810.21,9864.799,0.2711,0.2711,1.35,15.5824,16.8591,1.7586,1.3072,1.6525,2.1668,2.1668,63097.1941,39871.1877,39871.1877,582387.1015,368011.0625,,,18.966
000002,万科A,全国地产,深圳,19910129,000002.SZ,20030107,9.18,9.22,8.99,9.04,9.15,-0.11,-1.2,6722.06,6103.3219,0.1686,0.1686,0.73,15.2616,16.512,1.7224,1.2803,1.6184,2.2124,2.2124,63097.1941,39871.1877,39871.1877,570398.6347,360435.5368,,,18.966
000002,万科A,全国地产,深圳,19910129,000002.SZ,20030106,9.08,9.15,9.03,9.15,9.09,0.06,0.66,6025.11,5479.533,0.1511,0.1511,0.56,15.4473,16.7129,1.7434,1.2959,1.6381,2.1858,2.1858,63097.1941,39871.1877,39871.1877,577339.326,364821.3675,,,18.966
000002,万科A,全国地产,深圳,19910129,000002.SZ,20030103,9.15,9.22,9.05,9.09,9.2,-0.11,-1.2,7322.41,6662.98,0.1837,0.1837,0.59,15.346,16.6033,1.7319,1.2874,1.6274,2.2002,2.2002,63097.1941,39871.1877,39871.1877,573553.4944,362429.0962,,,18.966
000002,万科A,全国地产,深圳,19910129,000002.SZ,20030102,9.48,9.5,9.19,9.2,9.65,-0.45,-4.66,7900.27,7356.6781,0.1981,0.1981,0.65,15.5317,16.8043,1.7529,1.303,1.6471,2.1739,2.1739,63097.1941,39871.1877,39871.1877,580494.1857,366814.9268,,,18.966
000002,万科A,全国地产,深圳,19910129,000002.SZ,20021231,9.58,9.72,9.4,9.65,9.6,0.05,0.52,11978.32,11459.2152,0.3004,0.3004,1.05,16.2914,17.6262,1.8386,1.3667,1.7277,1.8653,2.0725,63097.1941,39871.1877,39871.1877,608887.9231,384756.9613,,,18.966
000002,万科A,全国地产,深圳,19910129,000002.SZ,20021230,9.7,9.72,9.41,9.6,9.79,-0.19,-1.94,12777.25,12188.6253,0.3205,0.3205,1.2,16.207,17.5349,1.8291,1.3597,1.7187,1.875,2.0833,63097.1941,39871.1877,39871.1877,605733.0634,382763.4019,,,18.966
000002,万科A,全国地产,深圳,19910129,000002.SZ,20021227,9.73,9.86,9.61,9.79,9.78,0.01,0.1,14009.19,13620.9036,0.3514,0.3514,1.35,16.5278,17.8819,1.8653,1.3866,1.7527,1.8386,2.0429,63097.1941,39871.1877,39871.1877,617721.5302,390338.9276,,,18.966
000002,万科A,全国地产,深圳,19910129,000002.SZ,20021226,9.9,9.9,9.6,9.78,9.97,-0.19,-1.91,15328.09,14994.9534,0.3844,0.3844,1.79,16.5109,17.8637,1.8634,1.3851,1.7509,1.8405,2.045,63097.1941,39871.1877,39871.1877,617090.5583,389940.2157,,,18.966
000002,万科A,全国地产,深圳,19910129,000002.SZ,20021225,9.98,10.04,9.84,9.97,9.95,0.02,0.2,7083.02,7043.485,0.1776,0.1776,0.79,16.8317,18.2107,1.8996,1.4121,1.7849,1.8054,2.006,63097.1941,39871.1877,39871.1877,629079.0252,397515.7414,,,18.966
000002,万科A,全国地产,深圳,19910129,000002.SZ,20021224,10.0,10.0,9.83,9.95,9.98,-0.03,-0.3,7660.62,7592.9631,0.1921,0.1921,0.91,16.7979,18.1742,1.8958,1.4092,1.7814,1.809,2.0101,63097.1941,39871.1877,39871.1877,627817.0813,396718.3176,,,18.966
000002,万科A,全国地产,深圳,19910129,000002.SZ,20021223,9.91,10.06,9.9,9.98,9.94,0.04,0.4,9278.09,9274.3896,0.2327,0.2327,1.23,16.8486,18.229,1.9015,1.4135,1.7867,1.8036,2.004,63097.1941,39871.1877,39871.1877,629709.9971,397914.4532,,,18.966
000002,万科A,全国地产,深圳,19910129,000002.SZ,20021220,9.86,10.01,9.8,9.94,9.82,0.12,1.22,12576.61,12483.6643,0.3154,0.3154,2.14,16.781,18.1559,1.8939,1.4078,1.7796,1.8109,2.0121,63097.1941,39871.1877,39871.1877,627186.1094,396319.6057,,,18.966
000002,万科A,全国地产,深圳,19910129,000002.SZ,20021219,9.8,9.87,9.68,9.82,9.83,-0.01,-0.1,6113.95,5973.0265,0.1533,0.1533,1.18,16.5784,17.9367,1.871,1.3908,1.7581,1.833,2.0367,63097.1941,39871.1877,39871.1877,619614.4461,391535.0632,,,18.966
000002,万科A,全国地产,深圳,19910129,000002.SZ,20021218,9.92,10.09,9.8,9.83,9.91,-0.08,-0.81,9068.57,8995.1746,0.2274,0.2274,1.82,16.5953,17.955,1.8729,1.3922,1.7599,1.8311,2.0346,63097.1941,39871.1877,39871.1877,620245.418,391933.7751,,,18.966
000002,万科A,全国地产,深圳,19910129,000002.SZ,20021217,9.9,9.95,9.82,9.91,9.84,0.07,0.71,5191.67,5137.0889,0.1302,0.1302,1.05,16.7304,18.1011,1.8882,1.4036,1.7742,1.8163,2.0182,63097.1941,39871.1877,39871.1877,625293.1935,395123.4701,,,18.966
000002,万科A,全国地产,深圳,19910129,000002.SZ,20021216,9.78,9.86,9.72,9.84,9.77,0.07,0.72,4754.21,4666.2199,0.1192,0.1192,1.02,16.6122,17.9733,1.8748,1.3936,1.7617,1.8293,2.0325,63097.1941,39871.1877,39871.1877,620876.3899,392332.487,,,18.966
000002,万科A,全国地产,深圳,19910129,000002.SZ,20021213,9.6,9.8,9.55,9.77,9.72,0.05,0.51,4195.43,4060.5443,0.1052,0.1052,0.79,16.494,17.8454,1.8615,1.3837,1.7491,1.8424,2.0471,63097.1941,39871.1877,39871.1877,616459.5864,389541.5038,,,18.966
000002,万科A,全国地产,深圳,19910129,000002.SZ,20021212,9.63,9.85,9.63,9.72,9.73,-0.01,-0.1,2782.52,2713.0991,0.0698,0.0698,0.52,16.4096,17.7541,1.852,1.3766,1.7402,1.8519,2.0576,63097.1941,39871.1877,39871.1877,613304.7267,387547.9444,,,18.966
000002,万科A,全国地产,深圳,19910129,000002.SZ,20021211,9.65,9.81,9.6,9.73,9.72,0.01,0.1,7947.65,7692.509,0.1993,0.1993,1.61,16.4265,17.7723,1.8539,1.3781,1.742,1.8499,2.0555,63097.1941,39871.1877,39871.1877,613935.6986,387946.6563,,,18.966
000002,万科A,全国地产,深圳,19910129,000002.SZ,20021210,9.81,9.93,9.63,9.72,9.8,-0.08,-0.82,4987.23,4845.2498,0.1251,0.1251,1.05,16.4096,17.7541,1.852,1.3766,1.7402,1.8519,2.0576,63097.1941,39871.1877,39871.1877,613304.7267,387547.9444,,,18.966
000002,万科A,全国地产,深圳,19910129,000002.SZ,20021209,9.8,9.91,9.78,9.8,9.86,-0.06,-0.61,3369.02,3307.5903,0.0845,0.0845,0.58,16.5447,17.9002,1.8672,1.388,1.7545,1.8367,2.0408,63097.1941,39871.1877,39871.1877,618352.5022,390737.6395,,,18.966
000002,万科A,全国地产,深圳,19910129,000002.SZ,20021206,9.95,10.18,9.79,9.86,9.88,-0.02,-0.2,7335.82,7301.9867,0.184,0.184,0.81,16.646,18.0098,1.8787,1.3965,1.7653,1.8256,2.0284,63097.1941,39871.1877,39871.1877,622138.3338,393129.9107,,,18.966
000002,万科A,全国地产,深圳,19910129,000002.SZ,20021205,9.81,9.92,9.75,9.88,9.94,-0.06,-0.6,3307.85,3248.7909,0.083,0.083,0.33,16.6797,18.0463,1.8825,1.3993,1.7688,1.8219,2.0243,63097.1941,39871.1877,39871.1877,623400.2777,393927.3345,,,18.966
000002,万科A,全国地产,深圳,19910129,000002.SZ,20021204,9.95,10.05,9.85,9.94,9.86,0.08,0.81,5751.27,5716.8704,0.1442,0.1442,0.44,16.781,18.1559,1.8939,1.4078,1.7796,1.8109,2.0121,63097.1941,39871.1877,39871.1877,627186.1094,396319.6057,,,18.966
000002,万科A,全国地产,深圳,19910129,000002.SZ,20021203,9.75,9.89,9.72,9.86,9.79,0.07,0.72,3984.82,3914.7917,0.0999,0.0999,0.27,16.646,18.0098,1.8787,1.3965,1.7653,1.8256,2.0284,63097.1941,39871.1877,39871.1877,622138.3338,393129.9107,,,18.966
000002,万科A,全国地产,深圳,19910129,000002.SZ,20021202,10.13,10.15,9.76,9.79,10.13,-0.34,-3.36,8664.08,8589.0751,0.2173,0.2173,0.6,16.5278,17.8819,1.8653,1.3866,1.7527,1.8386,2.0429,63097.1941,39871.1877,39871.1877,617721.5302,390338.9276,,,18.966
000002,万科A,全国地产,深圳,19910129,000002.SZ,20021129,9.99,10.32,9.88,10.13,9.95,0.18,1.81,23442.25,23741.783,0.5879,0.5879,1.86,17.1018,18.503,1.9301,1.4347,1.8136,1.7769,1.9743,63097.1941,39871.1877,39871.1877,639174.5762,403895.1314,,,18.966
000002,万科A,全国地产,深圳,19910129,000002.SZ,20021128,9.69,9.95,9.52,9.95,9.69,0.26,2.68,8958.92,8755.0993,0.2247,0.2247,0.66,16.7979,18.1742,1.8958,1.4092,1.7814,1.809,2.0101,63097.1941,39871.1877,39871.1877,627817.0813,396718.3176,,,18.966
000002,万科A,全国地产,深圳,19910129,000002.SZ,20021127,9.75,9.79,9.49,9.69,9.8,-0.11,-1.12,20700.14,19910.8646,0.5192,0.5192,1.18,16.359,17.6993,1.8463,1.3724,1.7348,1.8576,2.064,63097.1941,39871.1877,39871.1877,611411.8108,386351.8088,,,18.966
000002,万科A,全国地产,深圳,19910129,000002.SZ,20021126,10.26,10.28,9.6,9.8,10.21,-0.41,-4.02,13335.5,13249.4526,0.3345,0.3345,0.79,16.5447,17.9002,1.8672,1.388,1.7545,1.8367,2.0408,63097.1941,39871.1877,39871.1877,618352.5022,390737.6395,,,18.966
000002,万科A,全国地产,深圳,19910129,000002.SZ,20021125,10.21,10.28,10.1,10.21,10.22,-0.01,-0.1,5977.62,6087.5079,0.1499,0.1499,0.35,17.2368,18.6491,1.9453,1.446,1.8279,1.763,1.9589,63097.1941,39871.1877,39871.1877,644222.3518,407084.8264,,,18.966
000002,万科A,全国地产,深圳,19910129,000002.SZ,20021122,10.1,10.34,10.01,10.22,10.04,0.18,1.79,13923.24,14194.2875,0.3492,0.3492,0.86,17.2537,18.6673,1.9472,1.4475,1.8297,1.7613,1.9569,63097.1941,39871.1877,39871.1877,644853.3237,407483.5383,,,18.966
000002,万科A,全国地产,深圳,19910129,000002.SZ,20021121,10.3,10.4,10.0,10.04,10.34,-0.3,-2.9,14411.93,14651.3185,0.3615,0.3615,0.85,16.9498,18.3386,1.913,1.422,1.7975,1.7928,1.992,63097.1941,39871.1877,39871.1877,633495.8288,400306.7245,,,18.966
000002,万科A,全国地产,深圳,19910129,000002.SZ,20021120,10.2,10.5,9.95,10.34,10.23,0.11,1.08,39769.79,40821.8566,0.9975,0.9975,3.49,17.4563,18.8865,1.9701,1.4645,1.8512,1.7408,1.9342,63097.1941,39871.1877,39871.1877,652424.987,412268.0808,,,18.966
000002,万科A,全国地产,深圳,19910129,000002.SZ,20021119,10.0,10.25,10.0,10.23,10.0,0.23,2.3,9803.58,9899.1773,0.2459,0.2459,0.7,17.2706,18.6856,1.9492,1.4489,1.8315,1.7595,1.955,63097.1941,39871.1877,39871.1877,645484.2956,407882.2502,,,18.966
000002,万科A,全国地产,深圳,19910129,000002.SZ,20021118,10.09,10.15,9.96,10.0,10.09,-0.09,-0.89,7047.77,7054.3188,0.1768,0.1768,0.48,16.8823,18.2655,1.9053,1.4163,1.7903,1.8,2.0,63097.1941,39871.1877,39871.1877,630971.941,398711.877,,,18.966
000002,万科A,全国地产,深圳,19910129,000002.SZ,20021115,10.04,10.18,9.92,10.09,10.04,0.05,0.5,9591.08,9686.4574,0.2406,0.2406,0.63,17.0343,18.4299,1.9225,1.429,1.8064,1.7839,1.9822,63097.1941,39871.1877,39871.1877,636650.6885,402300.2839,,,18.966
000002,万科A,全国地产,深圳,19910129,000002.SZ,20021114,10.56,10.56,10.01,10.04,10.46,-0.42,-4.02,18473.78,18917.2333,0.4633,0.4633,1.47,16.9498,18.3386,1.913,1.422,1.7975,1.7928,1.992,63097.1941,39871.1877,39871.1877,633495.8288,400306.7245,,,18.966
000002,万科A,全国地产,深圳,19910129,000002.SZ,20021113,10.5,10.55,10.25,10.46,10.56,-0.1,-0.95,12137.19,12613.5735,0.3044,0.3044,1.07,17.6589,19.1057,1.993,1.4815,1.8727,1.7208,1.912,63097.1941,39871.1877,39871.1877,659996.6503,417052.6233,,,18.966
000002,万科A,全国地产,深圳,19910129,000002.SZ,20021112,10.85,10.96,10.48,10.56,10.95,-0.39,-3.56,22776.03,24234.6163,0.5712,0.5712,1.98,17.8277,19.2884,2.012,1.4956,1.8906,1.7045,1.8939,63097.1941,39871.1877,39871.1877,666306.3697,421039.7421,,,18.966
000002,万科A,全国地产,深圳,19910129,000002.SZ,20021111,11.2,11.2,10.85,10.95,11.24,-0.29,-2.58,9788.12,10737.4024,0.2455,0.2455,0.94,18.4861,20.0007,2.0863,1.5509,1.9604,1.6438,1.8265,63097.1941,39871.1877,39871.1877,690914.2754,436589.5053,,,18.966
000002,万科A,全国地产,深圳,19910129,000002.SZ,20021108,11.42,11.45,11.01,11.24,11.28,-0.04,-0.35,12762.22,14274.0342,0.3201,0.3201,1.48,18.9757,20.5304,2.1416,1.5919,2.0123,1.6014,1.7794,63097.1941,39871.1877,39871.1877,709212.4617,448152.1497,,,18.966
000002,万科A,全国地产,深圳,19910129,000002.SZ,20021107,11.2,11.3,11.18,11.28,11.2,0.08,0.71,5259.01,5919.758,0.1319,0.1319,0.63,19.0433,20.6035,2.1492,1.5976,2.0195,1.5957,1.773,63097.1941,39871.1877,39871.1877,711736.3494,449746.9973,,,18.966
000002,万科A,全国地产,深圳,19910129,000002.SZ,20021106,11.3,11.32,11.16,11.2,11.3,-0.1,-0.89,6297.43,7066.7679,0.1579,0.1579,0.83,18.9082,20.4574,2.134,1.5863,2.0052,1.6071,1.7857,63097.1941,39871.1877,39871.1877,706688.5739,446557.3022,,,18.966
000002,万科A,全国地产,深圳,19910129,000002.SZ,20021105,11.15,11.38,11.09,11.3,11.13,0.17,1.53,23331.56,26345.8914,0.5852,0.5852,5.19,19.077,20.64,2.153,1.6004,2.0231,1.5929,1.7699,63097.1941,39871.1877,39871.1877,712998.2933,450544.421,,,18.966
000002,万科A,全国地产,深圳,19910129,000002.SZ,20021104,11.05,11.18,11.0,11.13,11.05,0.08,0.72,4451.26,4940.0243,0.1116,0.1116,0.96,18.79,20.3295,2.1206,1.5763,1.9926,1.6173,1.7969,63097.1941,39871.1877,39871.1877,702271.7703,443766.3191,,,18.966
000002,万科A,全国地产,深圳,19910129,000002.SZ,20021101,10.98,11.05,10.9,11.05,10.99,0.06,0.55,3810.4,4171.4756,0.0956,0.0956,0.85,18.655,20.1834,2.1054,1.565,1.9783,1.629,1.81,63097.1941,39871.1877,39871.1877,697223.9948,440576.6241,,,18.966
000002,万科A,全国地产,深圳,19910129,000002.SZ,20021031,10.99,11.09,10.93,10.99,10.99,0.0,0.0,4022.07,4426.7179,0.1009,0.1009,0.96,18.5537,20.0738,2.094,1.5565,1.9676,1.6379,1.8198,63097.1941,39871.1877,39871.1877,693438.1632,438184.3528,,,18.966
000002,万科A,全国地产,深圳,19910129,000002.SZ,20021030,11.02,11.05,10.91,10.99,11.02,-0.03,-0.27,2334.21,2566.0097,0.0585,0.0585,0.51,18.5537,20.0738,2.094,1.5565,1.9676,1.6379,1.8198,63097.1941,39871.1877,39871.1877,693438.1632,438184.3528,,,18.966
000002,万科A,全国地产,深圳,19910129,000002.SZ,20021029,11.0,11.05,10.9,11.02,11.02,0.0,0.0,7848.19,8597.5731,0.1968,0.1968,1.95,18.6043,20.1286,2.0997,1.5608,1.9729,1.6334,1.8149,63097.1941,39871.1877,39871.1877,695331.079,439380.4885,,,18.966
000002,万科A,全国地产,深圳,19910129,000002.SZ,20021028,11.0,11.1,11.0,11.02,11.1,-0.08,-0.72,5286.2,5819.979,0.1326,0.1326,1.48,18.6043,20.1286,2.0997,1.5608,1.9729,1.6334,1.8149,63097.1941,39871.1877,39871.1877,695331.079,439380.4885,,,18.966
000002,万科A,全国地产,深圳,19910129,000002.SZ,20021025,11.12,11.25,11.06,11.1,11.15,-0.05,-0.45,2823.0,3141.5806,0.0708,0.0708,0.67,18.7394,20.2747,2.144,1.5721,1.9873,1.6216,1.8018,63097.1941,39871.1877,39871.1877,700378.8545,442570.1835,,,18.966
000002,万科A,全国地产,深圳,19910129,000002.SZ,20021024,11.25,11.25,11.11,11.15,11.28,-0.13,-1.15,2760.5,3080.4768,0.0692,0.0692,0.59,18.8238,20.366,2.1537,1.5792,1.9962,1.6143,1.7937,63097.1941,39871.1877,39871.1877,703533.7142,444563.7429,,,18.966
000002,万科A,全国地产,深圳,19910129,000002.SZ,20021023,11.25,11.34,11.15,11.28,11.25,0.03,0.27,4259.26,4781.4651,0.1068,0.1068,0.86,19.0433,20.6035,2.1788,1.5976,2.0195,1.5957,1.773,63097.1941,39871.1877,39871.1877,711736.3494,449746.9973,,,18.966
000002,万科A,全国地产,深圳,19910129,000002.SZ,20021022,11.16,11.31,11.15,11.25,11.16,0.09,0.81,4976.3,5604.8146,0.1248,0.1248,1.08,18.9926,20.5487,2.173,1.5933,2.0141,1.6,1.7778,63097.1941,39871.1877,39871.1877,709843.4336,448550.8616,,,18.966
000002,万科A,全国地产,深圳,19910129,000002.SZ,20021021,11.1,11.18,11.01,11.16,11.1,0.06,0.54,3024.42,3346.7033,0.0759,0.0759,0.59,18.8407,20.3843,2.1556,1.5806,1.998,1.6129,1.7921,63097.1941,39871.1877,39871.1877,704164.6862,444962.4547,,,18.966
000002,万科A,全国地产,深圳,19910129,000002.SZ,20021018,11.05,11.19,10.98,11.1,11.05,0.05,0.45,6155.26,6789.2756,0.1544,0.1544,1.16,18.7394,20.2747,2.144,1.5721,1.9873,1.6216,1.8018,63097.1941,39871.1877,39871.1877,700378.8545,442570.1835,,,18.966
000002,万科A,全国地产,深圳,19910129,000002.SZ,20021017,11.15,11.2,11.0,11.05,11.18,-0.13,-1.16,4929.46,5452.2995,0.1236,0.1236,0.95,18.655,20.1834,2.1344,1.565,1.9783,1.629,1.81,63097.1941,39871.1877,39871.1877,697223.9948,440576.6241,,,18.966
000002,万科A,全国地产,深圳,19910129,000002.SZ,20021016,11.09,11.28,11.08,11.18,11.02,0.16,1.45,5764.96,6451.2766,0.1446,0.1446,0.9,18.8744,20.4208,2.1595,1.5834,2.0016,1.61,1.7889,63097.1941,39871.1877,39871.1877,705426.63,445759.8785,,,18.966
000002,万科A,全国地产,深圳,19910129,000002.SZ,20021015,11.15,11.18,11.01,11.02,11.15,-0.13,-1.17,3093.82,3428.7889,0.0776,0.0776,0.41,18.6043,20.1286,2.1286,1.5608,1.9729,1.6334,1.8149,63097.1941,39871.1877,39871.1877,695331.079,439380.4885,,,18.966
000002,万科A,全国地产,深圳,19910129,000002.SZ,20021014,11.19,11.2,10.98,11.15,11.1,0.05,0.45,5736.22,6343.7679,0.1439,0.1439,0.75,18.8238,20.366,2.1537,1.5792,1.9962,1.6143,1.7937,63097.1941,39871.1877,39871.1877,703533.7142,444563.7429,,,18.966
000002,万科A,全国地产,深圳,19910129,000002.SZ,20021011,11.1,11.21,11.0,11.1,11.09,0.01,0.09,7076.81,7840.3525,0.1775,0.1775,0.98,18.7394,20.2747,2.144,1.5721,1.9873,1.6216,1.8018,63097.1941,39871.1877,39871.1877,700378.8545,442570.1835,,,18.966
000002,万科A,全国地产,深圳,19910129,000002.SZ,20021010,11.12,11.27,11.08,11.09,11.09,0.0,0.0,4380.61,4872.9755,0.1099,0.1099,0.63,18.7225,20.2564,2.1421,1.5707,1.9855,1.6231,1.8034,63097.1941,39871.1877,39871.1877,699747.8826,442171.4716,,,18.966
000002,万科A,全国地产,深圳,19910129,000002.SZ,20021009,11.31,11.32,11.01,11.09,11.3,-0.21,-1.86,11865.26,13231.636,0.2976,0.2976,2.05,18.7225,20.2564,2.1421,1.5707,1.9855,1.6231,1.8034,63097.1941,39871.1877,39871.1877,699747.8826,442171.4716,,,18.966
000002,万科A,全国地产,深圳,19910129,000002.SZ,20021008,11.38,11.4,11.24,11.3,11.43,-0.13,-1.14,8559.39,9670.2816,0.2147,0.2147,1.75,19.077,20.64,2.1826,1.6004,2.0231,1.5929,1.7699,63097.1941,39871.1877,39871.1877,712998.2933,450544.421,,,18.966
000002,万科A,全国地产,深圳,19910129,000002.SZ,20020927,11.5,11.52,11.41,11.43,11.5,-0.07,-0.61,6513.75,7469.7197,0.1634,0.1634,1.33,19.2965,20.8775,2.2078,1.6188,2.0463,1.5748,1.7498,63097.1941,39871.1877,39871.1877,721200.9286,455727.6754,,,18.966
000002,万科A,全国地产,深圳,19910129,000002.SZ,20020926,11.5,11.6,11.45,11.5,11.56,-0.06,-0.52,4962.43,5706.5499,0.1245,0.1245,0.8,19.4147,21.0053,2.2213,1.6287,2.0589,1.5652,1.7391,63097.1941,39871.1877,39871.1877,725617.7322,458518.6586,,,18.966
000002,万科A,全国地产,深圳,19910129,000002.SZ,20020925,11.54,11.68,11.46,11.56,11.54,0.02,0.17,3070.62,3549.7499,0.077,0.077,0.48,19.516,21.1149,2.2329,1.6372,2.0696,1.5571,1.7301,63097.1941,39871.1877,39871.1877,729403.5638,460910.9298,,,18.966
000002,万科A,全国地产,深圳,19910129,000002.SZ,20020924,11.6,11.6,11.48,11.54,11.64,-0.1,-0.86,5842.39,6732.3646,0.1465,0.1465,0.86,19.4822,21.0784,2.229,1.6344,2.066,1.5598,1.7331,63097.1941,39871.1877,39871.1877,728141.6199,460113.5061,,,18.966
000002,万科A,全国地产,深圳,19910129,000002.SZ,20020923,11.53,11.74,11.51,11.64,11.55,0.09,0.78,4050.24,4719.6928,0.1016,0.1016,0.57,19.651,21.261,2.2483,1.6486,2.0839,1.5464,1.7182,63097.1941,39871.1877,39871.1877,734451.3393,464100.6248,,,18.966
000002,万科A,全国地产,深圳,19910129,000002.SZ,20020920,11.75,11.75,11.52,11.55,11.75,-0.2,-1.7,6629.58,7729.8068,0.1663,0.1663,1.02,19.4991,21.0967,2.2309,1.6358,2.0678,1.5584,1.7316,63097.1941,39871.1877,39871.1877,728772.5919,460512.2179,,,18.966
000002,万科A,全国地产,深圳,19910129,000002.SZ,20020919,11.35,11.94,11.34,11.75,11.4,0.35,3.07,11406.25,13259.599,0.2861,0.2861,2.01,19.8367,21.462,2.2696,1.6642,2.1036,1.5319,1.7021,63097.1941,39871.1877,39871.1877,741392.0307,468486.4555,,,18.966
000002,万科A,全国地产,深圳,19910129,000002.SZ,20020918,11.55,11.55,11.38,11.4,11.5,-0.1,-0.87,4348.53,4966.1571,0.1091,0.1091,0.66,19.2458,20.8227,2.202,1.6146,2.041,1.5789,1.7544,63097.1941,39871.1877,39871.1877,719308.0127,454531.5398,,,18.966
000002,万科A,全国地产,深圳,19910129,000002.SZ,20020917,11.4,11.56,11.35,11.5,11.42,0.08,0.7,7577.54,8655.9282,0.1901,0.1901,1.27,19.4147,21.0053,2.2213,1.6287,2.0589,1.5652,1.7391,63097.1941,39871.1877,39871.1877,725617.7322,458518.6586,,,18.966
000002,万科A,全国地产,深圳,19910129,000002.SZ,20020916,11.57,11.57,11.4,11.42,11.58,-0.16,-1.38,5829.93,6659.1782,0.1462,0.1462,0.8,19.2796,20.8592,2.2058,1.6174,2.0445,1.5762,1.7513,63097.1941,39871.1877,39871.1877,720569.9566,455328.9635,,,18.966
000002,万科A,全国地产,深圳,19910129,000002.SZ,20020913,11.64,11.67,11.5,11.58,11.64,-0.06,-0.52,3446.22,3975.5741,0.0864,0.0864,0.46,19.5497,21.1515,2.2367,1.6401,2.0732,1.5544,1.7271,63097.1941,39871.1877,39871.1877,730665.5077,461708.3536,,,18.966
000002,万科A,全国地产,深圳,19910129,000002.SZ,20020912,11.59,11.67,11.45,11.64,11.58,0.06,0.52,7105.5,8202.7581,0.1782,0.1782,0.91,19.651,21.261,2.2483,1.6486,2.0839,1.5464,1.7182,63097.1941,39871.1877,39871.1877,734451.3393,464100.6248,,,18.966
000002,万科A,全国地产,深圳,19910129,000002.SZ,20020911,11.46,11.59,11.37,11.58,11.49,0.09,0.78,9226.32,10539.5086,0.2314,0.2314,1.32,19.5497,21.1515,2.2367,1.6401,2.0732,1.5544,1.7271,63097.1941,39871.1877,39871.1877,730665.5077,461708.3536,,,18.966
000002,万科A,全国地产,深圳,19910129,000002.SZ,20020910,11.56,11.56,11.44,11.49,11.48,0.01,0.09,4170.0,4790.2296,0.1046,0.1046,0.61,19.3978,20.9871,2.2193,1.6273,2.0571,1.5666,1.7406,63097.1941,39871.1877,39871.1877,724986.7602,458119.9467,,,18.966
000002,万科A,全国地产,深圳,19910129,000002.SZ,20020909,11.7,11.7,11.33,11.48,11.72,-0.24,-2.05,12340.35,14188.4886,0.3095,0.3095,2.34,19.3809,20.9688,2.2174,1.6259,2.0553,1.5679,1.7422,63097.1941,39871.1877,39871.1877,724355.7883,457721.2348,,,18.966
000002,万科A,全国地产,深圳,19910129,000002.SZ,20020906,11.75,11.8,11.7,11.72,11.76,-0.04,-0.34,4732.99,5553.8071,0.1187,0.1187,0.87,19.7861,21.4072,2.2638,1.6599,2.0983,1.5358,1.7065,63097.1941,39871.1877,39871.1877,739499.1149,467290.3198,,,18.966
000002,万科A,全国地产,深圳,19910129,000002.SZ,20020905,11.82,11.86,11.7,11.76,11.85,-0.09,-0.76,8559.92,10082.253,0.2147,0.2147,1.74,19.8536,21.4802,2.2715,1.6656,2.1054,1.5306,1.7007,63097.1941,39871.1877,39871.1877,742023.0026,468885.1674,,,18.966
000002,万科A,全国地产,深圳,19910129,000002.SZ,20020904,11.91,11.97,11.85,11.85,11.91,-0.06,-0.5,5126.64,6099.6044,0.1286,0.1286,1.0,20.0055,21.6446,2.2889,1.6783,2.1215,1.519,1.6878,63097.1941,39871.1877,39871.1877,747701.7501,472473.5742,,,18.966
000002,万科A,全国地产,深圳,19910129,000002.SZ,20020903,11.88,11.96,11.88,11.91,11.86,0.05,0.42,3474.8,4137.6401,0.0872,0.0872,0.56,20.1068,21.7542,2.3005,1.6868,2.1323,1.5113,1.6793,63097.1941,39871.1877,39871.1877,751487.5817,474865.8455,,,18.966
000002,万科A,全国地产,深圳,19910129,000002.SZ,20020902,11.87,11.9,11.8,11.86,11.87,-0.01,-0.08,4430.18,5249.9017,0.1111,0.1111,0.63,20.0224,21.6629,2.2908,1.6797,2.1233,1.5177,1.6863,63097.1941,39871.1877,39871.1877,748332.722,472872.2861,,,18.966
000002,万科A,全国地产,深圳,19910129,000002.SZ,20020830,11.85,11.9,11.82,11.87,11.85,0.02,0.17,5474.84,6490.468,0.1373,0.1373,0.75,20.0393,21.6812,2.2927,1.6812,2.1251,1.5164,1.6849,63097.1941,39871.1877,39871.1877,748963.694,473270.998,,,18.966
000002,万科A,全国地产,深圳,19910129,000002.SZ,20020829,12.0,12.0,11.85,11.85,11.98,-0.13,-1.09,6156.35,7329.6728,0.1544,0.1544,0.69,20.0055,21.6446,2.2889,1.6783,2.1215,1.519,1.6878,63097.1941,39871.1877,39871.1877,747701.7501,472473.5742,,,18.966
000002,万科A,全国地产,深圳,19910129,000002.SZ,20020828,12.04,12.06,11.96,11.98,12.04,-0.06,-0.5,6155.38,7379.3949,0.1544,0.1544,0.63,20.225,21.8821,2.314,1.6967,2.1448,1.5025,1.6694,63097.1941,39871.1877,39871.1877,755904.3853,477656.8286,,,18.966
000002,万科A,全国地产,深圳,19910129,000002.SZ,20020827,11.91,12.06,11.91,12.04,11.94,0.1,0.84,9076.88,10885.4874,0.2277,0.2277,0.95,20.3263,21.9917,2.3256,1.7052,2.1555,1.495,1.6611,63097.1941,39871.1877,39871.1877,759690.217,480049.0999,,,18.966
000002,万科A,全国地产,深圳,19910129,000002.SZ,20020826,12.1,12.1,11.9,11.94,12.14,-0.2,-1.65,8205.5,9864.1733,0.2058,0.2058,0.95,20.1575,21.809,2.3063,1.6911,2.1376,1.5075,1.675,63097.1941,39871.1877,39871.1877,753380.4976,476061.9811,,,18.966
000002,万科A,全国地产,深圳,19910129,000002.SZ,20020823,12.22,12.24,12.08,12.14,12.2,-0.06,-0.49,6760.21,8211.196,0.1696,0.1696,0.77,20.4951,22.1743,2.3449,1.7194,2.1734,1.4827,1.6474,63097.1941,39871.1877,39871.1877,765999.9364,484036.2187,,,18.966
000002,万科A,全国地产,深圳,19910129,000002.SZ,20020822,12.13,12.3,12.12,12.2,12.13,0.07,0.58,14629.34,17871.2855,0.3669,0.3669,1.97,20.5964,22.2839,2.3565,1.7279,2.1842,1.4754,1.6393,63097.1941,39871.1877,39871.1877,769785.768,486428.4899,,,18.966
000002,万科A,全国地产,深圳,19910129,000002.SZ,20020821,12.11,12.15,12.01,12.13,12.05,0.08,0.66,10436.36,12627.7671,0.2618,0.2618,1.58,20.4783,22.1561,2.343,1.718,2.1717,1.4839,1.6488,63097.1941,39871.1877,39871.1877,765368.9644,483637.5068,,,18.966
000002,万科A,全国地产,深圳,19910129,000002.SZ,20020820,11.88,12.1,11.86,12.05,11.88,0.17,1.43,7658.49,9191.7287,0.1921,0.1921,1.25,20.3432,20.3432,2.4098,1.7066,1.7066,1.4938,3.1535,63097.1941,39871.1877,39871.1877,760321.1889,480447.8118,,,18.966
000002,万科A,全国地产,深圳,19910129,000002.SZ,20020819,11.78,11.99,11.75,11.88,11.79,0.09,0.76,3853.21,4580.2801,0.0966,0.0966,0.56,20.0562,20.0562,2.3758,1.6826,1.6826,1.5152,3.1987,63097.1941,39871.1877,39871.1877,749594.6659,473669.7099,,,18.966
000002,万科A,全国地产,深圳,19910129,000002.SZ,20020816,11.75,11.97,11.63,11.79,11.77,0.02,0.17,7498.25,8807.244,0.1881,0.1881,0.96,19.9043,19.9043,2.3578,1.6698,1.6698,1.5267,3.2231,63097.1941,39871.1877,39871.1877,743915.9184,470081.303,,,18.966
000002,万科A,全国地产,深圳,19910129,000002.SZ,20020815,11.95,11.95,11.74,11.77,11.94,-0.17,-1.42,7626.3,9000.8289,0.1913,0.1913,0.95,19.8705,19.8705,2.3538,1.667,1.667,1.5293,3.2285,63097.1941,39871.1877,39871.1877,742653.9746,469283.8792,,,18.966
000002,万科A,全国地产,深圳,19910129,000002.SZ,20020814,11.94,11.95,11.8,11.94,11.9,0.04,0.34,6436.59,7639.174,0.1614,0.1614,0.87,20.1575,20.1575,2.3878,1.6911,1.6911,1.5075,3.1826,63097.1941,39871.1877,39871.1877,753380.4976,476061.9811,,,18.966
000002,万科A,全国地产,深圳,19910129,000002.SZ,20020813,11.81,12.02,11.78,11.9,11.81,0.09,0.76,5143.77,6103.1586,0.129,0.129,0.58,20.09,20.09,2.3798,1.6854,1.6854,1.5126,3.1933,63097.1941,39871.1877,39871.1877,750856.6098,474467.1336,,,18.966
000002,万科A,全国地产,深圳,19910129,000002.SZ,20020812,11.87,11.87,11.77,11.81,11.9,-0.09,-0.76,7828.29,9236.9894,0.1963,0.1963,0.93,19.938,19.938,2.3618,1.6727,1.6727,1.5241,3.2176,63097.1941,39871.1877,39871.1877,745177.8623,470878.7267,,,18.966
000002,万科A,全国地产,深圳,19910129,000002.SZ,20020809,12.01,12.04,11.87,11.9,12.01,-0.11,-0.92,12128.65,14471.6648,0.3042,0.3042,1.71,20.09,20.09,2.3798,1.6854,1.6854,1.5126,3.1933,63097.1941,39871.1877,39871.1877,750856.6098,474467.1336,,,18.966
000002,万科A,全国地产,深圳,19910129,000002.SZ,20020808,12.1,12.19,11.99,12.01,12.11,-0.1,-0.83,8522.12,10260.6683,0.2137,0.2137,1.24,20.2757,20.2757,2.4018,1.701,1.701,1.4988,3.164,63097.1941,39871.1877,39871.1877,757797.3011,478852.9643,,,18.966
000002,万科A,全国地产,深圳,19910129,000002.SZ,20020807,12.17,12.2,12.08,12.11,12.17,-0.06,-0.49,3555.81,4312.0516,0.0892,0.0892,0.43,20.4445,20.4445,2.4218,1.7151,1.7151,1.4864,3.1379,63097.1941,39871.1877,39871.1877,764107.0206,482840.083,,,18.966
000002,万科A,全国地产,深圳,19910129,000002.SZ,20020806,12.0,12.39,12.0,12.17,12.03,0.14,1.16,12385.09,15112.5891,0.3106,0.3106,1.72,20.5458,20.5458,2.4338,1.7236,1.7236,1.479,3.1224,63097.1941,39871.1877,39871.1877,767892.8522,485232.3543,,,18.966
000002,万科A,全国地产,深圳,19910129,000002.SZ,20020805,12.18,12.18,11.98,12.03,12.13,-0.1,-0.82,5646.69,6798.9783,0.1416,0.1416,0.68,20.3094,20.3094,2.4058,1.7038,1.7038,1.4963,3.1588,63097.1941,39871.1877,39871.1877,759059.245,479650.388,,,18.966
000002,万科A,全国地产,深圳,19910129,000002.SZ,20020802,12.06,12.18,12.06,12.13,12.1,0.03,0.25,5281.1,6401.494,0.1325,0.1325,0.6,20.4783,20.4783,2.4258,1.718,1.718,1.4839,3.1327,63097.1941,39871.1877,39871.1877,765368.9644,483637.5068,,,18.966
000002,万科A,全国地产,深圳,19910129,000002.SZ,20020801,12.05,12.2,11.95,12.1,12.05,0.05,0.41,7578.46,9141.4696,0.1901,0.1901,0.77,20.4276,20.4276,2.4198,1.7137,1.7137,1.4876,3.1405,63097.1941,39871.1877,39871.1877,763476.0486,482441.3712,,,18.966
000002,万科A,全国地产,深圳,19910129,000002.SZ,20020731,12.13,12.2,12.03,12.05,12.15,-0.1,-0.82,10438.9,12631.6566,0.2618,0.2618,1.05,20.3432,20.3432,2.4098,1.7066,1.7066,1.4938,3.1535,63097.1941,39871.1877,39871.1877,760321.1889,480447.8118,,,18.966
000002,万科A,全国地产,深圳,19910129,000002.SZ,20020730,12.2,12.22,12.08,12.15,12.2,-0.05,-0.41,7098.37,8626.1784,0.178,0.178,0.68,20.512,20.512,2.4298,1.7208,1.7208,1.4815,3.1276,63097.1941,39871.1877,39871.1877,766630.9083,484434.9306,,,18.966
000002,万科A,全国地产,深圳,19910129,000002.SZ,20020729,12.05,12.2,12.0,12.2,12.01,0.19,1.58,11284.94,13660.6525,0.283,0.283,1.09,20.5964,20.5964,2.4398,1.7279,1.7279,1.4754,3.1148,63097.1941,39871.1877,39871.1877,769785.768,486428.4899,,,18.966
000002,万科A,全国地产,深圳,19910129,000002.SZ,20020726,12.0,12.15,12.0,12.01,12.0,0.01,0.08,7864.13,9476.378,0.1972,0.1972,0.75,20.2757,20.2757,2.4018,1.701,1.701,1.4988,3.164,63097.1941,39871.1877,39871.1877,757797.3011,478852.9643,,,18.966
000002,万科A,全国地产,深圳,19910129,000002.SZ,20020725,12.1,12.2,11.98,12.0,12.1,-0.1,-0.83,12666.57,15250.5706,0.3177,0.3177,1.16,20.2588,20.2588,2.3998,1.6996,1.6996,1.5,3.1667,63097.1941,39871.1877,39871.1877,757166.3292,478454.2524,,,18.966
000002,万科A,全国地产,深圳,19910129,000002.SZ,20020724,12.2,12.3,12.07,12.1,12.16,-0.06,-0.49,10930.34,13266.7631,0.2741,0.2741,1.06,20.4276,20.4276,2.4198,1.7137,1.7137,1.4876,3.1405,63097.1941,39871.1877,39871.1877,763476.0486,482441.3712,,,18.966
000002,万科A,全国地产,深圳,19910129,000002.SZ,20020723,12.26,12.35,12.15,12.16,12.27,-0.11,-0.9,9833.39,12028.9129,0.2466,0.2466,0.95,20.5289,20.5289,2.4318,1.7222,1.7222,1.4803,3.125,63097.1941,39871.1877,39871.1877,767261.8803,484833.6424,,,18.966
000002,万科A,全国地产,深圳,19910129,000002.SZ,20020722,12.51,12.51,12.25,12.27,12.52,-0.25,-2.0,10578.36,13060.2436,0.2653,0.2653,1.0,20.7146,20.7146,2.4538,1.7378,1.7378,1.467,3.097,63097.1941,39871.1877,39871.1877,774202.5716,489219.4731,,,18.966
000002,万科A,全国地产,深圳,19910129,000002.SZ,20020719,12.54,12.6,12.48,12.52,12.54,-0.02,-0.16,8460.88,10585.028,0.2122,0.2122,0.77,21.1367,21.1367,2.5038,1.7732,1.7732,1.4377,3.0351,63097.1941,39871.1877,39871.1877,789976.8701,499187.27,,,18.966
000002,万科A,全国地产,深圳,19910129,000002.SZ,20020718,12.4,12.54,12.33,12.54,12.38,0.16,1.29,14909.28,18590.0137,0.3739,0.3739,1.38,21.1704,21.1704,2.5078,1.776,1.776,1.4354,3.0303,63097.1941,39871.1877,39871.1877,791238.814,499984.6938,,,18.966
000002,万科A,全国地产,深圳,19910129,000002.SZ,20020717,12.35,12.46,12.2,12.38,12.26,0.12,0.98,7549.85,9279.8949,0.1894,0.1894,0.51,20.9003,20.9003,2.4758,1.7534,1.7534,1.454,3.0695,63097.1941,39871.1877,39871.1877,781143.263,493605.3037,,,18.966
000002,万科A,全国地产,深圳,19910129,000002.SZ,20020716,12.43,12.58,12.38,12.46,12.43,0.03,0.24,10152.31,12642.2518,0.2546,0.2546,0.66,21.0354,21.0354,2.4918,1.7647,1.7647,1.4446,1.4446,63097.1941,39871.1877,39871.1877,786191.0385,496794.9987,,,18.966
000002,万科A,全国地产,深圳,19910129,000002.SZ,20020715,12.55,12.59,12.4,12.43,12.59,-0.16,-1.27,11966.22,14912.9167,0.3001,0.3001,0.73,20.9847,20.9847,2.4858,1.7605,1.7605,1.4481,1.4481,63097.1941,39871.1877,39871.1877,784298.1227,495598.8631,,,18.966
000002,万科A,全国地产,深圳,19910129,000002.SZ,20020712,12.56,12.72,12.52,12.59,12.56,0.03,0.24,10667.02,13459.4909,0.2675,0.2675,0.65,21.2548,21.2548,2.5178,1.7831,1.7831,1.4297,1.4297,63097.1941,39871.1877,39871.1877,794393.6737,501978.2531,,,9.353
000002,万科A,全国地产,深圳,19910129,000002.SZ,20020711,12.51,12.74,12.51,12.56,12.58,-0.02,-0.16,13547.14,17088.139,0.3398,0.3398,0.61,21.2042,21.2042,2.5118,1.7789,1.7789,1.4331,1.4331,63097.1941,39871.1877,39871.1877,792500.7579,500782.1175,,,9.353
000002,万科A,全国地产,深圳,19910129,000002.SZ,20020710,12.73,12.82,12.51,12.58,12.78,-0.2,-1.56,27536.75,34760.6629,0.6906,0.6906,1.18,21.238,21.238,2.5158,1.7817,1.7817,1.4308,1.4308,63097.1941,39871.1877,39871.1877,793762.7018,501579.5413,,,9.353
000002,万科A,全国地产,深圳,19910129,000002.SZ,20020709,12.9,12.93,12.75,12.78,12.84,-0.06,-0.47,13373.2,17131.0238,0.3354,0.3354,0.49,21.5756,21.5756,2.5558,1.81,1.81,1.4085,1.4085,63097.1941,39871.1877,39871.1877,806382.1406,509553.7788,,,9.353
000002,万科A,全国地产,深圳,19910129,000002.SZ,20020708,12.85,12.91,12.74,12.84,12.83,0.01,0.08,16551.41,21196.254,0.4151,0.4151,0.28,21.6769,21.6769,2.5678,1.8185,1.8185,1.4019,1.4019,63097.1941,39871.1877,39871.1877,810167.9722,511946.0501,,,9.353
000002,万科A,全国地产,深圳,19910129,000002.SZ,20020705,12.75,12.85,12.65,12.83,12.75,0.08,0.63,11399.81,14536.192,0.2859,0.2859,0.13,21.66,21.66,2.5658,1.8171,1.8171,1.403,1.403,63097.1941,39871.1877,39871.1877,809537.0003,511547.3382,,,9.353
000002,万科A,全国地产,深圳,19910129,000002.SZ,20020704,13.09,13.15,12.72,12.75,13.01,-0.26,-2.0,42966.71,55457.7249,1.0776,1.0776,0.51,21.525,21.525,2.5498,1.8058,1.8058,1.4118,1.4118,63097.1941,39871.1877,39871.1877,804489.2248,508357.6432,,,9.353
000002,万科A,全国地产,深圳,19910129,000002.SZ,20020703,13.16,13.35,12.98,13.01,13.17,-0.16,-1.21,32821.72,43030.9228,0.8232,0.8232,0.36,21.9639,21.9639,2.6018,1.8426,1.8426,1.3836,1.3836,63097.1941,39871.1877,39871.1877,820894.4952,518724.152,,,9.353
000002,万科A,全国地产,深圳,19910129,000002.SZ,20020702,13.01,13.3,13.01,13.17,13.21,-0.04,-0.3,32126.46,42205.2129,0.8058,0.8058,0.28,22.234,22.234,2.6338,1.8653,1.8653,1.3667,1.3667,63097.1941,39871.1877,39871.1877,830990.0463,525103.542,,,9.353
000002,万科A,全国地产,深圳,19910129,000002.SZ,20020701,13.27,13.75,13.21,13.21,13.21,0.0,0.0,177110.57,238828.6498,4.4421,4.4421,1.4,22.3015,22.3015,2.6418,1.8709,1.8709,1.3626,1.3626,63097.1941,39871.1877,39871.1877,833513.9341,526698.3895,,,9.353
000002,万科A,全国地产,深圳,19910129,000002.SZ,20020628,12.8,13.27,12.55,13.21,12.79,0.42,3.28,142862.13,183074.6189,3.5831,3.5831,1.21,22.3015,22.3015,2.6418,1.8709,1.8709,1.3626,1.3626,63097.1941,39871.1877,39871.1877,833513.9341,526698.3895,,,9.353
000002,万科A,全国地产,深圳,19910129,000002.SZ,20020627,12.9,13.01,12.63,12.79,12.91,-0.12,-0.93,36190.77,46278.4533,0.9077,0.9077,0.32,21.5925,21.5925,2.5578,1.8115,1.8115,1.4073,1.4073,63097.1941,39871.1877,39871.1877,807013.1125,509952.4907,,,9.353
000002,万科A,全国地产,深圳,19910129,000002.SZ,20020626,12.9,13.02,12.69,12.91,13.0,-0.09,-0.69,66315.15,84930.708,1.6632,1.6632,0.66,21.7951,21.7951,2.5818,1.8284,1.8284,1.3943,1.3943,63097.1941,39871.1877,39871.1877,814584.7758,514737.0332,,,9.353
000002,万科A,全国地产,深圳,19910129,000002.SZ,20020625,13.09,13.55,12.82,13.0,13.09,-0.09,-0.69,158149.28,209589.7978,3.9665,3.9665,2.21,21.947,21.947,2.5998,1.8412,1.8412,1.3846,1.3846,63097.1941,39871.1877,39871.1877,820263.5233,518325.4401,,,9.353
000002,万科A,全国地产,深圳,19910129,000002.SZ,20020624,13.09,13.09,12.74,13.09,11.9,1.19,10.0,227343.4,296333.7381,5.7019,5.7019,7.92,22.099,22.099,2.6178,1.8539,1.8539,1.3751,1.3751,63097.1941,39871.1877,39871.1877,825942.2708,521913.847,,,9.353
000002,万科A,全国地产,深圳,19910129,000002.SZ,20020621,11.45,12.16,11.39,11.9,11.42,0.48,4.2,104570.56,124888.4606,2.6227,2.6227,9.54,20.09,20.09,2.3798,1.6854,1.6854,1.5126,1.5126,63097.1941,39871.1877,39871.1877,750856.6098,474467.1336,,,9.353
000002,万科A,全国地产,深圳,19910129,000002.SZ,20020620,11.29,11.53,11.29,11.42,11.3,0.12,1.06,7669.27,8766.3399,0.1924,0.1924,0.56,19.2796,19.2796,2.2838,1.6174,1.6174,1.5762,1.5762,63097.1941,39871.1877,39871.1877,720569.9566,455328.9635,,,9.353
000002,万科A,全国地产,深圳,19910129,000002.SZ,20020619,11.49,11.5,11.29,11.3,11.49,-0.19,-1.65,5644.64,6402.3169,0.1416,0.1416,0.33,19.077,19.077,2.2598,1.6004,1.6004,1.5929,1.5929,63097.1941,39871.1877,39871.1877,712998.2933,450544.421,,,9.353
000002,万科A,全国地产,深圳,19910129,000002.SZ,20020618,11.5,11.58,11.29,11.49,11.43,0.06,0.52,13105.29,15029.0954,0.3287,0.3287,0.83,19.3978,19.3978,2.2978,1.6273,1.6273,1.5666,1.5666,63097.1941,39871.1877,39871.1877,724986.7602,458119.9467,,,9.353
000002,万科A,全国地产,深圳,19910129,000002.SZ,20020611,11.4,11.58,11.32,11.43,11.4,0.03,0.26,12586.68,14423.4864,0.3157,0.3157,0.84,19.2965,19.2965,2.2858,1.6188,1.6188,1.5748,1.5748,63097.1941,39871.1877,39871.1877,721200.9286,455727.6754,,,9.353
000002,万科A,全国地产,深圳,19910129,000002.SZ,20020610,11.42,11.54,11.22,11.4,11.42,-0.02,-0.18,15810.78,18018.502,0.3965,0.3965,1.21,19.2458,19.2458,2.2798,1.6146,1.6146,1.5789,1.5789,63097.1941,39871.1877,39871.1877,719308.0127,454531.5398,,,9.353
000002,万科A,全国地产,深圳,19910129,000002.SZ,20020607,11.58,11.81,11.36,11.42,11.57,-0.15,-1.3,21185.45,24482.4923,0.5313,0.5313,2.07,19.2796,19.2796,2.2838,1.6174,1.6174,1.5762,1.5762,63097.1941,39871.1877,39871.1877,720569.9566,455328.9635,,,9.353
000002,万科A,全国地产,深圳,19910129,000002.SZ,20020606,11.1,11.67,10.98,11.57,11.09,0.48,4.33,23668.07,26954.3354,0.5936,0.5936,3.23,19.5328,19.5328,2.3138,1.6387,1.6387,1.5557,1.5557,63097.1941,39871.1877,39871.1877,730034.5357,461309.6417,,,9.353
000002,万科A,全国地产,深圳,19910129,000002.SZ,20020605,11.28,11.28,11.05,11.09,11.27,-0.18,-1.6,5770.61,6405.1237,0.1447,0.1447,0.71,18.7225,18.7225,2.2178,1.5707,1.5707,1.6231,1.6231,63097.1941,39871.1877,39871.1877,699747.8826,442171.4716,,,9.353
000002,万科A,全国地产,深圳,19910129,000002.SZ,20020604,11.16,11.4,11.0,11.27,11.16,0.11,0.99,8542.32,9541.9165,0.2142,0.2142,1.09,19.0264,19.0264,2.2538,1.5962,1.5962,1.5972,1.5972,63097.1941,39871.1877,39871.1877,711105.3775,449348.2854,,,9.353
000002,万科A,全国地产,深圳,19910129,000002.SZ,20020603,11.2,11.23,11.0,11.16,11.3,-0.14,-1.24,6358.38,7079.9955,0.1595,0.1595,0.85,18.8407,18.8407,2.2318,1.5806,1.5806,1.6129,1.6129,63097.1941,39871.1877,39871.1877,704164.6862,444962.4547,,,9.353
000002,万科A,全国地产,深圳,19910129,000002.SZ,20020531,11.48,11.5,11.3,11.3,11.42,-0.12,-1.05,6864.09,7805.0133,0.1722,0.1722,0.74,19.077,19.077,2.2598,1.6004,1.6004,1.5929,1.5929,63097.1941,39871.1877,39871.1877,712998.2933,450544.421,,,9.353
000002,万科A,全国地产,深圳,19910129,000002.SZ,20020530,11.45,11.55,11.23,11.42,11.46,-0.04,-0.35,9109.16,10306.2889,0.2285,0.2285,0.88,19.2796,19.2796,2.2838,1.6174,1.6174,1.5762,1.5762,63097.1941,39871.1877,39871.1877,720569.9566,455328.9635,,,9.353
000002,万科A,全国地产,深圳,19910129,000002.SZ,20020529,11.72,11.78,11.45,11.46,11.72,-0.26,-2.22,10036.18,11547.0608,0.2517,0.2517,0.95,19.3471,19.3471,2.2918,1.6231,1.6231,1.5707,1.5707,63097.1941,39871.1877,39871.1877,723093.8444,456923.811,,,9.353
000002,万科A,全国地产,深圳,19910129,000002.SZ,20020528,11.88,11.91,11.7,11.72,11.8,-0.08,-0.68,6936.1,8180.304,0.174,0.174,0.5,19.7861,19.7861,2.3438,1.6599,1.6599,1.5358,1.5358,63097.1941,39871.1877,39871.1877,739499.1149,467290.3198,,,9.353
000002,万科A,全国地产,深圳,19910129,000002.SZ,20020527,11.94,11.96,11.7,11.8,11.82,-0.02,-0.17,4312.86,5075.8175,0.1082,0.1082,0.26,19.9211,19.9211,2.3598,1.6712,1.6712,1.5254,1.5254,63097.1941,39871.1877,39871.1877,744546.8904,470480.0149,,,9.353
000002,万科A,全国地产,深圳,19910129,000002.SZ,20020524,11.88,11.94,11.7,11.82,11.8,0.02,0.17,16047.34,18985.5148,0.4025,0.4025,0.99,19.9549,19.9549,2.3638,1.6741,1.6741,1.5228,1.5228,63097.1941,39871.1877,39871.1877,745808.8343,471277.4386,,,9.353
000002,万科A,全国地产,深圳,19910129,000002.SZ,20020523,11.7,11.82,11.58,11.8,11.66,0.14,1.2,14524.88,17031.9205,0.3643,0.3643,0.88,19.9211,19.9211,2.3598,1.6712,1.6712,1.5254,1.5254,63097.1941,39871.1877,39871.1877,744546.8904,470480.0149,,,9.353
000002,万科A,全国地产,深圳,19910129,000002.SZ,20020522,11.92,11.95,11.63,11.66,11.91,-0.25,-2.1,11150.23,13068.1805,0.2797,0.2797,0.69,19.6848,19.6848,2.3318,1.6514,1.6514,1.5437,1.5437,63097.1941,39871.1877,39871.1877,735713.2832,464898.0486,,,9.353
000002,万科A,全国地产,深圳,19910129,000002.SZ,20020521,11.98,12.1,11.75,11.91,11.75,0.16,1.36,23288.53,27741.4208,0.5841,0.5841,1.76,20.1068,20.1068,2.3818,1.6868,1.6868,1.5113,1.5113,63097.1941,39871.1877,39871.1877,751487.5817,474865.8455,,,9.353
000002,万科A,全国地产,深圳,19910129,000002.SZ,20020520,11.51,11.79,11.45,11.75,11.48,0.27,2.35,18552.99,21464.2346,0.4653,0.4653,1.61,19.8367,19.8367,2.3498,1.6642,1.6642,1.5319,1.5319,63097.1941,39871.1877,39871.1877,741392.0307,468486.4555,,,9.353
000002,万科A,全国地产,深圳,19910129,000002.SZ,20020517,11.5,11.7,11.43,11.48,11.53,-0.05,-0.43,13514.57,15563.529,0.339,0.339,1.13,19.3809,19.3809,2.2958,1.6259,1.6259,1.5679,1.5679,63097.1941,39871.1877,39871.1877,724355.7883,457721.2348,,,9.353
000002,万科A,全国地产,深圳,19910129,000002.SZ,20020516,11.78,11.78,11.5,11.53,11.83,-0.3,-2.54,15736.55,18256.086,0.3947,0.3947,1.5,19.4653,19.4653,2.3058,1.633,1.633,1.5611,1.5611,63097.1941,39871.1877,39871.1877,727510.648,459714.7942,,,9.353
000002,万科A,全国地产,深圳,19910129,000002.SZ,20020515,11.95,12.09,11.81,11.83,11.95,-0.12,-1.0,10179.65,12092.3227,0.2553,0.2553,1.05,19.9718,19.9718,2.3658,1.6755,1.6755,1.5216,1.5216,63097.1941,39871.1877,39871.1877,746439.8062,471676.1505,,,9.353
000002,万科A,全国地产,深圳,19910129,000002.SZ,20020514,12.03,12.17,11.92,11.95,12.03,-0.08,-0.67,8177.78,9822.7798,0.2051,0.2051,0.79,20.1744,20.1744,2.3898,1.6925,1.6925,1.5063,1.5063,63097.1941,39871.1877,39871.1877,754011.4695,476460.693,,,9.353
000002,万科A,全国地产,深圳,19910129,000002.SZ,20020513,12.06,12.3,11.98,12.03,12.14,-0.11,-0.91,10123.35,12198.0534,0.2539,0.2539,0.9,20.3094,20.3094,2.4058,1.7038,1.7038,1.4963,1.4963,63097.1941,39871.1877,39871.1877,759059.245,479650.388,,,9.353
000002,万科A,全国地产,深圳,19910129,000002.SZ,20020510,12.2,12.33,12.06,12.14,12.23,-0.09,-0.74,15323.12,18617.7093,0.3843,0.3843,1.57,20.4951,20.4951,2.4278,1.7194,1.7194,1.4827,1.4827,63097.1941,39871.1877,39871.1877,765999.9364,484036.2187,,,9.353
000002,万科A,全国地产,深圳,19910129,000002.SZ,20020509,12.22,12.36,12.15,12.23,12.29,-0.06,-0.49,8518.46,10443.4656,0.2136,0.2136,0.87,20.6471,20.6471,2.4458,1.7321,1.7321,1.4718,1.4718,63097.1941,39871.1877,39871.1877,771678.6838,487624.6256,,,9.353
000002,万科A,全国地产,深圳,19910129,000002.SZ,20020508,12.4,12.55,12.25,12.29,12.42,-0.13,-1.05,6510.68,8014.8098,0.1633,0.1633,0.63,20.7484,20.7484,2.4578,1.7406,1.7406,1.4646,1.4646,63097.1941,39871.1877,39871.1877,775464.5155,490016.8968,,,9.353
000002,万科A,全国地产,深圳,19910129,000002.SZ,20020430,12.5,12.58,12.38,12.42,12.5,-0.08,-0.64,10969.17,13661.5781,0.2751,0.2751,1.14,20.9678,20.9678,2.4838,1.759,1.759,1.4493,1.4493,63097.1941,39871.1877,39871.1877,783667.1507,495200.1512,,,9.353
000002,万科A,全国地产,深圳,19910129,000002.SZ,20020429,12.33,12.53,12.3,12.5,12.33,0.17,1.38,15017.62,18621.8306,0.3767,0.3767,1.67,21.1029,21.1029,2.4998,1.7704,1.7704,1.44,1.44,63097.1941,39871.1877,39871.1877,788714.9263,498389.8463,,,9.353
000002,万科A,全国地产,深圳,19910129,000002.SZ,20020426,12.18,12.42,12.16,12.33,12.16,0.17,1.4,7738.75,9567.0569,0.1941,0.1941,0.78,20.8159,20.8159,2.4658,1.7463,1.7463,1.4599,1.4599,63097.1941,39871.1877,39871.1877,777988.4033,491611.7443,,,9.353
000002,万科A,全国地产,深圳,19910129,000002.SZ,20020425,12.18,12.26,12.12,12.16,12.17,-0.01,-0.08,8658.26,10540.9674,0.2172,0.2172,0.79,20.5289,20.5289,2.4318,1.7222,1.7222,1.4803,1.4803,63097.1941,39871.1877,39871.1877,767261.8803,484833.6424,,,9.353
000002,万科A,全国地产,深圳,19910129,000002.SZ,20020424,12.25,12.34,12.08,12.17,12.24,-0.07,-0.57,9010.55,10972.6989,0.226,0.226,0.85,20.5458,20.5458,2.4338,1.7236,1.7236,1.479,1.479,63097.1941,39871.1877,39871.1877,767892.8522,485232.3543,,,9.353
000002,万科A,全国地产,深圳,19910129,000002.SZ,20020423,12.26,12.4,12.2,12.24,12.26,-0.02,-0.16,7576.0,9304.3372,0.19,0.19,0.71,20.664,20.664,2.4478,1.7336,1.7336,1.4706,1.4706,63097.1941,39871.1877,39871.1877,772309.6558,488023.3374,,,9.353
000002,万科A,全国地产,深圳,19910129,000002.SZ,20020422,12.35,12.44,12.21,12.26,12.47,-0.21,-1.68,11956.72,14709.5028,0.2999,0.2999,1.08,20.6977,20.6977,2.4762,1.7364,1.7364,1.4682,1.4682,63097.1941,39871.1877,39871.1877,773571.5997,488820.7612,,,9.353
000002,万科A,全国地产,深圳,19910129,000002.SZ,20020419,12.5,12.5,12.32,12.47,12.5,-0.03,-0.24,12548.83,15541.0262,0.3147,0.3147,1.18,21.0523,21.0523,2.5186,1.7661,1.7661,1.4435,1.4435,63097.1941,39871.1877,39871.1877,786822.0104,497193.7106,,,9.353
000002,万科A,全国地产,深圳,19910129,000002.SZ,20020418,12.54,12.68,12.45,12.5,12.54,-0.04,-0.32,13765.93,17231.471,0.3453,0.3453,1.3,21.1029,21.1029,2.5246,1.7704,1.7704,1.44,1.44,63097.1941,39871.1877,39871.1877,788714.9263,498389.8463,,,9.353
000002,万科A,全国地产,深圳,19910129,000002.SZ,20020417,12.6,12.68,12.49,12.54,12.62,-0.08,-0.63,7012.03,8795.6358,0.1759,0.1759,0.59,21.1704,21.1704,2.5327,1.776,1.776,1.4354,1.4354,63097.1941,39871.1877,39871.1877,791238.814,499984.6938,,,9.353
000002,万科A,全国地产,深圳,19910129,000002.SZ,20020416,12.6,12.7,12.5,12.62,12.63,-0.01,-0.08,8239.59,10391.3372,0.2067,0.2067,0.55,21.3055,21.3055,2.5489,1.7874,1.7874,1.4263,1.4263,63097.1941,39871.1877,39871.1877,796286.5895,503174.3888,,,9.353
000002,万科A,全国地产,深圳,19910129,000002.SZ,20020415,12.72,12.73,12.54,12.63,12.72,-0.09,-0.71,13994.03,17660.6485,0.351,0.351,0.99,21.3224,21.3224,2.5509,1.7888,1.7888,1.4252,1.4252,63097.1941,39871.1877,39871.1877,796917.5615,503573.1007,,,9.353
000002,万科A,全国地产,深圳,19910129,000002.SZ,20020412,12.67,12.8,12.63,12.72,12.7,0.02,0.16,10150.32,12885.4194,0.2546,0.2546,0.69,21.4743,21.4743,2.5691,1.8015,1.8015,1.4151,1.4151,63097.1941,39871.1877,39871.1877,802596.309,507161.5075,,,9.353
000002,万科A,全国地产,深圳,19910129,000002.SZ,20020411,12.95,12.95,12.65,12.7,12.95,-0.25,-1.93,13601.17,17351.04,0.3411,0.3411,0.89,21.4405,21.4405,2.565,1.7987,1.7987,1.4173,1.4173,63097.1941,39871.1877,39871.1877,801334.3651,506364.0838,,,9.353
000002,万科A,全国地产,深圳,19910129,000002.SZ,20020410,13.02,13.08,12.87,12.95,13.05,-0.1,-0.77,13278.27,17186.9459,0.333,0.333,0.93,21.8626,21.8626,2.6155,1.8341,1.8341,1.39,1.39,63097.1941,39871.1877,39871.1877,817108.6636,516331.8807,,,9.353
000002,万科A,全国地产,深圳,19910129,000002.SZ,20020409,12.78,13.14,12.61,13.05,12.75,0.3,2.35,24183.97,31258.9737,0.6066,0.6066,2.04,22.0314,22.0314,2.6357,1.8483,1.8483,1.3793,1.3793,63097.1941,39871.1877,39871.1877,823418.383,520318.9995,,,9.353
000002,万科A,全国地产,深圳,19910129,000002.SZ,20020408,12.61,12.85,12.61,12.75,12.66,0.09,0.71,9512.89,12119.8298,0.2386,0.2386,0.78,21.525,21.525,2.5751,1.8058,1.8058,1.4118,1.4118,63097.1941,39871.1877,39871.1877,804489.2248,508357.6432,,,9.353
000002,万科A,全国地产,深圳,19910129,000002.SZ,20020405,12.9,12.93,12.58,12.66,12.76,-0.1,-0.78,13446.54,17116.8899,0.3372,0.3372,0.98,21.373,21.373,2.5569,1.793,1.793,1.4218,1.4218,63097.1941,39871.1877,39871.1877,798810.4773,504769.2363,,,9.353
000002,万科A,全国地产,深圳,19910129,000002.SZ,20020404,12.57,12.79,12.38,12.76,12.57,0.19,1.51,15947.64,20046.2196,0.4,0.4,1.22,21.5418,21.5418,2.5771,1.8072,1.8072,1.4107,1.4107,63097.1941,39871.1877,39871.1877,805120.1967,508756.3551,,,9.353
000002,万科A,全国地产,深圳,19910129,000002.SZ,20020403,12.5,12.7,12.49,12.57,12.46,0.11,0.88,8282.89,10408.0588,0.2077,0.2077,0.55,21.2211,21.2211,2.5388,1.7803,1.7803,1.432,1.432,63097.1941,39871.1877,39871.1877,793131.7298,501180.8294,,,9.353
000002,万科A,全国地产,深圳,19910129,000002.SZ,20020402,12.7,12.78,12.43,12.46,12.69,-0.23,-1.81,11942.0,14966.1845,0.2995,0.2995,0.64,21.0354,21.0354,2.5165,1.7647,1.7647,1.4446,1.4446,63097.1941,39871.1877,39871.1877,786191.0385,496794.9987,,,9.353
000002,万科A,全国地产,深圳,19910129,000002.SZ,20020401,12.6,12.75,12.55,12.69,12.68,0.01,0.08,10993.83,13882.8387,0.2757,0.2757,0.53,21.4237,21.4237,2.563,1.7973,1.7973,1.4184,1.4184,63097.1941,39871.1877,39871.1877,800703.3931,505965.3719,,,9.353
000002,万科A,全国地产,深圳,19910129,000002.SZ,20020329,13.0,13.0,12.6,12.68,13.04,-0.36,-2.76,21719.11,27674.1943,0.5447,0.5447,1.09,21.4068,21.4068,2.561,1.7959,1.7959,1.4196,1.4196,63097.1941,39871.1877,39871.1877,800072.4212,505566.66,,,9.353
000002,万科A,全国地产,深圳,19910129,000002.SZ,20020328,13.1,13.14,12.9,13.04,13.08,-0.04,-0.31,12274.91,16018.4914,0.3079,0.3079,0.51,22.0145,22.0145,2.6337,1.8469,1.8469,1.3804,1.3804,63097.1941,39871.1877,39871.1877,822787.4111,519920.2876,,,9.353
000002,万科A,全国地产,深圳,19910129,000002.SZ,20020327,12.75,13.15,12.72,13.08,12.82,0.26,2.03,19033.4,24709.7427,0.4774,0.4774,0.63,22.0821,22.0821,2.6418,1.8525,1.8525,1.3761,1.3761,63097.1941,39871.1877,39871.1877,825311.2988,521515.1351,,,9.353
000002,万科A,全国地产,深圳,19910129,000002.SZ,20020326,13.1,13.1,12.78,12.82,13.1,-0.28,-2.14,28588.22,36893.5082,0.717,0.717,0.98,21.6431,21.6431,2.5893,1.8157,1.8157,1.4041,1.4041,63097.1941,39871.1877,39871.1877,808906.0284,511148.6263,,,9.353
000002,万科A,全国地产,深圳,19910129,000002.SZ,20020325,13.1,13.18,13.0,13.1,13.12,-0.02,-0.15,22386.98,29260.2668,0.5615,0.5615,0.68,22.1158,22.1158,2.6458,1.8554,1.8554,1.374,1.374,63097.1941,39871.1877,39871.1877,826573.2427,522312.5589,,,9.353
000002,万科A,全国地产,深圳,19910129,000002.SZ,20020322,13.31,13.39,13.03,13.12,13.31,-0.19,-1.43,17215.41,22661.3332,0.4318,0.4318,0.44,22.1496,22.1496,2.6498,1.8582,1.8582,1.372,1.372,63097.1941,39871.1877,39871.1877,827835.1866,523109.9826,,,9.353
000002,万科A,全国地产,深圳,19910129,000002.SZ,20020321,13.51,13.55,13.25,13.31,13.45,-0.14,-1.04,33449.36,44813.5167,0.8389,0.8389,0.83,22.4704,22.4704,2.6882,1.8851,1.8851,1.3524,1.3524,63097.1941,39871.1877,39871.1877,839823.6535,530685.5083,,,9.353
000002,万科A,全国地产,深圳,19910129,000002.SZ,20020320,13.34,13.59,13.23,13.45,13.24,0.21,1.59,50201.03,67370.6521,1.2591,1.2591,1.39,22.7067,22.7067,2.7165,1.9049,1.9049,1.3383,1.3383,63097.1941,39871.1877,39871.1877,848657.2606,536267.4746,,,9.353
000002,万科A,全国地产,深圳,19910129,000002.SZ,20020319,13.15,13.35,13.03,13.24,13.11,0.13,0.99,23165.96,30608.4511,0.581,0.581,0.51,22.3522,22.3522,2.6741,1.8752,1.8752,1.3595,1.3595,63097.1941,39871.1877,39871.1877,835406.8499,527894.5251,,,9.353
000002,万科A,全国地产,深圳,19910129,000002.SZ,20020318,13.4,13.45,13.0,13.11,13.01,0.1,0.77,40583.62,53280.4067,1.0179,1.0179,0.89,22.1327,22.1327,2.6478,1.8568,1.8568,1.373,1.373,63097.1941,39871.1877,39871.1877,827204.2147,522711.2707,,,9.353
000002,万科A,全国地产,深圳,19910129,000002.SZ,20020315,13.4,13.49,12.98,13.01,13.4,-0.39,-2.91,48493.89,64253.1677,1.2163,1.2163,0.93,21.9639,21.9639,2.6276,1.8426,1.8426,1.3836,1.3836,63097.1941,39871.1877,39871.1877,820894.4952,518724.152,,,9.353
000002,万科A,全国地产,深圳,19910129,000002.SZ,20020314,13.1,13.45,13.0,13.4,13.08,0.32,2.45,38596.9,51031.0874,0.968,0.968,0.69,28.0682,23.6766,2.7749,2.2346,1.7572,1.3433,1.3433,63097.1941,39871.1877,39871.1877,845502.4009,534273.9152,,,9.353
000002,万科A,全国地产,深圳,19910129,000002.SZ,20020313,13.25,13.49,13.04,13.08,13.3,-0.22,-1.65,29940.77,39520.5902,0.7509,0.7509,0.45,27.3979,23.1112,2.7086,2.1812,1.7152,1.3761,1.3761,63097.1941,39871.1877,39871.1877,825311.2988,521515.1351,,,9.353
000002,万科A,全国地产,深圳,19910129,000002.SZ,20020312,13.55,13.78,13.28,13.3,13.53,-0.23,-1.7,70415.1,95251.6167,1.7661,1.7661,1.19,27.8587,23.4999,2.7542,2.2179,1.7441,1.3534,1.3534,63097.1941,39871.1877,39871.1877,839192.6815,530286.7964,,,9.353
000002,万科A,全国地产,深圳,19910129,000002.SZ,20020311,13.39,13.58,13.18,13.53,13.4,0.13,0.97,39346.25,52643.2012,0.9868,0.9868,0.74,28.3405,23.9063,2.8018,2.2563,1.7742,1.3304,1.3304,63097.1941,39871.1877,39871.1877,853705.0362,539457.1696,,,9.353
000002,万科A,全国地产,深圳,19910129,000002.SZ,20020308,13.59,13.65,13.0,13.4,13.5,-0.1,-0.74,81726.55,108719.4748,2.0498,2.0498,2.11,28.0682,23.6766,2.7749,2.2346,1.7572,1.3433,1.3433,63097.1941,39871.1877,39871.1877,845502.4009,534273.9152,,,9.353
000002,万科A,全国地产,深圳,19910129,000002.SZ,20020307,13.15,13.55,13.08,13.5,13.17,0.33,2.51,59041.63,78984.2959,1.4808,1.4808,2.05,28.2777,23.8533,2.7956,2.2513,1.7703,1.3333,1.3333,63097.1941,39871.1877,39871.1877,851812.1204,538261.034,,,9.353
000002,万科A,全国地产,深圳,19910129,000002.SZ,20020306,13.0,13.5,12.96,13.17,12.99,0.18,1.39,79724.96,105972.6619,1.9996,1.9996,5.57,27.5864,23.2702,2.7273,2.1963,1.727,1.3667,1.3667,63097.1941,39871.1877,39871.1877,830990.0463,525103.542,,,9.353
000002,万科A,全国地产,深圳,19910129,000002.SZ,20020305,12.6,13.14,12.6,12.99,12.59,0.4,3.18,37211.65,48245.0395,0.9333,0.9333,3.9,27.2094,22.9522,2.69,2.1662,1.7034,1.3857,1.3857,63097.1941,39871.1877,39871.1877,819632.5514,517926.7282,,,9.353
000002,万科A,全国地产,深圳,19910129,000002.SZ,20020304,12.45,12.6,12.37,12.59,12.47,0.12,0.96,6555.48,8187.7974,0.1644,0.1644,0.37,26.3715,22.2454,2.6072,2.0995,1.651,1.4297,1.4297,63097.1941,39871.1877,39871.1877,794393.6737,501978.2531,,,9.353
000002,万科A,全国地产,深圳,19910129,000002.SZ,20020301,12.6,12.65,12.45,12.47,12.64,-0.17,-1.34,10972.35,13734.9796,0.2752,0.2752,0.59,26.1202,22.0334,2.5823,2.0795,1.6352,1.4435,1.4435,63097.1941,39871.1877,39871.1877,786822.0104,497193.7106,,,9.353
000002,万科A,全国地产,深圳,19910129,000002.SZ,20020228,12.78,12.8,12.55,12.64,12.78,-0.14,-1.1,9193.9,11661.5922,0.2306,0.2306,0.45,26.4763,22.3338,2.6175,2.1079,1.6575,1.4241,1.4241,63097.1941,39871.1877,39871.1877,797548.5334,503971.8125,,,9.353
000002,万科A,全国地产,深圳,19910129,000002.SZ,20020227,12.76,12.95,12.73,12.78,12.74,0.04,0.31,7682.33,9845.7216,0.1927,0.1927,0.35,26.7695,22.5811,2.6465,2.1312,1.6759,1.4085,1.4085,63097.1941,39871.1877,39871.1877,806382.1406,509553.7788,,,9.353
000002,万科A,全国地产,深圳,19910129,000002.SZ,20020226,12.85,12.85,12.66,12.74,12.82,-0.08,-0.62,13266.94,16890.4788,0.3327,0.3327,0.59,26.6857,22.5105,2.6382,2.1245,1.6706,1.4129,1.4129,63097.1941,39871.1877,39871.1877,803858.2528,507958.9313,,,9.353
000002,万科A,全国地产,深圳,19910129,000002.SZ,20020225,12.91,13.21,12.77,12.82,12.5,0.32,2.56,48238.2,62590.8731,1.2099,1.2099,2.96,26.8533,22.6518,2.6548,2.1379,1.6811,1.4041,1.4041,63097.1941,39871.1877,39871.1877,808906.0284,511148.6263,,,9.353
000002,万科A,全国地产,深圳,19910129,000002.SZ,20020208,12.56,12.77,12.49,12.5,12.52,-0.02,-0.16,15163.27,19107.735,0.3803,0.3803,0.67,26.183,22.0864,2.5885,2.0845,1.6392,1.44,1.44,63097.1941,39871.1877,39871.1877,788714.9263,498389.8463,,,9.353
000002,万科A,全国地产,深圳,19910129,000002.SZ,20020207,12.31,12.65,12.31,12.52,12.35,0.17,1.38,17171.11,21526.9571,0.4307,0.4307,0.54,26.2249,22.1217,2.5927,2.0879,1.6418,1.4377,1.4377,63097.1941,39871.1877,39871.1877,789976.8701,499187.27,,,9.353
000002,万科A,全国地产,深圳,19910129,000002.SZ,20020206,12.6,12.64,12.33,12.35,12.51,-0.16,-1.28,16104.72,20085.1526,0.4039,0.4039,0.54,25.8688,21.8214,2.5575,2.0595,1.6195,1.4575,1.4575,63097.1941,39871.1877,39871.1877,779250.3471,492409.1681,,,9.353
000002,万科A,全国地产,深圳,19910129,000002.SZ,20020205,12.51,12.61,12.33,12.51,12.57,-0.06,-0.48,14982.8,18659.9973,0.3758,0.3758,0.5,26.204,22.1041,2.5906,2.0862,1.6405,1.4388,1.4388,63097.1941,39871.1877,39871.1877,789345.8982,498788.5581,,,9.353
000002,万科A,全国地产,深圳,19910129,000002.SZ,20020204,12.45,12.63,12.36,12.57,12.49,0.08,0.64,17978.37,22461.3184,0.4509,0.4509,0.56,26.3296,22.2101,2.603,2.0962,1.6483,1.432,1.432,63097.1941,39871.1877,39871.1877,793131.7298,501180.8294,,,9.353
000002,万科A,全国地产,深圳,19910129,000002.SZ,20020201,12.4,12.87,12.21,12.49,12.38,0.11,0.89,47352.9,59645.4558,1.1876,1.1876,1.75,26.1621,22.0687,2.5864,2.0829,1.6378,1.4412,1.4412,63097.1941,39871.1877,39871.1877,788083.9543,497991.1344,,,9.353
000002,万科A,全国地产,深圳,19910129,000002.SZ,20020131,12.69,12.69,11.85,12.38,11.54,0.84,7.28,61627.6,75972.3141,1.5457,1.5457,2.57,25.9317,21.8744,2.5637,2.0645,1.6234,1.454,1.454,63097.1941,39871.1877,39871.1877,781143.263,493605.3037,,,9.353
000002,万科A,全国地产,深圳,19910129,000002.SZ,20020130,11.6,11.68,11.4,11.54,11.6,-0.06,-0.52,7716.39,8895.001,0.1935,0.1935,0.27,24.1722,20.3902,2.3897,1.9244,1.5133,1.5598,1.5598,63097.1941,39871.1877,39871.1877,728141.6199,460113.5061,,,9.353
000002,万科A,全国地产,深圳,19910129,000002.SZ,20020129,11.19,11.64,11.05,11.6,11.24,0.36,3.2,15666.74,17973.551,0.3929,0.3929,0.55,24.2978,20.4962,2.4021,1.9344,1.5211,1.5517,1.5517,63097.1941,39871.1877,39871.1877,731927.4516,462505.7773,,,9.353
000002,万科A,全国地产,深圳,19910129,000002.SZ,20020128,11.76,11.99,11.19,11.24,12.0,-0.76,-6.33,28011.85,32427.8422,0.7026,0.7026,1.01,23.5438,19.8601,2.3276,1.8744,1.4739,1.6014,1.6014,63097.1941,39871.1877,39871.1877,709212.4617,448152.1497,,,9.353
000002,万科A,全国地产,深圳,19910129,000002.SZ,20020125,11.9,12.15,11.85,12.0,12.01,-0.01,-0.08,22001.03,26480.0867,0.5518,0.5518,0.75,25.1357,21.2029,2.485,2.0011,1.5736,1.5,1.5,63097.1941,39871.1877,39871.1877,757166.3292,478454.2524,,,9.353
000002,万科A,全国地产,深圳,19910129,000002.SZ,20020124,11.99,12.26,11.61,12.01,12.01,0.0,0.0,46421.6,55676.1815,1.1643,1.1643,1.92,25.1566,21.2206,2.487,2.0028,1.5749,1.4988,1.4988,63097.1941,39871.1877,39871.1877,757797.3011,478852.9643,,,9.353
000002,万科A,全国地产,深圳,19910129,000002.SZ,20020123,11.1,12.08,11.1,12.01,11.13,0.88,7.91,28960.88,33599.0901,0.7264,0.7264,1.21,25.1566,21.2206,2.487,2.0028,1.5749,1.4988,1.4988,63097.1941,39871.1877,39871.1877,757797.3011,478852.9643,,,9.353
000002,万科A,全国地产,深圳,19910129,000002.SZ,20020122,10.96,11.5,10.96,11.13,10.95,0.18,1.64,17219.7,19237.2378,0.4319,0.4319,0.64,23.3134,19.6657,2.3048,1.8561,1.4595,1.6173,1.6173,63097.1941,39871.1877,39871.1877,702271.7703,443766.3191,,,9.353
000002,万科A,全国地产,深圳,19910129,000002.SZ,20020121,11.27,11.28,10.88,10.95,11.28,-0.33,-2.93,24629.58,27034.5618,0.6177,0.6177,0.87,22.9363,19.3477,2.2675,1.826,1.4359,1.6438,1.6438,63097.1941,39871.1877,39871.1877,690914.2754,436589.5053,,,9.353
000002,万科A,全国地产,深圳,19910129,000002.SZ,20020118,11.05,11.46,10.93,11.28,11.27,0.01,0.09,30117.77,33733.3177,0.7554,0.7554,1.23,23.6276,19.9308,2.3359,1.8811,1.4792,1.5957,1.5957,63097.1941,39871.1877,39871.1877,711736.3494,449746.9973,,,9.353
000002,万科A,全国地产,深圳,19910129,000002.SZ,20020117,11.6,11.76,11.1,11.27,11.76,-0.49,-4.17,19773.35,22619.7162,0.4959,0.4959,0.69,23.6066,19.9131,2.3338,1.8794,1.4779,1.5972,1.5972,63097.1941,39871.1877,39871.1877,711105.3775,449348.2854,,,9.353
000002,万科A,全国地产,深圳,19910129,000002.SZ,20020116,11.6,11.9,11.38,11.76,11.66,0.1,0.86,27663.18,32034.4189,0.6938,0.6938,1.09,24.633,20.7789,2.4353,1.9611,1.5421,1.5306,1.5306,63097.1941,39871.1877,39871.1877,742023.0026,468885.1674,,,9.353
000002,万科A,全国地产,深圳,19910129,000002.SZ,20020115,12.0,12.13,11.6,11.66,12.03,-0.37,-3.08,32287.35,37994.2304,0.8098,0.8098,1.61,24.4235,20.6022,2.4146,1.9444,1.529,1.5437,1.5437,63097.1941,39871.1877,39871.1877,735713.2832,464898.0486,,,9.353
000002,万科A,全国地产,深圳,19910129,000002.SZ,20020114,12.2,12.25,11.99,12.03,12.31,-0.28,-2.27,31018.46,37401.1766,0.778,0.778,2.04,25.1985,21.2559,2.4912,2.0061,1.5775,1.4963,1.4963,63097.1941,39871.1877,39871.1877,759059.245,479650.388,,,9.353
000002,万科A,全国地产,深圳,19910129,000002.SZ,20020111,12.7,12.7,12.3,12.31,12.64,-0.33,-2.61,11320.22,14061.7343,0.2839,0.2839,0.79,25.785,21.7507,2.5492,2.0528,1.6142,1.4622,1.4622,63097.1941,39871.1877,39871.1877,776726.4594,490814.3206,,,9.353
000002,万科A,全国地产,深圳,19910129,000002.SZ,20020110,12.5,12.71,12.0,12.64,12.57,0.07,0.56,40892.77,50237.599,1.0256,1.0256,4.09,26.4763,22.3338,2.6175,2.1079,1.6575,1.4241,1.4241,63097.1941,39871.1877,39871.1877,797548.5334,503971.8125,,,9.353
000002,万科A,全国地产,深圳,19910129,000002.SZ,20020109,12.65,12.81,12.4,12.57,12.7,-0.13,-1.02,11010.8,13895.0588,0.2762,0.2762,1.02,26.3296,22.2101,2.603,2.0962,1.6483,1.432,1.432,63097.1941,39871.1877,39871.1877,793131.7298,501180.8294,,,9.353
000002,万科A,全国地产,深圳,19910129,000002.SZ,20020108,12.85,12.97,12.7,12.7,12.83,-0.13,-1.01,5743.59,7340.3684,0.1441,0.1441,0.52,26.6019,22.4398,2.6299,2.1179,1.6654,1.4173,1.4173,63097.1941,39871.1877,39871.1877,801334.3651,506364.0838,,,9.353
000002,万科A,全国地产,深圳,19910129,000002.SZ,20020107,12.9,12.9,12.72,12.83,12.99,-0.16,-1.23,7159.08,9146.0835,0.1796,0.1796,0.62,26.8742,22.6695,2.6569,2.1396,1.6824,1.403,1.403,63097.1941,39871.1877,39871.1877,809537.0003,511547.3382,,,9.353
000002,万科A,全国地产,深圳,19910129,000002.SZ,20020104,13.01,13.2,12.96,12.99,13.35,-0.36,-2.7,6541.73,8532.7811,0.1641,0.1641,0.53,27.2094,22.9522,2.69,2.1662,1.7034,1.3857,1.3857,63097.1941,39871.1877,39871.1877,819632.5514,517926.7282,,,9.353
000002,万科A,全国地产,深圳,19910129,000002.SZ,20011231,13.12,13.38,12.95,13.35,13.15,0.2,1.52,19542.36,25832.9943,0.4901,0.4901,1.91,27.9635,23.5883,2.7645,2.2263,1.7506,1.1236,1.3483,63097.1941,39871.1877,39871.1877,842347.5412,532280.3558,,,9.353
000002,万科A,全国地产,深圳,19910129,000002.SZ,20011228,12.92,13.2,12.76,13.15,12.87,0.28,2.18,15119.88,19473.9389,0.3792,0.3792,1.35,27.5445,23.2349,2.7231,2.1929,1.7244,1.1407,1.3688,63097.1941,39871.1877,39871.1877,829728.1024,524306.1183,,,9.353
000002,万科A,全国地产,深圳,19910129,000002.SZ,20011227,13.2,13.2,12.85,12.87,13.01,-0.14,-1.08,6670.05,8656.2533,0.1673,0.1673,0.51,26.958,22.7402,2.6651,2.1462,1.6877,1.1655,1.3986,63097.1941,39871.1877,39871.1877,812060.8881,513142.1857,,,9.353
000002,万科A,全国地产,深圳,19910129,000002.SZ,20011226,12.83,13.04,12.73,13.01,12.83,0.18,1.4,9675.93,12469.1406,0.2427,0.2427,0.7,27.2513,22.9875,2.6941,2.1696,1.706,1.153,1.3836,63097.1941,39871.1877,39871.1877,820894.4952,518724.152,,,9.353
000002,万科A,全国地产,深圳,19910129,000002.SZ,20011225,12.68,12.96,12.68,12.83,12.72,0.11,0.86,11282.92,14450.6395,0.283,0.283,0.76,26.8742,22.6695,2.6569,2.1396,1.6824,1.1691,1.403,63097.1941,39871.1877,39871.1877,809537.0003,511547.3382,,,9.353
000002,万科A,全国地产,深圳,19910129,000002.SZ,20011224,12.9,13.0,12.68,12.72,12.99,-0.27,-2.08,8540.67,10907.7209,0.2142,0.2142,0.57,26.6438,22.4751,2.6341,2.1212,1.668,1.1792,1.4151,63097.1941,39871.1877,39871.1877,802596.309,507161.5075,,,9.353
000002,万科A,全国地产,深圳,19910129,000002.SZ,20011221,12.89,13.0,12.7,12.99,13.0,-0.01,-0.08,19685.16,25266.8238,0.4937,0.4937,1.5,27.2094,22.9522,2.69,2.1662,1.7034,1.1547,1.3857,63097.1941,39871.1877,39871.1877,819632.5514,517926.7282,,,9.353
000002,万科A,全国地产,深圳,19910129,000002.SZ,20011220,13.2,13.3,12.93,13.0,13.3,-0.3,-2.26,16208.12,21148.0961,0.4065,0.4065,1.25,27.2303,22.9699,2.6921,2.1679,1.7047,1.1538,1.3846,63097.1941,39871.1877,39871.1877,820263.5233,518325.4401,,,9.353
000002,万科A,全国地产,深圳,19910129,000002.SZ,20011219,13.41,13.49,13.28,13.3,13.47,-0.17,-1.26,13798.14,18444.9751,0.3461,0.3461,1.16,27.8587,23.4999,2.7542,2.2179,1.7441,1.1278,1.3534,63097.1941,39871.1877,39871.1877,839192.6815,530286.7964,,,9.353
000002,万科A,全国地产,深圳,19910129,000002.SZ,20011218,13.19,13.5,13.19,13.47,13.17,0.3,2.28,16283.63,21797.0201,0.4084,0.4084,1.32,28.2148,23.8003,2.7894,2.2463,1.7664,1.1136,1.3363,63097.1941,39871.1877,39871.1877,849919.2045,537064.8983,,,9.353
000002,万科A,全国地产,深圳,19910129,000002.SZ,20011217,13.2,13.25,13.1,13.17,13.22,-0.05,-0.38,9109.73,11983.9496,0.2285,0.2285,0.62,27.5864,23.2702,2.7273,2.1963,1.727,1.139,1.3667,63097.1941,39871.1877,39871.1877,830990.0463,525103.542,,,9.353
000002,万科A,全国地产,深圳,19910129,000002.SZ,20011214,13.16,13.29,13.0,13.22,13.21,0.01,0.08,10083.69,13243.653,0.2529,0.2529,0.66,27.6912,23.3586,2.7376,2.2046,1.7336,1.1346,1.3616,63097.1941,39871.1877,39871.1877,834144.906,527097.1014,,,9.353
000002,万科A,全国地产,深圳,19910129,000002.SZ,20011213,13.38,13.45,13.11,13.21,13.38,-0.17,-1.27,15590.51,20680.5158,0.391,0.391,0.96,27.6702,23.3409,2.7355,2.2029,1.7323,1.1355,1.3626,63097.1941,39871.1877,39871.1877,833513.9341,526698.3895,,,9.353
000002,万科A,全国地产,深圳,19910129,000002.SZ,20011212,13.45,13.52,13.3,13.38,13.5,-0.12,-0.89,8622.31,11546.664,0.2163,0.2163,0.39,28.0263,23.6413,2.7708,2.2313,1.7546,1.1211,1.3453,63097.1941,39871.1877,39871.1877,844240.4571,533476.4914,,,9.353
000002,万科A,全国地产,深圳,19910129,000002.SZ,20011211,13.6,13.79,13.48,13.5,13.74,-0.24,-1.75,18172.9,24763.5325,0.4558,0.4558,0.83,28.2777,23.8533,2.7956,2.2513,1.7703,1.1111,1.3333,63097.1941,39871.1877,39871.1877,851812.1204,538261.034,,,9.353
000002,万科A,全国地产,深圳,19910129,000002.SZ,20011210,13.4,13.8,13.33,13.74,13.43,0.31,2.31,21556.75,29317.9744,0.5407,0.5407,0.93,28.7804,24.2774,2.8453,2.2913,1.8018,1.0917,1.31,63097.1941,39871.1877,39871.1877,866955.4469,547830.119,,,9.353
000002,万科A,全国地产,深圳,19910129,000002.SZ,20011207,13.53,13.6,13.4,13.43,13.53,-0.1,-0.74,12016.06,16165.8932,0.3014,0.3014,0.48,28.131,23.7296,2.7811,2.2396,1.7611,1.1169,1.3403,63097.1941,39871.1877,39871.1877,847395.3168,535470.0508,,,9.353
000002,万科A,全国地产,深圳,19910129,000002.SZ,20011206,13.55,13.63,13.43,13.53,13.57,-0.04,-0.29,20868.08,28223.0394,0.5234,0.5234,0.85,28.3405,23.9063,2.8018,2.2563,1.7742,1.1086,1.3304,63097.1941,39871.1877,39871.1877,853705.0362,539457.1696,,,9.353
000002,万科A,全国地产,深圳,19910129,000002.SZ,20011205,13.7,13.93,13.52,13.57,13.62,-0.05,-0.37,36656.25,50325.7264,0.9194,0.9194,1.58,28.4243,23.977,2.8101,2.263,1.7795,1.1054,1.3265,63097.1941,39871.1877,39871.1877,856228.9239,541052.0171,,,9.353
000002,万科A,全国地产,深圳,19910129,000002.SZ,20011204,13.58,13.67,13.47,13.62,13.57,0.05,0.37,18613.3,25223.4823,0.4668,0.4668,0.83,28.529,24.0653,2.8204,2.2713,1.786,1.1013,1.3216,63097.1941,39871.1877,39871.1877,859383.7836,543045.5765,,,9.353
000002,万科A,全国地产,深圳,19910129,000002.SZ,20011203,13.51,13.7,13.51,13.57,13.5,0.07,0.52,28296.51,38546.7676,0.7097,0.7097,1.45,28.4243,23.977,2.8101,2.263,1.7795,1.1054,1.3265,63097.1941,39871.1877,39871.1877,856228.9239,541052.0171,,,9.353
000002,万科A,全国地产,深圳,19910129,000002.SZ,20011130,13.33,13.53,13.25,13.5,13.32,0.18,1.35,19837.42,26701.0813,0.4975,0.4975,1.08,28.2777,23.8533,2.7956,2.2513,1.7703,1.1111,1.3333,63097.1941,39871.1877,39871.1877,851812.1204,538261.034,,,9.353
000002,万科A,全国地产,深圳,19910129,000002.SZ,20011129,13.2,13.46,13.19,13.32,13.24,0.08,0.6,19844.77,26502.2939,0.4977,0.4977,1.13,27.9006,23.5353,2.7583,2.2213,1.7467,1.1261,1.3514,63097.1941,39871.1877,39871.1877,840454.6254,531084.2202,,,9.353
000002,万科A,全国地产,深圳,19910129,000002.SZ,20011128,13.2,13.35,13.18,13.24,13.16,0.08,0.61,29593.89,39245.1375,0.7422,0.7422,2.11,27.7331,23.3939,2.7418,2.2079,1.7362,1.1329,1.3595,63097.1941,39871.1877,39871.1877,835406.8499,527894.5251,,,9.353
000002,万科A,全国地产,深圳,19910129,000002.SZ,20011127,13.18,13.23,13.08,13.16,13.12,0.04,0.3,14960.25,19641.1393,0.3752,0.3752,0.86,27.5655,23.2526,2.7252,2.1946,1.7257,1.1398,1.3678,63097.1941,39871.1877,39871.1877,830359.0744,524704.8301,,,9.353
000002,万科A,全国地产,深圳,19910129,000002.SZ,20011126,13.01,13.35,13.01,13.12,13.27,-0.15,-1.13,13445.97,17672.4028,0.3372,0.3372,0.67,27.4817,23.1819,2.7169,2.1879,1.7205,1.1433,1.372,63097.1941,39871.1877,39871.1877,827835.1866,523109.9826,,,9.353
000002,万科A,全国地产,深圳,19910129,000002.SZ,20011123,13.41,13.52,13.25,13.27,13.41,-0.14,-1.04,13777.06,18374.8273,0.3455,0.3455,0.44,27.7959,23.4469,2.748,2.2129,1.7401,1.1304,1.3564,63097.1941,39871.1877,39871.1877,837299.7657,529090.6608,,,9.353
000002,万科A,全国地产,深圳,19910129,000002.SZ,20011122,13.3,13.56,13.3,13.41,13.35,0.06,0.45,16310.42,21898.5961,0.4091,0.4091,0.55,28.0891,23.6943,2.777,2.2363,1.7585,1.1186,1.3423,63097.1941,39871.1877,39871.1877,846133.3729,534672.6271,,,9.353
000002,万科A,全国地产,深圳,19910129,000002.SZ,20011121,13.35,13.37,13.18,13.35,13.35,0.0,0.0,11735.02,15543.79,0.2943,0.2943,0.41,27.9635,23.5883,2.7645,2.2263,1.7506,1.1236,1.3483,63097.1941,39871.1877,39871.1877,842347.5412,532280.3558,,,9.353
000002,万科A,全国地产,深圳,19910129,000002.SZ,20011120,13.29,13.46,13.12,13.35,13.19,0.16,1.21,31556.4,42188.9316,0.7915,0.7915,1.28,27.9635,23.5883,2.7645,2.2263,1.7506,1.1236,1.3483,63097.1941,39871.1877,39871.1877,842347.5412,532280.3558,,,9.353
000002,万科A,全国地产,深圳,19910129,000002.SZ,20011119,13.13,13.24,12.99,13.19,13.16,0.03,0.23,27086.56,35339.6012,0.6794,0.6794,1.22,27.6283,23.3056,2.7314,2.1996,1.7296,1.1372,1.3647,63097.1941,39871.1877,39871.1877,832251.9902,525900.9658,,,9.353
000002,万科A,全国地产,深圳,19910129,000002.SZ,20011116,14.0,14.0,13.0,13.16,12.95,0.21,1.62,71626.99,95308.9983,1.7965,1.7965,5.28,27.5655,23.2526,2.7252,2.1946,1.7257,1.1398,1.3678,63097.1941,39871.1877,39871.1877,830359.0744,524704.8301,,,9.353
000002,万科A,全国地产,深圳,19910129,000002.SZ,20011115,12.88,13.04,12.87,12.95,12.85,0.1,0.78,6065.58,7859.4842,0.1521,0.1521,0.36,27.1256,22.8815,2.6817,2.1596,1.6982,1.1583,1.39,63097.1941,39871.1877,39871.1877,817108.6636,516331.8807,,,9.353
000002,万科A,全国地产,深圳,19910129,000002.SZ,20011114,12.98,13.1,12.82,12.85,12.81,0.04,0.31,6459.5,8342.1512,0.162,0.162,0.3,26.9161,22.7048,2.661,2.1429,1.6851,1.1673,1.4008,63097.1941,39871.1877,39871.1877,810798.9442,512344.7619,,,9.353
000002,万科A,全国地产,深圳,19910129,000002.SZ,20011113,12.85,13.05,12.71,12.81,12.98,-0.17,-1.31,12178.0,15649.182,0.3054,0.3054,0.52,26.8324,22.6341,2.6527,2.1362,1.6798,1.171,1.4052,63097.1941,39871.1877,39871.1877,808275.0564,510749.9144,,,9.353
000002,万科A,全国地产,深圳,19910129,000002.SZ,20011112,13.35,13.36,12.9,12.98,13.27,-0.29,-2.19,14589.45,19133.7029,0.3659,0.3659,0.66,27.1884,22.9345,2.6879,2.1646,1.7021,1.1556,1.3867,63097.1941,39871.1877,39871.1877,819001.5794,517528.0163,,,9.353
000002,万科A,全国地产,深圳,19910129,000002.SZ,20011109,12.8,13.3,12.5,13.27,12.75,0.52,4.08,28514.36,37159.944,0.7152,0.7152,1.48,27.7959,23.4469,2.748,2.2129,1.7401,1.1304,1.3564,63097.1941,39871.1877,39871.1877,837299.7657,529090.6608,,,9.353
000002,万科A,全国地产,深圳,19910129,000002.SZ,20011108,12.5,12.85,12.33,12.75,12.64,0.11,0.87,22414.57,28394.7548,0.5622,0.5622,1.19,26.7067,22.5281,2.6403,2.1262,1.6719,1.1765,1.4118,63097.1941,39871.1877,39871.1877,804489.2248,508357.6432,,,9.353
000002,万科A,全国地产,深圳,19910129,000002.SZ,20011107,13.2,13.27,12.58,12.64,13.24,-0.6,-4.53,30100.94,38574.5642,0.755,0.755,1.57,26.4763,22.3338,2.6175,2.1079,1.6575,1.1867,1.4241,63097.1941,39871.1877,39871.1877,797548.5334,503971.8125,,,9.353
000002,万科A,全国地产,深圳,19910129,000002.SZ,20011106,13.2,13.4,13.12,13.24,13.2,0.04,0.3,21148.53,28096.6281,0.5304,0.5304,1.14,27.7331,23.3939,2.7418,2.2079,1.7362,1.1329,1.3595,63097.1941,39871.1877,39871.1877,835406.8499,527894.5251,,,9.353
000002,万科A,全国地产,深圳,19910129,000002.SZ,20011105,13.26,13.3,13.08,13.2,13.3,-0.1,-0.75,8906.5,11714.8852,0.2234,0.2234,0.41,27.6493,23.3232,2.7335,2.2013,1.731,1.1364,1.3636,63097.1941,39871.1877,39871.1877,832882.9621,526299.6776,,,9.353
000002,万科A,全国地产,深圳,19910129,000002.SZ,20011102,13.5,13.59,13.25,13.3,13.53,-0.23,-1.7,13465.34,18031.6929,0.3377,0.3377,0.46,27.8587,23.4999,2.7542,2.2179,1.7441,1.1278,1.3534,63097.1941,39871.1877,39871.1877,839192.6815,530286.7964,,,9.353
000002,万科A,全国地产,深圳,19910129,000002.SZ,20011101,13.42,13.77,13.3,13.53,13.41,0.12,0.89,20843.25,28328.7018,0.5228,0.5228,0.57,28.3405,23.9063,2.8018,2.2563,1.7742,1.1086,1.3304,63097.1941,39871.1877,39871.1877,853705.0362,539457.1696,,,9.353
000002,万科A,全国地产,深圳,19910129,000002.SZ,20011031,13.35,13.43,12.98,13.41,13.4,0.01,0.07,31396.46,41325.6412,0.7874,0.7874,0.48,28.0891,23.6943,2.777,2.2363,1.7585,1.1186,1.3423,63097.1941,39871.1877,39871.1877,846133.3729,534672.6271,,,9.353
000002,万科A,全国地产,深圳,19910129,000002.SZ,20011030,13.75,13.8,13.31,13.4,13.75,-0.35,-2.55,18028.44,24286.0087,0.4522,0.4522,0.21,28.0682,23.6766,2.7749,2.2346,1.7572,1.1194,1.3433,63097.1941,39871.1877,39871.1877,845502.4009,534273.9152,,,9.353
000002,万科A,全国地产,深圳,19910129,000002.SZ,20011029,13.6,13.8,13.6,13.75,13.61,0.14,1.03,24350.17,33362.9228,0.6107,0.6107,0.28,28.8013,24.295,2.8474,2.293,1.8031,1.0909,1.3091,63097.1941,39871.1877,39871.1877,867586.4189,548228.8309,,,9.353
000002,万科A,全国地产,深圳,19910129,000002.SZ,20011026,13.62,13.7,13.38,13.61,13.71,-0.1,-0.73,50732.76,68648.5443,1.2724,1.2724,0.57,28.5081,24.0477,2.8184,2.2696,1.7847,1.1021,1.3226,63097.1941,39871.1877,39871.1877,858752.8117,542646.8646,,,9.353
000002,万科A,全国地产,深圳,19910129,000002.SZ,20011025,13.95,14.05,13.57,13.71,13.96,-0.25,-1.79,57985.8,80323.0824,1.4543,1.4543,0.66,28.7175,24.2244,2.8391,2.2863,1.7978,1.0941,1.3129,63097.1941,39871.1877,39871.1877,865062.5311,546633.9834,,,9.353
000002,万科A,全国地产,深圳,19910129,000002.SZ,20011024,14.0,14.32,13.5,13.96,13.44,0.52,3.87,176892.25,246497.5025,4.4366,4.4366,3.11,29.2412,24.6661,2.8909,2.328,1.8306,1.0745,1.2894,63097.1941,39871.1877,39871.1877,880836.8296,556601.7803,,,9.353
000002,万科A,全国地产,深圳,19910129,000002.SZ,20011023,13.44,13.44,13.15,13.44,12.22,1.22,9.98,127013.22,170460.4262,3.1856,3.1856,3.22,28.152,23.7473,2.7832,2.2413,1.7624,1.1161,1.3393,63097.1941,39871.1877,39871.1877,848026.2887,535868.7627,,,9.353
000002,万科A,全国地产,深圳,19910129,000002.SZ,20011022,12.37,12.58,12.12,12.22,12.42,-0.2,-1.61,30072.71,37178.3582,0.7542,0.7542,0.71,25.5965,21.5917,2.5305,2.0378,1.6024,1.2275,1.473,63097.1941,39871.1877,39871.1877,771047.7119,487225.9137,,,9.353
000002,万科A,全国地产,深圳,19910129,000002.SZ,20011019,12.62,12.75,12.15,12.42,12.6,-0.18,-1.43,54580.47,68286.7182,1.3689,1.3689,0.98,26.0154,21.945,2.572,2.0712,1.6287,1.2077,1.4493,63097.1941,39871.1877,39871.1877,783667.1507,495200.1512,,,9.353
000002,万科A,全国地产,深圳,19910129,000002.SZ,20011018,13.1,13.3,12.51,12.6,13.2,-0.6,-4.55,52538.95,67491.3557,1.3177,1.3177,0.71,26.3925,22.2631,2.6092,2.1012,1.6523,1.1905,1.4286,63097.1941,39871.1877,39871.1877,795024.6457,502376.965,,,9.353
000002,万科A,全国地产,深圳,19910129,000002.SZ,20011017,13.0,13.43,13.0,13.2,13.21,-0.01,-0.08,20314.49,26803.9886,0.5095,0.5095,0.26,27.6493,23.3232,2.7335,2.2013,1.731,1.1364,1.3636,63097.1941,39871.1877,39871.1877,832882.9621,526299.6776,,,9.353
000002,万科A,全国地产,深圳,19910129,000002.SZ,20011016,13.58,13.62,13.0,13.21,13.58,-0.37,-2.72,39637.8,52475.6928,0.9941,0.9941,0.52,27.6702,23.3409,2.7355,2.2029,1.7323,1.1355,1.3626,63097.1941,39871.1877,39871.1877,833513.9341,526698.3895,,,9.353
000002,万科A,全国地产,深圳,19910129,000002.SZ,20011015,13.9,14.0,13.48,13.58,14.0,-0.42,-3.0,44704.86,61081.2907,1.1212,1.1212,0.63,28.4452,23.9947,2.8122,2.2646,1.7808,1.1046,1.3255,63097.1941,39871.1877,39871.1877,856859.8959,541450.729,,,9.353
000002,万科A,全国地产,深圳,19910129,000002.SZ,20011012,13.7,14.2,12.8,14.0,13.74,0.26,1.89,122012.83,165552.5985,3.0602,3.0602,2.4,29.325,24.7368,2.8991,2.3347,1.8359,1.0714,1.2857,63097.1941,39871.1877,39871.1877,883360.7174,558196.6278,,,9.353
000002,万科A,全国地产,深圳,19910129,000002.SZ,20011011,14.81,14.96,13.71,13.74,14.78,-1.04,-7.04,145351.35,203758.8865,3.6455,3.6455,5.67,28.7804,24.2774,2.8453,2.2913,1.8018,1.0917,1.31,63097.1941,39871.1877,39871.1877,866955.4469,547830.119,,,9.353
000002,万科A,全国地产,深圳,19910129,000002.SZ,20011010,14.89,15.11,14.64,14.78,14.84,-0.06,-0.4,43653.57,64881.9683,1.0949,1.0949,1.62,30.9588,26.115,3.0607,2.4647,1.9381,1.0149,1.2179,63097.1941,39871.1877,39871.1877,932576.5288,589296.1542,,,9.353
000002,万科A,全国地产,深圳,19910129,000002.SZ,20011009,14.72,15.03,14.61,14.84,14.68,0.16,1.09,24211.4,36029.7072,0.6072,0.6072,0.89,31.0845,26.221,3.0731,2.4747,1.946,1.0108,1.2129,63097.1941,39871.1877,39871.1877,936362.3604,591688.4255,,,9.353
000002,万科A,全国地产,深圳,19910129,000002.SZ,20011008,14.8,14.92,14.6,14.68,14.77,-0.09,-0.61,20401.39,30110.7548,0.5117,0.5117,0.78,30.7493,25.9383,3.04,2.4481,1.925,1.0218,1.2262,63097.1941,39871.1877,39871.1877,926266.8094,585309.0354,,,9.353
000002,万科A,全国地产,深圳,19910129,000002.SZ,20010927,14.78,14.93,14.59,14.77,14.77,0.0,0.0,20356.23,30050.8078,0.5105,0.5105,0.75,30.9379,26.0973,3.0586,2.4631,1.9368,1.0156,1.2187,63097.1941,39871.1877,39871.1877,931945.5569,588897.4423,,,9.353
000002,万科A,全国地产,深圳,19910129,000002.SZ,20010926,14.93,14.97,14.73,14.77,14.93,-0.16,-1.07,19509.18,28913.5765,0.4893,0.4893,0.67,30.9379,26.0973,3.0586,2.4631,1.9368,1.0156,1.2187,63097.1941,39871.1877,39871.1877,931945.5569,588897.4423,,,9.353
000002,万科A,全国地产,深圳,19910129,000002.SZ,20010925,14.66,15.99,14.66,14.93,14.64,0.29,1.98,50202.57,75998.3175,1.2591,1.2591,2.13,31.273,26.38,3.0917,2.4898,1.9578,1.0047,1.2056,63097.1941,39871.1877,39871.1877,942041.1079,595276.8324,,,9.353
000002,万科A,全国地产,深圳,19910129,000002.SZ,20010924,14.68,14.93,14.54,14.64,14.68,-0.04,-0.27,25072.87,36828.0325,0.6288,0.6288,0.86,30.6655,25.8676,3.0317,2.4414,1.9198,1.0246,1.2295,63097.1941,39871.1877,39871.1877,923742.9216,583714.1879,,,9.353
000002,万科A,全国地产,深圳,19910129,000002.SZ,20010921,14.7,14.95,14.6,14.68,14.76,-0.08,-0.54,16277.94,23978.5529,0.4083,0.4083,0.5,30.7493,25.9383,3.04,2.4481,1.925,1.0218,1.2262,63097.1941,39871.1877,39871.1877,926266.8094,585309.0354,,,9.353
000002,万科A,全国地产,深圳,19910129,000002.SZ,20010920,14.9,15.05,14.7,14.76,14.93,-0.17,-1.14,25288.28,37629.9462,0.6342,0.6342,0.78,30.9169,26.0796,3.0565,2.4614,1.9355,1.0163,1.2195,63097.1941,39871.1877,39871.1877,931314.5849,588498.7305,,,9.353
000002,万科A,全国地产,深圳,19910129,000002.SZ,20010919,14.68,14.95,14.4,14.93,14.69,0.24,1.63,28270.32,41513.761,0.709,0.709,0.64,31.273,26.38,3.0917,2.4898,1.9578,1.0047,1.2056,63097.1941,39871.1877,39871.1877,942041.1079,595276.8324,,,9.353
000002,万科A,全国地产,深圳,19910129,000002.SZ,20010918,14.6,14.9,14.55,14.69,14.5,0.19,1.31,22774.12,33452.0279,0.5712,0.5712,0.46,30.7703,25.9559,3.042,2.4497,1.9263,1.0211,1.2253,63097.1941,39871.1877,39871.1877,926897.7813,585707.7473,,,9.353
000002,万科A,全国地产,深圳,19910129,000002.SZ,20010917,14.8,14.9,14.48,14.5,14.85,-0.35,-2.36,52924.3,77549.5915,1.3274,1.3274,0.9,30.3723,25.6202,3.0027,2.418,1.9014,1.0345,1.2414,63097.1941,39871.1877,39871.1877,914909.3145,578132.2217,,,9.353
000002,万科A,全国地产,深圳,19910129,000002.SZ,20010914,14.82,15.08,14.81,14.85,14.88,-0.03,-0.2,33165.35,49481.5904,0.8318,0.8318,0.48,31.1054,26.2386,3.0752,2.4764,1.9473,1.0101,1.2121,63097.1941,39871.1877,39871.1877,936993.3324,592087.1373,,,9.353
000002,万科A,全国地产,深圳,19910129,000002.SZ,20010913,15.02,15.22,14.87,14.88,15.1,-0.22,-1.46,25106.88,37665.7342,0.6297,0.6297,0.28,31.1683,26.2916,3.0814,2.4814,1.9513,1.0081,1.2097,63097.1941,39871.1877,39871.1877,938886.2482,593283.273,,,9.353
000002,万科A,全国地产,深圳,19910129,000002.SZ,20010912,14.81,15.22,14.68,15.1,15.29,-0.19,-1.24,86023.94,128979.7949,2.1575,2.1575,1.0,31.6291,26.6804,3.1269,2.5181,1.9801,0.9934,1.1921,63097.1941,39871.1877,39871.1877,952767.6309,602054.9343,,,9.353
000002,万科A,全国地产,深圳,19910129,000002.SZ,20010911,15.35,15.4,15.15,15.29,15.3,-0.01,-0.07,51501.04,78789.5455,1.2917,1.2917,0.54,32.0271,27.0161,3.1663,2.5498,2.005,0.981,1.1772,63097.1941,39871.1877,39871.1877,964756.0978,609630.4599,,,9.353
000002,万科A,全国地产,深圳,19910129,000002.SZ,20010910,14.7,15.5,14.6,15.3,14.79,0.51,3.45,97881.36,148979.3483,2.4549,2.4549,1.21,32.048,27.0338,3.1683,2.5515,2.0063,0.9804,1.1765,63097.1941,39871.1877,39871.1877,965387.0697,610029.1718,,,9.353
000002,万科A,全国地产,深圳,19910129,000002.SZ,20010907,15.32,15.34,14.78,14.79,15.31,-0.52,-3.4,82373.66,123244.0586,2.066,2.066,1.21,30.9797,26.1326,3.0627,2.4664,1.9395,1.0142,1.217,63097.1941,39871.1877,39871.1877,933207.5007,589694.8661,,,9.353
000002,万科A,全国地产,深圳,19910129,000002.SZ,20010906,14.91,15.38,14.91,15.31,14.94,0.37,2.48,136954.7,208439.4173,3.4349,3.4349,3.0,32.069,27.0514,3.1704,2.5531,2.0076,0.9798,1.1757,63097.1941,39871.1877,39871.1877,966018.0417,610427.8837,,,9.353
000002,万科A,全国地产,深圳,19910129,000002.SZ,20010905,15.08,15.15,14.89,14.94,15.08,-0.14,-0.93,62187.49,93517.2968,1.5597,1.5597,1.45,31.2939,26.3977,3.0938,2.4914,1.9591,1.004,1.2048,63097.1941,39871.1877,39871.1877,942672.0799,595675.5442,,,9.353
000002,万科A,全国地产,深圳,19910129,000002.SZ,20010904,14.64,15.17,14.6,15.08,14.64,0.44,3.01,97063.37,145421.3974,2.4344,2.4344,2.98,31.5872,26.645,3.1228,2.5148,1.9775,0.9947,1.1936,63097.1941,39871.1877,39871.1877,951505.687,601257.5105,,,9.353
000002,万科A,全国地产,深圳,19910129,000002.SZ,20010903,14.62,14.85,14.5,14.64,14.6,0.04,0.27,27092.22,39760.1352,0.6795,0.6795,0.73,30.6655,25.8676,3.0317,2.4414,1.9198,1.0246,1.2295,63097.1941,39871.1877,39871.1877,923742.9216,583714.1879,,,9.353
000002,万科A,全国地产,深圳,19910129,000002.SZ,20010831,14.6,14.75,14.55,14.6,14.6,0.0,0.0,16056.11,23474.1337,0.4027,0.4027,0.28,30.5818,25.7969,3.0234,2.4347,1.9145,1.0274,1.2329,63097.1941,39871.1877,39871.1877,921219.0339,582119.3404,,,9.353
000002,万科A,全国地产,深圳,19910129,000002.SZ,20010830,14.8,14.9,14.56,14.6,14.8,-0.2,-1.35,25610.74,37601.162,0.6423,0.6423,0.33,30.5818,25.7969,3.0234,2.4347,1.9145,1.0274,1.2329,63097.1941,39871.1877,39871.1877,921219.0339,582119.3404,,,9.353
000002,万科A,全国地产,深圳,19910129,000002.SZ,20010829,15.05,15.06,14.78,14.8,14.99,-0.19,-1.27,48774.02,72876.5836,1.2233,1.2233,0.53,31.0007,26.1503,3.0648,2.4681,1.9408,1.0135,1.2162,63097.1941,39871.1877,39871.1877,933838.4727,590093.578,,,9.353
000002,万科A,全国地产,深圳,19910129,000002.SZ,20010828,14.85,15.07,14.41,14.99,14.56,0.43,2.95,45147.37,66678.1562,1.1323,1.1323,0.53,31.3987,26.486,3.1042,2.4998,1.9657,1.0007,1.2008,63097.1941,39871.1877,39871.1877,945826.9396,597669.1036,,,9.353
000002,万科A,全国地产,深圳,19910129,000002.SZ,20010827,14.8,14.8,14.45,14.56,14.81,-0.25,-1.69,49101.5,71841.0348,1.2315,1.2315,0.63,30.498,25.7262,3.0151,2.4281,1.9093,1.0302,1.2363,63097.1941,39871.1877,39871.1877,918695.1461,580524.4929,,,9.202
000002,万科A,全国地产,深圳,19910129,000002.SZ,20010824,14.9,15.17,14.77,14.81,14.88,-0.07,-0.47,117697.16,176631.3551,2.9519,2.9519,2.09,31.0216,26.168,3.0669,2.4697,1.9421,1.0128,1.2154,63097.1941,39871.1877,39871.1877,934469.4446,590492.2898,,,9.202
000002,万科A,全国地产,深圳,19910129,000002.SZ,20010823,14.76,15.1,14.55,14.88,14.78,0.1,0.68,125863.8,188165.1457,3.1568,3.1568,3.57,31.1683,26.2916,3.0814,2.4814,1.9513,1.0081,1.2097,63097.1941,39871.1877,39871.1877,938886.2482,593283.273,,,9.202
000002,万科A,全国地产,深圳,19910129,000002.SZ,20010822,14.4,14.85,14.21,14.78,14.39,0.39,2.71,119833.4,175589.3373,3.0055,3.0055,6.29,30.9588,26.115,3.0607,2.4647,1.9381,1.0149,1.2179,63097.1941,39871.1877,39871.1877,932576.5288,589296.1542,,,9.202
000002,万科A,全国地产,深圳,19910129,000002.SZ,20010821,14.51,14.55,14.35,14.39,14.39,0.0,0.0,10035.3,14494.4821,0.2517,0.2517,0.47,30.1419,25.4259,2.9799,2.3997,1.887,1.0424,1.2509,63097.1941,39871.1877,39871.1877,907968.6231,573746.391,,,9.202
000002,万科A,全国地产,深圳,19910129,000002.SZ,20010820,14.39,14.64,14.38,14.57,14.39,0.18,1.25,16203.62,23602.7514,0.4064,0.4064,0.76,30.5189,25.7439,3.0172,2.4297,1.9106,1.0295,,63097.1941,39871.1877,39871.1877,919326.118,580923.2048,,,9.202
000002,万科A,全国地产,深圳,19910129,000002.SZ,20010817,14.28,14.49,14.12,14.39,14.29,0.1,0.7,9545.34,13683.4412,0.2394,0.2394,0.41,30.1419,25.4259,2.9799,2.3997,1.887,1.0424,,63097.1941,39871.1877,39871.1877,907968.6231,573746.391,,,9.202
000002,万科A,全国地产,深圳,19910129,000002.SZ,20010816,14.65,14.68,14.26,14.29,14.65,-0.36,-2.46,20808.74,29985.0138,0.5219,0.5219,0.99,29.9324,25.2492,2.9592,2.383,1.8739,1.0497,1.0497,63097.1941,39871.1877,39871.1877,901658.9037,569759.2722,,,9.202
000002,万科A,全国地产,深圳,19910129,000002.SZ,20010814,14.52,14.79,14.34,14.65,14.49,0.16,1.1,38619.3,56233.5446,0.9686,0.9686,2.19,30.6865,25.8853,3.0337,2.4431,1.9211,1.0239,1.0239,63097.1941,39871.1877,39871.1877,924373.8936,584112.8998,,,9.202
000002,万科A,全国地产,深圳,19910129,000002.SZ,20010813,14.25,14.5,14.16,14.49,14.32,0.17,1.19,20789.53,29904.377,0.5214,0.5214,1.18,30.3514,30.3514,3.146,2.4164,2.4164,1.0352,1.0352,63097.1941,39871.1877,39871.1877,914278.3425,577733.5098,,,9.202
000002,万科A,全国地产,深圳,19910129,000002.SZ,20010810,14.3,14.47,14.18,14.32,14.23,0.09,0.63,16695.17,23939.5459,0.4187,0.4187,0.97,29.9953,29.9953,3.1091,2.388,2.388,1.0475,1.0475,63097.1941,39871.1877,39871.1877,903551.8195,570955.4079,,,9.202
000002,万科A,全国地产,深圳,19910129,000002.SZ,20010809,13.95,14.36,13.92,14.23,13.92,0.31,2.23,19642.0,27990.8371,0.4926,0.4926,1.16,29.8067,29.8067,3.0895,2.373,2.373,1.0541,1.0541,63097.1941,39871.1877,39871.1877,897873.072,567367.001,,,9.202
000002,万科A,全国地产,深圳,19910129,000002.SZ,20010808,13.99,14.09,13.89,13.92,13.99,-0.07,-0.5,9228.86,12898.224,0.2315,0.2315,0.5,29.1574,29.1574,3.0222,2.3213,2.3213,1.0776,1.0776,63097.1941,39871.1877,39871.1877,878312.9419,555006.9328,,,9.202
000002,万科A,全国地产,深圳,19910129,000002.SZ,20010807,14.0,14.25,13.65,13.99,13.96,0.03,0.21,21888.72,30608.623,0.549,0.549,1.09,29.304,29.304,3.0374,2.333,2.333,1.0722,1.0722,63097.1941,39871.1877,39871.1877,882729.7455,557797.9159,,,9.202
000002,万科A,全国地产,深圳,19910129,000002.SZ,20010806,14.2,14.2,13.8,13.96,14.2,-0.24,-1.69,20562.62,28657.0031,0.5157,0.5157,0.91,29.2412,29.2412,3.0309,2.328,2.328,1.0745,1.0745,63097.1941,39871.1877,39871.1877,880836.8296,556601.7803,,,9.202
000002,万科A,全国地产,深圳,19910129,000002.SZ,20010803,14.2,14.25,14.0,14.2,14.15,0.05,0.35,14885.52,21079.0601,0.3733,0.3733,0.65,29.7439,29.7439,3.083,2.368,2.368,1.0563,1.0563,63097.1941,39871.1877,39871.1877,895980.1562,566170.8653,,,9.202
000002,万科A,全国地产,深圳,19910129,000002.SZ,20010802,14.23,14.27,13.8,14.15,14.25,-0.1,-0.7,18061.81,25322.666,0.453,0.453,0.72,29.6392,29.6392,3.0721,2.3597,2.3597,1.0601,1.0601,63097.1941,39871.1877,39871.1877,892825.2965,564177.306,,,9.202
000002,万科A,全国地产,深圳,19910129,000002.SZ,20010801,13.85,14.25,13.85,14.25,13.83,0.42,3.04,17330.53,24475.0627,0.4347,0.4347,0.69,29.8486,29.8486,3.0939,2.3764,2.3764,1.0526,1.0526,63097.1941,39871.1877,39871.1877,899135.0159,568164.4247,,,9.202
000002,万科A,全国地产,深圳,19910129,000002.SZ,20010731,13.75,14.29,13.7,13.83,13.91,-0.08,-0.58,29644.24,41396.1716,0.7435,0.7435,1.14,28.9689,28.9689,3.0027,2.3063,2.3063,1.0846,1.0846,63097.1941,39871.1877,39871.1877,872634.1944,551418.5259,,,9.202
000002,万科A,全国地产,深圳,19910129,000002.SZ,20010730,14.49,14.49,13.9,13.91,14.49,-0.58,-4.0,33366.61,47000.4062,0.8369,0.8369,1.14,29.1365,29.1365,3.02,2.3197,2.3197,1.0784,1.0784,63097.1941,39871.1877,39871.1877,877681.9699,554608.2209,,,9.202
000002,万科A,全国地产,深圳,19910129,000002.SZ,20010727,14.73,14.8,14.4,14.49,14.68,-0.19,-1.29,15444.17,22484.1058,0.3874,0.3874,0.29,30.3514,30.3514,3.146,2.4164,2.4164,1.0352,1.0352,63097.1941,39871.1877,39871.1877,914278.3425,577733.5098,,,9.202
000002,万科A,全国地产,深圳,19910129,000002.SZ,20010726,14.5,14.85,14.38,14.68,14.6,0.08,0.55,29831.01,43569.806,0.7482,0.7482,0.62,30.7493,30.7493,3.1872,2.4481,2.4481,1.0218,1.0218,63097.1941,39871.1877,39871.1877,926266.8094,585309.0354,,,9.202
000002,万科A,全国地产,深圳,19910129,000002.SZ,20010725,14.48,14.74,14.43,14.6,14.6,0.0,0.0,16407.01,23947.3858,0.4115,0.4115,0.34,30.5818,30.5818,3.1698,2.4347,2.4347,1.0274,1.0274,63097.1941,39871.1877,39871.1877,921219.0339,582119.3404,,,9.202
000002,万科A,全国地产,深圳,19910129,000002.SZ,20010724,14.75,14.85,14.46,14.6,14.85,-0.25,-1.68,34954.35,51066.1853,0.8767,0.8767,0.82,30.5818,30.5818,3.1698,2.4347,2.4347,1.0274,1.0274,63097.1941,39871.1877,39871.1877,921219.0339,582119.3404,,,9.202
000002,万科A,全国地产,深圳,19910129,000002.SZ,20010723,15.0,15.19,14.81,14.85,15.0,-0.15,-1.0,50039.45,75043.5195,1.255,1.255,1.41,31.1054,31.1054,3.2241,2.4764,2.4764,1.0101,1.0101,63097.1941,39871.1877,39871.1877,936993.3324,592087.1373,,,9.202
000002,万科A,全国地产,深圳,19910129,000002.SZ,20010720,14.54,15.2,14.44,15.0,14.49,0.51,3.52,131935.34,197623.9228,3.309,3.309,12.13,31.4196,31.4196,3.2567,2.5014,2.5014,1.0,1.0,63097.1941,39871.1877,39871.1877,946457.9115,598067.8155,,,9.202
000002,万科A,全国地产,深圳,19910129,000002.SZ,20010719,14.55,14.59,14.31,14.49,14.5,-0.01,-0.07,7209.65,10415.6743,0.1808,0.1808,0.63,30.3514,30.3514,3.146,2.4164,2.4164,1.0352,1.0352,63097.1941,39871.1877,39871.1877,914278.3425,577733.5098,,,9.202
000002,万科A,全国地产,深圳,19910129,000002.SZ,20010718,14.4,14.55,14.33,14.5,14.3,0.2,1.4,14731.34,21311.1112,0.3695,0.3695,1.41,30.3723,30.3723,3.1481,2.418,2.418,1.0345,1.0345,63097.1941,39871.1877,39871.1877,914909.3145,578132.2217,,,9.202
000002,万科A,全国地产,深圳,19910129,000002.SZ,20010717,14.4,14.45,14.2,14.3,14.4,-0.1,-0.69,8813.13,12605.7268,0.221,0.221,0.79,29.9534,29.9534,3.1047,2.3847,2.3847,1.049,1.049,63097.1941,39871.1877,39871.1877,902289.8756,570157.9841,,,9.202
000002,万科A,全国地产,深圳,19910129,000002.SZ,20010716,14.5,14.62,14.27,14.4,14.25,0.15,1.05,15133.56,21844.0975,0.3796,0.3796,1.5,30.1628,30.1628,3.1264,2.4014,2.4014,1.0417,1.0417,63097.1941,39871.1877,39871.1877,908599.595,574145.1029,,,9.202
000002,万科A,全国地产,深圳,19910129,000002.SZ,20010713,14.2,14.4,14.2,14.25,14.19,0.06,0.42,8506.96,12164.9347,0.2134,0.2134,0.77,29.8486,29.8486,3.0939,2.3764,2.3764,1.0526,1.0526,63097.1941,39871.1877,39871.1877,899135.0159,568164.4247,,,9.202
000002,万科A,全国地产,深圳,19910129,000002.SZ,20010712,14.02,14.32,14.0,14.19,14.25,-0.06,-0.42,10039.84,14247.6234,0.2518,0.2518,0.73,29.723,29.723,3.0808,2.3664,2.3664,1.0571,1.0571,63097.1941,39871.1877,39871.1877,895349.1843,565772.1535,,,9.202
000002,万科A,全国地产,深圳,19910129,000002.SZ,20010711,14.56,14.6,14.24,14.25,14.51,-0.26,-1.79,9898.68,14249.3632,0.2483,0.2483,0.68,29.8486,29.8486,3.0939,2.3764,2.3764,1.0526,1.0526,63097.1941,39871.1877,39871.1877,899135.0159,568164.4247,,,9.202
000002,万科A,全国地产,深圳,19910129,000002.SZ,20010710,14.35,14.52,14.33,14.51,14.29,0.22,1.54,12347.22,17810.3343,0.3097,0.3097,0.9,30.3932,30.3932,3.1503,2.4197,2.4197,1.0338,1.0338,63097.1941,39871.1877,39871.1877,915540.2864,578530.9335,,,9.202
000002,万科A,全国地产,深圳,19910129,000002.SZ,20010709,14.28,14.39,14.27,14.29,14.28,0.01,0.07,9809.32,14041.2916,0.246,0.246,0.65,29.9324,29.9324,3.1025,2.383,2.383,1.0497,1.0497,63097.1941,39871.1877,39871.1877,901658.9037,569759.2722,,,9.202
000002,万科A,全国地产,深圳,19910129,000002.SZ,20010706,14.38,14.5,14.27,14.28,14.4,-0.12,-0.83,13107.68,18793.2067,0.3288,0.3288,0.74,29.9115,29.9115,3.1004,2.3814,2.3814,1.0504,1.0504,63097.1941,39871.1877,39871.1877,901027.9317,569360.5604,,,9.202
000002,万科A,全国地产,深圳,19910129,000002.SZ,20010705,14.65,14.65,14.35,14.4,14.59,-0.19,-1.3,23667.94,34138.7826,0.5936,0.5936,1.15,30.1628,30.1628,3.1264,2.4014,2.4014,1.0417,1.0417,63097.1941,39871.1877,39871.1877,908599.595,574145.1029,,,9.202
000002,万科A,全国地产,深圳,19910129,000002.SZ,20010704,14.75,14.87,14.52,14.59,14.72,-0.13,-0.88,14213.74,20884.8819,0.3565,0.3565,0.31,30.5608,30.5608,3.1677,2.4331,2.4331,1.0281,1.0281,63097.1941,39871.1877,39871.1877,920588.0619,581720.6285,,,9.202
000002,万科A,全国地产,深圳,19910129,000002.SZ,20010703,14.7,14.79,14.58,14.72,14.61,0.11,0.75,7664.87,11258.1448,0.1922,0.1922,0.1,30.8331,30.8331,3.1959,2.4547,2.4547,1.019,1.019,63097.1941,39871.1877,39871.1877,928790.6972,586903.8829,,,9.202
000002,万科A,全国地产,深圳,19910129,000002.SZ,20010702,14.81,14.81,14.6,14.61,14.81,-0.2,-1.35,17152.98,25126.4656,0.4302,0.4302,0.22,30.6027,30.6027,3.172,2.4364,2.4364,1.0267,1.0267,63097.1941,39871.1877,39871.1877,921850.0058,582518.0523,,,9.202
000002,万科A,全国地产,深圳,19910129,000002.SZ,20010629,14.9,14.99,14.75,14.81,14.87,-0.06,-0.4,25497.36,37854.7925,0.6395,0.6395,0.32,31.0216,31.0216,3.2154,2.4697,2.4697,1.0128,1.0128,63097.1941,39871.1877,39871.1877,934469.4446,590492.2898,,,9.202
000002,万科A,全国地产,深圳,19910129,000002.SZ,20010628,15.15,15.18,14.82,14.87,15.15,-0.28,-1.85,38583.63,57661.453,0.9677,0.9677,0.51,31.1473,31.1473,3.2285,2.4798,2.4798,1.0087,1.0087,63097.1941,39871.1877,39871.1877,938255.2763,592884.5611,,,9.202
000002,万科A,全国地产,深圳,19910129,000002.SZ,20010627,15.0,15.2,14.8,15.15,14.89,0.26,1.75,140739.01,211321.1354,3.5298,3.5298,2.75,31.7338,31.7338,3.2893,2.5264,2.5264,0.9901,0.9901,63097.1941,39871.1877,39871.1877,955922.4906,604048.4937,,,9.202
000002,万科A,全国地产,深圳,19910129,000002.SZ,20010626,14.96,15.0,14.6,14.89,14.41,0.48,3.33,152067.2,226558.0903,3.814,3.814,6.21,31.1892,31.1892,3.2328,2.4831,2.4831,1.0074,1.0074,63097.1941,39871.1877,39871.1877,939517.2201,593681.9849,,,9.202
000002,万科A,全国地产,深圳,19910129,000002.SZ,20010622,14.35,14.43,14.2,14.41,14.35,0.06,0.42,31503.29,45266.9538,0.7901,0.7901,1.49,30.1838,30.1838,3.1286,2.403,2.403,1.0409,1.0409,63097.1941,39871.1877,39871.1877,909230.567,574543.8148,,,9.202
000002,万科A,全国地产,深圳,19910129,000002.SZ,20010621,14.05,14.4,13.81,14.35,13.97,0.38,2.72,35222.28,49675.9774,0.8834,0.8834,1.75,30.0581,30.0581,3.1156,2.393,2.393,1.0453,1.0453,63097.1941,39871.1877,39871.1877,905444.7353,572151.5435,,,9.202
000002,万科A,全国地产,深圳,19910129,000002.SZ,20010620,14.19,14.19,13.85,13.97,14.19,-0.22,-1.55,18809.47,26377.4545,0.4718,0.4718,0.94,29.2621,29.2621,3.0331,2.3297,2.3297,1.0737,1.0737,63097.1941,39871.1877,39871.1877,881467.8016,557000.4922,,,9.202
000002,万科A,全国地产,深圳,19910129,000002.SZ,20010619,14.08,14.2,14.0,14.19,14.09,0.1,0.71,17930.1,25269.1272,0.4497,0.4497,0.95,29.723,29.723,3.0808,2.3664,2.3664,1.0571,1.0571,63097.1941,39871.1877,39871.1877,895349.1843,565772.1535,,,9.202
000002,万科A,全国地产,深圳,19910129,000002.SZ,20010618,14.42,14.42,14.02,14.09,14.36,-0.27,-1.88,18951.92,26858.4376,0.4753,0.4753,0.91,29.5135,29.5135,3.0591,2.3497,2.3497,1.0646,1.0646,63097.1941,39871.1877,39871.1877,889039.4649,561785.0347,,,9.202
000002,万科A,全国地产,深圳,19910129,000002.SZ,20010615,14.12,14.38,14.1,14.36,14.11,0.25,1.77,14474.82,20648.2504,0.363,0.363,0.66,30.079,30.079,3.1177,2.3947,2.3947,1.0446,1.0446,63097.1941,39871.1877,39871.1877,906075.7073,572550.2554,,,9.202
000002,万科A,全国地产,深圳,19910129,000002.SZ,20010614,14.33,14.47,14.06,14.11,14.33,-0.22,-1.54,30342.98,43502.5764,0.761,0.761,1.59,29.5554,29.5554,3.0635,2.353,2.353,1.0631,1.0631,63097.1941,39871.1877,39871.1877,890301.4088,562582.4584,,,9.202
000002,万科A,全国地产,深圳,19910129,000002.SZ,20010613,14.1,14.38,14.0,14.33,14.09,0.24,1.7,17823.75,25250.808,0.447,0.447,0.8,30.0162,30.0162,3.1112,2.3897,2.3897,1.0468,1.0468,63097.1941,39871.1877,39871.1877,904182.7915,571354.1197,,,9.202
000002,万科A,全国地产,深圳,19910129,000002.SZ,20010612,14.01,14.15,14.0,14.09,14.01,0.08,0.57,13100.75,18448.8245,0.3286,0.3286,0.58,29.5135,29.5135,3.0591,2.3497,2.3497,1.0646,1.0646,63097.1941,39871.1877,39871.1877,889039.4649,561785.0347,,,9.202
000002,万科A,全国地产,深圳,19910129,000002.SZ,20010611,14.13,14.21,13.96,14.01,14.13,-0.12,-0.85,27937.01,39156.528,0.7007,0.7007,1.21,29.3459,29.3459,3.0417,2.3363,2.3363,1.0707,1.0707,63097.1941,39871.1877,39871.1877,883991.6893,558595.3397,,,9.202
000002,万科A,全国地产,深圳,19910129,000002.SZ,20010608,14.2,14.31,14.07,14.13,14.2,-0.07,-0.49,20156.39,28527.3162,0.5055,0.5055,0.86,29.5973,29.5973,3.0678,2.3563,2.3563,1.0616,1.0616,63097.1941,39871.1877,39871.1877,891563.3526,563379.8822,,,9.202
000002,万科A,全国地产,深圳,19910129,000002.SZ,20010607,14.15,14.4,14.14,14.2,14.15,0.05,0.35,16404.38,23435.5788,0.4114,0.4114,0.68,29.7439,29.7439,3.083,2.368,2.368,1.0563,1.0563,63097.1941,39871.1877,39871.1877,895980.1562,566170.8653,,,9.202
000002,万科A,全国地产,深圳,19910129,000002.SZ,20010606,14.23,14.34,14.08,14.15,14.23,-0.08,-0.56,34222.31,48332.7785,0.8583,0.8583,1.7,29.6392,29.6392,3.0721,2.3597,2.3597,1.0601,1.0601,63097.1941,39871.1877,39871.1877,892825.2965,564177.306,,,9.202
000002,万科A,全国地产,深圳,19910129,000002.SZ,20010605,14.1,14.35,14.1,14.23,14.1,0.13,0.92,14298.36,20326.9987,0.3586,0.3586,0.7,29.8067,29.8067,3.0895,2.373,2.373,1.0541,1.0541,63097.1941,39871.1877,39871.1877,897873.072,567367.001,,,9.202
000002,万科A,全国地产,深圳,19910129,000002.SZ,20010604,14.28,14.3,14.05,14.1,14.2,-0.1,-0.7,30175.82,42522.2382,0.7568,0.7568,1.52,29.5344,29.5344,3.0613,2.3513,2.3513,1.0638,1.0638,63097.1941,39871.1877,39871.1877,889670.4368,562183.7466,,,9.202
000002,万科A,全国地产,深圳,19910129,000002.SZ,20010601,14.2,14.33,14.13,14.2,14.2,0.0,0.0,22243.56,31575.9415,0.5579,0.5579,0.98,29.7439,29.7439,3.083,2.368,2.368,1.0563,1.0563,63097.1941,39871.1877,39871.1877,895980.1562,566170.8653,,,9.202
000002,万科A,全国地产,深圳,19910129,000002.SZ,20010531,14.4,14.5,14.18,14.2,14.34,-0.14,-0.98,18887.12,26933.3626,0.4737,0.4737,0.89,29.7439,29.7439,3.083,2.368,2.368,1.0563,1.0563,63097.1941,39871.1877,39871.1877,895980.1562,566170.8653,,,9.202
000002,万科A,全国地产,深圳,19910129,000002.SZ,20010530,14.2,14.39,14.2,14.34,14.2,0.14,0.99,14833.05,21206.8678,0.372,0.372,0.57,30.0372,30.0372,3.1134,2.3914,2.3914,1.046,1.046,63097.1941,39871.1877,39871.1877,904813.7634,571752.8316,,,9.202
000002,万科A,全国地产,深圳,19910129,000002.SZ,20010529,14.15,14.22,14.1,14.2,14.14,0.06,0.42,15609.53,22085.0442,0.3915,0.3915,0.55,29.7439,29.7439,3.083,2.368,2.368,1.0563,1.0563,63097.1941,39871.1877,39871.1877,895980.1562,566170.8653,,,9.202
000002,万科A,全国地产,深圳,19910129,000002.SZ,20010528,14.24,14.34,14.1,14.14,14.24,-0.1,-0.7,27939.18,39550.1656,0.7007,0.7007,0.97,29.6182,29.6182,3.07,2.358,2.358,1.0608,1.0608,63097.1941,39871.1877,39871.1877,892194.3246,563778.5941,,,9.202
000002,万科A,全国地产,深圳,19910129,000002.SZ,20010525,14.45,14.54,14.17,14.24,14.43,-0.19,-1.32,36135.61,51558.9895,0.9063,0.9063,1.32,29.8277,29.8277,3.0917,2.3747,2.3747,1.0534,1.0534,63097.1941,39871.1877,39871.1877,898504.044,567765.7128,,,9.202
000002,万科A,全国地产,深圳,19910129,000002.SZ,20010524,14.68,14.78,14.4,14.43,14.66,-0.23,-1.57,12025.17,17435.5859,0.3016,0.3016,0.35,30.2257,30.2257,3.1329,2.4064,2.4064,1.0395,1.0395,63097.1941,39871.1877,39871.1877,910492.5109,575341.2385,,,9.202
000002,万科A,全国地产,深圳,19910129,000002.SZ,20010523,14.5,14.8,14.43,14.66,14.5,0.16,1.1,37893.55,55064.9427,0.9504,0.9504,1.04,30.7074,30.7074,3.1829,2.4447,2.4447,1.0232,1.0232,63097.1941,39871.1877,39871.1877,925004.8655,584511.6117,,,9.202
000002,万科A,全国地产,深圳,19910129,000002.SZ,20010522,14.65,14.76,14.49,14.5,14.64,-0.14,-0.96,29037.99,42387.1794,0.7283,0.7283,0.82,30.3723,30.3723,3.1481,2.418,2.418,1.0345,1.0345,63097.1941,39871.1877,39871.1877,914909.3145,578132.2217,,,9.202
000002,万科A,全国地产,深圳,19910129,000002.SZ,20010521,14.9,14.91,14.6,14.64,14.84,-0.2,-1.35,28503.82,41982.501,0.7149,0.7149,0.81,30.6655,30.6655,3.1785,2.4414,2.4414,1.0246,1.0246,63097.1941,39871.1877,39871.1877,923742.9216,583714.1879,,,9.202
000002,万科A,全国地产,深圳,19910129,000002.SZ,20010518,14.7,14.92,14.52,14.84,14.7,0.14,0.95,29756.45,43549.8372,0.7463,0.7463,0.93,31.0845,31.0845,3.2219,2.4747,2.4747,1.0108,1.0108,63097.1941,39871.1877,39871.1877,936362.3604,591688.4255,,,9.202
000002,万科A,全国地产,深圳,19910129,000002.SZ,20010517,14.99,15.05,14.67,14.7,14.89,-0.19,-1.28,47222.81,70325.4492,1.1844,1.1844,1.64,30.7912,30.7912,3.1916,2.4514,2.4514,1.0204,1.0204,63097.1941,39871.1877,39871.1877,927528.7533,586106.4592,,,9.202
000002,万科A,全国地产,深圳,19910129,000002.SZ,20010516,14.81,15.05,14.75,14.89,14.8,0.09,0.61,47405.23,70806.3772,1.189,1.189,1.88,31.1892,31.1892,3.2328,2.4831,2.4831,1.0074,1.0074,63097.1941,39871.1877,39871.1877,939517.2201,593681.9849,,,9.202
000002,万科A,全国地产,深圳,19910129,000002.SZ,20010515,14.8,15.0,14.65,14.8,14.8,0.0,0.0,24791.44,36635.0354,0.6218,0.6218,1.06,31.0007,31.0007,3.2133,2.4681,2.4681,1.0135,1.0135,63097.1941,39871.1877,39871.1877,933838.4727,590093.578,,,9.202
000002,万科A,全国地产,深圳,19910129,000002.SZ,20010514,14.6,14.95,14.59,14.8,14.59,0.21,1.44,27605.2,40661.4354,0.6924,0.6924,1.24,31.0007,31.0007,3.2133,2.4681,2.4681,1.0135,1.0135,63097.1941,39871.1877,39871.1877,933838.4727,590093.578,,,9.202
000002,万科A,全国地产,深圳,19910129,000002.SZ,20010511,14.51,14.66,14.48,14.59,14.49,0.1,0.69,13149.6,19141.9846,0.3298,0.3298,0.57,30.5608,30.5608,3.1677,2.4331,2.4331,1.0281,1.0281,63097.1941,39871.1877,39871.1877,920588.0619,581720.6285,,,9.202
000002,万科A,全国地产,深圳,19910129,000002.SZ,20010510,14.41,14.68,14.36,14.49,14.44,0.05,0.35,31452.0,45566.0,0.7888,0.7888,1.32,30.3514,30.3514,3.146,2.4164,2.4164,1.0352,1.0352,63097.1941,39871.1877,39871.1877,914278.3425,577733.5098,,,9.202
000002,万科A,全国地产,深圳,19910129,000002.SZ,20010509,14.65,14.75,14.3,14.44,14.63,-0.19,-1.3,28810.09,41903.5293,0.7226,0.7226,0.98,30.2466,30.2466,3.1351,2.408,2.408,1.0388,1.0388,63097.1941,39871.1877,39871.1877,911123.4828,575739.9504,,,9.202
000002,万科A,全国地产,深圳,19910129,000002.SZ,20010508,14.6,14.79,14.55,14.63,14.58,0.05,0.34,15550.23,22772.6186,0.39,0.39,0.52,30.6446,30.6446,3.1764,2.4397,2.4397,1.0253,1.0253,63097.1941,39871.1877,39871.1877,923111.9497,583315.4761,,,9.202
000002,万科A,全国地产,深圳,19910129,000002.SZ,20010430,14.65,14.69,14.53,14.58,14.65,-0.07,-0.48,22361.0,32669.0,0.5608,0.5608,0.7,30.5399,30.5399,3.1655,2.4314,2.4314,1.0288,1.0288,63097.1941,39871.1877,39871.1877,919957.09,581321.9167,,,9.202
000002,万科A,全国地产,深圳,19910129,000002.SZ,20010427,14.6,14.8,14.55,14.65,14.66,-0.01,-0.07,17749.89,26011.268,0.4452,0.4452,0.45,30.6865,30.6865,3.1807,2.4431,2.4431,1.0239,1.0239,63097.1941,39871.1877,39871.1877,924373.8936,584112.8998,,,9.202
000002,万科A,全国地产,深圳,19910129,000002.SZ,20010426,14.65,15.4,14.55,14.66,14.67,-0.01,-0.07,34241.83,50568.1945,0.8588,0.8588,0.88,30.7074,30.7074,3.1829,2.4447,2.4447,1.0232,1.0232,63097.1941,39871.1877,39871.1877,925004.8655,584511.6117,,,9.202
000002,万科A,全国地产,深圳,19910129,000002.SZ,20010425,15.16,15.2,14.58,14.67,15.15,-0.48,-3.17,57327.9,84774.6105,1.4378,1.4378,1.61,30.7284,30.7284,3.185,2.4464,2.4464,1.0225,1.0225,63097.1941,39871.1877,39871.1877,925635.8374,584910.3236,,,9.202
000002,万科A,全国地产,深圳,19910129,000002.SZ,20010424,15.11,15.24,15.1,15.15,15.11,0.04,0.26,17052.0,25845.0,0.4277,0.4277,0.34,31.7338,31.7338,3.2893,2.5264,2.5264,0.9901,0.9901,63097.1941,39871.1877,39871.1877,955922.4906,604048.4937,,,9.202
000002,万科A,全国地产,深圳,19910129,000002.SZ,20010423,15.3,15.37,15.05,15.11,15.3,-0.19,-1.24,33041.42,50069.1538,0.8287,0.8287,0.49,31.65,31.65,3.2806,2.5198,2.5198,0.9927,0.9927,63097.1941,39871.1877,39871.1877,953398.6029,602453.6461,,,9.202
000002,万科A,全国地产,深圳,19910129,000002.SZ,20010420,15.5,15.76,15.2,15.3,15.39,-0.09,-0.58,55862.24,86315.0685,1.4011,1.4011,0.9,32.048,32.048,3.3218,2.5515,2.5515,0.9804,0.9804,63097.1941,39871.1877,39871.1877,965387.0697,610029.1718,,,9.202
000002,万科A,全国地产,深圳,19910129,000002.SZ,20010419,15.41,15.46,15.1,15.39,15.36,0.03,0.2,32047.09,48868.8743,0.8038,0.8038,0.47,32.2365,32.2365,3.3414,2.5665,2.5665,0.9747,0.9747,63097.1941,39871.1877,39871.1877,971065.8172,613617.5787,,,9.202
000002,万科A,全国地产,深圳,19910129,000002.SZ,20010418,15.6,15.7,15.35,15.36,15.54,-0.18,-1.16,40035.59,61853.6561,1.0041,1.0041,0.62,32.1737,32.1737,3.3348,2.5615,2.5615,0.9766,0.9766,63097.1941,39871.1877,39871.1877,969172.9014,612421.4431,,,9.202
000002,万科A,全国地产,深圳,19910129,000002.SZ,20010417,15.5,15.83,15.4,15.54,15.4,0.14,0.91,91718.36,143208.5432,2.3004,2.3004,1.68,32.5507,32.5507,3.3739,2.5915,2.5915,0.9653,0.9653,63097.1941,39871.1877,39871.1877,980530.3963,619598.2569,,,9.202
000002,万科A,全国地产,深圳,19910129,000002.SZ,20010416,15.19,15.6,15.19,15.4,15.13,0.27,1.78,117923.92,182341.9834,2.9576,2.9576,3.37,32.2575,32.2575,3.3435,2.5681,2.5681,0.974,0.974,63097.1941,39871.1877,39871.1877,971696.7891,614016.2906,,,9.202
000002,万科A,全国地产,深圳,19910129,000002.SZ,20010413,15.1,15.2,14.89,15.13,15.08,0.05,0.33,28541.56,42914.8732,0.7158,0.7158,0.84,31.6919,31.6919,3.2849,2.5231,2.5231,0.9914,0.9914,63097.1941,39871.1877,39871.1877,954660.5467,603251.0699,,,9.202
000002,万科A,全国地产,深圳,19910129,000002.SZ,20010412,15.15,15.43,14.99,15.08,15.1,-0.02,-0.13,61182.04,93383.4071,1.5345,1.5345,2.28,31.5872,31.5872,3.2741,2.5148,2.5148,0.9947,0.9947,63097.1941,39871.1877,39871.1877,951505.687,601257.5105,,,9.202
000002,万科A,全国地产,深圳,19910129,000002.SZ,20010411,15.17,15.18,15.0,15.1,15.13,-0.03,-0.2,24616.04,37119.9343,0.6174,0.6174,0.78,31.6291,31.6291,3.2784,2.5181,2.5181,0.9934,0.9934,63097.1941,39871.1877,39871.1877,952767.6309,602054.9343,,,9.202
000002,万科A,全国地产,深圳,19910129,000002.SZ,20010410,14.9,15.18,14.8,15.13,14.84,0.29,1.95,39917.85,60192.3826,1.0012,1.0012,1.27,31.6919,31.6919,3.2849,2.5231,2.5231,0.9914,0.9914,63097.1941,39871.1877,39871.1877,954660.5467,603251.0699,,,9.202
000002,万科A,全国地产,深圳,19910129,000002.SZ,20010409,14.7,15.05,14.68,14.84,14.73,0.11,0.75,20555.93,30421.2699,0.5156,0.5156,0.59,31.0845,31.0845,3.2219,2.4747,2.4747,1.0108,1.0108,63097.1941,39871.1877,39871.1877,936362.3604,591688.4255,,,9.202
000002,万科A,全国地产,深圳,19910129,000002.SZ,20010406,14.85,14.94,14.72,14.73,14.85,-0.12,-0.81,24010.9,35595.3102,0.6022,0.6022,0.62,30.8541,30.8541,3.1981,2.4564,2.4564,1.0183,1.0183,63097.1941,39871.1877,39871.1877,929421.6691,587302.5948,,,9.202
000002,万科A,全国地产,深圳,19910129,000002.SZ,20010405,14.66,14.88,14.6,14.85,14.66,0.19,1.3,25210.45,37184.5358,0.6323,0.6323,0.49,31.1054,31.1054,3.2241,2.4764,2.4764,1.0101,1.0101,63097.1941,39871.1877,39871.1877,936993.3324,592087.1373,,,9.202
000002,万科A,全国地产,深圳,19910129,000002.SZ,20010404,14.94,15.05,14.6,14.66,14.93,-0.27,-1.81,48667.02,72171.1469,1.2206,1.2206,0.72,30.7074,30.7074,3.1829,2.4447,2.4447,1.0232,1.0232,63097.1941,39871.1877,39871.1877,925004.8655,584511.6117,,,9.202
000002,万科A,全国地产,深圳,19910129,000002.SZ,20010403,15.05,15.16,14.81,14.93,15.1,-0.17,-1.13,38420.0,57585.7294,0.9636,0.9636,0.52,31.273,31.273,3.2415,2.4898,2.4898,1.0047,1.0047,63097.1941,39871.1877,39871.1877,942041.1079,595276.8324,,,9.202
000002,万科A,全国地产,深圳,19910129,000002.SZ,20010402,15.15,15.31,15.0,15.1,15.13,-0.03,-0.2,38103.56,57709.7268,0.9557,0.9557,0.51,31.6291,31.6291,3.2784,2.5181,2.5181,0.9934,0.9934,63097.1941,39871.1877,39871.1877,952767.6309,602054.9343,,,9.202
000002,万科A,全国地产,深圳,19910129,000002.SZ,20010330,15.05,15.23,14.99,15.13,15.06,0.07,0.46,42240.56,63675.2599,1.0594,1.0594,0.5,31.6919,31.6919,3.2849,2.5231,2.5231,0.9914,0.9914,63097.1941,39871.1877,39871.1877,954660.5467,603251.0699,,,9.202
000002,万科A,全国地产,深圳,19910129,000002.SZ,20010329,15.25,15.5,15.02,15.06,15.25,-0.19,-1.25,91542.54,140051.6678,2.296,2.296,1.08,31.5453,31.5453,3.2697,2.5114,2.5114,0.996,0.996,63097.1941,39871.1877,39871.1877,950243.7431,600460.0868,,,9.202
000002,万科A,全国地产,深圳,19910129,000002.SZ,20010328,15.0,15.36,14.85,15.25,14.99,0.26,1.73,127462.21,193702.2832,3.1969,3.1969,1.89,31.9433,31.9433,3.311,2.5431,2.5431,0.9836,0.9836,63097.1941,39871.1877,39871.1877,962232.21,608035.6124,,,9.202
000002,万科A,全国地产,深圳,19910129,000002.SZ,20010327,14.9,15.15,14.71,14.99,14.82,0.17,1.15,67432.88,100682.0121,1.6913,1.6913,1.12,31.3987,31.3987,3.2545,2.4998,2.4998,1.0007,1.0007,63097.1941,39871.1877,39871.1877,945826.9396,597669.1036,,,9.202
000002,万科A,全国地产,深圳,19910129,000002.SZ,20010326,14.46,14.94,14.45,14.82,14.42,0.4,2.77,46800.02,69126.2325,1.1738,1.1738,0.87,31.0426,31.0426,3.2176,2.4714,2.4714,1.0121,1.0121,63097.1941,39871.1877,39871.1877,935100.4166,590891.0017,,,9.202
000002,万科A,全国地产,深圳,19910129,000002.SZ,20010323,15.0,15.05,14.4,14.42,14.92,-0.5,-3.35,85036.84,125386.0392,2.1328,2.1328,2.06,30.2047,30.2047,3.1308,2.4047,2.4047,1.0402,1.0402,63097.1941,39871.1877,39871.1877,909861.5389,574942.5266,,,9.202
000002,万科A,全国地产,深圳,19910129,000002.SZ,20010322,14.85,15.15,14.8,14.92,14.58,0.34,2.33,97003.67,145491.7001,2.4329,2.4329,3.84,31.252,31.252,3.2393,2.4881,2.4881,1.0054,1.0054,63097.1941,39871.1877,39871.1877,941410.136,594878.1205,,,9.202
000002,万科A,全国地产,深圳,19910129,000002.SZ,20010320,14.6,14.7,14.5,14.58,14.45,0.13,0.9,41809.77,61052.8487,1.0486,1.0486,1.94,30.5399,30.5399,3.1655,2.4314,2.4314,1.0288,1.0288,63097.1941,39871.1877,39871.1877,919957.09,581321.9167,,,9.202
000002,万科A,全国地产,深圳,19910129,000002.SZ,20010319,14.16,14.5,14.1,14.45,14.16,0.29,2.05,31592.08,45280.7687,0.7924,0.7924,1.36,39.7899,35.2888,3.2182,3.1738,2.7762,1.0381,1.0381,63097.1941,39871.1877,39871.1877,911754.4547,576138.6623,,,9.202
000002,万科A,全国地产,深圳,19910129,000002.SZ,20010316,14.17,14.35,14.07,14.16,14.17,-0.01,-0.07,14944.84,21210.554,0.3748,0.3748,0.56,38.9913,34.5805,3.1536,3.1101,2.7205,1.0593,1.0593,63097.1941,39871.1877,39871.1877,893456.2685,564576.0178,,,9.202
000002,万科A,全国地产,深圳,19910129,000002.SZ,20010315,14.33,14.38,14.09,14.17,14.33,-0.16,-1.12,21331.63,30299.503,0.535,0.535,0.77,39.0189,34.605,3.1559,3.1123,2.7225,1.0586,1.0586,63097.1941,39871.1877,39871.1877,894087.2404,564974.7297,,,9.202
000002,万科A,全国地产,深圳,19910129,000002.SZ,20010314,14.16,14.4,14.08,14.33,14.19,0.14,0.99,16488.18,23515.9196,0.4135,0.4135,0.58,39.4594,34.9957,3.1915,3.1474,2.7532,1.0468,1.0468,63097.1941,39871.1877,39871.1877,904182.7915,571354.1197,,,9.202
000002,万科A,全国地产,深圳,19910129,000002.SZ,20010313,14.46,14.47,14.05,14.19,14.4,-0.21,-1.46,23595.71,33585.8683,0.5918,0.5918,0.83,39.0739,34.6538,3.1603,3.1166,2.7263,1.0571,1.0571,63097.1941,39871.1877,39871.1877,895349.1843,565772.1535,,,9.202
000002,万科A,全国地产,深圳,19910129,000002.SZ,20010312,14.35,14.5,14.25,14.4,14.26,0.14,0.98,39506.85,56990.4868,0.9909,0.9909,1.48,39.6522,35.1666,3.2071,3.1628,2.7666,1.0417,1.0417,63097.1941,39871.1877,39871.1877,908599.595,574145.1029,,,9.202
000002,万科A,全国地产,深圳,19910129,000002.SZ,20010309,14.23,14.37,14.13,14.26,14.22,0.04,0.28,33126.8,47250.911,0.8308,0.8308,0.99,39.2667,34.8247,3.1759,3.132,2.7397,1.0519,1.0519,63097.1941,39871.1877,39871.1877,899765.9879,568563.1366,,,9.202
000002,万科A,全国地产,深圳,19910129,000002.SZ,20010308,14.04,14.38,14.04,14.22,14.04,0.18,1.28,25480.58,36253.5689,0.6391,0.6391,0.81,39.1565,34.7271,3.167,3.1232,2.7321,1.0549,1.0549,63097.1941,39871.1877,39871.1877,897242.1001,566968.2891,,,9.202
000002,万科A,全国地产,深圳,19910129,000002.SZ,20010307,14.21,14.24,14.0,14.04,14.02,0.02,0.14,19228.48,27186.7488,0.4823,0.4823,0.6,38.6609,34.2875,3.1269,3.0837,2.6975,1.0684,1.0684,63097.1941,39871.1877,39871.1877,885884.6052,559791.4753,,,9.202
000002,万科A,全国地产,深圳,19910129,000002.SZ,20010306,14.06,14.08,13.84,14.02,14.08,-0.06,-0.43,25568.9,35689.3151,0.6413,0.6413,0.69,38.6058,34.2386,3.1225,3.0793,2.6936,1.0699,1.0699,63097.1941,39871.1877,39871.1877,884622.6613,558994.0516,,,9.202
000002,万科A,全国地产,深圳,19910129,000002.SZ,20010305,14.21,14.27,14.03,14.08,14.21,-0.13,-0.91,30237.42,42793.8448,0.7584,0.7584,0.79,38.771,34.3852,3.1358,3.0925,2.7052,1.0653,1.0653,63097.1941,39871.1877,39871.1877,888408.4929,561386.3228,,,9.202
000002,万科A,全国地产,深圳,19910129,000002.SZ,20010302,13.75,14.23,13.75,14.21,13.72,0.49,3.57,66462.71,93774.7589,1.6669,1.6669,2.12,39.129,34.7026,3.1648,3.121,2.7301,1.0556,1.0556,63097.1941,39871.1877,39871.1877,896611.1282,566569.5772,,,9.202
000002,万科A,全国地产,深圳,19910129,000002.SZ,20010301,13.8,13.9,13.66,13.72,13.77,-0.05,-0.36,16320.37,22452.4458,0.4093,0.4093,0.4,37.7797,33.506,3.0557,3.0134,2.636,1.0933,1.0933,63097.1941,39871.1877,39871.1877,865693.5031,547032.6952,,,9.202
000002,万科A,全国地产,深圳,19910129,000002.SZ,20010228,14.01,14.1,13.74,13.77,13.98,-0.21,-1.5,20640.13,28593.1778,0.5177,0.5177,0.29,37.9174,33.6281,3.0668,3.0244,2.6456,1.0893,1.0893,63097.1941,39871.1877,39871.1877,868848.3628,549026.2546,,,9.202
000002,万科A,全国地产,深圳,19910129,000002.SZ,20010227,13.6,14.0,13.6,13.98,13.73,0.25,1.82,51476.81,71233.8632,1.2911,1.2911,0.65,38.4957,34.141,3.1136,3.0705,2.6859,1.073,1.073,63097.1941,39871.1877,39871.1877,882098.7735,557399.204,,,9.202
000002,万科A,全国地产,深圳,19910129,000002.SZ,20010226,13.88,13.95,13.56,13.73,13.82,-0.09,-0.65,36328.09,49805.9985,0.9111,0.9111,0.41,37.8073,33.5304,3.0579,3.0156,2.6379,1.0925,1.0925,63097.1941,39871.1877,39871.1877,866324.475,547431.4071,,,9.202
000002,万科A,全国地产,深圳,19910129,000002.SZ,20010223,13.6,13.85,13.5,13.82,13.65,0.17,1.25,32285.91,44229.5342,0.8098,0.8098,0.34,38.0551,33.7502,3.0779,3.0354,2.6552,1.0854,1.0854,63097.1941,39871.1877,39871.1877,872003.2225,551019.814,,,9.202
000002,万科A,全国地产,深圳,19910129,000002.SZ,20010222,13.3,13.89,13.01,13.65,13.4,0.25,1.87,64005.18,86887.1858,1.6053,1.6053,0.73,37.587,33.3351,3.0401,2.998,2.6225,1.0989,1.0989,63097.1941,39871.1877,39871.1877,861276.6995,544241.7121,,,9.202
000002,万科A,全国地产,深圳,19910129,000002.SZ,20010221,14.21,14.26,12.96,13.4,14.4,-1.0,-6.94,168681.62,230425.0777,4.2307,4.2307,2.92,36.8986,32.7245,2.9844,2.9431,2.5745,1.1194,1.1194,63097.1941,39871.1877,39871.1877,845502.4009,534273.9152,,,9.202
000002,万科A,全国地产,深圳,19910129,000002.SZ,20010220,14.8,14.85,14.3,14.4,14.79,-0.39,-2.64,96668.0,140536.0069,2.4245,2.4245,2.32,39.6522,35.1666,3.2071,3.1628,2.7666,1.0417,1.0417,63097.1941,39871.1877,39871.1877,908599.595,574145.1029,,,9.202
000002,万科A,全国地产,深圳,19910129,000002.SZ,20010219,14.51,14.92,14.36,14.79,14.51,0.28,1.93,85453.07,125672.1481,2.1432,2.1432,2.9,40.7261,36.1191,3.294,3.2484,2.8416,1.0142,1.0142,63097.1941,39871.1877,39871.1877,933207.5007,589694.8661,,,9.202
000002,万科A,全国地产,深圳,19910129,000002.SZ,20010216,14.2,14.6,13.91,14.51,14.27,0.24,1.68,59086.61,84452.9112,1.4819,1.4819,2.63,39.9551,35.4353,3.2316,3.1869,2.7878,1.0338,1.0338,63097.1941,39871.1877,39871.1877,915540.2864,578530.9335,,,9.202
000002,万科A,全国地产,深圳,19910129,000002.SZ,20010215,14.19,14.35,14.08,14.27,14.19,0.08,0.56,31110.31,44287.2094,0.7803,0.7803,1.4,39.2942,34.8492,3.1781,3.1342,2.7417,1.0512,1.0512,63097.1941,39871.1877,39871.1877,900396.9598,568961.8485,,,9.202
000002,万科A,全国地产,深圳,19910129,000002.SZ,20010214,14.0,14.26,13.98,14.19,14.01,0.18,1.28,16063.66,22731.7065,0.4029,0.4029,0.71,39.0739,34.6538,3.1603,3.1166,2.7263,1.0571,1.0571,63097.1941,39871.1877,39871.1877,895349.1843,565772.1535,,,9.202
000002,万科A,全国地产,深圳,19910129,000002.SZ,20010213,14.08,14.15,13.96,14.01,14.05,-0.04,-0.28,16923.67,23752.0941,0.4245,0.4245,0.64,38.5783,34.2142,3.1202,3.0771,2.6917,1.0707,1.0707,63097.1941,39871.1877,39871.1877,883991.6893,558595.3397,,,9.202
000002,万科A,全国地产,深圳,19910129,000002.SZ,20010212,13.99,14.1,13.7,14.05,13.92,0.13,0.93,24026.86,33546.2452,0.6026,0.6026,0.8,38.6884,34.3119,3.1291,3.0859,2.6994,1.0676,1.0676,63097.1941,39871.1877,39871.1877,886515.5771,560190.1872,,,9.202
000002,万科A,全国地产,深圳,19910129,000002.SZ,20010209,13.68,14.0,13.68,13.92,13.68,0.24,1.75,24145.8,33490.5061,0.6056,0.6056,0.69,38.3305,33.9944,3.1002,3.0573,2.6744,1.0776,1.0776,63097.1941,39871.1877,39871.1877,878312.9419,555006.9328,,,9.202
000002,万科A,全国地产,深圳,19910129,000002.SZ,20010208,14.05,14.2,13.66,13.68,14.1,-0.42,-2.98,29648.03,41254.0967,0.7436,0.7436,0.81,37.6696,33.4083,3.0467,3.0046,2.6283,1.0965,1.0965,63097.1941,39871.1877,39871.1877,863169.6153,545437.8477,,,9.202
000002,万科A,全国地产,深圳,19910129,000002.SZ,20010207,14.38,14.4,14.0,14.1,14.34,-0.24,-1.67,17843.39,25216.982,0.4475,0.4475,0.48,38.8261,34.434,3.1403,3.0969,2.709,1.0638,1.0638,63097.1941,39871.1877,39871.1877,889670.4368,562183.7466,,,9.202
000002,万科A,全国地产,深圳,19910129,000002.SZ,20010206,14.2,14.35,14.0,14.34,14.25,0.09,0.63,36831.14,52052.4752,0.9238,0.9238,0.8,39.487,35.0201,3.1937,3.1496,2.7551,1.046,1.046,63097.1941,39871.1877,39871.1877,904813.7634,571752.8316,,,9.202
000002,万科A,全国地产,深圳,19910129,000002.SZ,20010205,14.97,15.05,14.22,14.25,14.93,-0.68,-4.55,40995.24,59644.8845,1.0282,1.0282,0.69,39.2392,34.8003,3.1737,3.1298,2.7378,1.0526,1.0526,63097.1941,39871.1877,39871.1877,899135.0159,568164.4247,,,9.202
000002,万科A,全国地产,深圳,19910129,000002.SZ,20010119,14.75,15.08,14.75,14.93,14.83,0.1,0.67,49039.88,73357.3366,1.23,1.23,0.74,41.1116,36.461,3.3251,3.2792,2.8685,1.0047,1.0047,63097.1941,39871.1877,39871.1877,942041.1079,595276.8324,,,9.202
000002,万科A,全国地产,深圳,19910129,000002.SZ,20010118,14.9,15.0,14.72,14.83,14.87,-0.04,-0.27,37506.33,55900.2793,0.9407,0.9407,0.46,40.8363,36.2168,3.3029,3.2572,2.8493,1.0115,1.0115,63097.1941,39871.1877,39871.1877,935731.3885,591289.7136,,,9.202
000002,万科A,全国地产,深圳,19910129,000002.SZ,20010117,15.01,15.08,14.82,14.87,15.0,-0.13,-0.87,23020.84,34355.1468,0.5774,0.5774,0.19,40.9464,36.3144,3.3118,3.266,2.8569,1.0087,1.0087,63097.1941,39871.1877,39871.1877,938255.2763,592884.5611,,,9.202
000002,万科A,全国地产,深圳,19910129,000002.SZ,20010116,14.6,15.01,14.55,15.0,14.78,0.22,1.49,80269.78,118773.585,2.0132,2.0132,0.68,41.3044,36.6319,3.3407,3.2946,2.8819,1.0,1.0,63097.1941,39871.1877,39871.1877,946457.9115,598067.8155,,,9.202
000002,万科A,全国地产,深圳,19910129,000002.SZ,20010115,15.4,15.47,14.7,14.78,15.57,-0.79,-5.07,107613.85,162641.469,2.699,2.699,0.97,40.6986,36.0947,3.2917,3.2462,2.8397,1.0149,1.0149,63097.1941,39871.1877,39871.1877,932576.5288,589296.1542,,,9.202
000002,万科A,全国地产,深圳,19910129,000002.SZ,20010112,15.7,15.87,15.5,15.57,15.74,-0.17,-1.08,81029.94,126874.2442,2.0323,2.0323,0.76,42.8739,38.0239,3.4677,3.4197,2.9914,0.9634,0.9634,63097.1941,39871.1877,39871.1877,982423.3121,620794.3925,,,9.202
000002,万科A,全国地产,深圳,19910129,000002.SZ,20010111,15.95,15.98,15.51,15.74,15.86,-0.12,-0.76,119223.91,188430.8759,2.9902,2.9902,1.16,43.3421,38.4391,3.5055,3.4571,3.0241,0.953,0.953,63097.1941,39871.1877,39871.1877,993149.8351,627572.4944,,,9.202
000002,万科A,全国地产,深圳,19910129,000002.SZ,20010110,15.04,15.99,14.9,15.86,15.04,0.82,5.45,221051.6,346147.2003,5.5441,5.5441,2.38,43.6725,38.7322,3.5323,3.4834,3.0471,0.9458,0.9458,63097.1941,39871.1877,39871.1877,1000721.4984,632357.0369,,,9.202
000002,万科A,全国地产,深圳,19910129,000002.SZ,20010109,15.14,15.4,14.85,15.04,15.14,-0.1,-0.66,63235.75,95878.8245,1.586,1.586,0.69,41.4145,36.7296,3.3496,3.3033,2.8896,0.9973,0.9973,63097.1941,39871.1877,39871.1877,948981.7993,599662.663,,,9.202
000002,万科A,全国地产,深圳,19910129,000002.SZ,20010108,15.05,15.2,14.5,15.14,14.94,0.2,1.34,69385.15,103621.0108,1.7402,1.7402,0.86,41.6899,36.9738,3.3719,3.3253,2.9088,0.9908,0.9908,63097.1941,39871.1877,39871.1877,955291.5187,603649.7818,,,9.202
000002,万科A,全国地产,深圳,19910129,000002.SZ,20010105,14.86,15.05,14.75,14.94,14.86,0.08,0.54,58215.88,86618.2518,1.4601,1.4601,0.8,41.1392,36.4854,3.3274,3.2814,2.8704,1.004,1.004,63097.1941,39871.1877,39871.1877,942672.0799,595675.5442,,,9.202
000002,万科A,全国地产,深圳,19910129,000002.SZ,20010104,14.9,15.17,14.85,14.86,14.84,0.02,0.13,102676.37,153714.8136,2.5752,2.5752,1.82,40.9189,36.29,3.3095,3.2638,2.855,1.0094,1.0094,63097.1941,39871.1877,39871.1877,937624.3043,592485.8492,,,9.202
000002,万科A,全国地产,深圳,19910129,000002.SZ,20010103,14.5,15.18,14.35,14.84,14.47,0.37,2.56,171279.16,254642.8944,4.2958,4.2958,6.1,40.8638,36.2412,3.3051,3.2594,2.8512,1.0108,1.0108,63097.1941,39871.1877,39871.1877,936362.3604,591688.4255,,,9.202
000002,万科A,全国地产,深圳,19910129,000002.SZ,20010102,14.0,14.56,13.95,14.47,13.99,0.48,3.43,54127.0,77497.5841,1.3575,1.3575,2.29,39.845,35.3376,3.2227,3.1781,2.7801,1.0366,1.0366,63097.1941,39871.1877,39871.1877,913016.3986,576936.086,,,9.202
000002,万科A,全国地产,深圳,19910129,000002.SZ,20001229,13.83,14.09,13.83,13.99,13.82,0.17,1.23,17951.89,25075.1786,0.4502,0.4502,0.74,38.5232,34.1654,3.1158,3.0727,2.6879,0.5106,1.0722,63097.1941,39871.1877,39871.1877,882729.7455,557797.9159,,,9.202
000002,万科A,全国地产,深圳,19910129,000002.SZ,20001228,13.8,13.94,13.79,13.82,13.83,-0.01,-0.07,16865.1,23343.9134,0.423,0.423,0.63,38.0551,33.7502,3.0779,3.0354,2.6552,0.5169,1.0854,63097.1941,39871.1877,39871.1877,872003.2225,551019.814,,,9.202
000002,万科A,全国地产,深圳,19910129,000002.SZ,20001227,14.15,14.19,13.8,13.83,14.04,-0.21,-1.5,22025.39,30646.6359,0.5524,0.5524,0.74,38.0826,33.7746,3.0802,3.0376,2.6571,0.5165,1.0846,63097.1941,39871.1877,39871.1877,872634.1944,551418.5259,,,9.202
000002,万科A,全国地产,深圳,19910129,000002.SZ,20001226,14.28,14.28,13.96,14.04,14.01,0.03,0.21,29497.93,41742.715,0.7398,0.7398,1.03,38.6609,34.2875,3.1269,3.0837,2.6975,0.5088,1.0684,63097.1941,39871.1877,39871.1877,885884.6052,559791.4753,,,9.202
000002,万科A,全国地产,深圳,19910129,000002.SZ,20001225,13.88,14.35,13.8,14.01,13.88,0.13,0.94,31983.7,45340.0285,,,,,,,,,,,,,,,,,,9.202
000002,万科A,全国地产,深圳,19910129,000002.SZ,20001222,13.9,14.02,13.78,13.88,13.9,-0.02,-0.14,20355.26,28181.7453,,,,,,,,,,,,,,,,,,9.202
000002,万科A,全国地产,深圳,19910129,000002.SZ,20001221,14.08,14.17,13.88,13.9,14.0,-0.1,-0.71,30337.72,42508.6628,,,,,,,,,,,,,,,,,,9.202
000002,万科A,全国地产,深圳,19910129,000002.SZ,20001220,13.85,14.1,13.75,14.0,13.8,0.2,1.45,36673.77,51077.5341,,,,,,,,,,,,,,,,,,9.202
000002,万科A,全国地产,深圳,19910129,000002.SZ,20001219,13.85,14.0,13.72,13.8,13.8,0.0,0.0,23383.03,32392.2995,,,,,,,,,,,,,,,,,,9.202
000002,万科A,全国地产,深圳,19910129,000002.SZ,20001218,13.73,13.81,13.5,13.8,13.74,0.06,0.44,16954.4,23111.8296,,,,,,,,,,,,,,,,,,9.202
000002,万科A,全国地产,深圳,19910129,000002.SZ,20001215,13.74,13.9,13.64,13.74,13.73,0.01,0.07,16173.17,22244.5304,,,,,,,,,,,,,,,,,,9.202
000002,万科A,全国地产,深圳,19910129,000002.SZ,20001214,13.94,13.95,13.7,13.73,13.93,-0.2,-1.44,34256.85,47198.234,,,,,,,,,,,,,,,,,,9.202
000002,万科A,全国地产,深圳,19910129,000002.SZ,20001213,14.14,14.14,13.82,13.93,14.13,-0.2,-1.42,24583.65,34358.0541,,,,,,,,,,,,,,,,,,9.202
000002,万科A,全国地产,深圳,19910129,000002.SZ,20001212,14.05,14.18,13.95,14.13,14.08,0.05,0.36,24640.24,34683.0636,,,,,,,,,,,,,,,,,,9.202
000002,万科A,全国地产,深圳,19910129,000002.SZ,20001211,14.3,14.34,13.91,14.08,14.22,-0.14,-0.98,34730.24,48902.0867,,,,,,,,,,,,,,,,,,9.202
000002,万科A,全国地产,深圳,19910129,000002.SZ,20001208,14.15,14.45,14.09,14.22,14.14,0.08,0.57,29235.68,41822.9452,,,,,,,,,,,,,,,,,,9.202
000002,万科A,全国地产,深圳,19910129,000002.SZ,20001207,14.21,14.32,14.0,14.14,14.28,-0.14,-0.98,28140.22,39856.9622,,,,,,,,,,,,,,,,,,9.202
000002,万科A,全国地产,深圳,19910129,000002.SZ,20001206,14.57,14.6,14.17,14.28,14.57,-0.29,-1.99,43511.0,62456.3768,,,,,,,,,,,,,,,,,,9.202
000002,万科A,全国地产,深圳,19910129,000002.SZ,20001205,14.56,14.7,14.41,14.57,14.41,0.16,1.11,89236.25,130182.8455,,,,,,,,,,,,,,,,,,9.202
000002,万科A,全国地产,深圳,19910129,000002.SZ,20001204,14.25,14.59,14.15,14.41,14.19,0.22,1.55,71272.26,102707.5707,,,,,,,,,,,,,,,,,,9.202
000002,万科A,全国地产,深圳,19910129,000002.SZ,20001201,14.1,14.4,14.0,14.19,14.0,0.19,1.36,88332.28,125481.6924,,,,,,,,,,,,,,,,,,9.202
000002,万科A,全国地产,深圳,19910129,000002.SZ,20001130,13.8,14.2,13.71,14.0,13.78,0.22,1.6,31587.02,44054.9198,,,,,,,,,,,,,,,,,,9.202
000002,万科A,全国地产,深圳,19910129,000002.SZ,20001129,14.04,14.04,13.71,13.78,14.0,-0.22,-1.57,24402.89,33697.4183,,,,,,,,,,,,,,,,,,9.202
000002,万科A,全国地产,深圳,19910129,000002.SZ,20001128,13.88,14.1,13.88,14.0,13.87,0.13,0.94,27292.59,38177.1488,,,,,,,,,,,,,,,,,,9.202
000002,万科A,全国地产,深圳,19910129,000002.SZ,20001127,13.7,14.01,13.49,13.87,13.76,0.11,0.8,43796.02,60613.2224,,,,,,,,,,,,,,,,,,9.202
000002,万科A,全国地产,深圳,19910129,000002.SZ,20001124,14.4,14.53,13.67,13.76,14.4,-0.64,-4.44,65305.93,92061.8094,,,,,,,,,,,,,,,,,,9.202
000002,万科A,全国地产,深圳,19910129,000002.SZ,20001123,14.3,14.65,14.2,14.4,14.18,0.22,1.55,105555.06,152596.4933,,,,,,,,,,,,,,,,,,9.202
000002,万科A,全国地产,深圳,19910129,000002.SZ,20001122,13.97,14.28,13.85,14.18,13.99,0.19,1.36,45309.72,63668.7696,,,,,,,,,,,,,,,,,,9.202
000002,万科A,全国地产,深圳,19910129,000002.SZ,20001121,14.22,14.4,13.98,13.99,14.21,-0.22,-1.55,36626.28,51902.091,,,,,,,,,,,,,,,,,,9.202
000002,万科A,全国地产,深圳,19910129,000002.SZ,20001120,13.91,14.24,13.69,14.21,13.91,0.3,2.16,42059.52,58508.9569,,,,,,,,,,,,,,,,,,9.202
000002,万科A,全国地产,深圳,19910129,000002.SZ,20001117,14.18,14.25,13.85,13.91,14.15,-0.24,-1.7,43684.0,61015.8249,,,,,,,,,,,,,,,,,,9.202
000002,万科A,全国地产,深圳,19910129,000002.SZ,20001116,14.12,14.3,13.9,14.15,14.12,0.03,0.21,61396.0,86527.5658,,,,,,,,,,,,,,,,,,9.202
000002,万科A,全国地产,深圳,19910129,000002.SZ,20001115,14.24,14.5,14.05,14.12,14.24,-0.12,-0.84,75369.0,107595.8277,,,,,,,,,,,,,,,,,,9.202
000002,万科A,全国地产,深圳,19910129,000002.SZ,20001114,14.2,14.4,14.03,14.24,14.18,0.06,0.42,77296.0,109908.25,,,,,,,,,,,,,,,,,,9.202
000002,万科A,全国地产,深圳,19910129,000002.SZ,20001113,13.78,14.52,13.66,14.18,13.76,0.42,3.05,186840.0,265399.2323,,,,,,,,,,,,,,,,,,9.202
000002,万科A,全国地产,深圳,19910129,000002.SZ,20001110,13.55,14.08,13.55,13.76,13.51,0.25,1.85,105772.0,146825.7219,,,,,,,,,,,,,,,,,,9.202
000002,万科A,全国地产,深圳,19910129,000002.SZ,20001109,13.25,13.54,13.25,13.51,13.48,0.03,0.22,23635.0,31777.307,,,,,,,,,,,,,,,,,,9.202
000002,万科A,全国地产,深圳,19910129,000002.SZ,20001108,13.4,13.65,13.4,13.48,13.4,0.08,0.6,23144.0,31320.9709,,,,,,,,,,,,,,,,,,9.202
000002,万科A,全国地产,深圳,19910129,000002.SZ,20001107,13.51,13.56,13.31,13.4,13.48,-0.08,-0.59,13686.0,18335.5618,,,,,,,,,,,,,,,,,,9.202
000002,万科A,全国地产,深圳,19910129,000002.SZ,20001106,13.18,13.65,13.16,13.48,13.18,0.3,2.28,30531.0,40985.7133,,,,,,,,,,,,,,,,,,9.202
000002,万科A,全国地产,深圳,19910129,000002.SZ,20001103,13.2,13.3,13.13,13.18,13.2,-0.02,-0.15,14450.0,19055.0602,,,,,,,,,,,,,,,,,,9.202
000002,万科A,全国地产,深圳,19910129,000002.SZ,20001102,13.3,13.39,13.1,13.2,13.25,-0.05,-0.38,20920.0,27652.3318,,,,,,,,,,,,,,,,,,9.202
000002,万科A,全国地产,深圳,19910129,000002.SZ,20001101,13.23,13.35,13.08,13.25,13.2,0.05,0.38,19445.0,25664.6439,,,,,,,,,,,,,,,,,,9.202
000002,万科A,全国地产,深圳,19910129,000002.SZ,20001031,13.6,13.65,13.18,13.2,13.57,-0.37,-2.73,30187.0,40263.2139,,,,,,,,,,,,,,,,,,9.202
000002,万科A,全国地产,深圳,19910129,000002.SZ,20001030,13.56,13.75,13.48,13.57,13.47,0.1,0.74,40786.0,55471.1006,,,,,,,,,,,,,,,,,,9.202
000002,万科A,全国地产,深圳,19910129,000002.SZ,20001027,13.25,13.55,13.21,13.47,13.2,0.27,2.05,40708.0,54687.3661,,,,,,,,,,,,,,,,,,9.202
000002,万科A,全国地产,深圳,19910129,000002.SZ,20001026,13.4,13.43,13.15,13.2,13.3,-0.1,-0.75,19640.0,25983.613,,,,,,,,,,,,,,,,,,9.202
000002,万科A,全国地产,深圳,19910129,000002.SZ,20001025,13.3,13.47,13.1,13.3,13.15,0.15,1.14,38249.0,50942.4307,,,,,,,,,,,,,,,,,,9.202
000002,万科A,全国地产,深圳,19910129,000002.SZ,20001024,13.2,13.35,13.02,13.15,13.13,0.02,0.15,25022.0,32962.3169,,,,,,,,,,,,,,,,,,9.202
000002,万科A,全国地产,深圳,19910129,000002.SZ,20001023,13.1,13.25,13.0,13.13,13.06,0.07,0.54,29165.0,38215.7462,,,,,,,,,,,,,,,,,,9.202
000002,万科A,全国地产,深圳,19910129,000002.SZ,20001020,12.71,13.17,12.71,13.06,12.69,0.37,2.92,56113.0,73096.754,,,,,,,,,,,,,,,,,,9.202
000002,万科A,全国地产,深圳,19910129,000002.SZ,20001019,12.8,12.95,12.65,12.69,12.84,-0.15,-1.17,16936.0,21597.8696,,,,,,,,,,,,,,,,,,9.202
000002,万科A,全国地产,深圳,19910129,000002.SZ,20001018,12.88,13.04,12.78,12.84,12.76,0.08,0.63,28457.0,36657.9692,,,,,,,,,,,,,,,,,,9.202
000002,万科A,全国地产,深圳,19910129,000002.SZ,20001017,12.4,12.88,12.4,12.76,12.47,0.29,2.33,29126.0,37065.9143,,,,,,,,,,,,,,,,,,9.202
000002,万科A,全国地产,深圳,19910129,000002.SZ,20001016,12.8,12.8,12.38,12.47,12.69,-0.22,-1.73,11037.0,13881.7538,,,,,,,,,,,,,,,,,,9.202
000002,万科A,全国地产,深圳,19910129,000002.SZ,20001013,12.3,13.0,12.3,12.69,12.3,0.39,3.17,61398.0,78314.6996,,,,,,,,,,,,,,,,,,9.202
000002,万科A,全国地产,深圳,19910129,000002.SZ,20001012,12.4,12.45,12.2,12.3,12.48,-0.18,-1.44,17803.0,21912.2623,,,,,,,,,,,,,,,,,,9.202
000002,万科A,全国地产,深圳,19910129,000002.SZ,20001011,12.7,12.75,12.48,12.48,12.69,-0.21,-1.65,9431.0,11877.0245,,,,,,,,,,,,,,,,,,9.202
000002,万科A,全国地产,深圳,19910129,000002.SZ,20001010,12.45,12.7,12.4,12.69,12.46,0.23,1.85,12851.0,16160.0934,,,,,,,,,,,,,,,,,,9.202
000002,万科A,全国地产,深圳,19910129,000002.SZ,20001009,12.38,12.5,12.28,12.46,12.37,0.09,0.73,10353.0,12817.4662,,,,,,,,,,,,,,,,,,9.202
000002,万科A,全国地产,深圳,19910129,000002.SZ,20000929,12.2,12.4,12.2,12.37,12.26,0.11,0.9,8151.0,10056.6336,,,,,,,,,,,,,,,,,,9.202
000002,万科A,全国地产,深圳,19910129,000002.SZ,20000928,12.5,12.55,12.21,12.26,12.49,-0.23,-1.84,11029.0,13576.8667,,,,,,,,,,,,,,,,,,9.089
000002,万科A,全国地产,深圳,19910129,000002.SZ,20000927,12.35,12.64,12.35,12.49,12.35,0.14,1.13,10249.0,12817.152,,,,,,,,,,,,,,,,,,9.089
000002,万科A,全国地产,深圳,19910129,000002.SZ,20000926,12.31,12.45,12.18,12.35,12.3,0.05,0.41,19620.0,24056.8643,,,,,,,,,,,,,,,,,,9.089
000002,万科A,全国地产,深圳,19910129,000002.SZ,20000925,12.47,12.55,12.26,12.3,12.47,-0.17,-1.36,17513.0,21594.5099,,,,,,,,,,,,,,,,,,9.089
000002,万科A,全国地产,深圳,19910129,000002.SZ,20000922,12.52,12.65,12.46,12.47,12.59,-0.12,-0.95,10445.0,13090.3754,,,,,,,,,,,,,,,,,,9.089
000002,万科A,全国地产,深圳,19910129,000002.SZ,20000921,12.5,12.76,12.47,12.59,12.57,0.02,0.16,16351.0,20639.1035,,,,,,,,,,,,,,,,,,9.089
000002,万科A,全国地产,深圳,19910129,000002.SZ,20000920,12.4,12.61,12.31,12.57,12.4,0.17,1.37,15914.0,19839.2843,,,,,,,,,,,,,,,,,,9.089
000002,万科A,全国地产,深圳,19910129,000002.SZ,20000919,12.5,12.55,12.3,12.4,12.6,-0.2,-1.59,17941.0,22245.8615,,,,,,,,,,,,,,,,,,9.089
000002,万科A,全国地产,深圳,19910129,000002.SZ,20000918,12.92,13.01,12.59,12.6,12.92,-0.32,-2.48,15649.0,19924.0435,,,,,,,,,,,,,,,,,,9.089
000002,万科A,全国地产,深圳,19910129,000002.SZ,20000914,13.17,13.21,12.85,12.92,13.16,-0.24,-1.82,21519.0,27943.8521,,,,,,,,,,,,,,,,,,9.089
000002,万科A,全国地产,深圳,19910129,000002.SZ,20000913,13.1,13.4,12.96,13.16,13.09,0.07,0.53,60198.0,79518.4745,,,,,,,,,,,,,,,,,,9.089
000002,万科A,全国地产,深圳,19910129,000002.SZ,20000912,12.75,13.3,12.6,13.09,12.61,0.48,3.81,59178.0,76961.6434,,,,,,,,,,,,,,,,,,9.089
000002,万科A,全国地产,深圳,19910129,000002.SZ,20000911,12.56,12.69,12.3,12.61,12.44,0.17,1.37,13737.0,17148.897,,,,,,,,,,,,,,,,,,9.089
000002,万科A,全国地产,深圳,19910129,000002.SZ,20000908,12.51,12.58,12.34,12.44,12.51,-0.07,-0.56,15310.0,19027.541,,,,,,,,,,,,,,,,,,9.089
000002,万科A,全国地产,深圳,19910129,000002.SZ,20000907,12.5,12.6,12.3,12.51,12.26,0.25,2.04,23632.0,29472.943,,,,,,,,,,,,,,,,,,9.089
000002,万科A,全国地产,深圳,19910129,000002.SZ,20000906,12.65,12.65,12.25,12.26,12.7,-0.44,-3.46,26005.65,32304.0969,,,,,,,,,,,,,,,,,,9.089
000002,万科A,全国地产,深圳,19910129,000002.SZ,20000905,13.07,13.16,12.5,12.7,13.05,-0.35,-2.68,24011.0,30698.6602,,,,,,,,,,,,,,,,,,9.089
000002,万科A,全国地产,深圳,19910129,000002.SZ,20000904,12.75,13.05,12.7,13.05,12.76,0.29,2.27,25570.0,32950.2277,,,,,,,,,,,,,,,,,,9.089
000002,万科A,全国地产,深圳,19910129,000002.SZ,20000901,13.0,13.18,12.71,12.76,13.06,-0.3,-2.3,49695.0,64385.0159,,,,,,,,,,,,,,,,,,9.089
000002,万科A,全国地产,深圳,19910129,000002.SZ,20000831,13.5,13.5,13.01,13.06,13.56,-0.5,-3.69,54348.0,71831.5465,,,,,,,,,,,,,,,,,,9.089
000002,万科A,全国地产,深圳,19910129,000002.SZ,20000830,13.73,13.98,13.54,13.56,13.73,-0.17,-1.24,26961.0,37157.1856,,,,,,,,,,,,,,,,,,9.089
000002,万科A,全国地产,深圳,19910129,000002.SZ,20000829,13.6,13.73,13.51,13.73,13.59,0.14,1.03,30744.0,41890.0108,,,,,,,,,,,,,,,,,,9.089
000002,万科A,全国地产,深圳,19910129,000002.SZ,20000828,13.73,13.8,13.5,13.59,13.72,-0.13,-0.95,47943.0,65025.9165,,,,,,,,,,,,,,,,,,9.089
000002,万科A,全国地产,深圳,19910129,000002.SZ,20000825,13.95,13.95,13.64,13.72,13.91,-0.19,-1.37,35919.0,49318.2866,,,,,,,,,,,,,,,,,,9.089
000002,万科A,全国地产,深圳,19910129,000002.SZ,20000824,13.75,14.03,13.61,13.91,13.69,0.22,1.61,54039.0,74660.9637,,,,,,,,,,,,,,,,,,9.089
000002,万科A,全国地产,深圳,19910129,000002.SZ,20000823,13.7,14.01,13.18,13.69,13.74,-0.05,-0.36,96010.0,130824.1939,,,,,,,,,,,,,,,,,,9.089
000002,万科A,全国地产,深圳,19910129,000002.SZ,20000822,14.2,14.22,13.71,13.74,14.19,-0.45,-3.17,42789.0,59796.0529,,,,,,,,,,,,,,,,,,9.089
000002,万科A,全国地产,深圳,19910129,000002.SZ,20000821,14.1,14.22,13.9,14.19,14.19,0.0,0.0,54729.0,76546.6422,,,,,,,,,,,,,,,,,,9.089
000002,万科A,全国地产,深圳,19910129,000002.SZ,20000818,14.5,14.51,14.15,14.19,14.42,-0.23,-1.6,43785.0,62329.0089,,,,,,,,,,,,,,,,,,9.089
000002,万科A,全国地产,深圳,19910129,000002.SZ,20000817,14.5,14.77,14.41,14.42,14.43,-0.01,-0.07,46273.0,67386.4878,,,,,,,,,,,,,,,,,,9.089
000002,万科A,全国地产,深圳,19910129,000002.SZ,20000816,14.5,14.8,14.45,14.58,14.41,0.17,1.18,58054.0,84927.9152,,,,,,,,,,,,,,,,,,9.089
000002,万科A,全国地产,深圳,19910129,000002.SZ,20000815,14.6,14.85,14.35,14.41,14.49,-0.08,-0.55,52194.0,76063.7341,,,,,,,,,,,,,,,,,,9.089
000002,万科A,全国地产,深圳,19910129,000002.SZ,20000814,14.59,14.88,14.41,14.49,14.35,0.14,0.98,99623.0,146271.481,,,,,,,,,,,,,,,,,,9.089
000002,万科A,全国地产,深圳,19910129,000002.SZ,20000811,14.01,14.6,14.01,14.35,14.0,0.35,2.5,100026.0,144125.9731,,,,,,,,,,,,,,,,,,9.089
000002,万科A,全国地产,深圳,19910129,000002.SZ,20000810,14.1,14.27,13.91,14.0,13.9,0.1,0.72,28114.0,39464.4758,,,,,,,,,,,,,,,,,,9.089
000002,万科A,全国地产,深圳,19910129,000002.SZ,20000809,14.07,14.1,13.83,13.9,14.07,-0.17,-1.21,42523.0,59098.7347,,,,,,,,,,,,,,,,,,9.089
000002,万科A,全国地产,深圳,19910129,000002.SZ,20000808,14.09,14.34,13.93,14.07,14.04,0.03,0.21,42244.0,59765.3756,,,,,,,,,,,,,,,,,,9.089
000002,万科A,全国地产,深圳,19910129,000002.SZ,20000807,13.87,14.2,13.8,14.04,13.85,0.19,1.37,39536.0,55400.7666,,,,,,,,,,,,,,,,,,9.089
000002,万科A,全国地产,深圳,19910129,000002.SZ,20000804,14.0,14.2,13.8,13.85,13.95,-0.1,-0.72,58042.0,80945.3636,,,,,,,,,,,,,,,,,,9.089
000002,万科A,全国地产,深圳,19910129,000002.SZ,20000803,14.1,14.15,13.85,13.95,14.09,-0.14,-0.99,49247.0,68883.2898,,,,,,,,,,,,,,,,,,9.089
000002,万科A,全国地产,深圳,19910129,000002.SZ,20000802,14.25,14.33,14.05,14.09,14.2,-0.11,-0.77,28972.0,40881.8181,,,,,,,,,,,,,,,,,,9.089
000002,万科A,全国地产,深圳,19910129,000002.SZ,20000801,13.91,14.38,13.91,14.2,13.88,0.32,2.31,55636.0,79065.1402,,,,,,,,,,,,,,,,,,9.089
000002,万科A,全国地产,深圳,19910129,000002.SZ,20000731,14.1,14.1,13.84,13.88,14.1,-0.22,-1.56,71454.0,99507.6842,,,,,,,,,,,,,,,,,,9.089
000002,万科A,全国地产,深圳,19910129,000002.SZ,20000728,14.33,14.5,14.0,14.1,14.32,-0.22,-1.54,82697.0,117258.5995,,,,,,,,,,,,,,,,,,9.089
000002,万科A,全国地产,深圳,19910129,000002.SZ,20000727,14.72,14.8,14.26,14.32,14.67,-0.35,-2.39,84991.0,123065.3895,,,,,,,,,,,,,,,,,,9.089
000002,万科A,全国地产,深圳,19910129,000002.SZ,20000726,14.7,14.85,14.4,14.67,14.64,0.03,0.2,62248.0,90822.5347,,,,,,,,,,,,,,,,,,9.089
000002,万科A,全国地产,深圳,19910129,000002.SZ,20000725,14.74,14.98,14.6,14.64,14.73,-0.09,-0.61,94529.0,139825.3958,,,,,,,,,,,,,,,,,,9.089
000002,万科A,全国地产,深圳,19910129,000002.SZ,20000724,14.36,14.97,14.2,14.73,14.26,0.47,3.3,132888.0,194574.3083,,,,,,,,,,,,,,,,,,9.089
000002,万科A,全国地产,深圳,19910129,000002.SZ,20000721,14.63,14.7,14.2,14.26,14.58,-0.32,-2.19,159365.0,230947.7072,,,,,,,,,,,,,,,,,,9.089
000002,万科A,全国地产,深圳,19910129,000002.SZ,20000720,13.8,14.63,13.7,14.58,13.75,0.83,6.04,184812.0,262984.9691,,,,,,,,,,,,,,,,,,9.089
000002,万科A,全国地产,深圳,19910129,000002.SZ,20000719,13.9,13.95,13.6,13.75,13.81,-0.06,-0.43,38069.0,52333.4848,,,,,,,,,,,,,,,,,,9.089
000002,万科A,全国地产,深圳,19910129,000002.SZ,20000718,13.85,14.0,13.56,13.81,13.85,-0.04,-0.29,50782.0,69874.1832,,,,,,,,,,,,,,,,,,9.089
000002,万科A,全国地产,深圳,19910129,000002.SZ,20000717,14.05,14.42,13.8,13.85,13.95,-0.1,-0.72,101548.0,143529.7316,,,,,,,,,,,,,,,,,,9.089
000002,万科A,全国地产,深圳,19910129,000002.SZ,20000714,13.9,14.2,13.66,13.95,13.79,0.16,1.16,150409.0,210313.7862,,,,,,,,,,,,,,,,,,9.089
000002,万科A,全国地产,深圳,19910129,000002.SZ,20000713,13.48,13.95,13.42,13.79,13.44,0.35,2.6,148605.0,203767.8824,,,,,,,,,,,,,,,,,,9.089
000002,万科A,全国地产,深圳,19910129,000002.SZ,20000712,13.64,13.71,13.31,13.44,13.5,-0.06,-0.44,48168.0,64978.3114,,,,,,,,,,,,,,,,,,9.089
000002,万科A,全国地产,深圳,19910129,000002.SZ,20000711,13.3,13.89,13.28,13.5,13.25,0.25,1.89,91906.0,125021.1826,,,,,,,,,,,,,,,,,,9.089
000002,万科A,全国地产,深圳,19910129,000002.SZ,20000710,13.03,13.45,13.03,13.25,13.02,0.23,1.77,41782.0,55332.1546,,,,,,,,,,,,,,,,,,9.089
000002,万科A,全国地产,深圳,19910129,000002.SZ,20000707,12.78,13.08,12.71,13.02,12.8,0.22,1.72,31374.0,40724.3698,,,,,,,,,,,,,,,,,,9.089
000002,万科A,全国地产,深圳,19910129,000002.SZ,20000706,13.0,13.0,12.8,12.8,13.0,-0.2,-1.54,26370.0,33934.8458,,,,,,,,,,,,,,,,,,9.089
000002,万科A,全国地产,深圳,19910129,000002.SZ,20000705,13.07,13.19,12.95,13.0,13.07,-0.07,-0.54,35268.0,46081.7659,,,,,,,,,,,,,,,,,,9.089
000002,万科A,全国地产,深圳,19910129,000002.SZ,20000704,13.1,13.29,12.85,13.07,13.15,-0.08,-0.61,55810.0,72495.0293,,,,,,,,,,,,,,,,,,9.089
000002,万科A,全国地产,深圳,19910129,000002.SZ,20000703,13.5,13.75,13.09,13.15,13.51,-0.36,-2.66,106310.0,142301.1278,,,,,,,,,,,,,,,,,,9.089
000002,万科A,全国地产,深圳,19910129,000002.SZ,20000630,13.5,14.28,13.5,13.51,13.09,0.42,3.21,243145.0,335876.4854,,,,,,,,,,,,,,,,,,9.089
000002,万科A,全国地产,深圳,19910129,000002.SZ,20000628,13.03,13.45,12.96,13.09,12.99,0.1,0.77,121388.0,160243.3382,,,,,,,,,,,,,,,,,,9.089
000002,万科A,全国地产,深圳,19910129,000002.SZ,20000627,12.8,13.1,12.6,12.99,12.76,0.23,1.8,107391.0,138882.5813,,,,,,,,,,,,,,,,,,9.089
000002,万科A,全国地产,深圳,19910129,000002.SZ,20000626,12.4,12.97,12.4,12.76,12.38,0.38,3.07,75566.0,96431.7407,,,,,,,,,,,,,,,,,,9.089
000002,万科A,全国地产,深圳,19910129,000002.SZ,20000623,12.3,12.44,12.18,12.38,12.29,0.09,0.73,28576.0,35062.9288,,,,,,,,,,,,,,,,,,9.089
000002,万科A,全国地产,深圳,19910129,000002.SZ,20000622,12.35,12.5,12.22,12.29,12.3,-0.01,-0.08,12402.0,15306.3106,,,,,,,,,,,,,,,,,,9.089
000002,万科A,全国地产,深圳,19910129,000002.SZ,20000621,12.2,12.38,12.1,12.3,12.17,0.13,1.07,18178.0,22284.3589,,,,,,,,,,,,,,,,,,9.089
000002,万科A,全国地产,深圳,19910129,000002.SZ,20000620,12.29,12.44,12.08,12.17,12.29,-0.12,-0.98,23581.0,28809.0558,,,,,,,,,,,,,,,,,,9.089
000002,万科A,全国地产,深圳,19910129,000002.SZ,20000619,12.48,12.6,12.22,12.29,12.41,-0.12,-0.97,25931.0,31937.6864,,,,,,,,,,,,,,,,,,9.089
000002,万科A,全国地产,深圳,19910129,000002.SZ,20000616,12.8,12.89,12.4,12.41,12.79,-0.38,-2.97,27845.0,35077.1381,,,,,,,,,,,,,,,,,,9.089
000002,万科A,全国地产,深圳,19910129,000002.SZ,20000615,12.54,12.87,12.52,12.79,12.54,0.25,1.99,50979.0,64806.5932,,,,,,,,,,,,,,,,,,9.089
000002,万科A,全国地产,深圳,19910129,000002.SZ,20000614,12.5,12.72,12.28,12.54,12.46,0.08,0.64,41495.0,51806.4365,,,,,,,,,,,,,,,,,,9.089
000002,万科A,全国地产,深圳,19910129,000002.SZ,20000613,12.3,12.5,12.3,12.46,12.32,0.14,1.14,25961.0,32168.9757,,,,,,,,,,,,,,,,,,9.089
000002,万科A,全国地产,深圳,19910129,000002.SZ,20000612,12.41,12.5,12.15,12.32,12.41,-0.09,-0.73,34247.0,42053.5221,,,,,,,,,,,,,,,,,,9.089
000002,万科A,全国地产,深圳,19910129,000002.SZ,20000609,12.67,13.0,12.4,12.41,12.67,-0.26,-2.05,46884.0,59405.4679,,,,,,,,,,,,,,,,,,9.089
000002,万科A,全国地产,深圳,19910129,000002.SZ,20000608,12.95,13.19,12.5,12.67,12.75,-0.08,-0.63,38321.0,48874.7495,,,,,,,,,,,,,,,,,,9.089
000002,万科A,全国地产,深圳,19910129,000002.SZ,20000607,12.78,12.98,12.6,12.75,12.69,0.06,0.47,68103.0,87226.085,,,,,,,,,,,,,,,,,,9.089
000002,万科A,全国地产,深圳,19910129,000002.SZ,20000606,12.3,12.88,12.2,12.69,12.4,0.29,2.34,68712.0,86746.3966,,,,,,,,,,,,,,,,,,9.089
000002,万科A,全国地产,深圳,19910129,000002.SZ,20000605,12.6,13.0,12.3,12.4,12.6,-0.2,-1.59,71937.0,91311.2541,,,,,,,,,,,,,,,,,,9.089
000002,万科A,全国地产,深圳,19910129,000002.SZ,20000602,12.58,12.79,12.25,12.6,12.56,0.04,0.32,64600.0,80981.2638,,,,,,,,,,,,,,,,,,9.089
000002,万科A,全国地产,深圳,19910129,000002.SZ,20000601,11.99,12.98,11.99,12.56,11.89,0.67,5.64,148744.0,187588.2788,,,,,,,,,,,,,,,,,,9.089
000002,万科A,全国地产,深圳,19910129,000002.SZ,20000531,11.7,12.04,11.6,11.89,11.75,0.14,1.19,34528.0,40904.5767,,,,,,,,,,,,,,,,,,9.089
000002,万科A,全国地产,深圳,19910129,000002.SZ,20000530,12.18,12.2,11.7,11.75,12.09,-0.34,-2.81,49769.0,59098.2654,,,,,,,,,,,,,,,,,,9.089
000002,万科A,全国地产,深圳,19910129,000002.SZ,20000529,12.16,12.3,11.95,12.09,12.0,0.09,0.75,50704.0,61004.7948,,,,,,,,,,,,,,,,,,9.089
000002,万科A,全国地产,深圳,19910129,000002.SZ,20000526,12.06,12.38,11.98,12.0,11.99,0.01,0.08,69319.0,84357.5545,,,,,,,,,,,,,,,,,,9.089
000002,万科A,全国地产,深圳,19910129,000002.SZ,20000525,12.0,12.3,11.86,11.99,11.96,0.03,0.25,48813.0,58679.3421,,,,,,,,,,,,,,,,,,9.089
000002,万科A,全国地产,深圳,19910129,000002.SZ,20000524,11.71,12.3,11.54,11.96,11.7,0.26,2.22,61041.0,73408.6913,,,,,,,,,,,,,,,,,,9.089
000002,万科A,全国地产,深圳,19910129,000002.SZ,20000523,11.86,11.98,11.51,11.7,11.81,-0.11,-0.93,25028.0,29268.0892,,,,,,,,,,,,,,,,,,9.089
000002,万科A,全国地产,深圳,19910129,000002.SZ,20000522,11.35,12.1,11.35,11.81,11.26,0.55,4.88,57622.0,67548.9934,,,,,,,,,,,,,,,,,,9.089
000002,万科A,全国地产,深圳,19910129,000002.SZ,20000519,11.49,11.5,11.2,11.26,11.44,-0.18,-1.57,34241.0,38761.5154,,,,,,,,,,,,,,,,,,9.089
000002,万科A,全国地产,深圳,19910129,000002.SZ,20000518,11.1,11.45,10.95,11.44,11.08,0.36,3.25,22033.0,24804.7804,,,,,,,,,,,,,,,,,,9.089
000002,万科A,全国地产,深圳,19910129,000002.SZ,20000517,11.1,11.32,10.98,11.08,11.1,-0.02,-0.18,19804.0,22070.2167,,,,,,,,,,,,,,,,,,9.089
000002,万科A,全国地产,深圳,19910129,000002.SZ,20000516,10.85,11.21,10.85,11.1,10.81,0.29,2.68,27633.0,30487.5691,,,,,,,,,,,,,,,,,,9.089
000002,万科A,全国地产,深圳,19910129,000002.SZ,20000515,11.2,11.27,10.74,10.81,11.2,-0.39,-3.48,31777.0,34590.7023,,,,,,,,,,,,,,,,,,9.089
000002,万科A,全国地产,深圳,19910129,000002.SZ,20000512,11.32,11.5,11.16,11.2,11.31,-0.11,-0.97,28026.0,31617.2623,,,,,,,,,,,,,,,,,,9.089
000002,万科A,全国地产,深圳,19910129,000002.SZ,20000511,11.6,11.8,11.21,11.31,11.63,-0.32,-2.75,42047.0,48036.3355,,,,,,,,,,,,,,,,,,9.089
000002,万科A,全国地产,深圳,19910129,000002.SZ,20000510,12.05,12.1,11.57,11.63,12.1,-0.47,-3.88,42411.0,49747.0425,,,,,,,,,,,,,,,,,,9.089
000002,万科A,全国地产,深圳,19910129,000002.SZ,20000509,12.3,12.3,12.0,12.1,12.3,-0.2,-1.63,50936.0,61421.1568,,,,,,,,,,,,,,,,,,9.089
000002,万科A,全国地产,深圳,19910129,000002.SZ,20000508,12.5,12.5,12.2,12.3,12.48,-0.18,-1.44,28632.0,35107.3596,,,,,,,,,,,,,,,,,,9.089
000002,万科A,全国地产,深圳,19910129,000002.SZ,20000428,12.22,12.54,12.1,12.48,12.19,0.29,2.38,46147.0,56589.0891,,,,,,,,,,,,,,,,,,9.089
000002,万科A,全国地产,深圳,19910129,000002.SZ,20000427,12.43,12.5,12.09,12.19,12.42,-0.23,-1.85,37903.0,46432.1978,,,,,,,,,,,,,,,,,,9.089
000002,万科A,全国地产,深圳,19910129,000002.SZ,20000426,12.4,12.6,12.34,12.42,12.38,0.04,0.32,31256.0,38867.5364,,,,,,,,,,,,,,,,,,9.089
000002,万科A,全国地产,深圳,19910129,000002.SZ,20000425,12.51,12.6,12.3,12.38,12.51,-0.13,-1.04,48269.0,59825.4268,,,,,,,,,,,,,,,,,,9.089
000002,万科A,全国地产,深圳,19910129,000002.SZ,20000424,12.8,12.83,12.38,12.51,12.87,-0.36,-2.8,60048.0,75470.6337,,,,,,,,,,,,,,,,,,9.089
000002,万科A,全国地产,深圳,19910129,000002.SZ,20000421,12.8,13.16,12.68,12.87,12.8,0.07,0.55,49042.0,63018.1305,,,,,,,,,,,,,,,,,,9.089
000002,万科A,全国地产,深圳,19910129,000002.SZ,20000420,12.8,12.98,12.65,12.8,12.79,0.01,0.08,38236.0,48871.9235,,,,,,,,,,,,,,,,,,9.089
000002,万科A,全国地产,深圳,19910129,000002.SZ,20000419,12.8,12.95,12.56,12.79,12.8,-0.01,-0.08,35193.0,44727.2375,,,,,,,,,,,,,,,,,,9.089
000002,万科A,全国地产,深圳,19910129,000002.SZ,20000418,13.0,13.0,12.7,12.8,12.68,0.12,0.95,26850.0,34514.0,,,,,,,,,,,,,,,,,,9.089
000002,万科A,全国地产,深圳,19910129,000002.SZ,20000417,13.1,13.1,12.53,12.68,13.17,-0.49,-3.72,64500.0,82189.3949,,,,,,,,,,,,,,,,,,9.089
000002,万科A,全国地产,深圳,19910129,000002.SZ,20000414,13.45,13.52,13.1,13.17,13.42,-0.25,-1.86,61705.0,81780.4491,,,,,,,,,,,,,,,,,,9.089
000002,万科A,全国地产,深圳,19910129,000002.SZ,20000413,13.38,13.66,13.1,13.42,12.84,0.58,4.52,115209.0,154526.346,,,,,,,,,,,,,,,,,,9.089
000002,万科A,全国地产,深圳,19910129,000002.SZ,20000412,13.1,13.25,12.78,12.84,13.13,-0.29,-2.21,57178.0,74153.544,,,,,,,,,,,,,,,,,,9.089
000002,万科A,全国地产,深圳,19910129,000002.SZ,20000411,13.45,13.5,13.04,13.13,13.41,-0.28,-2.09,66612.0,88242.4538,,,,,,,,,,,,,,,,,,9.089
000002,万科A,全国地产,深圳,19910129,000002.SZ,20000410,13.1,13.5,12.93,13.41,13.04,0.37,2.84,122633.0,163234.8478,,,,,,,,,,,,,,,,,,9.089
000002,万科A,全国地产,深圳,19910129,000002.SZ,20000407,13.4,13.5,12.9,13.04,13.33,-0.29,-2.18,100700.0,132451.4035,,,,,,,,,,,,,,,,,,9.089
000002,万科A,全国地产,深圳,19910129,000002.SZ,20000406,12.43,13.45,12.28,13.33,12.4,0.93,7.5,189123.0,247471.3501,,,,,,,,,,,,,,,,,,9.089
000002,万科A,全国地产,深圳,19910129,000002.SZ,20000405,12.2,12.48,12.08,12.4,12.27,0.13,1.06,43841.0,53811.7268,,,,,,,,,,,,,,,,,,9.089
000002,万科A,全国地产,深圳,19910129,000002.SZ,20000404,12.5,12.5,12.2,12.27,12.53,-0.26,-2.08,52842.0,65089.6712,,,,,,,,,,,,,,,,,,9.089
000002,万科A,全国地产,深圳,19910129,000002.SZ,20000403,12.7,12.8,12.49,12.53,12.69,-0.16,-1.26,57674.0,72509.8739,,,,,,,,,,,,,,,,,,9.089
000002,万科A,全国地产,深圳,19910129,000002.SZ,20000331,13.05,13.15,12.56,12.69,13.02,-0.33,-2.53,71388.0,90713.0137,,,,,,,,,,,,,,,,,,9.089
000002,万科A,全国地产,深圳,19910129,000002.SZ,20000330,13.0,13.2,12.79,13.02,12.79,0.23,1.8,67114.0,87033.5615,,,,,,,,,,,,,,,,,,9.089
000002,万科A,全国地产,深圳,19910129,000002.SZ,20000329,12.9,13.0,12.5,12.79,12.91,-0.12,-0.93,70166.0,88987.1652,,,,,,,,,,,,,,,,,,9.089
000002,万科A,全国地产,深圳,19910129,000002.SZ,20000328,13.25,13.39,12.83,12.91,13.15,-0.24,-1.83,75508.0,97872.2129,,,,,,,,,,,,,,,,,,9.089
000002,万科A,全国地产,深圳,19910129,000002.SZ,20000327,12.65,13.26,12.5,13.15,12.71,0.44,3.46,111092.0,143869.8291,,,,,,,,,,,,,,,,,,9.089
000002,万科A,全国地产,深圳,19910129,000002.SZ,20000324,12.82,13.3,12.68,12.71,12.79,-0.08,-0.63,105362.0,136857.4737,,,,,,,,,,,,,,,,,,9.089
000002,万科A,全国地产,深圳,19910129,000002.SZ,20000323,12.68,12.86,12.38,12.79,12.68,0.11,0.87,75824.0,95430.0768,,,,,,,,,,,,,,,,,,9.089
000002,万科A,全国地产,深圳,19910129,000002.SZ,20000322,12.88,12.98,12.55,12.68,12.89,-0.21,-1.63,69590.0,88380.2702,,,,,,,,,,,,,,,,,,9.089
000002,万科A,全国地产,深圳,19910129,000002.SZ,20000321,12.74,13.3,12.45,12.89,12.72,0.17,1.34,104462.0,135021.5856,,,,,,,,,,,,,,,,,,9.089
000002,万科A,全国地产,深圳,19910129,000002.SZ,20000320,12.2,12.78,12.0,12.72,12.49,0.23,1.84,82816.0,104111.5956,,,,,,,,,,,,,,,,,,9.089
000002,万科A,全国地产,深圳,19910129,000002.SZ,20000317,11.7,12.6,11.66,12.49,11.88,0.61,5.13,114458.0,140155.3423,,,,,,,,,,,,,,,,,,9.089
000002,万科A,全国地产,深圳,19910129,000002.SZ,20000316,12.7,12.7,11.7,11.88,12.84,-0.96,-7.48,99080.0,120743.652,,,,,,,,,,,,,,,,,,9.089
000002,万科A,全国地产,深圳,19910129,000002.SZ,20000315,12.7,13.1,12.51,12.84,12.72,0.12,0.94,68702.0,87986.4191,,,,,,,,,,,,,,,,,,9.089
000002,万科A,全国地产,深圳,19910129,000002.SZ,20000314,12.99,13.1,12.37,12.72,13.27,-0.55,-4.14,136424.0,172847.2038,,,,,,,,,,,,,,,,,,9.089
000002,万科A,全国地产,深圳,19910129,000002.SZ,20000313,13.1,13.47,12.89,13.27,13.1,0.17,1.3,87897.0,115923.0904,,,,,,,,,,,,,,,,,,9.089
000002,万科A,全国地产,深圳,19910129,000002.SZ,20000310,13.7,13.8,13.02,13.1,13.7,-0.6,-4.38,136777.0,181339.5298,,,,,,,,,,,,,,,,,,9.089
000002,万科A,全国地产,深圳,19910129,000002.SZ,20000309,13.9,14.3,13.3,13.7,13.91,-0.21,-1.51,109227.0,149545.8901,,,,,,,,,,,,,,,,,,9.089
000002,万科A,全国地产,深圳,19910129,000002.SZ,20000308,13.98,14.5,13.5,13.91,13.27,0.64,4.82,108008.0,149959.968,,,,,,,,,,,,,,,,,,9.089
000002,万科A,全国地产,深圳,19910129,000002.SZ,20000307,13.01,13.55,12.85,13.27,13.53,-0.26,-1.92,175538.0,231390.1782,,,,,,,,,,,,,,,,,,9.089
000002,万科A,全国地产,深圳,19910129,000002.SZ,20000306,15.08,15.3,13.53,13.53,15.03,-1.5,-9.98,266290.0,376487.4127,,,,,,,,,,,,,,,,,,9.089
000002,万科A,全国地产,深圳,19910129,000002.SZ,20000303,14.9,15.6,14.9,15.03,14.86,0.17,1.14,274454.0,415473.4101,,,,,,,,,,,,,,,,,,9.089
000002,万科A,全国地产,深圳,19910129,000002.SZ,20000302,15.1,15.78,14.65,14.86,15.4,-0.54,-3.51,258153.0,386845.4326,,,,,,,,,,,,,,,,,,9.089
000002,万科A,全国地产,深圳,19910129,000002.SZ,20000301,15.3,16.25,14.5,15.4,14.83,0.57,3.84,738214.0,1133384.0,,,,,,,,,,,,,,,,,,9.089
000002,万科A,全国地产,深圳,19910129,000002.SZ,20000229,13.55,14.83,13.35,14.83,13.48,1.35,10.01,531592.0,752711.9926,,,,,,,,,,,,,,,,,,9.089
000002,万科A,全国地产,深圳,19910129,000002.SZ,20000228,12.78,14.0,12.68,13.48,12.77,0.71,5.56,303506.0,412764.8267,,,,,,,,,,,,,,,,,,9.089
000002,万科A,全国地产,深圳,19910129,000002.SZ,20000225,13.1,13.23,12.6,12.77,13.07,-0.3,-2.3,169306.0,217975.9595,,,,,,,,,,,,,,,,,,9.089
000002,万科A,全国地产,深圳,19910129,000002.SZ,20000224,12.98,13.4,12.6,13.07,12.95,0.12,0.93,209095.0,271381.1213,,,,,,,,,,,,,,,,,,9.089
000002,万科A,全国地产,深圳,19910129,000002.SZ,20000223,13.0,13.49,12.01,12.95,12.48,0.47,3.77,378923.0,488856.8065,,,,,,,,,,,,,,,,,,9.089
000002,万科A,全国地产,深圳,19910129,000002.SZ,20000222,13.8,14.6,12.3,12.48,13.31,-0.83,-6.24,619034.0,849988.9622,,,,,,,,,,,,,,,,,,9.089
000002,万科A,全国地产,深圳,19910129,000002.SZ,20000221,12.36,13.31,12.36,13.31,12.1,1.21,10.0,511459.0,664003.8113,,,,,,,,,,,,,,,,,,9.089
000002,万科A,全国地产,深圳,19910129,000002.SZ,20000218,12.97,12.97,11.5,12.1,12.3,-0.2,-1.63,393038.0,477752.2122,,,,,,,,,,,,,,,,,,9.089
000002,万科A,全国地产,深圳,19910129,000002.SZ,20000217,11.25,12.3,11.25,12.3,11.18,1.12,10.02,618961.0,755836.6403,,,,,,,,,,,,,,,,,,9.089
000002,万科A,全国地产,深圳,19910129,000002.SZ,20000216,10.98,11.5,10.5,11.18,11.25,-0.07,-0.62,141667.0,155526.7422,,,,,,,,,,,,,,,,,,9.089
000002,万科A,全国地产,深圳,19910129,000002.SZ,20000215,11.51,12.2,10.96,11.25,11.48,-0.23,-2.0,184552.0,212158.1769,,,,,,,,,,,,,,,,,,9.089
000002,万科A,全国地产,深圳,19910129,000002.SZ,20000214,10.81,11.59,10.81,11.48,10.55,0.93,8.82,111663.0,125564.29,,,,,,,,,,,,,,,,,,9.089
000002,万科A,全国地产,深圳,19910129,000002.SZ,20000128,10.18,10.78,10.16,10.55,10.18,0.37,3.63,62411.0,65620.9698,,,,,,,,,,,,,,,,,,9.089
000002,万科A,全国地产,深圳,19910129,000002.SZ,20000127,10.24,10.4,10.03,10.18,10.14,0.04,0.39,34508.0,35209.509,,,,,,,,,,,,,,,,,,9.089
000002,万科A,全国地产,深圳,19910129,000002.SZ,20000126,10.15,10.29,10.05,10.14,10.28,-0.14,-1.36,19184.0,19407.9866,,,,,,,,,,,,,,,,,,9.089
000002,万科A,全国地产,深圳,19910129,000002.SZ,20000125,9.9,10.75,9.89,10.28,9.89,0.39,3.94,46071.0,47783.8324,,,,,,,,,,,,,,,,,,9.089
000002,万科A,全国地产,深圳,19910129,000002.SZ,20000124,10.07,10.1,9.8,9.89,10.08,-0.19,-1.88,53379.0,52657.3114,,,,,,,,,,,,,,,,,,9.089
000002,万科A,全国地产,深圳,19910129,000002.SZ,20000121,10.3,10.36,9.98,10.08,10.28,-0.2,-1.95,48987.0,49518.5264,,,,,,,,,,,,,,,,,,9.089
000002,万科A,全国地产,深圳,19910129,000002.SZ,20000120,10.06,10.4,10.0,10.28,10.1,0.18,1.78,32328.0,32860.8019,,,,,,,,,,,,,,,,,,9.089
000002,万科A,全国地产,深圳,19910129,000002.SZ,20000119,10.0,10.27,9.95,10.1,10.0,0.1,1.0,16990.0,17129.0178,,,,,,,,,,,,,,,,,,9.089
000002,万科A,全国地产,深圳,19910129,000002.SZ,20000118,10.33,10.39,9.94,10.0,10.36,-0.36,-3.47,26571.0,26768.8194,,,,,,,,,,,,,,,,,,9.089
000002,万科A,全国地产,深圳,19910129,000002.SZ,20000117,9.99,10.4,9.73,10.36,10.03,0.33,3.29,22500.0,22843.516,,,,,,,,,,,,,,,,,,9.089
000002,万科A,全国地产,深圳,19910129,000002.SZ,20000114,10.6,10.6,10.0,10.03,10.44,-0.41,-3.93,18015.0,18242.9698,,,,,,,,,,,,,,,,,,9.089
000002,万科A,全国地产,深圳,19910129,000002.SZ,20000113,10.39,10.7,10.35,10.44,10.46,-0.02,-0.19,27679.0,29140.9464,,,,,,,,,,,,,,,,,,9.089
000002,万科A,全国地产,深圳,19910129,000002.SZ,20000112,10.79,11.12,10.39,10.46,10.84,-0.38,-3.51,46986.0,50058.5546,,,,,,,,,,,,,,,,,,9.089
000002,万科A,全国地产,深圳,19910129,000002.SZ,20000111,11.6,11.7,10.65,10.84,11.44,-0.6,-5.24,111362.0,125253.8955,,,,,,,,,,,,,,,,,,9.089
000002,万科A,全国地产,深圳,19910129,000002.SZ,20000110,10.68,11.44,10.55,11.44,10.4,1.04,10.0,142425.0,159259.0559,,,,,,,,,,,,,,,,,,9.089
000002,万科A,全国地产,深圳,19910129,000002.SZ,20000107,10.58,11.0,10.46,10.99,10.51,0.48,4.57,136349.0,147505.7488,,,,,,,,,,,,,,,,,,9.089
000002,万科A,全国地产,深圳,19910129,000002.SZ,20000106,10.0,10.6,9.85,10.51,10.04,0.47,4.68,71920.0,74244.3467,,,,,,,,,,,,,,,,,,9.089
000002,万科A,全国地产,深圳,19910129,000002.SZ,20000105,10.35,10.45,10.0,10.04,10.3,-0.26,-2.52,46137.0,47348.0027,,,,,,,,,,,,,,,,,,9.089
000002,万科A,全国地产,深圳,19910129,000002.SZ,20000104,9.8,10.4,9.6,10.3,9.75,0.55,5.64,45747.0,46053.4516,,,,,,,,,,,,,,,,,,9.089
