股票代码,名称,所属行业,地域,上市日期,TS代码,交易日期,开盘价,最高价,最低价,收盘价,前收盘价,涨跌额,涨跌幅(%),成交量(手),成交额(千元),换手率(%),换手率(自由流通股),量比,市盈率,"市盈率(TTM,亏损的PE为空)",市净率,市销率,市销率(TTM),股息率(%),股息率(TTM)(%),总股本(万股),流通股本(万股),自由流通股本(万股),总市值(万元),流通市值(万元),今日涨停价,今日跌停价,复权因子
600150,中国船舶,船舶,上海,19980520,600150.SH,20251205,33.56,33.89,33.48,33.77,33.5,0.27,0.806,397738.21,1340479.57,0.5285,0.7477,0.79,70.3184,35.3205,1.8007,3.234,1.9577,0.352,0.44,752562.1288,752562.1288,531929.7679,25414023.0896,25414023.0896,36.85,30.15,3.3564
600150,中国船舶,船舶,上海,19980520,600150.SH,20251204,33.7,33.82,33.32,33.5,33.83,-0.33,-0.9755,497779.5,1668661.789,0.6614,0.9358,1.02,69.7562,35.0381,1.7863,3.2081,1.942,0.3548,0.4435,752562.1288,752562.1288,531929.7679,25210831.3148,25210831.3148,37.21,30.45,3.3564
600150,中国船舶,船舶,上海,19980520,600150.SH,20251203,34.21,34.34,33.83,33.83,34.36,-0.53,-1.5425,592070.84,2012876.454,0.7867,1.1131,1.13,70.4433,35.3832,1.8039,3.2397,1.9611,0.3513,0.4392,752562.1288,752562.1288,531929.7679,25459176.8173,25459176.8173,37.8,30.92,3.3564
600150,中国船舶,船舶,上海,19980520,600150.SH,20251202,34.37,34.65,34.27,34.36,34.34,0.02,0.0582,520463.64,1793068.653,0.6916,0.9784,0.84,71.5469,35.9376,1.8321,3.2905,1.9919,0.3459,0.4324,752562.1288,752562.1288,531929.7679,25858034.7456,25858034.7456,37.77,30.91,3.3564
600150,中国船舶,船舶,上海,19980520,600150.SH,20251201,34.26,34.43,34.16,34.34,34.37,-0.03,-0.0873,434066.56,1488411.462,0.5768,0.816,0.53,71.5053,35.9166,1.8311,3.2886,1.9907,0.3461,0.4327,752562.1288,752562.1288,531929.7679,25842983.503,25842983.503,37.81,30.93,3.3564
600150,中国船舶,船舶,上海,19980520,600150.SH,20251128,34.16,34.55,34.07,34.37,34.14,0.23,0.6737,469272.85,1609482.472,0.6236,0.8822,0.53,71.5678,35.948,1.8326,3.2914,1.9924,0.3458,0.4323,752562.1288,752562.1288,531929.7679,25865560.3669,25865560.3669,37.55,30.73,3.3564
600150,中国船舶,船舶,上海,19980520,600150.SH,20251127,34.2,34.31,34.09,34.14,34.23,-0.09,-0.2629,412672.59,1411025.642,0.5484,0.7758,0.45,71.0888,35.7075,1.8204,3.2694,1.9791,0.3482,0.4352,752562.1288,752562.1288,531929.7679,25692471.0772,25692471.0772,37.65,30.81,3.3564
600150,中国船舶,船舶,上海,19980520,600150.SH,20251126,34.76,34.78,34.11,34.23,34.93,-0.7,-2.004,781561.62,2681298.507,1.0385,1.4693,0.79,71.2762,35.8016,1.8252,3.278,1.9843,0.3472,0.434,752562.1288,752562.1288,531929.7679,25760201.6688,25760201.6688,38.42,31.44,3.3564
600150,中国船舶,船舶,上海,19980520,600150.SH,20251125,35.3,35.31,34.81,34.93,35.49,-0.56,-1.5779,993883.33,3480239.756,1.3207,1.8684,1.1,72.7338,36.5337,1.8625,3.3451,2.0249,0.3403,0.4253,752562.1288,752562.1288,531929.7679,26286995.159,26286995.159,39.04,31.94,3.3564
600150,中国船舶,船舶,上海,19980520,600150.SH,20251124,34.17,35.5,34.1,35.49,34.26,1.23,3.5902,1425619.36,5022874.99,1.8944,2.6801,1.84,73.8999,37.1194,1.8924,3.3987,2.0574,0.3349,0.4186,752562.1288,752562.1288,531929.7679,26708429.9511,26708429.9511,37.69,30.83,3.3564
600150,中国船舶,船舶,上海,19980520,600150.SH,20251121,34.2,34.83,33.95,34.26,34.41,-0.15,-0.4359,841279.0,2893438.169,1.1179,1.5816,1.24,71.3387,35.833,1.8268,3.2809,1.9861,0.3469,0.4337,752562.1288,752562.1288,531929.7679,25782778.5327,25782778.5327,37.85,30.97,3.3564
600150,中国船舶,船舶,上海,19980520,600150.SH,20251120,34.7,34.82,34.4,34.41,34.98,-0.57,-1.6295,586292.56,2027413.076,0.7791,1.1022,0.9,71.6511,35.9899,1.8348,3.2953,1.9948,0.3454,0.4318,752562.1288,752562.1288,531929.7679,25895662.852,25895662.852,38.48,31.48,3.3564
600150,中国船舶,船舶,上海,19980520,600150.SH,20251119,34.03,35.05,33.93,34.98,34.02,0.96,2.8219,1106139.54,3835089.991,1.4698,2.0795,2.01,72.838,36.586,1.8652,3.3499,2.0278,0.3398,0.4247,752562.1288,752562.1288,531929.7679,26324623.2654,26324623.2654,37.42,30.62,3.3564
600150,中国船舶,船舶,上海,19980520,600150.SH,20251118,34.64,34.64,34.0,34.02,34.65,-0.63,-1.8182,558126.18,1904806.034,0.7416,1.0492,0.96,70.839,35.582,1.814,3.2579,1.9721,0.3494,0.4367,752562.1288,752562.1288,531929.7679,25602163.6218,25602163.6218,38.12,31.19,3.3564
600150,中国船舶,船舶,上海,19980520,600150.SH,20251117,34.8,35.18,34.58,34.65,34.31,0.34,0.991,786772.06,2745152.466,1.0455,1.4791,1.29,72.1508,36.2409,1.8476,3.3183,2.0087,0.343,0.4288,752562.1288,752562.1288,531929.7679,26076277.7629,26076277.7629,37.74,30.88,3.3564
600150,中国船舶,船舶,上海,19980520,600150.SH,20251114,34.47,34.61,34.3,34.31,34.6,-0.29,-0.8382,357150.83,1230096.936,0.4746,0.6714,0.45,71.4428,35.8853,1.8295,3.2857,1.989,0.3464,0.433,752562.1288,752562.1288,531929.7679,25820406.6391,25820406.6391,38.06,31.14,3.3564
600150,中国船舶,船舶,上海,19980520,600150.SH,20251113,34.46,34.62,34.43,34.6,34.46,0.14,0.4063,462701.33,1597057.163,0.6148,0.8699,0.56,72.0467,36.1886,1.8449,3.3135,2.0058,0.3435,0.4294,752562.1288,752562.1288,531929.7679,26038649.6565,26038649.6565,37.91,31.01,3.3564
600150,中国船舶,船舶,上海,19980520,600150.SH,20251112,34.78,34.78,34.27,34.46,34.82,-0.36,-1.0339,589558.76,2034250.979,0.7834,1.1083,0.71,71.7552,36.0422,1.8374,3.3001,1.9977,0.3449,0.4311,752562.1288,752562.1288,531929.7679,25933290.9584,25933290.9584,38.3,31.34,3.3564
600150,中国船舶,船舶,上海,19980520,600150.SH,20251111,35.38,35.59,34.81,34.82,35.23,-0.41,-1.1638,708096.05,2482598.563,0.9409,1.3312,0.86,72.5048,36.4187,1.8566,3.3345,2.0185,0.3414,0.4267,752562.1288,752562.1288,531929.7679,26204213.3248,26204213.3248,38.75,31.71,3.3564
600150,中国船舶,船舶,上海,19980520,600150.SH,20251110,35.66,35.66,34.92,35.23,35.81,-0.58,-1.6197,937583.84,3301620.7,1.2459,1.7626,1.19,73.3585,36.8475,1.8785,3.3738,2.0423,0.3374,0.4217,752562.1288,752562.1288,531929.7679,26512763.7976,26512763.7976,39.39,32.23,3.3564
600150,中国船舶,船舶,上海,19980520,600150.SH,20251107,35.96,36.85,35.8,35.81,35.95,-0.14,-0.3894,1286002.7,4665225.397,1.7088,2.4176,1.85,74.5662,37.4541,1.9094,3.4293,2.0759,0.3319,0.4149,752562.1288,752562.1288,531929.7679,26949249.8323,26949249.8323,39.55,32.36,3.3564
600150,中国船舶,船舶,上海,19980520,600150.SH,20251106,36.09,36.25,35.84,35.95,36.15,-0.2,-0.5533,602283.42,2169120.474,0.8003,1.1323,0.81,74.8578,37.6006,1.9169,3.4427,2.084,0.3306,0.4133,752562.1288,752562.1288,531929.7679,27054608.5304,27054608.5304,39.77,32.54,3.3564
600150,中国船舶,船舶,上海,19980520,600150.SH,20251105,35.91,36.44,35.71,36.15,36.25,-0.1,-0.2759,591952.97,2132078.051,0.7866,1.1128,0.75,75.2742,37.8098,1.9276,3.4619,2.0956,0.3288,0.411,752562.1288,752562.1288,531929.7679,27205120.9561,27205120.9561,39.88,32.63,3.3564
600150,中国船舶,船舶,上海,19980520,600150.SH,20251104,36.46,36.55,35.88,36.25,36.43,-0.18,-0.4941,696234.45,2516221.899,0.9252,1.3089,0.84,75.4824,37.9143,1.9329,3.4715,2.1014,0.3279,0.4099,752562.1288,752562.1288,531929.7679,27280377.169,27280377.169,40.07,32.79,3.3564
600150,中国船舶,船舶,上海,19980520,600150.SH,20251103,35.8,36.49,35.73,36.43,35.9,0.53,1.4763,760573.52,2750681.094,1.0106,1.4298,0.82,75.8572,38.1026,1.9425,3.4887,2.1119,0.3263,0.4078,752562.1288,752562.1288,531929.7679,27415838.3522,27415838.3522,39.49,32.31,3.3564
600150,中国船舶,船舶,上海,19980520,600150.SH,20251031,36.41,36.76,35.86,35.9,36.04,-0.14,-0.3885,829802.61,3004785.928,1.1026,1.56,0.92,74.7536,37.5483,1.9142,3.438,2.0811,0.3311,0.4139,752562.1288,752562.1288,531929.7679,27016980.4239,27016980.4239,39.64,32.44,3.3564
600150,中国船舶,船舶,上海,19980520,600150.SH,20251030,36.67,36.68,36.02,36.04,36.73,-0.69,-1.8786,850832.36,3090251.247,1.1306,1.5995,1.02,75.0452,37.6947,1.9217,3.4514,2.0892,0.3298,0.4122,752562.1288,752562.1288,531929.7679,27122339.122,27122339.122,40.4,33.06,3.3564
600150,中国船舶,船舶,上海,19980520,600150.SH,20251029,36.66,36.8,36.34,36.73,36.62,0.11,0.3004,794833.9,2907662.042,1.0562,1.4942,0.96,76.4819,38.4164,1.9585,3.5174,2.1292,0.3236,0.4045,752562.1288,752562.1288,531929.7679,27641606.9908,27641606.9908,40.28,32.96,3.3564
600150,中国船舶,船舶,上海,19980520,600150.SH,20251028,36.5,36.85,36.28,36.62,36.55,0.07,0.1915,898147.94,3283349.399,1.1935,1.704,0.95,76.2529,53.5354,1.6451,3.5069,3.3246,0.3246,0.4057,752562.1288,752562.1288,527073.8924,27558825.1567,27558825.1567,40.21,32.9,3.3564
600150,中国船舶,船舶,上海,19980520,600150.SH,20251027,36.2,36.97,36.17,36.55,35.72,0.83,2.3236,1277787.4,4677325.352,1.6979,2.4243,1.59,76.1071,53.4331,1.642,3.5002,3.3183,0.3252,0.4065,752562.1288,752562.1288,527073.8924,27506145.8076,27506145.8076,39.29,32.15,3.3564
600150,中国船舶,船舶,上海,19980520,600150.SH,20251024,35.47,36.07,35.47,35.72,35.45,0.27,0.7616,669270.99,2397727.768,0.8893,1.2698,0.81,74.3788,52.2197,1.6047,3.4207,3.2429,0.3328,0.4159,752562.1288,752562.1288,527073.8924,26881519.2407,26881519.2407,39.0,31.91,3.3564
600150,中国船舶,船舶,上海,19980520,600150.SH,20251023,35.63,35.68,35.07,35.45,35.65,-0.2,-0.561,528288.19,1863118.496,0.702,1.0023,0.62,73.8166,51.825,1.5926,3.3949,3.2184,0.3353,0.4191,752562.1288,752562.1288,527073.8924,26678327.466,26678327.466,39.22,32.09,3.3564
600150,中国船舶,船舶,上海,19980520,600150.SH,20251022,36.0,36.18,35.55,35.65,36.29,-0.64,-1.7636,771880.94,2762309.35,1.0257,1.4645,0.9,74.2331,52.1174,1.6016,3.414,3.2366,0.3334,0.4168,752562.1288,752562.1288,527073.8924,26828839.8917,26828839.8917,39.92,32.66,3.3564
600150,中国船舶,船舶,上海,19980520,600150.SH,20251021,35.31,36.5,35.31,36.29,34.89,1.4,4.0126,1497434.32,5410392.089,1.9898,2.841,1.89,75.5657,53.053,1.6303,3.4753,3.2947,0.3275,0.4094,752562.1288,752562.1288,527073.8924,27310479.6542,27310479.6542,38.38,31.4,3.3564
600150,中国船舶,船舶,上海,19980520,600150.SH,20251020,34.8,35.28,34.58,34.89,34.66,0.23,0.6636,552672.81,1933864.079,0.7344,1.0486,0.65,72.6505,51.0063,1.5674,3.3412,3.1676,0.3407,0.4258,752562.1288,752562.1288,527073.8924,26256892.6738,26256892.6738,38.13,31.19,3.3564
600150,中国船舶,船舶,上海,19980520,600150.SH,20251017,35.26,35.61,34.6,34.66,35.29,-0.63,-1.7852,800893.08,2817009.251,1.0642,1.5195,0.93,72.1716,50.6701,1.5571,3.3192,3.1467,0.3429,0.4287,752562.1288,752562.1288,527073.8924,26083803.3842,26083803.3842,38.82,31.76,3.3564
600150,中国船舶,船舶,上海,19980520,600150.SH,20251016,35.26,35.64,35.13,35.29,35.33,-0.04,-0.1132,664833.98,2351300.337,0.8834,1.2614,,73.4835,51.5911,1.5854,3.3795,3.2039,0.3368,0.421,752562.1288,752562.1288,527073.8924,26557917.5254,26557917.5254,38.86,31.8,3.3564
600150,中国船舶,船舶,上海,19980520,600150.SH,20251015,35.29,35.35,34.78,35.33,35.29,0.04,0.1133,779657.19,2734166.118,1.036,1.4792,0.82,73.5667,51.6495,1.5872,3.3834,3.2075,0.3364,0.4205,752562.1288,752562.1288,527073.8924,26588020.0105,26588020.0105,38.82,31.76,3.3564
600150,中国船舶,船舶,上海,19980520,600150.SH,20251014,34.99,35.8,34.93,35.29,34.69,0.6,1.7296,1172838.72,4144919.46,1.5585,2.2252,1.33,73.4835,51.5911,1.5854,3.3795,3.2039,0.3368,0.421,752562.1288,752562.1288,527073.8924,26557917.5254,26557917.5254,38.16,31.22,3.3564
600150,中国船舶,船舶,上海,19980520,600150.SH,20251013,34.0,34.83,33.83,34.69,34.95,-0.26,-0.7439,808580.2,2781594.904,1.0744,1.5341,0.96,72.2341,50.7139,1.5584,3.3221,3.1494,0.3426,0.4283,752562.1288,752562.1288,527073.8924,26106380.2481,26106380.2481,38.45,31.46,3.3564
600150,中国船舶,船舶,上海,19980520,600150.SH,20251010,35.03,35.29,34.85,34.95,35.04,-0.09,-0.2568,862229.0,3020892.417,1.1457,1.6359,1.1,72.7755,51.094,1.5701,3.347,3.173,0.3401,0.4251,752562.1288,752562.1288,527073.8924,26302046.4016,26302046.4016,38.54,31.54,3.3564
600150,中国船舶,船舶,上海,19980520,600150.SH,20251009,34.47,35.05,34.25,35.04,34.6,0.44,1.2717,1031166.44,3584704.121,1.3702,1.9564,1.49,72.9629,51.2256,1.5741,3.3556,3.1812,0.3392,0.424,752562.1288,752562.1288,527073.8924,26369776.9932,26369776.9932,38.06,31.14,3.3564
600150,中国船舶,船舶,上海,19980520,600150.SH,20250930,34.65,34.84,34.41,34.6,34.57,0.03,0.0868,865588.52,2995035.089,1.1502,1.6423,1.3,72.0467,50.5823,1.5544,3.3135,3.1412,0.3435,0.4294,752562.1288,752562.1288,527073.8924,26038649.6565,26038649.6565,38.03,31.11,3.3564
600150,中国船舶,船舶,上海,19980520,600150.SH,20250929,34.75,35.17,34.33,34.57,34.9,-0.33,-0.9456,841153.42,2920920.906,1.1177,1.5959,1.21,71.9842,50.5385,1.553,3.3106,3.1385,0.3438,0.4298,752562.1288,752562.1288,527073.8924,26016072.7926,26016072.7926,38.39,31.41,3.3564
600150,中国船舶,船舶,上海,19980520,600150.SH,20250926,34.8,35.4,34.69,34.9,34.89,0.01,0.0287,598119.37,2098546.761,0.7948,1.1348,0.84,72.6714,51.0209,1.5679,3.3422,3.1685,0.3406,0.4257,752562.1288,752562.1288,527073.8924,26264418.2951,26264418.2951,38.38,31.4,3.3564
600150,中国船舶,船舶,上海,19980520,600150.SH,20250925,34.97,35.08,34.72,34.89,35.19,-0.3,-0.8525,597999.02,2087403.822,0.7946,1.1346,0.65,72.6505,51.0063,1.5674,3.3412,3.1676,0.3407,0.4258,752562.1288,752562.1288,527073.8924,26256892.6738,26256892.6738,38.71,31.67,3.3564
600150,中国船舶,船舶,上海,19980520,600150.SH,20250924,34.8,35.34,34.78,35.19,35.07,0.12,0.3422,554119.21,1946398.102,0.7363,1.0513,0.51,73.2752,51.4449,1.5809,3.37,3.1948,0.3378,0.4222,752562.1288,752562.1288,527073.8924,26482661.3125,26482661.3125,38.58,31.56,3.3564
600150,中国船舶,船舶,上海,19980520,600150.SH,20250923,35.8,35.8,34.82,35.07,35.77,-0.7,-1.9569,744907.35,2620433.63,0.9898,1.4133,0.61,73.0254,51.2694,1.5755,3.3585,3.1839,0.3389,0.4236,752562.1288,752562.1288,527073.8924,26392353.857,26392353.857,39.35,32.19,3.3564
600150,中国船舶,船舶,上海,19980520,600150.SH,20250922,35.21,35.8,34.53,35.77,35.21,0.56,1.5905,994574.25,3493233.666,1.3216,1.887,0.84,74.4829,52.2928,1.6069,3.4255,3.2475,0.3323,0.4154,752562.1288,752562.1288,527073.8924,26919147.3472,26919147.3472,38.73,31.69,3.3564
600150,中国船舶,船舶,上海,19980520,600150.SH,20250919,35.15,35.48,35.07,35.21,35.25,-0.04,-0.1135,675691.61,2383026.117,0.8979,1.282,0.57,73.3169,51.4741,1.5818,3.3719,3.1966,0.3376,0.422,752562.1288,752562.1288,527073.8924,26497712.555,26497712.555,38.78,31.73,3.3564
600150,中国船舶,船舶,上海,19980520,600150.SH,20250918,35.9,36.45,35.0,35.25,36.07,-0.82,-2.2734,1621817.14,5797414.94,2.1551,3.077,1.64,73.4002,51.5326,1.5836,3.3757,3.2003,0.3372,0.4215,752562.1288,752562.1288,527073.8924,26527815.0402,26527815.0402,39.68,32.46,3.3564
600150,中国船舶,船舶,上海,19980520,600150.SH,20250917,37.0,37.0,36.02,36.07,37.04,-0.97,-2.6188,1356587.8,4919033.716,1.8026,2.5738,1.59,75.1076,52.7314,1.6204,3.4542,3.2747,0.3295,0.4119,752562.1288,752562.1288,527073.8924,27144915.9858,27144915.9858,40.74,33.34,3.3564
600150,中国船舶,船舶,上海,19980520,600150.SH,20250916,38.07,38.07,36.88,37.04,38.51,-1.47,-3.8172,1449713.9,5409508.765,1.9264,2.7505,2.09,77.1274,54.1494,1.664,3.5471,3.3628,0.3209,0.4011,752562.1288,752562.1288,527073.8924,27874901.2508,27874901.2508,42.36,34.66,3.3564
600150,中国船舶,船舶,上海,19980520,600150.SH,20250915,38.01,38.8,37.55,38.51,38.02,0.49,1.2888,837630.0,3195002.704,1.8729,3.7773,1.15,80.1884,56.2984,5.4942,3.6879,3.4962,0.3086,0.3858,752562.1288,447242.8758,221754.6394,28981167.5801,17223323.1471,41.82,34.22,3.3564
600150,中国船舶,船舶,上海,19980520,600150.SH,20250912,38.12,38.67,37.89,38.02,37.93,0.09,0.2373,636045.64,2428179.937,1.4221,2.8682,0.7,79.1681,55.5821,5.4243,3.641,3.4517,0.3126,0.3908,752562.1288,447242.8758,221754.6394,28612412.137,17004174.1379,41.72,34.14,3.3564
600150,中国船舶,船舶,上海,19980520,600150.SH,20250911,37.85,37.97,37.28,37.93,37.98,-0.05,-0.1316,673732.19,2535699.687,1.5064,3.0382,0.62,46.9377,32.9539,3.216,2.1587,2.0465,0.5273,0.6591,447242.8758,447242.8758,221754.6394,16963922.2791,16963922.2791,41.78,34.18,3.3564
600150,中国船舶,船舶,上海,19980520,600150.SH,20250910,37.71,38.29,37.28,37.98,37.84,0.14,0.37,658958.28,2485791.686,1.4734,2.9716,0.56,46.9996,32.9973,3.2202,2.1615,2.0492,0.5266,0.6582,447242.8758,447242.8758,221754.6394,16986284.4229,16986284.4229,41.62,34.06,3.3564
600150,中国船舶,船舶,上海,19980520,600150.SH,20250909,38.16,38.48,37.73,37.84,38.38,-0.54,-1.407,662253.54,2519606.364,1.4807,2.9864,0.53,46.8263,32.8757,3.2084,2.1536,2.0416,0.5285,0.6607,447242.8758,447242.8758,221754.6394,16923670.4203,16923670.4203,42.22,34.54,3.3564
600150,中国船舶,船舶,上海,19980520,600150.SH,20250908,39.17,39.19,38.19,38.38,39.46,-1.08,-2.7369,1023512.73,3943826.696,2.2885,4.6155,0.74,47.4946,33.3449,3.2542,2.1843,2.0708,0.5211,0.6514,447242.8758,447242.8758,221754.6394,17165181.5732,17165181.5732,43.41,35.51,3.3564
600150,中国船舶,船舶,上海,19980520,600150.SH,20250905,38.56,39.56,38.2,39.46,38.53,0.93,2.4137,1551131.04,6057185.815,3.4682,6.9948,1.19,48.8311,34.2832,3.3457,2.2458,2.129,0.5068,0.6336,447242.8758,447242.8758,221754.6394,17648203.8791,17648203.8791,42.38,34.68,3.3564
600150,中国船舶,船舶,上海,19980520,600150.SH,20250904,37.3,38.85,37.05,38.53,37.52,1.01,2.6919,1501007.26,5744407.099,3.3561,6.7688,1.27,47.6802,33.4752,3.2669,2.1928,2.0789,0.5191,0.6488,447242.8758,447242.8758,221754.6394,17232268.0046,17232268.0046,41.27,33.77,3.3564
600150,中国船舶,船舶,上海,19980520,600150.SH,20250903,38.84,38.93,37.02,37.52,38.45,-0.93,-2.4187,1171545.38,4448319.013,2.6195,5.2831,1.02,46.4303,32.5977,3.1812,2.1354,2.0244,0.533,0.6663,447242.8758,447242.8758,221754.6394,16780552.7,16780552.7,42.3,34.61,3.3564
600150,中国船舶,船舶,上海,19980520,600150.SH,20250902,38.92,38.94,37.88,38.45,38.92,-0.47,-1.2076,1030939.46,3956275.559,2.3051,4.649,0.9,47.5812,33.4057,3.2601,2.1883,2.0745,0.5202,0.6502,447242.8758,447242.8758,221754.6394,17196488.5745,17196488.5745,42.81,35.03,3.3564
600150,中国船舶,船舶,上海,19980520,600150.SH,20250901,37.78,39.15,37.25,38.92,37.38,1.54,4.1199,1642589.93,6257993.978,3.6727,7.4072,1.52,48.1628,33.814,3.2999,2.215,2.0999,0.5139,0.6423,447242.8758,447242.8758,221754.6394,17406692.7261,17406692.7261,41.12,33.64,3.3564
600150,中国船舶,船舶,上海,19980520,600150.SH,20250829,36.84,37.55,36.78,37.38,36.82,0.56,1.5209,1158858.51,4312944.164,2.5911,5.2259,1.09,46.2571,38.5207,3.2834,2.1274,2.1116,0.535,0.6688,447242.8758,447242.8758,221754.6394,16717938.6974,16717938.6974,40.5,33.14,3.3564
600150,中国船舶,船舶,上海,19980520,600150.SH,20250828,36.49,36.83,35.88,36.82,36.54,0.28,0.7663,899410.71,3271592.006,2.011,4.0559,0.83,45.5641,37.9436,3.2342,2.0955,2.08,0.5432,0.679,447242.8758,447242.8758,221754.6394,16467482.687,16467482.687,40.19,32.89,3.3564
600150,中国船舶,船舶,上海,19980520,600150.SH,20250827,36.9,37.38,36.52,36.54,36.9,-0.36,-0.9756,983190.3,3628721.765,2.1983,4.4337,0.83,45.2176,37.6551,3.2096,2.0796,2.0641,0.5473,0.6842,447242.8758,447242.8758,221754.6394,16342254.6817,16342254.6817,40.59,33.21,3.3564
600150,中国船舶,船舶,上海,19980520,600150.SH,20250826,37.53,37.53,36.9,36.9,37.43,-0.53,-1.416,1028288.08,3805108.889,2.2992,4.6371,0.7,45.6631,38.0261,3.2413,2.1001,2.0845,0.542,0.6775,447242.8758,447242.8758,221754.6394,16503262.117,16503262.117,41.17,33.69,3.3564
600150,中国船舶,船舶,上海,19980520,600150.SH,20250825,36.96,38.02,36.95,37.43,36.93,0.5,1.3539,1332769.45,5001761.975,2.98,6.0101,0.87,46.319,38.5722,3.2878,2.1302,2.1144,0.5343,0.6679,447242.8758,447242.8758,221754.6394,16740300.8412,16740300.8412,40.62,33.24,3.3564
600150,中国船舶,船舶,上海,19980520,600150.SH,20250822,36.72,37.03,36.25,36.93,36.72,0.21,0.5719,1094617.78,4011411.993,2.4475,4.9362,0.68,45.7002,38.057,3.2439,2.1018,2.0862,0.5416,0.677,447242.8758,447242.8758,221754.6394,16516679.4033,16516679.4033,40.39,33.05,3.3565
600150,中国船舶,船舶,上海,19980520,600150.SH,20250821,37.1,37.3,36.6,36.72,37.1,-0.38,-1.0243,953611.6,3510340.745,2.1322,4.3003,0.55,45.4403,37.8406,3.2254,2.0898,2.0743,0.5447,0.6808,447242.8758,447242.8758,221754.6394,16422758.3994,16422758.3994,40.81,33.39,3.3565
600150,中国船舶,船舶,上海,19980520,600150.SH,20250820,37.89,37.9,35.5,37.1,38.38,-1.28,-3.3351,1529543.36,5648426.473,3.4199,6.8975,0.81,45.9106,38.2322,3.2588,2.1115,2.0958,0.5391,0.6739,447242.8758,447242.8758,221754.6394,16592710.6922,16592710.6922,42.22,34.54,3.3565
600150,中国船舶,船舶,上海,19980520,600150.SH,20250819,40.98,40.98,38.38,38.38,38.5,-0.12,-0.3117,2474327.77,9759054.262,5.5324,11.158,1.34,47.4946,39.5512,3.3713,2.1843,2.1681,0.5211,0.6514,447242.8758,447242.8758,221754.6394,17165181.5732,17165181.5732,42.35,34.65,3.3565
600150,中国船舶,船舶,上海,19980520,600150.SH,20250812,37.88,39.23,37.2,38.5,37.88,0.62,1.6367,1583927.99,6063671.86,3.5415,7.1427,0.92,47.6431,39.6749,3.3818,2.1911,2.1749,0.5195,0.6494,447242.8758,447242.8758,221754.6394,17218850.7183,17218850.7183,41.67,34.09,3.3564
600150,中国船舶,船舶,上海,19980520,600150.SH,20250811,39.15,39.25,37.8,37.88,38.99,-1.11,-2.8469,1483287.39,5649500.009,3.3165,6.6889,0.98,46.8758,39.036,3.3273,2.1558,2.1398,0.528,0.66,447242.8758,447242.8758,221754.6394,16941560.1353,16941560.1353,42.89,35.09,3.3564
600150,中国船舶,船舶,上海,19980520,600150.SH,20250808,38.5,39.99,38.3,38.99,38.6,0.39,1.0104,1530248.05,5998330.238,3.4215,6.9006,1.19,48.2494,40.1798,3.4248,2.219,2.2025,0.513,0.6412,447242.8758,447242.8758,221754.6394,17437999.7274,17437999.7274,42.46,34.74,3.3564
600150,中国船舶,船舶,上海,19980520,600150.SH,20250807,40.0,40.1,38.12,38.6,38.51,0.09,0.2337,2419917.73,9439188.646,5.4107,10.9126,2.66,47.7668,39.7779,3.3906,2.1968,2.1805,0.5181,0.6477,447242.8758,447242.8758,221754.6394,17263575.0059,17263575.0059,42.36,34.66,3.3564
600150,中国船舶,船舶,上海,19980520,600150.SH,20250806,35.47,38.51,35.13,38.51,35.01,3.5,9.9971,2241049.55,8456751.349,5.0108,10.106,3.99,47.6554,39.6852,3.3827,2.1917,2.1754,0.5193,0.6492,447242.8758,447242.8758,221754.6394,17223323.1471,17223323.1471,38.51,31.51,3.3564
600150,中国船舶,船舶,上海,19980520,600150.SH,20250805,35.2,35.3,34.28,35.01,34.04,0.97,2.8496,963114.61,3359276.863,2.1534,4.3432,2.16,43.3243,36.0784,3.0752,1.9925,1.9777,0.5713,0.7141,447242.8758,447242.8758,221754.6394,15657973.0818,15657973.0818,37.44,30.64,3.3564
600150,中国船舶,船舶,上海,19980520,600150.SH,20250804,33.75,34.12,33.58,34.04,33.88,0.16,0.4723,385901.13,1309591.352,0.8628,1.7402,0.83,42.1239,35.0788,2.99,1.9373,1.9229,0.5875,0.7344,447242.8758,447242.8758,221754.6394,15224147.4922,15224147.4922,37.27,30.49,3.3564
600150,中国船舶,船舶,上海,19980520,600150.SH,20250801,34.2,34.37,33.79,33.88,34.33,-0.45,-1.3108,413384.18,1405285.959,0.9243,1.8642,0.82,41.9259,34.9139,2.976,1.9282,1.9139,0.5903,0.7379,447242.8758,447242.8758,221754.6394,15152588.6321,15152588.6321,37.76,30.9,3.3564
600150,中国船舶,船舶,上海,19980520,600150.SH,20250731,34.61,34.82,34.14,34.33,34.82,-0.49,-1.4072,546743.66,1883001.225,1.2225,2.4655,1.13,42.4828,35.3776,3.0155,1.9538,1.9393,0.5826,0.7282,447242.8758,447242.8758,221754.6394,15353847.9262,15353847.9262,38.3,31.34,3.3564
600150,中国船舶,船舶,上海,19980520,600150.SH,20250730,35.02,35.33,34.6,34.82,35.02,-0.2,-0.5711,499718.68,1749184.173,1.1173,2.2535,1.03,43.0891,35.8826,3.0586,1.9817,1.967,0.5744,0.718,447242.8758,447242.8758,221754.6394,15572996.9354,15572996.9354,38.52,31.52,3.3564
600150,中国船舶,船舶,上海,19980520,600150.SH,20250729,34.76,35.25,34.61,35.02,34.9,0.12,0.3438,379710.54,1327981.574,0.849,1.7123,0.73,43.3366,36.0887,3.0761,1.9931,1.9783,0.5711,0.7139,447242.8758,447242.8758,221754.6394,15662445.5105,15662445.5105,38.39,31.41,3.3564
600150,中国船舶,船舶,上海,19980520,600150.SH,20250728,35.17,35.23,34.66,34.9,35.13,-0.23,-0.6547,486344.79,1697873.472,1.0874,2.1932,0.83,43.1881,35.965,3.0656,1.9862,1.9715,0.5731,0.7163,447242.8758,447242.8758,221754.6394,15608776.3654,15608776.3654,38.64,31.62,3.3564
600150,中国船舶,船舶,上海,19980520,600150.SH,20250725,34.89,35.5,34.59,35.13,34.89,0.24,0.6879,600474.56,2101467.045,1.3426,2.7078,1.09,43.4728,36.202,3.0858,1.9993,1.9845,0.5693,0.7116,447242.8758,447242.8758,221754.6394,15711642.2269,15711642.2269,38.38,31.4,3.3564
600150,中国船舶,船舶,上海,19980520,600150.SH,20250724,34.59,34.96,34.43,34.89,34.6,0.29,0.8382,459811.53,1598849.387,1.0281,2.0735,0.84,43.1758,35.9547,3.0647,1.9857,1.9709,0.5732,0.7165,447242.8758,447242.8758,221754.6394,15604303.9367,15604303.9367,38.06,31.14,3.3564
600150,中国船舶,船舶,上海,19980520,600150.SH,20250723,34.7,34.98,34.48,34.6,34.7,-0.1,-0.2882,505002.66,1751348.417,1.1291,2.2773,0.99,42.8169,35.6559,3.0392,1.9692,1.9546,0.578,0.7225,447242.8758,447242.8758,221754.6394,15474603.5027,15474603.5027,38.17,31.23,3.3564
600150,中国船舶,船舶,上海,19980520,600150.SH,20250722,34.8,34.92,34.41,34.7,34.79,-0.09,-0.2587,543943.83,1885049.303,1.2162,2.4529,1.08,42.9406,35.7589,3.048,1.9749,1.9602,0.5764,0.7205,447242.8758,447242.8758,221754.6394,15519327.7903,15519327.7903,38.27,31.31,3.3564
600150,中国船舶,船舶,上海,19980520,600150.SH,20250721,35.02,35.27,34.31,34.79,34.08,0.71,2.0833,834170.66,2897936.748,1.8651,3.7617,1.66,43.052,35.8517,3.0559,1.98,1.9653,0.5749,0.7186,447242.8758,447242.8758,221754.6394,15559579.6491,15559579.6491,37.49,30.67,3.3564
600150,中国船舶,船舶,上海,19980520,600150.SH,20250718,33.88,34.19,33.78,34.08,33.87,0.21,0.62,408671.87,1390224.171,0.9138,1.8429,0.53,42.1734,35.12,2.9936,1.9396,1.9252,0.5869,0.7336,447242.8758,447242.8758,221754.6394,15242037.2073,15242037.2073,37.26,30.48,3.3564
600150,中国船舶,船舶,上海,19980520,600150.SH,20250717,33.79,33.97,33.55,33.87,33.77,0.1,0.2961,435056.26,1468321.709,0.9728,1.9619,0.57,41.9135,34.9036,2.9751,1.9276,1.9133,0.5905,0.7381,447242.8758,447242.8758,221754.6394,15148116.2033,15148116.2033,37.15,30.39,3.3564
600150,中国船舶,船舶,上海,19980520,600150.SH,20250716,33.98,34.09,33.7,33.77,33.95,-0.18,-0.5302,330279.68,1118123.672,0.7385,1.4894,0.42,41.7898,34.8005,2.9663,1.9219,1.9077,0.5922,0.7403,447242.8758,447242.8758,221754.6394,15103391.9158,15103391.9158,37.35,30.56,3.3564
600150,中国船舶,船舶,上海,19980520,600150.SH,20250715,33.75,34.23,33.69,33.95,33.73,0.22,0.6522,507250.05,1721148.357,1.1342,2.2874,0.66,42.0125,34.986,2.9821,1.9322,1.9178,0.5891,0.7364,447242.8758,447242.8758,221754.6394,15183895.6334,15183895.6334,37.1,30.36,3.3564
600150,中国船舶,船舶,上海,19980520,600150.SH,20250714,34.5,34.59,33.71,33.73,34.77,-1.04,-2.9911,824076.32,2801870.875,1.8426,3.7162,1.14,41.7403,34.7593,2.9628,1.9197,1.9054,0.5929,0.7412,447242.8758,447242.8758,221754.6394,15085502.2007,15085502.2007,38.25,31.29,3.3564
600150,中国船舶,船舶,上海,19980520,600150.SH,20250711,32.84,35.33,32.82,34.77,32.38,2.39,7.3811,1781810.71,6152027.402,3.984,8.0351,3.91,43.0273,35.8311,3.0542,1.9788,1.9642,0.5752,0.719,447242.8758,447242.8758,221754.6394,15550634.7916,15550634.7916,35.62,29.14,3.3564
600150,中国船舶,船舶,上海,19980520,600150.SH,20250710,32.49,32.61,32.34,32.38,32.52,-0.14,-0.4305,352901.99,1144857.614,0.7891,1.5914,0.71,40.0697,33.3681,2.8442,1.8428,1.8291,0.6177,0.7721,447242.8758,447242.8758,221754.6394,14481724.3184,14481724.3184,35.77,29.27,3.3564
600150,中国船舶,船舶,上海,19980520,600150.SH,20250709,32.9,33.05,32.4,32.52,32.97,-0.45,-1.3649,421603.82,1380091.738,0.9427,1.9012,0.76,40.2429,33.5124,2.8565,1.8508,1.8371,0.615,0.7688,447242.8758,447242.8758,221754.6394,14544338.321,14544338.321,36.27,29.67,3.3564
600150,中国船舶,船舶,上海,19980520,600150.SH,20250708,33.19,33.2,32.71,32.97,33.2,-0.23,-0.6928,437764.49,1438612.191,0.9788,1.9741,0.69,40.7998,33.9761,2.8961,1.8764,1.8625,0.6066,0.7583,447242.8758,447242.8758,221754.6394,14745597.6151,14745597.6151,36.52,29.88,3.3564
600150,中国船舶,船舶,上海,19980520,600150.SH,20250707,33.6,33.7,32.91,33.2,32.81,0.39,1.1887,617247.38,2052995.19,1.3801,2.7835,0.98,41.0844,34.2131,2.9163,1.8895,1.8755,0.6024,0.753,447242.8758,447242.8758,221754.6394,14848463.4766,14848463.4766,36.09,29.53,3.3564
600150,中国船舶,船舶,上海,19980520,600150.SH,20250704,33.3,33.32,32.7,32.81,33.26,-0.45,-1.353,446148.32,1468834.927,0.9976,2.0119,0.72,40.6018,33.8112,2.882,1.8673,1.8534,0.6096,0.762,447242.8758,447242.8758,221754.6394,14674038.755,14674038.755,36.59,29.93,3.3564
600150,中国船舶,船舶,上海,19980520,600150.SH,20250703,33.03,33.5,32.68,33.26,33.03,0.23,0.6963,545473.06,1803020.605,1.2196,2.4598,0.84,41.1587,34.275,2.9215,1.8929,1.8789,0.6013,0.7517,447242.8758,447242.8758,221754.6394,14875298.0491,14875298.0491,36.33,29.73,3.3564
600150,中国船舶,船舶,上海,19980520,600150.SH,20250702,33.66,33.8,32.96,33.03,33.33,-0.3,-0.9001,745185.04,2477678.043,1.6662,3.3604,1.24,40.874,34.038,2.9013,1.8798,1.8659,0.6055,0.7569,447242.8758,447242.8758,221754.6394,14772432.1877,14772432.1877,36.66,30.0,3.3564
600150,中国船舶,船舶,上海,19980520,600150.SH,20250701,32.59,33.47,32.32,33.33,32.54,0.79,2.4278,803646.78,2657108.461,1.7969,3.624,1.6,41.2453,34.3471,2.9277,1.8969,1.8828,0.6001,0.7501,447242.8758,447242.8758,221754.6394,14906605.0504,14906605.0504,35.79,29.29,3.3564
600150,中国船舶,船舶,上海,19980520,600150.SH,20250630,32.1,32.66,32.1,32.54,31.82,0.72,2.2627,607467.24,1973434.852,1.3582,2.7394,1.38,40.2677,33.533,2.8583,1.8519,1.8382,0.6146,0.7683,447242.8758,447242.8758,221754.6394,14553283.1785,14553283.1785,35.0,28.64,3.3564
600150,中国船舶,船舶,上海,19980520,600150.SH,20250627,31.61,32.05,31.52,31.82,31.69,0.13,0.4102,404694.61,1287840.928,0.9049,1.825,1.0,39.3767,32.791,2.795,1.811,1.7975,0.6285,0.7857,447242.8758,447242.8758,221754.6394,14231268.308,14231268.308,34.86,28.52,3.3564
600150,中国船舶,船舶,上海,19980520,600150.SH,20250626,31.41,32.38,31.36,31.69,31.51,0.18,0.5712,701784.5,2247123.064,1.5691,3.1647,2.07,39.2158,32.6571,2.7836,1.8036,1.7902,0.6311,0.7889,447242.8758,447242.8758,221754.6394,14173126.7341,14173126.7341,34.66,28.36,3.3564
600150,中国船舶,船舶,上海,19980520,600150.SH,20250625,30.96,31.52,30.89,31.51,30.96,0.55,1.7765,485523.09,1522621.803,1.0856,2.1895,1.54,38.9931,32.4716,2.7678,1.7933,1.78,0.6347,0.7934,447242.8758,447242.8758,221754.6394,14092623.0165,14092623.0165,34.06,27.86,3.3564
600150,中国船舶,船舶,上海,19980520,600150.SH,20250624,30.82,31.04,30.76,30.96,31.04,-0.08,-0.2577,308792.55,954577.621,0.6904,1.3925,1.04,38.3125,31.9048,2.7195,1.762,1.7489,0.646,0.8075,447242.8758,447242.8758,221754.6394,13846639.4348,13846639.4348,34.14,27.94,3.3564
600150,中国船舶,船舶,上海,19980520,600150.SH,20250623,30.7,31.09,30.5,31.04,30.59,0.45,1.4711,292387.88,902638.701,0.6538,1.3185,1.0,38.4114,31.9872,2.7265,1.7666,1.7535,0.6443,0.8054,447242.8758,447242.8758,221754.6394,13882418.8648,13882418.8648,33.65,27.53,3.3564
600150,中国船舶,船舶,上海,19980520,600150.SH,20250620,30.72,31.11,30.6,30.84,30.77,0.07,0.2275,245026.12,756862.472,0.5479,1.1049,0.8,38.164,31.7811,2.6507,1.7552,1.7422,0.6485,0.6485,447242.8758,447242.8758,221754.6394,13792970.2897,13792970.2897,33.85,27.69,3.3292
600150,中国船舶,船舶,上海,19980520,600150.SH,20250619,31.18,31.18,30.42,30.77,31.19,-0.42,-1.3466,364376.69,1121028.408,0.8147,1.6432,1.36,38.0773,31.709,2.6447,1.7512,1.7382,0.65,0.65,447242.8758,447242.8758,221754.6394,13761663.2884,13761663.2884,34.31,28.07,3.3292
600150,中国船舶,船舶,上海,19980520,600150.SH,20250618,31.1,31.4,31.03,31.19,31.1,0.09,0.2894,366700.19,1145910.293,0.8199,1.6536,1.49,38.5971,32.1418,2.6808,1.7751,1.7619,0.6412,0.6412,447242.8758,447242.8758,221754.6394,13949505.2962,13949505.2962,34.21,27.99,3.3292
600150,中国船舶,船舶,上海,19980520,600150.SH,20250617,30.98,31.1,30.81,31.1,30.98,0.12,0.3873,219675.63,680241.232,0.4912,0.9906,0.8,38.4857,32.0491,2.6731,1.77,1.7568,0.6431,0.6431,447242.8758,447242.8758,221754.6394,13909253.4374,13909253.4374,34.08,27.88,3.3292
600150,中国船舶,船舶,上海,19980520,600150.SH,20250616,30.76,31.12,30.51,30.98,30.77,0.21,0.6825,267660.44,827140.442,0.5985,1.207,0.98,38.3372,31.9254,2.6628,1.7631,1.7501,0.6456,0.6456,447242.8758,447242.8758,221754.6394,13855584.2923,13855584.2923,33.85,27.69,3.3292
600150,中国船舶,船舶,上海,19980520,600150.SH,20250613,30.56,30.9,30.54,30.77,30.49,0.28,0.9183,311749.25,959072.57,0.697,1.4058,1.24,38.0773,31.709,2.6447,1.7512,1.7382,0.65,0.65,447242.8758,447242.8758,221754.6394,13761663.2884,13761663.2884,33.54,27.44,3.3292
600150,中国船舶,船舶,上海,19980520,600150.SH,20250612,30.56,30.56,30.31,30.49,30.61,-0.12,-0.392,175773.75,535104.22,0.393,0.7926,0.66,37.7308,31.4204,2.6207,1.7353,1.7224,0.656,0.656,447242.8758,447242.8758,221754.6394,13636435.2831,13636435.2831,33.67,27.55,3.3292
600150,中国船舶,船舶,上海,19980520,600150.SH,20250611,30.43,30.76,30.28,30.61,30.27,0.34,1.1232,257716.69,788695.788,0.5762,1.1622,1.01,37.8793,31.5441,2.631,1.7421,1.7292,0.6534,0.6534,447242.8758,447242.8758,221754.6394,13690104.4282,13690104.4282,33.3,27.24,3.3292
600150,中国船舶,船舶,上海,19980520,600150.SH,20250610,30.97,30.97,30.18,30.27,30.92,-0.65,-2.1022,355196.04,1083159.876,0.7942,1.6018,1.55,37.4586,31.1937,2.6018,1.7227,1.71,0.6607,0.6607,447242.8758,447242.8758,221754.6394,13538041.8505,13538041.8505,34.01,27.83,3.3292
600150,中国船舶,船舶,上海,19980520,600150.SH,20250609,30.77,31.05,30.77,30.92,30.76,0.16,0.5202,265803.07,821844.1,0.5943,1.1986,1.16,38.263,31.8636,2.6576,1.7597,1.7467,0.6468,0.6468,447242.8758,447242.8758,221754.6394,13828749.7197,13828749.7197,33.84,27.68,3.3292
600150,中国船舶,船舶,上海,19980520,600150.SH,20250606,30.8,30.9,30.62,30.76,30.75,0.01,0.0325,198382.75,609947.396,0.4436,0.8946,0.87,38.065,31.6987,2.6439,1.7506,1.7376,0.6502,0.6502,447242.8758,447242.8758,221754.6394,13757190.8596,13757190.8596,33.83,27.68,3.3292
600150,中国船舶,船舶,上海,19980520,600150.SH,20250605,30.85,30.91,30.6,30.75,30.93,-0.18,-0.582,249594.0,765871.794,0.5581,1.1255,1.16,38.0526,31.6884,2.643,1.7501,1.7371,0.6504,0.6504,447242.8758,447242.8758,221754.6394,13752718.4309,13752718.4309,34.02,27.84,3.3292
600150,中国船舶,船舶,上海,19980520,600150.SH,20250604,30.79,31.0,30.67,30.93,30.79,0.14,0.4547,203754.42,629177.156,0.4556,0.9188,0.97,38.2753,31.8739,2.6585,1.7603,1.7472,0.6466,0.6466,447242.8758,447242.8758,221754.6394,13833222.1485,13833222.1485,33.87,27.71,3.3292
600150,中国船舶,船舶,上海,19980520,600150.SH,20250603,30.66,30.96,30.61,30.79,30.67,0.12,0.3913,228257.16,703074.005,0.5104,1.0293,1.1,38.1021,31.7296,2.6464,1.7523,1.7393,0.6496,0.6496,447242.8758,447242.8758,221754.6394,13770608.1459,13770608.1459,33.74,27.6,3.3292
600150,中国船舶,船舶,上海,19980520,600150.SH,20250530,30.65,30.99,30.47,30.67,30.75,-0.08,-0.2602,260833.77,800728.467,0.5832,1.1762,1.27,37.9536,31.6059,2.6361,1.7455,1.7325,0.6521,0.6521,447242.8758,447242.8758,221754.6394,13716939.0008,13716939.0008,33.83,27.68,3.3292
600150,中国船舶,船舶,上海,19980520,600150.SH,20250529,30.61,30.86,30.51,30.75,30.61,0.14,0.4574,194246.07,596640.62,0.4343,0.876,0.87,38.0526,31.6884,2.643,1.7501,1.7371,0.6504,0.6504,447242.8758,447242.8758,221754.6394,13752718.4309,13752718.4309,33.67,27.55,3.3292
600150,中国船舶,船舶,上海,19980520,600150.SH,20250528,30.86,30.91,30.52,30.61,30.87,-0.26,-0.8422,192630.82,591207.651,0.4307,0.8687,0.72,37.8793,31.5441,2.631,1.7421,1.7292,0.6534,0.6534,447242.8758,447242.8758,221754.6394,13690104.4282,13690104.4282,33.96,27.78,3.3292
600150,中国船舶,船舶,上海,19980520,600150.SH,20250527,31.09,31.12,30.71,30.87,31.06,-0.19,-0.6117,178836.93,551719.006,0.3999,0.8065,0.61,38.2011,31.812,2.6533,1.7569,1.7438,0.6479,0.6479,447242.8758,447242.8758,221754.6394,13806387.5759,13806387.5759,34.17,27.95,3.3292
600150,中国船舶,船舶,上海,19980520,600150.SH,20250526,31.06,31.19,30.88,31.06,31.06,0.0,0.0,211496.05,656025.781,0.4729,0.9537,0.7,38.4362,32.0078,2.6697,1.7677,1.7546,0.6439,0.6439,447242.8758,447242.8758,221754.6394,13891363.7223,13891363.7223,34.17,27.95,3.3292
600150,中国船舶,船舶,上海,19980520,600150.SH,20250523,31.22,31.46,31.02,31.06,31.28,-0.22,-0.7033,248886.15,777513.72,0.5565,1.1223,0.79,38.4362,32.0078,2.6697,1.7677,1.7546,0.6439,0.6439,447242.8758,447242.8758,221754.6394,13891363.7223,13891363.7223,34.41,28.15,3.3292
600150,中国船舶,船舶,上海,19980520,600150.SH,20250522,31.8,31.8,31.25,31.28,31.8,-0.52,-1.6352,278901.33,878328.803,0.6236,1.2577,0.8,38.7084,32.2346,2.6886,1.7802,1.767,0.6394,0.6394,447242.8758,447242.8758,221754.6394,13989757.155,13989757.155,34.98,28.62,3.3292
600150,中国船舶,船舶,上海,19980520,600150.SH,20250521,31.5,31.99,31.35,31.8,31.47,0.33,1.0486,413913.08,1314693.158,0.9255,1.8665,1.14,39.3519,32.7704,2.7333,1.8098,1.7964,0.6289,0.6289,447242.8758,447242.8758,221754.6394,14222323.4504,14222323.4504,34.62,28.32,3.3292
600150,中国船舶,船舶,上海,19980520,600150.SH,20250520,31.4,31.65,31.19,31.47,31.43,0.04,0.1273,303482.79,952516.993,0.6786,1.3686,0.59,38.9436,32.4304,2.7049,1.791,1.7777,0.6355,0.6355,447242.8758,447242.8758,221754.6394,14074733.3014,14074733.3014,34.57,28.29,3.3292
600150,中国船舶,船舶,上海,19980520,600150.SH,20250519,31.48,31.58,31.26,31.43,31.37,0.06,0.1913,266003.6,835860.938,0.5948,1.1995,0.33,38.8941,32.3891,2.7015,1.7888,1.7755,0.6363,0.6363,447242.8758,447242.8758,221754.6394,14056843.5864,14056843.5864,34.51,28.23,3.3292
600150,中国船舶,船舶,上海,19980520,600150.SH,20250516,31.3,31.7,31.14,31.37,31.38,-0.01,-0.0319,318592.28,999068.163,0.7123,1.4367,0.37,38.8198,32.3273,2.6963,1.7853,1.7721,0.6376,0.6376,447242.8758,447242.8758,221754.6394,14030009.0138,14030009.0138,34.52,28.24,3.3292
600150,中国船舶,船舶,上海,19980520,600150.SH,20250515,31.67,31.9,31.31,31.38,31.68,-0.3,-0.947,436388.0,1380197.72,0.9757,1.9679,0.51,38.8322,32.3376,2.6972,1.7859,1.7727,0.6373,0.6373,447242.8758,447242.8758,221754.6394,14034481.4426,14034481.4426,34.85,28.51,3.3292
600150,中国船舶,船舶,上海,19980520,600150.SH,20250514,31.59,31.8,31.42,31.68,31.59,0.09,0.2849,483250.0,1528743.686,1.0805,2.1792,0.55,39.2034,32.6468,2.7229,1.803,1.7896,0.6313,0.6313,447242.8758,447242.8758,221754.6394,14168654.3053,14168654.3053,34.75,28.43,3.3292
600150,中国船舶,船舶,上海,19980520,600150.SH,20250513,32.73,32.73,31.55,31.59,33.06,-1.47,-4.4465,1081705.68,3452694.189,2.4186,4.8779,1.52,39.0921,32.554,2.7152,1.7979,1.7845,0.6331,0.6331,447242.8758,447242.8758,221754.6394,14128402.4465,14128402.4465,36.37,29.75,3.3292
600150,中国船舶,船舶,上海,19980520,600150.SH,20250512,30.28,33.2,30.02,33.06,30.18,2.88,9.5427,1728458.35,5610937.441,3.8647,7.7945,4.06,40.9112,34.0689,2.8416,1.8815,1.8676,0.605,0.605,447242.8758,447242.8758,221754.6394,14785849.4739,14785849.4739,33.2,27.16,3.3292
600150,中国船舶,船舶,上海,19980520,600150.SH,20250509,30.74,30.82,30.14,30.18,30.14,0.04,0.1327,574502.97,1745790.176,1.2845,2.5907,1.51,37.3472,31.101,2.594,1.7176,1.7049,0.6627,0.6627,447242.8758,447242.8758,221754.6394,13497789.9916,13497789.9916,33.15,27.13,3.3292
600150,中国船舶,船舶,上海,19980520,600150.SH,20250508,29.91,30.18,29.8,30.14,30.07,0.07,0.2328,373620.04,1121200.401,0.8354,1.6848,1.08,37.2977,31.0598,2.5906,1.7153,1.7026,0.6636,0.6636,447242.8758,447242.8758,221754.6394,13479900.2766,13479900.2766,33.08,27.06,3.3292
600150,中国船舶,船舶,上海,19980520,600150.SH,20250507,29.85,30.26,29.56,30.07,29.59,0.48,1.6222,604864.11,1811725.427,1.3524,2.7276,2.1,37.2111,30.9876,2.5846,1.7114,1.6987,0.6651,0.6651,447242.8758,447242.8758,221754.6394,13448593.2753,13448593.2753,32.55,26.63,3.3292
600150,中国船舶,船舶,上海,19980520,600150.SH,20250506,29.37,29.68,29.36,29.59,29.28,0.31,1.0587,283883.74,838796.075,0.6347,1.2802,1.05,36.6171,30.493,2.5433,1.684,1.6715,0.6759,0.6759,447242.8758,447242.8758,221754.6394,13233916.6949,13233916.6949,32.21,26.35,3.3292
600150,中国船舶,船舶,上海,19980520,600150.SH,20250430,29.55,29.61,29.24,29.28,29.52,-0.24,-0.813,293355.78,861147.003,0.6559,1.3229,1.15,36.2335,30.1735,2.5167,1.6664,1.654,0.6831,0.6831,447242.8758,447242.8758,221754.6394,13095271.4034,13095271.4034,32.47,26.57,3.3292
600150,中国船舶,船舶,上海,19980520,600150.SH,20250429,29.0,29.52,28.86,29.52,28.97,0.55,1.8985,351134.08,1030105.988,0.7851,1.5834,1.51,44.6427,49.5089,2.6648,1.7641,1.6229,0.6775,0.6775,447242.8758,447242.8758,221754.6394,13202609.6936,13202609.6936,31.87,26.07,3.3292
600150,中国船舶,船舶,上海,19980520,600150.SH,20250428,29.21,29.35,28.96,28.97,29.22,-0.25,-0.8556,193534.05,562773.527,0.4327,0.8727,0.81,43.8109,48.5864,2.6151,1.7313,1.5926,0.6904,0.6904,447242.8758,447242.8758,221754.6394,12956626.1119,12956626.1119,32.14,26.3,3.3292
600150,中国船舶,船舶,上海,19980520,600150.SH,20250425,28.85,29.38,28.78,29.22,28.8,0.42,1.4583,317414.7,925919.093,0.7097,1.4314,1.4,44.189,49.0057,2.6377,1.7462,1.6064,0.6845,0.6845,447242.8758,447242.8758,221754.6394,13068436.8309,13068436.8309,31.68,25.92,3.3292
600150,中国船舶,船舶,上海,19980520,600150.SH,20250424,29.1,29.1,28.78,28.8,29.1,-0.3,-1.0309,190236.69,550057.771,0.4254,0.8579,0.65,43.5538,48.3013,2.5998,1.7211,1.5833,0.6944,0.6944,447242.8758,447242.8758,221754.6394,12880594.823,12880594.823,32.01,26.19,3.3292
600150,中国船舶,船舶,上海,19980520,600150.SH,20250423,29.16,29.27,28.95,29.1,29.1,0.0,0.0,228071.86,663136.813,0.51,1.0285,0.74,44.0075,48.8045,2.6269,1.739,1.5998,0.6873,0.6873,447242.8758,447242.8758,221754.6394,13014767.6858,13014767.6858,32.01,26.19,3.3292
600150,中国船舶,船舶,上海,19980520,600150.SH,20250422,29.01,29.28,29.0,29.1,29.02,0.08,0.2757,234635.79,683758.499,0.5246,1.0581,0.74,44.0075,48.8045,2.6269,1.739,1.5998,0.6873,0.6873,447242.8758,447242.8758,221754.6394,13014767.6858,13014767.6858,31.92,26.12,3.3292
600150,中国船舶,船舶,上海,19980520,600150.SH,20250421,28.8,29.1,28.63,29.02,28.97,0.05,0.1726,220714.48,639039.691,0.4935,0.9953,0.66,43.8865,48.6703,2.6197,1.7343,1.5954,0.6892,0.6892,447242.8758,447242.8758,221754.6394,12978988.2557,12978988.2557,31.87,26.07,3.3292
600150,中国船舶,船舶,上海,19980520,600150.SH,20250418,29.18,29.24,28.8,28.97,29.36,-0.39,-1.3283,262285.42,759913.369,0.5864,1.1828,0.73,43.8109,48.5864,2.6151,1.7313,1.5926,0.6904,0.6904,447242.8758,447242.8758,221754.6394,12956626.1119,12956626.1119,32.3,26.42,3.3292
600150,中国船舶,船舶,上海,19980520,600150.SH,20250417,28.7,29.8,28.61,29.36,28.79,0.57,1.9799,508102.44,1484591.433,1.1361,2.2913,1.33,44.4007,49.2405,2.6503,1.7546,1.6141,0.6812,0.6812,447242.8758,447242.8758,221754.6394,13131050.8335,13131050.8335,31.67,25.91,3.3292
600150,中国船舶,船舶,上海,19980520,600150.SH,20250416,28.92,29.09,28.5,28.79,28.92,-0.13,-0.4495,318670.73,915093.006,0.7125,1.437,0.66,43.5387,48.2846,2.5989,1.7205,1.5827,0.6947,0.6947,447242.8758,447242.8758,221754.6394,12876122.3943,12876122.3943,31.81,26.03,3.3292
600150,中国船舶,船舶,上海,19980520,600150.SH,20250415,29.09,29.14,28.72,28.92,29.14,-0.22,-0.755,274317.75,790834.108,0.6134,1.237,0.45,43.7353,48.5026,2.6106,1.7283,1.5899,0.6916,0.6916,447242.8758,447242.8758,221754.6394,12934263.9681,12934263.9681,32.05,26.23,3.3292
600150,中国船舶,船舶,上海,19980520,600150.SH,20250414,29.31,29.38,29.14,29.14,29.24,-0.1,-0.342,307309.93,898018.698,0.6871,1.3858,0.44,44.068,48.8716,2.6305,1.7414,1.602,0.6863,0.6863,447242.8758,447242.8758,221754.6394,13032657.4008,13032657.4008,32.16,26.32,3.3292
600150,中国船舶,船舶,上海,19980520,600150.SH,20250411,29.2,29.3,28.9,29.24,29.25,-0.01,-0.0342,388507.35,1130938.377,0.8687,1.752,0.58,44.2192,49.0393,2.6395,1.7474,1.6075,0.684,0.684,447242.8758,447242.8758,221754.6394,13077381.6884,13077381.6884,32.18,26.33,3.3292
600150,中国船舶,船舶,上海,19980520,600150.SH,20250410,29.8,29.9,29.11,29.25,29.47,-0.22,-0.7465,626999.89,1842815.194,1.4019,2.8274,1.08,44.2344,49.056,2.6404,1.748,1.608,0.6838,0.6838,447242.8758,447242.8758,221754.6394,13081854.1172,13081854.1172,32.42,26.52,3.3292
600150,中国船舶,船舶,上海,19980520,600150.SH,20250409,28.28,29.55,28.1,29.47,28.64,0.83,2.898,829730.97,2416970.11,1.8552,3.7417,1.78,44.5671,49.425,2.6603,1.7612,1.6201,0.6787,0.6787,447242.8758,447242.8758,221754.6394,13180247.5498,13180247.5498,31.5,25.78,3.3292
600150,中国船舶,船舶,上海,19980520,600150.SH,20250408,27.34,28.68,26.93,28.64,27.32,1.32,4.8316,874431.12,2427807.804,1.9552,3.9432,2.54,43.3119,48.033,2.5854,1.7116,1.5745,0.6983,0.6983,447242.8758,447242.8758,221754.6394,12809035.9629,12809035.9629,30.05,24.59,3.3292
600150,中国船舶,船舶,上海,19980520,600150.SH,20250407,29.0,29.0,27.32,27.32,30.35,-3.03,-9.9835,743016.38,2067085.446,1.6613,3.3506,2.73,41.3156,45.8192,2.4662,1.6327,1.5019,0.7321,0.7321,447242.8758,447242.8758,221754.6394,12218675.3669,12218675.3669,33.39,27.32,3.3292
600150,中国船舶,船舶,上海,19980520,600150.SH,20250403,30.42,30.64,30.33,30.35,30.72,-0.37,-1.2044,252126.58,767740.99,0.5637,1.137,0.85,45.8979,50.9009,2.7397,1.8137,1.6685,0.659,0.659,447242.8758,447242.8758,221754.6394,13573821.2805,13573821.2805,33.79,27.65,3.3292
600150,中国船舶,船舶,上海,19980520,600150.SH,20250402,30.63,30.76,30.41,30.72,30.63,0.09,0.2938,206871.0,633553.834,0.4625,0.9329,0.65,46.4574,51.5214,2.7731,1.8359,1.6888,0.651,0.651,447242.8758,447242.8758,221754.6394,13739301.1446,13739301.1446,33.69,27.57,3.3292
600150,中国船舶,船舶,上海,19980520,600150.SH,20250401,30.65,30.93,30.58,30.63,30.5,0.13,0.4262,250647.31,769170.218,0.5604,1.1303,0.7,46.3213,51.3705,2.765,1.8305,1.6839,0.653,0.653,447242.8758,447242.8758,221754.6394,13699049.2858,13699049.2858,33.55,27.45,3.3292
600150,中国船舶,船舶,上海,19980520,600150.SH,20250331,30.61,30.93,30.42,30.5,30.78,-0.28,-0.9097,266088.91,813725.149,0.595,1.1999,0.59,46.1247,51.1525,2.7533,1.8227,1.6767,0.6557,0.6557,447242.8758,447242.8758,221754.6394,13640907.7119,13640907.7119,33.86,27.7,3.3292
600150,中国船舶,船舶,上海,19980520,600150.SH,20250328,31.13,31.25,30.72,30.78,31.29,-0.51,-1.6299,385531.82,1190730.148,0.862,1.7386,0.62,46.5481,51.622,2.7785,1.8394,1.6921,0.6498,0.6498,447242.8758,447242.8758,221754.6394,13766135.7171,13766135.7171,34.42,28.16,3.3292
600150,中国船舶,船舶,上海,19980520,600150.SH,20250327,31.51,31.57,31.03,31.29,31.61,-0.32,-1.0123,380205.63,1188030.09,0.8501,1.7145,0.59,47.3194,52.4774,2.8246,1.8699,1.7202,0.6392,0.6392,447242.8758,447242.8758,221754.6394,13994229.5838,13994229.5838,34.77,28.45,3.3292
600150,中国船舶,船舶,上海,19980520,600150.SH,20250326,31.5,31.79,31.5,31.61,31.67,-0.06,-0.1895,300514.16,950485.378,0.6719,1.3552,0.47,47.8033,53.0141,2.8535,1.889,1.7378,0.6327,0.6327,447242.8758,447242.8758,221754.6394,14137347.304,14137347.304,34.84,28.5,3.3292
600150,中国船舶,船舶,上海,19980520,600150.SH,20250325,31.91,32.27,31.54,31.67,32.1,-0.43,-1.3396,449639.0,1428381.547,1.0054,2.0276,0.69,47.8941,53.1147,2.8589,1.8926,1.7411,0.6315,0.6315,447242.8758,447242.8758,221754.6394,14164181.8766,14164181.8766,35.31,28.89,3.3292
600150,中国船舶,船舶,上海,19980520,600150.SH,20250324,32.64,32.64,31.7,32.1,32.43,-0.33,-1.0176,728786.54,2330290.309,1.6295,3.2865,1.09,48.5444,53.8359,2.8977,1.9183,1.7647,0.6231,0.6231,447242.8758,447242.8758,221754.6394,14356496.3132,14356496.3132,35.67,29.19,3.3292
600150,中国船舶,船舶,上海,19980520,600150.SH,20250321,31.46,32.77,31.41,32.43,31.58,0.85,2.6916,1254886.98,4065144.315,2.8058,5.6589,2.22,49.0434,54.3893,2.9275,1.9381,1.7828,0.6167,0.6167,447242.8758,447242.8758,221754.6394,14504086.4622,14504086.4622,34.74,28.42,3.3292
600150,中国船舶,船舶,上海,19980520,600150.SH,20250320,31.4,31.85,31.28,31.58,31.36,0.22,0.7015,469553.33,1483947.335,1.0499,2.1174,0.8,47.758,52.9638,2.8507,1.8873,1.7361,0.6333,0.6333,447242.8758,447242.8758,221754.6394,14123930.0178,14123930.0178,34.5,28.22,3.3292
600150,中国船舶,船舶,上海,19980520,600150.SH,20250319,31.51,31.59,31.32,31.36,31.63,-0.27,-0.8536,302414.47,950149.738,0.6762,1.3637,0.5,47.4253,52.5948,2.8309,1.8741,1.724,0.6378,0.6378,447242.8758,447242.8758,221754.6394,14025536.5851,14025536.5851,34.79,28.47,3.3292
600150,中国船舶,船舶,上海,19980520,600150.SH,20250318,31.83,31.96,31.5,31.63,31.93,-0.3,-0.9396,494439.79,1564537.525,1.1055,2.2297,0.85,47.8336,53.0476,2.8553,1.8902,1.7389,0.6323,0.6323,447242.8758,447242.8758,221754.6394,14146292.1616,14146292.1616,35.12,28.74,3.3292
600150,中国船舶,船舶,上海,19980520,600150.SH,20250317,32.0,32.77,31.88,31.93,31.78,0.15,0.472,833835.3,2690078.624,1.8644,3.7602,1.62,48.2873,53.5507,2.8823,1.9082,1.7554,0.6264,0.6264,447242.8758,447242.8758,221754.6394,14280465.0243,14280465.0243,34.96,28.6,3.3292
600150,中国船舶,船舶,上海,19980520,600150.SH,20250314,31.6,31.95,31.26,31.78,31.5,0.28,0.8889,726536.9,2298994.659,1.6245,3.2763,1.39,48.0604,53.2992,2.8688,1.8992,1.7471,0.6293,0.6293,447242.8758,447242.8758,221754.6394,14213378.5929,14213378.5929,34.65,28.35,3.3292
600150,中国船舶,船舶,上海,19980520,600150.SH,20250313,30.9,31.9,30.57,31.5,30.91,0.59,1.9088,580554.68,1805634.879,1.2981,2.618,1.15,47.637,52.8296,2.8435,1.8825,1.7317,0.6349,0.6349,447242.8758,447242.8758,221754.6394,14088150.5877,14088150.5877,34.0,27.82,3.3292
600150,中国船舶,船舶,上海,19980520,600150.SH,20250312,31.31,31.35,30.88,30.91,31.3,-0.39,-1.246,407184.91,1262509.283,0.9104,1.8362,0.78,46.7447,51.8401,2.7903,1.8472,1.6993,0.647,0.647,447242.8758,447242.8758,221754.6394,13824277.291,13824277.291,34.43,28.17,3.3292
600150,中国船舶,船舶,上海,19980520,600150.SH,20250311,30.95,31.36,30.8,31.3,31.22,0.08,0.2562,376482.44,1170839.143,0.8418,1.6977,0.67,47.3345,52.4942,2.8255,1.8705,1.7207,0.639,0.639,447242.8758,447242.8758,221754.6394,13998702.0125,13998702.0125,34.34,28.1,3.3292
600150,中国船舶,船舶,上海,19980520,600150.SH,20250310,31.07,31.5,31.0,31.22,31.07,0.15,0.4828,475147.03,1485002.151,1.0624,2.1427,0.84,47.2136,52.36,2.8183,1.8657,1.7163,0.6406,0.6406,447242.8758,447242.8758,221754.6394,13962922.5825,13962922.5825,34.18,27.96,3.3292
600150,中国船舶,船舶,上海,19980520,600150.SH,20250307,30.4,31.6,30.26,31.07,30.56,0.51,1.6688,768327.26,2384759.167,1.7179,3.4648,1.45,46.9867,52.1084,2.8047,1.8568,1.7081,0.6437,0.6437,447242.8758,447242.8758,221754.6394,13895836.1511,13895836.1511,33.62,27.5,3.3292
600150,中国船舶,船舶,上海,19980520,600150.SH,20250306,30.4,30.67,30.1,30.56,30.4,0.16,0.5263,489913.87,1493540.314,1.0954,2.2093,0.94,46.2154,51.2531,2.7587,1.8263,1.68,0.6545,0.6545,447242.8758,447242.8758,221754.6394,13667742.2844,13667742.2844,33.44,27.36,3.3292
600150,中国船舶,船舶,上海,19980520,600150.SH,20250305,30.79,30.9,30.3,30.4,30.94,-0.54,-1.7453,501871.27,1529493.505,1.1221,2.2632,0.97,45.9735,50.9847,2.7442,1.8167,1.6712,0.6579,0.6579,447242.8758,447242.8758,221754.6394,13596183.4243,13596183.4243,34.03,27.85,3.3292
600150,中国船舶,船舶,上海,19980520,600150.SH,20250304,30.68,31.2,30.47,30.94,30.46,0.48,1.5758,558471.63,1720727.852,1.2487,2.5184,1.16,46.7901,51.8904,2.793,1.849,1.7009,0.6464,0.6464,447242.8758,447242.8758,221754.6394,13837694.5773,13837694.5773,33.51,27.41,3.3292
600150,中国船舶,船舶,上海,19980520,600150.SH,20250303,30.82,30.97,30.38,30.46,30.86,-0.4,-1.2962,494519.3,1514420.109,1.1057,2.23,1.02,46.0642,51.0854,2.7496,1.8203,1.6745,0.6566,0.6566,447242.8758,447242.8758,221754.6394,13623017.9969,13623017.9969,33.95,27.77,3.3292
600150,中国船舶,船舶,上海,19980520,600150.SH,20250228,31.2,31.71,30.81,30.86,31.21,-0.35,-1.1214,604393.45,1885886.733,1.3514,2.7255,1.3,46.6691,51.7562,2.7858,1.8442,1.6965,0.6481,0.6481,447242.8758,447242.8758,221754.6394,13801915.1472,13801915.1472,34.33,28.09,3.3292
600150,中国船舶,船舶,上海,19980520,600150.SH,20250227,31.04,31.33,30.94,31.21,31.02,0.19,0.6125,446423.12,1389821.405,0.9982,2.0131,0.84,47.1984,52.3432,2.8173,1.8651,1.7158,0.6408,0.6408,447242.8758,447242.8758,221754.6394,13958450.1537,13958450.1537,34.12,27.92,3.3292
600150,中国船舶,船舶,上海,19980520,600150.SH,20250226,31.07,31.15,30.8,31.02,31.1,-0.08,-0.2572,473569.92,1465337.076,1.0589,2.1356,0.88,46.9111,52.0246,2.8002,1.8538,1.7053,0.6447,0.6447,447242.8758,447242.8758,221754.6394,13873474.0073,13873474.0073,34.21,27.99,3.3292
600150,中国船舶,船舶,上海,19980520,600150.SH,20250225,31.38,31.45,31.05,31.1,31.58,-0.48,-1.5199,391987.87,1223888.011,0.8765,1.7677,0.69,47.0321,52.1587,2.8074,1.8586,1.7097,0.6431,0.6431,447242.8758,447242.8758,221754.6394,13909253.4374,13909253.4374,34.74,28.42,3.3292
600150,中国船舶,船舶,上海,19980520,600150.SH,20250224,31.49,32.19,31.14,31.58,31.77,-0.19,-0.598,497236.55,1568942.581,1.1118,2.2423,0.89,47.758,52.9638,2.8507,1.8873,1.7361,0.6333,0.6333,447242.8758,447242.8758,221754.6394,14123930.0178,14123930.0178,34.95,28.59,3.3292
600150,中国船舶,船舶,上海,19980520,600150.SH,20250221,31.55,31.97,31.36,31.77,31.58,0.19,0.6016,520778.38,1649781.013,1.1644,2.3484,1.0,48.0453,53.2824,2.8679,1.8986,1.7466,0.6295,0.6295,447242.8758,447242.8758,221754.6394,14208906.1642,14208906.1642,34.74,28.42,3.3292
600150,中国船舶,船舶,上海,19980520,600150.SH,20250220,32.59,32.59,31.42,31.58,32.52,-0.94,-2.8905,785523.66,2490702.272,1.7564,3.5423,1.8,47.758,52.9638,2.8507,1.8873,1.7361,0.6333,0.6333,447242.8758,447242.8758,221754.6394,14123930.0178,14123930.0178,35.77,29.27,3.3292
600150,中国船舶,船舶,上海,19980520,600150.SH,20250219,32.35,33.26,32.1,32.52,32.2,0.32,0.9938,500653.39,1630499.204,1.1194,2.2577,1.29,49.1795,54.5403,2.9356,1.9434,1.7878,0.615,0.615,447242.8758,447242.8758,221754.6394,14544338.321,14544338.321,35.42,28.98,3.3292
600150,中国船舶,船舶,上海,19980520,600150.SH,20250218,33.3,33.31,32.03,32.2,33.23,-1.03,-3.0996,554507.95,1807535.253,1.2398,2.5005,1.65,48.6956,54.0036,2.9067,1.9243,1.7702,0.6211,0.6211,447242.8758,447242.8758,221754.6394,14401220.6008,14401220.6008,36.55,29.91,3.3292
600150,中国船舶,船舶,上海,19980520,600150.SH,20250217,33.47,33.84,33.1,33.23,33.46,-0.23,-0.6874,431456.83,1437797.341,0.9647,1.9456,1.39,50.2532,55.731,2.9997,1.9859,1.8268,0.6019,0.6019,447242.8758,447242.8758,221754.6394,14861880.7628,14861880.7628,36.81,30.11,3.3292
600150,中国船舶,船舶,上海,19980520,600150.SH,20250214,33.28,33.84,33.21,33.46,33.27,0.19,0.5711,330005.24,1104361.424,0.7379,1.4882,1.02,50.6011,56.1168,3.0205,1.9996,1.8395,0.5977,0.5977,447242.8758,447242.8758,221754.6394,14964746.6243,14964746.6243,36.6,29.94,3.3292
600150,中国船舶,船舶,上海,19980520,600150.SH,20250213,33.24,33.79,33.19,33.27,33.31,-0.04,-0.1201,361487.76,1211113.832,0.8083,1.6301,1.18,50.3137,55.7981,3.0033,1.9883,1.829,0.6011,0.6011,447242.8758,447242.8758,221754.6394,14879770.4779,14879770.4779,36.64,29.98,3.3292
600150,中国船舶,船舶,上海,19980520,600150.SH,20250212,33.05,33.55,33.03,33.31,33.2,0.11,0.3313,256769.97,854284.672,0.5741,1.1579,0.82,50.3742,55.8652,3.0069,1.9906,1.8312,0.6004,0.6004,447242.8758,447242.8758,221754.6394,14897660.1929,14897660.1929,36.52,29.88,3.3292
600150,中国船舶,船舶,上海,19980520,600150.SH,20250211,33.53,33.53,33.06,33.2,33.59,-0.39,-1.1611,297310.87,987297.195,0.6648,1.3407,0.93,50.2079,55.6807,2.997,1.9841,1.8252,0.6024,0.6024,447242.8758,447242.8758,221754.6394,14848463.4766,14848463.4766,36.95,30.23,3.3292
600150,中国船舶,船舶,上海,19980520,600150.SH,20250210,33.67,33.77,33.5,33.59,33.74,-0.15,-0.4446,305856.37,1027415.627,0.6839,1.3793,0.82,50.7977,56.3348,3.0322,2.0074,1.8466,0.5954,0.5954,447242.8758,447242.8758,221754.6394,15022888.1981,15022888.1981,37.11,30.37,3.3292
600150,中国船舶,船舶,上海,19980520,600150.SH,20250207,33.85,34.07,33.51,33.74,33.85,-0.11,-0.325,389454.68,1315154.165,0.8708,1.7562,1.07,51.0245,56.5864,3.0457,2.0163,1.8549,0.5928,0.5928,447242.8758,447242.8758,221754.6394,15089974.6295,15089974.6295,37.24,30.47,3.3292
600150,中国船舶,船舶,上海,19980520,600150.SH,20250206,33.51,33.93,33.22,33.85,33.54,0.31,0.9243,282108.48,950246.743,0.6308,1.2722,0.77,51.1909,56.7708,3.0557,2.0229,1.8609,0.5908,0.5908,447242.8758,447242.8758,221754.6394,15139171.3458,15139171.3458,36.89,30.19,3.3292
600150,中国船舶,船舶,上海,19980520,600150.SH,20250205,33.73,33.75,33.11,33.54,33.58,-0.04,-0.1191,286286.54,954843.242,0.6401,1.291,0.8,50.7221,56.2509,3.0277,2.0044,1.8439,0.5963,0.5963,447242.8758,447242.8758,221754.6394,15000526.0543,15000526.0543,36.94,30.22,3.3292
600150,中国船舶,船舶,上海,19980520,600150.SH,20250127,33.89,34.46,33.54,33.58,33.78,-0.2,-0.5921,331243.32,1122256.5,0.7406,1.4937,0.89,50.7825,56.318,3.0313,2.0068,1.8461,0.5956,0.5956,447242.8758,447242.8758,221754.6394,15018415.7694,15018415.7694,37.16,30.4,3.3292
600150,中国船舶,船舶,上海,19980520,600150.SH,20250124,33.0,34.08,32.91,33.78,33.07,0.71,2.147,574261.82,1936336.731,1.284,2.5896,1.82,51.085,56.6534,3.0493,2.0187,1.8571,0.5921,0.5921,447242.8758,447242.8758,221754.6394,15107864.3445,15107864.3445,36.38,29.76,3.3292
600150,中国船舶,船舶,上海,19980520,600150.SH,20250123,33.05,33.51,32.96,33.07,32.86,0.21,0.6391,345352.47,1147513.295,0.7722,1.5574,0.96,50.0113,55.4627,2.9853,1.9763,1.818,0.6048,0.6048,447242.8758,447242.8758,221754.6394,14790321.9027,14790321.9027,36.15,29.57,3.3292
600150,中国船舶,船舶,上海,19980520,600150.SH,20250122,32.97,33.0,32.36,32.86,32.84,0.02,0.0609,299955.24,979827.566,0.6707,1.3526,0.78,49.6937,55.1105,2.9663,1.9637,1.8065,0.6086,0.6086,447242.8758,447242.8758,221754.6394,14696400.8988,14696400.8988,36.12,29.56,3.3292
600150,中国船舶,船舶,上海,19980520,600150.SH,20250121,33.25,33.25,32.62,32.84,33.0,-0.16,-0.4848,239124.16,784269.074,0.5347,1.0783,0.57,49.6635,55.0769,2.9645,1.9626,1.8054,0.609,0.609,447242.8758,447242.8758,221754.6394,14687456.0413,14687456.0413,36.3,29.7,3.3292
600150,中国船舶,船舶,上海,19980520,600150.SH,20250120,32.7,33.44,32.7,33.0,32.68,0.32,0.9792,397853.11,1317778.253,0.8896,1.7941,0.98,49.9054,55.3453,2.9789,1.9721,1.8142,0.6061,0.6061,447242.8758,447242.8758,221754.6394,14759014.9014,14759014.9014,35.95,29.41,3.3292
600150,中国船舶,船舶,上海,19980520,600150.SH,20250117,32.52,33.14,32.51,32.68,32.82,-0.14,-0.4266,295188.87,965467.234,0.66,1.3312,0.7,49.4215,54.8086,2.95,1.953,1.7966,0.612,0.612,447242.8758,447242.8758,221754.6394,14615897.1811,14615897.1811,36.1,29.54,3.3292
600150,中国船舶,船舶,上海,19980520,600150.SH,20250116,32.2,32.99,31.95,32.82,32.12,0.7,2.1793,558888.71,1815515.234,1.2496,2.5203,1.48,49.6332,55.0434,2.9627,1.9614,1.8043,0.6094,0.6094,447242.8758,447242.8758,221754.6394,14678511.1838,14678511.1838,35.33,28.91,3.3292
600150,中国船舶,船舶,上海,19980520,600150.SH,20250115,32.99,32.99,32.02,32.12,33.05,-0.93,-2.8139,428278.8,1386580.54,0.9576,1.9313,1.1,48.5746,53.8694,2.8995,1.9195,1.7658,0.6227,0.6227,447242.8758,447242.8758,221754.6394,14365441.1707,14365441.1707,36.36,29.75,3.3292
600150,中国船舶,船舶,上海,19980520,600150.SH,20250114,32.1,33.12,31.91,33.05,32.16,0.89,2.7674,433172.9,1418305.662,0.9685,1.9534,1.2,49.981,55.4291,2.9834,1.9751,1.8169,0.6051,0.6051,447242.8758,447242.8758,221754.6394,14781377.0452,14781377.0452,35.38,28.94,3.3292
600150,中国船舶,船舶,上海,19980520,600150.SH,20250113,31.92,32.36,31.8,32.16,32.5,-0.34,-1.0462,319614.97,1024659.621,0.7146,1.4413,0.83,48.6351,53.9365,2.9031,1.9219,1.768,0.6219,0.6219,447242.8758,447242.8758,221754.6394,14383330.8857,14383330.8857,35.75,29.25,3.3292
600150,中国船舶,船舶,上海,19980520,600150.SH,20250110,33.17,33.39,32.5,32.5,33.43,-0.93,-2.7819,372313.74,1224320.456,0.8325,1.6789,0.93,49.1493,54.5067,2.9338,1.9422,1.7867,0.6154,0.6154,447242.8758,447242.8758,221754.6394,14535393.4635,14535393.4635,36.77,30.09,3.3292
600150,中国船舶,船舶,上海,19980520,600150.SH,20250109,34.01,34.01,33.41,33.43,34.02,-0.59,-1.7343,331457.15,1112533.768,0.7411,1.4947,0.73,50.5557,56.0664,3.0177,1.9978,1.8378,0.5983,0.5983,447242.8758,447242.8758,221754.6394,14951329.338,14951329.338,37.42,30.62,3.3292
600150,中国船舶,船舶,上海,19980520,600150.SH,20250108,34.0,34.29,33.35,34.02,33.4,0.62,1.8563,488970.52,1657011.694,1.0933,2.205,1.07,51.448,57.0559,3.071,2.0331,1.8703,0.5879,0.5879,447242.8758,447242.8758,221754.6394,15215202.6347,15215202.6347,36.74,30.06,3.3292
600150,中国船舶,船舶,上海,19980520,600150.SH,20250107,33.11,33.44,32.81,33.4,33.08,0.32,0.9674,296228.58,982261.772,0.6623,1.3358,0.62,50.5103,56.0161,3.015,1.996,1.8362,0.5988,0.5988,447242.8758,447242.8758,221754.6394,14937912.0517,14937912.0517,36.39,29.77,3.3292
600150,中国船舶,船舶,上海,19980520,600150.SH,20250106,33.58,34.05,32.77,33.08,33.73,-0.65,-1.9271,433308.77,1442474.018,0.9688,1.954,0.82,50.0264,55.4794,2.9862,1.9769,1.8186,0.6046,0.6046,447242.8758,447242.8758,221754.6394,14794794.3315,14794794.3315,37.1,30.36,3.3292
600150,中国船舶,船舶,上海,19980520,600150.SH,20250103,34.48,34.57,33.58,33.73,34.57,-0.84,-2.4299,450413.1,1534505.131,1.0071,2.0311,0.91,51.0094,56.5696,3.0448,2.0157,1.8543,0.5929,0.5929,447242.8758,447242.8758,221754.6394,15085502.2007,15085502.2007,38.03,31.11,3.3292
600150,中国船舶,船舶,上海,19980520,600150.SH,20250102,35.89,36.06,34.28,34.57,35.96,-1.39,-3.8654,609966.32,2135187.507,1.3638,2.7506,1.38,52.2797,57.9784,3.1207,2.0659,1.9005,0.5785,0.5785,447242.8758,447242.8758,221754.6394,15461186.2164,15461186.2164,39.56,32.36,3.3292
600150,中国船舶,船舶,上海,19980520,600150.SH,20241231,36.31,36.85,35.82,35.96,36.44,-0.48,-1.3172,485962.26,1765248.232,1.0866,2.1914,1.19,54.3818,60.3096,3.2461,2.149,1.9769,0.0556,0.5562,447242.8758,447242.8758,221754.6394,16082853.8138,16082853.8138,40.08,32.8,3.3292
600150,中国船舶,船舶,上海,19980520,600150.SH,20241230,36.65,36.94,36.26,36.44,36.44,0.0,0.0,408036.63,1490592.115,0.9123,1.84,0.94,55.1077,61.1146,3.2895,2.1777,2.0033,0.0549,0.5488,447242.8758,447242.8758,221754.6394,16297530.3942,16297530.3942,40.08,32.8,3.3292
600150,中国船舶,船舶,上海,19980520,600150.SH,20241227,35.7,36.77,35.69,36.44,35.8,0.64,1.7877,692748.14,2523976.739,1.5489,3.1239,1.83,55.1077,61.1146,3.2895,2.1777,2.0033,0.0549,0.5488,447242.8758,447242.8758,221754.6394,16297530.3942,16297530.3942,39.38,32.22,3.3292
600150,中国船舶,船舶,上海,19980520,600150.SH,20241226,35.88,36.05,35.7,35.8,35.95,-0.15,-0.4172,269353.56,965588.713,0.6023,1.2146,0.63,54.1398,60.0412,3.2317,2.1394,1.9681,0.0559,0.5587,447242.8758,447242.8758,221754.6394,16011294.9536,16011294.9536,39.55,32.36,3.3292
600150,中国船舶,船舶,上海,19980520,600150.SH,20241225,36.25,36.4,35.77,35.95,36.12,-0.17,-0.4707,347346.9,1251784.61,0.7766,1.5664,0.66,54.3667,60.2928,3.2452,2.1484,1.9764,0.0556,0.5563,447242.8758,447242.8758,221754.6394,16078381.385,16078381.385,39.73,32.51,3.3292
600150,中国船舶,船舶,上海,19980520,600150.SH,20241224,36.08,36.24,35.81,36.12,36.18,-0.06,-0.1658,330314.79,1189597.227,0.7386,1.4896,0.5,54.6238,60.5779,3.2606,2.1586,1.9857,0.0554,0.5537,447242.8758,447242.8758,221754.6394,16154412.6739,16154412.6739,39.8,32.56,3.3292
600150,中国船舶,船舶,上海,19980520,600150.SH,20241223,35.65,36.52,35.3,36.18,35.67,0.51,1.4298,530491.79,1911048.989,1.1861,2.3922,0.82,54.7145,60.6785,3.266,2.1622,1.989,0.0553,0.5528,447242.8758,447242.8758,221754.6394,16181247.2464,16181247.2464,39.24,32.1,3.3292
600150,中国船舶,船舶,上海,19980520,600150.SH,20241220,36.13,36.21,35.67,35.67,36.25,-0.58,-1.6,414097.18,1483178.897,0.9259,1.8674,0.62,53.9432,59.8232,3.22,2.1317,1.961,0.0561,0.5607,447242.8758,447242.8758,221754.6394,15953153.3798,15953153.3798,39.88,32.63,3.3292
600150,中国船舶,船舶,上海,19980520,600150.SH,20241219,35.61,36.6,35.5,36.25,36.07,0.18,0.499,512193.14,1852715.304,1.1452,2.3097,0.81,54.8204,60.7959,3.2723,2.1663,1.9928,0.0552,0.5517,447242.8758,447242.8758,221754.6394,16212554.2478,16212554.2478,39.68,32.46,3.3292
600150,中国船舶,船舶,上海,19980520,600150.SH,20241218,36.19,37.05,35.87,36.07,35.87,0.2,0.5576,863038.56,3150447.964,1.9297,3.8919,1.69,54.5481,60.4941,3.2561,2.1556,1.983,0.0554,0.5545,447242.8758,447242.8758,221754.6394,16132050.5301,16132050.5301,39.46,32.28,3.3292
600150,中国船舶,船舶,上海,19980520,600150.SH,20241217,34.79,36.5,34.7,35.87,34.79,1.08,3.1043,1009162.42,3626629.673,2.2564,4.5508,2.48,54.2457,60.1586,3.238,2.1436,1.972,0.0558,0.5576,447242.8758,447242.8758,221754.6394,16042601.9549,16042601.9549,38.27,31.31,3.3292
600150,中国船舶,船舶,上海,19980520,600150.SH,20241216,34.6,35.0,34.08,34.79,34.7,0.09,0.2594,430086.16,1484080.438,0.9616,1.9395,1.09,52.6124,58.3473,3.1405,2.0791,1.9126,0.0575,0.5749,447242.8758,447242.8758,221754.6394,15559579.6491,15559579.6491,38.17,31.23,3.3292
600150,中国船舶,船舶,上海,19980520,600150.SH,20241213,35.47,35.48,34.69,34.7,35.63,-0.93,-2.6102,505324.69,1769225.585,1.1299,2.2788,1.4,52.4763,58.1964,3.1324,2.0737,1.9076,0.0576,0.5764,447242.8758,447242.8758,221754.6394,15519327.7903,15519327.7903,39.19,32.07,3.3292
600150,中国船舶,船舶,上海,19980520,600150.SH,20241212,35.46,35.79,35.23,35.63,35.48,0.15,0.4228,352377.45,1253612.625,0.7879,1.589,1.01,53.8827,59.7561,3.2163,2.1293,1.9588,0.0561,0.5613,447242.8758,447242.8758,221754.6394,15935263.6648,15935263.6648,39.03,31.93,3.3292
600150,中国船舶,船舶,上海,19980520,600150.SH,20241211,35.45,35.57,35.28,35.48,35.61,-0.13,-0.3651,258879.19,917571.103,0.5788,1.1674,0.71,53.6559,59.5046,3.2028,2.1203,1.9505,0.0564,0.5637,447242.8758,447242.8758,221754.6394,15868177.2334,15868177.2334,39.17,32.05,3.3292
600150,中国船舶,船舶,上海,19980520,600150.SH,20241210,36.4,36.49,35.58,35.61,35.6,0.01,0.0281,490530.38,1761003.816,1.0968,2.212,1.47,53.8525,59.7226,3.2145,2.1281,1.9577,0.0562,0.5616,447242.8758,447242.8758,221754.6394,15926318.8072,15926318.8072,39.16,32.04,3.3292
600150,中国船舶,船舶,上海,19980520,600150.SH,20241209,35.46,35.76,35.13,35.6,35.55,0.05,0.1406,363619.98,1289382.688,0.813,1.6397,0.97,53.8374,59.7058,3.2136,2.1275,1.9571,0.0562,0.5618,447242.8758,447242.8758,221754.6394,15921846.3785,15921846.3785,39.11,32.0,3.3292
600150,中国船舶,船舶,上海,19980520,600150.SH,20241206,35.33,35.75,35.26,35.55,35.52,0.03,0.0845,340904.91,1211846.651,0.7622,1.5373,0.89,53.7618,59.622,3.2091,2.1245,1.9544,0.0563,0.5626,447242.8758,447242.8758,221754.6394,15899484.2347,15899484.2347,39.07,31.97,3.3292
600150,中国船舶,船舶,上海,19980520,600150.SH,20241205,35.8,35.8,35.35,35.52,35.82,-0.3,-0.8375,289848.54,1029078.056,0.6481,1.3071,0.74,53.7164,59.5716,3.2064,2.1227,1.9527,0.0563,0.5631,447242.8758,447242.8758,221754.6394,15886066.9484,15886066.9484,39.4,32.24,3.3292
600150,中国船舶,船舶,上海,19980520,600150.SH,20241204,35.9,36.16,35.4,35.82,35.88,-0.06,-0.1672,328686.2,1176257.147,0.7349,1.4822,0.81,54.1701,60.0748,3.2335,2.1406,1.9692,0.0558,0.5583,447242.8758,447242.8758,221754.6394,16020239.8112,16020239.8112,39.47,32.29,3.3292
600150,中国船舶,船舶,上海,19980520,600150.SH,20241203,36.25,36.25,35.6,35.88,36.24,-0.36,-0.9934,343099.28,1230178.4,0.7671,1.5472,0.89,54.2608,60.1754,3.2389,2.1442,1.9725,0.0557,0.5574,447242.8758,447242.8758,221754.6394,16047074.3837,16047074.3837,39.86,32.62,3.3292
600150,中国船舶,船舶,上海,19980520,600150.SH,20241202,35.31,36.5,35.23,36.24,35.32,0.92,2.6048,578520.44,2078341.678,1.2935,2.6088,1.68,54.8052,60.7792,3.2714,2.1657,1.9923,0.0552,0.5519,447242.8758,447242.8758,221754.6394,16208081.819,16208081.819,38.85,31.79,3.3292
600150,中国船舶,船舶,上海,19980520,600150.SH,20241129,35.12,35.47,34.96,35.32,35.27,0.05,0.1418,382170.78,1345704.345,0.8545,1.7234,1.06,53.4139,59.2362,3.1884,2.1108,1.9417,0.0566,0.5663,447242.8758,447242.8758,221754.6394,15796618.3733,15796618.3733,38.8,31.74,3.3292
600150,中国船舶,船舶,上海,19980520,600150.SH,20241128,35.87,35.87,35.21,35.27,35.88,-0.61,-1.7001,324824.28,1149870.634,0.7263,1.4648,0.91,53.3383,59.1524,3.1838,2.1078,1.939,0.0567,0.5671,447242.8758,447242.8758,221754.6394,15774256.2295,15774256.2295,39.47,32.29,3.3292
600150,中国船舶,船舶,上海,19980520,600150.SH,20241127,35.3,35.94,34.93,35.88,35.21,0.67,1.9029,398293.55,1416193.811,0.8906,1.7961,1.14,54.2608,60.1754,3.2389,2.1442,1.9725,0.0557,0.5574,447242.8758,447242.8758,221754.6394,16047074.3837,16047074.3837,38.73,31.69,3.3292
600150,中国船舶,船舶,上海,19980520,600150.SH,20241126,35.2,35.48,34.95,35.21,35.11,0.1,0.2848,251458.38,885804.238,0.5622,1.1339,0.6,53.2476,59.0517,3.1784,2.1042,1.9357,0.0568,0.568,447242.8758,447242.8758,221754.6394,15747421.6569,15747421.6569,38.62,31.6,3.3292
600150,中国船舶,船舶,上海,19980520,600150.SH,20241125,35.16,35.78,34.81,35.11,35.17,-0.06,-0.1706,364782.7,1283538.014,0.8156,1.645,0.81,53.0963,58.884,3.1694,2.0982,1.9302,0.057,0.5696,447242.8758,447242.8758,221754.6394,15702697.3693,15702697.3693,38.69,31.65,3.3292
600150,中国船舶,船舶,上海,19980520,600150.SH,20241122,36.35,36.36,35.08,35.17,36.33,-1.16,-3.193,455521.39,1624954.134,1.0185,2.0542,0.94,53.1871,58.9846,3.1748,2.1018,1.9335,0.0569,0.5687,447242.8758,447242.8758,221754.6394,15729531.9419,15729531.9419,39.96,32.7,3.3292
600150,中国船舶,船舶,上海,19980520,600150.SH,20241121,36.24,36.58,36.09,36.33,36.25,0.08,0.2207,305508.02,1108358.553,0.6831,1.3777,0.53,54.9413,60.9301,3.2795,2.1711,1.9972,0.0551,0.5505,447242.8758,447242.8758,221754.6394,16248333.6778,16248333.6778,39.88,32.63,3.3292
600150,中国船舶,船舶,上海,19980520,600150.SH,20241120,36.26,36.31,35.8,36.25,36.26,-0.01,-0.0276,371547.0,1339331.751,0.8307,1.6755,0.46,54.8204,60.7959,3.2723,2.1663,1.9928,0.0552,0.5517,447242.8758,447242.8758,221754.6394,16212554.2478,16212554.2478,39.89,32.63,3.3292
600150,中国船舶,船舶,上海,19980520,600150.SH,20241119,36.72,37.03,35.52,36.26,36.71,-0.45,-1.2258,600985.13,2164721.647,1.3438,2.7101,0.73,54.8355,60.8127,3.2732,2.1669,1.9934,0.0552,0.5516,447242.8758,447242.8758,221754.6394,16217026.6765,16217026.6765,40.38,33.04,3.3292
600150,中国船舶,船舶,上海,19980520,600150.SH,20241118,36.95,37.55,36.28,36.71,36.89,-0.18,-0.4879,530825.39,1957389.072,1.1869,2.3938,0.62,55.516,61.5674,3.3138,2.1938,2.0181,0.0545,0.5448,447242.8758,447242.8758,221754.6394,16418285.9706,16418285.9706,40.58,33.2,3.3292
600150,中国船舶,船舶,上海,19980520,600150.SH,20241115,37.6,38.21,36.89,36.89,37.72,-0.83,-2.2004,606109.36,2261232.355,1.3552,2.7332,0.68,55.7882,61.8693,3.3301,2.2046,2.028,0.0542,0.5422,447242.8758,447242.8758,221754.6394,16498789.6883,16498789.6883,41.49,33.95,3.3292
600150,中国船舶,船舶,上海,19980520,600150.SH,20241114,38.3,39.03,37.62,37.72,38.8,-1.08,-2.7835,785945.74,3006577.902,1.7573,3.5442,0.92,57.0434,63.2613,3.405,2.2542,2.0737,0.053,0.5302,447242.8758,447242.8758,221754.6394,16870001.2752,16870001.2752,42.68,34.92,3.3292
600150,中国船舶,船舶,上海,19980520,600150.SH,20241113,36.55,38.85,36.51,38.8,36.73,2.07,5.6357,1493482.05,5716871.662,3.3393,6.7348,2.15,58.6767,65.0726,3.5025,2.3187,2.133,0.0515,0.5155,447242.8758,447242.8758,221754.6394,17353023.581,17353023.581,40.4,33.06,3.3292
600150,中国船舶,船舶,上海,19980520,600150.SH,20241112,37.6,37.79,36.57,36.73,37.65,-0.92,-2.4436,706070.43,2619844.147,1.5787,3.184,0.97,55.5462,61.601,3.3156,2.195,2.0192,0.0545,0.5445,447242.8758,447242.8758,221754.6394,16427230.8281,16427230.8281,41.42,33.89,3.3292
600150,中国船舶,船舶,上海,19980520,600150.SH,20241111,37.62,37.98,37.0,37.65,37.51,0.14,0.3732,702692.79,2627575.229,1.5712,3.1688,1.02,56.9376,63.1439,3.3987,2.25,2.0698,0.0531,0.5312,447242.8758,447242.8758,221754.6394,16838694.2739,16838694.2739,41.26,33.76,3.3292
600150,中国船舶,船舶,上海,19980520,600150.SH,20241108,38.36,38.43,37.45,37.51,38.09,-0.58,-1.5227,778021.09,2942933.599,1.7396,3.5085,1.15,56.7258,62.9091,3.3861,2.2416,2.0621,0.0533,0.5332,447242.8758,447242.8758,221754.6394,16776080.2713,16776080.2713,41.9,34.28,3.3292
600150,中国船舶,船舶,上海,19980520,600150.SH,20241107,37.26,38.09,37.15,38.09,37.64,0.45,1.1955,606555.86,2286183.001,1.3562,2.7353,0.74,57.603,63.8819,3.4384,2.2763,2.094,0.0525,0.5251,447242.8758,447242.8758,221754.6394,17035481.1392,17035481.1392,41.4,33.88,3.3292
600150,中国船舶,船舶,上海,19980520,600150.SH,20241106,38.0,38.25,37.4,37.64,37.96,-0.32,-0.843,684959.39,2590246.551,1.5315,3.0888,0.86,56.9224,63.1272,3.3978,2.2494,2.0693,0.0531,0.5313,447242.8758,447242.8758,221754.6394,16834221.8451,16834221.8451,41.76,34.16,3.3292
600150,中国船舶,船舶,上海,19980520,600150.SH,20241105,36.8,38.18,36.56,37.96,36.88,1.08,2.9284,882153.36,3308345.986,1.9724,3.9781,1.22,57.4064,63.6638,3.4267,2.2685,2.0869,0.0527,0.5269,447242.8758,447242.8758,221754.6394,16977339.5654,16977339.5654,40.57,33.19,3.3292
600150,中国船舶,船舶,上海,19980520,600150.SH,20241104,36.75,37.2,36.54,36.88,36.85,0.03,0.0814,507358.67,1868421.567,1.1344,2.2879,0.69,55.7731,61.8525,3.3292,2.204,2.0275,0.0542,0.5423,447242.8758,447242.8758,221754.6394,16494317.2595,16494317.2595,40.54,33.17,3.3292
600150,中国船舶,船舶,上海,19980520,600150.SH,20241101,36.5,37.91,36.36,36.85,36.75,0.1,0.2721,688787.96,2556066.503,1.5401,3.1061,0.98,55.7277,61.8022,3.3265,2.2022,2.0258,0.0543,0.5427,447242.8758,447242.8758,221754.6394,16480899.9732,16480899.9732,40.43,33.08,3.3292
600150,中国船舶,船舶,上海,19980520,600150.SH,20241031,38.06,38.1,35.94,36.75,38.65,-1.9,-4.9159,1326854.76,4873570.132,2.9667,5.9834,2.37,55.5765,61.6345,3.3174,2.1962,2.0203,0.0544,0.5442,447242.8758,447242.8758,221754.6394,16436175.6857,16436175.6857,42.52,34.79,3.3292
600150,中国船舶,船舶,上海,19980520,600150.SH,20241030,38.05,38.73,37.91,38.65,38.32,0.33,0.8612,557781.36,2136245.938,1.2472,2.5153,0.91,58.4498,45.2919,3.5475,2.3098,2.1519,0.0517,0.5175,447242.8758,447242.8758,221754.6394,17285937.1497,17285937.1497,42.15,34.49,3.3292
600150,中国船舶,船舶,上海,19980520,600150.SH,20241029,38.8,39.2,38.27,38.32,38.71,-0.39,-1.0075,534559.72,2068321.255,1.1952,2.4106,0.87,57.9508,44.9052,3.5172,2.29,2.1335,0.0522,0.5219,447242.8758,447242.8758,221754.6394,17138347.0007,17138347.0007,42.58,34.84,3.3292
600150,中国船舶,船舶,上海,19980520,600150.SH,20241028,38.27,38.97,37.8,38.71,38.22,0.49,1.2821,567569.01,2188141.986,1.269,2.5594,0.86,58.5406,45.3622,3.553,2.3134,2.1552,0.0517,0.5167,447242.8758,447242.8758,221754.6394,17312771.7222,17312771.7222,42.04,34.4,3.3292
600150,中国船舶,船舶,上海,19980520,600150.SH,20241025,38.16,38.88,38.12,38.22,38.19,0.03,0.0786,537591.42,2061575.492,1.202,2.4243,0.75,57.7996,44.788,3.5081,2.2841,2.1279,0.0523,0.5233,447242.8758,447242.8758,221754.6394,17093622.7131,17093622.7131,42.01,34.37,3.3292
600150,中国船舶,船舶,上海,19980520,600150.SH,20241024,39.24,39.24,38.13,38.19,39.25,-1.06,-2.7006,607134.61,2332456.812,1.3575,2.7379,0.81,57.7542,44.7529,3.5053,2.2823,2.1263,0.0524,0.5237,447242.8758,447242.8758,221754.6394,17080205.4268,17080205.4268,43.18,35.33,3.3292
600150,中国船舶,船舶,上海,19980520,600150.SH,20241023,39.02,39.75,38.82,39.25,39.01,0.24,0.6152,809797.8,3181186.632,1.8106,3.6518,1.15,59.3572,45.995,3.6026,2.3456,2.1853,0.051,0.5096,447242.8758,447242.8758,221754.6394,17554282.8752,17554282.8752,42.91,35.11,3.3292
600150,中国船舶,船舶,上海,19980520,600150.SH,20241022,39.08,39.28,38.43,39.01,39.07,-0.06,-0.1536,554420.55,2153299.353,1.2396,2.5002,0.77,58.9943,45.7138,3.5806,2.3313,2.1719,0.0513,0.5127,447242.8758,447242.8758,221754.6394,17446944.585,17446944.585,42.98,35.16,3.3292
600150,中国船舶,船舶,上海,19980520,600150.SH,20241021,39.68,39.75,38.95,39.07,39.15,-0.08,-0.2043,775072.42,3044315.905,1.733,3.4952,1.05,59.085,45.7841,3.5861,2.3349,2.1753,0.0512,0.5119,447242.8758,447242.8758,221754.6394,17473779.1575,17473779.1575,43.07,35.24,3.3292
600150,中国船舶,船舶,上海,19980520,600150.SH,20241018,38.15,39.63,37.72,39.15,38.38,0.77,2.0063,842640.51,3257201.048,1.8841,3.7999,1.13,59.206,45.8778,3.5934,2.3396,2.1797,0.0511,0.5109,447242.8758,447242.8758,221754.6394,17509558.5876,17509558.5876,42.22,34.54,3.3292
600150,中国船舶,船舶,上海,19980520,600150.SH,20241017,39.52,39.64,38.38,38.38,39.42,-1.04,-2.6383,763061.65,2959660.859,1.7061,3.441,0.9,58.0415,44.9755,3.5227,2.2936,2.1368,0.0521,0.5211,447242.8758,447242.8758,221754.6394,17165181.5732,17165181.5732,43.36,35.48,3.3292
600150,中国船舶,船舶,上海,19980520,600150.SH,20241016,38.9,40.26,38.72,39.42,39.43,-0.01,-0.0254,591612.36,2340809.468,1.3228,2.6679,0.63,59.6143,46.1942,3.6182,2.3558,2.1947,0.0507,0.5074,447242.8758,447242.8758,221754.6394,17630314.164,17630314.164,43.37,35.49,3.3292
600150,中国船舶,船舶,上海,19980520,600150.SH,20241015,40.28,40.39,39.31,39.43,40.68,-1.25,-3.0728,644514.89,2566541.434,1.4411,2.9064,0.58,59.6294,46.206,3.6191,2.3564,2.1953,0.0507,0.5072,447242.8758,447242.8758,221754.6394,17634786.5928,17634786.5928,44.75,36.61,3.3292
600150,中国船舶,船舶,上海,19980520,600150.SH,20241014,40.69,41.58,40.03,40.68,40.48,0.2,0.4941,854283.87,3469545.46,1.9101,3.8524,0.71,61.5198,47.6708,3.7339,2.4311,2.2649,0.0492,0.4916,447242.8758,447242.8758,221754.6394,18193840.1875,18193840.1875,44.53,36.43,3.3292
600150,中国船舶,船舶,上海,19980520,600150.SH,20241011,42.43,42.58,39.8,40.48,42.13,-1.65,-3.9164,867958.85,3548674.152,1.9407,3.9141,0.76,61.2173,47.4364,3.7155,2.4191,2.2538,0.0494,0.4941,447242.8758,447242.8758,221754.6394,18104391.6124,18104391.6124,46.34,37.92,3.3292
600150,中国船舶,船舶,上海,19980520,600150.SH,20241010,40.6,44.1,40.42,42.13,40.15,1.98,4.9315,1283154.82,5429076.589,2.869,5.7864,1.25,63.7126,49.3699,3.8669,2.5177,2.3456,0.0475,0.4747,447242.8758,447242.8758,221754.6394,18842342.3575,18842342.3575,44.17,36.14,3.3292
600150,中国船舶,船舶,上海,19980520,600150.SH,20241009,42.5,43.16,40.07,40.15,43.3,-3.15,-7.2748,1029997.64,4285585.753,2.303,4.6448,1.03,60.7183,47.0497,3.6852,2.3994,2.2354,0.0498,0.4981,447242.8758,447242.8758,221754.6394,17956801.4634,17956801.4634,47.63,38.97,3.3292
600150,中国船舶,船舶,上海,19980520,600150.SH,20241008,45.95,45.95,41.5,43.3,41.77,1.53,3.6629,1512021.2,6625096.629,3.3808,6.8184,1.73,65.482,50.741,3.9743,2.5877,2.4108,0.0462,0.4619,447242.8758,447242.8758,221754.6394,19365616.5221,19365616.5221,45.95,37.59,3.3292
600150,中国船舶,船舶,上海,19980520,600150.SH,20240930,39.6,42.08,38.8,41.77,38.39,3.38,8.8044,1308293.51,5306562.207,2.9252,5.8997,1.78,63.1682,48.9481,3.8339,2.4962,2.3256,0.0479,0.4788,447242.8758,447242.8758,221754.6394,18681334.9222,18681334.9222,42.23,34.55,3.3292
600150,中国船舶,船舶,上海,19980520,600150.SH,20240927,37.33,38.41,36.92,38.39,37.29,1.1,2.9499,551413.26,2068423.485,1.2329,2.4866,0.69,58.0566,44.9872,3.5237,2.2942,2.1374,0.0521,0.521,447242.8758,447242.8758,221754.6394,17169654.002,17169654.002,41.02,33.56,3.3292
600150,中国船舶,船舶,上海,19980520,600150.SH,20240926,36.4,37.34,35.6,37.29,36.85,0.44,1.194,736530.92,2690879.765,1.6468,3.3214,0.84,56.3931,43.6982,3.4227,2.2285,2.0762,0.0536,0.5363,447242.8758,447242.8758,221754.6394,16677686.8386,16677686.8386,40.54,33.17,3.3292
600150,中国船舶,船舶,上海,19980520,600150.SH,20240925,35.16,36.87,35.15,36.85,35.04,1.81,5.1655,899377.18,3254343.075,2.0109,4.0557,1.03,55.7277,43.1826,3.3823,2.2022,2.0517,0.0543,0.5427,447242.8758,447242.8758,221754.6394,16480899.9732,16480899.9732,38.54,31.54,3.3292
600150,中国船舶,船舶,上海,19980520,600150.SH,20240924,34.03,35.38,33.21,35.04,33.9,1.14,3.3628,874298.49,2995804.678,1.9549,3.9426,1.12,52.9905,41.0615,3.2162,2.094,1.9509,0.0571,0.5708,447242.8758,447242.8758,221754.6394,15671390.368,15671390.368,37.29,30.51,3.3292
600150,中国船舶,船舶,上海,19980520,600150.SH,20240923,33.31,34.35,33.29,33.9,33.88,0.02,0.059,604450.06,2053892.585,1.3515,2.7258,0.86,51.2665,39.7256,3.1115,2.0259,1.8874,0.059,0.59,447242.8758,447242.8758,221754.6394,15161533.4896,15161533.4896,37.27,30.49,3.3292
600150,中国船舶,船舶,上海,19980520,600150.SH,20240920,35.45,35.45,33.51,33.88,36.06,-2.18,-6.0455,853179.3,2909320.175,1.9076,3.8474,1.42,51.2362,39.7022,3.1097,2.0247,1.8863,0.059,0.5903,447242.8758,447242.8758,221754.6394,15152588.6321,15152588.6321,39.67,32.45,3.3292
600150,中国船舶,船舶,上海,19980520,600150.SH,20240919,37.48,37.48,35.0,36.06,34.9,1.16,3.3238,1136554.53,4077959.186,2.5412,5.1253,2.78,54.533,42.2568,3.3098,2.155,2.0077,0.0555,0.5546,447242.8758,447242.8758,221754.6394,16127578.1013,16127578.1013,38.39,31.41,3.3292
600150,中国船舶,船舶,上海,19980520,600150.SH,20240902,38.33,38.34,34.64,34.9,38.37,-3.47,-9.0435,908454.88,3260794.021,2.0312,4.0967,3.35,52.7788,40.8975,3.2033,2.0857,1.9431,0.0573,0.5731,447242.8758,447242.8758,221754.6394,15608776.3654,15608776.3654,,,3.3292
600150,中国船舶,船舶,上海,19980520,600150.SH,20240830,38.76,39.13,38.37,38.37,38.76,-0.39,-1.0062,412411.12,1600253.047,0.9221,1.8598,1.79,58.0264,51.7683,3.6019,2.293,2.1169,0.0521,0.5212,447242.8758,447242.8758,221754.6394,17160709.1444,17160709.1444,,,3.3292
600150,中国船舶,船舶,上海,19980520,600150.SH,20240829,38.92,39.15,38.22,38.76,38.95,-0.19,-0.4878,206780.18,802173.752,0.4623,0.9325,0.91,58.6162,52.2944,3.6385,2.3163,2.1384,0.0516,0.516,447242.8758,447242.8758,221754.6394,17335133.866,17335133.866,,,3.3292
600150,中国船舶,船舶,上海,19980520,600150.SH,20240828,38.44,39.76,38.36,38.95,38.33,0.62,1.6175,347463.98,1358796.203,0.7769,1.5669,1.81,58.9035,52.5508,3.6563,2.3277,2.1489,0.0513,0.5135,447242.8758,447242.8758,221754.6394,17420110.0124,17420110.0124,,,3.3292
600150,中国船舶,船舶,上海,19980520,600150.SH,20240827,38.71,38.86,38.11,38.33,38.82,-0.49,-1.2622,168722.99,648469.563,0.3773,0.7609,0.84,57.9659,51.7143,3.5981,2.2906,2.1147,0.0522,0.5218,447242.8758,447242.8758,221754.6394,17142819.4294,17142819.4294,,,3.3292
600150,中国船舶,船舶,上海,19980520,600150.SH,20240826,38.78,39.06,38.08,38.82,38.81,0.01,0.0258,220915.8,852558.952,0.494,0.9962,1.15,58.7069,52.3754,3.6441,2.3199,2.1417,0.0515,0.5152,447242.8758,447242.8758,221754.6394,17361968.4386,17361968.4386,,,3.3292
600150,中国船舶,船舶,上海,19980520,600150.SH,20240823,38.98,39.33,38.51,38.81,38.98,-0.17,-0.4361,210677.17,817379.665,0.4711,0.95,1.12,58.6918,52.3619,3.6432,2.3193,2.1412,0.0515,0.5153,447242.8758,447242.8758,221754.6394,17357496.0098,17357496.0098,,,3.3292
600150,中国船舶,船舶,上海,19980520,600150.SH,20240822,38.95,39.24,38.51,38.98,38.95,0.03,0.077,184346.03,717324.091,0.4122,0.8313,0.91,58.9489,52.5913,3.6592,2.3295,2.1506,0.0513,0.5131,447242.8758,447242.8758,221754.6394,17433527.2987,17433527.2987,,,3.3292
600150,中国船舶,船舶,上海,19980520,600150.SH,20240821,38.56,39.03,38.36,38.95,38.78,0.17,0.4384,173883.6,674169.642,0.3888,0.7841,0.82,58.9035,52.5508,3.6563,2.3277,2.1489,0.0513,0.5135,447242.8758,447242.8758,221754.6394,17420110.0124,17420110.0124,,,3.3292
600150,中国船舶,船舶,上海,19980520,600150.SH,20240820,39.52,39.53,38.5,38.78,39.42,-0.64,-1.6235,213799.25,828723.856,0.478,0.9641,0.84,58.6464,52.3214,3.6404,2.3175,2.1395,0.0516,0.5157,447242.8758,447242.8758,221754.6394,17344078.7235,17344078.7235,,,3.3292
600150,中国船舶,船舶,上海,19980520,600150.SH,20240819,38.9,39.55,38.78,39.42,39.2,0.22,0.5612,178110.89,700174.926,0.3982,0.8032,0.67,59.6143,53.1849,3.7005,2.3558,2.1749,0.0507,0.5074,447242.8758,447242.8758,221754.6394,17630314.164,17630314.164,,,3.3292
600150,中国船舶,船舶,上海,19980520,600150.SH,20240816,39.56,39.56,38.88,39.2,39.41,-0.21,-0.5329,194541.03,763056.578,0.435,0.8773,0.69,59.2816,52.8881,3.6798,2.3426,2.1627,0.051,0.5102,447242.8758,447242.8758,221754.6394,17531920.7314,17531920.7314,,,3.3292
600150,中国船舶,船舶,上海,19980520,600150.SH,20240815,39.37,39.76,39.01,39.41,39.32,0.09,0.2289,248025.52,978628.714,0.5546,1.1185,0.84,59.5992,53.1714,3.6995,2.3552,2.1743,0.0507,0.5075,447242.8758,447242.8758,221754.6394,17625841.7353,17625841.7353,,,3.3292
600150,中国船舶,船舶,上海,19980520,600150.SH,20240814,39.2,39.58,38.75,39.32,39.29,0.03,0.0764,228049.38,895525.375,0.5099,1.0284,0.76,59.4631,53.05,3.6911,2.3498,2.1693,0.0509,0.5086,447242.8758,447242.8758,221754.6394,17585589.8765,17585589.8765,,,3.3292
600150,中国船舶,船舶,上海,19980520,600150.SH,20240813,38.4,39.5,38.39,39.29,38.0,1.29,3.3947,416532.94,1626406.502,0.9313,1.8784,1.42,59.4177,53.0095,3.6883,2.348,2.1677,0.0509,0.509,447242.8758,447242.8758,221754.6394,17572172.5902,17572172.5902,,,3.3292
600150,中国船舶,船舶,上海,19980520,600150.SH,20240812,38.13,38.58,37.66,38.0,38.05,-0.05,-0.1314,237827.75,906549.36,0.5318,1.0725,0.69,57.4669,51.2691,3.5672,2.2709,2.0965,0.0526,0.5263,447242.8758,447242.8758,221754.6394,16995229.2804,16995229.2804,,,3.3292
600150,中国船舶,船舶,上海,19980520,600150.SH,20240809,38.9,39.07,38.01,38.05,38.61,-0.56,-1.4504,273805.05,1050175.05,0.6122,1.2347,0.78,57.5425,51.3365,3.5719,2.2739,2.0993,0.0526,0.5256,447242.8758,447242.8758,221754.6394,17017591.4242,17017591.4242,,,3.3292
600150,中国船舶,船舶,上海,19980520,600150.SH,20240808,39.43,39.59,38.68,38.81,39.6,-0.79,-1.9949,328029.23,1278445.039,0.7334,1.4792,0.9,58.6918,52.3619,3.5761,2.3193,2.1412,0.0515,,447242.8758,447242.8758,221754.6394,17357496.0098,17357496.0098,,,3.3292
600150,中国船舶,船舶,上海,19980520,600150.SH,20240807,39.59,40.08,39.28,39.6,39.59,0.01,0.0253,251652.28,998237.82,0.5627,1.1348,0.63,59.8865,53.4278,3.6489,2.3665,2.1848,0.0505,,447242.8758,447242.8758,221754.6394,17710817.8817,17710817.8817,,,3.3292
600150,中国船舶,船舶,上海,19980520,600150.SH,20240806,39.8,40.18,39.01,39.59,39.55,0.04,0.1011,377390.82,1489910.468,0.8438,1.7018,1.01,59.8714,53.4143,3.6479,2.3659,2.1842,0.0505,,447242.8758,447242.8758,221754.6394,17706345.4529,17706345.4529,,,3.3292
600150,中国船舶,船舶,上海,19980520,600150.SH,20240805,40.6,41.1,39.47,39.55,41.22,-1.67,-4.0514,482799.64,1935604.185,1.0795,2.1772,1.33,59.8109,53.3603,3.6442,2.3636,2.182,0.0506,,447242.8758,447242.8758,221754.6394,17688455.7379,17688455.7379,,,3.3292
600150,中国船舶,船舶,上海,19980520,600150.SH,20240802,41.01,41.95,40.88,41.22,41.23,-0.01,-0.0243,318761.09,1318779.788,0.7127,1.4374,0.84,62.3364,55.6134,3.7981,2.4634,2.2742,0.0485,,447242.8758,447242.8758,221754.6394,18435351.3405,18435351.3405,,,3.3292
600150,中国船舶,船舶,上海,19980520,600150.SH,20240801,40.8,42.13,40.58,41.23,40.98,0.25,0.6101,385054.65,1599057.002,0.861,1.7364,0.89,62.3515,55.6269,3.799,2.4639,2.2747,0.0485,,447242.8758,447242.8758,221754.6394,18439823.7692,18439823.7692,,,3.3292
600150,中国船舶,船舶,上海,19980520,600150.SH,20240731,41.14,41.63,39.9,40.98,41.3,-0.32,-0.7748,424302.65,1728878.187,0.9487,1.9134,1.0,61.9735,55.2896,3.776,2.449,2.2609,0.0488,,447242.8758,447242.8758,221754.6394,18328013.0503,18328013.0503,,,3.3292
600150,中国船舶,船舶,上海,19980520,600150.SH,20240730,41.25,41.45,40.6,41.3,41.35,-0.05,-0.1209,259774.52,1066310.459,0.5808,1.1715,0.58,62.4574,55.7214,3.8055,2.4681,2.2786,0.0484,,447242.8758,447242.8758,221754.6394,18471130.7705,18471130.7705,,,3.3292
600150,中国船舶,船舶,上海,19980520,600150.SH,20240729,40.69,42.36,40.69,41.35,40.53,0.82,2.0232,424153.64,1767456.211,0.9484,1.9127,0.96,62.533,55.7888,3.8101,2.4711,2.2813,0.0484,,447242.8758,447242.8758,221754.6394,18493492.9143,18493492.9143,,,3.3292
600150,中国船舶,船舶,上海,19980520,600150.SH,20240726,40.01,40.92,39.8,40.53,40.01,0.52,1.2997,394210.0,1589644.82,0.8814,1.7777,0.87,61.2929,54.6825,3.7345,2.4221,2.2361,0.0493,,447242.8758,447242.8758,221754.6394,18126753.7562,18126753.7562,,,3.3292
600150,中国船舶,船舶,上海,19980520,600150.SH,20240725,42.02,42.09,39.7,40.01,42.34,-2.33,-5.5031,663765.45,2688695.022,1.4841,2.9932,1.65,60.5065,53.9809,3.6866,2.391,2.2074,0.05,,447242.8758,447242.8758,221754.6394,17894187.4608,17894187.4608,,,3.312
600150,中国船舶,船舶,上海,19980520,600150.SH,20240724,41.5,42.86,41.42,42.34,41.7,0.64,1.5348,389269.78,1646068.754,0.8704,1.7554,1.01,64.0302,57.1245,3.9013,2.5303,2.336,0.0472,,447242.8758,447242.8758,221754.6394,18936263.3614,18936263.3614,,,3.312
600150,中国船舶,船舶,上海,19980520,600150.SH,20240723,42.97,43.1,41.56,41.7,42.98,-1.28,-2.9781,373330.95,1572928.576,0.8347,1.6835,1.03,63.0623,56.2611,3.8423,2.492,2.3006,0.048,,447242.8758,447242.8758,221754.6394,18650027.9209,18650027.9209,,,3.312
600150,中国船舶,船舶,上海,19980520,600150.SH,20240722,42.99,43.66,42.5,42.98,43.1,-0.12,-0.2784,385926.64,1660652.612,0.8629,1.7403,1.03,64.998,57.988,3.9603,2.5685,2.3713,0.0465,,447242.8758,447242.8758,221754.6394,19222498.8019,19222498.8019,,,3.312
600150,中国船舶,船舶,上海,19980520,600150.SH,20240719,42.1,43.2,41.83,43.1,42.3,0.8,1.8913,444242.55,1893208.119,0.9933,2.0033,1.32,65.1795,58.1499,3.9713,2.5757,2.3779,0.0464,,447242.8758,447242.8758,221754.6394,19276167.947,19276167.947,,,3.312
600150,中国船舶,船舶,上海,19980520,600150.SH,20240718,40.88,42.37,40.58,42.3,41.17,1.13,2.7447,420656.08,1748357.032,0.9406,1.8969,1.27,63.9697,57.0706,3.8976,2.5279,2.3337,0.0473,,447242.8758,447242.8758,221754.6394,18918373.6463,18918373.6463,,,3.312
600150,中国船舶,船舶,上海,19980520,600150.SH,20240717,41.72,42.32,40.9,41.17,41.69,-0.52,-1.2473,303643.4,1261664.918,0.6789,1.3693,0.87,62.2608,55.546,3.7935,2.4604,2.2714,0.0486,,447242.8758,447242.8758,221754.6394,18412989.1967,18412989.1967,,,3.312
600150,中国船舶,船舶,上海,19980520,600150.SH,20240716,41.68,41.89,41.3,41.69,41.7,-0.01,-0.024,252759.91,1052126.445,0.5652,1.1398,0.63,63.0472,56.2476,3.8414,2.4914,2.3001,0.048,,447242.8758,447242.8758,221754.6394,18645555.4921,18645555.4921,,,3.312
600150,中国船舶,船舶,上海,19980520,600150.SH,20240715,41.6,42.51,40.7,41.7,41.75,-0.05,-0.1198,444871.41,1865282.367,0.9947,2.0061,1.2,63.0623,56.2611,3.8423,2.492,2.3006,0.048,,447242.8758,447242.8758,221754.6394,18650027.9209,18650027.9209,,,3.312
600150,中国船舶,船舶,上海,19980520,600150.SH,20240712,41.89,42.18,41.46,41.75,41.88,-0.13,-0.3104,255508.38,1067222.961,0.5713,1.1522,0.66,63.1379,56.3285,3.847,2.495,2.3034,0.0479,,447242.8758,447242.8758,221754.6394,18672390.0647,18672390.0647,44.01,36.01,3.312
600150,中国船舶,船舶,上海,19980520,600150.SH,20240711,41.13,42.44,41.13,41.88,41.12,0.76,1.8482,404909.86,1696843.173,0.9053,1.8259,1.13,63.3345,56.5039,3.8589,2.5028,2.3106,0.0478,0.0478,447242.8758,447242.8758,221754.6394,18730531.6385,18730531.6385,,,3.312
600150,中国船舶,船舶,上海,19980520,600150.SH,20240710,41.1,42.0,40.5,41.12,41.01,0.11,0.2682,395353.21,1626110.941,0.884,1.7828,1.14,62.1852,55.4785,3.7889,2.4574,2.2686,0.0486,0.0486,447242.8758,447242.8758,221754.6394,18390627.0529,18390627.0529,,,3.312
600150,中国船舶,船舶,上海,19980520,600150.SH,20240709,40.67,41.48,39.7,41.01,40.34,0.67,1.6609,508245.11,2072683.403,1.1364,2.2919,1.64,62.0188,55.3301,3.7788,2.4508,2.2626,0.0488,0.0488,447242.8758,447242.8758,221754.6394,18341430.3366,18341430.3366,,,3.312
600150,中国船舶,船舶,上海,19980520,600150.SH,20240708,40.14,40.65,39.67,40.34,40.16,0.18,0.4482,289703.91,1164990.505,0.6478,1.3064,0.83,61.0056,54.4262,3.717,2.4108,2.2256,0.0496,0.0496,447242.8758,447242.8758,221754.6394,18041777.6098,18041777.6098,,,3.312
600150,中国船舶,船舶,上海,19980520,600150.SH,20240705,40.37,40.43,39.36,40.16,40.44,-0.28,-0.6924,341792.64,1363122.096,0.7642,1.5413,0.73,60.7334,54.1833,3.7004,2.4,2.2157,0.0498,0.0498,447242.8758,447242.8758,221754.6394,17961273.8921,17961273.8921,,,3.312
600150,中国船舶,船舶,上海,19980520,600150.SH,20240704,40.43,40.91,40.34,40.44,40.44,0.0,0.0,249442.94,1011632.829,0.5577,1.1249,0.51,61.1568,54.5611,3.7262,2.4167,2.2311,0.0495,0.0495,447242.8758,447242.8758,221754.6394,18086501.8974,18086501.8974,,,3.312
600150,中国船舶,船舶,上海,19980520,600150.SH,20240703,41.03,41.2,40.0,40.44,41.1,-0.66,-1.6058,339797.83,1374079.272,0.7598,1.5323,0.7,61.1568,54.5611,3.7262,2.4167,2.2311,0.0495,0.0495,447242.8758,447242.8758,221754.6394,18086501.8974,18086501.8974,,,3.312
600150,中国船舶,船舶,上海,19980520,600150.SH,20240702,41.17,41.55,40.73,41.1,41.17,-0.07,-0.17,331898.18,1362748.012,0.7421,1.4967,0.66,62.1549,55.4515,3.7871,2.4562,2.2675,0.0487,0.0487,447242.8758,447242.8758,221754.6394,18381682.1954,18381682.1954,,,3.312
600150,中国船舶,船舶,上海,19980520,600150.SH,20240701,40.69,41.38,40.47,41.17,40.71,0.46,1.1299,480451.03,1965939.515,1.0743,2.1666,1.04,62.2608,55.546,3.7935,2.4604,2.2714,0.0486,0.0486,447242.8758,447242.8758,221754.6394,18412989.1967,18412989.1967,,,3.312
600150,中国船舶,船舶,上海,19980520,600150.SH,20240628,37.82,40.99,37.7,40.71,37.75,2.96,7.8411,952060.91,3782357.852,2.1287,4.2933,2.89,61.5651,54.9254,3.7511,2.4329,2.246,0.0491,0.0491,447242.8758,447242.8758,221754.6394,18207257.4738,18207257.4738,,,3.312
600150,中国船舶,船舶,上海,19980520,600150.SH,20240627,37.25,38.04,36.85,37.75,37.4,0.35,0.9358,346166.42,1300271.939,0.774,1.561,1.0,57.0888,50.9318,3.4784,2.256,2.0827,0.053,0.053,447242.8758,447242.8758,221754.6394,16883418.5615,16883418.5615,,,3.312
600150,中国船舶,船舶,上海,19980520,600150.SH,20240626,36.99,37.5,36.55,37.4,37.05,0.35,0.9447,314679.36,1165795.229,0.7036,1.419,0.86,56.5595,50.4596,3.4461,2.2351,2.0634,0.0535,0.0535,447242.8758,447242.8758,221754.6394,16726883.5549,16726883.5549,,,3.312
600150,中国船舶,船舶,上海,19980520,600150.SH,20240625,37.54,37.76,36.65,37.05,37.6,-0.55,-1.4628,421287.69,1563431.743,0.942,1.8998,1.2,56.0302,49.9873,3.4139,2.2141,2.0441,0.054,0.054,447242.8758,447242.8758,221754.6394,16570348.5484,16570348.5484,,,3.312
600150,中国船舶,船舶,上海,19980520,600150.SH,20240624,38.03,38.3,37.6,37.6,38.24,-0.64,-1.6736,271121.66,1027746.159,0.6062,1.2226,0.79,56.8619,50.7294,3.4646,2.247,2.0744,0.0532,0.0532,447242.8758,447242.8758,221754.6394,16816332.1301,16816332.1301,,,3.312
600150,中国船舶,船舶,上海,19980520,600150.SH,20240621,38.32,38.48,37.5,38.24,38.32,-0.08,-0.2088,296398.42,1127282.878,0.6627,1.3366,0.82,57.8298,51.5929,3.5235,2.2853,2.1097,0.0523,0.0523,447242.8758,447242.8758,221754.6394,17102567.5706,17102567.5706,,,3.312
600150,中国船舶,船舶,上海,19980520,600150.SH,20240620,37.89,39.16,37.89,38.32,37.99,0.33,0.8686,429414.36,1656269.402,0.9601,1.9364,1.14,57.9508,51.7008,3.5309,2.29,2.1142,0.0522,0.0522,447242.8758,447242.8758,221754.6394,17138347.0007,17138347.0007,,,3.312
600150,中国船舶,船舶,上海,19980520,600150.SH,20240619,38.88,39.06,37.41,37.99,38.87,-0.88,-2.264,402914.65,1533874.448,0.9009,1.8169,1.13,57.4517,51.2556,3.5005,2.2703,2.096,0.0526,0.0526,447242.8758,447242.8758,221754.6394,16990756.8516,16990756.8516,,,3.312
600150,中国船舶,船舶,上海,19980520,600150.SH,20240618,38.35,39.1,38.02,38.87,38.34,0.53,1.3824,360950.81,1396244.755,0.8071,1.6277,0.88,58.7825,52.4429,3.5816,2.3229,2.1445,0.0515,0.0515,447242.8758,447242.8758,221754.6394,17384330.5823,17384330.5823,,,3.312
600150,中国船舶,船舶,上海,19980520,600150.SH,20240617,38.2,38.64,38.02,38.34,38.14,0.2,0.5244,231735.63,889400.246,0.5181,1.045,0.52,57.981,51.7278,3.5328,2.2912,2.1153,0.0522,0.0522,447242.8758,447242.8758,221754.6394,17147291.8582,17147291.8582,,,3.312
600150,中国船舶,船舶,上海,19980520,600150.SH,20240614,38.65,38.85,37.76,38.14,38.8,-0.66,-1.701,386443.01,1478882.851,0.8641,1.7427,0.83,57.6786,51.458,3.5143,2.2793,2.1042,0.0524,0.0524,447242.8758,447242.8758,221754.6394,17057843.283,17057843.283,,,3.312
600150,中国船舶,船舶,上海,19980520,600150.SH,20240613,37.68,39.18,37.61,38.8,37.74,1.06,2.8087,499195.43,1931354.638,1.1162,2.2511,1.14,58.6767,52.3484,3.5751,2.3187,2.1406,0.0515,0.0515,447242.8758,447242.8758,221754.6394,17353023.581,17353023.581,,,3.312
600150,中国船舶,船舶,上海,19980520,600150.SH,20240612,36.9,37.92,36.88,37.74,37.25,0.49,1.3154,305151.49,1147062.196,0.6823,1.3761,0.69,57.0737,50.9183,3.4775,2.2554,2.0822,0.053,0.053,447242.8758,447242.8758,221754.6394,16878946.1327,16878946.1327,,,3.312
600150,中国船舶,船舶,上海,19980520,600150.SH,20240611,38.48,39.15,36.6,37.25,38.48,-1.23,-3.1965,627210.22,2359007.409,1.4024,2.8284,1.51,56.3326,50.2572,3.4323,2.2261,2.0551,0.0537,0.0537,447242.8758,447242.8758,221754.6394,16659797.1236,16659797.1236,,,3.3121
600150,中国船舶,船舶,上海,19980520,600150.SH,20240607,38.22,38.98,38.08,38.48,38.18,0.3,0.7858,396557.45,1527430.157,0.8867,1.7883,0.98,58.1927,51.9167,3.5457,2.2996,2.123,0.052,0.052,447242.8758,447242.8758,221754.6394,17209905.8608,17209905.8608,,,3.312
600150,中国船舶,船舶,上海,19980520,600150.SH,20240606,37.8,38.7,37.56,38.18,37.74,0.44,1.1659,508022.46,1945396.575,1.1359,2.2909,1.08,57.7391,51.5119,3.518,2.2817,2.1064,0.0524,0.0524,447242.8758,447242.8758,221754.6394,17075732.998,17075732.998,,,3.312
600150,中国船舶,船舶,上海,19980520,600150.SH,20240605,37.77,38.37,37.62,37.74,37.9,-0.16,-0.4222,350174.11,1328527.95,0.783,1.5791,0.78,57.0737,50.9183,3.4775,2.2554,2.0822,0.053,0.053,447242.8758,447242.8758,221754.6394,16878946.1327,16878946.1327,,,3.312
600150,中国船舶,船舶,上海,19980520,600150.SH,20240604,37.7,38.04,37.45,37.9,37.8,0.1,0.2646,326180.18,1232143.281,0.7293,1.4709,0.73,57.3156,51.1341,3.4922,2.2649,2.091,0.0528,0.0528,447242.8758,447242.8758,221754.6394,16950504.9928,16950504.9928,,,3.312
600150,中国船舶,船舶,上海,19980520,600150.SH,20240603,37.25,38.33,37.23,37.8,37.14,0.66,1.7771,499500.69,1893081.348,1.1168,2.2525,1.16,57.1644,50.9992,3.483,2.259,2.0855,0.0529,0.0529,447242.8758,447242.8758,221754.6394,16905780.7052,16905780.7052,,,3.312
600150,中国船舶,船舶,上海,19980520,600150.SH,20240531,37.43,37.65,37.1,37.14,37.49,-0.35,-0.9336,331204.37,1236553.806,0.7405,1.4936,0.75,56.1663,50.1088,3.4222,2.2195,2.0491,0.0539,0.0539,447242.8758,447242.8758,221754.6394,16610600.4072,16610600.4072,,,3.312
600150,中国船舶,船舶,上海,19980520,600150.SH,20240530,35.51,37.97,35.36,37.49,35.7,1.79,5.014,846136.87,3129618.234,1.8919,3.8156,2.44,56.6956,50.581,3.4544,2.2404,2.0684,0.0533,0.0533,447242.8758,447242.8758,221754.6394,16767135.4137,16767135.4137,,,3.312
600150,中国船舶,船舶,上海,19980520,600150.SH,20240529,35.8,36.05,35.51,35.7,35.89,-0.19,-0.5294,240099.04,858637.276,0.5368,1.0827,0.66,53.9886,48.1659,3.2895,2.1335,1.9696,0.056,0.056,447242.8758,447242.8758,221754.6394,15966570.6661,15966570.6661,,,3.312
600150,中国船舶,船舶,上海,19980520,600150.SH,20240528,36.09,36.26,35.6,35.89,36.09,-0.2,-0.5542,304034.81,1091583.392,0.6798,1.371,0.81,54.2759,48.4223,3.307,2.1448,1.9801,0.0557,0.0557,447242.8758,447242.8758,221754.6394,16051546.8125,16051546.8125,,,3.312
600150,中国船舶,船舶,上海,19980520,600150.SH,20240527,35.5,36.1,35.38,36.09,35.46,0.63,1.7766,440066.49,1576371.471,0.984,1.9845,1.15,54.5784,48.6921,3.3254,2.1568,1.9911,0.0554,0.0554,447242.8758,447242.8758,221754.6394,16140995.3876,16140995.3876,,,3.312
600150,中国船舶,船舶,上海,19980520,600150.SH,20240524,35.32,35.83,35.12,35.46,35.44,0.02,0.0564,371532.37,1319223.913,0.8307,1.6754,0.85,53.6256,47.8421,3.2674,2.1191,1.9564,0.0564,0.0564,447242.8758,447242.8758,221754.6394,15859232.3759,15859232.3759,,,3.312
600150,中国船舶,船舶,上海,19980520,600150.SH,20240523,35.7,36.13,35.23,35.44,35.77,-0.33,-0.9226,374775.75,1338554.712,0.838,1.69,0.79,53.5954,47.8151,3.2655,2.1179,1.9553,0.0564,0.0564,447242.8758,447242.8758,221754.6394,15850287.5184,15850287.5184,,,3.312
600150,中国船舶,船舶,上海,19980520,600150.SH,20240522,36.25,36.32,35.56,35.77,36.21,-0.44,-1.2151,336828.83,1207850.384,0.7531,1.5189,0.66,54.0945,48.2604,3.2959,2.1377,1.9735,0.0559,0.0559,447242.8758,447242.8758,221754.6394,15997877.6674,15997877.6674,,,3.312
600150,中国船舶,船舶,上海,19980520,600150.SH,20240521,36.25,36.71,36.01,36.21,36.31,-0.1,-0.2754,364144.18,1324669.862,0.8142,1.6421,0.7,54.7599,48.854,3.3365,2.1639,1.9978,0.0552,0.0552,447242.8758,447242.8758,221754.6394,16194664.5327,16194664.5327,,,3.312
600150,中国船舶,船舶,上海,19980520,600150.SH,20240520,35.83,36.52,35.79,36.31,35.81,0.5,1.3963,458613.32,1662261.985,1.0254,2.0681,0.87,54.9111,48.9889,3.3457,2.1699,2.0033,0.0551,0.0551,447242.8758,447242.8758,221754.6394,16239388.8203,16239388.8203,,,3.312
600150,中国船舶,船舶,上海,19980520,600150.SH,20240517,36.31,36.57,35.35,35.81,36.35,-0.54,-1.4856,662119.59,2363348.046,1.4804,2.9858,1.37,54.1549,48.3143,3.2996,2.14,1.9757,0.0559,0.0559,447242.8758,447242.8758,221754.6394,16015767.3824,16015767.3824,,,3.312
600150,中国船舶,船舶,上海,19980520,600150.SH,20240516,36.7,36.95,36.28,36.35,36.95,-0.6,-1.6238,537934.0,1963728.634,1.2028,2.4258,1.1,54.9716,49.0429,3.3494,2.1723,2.0055,0.055,0.055,447242.8758,447242.8758,221754.6394,16257278.5353,16257278.5353,,,3.312
600150,中国船舶,船舶,上海,19980520,600150.SH,20240515,38.4,38.54,36.9,36.95,38.58,-1.63,-4.225,539282.53,2028617.314,1.2058,2.4319,1.21,55.879,49.8524,3.4047,2.2082,2.0386,0.0541,0.0541,447242.8758,447242.8758,221754.6394,16525624.2608,16525624.2608,,,3.312
600150,中国船舶,船舶,上海,19980520,600150.SH,20240514,38.47,39.05,38.21,38.58,38.47,0.11,0.2859,393304.43,1518285.446,0.8794,1.7736,0.8,58.344,52.0516,3.5549,2.3056,2.1285,0.0518,0.0518,447242.8758,447242.8758,221754.6394,17254630.1484,17254630.1484,,,3.312
600150,中国船舶,船舶,上海,19980520,600150.SH,20240513,37.75,38.68,37.33,38.47,37.99,0.48,1.2635,508610.5,1942301.703,1.1372,2.2936,1.01,58.1776,51.9032,3.5447,2.299,2.1224,0.052,0.052,447242.8758,447242.8758,221754.6394,17205433.432,17205433.432,,,3.312
600150,中国船舶,船舶,上海,19980520,600150.SH,20240510,38.25,38.76,37.7,37.99,38.25,-0.26,-0.6797,435290.35,1656679.563,0.9733,1.9629,0.84,57.4517,51.2556,3.5005,2.2703,2.096,0.0526,0.0526,447242.8758,447242.8758,221754.6394,16990756.8516,16990756.8516,,,3.312
600150,中国船舶,船舶,上海,19980520,600150.SH,20240509,37.21,38.3,37.1,38.25,37.21,1.04,2.7949,565091.91,2140290.922,1.2635,2.5483,1.0,57.8449,51.6064,3.5245,2.2859,2.1103,0.0523,0.0523,447242.8758,447242.8758,221754.6394,17107039.9994,17107039.9994,,,3.312
600150,中国船舶,船舶,上海,19980520,600150.SH,20240508,37.49,37.56,37.04,37.21,37.49,-0.28,-0.7469,320967.71,1194683.225,0.7177,1.4474,0.55,56.2721,50.2032,3.4286,2.2237,2.0529,0.0537,0.0537,447242.8758,447242.8758,221754.6394,16641907.4085,16641907.4085,,,3.312
600150,中国船舶,船舶,上海,19980520,600150.SH,20240507,36.81,38.17,36.71,37.49,37.04,0.45,1.2149,616205.0,2317754.759,1.3778,2.7788,1.18,56.6956,50.581,3.4544,2.2404,2.0684,0.0533,0.0533,447242.8758,447242.8758,221754.6394,16767135.4137,16767135.4137,,,3.312
600150,中国船舶,船舶,上海,19980520,600150.SH,20240506,36.75,37.5,36.13,37.04,36.5,0.54,1.4795,591674.03,2183450.392,1.3229,2.6681,1.27,56.0151,49.9738,3.413,2.2135,2.0435,0.054,0.054,447242.8758,447242.8758,221754.6394,16565876.1196,16565876.1196,,,3.312
600150,中国船舶,船舶,上海,19980520,600150.SH,20240430,36.73,37.32,35.99,36.5,36.63,-0.13,-0.3549,502141.3,1837877.806,1.1227,2.2644,1.03,55.1984,49.2453,3.3632,2.1813,2.0138,0.0548,0.0548,447242.8758,447242.8758,221754.6394,16324364.9667,16324364.9667,,,3.312
600150,中国船舶,船舶,上海,19980520,600150.SH,20240429,37.8,37.86,35.56,36.63,37.44,-0.81,-2.1635,792652.14,2890645.173,1.7723,3.5745,1.77,55.395,49.4207,3.3752,2.189,2.0209,0.0546,0.0546,447242.8758,447242.8758,221754.6394,16382506.5406,16382506.5406,,,3.312
600150,中国船舶,船舶,上海,19980520,600150.SH,20240426,37.05,37.54,36.91,37.44,37.05,0.39,1.0526,420121.59,1564933.125,0.9394,1.8945,0.9,974.2519,131.8249,3.4826,2.8115,2.3712,0.0534,0.0534,447242.8758,447242.8758,221754.6394,16744773.27,16744773.27,,,3.312
600150,中国船舶,船舶,上海,19980520,600150.SH,20240425,36.89,37.29,36.59,37.05,36.92,0.13,0.3521,301405.07,1113621.184,0.6739,1.3592,0.58,964.1034,130.4517,3.4463,2.7822,2.3465,0.054,0.054,447242.8758,447242.8758,221754.6394,16570348.5484,16570348.5484,,,3.312
600150,中国船舶,船舶,上海,19980520,600150.SH,20240424,36.61,37.06,36.54,36.92,36.55,0.37,1.0123,317501.79,1168623.177,0.7099,1.4318,0.58,960.7206,129.994,3.4342,2.7725,2.3382,0.0542,0.0542,447242.8758,447242.8758,221754.6394,16512206.9745,16512206.9745,,,3.312
600150,中国船舶,船舶,上海,19980520,600150.SH,20240423,37.38,37.6,36.08,36.55,37.53,-0.98,-2.6112,597086.94,2189580.203,1.335,2.6926,1.09,951.0926,128.6913,3.3998,2.7447,2.3148,0.0547,0.0547,447242.8758,447242.8758,221754.6394,16346727.1105,16346727.1105,,,3.312
600150,中国船舶,船舶,上海,19980520,600150.SH,20240422,39.1,39.48,37.35,37.53,39.1,-1.57,-4.0153,606170.22,2319193.973,1.3553,2.7335,1.08,976.5938,132.1418,3.491,2.8183,2.3769,0.0533,0.0533,447242.8758,447242.8758,221754.6394,16785025.1288,16785025.1288,,,3.312
600150,中国船舶,船舶,上海,19980520,600150.SH,20240419,38.5,39.99,38.45,39.1,38.76,0.34,0.8772,502894.99,1979270.943,1.1244,2.2678,0.94,1017.4479,137.6697,3.637,2.9362,2.4763,0.0512,0.0512,447242.8758,447242.8758,221754.6394,17487196.4438,17487196.4438,,,3.312
600150,中国船舶,船舶,上海,19980520,600150.SH,20240418,38.69,39.15,37.9,38.76,39.37,-0.61,-1.5494,591081.2,2283466.057,1.3216,2.6655,1.19,1008.6005,136.4726,3.6054,2.9106,2.4547,0.0516,0.0516,447242.8758,447242.8758,221754.6394,17335133.866,17335133.866,,,3.312
600150,中国船舶,船舶,上海,19980520,600150.SH,20240417,38.48,39.42,37.65,39.37,38.64,0.73,1.8892,463410.43,1801574.48,1.0361,2.0897,0.95,1024.4737,138.6204,3.6621,2.9565,2.4934,0.0508,0.0508,447242.8758,447242.8758,221754.6394,17607952.0202,17607952.0202,,,3.312
600150,中国船舶,船舶,上海,19980520,600150.SH,20240416,39.62,39.91,38.49,38.64,39.58,-0.94,-2.3749,576615.07,2258560.144,1.2893,2.6002,1.21,1005.4779,136.0501,3.5942,2.9016,2.4471,0.0518,0.0518,447242.8758,447242.8758,221754.6394,17281464.7209,17281464.7209,,,3.312
600150,中国船舶,船舶,上海,19980520,600150.SH,20240415,37.28,39.74,37.28,39.58,37.28,2.3,6.1695,672092.95,2613218.702,1.5027,3.0308,1.48,1029.9383,139.3598,3.6817,2.9722,2.5067,0.0505,0.0505,447242.8758,447242.8758,221754.6394,17701873.0242,17701873.0242,,,3.312
600150,中国船舶,船舶,上海,19980520,600150.SH,20240412,37.6,38.29,37.14,37.28,37.7,-0.42,-1.1141,369109.27,1391636.821,0.8253,1.6645,0.76,970.0884,131.2616,3.4677,2.7995,2.361,0.0536,0.0536,447242.8758,447242.8758,221754.6394,16673214.4098,16673214.4098,,,3.312
600150,中国船舶,船舶,上海,19980520,600150.SH,20240411,37.1,38.33,37.03,37.7,37.2,0.5,1.3441,408007.54,1539226.567,0.9123,1.8399,0.83,981.0175,132.7404,3.5068,2.831,2.3876,0.0531,0.0531,447242.8758,447242.8758,221754.6394,16861056.4177,16861056.4177,,,3.312
600150,中国船舶,船舶,上海,19980520,600150.SH,20240410,37.36,37.85,36.9,37.2,37.44,-0.24,-0.641,419422.52,1564986.62,0.9378,1.8914,0.81,968.0067,130.9799,3.4603,2.7935,2.356,0.0538,0.0538,447242.8758,447242.8758,221754.6394,16637434.9798,16637434.9798,,,3.312
600150,中国船舶,船舶,上海,19980520,600150.SH,20240409,38.4,38.68,37.38,37.44,38.6,-1.16,-3.0052,507793.42,1919126.987,1.1354,2.2899,0.87,974.2519,131.8249,3.4826,2.8115,2.3712,0.0534,0.0534,447242.8758,447242.8758,221754.6394,16744773.27,16744773.27,,,3.312
600150,中国船舶,船舶,上海,19980520,600150.SH,20240408,37.74,39.12,37.53,38.6,37.8,0.8,2.1164,569394.13,2187620.447,1.2731,2.5677,1.02,1004.437,135.9092,3.5905,2.8986,2.4446,0.0518,0.0518,447242.8758,447242.8758,221754.6394,17263575.0059,17263575.0059,,,3.312
600150,中国船舶,船舶,上海,19980520,600150.SH,20240403,37.33,38.5,37.28,37.8,37.44,0.36,0.9615,531689.21,2017962.117,1.1888,2.3976,1.02,983.6197,133.0925,3.5161,2.8386,2.3939,0.0529,0.0529,447242.8758,447242.8758,221754.6394,16905780.7052,16905780.7052,,,3.312
600150,中国船舶,船舶,上海,19980520,600150.SH,20240402,37.22,37.88,37.2,37.44,37.45,-0.01,-0.0267,443044.55,1661004.952,0.9906,1.9979,0.88,974.2519,131.8249,3.4826,2.8115,2.3712,0.0534,0.0534,447242.8758,447242.8758,221754.6394,16744773.27,16744773.27,,,3.312
600150,中国船舶,船舶,上海,19980520,600150.SH,20240401,36.81,37.75,36.43,37.45,37.0,0.45,1.2162,542212.85,2015814.067,1.2123,2.4451,1.15,974.5121,131.8601,3.4835,2.8123,2.3718,0.0534,0.0534,447242.8758,447242.8758,221754.6394,16749245.6987,16749245.6987,,,3.312
600150,中国船舶,船舶,上海,19980520,600150.SH,20240329,34.6,37.37,34.52,37.0,34.6,2.4,6.9364,834550.3,3028732.938,1.866,3.7634,2.18,962.8023,130.2757,3.4417,2.7785,2.3433,0.0541,0.0541,447242.8758,447242.8758,221754.6394,16547986.4046,16547986.4046,,,3.312
600150,中国船舶,船舶,上海,19980520,600150.SH,20240328,34.7,35.0,34.08,34.6,34.7,-0.1,-0.2882,448946.09,1551076.236,1.0038,2.0245,1.21,900.3503,121.8254,3.2184,2.5983,2.1913,0.0578,0.0578,447242.8758,447242.8758,221754.6394,15474603.5027,15474603.5027,,,3.312
600150,中国船舶,船舶,上海,19980520,600150.SH,20240327,34.77,35.18,34.4,34.7,34.97,-0.27,-0.7721,346728.32,1206394.97,0.7753,1.5636,0.92,902.9524,122.1775,3.2277,2.6058,2.1976,0.0576,0.0576,447242.8758,447242.8758,221754.6394,15519327.7903,15519327.7903,,,3.312
600150,中国船舶,船舶,上海,19980520,600150.SH,20240326,34.81,35.43,34.75,34.97,34.8,0.17,0.4885,333881.62,1168744.153,0.7465,1.5056,0.87,909.9783,123.1281,3.2528,2.626,2.2147,0.0572,0.0572,447242.8758,447242.8758,221754.6394,15640083.3667,15640083.3667,,,3.312
600150,中国船舶,船舶,上海,19980520,600150.SH,20240325,34.82,35.24,34.32,34.8,35.0,-0.2,-0.5714,395703.24,1381266.06,0.8848,1.7844,0.93,905.5546,122.5296,3.237,2.6133,2.204,0.0575,0.0575,447242.8758,447242.8758,221754.6394,15564052.0778,15564052.0778,,,3.312
600150,中国船舶,船舶,上海,19980520,600150.SH,20240322,35.05,35.09,34.43,35.0,35.01,-0.01,-0.0286,393149.34,1366799.054,0.8791,1.7729,0.91,910.759,123.2338,3.2556,2.6283,2.2166,0.0571,0.0571,447242.8758,447242.8758,221754.6394,15653500.653,15653500.653,,,3.312
600150,中国船舶,船舶,上海,19980520,600150.SH,20240321,34.8,35.59,34.78,35.01,34.88,0.13,0.3727,381166.72,1339946.158,0.8523,1.7189,0.83,911.0192,123.269,3.2566,2.629,2.2173,0.0571,0.0571,447242.8758,447242.8758,221754.6394,15657973.0818,15657973.0818,,,3.312
600150,中国船舶,船舶,上海,19980520,600150.SH,20240320,34.71,35.34,34.6,34.88,34.78,0.1,0.2875,371913.57,1300440.065,0.8316,1.6771,0.65,907.6363,122.8113,3.2445,2.6193,2.209,0.0573,0.0573,447242.8758,447242.8758,221754.6394,15599831.5079,15599831.5079,,,3.312
600150,中国船舶,船舶,上海,19980520,600150.SH,20240319,35.0,35.33,34.78,34.78,35.12,-0.34,-0.9681,371335.4,1300738.047,0.8303,1.6745,0.49,905.0342,122.4592,3.2352,2.6118,2.2027,0.0575,0.0575,447242.8758,447242.8758,221754.6394,15555107.2203,15555107.2203,,,3.312
600150,中国船舶,船舶,上海,19980520,600150.SH,20240318,34.31,35.42,34.11,35.12,34.3,0.82,2.3907,610995.62,2139033.718,1.3661,2.7553,0.85,913.8816,123.6563,3.2668,2.6373,2.2242,0.0569,0.0569,447242.8758,447242.8758,221754.6394,15707169.7981,15707169.7981,,,3.312
600150,中国船舶,船舶,上海,19980520,600150.SH,20240315,33.99,34.48,33.81,34.3,34.34,-0.04,-0.1165,423948.8,1449066.764,0.9479,1.9118,0.58,892.5438,120.7691,3.1905,2.5757,2.1723,0.0583,0.0583,447242.8758,447242.8758,221754.6394,15340430.6399,15340430.6399,,,3.312
600150,中国船舶,船舶,上海,19980520,600150.SH,20240314,34.01,34.9,33.99,34.34,34.35,-0.01,-0.0291,507449.03,1747247.421,1.1346,2.2883,0.67,893.5846,120.9099,3.1942,2.5787,2.1748,0.0582,0.0582,447242.8758,447242.8758,221754.6394,15358320.355,15358320.355,,,3.312
600150,中国船舶,船舶,上海,19980520,600150.SH,20240313,34.4,34.8,33.69,34.35,34.83,-0.48,-1.3781,935620.93,3201187.37,2.092,4.2192,1.41,893.8449,120.9451,3.1952,2.5795,2.1755,0.0582,0.0582,447242.8758,447242.8758,221754.6394,15362792.7837,15362792.7837,,,3.312
600150,中国船舶,船舶,上海,19980520,600150.SH,20240312,37.12,37.14,34.51,34.83,37.02,-2.19,-5.9157,1275723.04,4522940.34,2.8524,5.7529,2.41,906.3353,122.6352,3.2398,2.6155,2.2059,0.0574,0.0574,447242.8758,447242.8758,221754.6394,15577469.3641,15577469.3641,,,3.312
600150,中国船舶,船舶,上海,19980520,600150.SH,20240311,37.51,37.75,36.53,37.02,37.45,-0.43,-1.1482,462737.88,1708946.493,1.0346,2.0867,0.78,963.3228,130.3461,3.4435,2.78,2.3446,0.054,0.054,447242.8758,447242.8758,221754.6394,16556931.2621,16556931.2621,,,3.312
600150,中国船舶,船舶,上海,19980520,600150.SH,20240308,36.8,37.59,36.51,37.45,36.74,0.71,1.9325,491142.5,1818745.194,1.0982,2.2148,0.83,974.5121,131.8601,3.4835,2.8123,2.3718,0.0534,0.0534,447242.8758,447242.8758,221754.6394,16749245.6987,16749245.6987,,,3.312
600150,中国船舶,船舶,上海,19980520,600150.SH,20240307,37.18,38.19,36.47,36.74,37.26,-0.52,-1.3956,603287.42,2239683.208,1.3489,2.7205,0.96,956.0367,129.3602,3.4175,2.759,2.3268,0.0544,0.0544,447242.8758,447242.8758,221754.6394,16431703.2569,16431703.2569,,,3.312
600150,中国船舶,船舶,上海,19980520,600150.SH,20240306,37.4,37.65,36.71,37.26,37.47,-0.21,-0.5604,486446.96,1811558.958,1.0877,2.1936,0.73,969.568,131.1911,3.4659,2.798,2.3598,0.0537,0.0537,447242.8758,447242.8758,221754.6394,16664269.5523,16664269.5523,,,3.312
600150,中国船舶,船舶,上海,19980520,600150.SH,20240305,36.56,37.77,36.28,37.47,36.91,0.56,1.5172,599858.27,2227811.728,1.3412,2.7051,0.93,975.0325,131.9306,3.4854,2.8138,2.3731,0.0534,0.0534,447242.8758,447242.8758,221754.6394,16758190.5562,16758190.5562,,,3.312
600150,中国船舶,船舶,上海,19980520,600150.SH,20240304,35.4,37.88,35.38,36.91,35.66,1.25,3.5053,781093.58,2876422.693,1.7465,3.5223,1.33,960.4604,129.9588,3.4333,2.7717,2.3376,0.0542,0.0542,447242.8758,447242.8758,221754.6394,16507734.5458,16507734.5458,,,3.312
600150,中国船舶,船舶,上海,19980520,600150.SH,20240301,35.52,35.83,35.18,35.66,35.5,0.16,0.4507,488771.23,1733305.136,1.0929,2.2041,0.84,927.9333,125.5576,3.317,2.6779,2.2584,0.0561,0.0561,447242.8758,447242.8758,221754.6394,15948680.951,15948680.951,,,3.312
600150,中国船舶,船舶,上海,19980520,600150.SH,20240229,33.07,35.5,33.04,35.5,33.2,2.3,6.9277,791443.55,2722393.756,1.7696,3.569,1.51,923.7698,124.9943,3.3021,2.6658,2.2483,0.0563,0.0563,447242.8758,447242.8758,221754.6394,15877122.0909,15877122.0909,,,3.312
600150,中国船舶,船舶,上海,19980520,600150.SH,20240228,33.74,34.64,33.2,33.2,33.65,-0.45,-1.3373,684027.71,2323119.331,1.5294,3.0846,1.3,863.9199,116.896,3.0882,2.4931,2.1026,0.0602,0.0602,447242.8758,447242.8758,221754.6394,14848463.4766,14848463.4766,,,3.312
600150,中国船舶,船舶,上海,19980520,600150.SH,20240227,32.66,33.65,32.65,33.65,32.86,0.79,2.4041,467739.39,1553284.991,1.0458,2.1093,0.88,875.6297,118.4805,3.1301,2.5269,2.1311,0.0594,0.0594,447242.8758,447242.8758,221754.6394,15049722.7707,15049722.7707,,,3.312
600150,中国船舶,船舶,上海,19980520,600150.SH,20240226,33.09,33.75,32.7,32.86,33.23,-0.37,-1.1135,508283.23,1684699.181,1.1365,2.2921,0.9,855.0725,115.6989,3.0566,2.4676,2.0811,0.0609,0.0609,447242.8758,447242.8758,221754.6394,14696400.8988,14696400.8988,,,3.312
600150,中国船舶,船舶,上海,19980520,600150.SH,20240223,33.6,33.87,32.99,33.23,33.55,-0.32,-0.9538,450069.99,1500258.084,1.0063,2.0296,0.76,864.7006,117.0017,3.091,2.4954,2.1045,0.0602,0.0602,447242.8758,447242.8758,221754.6394,14861880.7628,14861880.7628,,,3.312
600150,中国船舶,船舶,上海,19980520,600150.SH,20240222,32.67,33.7,32.65,33.55,32.93,0.62,1.8828,516257.41,1711595.962,1.1543,2.3281,0.84,873.0275,118.1284,3.1208,2.5194,2.1248,0.0596,0.0596,447242.8758,447242.8758,221754.6394,15004998.4831,15004998.4831,,,3.312
600150,中国船舶,船舶,上海,19980520,600150.SH,20240221,32.51,33.84,32.51,32.93,32.77,0.16,0.4883,695042.22,2317549.517,1.5541,3.1343,1.14,856.8941,115.9454,3.0631,2.4728,2.0855,0.0607,0.0607,447242.8758,447242.8758,221754.6394,14727707.9001,14727707.9001,,,3.312
600150,中国船舶,船舶,上海,19980520,600150.SH,20240220,32.82,33.39,32.36,32.77,32.91,-0.14,-0.4254,490119.04,1608685.053,1.0959,2.2102,0.78,852.7306,115.382,3.0482,2.4608,2.0754,0.061,0.061,447242.8758,447242.8758,221754.6394,14656149.04,14656149.04,,,3.312
600150,中国船舶,船舶,上海,19980520,600150.SH,20240219,31.41,33.0,31.28,32.91,31.4,1.51,4.8089,683926.36,2215242.999,1.5292,3.0842,1.12,856.3736,115.875,3.0612,2.4713,2.0843,0.0608,0.0608,447242.8758,447242.8758,221754.6394,14718763.0426,14718763.0426,,,3.312
600150,中国船舶,船舶,上海,19980520,600150.SH,20240208,32.0,32.15,31.11,31.4,31.67,-0.27,-0.8525,571696.74,1805151.734,1.2783,2.5781,0.99,817.0809,110.5583,2.9208,2.358,1.9886,0.0637,0.0637,447242.8758,447242.8758,221754.6394,14043426.3001,14043426.3001,,,3.312
600150,中国船舶,船舶,上海,19980520,600150.SH,20240207,30.34,31.67,30.03,31.67,30.34,1.33,4.3837,649873.66,2026101.904,1.4531,2.9306,1.17,824.1067,111.509,2.9459,2.3782,2.0057,0.0632,0.0632,447242.8758,447242.8758,221754.6394,14164181.8766,14164181.8766,,,3.312
600150,中国船舶,船舶,上海,19980520,600150.SH,20240206,30.0,30.79,29.36,30.34,30.38,-0.04,-0.1317,662336.6,1995719.69,1.4809,2.9868,1.15,789.4979,106.8261,2.8222,2.2784,1.9215,0.0659,0.0659,447242.8758,447242.8758,221754.6394,13569348.8518,13569348.8518,,,3.312
600150,中国船舶,船舶,上海,19980520,600150.SH,20240205,30.34,30.98,29.5,30.38,30.69,-0.31,-1.0101,581909.44,1770437.335,1.3011,2.6241,1.03,790.5388,106.9669,2.8259,2.2814,1.924,0.0658,0.0658,447242.8758,447242.8758,221754.6394,13587238.5668,13587238.5668,,,3.312
600150,中国船舶,船舶,上海,19980520,600150.SH,20240202,30.53,31.27,29.64,30.69,30.53,0.16,0.5241,591108.57,1810386.212,1.3217,2.6656,1.12,798.6055,108.0584,2.8547,2.3046,1.9437,0.0652,0.0652,447242.8758,447242.8758,221754.6394,13725883.8583,13725883.8583,,,3.312
600150,中国船舶,船舶,上海,19980520,600150.SH,20240201,30.16,30.96,30.0,30.53,30.59,-0.06,-0.1961,401342.02,1227147.161,0.8974,1.8098,0.68,794.442,107.4951,2.8398,2.2926,1.9335,0.0655,0.0655,447242.8758,447242.8758,221754.6394,13654324.9982,13654324.9982,,,3.312
600150,中国船舶,船舶,上海,19980520,600150.SH,20240131,30.87,31.1,30.33,30.59,31.26,-0.67,-2.1433,547139.74,1682960.628,1.2234,2.4673,0.97,796.0033,107.7063,2.8454,2.2971,1.9373,0.0654,0.0654,447242.8758,447242.8758,221754.6394,13681159.5707,13681159.5707,,,3.312
600150,中国船舶,船舶,上海,19980520,600150.SH,20240130,30.69,32.0,30.4,31.26,30.65,0.61,1.9902,767447.07,2407088.871,1.716,3.4608,1.63,813.4379,110.0654,2.9077,2.3474,1.9798,0.064,0.064,447242.8758,447242.8758,221754.6394,13980812.2975,13980812.2975,,,3.312
600150,中国船舶,船舶,上海,19980520,600150.SH,20240129,30.53,31.45,30.52,30.65,30.74,-0.09,-0.2928,506683.06,1571600.643,1.1329,2.2849,1.11,797.5646,107.9176,2.851,2.3016,1.9411,0.0653,0.0653,447242.8758,447242.8758,221754.6394,13707994.1433,13707994.1433,,,3.312
600150,中国船舶,船舶,上海,19980520,600150.SH,20240126,30.65,30.84,30.33,30.74,30.79,-0.05,-0.1624,409195.63,1252738.432,0.9149,1.8453,0.96,799.9066,108.2345,2.8594,2.3084,1.9468,0.0651,0.0651,447242.8758,447242.8758,221754.6394,13748246.0021,13748246.0021,,,3.312
600150,中国船舶,船舶,上海,19980520,600150.SH,20240125,29.25,30.98,29.16,30.79,29.36,1.43,4.8706,735624.01,2230607.966,1.6448,3.3173,1.77,801.2077,108.4105,2.864,2.3121,1.95,0.065,0.065,447242.8758,447242.8758,221754.6394,13770608.1459,13770608.1459,,,3.312
600150,中国船舶,船舶,上海,19980520,600150.SH,20240124,28.38,29.43,28.1,29.36,28.15,1.21,4.2984,414844.15,1190280.689,0.9276,1.8707,1.12,763.9967,103.3755,2.731,2.2048,1.8594,0.0681,0.0681,447242.8758,447242.8758,221754.6394,13131050.8335,13131050.8335,,,3.312
600150,中国船舶,船舶,上海,19980520,600150.SH,20240123,27.8,28.31,27.61,28.15,28.04,0.11,0.3923,293319.35,820773.89,0.6558,1.3227,0.79,732.5104,99.1152,2.6185,2.1139,1.7828,0.071,0.071,447242.8758,447242.8758,221754.6394,12589886.9538,12589886.9538,,,3.312
600150,中国船舶,船舶,上海,19980520,600150.SH,20240122,28.56,28.77,27.8,28.04,28.68,-0.64,-2.2315,424099.84,1201577.957,0.9483,1.9125,1.29,729.648,98.7279,2.6082,2.1056,1.7758,0.0713,0.0713,447242.8758,447242.8758,221754.6394,12540690.2374,12540690.2374,,,3.312
600150,中国船舶,船舶,上海,19980520,600150.SH,20240119,28.55,28.95,28.45,28.68,28.64,0.04,0.1397,259933.03,747337.678,0.5812,1.1722,0.81,746.3019,100.9813,2.6678,2.1537,1.8164,0.0697,0.0697,447242.8758,447242.8758,221754.6394,12826925.6779,12826925.6779,,,3.312
600150,中国船舶,船舶,上海,19980520,600150.SH,20240118,28.48,28.75,27.71,28.64,28.79,-0.15,-0.521,684013.42,1929346.233,1.5294,3.0846,2.89,745.261,100.8404,2.664,2.1507,1.8138,0.0698,0.0698,447242.8758,447242.8758,221754.6394,12809035.9629,12809035.9629,,,3.312
600150,中国船舶,船舶,上海,19980520,600150.SH,20240117,29.43,29.55,28.79,28.79,29.5,-0.71,-2.4068,193530.3,565174.286,0.4327,0.8727,0.76,749.1643,101.3686,2.678,2.162,1.8233,0.0695,0.0695,447242.8758,447242.8758,221754.6394,12876122.3943,12876122.3943,,,3.312
600150,中国船舶,船舶,上海,19980520,600150.SH,20240116,29.43,29.64,29.0,29.5,29.43,0.07,0.2379,306683.36,899131.691,0.6857,1.383,1.15,767.6397,103.8685,2.744,2.2153,1.8683,0.0678,0.0678,447242.8758,447242.8758,221754.6394,13193664.8361,13193664.8361,,,3.312
600150,中国船舶,船舶,上海,19980520,600150.SH,20240115,29.5,29.96,29.14,29.43,29.63,-0.2,-0.675,202703.36,599437.026,0.4532,0.9141,0.71,765.8182,103.622,2.7375,2.21,1.8639,0.068,0.068,447242.8758,447242.8758,221754.6394,13162357.8348,13162357.8348,,,3.312
600150,中国船舶,船舶,上海,19980520,600150.SH,20240112,29.6,29.97,29.46,29.63,29.6,0.03,0.1014,224138.95,664957.826,0.5012,1.0108,0.74,771.0225,104.3262,2.7561,2.225,1.8765,0.0675,0.0675,447242.8758,447242.8758,221754.6394,13251806.41,13251806.41,,,3.312
600150,中国船舶,船舶,上海,19980520,600150.SH,20240111,29.0,29.75,29.0,29.6,29.16,0.44,1.5089,256516.42,756369.895,0.5736,1.1568,0.78,770.2419,104.2206,2.7533,2.2228,1.8746,0.0676,0.0676,447242.8758,447242.8758,221754.6394,13238389.1237,13238389.1237,,,3.312
600150,中国船舶,船舶,上海,19980520,600150.SH,20240110,29.0,29.5,28.52,29.16,29.09,0.07,0.2406,283740.75,826721.272,0.6344,1.2795,0.8,758.7923,102.6713,2.7124,2.1897,1.8468,0.0686,0.0686,447242.8758,447242.8758,221754.6394,13041602.2583,13041602.2583,,,3.312
600150,中国船舶,船舶,上海,19980520,600150.SH,20240109,29.25,29.33,28.71,29.09,29.45,-0.36,-1.2224,361043.27,1047559.096,0.8073,1.6281,0.91,756.9708,102.4249,2.7059,2.1845,1.8423,0.0688,0.0688,447242.8758,447242.8758,221754.6394,13010295.257,13010295.257,,,3.312
600150,中国船舶,船舶,上海,19980520,600150.SH,20240108,29.76,29.85,29.31,29.45,29.52,-0.07,-0.2371,293983.28,868718.073,0.6573,1.3257,0.71,766.3386,103.6924,2.7394,2.2115,1.8651,0.0679,0.0679,447242.8758,447242.8758,221754.6394,13171302.6923,13171302.6923,,,3.312
600150,中国船舶,船舶,上海,19980520,600150.SH,20240105,29.66,30.09,29.29,29.52,29.8,-0.28,-0.9396,312920.74,928770.693,0.6997,1.4111,0.72,768.1601,103.9389,2.7459,2.2168,1.8696,0.0678,0.0678,447242.8758,447242.8758,221754.6394,13202609.6936,13202609.6936,,,3.312
600150,中国船舶,船舶,上海,19980520,600150.SH,20240104,30.13,30.24,29.39,29.8,30.25,-0.45,-1.4876,387940.05,1152872.631,0.8674,1.7494,0.91,775.4462,104.9248,2.7719,2.2378,1.8873,0.0671,0.0671,447242.8758,447242.8758,221754.6394,13327837.6988,13327837.6988,,,3.312
600150,中国船舶,船舶,上海,19980520,600150.SH,20240103,29.62,30.3,29.62,30.25,29.8,0.45,1.5101,423747.87,1272760.165,0.9475,1.9109,1.07,787.156,106.5092,2.8138,2.2716,1.9158,0.0661,0.0661,447242.8758,447242.8758,221754.6394,13529096.993,13529096.993,,,3.312
600150,中国船舶,船舶,上海,19980520,600150.SH,20240102,29.63,30.5,29.43,29.8,29.44,0.36,1.2228,556975.97,1672796.8,1.2454,2.5117,1.51,775.4462,104.9248,2.7719,2.2378,1.8873,0.0671,0.0671,447242.8758,447242.8758,221754.6394,13327837.6988,13327837.6988,32.37,26.49,3.312
600150,中国船舶,船舶,上海,19980520,600150.SH,20231229,28.8,29.48,28.71,29.44,28.8,0.64,2.2222,375375.01,1098958.473,0.8393,1.6927,1.0,766.0784,103.6572,2.7385,2.2108,1.8645,0.1019,0.0679,447242.8758,447242.8758,221754.6394,13166830.2636,13166830.2636,,,3.312
600150,中国船舶,船舶,上海,19980520,600150.SH,20231228,29.3,29.4,28.74,28.8,29.28,-0.48,-1.6393,436568.22,1264881.912,0.9761,1.9687,1.19,749.4245,101.4038,2.6789,2.1627,1.824,0.1042,0.0694,447242.8758,447242.8758,221754.6394,12880594.823,12880594.823,,,3.312
600150,中国船舶,船舶,上海,19980520,600150.SH,20231227,28.62,29.35,28.62,29.28,28.77,0.51,1.7727,333130.17,969772.941,0.7449,1.5022,0.87,761.9149,103.0938,2.7236,2.1988,1.8544,0.1025,0.0683,447242.8758,447242.8758,221754.6394,13095271.4034,13095271.4034,,,3.312
600150,中国船舶,船舶,上海,19980520,600150.SH,20231226,28.84,29.01,28.45,28.77,28.88,-0.11,-0.3809,277199.99,797771.609,0.6198,1.25,0.65,748.6439,101.2982,2.6761,2.1605,1.8221,0.1043,0.0695,447242.8758,447242.8758,221754.6394,12867177.5368,12867177.5368,,,3.312
600150,中国船舶,船舶,上海,19980520,600150.SH,20231225,29.13,29.45,28.62,28.88,29.31,-0.43,-1.4671,417871.61,1206997.482,0.9343,1.8844,0.98,751.5062,101.6855,2.6864,2.1687,1.829,0.1039,0.0693,447242.8758,447242.8758,221754.6394,12916374.2531,12916374.2531,,,3.312
600150,中国船舶,船舶,上海,19980520,600150.SH,20231222,29.1,29.5,29.02,29.31,29.2,0.11,0.3767,418669.02,1225294.086,0.9361,1.888,1.02,762.6956,103.1995,2.7264,2.201,1.8563,0.1024,0.0682,447242.8758,447242.8758,221754.6394,13108688.6897,13108688.6897,,,3.312
600150,中国船舶,船舶,上海,19980520,600150.SH,20231221,29.0,29.43,28.7,29.2,29.19,0.01,0.0343,387123.29,1125432.207,0.8656,1.7457,0.96,759.8332,102.8122,2.7161,2.1927,1.8493,0.1027,0.0685,447242.8758,447242.8758,221754.6394,13059491.9734,13059491.9734,,,3.312
600150,中国船舶,船舶,上海,19980520,600150.SH,20231220,29.61,29.97,28.99,29.19,29.65,-0.46,-1.5514,417223.42,1226200.483,0.9329,1.8815,1.01,759.573,102.777,2.7152,2.192,1.8487,0.1028,0.0685,447242.8758,447242.8758,221754.6394,13055019.5446,13055019.5446,,,3.312
600150,中国船舶,船舶,上海,19980520,600150.SH,20231219,28.98,29.82,28.89,29.65,29.03,0.62,2.1357,505645.11,1491874.55,1.1306,2.2802,1.12,771.5429,104.3966,2.758,2.2265,1.8778,0.1012,0.0675,447242.8758,447242.8758,221754.6394,13260751.2675,13260751.2675,,,3.312
600150,中国船舶,船舶,上海,19980520,600150.SH,20231218,28.71,29.37,28.49,29.03,28.82,0.21,0.7287,407724.42,1182554.049,0.9116,1.8386,0.89,755.4095,102.2136,2.7003,2.18,1.8385,0.1033,0.0689,447242.8758,447242.8758,221754.6394,12983460.6845,12983460.6845,,,3.312
600150,中国船舶,船舶,上海,19980520,600150.SH,20231215,28.59,29.1,28.38,28.82,28.59,0.23,0.8045,341038.02,982187.547,0.7625,1.5379,0.68,749.9449,101.4742,2.6808,2.1642,1.8252,0.1041,0.0694,447242.8758,447242.8758,221754.6394,12889539.6806,12889539.6806,,,3.312
600150,中国船舶,船舶,上海,19980520,600150.SH,20231214,28.66,29.3,28.56,28.59,28.73,-0.14,-0.4873,338313.21,976466.962,0.7564,1.5256,0.66,743.96,100.6644,2.6594,2.1469,1.8107,0.1049,0.07,447242.8758,447242.8758,221754.6394,12786673.8191,12786673.8191,,,3.312
600150,中国船舶,船舶,上海,19980520,600150.SH,20231213,28.62,29.09,28.52,28.73,28.78,-0.05,-0.1737,476325.69,1372084.009,1.065,2.148,0.93,747.603,101.1573,2.6724,2.1575,1.8195,0.1044,0.0696,447242.8758,447242.8758,221754.6394,12849287.8217,12849287.8217,31.65,25.89,3.312
600150,中国船舶,船舶,上海,19980520,600150.SH,20231212,28.1,28.88,28.06,28.78,27.93,0.85,3.0433,690671.95,1979718.591,1.5443,3.1146,1.52,748.9041,101.3334,2.6771,2.1612,1.8227,0.1042,0.0695,447242.8758,447242.8758,221754.6394,12871649.9655,12871649.9655,,,3.312
600150,中国船舶,船舶,上海,19980520,600150.SH,20231211,27.41,28.0,26.96,27.93,27.59,0.34,1.2323,435839.36,1196048.376,0.9745,1.9654,0.93,726.7856,98.3405,2.598,2.0974,1.7689,0.1074,0.0716,447242.8758,447242.8758,221754.6394,12491493.5211,12491493.5211,,,3.312
600150,中国船舶,船舶,上海,19980520,600150.SH,20231208,27.8,28.21,27.57,27.59,27.99,-0.4,-1.4291,548672.39,1525120.886,1.2268,2.4742,1.25,717.9383,97.1434,2.5664,2.0718,1.7473,0.1087,0.0725,447242.8758,447242.8758,221754.6394,12339430.9433,12339430.9433,,,3.312
600150,中国船舶,船舶,上海,19980520,600150.SH,20231207,27.83,28.15,27.51,27.99,28.01,-0.02,-0.0714,413487.23,1153498.113,0.9245,1.8646,0.79,728.3469,98.5518,2.6036,2.1019,1.7727,0.1072,0.0715,447242.8758,447242.8758,221754.6394,12518328.0936,12518328.0936,,,3.312
600150,中国船舶,船舶,上海,19980520,600150.SH,20231206,28.0,28.14,27.45,28.01,27.42,0.59,2.1517,461777.09,1287127.713,1.0325,2.0824,0.89,728.8674,98.6222,2.6054,2.1034,1.7739,0.1071,0.0714,447242.8758,447242.8758,221754.6394,12527272.9512,12527272.9512,,,3.312
600150,中国船舶,船舶,上海,19980520,600150.SH,20231205,27.98,28.15,27.41,27.42,27.95,-0.53,-1.8962,405589.61,1126161.384,0.9069,1.829,0.82,713.5146,96.5449,2.5506,2.0591,1.7366,0.1094,0.0729,447242.8758,447242.8758,221754.6394,12263399.6544,12263399.6544,,,3.312
600150,中国船舶,船舶,上海,19980520,600150.SH,20231204,27.6,28.28,27.53,27.95,27.58,0.37,1.3416,513834.25,1438591.162,1.1489,2.3171,1.12,727.3061,98.411,2.5999,2.0989,1.7701,0.1073,0.0716,447242.8758,447242.8758,221754.6394,12500438.3786,12500438.3786,,,3.312
600150,中国船舶,船舶,上海,19980520,600150.SH,20231201,27.41,27.7,27.28,27.58,27.64,-0.06,-0.2171,398205.69,1094487.04,0.8904,1.7957,0.9,717.6781,97.1082,2.5654,2.0711,1.7467,0.1088,0.0725,447242.8758,447242.8758,221754.6394,12334958.5146,12334958.5146,,,3.312
600150,中国船舶,船舶,上海,19980520,600150.SH,20231130,26.55,28.15,26.51,27.64,26.44,1.2,4.5386,850248.77,2347091.675,1.9011,3.8342,2.57,719.2394,97.3195,2.571,2.0756,1.7505,0.1085,0.0724,447242.8758,447242.8758,221754.6394,12361793.0871,12361793.0871,,,3.312
600150,中国船舶,船舶,上海,19980520,600150.SH,20231129,26.26,26.76,26.12,26.44,26.35,0.09,0.3416,426729.79,1132712.588,0.9541,1.9243,1.45,688.0133,93.0943,2.4594,1.9855,1.6745,0.1135,0.0756,447242.8758,447242.8758,221754.6394,11825101.6362,11825101.6362,31.66,25.9,3.312
600150,中国船舶,船舶,上海,19980520,600150.SH,20231128,25.93,26.35,25.93,26.35,26.0,0.35,1.3462,296802.23,776844.619,0.6636,1.3384,0.96,685.6714,92.7774,2.451,1.9787,1.6688,0.1139,0.0759,447242.8758,447242.8758,221754.6394,11784849.7773,11784849.7773,,,3.312
600150,中国船舶,船舶,上海,19980520,600150.SH,20231127,25.78,26.29,25.48,26.0,25.74,0.26,1.0101,329261.39,850428.305,0.7362,1.4848,0.9,676.5638,91.5451,2.4185,1.9524,1.6466,0.1154,0.0769,447242.8758,447242.8758,221754.6394,11628314.7708,11628314.7708,,,3.312
600150,中国船舶,船舶,上海,19980520,600150.SH,20231124,26.3,26.3,25.6,25.74,26.31,-0.57,-2.1665,312717.49,807353.251,0.6992,1.4102,0.91,669.7982,90.6296,2.3943,1.9329,1.6302,0.1166,0.0777,447242.8758,447242.8758,221754.6394,11512031.6231,11512031.6231,,,3.312
600150,中国船舶,船舶,上海,19980520,600150.SH,20231123,26.1,26.44,25.98,26.31,26.09,0.22,0.8432,287788.38,755258.723,0.6435,1.2978,0.86,684.6305,92.6366,2.4473,1.9757,1.6663,0.114,0.076,447242.8758,447242.8758,221754.6394,11766960.0623,11766960.0623,,,3.312
600150,中国船舶,船舶,上海,19980520,600150.SH,20231122,26.3,26.6,26.06,26.09,26.38,-0.29,-1.0993,248293.9,652090.846,0.5552,1.1197,0.73,678.9057,91.862,2.4268,1.9592,1.6523,0.115,0.0767,447242.8758,447242.8758,221754.6394,11668566.6296,11668566.6296,,,3.312
600150,中国船舶,船舶,上海,19980520,600150.SH,20231121,26.85,26.85,26.34,26.38,26.65,-0.27,-1.0131,360599.03,958372.982,0.8063,1.6261,1.01,686.452,92.8831,2.4538,1.981,1.6707,0.1137,0.0758,447242.8758,447242.8758,221754.6394,11798267.0636,11798267.0636,,,3.312
600150,中国船舶,船舶,上海,19980520,600150.SH,20231120,25.65,26.75,25.63,26.65,25.71,0.94,3.6562,610157.23,1604571.427,1.3643,2.7515,1.92,693.4779,93.8337,2.4789,2.0013,1.6878,0.1126,0.075,447242.8758,447242.8758,221754.6394,11919022.6401,11919022.6401,,,3.312
600150,中国船舶,船舶,上海,19980520,600150.SH,20231117,25.79,25.88,25.55,25.71,25.88,-0.17,-0.6569,220436.01,565708.342,0.4929,0.9941,0.65,669.0175,90.524,2.3915,1.9307,1.6283,0.1167,0.0778,447242.8758,447242.8758,221754.6394,11498614.3368,11498614.3368,,,3.312
600150,中国船舶,船舶,上海,19980520,600150.SH,20231116,26.06,26.25,25.87,25.88,26.06,-0.18,-0.6907,234930.97,612015.593,0.5253,1.0594,0.65,673.4412,91.1226,2.4073,1.9434,1.639,0.1159,0.0773,447242.8758,447242.8758,221754.6394,11574645.6257,11574645.6257,,,3.312
600150,中国船舶,船舶,上海,19980520,600150.SH,20231115,26.19,26.27,25.89,26.06,26.08,-0.02,-0.0767,271161.52,706096.982,0.6063,1.2228,0.76,678.1251,91.7563,2.4241,1.9569,1.6504,0.1151,0.0767,447242.8758,447242.8758,221754.6394,11655149.3433,11655149.3433,,,3.312
600150,中国船舶,船舶,上海,19980520,600150.SH,20231114,25.72,26.18,25.61,26.08,25.73,0.35,1.3603,449330.68,1169553.313,1.0047,2.0263,1.43,678.6455,91.8268,2.4259,1.9585,1.6517,0.115,0.0767,447242.8758,447242.8758,221754.6394,11664094.2009,11664094.2009,,,3.312
600150,中国船舶,船舶,上海,19980520,600150.SH,20231113,25.6,25.74,25.16,25.73,25.5,0.23,0.902,409908.69,1043275.371,0.9165,1.8485,1.34,669.5379,90.5944,2.3934,1.9322,1.6295,0.1166,0.0777,447242.8758,447242.8758,221754.6394,11507559.1943,11507559.1943,,,3.312
600150,中国船舶,船舶,上海,19980520,600150.SH,20231110,25.58,25.58,25.3,25.5,25.73,-0.23,-0.8939,318263.62,809582.153,0.7116,1.4352,1.04,663.553,89.7846,2.372,1.9149,1.615,0.1176,0.0784,447242.8758,447242.8758,221754.6394,11404693.3329,11404693.3329,,,3.312
600150,中国船舶,船舶,上海,19980520,600150.SH,20231109,26.0,26.28,25.66,25.73,25.9,-0.17,-0.6564,352709.15,916081.538,0.7886,1.5905,1.25,669.5379,90.5944,2.3934,1.9322,1.6295,0.1166,0.0777,447242.8758,447242.8758,221754.6394,11507559.1943,11507559.1943,,,3.312
600150,中国船舶,船舶,上海,19980520,600150.SH,20231108,25.97,26.12,25.78,25.9,26.06,-0.16,-0.614,251103.48,651361.53,0.5614,1.1323,0.87,673.9616,91.193,2.4092,1.9449,1.6403,0.1158,0.0772,447242.8758,447242.8758,221754.6394,11583590.4832,11583590.4832,,,3.312
600150,中国船舶,船舶,上海,19980520,600150.SH,20231107,26.1,26.17,25.91,26.06,26.17,-0.11,-0.4203,236669.7,616191.649,0.5292,1.0673,0.74,678.1251,91.7563,2.4241,1.9569,1.6504,0.1151,0.0767,447242.8758,447242.8758,221754.6394,11655149.3433,11655149.3433,,,3.312
600150,中国船舶,船舶,上海,19980520,600150.SH,20231106,26.0,26.19,25.84,26.17,25.95,0.22,0.8478,370068.51,964005.082,0.8274,1.6688,1.19,680.9875,92.1436,2.4343,1.9652,1.6574,0.1146,0.0764,447242.8758,447242.8758,221754.6394,11704346.0597,11704346.0597,,,3.312
600150,中国船舶,船舶,上海,19980520,600150.SH,20231103,25.55,26.03,25.55,25.95,25.57,0.38,1.4861,316587.05,821259.747,0.7079,1.4276,1.01,675.2627,91.369,2.4138,1.9487,1.6435,0.1156,0.0771,447242.8758,447242.8758,221754.6394,11605952.627,11605952.627,,,3.312
600150,中国船舶,船舶,上海,19980520,600150.SH,20231102,26.02,26.26,25.57,25.57,25.95,-0.38,-1.4644,240554.44,622715.382,0.5379,1.0848,0.68,665.3745,90.0311,2.3785,1.9202,1.6194,0.1173,0.0782,447242.8758,447242.8758,221754.6394,11436000.3342,11436000.3342,,,3.312
600150,中国船舶,船舶,上海,19980520,600150.SH,20231101,25.88,26.14,25.7,25.95,25.88,0.07,0.2705,279454.42,725972.062,0.6248,1.2602,0.78,675.2627,91.369,2.4138,1.9487,1.6435,0.1156,0.0771,447242.8758,447242.8758,221754.6394,11605952.627,11605952.627,,,3.312
600150,中国船舶,船舶,上海,19980520,600150.SH,20231031,26.23,26.27,25.33,25.88,26.01,-0.13,-0.4998,388545.86,999306.55,0.8688,1.7521,1.11,673.4412,91.1226,2.4073,1.9434,1.639,0.1159,0.0773,447242.8758,447242.8758,221754.6394,11574645.6257,11574645.6257,,,3.312
600150,中国船舶,船舶,上海,19980520,600150.SH,20231030,25.61,26.06,25.47,26.01,25.88,0.13,0.5023,333910.33,859789.839,0.7466,1.5058,0.97,676.824,219.7768,2.5135,1.9532,1.7597,0.1153,0.0769,447242.8758,447242.8758,221754.6394,11632787.1996,11632787.1996,,,3.312
600150,中国船舶,船舶,上海,19980520,600150.SH,20231027,25.38,26.04,25.26,25.88,25.49,0.39,1.53,318672.06,819653.074,0.7125,1.437,0.95,673.4412,218.6783,2.5009,1.9434,1.7509,0.1159,0.0773,447242.8758,447242.8758,221754.6394,11574645.6257,11574645.6257,,,3.312
600150,中国船舶,船舶,上海,19980520,600150.SH,20231026,25.05,25.5,24.8,25.49,25.1,0.39,1.5538,445589.22,1126335.396,0.9963,2.0094,1.4,663.2927,215.383,2.4632,1.9141,1.7245,0.1177,0.0785,447242.8758,447242.8758,221754.6394,11400220.9041,11400220.9041,,,3.312
600150,中国船舶,船舶,上海,19980520,600150.SH,20231025,25.3,25.52,25.05,25.1,25.22,-0.12,-0.4758,312827.48,790579.036,0.6995,1.4107,0.98,653.1443,212.0876,2.4255,1.8849,1.6981,0.1195,0.0797,447242.8758,447242.8758,221754.6394,11225796.1826,11225796.1826,,,3.312
600150,中国船舶,船舶,上海,19980520,600150.SH,20231024,25.38,25.45,25.01,25.22,25.19,0.03,0.1191,340318.31,857903.373,0.7609,1.5347,1.15,656.2669,213.1015,2.4371,1.8939,1.7062,0.119,0.0793,447242.8758,447242.8758,221754.6394,11279465.3277,11279465.3277,,,3.312
600150,中国船舶,船舶,上海,19980520,600150.SH,20231023,25.7,25.84,25.0,25.19,25.74,-0.55,-2.1368,300624.68,762044.898,0.6722,1.3557,1.0,655.4862,212.848,2.4342,1.8916,1.7042,0.1191,0.0794,447242.8758,447242.8758,221754.6394,11266048.0414,11266048.0414,,,3.312
600150,中国船舶,船舶,上海,19980520,600150.SH,20231020,25.73,26.1,25.67,25.74,25.79,-0.05,-0.1939,275471.86,712564.721,0.6159,1.2422,0.8,669.7982,217.4954,2.4874,1.9329,1.7414,0.1166,0.0777,447242.8758,447242.8758,221754.6394,11512031.6231,11512031.6231,,,3.312
600150,中国船舶,船舶,上海,19980520,600150.SH,20231019,26.05,26.28,25.76,25.79,26.18,-0.39,-1.4897,357283.28,926598.032,0.7989,1.6112,1.03,671.0992,217.9179,2.4922,1.9367,1.7448,0.1163,0.0775,447242.8758,447242.8758,221754.6394,11534393.7669,11534393.7669,,,3.312
600150,中国船舶,船舶,上海,19980520,600150.SH,20231018,26.86,26.86,26.18,26.18,26.88,-0.7,-2.6042,317383.73,837689.553,0.7096,1.4312,0.85,681.2477,221.2132,2.5299,1.966,1.7712,0.1146,0.0764,447242.8758,447242.8758,221754.6394,11708818.4884,11708818.4884,,,3.312
600150,中国船舶,船舶,上海,19980520,600150.SH,20231017,26.89,27.01,26.55,26.88,26.93,-0.05,-0.1857,228808.28,614243.116,0.5116,1.0318,0.57,699.4629,227.128,2.5975,2.0185,1.8185,0.1116,0.0744,447242.8758,447242.8758,221754.6394,12021888.5015,12021888.5015,,,3.312
600150,中国船舶,船舶,上海,19980520,600150.SH,20231016,26.8,27.13,26.75,26.93,26.8,0.13,0.4851,330338.07,890458.48,0.7386,1.4897,0.78,700.764,227.5505,2.6024,2.0223,1.8219,0.1114,0.0743,447242.8758,447242.8758,221754.6394,12044250.6453,12044250.6453,,,3.312
600150,中国船舶,船舶,上海,19980520,600150.SH,20231013,27.4,27.43,26.45,26.8,27.54,-0.74,-2.687,490973.3,1316449.686,1.0978,2.214,1.17,697.3811,226.4521,2.5898,2.0125,1.8131,0.1119,0.0746,447242.8758,447242.8758,221754.6394,11986109.0714,11986109.0714,,,3.312
600150,中国船舶,船舶,上海,19980520,600150.SH,20231012,27.66,27.71,27.33,27.54,27.49,0.05,0.1819,369384.25,1017825.51,0.8259,1.6657,0.73,716.6372,232.7048,2.6613,2.0681,1.8632,0.1089,0.0726,447242.8758,447242.8758,221754.6394,12317068.7995,12317068.7995,,,3.312
600150,中国船舶,船舶,上海,19980520,600150.SH,20231011,27.72,28.12,27.14,27.49,27.75,-0.26,-0.9369,455960.36,1257076.762,1.0195,2.0561,0.89,715.3361,232.2824,2.6565,2.0643,1.8598,0.1091,0.0728,447242.8758,447242.8758,221754.6394,12294706.6557,12294706.6557,,,3.312
600150,中国船舶,船舶,上海,19980520,600150.SH,20231010,28.33,28.45,27.65,27.75,28.33,-0.58,-2.0473,363520.29,1012231.194,0.8128,1.6393,0.67,722.1017,234.4793,2.6816,2.0839,1.8774,0.1081,0.0721,447242.8758,447242.8758,221754.6394,12410989.8035,12410989.8035,,,3.312
600150,中国船舶,船舶,上海,19980520,600150.SH,20231009,27.82,28.75,27.34,28.33,27.9,0.43,1.5412,442310.12,1246602.323,0.989,1.9946,0.85,737.1943,239.3801,2.7376,2.1274,1.9166,0.1059,0.0706,447242.8758,447242.8758,221754.6394,12670390.6714,12670390.6714,,,3.312
600150,中国船舶,船舶,上海,19980520,600150.SH,20230928,27.64,27.95,27.5,27.9,27.38,0.52,1.8992,473802.13,1317879.882,1.0594,2.1366,0.97,726.005,235.7467,2.6961,2.0951,1.8875,0.1075,0.0717,447242.8758,447242.8758,221754.6394,12478076.2348,12478076.2348,,,3.312
600150,中国船舶,船舶,上海,19980520,600150.SH,20230927,28.27,28.62,27.32,27.38,28.28,-0.9,-3.1825,810894.41,2260565.107,1.8131,3.6567,2.22,712.4737,231.3529,2.6458,2.0561,1.8523,0.1096,0.073,447242.8758,447242.8758,221754.6394,12245509.9394,12245509.9394,,,3.312
600150,中国船舶,船舶,上海,19980520,600150.SH,20230926,28.06,28.79,27.95,28.28,28.12,0.16,0.569,470208.87,1335208.85,1.0514,2.1204,1.38,735.8932,238.9576,2.7328,2.1237,1.9132,0.1061,0.0707,447242.8758,447242.8758,221754.6394,12648028.5276,12648028.5276,29.57,24.19,3.312
600150,中国船舶,船舶,上海,19980520,600150.SH,20230925,28.19,28.82,27.97,28.12,28.21,-0.09,-0.319,513135.48,1450491.643,1.1473,2.314,1.72,731.7298,237.6057,2.7173,2.1116,1.9024,0.1067,0.0711,447242.8758,447242.8758,221754.6394,12576469.6675,12576469.6675,29.62,24.24,3.312
600150,中国船舶,船舶,上海,19980520,600150.SH,20230922,27.78,28.29,27.62,28.21,27.85,0.36,1.2926,348324.43,975703.63,0.7788,1.5708,1.16,734.0717,238.3661,2.726,2.1184,1.9085,0.1063,0.0709,447242.8758,447242.8758,221754.6394,12616721.5263,12616721.5263,,,3.312
600150,中国船舶,船舶,上海,19980520,600150.SH,20230921,27.68,28.41,27.62,27.85,27.75,0.1,0.3604,310451.36,870839.569,0.6941,1.4,1.08,724.7039,235.3243,2.6913,2.0914,1.8841,0.1077,0.0718,447242.8758,447242.8758,221754.6394,12455714.091,12455714.091,,,3.312
600150,中国船舶,船舶,上海,19980520,600150.SH,20230920,28.05,28.16,27.73,27.75,28.01,-0.26,-0.9282,186632.99,521359.602,0.4173,0.8416,0.64,722.1017,234.4793,2.6816,2.0839,1.8774,0.1081,0.0721,447242.8758,447242.8758,221754.6394,12410989.8035,12410989.8035,,,3.312
600150,中国船舶,船舶,上海,19980520,600150.SH,20230919,27.88,28.39,27.65,28.01,27.85,0.16,0.5745,347740.32,974532.052,0.7775,1.5681,1.26,728.8674,236.6762,2.7067,2.1034,1.895,0.1071,0.0714,447242.8758,447242.8758,221754.6394,12527272.9512,12527272.9512,,,3.312
600150,中国船舶,船舶,上海,19980520,600150.SH,20230918,27.35,27.96,27.12,27.85,27.42,0.43,1.5682,300936.33,829653.43,0.6729,1.3571,0.98,724.7039,235.3243,2.6913,2.0914,1.8841,0.1077,0.0718,447242.8758,447242.8758,221754.6394,12455714.091,12455714.091,,,3.312
600150,中国船舶,船舶,上海,19980520,600150.SH,20230915,27.55,27.94,27.37,27.42,27.51,-0.09,-0.3272,356950.43,988249.896,0.7981,1.6097,1.11,713.5146,231.6909,2.6497,2.0591,1.8551,0.1094,0.0729,447242.8758,447242.8758,221754.6394,12263399.6544,12263399.6544,,,3.312
600150,中国船舶,船舶,上海,19980520,600150.SH,20230914,27.48,27.85,27.4,27.51,27.48,0.03,0.1092,238935.95,660069.796,0.5342,1.0775,0.55,715.8565,232.4514,2.6584,2.0658,1.8611,0.1091,0.0727,447242.8758,447242.8758,221754.6394,12303651.5133,12303651.5133,,,3.312
600150,中国船舶,船舶,上海,19980520,600150.SH,20230913,27.6,27.7,27.27,27.48,27.69,-0.21,-0.7584,221759.96,609170.012,0.4958,1.0,0.49,715.0759,232.1979,2.6555,2.0636,1.8591,0.1092,0.0728,447242.8758,447242.8758,221754.6394,12290234.227,12290234.227,,,3.312
600150,中国船舶,船舶,上海,19980520,600150.SH,20230912,27.89,28.03,27.57,27.69,27.93,-0.24,-0.8593,264230.47,734405.579,0.5908,1.1915,0.59,720.5404,233.9723,2.6758,2.0794,1.8733,0.1083,0.0722,447242.8758,447242.8758,221754.6394,12384155.2309,12384155.2309,,,3.312
600150,中国船舶,船舶,上海,19980520,600150.SH,20230911,27.41,28.02,27.35,27.93,27.41,0.52,1.8971,446966.67,1241611.287,0.9994,2.0156,1.01,726.7856,236.0002,2.699,2.0974,1.8896,0.1074,0.0716,447242.8758,447242.8758,221754.6394,12491493.5211,12491493.5211,,,3.312
600150,中国船舶,船舶,上海,19980520,600150.SH,20230908,26.96,27.62,26.85,27.41,27.07,0.34,1.256,439295.22,1199882.888,0.9822,1.981,1.09,713.2544,231.6064,2.6487,2.0583,1.8544,0.1094,0.073,447242.8758,447242.8758,221754.6394,12258927.2257,12258927.2257,,,3.312
600150,中国船舶,船舶,上海,19980520,600150.SH,20230907,28.41,28.42,26.86,27.07,28.47,-1.4,-4.9175,801396.33,2200754.541,1.7919,3.6139,2.36,704.407,228.7335,2.6159,2.0328,1.8314,0.1108,0.0739,447242.8758,447242.8758,221754.6394,12106864.6479,12106864.6479,,,3.312
600150,中国船舶,船舶,上海,19980520,600150.SH,20230906,28.7,28.84,28.25,28.47,28.84,-0.37,-1.2829,328455.15,933032.625,0.7344,1.4812,0.94,740.8374,240.5631,2.7512,2.1379,1.9261,0.1054,0.0702,447242.8758,447242.8758,221754.6394,12733004.674,12733004.674,,,3.312
600150,中国船舶,船舶,上海,19980520,600150.SH,20230905,28.78,29.1,28.67,28.84,28.92,-0.08,-0.2766,237808.64,685912.924,0.5317,1.0724,0.61,750.4654,243.6895,2.7869,2.1657,1.9511,0.104,0.0693,447242.8758,447242.8758,221754.6394,12898484.5381,12898484.5381,,,3.312
600150,中国船舶,船舶,上海,19980520,600150.SH,20230904,28.5,29.08,28.3,28.92,28.39,0.53,1.8669,395459.61,1137776.028,0.8842,1.7833,0.94,752.5471,244.3654,2.7947,2.1717,1.9565,0.1037,0.0692,447242.8758,447242.8758,221754.6394,12934263.9681,12934263.9681,,,3.312
600150,中国船舶,船舶,上海,19980520,600150.SH,20230901,28.2,28.53,28.15,28.39,28.39,0.0,0.0,255021.89,723308.195,0.5702,1.15,0.59,738.7556,239.8871,2.7434,2.1319,1.9207,0.1057,0.0704,447242.8758,447242.8758,221754.6394,12697225.244,12697225.244,,,3.312
600150,中国船舶,船舶,上海,19980520,600150.SH,20230831,29.14,29.14,28.21,28.39,29.14,-0.75,-2.5738,481781.86,1373964.69,1.0772,2.1726,1.2,738.7556,239.8871,2.7434,2.1319,1.9207,0.1057,0.0704,447242.8758,447242.8758,221754.6394,12697225.244,12697225.244,,,3.312
600150,中国船舶,船舶,上海,19980520,600150.SH,20230830,28.9,29.3,28.75,29.14,29.06,0.08,0.2753,369519.82,1072374.401,0.8262,1.6663,0.95,758.2719,797.3223,2.8655,2.1882,2.3485,0.103,0.0686,447242.8758,447242.8758,221754.6394,13032657.4008,13032657.4008,,,3.312
600150,中国船舶,船舶,上海,19980520,600150.SH,20230829,28.43,29.26,28.34,29.06,28.5,0.56,1.9649,455127.35,1315104.073,1.0176,2.0524,1.07,756.1901,795.1333,2.8577,2.1822,2.3421,0.1032,0.0688,447242.8758,447242.8758,221754.6394,12996877.9707,12996877.9707,,,3.312
600150,中国船舶,船舶,上海,19980520,600150.SH,20230828,29.83,29.83,28.38,28.5,28.2,0.3,1.0638,535215.42,1547178.311,1.1967,2.4135,1.39,741.618,779.8107,2.8026,2.1402,2.297,0.1053,0.0702,447242.8758,447242.8758,221754.6394,12746421.9603,12746421.9603,,,3.312
600150,中国船舶,船舶,上海,19980520,600150.SH,20230825,28.0,28.47,27.52,28.2,28.19,0.01,0.0355,316187.15,887053.06,0.707,1.4258,0.75,733.8115,771.6022,2.7731,2.1177,2.2728,0.1064,0.0709,447242.8758,447242.8758,221754.6394,12612249.0976,12612249.0976,,,3.312
600150,中国船舶,船舶,上海,19980520,600150.SH,20230824,28.55,28.68,28.12,28.19,28.35,-0.16,-0.5644,339506.12,963223.591,0.7591,1.531,0.75,733.5513,771.3286,2.7721,2.1169,2.272,0.1064,0.0709,447242.8758,447242.8758,221754.6394,12607776.6688,12607776.6688,,,3.312
600150,中国船舶,船舶,上海,19980520,600150.SH,20230823,28.84,28.86,28.33,28.35,28.98,-0.63,-2.1739,300032.55,856821.334,0.6708,1.353,0.63,737.7148,775.7064,2.7879,2.1289,2.2849,0.1058,0.0705,447242.8758,447242.8758,221754.6394,12679335.5289,12679335.5289,,,3.312
600150,中国船舶,船舶,上海,19980520,600150.SH,20230822,28.05,29.0,28.05,28.98,27.96,1.02,3.6481,626663.1,1798592.983,1.4012,2.8259,1.5,754.1084,792.9444,2.8498,2.1762,2.3356,0.1035,0.069,447242.8758,447242.8758,221754.6394,12961098.5407,12961098.5407,,,3.312
600150,中国船舶,船舶,上海,19980520,600150.SH,20230821,28.16,28.58,27.92,27.96,28.16,-0.2,-0.7102,346539.25,977851.074,0.7748,1.5627,0.75,727.5663,765.0354,2.7495,2.0996,2.2534,0.1073,0.0715,447242.8758,447242.8758,221754.6394,12504910.8074,12504910.8074,,,3.312
600150,中国船舶,船舶,上海,19980520,600150.SH,20230818,28.96,29.08,28.13,28.16,29.08,-0.92,-3.1637,499890.27,1425244.872,1.1177,2.2542,1.15,732.7706,770.5077,2.7692,2.1146,2.2696,0.1065,0.071,447242.8758,447242.8758,221754.6394,12594359.3825,12594359.3825,,,3.312
600150,中国船舶,船舶,上海,19980520,600150.SH,20230817,28.6,29.1,28.23,29.08,28.7,0.38,1.324,485677.15,1401488.818,1.0859,2.1902,1.16,756.7106,795.6805,2.8596,2.1837,2.3437,0.1032,0.0688,447242.8758,447242.8758,221754.6394,13005822.8283,13005822.8283,,,3.312
600150,中国船舶,船舶,上海,19980520,600150.SH,20230816,29.3,29.38,28.58,28.7,29.43,-0.73,-2.4805,417115.82,1204751.586,0.9326,1.881,0.98,746.8223,785.2831,2.8223,2.1552,2.3131,0.1045,0.0697,447242.8758,447242.8758,221754.6394,12835870.5355,12835870.5355,,,3.312
600150,中国船舶,船舶,上海,19980520,600150.SH,20230815,29.59,29.94,29.22,29.43,29.75,-0.32,-1.0756,342068.98,1010662.703,0.7648,1.5426,0.6,765.8182,805.2572,2.8941,2.21,2.3719,0.1019,0.1699,447242.8758,447242.8758,221754.6394,13162357.8348,13162357.8348,,,3.312
600150,中国船舶,船舶,上海,19980520,600150.SH,20230814,28.66,29.86,28.56,29.75,29.01,0.74,2.5508,572818.49,1684994.687,1.2808,2.5831,1.01,774.1451,814.0129,2.9255,2.234,2.3977,0.1008,0.1681,447242.8758,447242.8758,221754.6394,13305475.5551,13305475.5551,,,3.312
600150,中国船舶,船舶,上海,19980520,600150.SH,20230811,29.39,29.55,28.91,29.01,29.39,-0.38,-1.293,353407.92,1031680.752,0.7902,1.5937,0.48,754.8891,793.7652,2.8528,2.1785,2.3381,0.1034,0.1724,447242.8758,447242.8758,221754.6394,12974515.827,12974515.827,,,3.312
600150,中国船舶,船舶,上海,19980520,600150.SH,20230810,29.41,29.6,29.23,29.39,29.1,0.29,0.9966,414893.68,1221743.692,0.9277,1.871,0.55,764.7773,804.1627,2.8901,2.207,2.3687,0.1021,0.1701,447242.8758,447242.8758,221754.6394,13144468.1198,13144468.1198,,,3.312
600150,中国船舶,船舶,上海,19980520,600150.SH,20230809,29.1,29.6,28.96,29.1,29.31,-0.21,-0.7165,443746.27,1295475.574,0.9922,2.0011,0.56,757.231,796.2278,2.8616,2.1852,2.3453,0.1031,0.1718,447242.8758,447242.8758,221754.6394,13014767.6858,13014767.6858,,,3.312
600150,中国船舶,船舶,上海,19980520,600150.SH,20230808,30.73,30.73,29.13,29.31,30.74,-1.43,-4.6519,1083609.2,3199103.36,2.4229,4.8865,1.55,762.6956,801.9738,2.8823,2.201,2.3622,0.1024,0.1706,447242.8758,447242.8758,221754.6394,13108688.6897,13108688.6897,,,3.312
600150,中国船舶,船舶,上海,19980520,600150.SH,20230807,30.4,31.0,30.26,30.74,30.7,0.04,0.1303,538088.07,1652614.919,1.2031,2.4265,0.67,799.9066,841.1011,3.0229,2.3084,2.4775,0.0976,0.1627,447242.8758,447242.8758,221754.6394,13748246.0021,13748246.0021,,,3.312
600150,中国船舶,船舶,上海,19980520,600150.SH,20230804,32.14,32.47,30.7,30.7,32.28,-1.58,-4.8947,1214629.26,3803148.96,2.7158,5.4774,1.65,798.8657,840.0066,3.019,2.3054,2.4743,0.0977,0.1629,447242.8758,447242.8758,221754.6394,13730356.2871,13730356.2871,,,3.312
600150,中国船舶,船舶,上海,19980520,600150.SH,20230803,32.25,32.63,31.9,32.28,32.47,-0.19,-0.5852,488402.44,1571358.926,1.092,2.2024,0.58,839.98,883.2382,3.1743,2.424,2.6016,0.0929,0.1549,447242.8758,447242.8758,221754.6394,14437000.0308,14437000.0308,,,3.312
600150,中国船舶,船舶,上海,19980520,600150.SH,20230802,33.17,33.32,32.2,32.47,33.17,-0.7,-2.1103,611382.58,1996596.498,1.367,2.757,0.73,844.9241,888.437,3.193,2.4383,2.6169,0.0924,0.154,447242.8758,447242.8758,221754.6394,14521976.1772,14521976.1772,,,3.312
600150,中国船舶,船舶,上海,19980520,600150.SH,20230801,33.72,33.75,32.88,33.17,33.38,-0.21,-0.6291,634448.19,2105781.259,1.4186,2.861,0.78,863.1393,907.5902,3.2618,2.4909,2.6733,0.0904,0.1507,447242.8758,447242.8758,221754.6394,14835046.1903,14835046.1903,,,3.312
600150,中国船舶,船舶,上海,19980520,600150.SH,20230731,32.06,33.47,31.87,33.38,32.4,0.98,3.0247,1053891.76,3462130.312,2.3564,4.7525,1.38,868.6038,913.3362,3.2825,2.5066,2.6903,0.0899,0.1498,447242.8758,447242.8758,221754.6394,14928967.1942,14928967.1942,,,3.312
600150,中国船舶,船舶,上海,19980520,600150.SH,20230728,32.62,32.84,31.38,32.4,32.89,-0.49,-1.4898,896135.57,2879380.358,2.0037,4.0411,1.32,843.1026,886.5217,3.1861,2.433,2.6113,0.0926,0.1543,447242.8758,447242.8758,221754.6394,14490669.1759,14490669.1759,,,3.312
600150,中国船舶,船舶,上海,19980520,600150.SH,20230727,31.72,33.88,31.65,32.89,31.68,1.21,3.8194,1031746.64,3387637.201,2.3069,4.6526,1.81,855.8532,899.9289,3.2343,2.4698,2.6508,0.0912,0.152,447242.8758,447242.8758,221754.6394,14709818.1851,14709818.1851,,,3.312
600150,中国船舶,船舶,上海,19980520,600150.SH,20230726,32.34,32.86,31.44,31.68,32.34,-0.66,-2.0408,549946.01,1765885.566,1.2296,2.48,1.02,824.367,866.8212,3.1153,2.379,2.5533,0.0947,0.1578,447242.8758,447242.8758,221754.6394,14168654.3053,14168654.3053,,,3.312
600150,中国船舶,船舶,上海,19980520,600150.SH,20230725,32.52,32.52,32.0,32.34,32.27,0.07,0.2169,534973.59,1725316.993,1.1962,2.4125,0.98,841.5413,884.8799,3.1802,2.4285,2.6064,0.0928,0.1546,447242.8758,447242.8758,221754.6394,14463834.6034,14463834.6034,,,3.312
600150,中国船舶,船舶,上海,19980520,600150.SH,20230724,30.71,32.79,30.68,32.27,30.9,1.37,4.4337,801156.84,2570714.252,1.7913,3.6128,1.42,839.7198,882.9646,3.1733,2.4233,2.6008,0.093,0.1549,447242.8758,447242.8758,221754.6394,14432527.6021,14432527.6021,,,3.312
600150,中国船舶,船舶,上海,19980520,600150.SH,20230721,31.16,31.45,30.68,30.9,31.43,-0.53,-1.6863,489144.79,1516561.468,1.0937,2.2058,0.75,804.07,845.479,3.0386,2.3204,2.4904,0.0971,0.1618,447242.8758,447242.8758,221754.6394,13819804.8622,13819804.8622,,,3.312
600150,中国船舶,船舶,上海,19980520,600150.SH,20230720,31.86,32.15,31.21,31.43,31.85,-0.42,-1.3187,482322.72,1526201.186,1.0784,2.175,0.71,817.8615,859.9807,3.0907,2.3602,2.5331,0.0955,0.1591,447242.8758,447242.8758,221754.6394,14056843.5864,14056843.5864,,,3.312
600150,中国船舶,船舶,上海,19980520,600150.SH,20230719,31.88,32.18,31.49,31.85,31.88,-0.03,-0.0941,399272.8,1271134.666,0.8927,1.8005,0.55,828.7906,871.4727,3.132,2.3917,2.567,0.0942,0.157,447242.8758,447242.8758,221754.6394,14244685.5942,14244685.5942,,,3.312
600150,中国船舶,船舶,上海,19980520,600150.SH,20230718,32.13,32.46,31.81,31.88,32.23,-0.35,-1.0859,556147.59,1783432.892,1.2435,2.5079,0.77,829.5713,872.2935,3.135,2.394,2.5694,0.0941,0.1568,447242.8758,447242.8758,221754.6394,14258102.8805,14258102.8805,,,3.312
600150,中国船舶,船舶,上海,19980520,600150.SH,20230717,31.34,32.81,31.17,32.23,31.75,0.48,1.5118,890126.03,2856203.6,1.9903,4.014,1.36,838.6789,881.8702,3.1694,2.4203,2.5976,0.0931,0.1551,447242.8758,447242.8758,221754.6394,14414637.887,14414637.887,,,3.312
600150,中国船舶,船舶,上海,19980520,600150.SH,20230714,30.54,32.1,30.4,31.75,30.67,1.08,3.5214,932767.67,2943802.583,2.0856,4.2063,1.57,826.1885,868.7365,3.1222,2.3842,2.5589,0.0945,0.1575,447242.8758,447242.8758,221754.6394,14199961.3067,14199961.3067,,,3.312
600150,中国船舶,船舶,上海,19980520,600150.SH,20230713,30.25,31.02,30.0,30.67,30.24,0.43,1.422,623241.34,1909876.576,1.3935,2.8105,1.07,798.0851,839.1858,3.016,2.3031,2.4718,0.0978,0.163,447242.8758,447242.8758,221754.6394,13716939.0008,13716939.0008,,,3.312
600150,中国船舶,船舶,上海,19980520,600150.SH,20230712,30.9,30.9,30.2,30.24,30.92,-0.68,-2.1992,652649.64,1986670.766,1.4593,2.9431,1.02,786.8957,827.4202,2.9737,2.2708,2.4372,0.0992,0.1653,447242.8758,447242.8758,221754.6394,13524624.5642,13524624.5642,,,3.312
600150,中国船舶,船舶,上海,19980520,600150.SH,20230711,31.0,31.44,30.83,30.94,31.04,-0.1,-0.3222,531500.16,1649104.093,1.1884,2.3968,0.66,805.1109,846.5735,3.0366,2.3234,2.4936,0.097,0.097,447242.8758,447242.8758,221754.6394,13837694.5773,13837694.5773,,,3.312
600150,中国船舶,船舶,上海,19980520,600150.SH,20230710,31.14,31.53,30.61,31.04,30.95,0.09,0.2908,541035.98,1677278.147,1.2097,2.4398,0.59,807.7131,849.3096,3.0464,2.3309,2.5017,0.0966,0.0966,447242.8758,447242.8758,221754.6394,13882418.8648,13882418.8648,,,3.312
600150,中国船舶,船舶,上海,19980520,600150.SH,20230707,30.91,31.4,30.7,30.95,31.0,-0.05,-0.1613,615194.13,1912647.571,1.3755,2.7742,0.64,805.3711,846.8471,3.0376,2.3242,2.4944,0.0969,0.0969,447242.8758,447242.8758,221754.6394,13842167.006,13842167.006,,,3.312
600150,中国船舶,船舶,上海,19980520,600150.SH,20230706,30.9,31.36,30.84,31.0,30.98,0.02,0.0646,565667.6,1757592.426,1.2648,2.5509,0.55,806.6722,848.2152,3.0425,2.3279,2.4984,0.0968,0.0968,447242.8758,447242.8758,221754.6394,13864529.1498,13864529.1498,,,3.312
600150,中国船舶,船舶,上海,19980520,600150.SH,20230705,31.82,31.82,30.86,30.98,31.65,-0.67,-2.1169,937287.01,2934641.197,2.0957,4.2267,0.85,806.1518,847.6679,3.0405,2.3264,2.4968,0.0968,0.0968,447242.8758,447242.8758,221754.6394,13855584.2923,13855584.2923,,,3.312
600150,中国船舶,船舶,上海,19980520,600150.SH,20230704,32.5,32.78,31.18,31.65,32.73,-1.08,-3.2997,1375542.35,4397110.226,3.0756,6.203,1.17,823.5863,866.0003,3.1063,2.3767,2.5508,0.0948,0.0948,447242.8758,447242.8758,221754.6394,14155237.0191,14155237.0191,,,3.312
600150,中国船舶,船舶,上海,19980520,600150.SH,20230703,32.92,33.41,32.47,32.73,32.91,-0.18,-0.5469,1108204.82,3643539.508,2.4779,4.9974,0.91,851.6897,895.551,3.2123,2.4578,2.6379,0.0917,0.0917,447242.8758,447242.8758,221754.6394,14638259.3249,14638259.3249,,,3.312
600150,中国船舶,船舶,上海,19980520,600150.SH,20230630,33.0,33.3,32.15,32.91,32.61,0.3,0.92,831282.96,2712098.242,1.8587,3.7487,0.59,856.3736,900.4762,3.2299,2.4713,2.6524,0.0912,0.0912,447242.8758,447242.8758,221754.6394,14718763.0426,14718763.0426,,,3.312
600150,中国船舶,船舶,上海,19980520,600150.SH,20230629,32.0,32.99,31.75,32.61,32.41,0.2,0.6171,918145.62,2991330.668,2.0529,4.1404,0.54,848.5671,892.2676,3.2005,2.4488,2.6282,0.092,0.092,447242.8758,447242.8758,221754.6394,14584590.1798,14584590.1798,,,3.312
600150,中国船舶,船舶,上海,19980520,600150.SH,20230628,32.55,33.32,32.41,32.41,32.89,-0.48,-1.4594,1292227.97,4231608.231,2.8893,5.8273,0.75,843.3628,886.7953,3.1809,2.4338,2.6121,0.0926,0.0926,447242.8758,447242.8758,221754.6394,14495141.6047,14495141.6047,,,3.312
600150,中国船舶,船舶,上海,19980520,600150.SH,20230627,32.0,33.44,31.35,32.89,31.88,1.01,3.1681,1731652.08,5629132.393,3.8718,7.8089,1.07,855.8532,899.9289,3.228,2.4698,2.6508,0.0912,0.0912,447242.8758,447242.8758,221754.6394,14709818.1851,14709818.1851,,,3.31
600150,中国船舶,船舶,上海,19980520,600150.SH,20230626,32.35,33.17,31.5,31.88,32.28,-0.4,-1.2392,1322034.77,4262764.543,2.956,5.9617,0.91,829.5713,872.2935,3.1288,2.394,2.5694,0.0941,0.0941,447242.8758,447242.8758,221754.6394,14258102.8805,14258102.8805,,,3.31
600150,中国船舶,船舶,上海,19980520,600150.SH,20230621,32.7,33.67,32.1,32.28,32.7,-0.42,-1.2844,1747069.53,5736245.039,3.9063,7.8784,1.4,839.98,883.2382,3.1681,2.424,2.6016,0.0929,0.0929,447242.8758,447242.8758,221754.6394,14437000.0308,14437000.0308,,,3.31
600150,中国船舶,船舶,上海,19980520,600150.SH,20230620,30.08,33.17,29.74,32.7,30.15,2.55,8.4577,2344399.75,7561382.076,5.2419,10.572,2.62,850.9091,894.7302,3.2093,2.4556,2.6355,0.0917,0.0917,447242.8758,447242.8758,221754.6394,14624842.0387,14624842.0387,,,3.31
600150,中国船舶,船舶,上海,19980520,600150.SH,20230619,28.68,30.38,28.68,30.15,28.68,1.47,5.1255,1427837.8,4256267.008,3.1925,6.4388,1.98,784.5538,824.9577,2.959,2.2641,2.4299,0.0995,0.0995,447242.8758,447242.8758,221754.6394,13484372.7054,13484372.7054,,,3.31
600150,中国船舶,船舶,上海,19980520,600150.SH,20230616,27.9,29.6,27.85,28.68,27.5,1.18,4.2909,1278597.59,3697215.881,2.8588,5.7658,2.24,746.3019,784.7358,2.8148,2.1537,2.3115,0.1046,0.1046,447242.8758,447242.8758,221754.6394,12826925.6779,12826925.6779,,,3.31
600150,中国船舶,船舶,上海,19980520,600150.SH,20230615,27.67,27.99,27.32,27.5,27.76,-0.26,-0.9366,502936.62,1385751.372,1.1245,2.268,0.83,715.5963,752.4489,2.699,2.0651,2.2164,0.1091,0.1091,447242.8758,447242.8758,221754.6394,12299179.0845,12299179.0845,,,3.31
600150,中国船舶,船舶,上海,19980520,600150.SH,20230614,27.62,28.24,27.6,27.76,27.76,0.0,0.0,687678.6,1922352.078,1.5376,3.1011,1.11,722.362,759.563,2.7245,2.0846,2.2373,0.1081,0.1081,447242.8758,447242.8758,221754.6394,12415462.2322,12415462.2322,,,3.31
600150,中国船舶,船舶,上海,19980520,600150.SH,20230613,27.65,27.8,27.06,27.76,27.75,0.01,0.036,582262.34,1597758.215,1.3019,2.6257,0.89,722.362,759.563,2.7245,2.0846,2.2373,0.1081,0.1081,447242.8758,447242.8758,221754.6394,12415462.2322,12415462.2322,,,3.31
600150,中国船舶,船舶,上海,19980520,600150.SH,20230612,27.84,28.18,27.51,27.75,27.8,-0.05,-0.1799,550300.16,1537123.155,1.2304,2.4816,0.8,722.1017,759.2894,2.7235,2.0839,2.2365,0.1081,0.1081,447242.8758,447242.8758,221754.6394,12410989.8035,12410989.8035,,,3.31
600150,中国船舶,船舶,上海,19980520,600150.SH,20230609,27.67,27.95,27.41,27.8,27.8,0.0,0.0,528309.66,1460109.068,1.1813,2.3824,0.68,723.4028,760.6575,2.7284,2.0876,2.2405,0.1079,0.1079,447242.8758,447242.8758,221754.6394,12433351.9472,12433351.9472,,,3.31
600150,中国船舶,船舶,上海,19980520,600150.SH,20230608,27.54,28.43,27.47,27.8,27.57,0.23,0.8342,675602.74,1884974.061,1.5106,3.0466,0.77,723.4028,760.6575,2.7284,2.0876,2.2405,0.1079,0.1079,447242.8758,447242.8758,221754.6394,12433351.9472,12433351.9472,,,3.31
600150,中国船舶,船舶,上海,19980520,600150.SH,20230607,27.84,28.11,27.37,27.57,27.84,-0.27,-0.9698,758977.4,2102785.765,1.697,3.4226,0.83,717.4178,754.3643,2.7058,2.0703,2.222,0.1088,0.1088,447242.8758,447242.8758,221754.6394,12330486.0858,12330486.0858,,,3.31
600150,中国船舶,船舶,上海,19980520,600150.SH,20230606,28.71,29.06,27.8,27.84,28.64,-0.8,-2.7933,757495.71,2146755.761,1.6937,3.4159,0.79,724.4437,761.7519,2.7323,2.0906,2.2438,0.1078,0.1078,447242.8758,447242.8758,221754.6394,12451241.6623,12451241.6623,,,3.31
600150,中国船舶,船舶,上海,19980520,600150.SH,20230605,28.09,29.18,28.06,28.64,28.4,0.24,0.8451,718834.63,2057294.894,1.6073,3.2416,0.67,745.261,783.6414,2.8109,2.1507,2.3082,0.1047,0.1047,447242.8758,447242.8758,221754.6394,12809035.9629,12809035.9629,,,3.31
600150,中国船舶,船舶,上海,19980520,600150.SH,20230602,28.93,29.65,28.37,28.4,28.93,-0.53,-1.832,968102.65,2801457.993,2.1646,4.3656,0.92,739.0158,777.0745,2.7873,2.1327,2.2889,0.1056,0.1056,447242.8758,447242.8758,221754.6394,12701697.6727,12701697.6727,,,3.31
600150,中国船舶,船舶,上海,19980520,600150.SH,20230601,28.55,29.4,27.79,28.93,28.82,0.11,0.3817,1168303.98,3349415.741,2.6122,5.2685,1.17,752.8073,791.5763,2.8393,2.1725,2.3316,0.1037,0.1037,447242.8758,447242.8758,221754.6394,12938736.3969,12938736.3969,,,3.31
600150,中国船舶,船舶,上海,19980520,600150.SH,20230531,28.83,29.5,28.56,28.82,29.08,-0.26,-0.8941,962732.2,2804588.301,2.1526,4.3414,0.96,749.9449,788.5665,2.8285,2.1642,2.3227,0.1041,0.1041,447242.8758,447242.8758,221754.6394,12889539.6806,12889539.6806,30.54,24.98,3.31
600150,中国船舶,船舶,上海,19980520,600150.SH,20230530,28.77,29.76,28.61,29.08,29.06,0.02,0.0688,994908.43,2896961.636,2.2245,4.4865,0.99,756.7106,795.6805,2.854,2.1837,2.3437,0.1032,0.1032,447242.8758,447242.8758,221754.6394,13005822.8283,13005822.8283,30.53,24.98,3.31
600150,中国船舶,船舶,上海,19980520,600150.SH,20230529,28.26,29.68,28.0,29.06,27.82,1.24,4.4572,1293567.83,3745883.316,2.8923,5.8333,1.45,756.1901,795.1333,2.8521,2.1822,2.3421,0.1032,0.1032,447242.8758,447242.8758,221754.6394,12996877.9707,12996877.9707,30.58,25.02,3.31
600150,中国船舶,船舶,上海,19980520,600150.SH,20230526,28.0,28.15,27.0,27.82,28.17,-0.35,-1.2425,821214.21,2270302.707,1.8362,3.7033,0.86,723.9233,761.2047,2.7304,2.0891,2.2422,0.1078,0.1078,447242.8758,447242.8758,221754.6394,12442296.8048,12442296.8048,,,3.31
600150,中国船舶,船舶,上海,19980520,600150.SH,20230525,27.5,28.28,27.41,28.17,27.78,0.39,1.4039,906732.93,2529384.818,2.0274,4.0889,0.86,733.0308,770.7813,2.7647,2.1154,2.2704,0.1065,0.1065,447242.8758,447242.8758,221754.6394,12598831.8113,12598831.8113,,,3.31
600150,中国船舶,船舶,上海,19980520,600150.SH,20230524,27.85,28.69,27.66,27.78,27.98,-0.2,-0.7148,994224.9,2793309.337,2.223,4.4834,0.76,722.8824,760.1102,2.7264,2.0861,2.2389,0.108,0.108,447242.8758,447242.8758,221754.6394,12424407.0897,12424407.0897,,,3.31
600150,中国船舶,船舶,上海,19980520,600150.SH,20230523,28.65,28.96,27.78,27.98,28.8,-0.82,-2.8472,1001690.29,2820105.676,2.2397,4.5171,0.63,728.0867,765.5826,2.7461,2.1011,2.255,0.1072,0.1072,447242.8758,447242.8758,221754.6394,12513855.6649,12513855.6649,,,3.31
600150,中国船舶,船舶,上海,19980520,600150.SH,20230522,28.71,29.29,28.5,28.8,29.03,-0.23,-0.7923,724222.95,2088221.303,1.6193,3.2659,0.41,749.4245,788.0193,2.8266,2.1627,2.3211,0.1042,0.1042,447242.8758,447242.8758,221754.6394,12880594.823,12880594.823,,,3.31
600150,中国船舶,船舶,上海,19980520,600150.SH,20230519,29.8,30.33,28.8,29.03,29.95,-0.92,-3.0718,1170940.96,3428169.301,2.6181,5.2803,0.67,755.4095,794.3125,2.8491,2.18,2.3397,0.1033,0.1033,447242.8758,447242.8758,221754.6394,12983460.6845,12983460.6845,,,3.31
600150,中国船舶,船舶,上海,19980520,600150.SH,20230518,29.43,30.49,29.35,29.95,30.04,-0.09,-0.2996,1408098.88,4201276.632,3.1484,6.3498,0.84,779.3494,819.4853,2.9394,2.2491,2.4138,0.1002,0.1002,447242.8758,447242.8758,221754.6394,13394924.1302,13394924.1302,,,3.31
600150,中国船舶,船舶,上海,19980520,600150.SH,20230517,28.52,30.58,27.93,30.04,28.76,1.28,4.4506,2248970.07,6638987.482,5.0285,10.1417,1.48,781.6914,821.9479,2.9483,2.2558,2.4211,0.0999,0.0999,447242.8758,447242.8758,221754.6394,13435175.989,13435175.989,,,3.31
600150,中国船舶,船舶,上海,19980520,600150.SH,20230516,28.78,30.0,28.2,28.76,28.61,0.15,0.5243,2435520.19,7095212.877,5.4456,10.7476,1.51,748.3836,786.9248,2.8226,2.1597,2.3179,0.1043,0.1043,447242.8758,447242.8758,226610.5149,12862705.108,12862705.108,,,3.31
600150,中国船舶,船舶,上海,19980520,600150.SH,20230515,25.9,28.61,25.63,28.61,26.01,2.6,9.9962,1653036.02,4472425.566,3.6961,7.2946,0.98,744.4804,782.8205,2.8079,2.1484,2.3058,0.1049,0.1049,447242.8758,447242.8758,226610.5149,12795618.6766,12795618.6766,,,3.31
600150,中国船舶,船舶,上海,19980520,600150.SH,20230512,26.45,26.85,25.94,26.01,26.5,-0.49,-1.8491,943815.41,2487034.316,2.1103,4.1649,0.55,676.824,711.6799,2.5527,1.9532,2.0963,0.1153,0.1153,447242.8758,447242.8758,226610.5149,11632787.1996,11632787.1996,,,3.31
600150,中国船舶,船舶,上海,19980520,600150.SH,20230511,27.3,27.53,25.87,26.5,27.25,-0.75,-2.7523,1124239.89,2972982.182,2.5137,4.9611,0.63,689.5746,725.0872,2.6008,1.99,2.1358,0.1132,0.1132,447242.8758,447242.8758,226610.5149,11851936.2087,11851936.2087,,,3.31
600150,中国船舶,船舶,上海,19980520,600150.SH,20230510,27.5,28.23,26.87,27.25,27.78,-0.53,-1.9078,1453926.07,4001807.46,3.2509,6.416,0.8,709.0909,745.6085,2.6744,2.0463,2.1962,0.1101,0.1101,447242.8758,447242.8758,226610.5149,12187368.3656,12187368.3656,,,3.31
600150,中国船舶,船舶,上海,19980520,600150.SH,20230509,29.0,29.14,27.73,27.78,27.67,0.11,0.3975,2895122.76,8248674.958,6.4733,12.7758,1.84,722.8824,760.1102,2.7264,2.0861,2.2389,0.108,0.108,447242.8758,447242.8758,226610.5149,12424407.0897,12424407.0897,,,3.31
600150,中国船舶,船舶,上海,19980520,600150.SH,20230508,25.28,27.67,25.25,27.67,25.15,2.52,10.0199,1988469.22,5378203.736,4.4461,8.7748,1.44,720.02,757.1004,2.7157,2.0779,2.2301,0.1084,0.1084,447242.8758,447242.8758,226610.5149,12375210.3734,12375210.3734,,,3.31
600150,中国船舶,船舶,上海,19980520,600150.SH,20230505,25.7,26.59,24.92,25.15,26.0,-0.85,-3.2692,1140840.54,2919834.141,2.5508,5.0344,0.82,654.4454,688.1488,2.4683,1.8886,2.027,0.1193,0.1193,447242.8758,447242.8758,226610.5149,11248158.3264,11248158.3264,,,3.31
600150,中国船舶,船舶,上海,19980520,600150.SH,20230504,25.62,27.19,25.47,26.0,25.91,0.09,0.3474,1432914.43,3778163.152,3.2039,6.3232,1.02,676.5638,711.4063,2.5518,1.9524,2.0955,0.1154,0.1154,447242.8758,447242.8758,226610.5149,11628314.7708,11628314.7708,,,3.31
600150,中国船舶,船舶,上海,19980520,600150.SH,20230428,25.76,26.19,25.18,25.91,26.69,-0.78,-2.9224,1587399.71,4090516.622,3.5493,5.3421,1.14,674.2218,708.9437,2.5429,1.9457,2.0882,0.1158,0.1158,447242.8758,447242.8758,297146.5815,11588062.912,11588062.912,,,3.31
600150,中国船舶,船舶,上海,19980520,600150.SH,20230427,25.23,27.26,24.91,26.69,25.45,1.24,4.8723,1699830.15,4421245.693,3.8007,5.7205,1.46,558.2833,94.2705,2.5207,1.9981,1.986,0.1124,0.1124,447242.8758,447242.8758,297146.5815,11936912.3551,11936912.3551,,,3.31
600150,中国船舶,船舶,上海,19980520,600150.SH,20230426,25.2,25.78,25.08,25.45,25.28,0.17,0.6725,1050604.82,2677454.039,2.3491,3.5356,0.96,532.3458,89.8908,2.4036,1.9053,1.8937,0.1179,0.1179,447242.8758,447242.8758,297146.5815,11382331.1891,11382331.1891,,,3.31
600150,中国船舶,船舶,上海,19980520,600150.SH,20230425,25.38,25.89,24.8,25.28,25.43,-0.15,-0.5899,1161374.86,2952292.073,2.5967,3.9084,1.18,528.7898,89.2903,2.3875,1.8926,1.881,0.1187,0.1187,447242.8758,447242.8758,297146.5815,11306299.9002,11306299.9002,,,3.31
600150,中国船舶,船舶,上海,19980520,600150.SH,20230424,24.71,25.53,24.3,25.43,24.69,0.74,2.9972,1523661.17,3805957.189,3.4068,5.1276,1.83,531.9274,89.8201,2.4017,1.9038,1.8922,0.118,0.118,447242.8758,447242.8758,297146.5815,11373386.3316,11373386.3316,,,3.31
600150,中国船舶,船舶,上海,19980520,600150.SH,20230421,23.72,25.27,23.55,24.69,23.79,0.9,3.7831,1540119.31,3821673.147,3.4436,5.183,2.39,516.4486,87.2064,2.3318,1.8484,1.8371,0.1215,0.1215,447242.8758,447242.8758,297146.5815,11042426.6035,11042426.6035,,,3.31
600150,中国船舶,船舶,上海,19980520,600150.SH,20230420,24.14,24.22,23.72,23.79,24.21,-0.42,-1.7348,554860.86,1326556.644,1.2406,1.8673,0.75,497.623,84.0275,2.2468,1.781,1.7702,0.1261,0.1261,447242.8758,447242.8758,297146.5815,10639908.0153,10639908.0153,,,3.31
600150,中国船舶,船舶,上海,19980520,600150.SH,20230419,24.8,25.02,24.18,24.21,24.88,-0.67,-2.6929,666614.95,1632060.639,1.4905,2.2434,0.93,506.4083,85.511,2.2865,1.8125,1.8014,0.1239,0.1239,447242.8758,447242.8758,297146.5815,10827750.0231,10827750.0231,,,3.31
600150,中国船舶,船舶,上海,19980520,600150.SH,20230418,24.76,25.12,24.51,24.88,24.8,0.08,0.3226,629125.08,1558864.363,1.4067,2.1172,0.85,520.4229,87.8775,2.3497,1.8626,1.8513,0.1206,0.1206,447242.8758,447242.8758,297146.5815,11127402.7499,11127402.7499,,,3.31
600150,中国船舶,船舶,上海,19980520,600150.SH,20230417,24.38,24.99,24.29,24.8,24.51,0.29,1.1832,764842.09,1888728.989,1.7101,2.574,0.89,518.7495,87.5949,2.3422,1.8566,1.8453,0.121,0.121,447242.8758,447242.8758,297146.5815,11091623.3198,11091623.3198,,,3.31
600150,中国船舶,船舶,上海,19980520,600150.SH,20230414,24.6,24.62,24.19,24.51,24.81,-0.3,-1.2092,609441.44,1488256.793,1.3627,2.051,0.74,512.6835,86.5706,2.3148,1.8349,1.8237,0.1224,0.1224,447242.8758,447242.8758,297146.5815,10961922.8859,10961922.8859,,,3.31
600150,中国船舶,船舶,上海,19980520,600150.SH,20230413,23.81,24.85,23.62,24.81,23.82,0.99,4.1562,1050707.95,2558551.922,2.3493,3.536,1.45,518.9587,87.6302,2.3431,1.8574,1.8461,0.1209,0.1209,447242.8758,447242.8758,297146.5815,11096095.7486,11096095.7486,,,3.31
600150,中国船舶,船舶,上海,19980520,600150.SH,20230412,23.82,23.99,23.56,23.82,23.81,0.01,0.042,531627.67,1263496.882,1.1887,1.7891,0.71,498.2505,84.1335,2.2496,1.7833,1.7724,0.1259,0.1259,447242.8758,447242.8758,297146.5815,10653325.3016,10653325.3016,,,3.31
600150,中国船舶,船舶,上海,19980520,600150.SH,20230411,24.2,24.21,23.63,23.81,24.29,-0.48,-1.9761,747579.48,1779804.977,1.6715,2.5159,1.07,498.0414,84.0982,2.2487,1.7825,1.7717,0.126,0.126,447242.8758,447242.8758,297146.5815,10648852.8728,10648852.8728,,,3.31
600150,中国船舶,船舶,上海,19980520,600150.SH,20230410,25.28,25.28,24.28,24.29,23.41,0.88,3.7591,1342599.89,3313539.552,3.0019,4.5183,2.78,508.0817,85.7936,2.294,1.8185,1.8074,0.1235,0.1235,447242.8758,447242.8758,297146.5815,10863529.4532,10863529.4532,,,3.31
600150,中国船舶,船舶,上海,19980520,600150.SH,20230407,23.41,23.54,23.2,23.41,23.4,0.01,0.0427,465117.38,1087345.4,1.04,1.5653,1.03,489.6744,82.6854,2.2109,1.7526,1.7419,0.1282,0.1282,447242.8758,447242.8758,297146.5815,10469955.7225,10469955.7225,,,3.31
600150,中国船舶,船舶,上海,19980520,600150.SH,20230406,23.0,23.41,22.71,23.4,23.16,0.24,1.0363,529443.33,1221898.63,1.1838,1.7818,1.18,489.4653,82.65,2.21,1.7518,1.7412,0.1282,0.1282,447242.8758,447242.8758,297146.5815,10465483.2937,10465483.2937,,,3.31
600150,中国船舶,船舶,上海,19980520,600150.SH,20230404,23.24,23.64,22.83,23.16,23.24,-0.08,-0.3442,656949.94,1522672.377,1.4689,2.2109,1.7,484.4451,81.8024,2.1873,1.7339,1.7233,0.1295,0.1295,447242.8758,447242.8758,297146.5815,10358145.0035,10358145.0035,,,3.31
600150,中国船舶,船舶,上海,19980520,600150.SH,20230403,23.4,23.58,23.05,23.24,23.4,-0.16,-0.6838,486709.4,1131626.036,1.0882,1.6379,1.36,486.1185,82.0849,2.1949,1.7398,1.7292,0.1291,0.1291,447242.8758,447242.8758,297146.5815,10393924.4336,10393924.4336,,,3.31
600150,中国船舶,船舶,上海,19980520,600150.SH,20230331,23.21,23.55,23.21,23.4,23.38,0.02,0.0855,274602.09,642182.718,0.614,0.9241,0.69,489.4653,82.65,2.21,1.7518,1.7412,0.1282,0.1282,447242.8758,447242.8758,297146.5815,10465483.2937,10465483.2937,,,3.31
600150,中国船舶,船舶,上海,19980520,600150.SH,20230330,23.22,23.55,23.1,23.38,23.22,0.16,0.6891,319947.72,746761.667,0.7154,1.0767,0.79,489.0469,82.5794,2.2081,1.7503,1.7397,0.1283,0.1283,447242.8758,447242.8758,297146.5815,10456538.4362,10456538.4362,,,3.31
600150,中国船舶,船舶,上海,19980520,600150.SH,20230329,23.85,23.86,23.09,23.22,23.85,-0.63,-2.6415,511369.77,1193727.978,2.0929,2.9424,1.29,485.7002,82.0143,2.193,1.7384,1.7278,0.1292,0.1292,447242.8758,244330.7764,173794.7098,10384979.5761,5673360.628,26.2,21.44,3.31
600150,中国船舶,船舶,上海,19980520,600150.SH,20230328,24.07,24.39,23.74,23.85,24.04,-0.19,-0.7903,342204.66,823526.984,1.4006,1.969,0.76,498.8781,84.2395,2.2525,1.7855,1.7746,0.1258,0.1258,447242.8758,244330.7764,173794.7098,10666742.5878,5827289.0171,,,3.31
600150,中国船舶,船舶,上海,19980520,600150.SH,20230327,23.99,24.21,23.71,24.04,24.2,-0.16,-0.6612,346855.5,831315.476,1.4196,1.9958,0.74,502.8524,84.9106,2.2704,1.7997,1.7888,0.1248,0.1248,447242.8758,244330.7764,173794.7098,10751718.7342,5873711.8647,,,3.31
600150,中国船舶,船舶,上海,19980520,600150.SH,20230324,24.88,24.88,24.0,24.2,24.95,-0.75,-3.006,475853.18,1156283.285,1.9476,2.738,1.07,506.1991,85.4757,2.2855,1.8117,1.8007,0.124,0.124,447242.8758,244330.7764,173794.7098,10823277.5944,5912804.7889,,,3.31
600150,中国船舶,船舶,上海,19980520,600150.SH,20230323,24.75,25.01,24.58,24.95,24.92,0.03,0.1204,352446.3,873939.098,1.4425,2.0279,0.73,521.8871,88.1247,2.3564,1.8679,1.8565,0.1202,0.1202,447242.8758,244330.7764,173794.7098,11158709.7512,6096052.8712,,,3.31
600150,中国船舶,船舶,上海,19980520,600150.SH,20230322,25.0,25.61,24.73,24.92,25.12,-0.2,-0.7962,464053.24,1163729.458,1.8993,2.6701,0.99,521.2596,88.0188,2.3535,1.8656,1.8543,0.1204,0.1204,447242.8758,244330.7764,173794.7098,11145292.4649,6088722.9479,,,3.31
600150,中国船舶,船舶,上海,19980520,600150.SH,20230321,25.2,26.0,24.9,25.12,24.68,0.44,1.7828,600433.41,1526400.294,2.4575,3.4548,1.3,525.4431,88.7252,2.3724,1.8806,1.8691,0.1194,0.1194,447242.8758,244330.7764,173794.7098,11234741.0401,6137589.1032,,,3.31
600150,中国船舶,船舶,上海,19980520,600150.SH,20230320,25.1,25.6,24.61,24.68,25.1,-0.42,-1.6733,459832.87,1153372.348,1.882,2.6458,1.01,516.2394,87.1711,2.3309,1.8477,1.8364,0.1216,0.1216,447242.8758,244330.7764,173794.7098,11037954.1747,6030083.5616,,,3.31
600150,中国船舶,船舶,上海,19980520,600150.SH,20230317,25.02,25.39,24.94,25.1,24.88,0.22,0.8842,349725.8,880176.069,1.4314,2.0123,0.74,525.0247,88.6545,2.3705,1.8791,1.8676,0.1195,0.1195,447242.8758,244330.7764,173794.7098,11225796.1826,6132702.4876,,,3.31
600150,中国船舶,船舶,上海,19980520,600150.SH,20230316,25.64,25.74,24.8,24.88,25.98,-1.1,-4.234,533487.82,1341401.641,2.1835,3.0696,1.15,520.4229,87.8775,2.3497,1.8626,1.8513,0.1206,0.1206,447242.8758,244330.7764,173794.7098,11127402.7499,6078949.7168,,,3.31
600150,中国船舶,船舶,上海,19980520,600150.SH,20230315,25.77,26.11,25.4,25.98,25.89,0.09,0.3476,396021.24,1021018.047,1.6208,2.2787,0.79,543.432,91.7627,2.4536,1.945,1.9331,0.1155,0.1155,447242.8758,244330.7764,173794.7098,11619369.9133,6347713.5709,,,3.31
600150,中国船舶,船舶,上海,19980520,600150.SH,20230314,25.58,26.15,25.24,25.89,25.79,0.1,0.3877,566312.78,1460675.239,2.3178,3.2585,1.0,541.5494,91.4449,2.4451,1.9382,1.9264,0.1159,0.1159,447242.8758,244330.7764,173794.7098,11579118.0545,6325723.801,,,3.31
600150,中国船舶,船舶,上海,19980520,600150.SH,20230313,25.33,25.84,25.28,25.79,25.39,0.4,1.5754,434948.41,1113764.074,1.7802,2.5027,0.58,539.4577,91.0917,2.4357,1.9308,1.919,0.1163,0.1163,447242.8758,244330.7764,173794.7098,11534393.7669,6301290.7234,26.62,21.78,3.31
600150,中国船舶,船舶,上海,19980520,600150.SH,20230310,25.9,26.09,25.36,25.39,26.1,-0.71,-2.7203,431900.77,1108519.534,1.7677,2.4851,0.48,531.0907,89.6788,2.3979,1.9008,1.8892,0.1182,0.1182,447242.8758,244330.7764,173794.7098,11355496.6166,6203558.4128,27.45,22.46,3.31
600150,中国船舶,船舶,上海,19980520,600150.SH,20230309,26.18,26.88,25.89,26.1,26.32,-0.22,-0.8359,495467.82,1299956.261,2.0279,2.8509,0.53,545.942,92.1866,2.465,1.954,1.9421,0.1149,0.1149,447242.8758,244330.7764,173794.7098,11673039.0584,6377033.264,,,3.31
600150,中国船舶,船舶,上海,19980520,600150.SH,20230308,25.9,26.5,25.58,26.32,25.95,0.37,1.4258,593208.1,1551758.508,2.4279,3.4133,0.65,550.5438,92.9636,2.4857,1.9704,1.9584,0.114,0.114,447242.8758,244330.7764,173794.7098,11771432.4911,6430786.0348,,,3.31
600150,中国船舶,船舶,上海,19980520,600150.SH,20230307,26.63,27.12,25.85,25.95,26.58,-0.63,-2.3702,881232.07,2327200.184,3.6067,5.0705,1.05,542.8044,91.6568,2.4508,1.9427,1.9309,0.1156,0.1156,447242.8758,244330.7764,173794.7098,11605952.627,6340383.6476,,,3.31
600150,中国船舶,船舶,上海,19980520,600150.SH,20230306,26.79,27.67,26.46,26.58,26.37,0.21,0.7964,1330708.25,3584810.08,5.4463,7.6568,1.97,555.9824,93.882,2.5103,1.9899,1.9778,0.1129,0.1129,447242.8758,244330.7764,173794.7098,11887715.6388,6494312.0367,,,3.31
600150,中国船舶,船舶,上海,19980520,600150.SH,20230303,24.9,26.45,24.65,26.37,24.93,1.44,5.7762,1165038.75,3004047.702,4.7683,6.7035,1.92,551.5897,93.1402,2.4905,1.9742,1.9621,0.1138,0.1138,447242.8758,244330.7764,173794.7098,11793794.6348,6443002.5737,,,3.31
600150,中国船舶,船舶,上海,19980520,600150.SH,20230302,24.26,25.27,24.21,24.93,24.27,0.66,2.7194,735610.24,1834972.817,3.0107,4.2326,1.45,521.4688,88.0541,2.3545,1.8664,1.855,0.1203,0.1203,447242.8758,244330.7764,173794.7098,11149764.8937,6091166.2557,,,3.31
600150,中国船舶,船舶,上海,19980520,600150.SH,20230301,23.76,24.38,23.6,24.27,23.89,0.38,1.5906,460192.71,1105095.035,1.8835,2.6479,0.99,507.6633,85.7229,2.2921,1.817,1.8059,0.1236,0.1236,447242.8758,244330.7764,173794.7098,10854584.5957,5929907.9432,,,3.31
600150,中国船舶,船舶,上海,19980520,600150.SH,20230228,24.18,24.3,23.47,23.89,24.3,-0.41,-1.6872,503077.63,1200286.803,2.059,2.8947,1.23,499.7148,84.3808,2.2562,1.7885,1.7776,0.1256,0.1256,447242.8758,244330.7764,173794.7098,10684632.3029,5837062.2482,,,3.31
600150,中国船舶,船舶,上海,19980520,600150.SH,20230227,24.1,24.43,23.72,24.3,24.09,0.21,0.8717,513571.45,1240855.943,2.102,2.955,1.45,508.2909,85.8289,2.295,1.8192,1.8081,0.1235,0.1235,447242.8758,244330.7764,173794.7098,10868001.8819,5937237.8665,,,3.31
600150,中国船舶,船舶,上海,19980520,600150.SH,20230224,23.03,24.59,23.03,24.09,23.03,1.06,4.6027,820470.6,1972683.855,3.358,4.7209,3.24,503.8982,85.0872,2.2751,1.8035,1.7925,0.1245,0.1245,447242.8758,244330.7764,173794.7098,10774080.878,5885928.4035,,,3.31
600150,中国船舶,船舶,上海,19980520,600150.SH,20230223,23.2,23.43,22.91,23.03,23.25,-0.22,-0.9462,245088.47,567324.914,1.0031,1.4102,0.85,481.7259,81.3432,2.175,1.7241,1.7136,0.1303,0.1303,447242.8758,244330.7764,173794.7098,10300003.4297,5626937.7805,,,3.31
600150,中国船舶,船舶,上海,19980520,600150.SH,20230222,23.36,23.65,23.12,23.25,23.41,-0.16,-0.6835,244384.76,570528.985,1.0002,1.4062,0.82,486.3277,82.1202,2.1958,1.7406,1.73,0.129,0.129,447242.8758,244330.7764,173794.7098,10398396.8624,5680690.5513,,,3.31
600150,中国船舶,船舶,上海,19980520,600150.SH,20230221,23.24,23.68,23.18,23.41,23.27,0.14,0.6016,229300.7,537219.441,0.9385,1.3194,0.74,489.6744,82.6854,2.2109,1.7526,1.7419,0.1282,0.1282,447242.8758,244330.7764,173794.7098,10469955.7225,5719783.4755,,,3.31
600150,中国船舶,船舶,上海,19980520,600150.SH,20230220,23.01,23.33,22.8,23.27,23.03,0.24,1.0421,237176.02,547586.656,0.9707,1.3647,0.69,486.746,82.1909,2.1977,1.7421,1.7315,0.1289,0.1289,447242.8758,244330.7764,173794.7098,10407341.7199,5685577.1668,,,3.31
600150,中国船舶,船舶,上海,19980520,600150.SH,20230217,23.0,23.25,22.87,23.03,23.15,-0.12,-0.5184,309331.1,713047.912,1.266,1.7799,0.89,481.7259,81.3432,2.175,1.7241,1.7136,0.1303,0.1303,447242.8758,244330.7764,173794.7098,10300003.4297,5626937.7805,,,3.31
600150,中国船舶,船舶,上海,19980520,600150.SH,20230216,23.8,24.08,22.94,23.15,23.84,-0.69,-2.8943,422751.71,994378.644,1.7302,2.4325,1.07,484.2359,81.767,2.1864,1.7331,1.7226,0.1296,0.1296,447242.8758,244330.7764,173794.7098,10353672.5748,5656257.4737,,,3.31
600150,中国船舶,船舶,上海,19980520,600150.SH,20230215,24.23,24.23,23.77,23.84,24.23,-0.39,-1.6096,286319.28,684967.544,1.1719,1.6475,0.74,498.6689,84.2041,2.2515,1.7848,1.7739,0.1258,0.1258,447242.8758,244330.7764,173794.7098,10662270.1591,5824845.7094,,,3.31
600150,中国船舶,船舶,上海,19980520,600150.SH,20230214,24.33,24.53,24.03,24.23,24.42,-0.19,-0.7781,293840.1,711901.244,1.2026,1.6907,0.8,506.8266,85.5816,2.2884,1.814,1.8029,0.1238,0.1238,447242.8758,244330.7764,173794.7098,10836694.8806,5920134.7122,,,3.31
600150,中国船舶,船舶,上海,19980520,600150.SH,20230213,24.11,24.55,24.09,24.42,24.05,0.37,1.5385,410466.25,999620.975,1.68,2.3618,1.16,510.8009,86.2527,2.3063,1.8282,1.817,0.1229,0.1229,447242.8758,244330.7764,173794.7098,10921671.027,5966557.5597,26.5,21.68,3.31
600150,中国船舶,船舶,上海,19980520,600150.SH,20230210,24.25,24.29,23.89,24.05,24.34,-0.29,-1.1915,315193.55,758221.72,1.29,1.8136,0.88,503.0615,84.9459,2.2714,1.8005,1.7895,0.1247,0.1247,447242.8758,244330.7764,173794.7098,10756191.163,5876155.1724,,,3.31
600150,中国船舶,船舶,上海,19980520,600150.SH,20230209,23.29,24.44,23.23,24.34,23.39,0.95,4.0616,665366.62,1607960.699,2.7232,3.8285,2.32,509.1276,85.9702,2.2987,1.8222,1.8111,0.1233,0.1233,447242.8758,244330.7764,173794.7098,10885891.597,5947011.0976,,,3.31
600150,中国船舶,船舶,上海,19980520,600150.SH,20230208,23.5,23.95,23.38,23.39,23.59,-0.2,-0.8478,251786.47,593983.369,1.0305,1.4488,0.85,489.2561,82.6147,2.209,1.7511,1.7404,0.1283,0.1283,447242.8758,244330.7764,173794.7098,10461010.865,5714896.86,,,3.31
600150,中国船舶,船舶,上海,19980520,600150.SH,20230207,23.68,23.86,23.42,23.59,23.55,0.04,0.1699,189708.64,447380.607,0.7764,1.0916,0.62,493.4396,83.3211,2.2279,1.7661,1.7553,0.1272,0.1272,447242.8758,244330.7764,173794.7098,10550459.4401,5763763.0153,,,3.31
600150,中国船舶,船舶,上海,19980520,600150.SH,20230206,23.8,24.25,23.5,23.55,23.91,-0.36,-1.5056,340064.34,810833.149,1.3918,1.9567,1.07,492.6029,83.1799,2.2241,1.7631,1.7523,0.1274,0.1274,447242.8758,244330.7764,173794.7098,10532569.7251,5753989.7842,,,3.31
600150,中国船舶,船舶,上海,19980520,600150.SH,20230203,23.5,24.0,23.25,23.91,23.59,0.32,1.3565,348593.34,823745.929,1.4267,2.0058,1.2,500.1331,84.4514,2.2581,1.79,1.7791,0.1255,0.1255,447242.8758,244330.7764,173794.7098,10693577.1604,5841948.8637,,,3.31
600150,中国船舶,船舶,上海,19980520,600150.SH,20230202,23.98,24.12,23.52,23.59,23.86,-0.27,-1.1316,302557.36,717501.148,1.2383,1.7409,1.07,493.4396,83.3211,2.2279,1.7661,1.7553,0.1272,0.1272,447242.8758,244330.7764,173794.7098,10550459.4401,5763763.0153,26.22,21.46,3.31
600150,中国船舶,船舶,上海,19980520,600150.SH,20230201,23.64,23.95,23.64,23.86,23.71,0.15,0.6326,306487.22,729295.522,1.2544,1.7635,1.11,499.0872,84.2748,2.2534,1.7863,1.7754,0.1257,0.1257,447242.8758,244330.7764,173794.7098,10671215.0166,5829732.3249,,,3.31
600150,中国船舶,船舶,上海,19980520,600150.SH,20230131,23.54,23.94,23.41,23.71,23.68,0.03,0.1267,232842.56,551630.995,0.953,1.3398,0.72,495.9496,83.745,2.2392,1.775,1.7642,0.1265,0.1265,447242.8758,244330.7764,173794.7098,10604128.5852,5793082.7084,,,3.31
600150,中国船舶,船舶,上海,19980520,600150.SH,20230130,24.01,24.09,23.56,23.68,23.66,0.02,0.0845,392387.38,931321.877,1.606,2.2578,1.07,495.3221,83.639,2.2364,1.7728,1.762,0.1267,0.1267,447242.8758,244330.7764,173794.7098,10590711.2989,5785752.7852,,,3.31
600150,中国船舶,船舶,上海,19980520,600150.SH,20230120,23.52,23.7,23.51,23.66,23.6,0.06,0.2542,216687.09,511703.022,0.8869,1.2468,0.55,494.9038,83.5684,2.2345,1.7713,1.7605,0.1268,0.1268,447242.8758,244330.7764,173794.7098,10581766.4414,5780866.1696,,,3.31
600150,中国船舶,船舶,上海,19980520,600150.SH,20230119,23.63,23.65,23.2,23.6,23.6,0.0,0.0,259002.96,606581.064,1.0601,1.4903,0.68,493.6487,83.3565,2.2289,1.7668,1.756,0.1271,0.1271,447242.8758,244330.7764,173794.7098,10554931.8689,5766206.323,,,3.31
600150,中国船舶,船舶,上海,19980520,600150.SH,20230118,23.62,23.92,23.5,23.6,23.63,-0.03,-0.127,280294.5,663861.048,1.1472,1.6128,0.75,493.6487,83.3565,2.2289,1.7668,1.756,0.1271,0.1271,447242.8758,244330.7764,173794.7098,10554931.8689,5766206.323,25.95,21.23,3.31
600150,中国船舶,船舶,上海,19980520,600150.SH,20230117,23.18,23.76,22.85,23.63,23.18,0.45,1.9413,468407.02,1097540.139,1.9171,2.6952,1.38,494.2763,83.4624,2.2317,1.769,1.7583,0.127,0.127,447242.8758,244330.7764,173794.7098,10568349.1552,5773536.2463,,,3.31
600150,中国船舶,船舶,上海,19980520,600150.SH,20230116,22.03,23.18,22.03,23.18,21.95,1.23,5.6036,614682.47,1407574.367,2.5158,3.5368,2.26,484.8635,81.873,2.1892,1.7354,1.7248,0.1294,0.1294,447242.8758,244330.7764,173794.7098,10367089.861,5663587.397,26.3,21.52,3.31
600150,中国船舶,船舶,上海,19980520,600150.SH,20230113,22.01,22.5,21.76,21.95,22.07,-0.12,-0.5437,360032.19,793656.118,1.4735,2.0716,1.35,459.1352,77.5286,2.073,1.6433,1.6333,0.1367,0.1367,447242.8758,244330.7764,173794.7098,9816981.1238,5363060.542,,,3.31
600150,中国船舶,船舶,上海,19980520,600150.SH,20230112,22.23,22.38,21.94,22.07,22.08,-0.01,-0.0453,173462.22,383396.999,0.7099,0.9981,0.63,461.6452,77.9524,2.0844,1.6523,1.6422,0.1359,0.1359,447242.8758,244330.7764,173794.7098,9870650.2689,5392380.2351,,,3.31
600150,中国船舶,船舶,上海,19980520,600150.SH,20230111,22.12,22.44,21.86,22.08,22.0,0.08,0.3636,253070.06,561598.851,1.0358,1.4561,0.93,461.8544,77.9877,2.0853,1.653,1.6429,0.1359,0.1359,447242.8758,244330.7764,173794.7098,9875122.6977,5394823.5429,,,3.31
600150,中国船舶,船舶,上海,19980520,600150.SH,20230110,22.4,22.46,21.94,22.0,22.39,-0.39,-1.7418,292535.75,646166.621,1.1973,1.6832,1.06,460.181,77.7052,2.0778,1.647,1.637,0.1364,0.1364,447242.8758,244330.7764,173794.7098,9839343.2676,5375277.0808,,,3.31
600150,中国船舶,船舶,上海,19980520,600150.SH,20230109,22.65,22.75,22.39,22.39,22.64,-0.25,-1.1042,281654.12,633917.509,1.1528,1.6206,1.06,468.3388,79.0827,2.1146,1.6762,1.666,0.134,0.134,447242.8758,244330.7764,173794.7098,10013767.9892,5470566.0836,,,3.31
600150,中国船舶,船舶,上海,19980520,600150.SH,20230106,22.98,23.2,22.58,22.64,23.08,-0.44,-1.9064,336248.53,766864.151,1.3762,1.9347,1.35,473.5681,79.9657,2.1382,1.6949,1.6846,0.1325,0.1325,447242.8758,244330.7764,173794.7098,10125578.7081,5531648.7777,,,3.31
600150,中国船舶,船舶,上海,19980520,600150.SH,20230105,22.93,23.14,22.87,23.08,23.0,0.08,0.3478,218080.69,502265.758,0.8926,1.2548,0.85,482.7717,81.5198,2.1797,1.7279,1.7173,0.13,0.13,447242.8758,244330.7764,173794.7098,10322365.5735,5639154.3193,,,3.31
600150,中国船舶,船舶,上海,19980520,600150.SH,20230104,22.99,23.06,22.73,23.0,22.9,0.1,0.4367,229646.03,525192.259,0.9399,1.3214,0.91,481.0983,81.2372,2.1722,1.7219,1.7114,0.1304,0.1304,447242.8758,244330.7764,173794.7098,10286586.1434,5619607.8572,,,3.31
600150,中国船舶,船舶,上海,19980520,600150.SH,20230103,22.3,23.0,22.2,22.9,22.28,0.62,2.7828,310630.52,705566.78,1.2714,1.7873,1.29,479.0066,80.884,2.1627,1.7144,1.7039,0.131,0.131,447242.8758,244330.7764,173794.7098,10241861.8558,5595174.7796,,,3.31
600150,中国船舶,船舶,上海,19980520,600150.SH,20221230,22.65,22.75,22.23,22.28,22.65,-0.37,-1.6336,230493.79,516788.43,0.9434,1.3262,0.97,466.0379,78.6941,2.1042,1.668,1.6578,0.1571,0.1346,447242.8758,244330.7764,173794.7098,9964571.2728,5443689.6982,,,3.31
600150,中国船舶,船舶,上海,19980520,600150.SH,20221229,22.2,22.69,22.15,22.65,22.26,0.39,1.752,255756.16,575988.139,1.0468,1.4716,0.98,473.7773,80.001,2.1391,1.6957,1.6853,0.1545,0.1325,447242.8758,244330.7764,173794.7098,10130051.1369,5534092.0855,,,3.31
600150,中国船舶,船舶,上海,19980520,600150.SH,20221228,22.07,22.6,22.0,22.26,22.16,0.1,0.4513,259757.63,579119.363,1.0631,1.4946,0.94,465.6195,78.6235,2.1023,1.6665,1.6563,0.1572,0.1348,447242.8758,244330.7764,173794.7098,9955626.4153,5438803.0827,,,3.31
600150,中国船舶,船舶,上海,19980520,600150.SH,20221227,22.01,22.23,21.91,22.16,22.09,0.07,0.3169,209603.37,462966.81,0.8579,1.206,0.65,463.5278,78.2703,2.0929,1.659,1.6489,0.1579,0.1354,447242.8758,244330.7764,173794.7098,9910902.1277,5414370.005,,,3.31
600150,中国船舶,船舶,上海,19980520,600150.SH,20221226,21.66,22.09,21.48,22.09,21.51,0.58,2.6964,251299.51,549566.692,1.0285,1.446,0.8,462.0636,78.0231,2.0863,1.6538,1.6437,0.1584,0.1358,447242.8758,244330.7764,173794.7098,9879595.1264,5397266.8507,,,3.31
600150,中国船舶,船舶,上海,19980520,600150.SH,20221223,21.32,21.81,21.32,21.51,21.67,-0.16,-0.7383,212109.34,457404.962,0.8681,1.2205,0.63,449.9315,75.9745,2.0315,1.6103,1.6005,0.1627,0.1395,447242.8758,244330.7764,173794.7098,9620194.2585,5255555.0004,,,3.31
600150,中国船舶,船舶,上海,19980520,600150.SH,20221222,22.25,22.49,21.54,21.67,22.15,-0.48,-2.167,366430.91,802825.089,1.4997,2.1084,1.19,453.2783,76.5396,2.0466,1.6223,1.6124,0.1615,0.1384,447242.8758,244330.7764,173794.7098,9691753.1186,5294647.9246,,,3.31
600150,中国船舶,船舶,上海,19980520,600150.SH,20221221,22.95,22.95,21.94,22.15,23.0,-0.85,-3.6957,348576.61,782139.262,1.4267,2.0057,1.19,463.3186,78.235,2.0919,1.6582,1.6481,0.158,0.1354,447242.8758,244330.7764,173794.7098,9906429.699,5411926.6973,25.3,20.7,3.31
600150,中国船舶,船舶,上海,19980520,600150.SH,20221220,22.46,23.39,22.33,23.0,22.44,0.56,2.4955,426413.22,981908.966,1.7452,2.4535,1.59,481.0983,81.2372,2.1722,1.7219,1.7114,0.1522,0.1304,447242.8758,244330.7764,173794.7098,10286586.1434,5619607.8572,,,3.31
600150,中国船舶,船舶,上海,19980520,600150.SH,20221219,22.5,22.83,22.21,22.44,22.55,-0.11,-0.4878,222604.25,500510.96,0.9111,1.2808,0.74,469.3846,79.2593,2.1193,1.68,1.6697,0.156,0.1337,447242.8758,244330.7764,173794.7098,10036130.133,5482782.6224,,,3.31
600150,中国船舶,船舶,上海,19980520,600150.SH,20221216,22.92,23.04,22.4,22.55,23.07,-0.52,-2.254,327488.45,741578.738,1.3403,1.8843,1.1,471.6856,79.6478,2.1297,1.6882,1.6779,0.1552,0.133,447242.8758,244330.7764,173794.7098,10085326.8493,5509659.0078,,,3.31
600150,中国船舶,船舶,上海,19980520,600150.SH,20221215,22.95,23.15,22.63,23.07,22.94,0.13,0.5667,219906.62,504055.347,0.9,1.2653,0.68,482.5626,81.4845,2.1788,1.7271,1.7166,0.1517,0.13,447242.8758,244330.7764,173794.7098,10317893.1447,5636711.0115,,,3.31
600150,中国船舶,船舶,上海,19980520,600150.SH,20221214,22.78,23.3,22.78,22.94,22.8,0.14,0.614,272732.99,629001.964,1.1162,1.5693,0.83,479.8433,81.0253,2.1665,1.7174,1.7069,0.1526,0.1308,447242.8758,244330.7764,173794.7098,10259751.5709,5604948.0106,,,3.31
600150,中国船舶,船舶,上海,19980520,600150.SH,20221213,23.05,23.25,22.68,22.8,23.0,-0.2,-0.8696,295477.03,677994.332,1.2093,1.7001,0.84,476.9149,80.5308,2.1533,1.7069,1.6965,0.1535,0.1316,447242.8758,244330.7764,173794.7098,10197137.5682,5570741.7019,,,3.31
600150,中国船舶,船舶,上海,19980520,600150.SH,20221212,23.32,23.38,22.72,23.0,23.42,-0.42,-1.7933,387239.19,888786.196,1.5849,2.2281,1.02,481.0983,81.2372,2.1722,1.7219,1.7114,0.1522,0.1304,447242.8758,244330.7764,173794.7098,10286586.1434,5619607.8572,,,3.31
600150,中国船舶,船舶,上海,19980520,600150.SH,20221209,23.26,23.44,23.0,23.42,23.27,0.15,0.6446,308818.61,718328.647,1.2639,1.7769,0.66,489.8836,82.7207,2.2119,1.7533,1.7426,0.1494,0.1281,447242.8758,244330.7764,173794.7098,10474428.1512,5722226.7833,,,3.31
600150,中国船舶,船舶,上海,19980520,600150.SH,20221208,23.61,23.85,23.18,23.27,23.69,-0.42,-1.7729,346370.4,810578.025,1.4176,1.993,0.74,486.746,82.1909,2.1977,1.7421,1.7315,0.1504,0.1289,447242.8758,244330.7764,173794.7098,10407341.7199,5685577.1668,,,3.31
600150,中国船舶,船舶,上海,19980520,600150.SH,20221207,24.03,24.19,23.51,23.69,24.13,-0.44,-1.8235,299395.15,711979.551,1.2254,1.7227,0.6,495.5313,83.6743,2.2374,1.7735,1.7627,0.1477,0.1266,447242.8758,244330.7764,173794.7098,10595183.7277,5788196.0929,25.3,20.7,3.31
600150,中国船舶,船舶,上海,19980520,600150.SH,20221206,24.27,24.35,23.85,24.13,24.39,-0.26,-1.066,410067.23,985804.483,1.6783,2.3595,0.81,504.7349,85.2284,2.2789,1.8065,1.7955,0.145,0.1243,447242.8758,244330.7764,173794.7098,10791970.5931,5895701.6345,,,3.31
600150,中国船舶,船舶,上海,19980520,600150.SH,20221205,23.45,24.42,23.45,24.39,23.61,0.78,3.3037,529944.42,1274425.058,2.169,3.0493,1.1,510.1734,86.1468,2.3035,1.8259,1.8148,0.1435,0.123,447242.8758,244330.7764,173794.7098,10908253.7408,5959227.6364,24.81,20.3,3.31
600150,中国船舶,船舶,上海,19980520,600150.SH,20221202,24.73,24.94,23.61,23.61,24.91,-1.3,-5.2188,736772.57,1775252.903,3.0155,4.2393,1.86,493.8579,83.3918,2.2298,1.7675,1.7568,0.1482,0.1271,447242.8758,244330.7764,173794.7098,10559404.2976,5768649.6308,,,3.31
600150,中国船舶,船舶,上海,19980520,600150.SH,20221201,25.03,25.12,24.63,24.91,25.09,-0.18,-0.7174,367876.82,916304.237,1.5057,2.1167,0.93,521.0504,87.9834,2.3526,1.8649,1.8535,0.1405,0.1204,447242.8758,244330.7764,173794.7098,11140820.0362,6086279.6401,,,3.31
600150,中国船舶,船舶,上海,19980520,600150.SH,20221130,25.3,25.5,24.47,25.09,25.34,-0.25,-0.9866,433655.89,1078484.3,1.7749,2.4952,1.09,524.8155,88.6192,2.3696,1.8783,1.8669,0.1395,0.1196,447242.8758,244330.7764,173794.7098,11221323.7538,6130259.1799,,,3.31
600150,中国船舶,船舶,上海,19980520,600150.SH,20221129,25.63,25.85,25.2,25.34,25.78,-0.44,-1.7067,460331.42,1168807.347,1.8841,2.6487,1.02,530.0449,89.5022,2.3932,1.8971,1.8855,0.1381,0.1184,447242.8758,244330.7764,173794.7098,11333134.4728,6191341.874,,,3.31
600150,中国船舶,船舶,上海,19980520,600150.SH,20221128,25.5,26.52,25.12,25.78,25.91,-0.13,-0.5017,420707.74,1090609.136,1.7219,2.4207,1.0,539.2485,91.0563,2.4347,1.93,1.9182,0.1358,0.1164,447242.8758,244330.7764,173794.7098,11529921.3381,6298847.4156,,,3.31
600150,中国船舶,船舶,上海,19980520,600150.SH,20221125,26.09,26.25,25.61,25.91,25.99,-0.08,-0.3078,299062.26,775486.638,1.224,1.7208,0.71,541.9677,91.5155,2.447,1.9397,1.9279,0.1351,0.1158,447242.8758,244330.7764,173794.7098,11588062.912,6330610.4165,,,3.31
600150,中国船舶,船舶,上海,19980520,600150.SH,20221124,25.99,26.67,25.85,25.99,25.96,0.03,0.1156,356940.84,933553.905,1.4609,2.0538,0.85,543.6411,91.7981,2.4546,1.9457,1.9339,0.1347,0.1154,447242.8758,244330.7764,173794.7098,11623842.342,6350156.8786,,,3.31
600150,中国船舶,船舶,上海,19980520,600150.SH,20221123,25.98,26.31,25.68,25.96,25.96,0.0,0.0,456701.5,1186408.024,1.8692,2.6278,1.12,543.0136,91.6921,2.4517,1.9435,1.9316,0.1348,0.1156,447242.8758,244330.7764,173794.7098,11610425.0558,6342826.9553,,,3.31
600150,中国船舶,船舶,上海,19980520,600150.SH,20221122,25.0,26.76,24.9,25.96,25.02,0.94,3.757,721270.29,1875502.475,2.952,4.1501,2.08,543.0136,91.6921,2.4517,1.9435,1.9316,0.1348,0.1156,447242.8758,244330.7764,173794.7098,11610425.0558,6342826.9553,,,3.31
600150,中国船舶,船舶,上海,19980520,600150.SH,20221121,24.6,25.18,24.3,25.02,24.78,0.24,0.9685,262469.96,652486.797,1.0742,1.5102,0.68,523.3513,88.372,2.363,1.8731,1.8617,0.1399,0.1199,447242.8758,244330.7764,173794.7098,11190016.7525,6113156.0255,25.97,21.25,3.31
600150,中国船舶,船舶,上海,19980520,600150.SH,20221118,25.29,25.77,24.76,24.78,25.28,-0.5,-1.9778,311719.67,786420.912,1.2758,1.7936,0.73,518.3312,87.5243,2.3403,1.8551,1.8438,0.1412,0.1211,447242.8758,244330.7764,173794.7098,11082678.4623,6054516.6392,,,3.31
600150,中国船舶,船舶,上海,19980520,600150.SH,20221117,25.22,25.42,24.7,25.28,25.41,-0.13,-0.5116,350356.68,877808.24,1.4339,2.0159,0.74,528.7898,89.2903,2.3875,1.8926,1.881,0.1384,0.1187,447242.8758,244330.7764,173794.7098,11306299.9002,6176682.0274,,,3.31
600150,中国船舶,船舶,上海,19980520,600150.SH,20221116,25.14,25.83,24.94,25.41,25.17,0.24,0.9535,393224.26,1000792.338,1.6094,2.2626,0.84,531.5091,89.7495,2.3998,1.9023,1.8907,0.1377,0.1181,447242.8758,244330.7764,173794.7098,11364441.4741,6208445.0283,,,3.31
600150,中国船舶,船舶,上海,19980520,600150.SH,20221115,24.57,25.26,24.57,25.17,24.83,0.34,1.3693,412092.67,1029841.433,1.6866,2.3711,0.93,526.4889,88.9018,2.3771,1.8843,1.8729,0.1391,0.1192,447242.8758,244330.7764,173794.7098,11257103.1839,6149805.642,,,3.31
600150,中国船舶,船舶,上海,19980520,600150.SH,20221114,25.0,25.29,24.6,24.83,25.35,-0.52,-2.0513,476789.51,1187856.602,1.9514,2.7434,1.13,519.377,87.7009,2.345,1.8589,1.8476,0.141,0.1208,447242.8758,244330.7764,173794.7098,11105040.6061,6066733.178,,,3.31
600150,中国船舶,船舶,上海,19980520,600150.SH,20221111,25.4,25.58,24.55,25.35,24.92,0.43,1.7255,514083.04,1295953.769,2.104,2.958,1.3,530.254,89.5375,2.3941,1.8978,1.8862,0.1381,0.1183,447242.8758,244330.7764,173794.7098,11337606.9015,6193785.1817,,,3.31
600150,中国船舶,船舶,上海,19980520,600150.SH,20221110,25.56,25.79,24.46,24.92,25.89,-0.97,-3.7466,562214.97,1405557.9,2.301,3.2349,1.56,521.2596,88.0188,2.3535,1.8656,1.8543,0.1404,0.1204,447242.8758,244330.7764,173794.7098,11145292.4649,6088722.9479,,,3.31
600150,中国船舶,船舶,上海,19980520,600150.SH,20221109,26.2,26.66,25.82,25.89,26.28,-0.39,-1.484,372198.4,974227.808,1.5233,2.1416,0.91,541.5494,91.4449,2.4451,1.9382,1.9264,0.1352,0.1159,447242.8758,244330.7764,173794.7098,11579118.0545,6325723.801,,,3.31
600150,中国船舶,船舶,上海,19980520,600150.SH,20221108,26.36,26.64,26.03,26.28,26.46,-0.18,-0.6803,292671.7,767889.372,1.1979,1.684,0.67,549.7072,92.8224,2.482,1.9674,1.9554,0.1332,0.1142,447242.8758,244330.7764,173794.7098,11753542.776,6421012.8038,,,3.31
600150,中国船舶,船舶,上海,19980520,600150.SH,20221107,27.5,27.5,26.43,26.46,27.26,-0.8,-2.9347,377294.63,1009898.074,1.5442,2.1709,0.79,553.4723,93.4581,2.499,1.9809,1.9688,0.1323,0.1134,447242.8758,244330.7764,173794.7098,11834046.4937,6464992.3435,,,3.31
600150,中国船舶,船舶,上海,19980520,600150.SH,20221104,26.9,27.42,26.68,27.26,26.88,0.38,1.4137,380119.13,1029189.479,1.5558,2.1872,0.8,570.2061,96.2838,2.5745,2.0408,2.0284,0.1284,0.1101,447242.8758,244330.7764,173794.7098,12191840.7943,6660456.9647,,,3.31
600150,中国船舶,船舶,上海,19980520,600150.SH,20221103,26.0,26.98,25.82,26.88,26.42,0.46,1.7411,378056.26,1007384.464,1.5473,2.1753,0.76,562.2575,94.9416,2.5386,2.0124,2.0001,0.1302,0.1116,447242.8758,244330.7764,173794.7098,12021888.5015,6567611.2696,,,3.31
600150,中国船舶,船舶,上海,19980520,600150.SH,20221102,26.49,27.46,26.33,26.42,26.49,-0.07,-0.2643,606850.95,1633471.659,2.4837,3.4918,1.35,552.6356,93.3168,2.4952,1.9779,1.9659,0.1325,0.1136,447242.8758,244330.7764,173794.7098,11816156.7786,6455219.1125,,,3.31
600150,中国船舶,船舶,上海,19980520,600150.SH,20221101,26.52,26.75,25.92,26.49,26.52,-0.03,-0.1131,434554.48,1143279.8,1.7785,2.5004,0.94,554.0998,93.5641,2.5018,1.9832,1.9711,0.1321,0.1133,447242.8758,244330.7764,173794.7098,11847463.7799,6472322.2668,,,3.31
600150,中国船舶,船舶,上海,19980520,600150.SH,20221031,25.15,26.84,25.02,26.52,25.49,1.03,4.0408,600237.07,1583717.485,2.4567,3.4537,1.33,554.7273,93.67,2.5046,1.9854,1.9733,0.132,0.1131,447242.8758,244330.7764,173794.7098,11860881.0662,6479652.1901,,,3.31
600150,中国船舶,船舶,上海,19980520,600150.SH,20221028,25.59,26.4,25.34,25.49,25.8,-0.31,-1.2016,349844.79,902378.047,1.4318,2.013,0.71,533.1825,761.2466,2.4651,1.9083,2.0137,0.1373,0.1177,447242.8758,244330.7764,173794.7098,11400220.9041,6227991.4904,,,3.31
600150,中国船舶,船舶,上海,19980520,600150.SH,20221027,26.83,26.93,25.77,25.8,26.86,-1.06,-3.9464,492681.08,1288065.846,2.0165,2.8348,0.95,539.6668,770.5046,2.4951,1.9315,2.0382,0.1357,0.1163,447242.8758,244330.7764,173794.7098,11538866.1956,6303734.0311,,,3.31
600150,中国船舶,船舶,上海,19980520,600150.SH,20221026,26.8,27.11,26.3,26.86,26.84,0.02,0.0745,363466.79,970821.725,1.4876,2.0914,0.62,561.8392,802.161,2.5976,2.0109,2.1219,0.1303,0.1117,447242.8758,244330.7764,173794.7098,12012943.644,6562724.6541,,,3.31
600150,中国船舶,船舶,上海,19980520,600150.SH,20221025,26.0,27.02,25.52,26.84,26.0,0.84,3.2308,516507.52,1358594.881,2.114,2.9719,0.92,561.4209,801.5637,2.5956,2.0094,2.1203,0.1304,0.1118,447242.8758,244330.7764,173794.7098,12003998.7865,6557838.0386,,,3.31
600150,中国船舶,船舶,上海,19980520,600150.SH,20221024,26.08,26.31,25.3,26.0,25.9,0.1,0.3861,531575.15,1371952.727,2.1756,3.0586,0.97,543.8503,776.4775,2.5144,1.9465,2.054,0.1346,0.1154,447242.8758,244330.7764,173794.7098,11628314.7708,6352600.1864,,,3.31
600150,中国船舶,船舶,上海,19980520,600150.SH,20221021,25.17,26.25,25.02,25.9,25.16,0.74,2.9412,558320.33,1440846.532,2.2851,3.2125,1.01,541.7586,773.491,2.5047,1.939,2.0461,0.1351,0.1158,447242.8758,244330.7764,173794.7098,11583590.4832,6328167.1088,,,3.31
600150,中国船舶,船舶,上海,19980520,600150.SH,20221020,24.7,25.5,24.05,25.16,24.93,0.23,0.9226,636696.35,1580722.668,2.6059,3.6635,1.18,526.2798,751.3913,2.4332,1.8836,1.9876,0.1391,0.1192,447242.8758,244330.7764,173794.7098,11252630.7551,6147362.3342,,,3.31
600150,中国船舶,船舶,上海,19980520,600150.SH,20221019,23.6,25.29,23.23,24.93,23.7,1.23,5.1899,697661.35,1717381.041,2.8554,4.0143,1.46,521.4688,744.5224,2.4109,1.8664,1.9694,0.1404,0.1203,447242.8758,244330.7764,173794.7098,11149764.8937,6091166.2557,,,3.31
600150,中国船舶,船舶,上海,19980520,600150.SH,20221018,24.0,24.2,23.3,23.7,24.02,-0.32,-1.3322,392756.36,928691.049,1.6075,2.2599,0.85,495.7405,707.7891,2.292,1.7743,1.8723,0.1477,0.1266,447242.8758,244330.7764,173794.7098,10599656.1565,5790639.4007,,,3.31
600150,中国船舶,船舶,上海,19980520,600150.SH,20221017,23.61,24.19,23.52,24.02,23.77,0.25,1.0517,454497.89,1085150.367,1.8602,2.6151,0.98,502.434,717.3457,2.3229,1.7982,1.8975,0.1457,0.1249,447242.8758,244330.7764,173794.7098,10742773.8767,5868825.2491,,,3.31
600150,中国船舶,船舶,上海,19980520,600150.SH,20221014,22.99,23.93,22.8,23.77,22.88,0.89,3.8899,594047.86,1392287.131,2.4313,3.4181,1.33,497.2047,709.8796,2.2987,1.7795,1.8778,0.1472,0.1262,447242.8758,244330.7764,173794.7098,10630963.1578,5807742.555,,,3.31
600150,中国船舶,船舶,上海,19980520,600150.SH,20221013,23.1,23.9,22.86,22.88,23.16,-0.28,-1.209,548261.29,1279132.354,2.2439,3.1546,1.3,478.5883,683.3002,2.2127,1.7129,1.8075,0.153,0.1311,447242.8758,244330.7764,173794.7098,10232916.9983,5590288.164,,,3.31
600150,中国船舶,船舶,上海,19980520,600150.SH,20221012,22.96,23.28,22.28,23.16,22.96,0.2,0.8711,397315.77,905761.637,1.6261,2.2861,0.87,484.4451,691.6622,2.2398,1.7339,1.8296,0.1511,0.1295,447242.8758,244330.7764,173794.7098,10358145.0035,5658700.7814,,,3.31
600150,中国船舶,船舶,上海,19980520,600150.SH,20221011,22.8,23.1,22.25,22.96,22.87,0.09,0.3935,328241.19,745707.569,1.3434,1.8887,0.61,480.2617,685.6893,2.2204,1.7189,1.8138,0.1524,0.1307,447242.8758,244330.7764,173794.7098,10268696.4284,5609834.6261,,,3.31
600150,中国船舶,船舶,上海,19980520,600150.SH,20221010,22.65,23.7,22.5,22.87,22.65,0.22,0.9713,458894.5,1065732.076,1.8782,2.6404,0.84,478.3791,683.0015,2.2117,1.7121,1.8067,0.153,0.1312,447242.8758,244330.7764,173794.7098,10228444.5695,5587844.8563,,,3.31
600150,中国船舶,船舶,上海,19980520,600150.SH,20220930,23.25,23.51,22.2,22.65,23.42,-0.77,-3.2878,498337.86,1129086.951,2.0396,2.8674,0.95,473.7773,676.4313,2.1904,1.6957,1.7893,0.1545,0.1325,447242.8758,244330.7764,173794.7098,10130051.1369,5534092.0855,,,3.31
600150,中国船舶,船舶,上海,19980520,600150.SH,20220929,23.37,23.64,22.73,23.42,23.19,0.23,0.9918,427006.61,991816.495,1.7477,2.457,0.8,489.8836,699.427,2.2649,1.7533,1.8501,0.1494,0.1281,447242.8758,244330.7764,173794.7098,10474428.1512,5722226.7833,,,3.31
600150,中国船舶,船舶,上海,19980520,600150.SH,20220928,24.05,24.78,23.02,23.19,24.05,-0.86,-3.5759,581682.99,1370652.224,2.3807,3.347,1.15,485.0726,692.5582,2.2427,1.7361,1.832,0.1509,0.1294,447242.8758,244330.7764,173794.7098,10371562.2898,5666030.7047,,,3.31
600150,中国船舶,船舶,上海,19980520,600150.SH,20220927,24.88,25.0,23.64,24.05,24.73,-0.68,-2.7497,744752.85,1793221.33,3.0481,4.2852,1.63,503.0615,718.2417,2.3258,1.8005,1.8999,0.1455,0.1247,447242.8758,244330.7764,173794.7098,10756191.163,5876155.1724,,,3.31
600150,中国船舶,船舶,上海,19980520,600150.SH,20220926,25.72,26.15,24.51,24.73,26.23,-1.5,-5.7186,484833.45,1223418.73,1.9843,2.7897,1.12,517.2853,738.5495,2.3916,1.8514,1.9536,0.1415,0.1213,447242.8758,244330.7764,173794.7098,11060316.3185,6042300.1004,,,3.31
600150,中国船舶,船舶,上海,19980520,600150.SH,20220923,26.73,27.15,25.78,26.23,26.78,-0.55,-2.0538,379851.03,1002636.591,1.5547,2.1856,0.87,548.6613,783.3463,2.5366,1.9637,2.0721,0.1334,0.1144,447242.8758,244330.7764,173794.7098,11731180.6322,6408796.265,,,3.31
600150,中国船舶,船舶,上海,19980520,600150.SH,20220922,25.69,27.04,25.59,26.78,25.85,0.93,3.5977,462724.65,1222177.818,1.8938,2.6625,0.97,560.1658,799.7718,2.5898,2.0049,2.1156,0.1307,0.112,447242.8758,244330.7764,173794.7098,11977164.2139,6543178.192,,,3.31
600150,中国船舶,船舶,上海,19980520,600150.SH,20220921,25.5,26.5,25.31,25.85,25.61,0.24,0.9371,464482.39,1205831.575,1.901,2.6726,1.0,540.7127,771.9978,2.4999,1.9352,2.0421,0.1354,0.1161,447242.8758,244330.7764,173794.7098,11561228.3394,6315950.5699,,,3.31
600150,中国船舶,船舶,上海,19980520,600150.SH,20220920,25.0,26.39,24.9,25.61,24.68,0.93,3.7682,487472.6,1255133.553,1.9951,2.8049,1.09,535.6926,764.8303,2.4767,1.9173,2.0231,0.1367,0.1171,447242.8758,244330.7764,173794.7098,11453890.0492,6257311.1836,,,3.31
600150,中国船舶,船舶,上海,19980520,600150.SH,20220919,24.43,25.2,24.0,24.68,24.74,-0.06,-0.2425,363615.81,895637.821,1.4882,2.0922,0.8,516.2394,737.0563,2.3868,1.8477,1.9497,0.1418,0.1216,447242.8758,244330.7764,173794.7098,11037954.1747,6030083.5616,,,3.31
600150,中国船舶,船舶,上海,19980520,600150.SH,20220916,24.92,25.54,24.7,24.74,25.08,-0.34,-1.3557,409639.77,1026722.709,1.6766,2.357,0.88,517.4945,738.8482,2.3926,1.8521,1.9544,0.1415,0.1213,447242.8758,244330.7764,173794.7098,11064788.7473,6044743.4081,,,3.31
600150,中国船舶,船舶,上海,19980520,600150.SH,20220915,27.0,27.05,24.76,25.08,26.91,-1.83,-6.8004,654077.5,1665717.223,2.677,3.7635,1.51,524.6064,749.0021,2.4254,1.8776,1.9813,0.1396,0.1196,447242.8758,244330.7764,173794.7098,11216851.3251,6127815.8721,,,3.31
600150,中国船舶,船舶,上海,19980520,600150.SH,20220914,26.04,27.21,26.01,26.91,26.52,0.39,1.4706,415675.71,1112789.296,1.7013,2.3918,0.89,562.8851,803.6542,2.6024,2.0146,2.1258,0.1301,0.1115,447242.8758,244330.7764,173794.7098,12035305.7878,6574941.1929,,,3.31
600150,中国船舶,船舶,上海,19980520,600150.SH,20220913,26.55,27.33,25.9,26.52,26.79,-0.27,-1.0078,391498.51,1032987.448,1.6023,2.2526,0.78,554.7273,792.007,2.5647,1.9854,2.095,0.132,0.1131,447242.8758,244330.7764,173794.7098,11860881.0662,6479652.1901,,,3.31
600150,中国船舶,船舶,上海,19980520,600150.SH,20220909,27.33,27.59,26.49,26.79,27.55,-0.76,-2.7586,394776.95,1062013.51,1.6157,2.2715,0.73,560.375,800.0704,2.5908,2.0056,2.1164,0.1306,0.112,447242.8758,244330.7764,173794.7098,11981636.6427,6545621.4998,,,3.31
600150,中国船舶,船舶,上海,19980520,600150.SH,20220908,27.45,28.21,26.81,27.55,27.45,0.1,0.3643,479786.61,1325210.124,1.9637,2.7607,0.9,576.2722,822.7675,2.6643,2.0625,2.1764,0.127,0.1089,447242.8758,244330.7764,173794.7098,12321541.2283,6731312.8898,,,3.31
600150,中国船舶,船舶,上海,19980520,600150.SH,20220907,27.75,28.68,27.26,27.45,27.96,-0.51,-1.824,489906.36,1359946.337,2.0051,2.8189,0.85,574.1804,819.781,2.6546,2.055,2.1685,0.1275,0.1093,447242.8758,244330.7764,173794.7098,12276816.9407,6706879.8122,,,3.31
600150,中国船舶,船舶,上海,19980520,600150.SH,20220906,27.49,28.11,27.0,27.96,27.48,0.48,1.7467,586545.31,1624051.817,2.4006,3.3749,1.05,584.8483,835.0119,2.704,2.0932,2.2088,0.1252,0.1073,447242.8758,244330.7764,173794.7098,12504910.8074,6831488.5081,,,3.31
600150,中国船舶,船舶,上海,19980520,600150.SH,20220905,26.23,27.59,26.06,27.48,26.1,1.38,5.2874,559248.89,1519102.358,2.2889,3.2179,0.97,574.8079,820.677,2.6575,2.0573,2.1709,0.1274,0.1092,447242.8758,244330.7764,173794.7098,12290234.227,6714209.7355,,,3.31
600150,中国船舶,船舶,上海,19980520,600150.SH,20220902,24.87,26.68,24.87,26.1,24.85,1.25,5.0302,600048.54,1555387.794,2.4559,3.4526,1.01,545.942,779.4639,2.5241,1.954,2.0619,0.1341,0.1149,447242.8758,244330.7764,173794.7098,11673039.0584,6377033.264,,,3.31
600150,中国船舶,船舶,上海,19980520,600150.SH,20220901,25.11,25.48,24.49,24.85,25.04,-0.19,-0.7588,437572.38,1090939.558,1.7909,2.5178,0.66,519.7954,742.1333,2.4032,1.8604,1.9631,0.1408,0.1207,447242.8758,244330.7764,173794.7098,11113985.4636,6071619.7935,,,3.31
600150,中国船舶,船舶,上海,19980520,600150.SH,20220831,26.29,26.62,24.8,25.04,26.63,-1.59,-5.9707,685862.11,1748177.061,2.8071,3.9464,1.06,523.7697,747.8075,2.4216,1.8746,1.9781,0.1398,0.1198,447242.8758,244330.7764,173794.7098,11198961.61,6118042.6411,,,3.31
600150,中国船舶,船舶,上海,19980520,600150.SH,20220830,26.81,26.86,25.8,26.63,27.08,-0.45,-1.6617,518632.15,1374117.761,2.1227,2.9842,0.81,557.0282,795.2921,2.5917,1.9936,2.1037,0.1314,0.1127,447242.8758,244330.7764,173794.7098,11910077.7826,6506528.5755,,,3.31
600150,中国船舶,船舶,上海,19980520,600150.SH,20220829,25.8,27.28,25.61,27.08,26.23,0.85,3.2406,653122.46,1747607.488,2.6731,3.758,0.97,566.441,696.6353,2.6355,2.0273,1.9287,0.1292,0.1108,447242.8758,244330.7764,173794.7098,12111337.0767,6616477.4249,,,3.31
600150,中国船舶,船舶,上海,19980520,600150.SH,20220826,27.79,27.97,26.11,26.23,27.74,-1.51,-5.4434,670873.33,1807961.768,2.7458,3.8601,1.02,548.6613,674.7689,2.5528,1.9637,1.8681,0.1334,0.1144,447242.8758,244330.7764,173794.7098,11731180.6322,6408796.265,,,3.31
600150,中国船舶,船舶,上海,19980520,600150.SH,20220825,26.82,28.26,26.56,27.74,26.55,1.19,4.4821,777499.63,2151860.774,3.1822,4.4737,1.29,580.2464,713.6138,2.6997,2.0767,1.9757,0.1262,0.1081,447242.8758,244330.7764,173794.7098,12406517.3747,6777735.7373,,,3.31
600150,中国船舶,船舶,上海,19980520,600150.SH,20220824,27.65,27.95,26.25,26.55,27.65,-1.1,-3.9783,610550.82,1634037.219,2.4989,3.5131,0.9,555.3548,683.001,2.5839,1.9876,1.8909,0.1318,0.113,447242.8758,244330.7764,173794.7098,11874298.3525,6486982.1134,,,3.31
600150,中国船舶,船舶,上海,19980520,600150.SH,20220823,27.35,27.95,27.29,27.65,27.68,-0.03,-0.1084,482098.61,1330730.933,1.9731,2.774,0.66,578.3639,711.2986,2.691,2.07,1.9693,0.1266,0.1085,447242.8758,244330.7764,173794.7098,12366265.5159,6755745.9675,,,3.31
600150,中国船舶,船舶,上海,19980520,600150.SH,20220822,26.26,28.08,25.7,27.68,26.27,1.41,5.3673,834220.16,2271612.492,3.4143,4.8,1.27,578.9914,712.0703,2.6939,2.0722,1.9714,0.1264,0.1084,447242.8758,244330.7764,173794.7098,12379682.8021,6763075.8908,,,3.31
600150,中国船舶,船舶,上海,19980520,600150.SH,20220819,27.04,27.21,25.9,26.27,26.97,-0.7,-2.5955,573779.79,1516222.713,2.3484,3.3015,0.89,549.498,675.7979,2.5567,1.9667,1.871,0.1332,0.1142,447242.8758,244330.7764,173794.7098,11749070.3473,6418569.496,,,3.31
600150,中国船舶,船舶,上海,19980520,600150.SH,20220818,26.8,27.32,26.65,26.97,26.91,0.06,0.223,516526.38,1395560.973,2.114,2.972,0.67,564.1401,693.8055,2.6248,2.0191,1.9208,0.1298,0.1112,447242.8758,244330.7764,173794.7098,12062140.3603,6589601.0395,,,3.31
600150,中国船舶,船舶,上海,19980520,600150.SH,20220817,25.45,27.49,25.4,26.91,25.61,1.3,5.0761,976691.06,2609292.291,3.9974,5.6198,1.51,562.8851,692.262,2.619,2.0146,1.9166,0.1301,0.1115,447242.8758,244330.7764,173794.7098,12035305.7878,6574941.1929,,,3.31
600150,中国船舶,船舶,上海,19980520,600150.SH,20220816,24.64,25.82,24.4,25.61,24.77,0.84,3.3912,729697.55,1860238.054,2.9865,4.1986,1.28,535.6926,658.8194,2.4924,1.9173,1.824,0.1367,0.1171,447242.8758,244330.7764,173794.7098,11453890.0492,6257311.1836,,,3.31
600150,中国船舶,船舶,上海,19980520,600150.SH,20220815,24.63,25.35,24.4,24.8,24.5,0.3,1.2245,493770.36,1223575.885,2.0209,2.8411,0.87,518.7495,637.9821,2.4066,1.8566,1.7663,0.1411,,447242.8758,244330.7764,173794.7098,11091623.3198,6059403.2547,,,3.31
600150,中国船舶,船舶,上海,19980520,600150.SH,20220812,24.8,24.85,24.1,24.5,24.74,-0.24,-0.9701,513629.32,1257279.892,2.1022,2.9554,0.91,512.4743,630.2645,2.3775,1.8342,1.7449,0.1429,,447242.8758,244330.7764,173794.7098,10957450.4571,5986104.0218,,,3.31
600150,中国船舶,船舶,上海,19980520,600150.SH,20220811,22.99,24.99,22.99,24.74,22.8,1.94,8.5088,1132543.69,2747210.322,4.6353,6.5166,2.55,517.4945,636.4386,2.4008,1.8521,1.762,0.1415,,447242.8758,244330.7764,173794.7098,11064788.7473,6044743.4081,,,3.31
600150,中国船舶,船舶,上海,19980520,600150.SH,20220810,22.98,23.46,22.71,22.8,23.01,-0.21,-0.9126,358423.92,824243.418,1.467,2.0623,0.7,476.9149,586.5319,2.2125,1.7069,1.6239,0.1535,,447242.8758,244330.7764,173794.7098,10197137.5682,5570741.7019,,,3.31
600150,中国船舶,船舶,上海,19980520,600150.SH,20220809,22.93,23.23,22.7,23.01,22.93,0.08,0.3489,354448.88,813141.677,1.4507,2.0395,0.61,481.3075,591.9342,2.2329,1.7226,1.6388,0.1521,,447242.8758,244330.7764,173794.7098,10291058.5722,5622051.165,,,3.31
600150,中国船舶,船舶,上海,19980520,600150.SH,20220808,22.43,23.49,22.3,22.93,22.48,0.45,2.0018,492405.94,1128588.788,2.0153,2.8333,0.85,479.6341,589.8762,2.2251,1.7166,1.6331,0.1526,,447242.8758,244330.7764,173794.7098,10255279.1421,5602504.7029,,,3.31
600150,中国船舶,船舶,上海,19980520,600150.SH,20220805,22.22,22.6,21.88,22.48,22.22,0.26,1.1701,485799.67,1084462.205,1.9883,2.7953,0.81,470.2213,578.2999,2.1814,1.683,1.6011,0.1557,,447242.8758,244330.7764,173794.7098,10054019.848,5492555.8535,,,3.31
600150,中国船舶,船舶,上海,19980520,600150.SH,20220804,22.63,22.85,21.95,22.22,22.49,-0.27,-1.2005,526036.05,1174558.667,2.153,3.0268,0.83,464.7828,571.6114,2.1562,1.6635,1.5825,0.1575,,447242.8758,244330.7764,173794.7098,9937736.7003,5429029.8516,,,3.31
600150,中国船舶,船舶,上海,19980520,600150.SH,20220803,22.3,23.24,22.23,22.49,22.46,0.03,0.1336,691747.19,1579414.037,2.8312,3.9803,1.05,470.4305,578.5571,2.1824,1.6837,1.6018,0.1556,,447242.8758,244330.7764,173794.7098,10058492.2767,5494999.1612,,,3.31
600150,中国船舶,船舶,上海,19980520,600150.SH,20220802,23.39,23.85,22.37,22.46,23.14,-0.68,-2.9386,726770.61,1659230.91,2.9745,4.1818,1.07,469.803,577.7854,2.1795,1.6815,1.5996,0.1558,,447242.8758,244330.7764,173794.7098,10045074.9905,5487669.2379,,,3.31
600150,中国船舶,船舶,上海,19980520,600150.SH,20220801,23.53,23.69,22.9,23.14,23.39,-0.25,-1.0688,465755.96,1081818.35,1.9063,2.6799,0.62,484.0268,595.2784,2.2455,1.7324,1.6481,0.1513,,447242.8758,244330.7764,173794.7098,10349200.146,5653814.1659,,,3.306
600150,中国船舶,船舶,上海,19980520,600150.SH,20220729,23.82,23.88,22.96,23.39,24.02,-0.63,-2.6228,574905.08,1345160.002,2.353,3.308,0.69,489.2561,601.7097,2.2698,1.7511,1.6659,0.1496,,447242.8758,244330.7764,173794.7098,10461010.865,5714896.86,,,3.306
600150,中国船舶,船舶,上海,19980520,600150.SH,20220728,23.56,24.33,23.2,24.02,23.71,0.31,1.3075,707991.13,1686307.913,2.8977,4.0737,0.8,502.434,617.9165,2.3309,1.7982,1.7107,0.1457,,447242.8758,244330.7764,173794.7098,10742773.8767,5868825.2491,,,3.306
600150,中国船舶,船舶,上海,19980520,600150.SH,20220727,22.95,24.11,22.87,23.71,22.85,0.86,3.7637,822142.74,1937007.431,3.3649,4.7305,0.82,495.9496,609.9417,2.3008,1.775,1.6887,0.1476,,447242.8758,244330.7764,173794.7098,10604128.5852,5793082.7084,,,3.306
600150,中国船舶,船舶,上海,19980520,600150.SH,20220726,23.43,23.47,22.58,22.85,23.58,-0.73,-3.0958,832656.77,1902408.486,3.4079,4.791,0.82,477.9607,587.8182,2.2174,1.7107,1.6274,0.1532,,447242.8758,244330.7764,173794.7098,10219499.712,5582958.2407,,,3.306
600150,中国船舶,船舶,上海,19980520,600150.SH,20220725,23.45,24.32,23.04,23.58,23.36,0.22,0.9418,805974.22,1901902.514,3.2987,4.6375,0.86,493.2304,606.5975,2.2882,1.7653,1.6794,0.1484,,447242.8758,244330.7764,173794.7098,10545987.0114,5761319.7075,,,3.306
600150,中国船舶,船舶,上海,19980520,600150.SH,20220722,22.75,24.04,22.49,23.36,22.84,0.52,2.2767,997441.18,2321416.098,4.0823,5.7392,1.19,488.6286,600.9379,2.2668,1.7488,1.6637,0.1498,,447242.8758,244330.7764,173794.7098,10447593.5787,5707566.9367,,,3.306
600150,中国船舶,船舶,上海,19980520,600150.SH,20220721,22.6,23.28,22.46,22.84,22.82,0.02,0.0876,940793.42,2150901.522,3.8505,5.4132,1.12,477.7516,587.5609,2.2164,1.7099,1.6267,0.1532,,447242.8758,244330.7764,173794.7098,10215027.2833,5580514.933,,,3.306
600150,中国船舶,船舶,上海,19980520,600150.SH,20220720,21.06,23.05,20.78,22.82,20.95,1.87,8.926,1409039.06,3108141.864,5.7669,8.1075,2.12,477.3332,587.0464,2.2144,1.7084,1.6253,0.1534,,447242.8758,244330.7764,173794.7098,10206082.4258,5575628.3174,,,3.306
600150,中国船舶,船舶,上海,19980520,600150.SH,20220719,19.92,21.11,19.89,20.95,19.97,0.98,4.9074,914497.34,1884089.289,3.7429,5.2619,1.7,438.2178,538.9405,2.033,1.5684,1.4921,0.1671,,447242.8758,244330.7764,173794.7098,9369738.248,5118729.7656,,,3.306
600150,中国船舶,船舶,上海,19980520,600150.SH,20220718,19.88,20.04,19.36,19.97,19.62,0.35,1.7839,427603.31,845323.373,1.7501,2.4604,0.84,417.7189,513.7299,1.9379,1.495,1.4223,0.1753,,447242.8758,244330.7764,173794.7098,8931440.2297,4879285.6047,,,3.306
600150,中国船舶,船舶,上海,19980520,600150.SH,20220715,20.07,20.28,19.61,19.62,20.15,-0.53,-2.6303,482678.45,957462.944,1.9755,2.7773,1.06,410.3978,504.7261,1.9039,1.4688,1.3974,0.1784,,447242.8758,244330.7764,173794.7098,8774905.2232,4793769.833,,,3.306
600150,中国船舶,船舶,上海,19980520,600150.SH,20220714,19.24,20.76,19.24,20.15,19.12,1.03,5.387,969384.38,1948941.51,3.9675,5.5778,3.11,421.484,518.3604,1.9553,1.5085,1.4351,0.1737,0.1737,447242.8758,244330.7764,173794.7098,9011943.9474,4923265.1445,,,3.306
600150,中国船舶,船舶,上海,19980520,600150.SH,20220713,18.53,19.44,18.42,19.12,18.49,0.63,3.4072,522129.39,996897.854,2.137,3.0043,1.95,399.9391,491.8636,1.8554,1.4314,1.3618,0.1831,0.1831,447242.8758,244330.7764,173794.7098,8551283.7853,4671604.4448,,,3.306
600150,中国船舶,船舶,上海,19980520,600150.SH,20220712,18.33,18.85,18.31,18.49,18.39,0.1,0.5438,285888.67,531776.956,1.1701,1.645,1.08,386.7612,475.6568,1.7943,1.3842,1.3169,0.1893,0.1893,447242.8758,244330.7764,173794.7098,8269520.7735,4517676.0556,,,3.306
600150,中国船舶,船舶,上海,19980520,600150.SH,20220711,18.55,18.65,18.06,18.39,18.76,-0.37,-1.9723,277180.02,506890.418,1.1344,1.5949,0.94,384.6695,473.0843,1.7846,1.3768,1.3098,0.1903,0.1903,447242.8758,244330.7764,173794.7098,8224796.486,4493242.978,,,3.306
600150,中国船舶,船舶,上海,19980520,600150.SH,20220708,18.93,19.08,18.69,18.76,18.86,-0.1,-0.5302,231693.81,436712.829,0.9483,1.3331,0.71,392.4089,482.6026,1.8205,1.4045,1.3361,0.1866,0.1866,447242.8758,244330.7764,173794.7098,8390276.35,4583645.3653,,,3.306
600150,中国船舶,船舶,上海,19980520,600150.SH,20220707,18.66,19.15,18.65,18.86,18.69,0.17,0.9096,242520.4,457867.317,0.9926,1.3954,0.69,394.5006,485.1751,1.8302,1.4119,1.3432,0.1856,0.1856,447242.8758,244330.7764,173794.7098,8435000.6376,4608078.4429,,,3.306
600150,中国船舶,船舶,上海,19980520,600150.SH,20220706,19.12,19.25,18.52,18.69,19.1,-0.41,-2.1466,300376.92,567027.173,1.2294,1.7283,0.79,390.9447,480.8018,1.8137,1.3992,1.3311,0.1873,0.1873,447242.8758,244330.7764,173794.7098,8358969.3487,4566542.2109,,,3.306
600150,中国船舶,船舶,上海,19980520,600150.SH,20220705,19.22,19.33,18.7,19.1,19.23,-0.13,-0.676,274651.94,521428.297,1.1241,1.5803,0.62,399.5208,491.3491,1.8535,1.4299,1.3603,0.1832,0.1832,447242.8758,244330.7764,173794.7098,8542338.9278,4666717.8292,,,3.306
600150,中国船舶,船舶,上海,19980520,600150.SH,20220704,18.52,19.23,18.43,19.23,18.56,0.67,3.6099,425190.92,809264.25,1.7402,2.4465,1.01,402.2401,494.6934,1.8661,1.4396,1.3696,0.182,0.182,447242.8758,244330.7764,173794.7098,8600480.5016,4698480.8302,,,3.306
600150,中国船舶,船舶,上海,19980520,600150.SH,20220701,19.0,19.15,18.48,18.56,18.98,-0.42,-2.2129,393195.09,737127.358,1.6093,2.2624,0.92,388.2254,477.4575,1.8011,1.3895,1.3219,0.1886,0.1886,447242.8758,244330.7764,173794.7098,8300827.7748,4534779.21,,,3.306
600150,中国船舶,船舶,上海,19980520,600150.SH,20220630,18.97,19.33,18.66,18.98,18.94,0.04,0.2112,362916.27,689259.535,1.4853,2.0882,0.84,397.0107,488.2621,1.8418,1.4209,1.3518,0.1844,0.1844,447242.8758,244330.7764,173794.7098,8488669.7827,4637398.1361,,,3.306
600150,中国船舶,船舶,上海,19980520,600150.SH,20220629,19.62,19.75,18.9,18.94,19.8,-0.86,-4.3434,445029.3,859710.394,1.8214,2.5607,0.98,396.174,487.2331,1.8379,1.4179,1.3489,0.1848,0.1848,447242.8758,244330.7764,173794.7098,8470780.0677,4627624.905,,,3.306
600150,中国船舶,船舶,上海,19980520,600150.SH,20220628,19.4,20.25,19.33,19.8,19.4,0.4,2.0619,571824.55,1137469.561,2.3404,3.2902,1.37,414.1629,509.3567,1.9214,1.4823,1.4102,0.1768,0.1768,447242.8758,244330.7764,173794.7098,8855408.9408,4837749.3727,,,3.306
600150,中国船舶,船舶,上海,19980520,600150.SH,20220627,19.62,19.8,19.31,19.4,19.63,-0.23,-1.1717,334358.03,652495.344,1.3685,1.9239,0.71,405.796,499.0666,1.8826,1.4524,1.3817,0.1804,0.1804,447242.8758,244330.7764,173794.7098,8676511.7905,4740017.0622,20.64,16.88,3.306
600150,中国船舶,船舶,上海,19980520,600150.SH,20220624,19.61,20.03,19.35,19.63,19.51,0.12,0.6151,416984.78,820639.191,1.7066,2.3993,0.72,410.607,504.9834,1.9049,1.4696,1.3981,0.1783,0.1783,447242.8758,244330.7764,173794.7098,8779377.652,4796213.1407,,,3.306
600150,中国船舶,船舶,上海,19980520,600150.SH,20220623,19.08,19.62,18.95,19.51,19.16,0.35,1.8267,400073.9,773832.481,1.6374,2.302,0.68,408.0969,501.8964,1.8932,1.4606,1.3895,0.1794,0.1794,447242.8758,244330.7764,173794.7098,8725708.5069,4766893.4476,,,3.306
600150,中国船舶,船舶,上海,19980520,600150.SH,20220622,18.89,19.63,18.8,19.16,18.86,0.3,1.5907,544941.5,1052126.816,2.2303,3.1355,0.84,400.7758,492.8926,1.8593,1.4344,1.3646,0.1827,0.1827,447242.8758,244330.7764,173794.7098,8569173.5003,4681377.6758,,,3.306
600150,中国船舶,船舶,上海,19980520,600150.SH,20220621,19.24,19.47,18.65,18.86,19.28,-0.42,-2.1784,396023.76,751871.356,1.6209,2.2787,0.59,394.5006,485.1751,1.8302,1.4119,1.3432,0.1856,0.1856,447242.8758,244330.7764,173794.7098,8435000.6376,4608078.4429,,,3.306
600150,中国船舶,船舶,上海,19980520,600150.SH,20220620,19.1,19.55,18.8,19.28,19.36,-0.08,-0.4132,603497.05,1154386.505,2.47,3.4725,0.88,403.2859,495.9796,1.8709,1.4434,1.3732,0.1815,0.1815,447242.8758,244330.7764,173794.7098,8622842.6454,4710697.369,,,3.306
600150,中国船舶,船舶,上海,19980520,600150.SH,20220617,20.0,20.45,19.1,19.36,20.14,-0.78,-3.8729,946980.1,1854759.504,3.8758,5.4488,1.43,404.9593,498.0376,1.8787,1.4494,1.3789,0.1808,0.1808,447242.8758,244330.7764,173794.7098,8658622.0755,4730243.8311,,,3.306
600150,中国船舶,船舶,上海,19980520,600150.SH,20220616,20.3,20.49,19.76,20.14,20.08,0.06,0.2988,444450.93,890037.727,1.8191,2.5573,0.6,421.2748,518.1032,1.9544,1.5078,1.4344,0.1738,0.1738,447242.8758,244330.7764,173794.7098,9007471.5186,4920821.8367,,,3.306
600150,中国船舶,船舶,上海,19980520,600150.SH,20220615,19.84,21.2,19.84,20.08,19.84,0.24,1.2097,854416.03,1745225.205,3.497,4.9162,1.26,420.0198,516.5597,1.9486,1.5033,1.4301,0.1743,0.1743,447242.8758,244330.7764,173794.7098,8980636.9461,4906161.9901,21.78,17.82,3.306
600150,中国船舶,船舶,上海,19980520,600150.SH,20220614,19.38,19.9,19.04,19.84,19.8,0.04,0.202,529130.22,1027953.524,2.1656,3.0446,0.78,414.9996,510.3857,1.9253,1.4853,1.413,0.1764,0.1764,447242.8758,244330.7764,173794.7098,8873298.6559,4847522.6038,,,3.306
600150,中国船舶,船舶,上海,19980520,600150.SH,20220613,19.21,20.0,19.14,19.8,19.18,0.62,3.2325,651421.74,1282014.217,2.6661,3.7482,0.98,414.1629,509.3567,1.9214,1.4823,1.4102,0.1768,0.1768,447242.8758,244330.7764,173794.7098,8855408.9408,4837749.3727,,,3.306
600150,中国船舶,船舶,上海,19980520,600150.SH,20220610,19.0,19.52,18.93,19.18,19.21,-0.03,-0.1562,835169.85,1611170.357,3.4182,4.8055,1.37,401.1942,493.4071,1.8612,1.4359,1.366,0.1825,0.1825,447242.8758,244330.7764,173794.7098,8578118.3578,4686264.2914,,,3.306
600150,中国船舶,船舶,上海,19980520,600150.SH,20220609,18.88,19.44,18.77,19.21,18.93,0.28,1.4791,804417.97,1539269.898,3.2923,4.6286,1.36,401.8217,494.1789,1.8641,1.4381,1.3682,0.1822,0.1822,447242.8758,244330.7764,173794.7098,8591535.6441,4693594.2146,,,3.306
600150,中国船舶,船舶,上海,19980520,600150.SH,20220608,18.94,19.05,18.46,18.93,18.91,0.02,0.1058,580302.92,1090399.785,2.3751,3.339,1.06,395.9649,486.9758,1.837,1.4172,1.3482,0.1849,0.1849,447242.8758,244330.7764,173794.7098,8466307.6389,4625181.5973,,,3.306
600150,中国船舶,船舶,上海,19980520,600150.SH,20220607,18.85,19.26,18.6,18.91,18.96,-0.05,-0.2637,515575.29,977122.442,2.1102,2.9666,0.89,395.5465,486.4613,1.835,1.4157,1.3468,0.1851,0.1851,447242.8758,244330.7764,173794.7098,8457362.7814,4620294.9817,,,3.306
600150,中国船舶,船舶,上海,19980520,600150.SH,20220606,18.75,19.31,18.72,18.96,19.16,-0.2,-1.0438,583911.95,1107394.424,2.3898,3.3598,1.1,396.5924,487.7476,1.8399,1.4194,1.3504,0.1846,0.1846,447242.8758,244330.7764,173794.7098,8479724.9252,4632511.5205,,,3.306
600150,中国船舶,船舶,上海,19980520,600150.SH,20220602,19.4,19.48,18.9,19.16,19.5,-0.34,-1.7436,557666.03,1065446.742,2.2824,3.2088,1.03,400.7758,492.8926,1.8593,1.4344,1.3646,0.1827,0.1827,447242.8758,244330.7764,173794.7098,8569173.5003,4681377.6758,,,3.306
600150,中国船舶,船舶,上海,19980520,600150.SH,20220601,18.64,19.91,18.5,19.5,18.62,0.88,4.7261,713671.34,1363916.728,2.9209,4.1064,1.44,407.8877,501.6391,1.8923,1.4599,1.3888,0.1795,0.1795,447242.8758,244330.7764,173794.7098,8721236.0781,4764450.1398,,,3.306
600150,中国船舶,船舶,上海,19980520,600150.SH,20220531,18.43,18.89,18.32,18.62,18.61,0.01,0.0537,376847.78,701067.299,1.5424,2.1684,0.73,389.4805,479.0011,1.8069,1.394,1.3261,0.188,0.188,447242.8758,244330.7764,173794.7098,8327662.3474,4549439.0566,,,3.306
600150,中国船舶,船舶,上海,19980520,600150.SH,20220530,18.15,18.79,17.96,18.61,17.92,0.69,3.8504,651801.33,1205837.227,2.6677,3.7504,1.43,389.2713,478.7438,1.8059,1.3932,1.3254,0.1881,0.1881,447242.8758,244330.7764,173794.7098,8323189.9186,4546995.7488,,,3.306
600150,中国船舶,船舶,上海,19980520,600150.SH,20220527,18.0,18.14,17.74,17.92,18.03,-0.11,-0.6101,359619.4,644205.593,1.4719,2.0692,0.8,374.8384,460.9935,1.7389,1.3416,1.2763,0.1953,0.1953,447242.8758,244330.7764,173794.7098,8014592.3343,4378407.5131,,,3.306
600150,中国船舶,船舶,上海,19980520,600150.SH,20220526,17.3,18.27,17.3,18.03,17.46,0.57,3.2646,599372.02,1072889.125,2.4531,3.4487,1.42,377.1393,463.8233,1.7496,1.3498,1.2841,0.1941,0.1941,447242.8758,244330.7764,173794.7098,8063789.0507,4405283.8985,,,3.306
600150,中国船舶,船舶,上海,19980520,600150.SH,20220525,16.9,17.72,16.85,17.46,16.8,0.66,3.9286,484692.67,839262.021,1.9838,2.7889,1.22,365.2164,449.16,1.6943,1.3071,1.2435,0.2005,0.2005,447242.8758,244330.7764,173794.7098,7808860.6115,4266015.3559,,,3.306
600150,中国船舶,船舶,上海,19980520,600150.SH,20220524,17.48,17.81,16.79,16.8,17.35,-0.55,-3.17,493181.28,854784.825,2.0185,2.8377,1.43,351.411,432.1814,1.6303,1.2577,1.1965,0.2083,0.2083,447242.8758,244330.7764,173794.7098,7513680.3134,4104757.0435,20.8,17.02,3.306
600150,中国船舶,船舶,上海,19980520,600150.SH,20220523,17.02,17.49,16.95,17.35,17.06,0.29,1.6999,347653.43,601191.608,1.4229,2.0004,1.01,362.9155,446.3302,1.6836,1.2989,1.2357,0.2017,0.2017,447242.8758,244330.7764,173794.7098,7759663.8951,4239138.9705,,,3.306
600150,中国船舶,船舶,上海,19980520,600150.SH,20220520,16.85,17.21,16.85,17.06,16.93,0.13,0.7679,316847.35,539431.335,1.2968,1.8231,1.0,356.8495,438.8699,1.6555,1.2772,1.215,0.2052,0.2052,447242.8758,244330.7764,173794.7098,7629963.4611,4168283.0454,,,3.306
600150,中国船舶,船舶,上海,19980520,600150.SH,20220519,16.15,16.96,16.15,16.93,16.43,0.5,3.0432,471693.49,781525.036,1.9306,2.7141,1.73,354.1302,435.5257,1.6429,1.2675,1.2058,0.2067,0.2067,447242.8758,244330.7764,173794.7098,7571821.8873,4136520.0445,,,3.306
600150,中国船舶,船舶,上海,19980520,600150.SH,20220518,16.15,16.64,16.13,16.43,16.23,0.2,1.2323,354887.25,583342.983,1.4525,2.042,1.3,343.6716,422.6631,1.5944,1.23,1.1702,0.213,0.213,447242.8758,244330.7764,173794.7098,7348200.4494,4014354.6563,,,3.306
600150,中国船舶,船舶,上海,19980520,600150.SH,20220517,16.21,16.29,16.01,16.23,16.28,-0.05,-0.3071,232031.68,375011.225,0.9497,1.3351,0.86,339.4881,417.5181,1.575,1.215,1.1559,0.2157,0.2157,447242.8758,244330.7764,173794.7098,7258751.8742,3965488.501,,,3.306
600150,中国船舶,船舶,上海,19980520,600150.SH,20220516,16.1,16.47,16.03,16.28,16.05,0.23,1.433,341122.56,553690.428,1.3962,1.9628,1.36,340.534,418.8044,1.5798,1.2188,1.1595,0.215,0.215,447242.8758,244330.7764,173794.7098,7281114.018,3977705.0398,,,3.306
600150,中国船舶,船舶,上海,19980520,600150.SH,20220513,16.1,16.24,15.94,16.05,16.03,0.02,0.1248,187262.32,300771.81,0.7664,1.0775,0.71,335.723,412.8876,1.5575,1.2016,1.1431,0.2181,0.2181,447242.8758,244330.7764,173794.7098,7178248.1566,3921508.9612,,,3.306
600150,中国船舶,船舶,上海,19980520,600150.SH,20220512,15.67,16.15,15.61,16.03,15.88,0.15,0.9446,244790.78,390410.932,1.0019,1.4085,0.84,335.3046,412.3731,1.5555,1.2001,1.1417,0.2183,0.2183,447242.8758,244330.7764,173794.7098,7169303.2991,3916622.3457,,,3.306
600150,中国船舶,船舶,上海,19980520,600150.SH,20220511,16.05,16.39,15.84,15.88,16.03,-0.15,-0.9357,358776.84,579720.555,1.4684,2.0644,1.18,332.167,408.5143,1.541,1.1888,1.131,0.2204,0.2204,447242.8758,244330.7764,173794.7098,7102216.8677,3879972.7292,,,3.306
600150,中国船舶,船舶,上海,19980520,600150.SH,20220510,15.6,16.13,15.6,16.03,15.89,0.14,0.8811,224950.95,358414.806,0.9207,1.2943,0.71,335.3046,412.3731,1.5555,1.2001,1.1417,0.2183,0.2183,447242.8758,244330.7764,173794.7098,7169303.2991,3916622.3457,19.09,15.62,3.306
600150,中国船舶,船舶,上海,19980520,600150.SH,20220509,15.46,16.18,15.46,15.89,15.78,0.11,0.6971,235000.31,372865.865,0.9618,1.3522,0.67,332.3762,408.7716,1.542,1.1896,1.1317,0.2203,0.2203,447242.8758,244330.7764,173794.7098,7106689.2965,3882416.037,,,3.306
600150,中国船舶,船舶,上海,19980520,600150.SH,20220506,15.7,15.95,15.56,15.78,16.07,-0.29,-1.8046,248947.2,391731.865,1.0189,1.4324,0.64,330.0753,405.9418,1.5313,1.1814,1.1239,0.2218,0.2218,447242.8758,244330.7764,173794.7098,7057492.5801,3855539.6516,,,3.306
600150,中国船舶,船舶,上海,19980520,600150.SH,20220505,15.52,16.3,15.45,16.07,15.66,0.41,2.6181,386255.73,619561.454,1.5809,2.2225,0.92,336.1413,413.4021,1.5594,1.2031,1.1445,0.2178,0.2178,447242.8758,244330.7764,173794.7098,7187193.0141,3926395.5767,,,3.306
600150,中国船舶,船舶,上海,19980520,600150.SH,20220429,14.95,15.74,14.9,15.66,15.26,0.4,2.6212,419528.24,645304.502,1.7171,2.4139,0.95,327.5652,402.8548,1.5196,1.1724,1.1153,0.2235,0.2235,447242.8758,244330.7764,173794.7098,7003823.435,3826219.9584,,,3.306
600150,中国船舶,船舶,上海,19980520,600150.SH,20220428,15.06,15.5,15.0,15.26,15.25,0.01,0.0656,295222.66,449818.091,1.2083,1.6987,0.65,223.182,123.3251,1.4755,1.2354,1.2186,0.2294,0.2294,447242.8758,244330.7764,173794.7098,6824926.2847,3728487.6479,,,3.306
600150,中国船舶,船舶,上海,19980520,600150.SH,20220427,14.32,15.4,14.25,15.25,14.64,0.61,4.1667,414847.96,618705.086,1.6979,2.387,0.98,223.0357,123.2443,1.4745,1.2346,1.2178,0.2295,0.2295,447242.8758,244330.7764,173794.7098,6820453.856,3726044.3401,,,3.306
600150,中国船舶,船舶,上海,19980520,600150.SH,20220426,15.53,15.68,14.5,14.64,15.44,-0.8,-5.1813,433428.64,650606.012,1.7739,2.4939,1.11,214.1143,118.3145,1.4155,1.1852,1.1691,0.2391,0.2391,447242.8758,244330.7764,173794.7098,6547635.7017,3577002.5665,,,3.306
600150,中国船舶,船舶,上海,19980520,600150.SH,20220425,16.5,16.56,15.38,15.44,16.83,-1.39,-8.2591,526253.74,839111.675,2.1539,3.028,1.53,225.8145,124.7798,1.4929,1.25,1.233,0.2267,0.2267,447242.8758,244330.7764,173794.7098,6905430.0024,3772467.1876,,,3.306
600150,中国船舶,船舶,上海,19980520,600150.SH,20220422,16.1,17.09,15.75,16.83,16.24,0.59,3.633,542876.66,896987.43,2.2219,3.1237,1.68,246.1437,136.0132,1.6273,1.3625,1.344,0.208,0.208,447242.8758,244330.7764,173794.7098,7527097.5997,4112086.9668,,,3.306
600150,中国船舶,船舶,上海,19980520,600150.SH,20220421,16.68,17.02,16.19,16.24,16.77,-0.53,-3.1604,346108.9,572557.765,1.4166,1.9915,1.11,237.5147,131.2451,1.5702,1.3148,1.2969,0.2155,0.2155,447242.8758,244330.7764,173794.7098,7263224.303,3967931.8087,,,3.306
600150,中国船舶,船舶,上海,19980520,600150.SH,20220420,16.92,17.25,16.69,16.77,17.03,-0.26,-1.5267,277137.89,469188.492,1.1343,1.5946,0.83,245.2661,135.5283,1.6215,1.3577,1.3392,0.2087,0.2087,447242.8758,244330.7764,173794.7098,7500263.0272,4097427.1202,,,3.306
600150,中国船舶,船舶,上海,19980520,600150.SH,20220419,17.13,17.29,16.92,17.03,17.17,-0.14,-0.8154,254882.63,435014.036,1.0432,1.4666,0.62,249.0687,137.6295,1.6466,1.3787,1.36,0.2055,0.2055,447242.8758,244330.7764,173794.7098,7616546.1749,4160953.1221,,,3.306
600150,中国船舶,船舶,上海,19980520,600150.SH,20220418,17.39,17.39,17.04,17.17,17.49,-0.32,-1.8296,297760.9,510406.996,1.2187,1.7133,0.67,251.1163,138.7609,1.6601,1.3901,1.3712,0.2038,0.2038,447242.8758,244330.7764,173794.7098,7679160.1775,4195159.4308,,,3.306
600150,中国船舶,船舶,上海,19980520,600150.SH,20220415,17.15,17.75,17.1,17.49,17.2,0.29,1.686,444303.08,775531.067,1.8184,2.5565,1.03,255.7964,141.347,1.6911,1.416,1.3967,0.2001,0.2001,447242.8758,244330.7764,173794.7098,7822277.8977,4273345.2792,,,3.306
600150,中国船舶,船舶,上海,19980520,600150.SH,20220414,17.15,17.35,16.88,17.2,17.0,0.2,1.1765,283195.56,485442.698,1.1591,1.6295,0.58,251.555,139.0034,1.663,1.3925,1.3736,0.2035,0.2035,447242.8758,244330.7764,173794.7098,7692577.4638,4202489.3541,,,3.306
600150,中国船舶,船舶,上海,19980520,600150.SH,20220413,17.15,17.4,16.95,17.0,17.32,-0.32,-1.8476,385554.7,661352.692,1.578,2.2184,0.82,248.63,137.3871,1.6437,1.3763,1.3576,0.2059,0.2059,447242.8758,244330.7764,173794.7098,7603128.8886,4153623.1988,,,3.306
600150,中国船舶,船舶,上海,19980520,600150.SH,20220412,16.1,17.4,16.1,17.32,16.23,1.09,6.716,656307.98,1101824.848,2.6861,3.7763,1.6,253.3101,139.9732,1.6746,1.4022,1.3832,0.2021,0.2021,447242.8758,244330.7764,173794.7098,7746246.6089,4231809.0472,,,3.306
600150,中国船舶,船舶,上海,19980520,600150.SH,20220411,17.05,17.1,16.18,16.23,17.14,-0.91,-5.3092,466595.19,770163.503,1.9097,2.6847,1.14,237.3685,131.1642,1.5692,1.314,1.2961,0.2157,0.2157,447242.8758,244330.7764,173794.7098,7258751.8742,3965488.501,,,3.306
600150,中国船舶,船舶,上海,19980520,600150.SH,20220408,17.39,17.53,16.89,17.14,17.39,-0.25,-1.4376,372948.78,638994.263,1.5264,2.1459,0.92,250.6775,138.5185,1.6572,1.3876,1.3688,0.2042,0.2042,447242.8758,244330.7764,173794.7098,7665742.8912,4187829.5075,,,3.306
600150,中国船舶,船舶,上海,19980520,600150.SH,20220407,17.33,17.95,17.28,17.39,17.39,0.0,0.0,552846.51,971153.483,2.2627,3.181,1.49,254.3338,140.5389,1.6814,1.4079,1.3887,0.2013,0.2013,447242.8758,244330.7764,173794.7098,7777553.6102,4248912.2016,,,3.306
600150,中国船舶,船舶,上海,19980520,600150.SH,20220406,17.49,17.54,17.21,17.39,17.43,-0.04,-0.2295,301698.0,523178.235,1.2348,1.7359,0.76,254.3338,140.5389,1.6814,1.4079,1.3887,0.2013,0.2013,447242.8758,244330.7764,173794.7098,7777553.6102,4248912.2016,,,3.306
600150,中国船舶,船舶,上海,19980520,600150.SH,20220401,17.18,17.49,17.01,17.43,17.28,0.15,0.8681,352783.13,610729.061,1.4439,2.0299,0.89,254.9188,140.8621,1.6853,1.4111,1.3919,0.2008,0.2008,447242.8758,244330.7764,173794.7098,7795443.3252,4258685.4327,,,3.306
600150,中国船舶,船舶,上海,19980520,600150.SH,20220331,17.85,17.9,17.18,17.28,17.85,-0.57,-3.1933,457857.4,799367.64,1.8739,2.6345,1.24,252.725,139.6499,1.6708,1.399,1.38,0.2025,0.2025,447242.8758,244330.7764,173794.7098,7728356.8938,4222035.8162,,,3.306
600150,中国船舶,船舶,上海,19980520,600150.SH,20220330,17.78,18.03,17.64,17.85,17.65,0.2,1.1331,367678.7,654927.289,1.5048,2.1156,1.01,261.0615,144.2564,1.7259,1.4451,1.4255,0.1961,0.1961,447242.8758,244330.7764,173794.7098,7983285.333,4361304.3587,,,3.306
600150,中国船舶,船舶,上海,19980520,600150.SH,20220329,17.81,18.15,17.59,17.65,17.63,0.02,0.1134,379279.71,675401.173,1.5523,2.1823,1.12,258.1364,142.6401,1.7065,1.4289,1.4095,0.1983,0.1983,447242.8758,244330.7764,173794.7098,7893836.7579,4312438.2035,,,3.306
600150,中国船舶,船舶,上海,19980520,600150.SH,20220328,17.74,17.87,17.27,17.63,17.95,-0.32,-1.7827,426121.17,748656.387,1.744,2.4519,1.36,257.8439,142.4785,1.7046,1.4273,1.4079,0.1985,0.1985,447242.8758,244330.7764,173794.7098,7884891.9004,4307551.5879,,,3.306
600150,中国船舶,船舶,上海,19980520,600150.SH,20220325,18.2,18.6,17.95,17.95,18.08,-0.13,-0.719,354135.03,645653.147,1.4494,2.0377,1.12,262.524,145.0646,1.7355,1.4532,1.4335,0.195,0.195,447242.8758,244330.7764,173794.7098,8028009.6206,4385737.4364,,,3.306
600150,中国船舶,船舶,上海,19980520,600150.SH,20220324,18.4,18.41,18.03,18.08,18.53,-0.45,-2.4285,325878.07,591350.04,1.3338,1.8751,0.9,264.4253,146.1152,1.7481,1.4637,1.4438,0.1936,0.1936,447242.8758,244330.7764,173794.7098,8086151.1945,4417500.4373,,,3.306
600150,中国船舶,船舶,上海,19980520,600150.SH,20220323,18.43,18.71,18.29,18.53,18.41,0.12,0.6518,334308.66,617890.694,1.3683,1.9236,0.85,271.0067,149.7519,1.7916,1.5002,1.4798,0.1889,0.1889,447242.8758,244330.7764,173794.7098,8287410.4886,4527449.2867,,,3.306
600150,中国船舶,船舶,上海,19980520,600150.SH,20220322,18.39,18.63,18.28,18.41,18.45,-0.04,-0.2168,249883.62,460217.284,1.0227,1.4378,0.56,269.2516,148.7821,1.78,1.4904,1.4702,0.1901,0.1901,447242.8758,244330.7764,173794.7098,8233741.3435,4498129.5935,,,3.306
600150,中国船舶,船舶,上海,19980520,600150.SH,20220321,18.5,18.69,18.16,18.45,18.5,-0.05,-0.2703,307617.52,567461.18,1.259,1.77,0.68,269.8366,149.1054,1.7839,1.4937,1.4734,0.1897,0.1897,447242.8758,244330.7764,173794.7098,8251631.0585,4507902.8246,,,3.306
600150,中国船舶,船舶,上海,19980520,600150.SH,20220318,18.04,18.71,18.03,18.5,18.2,0.3,1.6484,362434.62,667542.679,1.4834,2.0854,0.78,270.5679,149.5094,1.7887,1.4977,1.4774,0.1892,0.1892,447242.8758,244330.7764,173794.7098,8273993.2023,4520119.3634,,,3.306
600150,中国船舶,船舶,上海,19980520,600150.SH,20220317,18.55,18.68,18.13,18.2,18.33,-0.13,-0.7092,547004.51,1005012.992,2.2388,3.1474,1.21,266.1803,147.085,1.7597,1.4734,1.4534,0.1923,0.1923,447242.8758,244330.7764,173794.7098,8139820.3396,4446820.1305,,,3.306
600150,中国船舶,船舶,上海,19980520,600150.SH,20220316,18.0,18.36,17.5,18.33,17.73,0.6,3.3841,490341.04,883462.548,2.0069,2.8214,0.93,268.0816,148.1356,1.7723,1.484,1.4638,0.1909,0.1909,447242.8758,244330.7764,173794.7098,8197961.9134,4478583.1314,,,3.306
600150,中国船舶,船舶,上海,19980520,600150.SH,20220315,18.8,18.87,17.73,17.73,18.8,-1.07,-5.6915,509957.21,931558.794,2.0872,2.9343,0.94,259.3064,143.2866,1.7143,1.4354,1.4159,0.1974,0.1974,447242.8758,244330.7764,173794.7098,7929616.1879,4331984.6656,,,3.306
600150,中国船舶,船舶,上海,19980520,600150.SH,20220314,18.83,19.66,18.77,18.8,19.1,-0.3,-1.5707,359460.14,689528.654,1.4712,2.0683,0.65,274.9555,151.9339,1.8177,1.522,1.5013,0.1862,0.1862,447242.8758,244330.7764,173794.7098,8408166.065,4593418.5963,,,3.306
600150,中国船舶,船舶,上海,19980520,600150.SH,20220311,18.71,19.22,18.4,19.1,19.15,-0.05,-0.2611,414386.46,776854.508,1.696,2.3843,0.73,279.3431,154.3584,1.8467,1.5463,1.5253,0.1832,0.1832,447242.8758,244330.7764,173794.7098,8542338.9278,4666717.8292,,,3.306
600150,中国船舶,船舶,上海,19980520,600150.SH,20220310,19.75,19.91,19.11,19.15,19.57,-0.42,-2.1461,484791.68,939191.107,1.9842,2.7895,0.92,280.0743,154.7625,1.8516,1.5504,1.5293,0.1828,0.1828,447242.8758,244330.7764,173794.7098,8564701.0716,4678934.3681,,,3.306
600150,中国船舶,船舶,上海,19980520,600150.SH,20220309,19.35,19.61,17.53,19.57,19.27,0.3,1.5568,862203.67,1609365.99,3.5288,4.961,2.06,286.217,158.1568,1.8922,1.5844,1.5628,0.1788,0.1788,447242.8758,244330.7764,173794.7098,8752543.0794,4781553.2941,20.25,16.57,3.306
600150,中国船舶,船舶,上海,19980520,600150.SH,20220308,20.19,20.34,19.25,19.27,20.25,-0.98,-4.8395,580142.2,1144649.761,2.3744,3.3381,1.44,281.8294,155.7323,1.8632,1.5601,1.5389,0.1816,0.1816,447242.8758,244330.7764,173794.7098,8618370.2167,4708254.0612,,,3.306
600150,中国船舶,船舶,上海,19980520,600150.SH,20220307,20.82,21.02,20.14,20.25,20.87,-0.62,-2.9708,411147.77,841883.051,1.6828,2.3657,0.91,296.1622,163.6522,1.9579,1.6394,1.6171,0.1728,0.1728,447242.8758,244330.7764,173794.7098,9056668.235,4947698.2221,,,3.306
600150,中国船舶,船舶,上海,19980520,600150.SH,20220304,21.55,21.66,20.73,20.87,21.76,-0.89,-4.0901,486298.4,1029122.092,1.9903,2.7981,1.11,305.2298,168.6628,2.0179,1.6896,1.6667,0.1677,0.1677,447242.8758,244330.7764,173794.7098,9333958.8179,5099183.3035,,,3.306
600150,中国船舶,船舶,上海,19980520,600150.SH,20220303,21.92,21.99,21.56,21.76,22.0,-0.24,-1.0909,307534.1,668703.021,1.2587,1.7695,0.6,318.2464,175.8554,2.1039,1.7617,1.7377,0.1608,0.1608,447242.8758,244330.7764,173794.7098,9732004.9774,5316637.6945,,,3.306
600150,中国船舶,船舶,上海,19980520,600150.SH,20220302,22.11,22.3,21.81,22.0,22.27,-0.27,-1.2124,303547.44,667416.98,1.2424,1.7466,0.58,321.7564,177.795,2.1271,1.7811,1.7569,0.1591,0.1591,447242.8758,244330.7764,173794.7098,9839343.2676,5375277.0808,,,3.306
600150,中国船舶,船舶,上海,19980520,600150.SH,20220301,22.03,22.29,21.76,22.27,21.91,0.36,1.6431,499200.11,1104171.671,2.0431,2.8724,1.02,325.7053,179.977,2.1532,1.8029,1.7785,0.1572,0.1572,447242.8758,244330.7764,173794.7098,9960098.8441,5441246.3904,,,3.306
600150,中国船舶,船舶,上海,19980520,600150.SH,20220228,21.22,22.19,21.1,21.91,21.2,0.71,3.3491,672860.2,1470039.649,2.7539,3.8716,1.6,320.4402,177.0677,2.1184,1.7738,1.7497,0.1597,0.1597,447242.8758,244330.7764,173794.7098,9799091.4088,5353287.3109,,,3.306
600150,中国船舶,船舶,上海,19980520,600150.SH,20220225,21.35,21.53,21.02,21.2,21.7,-0.5,-2.3041,397833.85,846094.997,1.6283,2.2891,1.02,310.0562,171.3297,2.0498,1.7163,1.693,0.1651,0.1651,447242.8758,244330.7764,173794.7098,9481548.967,5179812.4597,,,3.306
600150,中国船舶,船舶,上海,19980520,600150.SH,20220224,21.3,22.16,20.83,21.7,21.45,0.25,1.1655,670233.5,1444423.213,2.7431,3.8565,2.11,317.3688,175.3705,2.0981,1.7568,1.7329,0.1613,0.1613,447242.8758,244330.7764,173794.7098,9705170.4049,5301977.8479,,,3.306
600150,中国船舶,船舶,上海,19980520,600150.SH,20220223,20.77,21.65,20.77,21.45,20.81,0.64,3.0754,384304.71,819169.052,1.5729,2.2113,1.37,313.7125,173.3501,2.074,1.7366,1.713,0.1632,0.1632,447242.8758,244330.7764,173794.7098,9593359.6859,5240895.1538,,,3.306
600150,中国船舶,船舶,上海,19980520,600150.SH,20220222,21.3,21.39,20.56,20.81,21.23,-0.42,-1.9783,323780.05,675607.436,1.3252,1.863,1.23,304.3523,168.1779,2.0121,1.6847,1.6619,0.1682,0.1682,447242.8758,244330.7764,173794.7098,9307124.2454,5084523.4569,22.28,18.23,3.306
600150,中国船舶,船舶,上海,19980520,600150.SH,20220221,21.43,21.88,21.12,21.23,21.44,-0.21,-0.9795,327007.28,698826.125,1.3384,1.8816,1.33,310.495,171.5722,2.0527,1.7187,1.6954,0.1649,0.1649,447242.8758,244330.7764,173794.7098,9494966.2532,5187142.383,,,3.306
600150,中国船舶,船舶,上海,19980520,600150.SH,20220218,21.4,21.44,21.08,21.44,21.41,0.03,0.1401,242030.18,513786.34,0.9906,1.3926,0.96,313.5663,173.2693,2.073,1.7357,1.7122,0.1632,0.1632,447242.8758,244330.7764,173794.7098,9588887.2572,5238451.846,,,3.306
600150,中国船舶,船舶,上海,19980520,600150.SH,20220217,21.66,21.83,21.11,21.41,21.67,-0.26,-1.1998,308948.22,662626.089,1.2645,1.7777,1.24,313.1275,173.0269,2.0701,1.7333,1.7098,0.1635,0.1635,447242.8758,244330.7764,173794.7098,9575469.9709,5231121.9227,,,3.306
600150,中国船舶,船舶,上海,19980520,600150.SH,20220216,21.92,22.14,21.56,21.67,21.92,-0.25,-1.1405,204557.17,444968.476,0.8372,1.177,0.73,316.9301,175.1281,2.0952,1.7544,1.7305,0.1615,0.1615,447242.8758,244330.7764,173794.7098,9691753.1186,5294647.9246,,,3.306
600150,中国船舶,船舶,上海,19980520,600150.SH,20220215,21.55,22.09,21.51,21.92,21.55,0.37,1.7169,232980.13,509105.805,0.9535,1.3405,0.75,320.5864,177.1485,2.1194,1.7746,1.7505,0.1597,0.1597,447242.8758,244330.7764,173794.7098,9803563.8375,5355730.6187,,,3.306
600150,中国船舶,船舶,上海,19980520,600150.SH,20220214,21.5,21.97,21.31,21.55,21.68,-0.13,-0.5996,243195.37,526431.501,0.9954,1.3993,0.76,315.175,174.1583,2.0836,1.7447,1.721,0.1624,0.1624,447242.8758,244330.7764,173794.7098,9638083.9735,5265328.2314,,,3.306
600150,中国船舶,船舶,上海,19980520,600150.SH,20220211,21.98,22.22,21.63,21.68,21.99,-0.31,-1.4097,265177.4,579922.578,1.0853,1.5258,0.77,317.0763,175.2089,2.0962,1.7552,1.7313,0.1614,0.1614,447242.8758,244330.7764,173794.7098,9696225.5473,5297091.2324,,,3.306
600150,中国船舶,船舶,上海,19980520,600150.SH,20220210,21.92,22.36,21.81,21.99,21.94,0.05,0.2279,304102.94,671603.047,1.2446,1.7498,0.87,321.6102,177.7142,2.1262,1.7803,1.7561,0.1592,0.1592,447242.8758,244330.7764,173794.7098,9834870.8388,5372833.773,,,3.306
600150,中国船舶,船舶,上海,19980520,600150.SH,20220209,21.5,22.16,21.34,21.94,21.5,0.44,2.0465,351832.49,770942.933,1.44,2.0244,1.0,320.8789,177.3101,2.1213,1.7762,1.7521,0.1595,0.1595,447242.8758,244330.7764,173794.7098,9812508.6951,5360617.2342,,,3.306
600150,中国船舶,船舶,上海,19980520,600150.SH,20220208,21.0,21.54,20.73,21.5,20.96,0.54,2.5763,393783.3,833804.522,1.6117,2.2658,1.1,314.4438,173.7542,2.0788,1.7406,1.717,0.1628,0.1628,447242.8758,244330.7764,173794.7098,9615721.8297,5253111.6926,,,3.306
600150,中国船舶,船舶,上海,19980520,600150.SH,20220207,20.64,21.06,20.64,20.96,20.35,0.61,2.9975,276027.53,575868.78,1.1297,1.5882,0.76,306.5461,169.3902,2.0266,1.6969,1.6738,0.167,0.167,447242.8758,244330.7764,173794.7098,9374210.6768,5121173.0733,,,3.306
600150,中国船舶,船舶,上海,19980520,600150.SH,20220128,20.57,20.87,19.95,20.35,20.55,-0.2,-0.9732,394953.11,806266.774,1.6165,2.2725,1.03,297.6247,164.4604,1.9676,1.6475,1.6251,0.172,0.172,447242.8758,244330.7764,173794.7098,9101392.5225,4972131.2997,,,3.306
600150,中国船舶,船舶,上海,19980520,600150.SH,20220127,21.18,21.25,20.47,20.55,21.15,-0.6,-2.8369,332503.99,693347.348,1.3609,1.9132,0.82,300.5498,166.0767,1.9869,1.6637,1.6411,0.1703,0.1703,447242.8758,244330.7764,173794.7098,9190841.0977,5020997.455,,,3.306
600150,中国船舶,船舶,上海,19980520,600150.SH,20220126,20.92,21.39,20.65,21.15,21.1,0.05,0.237,362493.57,763054.732,1.4836,2.0858,0.9,309.3249,170.9257,2.0449,1.7123,1.689,0.1655,0.1655,447242.8758,244330.7764,173794.7098,9459186.8232,5167595.9209,,,3.306
600150,中国船舶,船舶,上海,19980520,600150.SH,20220125,21.91,22.32,21.02,21.1,21.95,-0.85,-3.8724,417502.3,904438.436,1.7088,2.4023,1.1,308.5937,170.5216,2.0401,1.7082,1.685,0.1659,0.1659,447242.8758,244330.7764,173794.7098,9436824.6794,5155379.382,,,3.306
600150,中国船舶,船舶,上海,19980520,600150.SH,20220124,21.88,22.32,21.6,21.95,22.08,-0.13,-0.5888,317961.36,699730.578,1.3014,1.8295,0.78,321.0252,177.3909,2.1223,1.777,1.7529,0.1595,0.1595,447242.8758,244330.7764,173794.7098,9816981.1238,5363060.542,,,3.306
600150,中国船舶,船舶,上海,19980520,600150.SH,20220121,23.14,23.14,22.0,22.08,23.1,-1.02,-4.4156,493817.87,1106277.19,2.0211,2.8414,1.29,322.9265,178.4415,2.1349,1.7876,1.7633,0.1585,0.1585,447242.8758,244330.7764,173794.7098,9875122.6977,5394823.5429,,,3.306
600150,中国船舶,船舶,上海,19980520,600150.SH,20220120,22.96,23.11,22.34,23.1,23.1,0.0,0.0,429204.97,973943.665,1.7567,2.4696,1.08,337.8442,186.6848,2.2335,1.8701,1.8447,0.1515,0.1515,447242.8758,244330.7764,173794.7098,10331310.431,5644040.9348,,,3.306
600150,中国船舶,船舶,上海,19980520,600150.SH,20220119,23.37,23.8,22.98,23.1,23.47,-0.37,-1.5765,363050.72,845433.121,1.4859,2.089,0.8,337.8442,186.6848,2.2335,1.8701,1.8447,0.1515,0.1515,447242.8758,244330.7764,173794.7098,10331310.431,5644040.9348,,,3.306
600150,中国船舶,船舶,上海,19980520,600150.SH,20220118,23.7,23.88,23.39,23.47,23.75,-0.28,-1.1789,296326.67,698944.139,1.2128,1.705,0.51,343.2556,189.675,2.2693,1.9001,1.8743,0.1491,0.1491,447242.8758,244330.7764,173794.7098,10496790.295,5734443.3221,,,3.306
600150,中国船舶,船舶,上海,19980520,600150.SH,20220117,23.24,24.15,22.92,23.75,23.23,0.52,2.2385,451188.7,1063707.975,1.8466,2.5961,0.8,347.3507,191.9378,2.2963,1.9228,1.8966,0.1474,0.1474,447242.8758,244330.7764,173794.7098,10622018.3003,5802855.9395,,,3.306
600150,中国船舶,船舶,上海,19980520,600150.SH,20220114,23.7,24.05,23.18,23.23,23.86,-0.63,-2.6404,374883.48,879879.691,1.5343,2.157,0.64,339.7455,187.7354,2.2461,1.8807,1.8551,0.1507,0.1507,447242.8758,244330.7764,173794.7098,10389452.0048,5675803.9358,,,3.306
600150,中国船舶,船舶,上海,19980520,600150.SH,20220113,24.4,24.68,23.67,23.86,24.06,-0.2,-0.8313,501029.45,1210468.763,2.0506,2.8829,0.78,348.9595,192.8268,2.307,1.9317,1.9054,0.1467,0.1467,447242.8758,244330.7764,173794.7098,10671215.0166,5829732.3249,,,3.306
600150,中国船舶,船舶,上海,19980520,600150.SH,20220112,23.0,24.15,22.71,24.06,23.2,0.86,3.7069,640561.03,1501349.476,2.6217,3.6857,1.05,351.8845,194.4431,2.3263,1.9479,1.9214,0.1455,0.1455,447242.8758,244330.7764,173794.7098,10760663.5917,5878598.4802,,,3.306
600150,中国船舶,船舶,上海,19980520,600150.SH,20220111,24.8,24.82,22.99,23.2,24.92,-1.72,-6.9021,919225.01,2179975.87,3.7622,5.2891,1.72,339.3068,187.4929,2.2432,1.8782,1.8527,0.1509,0.1509,447242.8758,244330.7764,173794.7098,10376034.7186,5668474.0125,,,3.306
600150,中国船舶,船舶,上海,19980520,600150.SH,20220110,24.73,25.01,24.29,24.92,24.73,0.19,0.7683,367676.98,910199.347,1.5048,2.1156,0.67,364.4623,201.3933,2.4095,2.0175,1.9901,0.1404,0.1404,447242.8758,244330.7764,173794.7098,11145292.4649,6088722.9479,,,3.306
600150,中国船舶,船舶,上海,19980520,600150.SH,20220107,25.2,25.43,24.64,24.73,25.3,-0.57,-2.253,477750.62,1195649.101,1.9553,2.7489,0.85,361.6835,199.8578,2.3911,2.0021,1.9749,0.1415,0.1415,447242.8758,244330.7764,173794.7098,11060316.3185,6042300.1004,,,3.306
600150,中国船舶,船舶,上海,19980520,600150.SH,20220106,24.36,25.54,23.84,25.3,24.54,0.76,3.097,790166.43,1971987.429,3.234,4.5466,1.38,370.0199,204.4643,2.4462,2.0482,2.0204,0.1383,0.1383,447242.8758,244330.7764,173794.7098,11315244.7577,6181568.6429,,,3.306
600150,中国船舶,船舶,上海,19980520,600150.SH,20220105,24.78,25.0,24.08,24.54,24.8,-0.26,-1.0484,499667.45,1224887.744,2.045,2.875,0.85,358.9047,198.3223,2.3727,1.9867,1.9597,0.1426,0.1426,447242.8758,244330.7764,173794.7098,10975340.1721,5995877.2529,,,3.306
600150,中国船舶,船舶,上海,19980520,600150.SH,20220104,24.88,25.16,24.44,24.8,24.79,0.01,0.0403,530786.98,1318313.68,2.1724,3.0541,0.93,362.7072,200.4235,2.3979,2.0078,1.9805,0.1411,0.1411,447242.8758,244330.7764,173794.7098,11091623.3198,6059403.2547,,,3.306
600150,中国船舶,船舶,上海,19980520,600150.SH,20211231,24.56,24.91,24.28,24.79,24.55,0.24,0.9776,453306.46,1119550.096,1.8553,2.6083,0.75,362.561,200.3427,2.3969,2.007,1.9797,0.0,0.1412,447242.8758,244330.7764,173794.7098,11087150.8911,6056959.947,,,3.306
600150,中国船舶,船舶,上海,19980520,600150.SH,20211230,24.27,24.62,24.0,24.55,24.25,0.3,1.2371,547257.42,1332887.21,2.2398,3.1489,0.93,359.0509,198.4031,2.3737,1.9875,1.9605,0.0,0.1426,447242.8758,244330.7764,173794.7098,10979812.6009,5998320.5606,,,3.306
600150,中国船舶,船舶,上海,19980520,600150.SH,20211229,24.2,25.1,23.98,24.25,23.71,0.54,2.2775,841374.56,2051852.57,3.4436,4.8412,1.71,354.6633,195.9786,2.3447,1.9632,1.9366,0.0,0.1443,447242.8758,244330.7764,173794.7098,10845639.7382,5925021.3277,,,3.306
600150,中国船舶,船舶,上海,19980520,600150.SH,20211228,23.0,23.83,22.92,23.71,23.04,0.67,2.908,572515.7,1348162.944,2.3432,3.2942,1.15,346.7657,191.6145,2.2925,1.9195,1.8935,0.0,0.1476,447242.8758,244330.7764,173794.7098,10604128.5852,5793082.7084,,,3.306
600150,中国船舶,船舶,上海,19980520,600150.SH,20211227,22.28,23.14,22.16,23.04,22.43,0.61,2.7196,441941.31,1006126.167,1.8088,2.5429,0.79,336.9667,186.1999,2.2277,1.8653,1.8399,0.0,0.1519,447242.8758,244330.7764,173794.7098,10304475.8584,5629381.0883,,,3.306
600150,中国船舶,船舶,上海,19980520,600150.SH,20211224,23.41,23.42,22.41,22.43,23.41,-0.98,-4.1862,617161.28,1400582.231,2.5259,3.5511,1.13,328.0453,181.2701,2.1687,1.8159,1.7912,0.0,0.156,447242.8758,244330.7764,173794.7098,10031657.7042,5480339.3147,,,3.306
600150,中国船舶,船舶,上海,19980520,600150.SH,20211223,23.3,23.6,23.03,23.41,23.3,0.11,0.4721,457431.38,1064786.18,1.8722,2.632,0.79,342.3781,189.1901,2.2635,1.8952,1.8695,0.0,0.1495,447242.8758,244330.7764,173794.7098,10469955.7225,5719783.4755,,,3.306
600150,中国船舶,船舶,上海,19980520,600150.SH,20211222,23.68,23.8,23.28,23.3,23.75,-0.45,-1.8947,370101.77,868410.874,1.5148,2.1295,0.55,340.7693,188.3011,2.2528,1.8863,1.8607,0.0,0.1502,447242.8758,244330.7764,173794.7098,10420759.0061,5692907.0901,,,3.306
600150,中国船舶,船舶,上海,19980520,600150.SH,20211221,23.48,23.76,22.9,23.75,23.49,0.26,1.1069,593573.29,1385587.394,2.4294,3.4154,0.8,347.3507,191.9378,2.2963,1.9228,1.8966,0.0,0.1474,447242.8758,244330.7764,173794.7098,10622018.3003,5802855.9395,,,3.306
600150,中国船舶,船舶,上海,19980520,600150.SH,20211220,24.6,24.71,23.48,23.49,24.87,-1.38,-5.5489,772634.25,1855894.502,3.1622,4.4457,1.11,343.5481,189.8366,2.2712,1.9017,1.8759,0.0,0.149,447242.8758,244330.7764,173794.7098,10505735.1525,5739329.9376,,,3.306
600150,中国船舶,船舶,上海,19980520,600150.SH,20211217,25.3,25.59,24.66,24.87,25.05,-0.18,-0.7186,547387.78,1371029.43,2.2404,3.1496,0.78,363.731,200.9892,2.4046,2.0134,1.9861,0.0,0.1407,447242.8758,244330.7764,173794.7098,11122930.3211,6076506.4091,,,3.306
600150,中国船舶,船舶,上海,19980520,600150.SH,20211216,25.32,25.55,24.8,25.05,25.22,-0.17,-0.6741,603368.88,1514314.175,2.4695,3.4717,0.8,366.3636,202.4439,2.422,2.028,2.0005,0.0,0.1397,447242.8758,244330.7764,173794.7098,11203434.0388,6120485.9488,,,3.306
600150,中国船舶,船舶,上海,19980520,600150.SH,20211215,25.21,26.15,25.14,25.22,25.43,-0.21,-0.8258,822027.44,2100554.176,3.3644,4.7299,0.99,368.8499,203.8177,2.4385,2.0418,2.014,0.0,0.1388,447242.8758,244330.7764,173794.7098,11279465.3277,6162022.1808,,,3.306
600150,中国船舶,船舶,上海,19980520,600150.SH,20211214,24.98,25.62,24.7,25.43,24.62,0.81,3.29,971198.71,2458823.015,3.9749,5.5882,1.26,371.9212,205.5149,2.4588,2.0588,2.0308,0.0,0.1376,447242.8758,244330.7764,173794.7098,11373386.3316,6213331.6439,,,3.306
600150,中国船舶,船舶,上海,19980520,600150.SH,20211213,24.72,25.1,24.46,24.62,24.65,-0.03,-0.1217,547069.98,1351344.802,2.2391,3.1478,0.67,360.0747,198.9688,2.3805,1.9932,1.9661,0.0,0.1422,447242.8758,244330.7764,173794.7098,11011119.6022,6015423.715,,,3.306
600150,中国船舶,船舶,上海,19980520,600150.SH,20211210,24.86,25.1,24.3,24.65,25.09,-0.44,-1.7537,587173.08,1446375.15,2.4032,3.3785,0.66,360.5135,199.2112,2.3834,1.9956,1.9685,0.0,0.142,447242.8758,244330.7764,173794.7098,11024536.8885,6022753.6383,,,3.306
600150,中国船舶,船舶,上海,19980520,600150.SH,20211209,24.95,25.5,24.84,25.09,25.12,-0.03,-0.1194,860384.1,2165307.987,3.5214,4.9506,0.98,366.9486,202.7671,2.4259,2.0312,2.0037,0.0,0.1395,447242.8758,244330.7764,173794.7098,11221323.7538,6130259.1799,,,3.306
600150,中国船舶,船舶,上海,19980520,600150.SH,20211208,23.88,25.4,23.66,25.12,23.74,1.38,5.813,1179745.52,2921406.061,4.8285,6.7882,1.57,367.3873,203.0096,2.4288,2.0337,2.0061,0.0,0.1393,447242.8758,244330.7764,173794.7098,11234741.0401,6137589.1032,26.13,21.38,3.306
600150,中国船舶,船舶,上海,19980520,600150.SH,20211207,24.41,24.68,23.45,23.74,24.4,-0.66,-2.7049,679492.4,1623286.457,2.781,3.9097,0.79,347.2044,191.857,2.2954,1.922,1.8958,0.0,0.1474,447242.8758,244330.7764,173794.7098,10617545.8715,5800412.6317,,,3.306
600150,中国船舶,船舶,上海,19980520,600150.SH,20211206,24.54,25.09,24.17,24.4,24.53,-0.13,-0.53,760388.86,1868703.793,3.1121,4.3752,0.92,356.8571,197.1908,2.3592,1.9754,1.9486,0.0,0.1434,447242.8758,244330.7764,173794.7098,10912726.1695,5961670.9442,,,3.306
600150,中国船舶,船舶,上海,19980520,600150.SH,20211203,24.32,25.34,24.09,24.53,24.31,0.22,0.905,937487.36,2308012.404,3.837,5.3942,1.29,358.7584,198.2414,2.3718,1.9859,1.9589,0.0,0.1427,447242.8758,244330.7764,173794.7098,10970867.7434,5993433.9451,,,3.306
600150,中国船舶,船舶,上海,19980520,600150.SH,20211202,23.66,24.76,23.52,24.31,23.65,0.66,2.7907,842131.99,2045862.901,3.4467,4.8456,1.25,355.5409,196.4635,2.3505,1.9681,1.9414,0.0,0.144,447242.8758,244330.7764,173794.7098,10872474.3107,5939681.1743,,,3.306
600150,中国船舶,船舶,上海,19980520,600150.SH,20211201,24.15,24.25,23.45,23.65,23.96,-0.31,-1.2938,536845.84,1272408.395,2.1972,3.089,0.76,345.8882,191.1296,2.2867,1.9147,1.8887,0.0,0.148,447242.8758,244330.7764,173794.7098,10577294.0127,5778422.8619,,,3.306
600150,中国船舶,船舶,上海,19980520,600150.SH,20211130,22.79,24.54,22.66,23.96,22.79,1.17,5.1338,1208132.51,2897596.564,4.9447,6.9515,1.72,350.422,193.6349,2.3166,1.9398,1.9134,0.0,0.1461,447242.8758,244330.7764,173794.7098,10715939.3042,5854165.4025,,,3.306
600150,中国船舶,船舶,上海,19980520,600150.SH,20211129,22.35,23.0,22.1,22.79,22.95,-0.16,-0.6972,629493.09,1415368.437,2.5764,3.622,0.91,333.3104,184.1795,2.2035,1.845,1.82,0.0,0.1536,447242.8758,244330.7764,173794.7098,10192665.1395,5568298.3942,,,3.306
600150,中国船舶,船舶,上海,19980520,600150.SH,20211126,23.06,23.48,22.85,22.95,23.22,-0.27,-1.1628,415400.07,958436.154,1.7002,2.3902,0.58,335.6505,185.4725,2.219,1.858,1.8328,0.0,0.1525,447242.8758,244330.7764,173794.7098,10264223.9996,5607391.3184,,,3.306
600150,中国船舶,船舶,上海,19980520,600150.SH,20211125,23.61,24.09,23.2,23.22,23.73,-0.51,-2.1492,587708.96,1385578.478,2.4054,3.3816,0.81,339.5993,187.6546,2.2451,1.8799,1.8543,0.0,0.1507,447242.8758,244330.7764,173794.7098,10384979.5761,5673360.628,,,3.306
600150,中国船舶,船舶,上海,19980520,600150.SH,20211124,23.9,24.18,23.51,23.73,23.96,-0.23,-0.9599,700074.13,1661359.231,2.8653,4.0282,0.99,347.0582,191.7762,2.2944,1.9211,1.895,0.0,0.1475,447242.8758,244330.7764,173794.7098,10613073.4427,5797969.324,,,3.306
600150,中国船舶,船舶,上海,19980520,600150.SH,20211123,22.74,24.35,22.65,23.96,22.89,1.07,4.6745,1184896.42,2803927.925,4.8496,6.8178,1.92,350.422,193.6349,2.3166,1.9398,1.9134,0.0,0.1461,447242.8758,244330.7764,173794.7098,10715939.3042,5854165.4025,,,3.306
600150,中国船舶,船舶,上海,19980520,600150.SH,20211122,22.76,23.34,22.5,22.89,22.88,0.01,0.0437,555523.28,1276190.703,2.2737,3.1964,0.76,334.7729,184.9876,2.2132,1.8531,1.828,0.0,0.1529,447242.8758,244330.7764,173794.7098,10237389.4271,5592731.4718,,,3.306
600150,中国船舶,船舶,上海,19980520,600150.SH,20211119,22.56,23.3,22.45,22.88,22.71,0.17,0.7486,571994.44,1309243.415,2.3411,3.2912,0.74,334.6267,184.9068,2.2122,1.8523,1.8272,0.0,0.153,447242.8758,244330.7764,173794.7098,10232916.9983,5590288.164,,,3.306
600150,中国船舶,船舶,上海,19980520,600150.SH,20211118,22.35,23.22,22.25,22.71,22.45,0.26,1.1581,636973.78,1454484.021,2.607,3.6651,0.83,332.1404,183.5329,2.1958,1.8386,1.8136,0.0,0.1541,447242.8758,244330.7764,173794.7098,10156885.7094,5548751.932,,,3.306
600150,中国船舶,船舶,上海,19980520,600150.SH,20211117,22.14,22.65,21.76,22.45,22.29,0.16,0.7178,594083.6,1322870.832,2.4315,3.4183,0.74,328.3378,181.4317,2.1706,1.8175,1.7928,0.0,0.1559,447242.8758,244330.7764,173794.7098,10040602.5617,5485225.9302,,,3.306
600150,中国船舶,船舶,上海,19980520,600150.SH,20211116,22.65,23.04,22.12,22.29,22.8,-0.51,-2.2368,734663.48,1659443.394,3.0068,4.2272,0.88,325.9978,180.1387,2.1552,1.8046,1.7801,0.0,0.157,447242.8758,244330.7764,173794.7098,9969043.7016,5446133.006,25.07,20.51,3.306
600150,中国船舶,船舶,上海,19980520,600150.SH,20211115,21.7,23.68,21.7,22.8,21.84,0.96,4.3956,1094625.57,2504058.799,4.4801,6.2984,1.31,333.4567,184.2603,2.2045,1.8459,1.8208,0.0,0.1535,447242.8758,244330.7764,173794.7098,10197137.5682,5570741.7019,,,3.306
600150,中国船舶,船舶,上海,19980520,600150.SH,20211112,21.15,22.08,21.06,21.84,21.19,0.65,3.0675,781908.38,1691078.758,3.2002,4.499,0.89,319.4164,176.502,2.1117,1.7681,1.7441,0.0,0.1603,447242.8758,244330.7764,173794.7098,9767784.4075,5336184.1566,,,3.306
600150,中国船舶,船舶,上海,19980520,600150.SH,20211111,21.12,21.53,21.06,21.19,21.29,-0.1,-0.4697,616585.87,1311970.296,2.5236,3.5478,0.65,309.9099,171.2489,2.0488,1.7155,1.6922,0.0,0.1652,447242.8758,244330.7764,173794.7098,9477076.5382,5177369.1519,,,3.306
600150,中国船舶,船舶,上海,19980520,600150.SH,20211110,20.95,21.53,20.86,21.29,21.12,0.17,0.8049,772009.27,1639906.188,3.1597,4.4421,0.72,311.3725,172.0571,2.0585,1.7236,1.7002,0.0,0.1644,447242.8758,244330.7764,173794.7098,9521800.8258,5201802.2296,,,3.306
600150,中国船舶,船舶,上海,19980520,600150.SH,20211109,20.8,21.26,20.18,21.12,20.94,0.18,0.8596,897185.65,1863683.522,3.672,5.1623,0.73,308.8862,170.6832,2.042,1.7098,1.6866,0.0,0.1657,447242.8758,244330.7764,173794.7098,9445769.5369,5160265.9976,,,3.306
600150,中国船舶,船舶,上海,19980520,600150.SH,20211108,21.5,21.8,20.52,20.94,21.88,-0.94,-4.2962,1123904.49,2359527.754,4.5999,6.4669,0.99,306.2536,169.2285,2.0246,1.6953,1.6722,0.0,0.1671,447242.8758,244330.7764,173794.7098,9365265.8193,5116286.4578,,,3.306
600150,中国船舶,船舶,上海,19980520,600150.SH,20211105,23.36,23.36,21.87,21.88,23.35,-1.47,-6.2955,978378.03,2203607.364,4.0043,5.6295,0.88,320.0014,176.8252,2.1155,1.7714,1.7473,0.0,0.16,447242.8758,244330.7764,173794.7098,9785674.1225,5345957.3876,,,3.306
600150,中国船舶,船舶,上海,19980520,600150.SH,20211104,23.1,23.89,22.68,23.35,23.22,0.13,0.5599,950220.45,2207859.031,3.8891,5.4675,0.88,341.5006,188.7052,2.2577,1.8904,1.8647,0.0,0.1499,447242.8758,244330.7764,173794.7098,10443121.1499,5705123.6289,,,3.306
600150,中国船舶,船舶,上海,19980520,600150.SH,20211103,24.2,24.2,22.91,23.22,24.85,-1.63,-6.5594,1387207.58,3249339.23,5.6776,7.9819,1.49,339.5993,187.6546,2.2451,1.8799,1.8543,0.0,0.1507,447242.8758,244330.7764,173794.7098,10384979.5761,5673360.628,,,3.306
600150,中国船舶,船舶,上海,19980520,600150.SH,20211102,22.69,24.85,22.52,24.85,22.59,2.26,10.0044,1673422.92,3967681.827,6.849,9.6287,2.19,363.4385,200.8276,2.4027,2.0118,1.9845,0.0,0.1408,447242.8758,244330.7764,173794.7098,11113985.4636,6071619.7935,,,3.306
600150,中国船舶,船舶,上海,19980520,600150.SH,20211101,22.55,23.23,22.26,22.59,22.55,0.04,0.1774,693064.68,1566595.53,2.8366,3.9878,0.91,330.3854,182.5632,2.1842,1.8289,1.804,0.0,0.1549,447242.8758,244330.7764,173794.7098,10103216.5643,5519432.2389,,,3.306
600150,中国船舶,船舶,上海,19980520,600150.SH,20211029,21.3,22.57,21.1,22.55,21.4,1.15,5.3738,841621.18,1849460.158,3.4446,4.8426,1.08,329.8003,233.6148,2.1914,1.8256,1.7057,0.0,0.1552,447242.8758,244330.7764,173794.7098,10085326.8493,5509659.0078,,,3.306
600150,中国船舶,船舶,上海,19980520,600150.SH,20211028,21.97,22.6,21.3,21.4,22.31,-0.91,-4.0789,821175.91,1787678.682,3.3609,4.725,1.09,312.9813,221.7009,2.0797,1.7325,1.6187,0.0,0.1636,447242.8758,244330.7764,173794.7098,9570997.5421,5228678.615,23.42,19.16,3.306
600150,中国船舶,船舶,上海,19980520,600150.SH,20211027,23.2,23.5,22.2,22.31,22.87,-0.56,-2.4486,618484.32,1399452.567,2.5313,3.5587,0.8,326.2903,231.1284,2.1681,1.8062,1.6875,0.0,0.1569,447242.8758,244330.7764,173794.7098,9977988.5591,5451019.6215,,,3.306
600150,中国船舶,船舶,上海,19980520,600150.SH,20211026,23.01,23.6,22.33,22.87,23.1,-0.23,-0.9957,850490.94,1949073.658,3.4809,4.8937,1.13,334.4804,236.9299,2.2225,1.8515,1.7299,0.0,0.153,447242.8758,244330.7764,173794.7098,10228444.5695,5587844.8563,,,3.306
600150,中国船舶,船舶,上海,19980520,600150.SH,20211025,22.43,23.32,22.17,23.1,22.72,0.38,1.6725,656401.57,1508286.056,2.6865,3.7769,0.82,337.8442,239.3127,2.2449,1.8701,1.7473,0.0,0.1515,447242.8758,244330.7764,173794.7098,10331310.431,5644040.9348,,,3.306
600150,中国船舶,船舶,上海,19980520,600150.SH,20211022,22.31,23.94,22.31,22.72,22.46,0.26,1.1576,965446.65,2242423.861,3.9514,5.5551,1.34,332.2866,235.3759,2.2079,1.8394,1.7185,0.0,0.154,447242.8758,244330.7764,173794.7098,10161358.1382,5551195.2398,,,3.306
600150,中国船舶,船舶,上海,19980520,600150.SH,20211021,23.0,23.4,22.28,22.46,23.0,-0.54,-2.3478,661348.78,1502861.205,2.7068,3.8053,0.91,328.4841,232.6824,2.1827,1.8183,1.6988,0.0,0.1558,447242.8758,244330.7764,173794.7098,10045074.9905,5487669.2379,,,3.306
600150,中国船舶,船舶,上海,19980520,600150.SH,20211020,22.39,23.37,22.13,23.0,22.71,0.29,1.277,740032.73,1688348.801,3.0288,4.2581,0.96,336.3817,238.2767,2.2352,1.862,1.7397,0.0,0.1522,447242.8758,244330.7764,173794.7098,10286586.1434,5619607.8572,,,3.306
600150,中国船舶,船舶,上海,19980520,600150.SH,20211019,22.39,23.09,21.91,22.71,22.38,0.33,1.4745,726081.24,1634616.277,2.9717,4.1778,0.89,332.1404,235.2723,2.207,1.8386,1.7178,0.0,0.1541,447242.8758,244330.7764,173794.7098,10156885.7094,5548751.932,,,3.306
600150,中国船舶,船舶,上海,19980520,600150.SH,20211018,21.89,22.85,21.87,22.38,21.98,0.4,1.8198,897659.41,2008047.179,3.674,5.1651,1.08,327.314,231.8536,2.1749,1.8118,1.6928,0.0,0.1564,447242.8758,244330.7764,173794.7098,10009295.5604,5468122.7758,,,3.306
600150,中国船舶,船舶,上海,19980520,600150.SH,20211015,22.0,22.49,21.81,21.98,22.0,-0.02,-0.0909,587852.44,1298289.201,2.406,3.3825,0.67,321.4639,227.7096,2.136,1.7795,1.6625,0.0,0.1592,447242.8758,244330.7764,173794.7098,9830398.4101,5370390.4653,,,3.306
600150,中国船舶,船舶,上海,19980520,600150.SH,20211014,21.85,22.55,21.73,22.0,21.98,0.02,0.091,696458.07,1540163.391,2.8505,4.0074,0.77,321.7564,227.9168,2.138,1.7811,1.6641,0.0,0.1591,447242.8758,244330.7764,173794.7098,9839343.2676,5375277.0808,,,3.306
600150,中国船舶,船舶,上海,19980520,600150.SH,20211013,22.8,22.93,21.4,21.98,22.69,-0.71,-3.1291,943988.51,2071664.188,3.8636,5.4316,0.96,321.4639,227.7096,2.136,1.7795,1.6625,0.0,0.1592,447242.8758,244330.7764,173794.7098,9830398.4101,5370390.4653,,,3.306
600150,中国船舶,船舶,上海,19980520,600150.SH,20211012,23.67,24.44,22.27,22.69,24.08,-1.39,-5.7724,960286.48,2207913.689,3.9303,5.5254,0.98,331.8479,235.0651,2.205,1.8369,1.7162,0.0,0.1543,447242.8758,244330.7764,173794.7098,10147940.8519,5543865.3165,,,3.306
600150,中国船舶,船舶,上海,19980520,600150.SH,20211011,24.6,24.75,23.1,24.08,24.89,-0.81,-3.2543,969318.59,2313100.731,3.9672,5.5774,0.91,352.177,249.4653,2.3401,1.9495,1.8214,0.0,0.1453,447242.8758,244330.7764,173794.7098,10769608.4493,5883485.0957,,,3.306
600150,中国船舶,船舶,上海,19980520,600150.SH,20211008,26.09,26.45,24.14,24.89,25.1,-0.21,-0.8367,797903.81,2006478.923,3.2657,4.5911,0.68,364.0235,257.8568,2.4188,2.0151,1.8827,0.0,0.1406,447242.8758,244330.7764,173794.7098,11131875.1787,6081393.0246,,,3.306
600150,中国船舶,船舶,上海,19980520,600150.SH,20210930,24.5,25.33,24.4,25.1,24.07,1.03,4.2792,830401.37,2074810.236,3.3987,4.7781,0.61,367.0948,260.0324,2.4392,2.0321,1.8985,0.0,0.1394,447242.8758,244330.7764,173794.7098,11225796.1826,6132702.4876,25.3,20.7,3.306
600150,中国船舶,船舶,上海,19980520,600150.SH,20210929,26.0,26.0,24.0,24.07,26.65,-2.58,-9.6811,1336294.98,3304225.847,5.4692,7.6889,0.91,352.0308,249.3617,2.3391,1.9487,1.8206,0.0,0.1454,447242.8758,244330.7764,173794.7098,10765136.0205,5881041.7879,,,3.306
600150,中国船舶,船舶,上海,19980520,600150.SH,20210928,26.47,27.46,26.3,26.65,26.79,-0.14,-0.5226,950690.45,2545723.225,3.891,5.4702,0.62,389.764,276.0902,2.5899,2.1575,2.0158,0.0,0.1313,447242.8758,244330.7764,173794.7098,11919022.6401,6511415.1911,,,3.306
600150,中国船舶,船舶,上海,19980520,600150.SH,20210927,29.13,29.48,26.36,26.79,29.05,-2.26,-7.7797,1408777.39,3850062.245,5.7659,8.106,0.94,391.8116,277.5406,2.6035,2.1689,2.0264,0.0,0.1306,447242.8758,244330.7764,173794.7098,11981636.6427,6545621.4998,,,3.306
600150,中国船舶,船舶,上海,19980520,600150.SH,20210924,29.49,30.66,28.81,29.05,29.82,-0.77,-2.5822,1369289.13,4067493.807,5.6042,7.8788,0.96,424.8647,300.9538,2.8231,2.3518,2.1973,0.0,0.1205,447242.8758,244330.7764,173794.7098,12992405.542,7097809.0544,,,3.306
600150,中国船舶,船舶,上海,19980520,600150.SH,20210923,28.38,30.99,27.51,29.82,28.39,1.43,5.037,1786168.41,5220242.227,7.3105,10.2775,1.32,436.1262,308.9309,2.8979,2.4142,2.2556,0.0,0.1174,447242.8758,244330.7764,173794.7098,13336782.5564,7285943.7522,,,3.306
600150,中国船舶,船舶,上海,19980520,600150.SH,20210922,25.25,28.61,25.25,28.39,26.01,2.38,9.1503,1813008.47,5030510.006,7.4203,10.4319,1.43,415.212,294.1163,2.759,2.2984,2.1474,0.0,0.1233,447242.8758,244330.7764,173794.7098,12697225.244,6936550.742,,,3.306
600150,中国船舶,船舶,上海,19980520,600150.SH,20210917,25.47,26.49,25.16,26.01,24.71,1.3,5.261,1306614.91,3372838.983,5.3477,7.5182,0.92,380.4038,269.4599,2.5277,2.1057,1.9674,0.0,0.1346,447242.8758,244330.7764,173794.7098,11632787.1996,6355043.4942,,,3.306
600150,中国船舶,船舶,上海,19980520,600150.SH,20210916,24.75,25.68,24.51,24.71,24.64,0.07,0.2841,1193129.38,2990118.037,4.8833,6.8652,0.77,361.391,255.9921,2.4013,2.0005,1.869,0.0,0.1416,447242.8758,244330.7764,173794.7098,11051371.461,6037413.4848,,,3.306
600150,中国船舶,船舶,上海,19980520,600150.SH,20210915,25.11,25.43,24.53,24.64,25.11,-0.47,-1.8718,1026381.39,2555972.769,4.2008,5.9057,0.63,360.3672,255.2669,2.3945,1.9948,1.8637,0.0,0.142,447242.8758,244330.7764,173794.7098,11020064.4597,6020310.3305,27.61,22.59,3.306
600150,中国船舶,船舶,上海,19980520,600150.SH,20210914,26.02,26.25,24.72,25.11,26.57,-1.46,-5.4949,1438237.25,3655837.652,5.8864,8.2755,0.91,367.2411,260.136,2.4402,2.0329,1.8993,0.0,0.1394,447242.8758,244330.7764,173794.7098,11230268.6113,6135145.7954,,,3.306
600150,中国船舶,船舶,上海,19980520,600150.SH,20210913,26.45,27.38,25.78,26.57,26.19,0.38,1.4509,1373163.64,3663396.247,5.6201,7.9011,0.89,388.594,275.2614,2.5821,2.1511,2.0097,0.0,0.1317,447242.8758,244330.7764,173794.7098,11883243.21,6491868.7289,,,3.306
600150,中国船舶,船舶,上海,19980520,600150.SH,20210910,28.7,28.7,26.01,26.19,28.88,-2.69,-9.3144,2099370.58,5707284.719,8.5923,12.0796,1.41,383.0364,271.3246,2.5452,2.1203,1.981,0.0,0.1336,447242.8758,244330.7764,173794.7098,11713290.9172,6399023.0339,,,3.306
600150,中国船舶,船舶,上海,19980520,600150.SH,20210909,26.0,28.88,25.4,28.88,26.25,2.63,10.019,1779886.85,4975538.21,7.2847,10.2413,1.16,422.3784,299.1927,2.8066,2.3381,2.1845,0.0,0.1212,447242.8758,244330.7764,173794.7098,12916374.2531,7056272.8224,,,3.306
600150,中国船舶,船舶,上海,19980520,600150.SH,20210908,25.43,27.21,24.95,26.25,25.2,1.05,4.1667,1483674.44,3902370.745,6.0724,8.5369,1.02,383.9139,271.9462,2.551,2.1252,1.9855,0.0,0.1333,447242.8758,244330.7764,173794.7098,11740125.4898,6413682.8805,,,3.306
600150,中国船舶,船舶,上海,19980520,600150.SH,20210907,24.46,25.64,24.46,25.2,24.72,0.48,1.9417,1136186.13,2852936.43,4.6502,6.5375,0.74,368.5574,261.0684,2.4489,2.0402,1.9061,0.0,0.1389,447242.8758,244330.7764,173794.7098,11270520.4702,6157135.5653,,,3.306
600150,中国船舶,船舶,上海,19980520,600150.SH,20210906,24.95,25.49,24.0,24.72,24.92,-0.2,-0.8026,1203095.23,2973864.524,4.924,6.9225,0.79,361.5372,256.0957,2.4023,2.0013,1.8698,0.0,0.1416,447242.8758,244330.7764,173794.7098,11055843.8898,6039856.7926,,,3.306
600150,中国船舶,船舶,上海,19980520,600150.SH,20210903,26.0,27.2,24.35,24.92,27.0,-2.08,-7.7037,1821551.07,4656045.841,7.4553,10.4811,1.32,364.4623,258.1676,2.4217,2.0175,1.8849,0.0,0.1404,447242.8758,244330.7764,173794.7098,11145292.4649,6088722.9479,,,3.306
600150,中国船舶,船舶,上海,19980520,600150.SH,20210902,27.4,27.4,25.0,27.0,26.28,0.72,2.7397,1995324.48,5281419.455,8.1665,11.4809,1.51,394.8829,279.7161,2.6239,2.1859,2.0422,0.0,0.1296,447242.8758,244330.7764,173794.7098,12075557.6466,6596930.9628,,,3.306
600150,中国船舶,船舶,上海,19980520,600150.SH,20210901,24.35,26.28,24.01,26.28,23.89,2.39,10.0042,1081829.65,2756716.667,4.4277,6.2248,0.79,384.3527,272.257,2.5539,2.1276,1.9878,0.0,0.1332,447242.8758,244330.7764,173794.7098,11753542.776,6421012.8038,,,3.306
600150,中国船舶,船舶,上海,19980520,600150.SH,20210831,22.13,23.89,21.48,23.89,21.72,2.17,9.9908,1553142.38,3602016.15,6.3567,8.9366,1.32,349.3982,247.497,2.3216,1.9341,1.807,0.0,0.1465,447242.8758,244330.7764,173794.7098,10684632.3029,5837062.2482,,,3.306
600150,中国船舶,船舶,上海,19980520,600150.SH,20210830,22.26,23.24,21.67,21.72,22.25,-0.53,-2.382,1116145.88,2486801.45,4.5682,6.4222,0.98,317.6613,225.0161,2.1108,1.7584,1.6429,0.0,0.1611,447242.8758,244330.7764,173794.7098,9714115.2624,5306864.4634,,,3.306
600150,中国船舶,船舶,上海,19980520,600150.SH,20210827,21.6,22.66,21.51,22.25,21.85,0.4,1.8307,1136911.67,2507872.341,4.6532,6.5417,1.06,325.4128,251.6389,2.1734,1.8013,1.8064,0.0,0.1573,447242.8758,244330.7764,173794.7098,9951153.9866,5436359.7749,,,3.306
600150,中国船舶,船舶,上海,19980520,600150.SH,20210826,20.99,22.8,20.51,21.85,20.99,0.86,4.0972,1704649.79,3709464.062,6.9768,9.8084,2.08,319.5626,247.1151,2.1343,1.7689,1.7739,0.0,0.1602,447242.8758,244330.7764,173794.7098,9772256.8362,5338627.4643,,,3.306
600150,中国船舶,船舶,上海,19980520,600150.SH,20210825,19.15,20.99,18.89,20.99,19.08,1.91,10.0105,1331057.3,2699762.623,5.4478,7.6588,1.92,306.9849,237.3888,2.0503,1.6993,1.7041,0.0,0.1667,447242.8758,244330.7764,173794.7098,9387627.963,5128502.9966,,,3.306
600150,中国船舶,船舶,上海,19980520,600150.SH,20210824,18.59,19.08,18.36,19.08,18.85,0.23,1.2202,604659.77,1129983.756,2.4748,3.4792,0.85,279.0506,215.7875,1.8637,1.5447,1.549,0.0,0.1834,447242.8758,244330.7764,173794.7098,8533394.0703,4661831.2137,,,3.306
600150,中国船舶,船舶,上海,19980520,600150.SH,20210823,18.2,19.39,18.13,18.85,18.3,0.55,3.0055,891390.14,1668644.639,3.6483,5.129,1.33,275.6868,213.1862,1.8413,1.5261,1.5304,0.0,0.1857,447242.8758,244330.7764,173794.7098,8430528.2088,4605635.1351,,,3.306
600150,中国船舶,船舶,上海,19980520,600150.SH,20210820,17.76,18.77,17.54,18.3,17.86,0.44,2.4636,817721.28,1490771.925,3.3468,4.7051,1.22,267.6428,206.966,1.7876,1.4815,1.4857,0.0,0.1913,447242.8758,244330.7764,173794.7098,8184544.6271,4471253.2081,,,3.306
600150,中国船舶,船舶,上海,19980520,600150.SH,20210819,18.01,18.07,17.7,17.86,17.96,-0.1,-0.5568,452694.48,808703.564,1.8528,2.6048,0.69,261.2077,201.9897,1.7446,1.4459,1.45,0.0,0.196,447242.8758,244330.7764,173794.7098,7987757.7618,4363747.6665,,,3.306
600150,中国船舶,船舶,上海,19980520,600150.SH,20210818,17.63,18.05,17.27,17.96,17.63,0.33,1.8718,705503.27,1256101.388,2.8875,4.0594,1.19,262.6702,203.1207,1.7543,1.454,1.4581,0.0,0.1949,447242.8758,244330.7764,173794.7098,8032482.0494,4388180.7441,,,3.306
600150,中国船舶,船舶,上海,19980520,600150.SH,20210817,17.17,17.98,17.08,17.63,17.25,0.38,2.2029,699801.78,1233282.582,2.8642,4.0266,1.21,257.8439,199.3885,1.7221,1.4273,1.4313,0.0,0.1985,447242.8758,244330.7764,173794.7098,7884891.9004,4307551.5879,,,3.306
600150,中国船舶,船舶,上海,19980520,600150.SH,20210816,17.74,18.2,17.24,17.25,17.43,-0.18,-1.0327,676747.45,1197915.955,2.7698,3.8939,1.2,252.2863,195.0909,1.685,1.3965,1.4005,0.0,0.2029,447242.8758,244330.7764,173794.7098,7714939.6076,4214705.8929,,,3.306
600150,中国船舶,船舶,上海,19980520,600150.SH,20210813,17.21,18.58,17.12,17.43,16.99,0.44,2.5898,829940.24,1467887.611,3.3968,4.7754,1.45,254.9188,197.1266,1.7026,1.4111,1.4151,0.0,0.2008,447242.8758,244330.7764,173794.7098,7795443.3252,4258685.4327,,,3.306
600150,中国船舶,船舶,上海,19980520,600150.SH,20210812,17.2,17.32,16.88,16.99,17.14,-0.15,-0.8751,350893.53,598573.824,1.4361,2.019,0.52,248.4837,192.1504,1.6596,1.3755,1.3794,0.0,0.206,447242.8758,244330.7764,173794.7098,7598656.4598,4151179.891,,,3.306
600150,中国船舶,船舶,上海,19980520,600150.SH,20210811,17.26,17.38,17.01,17.14,17.24,-0.1,-0.58,416676.23,714281.454,1.7054,2.3975,0.67,250.6775,193.8468,1.6742,1.3876,1.3915,0.0,0.2042,447242.8758,244330.7764,173794.7098,7665742.8912,4187829.5075,,,3.306
600150,中国船舶,船舶,上海,19980520,600150.SH,20210810,16.71,17.45,16.62,17.24,16.86,0.38,2.2539,610001.11,1050049.064,2.4966,3.5099,1.14,252.14,194.9778,1.684,1.3957,1.3997,0.0,0.203,447242.8758,244330.7764,173794.7098,7710467.1788,4212262.5851,,,3.306
600150,中国船舶,船舶,上海,19980520,600150.SH,20210809,16.61,17.38,16.53,16.86,16.68,0.18,1.0791,619619.08,1049015.982,2.536,3.5652,1.33,246.5824,190.6801,1.6469,1.365,1.3688,0.0,0.2076,447242.8758,244330.7764,173794.7098,7540514.886,4119416.8901,,,3.306
600150,中国船舶,船舶,上海,19980520,600150.SH,20210806,17.05,17.08,16.53,16.68,16.69,-0.01,-0.0599,856215.44,1437011.533,3.5043,4.9266,2.48,243.9499,188.6444,1.6293,1.3504,1.3542,0.0,0.2098,447242.8758,244330.7764,173794.7098,7460011.1683,4075437.3504,,,3.306
600150,中国船舶,船舶,上海,19980520,600150.SH,20210805,15.17,16.69,15.08,16.69,15.17,1.52,10.0198,856941.7,1394162.17,3.5073,4.9308,3.97,244.0961,188.7575,1.6303,1.3512,1.355,0.0,0.2097,447242.8758,244330.7764,173794.7098,7464483.5971,4077880.6581,,,3.306
600150,中国船舶,船舶,上海,19980520,600150.SH,20210804,15.07,15.24,15.06,15.17,15.14,0.03,0.1982,144989.03,219704.803,0.5934,0.8343,0.61,221.8657,171.5669,1.4818,1.2281,1.2316,0.0,0.2307,447242.8758,244330.7764,173794.7098,6784674.4259,3706497.878,,,3.306
600150,中国船舶,船舶,上海,19980520,600150.SH,20210803,15.21,15.35,15.03,15.14,15.2,-0.06,-0.3947,209093.03,317865.566,0.8558,1.2031,0.79,221.4269,171.2276,1.4789,1.2257,1.2292,0.0,0.2312,447242.8758,244330.7764,173794.7098,6771257.1396,3699167.9547,,,3.306
600150,中国船舶,船舶,上海,19980520,600150.SH,20210802,14.78,15.37,14.66,15.2,14.79,0.41,2.7721,261288.35,393324.274,1.0694,1.5034,0.86,222.3044,171.9061,1.4847,1.2306,1.234,0.0,0.2303,447242.8758,244330.7764,173794.7098,6798091.7122,3713827.8013,,,3.306
600150,中国船舶,船舶,上海,19980520,600150.SH,20210730,15.06,15.06,14.66,14.79,15.11,-0.32,-2.1178,253629.11,375050.776,1.0381,1.4594,0.8,216.3081,167.2692,1.4447,1.1974,1.2008,0.0,0.2366,447242.8758,244330.7764,173794.7098,6614722.1331,3613652.183,,,3.306
600150,中国船舶,船舶,上海,19980520,600150.SH,20210729,15.13,15.35,15.05,15.11,15.05,0.06,0.3987,209359.48,317160.755,0.8569,1.2046,0.69,220.9882,170.8883,1.476,1.2233,1.2267,0.0,0.2316,447242.8758,244330.7764,173794.7098,6757839.8533,3691838.0314,,,3.306
600150,中国船舶,船舶,上海,19980520,600150.SH,20210728,15.7,15.7,15.05,15.05,15.8,-0.75,-4.7468,255549.13,389440.897,1.0459,1.4704,0.89,220.1106,170.2097,1.4701,1.2184,1.2219,0.0,0.2326,447242.8758,244330.7764,173794.7098,6731005.2808,3677178.1848,18.96,15.52,3.306
600150,中国船舶,船舶,上海,19980520,600150.SH,20210727,15.98,16.25,15.67,15.8,16.06,-0.26,-1.6189,341949.63,543805.471,1.3995,1.9675,1.39,231.0796,178.6919,1.5434,1.2791,1.2827,0.0,0.2215,447242.8758,244330.7764,173794.7098,7066437.4376,3860426.2671,,,3.306
600150,中国船舶,船舶,上海,19980520,600150.SH,20210726,15.65,16.39,15.52,16.06,15.64,0.42,2.6854,464451.69,743589.11,1.9009,2.6724,2.41,234.8822,181.6324,1.5688,1.3002,1.3039,0.0,0.2179,447242.8758,244330.7764,173794.7098,7182720.5853,3923952.269,,,3.306
600150,中国船舶,船舶,上海,19980520,600150.SH,20210723,15.56,15.75,15.19,15.64,15.56,0.08,0.5141,305534.21,472909.343,1.2505,1.758,1.65,228.7396,176.8824,1.5277,1.2662,1.2698,0.0,0.2238,447242.8758,244330.7764,173794.7098,6994878.5775,3821333.3429,,,3.306
600150,中国船舶,船舶,上海,19980520,600150.SH,20210722,15.63,15.67,15.49,15.56,15.62,-0.06,-0.3841,158146.42,245922.56,0.6473,0.91,0.81,227.5695,175.9776,1.5199,1.2597,1.2633,0.0,0.2249,447242.8758,244330.7764,173794.7098,6959099.1474,3801786.8808,,,3.306
600150,中国船舶,船舶,上海,19980520,600150.SH,20210721,15.7,15.84,15.56,15.62,15.68,-0.06,-0.3827,161599.62,253481.884,0.6614,0.9298,0.79,228.4471,176.6562,1.5258,1.2646,1.2681,0.0,0.2241,447242.8758,244330.7764,173794.7098,6985933.72,3816446.7274,,,3.306
600150,中国船舶,船舶,上海,19980520,600150.SH,20210720,15.42,15.82,15.39,15.68,15.56,0.12,0.7712,140830.28,220303.907,0.5764,0.8103,0.64,229.3246,177.3348,1.5316,1.2694,1.273,0.0,0.2232,447242.8758,244330.7764,173794.7098,7012768.2925,3831106.574,,,3.306
600150,中国船舶,船舶,上海,19980520,600150.SH,20210719,15.83,15.88,15.42,15.56,15.77,-0.21,-1.3316,195991.18,304573.358,0.8022,1.1277,0.88,227.5695,175.9776,1.5199,1.2597,1.2633,0.0,0.2249,447242.8758,244330.7764,173794.7098,6959099.1474,3801786.8808,,,3.306
600150,中国船舶,船舶,上海,19980520,600150.SH,20210716,15.51,15.98,15.42,15.77,15.48,0.29,1.8734,266545.57,418799.788,1.0909,1.5337,1.3,230.6409,178.3526,1.5404,1.2767,1.2803,0.0,0.2219,447242.8758,244330.7764,173794.7098,7053020.1514,3853096.3438,,,3.306
600150,中国船舶,船舶,上海,19980520,600150.SH,20210715,15.68,15.84,15.43,15.48,15.72,-0.24,-1.5267,216270.34,336608.099,0.8852,1.2444,0.94,226.3995,175.0728,1.5121,1.2532,1.2568,0.0,0.2261,447242.8758,244330.7764,173794.7098,6923319.7174,3782240.4187,,,3.306
600150,中国船舶,船舶,上海,19980520,600150.SH,20210714,16.1,16.1,15.66,15.75,16.1,-0.35,-2.1739,209032.57,331276.296,0.8555,1.2028,0.92,230.3484,178.1264,1.5332,1.2751,1.2787,0.0,,447242.8758,244330.7764,173794.7098,7044075.2939,3848209.7283,,,3.306
600150,中国船舶,船舶,上海,19980520,600150.SH,20210713,15.97,16.1,15.77,16.1,15.97,0.13,0.814,216582.54,345934.039,0.8864,1.2462,0.9,235.4672,182.0848,1.5673,1.3034,1.3071,0.0,,447242.8758,244330.7764,173794.7098,7200610.3004,3933725.5,,,3.306
600150,中国船舶,船舶,上海,19980520,600150.SH,20210712,15.99,16.08,15.87,15.97,15.9,0.07,0.4403,206295.16,329587.651,0.8443,1.187,0.83,233.5659,180.6146,1.5546,1.2929,1.2966,0.0,,447242.8758,244330.7764,173794.7098,7142468.7265,3901962.4991,,,3.306
600150,中国船舶,船舶,上海,19980520,600150.SH,20210709,15.78,15.96,15.67,15.9,15.84,0.06,0.3788,174808.18,276971.248,0.7155,1.0058,0.56,232.5421,179.8229,1.5478,1.2872,1.2909,0.0,,447242.8758,244330.7764,173794.7098,7111161.7252,3884859.3448,,,3.306
600150,中国船舶,船舶,上海,19980520,600150.SH,20210708,16.18,16.18,15.8,15.84,16.16,-0.32,-1.9802,346090.57,552987.974,1.4165,1.9914,1.23,231.6646,179.1443,1.542,1.2824,1.286,0.0,,447242.8758,244330.7764,173794.7098,7084327.1527,3870199.4982,,,3.306
600150,中国船舶,船舶,上海,19980520,600150.SH,20210707,16.16,16.27,16.05,16.16,16.3,-0.14,-0.8589,196997.14,317794.129,0.8063,1.1335,0.72,236.3447,182.7634,1.5731,1.3083,1.312,0.0,,447242.8758,244330.7764,173794.7098,7227444.8729,3948385.3466,,,3.306
600150,中国船舶,船舶,上海,19980520,600150.SH,20210706,16.12,16.33,15.93,16.3,16.25,0.05,0.3077,279315.28,449668.952,1.1432,1.6072,1.05,238.3923,184.3467,1.5868,1.3196,1.3233,0.0,,447242.8758,244330.7764,173794.7098,7290058.8755,3982591.6553,,,3.306
600150,中国船舶,船舶,上海,19980520,600150.SH,20210705,16.49,16.49,16.17,16.25,16.5,-0.25,-1.5152,244446.22,398057.484,1.0005,1.4065,0.91,237.661,183.7812,1.5819,1.3156,1.3193,0.0,,447242.8758,244330.7764,173794.7098,7267696.7318,3970375.1165,17.35,14.19,3.306
600150,中国船舶,船舶,上海,19980520,600150.SH,20210702,16.68,17.21,16.18,16.5,16.02,0.48,2.9963,505945.83,849824.04,2.0707,2.9112,2.25,241.3173,186.6086,1.6062,1.3358,1.3396,0.0,,447242.8758,244330.7764,173794.7098,7379507.4507,4031457.8106,,,3.306
600150,中国船舶,船舶,上海,19980520,600150.SH,20210701,16.5,16.51,16.02,16.02,16.51,-0.49,-2.9679,181017.37,293823.611,0.7409,1.0416,0.76,234.2972,181.18,1.5595,1.297,1.3006,0.0,,447242.8758,244330.7764,173794.7098,7164830.8703,3914179.0379,17.29,14.15,3.306
600150,中国船舶,船舶,上海,19980520,600150.SH,20210630,16.3,16.52,16.1,16.51,16.21,0.3,1.8507,162005.02,264341.121,0.6631,0.9322,0.61,241.4636,186.7217,1.6072,1.3366,1.3404,0.0,,447242.8758,244330.7764,173794.7098,7383979.8795,4033901.1184,,,3.3
600150,中国船舶,船舶,上海,19980520,600150.SH,20210629,16.68,16.78,16.2,16.21,16.63,-0.42,-2.5256,237126.2,389804.899,0.9705,1.3644,0.77,237.076,183.3289,1.578,1.3123,1.316,0.0,,447242.8758,244330.7764,173794.7098,7249807.0167,3960601.8854,,,3.3
600150,中国船舶,船舶,上海,19980520,600150.SH,20210628,16.87,17.01,16.56,16.63,16.93,-0.3,-1.772,256698.89,429218.367,1.0506,1.477,0.82,243.2186,188.0789,1.6189,1.3463,1.3501,0.0,,447242.8758,244330.7764,173794.7098,7437649.0246,4063220.8115,,,3.3
600150,中国船舶,船舶,上海,19980520,600150.SH,20210625,17.05,17.13,16.76,16.93,17.11,-0.18,-1.052,288276.94,487519.685,1.1799,1.6587,0.92,247.6062,191.4718,1.6481,1.3706,1.3745,0.0,,447242.8758,244330.7764,173794.7098,7571821.8873,4136520.0445,,,3.3
600150,中国船舶,船舶,上海,19980520,600150.SH,20210624,17.1,17.42,17.04,17.11,17.19,-0.08,-0.4654,246841.44,424630.954,1.0103,1.4203,0.79,250.2387,193.5075,1.6656,1.3852,1.3891,0.0,,447242.8758,244330.7764,173794.7098,7652325.6049,4180499.5842,,,3.3
600150,中国船舶,船舶,上海,19980520,600150.SH,20210623,17.39,17.55,17.12,17.19,17.44,-0.25,-1.4335,309448.16,536273.665,1.2665,1.7805,1.03,251.4088,194.4123,1.6734,1.3917,1.3956,0.0,,447242.8758,244330.7764,173794.7098,7688105.035,4200046.0463,,,3.3
600150,中国船舶,船舶,上海,19980520,600150.SH,20210622,17.0,17.51,17.0,17.44,17.14,0.3,1.7503,430373.65,743411.113,1.7614,2.4763,1.63,255.0651,197.2397,1.6977,1.4119,1.4159,0.0,,447242.8758,244330.7764,173794.7098,7799915.754,4261128.7404,,,3.3
600150,中国船舶,船舶,上海,19980520,600150.SH,20210621,16.93,17.14,16.7,17.14,16.92,0.22,1.3002,293404.03,495758.809,1.2008,1.6882,1.05,250.6775,193.8468,1.6685,1.3876,1.3915,0.0,,447242.8758,244330.7764,173794.7098,7665742.8912,4187829.5075,,,3.3
600150,中国船舶,船舶,上海,19980520,600150.SH,20210618,16.97,17.21,16.8,16.92,17.03,-0.11,-0.6459,292301.79,496738.265,1.1963,1.6819,0.98,247.4599,191.3587,1.6471,1.3698,1.3737,0.0,,447242.8758,244330.7764,173794.7098,7567349.4585,4134076.7367,,,3.3
600150,中国船舶,船舶,上海,19980520,600150.SH,20210617,16.9,17.18,16.83,17.03,16.78,0.25,1.4899,235908.59,400733.931,0.9655,1.3574,0.75,249.0687,192.6027,1.6578,1.3787,1.3826,0.0,,447242.8758,244330.7764,173794.7098,7616546.1749,4160953.1221,,,3.3
600150,中国船舶,船舶,上海,19980520,600150.SH,20210616,16.8,17.19,16.69,16.78,16.86,-0.08,-0.4745,256712.45,435389.402,1.0507,1.4771,0.81,245.4124,189.7753,1.6335,1.3585,1.3623,0.0,,447242.8758,244330.7764,173794.7098,7504735.4559,4099870.428,,,3.3
600150,中国船舶,船舶,上海,19980520,600150.SH,20210615,16.6,17.09,16.5,16.86,16.7,0.16,0.9581,238368.91,402836.574,0.9756,1.3716,0.76,246.5824,190.6801,1.6413,1.365,1.3688,0.0,,447242.8758,244330.7764,173794.7098,7540514.886,4119416.8901,,,3.3
600150,中国船舶,船舶,上海,19980520,600150.SH,20210611,17.27,17.27,16.67,16.7,17.14,-0.44,-2.5671,372307.62,629604.94,1.5238,2.1422,1.29,244.2424,188.8706,1.6257,1.352,1.3558,0.0,,447242.8758,244330.7764,173794.7098,7468956.0259,4080323.9659,,,3.3
600150,中国船舶,船舶,上海,19980520,600150.SH,20210610,17.0,17.3,16.85,17.14,16.96,0.18,1.0613,385699.19,659156.078,1.5786,2.2193,1.51,250.6775,193.8468,1.6685,1.3876,1.3915,0.0,,447242.8758,244330.7764,173794.7098,7665742.8912,4187829.5075,,,3.3
600150,中国船舶,船舶,上海,19980520,600150.SH,20210609,17.2,17.36,16.94,16.96,16.92,0.04,0.2364,316954.21,541837.536,1.2972,1.8237,1.2,248.045,191.8111,1.651,1.3731,1.3769,0.0,,447242.8758,244330.7764,173794.7098,7585239.1736,4143849.9677,,,3.3
600150,中国船舶,船舶,上海,19980520,600150.SH,20210608,16.7,16.94,16.54,16.92,16.66,0.26,1.5606,279059.77,467223.982,1.1421,1.6057,0.93,247.4599,191.3587,1.6471,1.3698,1.3737,0.0,,447242.8758,244330.7764,173794.7098,7567349.4585,4134076.7367,,,3.3
600150,中国船舶,船舶,上海,19980520,600150.SH,20210607,16.73,16.98,16.6,16.66,16.78,-0.12,-0.7151,214935.37,360124.9,0.8797,1.2367,0.62,243.6574,188.4182,1.6218,1.3488,1.3526,0.0,,447242.8758,244330.7764,173794.7098,7451066.3108,4070550.7348,,,3.3
600150,中国船舶,船舶,上海,19980520,600150.SH,20210604,16.66,16.9,16.59,16.78,16.65,0.13,0.7808,248726.49,417250.803,1.018,1.4312,0.65,245.4124,189.7753,1.6335,1.3585,1.3623,0.0,,447242.8758,244330.7764,173794.7098,7504735.4559,4099870.428,,,3.3
600150,中国船舶,船舶,上海,19980520,600150.SH,20210603,16.54,16.78,16.44,16.65,16.58,0.07,0.4222,215436.78,358651.269,0.8817,1.2396,0.49,243.5111,188.3051,1.6208,1.348,1.3518,0.0,,447242.8758,244330.7764,173794.7098,7446593.8821,4068107.4271,,,3.3
600150,中国船舶,船舶,上海,19980520,600150.SH,20210602,16.81,17.01,16.39,16.58,16.88,-0.3,-1.7773,358938.22,597290.731,1.4691,2.0653,0.83,242.4873,187.5134,1.614,1.3423,1.3461,0.0,,447242.8758,244330.7764,173794.7098,7415286.8808,4051004.2727,,,3.3
600150,中国船舶,船舶,上海,19980520,600150.SH,20210601,17.19,17.19,16.68,16.88,17.18,-0.3,-1.7462,457327.11,770344.212,1.8718,2.6314,1.07,246.8749,190.9063,1.6432,1.3666,1.3704,0.0,,447242.8758,244330.7764,173794.7098,7549459.7435,4124303.5056,,,3.3
600150,中国船舶,船舶,上海,19980520,600150.SH,20210531,17.64,17.65,17.07,17.18,17.58,-0.4,-2.2753,448209.93,771889.855,1.8344,2.579,1.08,251.2625,194.2992,1.6724,1.3909,1.3948,0.0,,447242.8758,244330.7764,173794.7098,7683632.6062,4197602.7386,,,3.3
600150,中国船舶,船舶,上海,19980520,600150.SH,20210528,17.81,17.95,17.43,17.58,18.07,-0.49,-2.7117,423758.29,749081.866,1.7344,2.4383,1.09,257.1126,198.823,1.7114,1.4232,1.4273,0.0,,447242.8758,244330.7764,173794.7098,7862529.7566,4295335.0491,,,3.3
600150,中国船舶,船舶,上海,19980520,600150.SH,20210527,17.43,18.07,17.23,18.07,17.45,0.62,3.553,496647.69,880346.51,2.0327,2.8577,1.46,264.279,204.3647,1.7591,1.4629,1.467,0.0,,447242.8758,244330.7764,173794.7098,8081678.7657,4415057.1295,,,3.3
600150,中国船舶,船舶,上海,19980520,600150.SH,20210526,17.65,17.85,17.4,17.45,17.59,-0.14,-0.7959,345285.61,607433.294,1.4132,1.9867,0.94,255.2113,197.3528,1.6987,1.4127,1.4167,0.0,,447242.8758,244330.7764,173794.7098,7804388.1827,4263572.0482,,,3.3
600150,中国船舶,船舶,上海,19980520,600150.SH,20210525,17.35,17.63,17.1,17.59,17.41,0.18,1.0339,414240.51,721788.364,1.6954,2.3835,0.96,257.2589,198.9361,1.7123,1.4241,1.4281,0.0,,447242.8758,244330.7764,173794.7098,7867002.1853,4297778.3569,18.33,14.99,3.3
600150,中国船舶,船舶,上海,19980520,600150.SH,20210524,17.2,17.66,17.2,17.41,17.17,0.24,1.3978,387194.96,675164.289,1.5847,2.2279,0.88,254.6263,196.9004,1.6948,1.4095,1.4135,0.0,,447242.8758,244330.7764,173794.7098,7786498.4677,4253798.8171,,,3.3
600150,中国船舶,船舶,上海,19980520,600150.SH,20210521,17.17,17.34,16.83,17.17,17.1,0.07,0.4094,300525.4,513968.82,1.23,1.7292,0.67,251.1163,194.1861,1.6715,1.3901,1.394,0.0,,447242.8758,244330.7764,173794.7098,7679160.1775,4195159.4308,,,3.3
600150,中国船舶,船舶,上海,19980520,600150.SH,20210520,17.2,17.34,16.9,17.1,17.1,0.0,0.0,256512.64,440164.419,1.0499,1.476,0.52,250.0925,193.3944,1.6646,1.3844,1.3883,0.0,,447242.8758,244330.7764,173794.7098,7647853.1762,4178056.2764,,,3.3
600150,中国船舶,船舶,上海,19980520,600150.SH,20210519,17.51,17.62,17.0,17.1,17.67,-0.57,-3.2258,474697.92,819034.01,1.9428,2.7314,0.97,250.0925,193.3944,1.6646,1.3844,1.3883,0.0,,447242.8758,244330.7764,173794.7098,7647853.1762,4178056.2764,18.57,15.19,3.3
600150,中国船舶,船舶,上海,19980520,600150.SH,20210518,17.96,18.51,17.67,17.67,17.83,-0.16,-0.8974,737255.32,1334254.931,3.0174,4.2421,1.73,258.4289,199.8409,1.7201,1.4305,1.4346,0.0,,447242.8758,244330.7764,173794.7098,7902781.6154,4317324.819,,,3.3
600150,中国船舶,船舶,上海,19980520,600150.SH,20210517,17.95,18.0,17.22,17.83,17.75,0.08,0.4507,422804.37,745711.947,1.7305,2.4328,0.88,260.769,201.6504,1.7357,1.4435,1.4476,0.0,,447242.8758,244330.7764,173794.7098,7974340.4755,4356417.7432,,,3.3
600150,中国船舶,船舶,上海,19980520,600150.SH,20210514,17.65,17.92,17.4,17.75,17.7,0.05,0.2825,361537.46,638100.819,1.4797,2.0803,0.58,259.5989,200.7457,1.7279,1.437,1.4411,0.0,,447242.8758,244330.7764,173794.7098,7938561.0455,4336871.2811,,,3.3
600150,中国船舶,船舶,上海,19980520,600150.SH,20210513,17.5,18.2,17.41,17.7,17.8,-0.1,-0.5618,462158.24,826466.217,1.8915,2.6592,0.67,258.8677,200.1802,1.7231,1.433,1.437,0.0,,447242.8758,244330.7764,173794.7098,7916198.9017,4324654.7423,,,3.3
600150,中国船舶,船舶,上海,19980520,600150.SH,20210512,17.8,18.07,17.36,17.8,17.74,0.06,0.3382,456262.02,809934.488,1.8674,2.6253,0.72,260.3302,201.3111,1.7328,1.4411,1.4451,0.0,,447242.8758,244330.7764,173794.7098,7960923.1892,4349087.8199,,,3.3
600150,中国船舶,船舶,上海,19980520,600150.SH,20210511,17.75,17.9,17.3,17.74,17.86,-0.12,-0.6719,431546.33,759720.701,1.7662,2.4831,0.75,259.4527,200.6326,1.7269,1.4362,1.4403,0.0,,447242.8758,244330.7764,173794.7098,7934088.6167,4334427.9733,,,3.3
600150,中国船舶,船舶,上海,19980520,600150.SH,20210510,17.9,18.05,17.13,17.86,17.43,0.43,2.467,686282.01,1208745.252,2.8088,3.9488,1.42,261.2077,201.9897,1.7386,1.4459,1.45,0.0,,447242.8758,244330.7764,173794.7098,7987757.7618,4363747.6665,,,3.3
600150,中国船舶,船舶,上海,19980520,600150.SH,20210507,17.3,18.44,17.09,17.43,17.16,0.27,1.5734,1067702.45,1895640.7,4.3699,6.1435,3.31,254.9188,197.1266,1.6968,1.4111,1.4151,0.0,,447242.8758,244330.7764,173794.7098,7795443.3252,4258685.4327,,,3.3
600150,中国船舶,船舶,上海,19980520,600150.SH,20210506,16.09,17.16,16.05,17.16,15.6,1.56,10.0,794721.23,1348806.921,3.2526,4.5728,3.48,250.97,194.073,1.6705,1.3892,1.3932,0.0,,447242.8758,244330.7764,173794.7098,7674687.7487,4192716.123,,,3.3
600150,中国船舶,船舶,上海,19980520,600150.SH,20210430,15.55,15.7,15.35,15.6,15.69,-0.09,-0.5736,181127.71,280802.768,0.7413,1.0422,0.72,228.1546,176.43,1.5186,1.263,1.2665,0.0,,447242.8758,244330.7764,173794.7098,6976988.8625,3811560.1118,,,3.3
600150,中国船舶,船舶,上海,19980520,600150.SH,20210429,15.92,16.13,15.66,15.69,15.95,-0.26,-1.6301,160302.17,254404.247,0.6561,0.9224,0.56,229.4708,177.4479,1.5274,1.2702,1.2738,0.0,,447242.8758,244330.7764,173794.7098,7017240.7213,3833549.8817,,,3.3
600150,中国船舶,船舶,上海,19980520,600150.SH,20210428,15.82,16.09,15.75,15.95,16.11,-0.16,-0.9932,205873.83,327462.738,0.8426,1.1846,0.7,233.2734,180.3884,1.5527,1.2913,1.2949,0.0,,447242.8758,244330.7764,173794.7098,7133523.869,3897075.8836,,,3.3
600150,中国船舶,船舶,上海,19980520,600150.SH,20210427,15.79,16.14,15.35,16.11,15.78,0.33,2.0913,269989.09,423607.278,1.105,1.5535,0.85,178.0101,152.8507,1.5636,3.1142,1.6281,0.0,,447242.8758,244330.7764,173794.7098,7205082.7291,3936168.8078,,,3.3
600150,中国船舶,船舶,上海,19980520,600150.SH,20210426,16.0,16.3,15.7,15.78,16.0,-0.22,-1.375,323490.06,516481.173,1.324,1.8613,0.93,174.3637,149.7196,1.5316,3.0504,1.5947,0.0,,447242.8758,244330.7764,173794.7098,7057492.5801,3855539.6516,,,3.3
600150,中国船舶,船舶,上海,19980520,600150.SH,20210423,16.44,16.45,15.88,16.0,16.48,-0.48,-2.9126,294546.29,475309.754,1.2055,1.6948,0.84,176.7946,151.807,1.5529,3.0929,1.617,0.0,,447242.8758,244330.7764,173794.7098,7155886.0128,3909292.4224,,,3.3
600150,中国船舶,船舶,上海,19980520,600150.SH,20210422,16.94,17.3,16.33,16.48,16.79,-0.31,-1.8463,343487.62,574747.464,1.4058,1.9764,1.06,182.0985,156.3612,1.5995,3.1857,1.6655,0.0,,447242.8758,244330.7764,173794.7098,7370562.5932,4026571.1951,,,3.3
600150,中国船舶,船舶,上海,19980520,600150.SH,20210421,17.02,17.12,16.72,16.79,17.16,-0.37,-2.1562,245833.73,415216.746,1.0062,1.4145,0.78,185.5238,159.3025,1.6296,3.2457,1.6968,0.0,,447242.8758,244330.7764,173794.7098,7509207.8847,4102313.7358,,,3.3
600150,中国船舶,船舶,上海,19980520,600150.SH,20210420,16.96,17.51,16.96,17.16,17.14,0.02,0.1167,386276.66,667279.149,1.581,2.2226,1.35,189.6122,162.813,1.6655,3.3172,1.7342,0.0,,447242.8758,244330.7764,173794.7098,7674687.7487,4192716.123,18.88,15.44,3.3
600150,中国船舶,船舶,上海,19980520,600150.SH,20210419,16.91,17.33,16.7,17.14,16.7,0.44,2.6347,471719.35,807176.496,1.9307,2.7142,1.66,189.3912,162.6232,1.6636,3.3133,1.7322,0.0,,447242.8758,244330.7764,173794.7098,7665742.8912,4187829.5075,,,3.3
600150,中国船舶,船舶,上海,19980520,600150.SH,20210416,16.3,16.97,16.2,16.7,16.11,0.59,3.6623,313877.55,519542.19,1.2846,1.806,1.09,184.5294,158.4485,1.6209,3.2283,1.6877,0.0,,447242.8758,244330.7764,173794.7098,7468956.0259,4080323.9659,,,3.3
600150,中国船舶,船舶,上海,19980520,600150.SH,20210415,16.07,16.36,15.71,16.11,16.17,-0.06,-0.3711,203966.02,327477.284,0.8348,1.1736,0.61,178.0101,152.8507,1.5636,3.1142,1.6281,0.0,,447242.8758,244330.7764,173794.7098,7205082.7291,3936168.8078,,,3.3
600150,中国船舶,船舶,上海,19980520,600150.SH,20210414,16.21,16.38,15.93,16.17,16.25,-0.08,-0.4923,195764.78,315569.135,0.8012,1.1264,0.42,178.6731,153.4199,1.5694,3.1258,1.6341,0.0,,447242.8758,244330.7764,173794.7098,7231917.3017,3950828.6544,,,3.3
600150,中国船舶,船舶,上海,19980520,600150.SH,20210413,16.62,16.68,16.06,16.25,16.8,-0.55,-3.2738,247054.62,402803.686,1.0111,1.4215,0.45,179.557,154.179,1.5772,3.1413,1.6422,0.0,,447242.8758,244330.7764,173794.7098,7267696.7318,3970375.1165,,,3.3
600150,中国船舶,船舶,上海,19980520,600150.SH,20210412,16.84,17.26,16.6,16.8,16.54,0.26,1.5719,461784.87,784798.611,1.89,2.6571,0.97,185.6343,159.3973,1.6306,3.2476,1.6978,0.0,,447242.8758,244330.7764,173794.7098,7513680.3134,4104757.0435,,,3.3
600150,中国船舶,船舶,上海,19980520,600150.SH,20210409,16.2,17.0,16.12,16.54,16.28,0.26,1.5971,326452.43,541123.182,1.3361,1.8784,0.76,182.7614,156.9305,1.6054,3.1973,1.6715,0.0,,447242.8758,244330.7764,173794.7098,7397397.1657,4041231.0417,,,3.3
600150,中国船舶,船舶,上海,19980520,600150.SH,20210408,16.5,16.7,15.98,16.28,17.05,-0.77,-4.5161,449557.82,730711.849,1.84,2.5867,1.25,179.8885,154.4636,1.5801,3.1471,1.6453,0.0,,447242.8758,244330.7764,173794.7098,7281114.018,3977705.0398,,,3.3
600150,中国船舶,船舶,上海,19980520,600150.SH,20210407,16.2,17.36,16.09,17.05,16.0,1.05,6.5625,837064.88,1409655.665,3.4259,4.8164,3.75,188.3968,161.7693,1.6549,3.2959,1.7231,0.0,,447242.8758,244330.7764,173794.7098,7625491.0324,4165839.7376,,,3.3
600150,中国船舶,船舶,上海,19980520,600150.SH,20210406,15.6,16.73,15.6,16.0,15.21,0.79,5.194,677862.55,1106858.073,2.7744,3.9004,6.81,176.7946,151.807,1.5529,3.0929,1.617,0.0,,447242.8758,244330.7764,173794.7098,7155886.0128,3909292.4224,,,3.3
600150,中国船舶,船舶,上海,19980520,600150.SH,20210402,15.31,15.4,15.13,15.21,15.31,-0.1,-0.6532,79121.77,120591.772,0.3238,0.4553,0.87,168.0654,144.3115,1.4763,2.9402,1.5371,0.0,,447242.8758,244330.7764,173794.7098,6802564.1409,3716271.109,18.37,15.03,3.3
600150,中国船舶,船舶,上海,19980520,600150.SH,20210401,15.2,15.53,15.16,15.31,15.33,-0.02,-0.1305,90172.08,138403.192,0.3691,0.5188,1.08,169.1703,145.2603,1.486,2.9596,1.5472,0.0,,447242.8758,244330.7764,173794.7098,6847288.4285,3740704.1867,,,3.3
600150,中国船舶,船舶,上海,19980520,600150.SH,20210331,15.17,15.45,14.98,15.33,15.18,0.15,0.9881,109227.5,166314.379,0.447,0.6285,1.47,169.3913,145.4501,1.4879,2.9634,1.5492,0.0,,447242.8758,244330.7764,173794.7098,6856233.286,3745590.8022,,,3.3
600150,中国船舶,船舶,上海,19980520,600150.SH,20210330,14.68,15.38,14.59,15.18,14.69,0.49,3.3356,159617.78,241975.152,0.6533,0.9184,2.85,167.7339,144.0269,1.4734,2.9344,1.5341,0.0,,447242.8758,244330.7764,173794.7098,6789146.8546,3708941.1858,,,3.3
600150,中国船舶,船舶,上海,19980520,600150.SH,20210329,14.69,14.84,14.55,14.69,14.68,0.01,0.0681,59373.34,87310.655,0.3646,0.6431,1.1,162.3196,139.3778,1.4258,2.8397,1.4846,0.0,,447242.8758,162855.8012,92319.7346,6569997.8455,2392351.7196,,,3.3
600150,中国船舶,船舶,上海,19980520,600150.SH,20210326,14.63,14.75,14.59,14.68,14.65,0.03,0.2048,38382.1,56389.615,0.2357,0.4158,0.65,162.2091,139.2829,1.4248,2.8378,1.4836,0.0,,447242.8758,162855.8012,92319.7346,6565525.4167,2390723.1616,,,3.3
600150,中国船舶,船舶,上海,19980520,600150.SH,20210325,14.7,14.8,14.62,14.65,14.85,-0.2,-1.3468,49673.16,73019.992,0.305,0.5381,0.83,161.8776,138.9983,1.4219,2.832,1.4805,0.0,,447242.8758,162855.8012,92319.7346,6552108.1305,2385837.4876,,,3.3
600150,中国船舶,船舶,上海,19980520,600150.SH,20210324,14.99,14.99,14.62,14.85,14.95,-0.1,-0.6689,63979.91,94568.235,0.3929,0.693,1.01,164.0875,140.8959,1.4413,2.8706,1.5007,0.0,,447242.8758,162855.8012,92319.7346,6641556.7056,2418408.6478,,,3.3
600150,中国船舶,船舶,上海,19980520,600150.SH,20210323,15.12,15.15,14.83,14.95,15.12,-0.17,-1.1243,68435.56,102445.369,0.4202,0.7413,1.17,165.1925,141.8447,1.451,2.89,1.5108,0.0,,447242.8758,162855.8012,92319.7346,6686280.9932,2434694.2279,,,3.3
600150,中国船舶,船舶,上海,19980520,600150.SH,20210322,15.04,15.17,15.0,15.12,15.07,0.05,0.3318,48618.64,73451.361,0.2985,0.5266,0.8,167.0709,143.4576,1.4675,2.9228,1.528,0.0,,447242.8758,162855.8012,92319.7346,6762312.2821,2462379.7141,,,3.3
600150,中国船舶,船舶,上海,19980520,600150.SH,20210319,15.01,15.28,14.9,15.07,15.07,0.0,0.0,66155.72,99851.264,0.4062,0.7166,1.12,166.5184,142.9832,1.4627,2.9132,1.523,0.0,,447242.8758,162855.8012,92319.7346,6739950.1383,2454236.9241,,,3.3
600150,中国船舶,船舶,上海,19980520,600150.SH,20210318,15.08,15.22,15.04,15.07,15.15,-0.08,-0.5281,53266.91,80517.886,0.3271,0.577,0.88,166.5184,142.9832,1.4627,2.9132,1.523,0.0,,447242.8758,162855.8012,92319.7346,6739950.1383,2454236.9241,,,3.3
600150,中国船舶,船舶,上海,19980520,600150.SH,20210317,15.04,15.43,14.91,15.15,15.03,0.12,0.7984,79807.34,121060.003,0.49,0.8645,1.41,167.4024,143.7422,1.4704,2.9286,1.5311,0.0,,447242.8758,162855.8012,92319.7346,6775729.5684,2467265.3882,,,3.3
600150,中国船舶,船舶,上海,19980520,600150.SH,20210316,15.04,15.07,14.9,15.03,15.0,0.03,0.2,43748.98,65583.147,0.2686,0.4739,0.64,166.0764,142.6037,1.4588,2.9054,1.5189,0.0,,447242.8758,162855.8012,92319.7346,6722060.4233,2447722.692,,,3.3
600150,中国船舶,船舶,上海,19980520,600150.SH,20210315,15.05,15.19,14.86,15.0,15.14,-0.14,-0.9247,60390.47,90847.667,0.3708,0.6541,0.84,165.745,142.319,1.4559,2.8996,1.5159,0.0,,447242.8758,162855.8012,92319.7346,6708643.137,2442837.018,,,3.3
600150,中国船舶,船舶,上海,19980520,600150.SH,20210312,15.1,15.21,14.89,15.14,15.09,0.05,0.3313,58928.4,88675.87,0.3618,0.6383,0.76,167.2919,143.6474,1.4695,2.9267,1.53,0.0,,447242.8758,162855.8012,92319.7346,6771257.1396,2465636.8302,,,3.3
600150,中国船舶,船舶,上海,19980520,600150.SH,20210311,14.98,15.16,14.85,15.09,14.99,0.1,0.6671,59929.22,90178.388,0.368,0.6491,0.72,166.7394,143.173,1.4646,2.917,1.525,0.0,,447242.8758,162855.8012,92319.7346,6748894.9958,2457494.0401,,,3.3
600150,中国船舶,船舶,上海,19980520,600150.SH,20210310,15.11,15.28,14.93,14.99,15.22,-0.23,-1.5112,59702.33,89881.442,0.3666,0.6467,0.7,165.6345,142.2242,1.4549,2.8977,1.5149,0.0,,447242.8758,162855.8012,92319.7346,6704170.7082,2441208.46,,,3.3
600150,中国船舶,船舶,上海,19980520,600150.SH,20210309,15.58,15.61,14.7,15.22,15.56,-0.34,-2.1851,100366.72,152158.718,0.6163,1.0872,1.22,168.1759,144.4064,1.4772,2.9422,1.5381,0.0,,447242.8758,162855.8012,92319.7346,6807036.5697,2478665.2943,,,3.3
600150,中国船舶,船舶,上海,19980520,600150.SH,20210308,15.73,15.88,15.46,15.56,15.71,-0.15,-0.9548,82314.42,129023.262,0.5054,0.8916,1.04,171.9328,147.6323,1.5102,3.0079,1.5725,0.0,,447242.8758,162855.8012,92319.7346,6959099.1474,2534036.2667,,,3.3
600150,中国船舶,船舶,上海,19980520,600150.SH,20210305,15.5,15.92,15.47,15.71,15.63,0.08,0.5118,84674.26,132710.058,0.5199,0.9172,1.05,173.5902,149.0555,1.5248,3.0369,1.5876,0.0,,447242.8758,162855.8012,92319.7346,7026185.5788,2558464.6369,,,3.3
600150,中国船舶,船舶,上海,19980520,600150.SH,20210304,15.48,15.82,15.43,15.63,15.63,0.0,0.0,91941.28,144106.092,0.5646,0.9959,1.16,172.7062,148.2964,1.517,3.0214,1.5796,0.0,,447242.8758,162855.8012,92319.7346,6990406.1488,2545436.1728,,,3.3
600150,中国船舶,船舶,上海,19980520,600150.SH,20210303,15.5,15.65,15.39,15.63,15.55,0.08,0.5145,66185.41,102569.128,0.4064,0.7169,0.75,172.7062,148.2964,1.517,3.0214,1.5796,0.0,,447242.8758,162855.8012,92319.7346,6990406.1488,2545436.1728,,,3.3
600150,中国船舶,船舶,上海,19980520,600150.SH,20210302,15.71,15.82,15.33,15.55,15.67,-0.12,-0.7658,84680.01,131393.807,0.52,0.9172,0.84,171.8223,147.5374,1.5093,3.006,1.5715,0.0,,447242.8758,162855.8012,92319.7346,6954626.7187,2532407.7087,16.5,13.5,3.3
600150,中国船舶,船舶,上海,19980520,600150.SH,20210301,15.58,15.71,15.5,15.67,15.52,0.15,0.9665,69688.17,108868.453,0.4279,0.7549,0.57,173.1482,148.676,1.5209,3.0291,1.5836,0.0,,447242.8758,162855.8012,92319.7346,7008295.8638,2551950.4048,,,3.3
600150,中国船舶,船舶,上海,19980520,600150.SH,20210226,15.7,15.87,15.46,15.52,15.81,-0.29,-1.8343,91796.99,142997.151,0.5637,0.9943,0.67,171.4908,147.2528,1.5064,3.0002,1.5684,0.0,,447242.8758,162855.8012,92319.7346,6941209.4324,2527522.0346,16.6,13.58,3.3
600150,中国船舶,船舶,上海,19980520,600150.SH,20210225,15.98,16.17,15.8,15.81,15.95,-0.14,-0.8777,84711.61,135348.791,0.5202,0.9176,0.54,174.6952,150.0043,1.5345,3.0562,1.5978,0.0,,447242.8758,162855.8012,92319.7346,7070909.8664,2574750.217,,,3.3
600150,中国船舶,船舶,上海,19980520,600150.SH,20210224,15.98,16.32,15.75,15.95,15.94,0.01,0.0627,113191.43,181040.989,0.695,1.2261,0.73,176.2421,151.3326,1.5481,3.0833,1.6119,0.0,,447242.8758,162855.8012,92319.7346,7133523.869,2597550.0291,16.74,13.7,3.3
600150,中国船舶,船舶,上海,19980520,600150.SH,20210223,15.73,16.26,15.53,15.94,15.72,0.22,1.3995,146569.47,234135.252,0.9,1.5876,0.98,176.1316,151.2377,1.5471,3.0813,1.6109,0.0,,447242.8758,162855.8012,92319.7346,7129051.4403,2595921.4711,,,3.3
600150,中国船舶,船舶,上海,19980520,600150.SH,20210222,15.9,16.17,15.59,15.72,15.89,-0.17,-1.0699,177747.64,282795.426,1.0914,1.9253,1.33,173.7007,149.1504,1.5258,3.0388,1.5887,0.0,,447242.8758,162855.8012,92319.7346,7030658.0076,2560093.1949,,,3.3
600150,中国船舶,船舶,上海,19980520,600150.SH,20210219,15.28,15.95,15.13,15.89,15.28,0.61,3.9921,167084.37,261938.911,1.026,1.8098,1.29,175.5792,150.7633,1.5423,3.0717,1.6058,0.0,,447242.8758,162855.8012,92319.7346,7106689.2965,2587778.6811,,,3.3
600150,中国船舶,船舶,上海,19980520,600150.SH,20210218,14.81,15.38,14.75,15.28,14.53,0.75,5.1617,176178.71,267226.9,1.0818,1.9084,1.47,168.8389,144.9757,1.4831,2.9538,1.5442,0.0,,447242.8758,162855.8012,92319.7346,6833871.1422,2488436.6423,,,3.3
600150,中国船舶,船舶,上海,19980520,600150.SH,20210210,14.68,14.76,14.51,14.53,14.7,-0.17,-1.1565,108558.76,158260.419,0.6666,1.1759,0.85,160.5516,137.8597,1.4103,2.8088,1.4684,0.0,,447242.8758,162855.8012,92319.7346,6498438.9854,2366294.7914,,,3.3
600150,中国船舶,船舶,上海,19980520,600150.SH,20210209,14.47,14.85,14.35,14.7,14.47,0.23,1.5895,116039.64,170094.52,0.7125,1.2569,0.95,162.4301,139.4727,1.4268,2.8416,1.4856,0.0,,447242.8758,162855.8012,92319.7346,6574470.2743,2393980.2776,,,3.3
600150,中国船舶,船舶,上海,19980520,600150.SH,20210208,14.89,14.89,14.45,14.47,14.93,-0.46,-3.081,98971.63,144745.742,0.6077,1.0721,0.69,159.8886,137.2904,1.4044,2.7972,1.4623,0.0,,447242.8758,162855.8012,92319.7346,6471604.4128,2356523.4434,,,3.3
600150,中国船舶,船舶,上海,19980520,600150.SH,20210205,14.13,15.18,14.08,14.93,14.1,0.83,5.8865,149030.06,214349.402,0.9151,1.6143,1.08,164.9715,141.6549,1.4491,2.8861,1.5088,0.0,,447242.8758,162855.8012,92319.7346,6677336.1357,2431437.1119,,,3.3
600150,中国船舶,船舶,上海,19980520,600150.SH,20210204,14.29,14.57,13.91,14.1,14.49,-0.39,-2.6915,124917.32,177023.038,0.767,1.3531,0.9,155.8003,133.7799,1.3685,2.7257,1.4249,0.0,,447242.8758,162855.8012,92319.7346,6306124.5488,2296266.7969,,,3.3
600150,中国船舶,船舶,上海,19980520,600150.SH,20210203,15.38,15.38,14.41,14.49,15.24,-0.75,-4.9213,150889.84,223081.503,0.9265,1.6344,1.24,160.1096,137.4802,1.4064,2.801,1.4644,0.0,,447242.8758,162855.8012,92319.7346,6480549.2703,2359780.5594,,,3.3
600150,中国船舶,船舶,上海,19980520,600150.SH,20210202,15.14,15.42,15.05,15.24,15.14,0.1,0.6605,89491.26,136356.493,0.5495,0.9694,0.72,168.3969,144.5962,1.4792,2.946,1.5402,0.0,,447242.8758,162855.8012,92319.7346,6815981.4272,2481922.4103,,,3.3
600150,中国船舶,船舶,上海,19980520,600150.SH,20210201,15.96,15.97,15.12,15.14,15.98,-0.84,-5.2566,199661.73,308341.617,1.226,2.1627,1.8,167.2919,143.6474,1.4695,2.9267,1.53,0.0,,447242.8758,162855.8012,92319.7346,6771257.1396,2465636.8302,,,3.3
600150,中国船舶,船舶,上海,19980520,600150.SH,20210129,16.57,16.67,15.83,15.98,16.51,-0.53,-3.2102,128058.99,206000.873,0.9292,1.9035,1.08,176.5736,151.6172,1.551,3.0891,1.6149,0.0,,447242.8758,137811.7598,67275.6932,7146941.1553,2202231.9216,,,3.3
600150,中国船舶,船舶,上海,19980520,600150.SH,20210128,17.17,17.17,16.44,16.51,17.18,-0.67,-3.8999,129245.57,216707.204,0.9378,1.9211,1.14,182.4299,156.6458,1.6024,3.1915,1.6685,0.0,,447242.8758,137811.7598,67275.6932,7383979.8795,2275272.1543,,,3.3
600150,中国船舶,船舶,上海,19980520,600150.SH,20210127,17.11,17.35,17.08,17.18,17.16,0.02,0.1166,63192.26,108495.356,0.4585,0.9393,0.52,189.8332,163.0028,1.6675,3.321,1.7362,0.0,,447242.8758,137811.7598,67275.6932,7683632.6062,2367606.0334,,,3.3
600150,中国船舶,船舶,上海,19980520,600150.SH,20210126,17.3,17.31,17.03,17.16,17.41,-0.25,-1.436,102380.73,175186.039,0.7429,1.5218,0.83,189.6122,162.813,1.6655,3.3172,1.7342,0.0,,447242.8758,137811.7598,67275.6932,7674687.7487,2364849.7982,,,3.3
600150,中国船舶,船舶,上海,19980520,600150.SH,20210125,17.78,17.95,17.37,17.41,17.79,-0.38,-2.136,132799.49,233829.671,0.9636,1.974,1.01,192.3746,165.185,1.6898,3.3655,1.7595,0.0,,447242.8758,137811.7598,67275.6932,7786498.4677,2399302.7381,,,3.3
600150,中国船舶,船舶,上海,19980520,600150.SH,20210122,18.37,18.38,17.71,17.79,18.4,-0.61,-3.3152,162854.97,291825.528,1.1817,2.4207,1.21,196.5735,168.7904,1.7267,3.439,1.7979,0.0,,447242.8758,137811.7598,67275.6932,7956450.7605,2451671.2068,,,3.3
600150,中国船舶,船舶,上海,19980520,600150.SH,20210121,18.48,18.58,18.23,18.4,18.52,-0.12,-0.6479,105453.69,194102.682,0.7652,1.5675,0.67,203.3138,174.578,1.7859,3.5569,1.8595,0.0,,447242.8758,137811.7598,67275.6932,8229268.9147,2535736.3803,,,3.3
600150,中国船舶,船舶,上海,19980520,600150.SH,20210120,18.32,18.69,18.25,18.52,18.39,0.13,0.7069,102195.65,188404.72,0.7416,1.5191,0.5,204.6398,175.7166,1.7975,3.5801,1.8716,0.0,,447242.8758,137811.7598,67275.6932,8282938.0598,2552273.7915,,,3.3
600150,中国船舶,船舶,上海,19980520,600150.SH,20210119,18.62,18.66,18.32,18.39,18.75,-0.36,-1.92,113330.77,208873.972,0.8224,1.6846,0.48,203.2033,174.4832,1.7849,3.5549,1.8585,0.0,,447242.8758,137811.7598,67275.6932,8224796.486,2534358.2627,,,3.3
600150,中国船舶,船舶,上海,19980520,600150.SH,20210118,18.6,19.13,18.6,18.75,18.37,0.38,2.0686,170962.19,322442.646,1.2405,2.5412,0.71,207.1812,177.8988,1.8199,3.6245,1.8949,0.0,,447242.8758,137811.7598,67275.6932,8385803.9213,2583970.4963,,,3.3
600150,中国船舶,船舶,上海,19980520,600150.SH,20210115,18.6,18.78,18.1,18.37,18.72,-0.35,-1.8697,179209.59,329484.542,1.3004,2.6638,0.75,202.9823,174.2934,1.783,3.5511,1.8565,0.0,,447242.8758,137811.7598,67275.6932,8215851.6284,2531602.0275,,,3.3
600150,中国船舶,船舶,上海,19980520,600150.SH,20210114,19.0,19.54,18.72,18.72,19.19,-0.47,-2.4492,219018.92,416036.282,1.5893,3.2555,0.88,206.8497,177.6142,1.8169,3.6187,1.8918,0.0,,447242.8758,137811.7598,67275.6932,8372386.635,2579836.1435,,,3.3
600150,中国船舶,船舶,上海,19980520,600150.SH,20210113,18.74,19.44,18.61,19.19,18.93,0.26,1.3735,333328.08,636353.885,2.4187,4.9547,1.44,212.043,182.0735,1.8626,3.7096,1.9393,0.0,,447242.8758,137811.7598,67275.6932,8582590.7866,2644607.6706,,,3.3
600150,中国船舶,船舶,上海,19980520,600150.SH,20210112,18.07,18.98,18.0,18.93,18.19,0.74,4.0682,290324.12,543182.648,2.1067,4.3154,1.39,209.1701,179.6066,1.8373,3.6593,1.9131,0.0,,447242.8758,137811.7598,67275.6932,8466307.6389,2608776.613,19.15,15.67,3.3
600150,中国船舶,船舶,上海,19980520,600150.SH,20210111,18.23,18.63,18.01,18.19,18.16,0.03,0.1652,182677.5,334566.387,1.3256,2.7154,0.8,200.9934,172.5856,1.7655,3.5163,1.8383,0.0,,447242.8758,137811.7598,67275.6932,8135347.9108,2506795.9108,,,3.3
600150,中国船舶,船舶,上海,19980520,600150.SH,20210108,18.49,18.66,18.03,18.16,18.66,-0.5,-2.6795,176432.43,321242.526,1.2802,2.6225,0.68,200.6619,172.3009,1.7626,3.5105,1.8352,0.0,,447242.8758,137811.7598,67275.6932,8121930.6245,2502661.558,,,3.3
600150,中国船舶,船舶,上海,19980520,600150.SH,20210107,18.4,18.9,18.1,18.66,18.51,0.15,0.8104,256457.37,473992.238,1.8609,3.812,1.15,206.1867,177.0449,1.8111,3.6071,1.8858,0.0,,447242.8758,137811.7598,67275.6932,8345552.0624,2571567.4379,20.37,16.67,3.3
600150,中国船舶,船舶,上海,19980520,600150.SH,20210106,18.26,18.94,18.08,18.51,18.23,0.28,1.5359,247908.31,459226.298,1.7989,3.685,1.33,204.5293,175.6217,1.7966,3.5781,1.8706,0.0,,447242.8758,137811.7598,67275.6932,8278465.6311,2550895.6739,,,3.3
600150,中国船舶,船舶,上海,19980520,600150.SH,20210105,18.08,18.45,18.03,18.23,18.26,-0.03,-0.1643,184099.61,335320.105,1.3359,2.7365,1.12,201.4354,172.9651,1.7694,3.524,1.8423,0.0,,447242.8758,137811.7598,67275.6932,8153237.6258,2512308.3812,,,3.3
600150,中国船舶,船舶,上海,19980520,600150.SH,20210104,17.7,18.38,17.7,18.26,17.69,0.57,3.2222,272873.29,494765.903,1.98,4.056,2.13,201.7669,173.2497,1.7723,3.5298,1.8454,0.0,,447242.8758,137811.7598,67275.6932,8166654.9121,2516442.7339,,,3.3
600150,中国船舶,船舶,上海,19980520,600150.SH,20201231,17.49,18.2,17.34,17.69,17.39,0.3,1.7251,329983.76,585343.755,2.3945,4.9049,3.33,195.4685,167.8416,1.717,3.4196,1.7877,0.1864,,447242.8758,137811.7598,67275.6932,7911726.4729,2437890.0309,,,3.3
600150,中国船舶,船舶,上海,19980520,600150.SH,20201230,17.6,17.77,17.3,17.39,17.59,-0.2,-1.137,83113.28,145421.016,0.6031,1.2354,0.84,192.1536,164.9952,1.6879,3.3616,1.7574,0.1896,,447242.8758,137811.7598,67275.6932,7777553.6102,2396546.5029,21.11,17.27,3.3
600150,中国船舶,船舶,上海,19980520,600150.SH,20201229,17.58,17.75,17.47,17.59,17.46,0.13,0.7446,58798.36,103590.746,0.4267,0.874,0.54,194.3636,166.8928,1.7073,3.4003,1.7776,0.1874,,447242.8758,137811.7598,67275.6932,7867002.1853,2424108.8549,,,3.3
600150,中国船舶,船舶,上海,19980520,600150.SH,20201228,17.69,17.83,17.38,17.46,17.72,-0.26,-1.4673,76401.35,133938.1,0.5544,1.1356,0.65,192.9271,165.6594,1.6947,3.3752,1.7645,0.1888,,447242.8758,137811.7598,67275.6932,7808860.6115,2406193.3261,,,3.3
600150,中国船舶,船舶,上海,19980520,600150.SH,20201225,17.8,17.82,17.45,17.72,17.95,-0.23,-1.2813,92833.99,163532.195,0.6736,1.3799,0.82,195.8,168.1262,1.7199,3.4254,1.7908,0.1861,,447242.8758,137811.7598,67275.6932,7925143.7592,2442024.3837,,,3.3
600150,中国船舶,船舶,上海,19980520,600150.SH,20201224,17.78,18.44,17.77,17.95,17.82,0.13,0.7295,185001.91,335469.077,1.3424,2.7499,2.08,198.3415,170.3085,1.7422,3.4699,1.814,0.1837,,447242.8758,137811.7598,67275.6932,8028009.6206,2473721.0884,,,3.3
600150,中国船舶,船舶,上海,19980520,600150.SH,20201223,17.61,17.91,17.57,17.82,17.6,0.22,1.25,81389.66,144336.875,0.5906,1.2098,0.97,196.905,169.075,1.7296,3.4448,1.8009,0.185,,447242.8758,137811.7598,67275.6932,7969868.0468,2455805.5596,,,3.3
600150,中国船舶,船舶,上海,19980520,600150.SH,20201222,17.97,18.05,17.59,17.6,18.0,-0.4,-2.2222,109465.87,194339.876,0.7943,1.6271,1.42,194.4741,166.9877,1.7082,3.4022,1.7787,0.1873,,447242.8758,137811.7598,67275.6932,7871474.6141,2425486.9725,,,3.2997
600150,中国船舶,船舶,上海,19980520,600150.SH,20201221,18.02,18.22,17.8,18.0,17.98,0.02,0.1112,123530.57,222881.201,0.8964,1.8362,1.65,198.8939,170.7829,1.7471,3.4796,1.8191,0.1832,,447242.8758,137811.7598,67275.6932,8050371.7644,2480611.6764,,,3.2997
600150,中国船舶,船舶,上海,19980520,600150.SH,20201218,18.0,18.07,17.9,17.98,17.99,-0.01,-0.0556,63695.83,114572.462,0.4622,0.9468,0.65,198.6729,170.5931,1.7451,3.4757,1.8171,0.1834,,447242.8758,137811.7598,67275.6932,8041426.9069,2477855.4412,,,3.2997
600150,中国船舶,船舶,上海,19980520,600150.SH,20201217,17.8,18.0,17.54,17.99,17.82,0.17,0.954,67386.6,119810.972,0.489,1.0016,0.6,198.7834,170.688,1.7461,3.4776,1.8181,0.1833,,447242.8758,137811.7598,67275.6932,8045899.3356,2479233.5588,,,3.2997
600150,中国船舶,船舶,上海,19980520,600150.SH,20201216,17.91,18.1,17.8,17.82,17.92,-0.1,-0.558,56079.96,100528.473,0.4069,0.8336,0.37,196.905,169.075,1.7296,3.4448,1.8009,0.185,,447242.8758,137811.7598,67275.6932,7969868.0468,2455805.5596,,,3.2997
600150,中国船舶,船舶,上海,19980520,600150.SH,20201215,18.19,18.2,17.88,17.92,18.18,-0.26,-1.4301,75802.61,136545.56,0.55,1.1267,0.5,198.01,170.0238,1.7393,3.4641,1.811,0.184,,447242.8758,137811.7598,67275.6932,8014592.3343,2469586.7356,,,3.2997
600150,中国船舶,船舶,上海,19980520,600150.SH,20201214,18.53,18.58,18.08,18.18,18.5,-0.32,-1.7297,112194.63,204688.448,0.8141,1.6677,0.76,200.8829,172.4907,1.7645,3.5144,1.8373,0.1814,,447242.8758,137811.7598,67275.6932,8130875.482,2505417.7932,,,3.2997
600150,中国船舶,船舶,上海,19980520,600150.SH,20201211,18.86,19.06,18.5,18.5,18.76,-0.26,-1.3859,178637.75,334924.612,1.2962,2.6553,1.4,204.4188,175.5268,1.7956,3.5762,1.8696,0.1782,,447242.8758,137811.7598,67275.6932,8273993.2023,2549517.5563,,,3.2997
600150,中国船舶,船舶,上海,19980520,600150.SH,20201210,19.03,19.1,18.7,18.76,19.22,-0.46,-2.3933,140759.21,265337.005,1.0214,2.0923,1.19,207.2917,177.9937,1.8208,3.6265,1.8959,0.1757,,447242.8758,137811.7598,67275.6932,8390276.35,2585348.6138,,,3.2997
600150,中国船舶,船舶,上海,19980520,600150.SH,20201209,18.84,19.85,18.68,19.22,18.79,0.43,2.2885,250616.99,485294.266,1.8185,3.7252,2.73,212.3745,182.3581,1.8655,3.7154,1.9424,0.1715,,447242.8758,137811.7598,67275.6932,8596008.0729,2648742.0234,,,3.2997
600150,中国船舶,船舶,上海,19980520,600150.SH,20201208,18.9,19.18,18.75,18.79,19.03,-0.24,-1.2612,74665.58,141256.43,0.5418,1.1098,0.74,207.6232,178.2783,1.8237,3.6323,1.8989,0.1755,,447242.8758,137811.7598,67275.6932,8403693.6363,2589482.9666,,,3.2997
600150,中国船舶,船舶,上海,19980520,600150.SH,20201207,19.2,19.48,19.02,19.03,19.04,-0.01,-0.0525,89373.33,171780.834,0.6485,1.3285,0.79,210.2751,180.5554,1.847,3.6787,1.9232,0.1733,,447242.8758,137811.7598,67275.6932,8511031.9265,2622557.789,,,3.2997
600150,中国船舶,船舶,上海,19980520,600150.SH,20201204,18.75,19.16,18.75,19.04,18.82,0.22,1.169,83354.19,157797.868,0.6048,1.239,0.63,210.3856,180.6503,1.848,3.6806,1.9242,0.1732,,447242.8758,137811.7598,67275.6932,8515504.3552,2623935.9066,19.79,16.19,3.2997
600150,中国船舶,船舶,上海,19980520,600150.SH,20201203,19.05,19.06,18.73,18.82,19.08,-0.26,-1.3627,94718.45,178347.635,0.6873,1.4079,0.55,207.9547,178.563,1.8267,3.6381,1.9019,0.1752,,447242.8758,137811.7598,67275.6932,8417110.9226,2593617.3194,,,3.2997
600150,中国船舶,船舶,上海,19980520,600150.SH,20201202,19.2,19.38,18.95,19.08,19.3,-0.22,-1.1399,116249.96,222085.97,0.8435,1.728,0.7,210.8276,181.0298,1.8519,3.6883,1.9282,0.1728,,447242.8758,137811.7598,67275.6932,8533394.0703,2629448.377,,,3.2997
600150,中国船舶,船舶,上海,19980520,600150.SH,20201201,19.24,19.47,19.12,19.3,19.24,0.06,0.3119,118853.53,229021.828,0.8624,1.7667,0.74,213.2585,183.1172,1.8732,3.7309,1.9505,0.1708,,447242.8758,137811.7598,67275.6932,8631787.5029,2659766.9641,,,3.2997
600150,中国船舶,船舶,上海,19980520,600150.SH,20201130,19.38,19.75,19.17,19.24,19.36,-0.12,-0.6198,152621.23,295893.434,1.1075,2.2686,1.02,212.5955,182.5479,1.8674,3.7193,1.9444,0.1714,,447242.8758,137811.7598,67275.6932,8604952.9304,2651498.2586,20.35,16.65,3.2997
600150,中国船舶,船舶,上海,19980520,600150.SH,20201127,19.41,19.61,19.01,19.36,19.46,-0.1,-0.5139,176564.41,340990.955,1.2812,2.6245,1.33,213.9215,183.6865,1.8791,3.7425,1.9565,0.1703,,447242.8758,137811.7598,67275.6932,8658622.0755,2668035.6697,,,3.2997
600150,中国船舶,船舶,上海,19980520,600150.SH,20201126,18.23,19.88,18.22,19.46,18.26,1.2,6.5717,295425.6,566941.875,2.1437,4.3913,2.97,215.0265,184.6352,1.8888,3.7618,1.9666,0.1694,,447242.8758,137811.7598,67275.6932,8703346.3631,2681816.8457,,,3.2997
600150,中国船舶,船舶,上海,19980520,600150.SH,20201125,18.76,18.86,18.25,18.26,18.77,-0.51,-2.7171,89605.84,166289.549,0.6502,1.3319,0.86,201.7669,173.2497,1.7723,3.5298,1.8454,0.1806,,447242.8758,137811.7598,67275.6932,8166654.9121,2516442.7339,20.67,16.91,3.2997
600150,中国船舶,船舶,上海,19980520,600150.SH,20201124,18.76,18.94,18.64,18.77,18.73,0.04,0.2136,87965.23,165239.353,0.6383,1.3075,0.91,207.4022,178.0886,1.8218,3.6284,1.8969,0.1757,,447242.8758,137811.7598,67275.6932,8394748.7788,2586726.7314,,,3.2997
600150,中国船舶,船舶,上海,19980520,600150.SH,20201123,18.6,18.88,18.46,18.73,18.63,0.1,0.5368,96184.81,180183.557,0.6979,1.4297,1.07,206.9602,177.7091,1.8179,3.6207,1.8928,0.176,,447242.8758,137811.7598,67275.6932,8376859.0637,2581214.2611,,,3.2997
600150,中国船舶,船舶,上海,19980520,600150.SH,20201120,18.72,18.95,18.5,18.63,18.82,-0.19,-1.0096,93227.66,173942.734,0.6765,1.3858,1.13,205.8552,176.7603,1.8082,3.6013,1.8827,0.177,,447242.8758,137811.7598,67275.6932,8332134.7762,2567433.0851,20.7,16.94,3.2997
600150,中国船舶,船舶,上海,19980520,600150.SH,20201119,18.47,18.88,18.32,18.82,18.49,0.33,1.7847,130218.08,243658.498,0.9449,1.9356,1.95,207.9547,178.563,1.8267,3.6381,1.9019,0.1752,,447242.8758,137811.7598,67275.6932,8417110.9226,2593617.3194,,,3.2997
600150,中国船舶,船舶,上海,19980520,600150.SH,20201118,18.05,18.5,18.01,18.49,18.07,0.42,2.3243,114186.35,209977.462,0.8286,1.6973,2.07,204.3083,175.4319,1.7946,3.5743,1.8686,0.1783,,447242.8758,137811.7598,67275.6932,8269520.7735,2548139.4387,,,3.2997
600150,中国船舶,船舶,上海,19980520,600150.SH,20201117,18.18,18.23,17.94,18.07,18.24,-0.17,-0.932,48917.27,88190.383,0.355,0.7271,0.8,199.6674,171.447,1.7539,3.4931,1.8262,0.1825,,447242.8758,137811.7598,67275.6932,8081678.7657,2490258.4996,,,3.2997
600150,中国船舶,船舶,上海,19980520,600150.SH,20201116,17.94,18.35,17.94,18.24,17.92,0.32,1.7857,63123.0,114979.499,0.458,0.9383,0.96,201.5459,173.06,1.7704,3.526,1.8433,0.1808,,447242.8758,137811.7598,67275.6932,8157710.0546,2513686.4988,,,3.2997
600150,中国船舶,船舶,上海,19980520,600150.SH,20201113,17.8,18.03,17.53,17.92,17.8,0.12,0.6742,57475.41,102262.257,0.4171,0.8543,0.79,198.01,170.0238,1.7393,3.4641,1.811,0.184,,447242.8758,137811.7598,67275.6932,8014592.3343,2469586.7356,,,3.2997
600150,中国船舶,船舶,上海,19980520,600150.SH,20201112,18.04,18.11,17.8,17.8,18.05,-0.25,-1.385,49946.8,89345.793,0.3624,0.7424,0.67,196.684,168.8853,1.7277,3.4409,1.7989,0.1852,,447242.8758,137811.7598,67275.6932,7960923.1892,2453049.3244,,,3.2997
600150,中国船舶,船舶,上海,19980520,600150.SH,20201111,18.14,18.26,17.92,18.05,18.14,-0.09,-0.4961,56056.79,101288.3,0.4068,0.8332,0.72,199.4464,171.2573,1.7519,3.4892,1.8241,0.1827,,447242.8758,137811.7598,67275.6932,8072733.9082,2487502.2644,,,3.2997
600150,中国船舶,船舶,上海,19980520,600150.SH,20201110,18.4,18.58,18.06,18.14,18.28,-0.14,-0.7659,80664.96,147609.662,0.5853,1.199,1.06,200.4409,172.1112,1.7607,3.5066,1.8332,0.1818,,447242.8758,137811.7598,67275.6932,8112985.767,2499905.3228,,,3.2997
600150,中国船舶,船舶,上海,19980520,600150.SH,20201109,18.1,18.31,17.92,18.28,18.07,0.21,1.1621,83761.12,152506.04,0.6078,1.245,1.02,201.9878,173.4395,1.7742,3.5337,1.8474,0.1804,,447242.8758,137811.7598,67275.6932,8175599.7696,2519198.9691,,,3.2997
600150,中国船舶,船舶,上海,19980520,600150.SH,20201106,17.8,18.32,17.71,18.07,17.81,0.26,1.4599,93985.79,169401.247,0.682,1.397,1.23,199.6674,171.447,1.7539,3.4931,1.8262,0.1825,,447242.8758,137811.7598,67275.6932,8081678.7657,2490258.4996,,,3.2997
600150,中国船舶,船舶,上海,19980520,600150.SH,20201105,17.8,17.96,17.65,17.81,17.79,0.02,0.1124,60749.8,108146.373,0.4408,0.903,0.82,196.7945,168.9802,1.7286,3.4428,1.7999,0.1851,,447242.8758,137811.7598,67275.6932,7965395.618,2454427.442,,,3.2997
600150,中国船舶,船舶,上海,19980520,600150.SH,20201104,17.69,17.9,17.16,17.79,17.65,0.14,0.7932,72732.49,128407.191,0.5278,1.0811,1.07,196.5735,168.7904,1.7267,3.439,1.7979,0.1853,,447242.8758,137811.7598,67275.6932,7956450.7605,2451671.2068,,,3.2997
600150,中国船舶,船舶,上海,19980520,600150.SH,20201103,17.25,17.68,17.12,17.65,17.15,0.5,2.9155,68855.18,120310.797,0.4996,1.0235,1.08,195.0266,167.4621,1.7131,3.4119,1.7837,0.1868,,447242.8758,137811.7598,67275.6932,7893836.7579,2432377.5605,,,3.2997
600150,中国船舶,船舶,上海,19980520,600150.SH,20201102,17.68,17.79,17.0,17.15,17.82,-0.67,-3.7598,112878.67,194728.518,0.8191,1.6779,2.22,189.5017,162.7181,1.6646,3.3152,1.7332,0.1922,,447242.8758,137811.7598,67275.6932,7670215.32,2363471.6806,,,3.2997
600150,中国船舶,船舶,上海,19980520,600150.SH,20201030,18.08,18.34,17.8,17.82,18.06,-0.24,-1.3289,66270.61,119861.203,0.4809,0.9851,1.35,196.905,161.5014,1.7253,3.4448,2.1788,0.185,,447242.8758,137811.7598,67275.6932,7969868.0468,2455805.5596,,,3.2997
600150,中国船舶,船舶,上海,19980520,600150.SH,20201029,18.1,18.19,18.0,18.06,18.23,-0.17,-0.9325,50955.92,92091.567,0.3698,0.7574,1.07,199.5569,163.6765,1.7486,3.4912,2.2081,0.1826,,447242.8758,137811.7598,67275.6932,8077206.3369,2488880.382,,,3.2997
600150,中国船舶,船舶,上海,19980520,600150.SH,20201028,18.26,18.32,18.11,18.23,18.38,-0.15,-0.8161,42290.56,77005.048,0.3069,0.6286,0.85,201.4354,165.2172,1.765,3.524,2.2289,0.1809,,447242.8758,137811.7598,67275.6932,8153237.6258,2512308.3812,,,3.2997
600150,中国船舶,船舶,上海,19980520,600150.SH,20201027,18.07,18.45,18.07,18.38,18.16,0.22,1.2115,47472.7,86988.151,0.3445,0.7056,0.97,203.0928,166.5766,1.7796,3.553,2.2472,0.1794,,447242.8758,137811.7598,67275.6932,8220324.0572,2532980.1451,,,3.2997
600150,中国船舶,船舶,上海,19980520,600150.SH,20201026,18.34,18.34,18.08,18.16,18.3,-0.14,-0.765,46891.59,85200.965,0.3403,0.697,0.96,200.6619,164.5828,1.7583,3.5105,2.2203,0.1816,,447242.8758,137811.7598,67275.6932,8121930.6245,2502661.558,,,3.2997
600150,中国船舶,船舶,上海,19980520,600150.SH,20201023,18.29,18.6,18.25,18.3,18.29,0.01,0.0547,57528.35,105908.409,0.4174,0.8551,1.24,202.2088,165.8516,1.7718,3.5376,2.2375,0.1802,,447242.8758,137811.7598,67275.6932,8184544.6271,2521955.2043,,,3.2997
600150,中国船舶,船舶,上海,19980520,600150.SH,20201022,18.24,18.4,18.09,18.29,18.32,-0.03,-0.1638,42991.26,78431.933,0.312,0.639,0.87,202.0983,165.7609,1.7708,3.5356,2.2362,0.1803,,447242.8758,137811.7598,67275.6932,8180072.1984,2520577.0867,,,3.2997
600150,中国船舶,船舶,上海,19980520,600150.SH,20201021,18.7,18.71,18.28,18.32,18.7,-0.38,-2.0321,53454.47,98478.027,0.3879,0.7946,0.99,202.4298,166.0328,1.7738,3.5414,2.2399,0.18,,447242.8758,137811.7598,67275.6932,8193489.4847,2524711.4395,,,3.2997
600150,中国船舶,船舶,上海,19980520,600150.SH,20201020,18.6,18.76,18.4,18.7,18.65,0.05,0.2681,44977.77,83306.638,0.3264,0.6686,0.77,206.6287,169.4767,1.8105,3.6149,2.2864,0.1763,,447242.8758,137811.7598,67275.6932,8363441.7775,2577079.9083,,,3.2997
600150,中国船舶,船舶,上海,19980520,600150.SH,20201019,18.81,18.95,18.63,18.65,18.77,-0.12,-0.6393,46238.31,86967.502,0.3355,0.6873,0.66,206.0762,169.0236,1.8057,3.6052,2.2803,0.1768,,447242.8758,137811.7598,67275.6932,8341079.6337,2570189.3203,,,3.2997
600150,中国船舶,船舶,上海,19980520,600150.SH,20201016,18.88,19.03,18.67,18.77,18.79,-0.02,-0.1064,44568.93,83788.096,0.3234,0.6625,0.6,207.4022,170.1112,1.8173,3.6284,2.2949,0.1757,,447242.8758,137811.7598,67275.6932,8394748.7788,2586726.7314,,,3.2997
600150,中国船舶,船舶,上海,19980520,600150.SH,20201015,19.0,19.08,18.77,18.79,19.06,-0.27,-1.4166,57070.92,107771.476,0.4141,0.8483,0.77,207.6232,170.2924,1.8193,3.6323,2.2974,0.1755,,447242.8758,137811.7598,67275.6932,8403693.6363,2589482.9666,20.05,16.41,3.2997
600150,中国船舶,船舶,上海,19980520,600150.SH,20201014,19.31,19.56,19.01,19.06,19.27,-0.21,-1.0898,77838.38,149790.006,0.5648,1.157,1.06,210.6066,172.7394,1.8454,3.6845,2.3304,0.173,,447242.8758,137811.7598,67275.6932,8524449.2127,2626692.1418,20.22,16.54,3.2997
600150,中国船舶,船舶,上海,19980520,600150.SH,20201013,19.24,19.35,19.1,19.27,19.26,0.01,0.0519,66693.4,128098.26,0.4839,0.9913,0.95,212.927,174.6426,1.8657,3.7251,2.3561,0.1711,,447242.8758,137811.7598,67275.6932,8618370.2167,2655632.6113,,,3.2997
600150,中国船舶,船舶,上海,19980520,600150.SH,20201012,18.83,19.39,18.79,19.26,18.83,0.43,2.2836,103327.07,197813.29,0.7498,1.5359,1.64,212.8165,174.552,1.8648,3.7231,2.3548,0.1712,,447242.8758,137811.7598,67275.6932,8613897.7879,2654254.4937,,,3.2997
600150,中国船舶,船舶,上海,19980520,600150.SH,20201009,18.59,18.86,18.59,18.83,18.46,0.37,2.0043,67604.05,126884.241,0.4906,1.0049,0.96,208.0652,170.6549,1.8231,3.64,2.3023,0.1751,,447242.8758,137811.7598,67275.6932,8421583.3513,2594995.437,,,3.2997
600150,中国船舶,船舶,上海,19980520,600150.SH,20200930,18.46,18.65,18.28,18.46,18.45,0.01,0.0542,56057.55,103470.938,0.4068,0.8333,0.78,203.9768,167.3016,1.7873,3.5685,2.257,0.1786,,447242.8758,137811.7598,67275.6932,8256103.4873,2544005.0859,,,3.2997
600150,中国船舶,船舶,上海,19980520,600150.SH,20200929,18.16,18.6,18.16,18.45,18.12,0.33,1.8212,71814.56,132580.707,0.5211,1.0675,0.97,203.8663,167.211,1.7863,3.5665,2.2558,0.1787,,447242.8758,137811.7598,67275.6932,8251631.0585,2542626.9683,,,3.2997
600150,中国船舶,船舶,上海,19980520,600150.SH,20200928,18.4,18.45,18.09,18.12,18.39,-0.27,-1.4682,51801.69,94285.324,0.3759,0.77,0.55,200.2199,164.2203,1.7544,3.5028,2.2155,0.182,,447242.8758,137811.7598,67275.6932,8104040.9095,2497149.0876,,,3.2997
600150,中国船舶,船舶,上海,19980520,600150.SH,20200925,18.37,18.65,18.28,18.39,18.33,0.06,0.3273,68573.16,126403.893,0.4976,1.0193,0.68,203.2033,166.6672,1.7805,3.5549,2.2485,0.1793,,447242.8758,137811.7598,67275.6932,8224796.486,2534358.2627,,,3.2997
600150,中国船舶,船舶,上海,19980520,600150.SH,20200924,18.86,18.86,18.31,18.33,18.96,-0.63,-3.3228,103824.0,191991.017,0.7534,1.5433,1.06,202.5403,166.1235,1.7747,3.5434,2.2411,0.1799,,447242.8758,137811.7598,67275.6932,8197961.9134,2526089.5571,,,3.2997
600150,中国船舶,船舶,上海,19980520,600150.SH,20200923,19.02,19.17,18.88,18.96,19.02,-0.06,-0.3155,63427.8,120643.86,0.4602,0.9428,0.63,209.5016,171.8331,1.8357,3.6651,2.3182,0.1739,,447242.8758,137811.7598,67275.6932,8479724.9252,2612910.9658,20.97,17.15,3.2997
600150,中国船舶,船舶,上海,19980520,600150.SH,20200922,19.2,19.28,18.9,19.02,19.41,-0.39,-2.0093,82872.13,158088.229,0.6013,1.2318,0.85,210.1646,172.3769,1.8415,3.6767,2.3255,0.1733,,447242.8758,137811.7598,67275.6932,8506559.4977,2621179.6714,,,3.2997
600150,中国船舶,船舶,上海,19980520,600150.SH,20200921,19.17,19.75,19.16,19.41,19.09,0.32,1.6763,152901.72,297811.842,1.1095,2.2728,1.9,214.474,175.9114,1.8793,3.7521,2.3732,0.1699,,447242.8758,137811.7598,67275.6932,8680984.2193,2674926.2577,,,3.2997
600150,中国船舶,船舶,上海,19980520,600150.SH,20200918,18.74,19.1,18.7,19.09,18.8,0.29,1.5426,103350.89,196195.019,0.7499,1.5362,1.37,210.9381,173.0113,1.8483,3.6903,2.3341,0.1727,,447242.8758,137811.7598,67275.6932,8537866.499,2630826.4946,20.71,16.95,3.2997
600150,中国船舶,船舶,上海,19980520,600150.SH,20200917,18.92,18.94,18.5,18.8,18.91,-0.11,-0.5817,88448.26,165107.787,0.6418,1.3147,1.06,207.7337,170.383,1.8202,3.6342,2.2986,0.1754,,447242.8758,137811.7598,67275.6932,8408166.065,2590861.0842,,,3.2997
600150,中国船舶,船舶,上海,19980520,600150.SH,20200916,19.2,19.21,18.86,18.91,19.26,-0.35,-1.8172,78028.42,147946.87,0.5662,1.1598,0.69,208.9491,171.38,1.8309,3.6555,2.312,0.1744,,447242.8758,137811.7598,67275.6932,8457362.7814,2606020.3778,,,3.2997
600150,中国船舶,船舶,上海,19980520,600150.SH,20200915,19.13,19.37,19.07,19.26,19.11,0.15,0.7849,62368.62,119863.381,0.4526,0.9271,0.52,212.8165,174.552,1.8648,3.7231,2.3548,0.1712,,447242.8758,137811.7598,67275.6932,8613897.7879,2654254.4937,,,3.2997
600150,中国船舶,船舶,上海,19980520,600150.SH,20200914,19.19,19.35,19.03,19.11,19.17,-0.06,-0.313,70641.07,135417.62,0.5126,1.05,0.55,211.1591,173.1926,1.8502,3.6941,2.3365,0.1725,,447242.8758,137811.7598,67275.6932,8546811.3565,2633582.7298,,,3.2997
600150,中国船舶,船舶,上海,19980520,600150.SH,20200911,19.13,19.35,19.01,19.17,19.35,-0.18,-0.9302,77678.12,148904.745,0.5637,1.1546,0.58,211.822,173.7363,1.8561,3.7057,2.3438,0.172,,447242.8758,137811.7598,67275.6932,8573645.9291,2641851.4354,,,3.2997
600150,中国船舶,船舶,上海,19980520,600150.SH,20200910,20.12,20.18,19.26,19.35,20.1,-0.75,-3.7313,127413.25,250518.296,0.9245,1.8939,0.93,213.811,175.3677,1.8735,3.7405,2.3658,0.1704,,447242.8758,137811.7598,67275.6932,8654149.6467,2666657.5521,,,3.2997
600150,中国船舶,船舶,上海,19980520,600150.SH,20200909,19.62,20.3,19.54,20.1,19.85,0.25,1.2594,225613.54,450700.976,1.6371,3.3536,1.8,222.0982,182.1648,1.9461,3.8855,2.4575,0.164,,447242.8758,137811.7598,67275.6932,8989581.8036,2770016.372,,,3.2997
600150,中国船舶,船舶,上海,19980520,600150.SH,20200908,19.8,19.97,19.48,19.85,19.67,0.18,0.9151,99407.95,196256.19,0.7213,1.4776,0.73,219.3358,179.8991,1.9219,3.8372,2.427,0.1661,,447242.8758,137811.7598,67275.6932,8877771.0846,2735563.432,,,3.2997
600150,中国船舶,船舶,上海,19980520,600150.SH,20200907,20.2,20.37,19.65,19.67,20.3,-0.63,-3.1034,117232.49,234040.84,0.8507,1.7426,0.83,217.3469,178.2678,1.9045,3.8024,2.405,0.1676,,447242.8758,137811.7598,67275.6932,8797267.367,2710757.3153,,,3.2997
600150,中国船舶,船舶,上海,19980520,600150.SH,20200904,20.0,20.33,19.74,20.3,20.2,0.1,0.495,100965.39,202295.068,0.7326,1.5008,0.67,224.3082,183.9774,1.9655,3.9242,2.482,0.1624,,447242.8758,137811.7598,67275.6932,9079030.3787,2797578.7239,,,3.2997
600150,中国船舶,船舶,上海,19980520,600150.SH,20200903,20.6,20.66,20.01,20.2,20.57,-0.37,-1.7987,144112.64,292190.273,1.0457,2.1421,0.99,223.2032,183.0711,1.9558,3.9048,2.4698,0.1632,,447242.8758,137811.7598,67275.6932,9034306.0912,2783797.548,,,3.2997
600150,中国船舶,船舶,上海,19980520,600150.SH,20200902,20.98,20.98,20.47,20.57,21.05,-0.48,-2.2803,163342.42,336506.578,1.1853,2.428,1.13,227.2916,186.4244,1.9916,3.9764,2.515,0.1603,,447242.8758,137811.7598,67275.6932,9199785.9552,2834787.8991,,,3.2997
600150,中国船舶,船舶,上海,19980520,600150.SH,20200901,21.05,21.35,20.9,21.05,20.89,0.16,0.7659,157195.63,332318.788,1.1407,2.3366,1.03,232.5954,190.7746,2.0381,4.0692,2.5737,0.1566,,447242.8758,137811.7598,67275.6932,9414462.5356,2900937.5438,,,3.2997
600150,中国船舶,船舶,上海,19980520,600150.SH,20200831,21.1,21.3,20.83,20.89,21.11,-0.22,-1.0422,140813.75,296140.653,1.0218,2.0931,0.96,230.8275,189.3246,2.0314,4.0382,2.5541,0.1578,,447242.8758,137811.7598,67275.6932,9342903.6755,2878887.6622,,,3.2997
600150,中国船舶,船舶,上海,19980520,600150.SH,20200828,20.77,21.39,20.7,21.11,20.77,0.34,1.637,153649.82,324039.388,1.1149,2.2839,1.07,233.2584,234.1012,2.0528,4.0807,3.2853,0.1562,,447242.8758,137811.7598,67275.6932,9441297.1081,2909206.2494,,,3.2997
600150,中国船舶,船舶,上海,19980520,600150.SH,20200827,20.7,20.9,20.42,20.77,20.72,0.05,0.2413,111898.75,231411.795,0.812,1.6633,0.7,229.5015,230.3307,2.0197,4.015,3.2324,0.1587,,447242.8758,137811.7598,67275.6932,9289234.5304,2862350.251,,,3.2997
600150,中国船舶,船舶,上海,19980520,600150.SH,20200826,21.04,21.42,20.54,20.72,21.09,-0.37,-1.7544,159884.69,334642.029,1.1602,2.3766,0.88,228.949,229.7762,2.0148,4.0054,3.2246,0.1591,,447242.8758,137811.7598,67275.6932,9266872.3866,2855459.6631,,,3.2997
600150,中国船舶,船舶,上海,19980520,600150.SH,20200825,22.01,22.18,21.0,21.09,21.91,-0.82,-3.7426,196288.88,420906.818,1.4243,2.9177,1.04,233.0374,233.8794,2.0508,4.0769,3.2822,0.1563,,447242.8758,137811.7598,67275.6932,9432352.2506,2906450.0142,,,3.2997
600150,中国船舶,船舶,上海,19980520,600150.SH,20200824,21.96,22.16,21.5,21.91,21.87,0.04,0.1829,110380.86,240581.933,0.801,1.6407,0.47,242.0981,242.9728,2.1306,4.2354,3.4098,0.1505,,447242.8758,137811.7598,67275.6932,9799091.4088,3019455.6572,,,3.2997
600150,中国船舶,船舶,上海,19980520,600150.SH,20200821,22.13,22.43,21.71,21.87,22.09,-0.22,-0.9959,140563.39,309857.362,1.02,2.0894,0.51,241.6561,242.5292,2.1267,4.2277,3.4036,0.1508,,447242.8758,137811.7598,67275.6932,9781201.6937,3013943.1868,,,3.2997
600150,中国船舶,船舶,上海,19980520,600150.SH,20200820,22.45,22.72,21.93,22.09,22.8,-0.71,-3.114,191638.01,426742.965,1.3906,2.8485,0.67,244.0871,244.969,2.1481,4.2702,3.4378,0.1493,,447242.8758,137811.7598,67275.6932,9879595.1264,3044261.774,,,3.2997
600150,中国船舶,船舶,上海,19980520,600150.SH,20200819,22.96,23.61,22.55,22.8,23.12,-0.32,-1.3841,269276.75,620549.723,1.9539,4.0026,0.82,251.9323,252.8426,2.2171,4.4074,3.5483,0.1446,,447242.8758,137811.7598,67275.6932,10197137.5682,3142108.1234,,,3.2997
600150,中国船舶,船舶,上海,19980520,600150.SH,20200818,23.5,23.57,22.94,23.12,23.49,-0.37,-1.5751,236064.19,546414.047,1.7129,3.5089,0.54,255.4682,256.3912,2.2482,4.4693,3.5981,0.1426,,447242.8758,137811.7598,67275.6932,10340255.2885,3186207.8866,,,3.2997
600150,中国船舶,船舶,上海,19980520,600150.SH,20200817,23.05,23.8,22.7,23.49,23.19,0.3,1.2937,332044.95,772821.405,2.4094,4.9356,0.74,259.5566,260.4944,2.2842,4.5408,3.6557,0.1404,,447242.8758,137811.7598,67275.6932,10505735.1525,3237198.2377,,,3.2997
600150,中国船舶,船舶,上海,19980520,600150.SH,20200814,22.28,23.46,22.21,23.19,22.39,0.8,3.573,354613.47,815144.256,2.5732,5.271,0.74,256.2417,257.1675,2.255,4.4828,3.609,0.1422,,447242.8758,137811.7598,67275.6932,10371562.2898,3195854.7098,,,3.2997
600150,中国船舶,船舶,上海,19980520,600150.SH,20200813,22.18,22.87,22.1,22.39,22.35,0.04,0.179,241398.1,542386.354,1.7517,3.5882,0.48,247.402,248.2958,2.1772,4.3282,3.4845,0.1473,,447242.8758,137811.7598,67275.6932,10013767.9892,3085605.3019,,,3.2997
600150,中国船舶,船舶,上海,19980520,600150.SH,20200812,22.94,23.24,21.8,22.35,23.59,-1.24,-5.2565,474216.67,1068338.619,3.441,7.0489,1.05,246.96,247.8522,2.1733,4.3205,3.4783,0.1475,,447242.8758,137811.7598,67275.6932,9995878.2741,3080092.8315,,,3.2997
600150,中国船舶,船舶,上海,19980520,600150.SH,20200811,21.91,24.38,21.7,23.59,22.16,1.43,6.4531,772721.59,1818689.023,5.6071,11.4859,2.22,260.6616,261.6033,2.2939,4.5602,3.6713,0.1398,,447242.8758,137811.7598,67275.6932,10550459.4401,3250979.4137,,,3.2997
600150,中国船舶,船舶,上海,19980520,600150.SH,20200810,22.2,23.45,22.05,22.16,22.35,-0.19,-0.8501,398459.37,904453.75,2.8913,5.9228,1.19,244.8605,245.7452,2.1549,4.2837,3.4487,0.1488,,447242.8758,137811.7598,67275.6932,9910902.1277,3053908.5972,,,3.2997
600150,中国船舶,船舶,上海,19980520,600150.SH,20200807,21.6,23.6,21.2,22.35,21.8,0.55,2.5229,516508.94,1161041.207,3.7479,7.6775,1.83,246.96,247.8522,2.1733,4.3205,3.4783,0.1475,,447242.8758,137811.7598,67275.6932,9995878.2741,3080092.8315,,,3.2997
600150,中国船舶,船舶,上海,19980520,600150.SH,20200806,21.25,22.15,21.16,21.8,21.22,0.58,2.7333,371321.98,805370.485,2.6944,5.5194,1.43,240.8827,241.753,2.1199,4.2141,3.3927,0.1512,,447242.8758,137811.7598,67275.6932,9749894.6924,3004296.3636,,,3.2997
600150,中国船舶,船舶,上海,19980520,600150.SH,20200805,20.89,21.55,20.72,21.22,21.11,0.11,0.5211,201327.31,428214.246,1.4609,2.9926,0.77,234.4739,235.321,2.0635,4.102,3.3024,0.1554,,447242.8758,137811.7598,67275.6932,9490493.8245,2924365.543,,,3.2997
600150,中国船舶,船舶,上海,19980520,600150.SH,20200804,21.67,21.71,20.9,21.11,21.66,-0.55,-2.5392,255424.43,539273.769,1.8534,3.7967,0.98,233.2584,234.1012,2.0528,4.0807,3.2853,0.1562,,447242.8758,137811.7598,67275.6932,9441297.1081,2909206.2494,,,3.2997
600150,中国船舶,船舶,上海,19980520,600150.SH,20200803,20.8,21.86,20.8,21.66,20.71,0.95,4.5872,333572.02,717278.429,2.4205,4.9583,1.23,239.3357,240.2004,2.1062,4.1871,3.3709,0.1522,,447242.8758,137811.7598,67275.6932,9687280.6898,2985002.7173,,,3.2997
600150,中国船舶,船舶,上海,19980520,600150.SH,20200731,20.75,20.98,20.38,20.71,21.08,-0.37,-1.7552,247859.63,511572.875,1.7985,3.6842,0.67,216.0244,216.8049,2.0737,3.7792,3.0426,0.1686,,422198.8344,137811.7598,67275.6932,8743737.8604,2854081.5455,,,3.2997
600150,中国船舶,船舶,上海,19980520,600150.SH,20200730,21.28,22.05,20.96,21.08,21.28,-0.2,-0.9398,256465.95,550549.116,1.861,3.8122,0.6,219.8838,220.6783,2.1107,3.8468,3.0969,0.1657,,422198.8344,137811.7598,67275.6932,8899951.4292,2905071.8966,,,3.2997
600150,中国船舶,船舶,上海,19980520,600150.SH,20200729,21.0,21.41,20.75,21.28,21.27,0.01,0.047,209296.97,441402.553,1.5187,3.111,0.49,221.97,222.772,2.1308,3.8833,3.1263,0.1641,,422198.8344,137811.7598,67275.6932,8984391.196,2932634.2485,,,3.2997
600150,中国船舶,船舶,上海,19980520,600150.SH,20200728,20.59,21.6,20.58,21.27,21.13,0.14,0.6626,251783.73,530986.353,1.827,3.7426,0.6,221.8657,222.6673,2.1298,3.8814,3.1249,0.1642,,422198.8344,137811.7598,67275.6932,8980169.2077,2931256.1309,,,3.2997
600150,中国船舶,船舶,上海,19980520,600150.SH,20200727,21.63,21.82,20.5,21.13,22.28,-1.15,-5.1616,390174.61,820829.595,2.8312,5.7996,0.96,220.4054,221.2017,2.1158,3.8559,3.1043,0.1653,,422198.8344,137811.7598,67275.6932,8921061.3709,2911962.4846,,,3.2997
600150,中国船舶,船舶,上海,19980520,600150.SH,20200724,21.75,23.66,21.6,22.28,21.72,0.56,2.5783,751279.29,1684063.236,5.4515,11.1672,2.53,232.4009,233.2406,2.2309,4.0657,3.2732,0.1568,,422198.8344,137811.7598,67275.6932,9406590.0304,3070446.0083,,,3.2997
600150,中国船舶,船舶,上海,19980520,600150.SH,20200723,20.91,22.16,20.9,21.72,20.81,0.91,4.3729,544036.42,1183094.377,3.9477,8.0867,2.3,226.5596,227.3782,2.1748,3.9636,3.191,0.1608,,422198.8344,137811.7598,67275.6932,9170158.6832,2993271.4229,,,3.2997
600150,中国船舶,船舶,上海,19980520,600150.SH,20200722,20.57,21.31,20.4,20.81,20.72,0.09,0.4344,207680.41,433728.595,1.507,3.087,0.82,217.0675,217.8517,2.0837,3.7975,3.0573,0.1678,,422198.8344,137811.7598,67275.6932,8785957.7439,2867862.7214,,,3.2997
600150,中国船舶,船舶,上海,19980520,600150.SH,20200721,21.45,21.52,20.5,20.72,21.4,-0.68,-3.1776,220747.19,458146.348,1.6018,3.2812,0.76,216.1287,216.9096,2.0747,3.7811,3.044,0.1686,,422198.8344,137811.7598,67275.6932,8747959.8488,2855459.6631,,,3.2997
600150,中国船舶,船舶,上海,19980520,600150.SH,20200720,20.17,21.55,20.17,21.4,19.95,1.45,7.2682,318531.11,667773.981,2.3113,4.7347,1.09,223.2217,224.0282,2.1428,3.9052,3.1439,0.1632,,422198.8344,137811.7598,67275.6932,9035055.0562,2949171.6597,,,3.2997
600150,中国船舶,船舶,上海,19980520,600150.SH,20200717,19.45,20.28,19.4,19.95,19.58,0.37,1.8897,194178.04,385836.139,1.409,2.8863,0.56,208.0969,208.8487,1.9976,3.6406,2.9309,0.1751,,422198.8344,137811.7598,67275.6932,8422866.7463,2749344.608,,,3.2997
600150,中国船舶,船舶,上海,19980520,600150.SH,20200716,20.58,20.99,19.26,19.58,20.58,-1.0,-4.8591,244089.38,495456.026,1.7712,3.6282,0.58,204.2374,204.9753,1.9606,3.573,2.8766,0.1784,,422198.8344,137811.7598,67275.6932,8266653.1776,2698354.2569,,,3.2997
600150,中国船舶,船舶,上海,19980520,600150.SH,20200715,21.37,21.75,20.38,20.58,21.59,-1.01,-4.6781,281312.41,588764.103,2.0413,4.1815,0.58,214.6684,215.444,2.0607,3.7555,3.0235,0.1697,,422198.8344,137811.7598,67275.6932,8688852.012,2836166.0167,,,3.2997
600150,中国船舶,船舶,上海,19980520,600150.SH,20200714,21.22,22.49,20.9,21.59,21.19,0.4,1.8877,411692.61,899401.686,2.9874,6.1195,0.9,225.2036,226.0172,2.1618,3.9398,3.1719,0.1618,,422198.8344,137811.7598,67275.6932,9115272.8347,2975355.8941,,,3.2997
600150,中国船舶,船舶,上海,19980520,600150.SH,20200713,20.58,21.49,20.22,21.19,20.6,0.59,2.8641,324033.1,679538.956,2.3513,4.8165,0.74,221.0312,221.8298,2.1218,3.8668,3.1131,0.1648,,422198.8344,137811.7598,67275.6932,8946393.3009,2920231.1902,,,3.2997
600150,中国船舶,船舶,上海,19980520,600150.SH,20200710,21.57,21.58,20.59,20.6,21.98,-1.38,-6.2784,460830.28,969531.724,3.3439,6.8499,1.23,214.877,215.6533,2.0627,3.7592,3.0264,0.1695,,422198.8344,137811.7598,67275.6932,8697295.9886,2838922.2519,,,3.2997
600150,中国船舶,船舶,上海,19980520,600150.SH,20200709,21.41,22.47,21.15,21.98,20.71,1.27,6.1323,634160.56,1384298.05,4.6016,9.4263,2.36,229.2716,230.1,2.2009,4.011,3.2292,0.1589,,422198.8344,137811.7598,67275.6932,9279930.3801,3029102.4804,,,3.2997
600150,中国船舶,船舶,上海,19980520,600150.SH,20200708,18.79,20.71,18.6,20.71,18.83,1.88,9.9841,596520.01,1185727.795,4.3285,8.8668,3.67,216.0244,216.8049,2.0737,3.7792,3.0426,0.1686,,422198.8344,137811.7598,67275.6932,8743737.8604,2854081.5455,,,3.2997
600150,中国船舶,船舶,上海,19980520,600150.SH,20200707,19.05,19.5,18.71,18.83,18.85,-0.02,-0.1061,261950.76,500250.54,1.9008,3.8937,2.16,196.4142,197.1239,1.8855,3.4362,2.7664,0.1855,,422198.8344,137811.7598,67275.6932,7950004.0518,2594995.437,,,3.2997
600150,中国船舶,船舶,上海,19980520,600150.SH,20200706,18.16,18.98,18.16,18.85,18.03,0.82,4.548,243592.73,454688.123,1.7676,3.6208,2.88,196.6229,197.3333,1.8875,3.4398,2.7693,0.1853,,422198.8344,137811.7598,67275.6932,7958448.0284,2597751.6722,,,3.2997
600150,中国船舶,船舶,上海,19980520,600150.SH,20200703,17.95,18.19,17.9,18.03,17.9,0.13,0.7263,136358.9,245960.561,0.9895,2.0269,1.97,188.0695,188.749,1.8054,3.2902,2.6489,0.1937,,422198.8344,137811.7598,67275.6932,7612244.9842,2484746.0292,,,3.2997
600150,中国船舶,船舶,上海,19980520,600150.SH,20200702,17.64,17.95,17.54,17.9,17.6,0.3,1.7045,105687.56,188022.732,0.7669,1.571,1.68,186.7135,187.3881,1.7923,3.2665,2.6298,0.1951,,422198.8344,137811.7598,67275.6932,7557359.1358,2466830.5004,,,3.2997
600150,中国船舶,船舶,上海,19980520,600150.SH,20200701,17.44,17.67,17.4,17.6,17.44,0.16,0.9174,65886.2,115538.227,0.4781,0.9793,1.07,183.5842,184.2475,1.7623,3.2117,2.5857,0.1984,,422198.8344,137811.7598,67275.6932,7430699.4854,2425486.9725,,,3.2997
600150,中国船舶,船舶,上海,19980520,600150.SH,20200630,17.45,17.48,17.37,17.44,17.37,0.07,0.403,53864.36,93833.045,0.3909,0.8007,0.85,181.9153,182.5725,1.7463,3.1825,2.5622,0.2003,,422198.8344,137811.7598,67275.6932,7363147.6719,2403437.0909,,,3.2997
600150,中国船舶,船舶,上海,19980520,600150.SH,20200629,17.52,17.6,17.33,17.37,17.52,-0.15,-0.8562,60377.55,105423.532,0.4381,0.8975,0.94,181.1851,181.8397,1.7393,3.1698,2.5519,0.2011,,422198.8344,137811.7598,67275.6932,7333593.7535,2393790.2677,,,3.2997
600150,中国船舶,船舶,上海,19980520,600150.SH,20200624,17.71,17.75,17.5,17.52,17.69,-0.17,-0.961,59550.31,104639.955,0.4321,0.8852,0.83,182.7497,183.41,1.7543,3.1971,2.5739,0.1994,,422198.8344,137811.7598,67275.6932,7396923.5787,2414462.0317,,,3.2997
600150,中国船舶,船舶,上海,19980520,600150.SH,20200623,17.89,17.97,17.62,17.69,17.95,-0.26,-1.4485,74977.24,133256.598,0.5441,1.1145,1.12,184.523,185.1897,1.7713,3.2281,2.5989,0.1974,,422198.8344,137811.7598,67275.6932,7468697.3805,2437890.0309,,,3.2997
600150,中国船舶,船舶,上海,19980520,600150.SH,20200622,17.88,18.02,17.85,17.95,17.88,0.07,0.3915,59372.58,106454.203,0.4308,0.8825,0.81,187.235,187.9115,1.7973,3.2756,2.6371,0.1946,,422198.8344,137811.7598,67275.6932,7578469.0775,2473721.0884,,,3.2997
600150,中国船舶,船舶,上海,19980520,600150.SH,20200619,17.85,17.93,17.85,17.88,17.9,-0.02,-0.1117,61720.42,110407.882,0.4479,0.9174,0.72,186.5049,187.1787,1.7903,3.2628,2.6268,0.1953,,422198.8344,137811.7598,67275.6932,7548915.1591,2464074.2652,,,3.2997
600150,中国船舶,船舶,上海,19980520,600150.SH,20200618,18.07,18.07,17.8,17.9,18.11,-0.21,-1.1596,64120.71,114665.323,0.4653,0.9531,0.74,186.7135,187.3881,1.7923,3.2665,2.6298,0.1951,,422198.8344,137811.7598,67275.6932,7557359.1358,2466830.5004,,,3.2997
600150,中国船舶,船舶,上海,19980520,600150.SH,20200617,18.01,18.33,18.01,18.11,17.96,0.15,0.8352,98849.04,179780.981,0.7173,1.4693,1.21,188.904,189.5865,1.8134,3.3048,2.6606,0.1929,,422198.8344,137811.7598,67275.6932,7646020.891,2495770.97,,,3.2997
600150,中国船舶,船舶,上海,19980520,600150.SH,20200616,17.93,18.06,17.85,17.96,17.94,0.02,0.1115,50662.32,90842.559,0.3676,0.7531,0.6,187.3393,188.0162,1.7983,3.2774,2.6386,0.1945,,422198.8344,137811.7598,67275.6932,7582691.0658,2475099.206,,,3.2997
600150,中国船舶,船舶,上海,19980520,600150.SH,20200615,17.85,18.04,17.8,17.94,18.01,-0.07,-0.3887,92905.91,166132.878,0.6742,1.381,1.18,187.1307,187.8068,1.7963,3.2738,2.6356,0.1947,,422198.8344,137811.7598,67275.6932,7574247.0891,2472342.9708,,,3.2997
600150,中国船舶,船舶,上海,19980520,600150.SH,20200612,17.51,18.01,17.4,18.01,17.78,0.23,1.2936,119332.19,211650.702,0.8659,1.7738,1.81,187.8609,188.5396,1.8033,3.2865,2.6459,0.1939,,422198.8344,137811.7598,67275.6932,7603801.0075,2481989.794,,,3.2997
600150,中国船舶,船舶,上海,19980520,600150.SH,20200611,17.8,17.95,17.77,17.78,17.87,-0.09,-0.5036,71938.18,128292.06,0.522,1.0693,1.18,185.4618,186.1318,1.7803,3.2446,2.6121,0.1964,,422198.8344,137811.7598,67275.6932,7506695.2756,2450293.0892,,,3.2997
600150,中国船舶,船舶,上海,19980520,600150.SH,20200610,17.98,18.01,17.72,17.87,17.99,-0.12,-0.667,73533.75,131265.931,0.5336,1.093,1.29,186.4006,187.074,1.7893,3.261,2.6253,0.1954,,422198.8344,137811.7598,67275.6932,7544693.1707,2462696.1476,,,3.2997
600150,中国船舶,船舶,上海,19980520,600150.SH,20200609,18.13,18.16,17.9,17.99,18.03,-0.04,-0.2219,66093.38,118859.366,0.4796,0.9824,1.13,187.6523,188.3303,1.8013,3.2829,2.643,0.1941,,422198.8344,137811.7598,67275.6932,7595357.0309,2479233.5588,,,3.2997
600150,中国船舶,船舶,上海,19980520,600150.SH,20200608,18.14,18.34,18.02,18.03,18.13,-0.1,-0.5516,61928.29,112075.585,0.4494,0.9205,1.07,188.0695,188.749,1.8054,3.2902,2.6489,0.1937,,422198.8344,137811.7598,67275.6932,7612244.9842,2484746.0292,,,3.2997
600150,中国船舶,船舶,上海,19980520,600150.SH,20200605,18.27,18.3,17.97,18.13,18.2,-0.07,-0.3846,56023.91,101554.875,0.4065,0.8328,0.99,189.1126,189.7959,1.8154,3.3084,2.6635,0.1926,,422198.8344,137811.7598,67275.6932,7654464.8677,2498527.2052,,,3.2997
600150,中国船舶,船舶,上海,19980520,600150.SH,20200604,18.48,18.48,18.2,18.2,18.31,-0.11,-0.6008,46205.35,84482.579,0.3353,0.6868,0.78,189.8428,190.5287,1.8224,3.3212,2.6738,0.1919,,422198.8344,137811.7598,67275.6932,7684018.7861,2508174.0284,,,3.2997
600150,中国船舶,船舶,上海,19980520,600150.SH,20200603,18.59,18.7,18.31,18.31,18.47,-0.16,-0.8663,55152.58,101618.779,0.4002,0.8198,0.87,190.9902,191.6802,1.8334,3.3413,2.69,0.1908,,422198.8344,137811.7598,67275.6932,7730460.6579,2523333.3219,,,3.2997
600150,中国船舶,船舶,上海,19980520,600150.SH,20200602,18.35,18.65,18.29,18.47,18.35,0.12,0.654,73481.22,135781.297,0.5332,1.0922,1.28,192.6591,193.3552,1.8494,3.3705,2.7135,0.1891,,422198.8344,137811.7598,67275.6932,7798012.4714,2545383.2035,,,3.2997
600150,中国船舶,船舶,上海,19980520,600150.SH,20200601,18.03,18.39,18.03,18.35,18.04,0.31,1.7184,58665.09,107157.423,0.4257,0.872,1.11,191.4074,192.099,1.8374,3.3486,2.6959,0.1903,,422198.8344,137811.7598,67275.6932,7747348.6112,2528845.7923,19.81,16.21,3.2997
600150,中国船舶,船舶,上海,19980520,600150.SH,20200529,17.99,18.12,17.87,18.04,18.04,0.0,0.0,48707.32,87534.803,0.3534,0.724,0.91,188.1738,188.8537,1.8064,3.292,2.6503,0.1936,0.1936,422198.8344,137811.7598,67275.6932,7616466.9726,2486124.1468,,,3.2997
600150,中国船舶,船舶,上海,19980520,600150.SH,20200528,18.12,18.32,17.89,18.04,18.29,-0.25,-1.3669,61625.08,111553.59,0.4472,0.916,1.12,188.1738,188.8537,1.8064,3.292,2.6503,0.1936,0.1936,422198.8344,137811.7598,67275.6932,7616466.9726,2486124.1468,,,3.2997
600150,中国船舶,船舶,上海,19980520,600150.SH,20200527,18.41,18.47,18.25,18.29,18.29,0.0,0.0,75307.13,138171.458,0.5464,1.1194,1.3,190.7815,191.4708,1.8314,3.3376,2.687,0.191,0.191,422198.8344,137811.7598,67275.6932,7722016.6812,2520577.0867,,,3.2997
600150,中国船舶,船舶,上海,19980520,600150.SH,20200526,18.25,18.34,18.19,18.29,18.17,0.12,0.6604,42510.85,77676.256,0.3085,0.6319,0.63,190.7815,191.4708,1.8314,3.3376,2.687,0.191,0.191,422198.8344,137811.7598,67275.6932,7722016.6812,2520577.0867,,,3.2997
600150,中国船舶,船舶,上海,19980520,600150.SH,20200525,18.11,18.3,18.1,18.17,18.13,0.04,0.2206,35056.52,63742.654,0.2544,0.5211,0.37,189.5298,190.2146,1.8194,3.3157,2.6694,0.1922,0.1922,422198.8344,137811.7598,67275.6932,7671352.821,2504039.6756,19.94,16.32,3.2997
600150,中国船舶,船舶,上海,19980520,600150.SH,20200522,18.35,18.51,18.04,18.13,18.35,-0.22,-1.1989,52991.31,96825.747,0.3845,0.7877,0.54,189.1126,189.7959,1.8154,3.3084,2.6635,0.1926,0.1926,422198.8344,137811.7598,67275.6932,7654464.8677,2498527.2052,,,3.2997
600150,中国船舶,船舶,上海,19980520,600150.SH,20200521,18.61,18.68,18.25,18.35,18.61,-0.26,-1.3971,69591.96,128341.41,0.505,1.0344,0.69,191.4074,192.099,1.8374,3.3486,2.6959,0.1903,0.1903,422198.8344,137811.7598,67275.6932,7747348.6112,2528845.7923,,,3.2997
600150,中国船舶,船舶,上海,19980520,600150.SH,20200520,19.05,19.14,18.6,18.61,19.05,-0.44,-2.3097,90582.75,170318.714,0.6573,1.3464,0.87,194.1194,194.8208,1.8634,3.396,2.7341,0.1877,0.1877,422198.8344,137811.7598,67275.6932,7857120.3082,2564676.8499,,,3.2997
600150,中国船舶,船舶,上海,19980520,600150.SH,20200519,19.17,19.2,18.93,19.05,19.28,-0.23,-1.1929,90047.47,171450.486,0.6534,1.3385,0.83,198.709,199.427,1.9075,3.4763,2.7987,0.1833,0.1833,422198.8344,137811.7598,67275.6932,8042887.7953,2625314.0242,,,3.2997
600150,中国船舶,船舶,上海,19980520,600150.SH,20200518,18.78,19.59,18.71,19.28,18.82,0.46,2.4442,166548.45,319817.863,1.2085,2.4756,1.71,201.1082,201.8348,1.9305,3.5183,2.8325,0.1812,0.1812,422198.8344,137811.7598,67275.6932,8139993.5272,2657010.7289,,,3.2997
600150,中国船舶,船舶,上海,19980520,600150.SH,20200515,18.8,18.99,18.74,18.82,18.8,0.02,0.1064,70274.99,132690.544,0.5099,1.0446,0.7,196.3099,197.0192,1.8845,3.4344,2.7649,0.1856,0.1856,422198.8344,137811.7598,67275.6932,7945782.0634,2593617.3194,,,3.2997
600150,中国船舶,船舶,上海,19980520,600150.SH,20200514,18.7,19.05,18.51,18.8,18.77,0.03,0.1598,90102.04,169349.405,0.6538,1.3393,0.92,196.1013,196.8098,1.8825,3.4307,2.762,0.1858,0.1858,422198.8344,137811.7598,67275.6932,7937338.0867,2590861.0842,,,3.2997
600150,中国船舶,船舶,上海,19980520,600150.SH,20200513,19.0,19.02,18.71,18.77,19.24,-0.47,-2.4428,101657.09,191661.162,0.7377,1.5111,1.08,195.7884,196.4958,1.8794,3.4252,2.7576,0.1861,0.1861,422198.8344,137811.7598,67275.6932,7924672.1217,2586726.7314,,,3.2997
600150,中国船舶,船舶,上海,19980520,600150.SH,20200512,19.23,19.5,18.95,19.24,19.15,0.09,0.47,112024.13,215538.348,0.8129,1.6652,1.19,200.6909,201.416,1.9265,3.511,2.8266,0.1815,0.1815,422198.8344,137811.7598,67275.6932,8123105.5739,2651498.2586,,,3.2997
600150,中国船舶,船舶,上海,19980520,600150.SH,20200511,18.85,19.24,18.83,19.15,18.88,0.27,1.4301,112149.01,213947.392,0.8138,1.667,1.35,199.7521,200.4738,1.9175,3.4946,2.8134,0.1824,0.1824,422198.8344,137811.7598,67275.6932,8085107.6788,2639095.2002,,,3.2997
600150,中国船舶,船舶,上海,19980520,600150.SH,20200508,18.64,19.15,18.64,18.88,18.7,0.18,0.9626,83881.53,158269.633,0.6087,1.2947,0.98,196.9358,197.6473,1.8905,3.4453,2.7737,0.185,0.185,422198.8344,137811.7598,64788.2235,7971113.9935,2601886.025,,,3.2997
600150,中国船舶,船舶,上海,19980520,600150.SH,20200507,18.79,18.97,18.66,18.7,18.79,-0.09,-0.479,78097.06,146716.483,0.5667,1.2054,0.89,195.0582,195.763,1.8724,3.4125,2.7473,0.1868,0.1868,422198.8344,137811.7598,64788.2235,7895118.2033,2577079.9083,,,3.2997
600150,中国船舶,船舶,上海,19980520,600150.SH,20200506,18.48,18.85,18.4,18.79,18.69,0.1,0.535,83220.34,155456.528,0.6039,1.2845,0.76,195.997,196.7051,1.8815,3.4289,2.7605,0.1859,0.1859,422198.8344,137811.7598,64788.2235,7933116.0984,2589482.9666,,,3.2997
600150,中国船舶,船舶,上海,19980520,600150.SH,20200430,18.52,18.94,18.39,18.69,18.28,0.41,2.2429,111718.54,208786.644,0.8107,1.7244,0.71,194.9539,195.6583,1.8714,3.4106,2.7458,0.1869,0.1869,422198.8344,137811.7598,64788.2235,7890896.2149,2575701.7907,,,3.2997
600150,中国船舶,船舶,上海,19980520,600150.SH,20200429,18.16,18.58,18.11,18.28,18.24,0.04,0.2193,59619.37,109534.372,0.4326,0.9202,0.31,190.6772,190.6772,1.4621,3.3358,3.3358,0.1911,0.1911,422198.8344,137811.7598,64788.2235,7717794.6928,2519198.9691,,,3.2997
600150,中国船舶,船舶,上海,19980520,600150.SH,20200428,18.74,18.77,18.03,18.24,18.72,-0.48,-2.5641,94910.94,173633.981,0.6887,1.4649,0.49,190.26,190.26,1.4589,3.3285,3.3285,0.1915,0.1915,422198.8344,137811.7598,64788.2235,7700906.7395,2513686.4988,,,3.2997
600150,中国船舶,船舶,上海,19980520,600150.SH,20200427,19.11,19.2,18.71,18.72,19.24,-0.52,-2.7027,89660.09,169807.892,0.6506,1.3839,0.48,195.2668,195.2668,1.4973,3.4161,3.4161,0.1866,0.1866,422198.8344,137811.7598,64788.2235,7903562.18,2579836.1435,,,3.2997
600150,中国船舶,船舶,上海,19980520,600150.SH,20200424,19.9,19.9,18.9,19.24,19.8,-0.56,-2.8283,194640.33,376285.608,1.4124,3.0043,1.23,200.6909,200.6909,1.5389,3.511,3.511,0.1815,0.1815,422198.8344,137811.7598,64788.2235,8123105.5739,2651498.2586,,,3.2997
600150,中国船舶,船舶,上海,19980520,600150.SH,20200423,20.0,20.29,19.65,19.8,19.45,0.35,1.7995,351216.86,700934.928,2.5485,5.421,3.44,206.5322,206.5322,1.5837,3.6132,3.6132,0.1764,0.1764,422198.8344,137811.7598,64788.2235,8359536.9211,2728672.844,,,3.2997
600150,中国船舶,船舶,上海,19980520,600150.SH,20200422,18.67,20.08,18.45,19.45,18.8,0.65,3.4574,235088.13,453528.942,1.7059,3.6286,3.58,202.8814,202.8814,1.5557,3.5493,3.5493,0.1796,0.1796,422198.8344,137811.7598,64788.2235,8211767.3291,2680438.7281,,,3.2997
600150,中国船舶,船舶,上海,19980520,600150.SH,20200421,18.79,19.05,18.6,18.8,18.66,0.14,0.7503,92570.89,173927.295,0.6717,1.4288,1.57,196.1013,196.1013,1.5037,3.4307,3.4307,0.1858,0.1858,422198.8344,137811.7598,64788.2235,7937338.0867,2590861.0842,20.57,16.83,3.2997
600150,中国船舶,船舶,上海,19980520,600150.SH,20200420,18.55,18.71,18.47,18.66,18.54,0.12,0.6472,52071.21,96827.795,0.3778,0.8037,0.87,194.641,194.641,1.4925,3.4052,3.4052,0.1872,0.1872,422198.8344,137811.7598,64788.2235,7878230.2499,2571567.4379,,,3.2997
600150,中国船舶,船舶,上海,19980520,600150.SH,20200417,18.83,18.88,18.51,18.54,18.73,-0.19,-1.0144,60472.07,112795.634,0.4388,0.9334,0.97,160.0031,283.7792,1.4927,4.6289,3.5485,0.1884,0.1884,422198.8344,137811.7598,64788.2235,7827566.3898,2555030.0267,20.56,16.82,3.2997
600150,中国船舶,船舶,上海,19980520,600150.SH,20200416,18.57,18.9,18.44,18.73,18.57,0.16,0.8616,70535.86,131879.948,0.5118,1.0887,1.0,161.6429,286.6874,1.508,4.6763,3.5849,0.1865,0.1865,422198.8344,137811.7598,64788.2235,7907784.1683,2581214.2611,,,3.2997
600150,中国船舶,船舶,上海,19980520,600150.SH,20200415,18.77,18.77,18.56,18.57,18.74,-0.17,-0.9072,52317.0,97470.809,0.3796,0.8075,0.58,160.262,284.2384,1.4951,4.6364,3.5543,0.1881,0.1881,422198.8344,137811.7598,64788.2235,7840232.3548,2559164.3795,,,3.2997
600150,中国船舶,船舶,上海,19980520,600150.SH,20200414,18.66,18.79,18.5,18.74,18.66,0.08,0.4287,59777.68,111509.443,0.4338,0.9227,0.62,161.7292,286.8405,1.5088,4.6788,3.5868,0.1864,0.1864,422198.8344,137811.7598,64788.2235,7912006.1567,2582592.3787,,,3.2997
600150,中国船舶,船舶,上海,19980520,600150.SH,20200413,18.56,18.88,18.47,18.66,18.77,-0.11,-0.586,57547.51,107307.442,0.4176,0.8882,0.57,161.0387,285.6159,1.5023,4.6588,3.5715,0.1872,0.1872,422198.8344,137811.7598,64788.2235,7878230.2499,2571567.4379,,,3.2997
600150,中国船舶,船舶,上海,19980520,600150.SH,20200410,18.95,19.16,18.72,18.77,19.06,-0.29,-1.5215,72554.87,137043.753,0.5265,1.1199,0.69,161.9881,287.2996,1.5112,4.6863,3.5925,0.1861,0.1861,422198.8344,137811.7598,64788.2235,7924672.1217,2586726.7314,,,3.2997
600150,中国船舶,船舶,上海,19980520,600150.SH,20200409,19.06,19.23,18.82,19.06,19.03,0.03,0.1576,110106.4,209312.393,0.799,1.6995,1.1,164.4908,291.7385,1.5345,4.7587,3.648,0.1832,0.1832,422198.8344,137811.7598,64788.2235,8047109.7837,2626692.1418,,,3.2997
600150,中国船舶,船舶,上海,19980520,600150.SH,20200408,18.57,19.24,18.51,19.03,18.7,0.33,1.7647,153259.12,290767.802,1.1121,2.3655,1.48,164.2319,291.2793,1.5321,4.7512,3.6423,0.1835,0.1835,422198.8344,137811.7598,64788.2235,8034443.8186,2622557.789,,,3.2997
600150,中国船舶,船舶,上海,19980520,600150.SH,20200407,18.51,18.9,18.51,18.7,18.35,0.35,1.9074,91686.92,171577.22,0.6653,1.4152,0.72,161.3839,286.2282,1.5055,4.6688,3.5791,0.1868,0.1868,422198.8344,137811.7598,64788.2235,7895118.2033,2577079.9083,,,3.2997
600150,中国船舶,船舶,上海,19980520,600150.SH,20200403,18.51,18.82,18.35,18.35,18.48,-0.13,-0.7035,79758.74,147676.148,0.5788,1.2311,0.64,158.3634,280.871,1.4774,4.5814,3.5122,0.1903,0.1903,422198.8344,137811.7598,64788.2235,7747348.6112,2528845.7923,,,3.2997
600150,中国船舶,船舶,上海,19980520,600150.SH,20200402,18.11,18.55,18.02,18.48,18.15,0.33,1.8182,88267.72,162269.287,0.6405,1.3624,0.75,159.4853,282.8608,1.4878,4.6139,3.537,0.189,0.189,422198.8344,137811.7598,64788.2235,7802234.4597,2546761.3211,,,3.2997
600150,中国船舶,船舶,上海,19980520,600150.SH,20200401,18.35,18.68,18.1,18.15,18.43,-0.28,-1.5193,89757.73,164493.567,0.6513,1.3854,0.78,156.6374,277.8097,1.4613,4.5315,3.4739,0.5895,0.5895,422198.8344,137811.7598,64788.2235,7662908.8444,2501283.4404,,,3.2997
600150,中国船舶,船舶,上海,19980520,600150.SH,20200331,18.3,19.0,18.29,18.43,18.6,-0.17,-0.914,169406.77,316329.087,1.2293,2.6148,1.77,51.9174,92.08,1.6852,1.502,1.1514,0.5806,0.5806,137811.7598,137811.7598,64788.2235,2539870.7331,2539870.7331,,,3.2997
600150,中国船舶,船舶,上海,19980520,600150.SH,20200330,17.67,19.16,17.25,18.6,17.92,0.68,3.7946,212039.53,390824.552,1.5386,3.2728,3.04,52.3963,92.9294,1.7007,1.5158,1.162,0.5753,0.5753,137811.7598,137811.7598,64788.2235,2563298.7323,2563298.7323,,,3.2997
600150,中国船舶,船舶,上海,19980520,600150.SH,20200327,18.02,18.18,17.87,17.92,17.9,0.02,0.1117,59309.78,106850.625,0.4304,0.9154,0.74,50.4808,89.532,1.6385,1.4604,1.1196,0.5971,0.5971,137811.7598,137811.7598,64788.2235,2469586.7356,2469586.7356,,,3.2997
600150,中国船舶,船舶,上海,19980520,600150.SH,20200326,18.13,18.15,17.84,17.9,18.13,-0.23,-1.2686,58182.64,104534.795,0.4222,0.898,0.63,50.4244,89.432,1.6367,1.4588,1.1183,0.5978,0.5978,137811.7598,137811.7598,64788.2235,2466830.5004,2466830.5004,,,3.2997
600150,中国船舶,船舶,上海,19980520,600150.SH,20200325,18.33,18.4,18.05,18.13,17.86,0.27,1.5118,79618.76,144697.212,0.5777,1.2289,0.85,51.0723,90.5812,1.6577,1.4775,1.1327,0.5902,0.5902,137811.7598,137811.7598,64788.2235,2498527.2052,2498527.2052,,,3.2997
600150,中国船舶,船舶,上海,19980520,600150.SH,20200324,17.82,18.03,17.54,17.86,17.6,0.26,1.4773,70206.58,125110.431,0.5094,1.0836,0.7,50.3118,89.2322,1.633,1.4555,1.1158,0.5991,0.5991,137811.7598,137811.7598,64788.2235,2461318.03,2461318.03,,,3.2997
600150,中国船舶,船舶,上海,19980520,600150.SH,20200323,17.81,17.98,17.48,17.6,18.23,-0.63,-3.4558,81563.05,144832.949,0.5918,1.2589,0.76,49.5793,87.9332,1.6093,1.4343,1.0996,0.608,0.608,137811.7598,137811.7598,64788.2235,2425486.9725,2425486.9725,,,3.2997
600150,中国船舶,船舶,上海,19980520,600150.SH,20200320,17.9,18.35,17.85,18.23,17.75,0.48,2.7042,111747.47,202441.247,0.8109,1.7248,0.99,51.354,91.0808,1.6669,1.4857,1.1389,0.5869,0.5869,137811.7598,137811.7598,64788.2235,2512308.3812,2512308.3812,,,3.2997
600150,中国船舶,船舶,上海,19980520,600150.SH,20200319,17.58,17.89,17.18,17.75,17.5,0.25,1.4286,117196.16,205797.208,0.8504,1.8089,1.02,50.0019,88.6826,1.623,1.4465,1.1089,0.6028,0.6028,137811.7598,137811.7598,64788.2235,2446158.7365,2446158.7365,,,3.2997
600150,中国船舶,船舶,上海,19980520,600150.SH,20200318,17.98,18.11,17.5,17.5,17.75,-0.25,-1.4085,87348.78,155868.895,0.6338,1.3482,0.71,49.2976,87.4335,1.6001,1.4262,1.0933,0.6114,0.6114,137811.7598,137811.7598,64788.2235,2411705.7965,2411705.7965,,,3.2997
600150,中国船舶,船舶,上海,19980520,600150.SH,20200317,17.8,18.2,17.26,17.75,17.88,-0.13,-0.7271,106149.61,187693.366,0.7703,1.6384,0.84,50.0019,88.6826,1.623,1.4465,1.1089,0.6028,0.6028,137811.7598,137811.7598,64788.2235,2446158.7365,2446158.7365,,,3.2997
600150,中国船舶,船舶,上海,19980520,600150.SH,20200316,18.88,18.97,17.8,17.88,18.49,-0.61,-3.2991,114394.36,209278.02,0.8301,1.7657,0.86,50.3681,89.3321,1.6349,1.4571,1.1171,0.5984,0.5984,137811.7598,137811.7598,64788.2235,2464074.2652,2464074.2652,,,3.2997
600150,中国船舶,船舶,上海,19980520,600150.SH,20200313,18.14,18.7,17.7,18.49,18.87,-0.38,-2.0138,140817.45,255638.288,1.0218,2.1735,1.08,52.0865,92.3798,1.6906,1.5069,1.1552,0.5787,0.5787,137811.7598,137811.7598,64788.2235,2548139.4387,2548139.4387,,,3.2997
600150,中国船舶,船舶,上海,19980520,600150.SH,20200312,19.06,19.08,18.8,18.87,19.39,-0.52,-2.6818,123740.26,233997.979,0.8979,1.9099,0.85,53.1569,94.2783,1.7254,1.5378,1.1789,0.567,0.567,137811.7598,137811.7598,64788.2235,2600507.9074,2600507.9074,,,3.2997
600150,中国船舶,船舶,上海,19980520,600150.SH,20200311,19.47,19.9,19.36,19.39,19.37,0.02,0.1033,129704.33,254789.522,0.9412,2.002,0.89,54.6218,96.8764,1.7729,1.5802,1.2114,0.5518,0.5518,137811.7598,137811.7598,64788.2235,2672170.0225,2672170.0225,,,3.2997
600150,中国船舶,船舶,上海,19980520,600150.SH,20200310,18.67,19.49,18.67,19.37,19.13,0.24,1.2546,121661.51,232917.093,0.8828,1.8778,0.77,54.5654,96.7764,1.7711,1.5786,1.2101,0.5524,0.5524,137811.7598,137811.7598,64788.2235,2669413.7873,2669413.7873,,,3.2997
600150,中国船舶,船舶,上海,19980520,600150.SH,20200309,19.57,19.57,19.11,19.13,19.89,-0.76,-3.821,148335.7,286347.668,1.0764,2.2895,0.93,53.8893,95.5774,1.7492,1.559,1.1951,0.5593,0.5593,137811.7598,137811.7598,64788.2235,2636338.965,2636338.965,,,3.2997
600150,中国船舶,船舶,上海,19980520,600150.SH,20200306,20.0,20.0,19.8,19.89,20.23,-0.34,-1.6807,130097.42,258622.507,0.944,2.008,0.67,56.0303,99.3745,1.8186,1.6209,1.2426,0.538,0.538,137811.7598,137811.7598,64788.2235,2741075.9024,2741075.9024,,,3.2997
600150,中国船舶,船舶,上海,19980520,600150.SH,20200305,19.93,20.38,19.76,20.23,19.83,0.4,2.0171,197221.43,396027.012,1.4311,3.0441,0.77,56.9881,101.0732,1.8497,1.6487,1.2639,0.5289,0.5289,137811.7598,137811.7598,64788.2235,2787931.9008,2787931.9008,,,3.2997
600150,中国船舶,船舶,上海,19980520,600150.SH,20200304,19.74,19.95,19.48,19.83,19.88,-0.05,-0.2515,129386.67,254743.769,0.9389,1.9971,0.37,55.8613,99.0747,1.8132,1.6161,1.2389,0.5396,0.5396,137811.7598,137811.7598,64788.2235,2732807.1968,2732807.1968,,,3.2997
600150,中国船舶,船舶,上海,19980520,600150.SH,20200303,20.06,20.46,19.7,19.88,19.8,0.08,0.404,186477.47,374343.702,1.3531,2.8783,0.53,56.0021,99.3245,1.8177,1.6201,1.242,0.5382,0.5382,137811.7598,137811.7598,64788.2235,2739697.7848,2739697.7848,,,3.2997
600150,中国船舶,船舶,上海,19980520,600150.SH,20200302,19.25,19.94,19.25,19.8,19.25,0.55,2.8571,157240.08,310161.719,1.141,2.427,0.45,55.7767,98.9248,1.8104,1.6136,1.237,0.5404,0.5404,137811.7598,137811.7598,64788.2235,2728672.844,2728672.844,,,3.2997
600150,中国船舶,船舶,上海,19980520,600150.SH,20200228,19.86,20.08,19.2,19.25,20.66,-1.41,-6.8248,296030.8,582020.448,2.1481,4.5692,0.93,54.2274,96.1769,1.7601,1.5688,1.2026,0.5558,0.5558,137811.7598,137811.7598,64788.2235,2652876.3762,2652876.3762,,,3.2997
600150,中国船舶,船舶,上海,19980520,600150.SH,20200227,21.89,21.89,20.46,20.66,21.89,-1.23,-5.619,505251.19,1054990.999,3.6662,7.7985,2.11,58.1994,103.2216,1.8891,1.6837,1.2907,0.5179,0.5179,137811.7598,137811.7598,64788.2235,2847190.9575,2847190.9575,,,3.2997
600150,中国船舶,船舶,上海,19980520,600150.SH,20200226,20.56,21.89,20.56,21.89,19.9,1.99,10.0,607829.16,1311003.574,4.4106,9.3818,4.31,61.6643,109.3669,2.0015,1.7839,1.3676,0.4888,0.4888,137811.7598,137811.7598,64788.2235,3016699.422,3016699.422,,,3.2997
600150,中国船舶,船舶,上海,19980520,600150.SH,20200225,19.99,20.12,19.32,19.9,20.43,-0.53,-2.5942,198645.08,393483.68,1.4414,3.0661,1.47,56.0584,99.4244,1.8196,1.6218,1.2433,0.5377,0.5377,137811.7598,137811.7598,64788.2235,2742454.02,2742454.02,,,3.2997
600150,中国船舶,船舶,上海,19980520,600150.SH,20200224,20.4,20.56,20.09,20.43,20.48,-0.05,-0.2441,132403.76,268995.27,0.9608,2.0436,0.91,57.5515,102.0724,1.868,1.665,1.2764,0.5237,0.5237,137811.7598,137811.7598,64788.2235,2815494.2527,2815494.2527,,,3.2997
600150,中国船舶,船舶,上海,19980520,600150.SH,20200221,20.28,20.56,20.2,20.48,20.27,0.21,1.036,149670.39,305219.23,1.086,2.3101,1.13,57.6923,102.3222,1.8726,1.669,1.2795,0.5225,0.5225,137811.7598,137811.7598,64788.2235,2822384.8407,2822384.8407,,,3.2997
600150,中国船舶,船舶,上海,19980520,600150.SH,20200220,20.1,20.35,19.9,20.27,20.08,0.19,0.9462,111411.29,224064.752,0.8084,1.7196,0.85,57.1007,101.273,1.8534,1.6519,1.2664,0.5279,0.5279,137811.7598,137811.7598,64788.2235,2793444.3711,2793444.3711,,,3.2997
600150,中国船舶,船舶,上海,19980520,600150.SH,20200219,20.43,20.44,19.94,20.08,20.41,-0.33,-1.6169,112730.12,227417.199,0.818,1.74,0.9,56.5655,100.3238,1.836,1.6364,1.2545,0.5329,0.5329,137811.7598,137811.7598,64788.2235,2767260.1368,2767260.1368,,,3.2997
600150,中国船舶,船舶,上海,19980520,600150.SH,20200218,20.2,20.83,20.15,20.41,20.09,0.32,1.5928,171405.72,351126.317,1.2438,2.6456,1.57,57.4951,101.9725,1.8662,1.6633,1.2751,0.5243,0.5243,137811.7598,137811.7598,64788.2235,2812738.0175,2812738.0175,,,3.2997
600150,中国船舶,船舶,上海,19980520,600150.SH,20200217,19.04,20.2,19.03,20.09,19.04,1.05,5.5147,184291.19,365131.634,1.3373,2.8445,1.97,56.5937,100.3737,1.8369,1.6372,1.2551,0.5326,0.5326,137811.7598,137811.7598,64788.2235,2768638.2544,2768638.2544,,,3.2997
600150,中国船舶,船舶,上海,19980520,600150.SH,20200214,19.17,19.17,18.84,19.04,19.03,0.01,0.0525,81749.5,155117.825,0.5932,1.2618,0.82,53.6358,95.1277,1.7409,1.5517,1.1895,0.562,0.562,137811.7598,137811.7598,64788.2235,2623935.9066,2623935.9066,,,3.2997
600150,中国船舶,船舶,上海,19980520,600150.SH,20200213,19.26,19.62,19.03,19.03,19.39,-0.36,-1.8566,105210.02,202583.42,0.7634,1.6239,1.03,53.6076,95.0777,1.74,1.5509,1.1889,0.5623,0.5623,137811.7598,137811.7598,64788.2235,2622557.789,2622557.789,,,3.2997
600150,中国船舶,船舶,上海,19980520,600150.SH,20200212,19.29,19.46,19.16,19.39,19.33,0.06,0.3104,81675.81,157719.271,0.5927,1.2607,0.72,54.6218,96.8764,1.7729,1.5802,1.2114,0.5518,0.5518,137811.7598,137811.7598,64788.2235,2672170.0225,2672170.0225,,,3.2997
600150,中国船舶,船舶,上海,19980520,600150.SH,20200211,19.28,19.62,19.21,19.33,19.32,0.01,0.0518,93413.72,181489.274,0.6778,1.4418,0.67,54.4528,96.5766,1.7674,1.5753,1.2076,0.5535,0.5535,137811.7598,137811.7598,64788.2235,2663901.3169,2663901.3169,,,3.2997
600150,中国船舶,船舶,上海,19980520,600150.SH,20200210,18.91,19.47,18.8,19.32,19.05,0.27,1.4173,105332.27,202079.372,0.7643,1.6258,0.84,54.4246,96.5266,1.7665,1.5745,1.207,0.5538,0.5538,137811.7598,137811.7598,64788.2235,2662523.1993,2662523.1993,,,3.2997
600150,中国船舶,船舶,上海,19980520,600150.SH,20200207,19.04,19.23,18.7,19.05,19.02,0.03,0.1577,111846.45,211484.035,0.8116,1.7263,0.91,53.664,95.1777,1.7418,1.5525,1.1901,0.5617,0.5617,137811.7598,137811.7598,64788.2235,2625314.0242,2625314.0242,,,3.2997
600150,中国船舶,船舶,上海,19980520,600150.SH,20200206,18.79,19.23,18.49,19.02,18.76,0.26,1.3859,118539.9,224933.023,0.8602,1.8297,0.98,53.5795,95.0278,1.7391,1.55,1.1883,0.5626,0.5626,137811.7598,137811.7598,64788.2235,2621179.6714,2621179.6714,,,3.2997
600150,中国船舶,船舶,上海,19980520,600150.SH,20200205,18.29,19.11,18.29,18.76,18.18,0.58,3.1903,137695.47,258458.266,0.9992,2.1253,1.23,52.8471,93.7288,1.7153,1.5289,1.172,0.5704,0.5704,137811.7598,137811.7598,64788.2235,2585348.6138,2585348.6138,,,3.2997
600150,中国船舶,船舶,上海,19980520,600150.SH,20200204,17.34,18.66,17.34,18.18,19.27,-1.09,-5.6565,224417.6,405454.766,1.6284,3.4639,2.82,51.2132,90.831,1.6623,1.4816,1.1358,0.5886,0.5886,137811.7598,137811.7598,64788.2235,2505417.7932,2505417.7932,,,3.2997
600150,中国船舶,船舶,上海,19980520,600150.SH,20200203,19.27,19.27,19.27,19.27,21.41,-2.14,-9.9953,30991.0,59719.657,0.2249,0.4783,0.35,54.2837,96.2768,1.762,1.5704,1.2039,0.5553,0.5553,137811.7598,137811.7598,64788.2235,2655632.6113,2655632.6113,,,3.2997
600150,中国船舶,船舶,上海,19980520,600150.SH,20200123,21.78,22.27,21.25,21.41,21.93,-0.52,-2.3712,105101.92,228729.491,0.7626,1.6222,1.16,60.3121,106.9687,1.9576,1.7448,1.3376,0.4998,0.4998,137811.7598,137811.7598,64788.2235,2950549.7773,2950549.7773,,,3.2997
600150,中国船舶,船舶,上海,19980520,600150.SH,20200122,21.74,22.07,21.1,21.93,21.79,0.14,0.6425,105197.88,226990.377,0.7633,1.6237,1.17,61.777,109.5667,2.0052,1.7872,1.3701,0.4879,0.4879,137811.7598,137811.7598,64788.2235,3022211.8924,3022211.8924,,,3.2997
600150,中国船舶,船舶,上海,19980520,600150.SH,20200121,22.28,22.28,21.73,21.79,22.28,-0.49,-2.1993,96287.13,210466.008,0.6987,1.4862,0.96,61.3826,108.8673,1.9924,1.7758,1.3613,0.4911,0.4911,137811.7598,137811.7598,64788.2235,3002918.246,3002918.246,,,3.2997
600150,中国船舶,船舶,上海,19980520,600150.SH,20200120,22.09,22.34,22.01,22.28,22.09,0.19,0.8601,59730.13,132806.301,0.4334,0.9219,0.47,62.7629,111.3154,2.0372,1.8157,1.3919,0.4803,0.4803,137811.7598,137811.7598,64788.2235,3070446.0083,3070446.0083,,,3.2997
600150,中国船舶,船舶,上海,19980520,600150.SH,20200117,22.39,22.47,22.05,22.09,22.4,-0.31,-1.3839,71422.29,158586.545,0.5183,1.1024,0.46,62.2277,110.3661,2.0198,1.8002,1.3801,0.4844,0.4844,137811.7598,137811.7598,64788.2235,3044261.774,3044261.774,,,3.2997
600150,中国船舶,船舶,上海,19980520,600150.SH,20200116,22.17,22.59,22.17,22.4,22.17,0.23,1.0374,120582.59,270763.412,0.875,1.8612,0.61,63.101,111.9149,2.0482,1.8255,1.3994,0.4777,0.4777,137811.7598,137811.7598,64788.2235,3086983.4195,3086983.4195,,,3.2997
600150,中国船舶,船舶,上海,19980520,600150.SH,20200115,22.6,22.6,22.14,22.17,22.65,-0.48,-2.1192,100766.43,224306.634,0.7312,1.5553,0.5,62.4531,110.7658,2.0271,1.8068,1.3851,0.4826,0.4826,137811.7598,137811.7598,64788.2235,3055286.7148,3055286.7148,,,3.2997
600150,中国船舶,船舶,上海,19980520,600150.SH,20200114,23.03,23.09,22.44,22.65,23.01,-0.36,-1.5645,147382.79,333380.193,1.0695,2.2748,0.73,63.8052,113.164,2.071,1.8459,1.4151,0.4724,0.4724,137811.7598,137811.7598,64788.2235,3121436.3595,3121436.3595,,,3.2997
600150,中国船舶,船舶,上海,19980520,600150.SH,20200113,23.41,24.14,22.8,23.01,23.41,-0.4,-1.7087,193288.55,449766.369,1.4026,2.9834,1.04,64.8193,114.9626,2.1039,1.8752,1.4376,0.465,0.465,137811.7598,137811.7598,64788.2235,3171048.593,3171048.593,,,3.2997
600150,中国船舶,船舶,上海,19980520,600150.SH,20200109,23.21,23.8,23.01,23.41,24.1,-0.69,-2.8631,206986.36,484352.716,1.5019,3.1948,1.24,65.9461,116.9611,2.1405,1.9078,1.4625,0.4571,0.4571,137811.7598,137811.7598,64788.2235,3226173.2969,3226173.2969,,,3.2997
600150,中国船舶,船舶,上海,19980520,600150.SH,20200108,22.7,24.5,22.53,24.1,22.6,1.5,6.6372,345374.29,805846.678,2.5061,5.3308,3.04,67.8899,120.4085,2.2036,1.964,1.5056,0.444,0.444,137811.7598,137811.7598,64788.2235,3321263.4112,3321263.4112,,,3.2997
600150,中国船舶,船舶,上海,19980520,600150.SH,20200107,22.52,22.9,22.35,22.6,22.52,0.08,0.3552,109809.58,248015.231,0.7968,1.6949,1.02,63.6644,112.9142,2.0664,1.8418,1.4119,0.4735,0.4735,137811.7598,137811.7598,64788.2235,3114545.7715,3114545.7715,,,3.2997
600150,中国船舶,船舶,上海,19980520,600150.SH,20200106,22.3,22.8,22.25,22.52,22.12,0.4,1.8083,160580.88,362531.145,1.1652,2.4786,1.78,63.439,112.5145,2.0591,1.8353,1.4069,0.4751,0.4751,137811.7598,137811.7598,64788.2235,3103520.8307,3103520.8307,,,3.2997
600150,中国船舶,船舶,上海,19980520,600150.SH,20200103,22.1,22.29,21.86,22.12,22.11,0.01,0.0452,108825.75,240381.15,0.7897,1.6797,1.36,62.3122,110.516,2.0225,1.8027,1.3819,0.4837,0.4837,137811.7598,137811.7598,64788.2235,3048396.1268,3048396.1268,24.3,19.88,3.2997
600150,中国船舶,船舶,上海,19980520,600150.SH,20200102,21.85,22.19,21.78,22.11,21.76,0.35,1.6085,110859.69,243899.299,0.8044,1.7111,1.51,62.284,110.466,2.0216,1.8019,1.3813,0.4839,0.4839,137811.7598,137811.7598,64788.2235,3047018.0092,3047018.0092,,,3.2997
600150,中国船舶,船舶,上海,19980520,600150.SH,20191231,21.45,21.82,21.31,21.76,21.39,0.37,1.7298,78765.43,170382.182,0.5715,1.2157,1.1,61.2981,108.7174,1.9896,1.7733,1.3595,0.0,0.4917,137811.7598,137811.7598,64788.2235,2998783.8932,2998783.8932,,,3.2997
600150,中国船舶,船舶,上海,19980520,600150.SH,20191230,21.41,21.59,20.81,21.39,21.42,-0.03,-0.1401,79596.04,169083.196,0.5776,1.2286,1.09,60.2558,106.8688,1.9558,1.7432,1.3363,0.0,0.5002,137811.7598,137811.7598,64788.2235,2947793.5421,2947793.5421,,,3.2997
600150,中国船舶,船舶,上海,19980520,600150.SH,20191227,21.7,21.86,21.41,21.42,21.71,-0.29,-1.3358,73666.25,159559.566,0.5345,1.137,0.91,60.3403,107.0187,1.9585,1.7456,1.3382,0.0,0.4995,137811.7598,137811.7598,64788.2235,2951927.8949,2951927.8949,,,3.2997
600150,中国船舶,船舶,上海,19980520,600150.SH,20191226,21.85,21.95,21.6,21.71,21.83,-0.12,-0.5497,56546.5,122843.832,0.4103,0.8728,0.57,61.1572,108.4676,1.9851,1.7693,1.3563,0.0,0.4929,137811.7598,137811.7598,64788.2235,2991893.3053,2991893.3053,,,3.2997
600150,中国船舶,船舶,上海,19980520,600150.SH,20191225,21.81,21.97,21.61,21.83,21.65,0.18,0.8314,78566.71,170880.6,0.5701,1.2127,0.61,61.4953,109.0671,1.996,1.7791,1.3638,0.0,0.4902,137811.7598,137811.7598,64788.2235,3008430.7164,3008430.7164,,,3.2997
600150,中国船舶,船舶,上海,19980520,600150.SH,20191224,21.3,21.77,21.3,21.65,21.27,0.38,1.7866,68788.6,148390.012,0.4991,1.0617,0.45,60.9882,108.1678,1.9796,1.7644,1.3526,0.0,0.4942,137811.7598,137811.7598,64788.2235,2983624.5997,2983624.5997,,,3.2997
600150,中国船舶,船舶,上海,19980520,600150.SH,20191223,21.51,21.83,21.25,21.27,21.55,-0.28,-1.2993,88229.26,190244.713,0.6402,1.3618,0.51,59.9177,106.2692,1.9448,1.7334,1.3288,0.0,0.5031,137811.7598,137811.7598,64788.2235,2931256.1309,2931256.1309,,,3.2997
600150,中国船舶,船舶,上海,19980520,600150.SH,20191220,21.8,21.92,21.5,21.55,21.82,-0.27,-1.2374,111284.67,241586.196,0.8075,1.7177,0.61,60.7065,107.6682,1.9704,1.7562,1.3463,0.0,0.4965,137811.7598,137811.7598,64788.2235,2969843.4237,2969843.4237,,,3.2997
600150,中国船舶,船舶,上海,19980520,600150.SH,20191219,22.2,22.27,21.78,21.82,22.35,-0.53,-2.3714,150313.8,329144.296,1.0907,2.3201,0.79,61.4671,109.0171,1.9951,1.7782,1.3632,0.0,0.4904,137811.7598,137811.7598,64788.2235,3007052.5988,3007052.5988,,,3.2997
600150,中国船舶,船舶,上海,19980520,600150.SH,20191218,23.24,23.33,22.31,22.35,22.68,-0.33,-1.455,226136.56,515914.828,1.6409,3.4904,1.3,62.9601,111.6651,2.0436,1.8214,1.3963,0.0,0.4787,137811.7598,137811.7598,64788.2235,3080092.8315,3080092.8315,,,3.2997
600150,中国船舶,船舶,上海,19980520,600150.SH,20191217,22.9,23.25,22.35,22.68,22.8,-0.12,-0.5263,193021.43,438242.108,1.4006,2.9793,1.29,63.8897,113.3139,2.0738,1.8483,1.4169,0.0,0.4718,137811.7598,137811.7598,64788.2235,3125570.7123,3125570.7123,23.94,19.58,3.2997
600150,中国船舶,船舶,上海,19980520,600150.SH,20191216,21.96,22.84,21.84,22.8,21.76,1.04,4.7794,189250.37,426001.47,1.3733,2.9211,1.48,64.2278,113.9134,2.0847,1.8581,1.4244,0.0,0.4693,137811.7598,137811.7598,64788.2235,3142108.1234,3142108.1234,,,3.3
600150,中国船舶,船舶,上海,19980520,600150.SH,20191213,21.66,21.97,21.51,21.76,21.7,0.06,0.2765,153430.8,334313.981,1.1133,2.3682,1.26,61.2981,108.7174,1.9896,1.7733,1.3595,0.0,0.4917,137811.7598,137811.7598,64788.2235,2998783.8932,2998783.8932,,,3.3
600150,中国船舶,船舶,上海,19980520,600150.SH,20191212,21.0,21.87,20.87,21.7,21.06,0.64,3.0389,187410.6,405034.203,1.3599,2.8927,1.97,61.1291,108.4176,1.9841,1.7685,1.3557,0.0,0.4931,137811.7598,137811.7598,64788.2235,2990515.1877,2990515.1877,,,3.3
600150,中国船舶,船舶,上海,19980520,600150.SH,20191211,20.66,21.18,20.61,21.06,20.69,0.37,1.7883,146629.43,306567.797,1.064,2.2632,1.91,59.3262,105.22,1.9256,1.7163,1.3157,0.0,0.5081,137811.7598,137811.7598,64788.2235,2902315.6614,2902315.6614,,,3.3
600150,中国船舶,船舶,上海,19980520,600150.SH,20191210,20.55,20.78,20.42,20.69,20.63,0.06,0.2908,73850.05,152388.671,0.5359,1.1399,1.01,58.2839,103.3714,1.8918,1.6861,1.2926,0.0,0.5172,137811.7598,137811.7598,64788.2235,2851325.3103,2851325.3103,,,3.3
600150,中国船舶,船舶,上海,19980520,600150.SH,20191209,20.78,20.78,20.45,20.63,20.69,-0.06,-0.29,76660.42,158201.007,0.5563,1.1832,1.12,58.1149,103.0717,1.8863,1.6813,1.2889,0.0,0.5187,137811.7598,137811.7598,64788.2235,2843056.6047,2843056.6047,,,3.3
600150,中国船舶,船舶,上海,19980520,600150.SH,20191206,20.22,20.81,20.15,20.69,20.22,0.47,2.3244,123083.69,252818.905,0.8931,1.8998,2.33,58.2839,103.3714,1.8918,1.6861,1.2926,0.0,0.5172,137811.7598,137811.7598,64788.2235,2851325.3103,2851325.3103,,,3.3
600150,中国船舶,船舶,上海,19980520,600150.SH,20191205,20.19,20.27,20.06,20.22,20.14,0.08,0.3972,55970.41,113014.332,0.4061,0.8639,1.0,56.9599,101.0232,1.8488,1.6478,1.2632,0.0,0.5292,137811.7598,137811.7598,64788.2235,2786553.7832,2786553.7832,,,3.3
600150,中国船舶,船舶,上海,19980520,600150.SH,20191204,19.79,20.14,19.7,20.14,19.96,0.18,0.9018,53828.97,107609.561,0.3906,0.8308,0.73,56.7345,100.6235,1.8415,1.6413,1.2582,0.0,0.5313,137811.7598,137811.7598,64788.2235,2775528.8424,2775528.8424,,,3.3
600150,中国船舶,船舶,上海,19980520,600150.SH,20191203,19.95,20.0,19.65,19.96,19.87,0.09,0.4529,55066.44,109098.733,0.3996,0.8499,0.55,56.2275,99.7242,1.825,1.6267,1.247,0.0,0.5361,137811.7598,137811.7598,64788.2235,2750722.7256,2750722.7256,,,3.3
600150,中国船舶,船舶,上海,19980520,600150.SH,20191202,20.05,20.18,19.81,19.87,20.13,-0.26,-1.2916,53321.69,106583.172,0.3869,0.823,0.53,55.9739,99.2746,1.8168,1.6193,1.2414,0.0,0.5385,137811.7598,137811.7598,64788.2235,2738319.6672,2738319.6672,,,3.3
600150,中国船舶,船舶,上海,19980520,600150.SH,20191129,20.42,20.42,20.01,20.13,20.3,-0.17,-0.8374,46017.74,92622.371,0.3339,0.7103,0.41,56.7064,100.5736,1.8406,1.6405,1.2576,0.0,0.5315,137811.7598,137811.7598,64788.2235,2774150.7248,2774150.7248,,,3.3
600150,中国船舶,船舶,上海,19980520,600150.SH,20191128,20.14,20.3,20.05,20.3,20.34,-0.04,-0.1967,72333.87,145616.658,0.5249,1.1165,0.59,57.1852,101.4229,1.8561,1.6544,1.2682,0.0,0.5271,137811.7598,137811.7598,64788.2235,2797578.7239,2797578.7239,,,3.3
600150,中国船舶,船舶,上海,19980520,600150.SH,20191127,20.86,20.95,20.27,20.34,20.34,0.0,0.0,141572.78,291069.232,1.0273,2.1852,1.35,57.2979,101.6228,1.8598,1.6576,1.2707,0.0,0.5261,137811.7598,137811.7598,64788.2235,2803091.1943,2803091.1943,,,3.3
600150,中国船舶,船舶,上海,19980520,600150.SH,20191126,19.98,21.0,19.97,20.34,19.55,0.79,4.0409,188945.1,386775.14,1.371,2.9163,2.45,57.2979,101.6228,1.8598,1.6576,1.2707,0.0,0.5261,137811.7598,137811.7598,64788.2235,2803091.1943,2803091.1943,,,3.3
600150,中国船舶,船舶,上海,19980520,600150.SH,20191125,19.65,19.66,19.34,19.55,19.74,-0.19,-0.9625,56657.62,110555.968,0.4111,0.8745,0.75,55.0725,97.6758,1.7876,1.5932,1.2214,0.0,0.5473,137811.7598,137811.7598,64788.2235,2694219.9041,2694219.9041,,,3.3
600150,中国船舶,船舶,上海,19980520,600150.SH,20191122,19.62,20.13,19.35,19.74,20.15,-0.41,-2.0347,107515.87,212169.833,0.7802,1.6595,1.44,55.6077,98.625,1.8049,1.6087,1.2333,0.0,0.542,137811.7598,137811.7598,64788.2235,2720404.1385,2720404.1385,,,3.3
600150,中国船舶,船舶,上海,19980520,600150.SH,20191121,19.8,20.57,19.8,20.15,19.78,0.37,1.8706,117711.6,238799.664,0.8541,1.8169,1.91,56.7627,100.6735,1.8424,1.6421,1.2589,0.0,0.531,137811.7598,137811.7598,64788.2235,2776906.96,2776906.96,,,3.3
600150,中国船舶,船舶,上海,19980520,600150.SH,20191120,19.92,20.09,19.64,19.78,19.99,-0.21,-1.0505,53818.78,106893.421,0.3905,0.8307,0.82,55.7204,98.8249,1.8086,1.612,1.2358,0.0,0.541,137811.7598,137811.7598,64788.2235,2725916.6088,2725916.6088,,,3.3
600150,中国船舶,船舶,上海,19980520,600150.SH,20191119,19.8,20.04,19.7,19.99,19.83,0.16,0.8069,49900.96,99523.502,0.3621,0.7702,0.76,56.312,99.8741,1.8278,1.6291,1.2489,0.0,0.5353,137811.7598,137811.7598,64788.2235,2754857.0784,2754857.0784,,,3.3
600150,中国船舶,船舶,上海,19980520,600150.SH,20191118,20.06,20.06,19.55,19.83,20.07,-0.24,-1.1958,48083.22,95086.619,0.3489,0.7422,0.7,55.8613,99.0747,1.8132,1.6161,1.2389,0.0,0.5396,137811.7598,137811.7598,64788.2235,2732807.1968,2732807.1968,,,3.3
600150,中国船舶,船舶,上海,19980520,600150.SH,20191115,19.75,20.18,19.41,20.07,19.87,0.2,1.0065,103803.12,204946.388,0.7532,1.6022,1.77,56.5373,100.2738,1.8351,1.6356,1.2539,0.0,0.5331,137811.7598,137811.7598,64788.2235,2765882.0192,2765882.0192,,,3.3
600150,中国船舶,船舶,上海,19980520,600150.SH,20191114,19.88,20.02,19.73,19.87,19.79,0.08,0.4042,52061.87,103374.789,0.3778,0.8036,0.85,55.9739,99.2746,1.8168,1.6193,1.2414,0.0,0.5385,137811.7598,137811.7598,64788.2235,2738319.6672,2738319.6672,,,3.3
600150,中国船舶,船舶,上海,19980520,600150.SH,20191113,20.24,20.3,19.71,19.79,20.24,-0.45,-2.2233,73775.68,146925.373,0.5353,1.1387,1.0,55.7486,98.8749,1.8095,1.6128,1.2364,0.0,0.5407,137811.7598,137811.7598,64788.2235,2727294.7264,2727294.7264,,,3.3
600150,中国船舶,船舶,上海,19980520,600150.SH,20191112,20.02,20.39,20.02,20.24,20.16,0.08,0.3968,50662.95,102187.89,0.3676,0.782,0.66,57.0162,101.1231,1.8507,1.6495,1.2645,0.0,0.5287,137811.7598,137811.7598,64788.2235,2789310.0184,2789310.0184,,,3.3
600150,中国船舶,船舶,上海,19980520,600150.SH,20191111,20.62,20.62,20.04,20.16,20.81,-0.65,-3.1235,63748.39,129040.674,0.4626,0.984,0.84,56.7909,100.7234,1.8433,1.643,1.2595,0.0,0.5308,137811.7598,137811.7598,64788.2235,2778285.0776,2778285.0776,,,3.3
600150,中国船舶,船舶,上海,19980520,600150.SH,20191108,21.0,21.0,20.54,20.81,20.65,0.16,0.7748,52336.8,108667.82,0.3798,0.8078,0.63,58.6219,103.971,1.9028,1.6959,1.3001,0.0,0.5142,137811.7598,137811.7598,64788.2235,2867862.7214,2867862.7214,21.71,17.77,3.3
600150,中国船舶,船舶,上海,19980520,600150.SH,20191107,20.8,20.97,20.61,20.65,21.05,-0.4,-1.9002,64272.48,133123.786,0.4664,0.992,0.72,58.1712,103.1716,1.8881,1.6829,1.2901,0.0,0.5182,137811.7598,137811.7598,64788.2235,2845812.8399,2845812.8399,,,3.3
600150,中国船舶,船舶,上海,19980520,600150.SH,20191106,20.73,21.67,20.73,21.05,20.7,0.35,1.6908,136192.55,289623.234,0.9883,2.1021,1.67,59.298,105.1701,1.9247,1.7155,1.3151,0.0,0.5083,137811.7598,137811.7598,64788.2235,2900937.5438,2900937.5438,21.76,17.8,3.3
600150,中国船舶,船舶,上海,19980520,600150.SH,20191105,20.47,20.94,20.39,20.7,20.47,0.23,1.1236,68486.24,141625.742,0.497,1.0571,0.74,58.3121,103.4214,1.8927,1.687,1.2932,0.0,0.5169,137811.7598,137811.7598,64788.2235,2852703.4279,2852703.4279,,,3.3
600150,中国船舶,船舶,上海,19980520,600150.SH,20191104,20.52,20.63,20.3,20.47,20.52,-0.05,-0.2437,59815.81,122275.16,0.434,0.9233,0.51,57.6641,102.2723,1.8717,1.6682,1.2789,0.0,0.5227,137811.7598,137811.7598,64788.2235,2821006.7231,2821006.7231,,,3.3
600150,中国船舶,船舶,上海,19980520,600150.SH,20191101,20.3,20.58,19.92,20.52,20.44,0.08,0.3914,84303.89,170785.543,0.6117,1.3012,0.65,57.805,102.5221,1.8763,1.6723,1.282,0.0,0.5214,137811.7598,137811.7598,64788.2235,2827897.3111,2827897.3111,,,3.3
600150,中国船舶,船舶,上海,19980520,600150.SH,20191031,21.0,21.15,20.43,20.44,20.99,-0.55,-2.6203,97808.83,202350.569,0.7097,1.5097,0.66,57.5796,102.1224,1.8689,1.6658,1.277,0.0,0.5235,137811.7598,137811.7598,64788.2235,2816872.3703,2816872.3703,,,3.3
600150,中国船舶,船舶,上海,19980520,600150.SH,20191030,21.42,21.69,20.51,20.99,21.4,-0.41,-1.9159,96810.7,204045.816,0.7025,1.4943,0.7,59.129,87.384,1.9261,1.7106,1.5189,0.0,0.5098,137811.7598,137811.7598,64788.2235,2892668.8382,2892668.8382,,,3.3
600150,中国船舶,船舶,上海,19980520,600150.SH,20191029,22.33,22.34,21.4,21.4,22.32,-0.92,-4.1219,123695.57,268791.4,0.8976,1.9092,1.01,60.284,89.0909,1.9637,1.744,1.5485,0.0,0.5,137811.7598,137811.7598,64788.2235,2949171.6597,2949171.6597,,,3.3
600150,中国船舶,船舶,上海,19980520,600150.SH,20191028,22.9,22.98,22.08,22.32,22.16,0.16,0.722,181238.99,407611.682,1.3151,2.7974,1.72,62.8756,92.9209,2.0481,1.819,1.6151,0.0,0.4794,137811.7598,137811.7598,64788.2235,3075958.4787,3075958.4787,,,3.3
600150,中国船舶,船舶,上海,19980520,600150.SH,20191025,22.58,22.68,21.88,22.16,22.15,0.01,0.0451,152491.14,338282.607,1.1065,2.3537,1.66,62.4249,92.2548,2.0334,1.8059,1.6035,0.0,0.4829,137811.7598,137811.7598,64788.2235,3053908.5972,3053908.5972,,,3.3
600150,中国船舶,船舶,上海,19980520,600150.SH,20191024,21.01,22.33,20.78,22.15,20.93,1.22,5.829,185770.91,402967.45,1.348,2.8674,2.8,62.3967,92.2132,2.0325,1.8051,1.6028,0.0,0.4831,137811.7598,137811.7598,64788.2235,3052530.4796,3052530.4796,,,3.3
600150,中国船舶,船舶,上海,19980520,600150.SH,20191023,21.25,21.33,20.89,20.93,21.18,-0.25,-1.1804,49978.63,105359.324,0.3627,0.7714,0.72,58.96,87.1342,1.9206,1.7057,1.5145,0.0,0.5112,137811.7598,137811.7598,64788.2235,2884400.1326,2884400.1326,,,3.3
600150,中国船舶,船舶,上海,19980520,600150.SH,20191022,21.24,21.37,21.01,21.18,21.25,-0.07,-0.3294,44045.44,93223.763,0.3196,0.6798,0.6,59.6642,88.175,1.9435,1.7261,1.5326,0.0,0.5052,137811.7598,137811.7598,64788.2235,2918853.0726,2918853.0726,,,3.3
600150,中国船舶,船舶,上海,19980520,600150.SH,20191021,21.08,21.55,20.42,21.25,21.06,0.19,0.9022,93106.81,195328.523,0.6756,1.4371,1.12,59.8614,88.4664,1.9499,1.7318,1.5377,0.0,0.5035,137811.7598,137811.7598,64788.2235,2928499.8958,2928499.8958,,,3.3
600150,中国船舶,船舶,上海,19980520,600150.SH,20191018,21.45,21.66,20.78,21.06,21.45,-0.39,-1.8182,86801.09,183390.487,0.6299,1.3398,1.08,59.3262,87.6754,1.9325,1.7163,1.5239,0.0,0.5081,137811.7598,137811.7598,64788.2235,2902315.6614,2902315.6614,22.57,18.47,3.3
600150,中国船舶,船舶,上海,19980520,600150.SH,20191017,21.63,21.95,21.4,21.45,21.63,-0.18,-0.8322,58104.13,125690.721,0.4216,0.8968,0.7,60.4248,89.299,1.9683,1.7481,1.5521,0.0,0.4988,137811.7598,137811.7598,64788.2235,2956062.2477,2956062.2477,,,3.3
600150,中国船舶,船舶,上海,19980520,600150.SH,20191016,21.95,22.19,21.56,21.63,22.02,-0.39,-1.7711,65185.0,142322.133,0.473,1.0061,0.77,60.9319,90.0484,1.9848,1.7628,1.5652,0.0,0.4947,137811.7598,137811.7598,64788.2235,2980868.3645,2980868.3645,23.09,18.89,3.3
600150,中国船舶,船舶,上海,19980520,600150.SH,20191015,22.42,22.5,21.96,22.02,22.36,-0.34,-1.5206,65173.9,143824.89,0.4729,1.006,0.71,62.0305,91.672,2.0206,1.7945,1.5934,0.0,0.4859,137811.7598,137811.7598,64788.2235,3034614.9508,3034614.9508,,,3.3
600150,中国船舶,船舶,上海,19980520,600150.SH,20191014,21.78,22.59,21.7,22.36,21.55,0.81,3.7587,138560.44,306837.097,1.0054,2.1387,1.71,62.9883,93.0875,2.0518,1.8222,1.618,0.0,0.4785,137811.7598,137811.7598,64788.2235,3081470.9491,3081470.9491,,,3.3
600150,中国船舶,船舶,上海,19980520,600150.SH,20191011,21.88,22.05,21.39,21.55,21.82,-0.27,-1.2374,76187.63,164981.224,0.5528,1.1759,0.86,60.7065,89.7153,1.9774,1.7562,1.5594,0.0,0.4965,137811.7598,137811.7598,64788.2235,2969843.4237,2969843.4237,,,3.3
600150,中国船舶,船舶,上海,19980520,600150.SH,20191010,21.55,21.99,21.48,21.82,21.49,0.33,1.5356,69848.72,152240.131,0.5068,1.0781,0.51,61.4671,90.8394,2.0022,1.7782,1.5789,0.0,0.4904,137811.7598,137811.7598,64788.2235,3007052.5988,3007052.5988,,,3.3
600150,中国船舶,船舶,上海,19980520,600150.SH,20191009,21.37,21.58,21.01,21.49,21.46,0.03,0.1398,74074.69,157895.549,0.5375,1.1433,0.43,60.5375,89.4655,1.9719,1.7513,1.555,0.0,0.4979,137811.7598,137811.7598,64788.2235,2961574.7181,2961574.7181,,,3.3
600150,中国船舶,船舶,上海,19980520,600150.SH,20191008,22.0,22.15,21.35,21.46,22.01,-0.55,-2.4989,99481.35,215073.099,0.7219,1.5355,0.54,60.453,89.3406,1.9692,1.7489,1.5529,0.0,0.4986,137811.7598,137811.7598,64788.2235,2957440.3653,2957440.3653,,,3.3
600150,中国船舶,船舶,上海,19980520,600150.SH,20190930,22.19,22.72,21.92,22.01,22.19,-0.18,-0.8112,86733.22,193329.616,0.6294,1.3387,0.39,62.0023,91.6304,2.0197,1.7937,1.5927,0.0,0.4861,137811.7598,137811.7598,64788.2235,3033236.8332,3033236.8332,,,3.3
600150,中国船舶,船舶,上海,19980520,600150.SH,20190927,22.18,22.53,21.9,22.19,22.24,-0.05,-0.2248,114791.46,255613.944,0.833,1.7718,0.48,62.5094,92.3797,2.0362,1.8084,1.6057,0.0,0.4822,137811.7598,137811.7598,64788.2235,3058042.95,3058042.95,,,3.3
600150,中国船舶,船舶,上海,19980520,600150.SH,20190926,24.05,24.07,22.01,22.24,24.37,-2.13,-8.7403,315434.13,716965.006,2.2889,4.8687,1.57,62.6502,92.5879,2.0408,1.8125,1.6093,0.0,0.4811,137811.7598,137811.7598,64788.2235,3064933.538,3064933.538,,,3.3
600150,中国船舶,船舶,上海,19980520,600150.SH,20190925,24.7,25.24,24.32,24.37,24.76,-0.39,-1.5751,239127.31,595805.993,1.7352,3.6909,1.3,68.6505,101.4553,2.2362,1.9861,1.7634,0.0,0.4391,137811.7598,137811.7598,64788.2235,3358472.5863,3358472.5863,,,3.3
600150,中国船舶,船舶,上海,19980520,600150.SH,20190924,25.33,25.33,24.75,24.76,25.2,-0.44,-1.746,166468.25,414478.695,1.2079,2.5694,0.76,69.7491,103.079,2.272,2.0178,1.7917,0.0,0.4321,137811.7598,137811.7598,64788.2235,3412219.1726,3412219.1726,,,3.3
600150,中国船舶,船舶,上海,19980520,600150.SH,20190923,24.7,25.33,24.58,25.2,24.87,0.33,1.3269,284295.88,712793.892,2.0629,4.3881,1.57,70.9886,104.9107,2.3124,2.0537,1.8235,0.0,0.4246,137811.7598,137811.7598,64788.2235,3472856.347,3472856.347,,,3.3
600150,中国船舶,船舶,上海,19980520,600150.SH,20190920,24.4,25.15,24.1,24.87,24.4,0.47,1.9262,188181.48,462629.026,1.3655,2.9046,1.15,70.059,103.5369,2.2821,2.0268,1.7996,0.0,0.4302,137811.7598,137811.7598,64788.2235,3427378.4662,3427378.4662,,,3.3
600150,中国船舶,船舶,上海,19980520,600150.SH,20190919,24.24,24.44,23.86,24.4,24.23,0.17,0.7016,126369.23,305232.374,0.917,1.9505,0.74,68.735,101.5802,2.239,1.9885,1.7656,0.0,0.4385,137811.7598,137811.7598,64788.2235,3362606.9391,3362606.9391,,,3.3
600150,中国船舶,船舶,上海,19980520,600150.SH,20190918,24.75,24.77,24.11,24.23,24.73,-0.5,-2.0218,154052.11,374255.78,1.1178,2.3778,0.79,68.2561,100.8725,2.2234,1.9746,1.7533,0.0,0.4416,137811.7598,137811.7598,64788.2235,3339178.94,3339178.94,,,3.3
600150,中国船舶,船舶,上海,19980520,600150.SH,20190917,24.75,25.38,24.61,24.73,24.34,0.39,1.6023,337876.58,844104.036,2.4517,5.2151,2.14,69.6646,102.9541,2.2692,2.0154,1.7895,0.0,0.4327,137811.7598,137811.7598,64788.2235,3408084.8199,3408084.8199,,,3.3
600150,中国船舶,船舶,上海,19980520,600150.SH,20190916,24.61,24.68,24.21,24.34,24.5,-0.16,-0.6531,97177.26,236971.876,0.7051,1.4999,0.56,68.566,101.3304,2.2335,1.9836,1.7613,0.0,0.4396,137811.7598,137811.7598,64788.2235,3354338.2335,3354338.2335,,,3.3
600150,中国船舶,船舶,上海,19980520,600150.SH,20190912,24.46,24.64,24.14,24.5,24.45,0.05,0.2045,102312.72,249722.185,0.7424,1.5792,0.47,69.0167,101.9965,2.2481,1.9966,1.7728,0.0,0.4367,137811.7598,137811.7598,64788.2235,3376388.1151,3376388.1151,,,3.3
600150,中国船舶,船舶,上海,19980520,600150.SH,20190911,24.99,24.99,24.43,24.45,25.04,-0.59,-2.3562,166558.19,409703.474,1.2086,2.5708,0.74,68.8758,101.7884,2.2436,1.9926,1.7692,0.0,0.4376,137811.7598,137811.7598,64788.2235,3369497.5271,3369497.5271,,,3.3
600150,中国船舶,船舶,上海,19980520,600150.SH,20190910,24.94,25.55,24.77,25.04,24.81,0.23,0.927,270536.48,681459.843,1.9631,4.1757,1.2,70.5379,104.2446,2.2977,2.0407,1.8119,0.0,0.4273,137811.7598,137811.7598,64788.2235,3450806.4654,3450806.4654,,,3.3
600150,中国船舶,船舶,上海,19980520,600150.SH,20190909,24.91,24.91,24.51,24.81,24.51,0.3,1.224,153106.18,378501.81,1.111,2.3632,0.55,69.89,103.2871,2.2766,2.0219,1.7953,0.0,0.4313,137811.7598,137811.7598,64788.2235,3419109.7606,3419109.7606,,,3.3
600150,中国船舶,船舶,上海,19980520,600150.SH,20190906,24.9,25.04,24.47,24.51,24.9,-0.39,-1.5663,178435.66,440678.202,1.2948,2.7541,0.55,69.0448,102.0382,2.2491,1.9975,1.7736,0.0,0.4366,137811.7598,137811.7598,64788.2235,3377766.2327,3377766.2327,,,3.3
600150,中国船舶,船舶,上海,19980520,600150.SH,20190905,24.71,25.4,24.45,24.9,24.37,0.53,2.1748,325204.85,808227.14,2.3598,5.0195,1.14,70.1435,103.6618,2.2848,2.0292,1.8018,0.0,0.4297,137811.7598,137811.7598,64788.2235,3431512.819,3431512.819,,,3.3
600150,中国船舶,船舶,上海,19980520,600150.SH,20190904,24.61,24.8,24.08,24.37,24.85,-0.48,-1.9316,195927.4,478963.726,1.4217,3.0241,0.69,68.6505,101.4553,2.2362,1.9861,1.7634,0.0,0.4391,137811.7598,137811.7598,64788.2235,3358472.5863,3358472.5863,,,3.3
600150,中国船舶,船舶,上海,19980520,600150.SH,20190903,24.71,25.2,24.27,24.85,24.71,0.14,0.5666,275876.75,680513.662,2.0018,4.2581,1.09,70.0026,103.4536,2.2803,2.0252,1.7982,0.0,0.4306,137811.7598,137811.7598,64788.2235,3424622.231,3424622.231,,,3.3
600150,中国船舶,船舶,上海,19980520,600150.SH,20190902,24.1,25.49,24.02,24.71,24.32,0.39,1.6036,404687.94,1006223.349,2.9365,6.2463,2.01,69.6083,102.8708,2.2674,2.0138,1.788,0.0,0.433,137811.7598,137811.7598,64788.2235,3405328.5847,3405328.5847,,,3.3
600150,中国船舶,船舶,上海,19980520,600150.SH,20190830,23.15,24.78,22.98,24.32,22.97,1.35,5.8772,428681.73,1020046.134,3.1106,6.6167,2.71,68.5096,101.2472,2.2316,1.982,1.7598,0.0,0.44,137811.7598,137811.7598,64788.2235,3351581.9983,3351581.9983,,,3.3
600150,中国船舶,船舶,上海,19980520,600150.SH,20190829,22.94,23.33,22.85,22.97,23.01,-0.04,-0.1738,116585.69,268691.795,0.846,1.7995,0.71,64.7067,95.627,2.1077,1.872,1.6621,0.0,0.4658,137811.7598,137811.7598,64788.2235,3165536.1226,3165536.1226,,,3.3
600150,中国船舶,船舶,上海,19980520,600150.SH,20190828,23.0,23.6,22.8,23.01,22.82,0.19,0.8326,191184.53,444658.423,1.3873,2.9509,1.25,64.8193,95.7935,2.1114,1.8752,1.665,0.0,0.465,137811.7598,137811.7598,64788.2235,3171048.593,3171048.593,,,3.3
600150,中国船舶,船舶,上海,19980520,600150.SH,20190827,22.65,23.13,22.65,22.82,22.59,0.23,1.0181,121783.47,278616.8,0.8837,1.8797,0.64,64.2841,95.0025,2.094,1.8597,1.6513,0.0,0.4689,137811.7598,137811.7598,64788.2235,3144864.3586,3144864.3586,,,3.3
600150,中国船舶,船舶,上海,19980520,600150.SH,20190826,22.0,23.02,21.9,22.59,22.98,-0.39,-1.6971,146625.77,330445.152,1.064,2.2632,0.7,63.6362,94.045,2.0729,1.841,1.6346,0.0,0.4737,137811.7598,137811.7598,64788.2235,3113167.6539,3113167.6539,,,3.3
600150,中国船舶,船舶,上海,19980520,600150.SH,20190823,23.5,23.62,22.81,22.98,23.8,-0.82,-3.4454,214729.59,497402.927,1.5581,3.3143,0.81,64.7348,95.6686,2.1087,1.8728,1.6628,0.0,0.4656,137811.7598,137811.7598,64788.2235,3166914.2402,3166914.2402,,,3.3
600150,中国船舶,船舶,上海,19980520,600150.SH,20190822,23.77,24.18,23.71,23.8,23.77,0.03,0.1262,142519.25,340784.657,1.0342,2.1998,0.53,67.0448,77.9167,2.1901,1.9396,1.7678,0.0,0.4496,137811.7598,137811.7598,64788.2235,3279919.8832,3279919.8832,,,3.3
600150,中国船舶,船舶,上海,19980520,600150.SH,20190821,23.96,24.17,23.72,23.77,24.18,-0.41,-1.6956,141992.27,339372.533,1.0303,2.1916,0.53,66.9603,77.8185,2.1873,1.9372,1.7656,0.0,0.4501,137811.7598,137811.7598,64788.2235,3275785.5304,3275785.5304,,,3.3
600150,中国船舶,船舶,上海,19980520,600150.SH,20190820,23.68,24.5,23.45,24.18,23.81,0.37,1.554,301852.9,723405.798,2.1903,4.6591,1.14,68.1152,79.1607,2.225,1.9706,1.796,0.0,0.4425,137811.7598,137811.7598,64788.2235,3332288.352,3332288.352,,,3.3
600150,中国船舶,船舶,上海,19980520,600150.SH,20190819,23.64,23.97,23.3,23.81,23.66,0.15,0.634,252186.04,596211.347,1.8299,3.8925,1.0,67.0729,77.9494,2.191,1.9404,1.7685,0.0,0.4494,137811.7598,137811.7598,64788.2235,3281298.0008,3281298.0008,,,3.3
600150,中国船舶,船舶,上海,19980520,600150.SH,20190816,25.0,25.54,23.58,23.66,23.97,-0.31,-1.2933,486147.87,1191738.711,3.5276,7.5036,2.45,66.6504,77.4584,2.1772,1.9282,1.7574,0.0,0.4522,137811.7598,137811.7598,64788.2235,3260626.2369,3260626.2369,,,3.3
600150,中国船舶,船舶,上海,19980520,600150.SH,20190815,23.97,23.97,23.5,23.97,21.79,2.18,10.0046,158521.79,379592.726,1.1503,2.4468,0.77,67.5237,78.4732,2.2057,1.9535,1.7804,0.0,0.4464,137811.7598,137811.7598,64788.2235,3303347.8824,3303347.8824,,,3.3
600150,中国船舶,船舶,上海,19980520,600150.SH,20190807,22.34,22.48,21.73,21.79,22.17,-0.38,-1.714,130182.56,287324.617,0.9446,2.0094,0.55,61.3826,71.3363,2.0051,1.7758,1.6185,0.0,0.4911,137811.7598,137811.7598,64788.2235,3002918.246,3002918.246,,,3.3
600150,中国船舶,船舶,上海,19980520,600150.SH,20190806,22.0,22.78,21.05,22.17,22.98,-0.81,-3.5248,299893.94,654652.38,2.1761,4.6288,1.44,62.4531,72.5804,2.0401,1.8068,1.6467,0.0,0.4826,137811.7598,137811.7598,64788.2235,3055286.7148,3055286.7148,,,3.3
600150,中国船舶,船舶,上海,19980520,600150.SH,20190805,23.01,23.68,22.9,22.98,23.27,-0.29,-1.2462,184074.45,428473.062,1.3357,2.8412,0.88,64.7348,75.2322,2.1146,1.8728,1.7069,0.0,0.4656,137811.7598,137811.7598,64788.2235,3166914.2402,3166914.2402,,,3.3
600150,中国船舶,船舶,上海,19980520,600150.SH,20190802,23.4,23.7,22.92,23.27,24.23,-0.96,-3.962,219778.0,511288.517,1.5948,3.3923,1.14,65.5518,76.1816,2.1413,1.8964,1.7284,0.0,0.4598,137811.7598,137811.7598,64788.2235,3206879.6505,3206879.6505,,,3.3
600150,中国船舶,船舶,上海,19980520,600150.SH,20190801,24.6,25.04,24.17,24.23,25.07,-0.84,-3.3506,192095.16,473628.202,1.3939,2.965,1.06,68.2561,79.3244,2.2296,1.9746,1.7997,0.0,0.4416,137811.7598,137811.7598,64788.2235,3339178.94,3339178.94,,,3.3
600150,中国船舶,船舶,上海,19980520,600150.SH,20190731,24.55,25.1,24.03,25.07,24.56,0.51,2.0765,280688.33,692666.418,2.0368,4.3324,1.72,70.6224,82.0744,2.3069,2.0431,1.8621,0.0,0.4268,137811.7598,137811.7598,64788.2235,3454940.8182,3454940.8182,,,3.3
600150,中国船舶,船舶,上海,19980520,600150.SH,20190730,24.77,24.96,24.51,24.56,24.75,-0.19,-0.7677,161383.31,398378.426,1.171,2.4909,1.01,69.1857,80.4048,2.26,2.0015,1.8242,0.0,0.4357,137811.7598,137811.7598,64788.2235,3384656.8207,3384656.8207,,,3.3
600150,中国船舶,船舶,上海,19980520,600150.SH,20190729,24.22,24.86,24.22,24.75,24.09,0.66,2.7397,186333.67,458268.342,1.3521,2.876,1.09,69.7209,81.0268,2.2775,2.017,1.8383,0.0,0.4323,137811.7598,137811.7598,64788.2235,3410841.0551,3410841.0551,,,3.3
600150,中国船舶,船舶,上海,19980520,600150.SH,20190726,23.6,24.1,23.46,24.09,23.74,0.35,1.4743,140259.49,335089.783,1.0178,2.1649,0.82,67.8617,78.8661,2.2168,1.9632,1.7893,0.0,0.4442,137811.7598,137811.7598,64788.2235,3319885.2936,3319885.2936,,,3.3
600150,中国船舶,船舶,上海,19980520,600150.SH,20190725,23.8,24.05,23.45,23.74,23.7,0.04,0.1688,141047.37,334696.235,1.0235,2.1771,0.76,66.8758,77.7203,2.1846,1.9347,1.7633,0.0,0.4507,137811.7598,137811.7598,64788.2235,3271651.1777,3271651.1777,,,3.3
600150,中国船舶,船舶,上海,19980520,600150.SH,20190724,23.5,24.2,23.46,23.7,23.2,0.5,2.1552,188002.7,448188.566,1.3642,2.9018,0.96,66.7631,77.5893,2.1809,1.9314,1.7604,0.0,0.4515,137811.7598,137811.7598,64788.2235,3266138.7073,3266138.7073,,,3.3
600150,中国船舶,船舶,上海,19980520,600150.SH,20190723,22.88,23.47,22.81,23.2,22.85,0.35,1.5317,142280.38,329392.918,1.0324,2.1961,0.66,65.3546,75.9524,2.1349,1.8907,1.7232,0.0,0.4612,137811.7598,137811.7598,64788.2235,3197232.8274,3197232.8274,23.97,19.61,3.3
600150,中国船舶,船舶,上海,19980520,600150.SH,20190722,24.24,24.29,22.81,22.85,24.38,-1.53,-6.2756,242504.94,564611.922,1.7597,3.743,0.97,64.3686,74.8066,2.1027,1.8622,1.6972,0.0,0.4683,137811.7598,137811.7598,64788.2235,3148998.7114,3148998.7114,,,3.3
600150,中国船舶,船舶,上海,19980520,600150.SH,20190719,24.47,24.86,24.3,24.38,24.46,-0.08,-0.3271,142103.46,348743.617,1.0311,2.1934,0.55,68.6786,79.8155,2.2435,1.9869,1.8109,0.0,0.4389,137811.7598,137811.7598,64788.2235,3359850.7039,3359850.7039,,,3.3
600150,中国船舶,船舶,上海,19980520,600150.SH,20190718,24.65,25.15,24.2,24.46,25.13,-0.67,-2.6661,212223.34,521506.8,1.54,3.2756,0.83,68.904,80.0774,2.2508,1.9934,1.8168,0.0,0.4374,137811.7598,137811.7598,64788.2235,3370875.6447,3370875.6447,,,3.3
600150,中国船舶,船舶,上海,19980520,600150.SH,20190717,25.43,25.86,24.96,25.13,24.91,0.22,0.8832,239038.93,606769.933,1.7345,3.6895,0.95,70.7914,82.2709,2.3125,2.048,1.8666,0.0,0.4258,137811.7598,137811.7598,64788.2235,3463209.5238,3463209.5238,,,3.3
600150,中国船舶,船舶,上海,19980520,600150.SH,20190716,24.82,25.54,24.61,24.91,25.1,-0.19,-0.757,248883.28,625316.784,1.806,3.8415,0.99,70.1717,81.5506,2.2922,2.0301,1.8502,0.0,0.4295,137811.7598,137811.7598,64788.2235,3432890.9366,3432890.9366,,,3.3
600150,中国船舶,船舶,上海,19980520,600150.SH,20190715,23.23,25.36,23.23,25.1,23.25,1.85,7.957,403249.09,982228.693,2.9261,6.2241,1.48,70.7069,82.1726,2.3097,2.0455,1.8643,0.0,0.4263,137811.7598,137811.7598,64788.2235,3459075.171,3459075.171,,,3.3
600150,中国船舶,船舶,上海,19980520,600150.SH,20190712,23.34,23.69,23.0,23.25,23.66,-0.41,-1.7329,179168.16,418193.861,1.3001,2.7654,0.51,65.4954,76.1161,2.1395,1.8948,1.7269,0.0,0.4602,137811.7598,137811.7598,64788.2235,3204123.4154,3204123.4154,,,3.3
600150,中国船舶,船舶,上海,19980520,600150.SH,20190711,24.1,24.35,23.33,23.66,23.76,-0.1,-0.4209,206846.36,493059.7,1.5009,3.1927,0.43,66.6504,77.4584,2.1772,1.9282,1.7574,0.0,0.4522,137811.7598,137811.7598,64788.2235,3260626.2369,3260626.2369,,,3.3
600150,中国船舶,船舶,上海,19980520,600150.SH,20190710,24.28,24.66,23.66,23.76,24.09,-0.33,-1.3699,225652.07,544415.251,1.6374,3.4829,0.4,66.9321,77.7857,2.1864,1.9363,1.7648,0.0,0.4503,137811.7598,137811.7598,64788.2235,3274407.4128,3274407.4128,,,3.3
600150,中国船舶,船舶,上海,19980520,600150.SH,20190709,24.03,24.94,23.91,24.09,24.76,-0.67,-2.706,239304.21,581494.63,1.7365,3.6936,0.36,67.8617,78.8661,2.2168,1.9632,1.7893,0.0,0.4442,137811.7598,137811.7598,64788.2235,3319885.2936,3319885.2936,,,3.3
600150,中国船舶,船舶,上海,19980520,600150.SH,20190708,25.0,25.42,23.08,24.76,25.19,-0.43,-1.707,514189.63,1244648.016,3.7311,7.9365,0.81,69.7491,81.0596,2.2784,2.0178,1.8391,0.0,0.4321,137811.7598,137811.7598,64788.2235,3412219.1726,3412219.1726,,,3.3
600150,中国船舶,船舶,上海,19980520,600150.SH,20190705,26.31,26.84,25.1,25.19,26.86,-1.67,-6.2174,579466.29,1489340.276,4.2048,8.944,0.98,70.9604,82.4673,2.318,2.0529,1.871,0.0,0.4248,137811.7598,137811.7598,64788.2235,3471478.2294,3471478.2294,,,3.3
600150,中国船舶,船舶,上海,19980520,600150.SH,20190704,27.32,29.55,26.26,26.86,27.74,-0.88,-3.1723,840948.29,2368609.304,6.1022,12.98,1.5,75.6648,87.9346,2.4717,2.189,1.9951,0.0,0.3984,137811.7598,137811.7598,64788.2235,3701623.8682,3701623.8682,,,3.3
600150,中国船舶,船舶,上海,19980520,600150.SH,20190703,25.82,28.27,24.71,27.74,25.89,1.85,7.1456,649042.84,1732132.217,4.7096,10.0179,1.27,78.1438,90.8155,2.5526,2.2607,2.0604,0.0,0.3857,137811.7598,137811.7598,64788.2235,3822898.2169,3822898.2169,,,3.3
600150,中国船舶,船舶,上海,19980520,600150.SH,20190702,26.4,26.4,25.01,25.89,24.0,1.89,7.875,717286.98,1851905.472,5.2048,11.0713,1.7,72.9323,84.759,2.3824,2.1099,1.923,0.0,0.4133,137811.7598,137811.7598,64788.2235,3567946.4612,3567946.4612,,,3.3
600150,中国船舶,船舶,上海,19980520,600150.SH,20190701,24.0,24.98,23.65,24.0,23.6,0.4,1.6949,369836.52,893910.207,2.6836,5.7084,0.96,67.6082,78.5715,2.2085,1.9559,1.7826,0.0,0.4458,137811.7598,137811.7598,64788.2235,3307482.2352,3307482.2352,,,3.3
600150,中国船舶,船舶,上海,19980520,600150.SH,20190628,23.15,23.97,22.58,23.6,23.2,0.4,1.7241,391434.23,919904.004,2.8404,6.0417,1.06,66.4814,77.2619,2.1717,1.9233,1.7529,0.0,0.4534,137811.7598,137811.7598,64788.2235,3252357.5313,3252357.5313,,,3.3
600150,中国船舶,船舶,上海,19980520,600150.SH,20190627,23.3,24.94,22.55,23.2,23.1,0.1,0.4329,671645.96,1593383.577,4.8736,10.3668,2.35,65.3546,75.9524,2.1349,1.8907,1.7232,0.0,0.4612,137811.7598,137811.7598,64788.2235,3197232.8274,3197232.8274,,,3.3
600150,中国船舶,船舶,上海,19980520,600150.SH,20190626,20.95,23.1,20.62,23.1,21.0,2.1,10.0,395077.63,860417.203,2.8668,6.098,1.65,65.0729,75.625,2.1257,1.8826,1.7158,0.0,0.4632,137811.7598,137811.7598,64788.2235,3183451.6514,3183451.6514,,,3.3
600150,中国船舶,船舶,上海,19980520,600150.SH,20190625,20.43,21.44,20.2,21.0,20.52,0.48,2.3392,282471.78,591324.979,2.0497,4.3599,1.36,59.1572,68.75,1.9324,1.7114,1.5598,0.0,0.5095,137811.7598,137811.7598,64788.2235,2894046.9558,2894046.9558,,,3.3
600150,中国船舶,船舶,上海,19980520,600150.SH,20190624,20.7,20.97,20.41,20.52,20.85,-0.33,-1.5827,179514.28,370320.447,1.3026,2.7708,0.8,57.805,67.1786,1.8883,1.6723,1.5242,0.0,0.5214,137811.7598,137811.7598,64788.2235,2827897.3111,2827897.3111,,,3.3
600150,中国船舶,船舶,上海,19980520,600150.SH,20190621,19.92,20.97,19.75,20.85,19.98,0.87,4.3544,322578.22,659610.065,2.3407,4.979,1.27,58.7346,68.259,1.9186,1.6992,1.5487,0.0,0.5132,137811.7598,137811.7598,64788.2235,2873375.1918,2873375.1918,,,3.3
600150,中国船舶,船舶,上海,19980520,600150.SH,20190620,19.19,20.18,18.9,19.98,19.21,0.77,4.0083,249404.36,486995.895,1.8097,3.8495,1.11,56.2838,65.4107,1.8386,1.6283,1.484,0.0,0.5355,137811.7598,137811.7598,64788.2235,2753478.9608,2753478.9608,,,3.3
600150,中国船舶,船舶,上海,19980520,600150.SH,20190619,19.5,19.62,19.12,19.21,19.0,0.21,1.1053,161048.42,310737.62,1.1686,2.4858,0.7,54.1147,62.8899,1.7677,1.5655,1.4269,0.0,0.557,137811.7598,137811.7598,64788.2235,2647363.9058,2647363.9058,,,3.3
600150,中国船舶,船舶,上海,19980520,600150.SH,20190618,19.29,19.3,18.92,19.0,19.39,-0.39,-2.0113,125509.45,239258.939,0.9107,1.9372,0.51,53.5231,62.2024,1.7484,1.5484,1.4113,0.0,0.5632,137811.7598,137811.7598,64788.2235,2618423.4362,2618423.4362,,,3.3
600150,中国船舶,船舶,上海,19980520,600150.SH,20190617,19.2,19.64,18.9,19.39,19.84,-0.45,-2.2681,270166.8,519734.895,1.9604,4.17,1.27,54.6218,63.4792,1.7843,1.5802,1.4402,0.0,0.5518,137811.7598,137811.7598,64788.2235,2672170.0225,2672170.0225,,,3.3
600150,中国船舶,船舶,上海,19980520,600150.SH,20190614,18.46,20.22,18.46,19.84,18.38,1.46,7.9434,468783.67,938203.345,3.4016,7.2356,3.12,55.8894,64.9524,1.8257,1.6169,1.4736,0.0,0.5393,137811.7598,137811.7598,64788.2235,2734185.3144,2734185.3144,,,3.3
600150,中国船舶,船舶,上海,19980520,600150.SH,20190613,18.43,18.57,18.17,18.38,18.44,-0.06,-0.3254,95146.08,174720.233,0.6904,1.4686,0.6,51.7766,60.1726,1.6913,1.4979,1.3652,0.0,0.5822,137811.7598,137811.7598,64788.2235,2532980.1451,2532980.1451,,,3.3
600150,中国船舶,船舶,上海,19980520,600150.SH,20190612,18.5,18.98,18.37,18.44,18.58,-0.14,-0.7535,189184.05,352154.039,1.3728,2.92,1.07,51.9456,60.3691,1.6969,1.5028,1.3697,0.0,0.5803,137811.7598,137811.7598,64788.2235,2541248.8507,2541248.8507,,,3.3
600150,中国船舶,船舶,上海,19980520,600150.SH,20190611,17.22,18.58,17.22,18.58,17.23,1.35,7.8352,211750.06,379060.995,1.5365,3.2683,1.35,52.34,60.8274,1.7097,1.5142,1.3801,0.0,0.5759,137811.7598,137811.7598,64788.2235,2560542.4971,2560542.4971,,,3.3
600150,中国船舶,船舶,上海,19980520,600150.SH,20190610,17.38,17.45,17.03,17.23,17.15,0.08,0.4665,100372.5,172714.538,0.7283,1.5492,0.64,48.537,56.4078,1.5855,1.4042,1.2798,0.0,0.621,137811.7598,137811.7598,64788.2235,2374496.6214,2374496.6214,,,3.3
600150,中国船舶,船舶,上海,19980520,600150.SH,20190606,17.9,17.95,17.03,17.15,17.69,-0.54,-3.0526,154309.79,267164.949,1.1197,2.3818,1.03,48.3117,56.1459,1.5781,1.3977,1.2738,0.0,0.6239,137811.7598,137811.7598,64788.2235,2363471.6806,2363471.6806,,,3.3
600150,中国船舶,船舶,上海,19980520,600150.SH,20190605,18.06,18.17,17.6,17.69,17.9,-0.21,-1.1732,143569.39,255931.946,1.0418,2.216,0.99,49.8329,57.9137,1.6278,1.4417,1.314,0.0,0.6049,137811.7598,137811.7598,64788.2235,2437890.0309,2437890.0309,,,3.3
600150,中国船舶,船舶,上海,19980520,600150.SH,20190604,19.24,19.26,17.55,17.9,19.3,-1.4,-7.2539,270573.9,490205.458,1.9634,4.1763,2.26,50.4244,58.6012,1.6472,1.4588,1.3296,0.0,0.5978,137811.7598,137811.7598,64788.2235,2466830.5004,2466830.5004,,,3.3
600150,中国船舶,船舶,上海,19980520,600150.SH,20190603,19.81,20.0,19.29,19.3,19.51,-0.21,-1.0764,113183.04,221407.192,0.8213,1.747,0.88,54.3682,63.1845,1.776,1.5729,1.4335,0.0,0.5544,137811.7598,137811.7598,64788.2235,2659766.9641,2659766.9641,,,3.3
600150,中国船舶,船舶,上海,19980520,600150.SH,20190531,19.67,19.84,19.45,19.51,19.49,0.02,0.1026,100072.88,196181.692,0.7262,1.5446,0.71,54.9598,63.872,1.7953,1.59,1.4491,0.0,0.5484,137811.7598,137811.7598,64788.2235,2688707.4337,2688707.4337,,,3.3
600150,中国船舶,船舶,上海,19980520,600150.SH,20190530,19.94,19.97,19.37,19.49,19.93,-0.44,-2.2077,123560.06,241582.681,0.8966,1.9071,0.73,54.9035,63.8066,1.7935,1.5884,1.4477,0.0,0.549,137811.7598,137811.7598,64788.2235,2685951.1985,2685951.1985,,,3.3
600150,中国船舶,船舶,上海,19980520,600150.SH,20190529,20.08,20.3,19.95,20.04,20.15,-0.11,-0.5459,115235.35,232077.449,0.8362,1.7786,0.64,56.4528,65.6072,1.8261,1.6332,1.4885,0.0,,137811.7598,137811.7598,64788.2235,2761747.6664,2761747.6664,,,3.3
600150,中国船舶,船舶,上海,19980520,600150.SH,20190528,20.16,20.42,19.91,20.15,20.17,-0.02,-0.0992,147607.34,298039.457,1.0711,2.2783,0.77,56.7627,65.9673,1.8361,1.6421,1.4967,0.0,,137811.7598,137811.7598,64788.2235,2776906.96,2776906.96,21.13,17.29,3.3
600150,中国船舶,船舶,上海,19980520,600150.SH,20190527,19.73,20.26,19.52,20.17,19.63,0.54,2.7509,159735.22,318158.884,1.1591,2.4655,0.79,56.819,66.0328,1.838,1.6438,1.4982,0.0,,137811.7598,137811.7598,64788.2235,2779663.1952,2779663.1952,,,3.3
600150,中国船舶,船舶,上海,19980520,600150.SH,20190524,19.81,20.0,19.29,19.63,20.08,-0.45,-2.241,157734.96,309660.387,1.1446,2.4346,0.72,55.2979,64.2649,1.7887,1.5998,1.4581,0.0,,137811.7598,137811.7598,64788.2235,2705244.8449,2705244.8449,,,3.3
600150,中国船舶,船舶,上海,19980520,600150.SH,20190523,20.49,20.86,20.04,20.08,20.26,-0.18,-0.8885,261449.8,534557.941,1.8972,4.0355,1.2,56.5655,65.7381,1.8298,1.6364,1.4915,0.0,,137811.7598,137811.7598,64788.2235,2767260.1368,2767260.1368,,,3.3
600150,中国船舶,船舶,上海,19980520,600150.SH,20190522,20.48,20.52,19.71,20.26,20.36,-0.1,-0.4912,171609.17,344654.129,1.2452,2.6488,0.75,57.0726,66.3274,1.8462,1.6511,1.5048,0.0,,137811.7598,137811.7598,64788.2235,2792066.2535,2792066.2535,,,3.3
600150,中国船舶,船舶,上海,19980520,600150.SH,20190521,19.87,20.83,19.86,20.36,20.04,0.32,1.5968,202544.44,411894.605,1.4697,3.1263,0.87,57.3543,66.6548,1.8553,1.6593,1.5123,0.0,,137811.7598,137811.7598,64788.2235,2805847.4295,2805847.4295,,,3.3
600150,中国船舶,船舶,上海,19980520,600150.SH,20190520,19.92,20.28,19.25,20.04,20.02,0.02,0.0999,216903.23,429278.847,1.5739,3.3479,0.92,56.4528,65.6072,1.8261,1.6332,1.4885,0.0,,137811.7598,137811.7598,64788.2235,2761747.6664,2761747.6664,,,3.3
600150,中国船舶,船舶,上海,19980520,600150.SH,20190517,21.12,21.22,19.9,20.02,21.27,-1.25,-5.8768,250343.99,512680.751,1.8166,3.864,0.95,56.3965,65.5417,1.8243,1.6315,1.487,0.0,,137811.7598,137811.7598,64788.2235,2758991.4312,2758991.4312,,,3.3
600150,中国船舶,船舶,上海,19980520,600150.SH,20190516,21.11,21.8,20.86,21.27,21.09,0.18,0.8535,246134.35,523855.429,1.786,3.7991,0.92,59.9177,69.634,1.9382,1.7334,1.5799,0.0,,137811.7598,137811.7598,64788.2235,2931256.1309,2931256.1309,,,3.3
600150,中国船舶,船舶,上海,19980520,600150.SH,20190515,20.75,21.14,20.7,21.09,20.68,0.41,1.9826,224330.04,469852.163,1.6278,3.4625,0.76,59.4107,69.0447,1.9218,1.7187,1.5665,0.0,,137811.7598,137811.7598,64788.2235,2906450.0142,2906450.0142,,,3.3
600150,中国船舶,船舶,上海,19980520,600150.SH,20190514,20.21,21.17,20.21,20.68,20.72,-0.04,-0.1931,223041.38,464294.258,1.6184,3.4426,0.69,58.2557,67.7024,1.8844,1.6853,1.536,0.0,,137811.7598,137811.7598,64788.2235,2849947.1927,2849947.1927,,,3.3
600150,中国船舶,船舶,上海,19980520,600150.SH,20190513,21.0,21.5,20.6,20.72,21.52,-0.8,-3.7175,239957.66,504471.281,1.7412,3.7037,0.71,58.3684,67.8334,1.8881,1.6886,1.539,0.0,,137811.7598,137811.7598,64788.2235,2855459.6631,2855459.6631,,,3.3
600150,中国船舶,船舶,上海,19980520,600150.SH,20190510,21.04,21.68,19.68,21.52,20.55,0.97,4.7202,382337.06,805611.724,2.7743,5.9013,1.19,60.622,70.4524,1.961,1.7538,1.5984,0.0,,137811.7598,137811.7598,64788.2235,2965709.0709,2965709.0709,,,3.3
600150,中国船舶,船舶,上海,19980520,600150.SH,20190509,20.83,21.6,20.43,20.55,21.3,-0.75,-3.5211,273617.3,575089.564,1.9854,4.2233,0.81,57.8895,67.2768,1.8726,1.6747,1.5264,0.0,,137811.7598,137811.7598,64788.2235,2832031.6639,2832031.6639,,,3.3
600150,中国船舶,船舶,上海,19980520,600150.SH,20190508,20.25,21.8,19.7,21.3,20.98,0.32,1.5253,362563.39,755146.473,2.6309,5.5961,1.06,60.0023,69.7322,1.9409,1.7359,1.5821,0.0,,137811.7598,137811.7598,64788.2235,2935390.4837,2935390.4837,,,3.3
600150,中国船舶,船舶,上海,19980520,600150.SH,20190507,20.75,21.5,20.0,20.98,21.0,-0.02,-0.0952,350915.59,728689.029,2.5463,5.4163,1.0,59.1008,68.6845,1.9118,1.7098,1.5583,0.0,,137811.7598,137811.7598,64788.2235,2891290.7206,2891290.7206,,,3.282
600150,中国船舶,船舶,上海,19980520,600150.SH,20190506,22.05,22.22,21.0,21.0,23.33,-2.33,-9.9871,311912.91,669925.06,2.2633,4.8143,0.77,59.1572,68.75,1.9136,1.7114,1.5598,0.0,,137811.7598,137811.7598,64788.2235,2894046.9558,2894046.9558,,,3.282
600150,中国船舶,船舶,上海,19980520,600150.SH,20190430,23.0,24.08,22.77,23.33,23.0,0.33,1.4348,306996.4,718742.911,2.2277,4.7385,0.66,65.7208,76.378,2.1259,1.9013,1.7329,0.0,,137811.7598,137811.7598,64788.2235,3215148.3561,3215148.3561,,,3.282
600150,中国船舶,船舶,上海,19980520,600150.SH,20190429,23.45,24.53,22.74,23.0,23.81,-0.81,-3.4019,367094.5,865941.625,2.6637,5.6661,0.71,64.7912,75.2976,2.0958,1.8744,1.7084,0.0,,137811.7598,137811.7598,64788.2235,3169670.4754,3169670.4754,,,3.282
600150,中国船舶,船舶,上海,19980520,600150.SH,20190426,24.7,25.0,23.75,23.81,25.15,-1.34,-5.328,375967.09,913078.815,2.7281,5.803,0.59,67.0729,67.0729,2.1737,1.9404,1.9404,0.0,,137811.7598,137811.7598,64788.2235,3281298.0008,3281298.0008,,,3.282
600150,中国船舶,船舶,上海,19980520,600150.SH,20190425,25.15,26.1,24.74,25.15,25.46,-0.31,-1.2176,393997.79,1002159.38,2.859,6.0813,0.54,70.8477,70.8477,2.2961,2.0496,2.0496,0.0,,137811.7598,137811.7598,64788.2235,3465965.759,3465965.759,,,3.282
600150,中国船舶,船舶,上海,19980520,600150.SH,20190424,26.2,26.66,24.85,25.46,26.91,-1.45,-5.3883,568665.9,1452796.479,4.1264,8.7773,0.8,71.721,71.721,2.3244,2.0749,2.0749,0.0,,137811.7598,137811.7598,64788.2235,3508687.4045,3508687.4045,,,3.282
600150,中国船舶,船舶,上海,19980520,600150.SH,20190423,29.9,29.9,26.91,26.91,29.9,-2.99,-10.0,624463.5,1740645.394,4.5313,9.6385,0.91,75.8057,75.8057,2.4568,2.193,2.193,0.0,,137811.7598,137811.7598,64788.2235,3708514.4562,3708514.4562,,,3.282
600150,中国船舶,船舶,上海,19980520,600150.SH,20190422,31.1,31.29,29.8,29.9,31.46,-1.56,-4.9587,636622.64,1936060.468,4.6195,9.8262,0.94,84.2285,84.2285,2.7297,2.4367,2.4367,0.0,,137811.7598,137811.7598,64788.2235,4120571.618,4120571.618,,,3.282
600150,中国船舶,船舶,上海,19980520,600150.SH,20190419,29.58,31.6,28.45,31.46,29.58,1.88,6.3556,961202.18,2881736.064,6.9747,14.8361,1.34,88.623,88.623,2.8722,2.5639,2.5639,0.0,,137811.7598,137811.7598,64788.2235,4335557.9633,4335557.9633,,,3.282
600150,中国船舶,船舶,上海,19980520,600150.SH,20190418,26.93,29.58,26.4,29.58,26.89,2.69,10.0037,878614.58,2531928.394,6.3755,13.5613,1.6,83.3271,83.3271,2.7005,2.4106,2.4106,0.0,,137811.7598,137811.7598,64788.2235,4076471.8549,4076471.8549,,,3.282
600150,中国船舶,船舶,上海,19980520,600150.SH,20190417,26.09,27.33,25.95,26.89,26.15,0.74,2.8298,458879.46,1224657.167,3.3298,7.0828,1.0,75.7493,75.7493,2.4549,2.1914,2.1914,0.0,,137811.7598,137811.7598,64788.2235,3705758.221,3705758.221,,,3.282
600150,中国船舶,船舶,上海,19980520,600150.SH,20190416,26.96,27.23,25.18,26.15,26.95,-0.8,-2.9685,477373.7,1247390.613,3.464,7.3682,1.3,73.6647,73.6647,2.3874,2.1311,2.1311,0.0,,137811.7598,137811.7598,64788.2235,3603777.5188,3603777.5188,,,3.282
600150,中国船舶,船舶,上海,19980520,600150.SH,20190415,26.55,28.49,25.88,26.95,26.87,0.08,0.2977,611912.88,1657259.533,4.4402,9.4448,2.5,75.9183,75.9183,2.4604,2.1963,2.1963,0.0,,137811.7598,137811.7598,64788.2235,3714026.9266,3714026.9266,,,3.282
600150,中国船舶,船舶,上海,19980520,600150.SH,20190412,31.0,31.4,26.8,26.87,29.72,-2.85,-9.5895,1169918.67,3361022.533,8.4893,18.0576,20.71,75.693,75.693,2.4531,2.1898,2.1898,0.0,,137811.7598,137811.7598,64788.2235,3703001.9858,3703001.9858,,,3.282
600150,中国船舶,船舶,上海,19980520,600150.SH,20190411,29.72,29.72,29.72,29.72,27.02,2.7,9.9926,28379.86,84344.944,0.2059,0.438,0.23,83.7215,83.7215,2.7133,2.4221,2.4221,0.0,,137811.7598,137811.7598,64788.2235,4095765.5013,4095765.5013,,,3.282
600150,中国船舶,船舶,上海,19980520,600150.SH,20190410,27.02,27.02,27.02,27.02,24.56,2.46,10.0163,13293.69,35919.55,0.0965,0.2052,0.09,76.1155,76.1155,2.4668,2.202,2.202,0.0,,137811.7598,137811.7598,64788.2235,3723673.7498,3723673.7498,,,3.282
600150,中国船舶,船舶,上海,19980520,600150.SH,20190409,24.56,24.56,24.56,24.56,22.33,2.23,9.9866,7179.92,17633.884,0.0521,0.1108,0.04,69.1857,69.1857,2.2422,2.0015,2.0015,0.0,,137811.7598,137811.7598,64788.2235,3384656.8207,3384656.8207,,,3.282
600150,中国船舶,船舶,上海,19980520,600150.SH,20190408,22.33,22.33,22.33,22.33,20.3,2.03,10.0,4469.26,9979.858,0.0324,0.069,0.02,62.9038,62.9038,2.0386,1.8198,1.8198,0.0,,137811.7598,137811.7598,64788.2235,3077336.5963,3077336.5963,,,3.282
600150,中国船舶,船舶,上海,19980520,600150.SH,20190327,20.0,20.55,19.15,20.3,19.86,0.44,2.2155,229065.88,454880.625,1.6622,3.5356,0.95,57.1852,57.1852,1.8533,1.6544,1.6544,0.0,,137811.7598,137811.7598,64788.2235,2797578.7239,2797578.7239,,,3.282
600150,中国船舶,船舶,上海,19980520,600150.SH,20190326,21.57,21.57,19.51,19.86,20.54,-0.68,-3.3106,356064.05,720769.502,2.5837,5.4958,1.55,55.9458,55.9458,1.8131,1.6185,1.6185,0.0,,137811.7598,137811.7598,64788.2235,2736941.5496,2736941.5496,,,3.282
600150,中国船舶,船舶,上海,19980520,600150.SH,20190325,19.75,20.54,19.67,20.54,19.56,0.98,5.0102,154080.92,314645.782,1.1181,2.3782,0.64,57.8613,57.8613,1.8752,1.6739,1.6739,0.0,,137811.7598,137811.7598,64788.2235,2830653.5463,2830653.5463,,,3.282
600150,中国船舶,船舶,上海,19980520,600150.SH,20190322,18.85,19.56,18.51,19.56,18.63,0.93,4.9919,204726.2,392839.798,1.4855,3.1599,0.88,55.1007,55.1007,1.7857,1.5941,1.5941,0.0,,137811.7598,137811.7598,64788.2235,2695598.0217,2695598.0217,,,3.282
600150,中国船舶,船舶,上海,19980520,600150.SH,20190321,18.7,18.93,18.38,18.63,18.31,0.32,1.7477,174391.5,325225.448,1.2654,2.6917,0.72,52.4808,52.4808,1.7008,1.5183,1.5183,0.0,,137811.7598,137811.7598,64788.2235,2567433.0851,2567433.0851,,,3.282
600150,中国船舶,船舶,上海,19980520,600150.SH,20190320,19.2,19.33,18.2,18.31,19.16,-0.85,-4.4363,311765.91,578453.108,2.2623,4.8121,1.36,51.5794,51.5794,1.6716,1.4922,1.4922,0.0,,137811.7598,137811.7598,64788.2235,2523333.3219,2523333.3219,,,3.282
600150,中国船舶,船舶,上海,19980520,600150.SH,20190319,19.58,19.85,18.9,19.16,18.9,0.26,1.3757,305806.35,596137.125,2.219,4.7201,1.49,,,1.7699,1.582,1.6905,0.0,,137811.7598,137811.7598,64788.2235,2640473.3178,2640473.3178,,,3.282
600150,中国船舶,船舶,上海,19980520,600150.SH,20190318,18.38,18.9,18.38,18.9,18.0,0.9,5.0,215725.32,406330.941,1.5654,3.3297,1.15,,,1.7459,1.5605,1.6676,0.0,,137811.7598,137811.7598,64788.2235,2604642.2602,2604642.2602,,,3.282
600150,中国船舶,船舶,上海,19980520,600150.SH,20190315,17.7,18.15,17.53,18.0,17.64,0.36,2.0408,149406.29,266358.974,1.0841,2.3061,0.75,,,1.6628,1.4862,1.5882,0.0,,137811.7598,137811.7598,64788.2235,2480611.6764,2480611.6764,,,3.282
600150,中国船舶,船舶,上海,19980520,600150.SH,20190314,17.53,18.34,17.4,17.64,17.58,0.06,0.3413,231632.18,414667.455,1.6808,3.5752,1.14,,,1.6295,1.4565,1.5564,0.0,,137811.7598,137811.7598,64788.2235,2430999.4429,2430999.4429,,,3.282
600150,中国船舶,船舶,上海,19980520,600150.SH,20190313,17.15,17.84,16.86,17.58,17.13,0.45,2.627,240623.59,420496.258,1.746,3.714,1.2,,,1.624,1.4515,1.5511,0.0,,137811.7598,137811.7598,64788.2235,2422730.7373,2422730.7373,,,3.282
600150,中国船舶,船舶,上海,19980520,600150.SH,20190312,17.25,17.6,16.89,17.13,16.86,0.27,1.6014,192049.02,329955.137,1.3936,2.9643,0.93,,,1.5824,1.4144,1.5114,0.0,,137811.7598,137811.7598,64788.2235,2360715.4454,2360715.4454,,,3.282
600150,中国船舶,船舶,上海,19980520,600150.SH,20190311,16.45,16.95,16.43,16.86,16.18,0.68,4.2027,123540.33,206293.742,0.8964,1.9068,0.53,,,1.5575,1.3921,1.4876,0.0,,137811.7598,137811.7598,64788.2235,2323506.2702,2323506.2702,,,3.282
600150,中国船舶,船舶,上海,19980520,600150.SH,20190308,16.41,17.14,16.06,16.18,16.86,-0.68,-4.0332,210501.28,347639.894,1.5275,3.2491,0.88,,,1.4946,1.3359,1.4276,0.0,,137811.7598,137811.7598,64788.2235,2229794.2736,2229794.2736,,,3.282
600150,中国船舶,船舶,上海,19980520,600150.SH,20190307,17.46,17.46,16.81,16.86,17.36,-0.5,-2.8802,249268.1,425323.097,1.8088,3.8474,1.18,,,1.5575,1.3921,1.4876,0.0,,137811.7598,137811.7598,64788.2235,2323506.2702,2323506.2702,,,3.282
600150,中国船舶,船舶,上海,19980520,600150.SH,20190306,16.73,17.46,16.73,17.36,16.68,0.68,4.0767,224447.09,384009.028,1.6286,3.4643,1.09,,,1.6036,1.4333,1.5317,0.0,,137811.7598,137811.7598,64788.2235,2392412.1501,2392412.1501,,,3.282
600150,中国船舶,船舶,上海,19980520,600150.SH,20190305,15.82,16.68,15.71,16.68,15.89,0.79,4.9717,225872.99,370773.518,1.639,3.4863,1.17,,,1.5408,1.3772,1.4717,0.0,,137811.7598,137811.7598,64788.2235,2298700.1535,2298700.1535,,,3.282
600150,中国船舶,船舶,上海,19980520,600150.SH,20190304,15.86,16.19,15.5,15.89,15.59,0.3,1.9243,260071.58,411588.261,1.8872,4.0142,1.46,,,1.4679,1.312,1.402,0.0,,137811.7598,137811.7598,64788.2235,2189828.8632,2189828.8632,,,3.282
600150,中国船舶,船舶,上海,19980520,600150.SH,20190301,15.08,15.59,14.93,15.59,14.85,0.74,4.9832,241045.29,373227.811,1.7491,3.7205,1.65,,,1.4401,1.2872,1.3755,0.0,,137811.7598,137811.7598,64788.2235,2148485.3353,2148485.3353,,,3.282
600150,中国船舶,船舶,上海,19980520,600150.SH,20190228,14.95,14.96,14.65,14.85,14.79,0.06,0.4057,108320.53,160305.072,0.786,1.6381,0.72,,,1.3718,1.2261,1.3102,0.0,,137811.7598,137811.7598,66125.8863,2046504.633,2046504.633,,,3.282
600150,中国船舶,船舶,上海,19980520,600150.SH,20190227,14.5,15.08,14.43,14.79,14.4,0.39,2.7083,191164.34,282818.801,1.3871,2.8909,1.35,,,1.3662,1.2212,1.3049,0.0,,137811.7598,137811.7598,66125.8863,2038235.9274,2038235.9274,,,3.282
600150,中国船舶,船舶,上海,19980520,600150.SH,20190226,14.35,14.73,14.1,14.4,14.28,0.12,0.8403,168357.23,243226.527,1.2216,2.546,1.29,,,1.3302,1.189,1.2705,0.0,,137811.7598,137811.7598,66125.8863,1984489.3411,1984489.3411,,,3.282
600150,中国船舶,船舶,上海,19980520,600150.SH,20190225,13.85,14.38,13.72,14.28,13.74,0.54,3.9301,184109.35,259071.344,1.3359,2.7842,1.62,,,1.3191,1.179,1.2599,0.0,,137811.7598,137811.7598,66125.8863,1967951.9299,1967951.9299,,,3.282
600150,中国船舶,船舶,上海,19980520,600150.SH,20190222,13.47,13.74,13.45,13.74,13.52,0.22,1.6272,79507.03,108530.709,0.5769,1.2024,0.67,,,1.2692,1.1345,1.2123,0.0,,137811.7598,137811.7598,66125.8863,1893533.5797,1893533.5797,,,3.282
600150,中国船舶,船舶,上海,19980520,600150.SH,20190221,13.74,13.93,13.42,13.52,13.67,-0.15,-1.0973,128399.77,175599.099,0.9317,1.9417,1.11,,,1.2489,1.1163,1.1929,0.0,,137811.7598,137811.7598,66125.8863,1863214.9925,1863214.9925,,,3.282
600150,中国船舶,船舶,上海,19980520,600150.SH,20190220,13.53,14.0,13.32,13.67,13.53,0.14,1.0347,148118.33,202492.652,1.0748,2.2399,1.5,,,1.2628,1.1287,1.2061,0.0,,137811.7598,137811.7598,66125.8863,1883886.7565,1883886.7565,,,3.282
600150,中国船舶,船舶,上海,19980520,600150.SH,20190219,13.25,13.56,13.16,13.53,13.25,0.28,2.1132,114576.18,153714.612,0.8314,1.7327,1.31,,,1.2498,1.1171,1.1938,0.0,,137811.7598,137811.7598,66125.8863,1864593.1101,1864593.1101,,,3.282
600150,中国船舶,船舶,上海,19980520,600150.SH,20190218,12.99,13.26,12.98,13.25,13.0,0.25,1.9231,99245.88,130087.71,0.7202,1.5009,1.28,,,1.224,1.094,1.1691,0.0,,137811.7598,137811.7598,66125.8863,1826005.8174,1826005.8174,,,3.282
600150,中国船舶,船舶,上海,19980520,600150.SH,20190215,13.08,13.14,12.87,13.0,13.17,-0.17,-1.2908,100273.89,130162.662,0.7276,1.5164,1.52,,,1.2009,1.0734,1.147,0.0,,137811.7598,137811.7598,66125.8863,1791552.8774,1791552.8774,,,3.282
600150,中国船舶,船舶,上海,19980520,600150.SH,20190214,13.28,13.42,13.13,13.17,13.48,-0.31,-2.2997,117443.4,155576.054,0.8522,1.7761,2.02,,,1.2166,1.0874,1.162,0.0,,137811.7598,137811.7598,66125.8863,1814980.8766,1814980.8766,,,3.282
600150,中国船舶,船舶,上海,19980520,600150.SH,20190213,13.48,13.54,13.32,13.48,13.42,0.06,0.4471,63264.92,85103.513,0.4591,0.9567,1.14,,,1.2452,1.113,1.1894,0.0,,137811.7598,137811.7598,66125.8863,1857702.5221,1857702.5221,,,3.282
600150,中国船舶,船舶,上海,19980520,600150.SH,20190212,13.3,13.57,13.28,13.42,13.27,0.15,1.1304,57150.0,76665.488,0.4147,0.8643,0.94,,,1.2397,1.108,1.1841,0.0,,137811.7598,137811.7598,66125.8863,1849433.8165,1849433.8165,,,3.282
600150,中国船舶,船舶,上海,19980520,600150.SH,20190211,12.95,13.29,12.89,13.27,12.86,0.41,3.1882,49816.53,65658.526,0.3615,0.7534,0.87,,,1.2258,1.0957,1.1708,0.0,,137811.7598,137811.7598,66125.8863,1828762.0525,1828762.0525,,,3.282
600150,中国船舶,船舶,上海,19980520,600150.SH,20190201,12.39,12.88,12.39,12.86,12.39,0.47,3.7934,42787.64,54035.78,0.3105,0.6471,0.76,,,1.188,1.0618,1.1347,0.0,,137811.7598,137811.7598,66125.8863,1772259.231,1772259.231,,,3.282
600150,中国船舶,船舶,上海,19980520,600150.SH,20190131,12.9,12.9,12.38,12.39,12.78,-0.39,-3.0516,77563.72,97264.138,0.5628,1.173,1.59,,,1.1445,1.023,1.0932,0.0,,137811.7598,137811.7598,66125.8863,1707487.7039,1707487.7039,,,3.282
600150,中国船舶,船舶,上海,19980520,600150.SH,20190130,12.86,13.04,12.73,12.78,12.78,0.0,0.0,51055.38,65762.001,0.3705,0.7721,0.97,,,1.1806,1.0552,1.1276,0.0,,137811.7598,137811.7598,66125.8863,1761234.2902,1761234.2902,,,3.282
600150,中国船舶,船舶,上海,19980520,600150.SH,20190129,13.24,13.33,12.59,12.78,13.25,-0.47,-3.5472,83888.48,107762.672,0.6087,1.2686,1.17,,,1.1806,1.0552,1.1276,0.0,,137811.7598,137811.7598,66125.8863,1761234.2902,1761234.2902,,,3.282
600150,中国船舶,船舶,上海,19980520,600150.SH,20190128,13.5,13.5,13.25,13.25,13.3,-0.05,-0.3759,32550.03,43410.779,0.2362,0.4922,0.37,,,1.224,1.094,1.1691,0.0,,137811.7598,137811.7598,66125.8863,1826005.8174,1826005.8174,,,3.282
600150,中国船舶,船舶,上海,19980520,600150.SH,20190125,13.22,13.37,13.18,13.3,13.22,0.08,0.6051,35397.59,46955.945,0.2569,0.5353,0.39,,,1.2286,1.0981,1.1735,0.0,,137811.7598,137811.7598,66125.8863,1832896.4053,1832896.4053,,,3.282
600150,中国船舶,船舶,上海,19980520,600150.SH,20190124,13.31,13.4,13.17,13.22,13.32,-0.1,-0.7508,41150.73,54576.679,0.2986,0.6223,0.46,,,1.2212,1.0915,1.1664,0.0,,137811.7598,137811.7598,66125.8863,1821871.4646,1821871.4646,,,3.282
600150,中国船舶,船舶,上海,19980520,600150.SH,20190123,13.0,13.48,12.98,13.32,13.07,0.25,1.9128,68881.14,91597.965,0.4998,1.0417,0.82,,,1.2304,1.0998,1.1752,0.0,,137811.7598,137811.7598,66125.8863,1835652.6405,1835652.6405,,,3.282
600150,中国船舶,船舶,上海,19980520,600150.SH,20190122,12.88,13.22,12.85,13.07,13.52,-0.45,-3.3284,180179.57,234407.239,1.3074,2.7248,2.84,,,1.2074,1.0791,1.1532,0.0,,137811.7598,137811.7598,66125.8863,1801199.7006,1801199.7006,,,3.282
600150,中国船舶,船舶,上海,19980520,600150.SH,20190121,14.08,14.12,13.52,13.52,14.23,-0.71,-4.9895,119299.08,162235.192,0.8657,1.8041,2.45,,,1.2489,1.1163,1.1929,0.0,,137811.7598,137811.7598,66125.8863,1863214.9925,1863214.9925,,,3.282
600150,中国船舶,船舶,上海,19980520,600150.SH,20190118,14.09,14.35,14.07,14.23,14.1,0.13,0.922,40240.77,57315.231,0.292,0.6085,0.82,,,1.3145,1.1749,1.2555,0.0,,137811.7598,137811.7598,66125.8863,1961061.342,1961061.342,,,3.282
600150,中国船舶,船舶,上海,19980520,600150.SH,20190117,14.19,14.24,14.05,14.1,14.19,-0.09,-0.6342,34417.81,48580.412,0.2497,0.5205,0.61,,,1.3025,1.1642,1.2441,0.0,,137811.7598,137811.7598,66125.8863,1943145.8132,1943145.8132,,,3.282
600150,中国船舶,船舶,上海,19980520,600150.SH,20190116,14.2,14.32,14.04,14.19,14.2,-0.01,-0.0704,45790.18,64887.15,0.3323,0.6925,0.76,,,1.3108,1.1716,1.252,0.0,,137811.7598,137811.7598,66125.8863,1955548.8716,1955548.8716,,,3.282
600150,中国船舶,船舶,上海,19980520,600150.SH,20190115,13.9,14.25,13.82,14.2,13.88,0.32,2.3055,77910.82,110043.287,0.5653,1.1782,1.34,,,1.3117,1.1724,1.2529,0.0,,137811.7598,137811.7598,66125.8863,1956926.9892,1956926.9892,,,3.282
600150,中国船舶,船舶,上海,19980520,600150.SH,20190114,13.73,14.05,13.72,13.88,13.75,0.13,0.9455,44960.44,62365.091,0.3262,0.6799,0.65,,,1.2822,1.146,1.2246,0.0,,137811.7598,137811.7598,66125.8863,1912827.226,1912827.226,,,3.282
600150,中国船舶,船舶,上海,19980520,600150.SH,20190111,13.65,13.82,13.56,13.75,13.59,0.16,1.1773,41165.22,56547.998,0.2987,0.6225,0.54,,,1.2702,1.1353,1.2132,0.0,,137811.7598,137811.7598,66125.8863,1894911.6973,1894911.6973,,,3.282
600150,中国船舶,船舶,上海,19980520,600150.SH,20190110,13.74,13.89,13.45,13.59,13.7,-0.11,-0.8029,72637.32,99096.133,0.5271,1.0985,0.97,,,1.2554,1.1221,1.1991,0.0,,137811.7598,137811.7598,66125.8863,1872861.8157,1872861.8157,,,3.282
600150,中国船舶,船舶,上海,19980520,600150.SH,20190109,13.64,14.08,13.64,13.7,13.72,-0.02,-0.1458,62684.7,87172.514,0.4549,0.948,0.83,,,1.2655,1.1312,1.2088,0.0,,137811.7598,137811.7598,66125.8863,1888021.1093,1888021.1093,,,3.282
600150,中国船舶,船舶,上海,19980520,600150.SH,20190108,13.82,13.84,13.62,13.72,13.85,-0.13,-0.9386,70209.05,96328.411,0.5095,1.0617,1.0,,,1.2674,1.1328,1.2105,0.0,,137811.7598,137811.7598,66125.8863,1890777.3445,1890777.3445,,,3.282
600150,中国船舶,船舶,上海,19980520,600150.SH,20190107,13.46,13.95,13.46,13.85,13.43,0.42,3.1273,99300.27,136666.902,0.7206,1.5017,1.6,,,1.2794,1.1435,1.222,0.0,,137811.7598,137811.7598,66125.8863,1908692.8732,1908692.8732,14.09,12.75,3.282
600150,中国船舶,船舶,上海,19980520,600150.SH,20190104,13.23,13.5,13.14,13.43,13.28,0.15,1.1295,73441.45,97957.326,0.5329,1.1106,1.17,,,1.2406,1.1089,1.1849,0.0,,137811.7598,137811.7598,66125.8863,1850811.9341,1850811.9341,13.93,12.61,3.282
600150,中国船舶,船舶,上海,19980520,600150.SH,20190103,13.32,13.54,13.21,13.28,13.26,0.02,0.1508,67536.87,90303.918,0.4901,1.0213,1.12,,,1.2268,1.0965,1.1717,0.0,,137811.7598,137811.7598,66125.8863,1830140.1701,1830140.1701,,,3.282
600150,中国船舶,船舶,上海,19980520,600150.SH,20190102,13.13,13.53,13.13,13.26,13.13,0.13,0.9901,67595.9,90207.116,0.4905,1.0222,1.2,,,1.2249,1.0948,1.1699,0.0,,137811.7598,137811.7598,66125.8863,1827383.9349,1827383.9349,,,3.282
600150,中国船舶,船舶,上海,19980520,600150.SH,20181228,12.97,13.15,12.89,13.13,12.92,0.21,1.6254,44715.39,58265.106,0.3245,0.6762,0.72,,,1.2129,1.0841,1.1585,0.0,,137811.7598,137811.7598,66125.8863,1809468.4062,1809468.4062,,,3.282
600150,中国船舶,船舶,上海,19980520,600150.SH,20181227,13.23,13.27,12.9,12.92,12.91,0.01,0.0775,57720.61,75235.197,0.4188,0.8729,0.96,,,1.1935,1.0668,1.1399,0.0,,137811.7598,137811.7598,66125.8863,1780527.9366,1780527.9366,,,3.282
600150,中国船舶,船舶,上海,19980520,600150.SH,20181226,12.58,13.19,12.56,12.91,12.65,0.26,2.0553,76021.75,98351.091,0.5516,1.1497,1.43,,,1.1926,1.0659,1.1391,0.0,,137811.7598,137811.7598,66125.8863,1779149.819,1779149.819,13.91,12.59,3.282
600150,中国船舶,船舶,上海,19980520,600150.SH,20181225,12.35,12.68,12.2,12.65,12.49,0.16,1.281,56355.18,70080.788,0.4089,0.8522,1.09,,,1.1686,1.0445,1.1161,0.0,,137811.7598,137811.7598,66125.8863,1743318.7615,1743318.7615,,,3.282
600150,中国船舶,船舶,上海,19980520,600150.SH,20181224,12.24,12.55,12.15,12.49,12.28,0.21,1.7101,46705.71,58067.415,0.3389,0.7063,0.8,,,1.1538,1.0312,1.102,0.0,,137811.7598,137811.7598,66125.8863,1721268.8799,1721268.8799,,,3.282
600150,中国船舶,船舶,上海,19980520,600150.SH,20181221,12.35,12.36,11.94,12.28,12.4,-0.12,-0.9677,74019.3,89767.624,0.5371,1.1194,1.41,,,1.1344,1.0139,1.0835,0.0,,137811.7598,137811.7598,66125.8863,1692328.4103,1692328.4103,,,3.282
600150,中国船舶,船舶,上海,19980520,600150.SH,20181220,12.29,12.43,12.22,12.4,12.22,0.18,1.473,48092.16,59362.985,0.349,0.7273,0.92,,,1.1455,1.0238,1.0941,0.0,,137811.7598,137811.7598,66125.8863,1708865.8215,1708865.8215,,,3.282
600150,中国船舶,船舶,上海,19980520,600150.SH,20181219,12.65,12.67,12.22,12.22,12.58,-0.36,-2.8617,41483.63,51645.099,0.301,0.6273,0.84,,,1.1288,1.009,1.0782,0.0,,137811.7598,137811.7598,66125.8863,1684059.7048,1684059.7048,,,3.282
600150,中国船舶,船舶,上海,19980520,600150.SH,20181218,12.52,12.7,12.42,12.58,12.67,-0.09,-0.7103,47841.59,60068.116,0.3472,0.7235,1.01,,,1.1621,1.0387,1.1099,0.0,,137811.7598,137811.7598,66125.8863,1733671.9383,1733671.9383,,,3.282
600150,中国船舶,船舶,上海,19980520,600150.SH,20181217,12.79,12.92,12.29,12.67,12.91,-0.24,-1.859,79759.65,100691.808,0.5788,1.2062,1.96,,,1.1704,1.0461,1.1179,0.0,,137811.7598,137811.7598,66125.8863,1746074.9967,1746074.9967,,,3.282
600150,中国船舶,船舶,上海,19980520,600150.SH,20181214,13.27,13.3,12.88,12.91,13.25,-0.34,-2.566,44599.18,58547.855,0.3236,0.6745,0.87,,,1.1926,1.0659,1.1391,0.0,,137811.7598,137811.7598,66125.8863,1779149.819,1779149.819,,,3.282
600150,中国船舶,船舶,上海,19980520,600150.SH,20181213,13.06,13.26,12.96,13.25,12.98,0.27,2.0801,47318.08,62327.277,0.3434,0.7156,0.89,,,1.224,1.094,1.1691,0.0,,137811.7598,137811.7598,66125.8863,1826005.8174,1826005.8174,,,3.282
600150,中国船舶,船舶,上海,19980520,600150.SH,20181212,13.02,13.09,12.95,12.98,12.93,0.05,0.3867,28704.74,37354.236,0.2083,0.4341,0.47,,,1.199,1.0717,1.1452,0.0,,137811.7598,137811.7598,66125.8863,1788796.6422,1788796.6422,,,3.282
600150,中国船舶,船舶,上海,19980520,600150.SH,20181211,13.0,13.14,12.88,12.93,12.93,0.0,0.0,37182.56,48346.863,0.2698,0.5623,0.56,,,1.1944,1.0676,1.1408,0.0,,137811.7598,137811.7598,66125.8863,1781906.0542,1781906.0542,,,3.282
600150,中国船舶,船舶,上海,19980520,600150.SH,20181210,12.85,13.01,12.75,12.93,13.0,-0.07,-0.5385,45302.95,58441.987,0.3287,0.6851,0.59,,,1.1944,1.0676,1.1408,0.0,,137811.7598,137811.7598,66125.8863,1781906.0542,1781906.0542,14.27,12.91,3.282
600150,中国船舶,船舶,上海,19980520,600150.SH,20181207,13.29,13.4,12.81,13.0,13.24,-0.24,-1.8127,99258.1,129015.298,0.7202,1.501,1.34,,,1.2009,1.0734,1.147,0.0,,137811.7598,137811.7598,66125.8863,1791552.8774,1791552.8774,,,3.282
600150,中国船舶,船舶,上海,19980520,600150.SH,20181206,13.31,13.55,13.24,13.24,13.42,-0.18,-1.3413,54829.3,73356.742,0.3979,0.8292,0.6,,,1.2231,1.0932,1.1682,0.0,,137811.7598,137811.7598,66125.8863,1824627.6998,1824627.6998,,,3.282
600150,中国船舶,船舶,上海,19980520,600150.SH,20181205,13.4,13.5,13.27,13.42,13.59,-0.17,-1.2509,71415.05,95613.988,0.5182,1.08,0.73,,,1.2397,1.108,1.1841,0.0,,137811.7598,137811.7598,66125.8863,1849433.8165,1849433.8165,,,3.282
600150,中国船舶,船舶,上海,19980520,600150.SH,20181204,13.63,13.71,13.48,13.59,13.66,-0.07,-0.5124,59521.87,80822.285,0.4319,0.9001,0.52,,,1.2554,1.1221,1.1991,0.0,,137811.7598,137811.7598,66125.8863,1872861.8157,1872861.8157,,,3.282
600150,中国船舶,船舶,上海,19980520,600150.SH,20181203,13.61,13.74,13.39,13.66,13.41,0.25,1.8643,97358.92,132176.304,0.7065,1.4723,0.89,,,1.2619,1.1279,1.2052,0.0,,137811.7598,137811.7598,66125.8863,1882508.6389,1882508.6389,,,3.282
600150,中国船舶,船舶,上海,19980520,600150.SH,20181130,13.31,13.53,13.05,13.41,13.26,0.15,1.1312,88100.66,117003.396,0.6393,1.3323,0.72,,,1.2388,1.1072,1.1832,0.0,,137811.7598,137811.7598,66125.8863,1848055.6989,1848055.6989,13.92,12.6,3.282
600150,中国船舶,船舶,上海,19980520,600150.SH,20181129,13.2,13.64,13.16,13.26,13.19,0.07,0.5307,139783.56,187607.64,1.0143,2.1139,1.02,,,1.2249,1.0948,1.1699,0.0,,137811.7598,137811.7598,66125.8863,1827383.9349,1827383.9349,,,3.282
600150,中国船舶,船舶,上海,19980520,600150.SH,20181128,13.29,13.5,13.08,13.19,13.23,-0.04,-0.3023,103286.95,136861.762,0.7495,1.562,0.78,,,1.2184,1.089,1.1638,0.0,,137811.7598,137811.7598,66125.8863,1817737.1118,1817737.1118,,,3.282
600150,中国船舶,船舶,上海,19980520,600150.SH,20181127,12.81,13.34,12.73,13.23,12.7,0.53,4.1732,140480.47,184435.052,1.0194,2.1244,1.09,,,1.2221,1.0923,1.1673,0.0,,137811.7598,137811.7598,66125.8863,1823249.5822,1823249.5822,,,3.282
600150,中国船舶,船舶,上海,19980520,600150.SH,20181126,12.38,12.79,12.38,12.7,12.46,0.24,1.9262,73933.27,93444.552,0.5365,1.1181,0.59,,,1.1732,1.0486,1.1205,0.0,,137811.7598,137811.7598,66125.8863,1750209.3495,1750209.3495,,,3.282
600150,中国船舶,船舶,上海,19980520,600150.SH,20181123,13.02,13.22,12.46,12.46,13.07,-0.61,-4.6672,154503.6,198145.596,1.1211,2.3365,1.37,,,1.151,1.0288,1.0994,0.0,,137811.7598,137811.7598,66125.8863,1717134.5271,1717134.5271,,,3.282
600150,中国船舶,船舶,上海,19980520,600150.SH,20181122,12.69,13.2,12.58,13.07,12.57,0.5,3.9777,210907.0,275241.98,1.5304,3.1895,2.59,,,1.2074,1.0791,1.1532,0.0,,137811.7598,137811.7598,66125.8863,1801199.7006,1801199.7006,,,3.282
600150,中国船舶,船舶,上海,19980520,600150.SH,20181121,12.19,12.58,12.16,12.57,12.26,0.31,2.5285,83998.85,104316.086,0.6095,1.2703,1.03,,,1.1612,1.0379,1.1091,0.0,,137811.7598,137811.7598,66125.8863,1732293.8207,1732293.8207,,,3.282
600150,中国船舶,船舶,上海,19980520,600150.SH,20181120,12.12,12.77,12.12,12.26,12.28,-0.02,-0.1629,120987.62,150618.113,0.8779,1.8297,1.56,,,1.1325,1.0123,1.0817,0.0,,137811.7598,137811.7598,66125.8863,1689572.1751,1689572.1751,,,3.282
600150,中国船舶,船舶,上海,19980520,600150.SH,20181119,12.21,12.28,12.1,12.28,12.28,0.0,0.0,58098.79,70788.829,0.4216,0.8786,0.74,,,1.1344,1.0139,1.0835,0.0,,137811.7598,137811.7598,66125.8863,1692328.4103,1692328.4103,,,3.282
600150,中国船舶,船舶,上海,19980520,600150.SH,20181116,12.2,12.31,12.11,12.28,12.05,0.23,1.9087,87986.5,107589.73,0.6385,1.3306,1.19,,,1.1344,1.0139,1.0835,0.0,,137811.7598,137811.7598,66125.8863,1692328.4103,1692328.4103,13.3,12.04,3.282
600150,中国船舶,船舶,上海,19980520,600150.SH,20181115,11.98,12.1,11.93,12.05,11.98,0.07,0.5843,55446.66,66574.69,0.4023,0.8385,0.62,,,1.1131,0.9949,1.0632,0.0,,137811.7598,137811.7598,66125.8863,1660631.7056,1660631.7056,,,3.282
600150,中国船舶,船舶,上海,19980520,600150.SH,20181114,12.09,12.21,11.95,11.98,12.15,-0.17,-1.3992,86082.2,103634.465,0.6246,1.3018,0.81,,,1.1067,0.9891,1.057,0.0,,137811.7598,137811.7598,66125.8863,1650984.8824,1650984.8824,,,3.282
600150,中国船舶,船舶,上海,19980520,600150.SH,20181113,11.9,12.34,11.85,12.15,12.07,0.08,0.6628,99125.27,120785.655,0.7193,1.499,1.0,,,1.1224,1.0032,1.072,0.0,,137811.7598,137811.7598,66125.8863,1674412.8816,1674412.8816,,,3.282
600150,中国船舶,船舶,上海,19980520,600150.SH,20181112,11.81,12.12,11.78,12.07,11.91,0.16,1.3434,63815.73,76470.32,0.4631,0.9651,0.61,,,1.115,0.9966,1.065,0.0,,137811.7598,137811.7598,66125.8863,1663387.9408,1663387.9408,,,3.282
600150,中国船舶,船舶,上海,19980520,600150.SH,20181109,11.91,12.08,11.87,11.91,12.05,-0.14,-1.1618,64075.4,76633.847,0.4649,0.969,0.61,,,1.1002,0.9834,1.0508,0.0,,137811.7598,137811.7598,66125.8863,1641338.0592,1641338.0592,,,3.282
600150,中国船舶,船舶,上海,19980520,600150.SH,20181108,12.01,12.24,11.83,12.05,11.9,0.15,1.2605,132738.18,160250.114,0.9632,2.0074,1.45,,,1.1131,0.9949,1.0632,0.0,,137811.7598,137811.7598,66125.8863,1660631.7056,1660631.7056,,,3.282
600150,中国船舶,船舶,上海,19980520,600150.SH,20181107,11.52,12.08,11.5,11.9,11.5,0.4,3.4783,170076.74,202484.145,1.2341,2.572,2.56,,,1.0993,0.9825,1.05,0.0,,137811.7598,137811.7598,66125.8863,1639959.9416,1639959.9416,,,3.282
600150,中国船舶,船舶,上海,19980520,600150.SH,20181106,11.63,11.64,11.44,11.5,11.48,0.02,0.1742,65775.08,75838.746,0.4773,0.9947,1.1,,,1.0623,0.9495,1.0147,0.0,,137811.7598,137811.7598,66125.8863,1584835.2377,1584835.2377,,,3.282
600150,中国船舶,船舶,上海,19980520,600150.SH,20181105,11.2,11.56,11.16,11.48,11.22,0.26,2.3173,90392.72,103130.422,0.6559,1.367,1.91,,,1.0605,0.9479,1.0129,0.0,,137811.7598,137811.7598,66125.8863,1582079.0025,1582079.0025,,,3.282
600150,中国船舶,船舶,上海,19980520,600150.SH,20181102,11.2,11.26,11.11,11.22,11.09,0.13,1.1722,67861.96,75904.787,0.4924,1.0263,1.66,,,1.0365,0.9264,0.99,0.0,,137811.7598,137811.7598,66125.8863,1546247.945,1546247.945,,,3.282
600150,中国船舶,船舶,上海,19980520,600150.SH,20181101,11.06,11.29,11.02,11.09,11.06,0.03,0.2712,63792.13,70987.29,0.4629,0.9482,1.78,,,1.0244,0.9157,0.9785,0.0,,137811.7598,137811.7598,67275.6932,1528332.4162,1528332.4162,,,3.282
600150,中国船舶,船舶,上海,19980520,600150.SH,20181031,11.16,11.21,11.01,11.06,11.01,0.05,0.4541,44172.38,49070.798,0.3205,0.6566,1.34,,,1.0217,0.9132,0.9758,0.0,,137811.7598,137811.7598,67275.6932,1524198.0634,1524198.0634,,,3.282
600150,中国船舶,船舶,上海,19980520,600150.SH,20181030,10.89,11.08,10.77,11.01,10.84,0.17,1.5683,32906.65,36115.85,0.2388,0.4891,0.9,,,1.0248,0.9091,0.9608,0.0,,137811.7598,137811.7598,67275.6932,1517307.4754,1517307.4754,,,3.282
600150,中国船舶,船舶,上海,19980520,600150.SH,20181029,10.89,10.99,10.79,10.84,10.97,-0.13,-1.1851,27492.0,29894.392,0.1995,0.4086,0.64,,,1.009,0.895,0.946,0.0,,137811.7598,137811.7598,67275.6932,1493879.4762,1493879.4762,,,3.282
600150,中国船舶,船舶,上海,19980520,600150.SH,20181026,11.04,11.16,10.85,10.97,10.97,0.0,0.0,36617.77,40316.104,0.2657,0.5443,0.84,,,1.0211,0.9057,0.9573,0.0,,137811.7598,137811.7598,67275.6932,1511795.005,1511795.005,,,3.282
600150,中国船舶,船舶,上海,19980520,600150.SH,20181025,10.7,10.99,10.6,10.97,11.05,-0.08,-0.724,37964.67,41134.343,0.2755,0.5643,0.89,,,1.0211,0.9057,0.9573,0.0,,137811.7598,137811.7598,67275.6932,1511795.005,1511795.005,,,3.282
600150,中国船舶,船舶,上海,19980520,600150.SH,20181024,11.06,11.2,10.98,11.05,11.07,-0.02,-0.1807,29841.51,33060.243,0.2165,0.4436,0.66,,,1.0285,0.9124,0.9643,0.0,,137811.7598,137811.7598,67275.6932,1522819.9458,1522819.9458,,,3.282
600150,中国船舶,船舶,上海,19980520,600150.SH,20181023,11.08,11.26,10.97,11.07,11.11,-0.04,-0.36,50403.0,55934.735,0.3657,0.7492,1.06,,,1.0304,0.914,0.966,0.0,,137811.7598,137811.7598,67275.6932,1525576.181,1525576.181,,,3.282
600150,中国船舶,船舶,上海,19980520,600150.SH,20181022,10.97,11.28,10.84,11.11,10.76,0.35,3.2528,60915.22,67583.412,0.442,0.9055,1.4,,,1.0341,0.9173,0.9695,0.0,,137811.7598,137811.7598,67275.6932,1531088.6514,1531088.6514,12.87,11.65,3.282
600150,中国船舶,船舶,上海,19980520,600150.SH,20181019,10.55,10.88,10.29,10.76,10.67,0.09,0.8435,40050.2,42544.843,0.2906,0.5953,0.77,,,1.0015,0.8884,0.939,0.0,,137811.7598,137811.7598,67275.6932,1482854.5354,1482854.5354,,,3.282
600150,中国船舶,船舶,上海,19980520,600150.SH,20181018,10.86,10.92,10.64,10.67,10.94,-0.27,-2.468,32493.52,34900.227,0.2358,0.483,0.53,,,0.9931,0.881,0.9311,0.0,,137811.7598,137811.7598,67275.6932,1470451.4771,1470451.4771,,,3.282
600150,中国船舶,船舶,上海,19980520,600150.SH,20181017,10.95,11.08,10.76,10.94,10.79,0.15,1.3902,41202.47,45015.831,0.299,0.6124,0.7,,,1.0183,0.9033,0.9547,0.0,,137811.7598,137811.7598,67275.6932,1507660.6522,1507660.6522,,,3.282
600150,中国船舶,船舶,上海,19980520,600150.SH,20181016,10.58,11.12,10.56,10.79,10.59,0.2,1.8886,62898.15,68512.966,0.4564,0.9349,1.18,,,1.0043,0.8909,0.9416,0.0,,137811.7598,137811.7598,67275.6932,1486988.8882,1486988.8882,,,3.282
600150,中国船舶,船舶,上海,19980520,600150.SH,20181015,10.59,10.66,10.47,10.59,10.54,0.05,0.4744,40253.0,42521.971,0.2921,0.5983,0.72,,,0.9857,0.8744,0.9242,0.0,,137811.7598,137811.7598,67275.6932,1459426.5363,1459426.5363,,,3.282
600150,中国船舶,船舶,上海,19980520,600150.SH,20181012,10.68,10.85,10.31,10.54,10.85,-0.31,-2.8571,82679.98,86979.998,0.5999,1.229,1.59,,,0.981,0.8702,0.9198,0.0,,137811.7598,137811.7598,67275.6932,1452535.9483,1452535.9483,,,3.282
600150,中国船舶,船舶,上海,19980520,600150.SH,20181011,11.04,11.26,10.85,10.85,11.42,-0.57,-4.9912,80871.81,88914.99,0.5868,1.2021,1.81,,,1.0099,0.8958,0.9468,0.0,,137811.7598,137811.7598,67275.6932,1495257.5938,1495257.5938,,,3.282
600150,中国船舶,船舶,上海,19980520,600150.SH,20181010,11.42,11.46,11.3,11.42,11.42,0.0,0.0,28099.65,31949.726,0.2039,0.4177,0.59,,,1.063,0.9429,0.9966,0.0,,137811.7598,137811.7598,67275.6932,1573810.2969,1573810.2969,,,3.282
600150,中国船舶,船舶,上海,19980520,600150.SH,20181009,11.34,11.5,11.33,11.42,11.37,0.05,0.4398,34437.6,39216.796,0.2499,0.5119,0.71,,,1.063,0.9429,0.9966,0.0,,137811.7598,137811.7598,67275.6932,1573810.2969,1573810.2969,12.5,11.31,3.282
600150,中国船舶,船舶,上海,19980520,600150.SH,20181008,11.39,11.59,11.35,11.37,11.56,-0.19,-1.6436,54474.09,62456.222,0.3953,0.8097,1.22,,,1.0583,0.9388,0.9922,0.0,,137811.7598,137811.7598,67275.6932,1566919.7089,1566919.7089,,,3.282
600150,中国船舶,船舶,上海,19980520,600150.SH,20180928,11.19,11.57,11.19,11.56,11.2,0.36,3.2143,61425.96,70187.393,0.4457,0.913,1.57,,,1.076,0.9545,1.0088,0.0,,137811.7598,137811.7598,67275.6932,1593103.9433,1593103.9433,,,3.282
600150,中国船舶,船舶,上海,19980520,600150.SH,20180927,11.39,11.42,11.2,11.2,11.39,-0.19,-1.6681,44642.0,50551.861,0.3239,0.6636,1.1,,,1.0425,0.9247,0.9774,0.0,,137811.7598,137811.7598,67275.6932,1543491.7098,1543491.7098,,,3.282
600150,中国船舶,船舶,上海,19980520,600150.SH,20180926,11.31,11.42,11.25,11.39,11.31,0.08,0.7073,44986.69,51106.05,0.3264,0.6687,1.17,,,1.0602,0.9404,0.994,0.0,,137811.7598,137811.7598,67275.6932,1569675.9441,1569675.9441,,,3.282
600150,中国船舶,船舶,上海,19980520,600150.SH,20180925,11.13,11.43,11.09,11.31,11.19,0.12,1.0724,38147.96,43080.177,0.2768,0.567,0.93,,,1.0527,0.9338,0.987,0.0,,137811.7598,137811.7598,67275.6932,1558651.0033,1558651.0033,,,3.282
600150,中国船舶,船舶,上海,19980520,600150.SH,20180921,11.09,11.23,11.06,11.19,11.07,0.12,1.084,34228.21,38184.515,0.2484,0.5088,0.79,,,1.0415,0.9239,0.9765,0.0,,137811.7598,137811.7598,67275.6932,1542113.5922,1542113.5922,,,3.282
600150,中国船舶,船舶,上海,19980520,600150.SH,20180920,11.18,11.21,11.06,11.07,11.17,-0.1,-0.8953,33602.0,37407.602,0.2438,0.4995,0.75,,,1.0304,0.914,0.966,0.0,,137811.7598,137811.7598,67275.6932,1525576.181,1525576.181,,,3.282
600150,中国船舶,船舶,上海,19980520,600150.SH,20180919,11.16,11.35,11.11,11.17,11.16,0.01,0.0896,51905.12,58219.79,0.3766,0.7715,1.24,,,1.0397,0.9223,0.9748,0.0,,137811.7598,137811.7598,67275.6932,1539357.357,1539357.357,,,3.282
600150,中国船舶,船舶,上海,19980520,600150.SH,20180918,10.92,11.19,10.92,11.16,11.01,0.15,1.3624,33842.67,37534.665,0.2456,0.503,0.81,,,1.0388,0.9214,0.9739,0.0,,137811.7598,137811.7598,67275.6932,1537979.2394,1537979.2394,11.52,10.42,3.282
600150,中国船舶,船舶,上海,19980520,600150.SH,20180917,11.22,11.22,10.81,11.01,11.26,-0.25,-2.2202,51013.18,56214.959,0.3702,0.7583,1.23,,,1.0248,0.9091,0.9608,0.0,,137811.7598,137811.7598,67275.6932,1517307.4754,1517307.4754,,,3.282
600150,中国船舶,船舶,上海,19980520,600150.SH,20180914,11.4,11.5,11.25,11.26,11.36,-0.1,-0.8803,45957.37,52275.881,0.3335,0.6831,1.03,,,1.0481,0.9297,0.9826,0.0,,137811.7598,137811.7598,67275.6932,1551760.4153,1551760.4153,,,3.282
600150,中国船舶,船舶,上海,19980520,600150.SH,20180913,11.2,11.37,11.2,11.36,11.21,0.15,1.3381,40310.03,45503.249,0.2925,0.5992,0.86,,,1.0574,0.9379,0.9914,0.0,,137811.7598,137811.7598,67275.6932,1565541.5913,1565541.5913,,,3.282
600150,中国船舶,船舶,上海,19980520,600150.SH,20180912,11.1,11.25,11.07,11.21,11.1,0.11,0.991,38591.3,43191.763,0.28,0.5736,0.73,,,1.0434,0.9256,0.9783,0.0,,137811.7598,137811.7598,67275.6932,1544869.8274,1544869.8274,,,3.282
600150,中国船舶,船舶,上海,19980520,600150.SH,20180911,11.05,11.16,11.0,11.1,11.01,0.09,0.8174,32820.12,36347.804,0.2382,0.4878,0.53,,,1.0332,0.9165,0.9687,0.0,,137811.7598,137811.7598,67275.6932,1529710.5338,1529710.5338,,,3.282
600150,中国船舶,船舶,上海,19980520,600150.SH,20180910,11.2,11.23,11.01,11.01,11.2,-0.19,-1.6964,50297.0,55832.668,0.365,0.7476,0.77,,,1.0248,0.9091,0.9608,0.0,,137811.7598,137811.7598,67275.6932,1517307.4754,1517307.4754,,,3.282
600150,中国船舶,船舶,上海,19980520,600150.SH,20180907,11.43,11.58,11.17,11.2,11.43,-0.23,-2.0122,62035.08,70440.593,0.4501,0.9221,0.92,,,1.0425,0.9247,0.9774,0.0,,137811.7598,137811.7598,67275.6932,1543491.7098,1543491.7098,,,3.282
600150,中国船舶,船舶,上海,19980520,600150.SH,20180906,11.37,11.65,11.37,11.43,11.45,-0.02,-0.1747,50766.08,58385.484,0.3684,0.7546,0.72,,,1.0639,0.9437,0.9975,0.0,,137811.7598,137811.7598,67275.6932,1575188.4145,1575188.4145,,,3.282
600150,中国船舶,船舶,上海,19980520,600150.SH,20180905,11.71,11.8,11.45,11.45,11.74,-0.29,-2.4702,69859.48,81118.425,0.5069,1.0384,0.88,,,1.0657,0.9454,0.9992,0.0,,137811.7598,137811.7598,67275.6932,1577944.6497,1577944.6497,,,3.282
600150,中国船舶,船舶,上海,19980520,600150.SH,20180904,11.55,11.78,11.45,11.74,11.57,0.17,1.4693,78087.7,91167.11,0.5666,1.1607,0.98,,,1.0927,0.9693,1.0245,0.0,,137811.7598,137811.7598,67275.6932,1617910.0601,1617910.0601,,,3.282
600150,中国船舶,船舶,上海,19980520,600150.SH,20180903,11.66,11.69,11.31,11.57,11.65,-0.08,-0.6867,65532.43,75248.835,0.4755,0.9741,0.76,,,1.0769,0.9553,1.0097,0.0,,137811.7598,137811.7598,67275.6932,1594482.0609,1594482.0609,,,3.282
600150,中国船舶,船舶,上海,19980520,600150.SH,20180831,11.54,11.65,11.35,11.65,11.51,0.14,1.2163,71526.0,82395.575,0.519,1.0632,0.68,,,1.0844,0.9619,1.0167,0.0,,137811.7598,137811.7598,67275.6932,1605507.0017,1605507.0017,,,3.282
600150,中国船舶,船舶,上海,19980520,600150.SH,20180830,11.54,11.77,11.48,11.51,11.55,-0.04,-0.3463,66907.0,77446.609,0.4855,0.9945,0.63,,,1.0713,0.9503,1.0044,0.0,,137811.7598,137811.7598,67275.6932,1586213.3553,1586213.3553,,,3.282
600150,中国船舶,船舶,上海,19980520,600150.SH,20180829,11.67,11.82,11.48,11.55,11.31,0.24,2.122,114656.43,133471.092,0.832,1.7043,1.07,,,1.0751,0.9536,1.0079,0.0,,137811.7598,137811.7598,67275.6932,1591725.8257,1591725.8257,,,3.282
600150,中国船舶,船舶,上海,19980520,600150.SH,20180828,11.01,11.35,11.01,11.31,11.06,0.25,2.2604,80461.5,90106.879,0.5839,1.196,0.75,,,1.0527,0.9338,0.987,0.0,,137811.7598,137811.7598,67275.6932,1558651.0033,1558651.0033,,,3.282
600150,中国船舶,船舶,上海,19980520,600150.SH,20180827,10.82,11.26,10.82,11.06,11.09,-0.03,-0.2705,99523.09,109973.005,0.7222,1.4793,1.02,,,1.0294,0.9132,0.9652,0.0,,137811.7598,137811.7598,67275.6932,1524198.0634,1524198.0634,,,3.282
600150,中国船舶,船舶,上海,19980520,600150.SH,20180824,11.55,11.55,11.09,11.09,11.67,-0.58,-4.97,163109.05,181820.119,1.1836,2.4245,2.07,,,1.0322,0.9157,0.9678,0.0,,137811.7598,137811.7598,67275.6932,1528332.4162,1528332.4162,,,3.282
600150,中国船舶,船舶,上海,19980520,600150.SH,20180823,11.63,11.79,11.52,11.67,11.67,0.0,0.0,73851.43,85948.487,0.5359,1.0977,0.92,,,1.0958,0.9635,1.0345,0.0,,137811.7598,137811.7598,67275.6932,1608263.2369,1608263.2369,,,3.282
600150,中国船舶,船舶,上海,19980520,600150.SH,20180822,11.4,11.86,11.32,11.67,11.43,0.24,2.0997,117939.57,137679.372,0.8558,1.7531,1.65,,,1.0958,0.9635,1.0345,0.0,,137811.7598,137811.7598,67275.6932,1608263.2369,1608263.2369,,,3.282
600150,中国船舶,船舶,上海,19980520,600150.SH,20180821,11.08,11.53,11.06,11.43,11.09,0.34,3.0658,85317.21,96589.168,0.6191,1.2682,1.16,,,1.0732,0.9437,1.0132,0.0,,137811.7598,137811.7598,67275.6932,1575188.4145,1575188.4145,,,3.282
600150,中国船舶,船舶,上海,19980520,600150.SH,20180820,10.91,11.12,10.89,11.09,11.0,0.09,0.8182,49084.66,54070.989,0.3562,0.7296,0.52,,,1.0413,0.9157,0.9831,0.0,,137811.7598,137811.7598,67275.6932,1528332.4162,1528332.4162,,,3.282
600150,中国船舶,船舶,上海,19980520,600150.SH,20180817,11.23,11.32,10.98,11.0,11.14,-0.14,-1.2567,67323.27,74806.092,0.4885,1.0007,0.74,,,1.0329,0.9082,0.9751,0.0,,137811.7598,137811.7598,67275.6932,1515929.3578,1515929.3578,,,3.282
600150,中国船舶,船舶,上海,19980520,600150.SH,20180816,10.8,11.28,10.72,11.14,10.96,0.18,1.6423,82524.22,91533.391,0.5988,1.2267,0.96,,,1.046,0.9198,0.9875,0.0,,137811.7598,137811.7598,67275.6932,1535223.0042,1535223.0042,,,3.282
600150,中国船舶,船舶,上海,19980520,600150.SH,20180815,11.18,11.24,10.95,10.96,11.15,-0.19,-1.704,73015.14,80812.341,0.5298,1.0853,0.86,,,1.0291,0.9049,0.9715,0.0,,137811.7598,137811.7598,67275.6932,1510416.8874,1510416.8874,,,3.282
600150,中国船舶,船舶,上海,19980520,600150.SH,20180814,11.14,11.44,11.01,11.15,11.13,0.02,0.1797,96990.98,108797.916,0.7038,1.4417,1.27,,,1.0469,0.9206,0.9884,0.0,,137811.7598,137811.7598,67275.6932,1536601.1218,1536601.1218,,,3.282
600150,中国船舶,船舶,上海,19980520,600150.SH,20180813,10.49,11.13,10.4,11.13,10.6,0.53,5.0,152822.9,168003.001,1.1089,2.2716,2.74,,,1.0451,0.919,0.9866,0.0,,137811.7598,137811.7598,67275.6932,1533844.8866,1533844.8866,11.66,10.55,3.282
600150,中国船舶,船舶,上海,19980520,600150.SH,20180810,10.47,10.66,10.34,10.6,10.47,0.13,1.2416,49106.82,51434.129,0.3563,0.7299,0.86,,,0.9953,0.8752,0.9396,0.0,,137811.7598,137811.7598,67275.6932,1460804.6539,1460804.6539,11.56,10.46,3.282
600150,中国船舶,船舶,上海,19980520,600150.SH,20180809,10.23,10.51,10.15,10.47,10.26,0.21,2.0468,57230.56,59683.358,0.4153,0.8507,0.83,,,0.9831,0.8645,0.9281,0.0,,137811.7598,137811.7598,67275.6932,1442889.1251,1442889.1251,,,3.282
600150,中国船舶,船舶,上海,19980520,600150.SH,20180808,10.11,10.5,10.1,10.26,10.17,0.09,0.885,69900.71,72315.142,0.5072,1.039,1.01,,,0.9634,0.8471,0.9095,0.0,,137811.7598,137811.7598,67275.6932,1413948.6555,1413948.6555,,,3.282
600150,中国船舶,船舶,上海,19980520,600150.SH,20180807,9.96,10.21,9.83,10.17,9.91,0.26,2.6236,51925.58,52188.238,0.3768,0.7718,0.77,,,0.9549,0.8397,0.9015,0.0,,137811.7598,137811.7598,67275.6932,1401545.5972,1401545.5972,,,3.282
600150,中国船舶,船舶,上海,19980520,600150.SH,20180806,10.16,10.16,9.83,9.91,10.04,-0.13,-1.2948,50925.01,50714.291,0.3695,0.757,0.69,,,0.9305,0.8182,0.8785,0.0,,137811.7598,137811.7598,67275.6932,1365714.5396,1365714.5396,,,3.282
600150,中国船舶,船舶,上海,19980520,600150.SH,20180803,10.04,10.23,9.93,10.04,10.14,-0.1,-0.9862,55582.72,56097.322,0.4033,0.8262,0.72,,,0.9427,0.829,0.89,0.0,,137811.7598,137811.7598,67275.6932,1383630.0684,1383630.0684,12.15,10.99,3.282
600150,中国船舶,船舶,上海,19980520,600150.SH,20180802,10.51,10.57,10.14,10.14,10.67,-0.53,-4.9672,114416.05,116995.554,0.8302,1.7007,1.67,,,0.9521,0.8372,0.8988,0.0,,137811.7598,137811.7598,67275.6932,1397411.2444,1397411.2444,,,3.282
600150,中国船舶,船舶,上海,19980520,600150.SH,20180801,11.08,11.13,10.66,10.67,11.06,-0.39,-3.5262,72683.0,79137.658,0.5274,1.0804,0.96,,,1.0019,0.881,0.9458,0.0,,137811.7598,137811.7598,67275.6932,1470451.4771,1470451.4771,,,3.282
600150,中国船舶,船舶,上海,19980520,600150.SH,20180731,11.0,11.12,10.94,11.06,11.06,0.0,0.0,42873.7,47346.317,0.3111,0.6373,0.49,,,1.0385,0.9132,0.9804,0.0,,137811.7598,137811.7598,67275.6932,1524198.0634,1524198.0634,12.13,10.97,3.282
600150,中国船舶,船舶,上海,19980520,600150.SH,20180730,11.02,11.17,10.91,11.06,10.98,0.08,0.7286,83628.75,92281.981,0.6068,1.2431,0.9,,,1.0385,0.9132,0.9804,0.0,,137811.7598,137811.7598,67275.6932,1524198.0634,1524198.0634,,,3.282
600150,中国船舶,船舶,上海,19980520,600150.SH,20180727,10.92,11.15,10.8,10.98,10.9,0.08,0.7339,70240.72,77119.669,0.5097,1.0441,0.71,,,1.031,0.9066,0.9733,0.0,,137811.7598,137811.7598,67275.6932,1513173.1226,1513173.1226,,,3.282
600150,中国船舶,船舶,上海,19980520,600150.SH,20180726,10.89,10.97,10.75,10.9,10.9,0.0,0.0,73161.06,79272.602,0.5309,1.0875,0.64,,,1.0235,0.9,0.9662,0.0,,137811.7598,137811.7598,67275.6932,1502148.1818,1502148.1818,,,3.282
600150,中国船舶,船舶,上海,19980520,600150.SH,20180725,11.1,11.19,10.87,10.9,11.19,-0.29,-2.5916,110432.23,121150.834,0.8013,1.6415,0.91,,,1.0235,0.9,0.9662,0.0,,137811.7598,137811.7598,67275.6932,1502148.1818,1502148.1818,,,3.282
600150,中国船舶,船舶,上海,19980520,600150.SH,20180724,11.19,11.3,11.05,11.19,11.15,0.04,0.3587,99555.47,111018.17,0.7224,1.4798,0.71,,,1.0507,0.9239,0.9919,0.0,,137811.7598,137811.7598,67275.6932,1542113.5922,1542113.5922,12.25,11.09,3.282
600150,中国船舶,船舶,上海,19980520,600150.SH,20180723,10.82,11.19,10.82,11.15,10.84,0.31,2.8598,110357.29,122097.459,0.8008,1.6404,0.78,,,1.0469,0.9206,0.9884,0.0,,137811.7598,137811.7598,67275.6932,1536601.1218,1536601.1218,,,3.282
600150,中国船舶,船舶,上海,19980520,600150.SH,20180720,10.85,10.92,10.54,10.84,10.79,0.05,0.4634,98181.86,105384.507,0.7124,1.4594,0.74,,,1.0178,0.895,0.9609,0.0,,137811.7598,137811.7598,67275.6932,1493879.4762,1493879.4762,,,3.282
600150,中国船舶,船舶,上海,19980520,600150.SH,20180719,10.71,11.17,10.67,10.79,10.8,-0.01,-0.09,155722.68,170609.593,1.13,2.3147,1.34,,,1.0131,0.8909,0.9565,0.0,,137811.7598,137811.7598,67275.6932,1486988.8882,1486988.8882,,,3.282
600150,中国船舶,船舶,上海,19980520,600150.SH,20180718,10.55,10.95,10.55,10.8,10.47,0.33,3.15,145905.06,157770.856,1.0587,2.1688,1.46,,,1.0141,0.8917,0.9574,0.0,,137811.7598,137811.7598,67275.6932,1488367.0058,1488367.0058,,,3.282
600150,中国船舶,船舶,上海,19980520,600150.SH,20180717,10.19,10.69,10.13,10.47,10.19,0.28,2.75,187163.71,196336.133,1.3581,2.782,2.55,,,0.9831,0.8645,0.9281,0.0,,137811.7598,137811.7598,67275.6932,1442889.1251,1442889.1251,,,3.282
600150,中国船舶,船舶,上海,19980520,600150.SH,20180716,9.71,10.19,9.64,10.19,9.7,0.49,5.05,116852.9,117418.468,0.8479,1.7369,1.82,,,0.9568,0.8413,0.9033,0.0,,137811.7598,137811.7598,67275.6932,1404301.8324,1404301.8324,,,3.282
600150,中国船舶,船舶,上海,19980520,600150.SH,20180713,9.65,9.74,9.61,9.7,9.66,0.04,0.41,55363.46,53621.053,0.4017,0.8229,0.82,,,0.9108,0.8009,0.8598,0.0,,137811.7598,137811.7598,67275.6932,1336774.0701,1336774.0701,,,3.282
600150,中国船舶,船舶,上海,19980520,600150.SH,20180712,9.4,9.73,9.39,9.66,9.42,0.24,2.55,74814.22,71986.904,0.5429,1.1121,1.13,,,0.907,0.7976,0.8563,0.0,,137811.7598,137811.7598,67275.6932,1331261.5997,1331261.5997,,,3.282
600150,中国船舶,船舶,上海,19980520,600150.SH,20180711,9.55,9.55,9.32,9.42,9.62,-0.2,-2.08,65789.0,61915.603,0.4774,0.9779,0.99,,,0.8845,0.7778,0.835,0.0,,137811.7598,137811.7598,67275.6932,1298186.7773,1298186.7773,,,3.282
600150,中国船舶,船舶,上海,19980520,600150.SH,20180710,9.6,9.68,9.56,9.62,9.6,0.02,0.21,53691.3,51613.22,0.3896,0.7981,0.73,,,0.9033,0.7943,0.8528,0.0,,137811.7598,137811.7598,67275.6932,1325749.1293,1325749.1293,,,3.282
600150,中国船舶,船舶,上海,19980520,600150.SH,20180709,9.42,9.61,9.42,9.6,9.4,0.2,2.13,70551.11,67266.775,0.5119,1.0487,0.96,,,0.9014,0.7926,0.851,0.0,,137811.7598,137811.7598,67275.6932,1322992.8941,1322992.8941,,,3.282
600150,中国船舶,船舶,上海,19980520,600150.SH,20180706,9.25,9.5,9.24,9.4,9.27,0.13,1.4,74221.83,69589.901,0.5386,1.1032,0.99,,,0.8826,0.7761,0.8333,0.0,,137811.7598,137811.7598,67275.6932,1295430.5421,1295430.5421,,,3.282
600150,中国船舶,船舶,上海,19980520,600150.SH,20180705,9.53,9.59,9.26,9.27,9.58,-0.31,-3.24,67305.81,63380.556,0.4884,1.0004,0.9,,,0.8704,0.7654,0.8217,0.0,,137811.7598,137811.7598,67275.6932,1277515.0133,1277515.0133,10.54,9.54,3.282
600150,中国船舶,船舶,上海,19980520,600150.SH,20180704,9.63,9.67,9.46,9.58,9.71,-0.13,-1.34,68003.4,65089.588,0.4935,1.0108,0.87,,,0.8995,0.791,0.8492,0.0,,137811.7598,137811.7598,67275.6932,1320236.6589,1320236.6589,10.65,9.63,3.282
600150,中国船舶,船舶,上海,19980520,600150.SH,20180703,9.49,9.75,9.46,9.71,9.44,0.27,2.86,88273.0,84858.236,0.6405,1.3121,1.13,,,0.9117,0.8017,0.8607,0.0,,137811.7598,137811.7598,67275.6932,1338152.1877,1338152.1877,,,3.282
600150,中国船舶,船舶,上海,19980520,600150.SH,20180702,9.64,9.76,9.4,9.44,9.69,-0.25,-2.58,70633.34,67753.593,0.5125,1.0499,0.92,,,0.8864,0.7794,0.8368,0.0,,137811.7598,137811.7598,67275.6932,1300943.0125,1300943.0125,11.61,10.51,3.282
600150,中国船舶,船舶,上海,19980520,600150.SH,20180629,9.35,9.7,9.35,9.69,9.38,0.31,3.3,80946.66,77578.836,0.5874,1.2032,1.05,,,0.9098,0.8001,0.859,0.0,,137811.7598,137811.7598,67275.6932,1335395.9525,1335395.9525,,,3.282
600150,中国船舶,船舶,上海,19980520,600150.SH,20180628,9.5,9.63,9.33,9.38,9.55,-0.17,-1.78,68068.46,64665.175,0.4939,1.0118,0.78,,,0.8807,0.7745,0.8315,0.0,,137811.7598,137811.7598,67275.6932,1292674.3069,1292674.3069,,,3.282
600150,中国船舶,船舶,上海,19980520,600150.SH,20180627,9.52,9.73,9.46,9.55,9.5,0.05,0.53,83325.01,79748.588,0.6046,1.2386,0.78,,,0.8967,0.7885,0.8465,0.0,,137811.7598,137811.7598,67275.6932,1316102.3061,1316102.3061,11.45,10.36,3.282
600150,中国船舶,船舶,上海,19980520,600150.SH,20180626,9.18,9.52,9.13,9.5,9.37,0.13,1.39,87860.52,82137.086,0.6375,1.306,0.82,,,0.892,0.7844,0.8421,0.0,,137811.7598,137811.7598,67275.6932,1309211.7181,1309211.7181,,,3.282
600150,中国船舶,船舶,上海,19980520,600150.SH,20180625,9.6,9.66,9.35,9.37,9.5,-0.13,-1.37,62622.53,59732.757,0.4544,0.9308,0.51,,,0.8798,0.7736,0.8306,0.0,,137811.7598,137811.7598,67275.6932,1291296.1893,1291296.1893,,,3.282
600150,中国船舶,船舶,上海,19980520,600150.SH,20180622,9.19,9.53,9.1,9.5,9.35,0.15,1.6,83394.6,78153.569,0.6051,1.2396,0.68,,,0.892,0.7844,0.8421,0.0,,137811.7598,137811.7598,67275.6932,1309211.7181,1309211.7181,,,3.282
600150,中国船舶,船舶,上海,19980520,600150.SH,20180621,9.63,9.83,9.33,9.35,9.68,-0.33,-3.41,119950.97,115372.063,0.8704,1.783,0.97,,,0.8779,0.772,0.8288,0.0,,137811.7598,137811.7598,67275.6932,1288539.9541,1288539.9541,,,3.282
600150,中国船舶,船舶,上海,19980520,600150.SH,20180620,9.73,9.87,9.62,9.68,10.13,-0.45,-4.44,180704.0,175310.961,1.3112,2.686,1.8,,,0.9089,0.7992,0.8581,0.0,,137811.7598,137811.7598,67275.6932,1334017.8349,1334017.8349,,,3.282
600150,中国船舶,船舶,上海,19980520,600150.SH,20180619,10.34,10.43,10.13,10.13,10.66,-0.53,-4.97,86036.94,88035.102,0.6243,1.2789,0.86,,,0.9512,0.8364,0.898,0.0,,137811.7598,137811.7598,67275.6932,1396033.1268,1396033.1268,,,3.282
600150,中国船舶,船舶,上海,19980520,600150.SH,20180615,11.21,11.27,10.64,10.66,11.2,-0.54,-4.82,147175.75,159739.21,1.0679,2.1877,1.6,,,1.0009,0.8802,0.9449,0.0,,137811.7598,137811.7598,67275.6932,1469073.3595,1469073.3595,,,3.282
600150,中国船舶,船舶,上海,19980520,600150.SH,20180614,11.11,11.49,11.05,11.2,11.21,-0.01,-0.09,81167.7,91433.71,0.589,1.2065,0.92,,,1.0516,0.9247,0.9928,0.0,,137811.7598,137811.7598,67275.6932,1543491.7098,1543491.7098,,,3.282
600150,中国船舶,船舶,上海,19980520,600150.SH,20180613,11.7,11.71,11.18,11.21,11.68,-0.47,-4.02,121354.14,138113.89,0.8806,1.8038,1.59,,,1.0526,0.9256,0.9937,0.0,,137811.7598,137811.7598,67275.6932,1544869.8274,1544869.8274,,,3.282
600150,中国船舶,船舶,上海,19980520,600150.SH,20180612,11.69,11.76,11.59,11.68,11.69,-0.01,-0.09,67238.67,78490.059,0.4879,0.9994,0.82,,,1.0967,0.9644,1.0354,0.0,,137811.7598,137811.7598,67275.6932,1609641.3545,1609641.3545,,,3.282
600150,中国船舶,船舶,上海,19980520,600150.SH,20180611,12.04,12.04,11.62,11.69,12.0,-0.31,-2.58,81892.34,96647.236,0.5942,1.2173,1.06,,,1.0976,0.9652,1.0362,0.0,,137811.7598,137811.7598,67275.6932,1611019.4721,1611019.4721,,,3.282
600150,中国船舶,船舶,上海,19980520,600150.SH,20180608,12.42,12.42,11.95,12.0,12.43,-0.43,-3.46,108971.81,131737.541,0.7907,1.6198,1.58,,,1.1267,0.9908,1.0637,0.0,,137811.7598,137811.7598,67275.6932,1653741.1176,1653741.1176,,,3.282
600150,中国船舶,船舶,上海,19980520,600150.SH,20180607,12.55,12.58,12.4,12.43,12.47,-0.04,-0.32,61558.83,76791.173,0.4467,0.915,0.87,,,1.1671,1.0263,1.1018,0.0,,137811.7598,137811.7598,67275.6932,1713000.1743,1713000.1743,,,3.282
600150,中国船舶,船舶,上海,19980520,600150.SH,20180606,12.4,12.49,12.33,12.47,12.44,0.03,0.24,61720.06,76627.098,0.4479,0.9174,0.77,,,1.1709,1.0296,1.1054,0.0,,137811.7598,137811.7598,67275.6932,1718512.6447,1718512.6447,,,3.282
600150,中国船舶,船舶,上海,19980520,600150.SH,20180605,12.42,12.69,12.39,12.44,12.27,0.17,1.39,96150.89,120220.699,0.6977,1.4292,1.2,,,1.1681,1.0271,1.1027,0.0,,137811.7598,137811.7598,67275.6932,1714378.2919,1714378.2919,,,3.282
600150,中国船舶,船舶,上海,19980520,600150.SH,20180604,12.46,12.55,12.25,12.27,12.44,-0.17,-1.37,56399.01,69865.008,0.4092,0.8383,0.62,,,1.1521,1.0131,1.0877,0.0,,137811.7598,137811.7598,67275.6932,1690950.2927,1690950.2927,,,3.282
600150,中国船舶,船舶,上海,19980520,600150.SH,20180601,12.42,12.64,12.34,12.44,12.49,-0.05,-0.4,67956.94,84684.472,0.4931,1.0101,0.72,,,1.1681,1.0271,1.1027,0.0,,137811.7598,137811.7598,67275.6932,1714378.2919,1714378.2919,,,3.282
600150,中国船舶,船舶,上海,19980520,600150.SH,20180531,12.65,12.67,12.41,12.49,12.44,0.05,0.4,71915.52,89915.145,0.5218,1.069,0.68,,,1.1728,1.0312,1.1072,0.0,,137811.7598,137811.7598,67275.6932,1721268.8799,1721268.8799,,,3.282
600150,中国船舶,船舶,上海,19980520,600150.SH,20180530,12.88,12.9,12.42,12.44,12.99,-0.55,-4.23,110881.21,140397.675,0.8046,1.6482,0.87,,,1.1681,1.0271,1.1027,0.0,,137811.7598,137811.7598,67275.6932,1714378.2919,1714378.2919,,,3.282
600150,中国船舶,船舶,上海,19980520,600150.SH,20180529,13.0,13.15,12.8,12.99,13.09,-0.1,-0.76,95087.62,123167.856,0.69,1.4134,0.76,,,1.2197,1.0725,1.1515,0.0,,137811.7598,137811.7598,67275.6932,1790174.7598,1790174.7598,,,3.282
600150,中国船舶,船舶,上海,19980520,600150.SH,20180528,13.53,13.58,13.01,13.09,13.65,-0.56,-4.1,107531.66,141994.53,0.7803,1.5984,0.85,,,1.2291,1.0808,1.1603,0.0,,137811.7598,137811.7598,67275.6932,1803955.9358,1803955.9358,,,3.282
600150,中国船舶,船舶,上海,19980520,600150.SH,20180525,13.89,13.96,13.65,13.65,14.0,-0.35,-2.5,88915.32,122457.652,0.6452,1.3217,0.71,,,1.2817,1.127,1.21,0.0,,137811.7598,137811.7598,67275.6932,1881130.5213,1881130.5213,,,3.282
600150,中国船舶,船舶,上海,19980520,600150.SH,20180524,14.0,14.28,13.87,14.0,13.94,0.06,0.43,128736.09,181147.815,0.9341,1.9136,1.11,,,1.3145,1.1559,1.241,0.0,,137811.7598,137811.7598,67275.6932,1929364.6372,1929364.6372,,,3.282
600150,中国船舶,船舶,上海,19980520,600150.SH,20180523,13.34,14.15,13.33,13.94,13.48,0.46,3.41,216934.96,303475.811,1.5741,3.2246,2.37,,,1.3089,1.151,1.2357,0.0,,137811.7598,137811.7598,67275.6932,1921095.9316,1921095.9316,,,3.282
600150,中国船舶,船舶,上海,19980520,600150.SH,20180522,13.57,13.62,13.38,13.48,13.62,-0.14,-1.03,80629.22,108615.717,0.5851,1.1985,0.77,,,1.2657,1.113,1.1949,0.0,,137811.7598,137811.7598,67275.6932,1857702.5221,1857702.5221,,,3.282
600150,中国船舶,船舶,上海,19980520,600150.SH,20180521,13.3,13.68,13.23,13.62,13.18,0.44,3.34,117236.03,158342.829,0.8507,1.7426,1.1,,,1.2789,1.1245,1.2073,0.0,,137811.7598,137811.7598,67275.6932,1876996.1685,1876996.1685,,,3.282
600150,中国船舶,船舶,上海,19980520,600150.SH,20180518,12.97,13.2,12.97,13.18,13.0,0.18,1.38,83666.45,109787.535,0.6071,1.2436,0.79,,,1.2375,1.0882,1.1683,0.0,,137811.7598,137811.7598,67275.6932,1816358.9942,1816358.9942,,,3.282
600150,中国船舶,船舶,上海,19980520,600150.SH,20180517,13.1,13.14,12.94,13.0,13.05,-0.05,-0.38,80678.4,104971.384,0.5854,1.1992,0.76,,,1.2206,1.0734,1.1524,0.0,,137811.7598,137811.7598,67275.6932,1791552.8774,1791552.8774,,,3.282
600150,中国船舶,船舶,上海,19980520,600150.SH,20180516,13.16,13.17,13.01,13.05,13.2,-0.15,-1.14,95497.34,124815.296,0.693,1.4195,0.92,,,1.2253,1.0775,1.1568,0.0,,137811.7598,137811.7598,67275.6932,1798443.4654,1798443.4654,,,3.282
600150,中国船舶,船舶,上海,19980520,600150.SH,20180515,13.43,13.52,13.03,13.2,13.42,-0.22,-1.64,148080.01,195814.74,1.0745,2.2011,1.51,,,1.2394,1.0899,1.1701,0.0,,137811.7598,137811.7598,67275.6932,1819115.2294,1819115.2294,,,3.282
600150,中国船舶,船舶,上海,19980520,600150.SH,20180514,13.94,13.94,13.39,13.42,13.84,-0.42,-3.03,126898.89,173747.946,0.9208,1.8863,1.25,,,1.2601,1.108,1.1896,0.0,,137811.7598,137811.7598,67275.6932,1849433.8165,1849433.8165,,,3.282
600150,中国船舶,船舶,上海,19980520,600150.SH,20180511,13.85,13.93,13.78,13.84,13.83,0.01,0.07,76715.67,106262.756,0.5567,1.1403,0.71,,,1.2995,1.1427,1.2268,0.0,,137811.7598,137811.7598,67275.6932,1907314.7556,1907314.7556,,,3.282
600150,中国船舶,船舶,上海,19980520,600150.SH,20180510,13.79,13.96,13.72,13.83,13.77,0.06,0.44,81210.13,112382.56,0.5893,1.2071,0.63,,,1.2986,1.1419,1.2259,0.0,,137811.7598,137811.7598,67275.6932,1905936.638,1905936.638,,,3.282
600150,中国船舶,船舶,上海,19980520,600150.SH,20180509,13.8,13.88,13.66,13.77,13.87,-0.1,-0.72,86362.01,118845.221,0.6267,1.2837,0.53,,,1.2929,1.1369,1.2206,0.0,,137811.7598,137811.7598,67275.6932,1897667.9324,1897667.9324,,,3.282
600150,中国船舶,船舶,上海,19980520,600150.SH,20180508,13.7,13.93,13.69,13.87,13.7,0.17,1.24,119604.15,165570.033,0.8679,1.7778,0.76,,,1.3023,1.1452,1.2295,0.0,,137811.7598,137811.7598,67275.6932,1911449.1084,1911449.1084,,,3.282
600150,中国船舶,船舶,上海,19980520,600150.SH,20180507,13.84,13.85,13.59,13.7,13.83,-0.13,-0.94,143470.26,196173.756,1.0411,2.1326,1.06,,,1.2864,1.1312,1.2144,0.0,,137811.7598,137811.7598,67275.6932,1888021.1093,1888021.1093,,,3.282
600150,中国船舶,船舶,上海,19980520,600150.SH,20180504,13.77,14.09,13.76,13.83,13.77,0.06,0.44,106988.65,148396.576,0.7763,1.5903,0.93,,,1.2986,1.1419,1.2259,0.0,,137811.7598,137811.7598,67275.6932,1905936.638,1905936.638,,,3.282
600150,中国船舶,船舶,上海,19980520,600150.SH,20180503,13.88,14.24,13.7,13.77,14.1,-0.33,-2.34,185846.58,259049.868,1.3486,2.7625,2.36,,,1.2929,1.1369,1.2206,0.0,,137811.7598,137811.7598,67275.6932,1897667.9324,1897667.9324,,,3.282
600150,中国船舶,船舶,上海,19980520,600150.SH,20180502,13.35,14.34,13.35,14.1,13.94,0.16,1.15,254743.29,355327.04,1.8485,3.7866,3.97,,,1.3239,1.1642,1.2499,0.0,,137811.7598,137811.7598,67275.6932,1943145.8132,1943145.8132,,,3.282
600150,中国船舶,船舶,上海,19980520,600150.SH,20180427,13.94,13.94,13.94,13.94,14.67,-0.73,-4.98,95769.0,133501.986,0.6949,1.4235,1.08,,,1.3089,1.151,1.2357,0.0,,137811.7598,137811.7598,67275.6932,1921095.9316,1921095.9316,,,3.282
600150,中国船舶,船舶,上海,19980520,600150.SH,20180426,14.67,14.67,14.67,14.67,15.44,-0.77,-4.99,33440.0,49056.48,0.2426,0.4971,0.25,,,1.3774,1.2112,1.3004,0.0,,137811.7598,137811.7598,67275.6932,2021698.5163,2021698.5163,,,3.282
600150,中国船舶,船舶,上海,19980520,600150.SH,20180425,15.44,15.44,15.44,15.44,16.25,-0.81,-4.98,5683.0,8774.552,0.0412,0.0845,0.03,,,1.6912,1.2748,1.2748,0.0,,137811.7598,137811.7598,67275.6932,2127813.5713,2127813.5713,,,3.282
600150,中国船舶,船舶,上海,19980520,600150.SH,20180424,16.25,16.25,16.25,16.25,17.1,-0.85,-4.97,4282.0,6958.25,0.0311,0.0636,0.02,,,1.7799,1.3417,1.3417,0.0,,137811.7598,137811.7598,67275.6932,2239441.0968,2239441.0968,,,3.282
600150,中国船舶,船舶,上海,19980520,600150.SH,20180420,17.09,17.5,16.92,17.1,17.24,-0.14,-0.81,181747.51,313573.013,1.3188,2.7015,0.71,,,1.6069,1.0983,1.4422,0.0,,137811.7598,137811.7598,67275.6932,2356581.0926,2356581.0926,,,3.282
600150,中国船舶,船舶,上海,19980520,600150.SH,20180419,17.15,17.6,16.88,17.24,17.43,-0.19,-1.09,217504.73,375548.125,1.5783,3.233,0.89,,,1.62,1.1073,1.454,0.0,,137811.7598,137811.7598,67275.6932,2375874.739,2375874.739,,,3.282
600150,中国船舶,船舶,上海,19980520,600150.SH,20180418,18.15,18.15,16.51,17.43,17.85,-0.42,-2.35,252621.1,434528.663,1.8331,3.755,1.02,,,1.6379,1.1195,1.47,0.0,,137811.7598,137811.7598,67275.6932,2402058.9733,2402058.9733,,,3.282
600150,中国船舶,船舶,上海,19980520,600150.SH,20180417,17.75,18.22,17.55,17.85,17.77,0.08,0.45,222029.26,397903.204,1.6111,3.3003,0.84,,,1.6773,1.1464,1.5055,0.0,,137811.7598,137811.7598,67275.6932,2459939.9124,2459939.9124,,,3.282
600150,中国船舶,船舶,上海,19980520,600150.SH,20180416,18.45,18.83,17.68,17.77,19.38,-1.61,-8.31,400033.63,727519.706,2.9028,5.9462,1.59,,,1.6698,1.1413,1.4987,0.0,,137811.7598,137811.7598,67275.6932,2448914.9716,2448914.9716,,,3.282
600150,中国船舶,船舶,上海,19980520,600150.SH,20180413,19.48,19.88,19.33,19.38,19.27,0.11,0.57,183950.12,360141.905,1.3348,2.7343,0.64,,,1.8211,1.2447,1.6345,0.0,,137811.7598,137811.7598,67275.6932,2670791.9049,2670791.9049,,,3.282
600150,中国船舶,船舶,上海,19980520,600150.SH,20180412,19.68,19.79,19.24,19.27,19.57,-0.3,-1.53,162879.98,317413.343,1.1819,2.4211,0.49,,,1.8108,1.2376,1.6252,0.0,,137811.7598,137811.7598,67275.6932,2655632.6113,2655632.6113,,,3.282
600150,中国船舶,船舶,上海,19980520,600150.SH,20180411,19.29,19.75,18.88,19.57,19.3,0.27,1.4,266201.25,516241.846,1.9316,3.9569,0.67,,,1.839,1.2569,1.6505,0.0,,137811.7598,137811.7598,67275.6932,2696976.1393,2696976.1393,,,3.282
600150,中国船舶,船舶,上海,19980520,600150.SH,20180410,20.05,20.14,18.95,19.3,19.88,-0.58,-2.92,315056.93,610406.087,2.2861,4.6831,0.69,,,1.8136,1.2396,1.6278,0.0,,137811.7598,137811.7598,67275.6932,2659766.9641,2659766.9641,,,3.282
600150,中国船舶,船舶,上海,19980520,600150.SH,20180409,20.33,20.4,19.58,19.88,20.45,-0.57,-2.79,325937.11,651276.273,2.3651,4.8448,0.76,,,1.8681,1.2768,1.6767,0.0,,137811.7598,137811.7598,67275.6932,2739697.7848,2739697.7848,,,3.282
600150,中国船舶,船舶,上海,19980520,600150.SH,20180404,20.14,21.2,20.05,20.45,20.13,0.32,1.59,359071.45,742026.844,2.6055,5.3373,0.86,,,1.9217,1.3134,1.7248,0.0,,137811.7598,137811.7598,67275.6932,2818250.4879,2818250.4879,,,3.282
600150,中国船舶,船舶,上海,19980520,600150.SH,20180403,19.21,20.59,19.12,20.13,19.72,0.41,2.08,406658.24,818121.264,2.9508,6.0447,0.9,,,1.8916,1.2929,1.6978,0.0,,137811.7598,137811.7598,67275.6932,2774150.7248,2774150.7248,,,3.282
600150,中国船舶,船舶,上海,19980520,600150.SH,20180402,18.51,20.69,18.38,19.72,19.06,0.66,3.46,570990.5,1110785.107,4.1433,8.4873,1.2,,,1.8531,1.2666,1.6632,0.0,,137811.7598,137811.7598,67275.6932,2717647.9033,2717647.9033,,,3.282
600150,中国船舶,船舶,上海,19980520,600150.SH,20180330,17.39,19.06,17.11,19.06,17.33,1.73,9.98,627417.64,1166269.643,4.5527,9.3261,1.73,,,1.791,1.2242,1.6075,0.0,,137811.7598,137811.7598,67275.6932,2626692.1418,2626692.1418,,,3.282
600150,中国船舶,船舶,上海,19980520,600150.SH,20180329,17.3,17.64,17.2,17.33,17.31,0.02,0.12,174865.86,304139.664,1.2689,2.5992,0.52,,,1.6285,1.113,1.4616,0.0,,137811.7598,137811.7598,67275.6932,2388277.7973,2388277.7973,,,3.282
600150,中国船舶,船舶,上海,19980520,600150.SH,20180328,17.75,17.93,17.24,17.31,18.14,-0.83,-4.58,314000.91,550877.629,2.2785,4.6674,1.11,,,1.6266,1.1118,1.4599,0.0,,137811.7598,137811.7598,67275.6932,2385521.5621,2385521.5621,,,3.282
600150,中国船舶,船舶,上海,19980520,600150.SH,20180327,17.19,18.53,17.1,18.14,17.12,1.02,5.96,563618.11,1008297.946,4.0898,8.3777,2.91,,,1.7046,1.1651,1.5299,0.0,,137811.7598,137811.7598,67275.6932,2499905.3228,2499905.3228,,,3.282
600150,中国船舶,船舶,上海,19980520,600150.SH,20180326,16.5,17.42,16.5,17.12,17.98,-0.86,-4.78,702206.68,1186184.861,5.0954,10.4377,10.87,,,1.6087,1.0996,1.4439,0.0,,137811.7598,137811.7598,67275.6932,2359337.3278,2359337.3278,,,3.282
600150,中国船舶,船舶,上海,19980520,600150.SH,20180323,17.98,17.98,17.98,17.98,19.98,-2.0,-10.01,61038.0,109746.324,0.4429,0.9073,0.93,,,1.6896,1.1548,1.5164,0.0,,137811.7598,137811.7598,67275.6932,2477855.4412,2477855.4412,,,3.282
600150,中国船舶,船舶,上海,19980520,600150.SH,20180322,19.98,19.98,19.98,19.98,22.2,-2.22,-10.0,56075.0,112037.85,0.4069,0.8335,0.77,,,1.8775,1.2833,1.6851,0.0,,137811.7598,137811.7598,67275.6932,2753478.9608,2753478.9608,,,3.282
600150,中国船舶,船舶,上海,19980520,600150.SH,20180321,22.2,22.2,22.2,22.2,24.67,-2.47,-10.01,36504.0,81038.88,0.2649,0.5426,0.41,,,2.0861,1.4258,1.8723,0.0,,137811.7598,137811.7598,67275.6932,3059421.0676,3059421.0676,,,3.282
600150,中国船舶,船舶,上海,19980520,600150.SH,20170926,24.29,24.73,24.23,24.67,24.34,0.33,1.36,113906.07,279364.523,0.8265,1.6931,1.38,,,2.2761,1.5845,1.8683,0.0811,,137811.7598,137811.7598,67275.6932,3399816.1143,3399816.1143,,,3.282
600150,中国船舶,船舶,上海,19980520,600150.SH,20170925,24.2,24.64,24.2,24.34,24.35,-0.01,-0.04,55621.43,135861.129,0.4036,0.8268,0.63,,,2.2457,1.5633,1.8433,0.0822,,137811.7598,137811.7598,67275.6932,3354338.2335,3354338.2335,,,3.282
600150,中国船舶,船舶,上海,19980520,600150.SH,20170922,24.43,24.58,24.19,24.35,24.53,-0.18,-0.73,67533.38,164302.35,0.49,1.0038,0.72,,,2.2466,1.5639,1.8441,0.0821,,137811.7598,137811.7598,67275.6932,3355716.3511,3355716.3511,,,3.282
600150,中国船舶,船舶,上海,19980520,600150.SH,20170921,24.61,24.89,24.51,24.53,24.79,-0.26,-1.05,89743.16,221860.908,0.6512,1.334,0.85,,,2.2632,1.5755,1.8577,0.0815,,137811.7598,137811.7598,67275.6932,3380522.4679,3380522.4679,,,3.282
600150,中国船舶,船舶,上海,19980520,600150.SH,20170920,24.34,24.95,24.32,24.79,24.32,0.47,1.93,116643.11,287666.694,0.8464,1.7338,1.19,,,2.2872,1.5922,1.8774,0.0807,,137811.7598,137811.7598,67275.6932,3416353.5254,3416353.5254,,,3.282
600150,中国船舶,船舶,上海,19980520,600150.SH,20170919,24.64,24.68,24.24,24.32,24.58,-0.26,-1.06,83101.73,202949.639,0.603,1.2352,0.78,,,2.2438,1.562,1.8418,0.0822,,137811.7598,137811.7598,67275.6932,3351581.9983,3351581.9983,,,3.282
600150,中国船舶,船舶,上海,19980520,600150.SH,20170918,24.64,24.76,24.41,24.58,24.62,-0.04,-0.16,84314.77,206886.159,0.6118,1.2533,0.78,,,2.2678,1.5787,1.8615,0.0814,,137811.7598,137811.7598,67275.6932,3387413.0559,3387413.0559,,,3.282
600150,中国船舶,船舶,上海,19980520,600150.SH,20170915,24.58,24.86,24.53,24.62,24.59,0.03,0.12,94726.33,234155.428,0.6874,1.408,0.86,,,2.2715,1.5813,1.8645,0.0812,,137811.7598,137811.7598,67275.6932,3392925.5263,3392925.5263,,,3.282
600150,中国船舶,船舶,上海,19980520,600150.SH,20170914,25.0,25.07,24.5,24.59,25.04,-0.45,-1.8,151174.48,373445.944,1.097,2.2471,1.44,,,2.2687,1.5793,1.8622,0.0813,,137811.7598,137811.7598,67275.6932,3388791.1735,3388791.1735,,,3.282
600150,中国船舶,船舶,上海,19980520,600150.SH,20170913,24.85,25.14,24.85,25.04,24.94,0.1,0.4,75948.16,189906.649,0.5511,1.1289,0.62,,,2.3102,1.6082,1.8963,0.0799,,137811.7598,137811.7598,67275.6932,3450806.4654,3450806.4654,,,3.282
600150,中国船舶,船舶,上海,19980520,600150.SH,20170912,25.0,25.2,24.83,24.94,24.94,0.0,0.0,127164.7,318123.917,0.9227,1.8902,1.03,,,2.301,1.6018,1.8887,0.0802,,137811.7598,137811.7598,67275.6932,3437025.2894,3437025.2894,,,3.282
600150,中国船舶,船舶,上海,19980520,600150.SH,20170911,24.74,25.0,24.62,24.94,24.78,0.16,0.65,94532.83,234788.417,0.686,1.4052,0.68,,,2.301,1.6018,1.8887,0.0802,,137811.7598,137811.7598,67275.6932,3437025.2894,3437025.2894,,,3.282
600150,中国船舶,船舶,上海,19980520,600150.SH,20170908,24.7,24.98,24.54,24.78,24.74,0.04,0.16,101441.68,251256.2,0.7361,1.5079,0.7,,,2.2863,1.5915,1.8766,0.0807,,137811.7598,137811.7598,67275.6932,3414975.4078,3414975.4078,,,3.282
600150,中国船舶,船舶,上海,19980520,600150.SH,20170907,25.05,25.12,24.72,24.74,25.09,-0.35,-1.4,126803.91,316040.085,0.9201,1.8848,0.89,,,2.2826,1.589,1.8736,0.0808,,137811.7598,137811.7598,67275.6932,3409462.9375,3409462.9375,,,3.282
600150,中国船舶,船舶,上海,19980520,600150.SH,20170906,25.18,25.32,24.81,25.09,25.21,-0.12,-0.48,165246.7,413886.493,1.1991,2.4563,1.22,,,2.3149,1.6114,1.9001,0.0797,,137811.7598,137811.7598,67275.6932,3457697.0534,3457697.0534,,,3.282
600150,中国船舶,船舶,上海,19980520,600150.SH,20170905,25.67,25.7,25.2,25.21,25.67,-0.46,-1.79,132237.41,335123.811,0.9596,1.9656,0.92,,,2.3259,1.6192,1.9092,0.0793,,137811.7598,137811.7598,67275.6932,3474234.4646,3474234.4646,,,3.282
600150,中国船舶,船舶,上海,19980520,600150.SH,20170904,25.6,25.85,25.48,25.67,25.49,0.18,0.71,166740.38,427283.071,1.2099,2.4785,1.05,,,2.3684,1.6487,1.944,0.0779,,137811.7598,137811.7598,67275.6932,3537627.8741,3537627.8741,,,3.282
600150,中国船舶,船舶,上海,19980520,600150.SH,20170901,25.38,25.6,25.2,25.49,25.29,0.2,0.79,134460.09,341429.826,0.9757,1.9986,0.82,,,2.3518,1.6371,1.9304,0.0785,,137811.7598,137811.7598,67275.6932,3512821.7573,3512821.7573,,,3.282
600150,中国船舶,船舶,上海,19980520,600150.SH,20170831,25.32,25.39,25.02,25.29,25.3,-0.01,-0.04,116258.69,293184.198,0.8436,1.7281,0.64,,,2.3333,1.6243,1.9152,0.0791,,137811.7598,137811.7598,67275.6932,3485259.4053,3485259.4053,,,3.282
600150,中国船舶,船舶,上海,19980520,600150.SH,20170830,25.33,25.44,25.13,25.3,25.36,-0.06,-0.24,126340.55,318547.498,0.9168,1.878,0.65,,,2.3342,1.6249,1.916,0.0791,,137811.7598,137811.7598,67275.6932,3486637.5229,3486637.5229,,,3.282
600150,中国船舶,船舶,上海,19980520,600150.SH,20170829,25.7,25.7,25.3,25.36,25.83,-0.47,-1.82,171702.69,437198.442,1.2459,2.5522,0.78,,,2.3398,1.6288,1.9205,0.0789,,137811.7598,137811.7598,67275.6932,3494906.2285,3494906.2285,,,3.282
600150,中国船舶,船舶,上海,19980520,600150.SH,20170828,25.38,25.98,25.2,25.83,25.36,0.47,1.85,246692.03,632386.383,1.7901,3.6669,0.97,,,2.3831,1.659,1.9561,0.0774,,137811.7598,137811.7598,67275.6932,3559677.7556,3559677.7556,,,3.282
600150,中国船舶,船舶,上海,19980520,600150.SH,20170825,25.22,25.56,25.12,25.36,25.33,0.03,0.12,162042.5,410429.452,1.1758,2.4086,0.49,,,2.3483,1.6288,1.7729,0.0789,,137811.7598,137811.7598,67275.6932,3494906.2285,3494906.2285,,,3.282
600150,中国船舶,船舶,上海,19980520,600150.SH,20170824,25.6,25.76,25.1,25.33,25.58,-0.25,-0.98,197650.24,502355.208,1.4342,2.9379,0.49,,,2.3455,1.6269,1.7708,0.079,,137811.7598,137811.7598,67275.6932,3490771.8757,3490771.8757,,,3.282
600150,中国船舶,船舶,上海,19980520,600150.SH,20170823,25.47,25.88,25.24,25.58,25.49,0.09,0.35,193090.26,494043.151,1.4011,2.8701,0.47,,,2.3687,1.6429,1.7882,0.0782,,137811.7598,137811.7598,67275.6932,3525224.8157,3525224.8157,,,3.282
600150,中国船舶,船舶,上海,19980520,600150.SH,20170822,26.06,26.44,25.41,25.49,26.04,-0.55,-2.11,307018.36,792752.799,2.2278,4.5636,0.8,,,2.3604,1.6371,1.7819,0.0785,,137811.7598,137811.7598,67275.6932,3512821.7573,3512821.7573,,,3.282
600150,中国船舶,船舶,上海,19980520,600150.SH,20170821,26.73,26.92,25.6,26.04,26.49,-0.45,-1.7,413737.8,1079051.091,3.0022,6.1499,1.26,,,2.4113,1.6725,1.8204,0.0768,,137811.7598,137811.7598,67275.6932,3588618.2252,3588618.2252,,,3.282
600150,中国船舶,船舶,上海,19980520,600150.SH,20170818,25.65,26.83,25.59,26.49,25.83,0.66,2.56,554274.08,1461458.922,4.022,8.2388,2.09,,,2.453,1.7014,1.8519,0.0755,,137811.7598,137811.7598,67275.6932,3650633.5171,3650633.5171,27.14,22.2,3.282
600150,中国船舶,船舶,上海,19980520,600150.SH,20170817,24.92,26.66,24.91,25.83,24.39,1.44,5.9,560901.47,1450362.36,4.0701,8.3374,3.04,,,2.3918,1.659,1.8057,0.0774,,137811.7598,137811.7598,67275.6932,3559677.7556,3559677.7556,,,3.282
600150,中国船舶,船舶,上海,19980520,600150.SH,20170816,24.2,24.49,23.9,24.39,24.19,0.2,0.83,224871.92,546187.738,1.6317,3.3425,1.35,,,2.2585,1.5665,1.705,0.082,,137811.7598,137811.7598,67275.6932,3361228.8215,3361228.8215,,,3.282
600150,中国船舶,船舶,上海,19980520,600150.SH,20170815,23.95,24.44,23.82,24.19,23.94,0.25,1.04,167194.96,403309.218,1.2132,2.4852,0.93,,,2.24,1.5536,1.6911,0.0827,,137811.7598,137811.7598,67275.6932,3333666.4696,3333666.4696,,,3.282
600150,中国船舶,船舶,上海,19980520,600150.SH,20170814,23.5,23.99,23.45,23.94,23.72,0.22,0.93,131752.68,313106.465,0.956,1.9584,0.68,,,2.2168,1.5376,1.6736,0.0835,,137811.7598,137811.7598,67275.6932,3299213.5296,3299213.5296,,,3.282
600150,中国船舶,船舶,上海,19980520,600150.SH,20170811,23.81,24.68,23.7,23.72,23.95,-0.23,-0.96,242618.41,586307.642,1.7605,3.6063,1.02,,,2.1965,1.5235,1.6582,0.0843,,137811.7598,137811.7598,67275.6932,3268894.9425,3268894.9425,,,3.282
600150,中国船舶,船舶,上海,19980520,600150.SH,20170810,23.84,24.48,23.8,23.95,23.83,0.12,0.5,156822.93,378306.245,1.138,2.331,0.69,,,2.2178,1.5382,1.6743,0.0835,,137811.7598,137811.7598,67275.6932,3300591.6472,3300591.6472,,,3.282
600150,中国船舶,船舶,上海,19980520,600150.SH,20170809,24.03,24.15,23.77,23.83,24.2,-0.37,-1.53,131725.34,315043.858,0.9558,1.958,0.56,,,2.2066,1.5305,1.6659,0.0839,,137811.7598,137811.7598,67275.6932,3284054.236,3284054.236,,,3.282
600150,中国船舶,船舶,上海,19980520,600150.SH,20170808,24.09,24.49,23.7,24.2,24.12,0.08,0.33,239106.38,576069.937,1.735,3.5541,1.11,,,2.2409,1.5543,1.6918,0.0826,,137811.7598,137811.7598,67275.6932,3335044.5872,3335044.5872,,,3.282
600150,中国船舶,船舶,上海,19980520,600150.SH,20170807,24.0,24.35,23.72,24.12,24.35,-0.23,-0.94,198832.56,476985.386,1.4428,2.9555,0.98,,,2.2335,1.5491,1.6862,0.0829,,137811.7598,137811.7598,67275.6932,3324019.6464,3324019.6464,,,3.282
600150,中国船舶,船舶,上海,19980520,600150.SH,20170804,23.0,24.98,22.9,24.35,22.92,1.43,6.24,466555.5,1115448.45,3.3855,6.935,3.35,,,2.2548,1.5639,1.7023,0.0821,,137811.7598,137811.7598,67275.6932,3355716.3511,3355716.3511,,,3.282
600150,中国船舶,船舶,上海,19980520,600150.SH,20170803,22.6,23.02,22.55,22.92,22.6,0.32,1.42,101852.9,232773.715,0.7391,1.514,0.67,,,2.1224,1.4721,1.6023,0.0873,,137811.7598,137811.7598,67275.6932,3158645.5346,3158645.5346,27.14,22.2,3.282
600150,中国船舶,船舶,上海,19980520,600150.SH,20170802,23.07,23.22,22.5,22.6,23.05,-0.45,-1.95,165515.13,376428.894,1.201,2.4603,1.16,,,2.0928,1.4515,1.5799,0.0885,,137811.7598,137811.7598,67275.6932,3114545.7715,3114545.7715,,,3.282
600150,中国船舶,船舶,上海,19980520,600150.SH,20170801,23.17,23.4,23.02,23.05,23.14,-0.09,-0.39,147982.71,343512.908,1.0738,2.1996,1.09,,,2.1344,1.4804,1.6114,0.0868,,137811.7598,137811.7598,67275.6932,3176561.0634,3176561.0634,,,3.282
600150,中国船舶,船舶,上海,19980520,600150.SH,20170731,23.49,23.59,23.02,23.14,23.34,-0.2,-0.86,136432.75,315932.921,0.99,2.028,0.95,,,2.1428,1.4862,1.6177,0.0864,,137811.7598,137811.7598,67275.6932,3188964.1218,3188964.1218,,,3.282
600150,中国船舶,船舶,上海,19980520,600150.SH,20170728,23.32,23.64,23.19,23.34,23.37,-0.03,-0.13,144946.12,339780.75,1.0518,2.1545,1.11,,,2.1613,1.4991,1.6316,0.0857,,137811.7598,137811.7598,67275.6932,3216526.4737,3216526.4737,,,3.282
600150,中国船舶,船舶,上海,19980520,600150.SH,20170727,23.16,23.48,22.88,23.37,23.18,0.19,0.82,164607.5,381967.843,1.1944,2.4468,1.41,,,2.1641,1.501,1.6337,0.0856,,137811.7598,137811.7598,67275.6932,3220660.8265,3220660.8265,,,3.282
600150,中国船舶,船舶,上海,19980520,600150.SH,20170726,22.83,23.2,22.68,23.18,22.91,0.27,1.18,121952.04,279902.047,0.8849,1.8127,0.95,,,2.1465,1.4888,1.6205,0.0863,,137811.7598,137811.7598,67275.6932,3194476.5922,3194476.5922,,,3.282
600150,中国船舶,船舶,上海,19980520,600150.SH,20170725,23.19,23.24,22.81,22.91,23.09,-0.18,-0.78,111293.42,255985.69,0.8076,1.6543,0.87,,,2.1215,1.4714,1.6016,0.0873,,137811.7598,137811.7598,67275.6932,3157267.417,3157267.417,,,3.282
600150,中国船舶,船舶,上海,19980520,600150.SH,20170724,22.69,23.16,22.5,23.09,22.68,0.41,1.81,173319.83,395904.725,1.2577,2.5763,1.3,,,2.1381,1.483,1.6142,0.0866,,137811.7598,137811.7598,67275.6932,3182073.5338,3182073.5338,,,3.282
600150,中国船舶,船舶,上海,19980520,600150.SH,20170721,22.72,22.87,22.45,22.68,22.72,-0.04,-0.18,83597.23,189643.65,0.6066,1.2426,0.6,,,2.1002,1.4567,1.5855,0.0882,,137811.7598,137811.7598,67275.6932,3125570.7123,3125570.7123,,,3.282
600150,中国船舶,船舶,上海,19980520,600150.SH,20170720,22.68,22.98,22.6,22.72,22.65,0.07,0.31,94667.35,215184.002,0.6869,1.4072,0.63,,,2.1039,1.4592,1.5883,0.088,,137811.7598,137811.7598,67275.6932,3131083.1827,3131083.1827,27.14,22.2,3.282
600150,中国船舶,船舶,上海,19980520,600150.SH,20170719,21.84,22.85,21.67,22.65,21.81,0.84,3.85,177060.74,397601.084,1.2848,2.6319,1.26,,,2.0974,1.4547,1.5834,0.0883,,137811.7598,137811.7598,67275.6932,3121436.3595,3121436.3595,,,3.282
600150,中国船舶,船舶,上海,19980520,600150.SH,20170718,21.57,21.85,21.4,21.81,21.56,0.25,1.16,111102.56,240683.761,0.8062,1.6515,0.78,,,2.0196,1.4008,1.5247,0.0917,,137811.7598,137811.7598,67275.6932,3005674.4812,3005674.4812,,,3.282
600150,中国船舶,船舶,上海,19980520,600150.SH,20170717,23.0,23.06,21.4,21.56,23.16,-1.6,-6.91,198967.65,438182.059,1.4438,2.9575,1.44,,,1.9964,1.3847,1.5072,0.0928,,137811.7598,137811.7598,67275.6932,2971221.5413,2971221.5413,,,3.282
600150,中国船舶,船舶,上海,19980520,600150.SH,20170714,23.22,23.49,22.98,23.16,23.38,-0.22,-0.94,117260.12,272672.854,0.8509,1.743,0.74,,,2.1446,1.4875,1.6191,0.0864,,137811.7598,137811.7598,67275.6932,3191720.357,3191720.357,,,3.282
600150,中国船舶,船舶,上海,19980520,600150.SH,20170713,22.81,23.39,22.71,23.38,22.85,0.53,2.32,150597.38,347875.496,1.0928,2.2385,0.95,,,2.165,1.5016,1.6344,0.0855,,137811.7598,137811.7598,67275.6932,3222038.9441,3222038.9441,,,3.282
600150,中国船舶,船舶,上海,19980520,600150.SH,20170712,23.11,23.22,22.59,22.85,23.11,-0.26,-1.13,126590.96,290012.099,0.9186,1.8817,0.84,,,2.1159,1.4676,1.5974,0.0875,,137811.7598,137811.7598,67275.6932,3148998.7114,3148998.7114,,,3.282
600150,中国船舶,船舶,上海,19980520,600150.SH,20170711,23.4,23.47,23.1,23.11,23.49,-0.38,-1.62,117581.7,273315.165,0.8532,1.7478,0.82,,,2.14,1.4843,1.6156,0.0865,,137811.7598,137811.7598,67275.6932,3184829.769,3184829.769,,,3.282
600150,中国船舶,船舶,上海,19980520,600150.SH,20170710,23.7,23.96,23.39,23.49,23.62,-0.13,-0.55,179421.95,425119.41,1.3019,2.667,1.47,,,2.1752,1.5087,1.6421,0.0851,,137811.7598,137811.7598,67275.6932,3237198.2377,3237198.2377,,,3.282
600150,中国船舶,船舶,上海,19980520,600150.SH,20170707,23.2,23.75,23.07,23.62,23.3,0.32,1.37,213522.74,501226.679,1.5494,3.1738,2.26,,,2.1872,1.517,1.6512,0.0847,,137811.7598,137811.7598,67275.6932,3255113.7665,3255113.7665,,,3.282
600150,中国船舶,船舶,上海,19980520,600150.SH,20170706,23.03,23.31,22.85,23.3,23.03,0.27,1.17,159260.41,368287.447,1.1556,2.3673,1.99,,,2.1576,1.4965,1.6288,0.0858,,137811.7598,137811.7598,67275.6932,3211014.0033,3211014.0033,,,3.282
600150,中国船舶,船舶,上海,19980520,600150.SH,20170705,23.05,23.05,22.8,23.03,23.0,0.03,0.13,84669.36,194351.977,0.6144,1.2585,1.0,,,2.1326,1.4791,1.61,0.0868,,137811.7598,137811.7598,67275.6932,3173804.8282,3173804.8282,,,3.282
600150,中国船舶,船舶,上海,19980520,600150.SH,20170704,23.08,23.1,22.86,23.0,23.0,0.0,0.0,80440.87,184685.164,0.5837,1.1957,0.83,,,2.1298,1.4772,1.6079,0.087,,137811.7598,137811.7598,67275.6932,3169670.4754,3169670.4754,,,3.282
600150,中国船舶,船舶,上海,19980520,600150.SH,20170703,22.8,23.02,22.73,23.0,22.87,0.13,0.57,71787.03,164381.094,0.5209,1.0671,0.67,,,2.1298,1.4772,1.6079,0.087,,137811.7598,137811.7598,67275.6932,3169670.4754,3169670.4754,,,3.282
600150,中国船舶,船舶,上海,19980520,600150.SH,20170630,22.9,22.9,22.66,22.87,22.95,-0.08,-0.35,75842.22,172923.415,0.5503,1.1273,0.64,,,2.1178,1.4689,1.5988,0.0875,,137811.7598,137811.7598,67275.6932,3151754.9466,3151754.9466,,,3.282
600150,中国船舶,船舶,上海,19980520,600150.SH,20170629,22.95,23.1,22.88,22.95,22.89,0.06,0.26,86641.1,198966.992,0.6287,1.2879,0.7,,,2.1252,1.474,1.6044,0.0871,,137811.7598,137811.7598,67275.6932,3162779.8874,3162779.8874,,,3.282
600150,中国船舶,船舶,上海,19980520,600150.SH,20170628,23.1,23.1,22.8,22.89,23.15,-0.26,-1.12,107465.73,246271.53,0.7798,1.5974,0.82,,,2.1196,1.4701,1.6002,0.0874,,137811.7598,137811.7598,67275.6932,3154511.1818,3154511.1818,,,3.282
600150,中国船舶,船舶,上海,19980520,600150.SH,20170627,23.05,23.33,22.91,23.15,23.05,0.1,0.43,142809.53,330232.128,1.0363,2.1228,1.13,,,2.1437,1.4868,1.6184,0.0864,,137811.7598,137811.7598,67275.6932,3190342.2394,3190342.2394,,,3.282
600150,中国船舶,船舶,上海,19980520,600150.SH,20170626,22.54,23.08,22.53,23.05,22.63,0.42,1.86,125237.4,286968.737,0.9088,1.8616,0.9,,,2.1344,1.4804,1.6114,0.0868,,137811.7598,137811.7598,67275.6932,3176561.0634,3176561.0634,27.14,22.2,3.282
600150,中国船舶,船舶,上海,19980520,600150.SH,20170623,22.74,22.94,22.27,22.63,22.76,-0.13,-0.57,127025.09,286897.855,0.9217,1.8881,0.91,,,2.0955,1.4535,1.582,0.0884,,137811.7598,137811.7598,67275.6932,3118680.1243,3118680.1243,,,3.282
600150,中国船舶,船舶,上海,19980520,600150.SH,20170622,23.15,23.17,22.75,22.76,23.13,-0.37,-1.6,120424.0,276741.366,0.8738,1.79,0.83,,,2.1076,1.4618,1.5911,0.0879,,137811.7598,137811.7598,67275.6932,3136595.653,3136595.653,,,3.282
600150,中国船舶,船舶,上海,19980520,600150.SH,20170621,23.21,23.43,22.9,23.13,22.96,0.17,0.74,138718.54,321608.939,1.0066,2.0619,0.99,,,2.1418,1.4856,1.617,0.0865,,137811.7598,137811.7598,67275.6932,3187586.0042,3187586.0042,,,3.282
600150,中国船舶,船舶,上海,19980520,600150.SH,20170620,23.13,23.19,22.9,22.96,23.17,-0.21,-0.91,122005.21,280971.999,0.8853,1.8135,0.92,,,2.1261,1.4746,1.6051,0.0871,,137811.7598,137811.7598,67275.6932,3164158.005,3164158.005,,,3.282
600150,中国船舶,船舶,上海,19980520,600150.SH,20170619,22.76,23.26,22.68,23.17,22.77,0.4,1.76,187124.24,431155.336,1.3578,2.7815,1.62,,,2.1455,1.4881,1.6198,0.0863,,137811.7598,137811.7598,67275.6932,3193098.4746,3193098.4746,,,3.282
600150,中国船舶,船舶,上海,19980520,600150.SH,20170616,22.5,22.93,22.45,22.77,22.54,0.23,1.02,130440.87,295980.601,0.9465,1.9389,1.13,,,2.1085,1.4624,1.5918,0.0878,,137811.7598,137811.7598,67275.6932,3137973.7706,3137973.7706,,,3.282
600150,中国船舶,船舶,上海,19980520,600150.SH,20170615,22.37,22.8,22.36,22.54,22.49,0.05,0.22,143952.29,325178.316,1.0446,2.1397,1.23,,,2.0872,1.4477,1.5757,0.0887,,137811.7598,137811.7598,67275.6932,3106277.0659,3106277.0659,,,3.282
600150,中国船舶,船舶,上海,19980520,600150.SH,20170614,22.43,22.82,22.32,22.49,22.47,0.02,0.09,118036.33,266328.746,0.8565,1.7545,0.96,,,2.0826,1.4445,1.5722,0.0889,,137811.7598,137811.7598,67275.6932,3099386.4779,3099386.4779,,,3.282
600150,中国船舶,船舶,上海,19980520,600150.SH,20170613,22.21,22.58,22.1,22.47,22.21,0.26,1.17,83488.96,187206.571,0.6058,1.241,0.67,,,2.0807,1.4432,1.5708,0.089,,137811.7598,137811.7598,67275.6932,3096630.2427,3096630.2427,,,3.282
600150,中国船舶,船舶,上海,19980520,600150.SH,20170612,22.73,22.75,22.18,22.21,22.85,-0.64,-2.8,101367.82,227174.402,0.7356,1.5068,0.79,,,2.0566,1.4265,1.5527,0.09,,137811.7598,137811.7598,67275.6932,3060799.1852,3060799.1852,,,3.282
600150,中国船舶,船舶,上海,19980520,600150.SH,20170609,23.06,23.16,22.75,22.85,23.11,-0.26,-1.13,130577.4,299016.452,0.9475,1.9409,1.03,,,2.1159,1.4676,1.5974,0.0875,,137811.7598,137811.7598,67275.6932,3148998.7114,3148998.7114,,,3.282
600150,中国船舶,船舶,上海,19980520,600150.SH,20170608,22.7,23.15,22.69,23.11,22.81,0.3,1.32,153308.7,351049.909,1.1125,2.2788,1.31,,,2.14,1.4843,1.6156,0.0865,,137811.7598,137811.7598,67275.6932,3184829.769,3184829.769,,,3.282
600150,中国船舶,船舶,上海,19980520,600150.SH,20170607,22.56,22.91,22.45,22.81,22.55,0.26,1.15,145128.05,330281.852,1.0531,2.1572,1.24,,,2.1122,1.465,1.5946,0.0877,,137811.7598,137811.7598,67275.6932,3143486.241,3143486.241,,,3.282
600150,中国船舶,船舶,上海,19980520,600150.SH,20170606,22.51,22.8,22.35,22.55,22.52,0.03,0.13,93282.99,210699.936,0.6769,1.3866,0.81,,,2.0881,1.4483,1.5764,0.0887,,137811.7598,137811.7598,67275.6932,3107655.1835,3107655.1835,,,3.282
600150,中国船舶,船舶,上海,19980520,600150.SH,20170605,22.28,22.85,22.28,22.52,22.28,0.24,1.08,116680.7,263555.736,0.8467,1.7344,1.0,,,2.0853,1.4464,1.5743,0.0888,0.0888,137811.7598,137811.7598,67275.6932,3103520.8307,3103520.8307,,,3.282
600150,中国船舶,船舶,上海,19980520,600150.SH,20170602,21.49,22.3,21.3,22.28,21.59,0.69,3.2,126763.32,278597.165,0.9198,1.8842,1.08,,,2.0631,1.431,1.5575,0.0898,0.0898,137811.7598,137811.7598,67275.6932,3070446.0083,3070446.0083,,,3.282
600150,中国船舶,船舶,上海,19980520,600150.SH,20170601,22.23,22.29,21.52,21.59,22.31,-0.72,-3.23,102245.58,223292.676,0.7419,1.5198,0.69,,,1.9992,1.3867,1.5093,0.0926,0.0926,137811.7598,137811.7598,67275.6932,2975355.8941,2975355.8941,,,3.282
600150,中国船舶,船舶,上海,19980520,600150.SH,20170531,22.42,22.98,22.16,22.31,21.99,0.32,1.46,147394.17,332028.898,1.0695,2.1909,1.03,,,2.0659,1.4329,1.5596,0.0896,0.0896,137811.7598,137811.7598,67275.6932,3074580.3611,3074580.3611,,,3.282
600150,中国船舶,船舶,上海,19980520,600150.SH,20170526,22.01,22.19,21.91,21.99,22.07,-0.08,-0.36,81062.11,178760.886,0.5882,1.2049,0.56,,,2.0363,1.4123,1.5373,0.091,0.091,137811.7598,137811.7598,67275.6932,3030480.598,3030480.598,,,3.282
600150,中国船舶,船舶,上海,19980520,600150.SH,20170525,22.02,22.18,21.36,22.07,21.8,0.27,1.24,125942.02,275726.371,0.9139,1.872,0.92,,,2.0437,1.4175,1.5429,0.0906,0.0906,137811.7598,137811.7598,67275.6932,3041505.5388,3041505.5388,,,3.282
600150,中国船舶,船舶,上海,19980520,600150.SH,20170524,21.29,21.98,21.03,21.8,21.61,0.19,0.88,128003.57,275390.248,0.9288,1.9027,0.89,,,2.0187,1.4001,1.524,0.0917,0.0917,137811.7598,137811.7598,67275.6932,3004296.3636,3004296.3636,,,3.282
600150,中国船舶,船舶,上海,19980520,600150.SH,20170523,23.24,23.26,21.48,21.61,23.19,-1.58,-6.81,253935.6,564666.697,1.8426,3.7746,2.14,,,2.0011,1.3879,1.5107,0.0925,0.0925,137811.7598,137811.7598,67275.6932,2978112.1293,2978112.1293,,,3.282
600150,中国船舶,船舶,上海,19980520,600150.SH,20170522,23.79,24.11,23.17,23.19,23.81,-0.62,-2.6,127233.66,299575.948,0.9232,1.8912,1.13,,,2.1474,1.4894,1.6212,0.0862,0.0862,137811.7598,137811.7598,67275.6932,3195854.7098,3195854.7098,,,3.282
600150,中国船舶,船舶,上海,19980520,600150.SH,20170519,23.75,24.12,23.67,23.81,23.74,0.07,0.29,82294.58,196442.862,0.5972,1.2232,0.7,,,2.2048,1.5292,1.6645,0.084,0.084,137811.7598,137811.7598,67275.6932,3281298.0008,3281298.0008,,,3.282
600150,中国船舶,船舶,上海,19980520,600150.SH,20170518,23.9,24.28,23.72,23.74,24.14,-0.4,-1.66,91172.64,218025.14,0.6616,1.3552,0.67,,,2.1983,1.5247,1.6596,0.0842,0.0842,137811.7598,137811.7598,67275.6932,3271651.1777,3271651.1777,,,3.282
600150,中国船舶,船舶,上海,19980520,600150.SH,20170517,23.84,24.46,23.71,24.14,23.85,0.29,1.22,161953.29,391971.297,1.1752,2.4073,1.25,,,2.2354,1.5504,1.6876,0.0829,0.0829,137811.7598,137811.7598,67275.6932,3326775.8816,3326775.8816,,,3.282
600150,中国船舶,船舶,上海,19980520,600150.SH,20170516,23.26,23.86,22.95,23.85,23.33,0.52,2.23,130666.12,305451.319,0.9481,1.9422,0.96,,,2.2085,1.5318,1.6673,0.0839,0.0839,137811.7598,137811.7598,67275.6932,3286810.4712,3286810.4712,,,3.282
600150,中国船舶,船舶,上海,19980520,600150.SH,20170515,23.86,24.06,23.28,23.33,23.81,-0.48,-2.02,96594.91,227948.409,0.7009,1.4358,0.6,,,2.1603,1.4984,1.6309,0.0857,0.0857,137811.7598,137811.7598,67275.6932,3215148.3561,3215148.3561,,,3.282
600150,中国船舶,船舶,上海,19980520,600150.SH,20170512,23.95,24.17,23.61,23.81,23.97,-0.16,-0.67,104623.51,249569.353,0.7592,1.5551,0.59,,,2.2048,1.5292,1.6645,0.084,0.084,137811.7598,137811.7598,67275.6932,3281298.0008,3281298.0008,,,3.282
600150,中国船舶,船舶,上海,19980520,600150.SH,20170511,23.0,24.07,22.93,23.97,23.24,0.73,3.14,190595.74,448014.041,1.383,2.8331,1.12,,,2.2196,1.5395,1.6757,0.0834,0.0834,137811.7598,137811.7598,67275.6932,3303347.8824,3303347.8824,,,3.282
600150,中国船舶,船舶,上海,19980520,600150.SH,20170510,23.67,23.7,23.21,23.24,23.61,-0.37,-1.57,124767.95,292414.137,0.9054,1.8546,0.73,,,2.152,1.4926,1.6247,0.0861,0.0861,137811.7598,137811.7598,67275.6932,3202745.2978,3202745.2978,,,3.282
600150,中国船舶,船舶,上海,19980520,600150.SH,20170509,23.0,23.95,22.9,23.61,23.05,0.56,2.43,166814.12,392490.878,1.2104,2.4796,1.0,,,2.1863,1.5164,1.6505,0.0847,0.0847,137811.7598,137811.7598,67275.6932,3253735.6489,3253735.6489,,,3.282
600150,中国船舶,船舶,上海,19980520,600150.SH,20170508,24.32,24.32,23.02,23.05,24.37,-1.32,-5.42,213966.05,504688.12,1.5526,3.1804,1.43,,,2.1344,1.4804,1.6114,0.0868,0.0868,137811.7598,137811.7598,67275.6932,3176561.0634,3176561.0634,,,3.282
600150,中国船舶,船舶,上海,19980520,600150.SH,20170505,25.24,25.57,24.24,24.37,25.25,-0.88,-3.49,196306.17,489485.607,1.4245,2.9179,1.13,,,2.2567,1.5652,1.7037,0.0821,0.0821,137811.7598,137811.7598,67275.6932,3358472.5863,3358472.5863,,,3.282
600150,中国船舶,船舶,上海,19980520,600150.SH,20170504,25.8,25.91,25.18,25.25,25.92,-0.67,-2.58,152639.19,388918.284,1.1076,2.2689,0.74,,,2.3381,1.6217,1.7652,0.0792,0.0792,137811.7598,137811.7598,67275.6932,3479746.935,3479746.935,,,3.282
600150,中国船舶,船舶,上海,19980520,600150.SH,20170503,25.99,26.09,25.71,25.92,26.11,-0.19,-0.73,129988.55,336169.238,0.9432,1.9322,0.55,,,2.4002,1.6648,1.812,0.0772,0.0772,137811.7598,137811.7598,67275.6932,3572080.814,3572080.814,,,3.282
600150,中国船舶,船舶,上海,19980520,600150.SH,20170502,26.4,26.4,25.95,26.11,26.66,-0.55,-2.06,143699.08,375018.391,1.0427,2.136,0.59,,,2.4178,1.677,1.8253,0.0766,0.0766,137811.7598,137811.7598,67275.6932,3598265.0484,3598265.0484,,,3.282
600150,中国船舶,船舶,上海,19980520,600150.SH,20170428,26.65,27.13,26.4,26.66,26.65,0.01,0.04,123487.7,330481.624,0.8961,1.8355,0.48,594.0326,,2.1463,1.3233,1.5786,0.075,0.075,137811.7598,137811.7598,67275.6932,3674061.5163,3674061.5163,,,3.282
600150,中国船舶,船舶,上海,19980520,600150.SH,20170427,27.43,27.43,25.8,26.65,27.72,-1.07,-3.86,321562.44,850384.326,2.3333,4.7798,1.38,593.8097,,2.1455,1.3228,1.578,0.075,0.075,137811.7598,137811.7598,67275.6932,3672683.3987,3672683.3987,,,3.282
600150,中国船舶,船舶,上海,19980520,600150.SH,20170426,29.0,29.15,27.59,27.72,29.33,-1.61,-5.49,311743.97,879383.56,2.2621,4.6338,1.43,617.6513,,2.2316,1.3759,1.6413,0.0722,0.0722,137811.7598,137811.7598,67275.6932,3820141.9817,3820141.9817,,,3.282
600150,中国船舶,船舶,上海,19980520,600150.SH,20170425,27.5,29.41,26.89,29.33,27.32,2.01,7.36,273306.06,764599.4,1.9832,4.0625,1.37,653.5249,,2.3612,1.4559,1.7366,0.0682,0.0682,137811.7598,137811.7598,67275.6932,4042018.9149,4042018.9149,,,3.282
600150,中国船舶,船舶,上海,19980520,600150.SH,20170424,28.39,28.6,27.27,27.32,28.23,-0.91,-3.22,195365.89,543639.518,1.4176,2.904,0.93,608.7385,,2.1994,1.3561,1.6176,0.0732,0.0732,137811.7598,137811.7598,67275.6932,3765017.2777,3765017.2777,,,3.282
600150,中国船舶,船舶,上海,19980520,600150.SH,20170421,29.36,29.48,28.09,28.23,29.36,-1.13,-3.85,183550.03,530717.952,1.3319,2.7283,0.79,629.015,,2.2727,1.4013,1.6715,0.0708,0.0708,137811.7598,137811.7598,67275.6932,3890425.9792,3890425.9792,,,3.282
600150,中国船舶,船舶,上海,19980520,600150.SH,20170420,29.03,29.49,28.69,29.36,29.02,0.34,1.17,204631.38,595457.943,1.4849,3.0417,0.86,654.1934,,2.3637,1.4573,1.7384,0.0681,0.0681,137811.7598,137811.7598,67275.6932,4046153.2677,4046153.2677,,,3.282
600150,中国船舶,船舶,上海,19980520,600150.SH,20170419,29.5,29.8,28.54,29.02,29.67,-0.65,-2.19,229465.81,666701.444,1.6651,3.4108,0.82,646.6176,,2.3363,1.4405,1.7183,0.0689,0.0689,137811.7598,137811.7598,67275.6932,3999297.2694,3999297.2694,,,3.282
600150,中国船舶,船舶,上海,19980520,600150.SH,20170418,29.83,30.24,29.42,29.67,29.83,-0.16,-0.54,181168.69,540357.128,1.3146,2.6929,0.47,661.1007,,2.3886,1.4727,1.7568,0.0674,0.0674,137811.7598,137811.7598,67275.6932,4088874.9133,4088874.9133,,,3.282
600150,中国船舶,船舶,上海,19980520,600150.SH,20170417,31.03,31.03,29.21,29.83,31.14,-1.31,-4.21,248838.24,744762.971,1.8056,3.6988,0.58,664.6658,,2.4015,1.4807,1.7663,0.067,0.067,137811.7598,137811.7598,67275.6932,4110924.7948,4110924.7948,,,3.282
600150,中国船舶,船舶,上海,19980520,600150.SH,20170414,31.2,31.84,30.8,31.14,30.98,0.16,0.52,296005.77,927690.373,2.1479,4.3999,0.62,693.855,,2.507,1.5457,1.8438,0.0642,0.0642,137811.7598,137811.7598,67275.6932,4291458.2002,4291458.2002,,,3.282
600150,中国船舶,船舶,上海,19980520,600150.SH,20170413,31.1,31.45,30.71,30.98,31.18,-0.2,-0.64,236113.65,731865.284,1.7133,3.5096,0.49,690.2899,,2.4941,1.5378,1.8343,0.0646,0.0646,137811.7598,137811.7598,67275.6932,4269408.3186,4269408.3186,,,3.282
600150,中国船舶,船舶,上海,19980520,600150.SH,20170412,31.45,32.47,30.92,31.18,31.63,-0.45,-1.42,443591.02,1399353.948,3.2188,6.5936,0.99,694.7462,,2.5102,1.5477,1.8462,0.0641,0.0641,137811.7598,137811.7598,67275.6932,4296970.6706,4296970.6706,,,3.282
600150,中国船舶,船舶,上海,19980520,600150.SH,20170411,30.01,31.99,29.78,31.63,30.18,1.45,4.8,683080.6,2113269.927,4.9566,10.1535,1.82,704.7731,,2.5464,1.57,1.8728,0.0632,0.0632,137811.7598,137811.7598,67275.6932,4358985.9625,4358985.9625,,,3.282
600150,中国船舶,船舶,上海,19980520,600150.SH,20170410,29.76,30.65,29.13,30.18,29.29,0.89,3.04,495616.99,1489061.995,3.5963,7.367,1.61,672.4645,,2.4297,1.498,1.787,0.0663,0.0663,137811.7598,137811.7598,67275.6932,4159158.9108,4159158.9108,,,3.282
600150,中国船舶,船舶,上海,19980520,600150.SH,20170407,29.6,30.48,29.23,29.29,28.83,0.46,1.6,512206.76,1529287.45,3.7167,7.6135,2.09,652.6337,,2.358,1.4539,1.7343,0.0683,0.0683,137811.7598,137811.7598,67275.6932,4036506.4445,4036506.4445,,,3.282
600150,中国船舶,船舶,上海,19980520,600150.SH,20170406,28.84,29.23,28.66,28.83,28.78,0.05,0.17,256475.07,743246.814,1.8611,3.8123,1.19,642.384,,2.321,1.431,1.707,0.0694,0.0694,137811.7598,137811.7598,67275.6932,3973113.035,3973113.035,,,3.282
600150,中国船舶,船舶,上海,19980520,600150.SH,20170405,28.11,28.97,27.96,28.78,28.3,0.48,1.7,300637.96,859871.845,2.1815,4.4687,1.57,641.2699,,2.317,1.4286,1.7041,0.0695,0.0695,137811.7598,137811.7598,67275.6932,3966222.447,3966222.447,,,3.282
600150,中国船舶,船舶,上海,19980520,600150.SH,20170331,27.5,28.64,27.5,28.3,27.27,1.03,3.78,307823.9,870558.836,2.2337,4.5756,1.8,630.5747,,2.2783,1.4047,1.6757,0.0707,0.0707,137811.7598,137811.7598,67275.6932,3900072.8023,3900072.8023,,,3.282
600150,中国船舶,船舶,上海,19980520,600150.SH,20170330,28.19,28.27,27.21,27.27,28.18,-0.91,-3.23,164582.65,455271.135,1.1943,2.4464,0.98,607.6244,,2.1954,1.3536,1.6147,0.0733,0.0733,137811.7598,137811.7598,67275.6932,3758126.6897,3758126.6897,,,3.282
600150,中国船舶,船舶,上海,19980520,600150.SH,20170329,27.9,28.48,27.79,28.18,27.9,0.28,1.0,193065.51,544105.886,1.4009,2.8698,1.2,627.9009,,2.2687,1.3988,1.6686,0.071,0.071,137811.7598,137811.7598,67275.6932,3883535.3912,3883535.3912,,,3.282
600150,中国船舶,船舶,上海,19980520,600150.SH,20170328,27.92,28.29,27.82,27.9,27.94,-0.04,-0.14,112797.15,316426.365,0.8185,1.6766,0.71,621.662,,2.2461,1.3849,1.652,0.0717,0.0717,137811.7598,137811.7598,67275.6932,3844948.0984,3844948.0984,,,3.282
600150,中国船舶,船舶,上海,19980520,600150.SH,20170327,27.98,28.22,27.71,27.94,28.0,-0.06,-0.21,178186.29,498634.128,1.293,2.6486,1.24,622.5532,,2.2493,1.3869,1.6543,0.0716,0.0716,137811.7598,137811.7598,67275.6932,3850460.5688,3850460.5688,,,3.282
600150,中国船舶,船舶,上海,19980520,600150.SH,20170324,27.33,28.07,27.26,28.0,27.35,0.65,2.38,208799.21,578369.463,1.5151,3.1036,1.61,623.8902,,2.2542,1.3898,1.6579,0.0714,0.0714,137811.7598,137811.7598,67275.6932,3858729.2744,3858729.2744,,,3.282
600150,中国船舶,船舶,上海,19980520,600150.SH,20170323,27.15,27.43,26.85,27.35,27.19,0.16,0.59,146146.56,397857.854,1.0605,2.1724,1.07,609.407,,2.2018,1.3576,1.6194,0.0731,0.0731,137811.7598,137811.7598,67275.6932,3769151.6305,3769151.6305,,,3.282
600150,中国船舶,船舶,上海,19980520,600150.SH,20170322,27.51,27.51,26.91,27.19,27.6,-0.41,-1.49,160862.89,437174.095,1.1673,2.3911,1.2,605.8419,,2.189,1.3496,1.6099,0.0736,0.0736,137811.7598,137811.7598,67275.6932,3747101.749,3747101.749,,,3.282
600150,中国船舶,船舶,上海,19980520,600150.SH,20170321,27.78,27.8,27.55,27.6,27.76,-0.16,-0.58,101193.71,279756.837,0.7343,1.5042,0.72,614.9774,,2.222,1.37,1.6342,0.0725,0.0725,137811.7598,137811.7598,67275.6932,3803604.5705,3803604.5705,,,3.282
600150,中国船舶,船舶,上海,19980520,600150.SH,20170320,27.77,27.9,27.41,27.76,27.65,0.11,0.4,104180.44,287742.885,0.756,1.5486,0.72,618.5425,,2.2348,1.3779,1.6437,0.072,0.072,137811.7598,137811.7598,67275.6932,3825654.452,3825654.452,,,3.282
600150,中国船舶,船舶,上海,19980520,600150.SH,20170317,28.16,28.23,27.6,27.65,28.16,-0.51,-1.81,135104.59,376673.512,0.9804,2.0082,0.89,616.0915,,2.226,1.3725,1.6372,0.0723,0.0723,137811.7598,137811.7598,67275.6932,3810495.1585,3810495.1585,,,3.282
600150,中国船舶,船舶,上海,19980520,600150.SH,20170316,27.49,28.18,27.49,28.16,27.41,0.75,2.74,183042.01,511250.856,1.3282,2.7208,1.07,627.4552,,2.267,1.3978,1.6674,0.071,0.071,137811.7598,137811.7598,67275.6932,3880779.156,3880779.156,,,3.282
600150,中国船舶,船舶,上海,19980520,600150.SH,20170315,27.73,27.74,27.28,27.41,27.76,-0.35,-1.26,147283.27,404775.24,1.0687,2.1892,0.82,610.7439,,2.2067,1.3606,1.623,0.073,0.073,137811.7598,137811.7598,67275.6932,3777420.3361,3777420.3361,,,3.282
600150,中国船舶,船舶,上海,19980520,600150.SH,20170314,27.97,28.18,27.72,27.76,27.92,-0.16,-0.57,129874.28,363246.529,0.9424,1.9305,0.71,618.5425,,2.2348,1.3779,1.6437,0.072,0.072,137811.7598,137811.7598,67275.6932,3825654.452,3825654.452,,,3.282
600150,中国船舶,船舶,上海,19980520,600150.SH,20170313,27.66,27.94,27.43,27.92,27.69,0.23,0.83,133033.19,368965.613,0.9653,1.9774,0.69,622.1076,,2.2477,1.3859,1.6532,0.0716,0.0716,137811.7598,137811.7598,67275.6932,3847704.3336,3847704.3336,,,3.282
600150,中国船舶,船舶,上海,19980520,600150.SH,20170310,28.07,28.2,27.6,27.69,28.03,-0.34,-1.21,163524.12,454659.083,1.1866,2.4307,0.87,616.9828,,2.2292,1.3745,1.6395,0.0722,0.0722,137811.7598,137811.7598,67275.6932,3816007.6289,3816007.6289,,,3.282
600150,中国船舶,船舶,上海,19980520,600150.SH,20170309,29.0,29.0,28.02,28.03,29.1,-1.07,-3.68,281284.84,795788.326,2.0411,4.1811,1.69,624.5586,,2.2566,1.3913,1.6597,0.0714,0.0714,137811.7598,137811.7598,67275.6932,3862863.6272,3862863.6272,,,3.282
600150,中国船舶,船舶,上海,19980520,600150.SH,20170308,29.07,29.4,28.85,29.1,29.07,0.03,0.1,187052.08,545748.934,1.3573,2.7804,1.06,648.4001,,2.3427,1.4444,1.723,0.0687,0.0687,137811.7598,137811.7598,67275.6932,4010322.2102,4010322.2102,,,3.282
600150,中国船舶,船舶,上海,19980520,600150.SH,20170307,29.48,29.48,29.01,29.07,29.5,-0.43,-1.46,152503.74,444339.216,1.1066,2.2668,0.85,647.7317,,2.3403,1.443,1.7213,0.0688,0.0688,137811.7598,137811.7598,67275.6932,4006187.8574,4006187.8574,,,3.282
600150,中国船舶,船舶,上海,19980520,600150.SH,20170306,29.15,29.54,28.95,29.5,29.12,0.38,1.3,175344.38,513921.295,1.2723,2.6064,0.95,657.3128,,2.3749,1.4643,1.7467,0.0678,0.0678,137811.7598,137811.7598,67275.6932,4065446.9141,4065446.9141,,,3.282
600150,中国船舶,船舶,上海,19980520,600150.SH,20170303,28.92,29.47,28.85,29.12,29.08,0.04,0.14,146195.97,426595.368,1.0608,2.1731,0.72,648.8458,,2.3443,1.4454,1.7242,0.0687,0.0687,137811.7598,137811.7598,67275.6932,4013078.4454,4013078.4454,,,3.282
600150,中国船舶,船舶,上海,19980520,600150.SH,20170302,29.5,29.59,29.01,29.08,29.54,-0.46,-1.56,169678.35,495661.434,1.2312,2.5221,0.8,647.9545,,2.3411,1.4434,1.7218,0.0688,0.0688,137811.7598,137811.7598,67275.6932,4007565.975,4007565.975,,,3.282
600150,中国船舶,船舶,上海,19980520,600150.SH,20170301,29.3,29.8,29.14,29.54,29.3,0.24,0.82,239391.32,707208.582,1.7371,3.5584,1.15,658.2041,,2.3781,1.4663,1.7491,0.0677,0.0677,137811.7598,137811.7598,67275.6932,4070959.3845,4070959.3845,,,3.282
600150,中国船舶,船舶,上海,19980520,600150.SH,20170228,29.2,29.56,29.01,29.3,29.29,0.01,0.03,169166.63,494757.945,1.2275,2.5145,0.74,652.8565,,2.3588,1.4544,1.7349,0.0683,0.0683,137811.7598,137811.7598,67275.6932,4037884.5621,4037884.5621,,,3.282
600150,中国船舶,船舶,上海,19980520,600150.SH,20170227,30.0,30.0,29.27,29.29,30.04,-0.75,-2.5,201923.27,597880.081,1.4652,3.0014,0.8,652.6337,,2.358,1.4539,1.7343,0.0683,0.0683,137811.7598,137811.7598,67275.6932,4036506.4445,4036506.4445,,,3.282
600150,中国船舶,船舶,上海,19980520,600150.SH,20170224,29.49,30.19,29.28,30.04,29.57,0.47,1.59,241338.38,718919.875,1.7512,3.5873,0.81,669.345,,2.4184,1.4911,1.7787,0.0666,0.0666,137811.7598,137811.7598,67275.6932,4139865.2644,4139865.2644,,,3.282
600150,中国船舶,船舶,上海,19980520,600150.SH,20170223,30.0,30.02,29.35,29.57,29.96,-0.39,-1.3,208770.55,618525.24,1.5149,3.1032,0.69,658.8726,,2.3806,1.4678,1.7509,0.0676,0.0676,137811.7598,137811.7598,67275.6932,4075093.7373,4075093.7373,,,3.282
600150,中国船舶,船舶,上海,19980520,600150.SH,20170222,30.18,30.35,29.81,29.96,30.33,-0.37,-1.22,219811.31,660999.361,1.595,3.2673,0.67,667.5625,,2.412,1.4871,1.7739,0.0668,0.0668,137811.7598,137811.7598,67275.6932,4128840.3236,4128840.3236,,,3.282
600150,中国船舶,船舶,上海,19980520,600150.SH,20170221,30.21,30.38,29.7,30.33,30.2,0.13,0.43,272522.84,817706.457,1.9775,4.0508,0.84,675.8067,,2.4417,1.5055,1.7959,0.0659,0.0659,137811.7598,137811.7598,67275.6932,4179830.6747,4179830.6747,,,3.282
600150,中国船舶,船舶,上海,19980520,600150.SH,20170220,30.07,30.48,29.63,30.2,29.96,0.24,0.8,317593.6,954835.626,2.3045,4.7208,1.02,672.9101,,2.4313,1.499,1.7882,0.0662,0.0662,137811.7598,137811.7598,67275.6932,4161915.146,4161915.146,,,3.282
600150,中国船舶,船舶,上海,19980520,600150.SH,20170217,29.39,30.43,29.22,29.96,29.41,0.55,1.87,474656.98,1420404.73,3.4442,7.0554,1.69,667.5625,,2.412,1.4871,1.7739,0.0668,0.0668,137811.7598,137811.7598,67275.6932,4128840.3236,4128840.3236,,,3.282
600150,中国船舶,船舶,上海,19980520,600150.SH,20170216,29.18,29.74,29.08,29.41,29.25,0.16,0.55,235486.92,693128.721,1.7088,3.5003,0.76,655.3075,,2.3677,1.4598,1.7414,0.068,0.068,137811.7598,137811.7598,67275.6932,4053043.8557,4053043.8557,,,3.282
600150,中国船舶,船舶,上海,19980520,600150.SH,20170215,29.9,30.1,28.96,29.25,29.96,-0.71,-2.37,345066.61,1013425.531,2.5039,5.1291,0.98,651.7424,,2.3548,1.4519,1.7319,0.0684,0.0684,137811.7598,137811.7598,67275.6932,4030993.9742,4030993.9742,,,3.282
600150,中国船舶,船舶,上海,19980520,600150.SH,20170214,30.2,30.5,29.72,29.96,30.21,-0.25,-0.83,244100.52,732878.616,1.7713,3.6284,0.71,667.5625,,2.412,1.4871,1.7739,0.0668,0.0668,137811.7598,137811.7598,67275.6932,4128840.3236,4128840.3236,,,3.282
600150,中国船舶,船舶,上海,19980520,600150.SH,20170213,29.98,30.59,29.91,30.21,30.16,0.05,0.17,263731.2,797355.811,1.9137,3.9202,0.76,673.1329,,2.4321,1.4995,1.7888,0.0662,0.0662,137811.7598,137811.7598,67275.6932,4163293.2636,4163293.2636,,,3.282
600150,中国船舶,船舶,上海,19980520,600150.SH,20170210,30.6,30.7,30.11,30.16,30.78,-0.62,-2.01,313720.07,952538.727,2.2764,4.6632,0.87,672.0188,,2.4281,1.4971,1.7858,0.0663,0.0663,137811.7598,137811.7598,67275.6932,4156402.6756,4156402.6756,,,3.282
600150,中国船舶,船舶,上海,19980520,600150.SH,20170209,30.28,30.88,30.11,30.78,30.56,0.22,0.72,382189.22,1161804.231,2.7733,5.6809,1.23,685.8335,,2.478,1.5278,1.8225,0.065,0.065,137811.7598,137811.7598,67275.6932,4241845.9666,4241845.9666,,,3.282
600150,中国船舶,船舶,上海,19980520,600150.SH,20170208,29.18,30.65,29.06,30.56,29.3,1.26,4.3,562794.18,1692833.155,4.0838,8.3655,2.35,680.9315,,2.4603,1.5169,1.8095,0.0654,0.0654,137811.7598,137811.7598,67275.6932,4211527.3795,4211527.3795,,,3.282
600150,中国船舶,船舶,上海,19980520,600150.SH,20170207,29.3,29.55,28.86,29.3,29.41,-0.11,-0.37,201557.88,587847.08,1.4626,2.996,0.89,652.8565,,2.3588,1.4544,1.7349,0.0683,0.0683,137811.7598,137811.7598,67275.6932,4037884.5621,4037884.5621,,,3.282
600150,中国船舶,船舶,上海,19980520,600150.SH,20170206,29.14,29.76,28.98,29.41,29.17,0.24,0.82,281093.05,825391.532,2.0397,4.1782,1.22,655.3075,,2.3677,1.4598,1.7414,0.068,0.068,137811.7598,137811.7598,67275.6932,4053043.8557,4053043.8557,,,3.282
600150,中国船舶,船舶,上海,19980520,600150.SH,20170203,28.74,30.13,28.31,29.17,28.06,1.11,3.96,380174.86,1117475.803,2.7587,5.651,2.05,649.9598,,2.3484,1.4479,1.7272,0.0686,0.0686,137811.7598,137811.7598,67275.6932,4019969.0334,4019969.0334,,,3.282
600150,中国船舶,船舶,上海,19980520,600150.SH,20170126,27.75,28.09,27.6,28.06,27.7,0.36,1.3,132264.95,367968.024,0.9598,1.966,0.69,625.2271,,2.259,1.3928,1.6614,0.0713,0.0713,137811.7598,137811.7598,67275.6932,3866997.98,3866997.98,,,3.282
600150,中国船舶,船舶,上海,19980520,600150.SH,20170125,27.5,28.05,27.37,27.7,28.23,-0.53,-1.88,202163.35,560086.298,1.467,3.005,1.09,617.2056,,2.23,1.3749,1.6401,0.0722,0.0722,137811.7598,137811.7598,67275.6932,3817385.7465,3817385.7465,,,3.282
600150,中国船舶,船舶,上海,19980520,600150.SH,20170124,28.4,28.66,28.2,28.23,28.68,-0.45,-1.57,139906.82,396896.393,1.0152,2.0796,0.7,629.015,,2.2727,1.4013,1.6715,0.0708,0.0708,137811.7598,137811.7598,67275.6932,3890425.9792,3890425.9792,,,3.282
600150,中国船舶,船舶,上海,19980520,600150.SH,20170123,28.0,29.0,27.89,28.68,27.49,1.19,4.33,294499.77,834949.414,2.137,4.3775,1.38,639.0418,,2.3089,1.4236,1.6982,0.0697,0.0697,137811.7598,137811.7598,67275.6932,3952441.2711,3952441.2711,,,3.282
600150,中国船舶,船舶,上海,19980520,600150.SH,20170120,26.91,27.65,26.8,27.49,27.0,0.49,1.81,157147.94,429432.162,1.1403,2.3359,0.67,612.5264,,2.2131,1.3645,1.6277,0.0728,0.0728,137811.7598,137811.7598,67275.6932,3788445.2769,3788445.2769,,,3.282
600150,中国船舶,船舶,上海,19980520,600150.SH,20170119,27.35,27.54,26.92,27.0,27.63,-0.63,-2.28,161240.79,438421.555,1.17,2.3967,0.6,601.6084,,2.1737,1.3402,1.5987,0.0741,0.0741,137811.7598,137811.7598,67275.6932,3720917.5146,3720917.5146,,,3.282
600150,中国船舶,船舶,上海,19980520,600150.SH,20170118,27.78,28.28,27.57,27.63,27.76,-0.13,-0.47,178560.32,498455.403,1.2957,2.6542,0.57,615.6459,,2.2244,1.3715,1.636,0.0724,0.0724,137811.7598,137811.7598,67275.6932,3807738.9233,3807738.9233,,,3.282
600150,中国船舶,船舶,上海,19980520,600150.SH,20170117,27.3,27.95,27.13,27.76,27.49,0.27,0.98,203130.59,560891.88,1.474,3.0194,0.58,618.5425,,2.2348,1.3779,1.6437,0.072,0.072,137811.7598,137811.7598,67275.6932,3825654.452,3825654.452,,,3.282
600150,中国船舶,船舶,上海,19980520,600150.SH,20170116,28.71,28.72,26.02,27.49,28.82,-1.33,-4.61,369220.22,1017624.299,2.6792,5.4882,0.98,612.5264,,2.2131,1.3645,1.6277,0.0728,0.0728,137811.7598,137811.7598,67275.6932,3788445.2769,3788445.2769,,,3.282
600150,中国船舶,船舶,上海,19980520,600150.SH,20170113,28.75,29.45,28.41,28.82,28.88,-0.06,-0.21,256932.83,742069.763,1.8644,3.8191,0.64,642.1612,,2.3202,1.4305,1.7064,0.0694,0.0694,137811.7598,137811.7598,67275.6932,3971734.9174,3971734.9174,,,3.282
600150,中国船舶,船舶,上海,19980520,600150.SH,20170112,29.57,29.8,28.84,28.88,29.75,-0.87,-2.92,326610.44,954038.594,2.37,4.8548,0.81,643.4981,,2.325,1.4335,1.71,0.0693,0.0693,137811.7598,137811.7598,67275.6932,3980003.623,3980003.623,,,3.282
600150,中国船舶,船舶,上海,19980520,600150.SH,20170111,29.52,30.32,29.21,29.75,29.75,0.0,0.0,399366.9,1190742.102,2.8979,5.9363,1.04,662.8833,,2.395,1.4767,1.7615,0.0672,0.0672,137811.7598,137811.7598,67275.6932,4099899.8541,4099899.8541,,,3.282
600150,中国船舶,船舶,上海,19980520,600150.SH,20170110,30.25,30.68,29.65,29.75,30.36,-0.61,-2.01,404457.0,1218718.606,2.9349,6.0119,1.12,662.8833,,2.395,1.4767,1.7615,0.0672,0.0672,137811.7598,137811.7598,67275.6932,4099899.8541,4099899.8541,,,3.282
600150,中国船舶,船舶,上海,19980520,600150.SH,20170109,28.71,30.39,28.6,30.36,28.91,1.45,5.02,490033.4,1451856.083,3.5558,7.284,1.43,676.4752,,2.4442,1.507,1.7976,0.0659,0.0659,137811.7598,137811.7598,67275.6932,4183965.0275,4183965.0275,,,3.282
600150,中国船舶,船舶,上海,19980520,600150.SH,20170106,29.32,29.92,28.78,28.91,29.2,-0.29,-0.99,381077.58,1119328.873,2.7652,5.6644,1.18,644.1666,,2.3274,1.435,1.7118,0.0692,0.0692,137811.7598,137811.7598,67275.6932,3984137.9758,3984137.9758,,,3.282
600150,中国船舶,船舶,上海,19980520,600150.SH,20170105,28.62,29.25,28.51,29.2,28.79,0.41,1.42,347397.07,1003782.669,2.5208,5.1638,1.15,650.6283,,2.3508,1.4494,1.7289,0.0685,0.0685,137811.7598,137811.7598,67275.6932,4024103.3862,4024103.3862,,,3.282
600150,中国船舶,船舶,上海,19980520,600150.SH,20170104,28.2,28.97,28.1,28.79,28.29,0.5,1.77,303566.72,868542.499,2.2028,4.5123,0.95,641.4928,,2.3178,1.4291,1.7047,0.0695,0.0695,137811.7598,137811.7598,67275.6932,3967600.5646,3967600.5646,,,3.282
600150,中国船舶,船舶,上海,19980520,600150.SH,20170103,27.72,28.59,27.71,28.29,27.61,0.68,2.46,290322.34,819691.292,2.1067,4.3154,0.82,630.3519,,2.2775,1.4042,1.6751,0.0707,0.0707,137811.7598,137811.7598,67275.6932,3898694.6847,3898694.6847,,,3.282
600150,中国船舶,船舶,上海,19980520,600150.SH,20161230,28.5,29.25,27.36,27.61,28.65,-1.04,-3.63,389445.81,1110063.768,2.8259,5.7888,0.94,615.2003,,2.2228,1.3705,1.6348,0.0362,0.0724,137811.7598,137811.7598,67275.6932,3804982.6881,3804982.6881,,,3.282
600150,中国船舶,船舶,上海,19980520,600150.SH,20161229,29.2,29.45,28.55,28.65,29.35,-0.7,-2.39,284724.79,824569.224,2.066,4.2322,0.57,638.3733,,2.3065,1.4221,1.6964,0.0349,0.0698,137811.7598,137811.7598,67275.6932,3948306.9183,3948306.9183,,,3.282
600150,中国船舶,船舶,上海,19980520,600150.SH,20161228,29.05,29.56,28.91,29.35,29.4,-0.05,-0.17,240055.75,702324.077,1.7419,3.5682,0.4,653.9706,,2.3628,1.4568,1.7378,0.0341,0.0681,137811.7598,137811.7598,67275.6932,4044775.1501,4044775.1501,,,3.282
600150,中国船舶,船舶,上海,19980520,600150.SH,20161227,29.8,30.2,28.91,29.4,29.97,-0.57,-1.9,397742.71,1169760.11,2.8861,5.9121,0.7,655.0847,,2.3669,1.4593,1.7408,0.034,0.068,137811.7598,137811.7598,67275.6932,4051665.7381,4051665.7381,,,3.282
600150,中国船舶,船舶,上海,19980520,600150.SH,20161226,29.29,30.45,29.05,29.97,29.78,0.19,0.64,463641.18,1383181.262,3.3643,6.8917,0.84,667.7853,,2.4128,1.4876,1.7745,0.0334,0.0667,137811.7598,137811.7598,67275.6932,4130218.4412,4130218.4412,,,3.282
600150,中国船舶,船舶,上海,19980520,600150.SH,20161223,29.48,30.9,29.3,29.78,29.66,0.12,0.4,684630.81,2061692.534,4.9679,10.1765,1.33,663.5517,,2.3975,1.4782,1.7633,0.0336,0.0672,137811.7598,137811.7598,67275.6932,4104034.2068,4104034.2068,,,3.282
600150,中国船舶,船舶,上海,19980520,600150.SH,20161222,29.05,30.25,28.81,29.66,28.95,0.71,2.45,694655.69,2059033.474,5.0406,10.3255,1.37,660.8779,,2.3878,1.4722,1.7562,0.0337,0.0674,137811.7598,137811.7598,67275.6932,4087496.7957,4087496.7957,,,3.282
600150,中国船舶,船舶,上海,19980520,600150.SH,20161221,27.15,29.5,26.88,28.95,27.01,1.94,7.18,774781.56,2191410.52,5.622,11.5165,1.59,645.0579,,2.3306,1.437,1.7141,0.0345,0.0691,137811.7598,137811.7598,67275.6932,3989650.4462,3989650.4462,,,3.282
600150,中国船舶,船舶,上海,19980520,600150.SH,20161220,27.0,27.32,26.7,27.01,27.24,-0.23,-0.84,231287.13,623479.078,1.6783,3.4379,0.37,601.8312,,2.1745,1.3407,1.5993,0.037,0.074,137811.7598,137811.7598,67275.6932,3722295.6322,3722295.6322,,,3.282
600150,中国船舶,船舶,上海,19980520,600150.SH,20161219,26.9,27.45,26.5,27.24,26.82,0.42,1.57,362086.58,978897.28,2.6274,5.3821,0.53,606.956,,2.193,1.3521,1.6129,0.0367,0.0734,137811.7598,137811.7598,67275.6932,3753992.337,3753992.337,,,3.282
600150,中国船舶,船舶,上海,19980520,600150.SH,20161216,27.7,27.89,26.8,26.82,28.12,-1.3,-4.62,502025.14,1366977.295,3.6428,7.4622,0.73,597.5976,,2.1592,1.3313,1.588,0.0373,0.0746,137811.7598,137811.7598,67275.6932,3696111.3978,3696111.3978,,,3.282
600150,中国船舶,船舶,上海,19980520,600150.SH,20161215,27.96,29.36,27.75,28.12,28.32,-0.2,-0.71,669646.62,1910698.084,4.8591,9.9538,1.01,626.564,,2.2638,1.3958,1.665,0.0356,0.0711,137811.7598,137811.7598,67275.6932,3875266.6856,3875266.6856,,,3.282
600150,中国船舶,船舶,上海,19980520,600150.SH,20161214,28.55,29.16,28.19,28.32,29.04,-0.72,-2.48,678756.24,1944040.562,4.9252,10.0892,1.03,631.0203,,2.2799,1.4057,1.6768,0.0353,0.0706,137811.7598,137811.7598,67275.6932,3902829.0375,3902829.0375,,,3.282
600150,中国船舶,船舶,上海,19980520,600150.SH,20161213,26.9,29.37,26.82,29.04,27.04,2.0,7.4,872634.48,2460802.721,6.3321,12.971,1.48,647.0632,,2.3379,1.4415,1.7195,0.0344,0.0689,137811.7598,137811.7598,67275.6932,4002053.5046,4002053.5046,,,3.282
600150,中国船舶,船舶,上海,19980520,600150.SH,20161212,27.5,28.46,26.88,27.04,27.94,-0.9,-3.22,717141.51,1998970.021,5.2038,10.6597,1.15,602.4996,,2.1769,1.3422,1.6011,0.037,0.074,137811.7598,137811.7598,67275.6932,3726429.985,3726429.985,,,3.282
600150,中国船舶,船舶,上海,19980520,600150.SH,20161209,26.68,27.99,26.1,27.94,27.17,0.77,2.83,494343.22,1321224.074,3.5871,7.348,0.74,622.5532,,2.2493,1.3869,1.6543,0.0358,0.0716,137811.7598,137811.7598,67275.6932,3850460.5688,3850460.5688,,,3.282
600150,中国船舶,船舶,上海,19980520,600150.SH,20161208,27.26,28.46,26.92,27.17,27.62,-0.45,-1.63,553208.99,1534033.094,4.0142,8.223,0.86,605.3963,,2.1873,1.3486,1.6088,0.0368,0.0736,137811.7598,137811.7598,67275.6932,3744345.5138,3744345.5138,,,3.282
600150,中国船舶,船舶,上海,19980520,600150.SH,20161207,26.8,28.18,26.64,27.62,26.87,0.75,2.79,655201.31,1805814.927,4.7543,9.739,1.16,615.4231,,2.2236,1.371,1.6354,0.0362,0.0724,137811.7598,137811.7598,67275.6932,3806360.8057,3806360.8057,,,3.282
600150,中国船舶,船舶,上海,19980520,600150.SH,20161206,26.94,27.11,26.3,26.87,27.31,-0.44,-1.61,527215.62,1410256.595,3.8256,7.8366,0.94,598.7117,,2.1632,1.3337,1.591,0.0372,0.0744,137811.7598,137811.7598,67275.6932,3703001.9858,3703001.9858,,,3.282
600150,中国船舶,船舶,上海,19980520,600150.SH,20161205,24.25,27.92,24.22,27.31,25.38,1.93,7.6,895876.81,2402359.603,6.5007,13.3165,2.15,608.5157,,2.1986,1.3556,1.617,0.0366,0.0732,137811.7598,137811.7598,67275.6932,3763639.1601,3763639.1601,,,3.282
600150,中国船舶,船舶,上海,19980520,600150.SH,20161202,24.92,26.5,24.92,25.38,24.59,0.79,3.21,702867.65,1806063.084,5.1002,10.4476,2.3,565.5119,,2.0432,1.2598,1.5028,0.0394,0.0788,137811.7598,137811.7598,67275.6932,3497662.4637,3497662.4637,,,3.282
600150,中国船舶,船舶,上海,19980520,600150.SH,20161201,23.8,25.14,23.75,24.59,23.84,0.75,3.15,429413.15,1055761.907,3.1159,6.3829,1.71,547.9092,,1.9796,1.2206,1.456,0.0407,0.0813,137811.7598,137811.7598,67275.6932,3388791.1735,3388791.1735,,,3.282
600150,中国船舶,船舶,上海,19980520,600150.SH,20161130,24.25,24.34,23.66,23.84,24.5,-0.66,-2.69,268886.74,644547.989,1.9511,3.9968,1.12,531.1979,,1.9193,1.1833,1.4116,0.0419,0.0839,137811.7598,137811.7598,67275.6932,3285432.3536,3285432.3536,,,3.282
600150,中国船舶,船舶,上海,19980520,600150.SH,20161129,23.78,24.97,23.52,24.5,23.88,0.62,2.6,496774.59,1208854.167,3.6047,7.3842,2.53,545.9039,,1.9724,1.2161,1.4507,0.0408,0.0816,137811.7598,137811.7598,67275.6932,3376388.1151,3376388.1151,25.04,20.48,3.282
600150,中国船舶,船舶,上海,19980520,600150.SH,20161128,23.76,24.05,23.6,23.88,23.68,0.2,0.84,185677.54,443115.754,1.3473,2.7599,0.94,532.0892,,1.9225,1.1853,1.4139,0.0419,0.0838,137811.7598,137811.7598,67275.6932,3290944.824,3290944.824,,,3.282
600150,中国船舶,船舶,上海,19980520,600150.SH,20161125,23.5,23.69,23.17,23.68,23.43,0.25,1.07,147921.97,345919.033,1.0734,2.1987,0.71,527.6328,,1.9064,1.1754,1.4021,0.0422,0.0845,137811.7598,137811.7598,67275.6932,3263382.4721,3263382.4721,,,3.282
600150,中国船舶,船舶,上海,19980520,600150.SH,20161124,23.85,23.85,23.3,23.43,23.86,-0.43,-1.8,155969.56,367975.297,1.1318,2.3184,0.67,522.0624,,1.8863,1.163,1.3873,0.0427,0.0854,137811.7598,137811.7598,67275.6932,3228929.5321,3228929.5321,,,3.282
600150,中国船舶,船舶,上海,19980520,600150.SH,20161123,24.07,24.27,23.8,23.86,24.04,-0.18,-0.75,216634.06,520665.798,1.572,3.2201,1.01,531.6435,,1.9209,1.1843,1.4128,0.0419,0.0838,137811.7598,137811.7598,67275.6932,3288188.5888,3288188.5888,,,3.282
600150,中国船舶,船舶,上海,19980520,600150.SH,20161122,23.68,24.25,23.53,24.04,23.61,0.43,1.82,276420.18,662401.944,2.0058,4.1088,1.48,535.6543,,1.9354,1.1933,1.4234,0.0416,0.0832,137811.7598,137811.7598,67275.6932,3312994.7056,3312994.7056,24.79,20.29,3.282
600150,中国船舶,船舶,上海,19980520,600150.SH,20161121,23.35,24.13,23.2,23.61,23.36,0.25,1.07,188730.69,447841.09,1.3695,2.8053,0.97,526.0731,,1.9007,1.1719,1.398,0.0424,0.0847,137811.7598,137811.7598,67275.6932,3253735.6489,3253735.6489,,,3.282
600150,中国船舶,船舶,上海,19980520,600150.SH,20161118,23.9,24.01,23.18,23.36,24.01,-0.65,-2.71,210387.99,496024.191,1.5266,3.1273,1.11,520.5026,,1.8806,1.1595,1.3832,0.0428,0.0856,137811.7598,137811.7598,67275.6932,3219282.7089,3219282.7089,,,3.282
600150,中国船舶,船舶,上海,19980520,600150.SH,20161117,23.5,24.17,23.47,24.01,23.45,0.56,2.39,269978.62,642799.187,1.959,4.013,1.67,534.9858,,1.9329,1.1918,1.4216,0.0416,0.0833,137811.7598,137811.7598,67275.6932,3308860.3528,3308860.3528,,,3.282
600150,中国船舶,船舶,上海,19980520,600150.SH,20161116,23.65,23.78,23.34,23.45,23.44,0.01,0.04,122914.33,289084.189,0.8919,1.827,0.79,522.508,,1.8879,1.164,1.3885,0.0426,0.0853,137811.7598,137811.7598,67275.6932,3231685.7673,3231685.7673,,,3.282
600150,中国船舶,船舶,上海,19980520,600150.SH,20161115,23.54,23.81,23.22,23.44,23.52,-0.08,-0.34,142389.5,334238.907,1.0332,2.1165,1.01,522.2852,,1.8871,1.1635,1.3879,0.0427,0.0853,137811.7598,137811.7598,67275.6932,3230307.6497,3230307.6497,,,3.282
600150,中国船舶,船舶,上海,19980520,600150.SH,20161114,23.14,23.77,23.06,23.52,23.14,0.38,1.64,223193.17,523418.555,1.6196,3.3176,2.08,524.0677,,1.8935,1.1675,1.3926,0.0425,0.085,137811.7598,137811.7598,67275.6932,3241332.5905,3241332.5905,,,3.282
600150,中国船舶,船舶,上海,19980520,600150.SH,20161111,22.51,23.49,22.47,23.14,22.62,0.52,2.3,186646.06,428704.9,1.3544,2.7743,2.22,515.6006,,1.8629,1.1486,1.3701,0.0432,0.0864,137811.7598,137811.7598,67275.6932,3188964.1218,3188964.1218,,,3.282
600150,中国船舶,船舶,上海,19980520,600150.SH,20161110,22.36,22.77,22.36,22.62,22.13,0.49,2.21,130840.84,295383.332,0.9494,1.9448,1.68,504.0141,,1.821,1.1228,1.3393,0.0442,0.0884,137811.7598,137811.7598,67275.6932,3117302.0067,3117302.0067,,,3.282
600150,中国船舶,船舶,上海,19980520,600150.SH,20161109,22.5,22.51,22.02,22.13,22.53,-0.4,-1.78,96515.16,214817.814,0.7003,1.4346,1.19,493.096,,1.7816,1.0985,1.3103,0.0452,0.0904,137811.7598,137811.7598,67275.6932,3049774.2444,3049774.2444,,,3.282
600150,中国船舶,船舶,上海,19980520,600150.SH,20161108,22.45,22.62,22.35,22.53,22.34,0.19,0.85,65571.66,147430.773,0.4758,0.9747,0.8,502.0088,,1.8138,1.1183,1.334,0.0444,0.0888,137811.7598,137811.7598,67275.6932,3104898.9483,3104898.9483,,,3.282
600150,中国船舶,船舶,上海,19980520,600150.SH,20161107,22.26,22.49,22.2,22.34,22.39,-0.05,-0.22,57419.71,128222.179,0.4167,0.8535,0.58,497.7752,,1.7985,1.1089,1.3228,0.0448,0.0895,137811.7598,137811.7598,67275.6932,3078714.7139,3078714.7139,,,3.282
600150,中国船舶,船舶,上海,19980520,600150.SH,20161104,22.39,22.64,22.3,22.39,22.41,-0.02,-0.09,70080.02,157252.695,0.5085,1.0417,0.64,498.8893,,1.8025,1.1114,1.3257,0.0447,0.0893,137811.7598,137811.7598,67275.6932,3085605.3019,3085605.3019,,,3.282
600150,中国船舶,船舶,上海,19980520,600150.SH,20161103,22.25,22.62,22.15,22.41,22.22,0.19,0.86,99669.03,223113.121,0.7232,1.4815,0.96,499.3349,,1.8041,1.1124,1.3269,0.0446,0.0892,137811.7598,137811.7598,67275.6932,3088361.5371,3088361.5371,,,3.282
600150,中国船舶,船舶,上海,19980520,600150.SH,20161102,22.6,22.6,22.18,22.22,22.62,-0.4,-1.77,112293.97,250694.267,0.8148,1.6692,1.1,495.1014,,1.7888,1.1029,1.3157,0.045,0.09,137811.7598,137811.7598,67275.6932,3062177.3028,3062177.3028,,,3.282
600150,中国船舶,船舶,上海,19980520,600150.SH,20161101,22.54,22.75,22.46,22.62,22.53,0.09,0.4,71271.69,160894.08,0.5172,1.0594,0.59,504.0141,,1.821,1.1228,1.3393,0.0442,0.0884,137811.7598,137811.7598,67275.6932,3117302.0067,3117302.0067,,,3.282
600150,中国船舶,船舶,上海,19980520,600150.SH,20161031,22.8,22.86,22.4,22.53,23.24,-0.71,-3.06,142857.86,322453.999,1.0366,2.1235,1.01,502.0088,,1.8138,1.1183,1.334,0.0444,0.0888,137811.7598,137811.7598,67275.6932,3104898.9483,3104898.9483,25.51,20.87,3.282
600150,中国船舶,船舶,上海,19980520,600150.SH,20161028,23.88,24.0,23.1,23.24,23.42,-0.18,-0.77,124170.16,291149.882,0.901,1.8457,0.78,517.8288,,1.8229,1.1536,1.2649,0.043,0.0861,137811.7598,137811.7598,67275.6932,3202745.2978,3202745.2978,,,3.282
600150,中国船舶,船舶,上海,19980520,600150.SH,20161027,23.39,23.57,23.28,23.42,23.41,0.01,0.04,66128.71,155079.259,0.4798,0.983,0.36,521.8395,,1.837,1.1625,1.2747,0.0427,0.0854,137811.7598,137811.7598,67275.6932,3227551.4145,3227551.4145,,,3.282
600150,中国船舶,船舶,上海,19980520,600150.SH,20161026,23.63,23.79,23.32,23.41,23.73,-0.32,-1.35,106284.09,249864.982,0.7712,1.5798,0.53,521.6167,,1.8362,1.162,1.2742,0.0427,0.0854,137811.7598,137811.7598,67275.6932,3226173.2969,3226173.2969,,,3.282
600150,中国船舶,船舶,上海,19980520,600150.SH,20161025,24.1,24.1,23.61,23.73,24.18,-0.45,-1.86,163822.96,390063.166,1.1887,2.4351,0.77,528.7469,,1.8613,1.1779,1.2916,0.0421,0.0843,137811.7598,137811.7598,67275.6932,3270273.0601,3270273.0601,,,3.282
600150,中国船舶,船舶,上海,19980520,600150.SH,20161024,23.9,24.35,23.72,24.18,23.87,0.31,1.3,248945.66,601168.101,1.8064,3.7004,1.15,538.7737,,1.8966,1.2002,1.3161,0.0414,0.0827,137811.7598,137811.7598,67275.6932,3332288.352,3332288.352,,,3.282
600150,中国船舶,船舶,上海,19980520,600150.SH,20161021,23.4,23.99,23.23,23.87,23.59,0.28,1.19,214874.57,508564.73,1.5592,3.1939,1.06,531.8664,,1.8723,1.1848,1.2992,0.0419,0.0838,137811.7598,137811.7598,67275.6932,3289566.7064,3289566.7064,,,3.282
600150,中国船舶,船舶,上海,19980520,600150.SH,20161020,23.8,24.28,23.49,23.59,23.82,-0.23,-0.97,180339.86,430528.715,1.3086,2.6806,0.93,525.6275,,1.8503,1.1709,1.284,0.0424,0.0848,137811.7598,137811.7598,67275.6932,3250979.4137,3250979.4137,,,3.282
600150,中国船舶,船舶,上海,19980520,600150.SH,20161019,23.95,24.16,23.65,23.82,23.88,-0.06,-0.25,195138.23,466442.279,1.416,2.9006,1.09,530.7523,,1.8683,1.1824,1.2965,0.042,0.084,137811.7598,137811.7598,67275.6932,3282676.1184,3282676.1184,,,3.282
600150,中国船舶,船舶,上海,19980520,600150.SH,20161018,23.03,24.05,22.91,23.88,23.24,0.64,2.75,221871.65,523926.26,1.61,3.2979,1.18,532.0892,,1.8731,1.1853,1.2998,0.0419,0.0838,137811.7598,137811.7598,67275.6932,3290944.824,3290944.824,,,3.282
600150,中国船舶,船舶,上海,19980520,600150.SH,20161017,23.5,24.35,23.21,23.24,23.47,-0.23,-0.98,269376.45,640389.039,1.9547,4.0041,1.78,517.8288,,1.8229,1.1536,1.2649,0.043,0.0861,137811.7598,137811.7598,67275.6932,3202745.2978,3202745.2978,,,3.282
600150,中国船舶,船舶,上海,19980520,600150.SH,20161014,22.96,23.49,22.62,23.47,23.13,0.34,1.47,147586.51,339734.303,1.0709,2.1938,1.14,522.9536,,1.8409,1.165,1.2774,0.0426,0.0852,137811.7598,137811.7598,67275.6932,3234442.0025,3234442.0025,,,3.282
600150,中国船舶,船舶,上海,19980520,600150.SH,20161013,22.99,23.58,22.95,23.13,22.96,0.17,0.74,131527.56,306000.707,0.9544,1.9551,1.17,515.3778,,1.8142,1.1481,1.2589,0.0432,0.0865,137811.7598,137811.7598,67275.6932,3187586.0042,3187586.0042,,,3.282
600150,中国船舶,船舶,上海,19980520,600150.SH,20161012,23.2,23.23,22.91,22.96,23.34,-0.38,-1.63,120689.95,277875.07,0.8758,1.794,1.25,511.5899,,1.8009,1.1397,1.2497,0.0436,0.0871,137811.7598,137811.7598,67275.6932,3164158.005,3164158.005,,,3.282
600150,中国船舶,船舶,上海,19980520,600150.SH,20161011,22.42,23.7,22.4,23.34,22.15,1.19,5.37,271625.79,630928.382,1.971,4.0375,5.11,520.057,,1.8307,1.1585,1.2704,0.0428,0.0857,137811.7598,137811.7598,67275.6932,3216526.4737,3216526.4737,,,3.282
600150,中国船舶,船舶,上海,19980520,600150.SH,20161010,21.7,22.16,21.7,22.15,21.57,0.58,2.69,83821.61,184636.765,0.6082,1.2459,1.65,493.5417,,1.7374,1.0995,1.2056,0.0451,0.0903,137811.7598,137811.7598,67275.6932,3052530.4796,3052530.4796,,,3.282
600150,中国船舶,船舶,上海,19980520,600150.SH,20160930,21.4,21.62,21.4,21.57,21.43,0.14,0.65,39625.3,85257.77,0.2875,0.589,0.76,480.6182,,1.6919,1.0707,1.174,0.0464,0.0927,137811.7598,137811.7598,67275.6932,2972599.6589,2972599.6589,,,3.282
600150,中国船舶,船舶,上海,19980520,600150.SH,20160929,21.45,21.56,21.4,21.43,21.38,0.05,0.23,47852.2,102786.095,0.3472,0.7113,0.87,477.4988,,1.6809,1.0637,1.1664,0.0467,0.0933,137811.7598,137811.7598,67275.6932,2953306.0125,2953306.0125,,,3.282
600150,中国船舶,船舶,上海,19980520,600150.SH,20160928,21.51,21.54,21.35,21.38,21.44,-0.06,-0.28,39392.08,84404.973,0.2858,0.5855,0.69,476.3847,,1.677,1.0612,1.1637,0.0468,0.0935,137811.7598,137811.7598,67275.6932,2946415.4245,2946415.4245,,,3.282
600150,中国船舶,船舶,上海,19980520,600150.SH,20160927,21.16,21.58,21.16,21.44,21.31,0.13,0.61,54852.53,116996.673,0.398,0.8153,0.98,477.7216,,1.6817,1.0642,1.167,0.0466,0.0933,137811.7598,137811.7598,67275.6932,2954684.1301,2954684.1301,,,3.282
600150,中国船舶,船舶,上海,19980520,600150.SH,20160926,21.87,21.87,21.27,21.31,21.83,-0.52,-2.38,72295.62,155636.888,0.5246,1.0746,1.41,474.825,,1.6715,1.0578,1.1599,0.0469,0.0939,137811.7598,137811.7598,67275.6932,2936768.6013,2936768.6013,,,3.282
600150,中国船舶,船舶,上海,19980520,600150.SH,20160923,22.02,22.12,21.81,21.83,21.95,-0.12,-0.55,47495.13,104068.982,0.3446,0.706,0.89,486.4115,,1.7123,1.0836,1.1882,0.0458,0.0916,137811.7598,137811.7598,67275.6932,3008430.7164,3008430.7164,,,3.282
600150,中国船舶,船舶,上海,19980520,600150.SH,20160922,22.04,22.16,21.93,21.95,21.92,0.03,0.14,59693.76,131635.57,0.4332,0.8873,1.16,489.0853,,1.7217,1.0895,1.1947,0.0456,0.0911,137811.7598,137811.7598,67275.6932,3024968.1276,3024968.1276,,,3.282
600150,中国船舶,船舶,上海,19980520,600150.SH,20160921,21.85,22.05,21.85,21.92,21.9,0.02,0.09,50635.69,111243.313,0.3674,0.7527,0.8,488.4169,,1.7193,1.088,1.1931,0.0456,0.0912,137811.7598,137811.7598,67275.6932,3020833.7748,3020833.7748,,,3.282
600150,中国船舶,船舶,上海,19980520,600150.SH,20160920,22.15,22.17,21.85,21.9,22.13,-0.23,-1.04,49090.84,107634.049,0.3562,0.7297,0.74,487.9712,,1.7178,1.0871,1.192,0.0457,0.0913,137811.7598,137811.7598,67275.6932,3018077.5396,3018077.5396,,,3.282
600150,中国船舶,船舶,上海,19980520,600150.SH,20160919,22.28,22.33,22.04,22.13,22.04,0.09,0.41,48997.82,108646.96,0.3555,0.7283,0.72,493.096,,1.7358,1.0985,1.2045,0.0452,0.0904,137811.7598,137811.7598,67275.6932,3049774.2444,3049774.2444,,,3.282
600150,中国船舶,船舶,上海,19980520,600150.SH,20160914,21.85,22.16,21.68,22.04,21.89,0.15,0.69,58137.0,127535.43,0.4219,0.8642,0.8,491.0907,,1.7287,1.094,1.1996,0.0454,0.0907,137811.7598,137811.7598,67275.6932,3037371.186,3037371.186,,,3.282
600150,中国船舶,船舶,上海,19980520,600150.SH,20160913,21.91,22.09,21.77,21.89,21.8,0.09,0.41,49342.93,108050.573,0.358,0.7334,0.64,487.7484,,1.717,1.0866,1.1914,0.0457,0.0914,137811.7598,137811.7598,67275.6932,3016699.422,3016699.422,,,3.282
600150,中国船舶,船舶,上海,19980520,600150.SH,20160912,22.25,22.3,21.78,21.8,22.67,-0.87,-3.84,109979.79,242365.696,0.798,1.6348,1.6,485.743,,1.7099,1.0821,1.1865,0.0459,0.0917,137811.7598,137811.7598,67275.6932,3004296.3636,3004296.3636,,,3.282
600150,中国船舶,船舶,上海,19980520,600150.SH,20160909,22.8,22.97,22.65,22.67,22.82,-0.15,-0.66,66717.5,152276.804,0.4841,0.9917,0.93,505.1282,,1.7781,1.1253,1.2339,0.0441,0.0882,137811.7598,137811.7598,67275.6932,3124192.5947,3124192.5947,,,3.282
600150,中国船舶,船舶,上海,19980520,600150.SH,20160908,22.78,22.88,22.7,22.82,22.78,0.04,0.18,55402.54,126343.587,0.402,0.8235,0.68,508.4705,,1.7899,1.1327,1.2421,0.0438,0.0876,137811.7598,137811.7598,67275.6932,3144864.3586,3144864.3586,,,3.282
600150,中国船舶,船舶,上海,19980520,600150.SH,20160907,22.93,23.09,22.75,22.78,22.94,-0.16,-0.7,80511.39,184584.353,0.5842,1.1967,0.74,507.5792,,1.7868,1.1307,1.2399,0.0439,0.0878,137811.7598,137811.7598,67275.6932,3139351.8882,3139351.8882,,,3.282
600150,中国船舶,船舶,上海,19980520,600150.SH,20160906,22.69,22.95,22.51,22.94,22.61,0.33,1.46,74465.68,169550.395,0.5403,1.1069,0.68,511.1443,,1.7993,1.1387,1.2486,0.0436,0.0872,137811.7598,137811.7598,67275.6932,3161401.7698,3161401.7698,,,3.282
600150,中国船舶,船舶,上海,19980520,600150.SH,20160905,22.65,22.84,22.58,22.61,22.54,0.07,0.31,67077.5,152424.139,0.4867,0.9971,0.62,503.7913,,1.7734,1.1223,1.2306,0.0442,0.0885,137811.7598,137811.7598,67275.6932,3115923.8891,3115923.8891,,,3.282
600150,中国船舶,船舶,上海,19980520,600150.SH,20160902,22.69,22.82,22.41,22.54,22.69,-0.15,-0.66,83038.38,188019.142,0.6025,1.2343,0.79,502.2316,,1.7679,1.1188,1.2268,0.0444,0.0887,137811.7598,137811.7598,67275.6932,3106277.0659,3106277.0659,,,3.282
600150,中国船舶,船舶,上海,19980520,600150.SH,20160901,22.7,22.95,22.68,22.69,23.0,-0.31,-1.35,103321.24,235613.869,0.7497,1.5358,1.02,505.5738,,1.7797,1.1263,1.235,0.0441,0.0881,137811.7598,137811.7598,67275.6932,3126948.8299,3126948.8299,,,3.282
600150,中国船舶,船舶,上海,19980520,600150.SH,20160831,23.5,23.6,22.88,23.0,23.78,-0.78,-3.28,218075.57,503329.344,1.5824,3.2415,2.99,512.4812,,1.804,1.1417,1.2519,0.0435,0.087,137811.7598,137811.7598,67275.6932,3169670.4754,3169670.4754,,,3.282
600150,中国船舶,船舶,上海,19980520,600150.SH,20160830,23.71,24.09,23.68,23.78,23.69,0.09,0.38,77994.96,186172.367,0.566,1.1593,1.1,529.861,617.356,1.855,1.1804,1.2194,0.0421,0.0841,137811.7598,137811.7598,67275.6932,3277163.648,3277163.648,,,3.282
600150,中国船舶,船舶,上海,19980520,600150.SH,20160829,23.57,23.83,23.57,23.69,23.56,0.13,0.55,60995.08,144696.545,0.4426,0.9066,0.8,527.8556,615.0195,1.848,1.1759,1.2148,0.0422,0.0844,137811.7598,137811.7598,67275.6932,3264760.5897,3264760.5897,,,3.282
600150,中国船舶,船舶,上海,19980520,600150.SH,20160826,23.59,23.81,23.49,23.56,23.55,0.01,0.04,62452.64,147656.515,0.4532,0.9283,0.73,524.959,611.6445,1.8378,1.1695,1.2082,0.0424,0.0849,137811.7598,137811.7598,67275.6932,3246845.0609,3246845.0609,,,3.282
600150,中国船舶,船舶,上海,19980520,600150.SH,20160825,23.85,23.85,23.4,23.55,23.91,-0.36,-1.51,89143.87,209658.104,0.6469,1.3251,0.98,524.7362,611.3849,1.837,1.169,1.2076,0.0425,0.0849,137811.7598,137811.7598,67275.6932,3245466.9433,3245466.9433,,,3.282
600150,中国船舶,船舶,上海,19980520,600150.SH,20160824,23.88,24.09,23.76,23.91,23.85,0.06,0.25,73729.48,176414.493,0.535,1.0959,0.69,532.7576,620.7309,1.8651,1.1868,1.2261,0.0418,0.0836,137811.7598,137811.7598,67275.6932,3295079.1768,3295079.1768,,,3.282
600150,中国船舶,船舶,上海,19980520,600150.SH,20160823,23.66,23.97,23.61,23.85,23.78,0.07,0.29,68047.96,162218.665,0.4938,1.0115,0.55,531.4207,619.1733,1.8605,1.1838,1.223,0.0419,0.0839,137811.7598,137811.7598,67275.6932,3286810.4712,3286810.4712,,,3.282
600150,中国船舶,船舶,上海,19980520,600150.SH,20160822,24.25,24.36,23.76,23.78,24.29,-0.51,-2.1,90008.93,216362.925,0.6531,1.3379,0.62,529.861,617.356,1.855,1.1804,1.2194,0.0421,0.0841,137811.7598,137811.7598,67275.6932,3277163.648,3277163.648,,,3.282
600150,中国船舶,船舶,上海,19980520,600150.SH,20160819,24.26,24.45,24.04,24.29,24.4,-0.11,-0.45,104239.62,252499.219,0.7564,1.5494,0.75,541.2247,630.5962,1.8948,1.2057,1.2456,0.0412,0.0823,137811.7598,137811.7598,67275.6932,3347447.6455,3347447.6455,,,3.282
600150,中国船舶,船舶,上海,19980520,600150.SH,20160818,24.31,24.69,24.19,24.4,24.38,0.02,0.08,119095.26,290448.529,0.8642,1.7703,0.87,543.6757,633.4519,1.9034,1.2111,1.2512,0.041,0.082,137811.7598,137811.7598,67275.6932,3362606.9391,3362606.9391,,,3.282
600150,中国船舶,船舶,上海,19980520,600150.SH,20160817,24.39,24.75,24.24,24.38,24.39,-0.01,-0.04,156660.14,384087.722,1.1368,2.3286,1.2,543.2301,632.9327,1.9018,1.2102,1.2502,0.041,0.082,137811.7598,137811.7598,67275.6932,3359850.7039,3359850.7039,,,3.282
600150,中国船舶,船舶,上海,19980520,600150.SH,20160816,24.4,24.54,24.18,24.39,24.39,0.0,0.0,149940.39,365553.042,1.088,2.2287,1.23,543.4529,633.1923,1.9026,1.2106,1.2507,0.041,0.082,137811.7598,137811.7598,67275.6932,3361228.8215,3361228.8215,,,3.282
600150,中国船舶,船舶,上海,19980520,600150.SH,20160815,23.66,24.61,23.66,24.39,23.66,0.73,3.09,199415.15,483108.355,1.447,2.9641,1.75,543.4529,633.1923,1.9026,1.2106,1.2507,0.041,0.082,137811.7598,137811.7598,67275.6932,3361228.8215,3361228.8215,,,3.282
600150,中国船舶,船舶,上海,19980520,600150.SH,20160812,23.39,23.7,23.35,23.66,23.38,0.28,1.2,69026.65,162475.905,0.5009,1.026,0.61,527.1872,614.2406,1.8456,1.1744,1.2133,0.0423,0.0845,137811.7598,137811.7598,67275.6932,3260626.2369,3260626.2369,,,3.282
600150,中国船舶,船舶,上海,19980520,600150.SH,20160811,23.83,23.9,23.36,23.38,23.99,-0.61,-2.54,107537.18,253589.084,0.7803,1.5985,1.01,520.9483,606.9715,1.8238,1.1605,1.1989,0.0428,0.0855,137811.7598,137811.7598,67275.6932,3222038.9441,3222038.9441,,,3.282
600150,中国船舶,船舶,上海,19980520,600150.SH,20160810,23.77,24.23,23.75,23.99,23.82,0.17,0.71,125117.04,300267.393,0.9079,1.8598,1.29,534.5402,622.8078,1.8714,1.1908,1.2302,0.0417,0.0834,137811.7598,137811.7598,67275.6932,3306104.1176,3306104.1176,,,3.282
600150,中国船舶,船舶,上海,19980520,600150.SH,20160809,23.76,23.89,23.62,23.82,23.9,-0.08,-0.33,106824.95,253533.22,0.7752,1.5879,1.19,530.7523,618.3944,1.8581,1.1824,1.2215,0.042,0.084,137811.7598,137811.7598,67275.6932,3282676.1184,3282676.1184,,,3.282
600150,中国船舶,船舶,上海,19980520,600150.SH,20160808,23.1,23.98,22.95,23.9,23.11,0.79,3.42,162656.06,381937.693,1.1803,2.4178,2.17,532.5348,620.4713,1.8644,1.1863,1.2256,0.0418,0.0837,137811.7598,137811.7598,67275.6932,3293701.0592,3293701.0592,,,3.282
600150,中国船舶,船舶,上海,19980520,600150.SH,20160805,23.28,23.29,23.05,23.11,23.3,-0.19,-0.82,64530.47,149438.457,0.4683,0.9592,0.81,514.9322,599.962,1.8027,1.1471,1.1851,0.0433,0.0865,137811.7598,137811.7598,67275.6932,3184829.769,3184829.769,,,3.282
600150,中国船舶,船舶,上海,19980520,600150.SH,20160804,23.08,23.33,23.02,23.3,23.28,0.02,0.09,75168.04,174123.043,0.5454,1.1173,0.8,519.1657,604.8946,1.8175,1.1565,1.1948,0.0429,0.0858,137811.7598,137811.7598,67275.6932,3211014.0033,3211014.0033,,,3.282
600150,中国船舶,船舶,上海,19980520,600150.SH,20160803,23.15,23.46,23.03,23.28,23.17,0.11,0.47,76845.96,178575.864,0.5576,1.1423,0.59,518.7201,604.3754,1.816,1.1556,1.1938,0.043,0.0859,137811.7598,137811.7598,67275.6932,3208257.7681,3208257.7681,,,3.282
600150,中国船舶,船舶,上海,19980520,600150.SH,20160802,22.9,23.18,22.89,23.17,22.93,0.24,1.05,68073.14,156851.797,0.494,1.0119,0.49,516.2691,601.5197,1.8074,1.1501,1.1882,0.0432,0.0863,137811.7598,137811.7598,67275.6932,3193098.4746,3193098.4746,,,3.282
600150,中国船舶,船舶,上海,19980520,600150.SH,20160801,23.28,23.36,22.86,22.93,23.36,-0.43,-1.84,90759.29,208691.807,0.6586,1.3491,0.66,510.9215,595.289,1.7887,1.1382,1.1759,0.0436,0.0872,137811.7598,137811.7598,67275.6932,3160023.6522,3160023.6522,,,3.282
600150,中国船舶,船舶,上海,19980520,600150.SH,20160729,23.6,23.74,23.15,23.36,23.69,-0.33,-1.39,89511.44,209730.117,0.6495,1.3305,0.59,520.5026,606.4523,1.8222,1.1595,1.1979,0.0428,0.0856,137811.7598,137811.7598,67275.6932,3219282.7089,3219282.7089,,,3.282
600150,中国船舶,船舶,上海,19980520,600150.SH,20160728,23.54,23.9,23.25,23.69,23.5,0.19,0.81,142130.5,336055.494,1.0313,2.1127,0.97,527.8556,615.0195,1.848,1.1759,1.2148,0.0422,0.0844,137811.7598,137811.7598,67275.6932,3264760.5897,3264760.5897,,,3.282
600150,中国船舶,船舶,上海,19980520,600150.SH,20160727,24.62,24.97,23.06,23.5,24.55,-1.05,-4.28,256570.06,617929.118,1.8617,3.8137,2.24,523.6221,610.0869,1.8331,1.1665,1.2051,0.0426,0.0851,137811.7598,137811.7598,67275.6932,3238576.3553,3238576.3553,,,3.282
600150,中国船舶,船舶,上海,19980520,600150.SH,20160726,24.24,24.58,24.2,24.55,24.2,0.35,1.45,110088.64,269320.54,0.7988,1.6364,0.94,547.018,637.3461,1.9151,1.2186,1.2589,0.0407,0.0815,137811.7598,137811.7598,67275.6932,3383278.7031,3383278.7031,,,3.282
600150,中国船舶,船舶,上海,19980520,600150.SH,20160725,24.17,24.48,24.14,24.2,24.31,-0.11,-0.45,93321.71,226415.121,0.6772,1.3872,0.73,539.2193,628.2597,1.8878,1.2012,1.241,0.0413,0.0826,137811.7598,137811.7598,67275.6932,3335044.5872,3335044.5872,,,3.282
600150,中国船舶,船舶,上海,19980520,600150.SH,20160722,24.5,24.74,24.27,24.31,24.36,-0.05,-0.21,150650.96,369461.993,1.0932,2.2393,1.09,541.6703,631.1154,1.8963,1.2067,1.2466,0.0411,0.0823,137811.7598,137811.7598,67275.6932,3350203.8807,3350203.8807,,,3.282
600150,中国船舶,船舶,上海,19980520,600150.SH,20160721,24.36,24.66,24.29,24.36,24.31,0.05,0.21,122636.62,300019.439,0.8899,1.8229,0.76,542.7844,632.4134,1.9002,1.2092,1.2492,0.0411,0.0821,137811.7598,137811.7598,67275.6932,3357094.4687,3357094.4687,,,3.282
600150,中国船舶,船舶,上海,19980520,600150.SH,20160720,24.59,24.59,24.28,24.31,24.59,-0.28,-1.14,95321.49,232712.279,0.6917,1.4169,0.44,541.6703,631.1154,1.8963,1.2067,1.2466,0.0411,0.0823,137811.7598,137811.7598,67275.6932,3350203.8807,3350203.8807,,,3.282
600150,中国船舶,船舶,上海,19980520,600150.SH,20160719,24.38,24.69,24.33,24.59,24.37,0.22,0.9,120623.39,295397.383,0.8753,1.793,0.48,547.9092,638.3845,1.9182,1.2206,1.261,0.0407,0.0813,137811.7598,137811.7598,67275.6932,3388791.1735,3388791.1735,,,3.282
600150,中国船舶,船舶,上海,19980520,600150.SH,20160718,24.63,24.63,24.21,24.37,24.69,-0.32,-1.3,152633.19,372693.029,1.1075,2.2688,0.5,543.0073,632.673,1.901,1.2097,1.2497,0.041,0.0821,137811.7598,137811.7598,67275.6932,3358472.5863,3358472.5863,,,3.282
600150,中国船舶,船舶,上海,19980520,600150.SH,20160715,25.36,25.5,24.63,24.69,25.22,-0.53,-2.1,201317.24,501133.582,1.4608,2.9924,0.64,550.1374,640.9806,1.926,1.2255,1.2661,0.0405,0.081,137811.7598,137811.7598,67275.6932,3402572.3495,3402572.3495,,,3.282
600150,中国船舶,船舶,上海,19980520,600150.SH,20160714,25.33,25.65,24.8,25.22,25.39,-0.17,-0.67,236078.58,594545.457,1.7131,3.5091,0.74,561.9468,654.74,1.9673,1.2518,1.2933,0.0397,0.0793,137811.7598,137811.7598,67275.6932,3475612.5822,3475612.5822,,,3.282
600150,中国船舶,船舶,上海,19980520,600150.SH,20160713,25.82,26.26,25.21,25.39,25.19,0.2,0.79,383051.97,984003.59,2.7795,5.6938,1.25,565.7347,659.1534,1.9806,1.2603,1.302,0.0394,0.0788,137811.7598,137811.7598,67275.6932,3499040.5813,3499040.5813,,,3.282
600150,中国船舶,船舶,上海,19980520,600150.SH,20160712,25.07,25.33,24.6,25.19,25.07,0.12,0.48,275130.46,685977.51,1.9964,4.0896,0.72,561.2783,653.9612,1.965,1.2504,1.2917,0.0397,0.0794,137811.7598,137811.7598,67275.6932,3471478.2294,3471478.2294,,,3.282
600150,中国船舶,船舶,上海,19980520,600150.SH,20160711,24.84,25.63,24.81,25.07,24.5,0.57,2.33,425817.16,1070976.84,3.0898,6.3294,1.11,558.6045,650.8458,1.9556,1.2444,1.2856,0.0399,0.0798,137811.7598,137811.7598,67275.6932,3454940.8182,3454940.8182,,,3.282
600150,中国船舶,船舶,上海,19980520,600150.SH,20160708,24.68,24.97,24.47,24.5,24.71,-0.21,-0.85,262082.35,646916.72,1.9017,3.8956,0.7,545.9039,636.048,1.9112,1.2161,1.2564,0.0408,0.0816,137811.7598,137811.7598,67275.6932,3376388.1151,3376388.1151,,,3.282
600150,中国船舶,船舶,上海,19980520,600150.SH,20160707,24.96,24.96,24.31,24.71,24.96,-0.25,-1.0,240809.94,591841.491,1.7474,3.5794,0.69,550.5831,641.4998,1.9275,1.2265,1.2671,0.0405,0.0809,137811.7598,137811.7598,67275.6932,3405328.5847,3405328.5847,,,3.282
600150,中国船舶,船舶,上海,19980520,600150.SH,20160706,24.7,25.26,24.48,24.96,25.03,-0.07,-0.28,327582.86,811905.349,2.377,4.8693,0.99,556.1535,647.9901,1.947,1.2389,1.28,0.0401,0.0801,137811.7598,137811.7598,67275.6932,3439781.5246,3439781.5246,,,3.282
600150,中国船舶,船舶,上海,19980520,600150.SH,20160705,24.0,26.05,23.92,25.03,24.04,0.99,4.12,654326.29,1644508.202,4.748,9.726,2.72,557.7132,649.8074,1.9525,1.2424,1.2835,0.04,0.0799,137811.7598,137811.7598,67275.6932,3449428.3478,3449428.3478,,,3.282
600150,中国船舶,船舶,上海,19980520,600150.SH,20160704,22.57,24.1,22.32,24.04,22.58,1.46,6.47,439232.13,1035374.97,3.1872,6.5288,2.44,535.6543,624.1059,1.8753,1.1933,1.2328,0.0416,0.0832,137811.7598,137811.7598,67275.6932,3312994.7056,3312994.7056,,,3.282
600150,中国船舶,船舶,上海,19980520,600150.SH,20160701,22.33,22.73,22.25,22.58,22.26,0.32,1.44,206206.53,464887.646,1.4963,3.0651,1.23,503.1228,586.2026,1.7614,1.1208,1.1579,0.0443,0.0886,137811.7598,137811.7598,67275.6932,3111789.5363,3111789.5363,,,3.282
600150,中国船舶,船舶,上海,19980520,600150.SH,20160630,22.41,22.43,22.08,22.26,22.33,-0.07,-0.31,123451.97,274133.398,0.8958,1.835,0.73,495.9927,577.895,1.7364,1.1049,1.1415,0.0449,0.0898,137811.7598,137811.7598,67275.6932,3067689.7731,3067689.7731,,,3.282
600150,中国船舶,船舶,上海,19980520,600150.SH,20160629,22.36,22.85,22.21,22.33,22.22,0.11,0.5,233732.66,527253.208,1.696,3.4743,1.68,497.5524,579.7123,1.7419,1.1084,1.1451,0.0448,0.0896,137811.7598,137811.7598,67275.6932,3077336.5963,3077336.5963,,,3.282
600150,中国船舶,船舶,上海,19980520,600150.SH,20160628,21.68,22.57,21.56,22.22,21.71,0.51,2.35,201754.77,445117.884,1.464,2.9989,1.58,495.1014,576.8566,1.7333,1.1029,1.1394,0.045,0.09,137811.7598,137811.7598,67275.6932,3062177.3028,3062177.3028,,,3.282
600150,中国船舶,船舶,上海,19980520,600150.SH,20160627,21.08,21.73,21.07,21.71,21.23,0.48,2.26,135293.18,292127.902,0.9817,2.011,1.1,483.7377,563.6164,1.6935,1.0776,1.1133,0.0461,0.0921,137811.7598,137811.7598,67275.6932,2991893.3053,2991893.3053,,,3.282
600150,中国船舶,船舶,上海,19980520,600150.SH,20160624,21.62,21.75,20.71,21.23,21.64,-0.41,-1.89,145025.77,308466.164,1.0523,2.1557,1.25,473.0424,551.1551,1.6561,1.0538,1.0887,0.0471,0.0942,137811.7598,137811.7598,67275.6932,2925743.6606,2925743.6606,,,3.282
600150,中国船舶,船舶,上海,19980520,600150.SH,20160623,21.62,21.8,21.35,21.64,21.62,0.02,0.09,124298.98,268300.394,0.9019,1.8476,1.11,482.178,561.7991,1.6881,1.0741,1.1097,0.0462,0.0924,137811.7598,137811.7598,67275.6932,2982246.4821,2982246.4821,,,3.282
600150,中国船舶,船舶,上海,19980520,600150.SH,20160622,21.35,21.63,21.3,21.62,21.39,0.23,1.08,87696.42,188342.836,0.6363,1.3035,0.74,481.7323,561.2799,1.6865,1.0732,1.1087,0.0463,0.0925,137811.7598,137811.7598,67275.6932,2979490.2469,2979490.2469,,,3.282
600150,中国船舶,船舶,上海,19980520,600150.SH,20160621,21.62,21.82,21.3,21.39,21.5,-0.11,-0.51,144780.41,311952.397,1.0506,2.152,1.29,476.6075,555.3088,1.6686,1.0617,1.0969,0.0468,0.0935,137811.7598,137811.7598,67275.6932,2947793.5421,2947793.5421,,,3.282
600150,中国船舶,船舶,上海,19980520,600150.SH,20160620,21.76,21.84,21.44,21.5,21.73,-0.23,-1.06,111565.75,240312.466,0.8096,1.6583,0.87,479.0585,558.1646,1.6771,1.0672,1.1025,0.0465,0.093,137811.7598,137811.7598,67275.6932,2962952.8357,2962952.8357,,,3.282
600150,中国船舶,船舶,上海,19980520,600150.SH,20160617,21.8,22.06,21.67,21.73,21.73,0.0,0.0,112033.16,244808.136,0.8129,1.6653,0.81,484.1833,564.1356,1.6951,1.0786,1.1143,0.046,0.092,137811.7598,137811.7598,67275.6932,2994649.5405,2994649.5405,,,3.282
600150,中国船舶,船舶,上海,19980520,600150.SH,20160616,21.84,21.94,21.6,21.73,21.99,-0.26,-1.18,104029.18,226320.434,0.7549,1.6543,0.75,484.1833,564.1356,1.6951,1.0786,1.1143,0.046,0.092,137811.7598,137811.7598,62883.6932,2994649.5405,2994649.5405,,,3.282
600150,中国船舶,船舶,上海,19980520,600150.SH,20160615,21.34,22.11,21.28,21.99,21.55,0.44,2.04,123410.25,269475.392,0.8955,1.9625,0.94,489.9766,570.8855,1.7154,1.0915,1.1277,0.0455,0.091,137811.7598,137811.7598,62883.6932,3030480.598,3030480.598,,,3.282
600150,中国船舶,船舶,上海,19980520,600150.SH,20160614,21.43,21.67,21.3,21.55,21.66,-0.11,-0.51,110613.56,237530.765,0.8026,1.759,0.84,480.1726,559.4626,1.681,1.0697,1.1051,0.0464,0.0928,137811.7598,137811.7598,62883.6932,2969843.4237,2969843.4237,,,3.282
600150,中国船舶,船舶,上海,19980520,600150.SH,20160613,22.36,22.82,21.61,21.66,22.69,-1.03,-4.54,190660.12,425779.078,1.3835,3.0319,1.67,482.6236,562.3184,1.6896,1.0751,1.1107,0.0462,0.0923,137811.7598,137811.7598,62883.6932,2985002.7173,2985002.7173,,,3.282
600150,中国船舶,船舶,上海,19980520,600150.SH,20160608,22.32,22.73,22.02,22.69,22.29,0.4,1.79,162062.25,363313.492,1.176,2.5772,1.52,505.5738,589.0583,1.77,1.1263,1.1635,0.0441,0.0881,137811.7598,137811.7598,62883.6932,3126948.8299,3126948.8299,,,3.282
600150,中国船舶,船舶,上海,19980520,600150.SH,20160607,22.45,22.54,22.2,22.29,22.49,-0.2,-0.89,102496.51,228453.021,0.7437,1.6299,0.86,496.6611,578.6739,1.7388,1.1064,1.143,0.0449,0.0897,137811.7598,137811.7598,62883.6932,3071824.1259,3071824.1259,,,3.282
600150,中国船舶,船舶,上海,19980520,600150.SH,20160606,22.72,22.84,22.34,22.49,22.66,-0.17,-0.75,88135.08,199347.157,0.6395,1.4016,0.79,501.1175,583.8661,1.7544,1.1163,1.1533,0.0445,0.0889,137811.7598,137811.7598,62883.6932,3099386.4779,3099386.4779,,,3.282
600150,中国船舶,船舶,上海,19980520,600150.SH,20160603,22.72,22.88,22.58,22.68,22.66,0.02,0.09,112077.36,254594.495,0.8133,1.7823,1.09,505.351,588.7987,1.7664,1.1258,1.163,0.0441,,137811.7598,137811.7598,62883.6932,3125570.7123,3125570.7123,,,3.282
600150,中国船舶,船舶,上海,19980520,600150.SH,20160602,22.59,22.69,22.35,22.66,22.66,0.0,0.0,104886.51,236427.458,0.7611,1.6679,1.09,504.9054,588.2795,1.7649,1.1248,1.162,0.0441,,137811.7598,137811.7598,62883.6932,3122814.4771,3122814.4771,,,3.282
600150,中国船舶,船舶,上海,19980520,600150.SH,20160601,22.7,22.95,22.56,22.66,22.64,0.02,0.09,126627.52,288001.056,0.9188,2.0137,1.56,504.9054,588.2795,1.7649,1.1248,1.162,0.0441,,137811.7598,137811.7598,62883.6932,3122814.4771,3122814.4771,,,3.282
600150,中国船舶,船舶,上海,19980520,600150.SH,20160531,21.7,22.66,21.69,22.64,21.72,0.92,4.24,162457.19,363260.076,1.1788,2.5835,2.74,504.4598,587.7603,1.7633,1.1238,1.161,0.0442,,137811.7598,137811.7598,62883.6932,3120058.2419,3120058.2419,,,3.282
600150,中国船舶,船舶,上海,19980520,600150.SH,20160530,21.93,21.93,21.5,21.72,21.9,-0.18,-0.82,50539.22,109793.711,0.3667,0.8037,0.77,483.9605,563.876,1.6917,1.0781,1.1138,0.046,,137811.7598,137811.7598,62883.6932,2993271.4229,2993271.4229,,,3.282
600150,中国船舶,船舶,上海,19980520,600150.SH,20160527,21.7,22.15,21.63,21.9,21.77,0.13,0.6,68488.47,150011.376,0.497,1.0891,1.03,487.9712,568.549,1.7057,1.0871,1.123,0.0457,0.0457,137811.7598,137811.7598,62883.6932,3018077.5396,3018077.5396,,,3.282
600150,中国船舶,船舶,上海,19980520,600150.SH,20160526,21.77,21.95,21.28,21.77,21.76,0.01,0.05,71420.72,154037.337,0.5182,1.1358,1.12,485.0746,565.1741,1.6956,1.0806,1.1164,0.0459,0.0459,137811.7598,137811.7598,62883.6932,3000162.0108,3000162.0108,,,3.282
600150,中国船舶,船舶,上海,19980520,600150.SH,20160525,22.11,22.2,21.76,21.76,21.88,-0.12,-0.55,53873.85,118420.681,0.3909,0.8567,0.76,484.8518,564.9145,1.6948,1.0801,1.1159,0.046,0.046,137811.7598,137811.7598,62883.6932,2998783.8932,2998783.8932,,,3.282
600150,中国船舶,船舶,上海,19980520,600150.SH,20160524,22.12,22.18,21.79,21.88,22.25,-0.37,-1.66,52351.06,114784.688,0.3799,0.8325,0.71,487.5256,568.0298,1.7041,1.0861,1.122,0.0457,0.0457,137811.7598,137811.7598,62883.6932,3015321.3044,3015321.3044,,,3.282
600150,中国船舶,船舶,上海,19980520,600150.SH,20160523,22.0,22.48,21.99,22.25,21.92,0.33,1.51,81568.35,181406.093,0.5919,1.2971,1.09,495.7699,577.6354,1.7329,1.1044,1.141,0.0449,0.0449,137811.7598,137811.7598,62883.6932,3066311.6556,3066311.6556,,,3.282
600150,中国船舶,船舶,上海,19980520,600150.SH,20160520,21.36,22.18,21.3,21.92,21.63,0.29,1.34,74041.31,161243.892,0.5373,1.1774,1.03,488.4169,569.0682,1.7072,1.088,1.1241,0.0456,0.0456,137811.7598,137811.7598,62883.6932,3020833.7748,3020833.7748,,,3.282
600150,中国船舶,船舶,上海,19980520,600150.SH,20160519,21.6,21.88,21.54,21.63,21.58,0.05,0.23,58354.78,126744.375,0.4234,0.928,0.78,481.9551,561.5395,1.6846,1.0737,1.1092,0.0462,0.0462,137811.7598,137811.7598,62883.6932,2980868.3645,2980868.3645,,,3.282
600150,中国船舶,船舶,上海,19980520,600150.SH,20160518,22.2,22.2,21.34,21.58,22.22,-0.64,-2.88,86494.93,187523.978,0.6276,1.3755,1.21,480.8411,560.2415,1.6808,1.0712,1.1066,0.0463,0.0463,137811.7598,137811.7598,62883.6932,2973977.7765,2973977.7765,,,3.282
600150,中国船舶,船舶,上海,19980520,600150.SH,20160517,22.44,22.44,22.1,22.22,22.34,-0.12,-0.54,67209.76,149731.997,0.4877,1.0688,0.89,495.1014,576.8566,1.7306,1.1029,1.1394,0.045,0.045,137811.7598,137811.7598,62883.6932,3062177.3028,3062177.3028,,,3.282
600150,中国船舶,船舶,上海,19980520,600150.SH,20160516,21.89,22.45,21.87,22.34,21.88,0.46,2.1,87063.97,193767.455,0.6318,1.3845,1.11,497.7752,579.9719,1.7399,1.1089,1.1456,0.0448,0.0448,137811.7598,137811.7598,62883.6932,3078714.7139,3078714.7139,,,3.282
600150,中国船舶,船舶,上海,19980520,600150.SH,20160513,21.93,22.24,21.7,21.88,21.94,-0.06,-0.27,60940.88,134220.556,0.4422,0.9691,0.66,487.5256,568.0298,1.7041,1.0861,1.122,0.0457,0.0457,137811.7598,137811.7598,62883.6932,3015321.3044,3015321.3044,,,3.282
600150,中国船舶,船舶,上海,19980520,600150.SH,20160512,21.7,21.99,21.32,21.94,21.84,0.1,0.46,71046.68,154153.506,0.5155,1.1298,0.72,488.8625,569.5875,1.7088,1.089,1.1251,0.0456,0.0456,137811.7598,137811.7598,62883.6932,3023590.01,3023590.01,,,3.282
600150,中国船舶,船舶,上海,19980520,600150.SH,20160511,22.26,22.3,21.53,21.84,22.02,-0.18,-0.82,71675.29,157438.963,0.5201,1.1398,0.68,486.6343,566.9914,1.701,1.0841,1.12,0.0458,0.0458,137811.7598,137811.7598,62883.6932,3009808.834,3009808.834,,,3.282
600150,中国船舶,船舶,上海,19980520,600150.SH,20160510,21.61,22.38,21.6,22.02,21.6,0.42,1.94,87782.73,192488.853,0.637,1.396,0.82,490.645,571.6644,1.715,1.093,1.1292,0.0454,0.0454,137811.7598,137811.7598,62883.6932,3034614.9508,3034614.9508,,,3.282
600150,中国船舶,船舶,上海,19980520,600150.SH,20160509,22.3,22.38,21.5,21.6,22.53,-0.93,-4.13,102230.33,223716.934,0.7418,1.6257,1.03,481.2867,560.7607,1.6823,1.0722,1.1077,0.0463,0.0463,137811.7598,137811.7598,62883.6932,2976734.0117,2976734.0117,,,3.282
600150,中国船舶,船舶,上海,19980520,600150.SH,20160506,23.52,23.65,22.51,22.53,23.59,-1.06,-4.49,129729.19,298475.683,0.9414,2.063,1.47,502.0088,584.9045,1.7547,1.1183,1.1553,0.0444,0.0444,137811.7598,137811.7598,62883.6932,3104898.9483,3104898.9483,,,3.282
600150,中国船舶,船舶,上海,19980520,600150.SH,20160505,23.32,23.7,23.24,23.59,23.44,0.15,0.64,98787.95,231855.752,0.7168,1.571,1.22,525.6275,612.4234,1.8373,1.1709,1.2097,0.0424,0.0424,137811.7598,137811.7598,62883.6932,3250979.4137,3250979.4137,25.77,21.09,3.282
600150,中国船舶,船舶,上海,19980520,600150.SH,20160504,23.33,23.8,23.16,23.44,23.34,0.1,0.43,111832.87,261816.616,0.8115,1.7784,1.58,522.2852,608.5292,1.8256,1.1635,1.202,0.0427,0.0427,137811.7598,137811.7598,62883.6932,3230307.6497,3230307.6497,,,3.282
600150,中国船舶,船舶,上海,19980520,600150.SH,20160503,22.8,23.37,22.7,23.34,22.71,0.63,2.77,94870.5,219369.63,0.6884,1.5087,1.41,520.057,605.9331,1.8178,1.1585,1.1969,0.0428,0.0428,137811.7598,137811.7598,62883.6932,3216526.4737,3216526.4737,,,3.282
600150,中国船舶,船舶,上海,19980520,600150.SH,20160429,22.65,22.92,22.52,22.71,22.71,0.0,0.0,59312.49,135201.959,0.4304,0.9432,0.78,506.0195,506.0195,1.7834,1.1273,1.1273,0.044,0.044,137811.7598,137811.7598,62883.6932,3129705.0651,3129705.0651,,,3.282
600150,中国船舶,船舶,上海,19980520,600150.SH,20160428,23.04,23.06,22.4,22.71,22.95,-0.24,-1.05,76631.43,173968.92,0.5561,1.2186,0.91,506.0195,506.0195,1.7834,1.1273,1.1273,0.044,0.044,137811.7598,137811.7598,62883.6932,3129705.0651,3129705.0651,,,3.282
600150,中国船舶,船舶,上海,19980520,600150.SH,20160427,23.21,23.28,22.88,22.95,23.19,-0.24,-1.03,63111.6,145505.813,0.458,1.0036,0.57,511.3671,511.3671,1.8022,1.1392,1.1392,0.0436,0.0436,137811.7598,137811.7598,62883.6932,3162779.8874,3162779.8874,,,3.282
600150,中国船舶,船舶,上海,19980520,600150.SH,20160426,22.99,23.28,22.89,23.19,22.96,0.23,1.0,59406.66,137159.351,0.4311,0.9447,0.52,516.7147,516.7147,1.8211,1.1511,1.1511,0.0431,0.0431,137811.7598,137811.7598,62883.6932,3195854.7098,3195854.7098,,,3.282
600150,中国船舶,船舶,上海,19980520,600150.SH,20160425,23.35,23.35,22.74,22.96,23.39,-0.43,-1.84,78124.35,179188.378,0.5669,1.2424,0.61,511.5899,511.5899,1.803,1.1397,1.1397,0.0436,0.0436,137811.7598,137811.7598,62883.6932,3164158.005,3164158.005,,,3.282
600150,中国船舶,船舶,上海,19980520,600150.SH,20160422,22.93,23.6,22.82,23.39,23.03,0.36,1.56,103734.83,242177.357,0.7527,1.6496,0.73,521.1711,521.1711,1.8368,1.161,1.161,0.0428,0.0428,137811.7598,137811.7598,62883.6932,3223417.0617,3223417.0617,,,3.282
600150,中国船舶,船舶,上海,19980520,600150.SH,20160421,23.38,23.47,22.91,23.03,23.38,-0.35,-1.5,115860.41,269592.254,0.8407,1.8425,0.76,513.1497,513.1497,1.8085,1.1431,1.1431,0.0434,0.0434,137811.7598,137811.7598,62883.6932,3173804.8282,3173804.8282,,,3.282
600150,中国船舶,船舶,上海,19980520,600150.SH,20160420,24.88,24.95,22.66,23.38,24.75,-1.37,-5.54,196396.26,467268.739,1.4251,3.1232,1.29,520.9483,520.9483,1.836,1.1605,1.1605,0.0428,0.0428,137811.7598,137811.7598,62883.6932,3222038.9441,3222038.9441,,,3.282
600150,中国船舶,船舶,上海,19980520,600150.SH,20160419,24.81,24.98,24.58,24.75,24.69,0.06,0.24,79218.53,196187.639,0.5748,1.2598,0.51,551.4743,551.4743,1.9436,1.2285,1.2285,0.0404,0.0404,137811.7598,137811.7598,62883.6932,3410841.0551,3410841.0551,,,3.282
600150,中国船舶,船舶,上海,19980520,600150.SH,20160418,25.3,25.3,24.59,24.69,25.58,-0.89,-3.48,146410.49,362898.024,1.0624,2.3283,1.0,550.1374,550.1374,1.9388,1.2255,1.2255,0.0405,0.0405,137811.7598,137811.7598,62883.6932,3402572.3495,3402572.3495,,,3.282
600150,中国船舶,船舶,上海,19980520,600150.SH,20160415,25.5,26.02,25.33,25.58,25.5,0.08,0.31,175011.4,449446.228,1.2699,2.7831,1.27,797.758,462.4296,1.9957,1.2446,1.1966,0.0391,0.0391,137811.7598,137811.7598,62883.6932,3525224.8157,3525224.8157,,,3.282
600150,中国船舶,船舶,上海,19980520,600150.SH,20160414,25.83,26.12,25.23,25.5,25.31,0.19,0.75,166033.14,424279.199,1.2048,2.6403,1.23,795.2631,460.9834,1.9895,1.2407,1.1929,0.0392,0.0392,137811.7598,137811.7598,62883.6932,3514199.8749,3514199.8749,,,3.282
600150,中国船舶,船舶,上海,19980520,600150.SH,20160413,24.82,25.48,24.8,25.31,24.66,0.65,2.64,196223.92,495693.726,1.4239,3.1204,1.52,789.3376,457.5486,1.9746,1.2315,1.184,0.0395,0.0395,137811.7598,137811.7598,62883.6932,3488015.6405,3488015.6405,,,3.282
600150,中国船舶,船舶,上海,19980520,600150.SH,20160412,24.91,24.98,24.45,24.66,24.91,-0.25,-1.0,89154.69,219638.524,0.6469,1.4178,0.57,769.0662,445.798,1.9239,1.1999,1.1536,0.0406,0.0406,137811.7598,137811.7598,62883.6932,3398437.9967,3398437.9967,,,3.282
600150,中国船舶,船舶,上海,19980520,600150.SH,20160411,24.7,25.17,24.67,24.91,24.49,0.42,1.72,107989.11,269528.61,0.7836,1.7173,0.67,776.8629,450.3175,1.9434,1.212,1.1653,0.0401,0.0401,137811.7598,137811.7598,62883.6932,3432890.9366,3432890.9366,,,3.282
600150,中国船舶,船舶,上海,19980520,600150.SH,20160408,24.7,24.85,24.25,24.49,24.98,-0.49,-1.96,128724.93,315362.035,0.9341,2.047,0.72,763.7644,442.7248,1.9107,1.1916,1.1456,0.0408,0.0408,137811.7598,137811.7598,62883.6932,3375009.9975,3375009.9975,,,3.282
600150,中国船舶,船舶,上海,19980520,600150.SH,20160407,25.75,25.87,24.93,24.98,25.63,-0.65,-2.54,152463.04,385845.361,1.1063,2.4245,0.87,779.0459,451.5829,1.9489,1.2154,1.1685,0.04,0.04,137811.7598,137811.7598,62883.6932,3442537.7598,3442537.7598,,,3.282
600150,中国船舶,船舶,上海,19980520,600150.SH,20160406,25.58,25.96,25.23,25.63,25.82,-0.19,-0.74,167063.82,427692.021,1.2123,2.6567,0.99,799.3174,463.3335,1.9996,1.2471,1.1989,0.039,0.039,137811.7598,137811.7598,62883.6932,3532115.4037,3532115.4037,,,3.282
600150,中国船舶,船舶,上海,19980520,600150.SH,20160405,25.25,25.92,25.1,25.82,24.93,0.89,3.57,229285.49,586429.349,1.6638,3.6462,1.48,805.2428,466.7683,2.0144,1.2563,1.2078,0.0387,0.0387,137811.7598,137811.7598,62883.6932,3558299.638,3558299.638,,,3.282
600150,中国船舶,船舶,上海,19980520,600150.SH,20160401,24.96,25.18,24.41,24.93,25.12,-0.19,-0.76,128226.53,318200.935,0.9304,2.0391,0.82,777.4866,450.679,1.945,1.213,1.1662,0.0401,0.0401,137811.7598,137811.7598,62883.6932,3435647.1718,3435647.1718,,,3.282
600150,中国船舶,船舶,上海,19980520,600150.SH,20160331,25.02,25.67,24.7,25.12,24.87,0.25,1.01,216170.37,544691.888,1.5686,3.4376,1.3,783.4121,454.1138,1.9598,1.2222,1.1751,0.0398,0.0398,137811.7598,137811.7598,62883.6932,3461831.4062,3461831.4062,,,3.282
600150,中国船舶,船舶,上海,19980520,600150.SH,20160330,24.22,24.94,24.2,24.87,24.02,0.85,3.54,136254.37,334304.4,0.9887,2.1668,0.71,775.6154,449.5944,1.9403,1.2101,1.1634,0.0402,0.0402,137811.7598,137811.7598,62883.6932,3427378.4662,3427378.4662,,,3.282
600150,中国船舶,船舶,上海,19980520,600150.SH,20160329,24.74,24.83,23.82,24.02,24.69,-0.67,-2.71,135462.98,327989.959,0.983,2.1542,0.52,749.1066,434.2283,1.874,1.1687,1.1236,0.0416,0.0416,137811.7598,137811.7598,62883.6932,3310238.4704,3310238.4704,25.95,21.23,3.282
600150,中国船舶,船舶,上海,19980520,600150.SH,20160328,25.16,25.62,24.5,24.69,25.0,-0.31,-1.24,160079.19,402964.894,1.1616,2.5456,0.55,770.0018,446.3404,1.9263,1.2013,1.155,0.0405,0.0405,137811.7598,137811.7598,62883.6932,3402572.3495,3402572.3495,,,3.282
600150,中国船舶,船舶,上海,19980520,600150.SH,20160325,24.82,25.23,24.62,25.0,24.98,0.02,0.08,136091.82,338744.235,0.9875,2.1642,0.42,779.6697,451.9445,1.9505,1.2164,1.1695,0.04,0.04,137811.7598,137811.7598,62883.6932,3445293.995,3445293.995,26.27,21.49,3.282
600150,中国船舶,船舶,上海,19980520,600150.SH,20160324,25.47,26.2,24.95,24.98,25.62,-0.64,-2.5,264395.04,674201.77,1.9185,4.2045,0.84,779.0459,451.5829,1.9489,1.2154,1.1685,0.04,0.04,137811.7598,137811.7598,62883.6932,3442537.7598,3442537.7598,,,3.282
600150,中国船舶,船舶,上海,19980520,600150.SH,20160323,25.8,25.9,25.17,25.62,26.17,-0.55,-2.1,258277.77,659162.885,1.8741,4.1072,0.9,799.0055,463.1527,1.9988,1.2466,1.1985,0.039,0.039,137811.7598,137811.7598,62883.6932,3530737.2861,3530737.2861,,,3.282
600150,中国船舶,船舶,上海,19980520,600150.SH,20160322,25.13,26.83,25.02,26.17,25.48,0.69,2.71,482819.15,1254772.777,3.5035,7.678,2.15,816.1582,473.0955,2.0417,1.2733,1.2242,0.0382,0.0382,137811.7598,137811.7598,62883.6932,3606533.754,3606533.754,,,3.282
600150,中国船舶,船舶,上海,19980520,600150.SH,20160321,25.11,25.57,24.91,25.48,24.89,0.59,2.37,313813.44,791658.447,2.2771,4.9904,1.66,794.6393,460.6218,1.9879,1.2398,1.1919,0.0392,0.0392,137811.7598,137811.7598,62883.6932,3511443.6397,3511443.6397,,,3.282
600150,中国船舶,船舶,上海,19980520,600150.SH,20160318,24.08,24.98,24.04,24.89,24.16,0.73,3.02,297519.06,732608.378,2.1589,4.7313,2.02,776.2391,449.9559,1.9419,1.211,1.1643,0.0402,0.0402,137811.7598,137811.7598,62883.6932,3430134.7014,3430134.7014,,,3.282
600150,中国船舶,船舶,上海,19980520,600150.SH,20160317,23.35,24.28,23.34,24.16,23.21,0.95,4.09,212349.79,507734.67,1.5409,3.3769,1.69,753.4728,436.7591,1.8849,1.1755,1.1302,0.0414,0.0414,137811.7598,137811.7598,62883.6932,3329532.1168,3329532.1168,24.37,19.94,3.282
600150,中国船舶,船舶,上海,19980520,600150.SH,20160316,23.7,24.06,23.05,23.21,23.9,-0.69,-2.89,133792.18,314668.969,0.9708,2.1276,1.06,723.8453,419.5853,1.8108,1.1293,1.0857,0.0431,0.0431,137811.7598,137811.7598,62883.6932,3198610.945,3198610.945,,,3.282
600150,中国船舶,船舶,上海,19980520,600150.SH,20160315,23.48,24.0,23.17,23.9,23.48,0.42,1.79,164336.66,388611.699,1.1925,2.6133,1.24,745.3642,432.0589,1.8646,1.1629,1.118,0.0418,0.0418,137811.7598,137811.7598,62883.6932,3293701.0592,3293701.0592,,,3.282
600150,中国船舶,船舶,上海,19980520,600150.SH,20160314,23.0,23.88,22.86,23.48,22.58,0.9,3.99,134755.63,316237.762,0.9778,2.1429,0.88,732.2658,424.4663,1.8319,1.1424,1.0984,0.0426,0.0426,137811.7598,137811.7598,62883.6932,3235820.1201,3235820.1201,,,3.282
600150,中国船舶,船舶,上海,19980520,600150.SH,20160311,22.52,22.98,22.21,22.58,22.74,-0.16,-0.7,91934.18,207909.383,0.6671,1.462,0.46,704.1977,408.1963,1.7616,1.0987,1.0563,0.0443,0.0443,137811.7598,137811.7598,62883.6932,3111789.5363,3111789.5363,,,3.282
600150,中国船舶,船舶,上海,19980520,600150.SH,20160310,23.33,23.68,22.68,22.74,23.32,-0.58,-2.49,103135.13,239369.794,0.7484,1.6401,0.46,709.1875,411.0887,1.7741,1.1064,1.0637,0.044,0.044,137811.7598,137811.7598,62883.6932,3133839.4179,3133839.4179,,,3.282
600150,中国船舶,船舶,上海,19980520,600150.SH,20160309,23.3,23.93,23.15,23.32,24.08,-0.76,-3.16,137285.41,322405.31,0.9962,2.1832,0.58,727.2759,421.5738,1.8194,1.1347,1.0909,0.0429,0.0429,137811.7598,137811.7598,62883.6932,3213770.2385,3213770.2385,,,3.282
600150,中国船舶,船舶,上海,19980520,600150.SH,20160308,24.1,24.3,23.06,24.08,24.54,-0.46,-1.87,194793.14,461023.611,1.4135,3.0977,0.86,750.9778,435.3129,1.8787,1.1716,1.1264,0.0415,0.0415,137811.7598,137811.7598,62883.6932,3318507.176,3318507.176,,,3.282
600150,中国船舶,船舶,上海,19980520,600150.SH,20160307,24.09,24.99,23.91,24.54,23.91,0.63,2.63,234352.08,571831.494,1.7005,3.7268,1.12,765.3238,443.6287,1.9146,1.194,1.1479,0.0407,0.0407,137811.7598,137811.7598,62883.6932,3381900.5855,3381900.5855,,,3.282
600150,中国船舶,船舶,上海,19980520,600150.SH,20160304,23.3,24.88,23.17,23.91,23.3,0.61,2.62,331683.86,800709.797,2.4068,5.2746,1.95,745.6761,432.2397,1.8654,1.1634,1.1185,0.0418,0.0418,137811.7598,137811.7598,62883.6932,3295079.1768,3295079.1768,,,3.282
600150,中国船舶,船舶,上海,19980520,600150.SH,20160303,22.99,24.0,22.99,23.3,22.97,0.33,1.44,231399.4,543785.214,1.6791,3.6798,1.33,726.6521,421.2123,1.8178,1.1337,1.0899,0.0429,0.0429,137811.7598,137811.7598,62883.6932,3211014.0033,3211014.0033,,,3.282
600150,中国船舶,船舶,上海,19980520,600150.SH,20160302,21.55,23.04,21.4,22.97,21.55,1.42,6.59,195146.44,437630.286,1.416,3.1033,1.07,716.3605,415.2466,1.7921,1.1176,1.0745,0.0435,0.0435,137811.7598,137811.7598,62883.6932,3165536.1226,3165536.1226,,,3.282
600150,中国船舶,船舶,上海,19980520,600150.SH,20160301,21.03,21.77,20.91,21.55,20.98,0.57,2.72,137784.26,294816.009,0.9998,2.1911,0.75,672.0753,389.5761,1.6813,1.0485,1.0081,0.0464,0.0464,137811.7598,137811.7598,62883.6932,2969843.4237,2969843.4237,,,3.282
600150,中国船舶,船舶,上海,19980520,600150.SH,20160229,22.45,22.45,20.55,20.98,22.43,-1.45,-6.46,152531.04,321209.702,1.1068,2.4256,0.8,654.2988,379.2718,1.6368,1.0208,0.9814,0.0477,0.0477,137811.7598,137811.7598,62883.6932,2891290.7206,2891290.7206,,,3.282
600150,中国船舶,船舶,上海,19980520,600150.SH,20160226,22.51,22.98,21.9,22.43,22.45,-0.02,-0.09,132984.62,299182.576,0.965,2.1148,0.67,699.5196,405.4846,1.7499,1.0914,1.0492,0.0446,0.0446,137811.7598,137811.7598,62883.6932,3091117.7723,3091117.7723,,,3.282
600150,中国船舶,船舶,上海,19980520,600150.SH,20160225,25.0,25.0,22.45,22.45,24.94,-2.49,-9.98,253210.79,596637.384,1.8374,4.0267,1.36,700.1434,405.8461,1.7515,1.0923,1.0502,0.0445,0.0445,137811.7598,137811.7598,62883.6932,3093874.0075,3093874.0075,,,3.282
600150,中国船舶,船舶,上海,19980520,600150.SH,20160224,24.0,25.18,23.95,24.94,24.22,0.72,2.97,231905.87,571089.883,1.6828,3.6879,1.15,777.7985,450.8598,1.9458,1.2135,1.1667,0.0401,0.0401,137811.7598,137811.7598,62883.6932,3437025.2894,3437025.2894,,,3.282
600150,中国船舶,船舶,上海,19980520,600150.SH,20160223,24.68,24.8,23.72,24.22,24.59,-0.37,-1.5,147687.9,358197.167,1.0717,2.3486,0.67,755.344,437.8438,1.8896,1.1784,1.133,0.0413,0.0413,137811.7598,137811.7598,62883.6932,3337800.8224,3337800.8224,,,3.282
600150,中国船舶,船舶,上海,19980520,600150.SH,20160222,24.55,24.94,24.28,24.59,24.2,0.39,1.61,186659.67,458680.45,1.3545,2.9683,0.88,766.8831,444.5326,1.9185,1.1965,1.1503,0.0407,0.0407,137811.7598,137811.7598,62883.6932,3388791.1735,3388791.1735,,,3.282
600150,中国船舶,船舶,上海,19980520,600150.SH,20160219,24.16,24.75,24.0,24.2,24.01,0.19,0.79,167178.06,405610.625,1.2131,2.6585,0.75,754.7203,437.4823,1.888,1.1775,1.132,0.0413,0.0413,137811.7598,137811.7598,62883.6932,3335044.5872,3335044.5872,,,3.282
600150,中国船舶,船舶,上海,19980520,600150.SH,20160218,24.51,24.63,23.94,24.01,24.4,-0.39,-1.6,198035.53,478531.326,1.437,3.1492,0.93,748.7948,434.0475,1.8732,1.1682,1.1232,0.0416,0.0416,137811.7598,137811.7598,62883.6932,3308860.3528,3308860.3528,,,3.282
600150,中国船舶,船舶,上海,19980520,600150.SH,20160217,24.0,25.09,23.86,24.4,24.19,0.21,0.87,305184.34,750286.512,2.2145,4.8532,1.74,760.9576,441.0978,1.9036,1.1872,1.1414,0.041,0.041,137811.7598,137811.7598,62883.6932,3362606.9391,3362606.9391,,,3.282
600150,中国船舶,船舶,上海,19980520,600150.SH,20160216,23.05,24.45,22.88,24.19,22.74,1.45,6.38,247673.7,585743.008,1.7972,3.9386,1.59,754.4084,437.3015,1.8873,1.177,1.1316,0.0413,0.0413,137811.7598,137811.7598,62883.6932,3333666.4696,3333666.4696,,,3.282
600150,中国船舶,船舶,上海,19980520,600150.SH,20160215,22.1,23.0,21.91,22.74,22.9,-0.16,-0.7,141529.52,318808.449,1.027,2.2507,0.88,709.1875,411.0887,1.7741,1.1064,1.0637,0.044,0.044,137811.7598,137811.7598,62883.6932,3133839.4179,3133839.4179,,,3.282
600150,中国船舶,船舶,上海,19980520,600150.SH,20160205,22.5,23.64,22.43,22.9,22.57,0.33,1.46,217802.37,503403.829,1.5804,3.4636,1.45,714.1774,413.9811,1.7866,1.1142,1.0712,0.0437,0.0437,137811.7598,137811.7598,62883.6932,3155889.2994,3155889.2994,,,3.282
600150,中国船舶,船舶,上海,19980520,600150.SH,20160204,22.3,23.02,22.05,22.57,22.1,0.47,2.13,153937.69,348015.134,1.117,2.448,0.97,703.8858,408.0155,1.7609,1.0982,1.0558,0.0443,0.0443,137811.7598,137811.7598,62883.6932,3110411.4187,3110411.4187,,,3.282
600150,中国船舶,船舶,上海,19980520,600150.SH,20160203,21.65,22.18,21.44,22.1,22.08,0.02,0.09,115510.8,251617.692,0.8382,1.8369,0.67,689.228,399.5189,1.7242,1.0753,1.0338,0.0452,0.0452,137811.7598,137811.7598,62883.6932,3045639.8916,3045639.8916,,,3.282
600150,中国船舶,船舶,上海,19980520,600150.SH,20160202,21.48,22.48,21.4,22.08,21.37,0.71,3.32,148364.37,326874.568,1.0766,2.3593,0.83,688.6043,399.1574,1.7226,1.0743,1.0329,0.0453,0.0453,137811.7598,137811.7598,62883.6932,3042883.6564,3042883.6564,,,3.282
600150,中国船舶,船舶,上海,19980520,600150.SH,20160201,22.2,22.65,20.22,21.37,22.45,-1.08,-4.81,166323.45,360398.755,1.2069,2.6449,1.02,666.4616,386.3221,1.6672,1.0398,0.9997,0.0468,0.0468,137811.7598,137811.7598,62883.6932,2945037.3069,2945037.3069,,,3.282
600150,中国船舶,船舶,上海,19980520,600150.SH,20160129,21.6,22.74,21.38,22.45,21.57,0.88,4.08,168278.88,371543.01,1.2211,2.676,1.12,700.1434,405.8461,1.7515,1.0923,1.0502,0.0445,0.0445,137811.7598,137811.7598,62883.6932,3093874.0075,3093874.0075,,,3.282
600150,中国船舶,船舶,上海,19980520,600150.SH,20160128,23.5,23.75,21.56,21.57,23.96,-2.39,-9.98,191691.49,432639.381,1.391,3.0483,1.28,672.699,389.9377,1.6828,1.0495,1.009,0.0464,0.0464,137811.7598,137811.7598,62883.6932,2972599.6589,2972599.6589,,,3.282
600150,中国船舶,船舶,上海,19980520,600150.SH,20160127,25.02,25.19,22.51,23.96,24.73,-0.77,-3.11,184585.69,436486.662,1.3394,2.9354,1.33,747.2354,433.1436,1.8693,1.1658,1.1208,0.0417,0.0417,137811.7598,137811.7598,62883.6932,3301969.7648,3301969.7648,,,3.282
600150,中国船舶,船舶,上海,19980520,600150.SH,20160126,27.07,27.65,24.73,24.73,27.48,-2.75,-10.01,179635.4,467182.586,1.3035,2.8566,1.35,771.2492,447.0635,1.9294,1.2033,1.1568,0.0404,0.0404,137811.7598,137811.7598,62883.6932,3408084.8199,3408084.8199,,,3.282
600150,中国船舶,船舶,上海,19980520,600150.SH,20160125,27.5,28.17,27.23,27.48,27.29,0.19,0.7,89132.88,246223.223,0.6468,1.4174,0.62,857.0129,496.7774,2.1439,1.3371,1.2855,0.0364,0.0364,137811.7598,137811.7598,62883.6932,3787067.1593,3787067.1593,,,3.282
600150,中国船舶,船舶,上海,19980520,600150.SH,20160122,27.16,27.65,26.5,27.29,27.03,0.26,0.96,108955.36,296135.213,0.7906,1.7326,0.71,851.0874,493.3426,2.1291,1.3278,1.2766,0.0366,0.0366,137811.7598,137811.7598,62883.6932,3760882.9249,3760882.9249,,,3.282
600150,中国船舶,船舶,上海,19980520,600150.SH,20160121,27.2,28.88,26.9,27.03,27.63,-0.6,-2.17,184471.76,515397.247,1.3386,2.9335,1.27,842.9789,488.6424,2.1088,1.3152,1.2644,0.037,0.037,137811.7598,137811.7598,62883.6932,3725051.8674,3725051.8674,,,3.282
600150,中国船舶,船舶,上海,19980520,600150.SH,20160120,28.0,28.35,27.48,27.63,28.17,-0.54,-1.92,129151.58,360502.179,0.9372,2.0538,0.89,861.6909,499.489,2.1556,1.3444,1.2925,0.0362,0.0362,137811.7598,137811.7598,62883.6932,3807738.9233,3807738.9233,,,3.282
600150,中国船舶,船舶,上海,19980520,600150.SH,20160119,27.2,28.5,26.89,28.17,27.3,0.87,3.19,151371.49,421565.153,1.0984,2.4072,1.03,878.5318,509.251,2.1978,1.3706,1.3177,0.0355,0.0355,137811.7598,137811.7598,62883.6932,3882157.2736,3882157.2736,,,3.282
600150,中国船舶,船舶,上海,19980520,600150.SH,20160118,26.5,27.85,26.03,27.3,27.27,0.03,0.11,142387.74,387730.875,1.0332,2.2643,0.9,851.3993,493.5234,2.1299,1.3283,1.2771,0.0366,0.0366,137811.7598,137811.7598,62883.6932,3762261.0425,3762261.0425,,,3.282
600150,中国船舶,船舶,上海,19980520,600150.SH,20160115,28.6,29.19,26.73,27.27,28.77,-1.5,-5.21,157500.55,444024.039,1.1429,2.5046,0.94,850.4637,492.981,2.1276,1.3269,1.2756,0.0367,0.0367,137811.7598,137811.7598,62883.6932,3758126.6897,3758126.6897,,,3.282
600150,中国船舶,船舶,上海,19980520,600150.SH,20160114,27.0,28.83,26.58,28.77,27.88,0.89,3.19,143538.02,398681.999,1.0416,2.2826,0.97,897.2439,520.0977,2.2446,1.3998,1.3458,0.0348,0.0348,137811.7598,137811.7598,62883.6932,3964844.3294,3964844.3294,,,3.282
600150,中国船舶,船舶,上海,19980520,600150.SH,20160113,29.18,29.47,27.81,27.88,29.18,-1.3,-4.46,127502.72,366304.097,0.9252,2.0276,0.8,869.4876,504.0085,2.1751,1.3565,1.3042,0.0359,0.0359,137811.7598,137811.7598,62883.6932,3842191.8632,3842191.8632,,,3.282
600150,中国船舶,船舶,上海,19980520,600150.SH,20160112,28.8,29.96,28.04,29.18,28.81,0.37,1.28,166084.16,479822.339,1.2052,2.6411,0.91,910.0305,527.5096,2.2766,1.4198,1.365,0.0343,0.0343,137811.7598,137811.7598,62883.6932,4021347.151,4021347.151,,,3.282
600150,中国船舶,船舶,上海,19980520,600150.SH,20160111,30.95,31.43,28.69,28.81,31.6,-2.79,-8.83,197014.18,591950.866,1.4296,3.133,1.04,898.4913,520.8208,2.2477,1.4018,1.3477,0.0347,0.0347,137811.7598,137811.7598,62883.6932,3970356.7998,3970356.7998,,,3.282
600150,中国船舶,船舶,上海,19980520,600150.SH,20160108,32.46,32.85,30.0,31.6,31.47,0.13,0.41,203660.3,647574.363,1.4778,3.2387,1.24,985.5025,571.2578,2.4654,1.5375,1.4782,0.0316,0.0316,137811.7598,137811.7598,62883.6932,4354851.6097,4354851.6097,,,3.282
600150,中国船舶,船舶,上海,19980520,600150.SH,20160107,33.7,33.78,31.35,31.47,34.33,-2.86,-8.33,43132.68,139697.738,0.313,0.6859,0.25,981.4482,568.9077,2.4552,1.5312,1.4721,0.0318,0.0318,137811.7598,137811.7598,62883.6932,4336936.0809,4336936.0809,,,3.282
600150,中国船舶,船舶,上海,19980520,600150.SH,20160106,34.3,34.45,33.45,34.33,34.17,0.16,0.47,183068.58,624739.929,1.3284,2.9112,1.19,1070.6424,620.6102,2.6784,1.6704,1.6059,0.0291,0.0291,137811.7598,137811.7598,62883.6932,4731077.7139,4731077.7139,,,3.282
600150,中国船舶,船舶,上海,19980520,600150.SH,20160105,31.0,34.34,30.6,34.17,32.21,1.96,6.09,284359.88,943371.762,2.0634,4.522,2.33,1065.6525,617.7177,2.6659,1.6626,1.5984,0.0293,0.0293,137811.7598,137811.7598,62883.6932,4709027.8324,4709027.8324,,,3.282
600150,中国船舶,船舶,上海,19980520,600150.SH,20160104,36.45,36.6,32.0,32.21,34.83,-2.62,-7.52,230603.46,820764.018,1.6733,3.6671,2.16,1004.5264,582.2853,2.513,1.5672,1.5067,0.031,0.031,137811.7598,137811.7598,62883.6932,4438916.7832,4438916.7832,,,3.282
600150,中国船舶,船舶,上海,19980520,600150.SH,20151231,35.05,35.4,34.81,34.83,35.31,-0.48,-1.36,82289.71,288776.353,0.5971,1.3086,0.73,1086.2358,629.6491,2.7174,1.6947,1.6293,0.0287,0.0287,137811.7598,137811.7598,62883.6932,4799983.5938,4799983.5938,,,3.282
600150,中国船舶,船舶,上海,19980520,600150.SH,20151230,35.22,35.57,34.8,35.31,35.05,0.26,0.74,88765.46,312355.61,0.6441,1.4116,0.72,1101.2055,638.3264,2.7548,1.718,1.6517,0.0283,0.0283,137811.7598,137811.7598,62883.6932,4866133.2385,4866133.2385,,,3.282
600150,中国船舶,船舶,上海,19980520,600150.SH,20151229,34.89,35.07,34.65,35.05,34.97,0.08,0.23,80026.97,279246.643,0.5807,1.2726,0.59,1093.0969,633.6262,2.7345,1.7054,1.6396,0.0285,0.0285,137811.7598,137811.7598,62883.6932,4830302.181,4830302.181,,,3.282
600150,中国船舶,船舶,上海,19980520,600150.SH,20151228,36.3,36.3,34.95,34.97,36.07,-1.1,-3.05,128008.55,454539.066,0.9289,2.0356,0.86,1090.6019,632.1799,2.7283,1.7015,1.6358,0.0286,0.0286,137811.7598,137811.7598,62883.6932,4819277.2402,4819277.2402,,,3.282
600150,中国船舶,船舶,上海,19980520,600150.SH,20151225,35.15,36.6,34.95,36.07,35.16,0.91,2.59,153484.14,548787.688,1.1137,2.4408,1.06,1124.9074,652.0655,2.8141,1.755,1.6873,0.0277,0.0277,137811.7598,137811.7598,62883.6932,4970870.176,4970870.176,,,3.282
600150,中国船舶,船舶,上海,19980520,600150.SH,20151224,36.0,36.06,34.65,35.16,35.95,-0.79,-2.2,117078.75,412483.243,0.8496,1.8618,0.78,1096.5274,635.6147,2.7431,1.7107,1.6447,0.0284,0.0284,137811.7598,137811.7598,62883.6932,4845461.4746,4845461.4746,,,3.282
600150,中国船舶,船舶,上海,19980520,600150.SH,20151223,36.37,36.6,35.88,35.95,36.37,-0.42,-1.15,134824.38,488551.261,0.9783,2.144,0.94,1121.165,649.8962,2.8047,1.7492,1.6817,0.0278,0.0278,137811.7598,137811.7598,62883.6932,4954332.7648,4954332.7648,,,3.282
600150,中国船舶,船舶,上海,19980520,600150.SH,20151222,36.46,36.55,35.83,36.37,36.46,-0.09,-0.25,139102.82,503378.974,1.0094,2.2121,0.98,1134.2635,657.4888,2.8375,1.7696,1.7013,0.0275,0.0275,137811.7598,137811.7598,62883.6932,5012213.7039,5012213.7039,,,3.282
600150,中国船舶,船舶,上海,19980520,600150.SH,20151221,35.73,36.99,35.6,36.46,35.56,0.9,2.53,198974.3,723541.694,1.4438,3.1642,1.48,1137.0703,659.1158,2.8445,1.774,1.7055,0.0274,0.0274,137811.7598,137811.7598,62883.6932,5024616.7623,5024616.7623,,,3.282
600150,中国船舶,船舶,上海,19980520,600150.SH,20151218,35.98,36.13,35.38,35.56,35.99,-0.43,-1.19,135253.11,483176.731,0.9814,2.1508,0.98,1109.0022,642.8458,2.7743,1.7302,1.6634,0.0281,0.0281,137811.7598,137811.7598,62883.6932,4900586.1785,4900586.1785,,,3.282
600150,中国船舶,船舶,上海,19980520,600150.SH,20151217,35.66,36.11,35.66,35.99,35.53,0.46,1.29,146010.44,524682.618,1.0595,2.3219,1.1,1122.4125,650.6193,2.8079,1.7511,1.6836,0.0278,0.0278,137811.7598,137811.7598,62883.6932,4959845.2352,4959845.2352,,,3.282
600150,中国船舶,船舶,上海,19980520,600150.SH,20151216,35.74,35.91,35.42,35.53,35.72,-0.19,-0.53,96142.74,343098.605,0.6976,1.5289,0.7,1108.0665,642.3035,2.772,1.7287,1.662,0.0281,0.0281,137811.7598,137811.7598,62883.6932,4896451.8257,4896451.8257,,,3.282
600150,中国船舶,船舶,上海,19980520,600150.SH,20151215,35.8,36.19,35.4,35.72,35.8,-0.08,-0.22,130792.41,467039.819,0.9491,2.0799,0.93,1113.992,645.7383,2.7868,1.738,1.6709,0.028,0.028,137811.7598,137811.7598,62883.6932,4922636.0601,4922636.0601,,,3.282
600150,中国船舶,船舶,上海,19980520,600150.SH,20151214,34.25,35.95,34.15,35.8,34.57,1.23,3.56,162694.92,573754.841,1.1806,2.5872,1.26,1116.487,647.1845,2.793,1.7419,1.6747,0.0279,0.0279,137811.7598,137811.7598,62883.6932,4933661.0008,4933661.0008,,,3.282
600150,中国船舶,船舶,上海,19980520,600150.SH,20151211,34.18,34.87,34.01,34.57,34.15,0.42,1.23,151577.0,523873.639,1.0999,2.4104,1.21,1078.1272,624.9488,2.6971,1.682,1.6171,0.0289,0.0289,137811.7598,137811.7598,62883.6932,4764152.5363,4764152.5363,,,3.282
600150,中国船舶,船舶,上海,19980520,600150.SH,20151210,34.87,35.15,34.02,34.15,34.87,-0.72,-2.06,124061.82,428542.115,0.9002,1.9729,0.95,1065.0288,617.3562,2.6643,1.6616,1.5975,0.0293,0.0293,137811.7598,137811.7598,62883.6932,4706271.5972,4706271.5972,,,3.282
600150,中国船舶,船舶,上海,19980520,600150.SH,20151209,34.59,35.2,34.42,34.87,34.6,0.27,0.78,114721.77,399541.808,0.8325,1.8243,0.8,1087.4833,630.3722,2.7205,1.6966,1.6312,0.0287,0.0287,137811.7598,137811.7598,62883.6932,4805496.0642,4805496.0642,,,3.282
600150,中国船舶,船舶,上海,19980520,600150.SH,20151208,35.75,35.9,34.59,34.6,35.97,-1.37,-3.81,152771.5,535585.46,1.1086,2.4294,1.06,1079.0628,625.4912,2.6994,1.6835,1.6185,0.0289,0.0289,137811.7598,137811.7598,62883.6932,4768286.8891,4768286.8891,,,3.282
600150,中国船舶,船舶,上海,19980520,600150.SH,20151207,36.1,36.32,35.62,35.97,36.11,-0.14,-0.39,102520.71,368727.465,0.7439,1.6303,0.57,1121.7887,650.2577,2.8063,1.7502,1.6826,0.0278,0.0278,137811.7598,137811.7598,62883.6932,4957089.0,4957089.0,,,3.282
600150,中国船舶,船舶,上海,19980520,600150.SH,20151204,36.58,36.7,35.9,36.11,36.79,-0.68,-1.85,134423.31,487425.017,0.9754,2.1376,0.61,1126.1549,652.7886,2.8172,1.757,1.6892,0.0277,0.0277,137811.7598,137811.7598,62883.6932,4976382.6464,4976382.6464,,,3.282
600150,中国船舶,船舶,上海,19980520,600150.SH,20151203,36.46,36.86,36.31,36.79,36.34,0.45,1.24,149100.54,545518.213,1.0819,2.3711,0.59,1147.3619,665.0815,2.8703,1.7901,1.721,0.0272,0.0272,137811.7598,137811.7598,62883.6932,5070094.643,5070094.643,,,3.282
600150,中国船舶,船舶,上海,19980520,600150.SH,20151202,36.0,36.39,35.2,36.34,36.0,0.34,0.94,179060.8,641895.52,1.2993,2.8475,0.7,1133.3278,656.9465,2.8352,1.7682,1.6999,0.0275,0.0275,137811.7598,137811.7598,62883.6932,5008079.3511,5008079.3511,,,3.282
600150,中国船舶,船舶,上海,19980520,600150.SH,20151201,35.81,36.38,35.26,36.0,35.72,0.28,0.78,154343.11,550973.647,1.12,2.4544,0.6,1122.7243,650.8001,2.8087,1.7516,1.684,0.0278,0.0278,137811.7598,137811.7598,62883.6932,4961223.3528,4961223.3528,,,3.282
600150,中国船舶,船舶,上海,19980520,600150.SH,20151130,36.6,37.35,34.04,35.72,37.02,-1.3,-3.51,279437.78,999328.96,2.0277,4.4437,1.17,1113.992,645.7383,2.7868,1.738,1.6709,0.028,0.028,137811.7598,137811.7598,62883.6932,4922636.0601,4922636.0601,,,3.282
600150,中国船舶,船舶,上海,19980520,600150.SH,20151127,39.8,40.2,36.4,37.02,39.52,-2.5,-6.33,341128.5,1327760.67,2.4753,5.4248,1.62,1154.5349,669.2394,2.8882,1.8012,1.7317,0.027,0.027,137811.7598,137811.7598,62883.6932,5101791.3478,5101791.3478,,,3.282
600150,中国船舶,船舶,上海,19980520,600150.SH,20151126,38.93,40.27,38.51,39.52,38.95,0.57,1.46,300266.31,1183329.979,2.1788,4.7749,1.63,1232.5018,714.4338,3.0833,1.9229,1.8487,0.0253,0.0253,137811.7598,137811.7598,62883.6932,5446320.7473,5446320.7473,,,3.282
600150,中国船舶,船舶,上海,19980520,600150.SH,20151125,39.02,39.38,38.6,38.95,38.49,0.46,1.2,204569.4,798108.684,1.4844,3.2531,1.13,1214.7254,704.1295,3.0388,1.8952,1.822,0.0257,0.0257,137811.7598,137811.7598,62883.6932,5367768.0442,5367768.0442,,,3.282
600150,中国船舶,船舶,上海,19980520,600150.SH,20151124,38.61,38.82,37.82,38.49,38.61,-0.12,-0.31,151127.79,577379.886,1.0966,2.4033,0.71,1200.3794,695.8137,3.0029,1.8728,1.8005,0.026,0.026,137811.7598,137811.7598,62883.6932,5304374.6347,5304374.6347,,,3.282
600150,中国船舶,船舶,上海,19980520,600150.SH,20151123,39.21,39.4,38.37,38.61,39.24,-0.63,-1.61,193299.49,752462.726,1.4026,3.0739,0.92,1204.1219,697.9831,3.0123,1.8786,1.8061,0.0259,0.0259,137811.7598,137811.7598,62883.6932,5320912.0459,5320912.0459,,,3.282
600150,中国船舶,船舶,上海,19980520,600150.SH,20151120,39.07,39.65,38.87,39.24,38.99,0.25,0.64,206239.95,810674.484,1.4965,3.2797,0.91,1223.7695,709.3721,3.0614,1.9093,1.8356,0.0255,0.0255,137811.7598,137811.7598,62883.6932,5407733.4546,5407733.4546,,,3.282
600150,中国船舶,船舶,上海,19980520,600150.SH,20151119,38.28,39.04,38.25,38.99,38.34,0.65,1.7,165432.75,638514.882,1.2004,2.6308,0.63,1215.9728,704.8526,3.0419,1.8971,1.8239,0.0256,0.0256,137811.7598,137811.7598,62883.6932,5373280.5146,5373280.5146,,,3.282
600150,中国船舶,船舶,上海,19980520,600150.SH,20151118,39.4,39.45,38.16,38.34,39.21,-0.87,-2.22,192637.61,746804.11,1.3978,3.0634,0.69,1195.7014,693.1021,2.9912,1.8655,1.7935,0.0261,0.0261,137811.7598,137811.7598,62883.6932,5283702.8707,5283702.8707,,,3.282
600150,中国船舶,船舶,上海,19980520,600150.SH,20151117,39.99,40.39,39.13,39.21,39.45,-0.24,-0.61,311389.57,1241314.386,2.2595,4.9518,1.07,1222.8339,708.8297,3.0591,1.9078,1.8342,0.0255,0.0255,137811.7598,137811.7598,62883.6932,5403599.1018,5403599.1018,,,3.282
600150,中国船舶,船舶,上海,19980520,600150.SH,20151116,38.17,39.48,38.1,39.45,39.08,0.37,0.95,174554.98,681471.49,1.2666,2.7758,0.47,1230.3188,713.1684,3.0778,1.9195,1.8454,0.0253,0.0253,137811.7598,137811.7598,62883.6932,5436673.9241,5436673.9241,,,3.282
600150,中国船舶,船舶,上海,19980520,600150.SH,20151113,39.9,40.2,38.92,39.08,40.45,-1.37,-3.39,294336.1,1161483.863,2.1358,4.6806,0.75,1218.7796,706.4796,3.0489,1.9015,1.8281,0.0256,0.0256,137811.7598,137811.7598,62883.6932,5385683.573,5385683.573,,,3.279
600150,中国船舶,船舶,上海,19980520,600150.SH,20151112,41.1,41.2,40.23,40.45,41.08,-0.63,-1.53,330082.0,1341129.433,2.3952,5.2491,0.73,1261.5055,731.2462,3.1558,1.9681,1.8922,0.0247,0.0247,137811.7598,137811.7598,62883.6932,5574485.6839,5574485.6839,,,3.279
600150,中国船舶,船舶,上海,19980520,600150.SH,20151111,41.1,41.61,40.6,41.08,41.04,0.04,0.1,283334.1,1162965.367,2.056,4.5057,0.62,1281.1532,742.6352,3.205,1.9988,1.9217,0.0243,0.0243,137811.7598,137811.7598,62883.6932,5661307.0926,5661307.0926,,,3.279
600150,中国船舶,船舶,上海,19980520,600150.SH,20151110,40.96,41.9,40.6,41.04,41.46,-0.42,-1.01,376739.06,1552633.956,2.7337,5.991,0.92,1279.9057,741.9121,3.2019,1.9968,1.9198,0.0244,0.0244,137811.7598,137811.7598,62883.6932,5655794.6222,5655794.6222,,,3.279
600150,中国船舶,船舶,上海,19980520,600150.SH,20151109,40.23,42.57,40.0,41.46,40.81,0.65,1.59,564956.83,2321803.985,4.0995,8.9842,1.68,1293.0042,749.5047,3.2346,2.0173,1.9394,0.0241,0.0241,137811.7598,137811.7598,62883.6932,5713675.5613,5713675.5613,,,3.279
600150,中国船舶,船舶,上海,19980520,600150.SH,20151106,39.79,41.19,39.53,40.81,39.84,0.97,2.43,419252.44,1694120.331,3.0422,6.6671,1.43,1272.7328,737.7542,3.1839,1.9857,1.909,0.0245,0.0245,137811.7598,137811.7598,62883.6932,5624097.9174,5624097.9174,,,3.279
600150,中国船舶,船舶,上海,19980520,600150.SH,20151105,39.65,41.55,39.25,39.84,39.66,0.18,0.45,623635.72,2525789.301,4.5253,9.9173,2.7,1242.4816,720.2187,3.1082,1.9385,1.8637,0.0251,0.0251,137811.7598,137811.7598,62883.6932,5490420.5104,5490420.5104,,,3.279
600150,中国船舶,船舶,上海,19980520,600150.SH,20151104,38.1,39.77,38.1,39.66,37.86,1.8,4.75,291226.85,1135197.082,2.1132,4.6312,1.07,1236.868,716.9647,3.0942,1.9297,1.8552,0.0252,0.0252,137811.7598,137811.7598,62883.6932,5465614.3937,5465614.3937,,,3.279
600150,中国船舶,船舶,上海,19980520,600150.SH,20151103,37.51,38.22,37.35,37.86,37.63,0.23,0.61,154455.04,582938.866,1.1208,2.4562,0.4,1180.7318,684.4247,2.9538,1.8421,1.771,0.0264,0.0264,137811.7598,137811.7598,62883.6932,5217553.226,5217553.226,,,3.279
600150,中国船舶,船舶,上海,19980520,600150.SH,20151102,37.8,38.5,37.41,37.63,38.54,-0.91,-2.36,193990.8,734209.836,1.4077,3.0849,0.47,1173.5588,680.2668,2.9358,1.8309,1.7603,0.0266,0.0266,137811.7598,137811.7598,62883.6932,5185856.5213,5185856.5213,,,3.279
600150,中国船舶,船舶,上海,19980520,600150.SH,20151030,38.95,39.15,38.01,38.54,39.06,-0.52,-1.33,205908.4,794620.363,1.4941,3.2744,0.48,1201.9388,552.0183,3.0238,1.8752,1.8479,0.0259,0.0259,137811.7598,137811.7598,62883.6932,5311265.2227,5311265.2227,,,3.279
600150,中国船舶,船舶,上海,19980520,600150.SH,20151029,39.6,40.03,38.8,39.06,39.45,-0.39,-0.99,310041.46,1221127.04,2.2497,4.9304,0.73,1218.1559,559.4664,3.0646,1.9005,1.8729,0.0256,0.0256,137811.7598,137811.7598,62883.6932,5382927.3378,5382927.3378,,,3.279
600150,中国船舶,船舶,上海,19980520,600150.SH,20151028,42.0,42.0,39.21,39.45,42.14,-2.69,-6.38,498970.71,2025184.457,3.6207,7.9348,1.21,1230.3188,565.0525,3.0952,1.9195,1.8916,0.0253,0.0253,137811.7598,137811.7598,62883.6932,5436673.9241,5436673.9241,,,3.279
600150,中国船舶,船舶,上海,19980520,600150.SH,20151027,39.35,42.7,39.05,42.14,38.89,3.25,8.36,736779.02,3006940.153,5.3463,11.7165,2.18,1314.2112,603.5821,3.3063,2.0504,2.0205,0.0237,0.0237,137811.7598,137811.7598,62883.6932,5807387.558,5807387.558,,,3.279
600150,中国船舶,船舶,上海,19980520,600150.SH,20151026,39.28,39.48,38.24,38.89,38.66,0.23,0.59,332789.38,1293200.977,2.4148,5.2921,0.94,1212.8542,557.0315,3.0513,1.8922,1.8647,0.0257,0.0257,137811.7598,137811.7598,62883.6932,5359499.3386,5359499.3386,,,3.279
600150,中国船舶,船舶,上海,19980520,600150.SH,20151023,38.52,38.78,37.71,38.66,38.23,0.43,1.12,279876.14,1073104.998,2.0309,4.4507,0.7,1205.6812,553.7371,3.0332,1.881,1.8537,0.0259,0.0259,137811.7598,137811.7598,62883.6932,5327802.6339,5327802.6339,,,3.279
600150,中国船舶,船舶,上海,19980520,600150.SH,20151022,37.03,38.53,36.51,38.23,36.82,1.41,3.83,273187.72,1026645.37,1.9823,4.3443,0.67,1192.2709,547.5781,2.9995,1.8601,1.8331,0.0262,0.0262,137811.7598,137811.7598,62883.6932,5268543.5772,5268543.5772,,,3.279
600150,中国船舶,船舶,上海,19980520,600150.SH,20151021,40.47,40.68,36.51,36.82,40.55,-3.73,-9.2,434636.07,1694053.997,3.1538,6.9117,1.16,1148.2975,527.3823,2.8889,1.7915,1.7655,0.0272,0.0272,137811.7598,137811.7598,62883.6932,5074228.9958,5074228.9958,,,3.279
600150,中国船舶,船舶,上海,19980520,600150.SH,20151020,40.1,40.8,39.5,40.55,39.95,0.6,1.5,368894.57,1481227.026,2.6768,5.8663,0.96,1264.6242,580.8081,3.1815,1.973,1.9443,0.0247,0.0247,137811.7598,137811.7598,62883.6932,5588266.8599,5588266.8599,,,3.279
600150,中国船舶,船舶,上海,19980520,600150.SH,20151019,40.8,40.8,38.66,39.95,40.67,-0.72,-1.77,404756.96,1609127.605,2.937,6.4366,0.94,1245.9121,572.2141,3.1344,1.9438,1.9155,0.025,0.025,137811.7598,137811.7598,62883.6932,5505579.804,5505579.804,,,3.279
600150,中国船舶,船舶,上海,19980520,600150.SH,20151016,39.0,40.99,38.6,40.67,38.9,1.77,4.55,530859.19,2116358.364,3.8521,8.4419,1.45,1268.3666,582.5269,3.1909,1.9788,1.9501,0.0246,0.0246,137811.7598,137811.7598,62883.6932,5604804.2711,5604804.2711,,,3.279
600150,中国船舶,船舶,上海,19980520,600150.SH,20151015,37.31,39.25,37.21,38.9,37.56,1.34,3.57,298355.25,1145917.903,2.1649,4.7446,0.84,1213.166,557.1747,3.052,1.8927,1.8652,0.0257,0.0257,137811.7598,137811.7598,62883.6932,5360877.4562,5360877.4562,,,3.279
600150,中国船舶,船舶,上海,19980520,600150.SH,20151014,38.75,39.3,37.52,37.56,38.8,-1.24,-3.2,278352.06,1068251.446,2.0198,4.4265,0.84,1171.3757,537.9816,2.9469,1.8275,1.8009,0.0266,0.0266,137811.7598,137811.7598,62883.6932,5176209.6981,5176209.6981,,,3.279
600150,中国船舶,船舶,上海,19980520,600150.SH,20151013,37.44,39.83,37.29,38.8,38.21,0.59,1.54,404841.29,1559346.625,2.9376,6.4379,1.44,1210.0473,555.7424,3.0442,1.8879,1.8604,0.0258,0.0258,137811.7598,137811.7598,62883.6932,5347096.2802,5347096.2802,,,3.279
600150,中国船舶,船舶,上海,19980520,600150.SH,20151012,37.27,40.41,37.23,38.21,37.25,0.96,2.58,641083.08,2471202.809,4.6519,10.1947,3.49,1191.6471,547.2917,2.9979,1.8591,1.8321,0.0262,0.0262,137811.7598,137811.7598,62883.6932,5265787.342,5265787.342,,,3.279
600150,中国船舶,船舶,上海,19980520,600150.SH,20151009,36.8,38.28,36.61,37.25,37.1,0.15,0.4,212897.02,798460.775,1.5448,3.3856,1.03,1161.7078,533.5413,2.9226,1.8124,1.7861,0.0268,0.0268,137811.7598,137811.7598,62883.6932,5133488.0526,5133488.0526,,,3.279
600150,中国船舶,船舶,上海,19980520,600150.SH,20151008,36.68,37.3,36.31,37.1,35.36,1.74,4.92,231558.48,852700.393,1.6803,3.6823,1.14,1157.0298,531.3929,2.9108,1.8051,1.7789,0.027,0.027,137811.7598,137811.7598,62883.6932,5112816.2886,5112816.2886,,,3.279
600150,中国船舶,船舶,上海,19980520,600150.SH,20150930,34.65,35.95,34.37,35.36,34.38,0.98,2.85,174835.61,614918.628,1.2687,2.7803,0.81,1102.7648,506.4704,2.7743,1.7205,1.6955,0.0283,0.0283,137811.7598,137811.7598,62883.6932,4873023.8265,4873023.8265,,,3.279
600150,中国船舶,船舶,上海,19980520,600150.SH,20150929,34.88,35.43,34.1,34.38,35.95,-1.57,-4.37,145905.06,505948.357,1.0587,2.3202,0.6,1072.2017,492.4336,2.6974,1.6728,1.6485,0.0291,0.0291,137811.7598,137811.7598,62883.6932,4737968.3019,4737968.3019,,,3.279
600150,中国船舶,船舶,上海,19980520,600150.SH,20150928,36.4,36.86,34.5,35.95,36.35,-0.4,-1.1,154216.8,548044.325,1.119,2.4524,0.59,1121.165,514.9211,2.8206,1.7492,1.7237,0.0278,0.0278,137811.7598,137811.7598,62883.6932,4954332.7648,4954332.7648,,,3.279
600150,中国船舶,船舶,上海,19980520,600150.SH,20150925,36.55,38.43,36.15,36.35,36.6,-0.25,-0.68,328501.31,1224949.35,2.3837,5.224,1.41,1133.6397,520.6504,2.852,1.7686,1.7429,0.0275,0.0275,137811.7598,137811.7598,62883.6932,5009457.4687,5009457.4687,,,3.279
600150,中国船舶,船舶,上海,19980520,600150.SH,20150924,36.0,36.78,35.89,36.6,36.08,0.52,1.44,210052.19,764196.339,1.5242,3.3403,0.82,1141.4364,524.2312,2.8716,1.7808,1.7549,0.0273,0.0273,137811.7598,137811.7598,62883.6932,5043910.4087,5043910.4087,,,3.279
600150,中国船舶,船舶,上海,19980520,600150.SH,20150923,35.34,36.89,35.02,36.08,36.0,0.08,0.22,241466.41,869297.562,1.7521,3.8399,0.9,1125.2193,516.7831,2.8308,1.7555,1.73,0.0277,0.0277,137811.7598,137811.7598,62883.6932,4972248.2936,4972248.2936,,,3.279
600150,中国船舶,船舶,上海,19980520,600150.SH,20150922,35.94,36.59,35.5,36.0,35.95,0.05,0.14,272736.89,984126.226,1.9791,4.3372,1.06,1122.7243,515.6373,2.8245,1.7516,1.7261,0.0278,0.0278,137811.7598,137811.7598,62883.6932,4961223.3528,4961223.3528,,,3.279
600150,中国船舶,船舶,上海,19980520,600150.SH,20150921,33.88,36.0,33.55,35.95,34.1,1.85,5.43,262746.3,925956.667,1.9066,4.1783,0.9,1121.165,514.9211,2.8206,1.7492,1.7237,0.0278,0.0278,137811.7598,137811.7598,62883.6932,4954332.7648,4954332.7648,,,3.279
600150,中国船舶,船舶,上海,19980520,600150.SH,20150918,34.16,34.63,33.5,34.1,34.07,0.03,0.09,174444.91,594023.426,1.2658,2.7741,0.57,1063.4694,488.4231,2.6754,1.6592,1.635,0.0293,0.0293,137811.7598,137811.7598,62883.6932,4699381.0092,4699381.0092,,,3.279
600150,中国船舶,船舶,上海,19980520,600150.SH,20150917,35.5,36.06,34.0,34.07,35.48,-1.41,-3.97,331952.13,1169538.633,2.4087,5.2788,1.09,1062.5338,487.9934,2.6731,1.6577,1.6336,0.0294,0.0294,137811.7598,137811.7598,62883.6932,4695246.6564,4695246.6564,,,3.279
600150,中国船舶,船舶,上海,19980520,600150.SH,20150916,32.78,36.05,31.6,35.48,32.78,2.7,8.24,305948.9,1035726.408,2.22,4.8653,0.99,1106.5072,508.1892,2.7837,1.7263,1.7012,0.0282,0.0282,137811.7598,137811.7598,62883.6932,4889561.2377,4889561.2377,,,3.279
600150,中国船舶,船舶,上海,19980520,600150.SH,20150915,34.5,35.5,32.78,32.78,36.42,-3.64,-9.99,211154.62,717284.123,1.5322,3.3579,0.67,1022.3029,469.5164,2.5719,1.5949,1.5717,0.0305,0.0305,137811.7598,137811.7598,62883.6932,4517469.4862,4517469.4862,,,3.279
600150,中国船舶,船舶,上海,19980520,600150.SH,20150914,38.0,38.7,33.28,36.42,36.37,0.05,0.14,443615.89,1606910.084,3.219,7.0545,1.52,1135.8228,521.653,2.8575,1.7721,1.7463,0.0275,0.0275,137811.7598,137811.7598,62883.6932,5019104.2919,5019104.2919,,,3.279
600150,中国船舶,船舶,上海,19980520,600150.SH,20150911,36.3,37.19,35.47,36.37,36.72,-0.35,-0.95,227080.93,824286.301,1.6478,3.6111,0.7,1134.2635,520.9369,2.8535,1.7696,1.7439,0.0275,0.0275,137811.7598,137811.7598,62883.6932,5012213.7039,5012213.7039,,,3.279
600150,中国船舶,船舶,上海,19980520,600150.SH,20150910,35.77,37.6,35.06,36.72,36.04,0.68,1.89,332117.41,1221089.432,2.4099,5.2815,0.98,1145.1788,525.95,2.881,1.7867,1.7607,0.0272,0.0272,137811.7598,137811.7598,62883.6932,5060447.8199,5060447.8199,,,3.279
600150,中国船舶,船舶,上海,19980520,600150.SH,20150909,35.1,36.87,35.03,36.04,34.96,1.08,3.09,336492.47,1212119.102,2.4417,5.351,0.9,1123.9718,516.2102,2.8277,1.7536,1.7281,0.0277,0.0277,137811.7598,137811.7598,62883.6932,4966735.8232,4966735.8232,,,3.279
600150,中国船舶,船舶,上海,19980520,600150.SH,20150908,33.94,35.61,31.7,34.96,34.26,0.7,2.04,241592.84,807069.801,1.7531,3.8419,0.56,1090.2901,500.7411,2.7429,1.701,1.6763,0.0286,0.0286,137811.7598,137811.7598,62883.6932,4817899.1226,4817899.1226,,,3.279
600150,中国船舶,船舶,上海,19980520,600150.SH,20150907,35.46,37.8,34.01,34.26,35.41,-1.15,-3.25,319879.28,1145721.275,2.3211,5.0868,0.66,1068.4593,490.7148,2.688,1.667,1.6427,0.0292,0.0292,137811.7598,137811.7598,62883.6932,4721430.8907,4721430.8907,,,3.279
600150,中国船舶,船舶,上海,19980520,600150.SH,20150902,32.61,36.5,32.52,35.41,35.55,-0.14,-0.39,387836.41,1341800.875,2.8142,6.1675,0.75,1104.3241,507.1865,2.7782,1.7229,1.6979,0.0282,0.0282,137811.7598,137811.7598,62883.6932,4879914.4145,4879914.4145,,,3.279
600150,中国船舶,船舶,上海,19980520,600150.SH,20150901,38.18,38.18,34.25,35.55,37.88,-2.33,-6.15,401807.4,1429691.41,2.9156,6.3897,0.79,1108.6903,509.1918,2.7892,1.7297,1.7046,0.0281,0.0281,137811.7598,137811.7598,62883.6932,4899208.0609,4899208.0609,,,3.279
600150,中国船舶,船舶,上海,19980520,600150.SH,20150831,40.09,40.09,37.4,37.88,39.37,-1.49,-3.78,522806.43,2026929.758,3.7936,8.3139,1.1,1181.3555,542.565,2.972,1.8431,1.8163,0.0264,0.0264,137811.7598,137811.7598,62883.6932,5220309.4612,5220309.4612,,,3.279
600150,中国船舶,船舶,上海,19980520,600150.SH,20150828,36.88,39.37,36.33,39.37,35.79,3.58,10.0,535377.06,2031280.078,3.8848,8.5138,1.16,1227.8238,384.7906,3.0975,1.9156,1.8635,0.0254,0.0254,137811.7598,137811.7598,62883.6932,5425648.9833,5425648.9833,,,3.279
600150,中国船舶,船舶,上海,19980520,600150.SH,20150827,33.11,35.79,33.0,35.79,32.54,3.25,9.99,593717.05,2066492.238,4.3082,9.4415,1.3,1116.1751,349.8008,2.8158,1.7414,1.694,0.0279,0.0279,137811.7598,137811.7598,62883.6932,4932282.8832,4932282.8832,,,3.279
600150,中国船舶,船舶,上海,19980520,600150.SH,20150826,36.5,37.21,32.54,32.54,36.16,-3.62,-10.01,539718.91,1872003.651,3.9163,8.5828,1.14,1014.8181,318.0362,2.5601,1.5833,1.5402,0.0307,0.0307,137811.7598,137811.7598,62883.6932,4484394.6639,4484394.6639,,,3.279
600150,中国船舶,船舶,上海,19980520,600150.SH,20150825,36.16,37.78,36.16,36.16,40.18,-4.02,-10.01,351585.12,1280323.306,2.5512,5.591,0.67,1127.7142,353.417,2.8449,1.7594,1.7115,0.0277,0.0277,137811.7598,137811.7598,62883.6932,4983273.2344,4983273.2344,,,3.279
600150,中国船舶,船舶,上海,19980520,600150.SH,20150824,42.2,43.0,40.18,40.18,44.64,-4.46,-9.99,348660.43,1421521.534,2.53,5.5445,0.57,1253.0851,392.7073,3.1612,1.955,1.9018,0.0249,0.0249,137811.7598,137811.7598,62883.6932,5537276.5088,5537276.5088,,,3.279
600150,中国船舶,船舶,上海,19980520,600150.SH,20150821,45.0,47.65,43.01,44.64,45.99,-1.35,-2.94,471470.94,2161648.912,3.4211,7.4975,0.66,1392.1782,436.298,3.5121,2.172,2.1129,0.0224,0.0224,137811.7598,137811.7598,62883.6932,6151916.9575,6151916.9575,,,3.279
600150,中国船舶,船舶,上海,19980520,600150.SH,20150820,49.0,49.85,45.86,45.99,50.61,-4.62,-9.13,566013.59,2696064.775,4.1072,9.001,0.72,1434.2803,449.4925,3.6183,2.2377,2.1768,0.0217,0.0217,137811.7598,137811.7598,62883.6932,6337962.8332,6337962.8332,,,3.279
600150,中国船舶,船舶,上海,19980520,600150.SH,20150819,46.95,51.99,45.01,50.61,49.85,0.76,1.52,624213.73,3018996.928,4.5295,9.9265,0.69,1578.3633,494.647,3.9818,2.4625,2.3955,0.0198,0.0198,137811.7598,137811.7598,62883.6932,6974653.1635,6974653.1635,,,3.279
600150,中国船舶,船舶,上海,19980520,600150.SH,20150818,54.0,55.0,49.85,49.85,55.39,-5.54,-10.0,623173.16,3232584.058,4.5219,9.9099,0.78,1554.6613,487.219,3.922,2.4255,2.3595,0.0201,0.0201,137811.7598,137811.7598,62883.6932,6869916.226,6869916.226,,,3.279
600150,中国船舶,船舶,上海,19980520,600150.SH,20150817,53.51,57.71,53.1,55.39,54.98,0.41,0.75,770809.51,4301247.827,5.5932,12.2577,1.15,1727.4361,541.3653,4.3579,2.6951,2.6217,0.0181,0.0181,137811.7598,137811.7598,62883.6932,7633393.3753,7633393.3753,,,3.279
600150,中国船舶,船舶,上海,19980520,600150.SH,20150814,54.68,56.77,52.2,54.98,54.42,0.56,1.03,1012075.05,5475653.257,7.3439,16.0944,1.91,1714.6496,537.3581,4.3256,2.6751,2.6023,0.0182,0.0182,137811.7598,137811.7598,62883.6932,7576890.5538,7576890.5538,,,3.279
600150,中国船舶,船舶,上海,19980520,600150.SH,20150813,51.5,54.98,51.11,54.42,52.43,1.99,3.8,923452.44,4937096.968,6.7008,14.6851,2.31,1697.185,531.8848,4.2815,2.6479,2.5758,0.0184,0.0184,137811.7598,137811.7598,62883.6932,7499715.9683,7499715.9683,,,3.279
600150,中国船舶,船舶,上海,19980520,600150.SH,20150812,50.22,54.12,49.92,52.43,49.2,3.23,6.57,1209603.28,6322630.608,8.7772,19.2356,4.88,1635.1233,512.4352,4.125,2.551,2.4816,0.0191,0.0381,137811.7598,137811.7598,62883.6932,7225470.5663,7225470.5663,,,3.279
600150,中国船舶,船舶,上海,19980520,600150.SH,20150811,49.2,49.2,49.2,49.2,44.73,4.47,9.99,93279.66,458935.927,0.6769,1.4834,0.31,1534.3899,480.8661,3.8709,2.3939,2.3287,0.0203,0.0407,137811.7598,137811.7598,62883.6932,6780338.5822,6780338.5822,,,3.279
600150,中国船舶,船舶,上海,19980520,600150.SH,20150810,44.73,44.73,44.73,44.73,40.66,4.07,10.01,100672.89,450309.837,0.7305,1.6009,0.29,1394.985,437.1777,3.5192,2.1764,2.1172,0.0224,0.0447,137811.7598,137811.7598,62883.6932,6164320.0159,6164320.0159,,,3.279
600150,中国船舶,船舶,上海,19980520,600150.SH,20150807,39.7,40.71,39.7,40.66,39.2,1.46,3.72,321522.36,1293902.825,2.3331,5.113,0.9,1268.0548,397.3987,3.199,1.9784,1.9245,0.0246,0.0492,137811.7598,137811.7598,62883.6932,5603426.1535,5603426.1535,,,3.279
600150,中国船舶,船舶,上海,19980520,600150.SH,20150806,38.1,40.85,38.08,39.2,39.72,-0.52,-1.31,277460.33,1095870.979,2.0133,4.4123,0.66,1222.5221,383.1291,3.0841,1.9073,1.8554,0.0255,0.051,137811.7598,137811.7598,62883.6932,5402220.9842,5402220.9842,,,3.279
600150,中国船舶,船舶,上海,19980520,600150.SH,20150805,40.0,41.29,38.81,39.72,39.49,0.23,0.58,445821.88,1790846.466,3.235,7.0896,1.05,1238.7392,388.2114,3.125,1.9326,1.88,0.0252,0.0504,137811.7598,137811.7598,62883.6932,5473883.0993,5473883.0993,,,3.279
600150,中国船舶,船舶,上海,19980520,600150.SH,20150804,36.05,39.49,36.05,39.49,35.9,3.59,10.0,361180.59,1395417.713,2.6208,5.7436,0.8,1231.5662,385.9635,3.1069,1.9214,1.8691,0.0253,0.0506,137811.7598,137811.7598,62883.6932,5442186.3945,5442186.3945,,,3.279
600150,中国船舶,船舶,上海,19980520,600150.SH,20150803,38.0,38.95,35.56,35.9,39.35,-3.45,-8.77,333171.51,1227216.344,2.4176,5.2982,0.69,1119.6057,350.8759,2.8245,1.7468,1.6992,0.0279,0.0557,137811.7598,137811.7598,62883.6932,4947442.1768,4947442.1768,,,3.279
600150,中国船舶,船舶,上海,19980520,600150.SH,20150731,41.0,42.17,38.0,39.35,41.84,-2.49,-5.95,371664.47,1507760.387,2.6969,5.9103,0.69,1227.2001,384.5952,3.0959,1.9146,1.8625,0.0254,0.0508,137811.7598,137811.7598,62883.6932,5422892.7481,5422892.7481,,,3.279
600150,中国船舶,船舶,上海,19980520,600150.SH,20150730,41.5,44.38,40.89,41.84,41.33,0.51,1.23,605771.5,2597339.318,4.3956,9.6332,1.18,1304.8552,408.9317,3.2918,2.0358,1.9804,0.0239,0.0478,137811.7598,137811.7598,62883.6932,5766044.03,5766044.03,,,3.279
600150,中国船舶,船舶,上海,19980520,600150.SH,20150729,38.65,41.33,36.81,41.33,37.57,3.76,10.01,451006.63,1751934.077,3.2726,7.1721,0.85,1288.9499,403.9471,3.2517,2.011,1.9562,0.0242,0.0484,137811.7598,137811.7598,62883.6932,5695760.0325,5695760.0325,,,3.279
600150,中国船舶,船舶,上海,19980520,600150.SH,20150728,37.0,40.99,35.99,37.57,39.99,-2.42,-6.05,502540.33,1887343.408,3.6466,7.9916,1.0,1171.6876,367.198,2.9559,1.828,1.7783,0.0266,0.0532,137811.7598,137811.7598,62883.6932,5177587.8157,5177587.8157,,,3.279
600150,中国船舶,船舶,上海,19980520,600150.SH,20150727,43.0,45.39,39.99,39.99,44.43,-4.44,-9.99,490649.41,2106579.319,3.5603,7.8025,0.93,1247.1596,390.8503,3.1463,1.9458,1.8928,0.025,0.05,137811.7598,137811.7598,62883.6932,5511092.2744,5511092.2744,,,3.279
600150,中国船舶,船舶,上海,19980520,600150.SH,20150724,44.79,47.0,43.67,44.43,44.71,-0.28,-0.63,624403.15,2851345.473,4.5308,9.9295,1.24,1385.629,434.2456,3.4956,2.1618,2.103,0.0225,0.045,137811.7598,137811.7598,62883.6932,6122976.4879,6122976.4879,,,3.279
600150,中国船舶,船舶,上海,19980520,600150.SH,20150723,44.29,45.09,43.0,44.71,43.47,1.24,2.85,508727.79,2242834.454,3.6915,8.09,1.03,1394.3613,436.9822,3.5176,2.1754,2.1162,0.0224,0.0447,137811.7598,137811.7598,62883.6932,6161563.7807,6161563.7807,,,3.279
600150,中国船舶,船舶,上海,19980520,600150.SH,20150722,42.2,44.66,42.08,43.47,41.93,1.54,3.67,514967.87,2233201.504,3.7367,8.1892,1.03,1355.6896,424.8628,3.42,2.1151,2.0575,0.023,0.046,137811.7598,137811.7598,62883.6932,5990677.1985,5990677.1985,,,3.279
600150,中国船舶,船舶,上海,19980520,600150.SH,20150721,41.5,43.05,40.88,41.93,42.78,-0.85,-1.99,368912.38,1556092.075,2.6769,5.8666,0.64,1307.662,409.8113,3.2989,2.0401,1.9846,0.0238,0.0477,137811.7598,137811.7598,62883.6932,5778447.0884,5778447.0884,,,3.279
600150,中国船舶,船舶,上海,19980520,600150.SH,20150720,42.62,45.1,41.51,42.78,42.39,0.39,0.92,625464.36,2717800.869,4.5385,9.9464,1.11,1334.1708,418.1189,3.3658,2.0815,2.0249,0.0234,0.0468,137811.7598,137811.7598,62883.6932,5895587.0842,5895587.0842,,,3.279
600150,中国船舶,船舶,上海,19980520,600150.SH,20150717,38.59,42.4,38.59,42.39,38.59,3.8,9.85,504686.73,2064728.968,3.6621,8.0257,0.94,1322.0079,414.3072,3.3351,2.0625,2.0064,0.0236,0.0472,137811.7598,137811.7598,62883.6932,5841840.4979,5841840.4979,,,3.279
600150,中国船舶,船舶,上海,19980520,600150.SH,20150716,36.61,39.85,34.0,38.59,36.61,1.98,5.41,455930.82,1740914.953,3.3084,7.2504,0.83,1203.4981,377.1671,3.0361,1.8776,1.8265,0.0259,0.0518,137811.7598,137811.7598,62883.6932,5318155.8107,5318155.8107,,,3.279
600150,中国船舶,船舶,上海,19980520,600150.SH,20150715,38.5,39.7,36.1,36.61,40.11,-3.5,-8.73,541807.3,2013319.857,3.9315,8.616,0.94,1141.7483,357.8152,2.8803,1.7813,1.7328,0.0273,0.0546,137811.7598,137811.7598,62883.6932,5045288.5263,5045288.5263,,,3.279
600150,中国船舶,船舶,上海,19980520,600150.SH,20150714,40.5,43.98,39.5,40.11,40.93,-0.82,-2.0,758353.43,3161962.705,5.5028,12.0596,1.38,1250.902,392.0232,3.1557,1.9516,1.8985,0.0249,0.0499,137811.7598,137811.7598,62883.6932,5527629.6856,5527629.6856,,,3.279
600150,中国船舶,船舶,上海,19980520,600150.SH,20150713,39.25,40.93,38.4,40.93,37.21,3.72,10.0,559768.7,2239859.614,4.0618,8.9017,0.98,1276.4752,400.0376,3.2202,1.9915,1.9373,0.0244,0.0489,137811.7598,137811.7598,62883.6932,5640635.3286,5640635.3286,,,3.279
600150,中国船舶,船舶,上海,19980520,600150.SH,20150710,35.66,37.21,34.5,37.21,33.83,3.38,9.99,381410.39,1405403.079,2.7676,6.0653,0.62,1160.4604,363.6794,2.9275,1.8105,1.7612,0.0269,0.0537,137811.7598,137811.7598,62883.6932,5127975.5822,5127975.5822,,,3.279
600150,中国船舶,船舶,上海,19980520,600150.SH,20150709,30.75,33.83,28.5,33.83,30.75,3.08,10.02,497882.25,1610383.078,3.6128,7.9175,0.8,1055.049,330.6443,2.6616,1.646,1.6012,0.0296,0.0591,137811.7598,137811.7598,62883.6932,4662171.834,4662171.834,,,3.279
600150,中国船舶,船舶,上海,19980520,600150.SH,20150708,30.75,31.98,30.75,30.75,34.17,-3.42,-10.01,678747.29,2099584.601,4.9252,10.7937,1.15,958.9937,300.5413,2.4193,1.4962,1.4555,0.0325,0.065,137811.7598,137811.7598,62883.6932,4237711.6139,4237711.6139,,,3.279
600150,中国船舶,船舶,上海,19980520,600150.SH,20150707,36.58,37.48,34.17,34.17,37.97,-3.8,-10.01,635838.04,2202710.676,4.6138,10.1113,1.06,1065.6525,333.9674,2.6884,1.6626,1.6173,0.0293,0.0585,137811.7598,137811.7598,62883.6932,4709027.8324,4709027.8324,,,3.279
600150,中国船舶,船舶,上海,19980520,600150.SH,20150706,41.3,41.3,34.68,37.97,37.55,0.42,1.12,666117.1,2526832.034,4.8335,10.5928,1.11,1184.1623,371.1074,2.9873,1.8475,1.7972,0.0263,0.0527,137811.7598,137811.7598,62883.6932,5232712.5196,5232712.5196,,,3.279
600150,中国船舶,船舶,上海,19980520,600150.SH,20150703,40.0,41.98,37.55,37.55,41.72,-4.17,-10.0,574425.22,2219680.469,4.1682,9.1347,0.97,1171.0639,367.0025,2.9543,1.827,1.7773,0.0266,0.0533,137811.7598,137811.7598,62883.6932,5174831.5805,5174831.5805,,,3.279
600150,中国船舶,船舶,上海,19980520,600150.SH,20150702,46.35,46.35,41.72,41.72,46.35,-4.63,-9.99,553284.86,2397632.66,4.0148,8.7985,0.9,1301.1128,407.7588,3.2824,2.0299,1.9747,0.024,0.0479,137811.7598,137811.7598,62883.6932,5749506.6189,5749506.6189,,,3.279
600150,中国船舶,船舶,上海,19980520,600150.SH,20150701,50.5,52.2,46.35,46.35,51.5,-5.15,-10.0,526625.53,2626327.227,3.8213,8.3746,0.85,1445.5076,453.0111,3.6466,2.2552,2.1938,0.0216,0.0431,137811.7598,137811.7598,62883.6932,6387575.0667,6387575.0667,,,3.279
600150,中国船舶,船舶,上海,19980520,600150.SH,20150630,48.1,51.98,43.88,51.5,48.76,2.74,5.62,687990.95,3259329.112,4.9923,10.9407,1.18,1606.1195,503.3456,4.0518,2.5058,2.4376,0.0194,0.0388,137811.7598,137811.7598,62883.6932,7097305.6297,7097305.6297,,,3.279
600150,中国船舶,船舶,上海,19980520,600150.SH,20150629,54.7,56.18,48.76,48.76,54.18,-5.42,-10.0,658598.33,3397884.149,4.779,10.4733,1.25,1520.6677,476.5657,3.8362,2.3725,2.3079,0.0205,0.041,137811.7598,137811.7598,62883.6932,6719701.4078,6719701.4078,,,3.279
600150,中国船舶,船舶,上海,19980520,600150.SH,20150626,57.02,58.9,54.18,54.18,60.2,-6.02,-10.0,549310.75,3090096.694,3.9859,8.7353,1.13,1689.7001,529.5391,4.2627,2.6362,2.5645,0.0185,0.0369,137811.7598,137811.7598,62883.6932,7466641.146,7466641.146,,,3.279
600150,中国船舶,船舶,上海,19980520,600150.SH,20150625,62.0,66.7,59.1,60.2,62.32,-2.12,-3.4,647974.59,4074342.627,4.7019,10.3043,1.47,1877.4446,588.3768,4.7363,2.9291,2.8494,0.0166,0.0332,137811.7598,137811.7598,62883.6932,8296267.94,8296267.94,,,3.279
600150,中国船舶,船舶,上海,19980520,600150.SH,20150624,62.0,63.5,60.58,62.32,60.71,1.61,2.65,545364.69,3392875.142,3.9573,8.6726,1.28,1943.5606,609.0971,4.9031,3.0322,2.9497,0.016,0.0321,137811.7598,137811.7598,62883.6932,8588428.8707,8588428.8707,,,3.279
600150,中国船舶,船舶,上海,19980520,600150.SH,20150623,56.55,60.99,53.3,60.71,56.26,4.45,7.91,520860.71,3018462.428,3.7795,8.2829,1.06,1893.3499,593.3614,4.7764,2.9539,2.8735,0.0165,0.0329,137811.7598,137811.7598,62883.6932,8366551.9375,8366551.9375,,,3.279
600150,中国船舶,船舶,上海,19980520,600150.SH,20150619,59.0,60.75,55.8,56.26,60.65,-4.39,-7.24,368069.58,2156568.755,2.6708,5.8532,0.72,1754.5686,549.8684,4.4263,2.7374,2.6629,0.0178,0.0355,137811.7598,137811.7598,62883.6932,7753289.6063,7753289.6063,,,3.279
600150,中国船舶,船舶,上海,19980520,600150.SH,20150618,62.0,63.69,59.88,60.65,61.77,-1.12,-1.81,344813.93,2134923.561,2.5021,5.4834,0.67,1891.4786,592.775,4.7717,2.951,2.8707,0.0165,0.033,137811.7598,137811.7598,62883.6932,8358283.2319,8358283.2319,,,3.279
600150,中国船舶,船舶,上海,19980520,600150.SH,20150617,61.0,62.37,57.35,61.77,60.18,1.59,2.64,429662.69,2573822.291,3.1178,6.8327,0.81,1926.4078,603.7215,4.8598,3.0055,2.9237,0.0162,0.0324,137811.7598,137811.7598,62883.6932,8512632.4028,8512632.4028,,,3.279
600150,中国船舶,船舶,上海,19980520,600150.SH,20150616,64.0,64.0,59.85,60.18,64.91,-4.73,-7.29,463354.03,2863207.984,3.3622,7.3684,0.8,1876.8209,588.1814,4.7347,2.9281,2.8484,0.0166,0.0332,137811.7598,137811.7598,62883.6932,8293511.7048,8293511.7048,,,3.279
600150,中国船舶,船舶,上海,19980520,600150.SH,20150615,66.48,67.99,64.0,64.91,68.6,-3.69,-5.38,840384.82,5521901.953,6.0981,13.3641,1.54,2024.3344,634.411,5.1069,3.1583,3.0723,0.0154,0.0308,137811.7598,137811.7598,62883.6932,8945361.3286,8945361.3286,,,3.279
600150,中国船舶,船舶,上海,19980520,600150.SH,20150612,62.36,68.6,61.5,68.6,62.36,6.24,10.01,487244.34,3202742.803,3.5356,7.7483,0.85,2139.4136,670.4759,5.3972,3.3378,3.247,0.0146,0.0292,137811.7598,137811.7598,62883.6932,9453886.7223,9453886.7223,,,3.279
600150,中国船舶,船舶,上海,19980520,600150.SH,20150611,62.99,63.49,61.31,62.36,62.97,-0.61,-0.97,370407.34,2298742.571,2.6878,5.8904,0.62,1944.8081,609.488,4.9062,3.0342,2.9516,0.016,0.0321,137811.7598,137811.7598,62883.6932,8593941.3411,8593941.3411,,,3.279
600150,中国船舶,船舶,上海,19980520,600150.SH,20150610,63.98,64.35,62.06,62.97,65.59,-2.62,-3.99,502434.49,3175323.678,3.6458,7.9899,0.86,1963.832,615.45,4.9542,3.0639,2.9805,0.0159,0.0318,137811.7598,137811.7598,62883.6932,8678006.5146,8678006.5146,,,3.279
600150,中国船舶,船舶,上海,19980520,600150.SH,20150609,66.15,68.32,64.9,65.59,64.72,0.87,1.34,710018.3,4721524.574,5.1521,11.291,1.3,2045.5414,641.0571,5.1604,3.1914,3.1045,0.0152,0.0305,137811.7598,137811.7598,62883.6932,9039073.3253,9039073.3253,,,3.279
600150,中国船舶,船舶,上海,19980520,600150.SH,20150608,63.22,65.6,62.71,64.72,63.46,1.26,1.99,651221.0,4200338.443,4.7254,10.356,1.26,2018.4089,632.554,5.0919,3.149,3.0633,0.0155,0.0309,137811.7598,137811.7598,62883.6932,8919177.0943,8919177.0943,,,3.279
600150,中国船舶,船舶,上海,19980520,600150.SH,20150605,61.92,64.2,61.04,63.46,61.4,2.06,3.36,624762.5,3927457.33,4.5334,9.9352,1.19,1979.1135,620.2391,4.9928,3.0877,3.0037,0.0158,0.0315,137811.7598,137811.7598,62883.6932,8745534.2769,8745534.2769,,,3.279
600150,中国船舶,船舶,上海,19980520,600150.SH,20150604,60.29,61.8,55.0,61.4,60.29,1.11,1.84,476836.73,2832738.909,3.4601,7.5828,0.79,1914.8687,600.1053,4.8307,2.9875,2.9062,0.0163,0.0326,137811.7598,137811.7598,62883.6932,8461642.0517,8461642.0517,,,3.279
600150,中国船舶,船舶,上海,19980520,600150.SH,20150603,63.2,63.5,59.55,60.29,62.97,-2.68,-4.26,471854.37,2884179.742,3.4239,7.5036,0.67,1880.2514,589.2565,4.7434,2.9335,2.8537,0.0166,0.0332,137811.7598,137811.7598,62883.6932,8308670.9983,8308670.9983,,,3.279
600150,中国船舶,船舶,上海,19980520,600150.SH,20150602,62.0,64.5,61.11,62.97,61.6,1.37,2.22,500497.63,3143786.887,3.6317,7.9591,0.63,1963.832,615.45,4.9542,3.0639,2.9805,0.0159,0.0318,137811.7598,137811.7598,62883.6932,8678006.5146,8678006.5146,,,3.279
600150,中国船舶,船舶,上海,19980520,600150.SH,20150601,59.67,62.26,58.27,61.6,59.6,2.0,3.36,517908.25,3170539.377,3.7581,8.236,0.6,1921.1061,602.06,4.8464,2.9972,2.9157,0.0162,0.0325,137811.7598,137811.7598,62883.6932,8489204.4037,8489204.4037,,,3.279
600150,中国船舶,船舶,上海,19980520,600150.SH,20150529,59.49,61.79,55.01,59.6,59.91,-0.31,-0.52,651160.24,3863216.681,4.725,10.355,0.73,1858.7325,582.5126,4.6891,2.8999,2.821,0.0168,0.0336,137811.7598,137811.7598,62883.6932,8213580.8841,8213580.8841,,,3.279
600150,中国船舶,船舶,上海,19980520,600150.SH,20150528,65.8,68.0,59.92,59.92,66.58,-6.66,-10.0,891842.25,5697975.984,6.4715,14.1824,1.1,1868.7123,585.6402,4.7106,2.9155,2.8361,0.0167,0.0167,137811.7598,137811.7598,62883.6932,8257680.6472,8257680.6472,,,3.279
600150,中国船舶,船舶,上海,19980520,600150.SH,20150527,68.78,70.2,66.4,66.58,69.29,-2.71,-3.91,939018.49,6398663.975,6.8138,14.9326,1.21,2076.4163,650.733,5.2341,3.2395,3.1514,0.015,0.015,137811.7598,137811.7598,62883.6932,9175506.9675,9175506.9675,,,3.279
600150,中国船舶,船舶,上海,19980520,600150.SH,20150526,67.0,71.39,65.9,69.29,65.32,3.97,6.08,961593.94,6598476.054,6.9776,15.2916,1.39,2160.9325,677.2198,5.4472,3.3714,3.2796,0.0144,0.0144,137811.7598,137811.7598,62883.6932,9548976.8365,9548976.8365,,,3.279
600150,中国船舶,船舶,上海,19980520,600150.SH,20150525,58.88,65.32,58.33,65.32,59.38,5.94,10.0,898437.96,5618839.829,6.5193,14.2873,1.51,2037.1209,638.4182,5.1351,3.1782,3.0917,0.0153,0.0153,137811.7598,137811.7598,62883.6932,9001864.1501,9001864.1501,,,3.279
600150,中国船舶,船舶,上海,19980520,600150.SH,20150522,58.5,59.9,56.5,59.38,57.76,1.62,2.8,744583.47,4358369.146,5.4029,11.8406,1.45,1851.8714,580.3624,4.6681,2.8892,2.8106,0.0168,0.0168,137811.7598,137811.7598,62883.6932,8183262.2969,8183262.2969,,,3.279
600150,中国船舶,船舶,上海,19980520,600150.SH,20150521,55.48,58.79,55.0,57.76,55.98,1.78,3.18,524886.88,3007141.144,3.8087,8.3469,1.1,1801.3488,564.529,4.5408,2.8104,2.7339,0.0173,0.0173,137811.7598,137811.7598,62883.6932,7960007.246,7960007.246,,,3.279
600150,中国船舶,船舶,上海,19980520,600150.SH,20150520,54.2,58.5,54.2,55.98,54.2,1.78,3.28,738093.54,4189359.671,5.3558,11.7374,1.74,1745.8363,547.1318,4.4008,2.7238,2.6497,0.0179,0.0179,137811.7598,137811.7598,62883.6932,7714702.3136,7714702.3136,,,3.279
600150,中国船舶,船舶,上海,19980520,600150.SH,20150519,53.0,54.6,52.0,54.2,51.92,2.28,4.39,550414.99,2966944.459,3.994,8.7529,1.29,1690.3239,529.7346,4.2609,2.6372,2.5654,0.0185,0.0185,137811.7598,137811.7598,62883.6932,7469397.3812,7469397.3812,,,3.279
600150,中国船舶,船舶,上海,19980520,600150.SH,20150518,52.35,54.6,51.9,51.92,52.35,-0.43,-0.82,415486.63,2208954.614,3.0149,6.6072,0.96,1619.218,507.4506,4.0816,2.5262,2.4575,0.0193,0.0193,137811.7598,137811.7598,62883.6932,7155186.5688,7155186.5688,,,3.279
600150,中国船舶,船舶,上海,19980520,600150.SH,20150515,51.9,53.57,51.85,52.35,51.88,0.47,0.91,341349.27,1798282.77,2.4769,5.4283,0.76,1632.6283,511.6533,4.1155,2.5471,2.4778,0.0191,0.0191,137811.7598,137811.7598,62883.6932,7214445.6255,7214445.6255,,,3.279
600150,中国船舶,船舶,上海,19980520,600150.SH,20150514,52.69,52.9,51.15,51.88,53.26,-1.38,-2.59,338584.71,1760129.152,2.4569,5.3843,0.71,1617.9705,507.0596,4.0785,2.5243,2.4556,0.0193,0.0193,137811.7598,137811.7598,62883.6932,7149674.0984,7149674.0984,,,3.279
600150,中国船舶,船舶,上海,19980520,600150.SH,20150513,54.65,56.18,52.71,53.26,55.24,-1.98,-3.58,473586.17,2572520.222,3.4365,7.5311,0.96,1661.0083,520.5473,4.187,2.5914,2.5209,0.0188,0.0188,137811.7598,137811.7598,62883.6932,7339854.3269,7339854.3269,,,3.279
600150,中国船舶,船舶,上海,19980520,600150.SH,20150512,52.68,56.0,51.8,55.24,52.64,2.6,4.94,565328.51,3048453.68,4.1022,8.9901,1.16,1722.7581,539.8993,4.3426,2.6878,2.6146,0.0181,0.0181,137811.7598,137811.7598,62883.6932,7612721.6114,7612721.6114,,,3.279
600150,中国船舶,船舶,上海,19980520,600150.SH,20150511,51.7,52.95,50.5,52.64,51.28,1.36,2.65,454898.46,2352664.193,3.3009,7.234,0.84,1641.6725,514.4876,4.1382,2.5613,2.4916,0.019,0.019,137811.7598,137811.7598,62883.6932,7254411.0359,7254411.0359,,,3.279
600150,中国船舶,船舶,上海,19980520,600150.SH,20150508,50.13,51.98,49.35,51.28,50.12,1.16,2.31,415582.09,2105889.87,3.0156,6.6087,0.78,1599.2584,501.1954,4.0313,2.4951,2.4272,0.0195,0.0195,137811.7598,137811.7598,62883.6932,7066987.0425,7066987.0425,,,3.279
600150,中国船舶,船舶,上海,19980520,600150.SH,20150507,53.68,53.68,50.0,50.12,53.68,-3.56,-6.63,467030.76,2389765.013,3.3889,7.4269,0.88,1563.0818,489.8579,3.9401,2.4386,2.3723,0.02,0.02,137811.7598,137811.7598,62883.6932,6907125.4012,6907125.4012,,,3.279
600150,中国船舶,船舶,上海,19980520,600150.SH,20150506,57.67,59.0,53.1,53.68,57.73,-4.05,-7.02,555530.94,3083539.77,4.0311,8.8343,0.96,1674.1067,524.6523,4.22,2.6119,2.5408,0.0186,0.0186,137811.7598,137811.7598,62883.6932,7397735.2661,7397735.2661,,,3.279
600150,中国船舶,船舶,上海,19980520,600150.SH,20150505,61.25,61.25,57.6,57.73,61.47,-3.74,-6.08,534225.13,3160738.91,3.8765,8.4954,0.84,1800.4132,564.2358,4.5384,2.8089,2.7325,0.0173,0.0173,137811.7598,137811.7598,62883.6932,7955872.8933,7955872.8933,,,3.279
600150,中国船舶,船舶,上海,19980520,600150.SH,20150504,56.65,62.7,56.5,61.47,57.03,4.44,7.79,720522.61,4343034.0,5.2283,11.458,1.23,1917.0518,600.7894,4.8324,2.9909,2.9095,0.0163,0.0163,137811.7598,137811.7598,62883.6932,8471288.8749,8471288.8749,,,3.279
600150,中国船舶,船舶,上海,19980520,600150.SH,20150430,56.34,59.8,56.34,57.03,56.82,0.21,0.37,397700.95,2316178.723,2.8858,6.3244,0.64,1778.5825,557.3942,4.4834,2.7749,2.6994,0.0175,0.0175,137811.7598,137811.7598,62883.6932,7859404.6614,7859404.6614,,,3.279
600150,中国船舶,船舶,上海,19980520,600150.SH,20150429,57.35,57.4,55.37,56.82,58.25,-1.43,-2.45,459436.84,2599026.345,3.3338,7.3061,0.7,1772.0332,555.3417,4.4669,2.7646,2.6894,0.0176,0.0176,137811.7598,137811.7598,62883.6932,7830464.1918,7830464.1918,,,3.279
600150,中国船舶,船舶,上海,19980520,600150.SH,20150428,57.5,63.0,57.33,58.25,59.65,-1.4,-2.35,786672.3,4695949.001,5.7083,12.51,1.2,1816.6304,569.3181,4.5793,2.8342,2.7571,0.0172,0.0172,137811.7598,137811.7598,62883.6932,8027535.0084,8027535.0084,,,3.279
600150,中国船舶,船舶,上海,19980520,600150.SH,20150427,56.83,60.0,56.08,59.65,54.63,5.02,9.19,815693.27,4762085.678,5.9189,13.471,1.05,1860.2919,583.0013,4.6893,2.9023,2.8234,0.0168,0.0168,137811.7598,137811.7598,60551.9429,8220471.4721,8220471.4721,,,3.279
600150,中国船舶,船舶,上海,19980520,600150.SH,20150424,53.6,56.03,53.08,54.63,54.56,0.07,0.13,480424.0,2631386.728,3.4861,7.9341,0.54,1703.7342,1703.7342,4.3264,2.6581,2.6581,0.0183,0.0183,137811.7598,137811.7598,60551.9429,7528656.4379,7528656.4379,,,3.279
600150,中国船舶,船舶,上海,19980520,600150.SH,20150423,55.56,56.49,53.7,54.56,55.56,-1.0,-1.8,552910.32,3031777.766,4.0121,9.1312,0.6,1701.5511,1701.5511,4.3208,2.6547,2.6547,0.0183,0.0183,137811.7598,137811.7598,60551.9429,7519009.6147,7519009.6147,,,3.279
600150,中国船舶,船舶,上海,19980520,600150.SH,20150422,54.3,58.4,53.66,55.56,54.33,1.23,2.26,651827.74,3679026.698,4.7298,10.7648,0.73,1732.7379,1732.7379,4.4,2.7033,2.7033,0.018,0.018,137811.7598,137811.7598,60551.9429,7656821.3745,7656821.3745,,,3.279
600150,中国船舶,船舶,上海,19980520,600150.SH,20150421,55.74,57.24,52.8,54.33,56.45,-2.12,-3.76,775991.19,4209969.071,5.6308,12.8153,0.88,1694.3781,1694.3781,4.3026,2.6435,2.6435,0.0184,0.0184,137811.7598,137811.7598,60551.9429,7487312.9099,7487312.9099,,,3.279
600150,中国船舶,船舶,上海,19980520,600150.SH,20150420,54.22,59.64,51.5,56.45,54.22,2.23,4.11,1432117.28,8174755.989,10.3918,23.6511,2.1,1760.4941,1760.4941,4.4705,2.7466,2.7466,0.0177,0.0177,137811.7598,137811.7598,60551.9429,7779473.8407,7779473.8407,,,3.279
600150,中国船舶,船舶,上海,19980520,600150.SH,20150417,49.88,54.22,49.3,54.22,49.29,4.93,10.0,1049789.59,5535263.959,7.6176,17.337,1.94,1690.9476,1690.9476,4.2939,2.6381,2.6381,0.0184,0.0184,137811.7598,137811.7598,60551.9429,7472153.6164,7472153.6164,,,3.279
600150,中国船舶,船舶,上海,19980520,600150.SH,20150416,45.54,50.57,45.01,49.29,46.22,3.07,6.64,727557.21,3519751.239,5.2794,12.0154,1.5,1537.1967,1537.1967,3.9035,2.3983,2.3983,0.0203,0.0203,137811.7598,137811.7598,60551.9429,6792741.6405,6792741.6405,,,3.279
600150,中国船舶,船舶,上海,19980520,600150.SH,20150415,48.66,48.66,46.11,46.22,48.92,-2.7,-5.52,450099.14,2125097.524,3.266,7.4333,0.9,1441.4533,1441.4533,3.6603,2.2489,2.2489,0.0216,0.0216,137811.7598,137811.7598,60551.9429,6369659.538,6369659.538,,,3.279
600150,中国船舶,船舶,上海,19980520,600150.SH,20150414,45.96,50.36,45.8,48.92,46.25,2.67,5.77,736454.89,3601006.831,5.3439,12.1624,1.58,1525.6576,1525.6576,3.8742,2.3803,2.3803,0.0204,0.0204,137811.7598,137811.7598,60551.9429,6741751.2894,6741751.2894,,,3.279
600150,中国船舶,船舶,上海,19980520,600150.SH,20150413,45.89,46.66,45.01,46.25,45.73,0.52,1.14,441959.0,2036270.19,3.207,7.2988,0.87,1442.3889,1442.3889,3.6627,2.2503,2.2503,0.0216,0.0216,137811.7598,137811.7598,60551.9429,6373793.8908,6373793.8908,,,3.279
600150,中国船舶,船舶,上海,19980520,600150.SH,20150410,44.74,46.31,44.72,45.73,44.69,1.04,2.33,350298.09,1601560.53,2.5419,5.7851,0.66,1426.1718,1426.1718,3.6215,2.225,2.225,0.0219,0.0219,137811.7598,137811.7598,60551.9429,6302131.7757,6302131.7757,,,3.279
600150,中国船舶,船舶,上海,19980520,600150.SH,20150409,46.31,46.47,43.85,44.69,46.21,-1.52,-3.29,440824.63,1977807.692,3.1987,7.2801,0.81,1393.7375,1393.7375,3.5392,2.1744,2.1744,0.0224,0.0224,137811.7598,137811.7598,60551.9429,6158807.5455,6158807.5455,,,3.279
600150,中国船舶,船舶,上海,19980520,600150.SH,20150408,47.5,47.5,45.46,46.21,47.58,-1.37,-2.88,520696.52,2420252.166,3.7783,8.5992,0.94,1441.1414,1441.1414,3.6595,2.2484,2.2484,0.0216,0.0216,137811.7598,137811.7598,60551.9429,6368281.4204,6368281.4204,,,3.279
600150,中国船舶,船舶,上海,19980520,600150.SH,20150407,47.14,48.3,46.31,47.58,47.09,0.49,1.04,571892.68,2703759.045,4.1498,9.4447,0.95,1483.8673,1483.8673,3.768,2.3151,2.3151,0.021,0.021,137811.7598,137811.7598,60551.9429,6557083.5313,6557083.5313,,,3.279
600150,中国船舶,船舶,上海,19980520,600150.SH,20150403,45.43,47.39,45.12,47.09,45.38,1.71,3.77,670384.44,3102176.835,4.8645,11.0712,0.93,1468.5858,1468.5858,3.7292,2.2912,2.2912,0.0212,0.0212,137811.7598,137811.7598,60551.9429,6489555.769,6489555.769,,,3.279
600150,中国船舶,船舶,上海,19980520,600150.SH,20150402,45.58,46.2,44.77,45.38,45.37,0.01,0.02,465373.0,2115100.75,3.3769,7.6855,0.63,1415.2564,1415.2564,3.5938,2.208,2.208,0.022,0.022,137811.7598,137811.7598,60551.9429,6253897.6597,6253897.6597,,,3.279
600150,中国船舶,船舶,上海,19980520,600150.SH,20150401,44.9,46.2,44.21,45.37,45.02,0.35,0.78,485016.91,2192959.375,3.5194,8.0099,0.6,1414.9445,1414.9445,3.593,2.2075,2.2075,0.022,0.022,137811.7598,137811.7598,60551.9429,6252519.5421,6252519.5421,,,3.279
600150,中国船舶,船舶,上海,19980520,600150.SH,20150331,45.5,46.45,44.68,45.02,45.81,-0.79,-1.72,584683.53,2657919.531,4.2426,9.6559,0.73,1404.0292,1404.0292,3.5653,2.1905,2.1905,0.0222,0.0222,137811.7598,137811.7598,60551.9429,6204285.4262,6204285.4262,,,3.279
600150,中国船舶,船舶,上海,19980520,600150.SH,20150330,44.0,47.52,43.4,45.81,44.58,1.23,2.76,805144.01,3667300.267,5.8423,13.2967,1.11,1428.6667,1428.6667,3.6279,2.2289,2.2289,0.0218,0.0218,137811.7598,137811.7598,60551.9429,6313156.7164,6313156.7164,,,3.279
600150,中国船舶,船舶,上海,19980520,600150.SH,20150327,48.0,49.8,43.98,44.58,46.46,-1.88,-4.05,1256756.53,5855336.686,9.1194,20.755,2.21,1390.307,1390.307,3.5305,2.1691,2.1691,0.0224,0.0224,137811.7598,137811.7598,60551.9429,6143648.2519,6143648.2519,,,3.279
600150,中国船舶,船舶,上海,19980520,600150.SH,20150326,44.35,46.46,44.35,46.46,42.24,4.22,9.99,553441.4,2551941.98,4.0159,9.1399,0.99,1448.9381,1448.9381,3.6793,2.2606,2.2606,0.0215,0.0215,137811.7598,137811.7598,60551.9429,6402734.3603,6402734.3603,,,3.279
600150,中国船舶,船舶,上海,19980520,600150.SH,20150325,39.51,43.4,39.35,42.24,39.47,2.77,7.02,834921.4,3430863.01,6.0584,13.7885,1.72,1317.3299,1317.3299,3.3451,2.0552,2.0552,0.0237,0.0237,137811.7598,137811.7598,60551.9429,5821168.734,5821168.734,,,3.279
600150,中国船舶,船舶,上海,19980520,600150.SH,20150324,39.1,39.99,38.5,39.47,39.02,0.45,1.15,555575.7,2184785.572,4.0314,9.1752,1.15,1230.9425,1230.9425,3.1258,1.9205,1.9205,0.0253,0.0253,137811.7598,137811.7598,60551.9429,5439430.1593,5439430.1593,,,3.279
600150,中国船舶,船舶,上海,19980520,600150.SH,20150323,38.9,39.11,38.49,39.02,38.79,0.23,0.59,432340.42,1677987.21,3.1372,7.14,0.93,1216.9084,1216.9084,3.0901,1.8986,1.8986,0.0256,0.0256,137811.7598,137811.7598,60551.9429,5377414.8674,5377414.8674,42.68,34.92,3.279
600150,中国船舶,船舶,上海,19980520,600150.SH,20150320,39.19,39.41,38.46,38.79,39.17,-0.38,-0.97,469122.23,1820513.111,3.4041,7.7474,1.15,1209.7355,1209.7355,3.0719,1.8874,1.8874,0.0258,0.0258,137811.7598,137811.7598,60551.9429,5345718.1626,5345718.1626,,,3.279
600150,中国船舶,船舶,上海,19980520,600150.SH,20150319,38.93,39.96,38.54,39.17,38.89,0.28,0.72,490449.26,1922695.573,3.5588,8.0996,1.4,1221.5865,1221.5865,3.102,1.9059,1.9059,0.0255,0.0255,137811.7598,137811.7598,60551.9429,5398086.6314,5398086.6314,,,3.279
600150,中国船舶,船舶,上海,19980520,600150.SH,20150318,38.38,38.91,38.01,38.89,38.3,0.59,1.54,477146.14,1838411.466,3.4623,7.8799,1.57,1212.8542,1212.8542,3.0798,1.8922,1.8922,0.0257,0.0257,137811.7598,137811.7598,60551.9429,5359499.3386,5359499.3386,,,3.279
600150,中国船舶,船舶,上海,19980520,600150.SH,20150317,37.75,38.85,37.35,38.3,37.47,0.83,2.22,544887.02,2084778.063,3.9538,8.9987,2.09,1194.454,1194.454,3.0331,1.8635,1.8635,0.0261,0.0261,137811.7598,137811.7598,60551.9429,5278190.4003,5278190.4003,,,3.279
600150,中国船舶,船舶,上海,19980520,600150.SH,20150316,36.94,37.56,36.52,37.47,36.94,0.53,1.43,342861.36,1274968.555,2.4879,5.6623,1.21,1168.5689,1168.5689,2.9674,1.8231,1.8231,0.0267,0.0267,137811.7598,137811.7598,60551.9429,5163806.6397,5163806.6397,,,3.279
600150,中国船舶,船舶,上海,19980520,600150.SH,20150313,37.3,37.49,36.8,36.94,37.17,-0.23,-0.62,184558.81,684179.059,1.3392,3.0479,0.67,1287.6559,312.3401,2.9131,2.2933,1.8224,0.0271,0.0271,137811.7598,137811.7598,60551.9429,5090766.407,5090766.407,,,3.279
600150,中国船舶,船舶,上海,19980520,600150.SH,20150312,37.35,37.45,36.86,37.17,37.06,0.11,0.3,200723.38,745969.427,1.4565,3.3149,0.71,1295.6732,314.2849,2.9312,2.3076,1.8338,0.0269,0.0269,137811.7598,137811.7598,60551.9429,5122463.1118,5122463.1118,,,3.279
600150,中国船舶,船舶,上海,19980520,600150.SH,20150311,36.99,37.55,36.67,37.06,37.0,0.06,0.16,246515.96,915139.7,1.7888,4.0711,0.88,1291.8389,313.3548,2.9225,2.3008,1.8283,0.027,0.027,137811.7598,137811.7598,60551.9429,5107303.8182,5107303.8182,,,3.279
600150,中国船舶,船舶,上海,19980520,600150.SH,20150310,37.9,37.9,36.7,37.0,37.9,-0.9,-2.37,330653.04,1233653.661,2.3993,5.4607,1.23,1289.7474,312.8475,2.9178,2.2971,1.8254,0.027,0.027,137811.7598,137811.7598,60551.9429,5099035.1126,5099035.1126,,,3.279
600150,中国船舶,船舶,上海,19980520,600150.SH,20150309,35.6,38.08,34.67,37.9,35.63,2.27,6.37,452267.33,1663624.819,3.2818,7.4691,2.01,1321.1196,320.4573,2.9888,2.3529,1.8698,0.0264,0.0264,137811.7598,137811.7598,60551.9429,5223065.6964,5223065.6964,,,3.279
600150,中国船舶,船舶,上海,19980520,600150.SH,20150306,35.63,36.2,35.52,35.63,35.63,0.0,0.0,138985.52,497792.51,1.0085,2.2953,0.55,1241.9919,301.2636,2.8098,2.212,1.7578,0.0281,0.0281,137811.7598,137811.7598,60551.9429,4910233.0017,4910233.0017,,,3.279
600150,中国船舶,船舶,上海,19980520,600150.SH,20150305,36.71,36.71,35.1,35.63,36.69,-1.06,-2.89,244676.29,875493.268,1.7754,4.0408,1.02,1241.9919,301.2636,2.8098,2.212,1.7578,0.0281,0.0281,137811.7598,137811.7598,60551.9429,4910233.0017,4910233.0017,,,3.279
600150,中国船舶,船舶,上海,19980520,600150.SH,20150304,36.92,37.37,36.13,36.69,36.46,0.23,0.63,227479.64,835112.451,1.6507,3.7568,1.0,1278.9414,310.2263,2.8934,2.2778,1.8101,0.0273,0.0273,137811.7598,137811.7598,60551.9429,5056313.4671,5056313.4671,,,3.279
600150,中国船舶,船舶,上海,19980520,600150.SH,20150303,37.0,37.4,36.39,36.46,36.99,-0.53,-1.43,276599.75,1021832.108,2.0071,4.568,1.43,1270.924,308.2816,2.8752,2.2635,1.7987,0.0274,0.0274,137811.7598,137811.7598,60551.9429,5024616.7623,5024616.7623,,,3.279
600150,中国船舶,船舶,上海,19980520,600150.SH,20150302,36.7,37.06,36.17,36.99,36.7,0.29,0.79,237652.61,869614.804,1.7245,3.9248,1.35,1289.3988,312.7629,2.917,2.2964,1.8249,0.027,0.027,137811.7598,137811.7598,60551.9429,5097656.995,5097656.995,,,3.279
600150,中国船舶,船舶,上海,19980520,600150.SH,20150227,36.19,37.87,36.15,36.7,36.36,0.34,0.94,277078.32,1028414.393,2.0106,4.5759,1.71,1279.29,310.3109,2.8941,2.2784,1.8106,0.0272,0.0272,137811.7598,137811.7598,60551.9429,5057691.5847,5057691.5847,,,3.279
600150,中国船舶,船舶,上海,19980520,600150.SH,20150226,35.63,36.39,35.41,36.36,35.63,0.73,2.05,185912.86,666011.639,1.349,3.0703,1.25,1267.4382,307.436,2.8673,2.2573,1.7938,0.0275,0.0275,137811.7598,137811.7598,60551.9429,5010835.5863,5010835.5863,,,3.279
600150,中国船舶,船舶,上海,19980520,600150.SH,20150225,35.51,36.13,35.17,35.63,35.41,0.22,0.62,159723.88,570103.995,1.159,2.6378,1.15,1241.9919,301.2636,2.8098,2.212,1.7578,0.0281,0.0281,137811.7598,137811.7598,60551.9429,4910233.0017,4910233.0017,,,3.279
600150,中国船舶,船舶,上海,19980520,600150.SH,20150217,35.51,35.75,35.3,35.41,35.51,-0.1,-0.28,106961.82,379760.58,0.7761,1.7664,0.75,1234.3231,299.4035,2.7924,2.1983,1.7469,0.0282,0.0282,137811.7598,137811.7598,60551.9429,4879914.4145,4879914.4145,,,3.279
600150,中国船舶,船舶,上海,19980520,600150.SH,20150216,35.29,35.73,35.08,35.51,35.28,0.23,0.65,148481.58,526306.724,1.0774,2.4521,1.04,1237.8089,300.249,2.8003,2.2046,1.7519,0.0282,0.0282,137811.7598,137811.7598,60551.9429,4893695.5905,4893695.5905,,,3.279
600150,中国船舶,船舶,上海,19980520,600150.SH,20150213,34.55,35.66,34.43,35.28,34.42,0.86,2.5,209780.42,738824.164,1.5222,3.4645,1.34,1229.7915,298.3043,2.7822,2.1903,1.7405,0.0283,0.0283,137811.7598,137811.7598,60551.9429,4861998.8857,4861998.8857,,,3.279
600150,中国船舶,船舶,上海,19980520,600150.SH,20150212,34.42,34.66,34.06,34.42,34.47,-0.05,-0.15,120341.08,412526.464,0.8732,1.9874,0.67,1199.8136,291.0327,2.7143,2.1369,1.6981,0.0291,0.0291,137811.7598,137811.7598,60551.9429,4743480.7723,4743480.7723,,,3.279
600150,中国船舶,船舶,上海,19980520,600150.SH,20150211,34.79,34.86,34.01,34.47,34.46,0.01,0.03,111440.56,383060.16,0.8086,1.8404,0.55,1201.5565,291.4555,2.7183,2.14,1.7006,0.029,0.029,137811.7598,137811.7598,60551.9429,4750371.3603,4750371.3603,,,3.279
600150,中国船舶,船舶,上海,19980520,600150.SH,20150210,33.9,34.5,33.71,34.46,33.71,0.75,2.22,127723.68,437194.197,0.9268,2.1093,0.57,1201.208,291.3709,2.7175,2.1394,1.7001,0.029,0.029,137811.7598,137811.7598,60551.9429,4748993.2427,4748993.2427,,,3.279
600150,中国船舶,船舶,上海,19980520,600150.SH,20150209,33.8,34.13,33.55,33.71,33.86,-0.15,-0.44,146914.55,497919.207,1.0661,2.4263,0.64,1175.0644,285.0294,2.6584,2.0928,1.6631,0.0297,0.0297,137811.7598,137811.7598,60551.9429,4645634.4229,4645634.4229,,,3.279
600150,中国船舶,船舶,上海,19980520,600150.SH,20150206,34.38,34.7,33.61,33.86,35.14,-1.28,-3.64,278672.28,946802.868,2.0221,4.6022,1.29,1180.2931,286.2977,2.6702,2.1021,1.6705,0.0295,0.0295,137811.7598,137811.7598,60551.9429,4666306.1868,4666306.1868,,,3.279
600150,中国船舶,船舶,上海,19980520,600150.SH,20150205,36.12,36.52,34.95,35.14,35.96,-0.82,-2.28,238633.51,849866.016,1.7316,3.941,1.1,1224.9114,297.1205,2.7711,2.1816,1.7336,0.0285,0.0285,137811.7598,137811.7598,60551.9429,4842705.2394,4842705.2394,,,3.279
600150,中国船舶,船舶,上海,19980520,600150.SH,20150204,36.11,37.0,35.81,35.96,36.1,-0.14,-0.39,227533.12,826596.151,1.651,3.7577,0.8,1253.495,304.0539,2.8358,2.2325,1.7741,0.0278,0.0278,137811.7598,137811.7598,60551.9429,4955710.8824,4955710.8824,,,3.279
600150,中国船舶,船舶,上海,19980520,600150.SH,20150203,36.5,36.7,35.22,36.1,36.1,0.0,0.0,222154.42,795283.396,1.612,3.6688,0.72,1258.3751,305.2377,2.8468,2.2412,1.781,0.0277,0.0277,137811.7598,137811.7598,60551.9429,4975004.5288,4975004.5288,,,3.279
600150,中国船舶,船舶,上海,19980520,600150.SH,20150202,37.0,37.0,35.88,36.1,36.11,-0.01,-0.03,178585.03,649833.246,1.2959,2.9493,0.54,1258.3751,305.2377,2.8468,2.2412,1.781,0.0277,0.0277,137811.7598,137811.7598,60551.9429,4975004.5288,4975004.5288,,,3.279
600150,中国船舶,船舶,上海,19980520,600150.SH,20150130,37.6,37.85,36.0,36.11,37.28,-1.17,-3.14,211285.35,778540.402,1.5331,3.4893,0.59,1258.7237,305.3222,2.8476,2.2418,1.7815,0.0277,0.0277,137811.7598,137811.7598,60551.9429,4976382.6464,4976382.6464,,,3.279
600150,中国船舶,船舶,上海,19980520,600150.SH,20150129,37.45,38.0,37.12,37.28,38.4,-1.12,-2.92,240634.61,902064.471,1.7461,3.974,0.57,1299.5076,315.2149,2.9399,2.3144,1.8392,0.0268,0.0268,137811.7598,137811.7598,60551.9429,5137622.4053,5137622.4053,,,3.279
600150,中国船舶,船舶,上海,19980520,600150.SH,20150128,38.43,39.58,38.2,38.4,38.14,0.26,0.68,567874.64,2214158.845,4.1207,9.3783,1.5,1338.5486,324.6849,3.0282,2.384,1.8944,0.026,0.026,137811.7598,137811.7598,60551.9429,5291971.5763,5291971.5763,,,3.279
600150,中国船舶,船舶,上海,19980520,600150.SH,20150127,38.0,38.47,37.56,38.14,37.87,0.27,0.71,345758.87,1316182.883,2.5089,5.7101,0.98,1329.4855,322.4865,3.0077,2.3678,1.8816,0.0262,0.0262,137811.7598,137811.7598,60551.9429,5256140.5188,5256140.5188,,,3.279
600150,中国船舶,船舶,上海,19980520,600150.SH,20150126,37.82,38.24,37.27,37.87,37.37,0.5,1.34,273666.46,1036443.041,1.9858,4.5195,0.77,1320.0739,320.2036,2.9864,2.3511,1.8683,0.0264,0.0264,137811.7598,137811.7598,60551.9429,5218931.3436,5218931.3436,,,3.279
600150,中国船舶,船舶,上海,19980520,600150.SH,20150123,38.16,38.5,37.15,37.37,38.33,-0.96,-2.5,369698.95,1398333.104,2.6826,6.1055,1.15,1302.6448,315.9759,2.947,2.32,1.8436,0.0268,0.0268,137811.7598,137811.7598,60551.9429,5150025.4637,5150025.4637,,,3.279
600150,中国船舶,船舶,上海,19980520,600150.SH,20150122,37.01,39.28,36.4,38.33,36.54,1.79,4.9,570267.4,2152404.994,4.138,9.4178,2.38,1336.1086,324.0931,3.0227,2.3796,1.891,0.0261,0.0261,137811.7598,137811.7598,60551.9429,5282324.7531,5282324.7531,,,3.279
600150,中国船舶,船舶,上海,19980520,600150.SH,20150121,35.1,36.84,35.0,36.54,35.27,1.27,3.6,333636.42,1211649.829,2.421,5.5099,1.64,1273.7127,308.958,2.8815,2.2685,1.8027,0.0274,0.0274,137811.7598,137811.7598,60551.9429,5035641.7031,5035641.7031,,,3.279
600150,中国船舶,船舶,上海,19980520,600150.SH,20150120,33.99,35.41,33.99,35.27,33.88,1.39,4.1,223158.41,777486.878,1.6193,3.6854,1.16,1229.443,298.2197,2.7814,2.1897,1.74,0.0284,0.0284,137811.7598,137811.7598,60551.9429,4860620.7681,4860620.7681,,,3.279
600150,中国船舶,船舶,上海,19980520,600150.SH,20150119,35.0,36.3,33.0,33.88,36.37,-2.49,-6.85,283315.49,986180.78,2.0558,4.6789,1.54,1180.9903,286.4668,2.6718,2.1034,1.6714,0.0295,0.0295,137811.7598,137811.7598,60551.9429,4669062.422,4669062.422,,,3.279
600150,中国船舶,船舶,上海,19980520,600150.SH,20150116,36.08,36.58,35.81,36.37,36.07,0.3,0.83,197361.05,714490.103,1.4321,3.2594,0.89,1267.7868,307.5206,2.8681,2.2579,1.7943,0.0275,0.0275,137811.7598,137811.7598,60551.9429,5012213.7039,5012213.7039,,,3.279
600150,中国船舶,船舶,上海,19980520,600150.SH,20150115,35.85,36.15,35.43,36.07,35.45,0.62,1.75,160448.88,574720.949,1.1643,2.6498,0.68,1257.3294,304.984,2.8445,2.2393,1.7795,0.0277,0.0277,137811.7598,137811.7598,60551.9429,4970870.176,4970870.176,,,3.279
600150,中国船舶,船舶,上海,19980520,600150.SH,20150114,35.57,36.3,35.3,35.45,35.56,-0.11,-0.31,153084.8,547359.208,1.1108,2.5282,0.6,1235.7174,299.7417,2.7956,2.2008,1.7489,0.0282,0.0282,137811.7598,137811.7598,60551.9429,4885426.8849,4885426.8849,,,3.279
600150,中国船舶,船舶,上海,19980520,600150.SH,20150113,35.48,36.45,35.4,35.56,35.51,0.05,0.14,171696.03,616053.281,1.2459,2.8355,0.58,1239.5518,300.6718,2.8042,2.2077,1.7543,0.0281,0.0281,137811.7598,137811.7598,60551.9429,4900586.1785,4900586.1785,,,3.279
600150,中国船舶,船舶,上海,19980520,600150.SH,20150112,35.89,36.69,35.4,35.51,36.45,-0.94,-2.58,237491.32,849196.157,1.7233,3.9221,0.76,1237.8089,300.249,2.8003,2.2046,1.7519,0.0282,0.0282,137811.7598,137811.7598,60551.9429,4893695.5905,4893695.5905,,,3.279
600150,中国船舶,船舶,上海,19980520,600150.SH,20150109,36.0,38.25,35.82,36.45,36.26,0.19,0.52,390723.0,1459406.776,2.8352,6.4527,1.4,1270.5755,308.197,2.8744,2.2629,1.7982,0.0274,0.0274,137811.7598,137811.7598,60551.9429,5023238.6447,5023238.6447,,,3.279
600150,中国船舶,船舶,上海,19980520,600150.SH,20150108,36.8,37.4,36.12,36.26,36.99,-0.73,-1.97,222751.73,817001.296,1.6163,3.6787,0.8,1263.9524,306.5905,2.8595,2.2511,1.7889,0.0276,0.0276,137811.7598,137811.7598,60551.9429,4997054.4103,4997054.4103,,,3.279
600150,中国船舶,船舶,上海,19980520,600150.SH,20150107,37.39,37.68,36.8,36.99,37.69,-0.7,-1.86,245333.34,909132.931,1.7802,4.0516,0.83,1289.3988,312.7629,2.917,2.2964,1.8249,0.027,0.027,137811.7598,137811.7598,60551.9429,5097656.995,5097656.995,,,3.279
600150,中国船舶,船舶,上海,19980520,600150.SH,20150106,36.87,38.29,36.18,37.69,37.01,0.68,1.84,380277.02,1423765.429,2.7594,6.2802,1.17,1313.7994,318.6816,2.9722,2.3399,1.8594,0.0265,0.0265,137811.7598,137811.7598,60551.9429,5194125.2269,5194125.2269,,,3.279
600150,中国船舶,船舶,上海,19980520,600150.SH,20150105,36.7,37.43,35.51,37.01,36.86,0.15,0.41,323283.33,1182037.818,2.3458,5.3389,1.07,1290.096,312.932,2.9186,2.2977,1.8259,0.027,0.027,137811.7598,137811.7598,60551.9429,5100413.2302,5100413.2302,,,3.279
600150,中国船舶,船舶,上海,19980520,600150.SH,20141231,36.68,37.6,36.58,36.86,36.44,0.42,1.15,225752.9,836131.584,1.6381,3.7283,0.72,1284.8672,311.6637,2.9068,2.2884,1.8185,0.0271,0.0271,137811.7598,137811.7598,60551.9429,5079741.4662,5079741.4662,,,3.279
600150,中国船舶,船舶,上海,19980520,600150.SH,20141230,37.09,37.8,36.01,36.44,37.37,-0.93,-2.49,221707.88,815906.191,1.6088,3.6614,0.63,1270.2269,308.1125,2.8736,2.2623,1.7977,0.0274,0.0274,137811.7598,137811.7598,60551.9429,5021860.5271,5021860.5271,,,3.279
600150,中国船舶,船舶,上海,19980520,600150.SH,20141229,37.78,38.27,37.08,37.37,38.27,-0.9,-2.35,332909.57,1252046.556,2.4157,5.4979,0.92,1302.6448,315.9759,2.947,2.32,1.8436,0.0268,0.0268,137811.7598,137811.7598,60551.9429,5150025.4637,5150025.4637,,,3.279
600150,中国船舶,船舶,上海,19980520,600150.SH,20141226,35.8,38.95,35.8,38.27,35.58,2.69,7.56,527917.73,1973938.29,3.8307,8.7184,1.57,1334.0171,323.5857,3.018,2.3759,1.888,0.0261,0.0261,137811.7598,137811.7598,60551.9429,5274056.0475,5274056.0475,,,3.279
600150,中国船舶,船舶,上海,19980520,600150.SH,20141225,35.09,35.99,34.73,35.58,35.08,0.5,1.43,204322.13,724388.612,1.4826,3.3743,0.5,1240.249,300.8409,2.8058,2.2089,1.7553,0.0281,0.0281,137811.7598,137811.7598,60551.9429,4903342.4137,4903342.4137,,,3.279
600150,中国船舶,船舶,上海,19980520,600150.SH,20141224,34.8,35.36,33.68,35.08,34.8,0.28,0.8,289558.13,1003380.531,2.1011,4.782,0.68,1222.8199,296.6132,2.7664,2.1779,1.7306,0.0285,0.0285,137811.7598,137811.7598,60551.9429,4834436.5338,4834436.5338,,,3.279
600150,中国船舶,船舶,上海,19980520,600150.SH,20141223,37.21,37.21,34.7,34.8,37.52,-2.72,-7.25,392701.57,1405677.218,2.8496,6.4854,0.91,1213.0597,294.2457,2.7443,2.1605,1.7168,0.0287,0.0287,137811.7598,137811.7598,60551.9429,4795849.241,4795849.241,,,3.279
600150,中国船舶,船舶,上海,19980520,600150.SH,20141222,38.6,39.73,37.46,37.52,38.6,-1.08,-2.8,394805.62,1517804.755,2.8648,6.5201,0.96,1307.8736,317.2442,2.9588,2.3293,1.851,0.0267,0.0267,137811.7598,137811.7598,60551.9429,5170697.2277,5170697.2277,,,3.279
600150,中国船舶,船舶,上海,19980520,600150.SH,20141219,38.79,39.48,37.5,38.6,39.2,-0.6,-1.53,401140.13,1541340.773,2.9108,6.6247,1.03,1345.5202,326.376,3.044,2.3964,1.9043,0.0259,0.0259,137811.7598,137811.7598,60551.9429,5319533.9283,5319533.9283,,,3.279
600150,中国船舶,船舶,上海,19980520,600150.SH,20141218,37.86,40.58,37.58,39.2,37.76,1.44,3.81,561708.78,2205371.712,4.0759,9.2765,1.52,1366.4351,331.4492,3.0913,2.4336,1.9339,0.0255,0.0255,137811.7598,137811.7598,60551.9429,5402220.9842,5402220.9842,,,3.279
600150,中国船舶,船舶,上海,19980520,600150.SH,20141217,38.88,38.9,37.38,37.76,39.14,-1.38,-3.53,363463.39,1380567.256,2.6374,6.0025,0.84,1316.2395,319.2735,2.9777,2.3442,1.8629,0.0265,0.0265,137811.7598,137811.7598,60551.9429,5203772.05,5203772.05,,,3.279
600150,中国船舶,船舶,上海,19980520,600150.SH,20141216,37.77,39.96,37.54,39.14,37.8,1.34,3.55,441043.4,1719654.196,3.2003,7.2837,0.82,1364.3436,330.9419,3.0866,2.4299,1.9309,0.0255,0.0255,137811.7598,137811.7598,60551.9429,5393952.2786,5393952.2786,,,3.279
600150,中国船舶,船舶,上海,19980520,600150.SH,20141215,37.0,38.19,36.52,37.8,38.62,-0.82,-2.12,290859.14,1096524.347,2.1106,4.8035,0.41,1317.6338,319.6117,2.9809,2.3467,1.8648,0.0265,0.0265,137811.7598,137811.7598,60551.9429,5209284.5204,5209284.5204,,,3.279
600150,中国船舶,船舶,上海,19980520,600150.SH,20141212,38.22,38.73,37.8,38.62,38.26,0.36,0.94,293055.15,1120937.375,2.1265,4.8397,0.33,1346.2174,326.5451,3.0456,2.3976,1.9053,0.0259,0.0259,137811.7598,137811.7598,60551.9429,5322290.1635,5322290.1635,,,3.279
600150,中国船舶,船舶,上海,19980520,600150.SH,20141211,38.0,39.19,37.01,38.26,38.86,-0.6,-1.54,456216.76,1735702.046,3.3104,7.5343,0.51,1333.6685,323.5012,3.0172,2.3753,1.8875,0.0261,0.0261,137811.7598,137811.7598,60551.9429,5272677.9299,5272677.9299,,,3.279
600150,中国船舶,船舶,上海,19980520,600150.SH,20141210,38.18,40.41,35.68,38.86,39.57,-0.71,-1.79,675489.9,2572468.293,4.9015,11.1555,0.78,1354.5833,328.5744,3.0645,2.4125,1.9171,0.0257,0.0257,137811.7598,137811.7598,60551.9429,5355364.9858,5355364.9858,,,3.279
600150,中国船舶,船舶,上海,19980520,600150.SH,20141209,42.94,44.1,39.57,39.57,43.97,-4.4,-10.01,982159.49,4099779.852,7.1268,16.2201,1.36,1379.3325,334.5777,3.1205,2.4566,1.9522,0.0253,0.0253,137811.7598,137811.7598,60551.9429,5453211.3353,5453211.3353,,,3.279
600150,中国船舶,船舶,上海,19980520,600150.SH,20141208,42.29,45.55,42.28,43.97,41.53,2.44,5.88,1104111.52,4825375.202,8.0117,19.8387,1.92,1532.7079,371.7811,3.4675,2.7298,2.1692,0.0227,0.0227,137811.7598,137811.7598,55654.3256,6059583.0784,6059583.0784,,,3.279
600150,中国船舶,船舶,上海,19980520,600150.SH,20141205,38.33,41.53,36.16,41.53,37.75,3.78,10.01,1277947.41,5064453.253,9.2731,22.9622,3.31,1447.6543,351.1501,3.275,2.5783,2.0489,0.0241,0.0241,137811.7598,137811.7598,55654.3256,5723322.3845,5723322.3845,,,3.279
600150,中国船舶,船舶,上海,19980520,600150.SH,20141204,37.28,38.48,37.02,37.75,37.31,0.44,1.18,471619.89,1779097.838,3.4222,8.4741,1.18,1315.8909,319.189,2.977,2.3436,1.8624,0.0265,0.0265,137811.7598,137811.7598,55654.3256,5202393.9325,5202393.9325,,,3.279
600150,中国船舶,船舶,上海,19980520,600150.SH,20141203,36.21,37.9,36.0,37.31,36.28,1.03,2.84,486831.23,1808101.329,3.5326,8.7474,1.3,1300.5534,315.4686,2.9423,2.3163,1.8407,0.0268,0.0268,137811.7598,137811.7598,55654.3256,5141756.7581,5141756.7581,,,3.279
600150,中国船舶,船舶,上海,19980520,600150.SH,20141202,36.0,36.5,35.85,36.28,36.14,0.14,0.39,270445.54,977346.559,1.9624,4.8594,0.72,1264.6496,306.7596,2.861,2.2524,1.7899,0.0276,0.0276,137811.7598,137811.7598,55654.3256,4999810.6455,4999810.6455,,,3.279
600150,中国船舶,船舶,上海,19980520,600150.SH,20141201,37.26,37.26,35.67,36.14,37.48,-1.34,-3.58,365887.17,1327306.31,2.655,6.5743,1.0,1259.7695,305.5759,2.85,2.2437,1.7829,0.0277,0.0277,137811.7598,137811.7598,55654.3256,4980516.9992,4980516.9992,,,3.279
600150,中国船舶,船舶,上海,19980520,600150.SH,20141128,38.48,38.48,37.02,37.48,38.55,-1.07,-2.78,336884.54,1268872.415,2.4445,6.0532,1.03,1306.4792,316.906,2.9557,2.3269,1.8491,0.0267,0.0267,137811.7598,137811.7598,55654.3256,5165184.7573,5165184.7573,,,3.279
600150,中国船舶,船舶,上海,19980520,600150.SH,20141127,36.99,39.38,36.56,38.55,36.76,1.79,4.87,541862.58,2070296.001,3.9319,9.7362,2.16,1343.7773,325.9532,3.04,2.3933,1.9018,0.0259,0.0259,137811.7598,137811.7598,55654.3256,5312643.3403,5312643.3403,,,3.279
600150,中国船舶,船舶,上海,19980520,600150.SH,20141126,36.0,36.98,35.5,36.76,35.99,0.77,2.14,359152.45,1305118.785,2.6061,6.4533,1.69,1281.3814,310.8182,2.8989,2.2822,1.8135,0.0272,0.0272,137811.7598,137811.7598,55654.3256,5065960.2902,5065960.2902,,,3.279
600150,中国船舶,船舶,上海,19980520,600150.SH,20141125,35.9,36.7,35.55,35.99,35.98,0.01,0.03,275474.64,992401.741,1.9989,4.9497,1.42,1254.5408,304.3076,2.8382,2.2344,1.7755,0.0278,0.0278,137811.7598,137811.7598,55654.3256,4959845.2352,4959845.2352,,,3.279
600150,中国船舶,船舶,上海,19980520,600150.SH,20141124,35.2,36.09,34.9,35.98,34.89,1.09,3.12,312581.62,1113327.104,2.2682,5.6165,1.75,1254.1922,304.223,2.8374,2.2337,1.7751,0.0278,0.0278,137811.7598,137811.7598,55654.3256,4958467.1176,4958467.1176,,,3.279
600150,中国船舶,船舶,上海,19980520,600150.SH,20141121,34.5,35.25,34.38,34.89,34.67,0.22,0.63,148715.07,518296.983,1.0791,2.6721,0.66,1216.1969,295.0067,2.7514,2.1661,1.7213,0.0287,0.0287,137811.7598,137811.7598,55654.3256,4808252.2994,4808252.2994,,,3.279
600150,中国船舶,船舶,上海,19980520,600150.SH,20141120,35.4,35.4,34.5,34.67,35.48,-0.81,-2.28,159216.6,554173.666,1.1553,2.8608,0.64,1208.5281,293.1465,2.7341,2.1524,1.7104,0.0288,0.0288,137811.7598,137811.7598,55654.3256,4777933.7123,4777933.7123,,,3.279
600150,中国船舶,船舶,上海,19980520,600150.SH,20141119,35.26,35.89,35.0,35.48,35.26,0.22,0.62,167072.67,591389.732,1.2123,3.002,0.66,1236.7632,299.9953,2.7979,2.2027,1.7504,0.0282,0.0282,137811.7598,137811.7598,55654.3256,4889561.2377,4889561.2377,,,3.279
600150,中国船舶,船舶,上海,19980520,600150.SH,20141118,34.99,35.92,34.51,35.26,35.13,0.13,0.37,181921.26,644392.253,1.3201,3.2688,0.6,1229.0944,298.1352,2.7806,2.189,1.7395,0.0284,0.0284,137811.7598,137811.7598,55654.3256,4859242.6505,4859242.6505,,,3.279
600150,中国船舶,船舶,上海,19980520,600150.SH,20141117,35.15,36.0,33.88,35.13,35.26,-0.13,-0.37,234226.21,823940.408,1.6996,4.2086,0.77,1224.5628,297.036,2.7703,2.181,1.7331,0.0285,0.0285,137811.7598,137811.7598,55654.3256,4841327.1218,4841327.1218,,,3.279
600150,中国船舶,船舶,上海,19980520,600150.SH,20141114,33.7,36.29,33.6,35.26,33.92,1.34,3.95,379495.79,1336203.909,2.7537,6.8188,1.29,1229.0944,298.1352,2.7806,2.189,1.7395,0.0284,0.0284,137811.7598,137811.7598,55654.3256,4859242.6505,4859242.6505,,,3.279
600150,中国船舶,船舶,上海,19980520,600150.SH,20141113,35.32,35.39,33.77,33.92,35.31,-1.39,-3.94,282081.1,965011.348,2.0469,5.0684,0.96,1182.3846,286.805,2.6749,2.1058,1.6734,0.0295,0.0295,137811.7598,137811.7598,55654.3256,4674574.8924,4674574.8924,,,3.279
600150,中国船舶,船舶,上海,19980520,600150.SH,20141112,34.73,35.36,34.6,35.31,34.86,0.45,1.29,195107.15,683615.91,1.4158,3.5057,0.65,1230.8373,298.5579,2.7845,2.1921,1.742,0.0283,0.0283,137811.7598,137811.7598,55654.3256,4866133.2385,4866133.2385,,,3.279
600150,中国船舶,船舶,上海,19980520,600150.SH,20141111,37.59,37.59,34.58,34.86,37.24,-2.38,-6.39,425440.93,1508337.409,3.0871,7.6443,1.52,1215.1512,294.753,2.749,2.1642,1.7198,0.0287,0.0287,137811.7598,137811.7598,55654.3256,4804117.9466,4804117.9466,,,3.279
600150,中国船舶,船舶,上海,19980520,600150.SH,20141110,37.71,37.87,36.73,37.24,37.69,-0.45,-1.19,242132.3,898339.728,1.757,4.3506,0.73,1298.1133,314.8767,2.9367,2.312,1.8372,0.0269,0.0269,137811.7598,137811.7598,55654.3256,5132109.935,5132109.935,,,3.279
600150,中国船舶,船舶,上海,19980520,600150.SH,20141107,37.45,38.57,37.19,37.69,37.45,0.24,0.64,324387.9,1225666.227,2.3538,5.8286,1.0,1313.7994,318.6816,2.9722,2.3399,1.8594,0.0265,0.0265,137811.7598,137811.7598,55654.3256,5194125.2269,5194125.2269,,,3.279
600150,中国船舶,船舶,上海,19980520,600150.SH,20141106,38.5,38.6,37.05,37.45,38.34,-0.89,-2.32,285589.26,1070757.008,2.0723,5.1315,0.84,1305.4335,316.6524,2.9533,2.325,1.8476,0.0267,0.0267,137811.7598,137811.7598,55654.3256,5161050.4045,5161050.4045,,,3.279
600150,中国船舶,船舶,上海,19980520,600150.SH,20141105,38.05,39.04,38.05,38.34,38.19,0.15,0.39,215806.09,831144.046,1.5659,3.8776,0.54,1336.4571,324.1776,3.0235,2.3802,1.8915,0.0261,0.0261,137811.7598,137811.7598,55654.3256,5283702.8707,5283702.8707,,,3.278
600150,中国船舶,船舶,上海,19980520,600150.SH,20141104,38.86,38.87,37.9,38.19,39.33,-1.14,-2.9,328178.49,1256279.309,2.3814,5.8967,0.73,1331.2284,322.9093,3.0116,2.3709,1.8841,0.0262,0.0262,137811.7598,137811.7598,55654.3256,5263031.1068,5263031.1068,,,3.278
600150,中国船舶,船舶,上海,19980520,600150.SH,20141103,41.7,42.29,38.9,39.33,40.39,-1.06,-2.62,501625.21,2030832.802,3.6399,9.0132,1.27,1370.9666,332.5484,3.1015,2.4417,1.9403,0.0254,0.0254,137811.7598,137811.7598,55654.3256,5420136.5129,5420136.5129,,,3.278
600150,中国船舶,船舶,上海,19980520,600150.SH,20141031,40.48,41.38,39.65,40.39,40.64,-0.25,-0.62,288224.32,1160380.529,2.0914,5.1788,0.74,1407.9161,341.511,3.1851,2.5075,1.9926,0.0248,0.0248,137811.7598,137811.7598,55654.3256,5566216.9783,5566216.9783,,,3.278
600150,中国船舶,船舶,上海,19980520,600150.SH,20141030,41.64,42.35,40.34,40.64,41.58,-0.94,-2.26,357516.74,1471542.814,2.5942,6.4239,0.91,1416.6306,343.6249,3.2049,2.523,2.0049,0.0246,0.0246,137811.7598,137811.7598,55654.3256,5600669.9183,5600669.9183,,,3.278
600150,中国船舶,船舶,上海,19980520,600150.SH,20141029,41.47,41.97,40.82,41.58,41.47,0.11,0.27,506087.29,2102623.259,3.6723,9.0934,1.37,1449.3972,351.5729,3.279,2.5814,2.0513,0.0241,0.0241,137811.7598,137811.7598,55654.3256,5730212.9725,5730212.9725,,,3.278
600150,中国船舶,船舶,上海,19980520,600150.SH,20141028,38.08,41.68,38.07,41.47,37.89,3.58,9.45,608928.08,2448027.265,4.4185,10.9413,1.79,1445.5628,350.6428,3.2703,2.5746,2.0459,0.0241,0.0241,137811.7598,137811.7598,55654.3256,5715053.6789,5715053.6789,,,3.278
600150,中国船舶,船舶,上海,19980520,600150.SH,20141027,37.4,38.25,36.7,37.89,37.86,0.03,0.08,215166.09,809052.37,1.5613,3.8661,0.59,1320.771,320.3727,2.988,2.3523,1.8693,0.0264,0.0264,137811.7598,137811.7598,55654.3256,5221687.5788,5221687.5788,,,3.278
600150,中国船舶,船舶,上海,19980520,600150.SH,20141024,38.91,39.05,37.82,37.86,38.91,-1.05,-2.7,263496.49,1011609.702,1.912,4.7345,0.64,1319.7253,320.119,2.9856,2.3504,1.8678,0.0264,0.0264,137811.7598,137811.7598,55654.3256,5217553.226,5217553.226,,,3.278
600150,中国船舶,船舶,上海,19980520,600150.SH,20141023,37.85,39.51,37.71,38.91,38.14,0.77,2.02,380696.19,1479217.096,2.7624,6.8404,0.9,1356.3262,328.9971,3.0684,2.4156,1.9196,0.0257,0.0257,137811.7598,137811.7598,55654.3256,5362255.5738,5362255.5738,,,3.278
600150,中国船舶,船舶,上海,19980520,600150.SH,20141022,38.04,39.16,37.91,38.14,38.04,0.1,0.26,381175.21,1467442.888,2.7659,6.849,0.8,1329.4855,322.4865,3.0077,2.3678,1.8816,0.0262,0.0262,137811.7598,137811.7598,55654.3256,5256140.5188,5256140.5188,,,3.278
600150,中国船舶,船舶,上海,19980520,600150.SH,20141021,39.65,39.9,37.9,38.04,39.96,-1.92,-4.8,461475.61,1781131.736,3.3486,8.2918,0.95,1325.9997,321.641,2.9998,2.3616,1.8767,0.0263,0.0263,137811.7598,137811.7598,55654.3256,5242359.3428,5242359.3428,,,3.278
600150,中国船舶,船舶,上海,19980520,600150.SH,20141020,40.62,41.05,39.51,39.96,40.57,-0.61,-1.5,328460.16,1315527.943,2.3834,5.9018,0.6,1392.9272,337.8752,3.1512,2.4808,1.9714,0.025,0.025,137811.7598,137811.7598,55654.3256,5506957.9216,5506957.9216,,,3.278
600150,中国船舶,船舶,上海,19980520,600150.SH,20141017,39.53,41.54,39.41,40.57,39.79,0.78,1.96,504029.05,2038450.221,3.6574,9.0564,0.83,1414.1906,343.033,3.1993,2.5187,2.0015,0.0246,0.0246,137811.7598,137811.7598,55654.3256,5591023.0951,5591023.0951,,,3.278
600150,中国船舶,船舶,上海,19980520,600150.SH,20141016,39.96,41.49,39.73,39.79,40.51,-0.72,-1.78,449663.82,1814045.829,3.2629,8.0796,0.71,1387.0013,336.4378,3.1378,2.4703,1.963,0.0251,0.0251,137811.7598,137811.7598,55654.3256,5483529.9224,5483529.9224,,,3.278
600150,中国船舶,船舶,上海,19980520,600150.SH,20141015,43.0,43.01,40.0,40.51,43.37,-2.86,-6.59,638860.49,2625261.117,4.6357,11.4791,1.05,1412.0991,342.5257,3.1946,2.515,1.9985,0.0247,0.0247,137811.7598,137811.7598,55654.3256,5582754.3895,5582754.3895,,,3.278
600150,中国船舶,船舶,上海,19980520,600150.SH,20141014,44.0,44.89,42.3,43.37,44.38,-1.01,-2.28,516372.72,2261165.749,3.7469,9.2782,0.89,1511.7931,577.5829,3.424,2.6925,2.1178,0.0231,0.0231,137811.7598,137811.7598,55654.3256,5976896.0225,5976896.0225,,,3.278
600150,中国船舶,船舶,上海,19980520,600150.SH,20141013,41.19,44.7,40.2,44.38,41.48,2.9,6.99,644982.45,2729207.964,4.6802,11.5891,1.2,1546.9997,591.0336,3.5037,2.7552,2.1671,0.0225,0.0225,137811.7598,137811.7598,55654.3256,6116085.8999,6116085.8999,,,3.278
600150,中国船舶,船舶,上海,19980520,600150.SH,20141010,42.49,45.79,41.23,41.48,42.63,-1.15,-2.7,796041.81,3462437.128,5.7763,14.3033,1.76,1445.9114,552.4127,3.2748,2.5752,2.0255,0.0241,0.0241,137811.7598,137811.7598,55654.3256,5716431.7965,5716431.7965,,,3.278
600150,中国船舶,船舶,上海,19980520,600150.SH,20141009,39.49,42.87,38.3,42.63,39.23,3.4,8.67,583717.16,2345588.513,4.2356,10.4883,1.43,1485.9981,567.7279,3.3656,2.6466,2.0816,0.0235,0.0235,137811.7598,137811.7598,55654.3256,5874915.3203,5874915.3203,,,3.278
600150,中国船舶,船舶,上海,19980520,600150.SH,20141008,36.5,39.28,36.07,39.23,36.4,2.83,7.77,503568.95,1924784.044,3.654,9.0482,1.32,1367.4808,522.4482,3.0971,2.4355,1.9156,0.0255,0.0255,137811.7598,137811.7598,55654.3256,5406355.337,5406355.337,,,3.278
600150,中国船舶,船舶,上海,19980520,600150.SH,20140930,34.8,36.6,34.6,36.4,34.99,1.41,4.03,373331.87,1331117.184,2.709,6.708,0.95,1268.8326,484.7595,2.8737,2.2598,1.7774,0.0275,0.0275,137811.7598,137811.7598,55654.3256,5016348.0567,5016348.0567,,,3.278
600150,中国船舶,船舶,上海,19980520,600150.SH,20140929,34.8,36.42,34.68,34.99,34.0,0.99,2.91,436381.02,1542780.972,3.1665,7.8409,1.2,1219.6827,465.9817,2.7624,2.1723,1.7086,0.0286,0.0286,137811.7598,137811.7598,55654.3256,4822033.4754,4822033.4754,,,3.278
600150,中国船舶,船舶,上海,19980520,600150.SH,20140926,32.89,34.48,32.04,34.0,33.13,0.87,2.63,362409.62,1203508.007,2.6297,6.5118,0.94,1185.1733,452.7973,2.6842,2.1108,1.6602,0.0294,0.0294,137811.7598,137811.7598,55654.3256,4685599.8332,4685599.8332,,,3.278
600150,中国船舶,船舶,上海,19980520,600150.SH,20140925,33.42,34.58,32.99,33.13,33.43,-0.3,-0.9,366324.62,1237979.454,2.6582,6.5821,1.05,1154.8468,441.211,2.6156,2.0568,1.6177,0.0302,0.0302,137811.7598,137811.7598,55654.3256,4565703.6022,4565703.6022,,,3.278
600150,中国船舶,船舶,上海,19980520,600150.SH,20140924,33.0,34.29,32.5,33.43,33.24,0.19,0.57,364026.3,1219199.696,2.6415,6.5408,1.07,1165.3042,445.2063,2.6392,2.0754,1.6324,0.0299,0.0299,137811.7598,137811.7598,55654.3256,4607047.1301,4607047.1301,,,3.278
600150,中国船舶,船舶,上海,19980520,600150.SH,20140923,31.3,33.96,31.19,33.24,31.37,1.87,5.96,444874.99,1470323.499,3.2281,7.9935,1.31,1158.6812,442.6759,2.6242,2.0636,1.6231,0.0301,0.0301,137811.7598,137811.7598,55654.3256,4580862.8958,4580862.8958,,,3.278
600150,中国船舶,船舶,上海,19980520,600150.SH,20140922,31.38,31.63,30.57,31.37,31.71,-0.34,-1.07,287008.1,893369.449,2.0826,5.157,0.77,1093.4966,417.7721,2.4766,1.9475,1.5318,0.0319,0.0319,137811.7598,137811.7598,55654.3256,4323154.9049,4323154.9049,,,3.278
600150,中国船舶,船舶,上海,19980520,600150.SH,20140919,29.26,32.27,29.2,31.71,29.34,2.37,8.08,460010.51,1429768.339,3.338,8.2655,1.14,1105.3484,422.3001,2.5034,1.9686,1.5484,0.0315,0.0315,137811.7598,137811.7598,55654.3256,4370010.9033,4370010.9033,,,3.278
600150,中国船舶,船舶,上海,19980520,600150.SH,20140918,29.77,30.0,29.25,29.34,30.01,-0.67,-2.23,194611.91,574522.888,1.4122,3.4968,0.46,1022.7348,390.7374,2.3163,1.8215,1.4327,0.0341,0.0341,137811.7598,137811.7598,55654.3256,4043397.0325,4043397.0325,,,3.278
600150,中国船舶,船舶,上海,19980520,600150.SH,20140917,30.01,30.41,29.21,30.01,29.9,0.11,0.37,311681.56,930205.736,2.2616,5.6003,0.72,1046.0897,399.6602,2.3692,1.8631,1.4654,0.0333,0.0333,137811.7598,137811.7598,55654.3256,4135730.9116,4135730.9116,,,3.278
600150,中国船舶,船舶,上海,19980520,600150.SH,20140916,32.09,32.27,29.86,29.9,32.16,-2.26,-7.03,447324.66,1385200.819,3.2459,8.0376,0.97,1042.2553,398.1953,2.3605,1.8563,1.46,0.0334,0.0334,137811.7598,137811.7598,55654.3256,4120571.618,4120571.618,,,3.278
600150,中国船舶,船舶,上海,19980520,600150.SH,20140915,31.9,32.58,31.5,32.16,32.42,-0.26,-0.8,453105.07,1450359.806,3.2879,8.1414,0.97,1121.0345,428.293,2.539,1.9966,1.5704,0.0311,0.0311,137811.7598,137811.7598,55654.3256,4432026.1952,4432026.1952,,,3.278
600150,中国船舶,船舶,上海,19980520,600150.SH,20140912,29.54,32.42,29.47,32.42,29.47,2.95,10.01,616262.62,1953129.241,4.4718,11.073,1.56,1130.0976,431.7555,2.5595,2.0127,1.5831,0.0308,0.0308,137811.7598,137811.7598,55654.3256,4467857.2527,4467857.2527,,,3.278
600150,中国船舶,船舶,上海,19980520,600150.SH,20140911,28.96,30.3,28.88,29.47,29.16,0.31,1.06,298523.58,883867.694,2.1662,5.3639,0.79,1027.2664,392.4687,2.3266,1.8296,1.439,0.0339,0.0339,137811.7598,137811.7598,55654.3256,4061312.5613,4061312.5613,,,3.278
600150,中国船舶,船舶,上海,19980520,600150.SH,20140910,29.5,29.98,29.01,29.16,29.61,-0.45,-1.52,360549.5,1062370.933,2.6162,6.4784,1.0,1016.4604,388.3403,2.3021,1.8103,1.4239,0.0343,0.0343,137811.7598,137811.7598,55654.3256,4018590.9158,4018590.9158,,,3.278
600150,中国船舶,船舶,上海,19980520,600150.SH,20140909,29.0,30.45,28.6,29.61,28.73,0.88,3.06,583792.22,1726697.42,4.2362,10.4896,2.0,1032.1465,394.3332,2.3377,1.8383,1.4459,0.0338,0.0338,137811.7598,137811.7598,55654.3256,4080606.2077,4080606.2077,,,3.278
600150,中国船舶,船舶,上海,19980520,600150.SH,20140905,26.14,28.73,25.86,28.73,26.12,2.61,9.99,473915.38,1313442.107,3.4389,8.5153,2.09,1001.4714,382.6137,2.2682,1.7836,1.4029,0.0348,0.0348,137811.7598,137811.7598,55654.3256,3959331.8591,3959331.8591,,,3.278
600150,中国船舶,船舶,上海,19980520,600150.SH,20140904,25.46,26.6,25.4,26.12,25.52,0.6,2.35,256272.28,667182.062,1.8596,4.6047,1.38,910.4919,347.8549,2.0621,1.6216,1.2754,0.0383,0.0383,137811.7598,137811.7598,55654.3256,3599643.166,3599643.166,,,3.278
600150,中国船舶,船舶,上海,19980520,600150.SH,20140903,25.38,25.97,25.22,25.52,25.41,0.11,0.43,219238.92,559578.229,1.5909,3.9393,1.37,889.5771,339.8643,2.0148,1.5843,1.2461,0.0392,0.0392,137811.7598,137811.7598,55654.3256,3516956.1101,3516956.1101,,,3.278
600150,中国船舶,船舶,上海,19980520,600150.SH,20140902,24.8,25.83,24.48,25.41,24.78,0.63,2.54,272425.58,685313.692,1.9768,4.895,2.1,885.7427,338.3994,2.0061,1.5775,1.2408,0.0394,0.0394,137811.7598,137811.7598,55654.3256,3501796.8165,3501796.8165,,,3.278
600150,中国船舶,船舶,上海,19980520,600150.SH,20140901,23.97,25.09,23.97,24.78,23.98,0.8,3.34,234582.76,579690.802,1.7022,4.215,2.37,863.7822,330.0093,1.9563,1.5384,1.21,0.0404,0.0404,137811.7598,137811.7598,55654.3256,3414975.4078,3414975.4078,,,3.278
600150,中国船舶,船舶,上海,19980520,600150.SH,20140829,23.1,24.0,23.08,23.98,23.16,0.82,3.54,151735.1,360460.324,1.101,2.7264,1.69,835.8957,,1.9031,1.4887,1.3577,0.0417,0.0417,137811.7598,137811.7598,55654.3256,3304726.0,3304726.0,,,3.278
600150,中国船舶,船舶,上海,19980520,600150.SH,20140828,23.28,23.4,23.08,23.16,23.34,-0.18,-0.77,50008.95,116037.062,0.3629,0.8986,0.51,807.3121,,1.838,1.4378,1.3113,0.0432,0.0432,137811.7598,137811.7598,55654.3256,3191720.357,3191720.357,,,3.278
600150,中国船舶,船舶,上海,19980520,600150.SH,20140827,22.75,23.54,22.65,23.34,22.79,0.55,2.41,90892.26,211051.982,0.6595,1.6332,0.87,813.5866,,1.8523,1.449,1.3215,0.0428,0.0428,137811.7598,137811.7598,55654.3256,3216526.4737,3216526.4737,,,3.278
600150,中国船舶,船舶,上海,19980520,600150.SH,20140826,23.49,23.5,22.65,22.79,23.52,-0.73,-3.1,120302.68,276056.522,0.8729,2.1616,1.18,794.4147,,1.8086,1.4149,1.2904,0.0439,0.0439,137811.7598,137811.7598,55654.3256,3140730.0058,3140730.0058,,,3.278
600150,中国船舶,船舶,上海,19980520,600150.SH,20140825,23.6,23.75,23.41,23.52,23.51,0.01,0.04,81146.07,191289.221,0.5888,1.458,0.78,819.861,,1.8666,1.4602,1.3317,0.0425,0.0425,137811.7598,137811.7598,55654.3256,3241332.5905,3241332.5905,,,3.278
600150,中国船舶,船舶,上海,19980520,600150.SH,20140822,23.06,23.63,23.03,23.51,23.04,0.47,2.04,106320.34,248398.725,0.7715,1.9104,1.07,819.5125,,1.8658,1.4596,1.3311,0.0425,0.0425,137811.7598,137811.7598,55654.3256,3239954.4729,3239954.4729,,,3.278
600150,中国船舶,船舶,上海,19980520,600150.SH,20140821,23.15,23.22,22.85,23.04,23.24,-0.2,-0.86,93280.8,214686.578,0.6769,1.6761,0.85,803.1292,,1.8285,1.4304,1.3045,0.0434,0.0434,137811.7598,137811.7598,55654.3256,3175182.9458,3175182.9458,,,3.278
600150,中国船舶,船舶,上海,19980520,600150.SH,20140820,23.57,23.69,23.15,23.24,23.62,-0.38,-1.61,121943.27,284689.322,0.8849,2.1911,1.08,810.1008,,1.8443,1.4428,1.3158,0.043,0.043,137811.7598,137811.7598,55654.3256,3202745.2978,3202745.2978,,,3.278
600150,中国船舶,船舶,上海,19980520,600150.SH,20140819,23.74,23.74,23.43,23.62,23.75,-0.13,-0.55,107272.65,252602.741,0.7784,1.9275,0.93,823.3468,,1.8745,1.4664,1.3374,0.0423,0.0423,137811.7598,137811.7598,55654.3256,3255113.7665,3255113.7665,,,3.278
600150,中国船舶,船舶,上海,19980520,600150.SH,20140818,23.6,23.94,23.47,23.75,23.65,0.1,0.42,92512.18,219603.832,0.6713,1.6623,0.76,827.8784,,1.8848,1.4745,1.3447,0.0421,0.0421,137811.7598,137811.7598,55654.3256,3273029.2953,3273029.2953,,,3.278
600150,中国船舶,船舶,上海,19980520,600150.SH,20140815,23.43,23.8,23.29,23.65,23.62,0.03,0.13,83095.57,195476.099,0.603,1.4931,0.64,824.3926,,1.8769,1.4683,1.3391,0.0423,0.0423,137811.7598,137811.7598,55654.3256,3259248.1193,3259248.1193,,,3.278
600150,中国船舶,船舶,上海,19980520,600150.SH,20140814,23.45,24.36,23.15,23.62,23.52,0.1,0.43,146437.79,347563.282,1.0626,2.6312,1.02,823.3468,,1.8745,1.4664,1.3374,0.0423,0.0423,137811.7598,137811.7598,55654.3256,3255113.7665,3255113.7665,,,3.278
600150,中国船舶,船舶,上海,19980520,600150.SH,20140813,23.99,24.05,23.06,23.52,24.06,-0.54,-2.24,135175.52,317239.458,0.9809,2.4288,0.94,819.861,,1.8666,1.4602,1.3317,0.0425,0.0425,137811.7598,137811.7598,55654.3256,3241332.5905,3241332.5905,,,3.278
600150,中国船舶,船舶,上海,19980520,600150.SH,20140812,24.36,24.36,23.75,24.07,24.18,-0.11,-0.45,122152.75,292186.655,0.8864,2.1948,0.85,839.033,,1.9087,1.4943,1.3628,0.0415,,137811.7598,137811.7598,55654.3256,3317129.0584,3317129.0584,,,3.278
600150,中国船舶,船舶,上海,19980520,600150.SH,20140811,23.71,24.38,23.71,24.18,23.67,0.51,2.15,124193.17,299642.51,0.9012,2.2315,0.87,842.8673,,1.9174,1.5012,1.3691,0.0414,,137811.7598,137811.7598,55654.3256,3332288.352,3332288.352,,,3.278
600150,中国船舶,船舶,上海,19980520,600150.SH,20140808,24.0,24.35,23.55,23.67,23.92,-0.25,-1.05,116349.08,278239.222,0.8443,2.0906,0.75,825.0897,,1.877,1.4695,1.3402,0.0422,,137811.7598,137811.7598,55654.3256,3262004.3545,3262004.3545,,,3.278
600150,中国船舶,船舶,上海,19980520,600150.SH,20140807,23.83,24.87,23.83,23.92,23.9,0.02,0.08,222043.9,540619.941,1.6112,3.9897,1.53,833.8042,,1.8968,1.485,1.3543,0.0418,,137811.7598,137811.7598,55654.3256,3296457.2944,3296457.2944,,,3.278
600150,中国船舶,船舶,上海,19980520,600150.SH,20140806,23.4,24.07,23.3,23.9,23.63,0.27,1.14,133511.16,316820.991,0.9688,2.3989,0.79,833.1071,,1.8952,1.4838,1.3532,0.0418,,137811.7598,137811.7598,55654.3256,3293701.0592,3293701.0592,,,3.278
600150,中国船舶,船舶,上海,19980520,600150.SH,20140805,23.53,23.74,23.13,23.63,23.53,0.1,0.43,122084.24,286714.121,0.8859,2.1936,0.66,823.6954,,1.8738,1.467,1.3379,0.0423,,137811.7598,137811.7598,55654.3256,3256491.8841,3256491.8841,,,3.278
600150,中国船舶,船舶,上海,19980520,600150.SH,20140804,22.93,23.62,22.91,23.53,22.93,0.6,2.62,116270.54,271648.272,0.8437,2.0892,0.57,820.2096,,1.8659,1.4608,1.3323,0.0425,,137811.7598,137811.7598,55654.3256,3242710.7081,3242710.7081,,,3.278
600150,中国船舶,船舶,上海,19980520,600150.SH,20140801,23.62,23.9,22.9,22.93,23.81,-0.88,-3.7,181118.2,422291.366,1.3142,3.2543,0.93,799.2948,,1.8183,1.4236,1.2983,0.0436,,137811.7598,137811.7598,55654.3256,3160023.6522,3160023.6522,,,3.278
600150,中国船舶,船舶,上海,19980520,600150.SH,20140731,23.71,23.93,23.36,23.81,23.88,-0.07,-0.29,174378.43,412058.518,1.2653,3.1332,0.92,829.9699,,1.8881,1.4782,1.3481,0.042,,137811.7598,137811.7598,55654.3256,3281298.0008,3281298.0008,,,3.278
600150,中国船舶,船舶,上海,19980520,600150.SH,20140730,23.35,24.18,22.96,23.88,23.35,0.53,2.27,249601.9,591336.698,1.8112,4.4849,1.48,832.4099,,1.8936,1.4825,1.3521,0.0419,,137811.7598,137811.7598,55654.3256,3290944.824,3290944.824,,,3.278
600150,中国船舶,船舶,上海,19980520,600150.SH,20140729,23.25,23.99,23.15,23.35,23.17,0.18,0.78,199249.62,469197.343,1.4458,3.5801,1.32,813.9352,,1.8516,1.4496,1.3221,0.0428,,137811.7598,137811.7598,55654.3256,3217904.5913,3217904.5913,,,3.278
600150,中国船舶,船舶,上海,19980520,600150.SH,20140728,23.11,23.5,22.91,23.17,22.63,0.54,2.39,207890.56,482741.44,1.5085,3.7354,1.66,807.6607,,1.8373,1.4385,1.3119,0.0432,,137811.7598,137811.7598,55654.3256,3193098.4746,3193098.4746,,,3.278
600150,中国船舶,船舶,上海,19980520,600150.SH,20140725,22.31,22.79,22.11,22.63,22.26,0.37,1.66,144617.61,324729.671,1.0494,2.5985,1.23,788.8374,,1.7945,1.4049,1.2813,0.0442,,137811.7598,137811.7598,55654.3256,3118680.1243,3118680.1243,,,3.278
600150,中国船舶,船舶,上海,19980520,600150.SH,20140724,22.16,22.65,21.64,22.26,22.17,0.09,0.41,149618.67,332112.46,1.0857,2.6884,1.4,775.9399,,1.7652,1.382,1.2604,0.0449,,137811.7598,137811.7598,55654.3256,3067689.7731,3067689.7731,,,3.278
600150,中国船舶,船舶,上海,19980520,600150.SH,20140723,21.68,22.29,21.54,22.17,21.68,0.49,2.26,139776.08,305290.159,1.0143,2.5115,1.21,772.8027,,1.758,1.3764,1.2553,0.0451,,137811.7598,137811.7598,55654.3256,3055286.7148,3055286.7148,,,3.278
600150,中国船舶,船舶,上海,19980520,600150.SH,20140722,21.4,21.79,21.24,21.68,21.49,0.19,0.88,110382.96,237693.633,0.801,1.9834,0.91,755.7222,,1.7192,1.3459,1.2275,0.0461,,137811.7598,137811.7598,55654.3256,2987758.9525,2987758.9525,,,3.278
600150,中国船舶,船舶,上海,19980520,600150.SH,20140721,21.18,21.63,21.05,21.49,21.2,0.29,1.37,80957.93,172800.856,0.5875,1.4547,0.59,749.0992,,1.7041,1.3342,1.2168,0.0465,,137811.7598,137811.7598,55654.3256,2961574.7181,2961574.7181,,,3.278
600150,中国船舶,船舶,上海,19980520,600150.SH,20140718,21.57,21.89,21.18,21.2,21.52,-0.32,-1.49,108466.75,233258.404,0.7871,1.9489,0.68,738.9904,,1.6811,1.3161,1.2003,0.0472,,137811.7598,137811.7598,55654.3256,2921609.3078,2921609.3078,,,3.278
600150,中国船舶,船舶,上海,19980520,600150.SH,20140717,21.5,21.99,21.32,21.52,21.61,-0.09,-0.42,93299.87,201664.69,0.677,1.6764,0.56,750.145,,1.7065,1.336,1.2185,0.0465,,137811.7598,137811.7598,55654.3256,2965709.0709,2965709.0709,,,3.278
600150,中国船舶,船舶,上海,19980520,600150.SH,20140716,22.6,22.79,21.5,21.61,22.84,-1.23,-5.39,183117.96,400797.497,1.3288,3.2903,1.1,753.2822,,1.7136,1.3416,1.2236,0.0463,,137811.7598,137811.7598,55654.3256,2978112.1293,2978112.1293,,,3.278
600150,中国船舶,船舶,上海,19980520,600150.SH,20140715,22.75,23.27,22.61,22.84,22.88,-0.04,-0.17,143770.44,329679.135,1.0432,2.5833,0.93,796.1576,,1.8112,1.418,1.2932,0.0438,,137811.7598,137811.7598,55654.3256,3147620.5938,3147620.5938,,,3.278
600150,中国船舶,船舶,上海,19980520,600150.SH,20140714,22.9,23.2,22.48,22.88,22.83,0.05,0.22,155316.2,353978.057,1.127,2.7907,1.01,797.5519,,1.8143,1.4204,1.2955,0.0437,,137811.7598,137811.7598,55654.3256,3153133.0642,3153133.0642,,,3.278
600150,中国船舶,船舶,上海,19980520,600150.SH,20140711,21.83,23.4,21.7,22.83,21.85,0.98,4.49,222516.59,507289.15,1.6146,3.9982,1.66,795.809,,1.8104,1.4173,1.2926,0.0438,,137811.7598,137811.7598,55654.3256,3146242.4762,3146242.4762,,,3.278
600150,中国船舶,船舶,上海,19980520,600150.SH,20140710,21.66,22.28,21.54,21.85,21.83,0.02,0.09,121376.06,267127.357,0.8807,2.1809,0.82,761.6481,,1.7327,1.3565,1.2371,0.0458,,137811.7598,137811.7598,55654.3256,3011186.9516,3011186.9516,,,3.278
600150,中国船舶,船舶,上海,19980520,600150.SH,20140709,21.47,22.61,21.47,21.83,21.59,0.24,1.11,191513.95,424603.265,1.3897,3.4411,1.05,760.951,,1.7311,1.3553,1.236,0.0458,,137811.7598,137811.7598,55654.3256,3008430.7164,3008430.7164,,,3.278
600150,中国船舶,船舶,上海,19980520,600150.SH,20140708,21.62,21.97,21.31,21.59,21.91,-0.32,-1.46,81737.13,176275.699,0.5931,1.4687,0.43,752.585,,1.712,1.3404,1.2224,0.0463,,137811.7598,137811.7598,55654.3256,2975355.8941,2975355.8941,,,3.278
600150,中国船舶,船舶,上海,19980520,600150.SH,20140707,21.53,22.28,21.52,21.91,21.5,0.41,1.91,152659.61,336089.315,1.1077,2.743,0.78,763.7396,,1.7374,1.3602,1.2405,0.0456,,137811.7598,137811.7598,55654.3256,3019455.6572,3019455.6572,,,3.278
600150,中国船舶,船舶,上海,19980520,600150.SH,20140704,21.72,21.98,21.4,21.5,21.93,-0.43,-1.96,122586.08,265282.288,0.8895,2.2026,0.61,749.4478,,1.7049,1.3348,1.2173,0.0465,,137811.7598,137811.7598,55654.3256,2962952.8357,2962952.8357,,,3.278
600150,中国船舶,船舶,上海,19980520,600150.SH,20140703,22.01,22.15,21.6,21.93,22.32,-0.39,-1.75,192091.08,419314.567,1.3939,3.4515,1.1,764.4368,,1.739,1.3615,1.2417,0.0456,,137811.7598,137811.7598,55654.3256,3022211.8924,3022211.8924,,,3.278
600150,中国船舶,船舶,上海,19980520,600150.SH,20140702,20.72,22.79,20.66,22.32,20.72,1.6,7.72,360827.72,795447.953,2.6183,6.4834,3.28,778.0314,,1.7699,1.3857,1.2638,0.0448,,137811.7598,137811.7598,55654.3256,3075958.4787,3075958.4787,,,3.278
600150,中国船舶,船舶,上海,19980520,600150.SH,20140701,21.16,21.23,20.6,20.72,21.06,-0.34,-1.61,116371.25,241575.299,0.8444,2.091,1.17,722.2585,,1.643,1.2864,1.1732,0.0483,,137811.7598,137811.7598,55654.3256,2855459.6631,2855459.6631,,,3.278
600150,中国船舶,船舶,上海,19980520,600150.SH,20140630,20.53,21.48,20.46,21.06,20.44,0.62,3.03,181806.73,383844.477,1.3192,3.2667,2.48,734.1103,,1.67,1.3075,1.1924,0.0475,,137811.7598,137811.7598,55654.3256,2902315.6614,2902315.6614,,,3.278
600150,中国船舶,船舶,上海,19980520,600150.SH,20140627,19.81,21.0,19.73,20.44,19.85,0.59,2.97,159033.26,325090.35,1.154,2.8575,3.1,712.4983,,1.6208,1.269,1.1573,0.0489,,137811.7598,137811.7598,55654.3256,2816872.3703,2816872.3703,,,3.278
600150,中国船舶,船舶,上海,19980520,600150.SH,20140626,19.75,20.09,19.7,19.85,19.75,0.1,0.51,53414.44,106377.06,0.3876,0.9598,0.99,691.932,,1.5741,1.2323,1.1239,0.0504,,137811.7598,137811.7598,55654.3256,2735563.432,2735563.432,,,3.278
600150,中国船舶,船舶,上海,19980520,600150.SH,20140625,19.67,19.86,19.59,19.75,19.71,0.04,0.2,39653.79,78336.07,0.2877,0.7125,0.71,688.4462,,1.5661,1.2261,1.1182,0.0506,,137811.7598,137811.7598,55654.3256,2721782.2561,2721782.2561,,,3.278
600150,中国船舶,船舶,上海,19980520,600150.SH,20140624,19.38,19.92,19.34,19.71,19.39,0.32,1.65,65050.13,128484.862,0.472,1.1688,1.19,687.0519,,1.563,1.2236,1.116,0.0507,,137811.7598,137811.7598,55654.3256,2716269.7857,2716269.7857,,,3.278
600150,中国船舶,船舶,上海,19980520,600150.SH,20140623,19.2,19.55,19.18,19.39,19.24,0.15,0.78,48803.45,94649.555,0.3541,0.8769,0.8,675.8973,,1.5376,1.2038,1.0979,0.0516,,137811.7598,137811.7598,55654.3256,2672170.0225,2672170.0225,,,3.278
600150,中国船舶,船舶,上海,19980520,600150.SH,20140620,19.1,19.34,19.05,19.24,19.09,0.15,0.79,49911.65,95677.141,0.3622,0.8968,0.77,670.6686,,1.5257,1.1945,1.0894,0.052,,137811.7598,137811.7598,55654.3256,2651498.2586,2651498.2586,,,3.278
600150,中国船舶,船舶,上海,19980520,600150.SH,20140619,19.67,19.8,19.0,19.09,19.67,-0.58,-2.95,66249.35,128288.976,0.4807,1.1904,0.93,665.4399,,1.5138,1.1852,1.0809,0.0524,,137811.7598,137811.7598,55654.3256,2630826.4946,2630826.4946,,,3.278
600150,中国船舶,船舶,上海,19980520,600150.SH,20140618,19.91,20.1,19.64,19.67,19.91,-0.24,-1.21,50861.48,101151.629,0.3691,0.9139,0.71,685.6576,,1.5598,1.2212,1.1137,0.0508,,137811.7598,137811.7598,55654.3256,2710757.3153,2710757.3153,,,3.278
600150,中国船舶,船舶,上海,19980520,600150.SH,20140617,20.08,20.3,19.9,19.91,20.1,-0.19,-0.95,56378.82,113143.192,0.4091,1.013,0.78,694.0235,,1.5788,1.2361,1.1273,0.0502,,137811.7598,137811.7598,55654.3256,2743832.1376,2743832.1376,,,3.278
600150,中国船舶,船舶,上海,19980520,600150.SH,20140616,19.81,20.39,19.81,20.1,19.95,0.15,0.75,80089.66,161683.035,0.5812,1.4391,1.21,700.6465,,1.5939,1.2479,1.1381,0.0498,,137811.7598,137811.7598,55654.3256,2770016.372,2770016.372,,,3.278
600150,中国船舶,船舶,上海,19980520,600150.SH,20140613,19.99,20.08,19.81,19.95,20.02,-0.07,-0.35,69857.33,139449.753,0.5069,1.2552,1.1,695.4178,,1.582,1.2385,1.1296,0.0501,,137811.7598,137811.7598,55654.3256,2749344.608,2749344.608,,,3.278
600150,中国船舶,船舶,上海,19980520,600150.SH,20140612,19.64,20.05,19.62,20.02,19.72,0.3,1.52,99231.02,197473.913,0.72,1.783,1.7,697.8579,,1.5875,1.2429,1.1335,0.05,,137811.7598,137811.7598,55654.3256,2758991.4312,2758991.4312,,,3.278
600150,中国船舶,船舶,上海,19980520,600150.SH,20140611,19.78,19.88,19.6,19.72,19.84,-0.12,-0.6,50519.49,99741.452,0.3666,0.9077,0.84,687.4005,,1.5637,1.2243,1.1165,0.0507,,137811.7598,137811.7598,55654.3256,2717647.9033,2717647.9033,,,3.278
600150,中国船舶,船舶,上海,19980520,600150.SH,20140610,19.6,19.91,19.51,19.84,19.6,0.24,1.22,62675.0,123982.24,0.4548,1.1261,0.98,691.5835,,1.5733,1.2317,1.1233,0.0504,,137811.7598,137811.7598,55654.3256,2734185.3144,2734185.3144,,,3.278
600150,中国船舶,船舶,上海,19980520,600150.SH,20140609,19.65,19.91,19.51,19.6,19.66,-0.06,-0.31,49500.2,97674.546,0.3592,0.8894,0.67,683.2175,,1.5542,1.2168,1.1097,0.051,,137811.7598,137811.7598,55654.3256,2701110.4921,2701110.4921,,,3.278
600150,中国船舶,船舶,上海,19980520,600150.SH,20140606,19.7,19.93,19.51,19.66,19.74,-0.08,-0.41,57050.56,112524.612,0.414,1.0251,0.8,685.309,,1.559,1.2205,1.1131,0.0509,,137811.7598,137811.7598,55654.3256,2709379.1977,2709379.1977,,,3.278
600150,中国船舶,船舶,上海,19980520,600150.SH,20140605,19.26,19.85,19.24,19.74,19.43,0.31,1.6,72969.96,143127.265,0.5295,1.3111,1.01,688.0977,,1.5653,1.2255,1.1177,0.0507,0.0507,137811.7598,137811.7598,55654.3256,2720404.1385,2720404.1385,,,3.278
600150,中国船舶,船舶,上海,19980520,600150.SH,20140604,19.61,19.63,19.1,19.43,19.6,-0.17,-0.87,59426.05,114987.99,0.4312,1.0678,0.88,677.2917,,1.5408,1.2063,1.1001,0.0515,0.0515,137811.7598,137811.7598,55654.3256,2677682.4929,2677682.4929,,,3.278
600150,中国船舶,船舶,上海,19980520,600150.SH,20140603,19.5,19.9,19.47,19.6,19.42,0.18,0.93,81485.29,160457.68,0.5913,1.4641,1.28,683.2175,,1.5542,1.2168,1.1097,0.051,0.051,137811.7598,137811.7598,55654.3256,2701110.4921,2701110.4921,,,3.278
600150,中国船舶,船舶,上海,19980520,600150.SH,20140530,19.01,19.68,18.92,19.42,18.94,0.48,2.53,101157.3,195680.348,0.734,1.8176,1.82,676.9431,,1.54,1.2056,1.0996,0.0515,0.0515,137811.7598,137811.7598,55654.3256,2676304.3753,2676304.3753,,,3.278
600150,中国船舶,船舶,上海,19980520,600150.SH,20140529,19.18,19.18,18.92,18.94,19.15,-0.21,-1.1,41682.12,79378.971,0.3025,0.7489,0.74,660.2112,,1.5019,1.1758,1.0724,0.0528,0.0528,137811.7598,137811.7598,55654.3256,2610154.7306,2610154.7306,,,3.278
600150,中国船舶,船舶,上海,19980520,600150.SH,20140528,19.24,19.26,18.7,19.15,19.24,-0.09,-0.47,76182.75,144610.07,0.5528,1.3689,1.41,667.5314,,1.5185,1.1889,1.0843,0.0522,0.0522,137811.7598,137811.7598,55654.3256,2639095.2002,2639095.2002,,,3.278
600150,中国船舶,船舶,上海,19980520,600150.SH,20140527,19.43,19.54,19.2,19.24,19.44,-0.2,-1.03,38691.44,74994.921,0.2808,0.6952,0.53,670.6686,,1.5257,1.1945,1.0894,0.052,0.052,137811.7598,137811.7598,55654.3256,2651498.2586,2651498.2586,,,3.278
600150,中国船舶,船舶,上海,19980520,600150.SH,20140526,19.3,19.45,19.15,19.44,19.16,0.28,1.46,60393.25,116800.74,0.4382,1.0851,0.8,677.6402,,1.5415,1.2069,1.1007,0.0514,0.0514,137811.7598,137811.7598,55654.3256,2679060.6105,2679060.6105,,,3.278
600150,中国船舶,船舶,上海,19980520,600150.SH,20140523,18.96,19.25,18.82,19.16,19.0,0.16,0.84,61392.64,116822.2,0.4455,1.1031,0.8,667.88,,1.5193,1.1895,1.0848,0.0522,0.0522,137811.7598,137811.7598,55654.3256,2640473.3178,2640473.3178,,,3.278
600150,中国船舶,船舶,上海,19980520,600150.SH,20140522,19.1,19.32,18.97,19.0,19.12,-0.12,-0.63,45961.84,87953.496,0.3335,0.8258,0.47,662.3027,,1.5067,1.1796,1.0758,0.0526,0.0526,137811.7598,137811.7598,55654.3256,2618423.4362,2618423.4362,,,3.278
600150,中国船舶,船舶,上海,19980520,600150.SH,20140521,18.9,19.17,18.58,19.12,19.01,0.11,0.58,64043.66,120828.603,0.4647,1.1507,0.68,666.4857,,1.5162,1.187,1.0826,0.0523,0.0523,137811.7598,137811.7598,55654.3256,2634960.8474,2634960.8474,,,3.278
600150,中国船舶,船舶,上海,19980520,600150.SH,20140520,20.03,20.1,18.99,19.01,19.93,-0.92,-4.62,130047.77,252413.836,0.9437,2.3367,1.55,662.6513,,1.5074,1.1802,1.0763,0.0526,0.0526,137811.7598,137811.7598,55654.3256,2619801.5538,2619801.5538,,,3.278
600150,中国船舶,船舶,上海,19980520,600150.SH,20140519,20.05,20.33,19.61,19.93,19.98,-0.05,-0.25,77651.15,155056.576,0.5635,1.3952,0.92,694.7207,,1.5804,1.2373,1.1284,0.0502,0.0502,137811.7598,137811.7598,55654.3256,2746588.3728,2746588.3728,,,3.278
600150,中国船舶,船舶,上海,19980520,600150.SH,20140516,19.75,20.17,19.55,19.98,19.88,0.1,0.5,66709.39,132319.324,0.4841,1.1986,0.8,696.4636,,1.5844,1.2404,1.1313,0.0501,0.0501,137811.7598,137811.7598,55654.3256,2753478.9608,2753478.9608,,,3.278
600150,中国船舶,船舶,上海,19980520,600150.SH,20140515,19.61,20.65,19.5,19.88,19.62,0.26,1.33,146707.31,296534.979,1.0645,2.636,2.04,692.9778,,1.5764,1.2342,1.1256,0.0503,0.0503,137811.7598,137811.7598,55654.3256,2739697.7848,2739697.7848,,,3.278
600150,中国船舶,船舶,上海,19980520,600150.SH,20140514,19.86,19.86,19.56,19.62,19.94,-0.32,-1.6,51872.89,102248.231,0.3764,0.9321,0.69,683.9147,,1.5558,1.2181,1.1109,0.051,0.051,137811.7598,137811.7598,55654.3256,2703866.7273,2703866.7273,,,3.278
600150,中国船舶,船舶,上海,19980520,600150.SH,20140513,19.75,20.14,19.65,19.94,19.77,0.17,0.86,75601.31,150705.184,0.5486,1.3584,1.02,695.0693,,1.5812,1.2379,1.129,0.0502,0.0502,137811.7598,137811.7598,55654.3256,2747966.4904,2747966.4904,,,3.278
600150,中国船舶,船舶,上海,19980520,600150.SH,20140512,19.74,19.85,19.35,19.77,19.55,0.22,1.13,79454.24,156522.626,0.5765,1.4276,1.16,689.1434,,1.5677,1.2274,1.1194,0.0506,0.0506,137811.7598,137811.7598,55654.3256,2724538.4912,2724538.4912,,,3.278
600150,中国船舶,船舶,上海,19980520,600150.SH,20140509,19.55,19.84,19.35,19.55,19.47,0.08,0.41,62260.43,121965.1,0.4518,1.1187,0.99,681.4746,,1.5503,1.2137,1.1069,0.0512,0.0512,137811.7598,137811.7598,55654.3256,2694219.9041,2694219.9041,,,3.278
600150,中国船舶,船舶,上海,19980520,600150.SH,20140508,19.23,19.86,19.23,19.47,19.22,0.25,1.3,91021.57,178898.11,0.6605,1.6355,1.69,678.686,,1.5439,1.2087,1.1024,0.0514,0.0514,137811.7598,137811.7598,55654.3256,2683194.9633,2683194.9633,,,3.278
600150,中国船舶,船舶,上海,19980520,600150.SH,20140507,19.24,19.55,19.0,19.22,19.27,-0.05,-0.26,65945.35,127506.002,0.4785,1.1849,1.25,669.9715,,1.5241,1.1932,1.0882,0.052,0.052,137811.7598,137811.7598,55654.3256,2648742.0234,2648742.0234,,,3.278
600150,中国船舶,船舶,上海,19980520,600150.SH,20140506,18.8,19.59,18.77,19.27,18.93,0.34,1.8,70138.53,135411.087,0.5089,1.3071,1.33,671.7144,,1.5281,1.1963,1.0911,0.0519,0.0519,137811.7598,137811.7598,53659.3673,2655632.6113,2655632.6113,,,3.278
600150,中国船舶,船舶,上海,19980520,600150.SH,20140505,18.54,18.97,18.38,18.93,18.58,0.35,1.88,52963.05,99260.858,0.3843,0.987,0.84,659.8626,,1.5011,1.1752,1.0718,0.0528,0.0528,137811.7598,137811.7598,53659.3673,2608776.613,2608776.613,,,3.278
600150,中国船舶,船舶,上海,19980520,600150.SH,20140430,18.58,18.6,18.25,18.58,18.62,-0.04,-0.21,33312.11,61457.829,0.2417,0.6208,0.41,647.6623,,1.4734,1.1535,1.052,0.0538,0.0538,137811.7598,137811.7598,53659.3673,2560542.4971,2560542.4971,,,3.278
600150,中国船舶,船舶,上海,19980520,600150.SH,20140429,18.4,18.75,18.25,18.62,18.26,0.36,1.97,47710.91,88237.002,0.3462,0.8891,0.53,649.0567,649.0567,1.4791,1.156,1.156,0.0537,0.0537,137811.7598,137811.7598,53659.3673,2566054.9675,2566054.9675,,,3.278
600150,中国船舶,船舶,上海,19980520,600150.SH,20140428,18.8,18.8,18.1,18.26,18.88,-0.62,-3.28,60674.54,111424.245,0.4403,1.1307,0.62,636.5078,636.5078,1.4505,1.1336,1.1336,0.0548,0.0548,137811.7598,137811.7598,53659.3673,2516442.7339,2516442.7339,,,3.278
600150,中国船舶,船舶,上海,19980520,600150.SH,20140425,19.42,19.42,18.87,18.88,19.37,-0.49,-2.53,69958.15,133004.827,0.5076,1.3037,0.71,658.1197,658.1197,1.4998,1.1721,1.1721,0.053,0.053,137811.7598,137811.7598,53659.3673,2601886.025,2601886.025,,,3.278
600150,中国船舶,船舶,上海,19980520,600150.SH,20140424,19.8,20.19,19.33,19.37,19.91,-0.54,-2.71,102857.67,203174.987,0.7464,1.9169,1.13,675.2002,675.2002,1.5387,1.2025,1.2025,0.0516,0.0516,137811.7598,137811.7598,53659.3673,2669413.7873,2669413.7873,,,3.278
600150,中国船舶,船舶,上海,19980520,600150.SH,20140423,19.33,19.99,18.9,19.91,19.32,0.59,3.05,126462.8,246126.915,0.9176,2.3568,1.45,694.0235,694.0235,1.5816,1.2361,1.2361,0.0502,0.0502,137811.7598,137811.7598,53659.3673,2743832.1376,2743832.1376,,,3.278
600150,中国船舶,船舶,上海,19980520,600150.SH,20140422,19.54,19.68,18.76,19.32,19.56,-0.24,-1.23,91794.84,175593.366,0.6661,1.7107,1.01,673.4573,673.4573,1.5347,1.1994,1.1994,0.0518,0.0518,137811.7598,137811.7598,53659.3673,2662523.1993,2662523.1993,,,3.278
600150,中国船舶,船舶,上海,19980520,600150.SH,20140421,19.74,20.16,19.33,19.56,19.87,-0.31,-1.56,95661.32,189228.879,0.6941,1.7828,1.1,681.8232,681.8232,1.5538,1.2143,1.2143,0.0511,0.0511,137811.7598,137811.7598,53659.3673,2695598.0217,2695598.0217,,,3.278
600150,中国船舶,船舶,上海,19980520,600150.SH,20140418,19.43,19.92,19.18,19.87,19.51,0.36,1.85,76330.95,149783.79,0.5539,1.4225,0.69,1018.9886,,1.583,1.128,1.3404,0.0503,0.0503,137811.7598,137811.7598,53659.3673,2738319.6672,2738319.6672,,,3.278
600150,中国船舶,船舶,上海,19980520,600150.SH,20140417,19.33,19.65,19.21,19.51,19.31,0.2,1.04,66485.78,129447.242,0.4824,1.239,0.58,1000.5268,,1.5543,1.1075,1.3161,0.0513,0.0513,137811.7598,137811.7598,53659.3673,2688707.4337,2688707.4337,,,3.278
600150,中国船舶,船舶,上海,19980520,600150.SH,20140416,19.68,19.86,19.04,19.31,19.7,-0.39,-1.98,105003.41,203233.091,0.7619,1.9569,0.91,990.2703,,1.5384,1.0962,1.3026,0.0518,0.0518,137811.7598,137811.7598,53659.3673,2661145.0817,2661145.0817,,,3.278
600150,中国船舶,船舶,上海,19980520,600150.SH,20140415,20.48,20.64,19.55,19.7,20.46,-0.76,-3.71,111013.37,220782.177,0.8055,2.0689,0.85,1010.2706,,1.5695,1.1183,1.329,0.0508,0.0508,137811.7598,137811.7598,53659.3673,2714891.6681,2714891.6681,,,3.278
600150,中国船舶,船舶,上海,19980520,600150.SH,20140414,20.37,20.65,20.15,20.46,20.4,0.06,0.29,77949.41,158877.505,0.5656,1.4527,0.6,1049.2455,,1.63,1.1615,1.3802,0.0489,0.0489,137811.7598,137811.7598,53659.3673,2819628.6055,2819628.6055,,,3.278
600150,中国船舶,船舶,上海,19980520,600150.SH,20140411,20.02,21.09,20.02,20.4,20.01,0.39,1.95,196174.36,404584.689,1.4235,3.6559,1.94,1046.1685,,1.6252,1.1581,1.3762,0.049,0.049,137811.7598,137811.7598,53659.3673,2811359.8999,2811359.8999,,,3.278
600150,中国船舶,船舶,上海,19980520,600150.SH,20140410,19.97,20.2,19.72,20.01,19.97,0.04,0.2,84726.15,169438.006,0.6148,1.579,0.91,1026.1682,,1.5942,1.1359,1.3499,0.05,0.05,137811.7598,137811.7598,53659.3673,2757613.3136,2757613.3136,,,3.278
600150,中国船舶,船舶,上海,19980520,600150.SH,20140409,19.96,20.1,19.71,19.97,19.97,0.0,0.0,108728.0,216075.196,0.789,2.0263,1.31,1024.1169,,1.591,1.1336,1.3472,0.0501,0.0501,137811.7598,137811.7598,53659.3673,2752100.8432,2752100.8432,,,3.278
600150,中国船舶,船舶,上海,19980520,600150.SH,20140408,18.91,20.24,18.91,19.97,18.79,1.18,6.28,182089.8,361145.075,1.3213,3.3934,2.7,1024.1169,,1.591,1.1336,1.3472,0.0501,0.0501,137811.7598,137811.7598,53659.3673,2752100.8432,2752100.8432,,,3.278
600150,中国船舶,船舶,上海,19980520,600150.SH,20140404,18.46,18.96,18.11,18.79,18.48,0.31,1.68,80705.92,150874.54,0.5856,1.504,1.28,963.6032,,1.497,1.0667,1.2676,0.0532,0.0532,137811.7598,137811.7598,53659.3673,2589482.9666,2589482.9666,,,3.278
600150,中国船舶,船舶,上海,19980520,600150.SH,20140403,18.71,18.74,18.45,18.48,18.62,-0.14,-0.75,50302.01,93377.495,0.365,0.9374,0.8,947.7056,,1.4723,1.0491,1.2467,0.0541,0.0541,137811.7598,137811.7598,53659.3673,2546761.3211,2546761.3211,,,3.278
600150,中国船舶,船舶,上海,19980520,600150.SH,20140402,18.55,18.65,18.41,18.62,18.53,0.09,0.49,45053.06,83618.781,0.3269,0.8396,0.72,954.8852,,1.4834,1.057,1.2561,0.0537,0.0537,137811.7598,137811.7598,53659.3673,2566054.9675,2566054.9675,,,3.278
600150,中国船舶,船舶,上海,19980520,600150.SH,20140401,18.49,18.68,18.34,18.53,18.5,0.03,0.16,57233.99,106056.599,0.4153,1.0666,0.86,950.2697,,1.4763,1.0519,1.25,0.054,0.054,137811.7598,137811.7598,53659.3673,2553651.9091,2553651.9091,,,3.278
600150,中国船舶,船舶,上海,19980520,600150.SH,20140331,17.75,18.83,17.75,18.5,17.72,0.78,4.4,104110.97,191497.366,0.7555,1.9402,1.62,948.7312,,1.4739,1.0502,1.248,0.0541,0.0541,137811.7598,137811.7598,53659.3673,2549517.5563,2549517.5563,,,3.278
600150,中国船舶,船舶,上海,19980520,600150.SH,20140328,18.0,18.1,17.6,17.72,18.01,-0.29,-1.61,57496.37,102318.06,0.4172,1.0715,0.69,908.7307,,1.4117,1.0059,1.1954,0.0564,0.0564,137811.7598,137811.7598,53659.3673,2442024.3837,2442024.3837,,,3.278
600150,中国船舶,船舶,上海,19980520,600150.SH,20140327,18.38,18.38,17.85,18.01,18.39,-0.38,-2.07,49319.57,89256.177,0.3579,0.9191,0.53,923.6027,,1.4348,1.0224,1.2149,0.0555,0.0555,137811.7598,137811.7598,53659.3673,2481989.794,2481989.794,,,3.278
600150,中国船舶,船舶,上海,19980520,600150.SH,20140326,18.45,18.59,18.25,18.39,18.54,-0.15,-0.81,42735.15,78589.829,0.3101,0.7964,0.44,943.0901,,1.4651,1.044,1.2406,0.0544,0.0544,137811.7598,137811.7598,53659.3673,2534358.2627,2534358.2627,,,3.278
600150,中国船舶,船舶,上海,19980520,600150.SH,20140325,18.3,18.71,18.11,18.54,18.3,0.24,1.31,80958.35,149349.37,0.5875,1.5087,0.85,950.7826,,1.4771,1.0525,1.2507,0.0539,0.0539,137811.7598,137811.7598,53659.3673,2555030.0267,2555030.0267,,,3.278
600150,中国船舶,船舶,上海,19980520,600150.SH,20140324,18.2,18.36,17.97,18.3,18.2,0.1,0.55,91195.67,165700.838,0.6617,1.6995,0.97,938.4747,,1.4579,1.0388,1.2345,0.0546,0.0546,137811.7598,137811.7598,53659.3673,2521955.2043,2521955.2043,,,3.278
600150,中国船舶,船舶,上海,19980520,600150.SH,20140321,17.69,18.26,17.21,18.2,17.7,0.5,2.82,154215.12,272697.298,1.119,2.874,1.91,933.3464,,1.45,1.0332,1.2278,0.0549,0.0549,137811.7598,137811.7598,53659.3673,2508174.0284,2508174.0284,,,3.278
600150,中国船舶,船舶,上海,19980520,600150.SH,20140320,18.83,18.9,17.5,17.7,18.81,-1.11,-5.9,95151.62,174023.945,0.6904,1.7733,1.16,907.705,,1.4101,1.0048,1.194,0.0565,0.0565,137811.7598,137811.7598,53659.3673,2439268.1485,2439268.1485,,,3.278
600150,中国船舶,船舶,上海,19980520,600150.SH,20140319,18.85,18.9,18.41,18.81,18.87,-0.06,-0.32,63418.34,117965.631,0.4602,1.1819,0.76,964.6289,,1.4986,1.0678,1.2689,0.0532,0.0532,137811.7598,137811.7598,53659.3673,2592239.2018,2592239.2018,,,3.278
600150,中国船舶,船舶,上海,19980520,600150.SH,20140318,18.92,19.18,18.8,18.87,18.84,0.03,0.16,71708.54,136178.115,0.5203,1.3364,0.76,967.7059,,1.5033,1.0712,1.273,0.053,0.053,137811.7598,137811.7598,53659.3673,2600507.9074,2600507.9074,,,3.278
600150,中国船舶,船舶,上海,19980520,600150.SH,20140317,18.59,18.97,18.23,18.84,18.47,0.37,2.0,84588.78,158034.272,0.6138,1.5764,0.77,966.1674,,1.501,1.0695,1.2709,0.0531,0.0531,137811.7598,137811.7598,53659.3673,2596373.5546,2596373.5546,,,3.278
600150,中国船舶,船舶,上海,19980520,600150.SH,20140314,19.05,19.05,18.2,18.47,19.06,-0.59,-3.1,88138.91,163696.968,0.6396,1.6426,0.86,947.1928,,1.4715,1.0485,1.246,0.0541,0.0541,137811.7598,137811.7598,53659.3673,2545383.2035,2545383.2035,,,3.278
600150,中国船舶,船舶,上海,19980520,600150.SH,20140313,18.87,19.5,18.85,19.06,18.85,0.21,1.11,103853.17,198873.417,0.7536,1.9354,1.12,977.4496,,1.5185,1.082,1.2858,0.0525,0.0525,137811.7598,137811.7598,53659.3673,2626692.1418,2626692.1418,,,3.278
600150,中国船舶,船舶,上海,19980520,600150.SH,20140312,18.7,18.89,18.48,18.85,18.66,0.19,1.02,67960.32,127092.158,0.4931,1.2665,0.72,966.6802,,1.5018,1.0701,1.2716,0.0531,0.0531,137811.7598,137811.7598,53659.3673,2597751.6722,2597751.6722,,,3.278
600150,中国船舶,船舶,上海,19980520,600150.SH,20140311,18.91,19.55,18.47,18.66,19.25,-0.59,-3.06,129079.44,243785.688,0.9366,2.4055,1.54,956.9365,,1.4866,1.0593,1.2588,0.0536,0.0536,137811.7598,137811.7598,53659.3673,2571567.4379,2571567.4379,,,3.278
600150,中国船舶,船舶,上海,19980520,600150.SH,20140310,20.97,20.97,19.02,19.25,21.13,-1.88,-8.9,160862.52,317226.126,1.1673,2.9978,2.44,987.1933,,1.5336,1.0928,1.2986,0.0519,0.0519,137811.7598,137811.7598,53659.3673,2652876.3762,2652876.3762,,,3.278
600150,中国船舶,船舶,上海,19980520,600150.SH,20140307,21.07,21.54,21.0,21.13,21.07,0.06,0.28,53174.23,112812.0,0.3858,0.991,0.77,1083.6049,,1.6834,1.1995,1.4254,0.0473,0.0473,137811.7598,137811.7598,53659.3673,2911962.4846,2911962.4846,,,3.278
600150,中国船舶,船舶,上海,19980520,600150.SH,20140306,21.5,21.66,20.88,21.07,21.65,-0.58,-2.68,54534.5,115365.455,0.3957,1.0163,0.67,1080.528,,1.6786,1.1961,1.4214,0.0475,0.0475,137811.7598,137811.7598,53659.3673,2903693.779,2903693.779,,,3.278
600150,中国船舶,船舶,上海,19980520,600150.SH,20140305,21.84,22.02,21.33,21.65,21.72,-0.07,-0.32,72647.81,157115.878,0.5272,1.3539,0.86,1110.272,,1.7248,1.229,1.4605,0.0462,0.0462,137811.7598,137811.7598,53659.3673,2983624.5997,2983624.5997,,,3.278
600150,中国船舶,船舶,上海,19980520,600150.SH,20140304,21.58,22.1,21.45,21.72,21.72,0.0,0.0,78055.0,169729.657,0.5664,1.4546,0.82,1113.8618,,1.7304,1.233,1.4652,0.046,0.046,137811.7598,137811.7598,53659.3673,2993271.4229,2993271.4229,,,3.278
600150,中国船舶,船舶,上海,19980520,600150.SH,20140303,21.39,21.96,21.25,21.72,21.39,0.33,1.54,71338.44,154687.028,0.5177,1.3295,0.62,1113.8618,,1.7304,1.233,1.4652,0.046,0.046,137811.7598,137811.7598,53659.3673,2993271.4229,2993271.4229,,,3.278
600150,中国船舶,船舶,上海,19980520,600150.SH,20140228,21.1,21.55,20.7,21.39,21.16,0.23,1.09,67002.95,141021.825,0.4862,1.2487,0.58,1096.9384,,1.7041,1.2143,1.443,0.0468,0.0468,137811.7598,137811.7598,53659.3673,2947793.5421,2947793.5421,,,3.278
600150,中国船舶,船舶,上海,19980520,600150.SH,20140227,20.98,21.99,20.98,21.16,20.93,0.23,1.1,119419.68,256558.542,0.8665,2.2255,1.1,1085.1434,,1.6858,1.2012,1.4274,0.0473,0.0473,137811.7598,137811.7598,53659.3673,2916096.8374,2916096.8374,,,3.278
600150,中国船舶,船舶,上海,19980520,600150.SH,20140226,20.48,21.1,20.31,20.93,20.56,0.37,1.8,87941.39,181893.895,0.6381,1.6389,0.79,1073.3484,,1.6675,1.1881,1.4119,0.0478,0.0478,137811.7598,137811.7598,53659.3673,2884400.1326,2884400.1326,,,3.278
600150,中国船舶,船舶,上海,19980520,600150.SH,20140225,21.52,21.75,20.38,20.56,21.48,-0.92,-4.28,130410.93,274644.209,0.9463,2.4303,1.23,1054.3737,,1.638,1.1671,1.387,0.0486,0.0486,137811.7598,137811.7598,53659.3673,2833409.7815,2833409.7815,,,3.278
600150,中国船舶,船舶,上海,19980520,600150.SH,20140224,22.57,22.57,21.29,21.48,22.59,-1.11,-4.91,168067.59,365875.02,1.2195,3.1321,1.69,1101.5539,,1.7113,1.2194,1.449,0.0466,0.0466,137811.7598,137811.7598,53659.3673,2960196.6005,2960196.6005,,,3.278
600150,中国船舶,船舶,上海,19980520,600150.SH,20140221,22.59,22.72,22.27,22.59,22.54,0.05,0.22,76130.46,171006.074,0.5524,1.4188,0.77,1158.4778,,1.7997,1.2824,1.5239,0.0443,0.0443,137811.7598,137811.7598,53659.3673,3113167.6539,3113167.6539,,,3.278
600150,中国船舶,船舶,上海,19980520,600150.SH,20140220,23.02,23.13,22.42,22.54,22.94,-0.4,-1.74,79538.29,180444.279,0.5772,1.4823,0.75,1155.9136,,1.7957,1.2795,1.5205,0.0444,0.0444,137811.7598,137811.7598,53659.3673,3106277.0659,3106277.0659,,,3.278
600150,中国船舶,船舶,上海,19980520,600150.SH,20140219,23.5,23.67,22.8,22.94,23.67,-0.73,-3.08,104608.82,242207.501,0.7591,1.9495,0.91,1176.4267,,1.8276,1.3022,1.5475,0.0436,0.0436,137811.7598,137811.7598,53659.3673,3161401.7698,3161401.7698,,,3.278
600150,中国船舶,船舶,上海,19980520,600150.SH,20140218,23.6,23.87,23.11,23.67,23.73,-0.06,-0.25,100120.18,234734.931,0.7265,1.8658,0.76,1213.8632,,1.8858,1.3437,1.5968,0.0422,0.0422,137811.7598,137811.7598,53659.3673,3262004.3545,3262004.3545,,,3.278
600150,中国船舶,船舶,上海,19980520,600150.SH,20140217,23.37,24.26,23.34,23.73,23.14,0.59,2.55,135657.49,323344.196,0.9844,2.5281,0.92,1216.9401,,1.8905,1.3471,1.6008,0.0421,0.0421,137811.7598,137811.7598,53659.3673,3270273.0601,3270273.0601,,,3.278
600150,中国船舶,船舶,上海,19980520,600150.SH,20140214,22.81,23.34,22.81,23.14,22.91,0.23,1.0,77351.36,178566.962,0.5613,1.4415,0.46,1186.6833,,1.8435,1.3136,1.561,0.0432,0.0432,137811.7598,137811.7598,53659.3673,3188964.1218,3188964.1218,,,3.278
600150,中国船舶,船舶,上海,19980520,600150.SH,20140213,23.4,23.71,22.89,22.91,23.7,-0.79,-3.33,113904.44,265246.935,0.8265,2.1227,0.71,1174.8883,,1.8252,1.3005,1.5455,0.0436,0.0436,137811.7598,137811.7598,53659.3673,3157267.417,3157267.417,,,3.278
600150,中国船舶,船舶,上海,19980520,600150.SH,20140212,23.7,23.92,23.15,23.7,23.73,-0.03,-0.13,145548.5,342872.156,1.0561,2.7125,1.02,1215.4016,,1.8881,1.3454,1.5988,0.0422,0.0422,137811.7598,137811.7598,53659.3673,3266138.7073,3266138.7073,,,3.278
600150,中国船舶,船舶,上海,19980520,600150.SH,20140211,23.99,24.08,23.18,23.73,24.0,-0.27,-1.13,182734.66,431800.197,1.326,3.4055,1.52,1216.9401,,1.8905,1.3471,1.6008,0.0421,0.0421,137811.7598,137811.7598,53659.3673,3270273.0601,3270273.0601,,,3.278
600150,中国船舶,船舶,上海,19980520,600150.SH,20140210,24.25,24.8,23.93,24.0,23.98,0.02,0.08,221723.37,539812.244,1.6089,4.1321,2.56,1230.7865,,1.912,1.3624,1.619,0.0417,0.0417,137811.7598,137811.7598,53659.3673,3307482.2352,3307482.2352,,,3.278
600150,中国船舶,船舶,上海,19980520,600150.SH,20140207,22.2,23.98,22.2,23.98,21.8,2.18,10.0,180839.0,424152.551,1.3122,3.3701,2.71,1229.7608,,1.9104,1.3613,1.6177,0.0417,0.0417,137811.7598,137811.7598,53659.3673,3304726.0,3304726.0,,,3.278
600150,中国船舶,船舶,上海,19980520,600150.SH,20140130,21.54,22.2,21.15,21.8,21.67,0.13,0.6,67019.72,145781.689,0.4863,1.249,0.95,1117.9644,,1.7368,1.2375,1.4706,0.0459,0.0459,137811.7598,137811.7598,53659.3673,3004296.3636,3004296.3636,,,3.278
600150,中国船舶,船舶,上海,19980520,600150.SH,20140129,21.2,22.09,21.17,21.67,21.37,0.3,1.4,63836.83,138509.106,0.4632,1.1897,0.76,1111.2976,,1.7264,1.2302,1.4619,0.0461,0.0461,137811.7598,137811.7598,53659.3673,2986380.8349,2986380.8349,,,3.278
600150,中国船舶,船舶,上海,19980520,600150.SH,20140128,21.92,22.05,21.11,21.37,21.84,-0.47,-2.15,67021.63,143632.631,0.4863,1.249,0.8,1095.9128,,1.7025,1.2131,1.4416,0.0468,0.0468,137811.7598,137811.7598,53659.3673,2945037.3069,2945037.3069,,,3.278
600150,中国船舶,船舶,上海,19980520,600150.SH,20140127,21.8,22.2,21.76,21.84,21.95,-0.11,-0.5,54113.05,118855.039,0.3927,1.0085,0.61,1120.0157,,1.74,1.2398,1.4733,0.0458,0.0458,137811.7598,137811.7598,53659.3673,3009808.834,3009808.834,,,3.278
600150,中国船舶,船舶,上海,19980520,600150.SH,20140124,22.05,22.49,21.85,21.95,22.06,-0.11,-0.5,81151.19,179477.305,0.5889,1.5123,0.96,1125.6568,,1.7487,1.246,1.4807,0.0456,0.0456,137811.7598,137811.7598,53659.3673,3024968.1276,3024968.1276,,,3.278
600150,中国船舶,船舶,上海,19980520,600150.SH,20140123,21.79,22.58,21.67,22.06,21.94,0.12,0.55,86836.83,192851.816,0.6301,1.6183,0.98,1131.2979,,1.7575,1.2523,1.4882,0.0453,0.0453,137811.7598,137811.7598,53659.3673,3040127.4212,3040127.4212,,,3.278
600150,中国船舶,船舶,上海,19980520,600150.SH,20140122,21.04,22.29,21.04,21.94,20.99,0.95,4.53,131548.71,287550.143,0.9546,2.4516,1.69,1125.144,,1.7479,1.2455,1.4801,0.0456,0.0456,137811.7598,137811.7598,53659.3673,3023590.01,3023590.01,,,3.278
600150,中国船舶,船舶,上海,19980520,600150.SH,20140121,21.38,21.62,20.89,20.99,21.39,-0.4,-1.87,65521.63,138880.172,0.4754,1.2211,0.78,1076.4253,,1.6722,1.1916,1.416,0.0476,0.0476,137811.7598,137811.7598,53659.3673,2892668.8382,2892668.8382,,,3.278
600150,中国船舶,船舶,上海,19980520,600150.SH,20140120,20.94,21.79,20.6,21.39,20.65,0.74,3.58,79120.99,167140.194,0.5741,1.4745,0.91,1096.9384,,1.7041,1.2143,1.443,0.0468,0.0468,137811.7598,137811.7598,53659.3673,2947793.5421,2947793.5421,,,3.277
600150,中国船舶,船舶,上海,19980520,600150.SH,20140117,21.0,21.23,20.61,20.65,21.03,-0.38,-1.81,58778.52,123034.99,0.4265,1.0954,0.58,1058.9892,,1.6452,1.1723,1.393,0.0484,0.0484,137811.7598,137811.7598,53659.3673,2845812.8399,2845812.8399,,,3.277
600150,中国船舶,船舶,上海,19980520,600150.SH,20140116,21.4,21.4,20.58,21.03,21.43,-0.4,-1.87,105935.88,220856.671,0.7687,1.9742,1.04,1078.4766,,1.6754,1.1938,1.4187,0.0476,0.0476,137811.7598,137811.7598,53659.3673,2898181.3086,2898181.3086,,,3.277
600150,中国船舶,船舶,上海,19980520,600150.SH,20140115,21.83,22.11,21.18,21.43,21.82,-0.39,-1.79,78884.14,170832.86,0.5724,1.4701,0.68,1098.9898,,1.7073,1.2165,1.4457,0.0467,0.0467,137811.7598,137811.7598,53659.3673,2953306.0125,2953306.0125,,,3.277
600150,中国船舶,船舶,上海,19980520,600150.SH,20140114,21.0,22.07,20.64,21.82,21.08,0.74,3.51,98970.4,211976.689,0.7182,1.8444,0.85,1118.99,,1.7384,1.2387,1.472,0.0458,0.0458,137811.7598,137811.7598,53659.3673,3007052.5988,3007052.5988,,,3.277
600150,中国船舶,船舶,上海,19980520,600150.SH,20140113,20.9,21.49,20.9,21.08,20.89,0.19,0.91,92967.56,197192.978,0.6746,1.7326,0.71,1081.0408,,1.6794,1.1967,1.4221,0.0474,0.0474,137811.7598,137811.7598,53659.3673,2905071.8966,2905071.8966,,,3.277
600150,中国船舶,船舶,上海,19980520,600150.SH,20140110,21.99,22.0,20.32,20.89,22.0,-1.11,-5.05,129023.7,272079.509,0.9362,2.4045,0.89,1071.2971,,1.6643,1.1859,1.4092,0.0479,0.0479,137811.7598,137811.7598,53659.3673,2878887.6622,2878887.6622,,,3.277
600150,中国船舶,船舶,上海,19980520,600150.SH,20140109,22.45,22.9,21.96,22.0,22.88,-0.88,-3.85,109247.53,245095.345,0.7927,2.0359,0.73,1128.2209,,1.7527,1.2489,1.4841,0.0455,0.0455,137811.7598,137811.7598,53659.3673,3031858.7156,3031858.7156,,,3.277
600150,中国船舶,船舶,上海,19980520,600150.SH,20140108,22.6,23.18,22.05,22.88,22.61,0.27,1.19,152805.11,344604.13,1.1088,2.8477,0.99,1173.3498,,1.8228,1.2988,1.5435,0.0437,0.0437,137811.7598,137811.7598,53659.3673,3153133.0642,3153133.0642,,,3.277
600150,中国船舶,船舶,上海,19980520,600150.SH,20140107,22.3,22.96,22.2,22.61,22.47,0.14,0.62,99784.28,226800.299,0.7241,1.8596,0.57,1159.5034,,1.8013,1.2835,1.5253,0.0442,0.0442,137811.7598,137811.7598,53659.3673,3115923.8891,3115923.8891,,,3.277
600150,中国船舶,船舶,上海,19980520,600150.SH,20140106,23.3,23.3,22.18,22.47,23.43,-0.96,-4.1,166472.24,377331.965,1.208,3.1024,0.8,1152.3238,,1.7902,1.2756,1.5158,0.0445,0.0445,137811.7598,137811.7598,53659.3673,3096630.2427,3096630.2427,,,3.277
600150,中国船舶,船舶,上海,19980520,600150.SH,20140103,23.99,24.52,23.41,23.43,23.93,-0.5,-2.09,198225.6,476005.046,1.4384,3.6941,1.07,1201.5553,,1.8666,1.3301,1.5806,0.0427,0.0427,137811.7598,137811.7598,53659.3673,3228929.5321,3228929.5321,,,3.277
600150,中国船舶,船舶,上海,19980520,600150.SH,20140102,24.0,24.88,23.72,23.93,24.19,-0.26,-1.07,126586.84,306349.941,0.9185,2.3591,0.71,1227.1967,,1.9065,1.3584,1.6143,0.0418,0.0418,137811.7598,137811.7598,53659.3673,3297835.412,3297835.412,,,3.277
600150,中国船舶,船舶,上海,19980520,600150.SH,20131231,23.28,24.79,22.98,24.19,23.48,0.71,3.02,181224.36,439125.593,1.315,3.3773,1.08,1240.5302,,1.9272,1.3732,1.6318,0.954,0.0413,137811.7598,137811.7598,53659.3673,3333666.4696,3333666.4696,,,3.277
600150,中国船舶,船舶,上海,19980520,600150.SH,20131230,24.06,24.32,23.12,23.48,24.06,-0.58,-2.41,195779.8,462323.941,1.4206,3.6486,1.33,1204.1194,,1.8706,1.3329,1.584,0.9828,0.0426,137811.7598,137811.7598,53659.3673,3235820.1201,3235820.1201,,,3.277
600150,中国船舶,船舶,上海,19980520,600150.SH,20131227,21.78,24.06,21.78,24.06,21.87,2.19,10.01,336474.34,787426.55,2.4416,6.2706,3.7,1233.8634,,1.9168,1.3658,1.6231,0.9591,0.0416,137811.7598,137811.7598,53659.3673,3315750.9408,3315750.9408,,,3.277
600150,中国船舶,船舶,上海,19980520,600150.SH,20131226,21.8,22.46,21.7,21.87,21.93,-0.06,-0.27,87124.34,192599.557,0.6322,1.6237,0.94,1121.5542,,1.7423,1.2415,1.4753,1.0552,0.0457,137811.7598,137811.7598,53659.3673,3013943.1868,3013943.1868,,,3.277
600150,中国船舶,船舶,上海,19980520,600150.SH,20131225,21.9,22.35,21.66,21.93,21.8,0.13,0.6,87644.89,193406.96,0.636,1.6334,0.96,1124.6311,,1.7471,1.2449,1.4794,1.0523,0.0456,137811.7598,137811.7598,53659.3673,3022211.8924,3022211.8924,,,3.277
600150,中国船舶,船舶,上海,19980520,600150.SH,20131224,21.43,22.23,21.43,21.8,21.43,0.37,1.73,129574.48,284878.212,0.9402,2.4148,1.52,1117.9644,,1.7368,1.2375,1.4706,1.0586,0.0459,137811.7598,137811.7598,53659.3673,3004296.3636,3004296.3636,,,3.277
600150,中国船舶,船舶,上海,19980520,600150.SH,20131223,20.13,21.64,20.13,21.43,20.61,0.82,3.98,92527.41,195517.694,0.6714,1.7243,1.05,1098.9898,,1.7073,1.2165,1.4457,1.0769,0.0467,137811.7598,137811.7598,53659.3673,2953306.0125,2953306.0125,,,3.277
600150,中国船舶,船舶,上海,19980520,600150.SH,20131220,20.47,20.98,20.41,20.61,20.72,-0.11,-0.53,57755.63,119380.592,0.4191,1.0763,0.67,1056.9379,,1.642,1.17,1.3903,1.1197,0.0485,137811.7598,137811.7598,53659.3673,2840300.3695,2840300.3695,,,3.277
600150,中国船舶,船舶,上海,19980520,600150.SH,20131219,21.7,21.83,20.45,20.72,21.5,-0.78,-3.63,97302.88,202372.31,0.7061,1.8133,1.17,1062.579,,1.6507,1.1762,1.3978,1.1138,0.0483,137811.7598,137811.7598,53659.3673,2855459.6631,2855459.6631,,,3.277
600150,中国船舶,船舶,上海,19980520,600150.SH,20131218,21.9,22.3,21.38,21.5,21.95,-0.45,-2.05,77850.58,169896.379,0.5649,1.4508,0.85,1102.5796,,1.7129,1.2205,1.4504,1.0733,0.0465,137811.7598,137811.7598,53659.3673,2962952.8357,2962952.8357,,,3.277
600150,中国船舶,船舶,上海,19980520,600150.SH,20131217,21.14,22.0,20.97,21.95,21.11,0.84,3.98,100404.3,215954.356,0.7286,1.8711,0.85,1125.6568,,1.7487,1.246,1.4807,1.0513,0.0456,137811.7598,137811.7598,53659.3673,3024968.1276,3024968.1276,,,3.277
600150,中国船舶,船舶,上海,19980520,600150.SH,20131216,20.78,21.38,20.78,21.11,20.74,0.37,1.78,109166.5,230958.91,0.7921,2.0344,0.88,1082.5793,,1.6818,1.1984,1.4241,1.0932,0.0474,137811.7598,137811.7598,53659.3673,2909206.2494,2909206.2494,,,3.277
600150,中国船舶,船舶,上海,19980520,600150.SH,20131213,20.6,21.15,20.46,20.74,20.88,-0.14,-0.67,47898.38,99825.056,0.3476,0.8926,0.34,1063.6046,,1.6523,1.1774,1.3991,1.1127,0.0482,137811.7598,137811.7598,53659.3673,2858215.8983,2858215.8983,,,3.277
600150,中国船舶,船舶,上海,19980520,600150.SH,20131212,20.59,21.24,20.59,20.88,20.76,0.12,0.58,79878.89,167483.389,0.5796,1.4886,0.54,1070.7842,,1.6635,1.1853,1.4086,1.1052,0.0479,137811.7598,137811.7598,53659.3673,2877509.5446,2877509.5446,,,3.277
600150,中国船舶,船舶,上海,19980520,600150.SH,20131211,20.65,20.76,20.1,20.76,20.82,-0.06,-0.29,122073.53,250162.014,0.8858,2.275,0.72,1064.6303,,1.6539,1.1785,1.4005,1.1116,0.0482,137811.7598,137811.7598,53659.3673,2860972.1334,2860972.1334,,,3.277
600150,中国船舶,船舶,上海,19980520,600150.SH,20131210,21.99,21.99,20.4,20.82,21.98,-1.16,-5.28,229646.71,479277.807,1.6664,4.2797,1.27,1067.7073,,1.6587,1.1819,1.4045,1.1084,0.048,137811.7598,137811.7598,53659.3673,2869240.839,2869240.839,,,3.277
600150,中国船舶,船舶,上海,19980520,600150.SH,20131209,21.8,22.3,21.58,21.98,21.6,0.38,1.76,141941.7,312179.403,1.03,2.6452,0.74,1127.1953,,1.7511,1.2478,1.4828,1.0499,0.0455,137811.7598,137811.7598,53659.3673,3029102.4804,3029102.4804,,,3.277
600150,中国船舶,船舶,上海,19980520,600150.SH,20131206,21.6,22.35,21.4,21.6,21.64,-0.04,-0.18,134825.04,293367.668,0.9783,2.5126,0.58,1107.7078,,1.7208,1.2262,1.4571,1.0684,0.0463,137811.7598,137811.7598,53659.3673,2976734.0117,2976734.0117,,,3.277
600150,中国船舶,船舶,上海,19980520,600150.SH,20131205,22.36,22.44,21.62,21.64,22.36,-0.72,-3.22,116647.83,256187.855,0.8464,2.1739,0.46,1109.7591,,1.724,1.2285,1.4598,1.0664,0.0462,137811.7598,137811.7598,53659.3673,2982246.4821,2982246.4821,,,3.277
600150,中国船舶,船舶,上海,19980520,600150.SH,20131204,22.3,22.58,22.08,22.36,22.34,0.02,0.09,223792.2,501004.665,1.6239,4.1706,0.94,1146.6827,,1.7814,1.2693,1.5084,1.0321,0.0447,137811.7598,137811.7598,53659.3673,3081470.9491,3081470.9491,,,3.277
600150,中国船舶,船舶,上海,19980520,600150.SH,20131203,20.9,22.74,20.63,22.34,21.24,1.1,5.18,287154.22,638367.252,2.0837,5.3514,1.34,1145.6571,,1.7798,1.2682,1.507,1.033,0.0448,137811.7598,137811.7598,53659.3673,3078714.7139,3078714.7139,,,3.277
600150,中国船舶,船舶,上海,19980520,600150.SH,20131202,21.43,22.2,20.45,21.24,21.97,-0.73,-3.32,202679.74,434749.827,1.4707,3.7772,0.92,1089.246,,1.6922,1.2057,1.4328,1.0865,0.0471,137811.7598,137811.7598,53659.3673,2927121.7782,2927121.7782,,,3.277
600150,中国船舶,船舶,上海,19980520,600150.SH,20131129,20.71,22.5,20.56,21.97,20.9,1.07,5.12,328091.0,715229.71,2.3807,6.1143,1.8,1126.6825,,1.7503,1.2472,1.4821,1.0504,0.0455,137811.7598,137811.7598,53659.3673,3027724.3628,3027724.3628,,,3.277
600150,中国船舶,船舶,上海,19980520,600150.SH,20131128,21.17,22.17,20.8,20.9,21.19,-0.29,-1.37,215444.12,466825.06,1.5633,4.015,1.38,1071.8099,,1.6651,1.1864,1.4099,1.1042,0.0478,137811.7598,137811.7598,53659.3673,2880265.7798,2880265.7798,,,3.277
600150,中国船舶,船舶,上海,19980520,600150.SH,20131127,20.48,21.49,20.48,21.19,20.56,0.63,3.06,163061.74,344662.616,1.1832,3.0388,1.07,1086.6819,,1.6882,1.2029,1.4295,1.089,0.0472,137811.7598,137811.7598,53659.3673,2920231.1902,2920231.1902,,,3.277
600150,中国船舶,船舶,上海,19980520,600150.SH,20131126,20.3,20.85,19.75,20.56,20.31,0.25,1.23,158326.19,321618.675,1.1489,2.9506,1.15,1054.3737,,1.638,1.1671,1.387,1.1224,0.0486,137811.7598,137811.7598,53659.3673,2833409.7815,2833409.7815,,,3.277
600150,中国船舶,船舶,上海,19980520,600150.SH,20131125,19.85,20.87,19.81,20.31,19.6,0.71,3.62,233825.36,479145.908,1.6967,4.3576,1.97,1041.5531,,1.6181,1.1529,1.3701,1.1362,0.0492,137811.7598,137811.7598,53659.3673,2798956.8415,2798956.8415,,,3.277
600150,中国船舶,船舶,上海,19980520,600150.SH,20131122,19.0,19.99,18.95,19.6,19.02,0.58,3.05,141462.18,278179.975,1.0265,2.6363,1.15,1005.1423,,1.5615,1.1126,1.3222,1.1774,0.051,137811.7598,137811.7598,53659.3673,2701110.4921,2701110.4921,,,3.277
600150,中国船舶,船舶,上海,19980520,600150.SH,20131121,19.07,19.44,18.85,19.02,19.33,-0.31,-1.6,82184.46,157327.782,0.5964,1.5316,0.57,975.3983,,1.5153,1.0797,1.2831,1.2133,0.0526,137811.7598,137811.7598,53659.3673,2621179.6714,2621179.6714,,,3.277
600150,中国船舶,船舶,上海,19980520,600150.SH,20131120,18.59,19.5,18.41,19.33,18.56,0.77,4.15,146422.61,280319.899,1.0625,2.7287,1.1,991.2959,,1.54,1.0973,1.304,1.1938,0.0517,137811.7598,137811.7598,53659.3673,2663901.3169,2663901.3169,,,3.277
600150,中国船舶,船舶,上海,19980520,600150.SH,20131119,19.07,19.19,18.52,18.56,19.03,-0.47,-2.47,82107.46,153658.897,0.5958,1.5302,0.66,951.8082,,1.4786,1.0536,1.2521,1.2434,0.0539,137811.7598,137811.7598,53659.3673,2557786.2619,2557786.2619,,,3.277
600150,中国船舶,船舶,上海,19980520,600150.SH,20131118,18.7,19.33,18.7,19.03,18.66,0.37,1.98,140022.89,267764.034,1.016,2.6095,1.4,975.9111,,1.5161,1.0803,1.2838,1.2127,0.0525,137811.7598,137811.7598,53659.3673,2622557.789,2622557.789,,,3.277
600150,中国船舶,船舶,上海,19980520,600150.SH,20131115,18.63,19.19,18.53,18.66,18.7,-0.04,-0.21,165613.05,312792.449,1.2017,3.0864,2.29,956.9365,,1.4866,1.0593,1.2588,1.2367,0.0536,137811.7598,137811.7598,53659.3673,2571567.4379,2571567.4379,,,3.277
600150,中国船舶,船舶,上海,19980520,600150.SH,20131114,17.5,18.79,17.36,18.7,17.58,1.12,6.3709,187486.67,343327.52,1.3605,3.494,4.68,958.9878,,1.4898,1.0616,1.2615,1.2341,0.0535,137811.7598,137811.7598,53659.3673,2577079.9083,2577079.9083,,,3.277
600150,中国船舶,船舶,上海,19980520,600150.SH,20131113,17.31,17.89,17.31,17.58,17.29,0.29,1.68,87646.32,154642.77,0.636,1.6334,2.99,901.5511,,1.4006,0.998,1.1859,1.3127,0.0569,137811.7598,137811.7598,53659.3673,2422730.7373,2422730.7373,,,3.277
600150,中国船舶,船舶,上海,19980520,600150.SH,20131112,16.92,17.47,16.92,17.29,16.91,0.38,2.25,38121.01,65862.122,0.2766,0.7104,1.32,886.6791,,1.3775,0.9815,1.1664,1.3347,0.0578,137811.7598,137811.7598,53659.3673,2382765.3269,2382765.3269,,,3.277
600150,中国船舶,船舶,上海,19980520,600150.SH,20131111,16.7,16.99,16.61,16.91,16.81,0.1,0.59,20463.28,34451.977,0.1485,0.3814,0.65,867.1916,,1.3472,0.9599,1.1407,1.3647,0.0591,137811.7598,137811.7598,53659.3673,2330396.8582,2330396.8582,,,3.277
600150,中国船舶,船舶,上海,19980520,600150.SH,20131108,16.9,17.15,16.71,16.81,17.02,-0.21,-1.23,27554.42,46703.261,0.1999,0.5135,0.85,862.0634,,1.3392,0.9543,1.134,1.3728,0.0595,137811.7598,137811.7598,53659.3673,2316615.6822,2316615.6822,,,3.277
600150,中国船舶,船舶,上海,19980520,600150.SH,20131107,17.0,17.18,16.89,17.02,17.01,0.01,0.06,26342.24,44912.963,0.1911,0.4909,0.81,872.8327,,1.356,0.9662,1.1482,1.3559,0.0588,137811.7598,137811.7598,53659.3673,2345556.1518,2345556.1518,,,3.277
600150,中国船舶,船舶,上海,19980520,600150.SH,20131106,17.13,17.43,16.99,17.01,17.18,-0.17,-0.99,33867.05,58345.124,0.2457,0.6311,0.98,872.3199,,1.3552,0.9656,1.1475,1.3567,0.0588,137811.7598,137811.7598,53659.3673,2344178.0342,2344178.0342,,,3.277
600150,中国船舶,船舶,上海,19980520,600150.SH,20131105,17.2,17.25,16.73,17.18,17.29,-0.11,-0.64,35741.84,60894.636,0.2594,0.6661,0.96,881.038,,1.3687,0.9753,1.159,1.3432,0.0582,137811.7598,137811.7598,53659.3673,2367606.0334,2367606.0334,,,3.277
600150,中国船舶,船舶,上海,19980520,600150.SH,20131104,17.35,17.65,17.21,17.29,17.26,0.03,0.17,34165.75,59525.893,0.2479,0.6367,0.9,886.6791,,1.3775,0.9815,1.1664,1.3347,0.0578,137811.7598,137811.7598,53659.3673,2382765.3269,2382765.3269,,,3.277
600150,中国船舶,船舶,上海,19980520,600150.SH,20131101,17.16,17.27,17.03,17.26,17.05,0.21,1.23,32166.42,55246.434,0.2334,0.5995,0.77,885.1406,,1.3751,0.9798,1.1644,1.337,0.0579,137811.7598,137811.7598,53659.3673,2378630.9741,2378630.9741,,,3.277
600150,中国船舶,船舶,上海,19980520,600150.SH,20131031,17.05,17.07,16.74,17.05,17.14,-0.09,-0.53,26822.95,45385.883,0.1946,0.4999,0.59,874.3712,,1.3583,0.9679,1.1502,1.3535,0.0587,137811.7598,137811.7598,53659.3673,2349690.5046,2349690.5046,,,3.277
600150,中国船舶,船舶,上海,19980520,600150.SH,20131030,16.9,17.33,16.71,17.14,16.85,0.29,1.72,43051.34,73339.623,0.3124,0.8023,0.95,878.9867,,1.3525,0.973,1.2476,1.3464,0.0583,137811.7598,137811.7598,53659.3673,2362093.563,2362093.563,,,3.277
600150,中国船舶,船舶,上海,19980520,600150.SH,20131029,17.22,17.37,16.5,16.85,17.31,-0.46,-2.66,49915.4,84210.916,0.3622,0.9302,1.09,864.1147,,1.3296,0.9565,1.2265,1.3696,0.0593,137811.7598,137811.7598,53659.3673,2322128.1526,2322128.1526,,,3.277
600150,中国船舶,船舶,上海,19980520,600150.SH,20131028,17.07,17.38,17.0,17.31,17.09,0.22,1.29,38194.13,65677.011,0.2771,0.7118,0.78,887.7047,,1.3659,0.9826,1.26,1.3332,0.0578,137811.7598,137811.7598,53659.3673,2385521.5621,2385521.5621,,,3.277
600150,中国船舶,船舶,上海,19980520,600150.SH,20131025,17.46,17.53,16.98,17.09,17.46,-0.37,-2.12,51991.26,89253.445,0.3773,0.9689,1.08,876.4225,,1.3485,0.9702,1.244,1.3503,0.0585,137811.7598,137811.7598,53659.3673,2355202.975,2355202.975,,,3.277
600150,中国船舶,船舶,上海,19980520,600150.SH,20131024,17.75,17.89,17.35,17.46,17.75,-0.29,-1.63,42537.67,74966.099,0.3087,0.7927,0.86,895.3972,,1.3777,0.9912,1.2709,1.3217,0.0573,137811.7598,137811.7598,53659.3673,2406193.3261,2406193.3261,,,3.277
600150,中国船舶,船舶,上海,19980520,600150.SH,20131023,18.0,18.14,17.7,17.75,17.92,-0.17,-0.95,44846.71,80157.186,0.3254,0.8358,0.85,910.2692,,1.4006,1.0076,1.2921,1.3001,0.0563,137811.7598,137811.7598,53659.3673,2446158.7365,2446158.7365,,,3.277
600150,中国船舶,船舶,上海,19980520,600150.SH,20131022,18.1,18.16,17.85,17.92,18.2,-0.28,-1.54,51555.52,92510.657,0.3741,0.9608,0.94,918.9872,,1.414,1.0173,1.3044,1.2878,0.0558,137811.7598,137811.7598,53659.3673,2469586.7356,2469586.7356,,,3.277
600150,中国船舶,船舶,上海,19980520,600150.SH,20131021,18.15,18.26,17.81,18.2,18.15,0.05,0.28,52450.45,94829.725,0.3806,0.9775,0.86,933.3464,,1.4361,1.0332,1.3248,1.268,0.0549,137811.7598,137811.7598,53659.3673,2508174.0284,2508174.0284,21.75,17.79,3.277
600150,中国船舶,船舶,上海,19980520,600150.SH,20131018,17.9,18.18,17.9,18.15,17.88,0.27,1.51,48430.4,87501.357,0.3514,0.9026,0.72,930.7823,,1.4322,1.0303,1.3212,1.2715,0.0551,137811.7598,137811.7598,53659.3673,2501283.4404,2501283.4404,,,3.277
600150,中国船舶,船舶,上海,19980520,600150.SH,20131017,17.96,18.12,17.72,17.88,17.87,0.01,0.06,49040.6,88013.983,0.3559,0.9139,0.66,916.9359,,1.4108,1.015,1.3015,1.2907,0.0559,137811.7598,137811.7598,53659.3673,2464074.2652,2464074.2652,21.42,17.52,3.277
600150,中国船舶,船舶,上海,19980520,600150.SH,20131016,18.15,18.41,17.75,17.87,18.37,-0.5,-2.72,62014.05,111341.016,0.45,1.1557,0.77,916.4231,,1.4101,1.0144,1.3008,1.2914,0.056,137811.7598,137811.7598,53659.3673,2462696.1476,2462696.1476,,,3.277
600150,中国船舶,船舶,上海,19980520,600150.SH,20131015,18.7,18.71,18.2,18.37,18.69,-0.32,-1.71,61242.07,112416.38,0.4444,1.1413,0.78,942.0645,,1.4495,1.0428,1.3372,1.2562,0.0544,137811.7598,137811.7598,53659.3673,2531602.0275,2531602.0275,,,3.277
600150,中国船舶,船舶,上海,19980520,600150.SH,20131014,18.7,18.93,18.56,18.69,18.56,0.13,0.7,85180.47,159760.88,0.6181,1.5874,1.21,958.475,,1.4748,1.061,1.3605,1.2347,0.0535,137811.7598,137811.7598,53659.3673,2575701.7907,2575701.7907,,,3.277
600150,中国船舶,船舶,上海,19980520,600150.SH,20131011,18.23,18.63,18.11,18.56,18.06,0.5,2.77,79705.95,146798.143,0.5784,1.4854,1.2,951.8082,,1.4645,1.0536,1.351,1.2434,0.0539,137811.7598,137811.7598,53659.3673,2557786.2619,2557786.2619,,,3.277
600150,中国船舶,船舶,上海,19980520,600150.SH,20131010,18.5,18.57,17.96,18.06,18.4,-0.34,-1.85,81403.61,148423.186,0.5907,1.517,1.16,926.1668,,1.4251,1.0252,1.3146,1.2778,0.0554,137811.7598,137811.7598,53659.3673,2488880.382,2488880.382,,,3.277
600150,中国船舶,船舶,上海,19980520,600150.SH,20131009,18.68,18.74,18.28,18.4,18.79,-0.39,-2.08,93257.43,171914.836,0.6767,1.738,1.3,943.603,,1.4519,1.0445,1.3394,1.2542,0.0543,137811.7598,137811.7598,53659.3673,2535736.3803,2535736.3803,,,3.277
600150,中国船舶,船舶,上海,19980520,600150.SH,20131008,18.64,19.12,18.64,18.79,18.43,0.36,1.95,54867.71,103365.346,0.3981,1.0225,0.64,963.6032,,1.4827,1.0667,1.3678,1.2281,0.0532,137811.7598,137811.7598,53659.3673,2589482.9666,2589482.9666,,,3.277
600150,中国船舶,船舶,上海,19980520,600150.SH,20130930,18.36,18.71,18.34,18.43,18.32,0.11,0.6,41465.04,76703.723,0.3009,0.7727,0.44,945.1414,,1.4542,1.0462,1.3415,1.2521,0.0543,137811.7598,137811.7598,53659.3673,2539870.7331,2539870.7331,,,3.277
600150,中国船舶,船舶,上海,19980520,600150.SH,20130927,18.3,18.53,18.11,18.32,18.25,0.07,0.38,60867.63,111547.581,0.4417,1.1343,0.58,939.5003,,1.4456,1.04,1.3335,1.2597,0.0546,137811.7598,137811.7598,53659.3673,2524711.4395,2524711.4395,21.9,17.92,3.277
600150,中国船舶,船舶,上海,19980520,600150.SH,20130926,19.23,19.3,18.11,18.25,19.36,-1.11,-5.73,100470.96,187963.603,0.729,1.8724,0.89,935.9105,,1.44,1.036,1.3284,1.2645,0.0548,137811.7598,137811.7598,53659.3673,2515064.6164,2515064.6164,,,3.277
600150,中国船舶,船舶,上海,19980520,600150.SH,20130925,19.65,19.79,19.1,19.36,19.73,-0.37,-1.88,99726.11,193586.364,0.7236,1.8585,0.74,992.8344,,1.5276,1.099,1.4092,1.192,0.0517,137811.7598,137811.7598,53659.3673,2668035.6697,2668035.6697,,,3.277
600150,中国船舶,船舶,上海,19980520,600150.SH,20130924,19.5,19.85,19.11,19.73,19.46,0.27,1.39,126208.77,246836.948,0.9158,2.352,0.84,1011.809,,1.5568,1.12,1.4362,1.1696,0.0507,137811.7598,137811.7598,53659.3673,2719026.0209,2719026.0209,,,3.277
600150,中国船舶,船舶,上海,19980520,600150.SH,20130923,19.52,19.65,19.3,19.46,19.14,0.32,1.67,83037.39,161569.215,0.6025,1.5475,0.47,997.9627,,1.5355,1.1047,1.4165,1.1859,0.0514,137811.7598,137811.7598,53659.3673,2681816.8457,2681816.8457,,,3.277
600150,中国船舶,船舶,上海,19980520,600150.SH,20130918,19.4,19.59,18.75,19.14,19.51,-0.37,-1.9,113933.52,218327.645,0.8267,2.1233,0.45,981.5522,,1.5103,1.0865,1.3932,1.2057,0.0522,137811.7598,137811.7598,53659.3673,2637717.0826,2637717.0826,,,3.277
600150,中国船舶,船舶,上海,19980520,600150.SH,20130917,19.86,20.26,19.33,19.51,19.89,-0.38,-1.91,143897.43,284670.129,1.0442,2.6817,0.49,1000.5268,,1.5395,1.1075,1.4202,1.1828,0.0513,137811.7598,137811.7598,53659.3673,2688707.4337,2688707.4337,,,3.277
600150,中国船舶,船舶,上海,19980520,600150.SH,20130916,20.0,20.57,19.61,19.89,19.87,0.02,0.1,208270.13,419730.533,1.5113,3.8813,0.69,1020.0143,,1.5695,1.1291,1.4478,1.1602,0.0503,137811.7598,137811.7598,53659.3673,2741075.9024,2741075.9024,,,3.277
600150,中国船舶,船舶,上海,19980520,600150.SH,20130913,20.08,20.37,19.48,19.87,20.42,-0.55,-2.69,203798.65,403567.68,1.4788,3.798,0.68,1018.9886,,1.5679,1.128,1.4464,1.1614,0.0503,137811.7598,137811.7598,53659.3673,2738319.6672,2738319.6672,22.44,18.36,3.277
600150,中国船舶,船舶,上海,19980520,600150.SH,20130912,20.85,20.92,20.19,20.42,20.98,-0.56,-2.67,218169.39,447422.708,1.5831,4.0658,0.82,1047.1942,,1.6113,1.1592,1.4864,1.1301,0.049,137811.7598,137811.7598,53659.3673,2814116.1351,2814116.1351,22.01,18.01,3.277
600150,中国船舶,船舶,上海,19980520,600150.SH,20130911,21.61,22.67,20.95,20.98,20.61,0.37,1.8,501529.11,1102393.266,3.6392,9.3465,2.77,1075.9125,,1.6555,1.191,1.5272,1.0999,0.0477,137811.7598,137811.7598,53659.3673,2891290.7206,2891290.7206,,,3.277
600150,中国船舶,船舶,上海,19980520,600150.SH,20130910,18.9,20.8,18.81,20.61,18.99,1.62,8.53,331463.3,663506.126,2.4052,6.1772,2.58,1056.9379,,1.6263,1.17,1.5002,1.1197,0.0485,137811.7598,137811.7598,53659.3673,2840300.3695,2840300.3695,,,3.277
600150,中国船舶,船舶,上海,19980520,600150.SH,20130909,18.7,19.41,18.27,18.99,18.38,0.61,3.32,255307.11,484069.056,1.8526,4.7579,2.64,973.8598,,1.4984,1.078,1.3823,1.2152,0.0527,137811.7598,137811.7598,53659.3673,2617045.3186,2617045.3186,,,3.277
600150,中国船舶,船舶,上海,19980520,600150.SH,20130906,17.4,18.6,17.4,18.38,17.4,0.98,5.63,190055.77,343904.451,1.3791,3.5419,2.43,942.5773,,1.4503,1.0434,1.3379,1.2555,0.0544,137811.7598,137811.7598,53659.3673,2532980.1451,2532980.1451,,,3.277
600150,中国船舶,船舶,上海,19980520,600150.SH,20130905,17.56,17.69,17.32,17.4,17.69,-0.29,-1.64,52368.47,91292.646,0.38,0.9759,0.59,892.3202,,1.373,0.9878,1.2666,1.3263,0.0575,137811.7598,137811.7598,53659.3673,2397924.6205,2397924.6205,,,3.277
600150,中国船舶,船舶,上海,19980520,600150.SH,20130904,17.66,18.05,17.45,17.69,17.66,0.03,0.17,75154.92,133639.819,0.5453,1.4006,0.67,907.1922,,1.3959,1.0042,1.2877,1.3045,0.0565,137811.7598,137811.7598,53659.3673,2437890.0309,2437890.0309,,,3.277
600150,中国船舶,船舶,上海,19980520,600150.SH,20130903,17.76,17.76,17.38,17.66,17.79,-0.13,-0.73,68304.01,120082.296,0.4956,1.2729,0.59,905.6537,,1.3935,1.0025,1.2855,1.3067,0.0566,137811.7598,137811.7598,53659.3673,2433755.6781,2433755.6781,,,3.277
600150,中国船舶,船舶,上海,19980520,600150.SH,20130902,17.75,18.18,17.65,17.79,17.62,0.17,0.96,98187.33,175561.388,0.7125,1.8298,0.92,912.3205,,1.4037,1.0099,1.295,1.2972,0.0562,137811.7598,137811.7598,53659.3673,2451671.2068,2451671.2068,,,3.277
600150,中国船舶,船舶,上海,19980520,600150.SH,20130830,17.45,17.92,17.34,17.62,17.45,0.17,0.97,96385.23,170152.213,0.6994,1.7962,1.0,903.6024,,1.3814,1.0002,1.1115,1.3097,0.0568,137811.7598,137811.7598,53659.3673,2428243.2077,2428243.2077,,,3.277
600150,中国船舶,船舶,上海,19980520,600150.SH,20130829,18.12,18.26,17.35,17.45,17.83,-0.38,-2.13,104752.98,185461.847,0.7601,1.9522,1.24,894.8843,,1.368,0.9906,1.1008,1.3225,0.0573,137811.7598,137811.7598,53659.3673,2404815.2085,2404815.2085,,,3.277
600150,中国船舶,船舶,上海,19980520,600150.SH,20130828,17.26,18.1,17.05,17.83,17.3,0.53,3.06,189392.8,334784.812,1.3743,3.5295,3.42,914.3718,,1.3978,1.0122,1.1247,1.2943,0.0561,137811.7598,137811.7598,53659.3673,2457183.6772,2457183.6772,,,3.277
600150,中国船舶,船舶,上海,19980520,600150.SH,20130827,16.89,17.59,16.78,17.3,16.91,0.39,2.31,86647.0,149650.456,0.6287,1.6148,1.88,887.1919,,1.3563,0.9821,1.0913,1.3339,0.0578,137811.7598,137811.7598,53659.3673,2384143.4445,2384143.4445,,,3.277
600150,中国船舶,船舶,上海,19980520,600150.SH,20130826,16.45,16.97,16.39,16.91,16.45,0.46,2.8,56927.17,95346.335,0.4131,1.0609,1.27,867.1916,,1.3257,0.9599,1.0667,1.3647,0.0591,137811.7598,137811.7598,53659.3673,2330396.8582,2330396.8582,,,3.277
600150,中国船舶,船舶,上海,19980520,600150.SH,20130823,16.79,17.02,16.28,16.45,16.78,-0.33,-1.97,46125.08,76371.04,0.3347,0.8596,0.83,843.6016,,1.2896,0.9338,1.0377,1.4029,0.0608,137811.7598,137811.7598,53659.3673,2267003.4487,2267003.4487,,,3.277
600150,中国船舶,船舶,上海,19980520,600150.SH,20130822,17.06,17.17,16.75,16.78,17.09,-0.31,-1.81,43267.19,73069.515,0.314,0.8063,0.77,860.5249,,1.3155,0.9526,1.0585,1.3753,0.0596,137811.7598,137811.7598,53659.3673,2312481.3294,2312481.3294,,,3.277
600150,中国船舶,船舶,上海,19980520,600150.SH,20130821,16.94,17.22,16.8,17.09,16.87,0.22,1.3,43668.23,74389.67,0.3169,0.8138,0.74,876.4225,,1.3398,0.9702,1.0781,1.3503,0.0585,137811.7598,137811.7598,53659.3673,2355202.975,2355202.975,,,3.277
600150,中国船舶,船舶,上海,19980520,600150.SH,20130820,16.95,17.12,16.81,16.87,17.0,-0.13,-0.76,40842.88,69287.031,0.2964,0.7612,0.66,865.1403,,1.3226,0.9577,1.0642,1.3679,0.0593,137811.7598,137811.7598,53659.3673,2324884.3878,2324884.3878,,,3.277
600150,中国船舶,船舶,上海,19980520,600150.SH,20130819,16.85,17.11,16.62,17.0,16.86,0.14,0.83,50892.87,85930.891,0.3693,0.9484,0.76,871.8071,,1.3328,0.965,1.0724,1.3575,0.0588,137811.7598,137811.7598,53659.3673,2342799.9166,2342799.9166,,,3.277
600150,中国船舶,船舶,上海,19980520,600150.SH,20130816,17.19,17.98,16.78,16.86,17.47,-0.61,-3.49,99771.76,171018.346,0.724,1.8594,1.61,864.6275,,1.3218,0.9571,1.0635,1.3687,0.0593,137811.7598,137811.7598,53659.3673,2323506.2702,2323506.2702,20.97,17.15,3.277
600150,中国船舶,船舶,上海,19980520,600150.SH,20130815,17.46,17.74,17.3,17.47,17.47,0.0,0.0,47352.63,82779.085,0.3436,0.8825,0.69,895.91,,1.3696,0.9917,1.102,1.3209,0.0572,137811.7598,137811.7598,53659.3673,2407571.4437,2407571.4437,,,3.277
600150,中国船舶,船舶,上海,19980520,600150.SH,20130814,17.7,17.79,17.28,17.47,17.62,-0.15,-0.85,55608.6,97353.545,0.4035,1.0363,0.65,895.91,,1.3696,0.9917,1.102,1.3209,0.0572,137811.7598,137811.7598,53659.3673,2407571.4437,2407571.4437,,,3.277
600150,中国船舶,船舶,上海,19980520,600150.SH,20130813,17.59,17.89,17.47,17.62,17.6,0.02,0.11,56503.55,99899.341,0.41,1.053,0.58,903.6024,,1.3814,1.0002,1.1115,1.3097,0.0568,137811.7598,137811.7598,53659.3673,2428243.2077,2428243.2077,,,3.277
600150,中国船舶,船舶,上海,19980520,600150.SH,20130812,17.45,17.68,17.31,17.6,17.41,0.19,1.09,76632.49,134527.147,0.5561,1.4281,0.58,902.5767,,1.3798,0.9991,1.1102,1.3112,0.0568,137811.7598,137811.7598,53659.3673,2425486.9725,2425486.9725,,,3.277
600150,中国船舶,船舶,上海,19980520,600150.SH,20130809,17.13,17.43,16.95,17.41,17.12,0.29,1.69,73683.14,126899.106,0.5347,1.3732,0.48,892.833,,1.3649,0.9883,1.0982,1.3255,0.0574,137811.7598,137811.7598,53659.3673,2399302.7381,2399302.7381,,,3.277
600150,中国船舶,船舶,上海,19980520,600150.SH,20130808,17.4,17.46,17.05,17.12,17.62,-0.5,-2.84,82329.37,141591.705,0.5974,1.5343,0.54,877.961,,1.3422,0.9719,1.08,1.348,0.0584,137811.7598,137811.7598,53659.3673,2359337.3278,2359337.3278,,,3.277
600150,中国船舶,船舶,上海,19980520,600150.SH,20130807,17.52,18.39,17.34,17.62,17.57,0.05,0.28,136296.31,244555.201,0.989,2.54,1.04,903.6024,,1.3814,1.0002,1.1115,1.3097,0.0568,137811.7598,137811.7598,53659.3673,2428243.2077,2428243.2077,,,3.277
600150,中国船舶,船舶,上海,19980520,600150.SH,20130806,17.8,17.8,17.4,17.57,17.99,-0.42,-2.33,121261.11,212956.829,0.8799,2.2598,1.04,901.0383,,1.3774,0.9974,1.1083,1.3134,0.0569,137811.7598,137811.7598,53659.3673,2421352.6197,2421352.6197,,,3.277
600150,中国船舶,船舶,上海,19980520,600150.SH,20130805,17.0,18.47,16.73,17.99,16.91,1.08,6.39,241714.28,425075.373,1.7539,4.5046,2.99,922.577,,1.4104,1.0212,1.1348,1.2828,0.0556,137811.7598,137811.7598,53659.3673,2479233.5588,2479233.5588,,,3.277
600150,中国船舶,船舶,上海,19980520,600150.SH,20130802,16.02,17.3,16.02,16.91,15.85,1.06,6.69,188481.48,315966.824,1.3677,3.5126,3.69,867.1916,,1.3257,0.9599,1.0667,1.3647,0.0591,137811.7598,137811.7598,53659.3673,2330396.8582,2330396.8582,,,3.277
600150,中国船舶,船舶,上海,19980520,600150.SH,20130801,15.45,15.85,15.45,15.85,15.39,0.46,2.99,68752.25,107786.207,0.4989,1.2813,1.45,812.8319,,1.2426,0.8998,0.9998,1.456,0.0631,137811.7598,137811.7598,53659.3673,2184316.3928,2184316.3928,,,3.277
600150,中国船舶,船舶,上海,19980520,600150.SH,20130731,15.23,15.46,15.16,15.39,15.23,0.16,1.05,37793.01,57876.92,0.2742,0.7043,0.77,789.2418,,1.2065,0.8737,0.9708,1.4995,0.065,137811.7598,137811.7598,53659.3673,2120922.9833,2120922.9833,,,3.277
600150,中国船舶,船舶,上海,19980520,600150.SH,20130730,15.3,15.45,14.98,15.23,15.22,0.01,0.07,43833.31,66789.872,0.3181,0.8169,0.87,781.0366,,1.194,0.8646,0.9607,1.5152,0.0657,137811.7598,137811.7598,53659.3673,2098873.1018,2098873.1018,,,3.277
600150,中国船舶,船舶,上海,19980520,600150.SH,20130729,15.83,15.83,15.18,15.22,15.92,-0.7,-4.4,65476.44,100886.509,0.4751,1.2202,1.39,780.5238,,1.1932,0.864,0.9601,1.5162,0.0657,137811.7598,137811.7598,53659.3673,2097494.9842,2097494.9842,,,3.277
600150,中国船舶,船舶,上海,19980520,600150.SH,20130726,16.15,16.17,15.91,15.92,16.22,-0.3,-1.85,39384.18,63049.674,0.2858,0.734,0.78,816.4217,,1.2481,0.9037,1.0043,1.4496,0.0628,137811.7598,137811.7598,53659.3673,2193963.216,2193963.216,,,3.277
600150,中国船舶,船舶,上海,19980520,600150.SH,20130725,16.17,16.47,16.06,16.22,16.15,0.07,0.43,50310.28,81899.018,0.3651,0.9376,1.06,831.8065,,1.2716,0.9208,1.0232,1.4227,0.0617,137811.7598,137811.7598,53659.3673,2235306.744,2235306.744,,,3.277
600150,中国船舶,船舶,上海,19980520,600150.SH,20130724,16.39,16.49,15.98,16.15,16.44,-0.29,-1.76,45720.76,74075.935,0.3318,0.8521,0.92,828.2167,,1.2661,0.9168,1.0188,1.4289,0.0619,137811.7598,137811.7598,53659.3673,2225659.9208,2225659.9208,,,3.277
600150,中国船舶,船舶,上海,19980520,600150.SH,20130723,16.22,16.55,16.13,16.44,16.12,0.32,1.99,50756.39,83233.182,0.3683,0.9459,0.94,843.0887,,1.2889,0.9333,1.0371,1.4037,0.0608,137811.7598,137811.7598,53659.3673,2265625.3311,2265625.3311,,,3.277
600150,中国船舶,船舶,上海,19980520,600150.SH,20130722,16.0,16.18,15.82,16.12,16.24,-0.12,-0.74,48993.62,78286.935,0.3555,0.913,0.89,826.6782,,1.2638,0.9151,1.0169,1.4316,0.062,137811.7598,137811.7598,53659.3673,2221525.568,2221525.568,,,3.277
600150,中国船舶,船舶,上海,19980520,600150.SH,20130719,16.5,16.79,16.21,16.24,16.41,-0.17,-1.04,57918.71,95476.336,0.4203,1.0794,1.03,832.8322,,1.2732,0.9219,1.0244,1.421,0.0616,137811.7598,137811.7598,53659.3673,2238062.9792,2238062.9792,,,3.277
600150,中国船舶,船舶,上海,19980520,600150.SH,20130718,16.5,16.69,16.34,16.41,16.56,-0.15,-0.91,33560.23,55215.931,0.2435,0.6254,0.5,841.5503,,1.2865,0.9316,1.0352,1.4063,0.0609,137811.7598,137811.7598,53659.3673,2261490.9783,2261490.9783,,,3.277
600150,中国船舶,船舶,上海,19980520,600150.SH,20130717,16.82,16.96,16.51,16.56,16.78,-0.22,-1.31,57821.94,97019.929,0.4196,1.0776,0.92,849.2427,,1.2983,0.9401,1.0446,1.3935,0.0604,137811.7598,137811.7598,53659.3673,2282162.7423,2282162.7423,,,3.277
600150,中国船舶,船舶,上海,19980520,600150.SH,20130716,16.5,16.95,16.22,16.78,16.43,0.35,2.13,72349.05,120305.652,0.525,1.3483,1.3,860.5249,,1.3155,0.9526,1.0585,1.3753,0.0596,137811.7598,137811.7598,53659.3673,2312481.3294,2312481.3294,,,3.277
600150,中国船舶,船舶,上海,19980520,600150.SH,20130715,16.2,16.65,16.2,16.43,16.38,0.05,0.31,52936.36,87110.088,0.3841,0.9865,0.94,842.5759,,1.2881,0.9327,1.0364,1.4046,0.0609,137811.7598,137811.7598,53659.3673,2264247.2135,2264247.2135,,,3.277
600150,中国船舶,船舶,上海,19980520,600150.SH,20130712,16.71,17.07,16.33,16.38,16.83,-0.45,-2.67,64825.5,108446.929,0.4704,1.2081,1.21,840.0118,,1.2842,0.9299,1.0333,1.4088,0.0611,137811.7598,137811.7598,53659.3673,2257356.6255,2257356.6255,,,3.277
600150,中国船舶,船舶,上海,19980520,600150.SH,20130711,16.41,17.12,16.41,16.83,16.38,0.45,2.75,85900.73,144240.338,0.6233,1.6009,1.79,863.089,,1.3194,0.9554,1.0617,1.3712,0.0594,137811.7598,137811.7598,53659.3673,2319371.9174,2319371.9174,,,3.277
600150,中国船舶,船舶,上海,19980520,600150.SH,20130710,15.92,16.46,15.81,16.38,16.06,0.32,1.99,37487.69,60567.408,0.272,0.6986,0.76,840.0118,,1.2842,0.9299,1.0333,1.4088,0.0611,137811.7598,137811.7598,53659.3673,2257356.6255,2257356.6255,,,3.277
600150,中国船舶,船舶,上海,19980520,600150.SH,20130709,15.72,16.2,15.72,16.06,15.72,0.34,2.16,36241.94,57681.952,0.263,0.6754,0.68,823.6013,,1.2591,0.9117,1.0131,1.4369,0.0623,137811.7598,137811.7598,53659.3673,2213256.8624,2213256.8624,,,3.277
600150,中国船舶,船舶,上海,19980520,600150.SH,20130708,16.16,16.16,15.69,15.72,16.43,-0.71,-4.32,58368.87,92934.365,0.4235,1.0878,1.2,806.1651,,1.2324,0.8924,0.9916,1.468,0.0636,137811.7598,137811.7598,53659.3673,2166400.8641,2166400.8641,,,3.277
600150,中国船舶,船舶,上海,19980520,600150.SH,20130705,16.59,16.84,16.36,16.43,16.55,-0.12,-0.73,49240.15,81913.949,0.3573,0.9176,1.0,842.5759,,1.2881,0.9327,1.0364,1.4046,0.0609,137811.7598,137811.7598,53659.3673,2264247.2135,2264247.2135,,,3.277
600150,中国船舶,船舶,上海,19980520,600150.SH,20130704,16.1,16.75,16.0,16.55,16.26,0.29,1.78,58970.96,97378.13,0.4279,1.099,1.15,848.7298,,1.2975,0.9395,1.044,1.3944,0.0604,137811.7598,137811.7598,53659.3673,2280784.6247,2280784.6247,,,3.277
600150,中国船舶,船舶,上海,19980520,600150.SH,20130703,16.58,16.58,16.02,16.26,16.6,-0.34,-2.05,43346.32,70295.734,0.3145,0.8078,0.76,833.8578,,1.2747,0.923,1.0257,1.4192,0.0615,137811.7598,137811.7598,53659.3673,2240819.2143,2240819.2143,,,3.277
600150,中国船舶,船舶,上海,19980520,600150.SH,20130702,16.39,16.63,16.35,16.6,16.32,0.28,1.72,56861.69,94088.872,0.4126,1.0597,0.8,851.294,,1.3014,0.9423,1.0471,1.3902,0.0602,137811.7598,137811.7598,53659.3673,2287675.2127,2287675.2127,,,3.277
600150,中国船舶,船舶,上海,19980520,600150.SH,20130701,16.21,16.47,15.86,16.32,16.17,0.15,0.93,34767.96,56343.427,0.2523,0.6479,0.42,836.9348,,1.2794,0.9264,1.0295,1.414,0.0613,137811.7598,137811.7598,53659.3673,2249087.9199,2249087.9199,,,3.277
600150,中国船舶,船舶,上海,19980520,600150.SH,20130628,16.1,16.56,15.66,16.17,16.1,0.07,0.43,51776.62,84012.713,0.3757,0.9649,0.59,829.2424,,1.2677,0.9179,1.02,1.4271,0.0618,137811.7598,137811.7598,53659.3673,2228416.156,2228416.156,,,3.277
600150,中国船舶,船舶,上海,19980520,600150.SH,20130627,16.45,16.73,16.05,16.1,16.4,-0.3,-1.83,70442.07,115609.775,0.5111,1.3128,0.77,825.6526,,1.2622,0.914,1.0156,1.4333,0.0621,137811.7598,137811.7598,53659.3673,2218769.3328,2218769.3328,,,3.277
600150,中国船舶,船舶,上海,19980520,600150.SH,20130626,16.71,16.71,15.95,16.4,16.73,-0.33,-1.97,73076.85,119379.969,0.5303,1.3619,0.73,841.0374,,1.2857,0.931,1.0345,1.4071,0.061,137811.7598,137811.7598,53659.3673,2260112.8607,2260112.8607,,,3.277
600150,中国船舶,船舶,上海,19980520,600150.SH,20130625,17.0,17.07,15.53,16.73,17.26,-0.53,-3.07,125464.37,204633.719,0.9104,2.3382,1.06,857.9607,,1.3116,0.9497,1.0553,1.3794,0.0598,137811.7598,137811.7598,53659.3673,2305590.7415,2305590.7415,,,3.277
600150,中国船舶,船舶,上海,19980520,600150.SH,20130624,18.57,18.57,17.25,17.26,18.74,-1.48,-7.9,88608.1,157903.945,0.643,1.6513,0.72,885.1406,,1.3531,0.9798,1.0888,1.337,0.0579,137811.7598,137811.7598,53659.3673,2378630.9741,2378630.9741,,,3.277
600150,中国船舶,船舶,上海,19980520,600150.SH,20130621,18.18,18.99,17.7,18.74,18.65,0.09,0.48,84771.11,155265.009,0.6151,1.5798,0.75,961.0391,,1.4692,1.0638,1.1821,1.2314,0.0534,137811.7598,137811.7598,53659.3673,2582592.3787,2582592.3787,,,3.277
600150,中国船舶,船舶,上海,19980520,600150.SH,20130620,19.27,19.35,18.55,18.65,19.39,-0.74,-3.82,88172.86,167328.179,0.6398,1.6432,0.82,956.4237,,1.4621,1.0587,1.1765,1.2374,0.0536,137811.7598,137811.7598,53659.3673,2570189.3203,2570189.3203,,,3.277
600150,中国船舶,船舶,上海,19980520,600150.SH,20130619,19.85,19.85,19.15,19.39,19.93,-0.54,-2.71,111272.41,216306.327,0.8074,2.0737,1.19,994.3729,,1.5201,1.1007,1.2231,1.1901,0.0516,137811.7598,137811.7598,53659.3673,2672170.0225,2672170.0225,,,3.277
600150,中国船舶,船舶,上海,19980520,600150.SH,20130618,19.68,20.36,19.41,19.93,19.13,0.8,4.18,221006.23,438821.586,1.6037,4.1187,4.1,1022.0656,,1.5625,1.1314,1.2572,1.1579,0.0502,137811.7598,137811.7598,53659.3673,2746588.3728,2746588.3728,,,3.277
600150,中国船舶,船舶,上海,19980520,600150.SH,20130617,17.68,19.13,17.65,19.13,17.39,1.74,10.01,112019.42,210862.146,0.8128,2.0876,2.98,981.0394,,1.4997,1.086,1.2067,1.2063,0.0523,137811.7598,137811.7598,53659.3673,2636338.965,2636338.965,,,3.277
600150,中国船舶,船舶,上海,19980520,600150.SH,20130614,17.25,17.48,17.25,17.39,17.21,0.18,1.05,34773.25,60339.795,0.2523,0.648,0.85,891.8074,,1.3633,0.9872,1.097,1.327,0.0575,137811.7598,137811.7598,53659.3673,2396546.5029,2396546.5029,,,3.277
600150,中国船舶,船舶,上海,19980520,600150.SH,20130613,18.12,18.12,17.18,17.21,18.12,-0.91,-5.02,58557.8,101902.086,0.4249,1.0913,1.58,882.5765,,1.3492,0.977,1.0856,1.3409,0.0581,137811.7598,137811.7598,53659.3673,2371740.3862,2371740.3862,,,3.277
600150,中国船舶,船舶,上海,19980520,600150.SH,20130607,18.6,18.69,18.04,18.12,18.51,-0.39,-2.11,40791.54,74507.336,0.296,0.7602,1.05,929.2438,,1.4206,1.0286,1.143,1.2736,1.3287,137811.7598,137811.7598,53659.3673,2497149.0876,2497149.0876,,,3.277
600150,中国船舶,船舶,上海,19980520,600150.SH,20130606,18.58,18.77,18.51,18.51,18.66,-0.15,-0.8,23307.2,43343.338,0.1691,0.4344,0.55,949.2441,,1.4511,1.0508,1.1676,1.2467,1.3008,137811.7598,137811.7598,53659.3673,2550895.6739,2550895.6739,,,3.277
600150,中国船舶,船舶,上海,19980520,600150.SH,20130605,18.95,18.95,18.58,18.67,18.84,-0.17,-0.9,30647.56,57324.673,0.2224,0.5712,0.59,957.4493,,1.4625,1.0599,1.1777,1.236,1.236,137811.7598,137811.7598,53659.3673,2572945.5555,2572945.5555,,,3.277
600150,中国船舶,船舶,上海,19980520,600150.SH,20130604,19.4,19.4,18.76,18.84,19.42,-0.58,-2.99,51921.6,98844.105,0.3768,0.9676,0.96,966.1674,,1.4759,1.0695,1.1885,1.2249,1.2249,137811.7598,137811.7598,53659.3673,2596373.5546,2596373.5546,,,3.277
600150,中国船舶,船舶,上海,19980520,600150.SH,20130603,19.3,19.55,19.26,19.42,19.3,0.12,0.62,39222.8,76245.977,0.2846,0.731,0.7,995.9114,,1.5213,1.1024,1.225,1.1883,1.1883,137811.7598,137811.7598,53659.3673,2676304.3753,2676304.3753,,,3.277
600150,中国船舶,船舶,上海,19980520,600150.SH,20130531,19.62,19.74,19.25,19.3,19.6,-0.3,-1.53,49191.68,95576.499,0.3569,0.9167,0.88,989.7575,,1.5119,1.0956,1.2175,1.1957,1.1957,137811.7598,137811.7598,53659.3673,2659766.9641,2659766.9641,,,3.277
600150,中国船舶,船舶,上海,19980520,600150.SH,20130530,19.64,19.78,19.47,19.6,19.78,-0.18,-0.91,40619.98,79587.419,0.2947,0.757,0.67,1005.1423,,1.5354,1.1126,1.2364,1.1774,1.1774,137811.7598,137811.7598,53659.3673,2701110.4921,2701110.4921,,,3.277
600150,中国船舶,船舶,上海,19980520,600150.SH,20130529,19.62,19.95,19.52,19.78,19.62,0.16,0.82,76920.76,152444.884,0.5582,1.4335,1.34,1014.3732,,1.5495,1.1229,1.2477,1.1667,1.1667,137811.7598,137811.7598,53659.3673,2725916.6088,2725916.6088,,,3.277
600150,中国船舶,船舶,上海,19980520,600150.SH,20130528,19.46,19.63,19.08,19.62,19.4,0.22,1.13,64172.51,124192.048,0.4657,1.1959,1.05,1006.1679,,1.537,1.1138,1.2377,1.1762,1.1762,137811.7598,137811.7598,53659.3673,2703866.7273,2703866.7273,,,3.277
600150,中国船舶,船舶,上海,19980520,600150.SH,20130527,19.6,19.85,19.33,19.4,19.6,-0.2,-1.02,47559.28,92847.921,0.3451,0.8863,0.69,994.8857,,1.5197,1.1013,1.2238,1.1895,1.1895,137811.7598,137811.7598,53659.3673,2673548.1401,2673548.1401,,,3.277
600150,中国船舶,船舶,上海,19980520,600150.SH,20130524,19.47,19.85,19.41,19.6,19.45,0.15,0.77,50069.24,97940.76,0.3633,0.9331,0.67,1005.1423,,1.5354,1.1126,1.2364,1.1774,1.1774,137811.7598,137811.7598,53659.3673,2701110.4921,2701110.4921,,,3.277
600150,中国船舶,船舶,上海,19980520,600150.SH,20130523,19.6,19.93,19.41,19.45,19.63,-0.18,-0.92,64880.7,128208.229,0.4708,1.2091,0.9,997.4499,,1.5236,1.1041,1.2269,1.1865,1.1865,137811.7598,137811.7598,53659.3673,2680438.7281,2680438.7281,,,3.277
600150,中国船舶,船舶,上海,19980520,600150.SH,20130522,19.97,19.97,19.59,19.63,19.81,-0.18,-0.91,61181.91,121024.306,0.444,1.1402,0.91,1006.6808,,1.5377,1.1143,1.2383,1.1756,1.1756,137811.7598,137811.7598,53659.3673,2705244.8449,2705244.8449,,,3.277
600150,中国船舶,船舶,上海,19980520,600150.SH,20130521,19.5,19.97,19.45,19.81,19.49,0.32,1.64,83208.48,164728.941,0.6038,1.5507,1.38,1015.9117,,1.5518,1.1246,1.2496,1.1649,1.1649,137811.7598,137811.7598,53659.3673,2730050.9616,2730050.9616,,,3.277
600150,中国船舶,船舶,上海,19980520,600150.SH,20130520,19.61,19.7,19.44,19.49,19.4,0.09,0.46,86200.82,168665.546,0.6255,1.6064,1.43,999.5012,,1.5268,1.1064,1.2295,1.184,1.184,137811.7598,137811.7598,53659.3673,2685951.1985,2685951.1985,,,3.277
600150,中国船舶,船舶,上海,19980520,600150.SH,20130517,19.03,19.45,18.91,19.4,19.03,0.37,1.94,77691.87,149972.8,0.5638,1.4479,1.49,994.8857,,1.5197,1.1013,1.2238,1.1895,1.1895,137811.7598,137811.7598,53659.3673,2673548.1401,2673548.1401,,,3.277
600150,中国船舶,船舶,上海,19980520,600150.SH,20130516,19.04,19.19,18.71,19.03,19.02,0.01,0.05,51383.59,97668.902,0.3729,0.9576,0.99,975.9111,,1.4907,1.0803,1.2004,1.2127,1.2127,137811.7598,137811.7598,53659.3673,2622557.789,2622557.789,,,3.277
600150,中国船舶,船舶,上海,19980520,600150.SH,20130515,18.83,19.2,18.83,19.02,18.82,0.2,1.06,36280.82,68933.744,0.2633,0.6761,0.67,975.3983,,1.49,1.0797,1.1998,1.2133,1.2133,137811.7598,137811.7598,53659.3673,2621179.6714,2621179.6714,,,3.277
600150,中国船舶,船舶,上海,19980520,600150.SH,20130514,19.23,19.37,18.73,18.82,19.25,-0.43,-2.23,49831.86,94509.494,0.3616,0.9287,0.95,965.1417,,1.4743,1.0684,1.1872,1.2262,1.2262,137811.7598,137811.7598,53659.3673,2593617.3194,2593617.3194,,,3.277
600150,中国船舶,船舶,上海,19980520,600150.SH,20130513,18.81,19.27,18.74,19.25,18.72,0.53,2.83,85470.66,163505.723,0.6202,1.5928,2.03,987.1933,,1.508,1.0928,1.2143,1.1988,1.1988,137811.7598,137811.7598,53659.3673,2652876.3762,2652876.3762,,,3.277
600150,中国船舶,船舶,上海,19980520,600150.SH,20130510,18.54,18.79,18.5,18.72,18.53,0.19,1.03,36907.06,68963.187,0.2678,0.6878,0.9,960.0135,,1.4665,1.0627,1.1809,1.2327,1.2327,137811.7598,137811.7598,53659.3673,2579836.1435,2579836.1435,,,3.277
600150,中国船舶,船舶,上海,19980520,600150.SH,20130509,18.71,18.95,18.46,18.53,18.7,-0.17,-0.91,51166.81,95524.467,0.3713,0.9535,1.31,950.2697,,1.4516,1.0519,1.1689,1.2454,1.2454,137811.7598,137811.7598,53659.3673,2553651.9091,2553651.9091,,,3.277
600150,中国船舶,船舶,上海,19980520,600150.SH,20130508,18.6,18.85,18.55,18.7,18.49,0.21,1.14,48300.73,90399.783,0.3505,0.9001,1.31,958.9878,,1.4649,1.0616,1.1796,1.2341,1.2341,137811.7598,137811.7598,53659.3673,2577079.9083,2577079.9083,,,3.277
600150,中国船舶,船舶,上海,19980520,600150.SH,20130507,18.38,18.59,18.32,18.49,18.41,0.08,0.43,40107.77,74123.39,0.291,0.7475,1.06,948.2184,,1.4484,1.0496,1.1664,1.2481,1.2481,137811.7598,137811.7598,53659.3673,2548139.4387,2548139.4387,,,3.277
600150,中国船舶,船舶,上海,19980520,600150.SH,20130506,18.38,18.44,18.3,18.41,18.21,0.2,1.1,33585.73,61753.297,0.2437,0.6259,0.89,944.1158,,1.4422,1.0451,1.1613,1.2535,1.2535,137811.7598,137811.7598,53659.3673,2537114.4979,2537114.4979,,,3.277
600150,中国船舶,船舶,上海,19980520,600150.SH,20130503,17.99,18.4,17.99,18.21,17.98,0.23,1.28,32277.01,58951.033,0.2342,0.6015,0.76,933.8592,,1.4265,1.0337,1.1487,1.2673,1.2673,137811.7598,137811.7598,53659.3673,2509552.146,2509552.146,,,3.277
600150,中国船舶,船舶,上海,19980520,600150.SH,20130502,18.35,18.35,17.8,17.98,18.31,-0.33,-1.8,40710.25,73064.418,0.2954,0.7587,0.92,922.0642,,1.4085,1.0207,1.1342,1.2835,1.2835,137811.7598,137811.7598,53659.3673,2477855.4412,2477855.4412,,,3.277
600150,中国船舶,船舶,上海,19980520,600150.SH,20130426,18.66,18.72,18.21,18.31,18.46,-0.15,-0.81,37367.47,68679.78,0.2711,0.6964,0.77,938.9875,,1.4343,1.0394,1.155,1.2603,1.2603,137811.7598,137811.7598,53659.3673,2523333.3219,2523333.3219,,,3.277
600150,中国船舶,船舶,上海,19980520,600150.SH,20130425,18.72,18.75,18.43,18.46,18.75,-0.29,-1.55,44775.32,83046.241,0.3249,0.8344,1.0,946.6799,946.6799,1.4522,1.0479,1.0479,1.2501,1.2501,137811.7598,137811.7598,53659.3673,2544005.0859,2544005.0859,,,3.277
600150,中国船舶,船舶,上海,19980520,600150.SH,20130424,18.59,18.86,18.41,18.75,18.43,0.32,1.74,33922.2,63269.676,0.2461,0.6322,0.77,961.5519,961.5519,1.475,1.0644,1.0644,1.2308,1.2308,137811.7598,137811.7598,53659.3673,2583970.4963,2583970.4963,,,3.277
600150,中国船舶,船舶,上海,19980520,600150.SH,20130423,19.08,19.14,18.41,18.43,19.05,-0.62,-3.25,56087.29,104508.895,0.407,1.0452,1.36,945.1414,945.1414,1.4499,1.0462,1.0462,1.2521,1.2521,137811.7598,137811.7598,53659.3673,2539870.7331,2539870.7331,20.93,17.13,3.277
600150,中国船舶,船舶,上海,19980520,600150.SH,20130422,18.9,19.2,18.9,19.05,19.22,-0.17,-0.88,48961.25,93244.765,0.3553,0.9124,1.16,976.9368,976.9368,1.4986,1.0814,1.0814,1.2114,1.2114,137811.7598,137811.7598,53659.3673,2625314.0242,2625314.0242,,,3.277
600150,中国船舶,船舶,上海,19980520,600150.SH,20130419,18.9,19.25,18.88,19.22,18.87,0.35,1.85,57778.17,110438.063,0.4193,1.0768,1.58,985.6548,985.6548,1.512,1.0911,1.0911,1.2007,1.2007,137811.7598,137811.7598,53659.3673,2648742.0234,2648742.0234,,,3.277
600150,中国船舶,船舶,上海,19980520,600150.SH,20130418,18.8,19.08,18.64,18.87,18.84,0.03,0.16,26627.22,50272.967,0.1932,0.4962,0.66,967.7059,967.7059,1.4845,1.0712,1.0712,1.2229,1.2229,137811.7598,137811.7598,53659.3673,2600507.9074,2600507.9074,,,3.277
600150,中国船舶,船舶,上海,19980520,600150.SH,20130417,18.79,19.08,18.7,18.84,18.75,0.09,0.48,30283.23,57172.35,0.2197,0.5644,0.68,966.1674,966.1674,1.4821,1.0695,1.0695,1.2249,1.2249,137811.7598,137811.7598,53659.3673,2596373.5546,2596373.5546,,,3.277
600150,中国船舶,船舶,上海,19980520,600150.SH,20130416,18.6,18.78,18.41,18.75,18.69,0.06,0.32,42489.04,78977.312,0.3083,0.7918,0.94,961.5519,961.5519,1.475,1.0644,1.0644,1.2308,1.2308,137811.7598,137811.7598,53659.3673,2583970.4963,2583970.4963,,,3.277
600150,中国船舶,船舶,上海,19980520,600150.SH,20130415,19.3,19.35,18.61,18.69,19.37,-0.68,-3.51,54539.46,102748.241,0.3958,1.0164,1.13,958.475,958.475,1.4703,1.061,1.061,1.2347,1.2347,137811.7598,137811.7598,53659.3673,2575701.7907,2575701.7907,,,3.277
600150,中国船舶,船舶,上海,19980520,600150.SH,20130412,19.5,19.65,19.3,19.37,19.46,-0.09,-0.46,28392.32,55300.723,0.206,0.5291,0.47,993.3473,993.3473,1.5238,1.0996,1.0996,1.1914,1.1914,137811.7598,137811.7598,53659.3673,2669413.7873,2669413.7873,,,3.277
600150,中国船舶,船舶,上海,19980520,600150.SH,20130411,19.88,19.96,19.45,19.46,19.88,-0.42,-2.11,47505.78,93262.925,0.3447,0.8853,0.8,997.9627,997.9627,1.5309,1.1047,1.1047,1.1859,1.1859,137811.7598,137811.7598,53659.3673,2681816.8457,2681816.8457,,,3.277
600150,中国船舶,船舶,上海,19980520,600150.SH,20130410,19.74,19.99,19.68,19.88,19.73,0.15,0.76,50943.61,101003.244,0.3697,0.9494,0.87,1019.5015,1019.5015,1.5639,1.1285,1.1285,1.1608,1.1608,137811.7598,137811.7598,53659.3673,2739697.7848,2739697.7848,,,3.277
600150,中国船舶,船舶,上海,19980520,600150.SH,20130409,19.8,19.93,19.62,19.73,19.85,-0.12,-0.6,44792.31,88415.734,0.325,0.8348,0.75,1011.809,1011.809,1.5521,1.12,1.12,1.1696,1.1696,137811.7598,137811.7598,53659.3673,2719026.0209,2719026.0209,,,3.277
600150,中国船舶,船舶,上海,19980520,600150.SH,20130408,19.59,20.05,19.17,19.85,19.69,0.16,0.81,69106.74,136283.339,0.5015,1.2879,1.02,1017.963,1017.963,1.5616,1.1268,1.1268,1.1626,1.1626,137811.7598,137811.7598,53659.3673,2735563.432,2735563.432,,,3.277
600150,中国船舶,船舶,上海,19980520,600150.SH,20130403,19.38,19.8,19.35,19.69,19.17,0.52,2.71,87173.46,171048.65,0.6326,1.6246,1.03,1009.7577,1009.7577,1.549,1.1178,1.1178,1.172,1.172,137811.7598,137811.7598,53659.3673,2713513.5505,2713513.5505,,,3.277
600150,中国船舶,船舶,上海,19980520,600150.SH,20130402,19.24,19.59,19.09,19.17,19.24,-0.07,-0.36,43544.35,84007.691,0.316,0.8115,0.5,983.0907,983.0907,1.5081,1.0882,1.0882,1.2038,1.2038,137811.7598,137811.7598,53659.3673,2641851.4354,2641851.4354,,,3.277
600150,中国船舶,船舶,上海,19980520,600150.SH,20130401,19.23,19.54,19.05,19.24,19.25,-0.01,-0.05,47580.29,91708.443,0.3453,0.8867,0.55,986.6805,986.6805,1.5136,1.0922,1.0922,1.1994,1.1994,137811.7598,137811.7598,53659.3673,2651498.2586,2651498.2586,,,3.277
600150,中国船舶,船舶,上海,19980520,600150.SH,20130329,19.24,19.61,19.23,19.25,19.22,0.03,0.16,49661.07,96280.437,0.3604,0.9255,0.58,987.1933,987.1933,1.5144,1.0928,1.0928,1.1988,1.1988,137811.7598,137811.7598,53659.3673,2652876.3762,2652876.3762,,,3.277
600150,中国船舶,船舶,上海,19980520,600150.SH,20130328,20.0,20.0,19.02,19.22,20.21,-0.99,-4.9,112212.6,216875.511,0.8142,2.0912,1.51,985.6548,985.6548,1.512,1.0911,1.0911,1.2007,1.2007,137811.7598,137811.7598,53659.3673,2648742.0234,2648742.0234,,,3.277
600150,中国船舶,船舶,上海,19980520,600150.SH,20130327,21.0,21.1,20.1,20.21,21.27,-1.06,-4.98,171818.11,353575.682,1.2468,3.202,3.36,1036.4248,1036.4248,1.5899,1.1473,1.1473,1.1419,1.1419,137811.7598,137811.7598,53659.3673,2785175.6656,2785175.6656,,,3.277
600150,中国船舶,船舶,上海,19980520,600150.SH,20130326,21.5,21.61,21.07,21.27,21.62,-0.35,-1.62,52667.13,111999.041,0.3822,0.9815,1.08,13.0142,30.5485,1.6253,1.0214,1.0992,1.085,1.085,137811.7598,137811.7598,53659.3673,2931256.1309,2931256.1309,,,3.277
600150,中国船舶,船舶,上海,19980520,600150.SH,20130325,21.77,21.88,21.5,21.62,21.69,-0.07,-0.32,48226.24,104443.608,0.3499,0.8987,1.01,13.2283,31.0512,1.652,1.0382,1.1173,1.0674,1.0674,137811.7598,137811.7598,53659.3673,2979490.2469,2979490.2469,,,3.277
600150,中国船舶,船舶,上海,19980520,600150.SH,20130322,21.93,21.97,21.57,21.69,21.92,-0.23,-1.05,40976.36,89055.125,0.2973,0.7636,0.83,13.2712,31.1517,1.6574,1.0415,1.1209,1.0639,1.0639,137811.7598,137811.7598,53659.3673,2989137.0701,2989137.0701,,,3.277
600150,中国船舶,船舶,上海,19980520,600150.SH,20130321,21.96,22.14,21.76,21.92,21.96,-0.04,-0.18,57805.95,127027.498,0.4195,1.0773,1.15,13.4119,31.4821,1.675,1.0526,1.1328,1.0528,1.0528,137811.7598,137811.7598,53659.3673,3020833.7748,3020833.7748,,,3.277
600150,中国船舶,船舶,上海,19980520,600150.SH,20130320,21.53,21.98,21.52,21.96,21.52,0.44,2.04,56300.02,122659.987,0.4085,1.0492,1.11,13.4364,31.5395,1.678,1.0545,1.1349,1.0509,1.0509,137811.7598,137811.7598,53659.3673,3026346.2452,3026346.2452,,,3.277
600150,中国船舶,船舶,上海,19980520,600150.SH,20130319,21.26,21.88,21.21,21.52,21.14,0.38,1.8,41637.37,89679.194,0.3021,0.776,0.69,13.1671,30.9076,1.6444,1.0334,1.1121,1.0723,1.0723,137811.7598,137811.7598,53659.3673,2965709.0709,2965709.0709,,,3.277
600150,中国船舶,船舶,上海,19980520,600150.SH,20130318,21.63,21.7,21.1,21.14,21.6,-0.46,-2.13,42835.27,91647.724,0.3108,0.7983,0.68,12.9346,30.3618,1.6154,1.0151,1.0925,1.0916,1.0916,137811.7598,137811.7598,53659.3673,2913340.6022,2913340.6022,,,3.277
600150,中国船舶,船舶,上海,19980520,600150.SH,20130315,21.57,21.95,21.32,21.6,21.52,0.08,0.37,48125.35,104390.489,0.3492,0.8969,0.71,13.2161,31.0225,1.6505,1.0372,1.1163,1.0684,1.0684,137811.7598,137811.7598,53659.3673,2976734.0117,2976734.0117,,,3.277
600150,中国船舶,船舶,上海,19980520,600150.SH,20130314,21.43,22.09,21.3,21.52,21.44,0.08,0.37,61565.34,133795.822,0.4467,1.1473,0.77,13.1671,30.9076,1.6444,1.0334,1.1121,1.0723,1.0723,137811.7598,137811.7598,53659.3673,2965709.0709,2965709.0709,,,3.277
600150,中国船舶,船舶,上海,19980520,600150.SH,20130313,21.89,21.92,21.38,21.44,21.93,-0.49,-2.23,60008.82,129332.502,0.4354,1.1183,0.69,13.1182,30.7927,1.6383,1.0295,1.108,1.0763,1.0763,137811.7598,137811.7598,53659.3673,2954684.1301,2954684.1301,,,3.277
600150,中国船舶,船舶,上海,19980520,600150.SH,20130312,22.75,22.94,21.69,21.93,22.69,-0.76,-3.35,90232.42,201030.207,0.6548,1.6816,1.06,13.418,31.4964,1.6757,1.0531,1.1333,1.0523,1.0523,137811.7598,137811.7598,53659.3673,3022211.8924,3022211.8924,,,3.277
600150,中国船舶,船舶,上海,19980520,600150.SH,20130311,22.6,22.81,22.51,22.69,22.53,0.16,0.71,54584.22,123504.55,0.3961,1.0172,0.56,13.883,32.588,1.7338,1.0896,1.1726,1.0171,1.0171,137811.7598,137811.7598,53659.3673,3126948.8299,3126948.8299,,,3.277
600150,中国船舶,船舶,上海,19980520,600150.SH,20130308,22.8,22.93,22.46,22.53,22.74,-0.21,-0.92,73648.83,167008.909,0.5344,1.3725,0.7,13.7851,32.3582,1.7216,1.0819,1.1643,1.0243,1.0243,137811.7598,137811.7598,53659.3673,3104898.9483,3104898.9483,,,3.277
600150,中国船舶,船舶,上海,19980520,600150.SH,20130307,23.31,23.31,22.56,22.74,23.22,-0.48,-2.07,121609.97,278110.072,0.8824,2.2663,1.09,13.9136,32.6598,1.7376,1.092,1.1752,1.0148,1.0148,137811.7598,137811.7598,53659.3673,3133839.4179,3133839.4179,,,3.277
600150,中国船舶,船舶,上海,19980520,600150.SH,20130306,23.35,23.53,23.01,23.22,23.24,-0.02,-0.09,97371.44,225975.31,0.7066,1.8146,0.89,14.2073,33.3492,1.7743,1.115,1.2,0.9938,0.9938,137811.7598,137811.7598,53659.3673,3199989.0626,3199989.0626,,,3.277
600150,中国船舶,船舶,上海,19980520,600150.SH,20130305,23.15,23.38,22.95,23.24,23.15,0.09,0.39,79731.22,184280.932,0.5786,1.4859,0.68,14.2195,33.3779,1.7758,1.116,1.201,0.993,0.993,137811.7598,137811.7598,53659.3673,3202745.2978,3202745.2978,,,3.277
600150,中国船舶,船舶,上海,19980520,600150.SH,20130304,23.8,23.98,23.02,23.15,24.04,-0.89,-3.7,117354.74,274175.663,0.8516,2.187,1.06,14.1645,33.2486,1.769,1.1116,1.1964,0.9968,0.9968,137811.7598,137811.7598,53659.3673,3190342.2394,3190342.2394,,,3.277
600150,中国船舶,船舶,上海,19980520,600150.SH,20130301,24.26,24.57,23.88,24.04,24.26,-0.22,-0.91,111812.84,270304.855,0.8113,2.0838,0.82,14.709,34.5269,1.837,1.1544,1.2424,0.9599,0.9599,137811.7598,137811.7598,53659.3673,3312994.7056,3312994.7056,,,3.277
600150,中国船舶,船舶,上海,19980520,600150.SH,20130228,24.05,24.49,23.91,24.26,23.98,0.28,1.17,150272.03,364906.999,1.0904,2.8005,1.24,14.8436,34.8428,1.8538,1.1649,1.2537,0.9512,0.9512,137811.7598,137811.7598,53659.3673,3343313.2927,3343313.2927,,,3.277
600150,中国船舶,船舶,上海,19980520,600150.SH,20130227,23.7,24.17,23.7,23.98,23.69,0.29,1.22,86690.01,207914.632,0.629,1.6156,0.69,14.6723,34.4407,1.8324,1.1515,1.2393,0.9623,0.9623,137811.7598,137811.7598,53659.3673,3304726.0,3304726.0,,,3.277
600150,中国船舶,船舶,上海,19980520,600150.SH,20130226,23.61,24.2,23.53,23.69,23.78,-0.09,-0.38,123380.69,295529.728,0.8953,2.2993,1.02,14.4949,34.0242,1.8102,1.1376,1.2243,0.9741,0.9741,137811.7598,137811.7598,53659.3673,3264760.5897,3264760.5897,,,3.277
600150,中国船舶,船舶,上海,19980520,600150.SH,20130225,24.0,24.07,23.49,23.78,23.84,-0.06,-0.25,83098.46,197665.41,0.603,1.5486,0.66,14.5499,34.1534,1.8171,1.1419,1.2289,0.9704,0.9704,137811.7598,137811.7598,53659.3673,3277163.648,3277163.648,,,3.277
600150,中国船舶,船舶,上海,19980520,600150.SH,20130222,23.0,24.37,22.99,23.84,22.87,0.97,4.24,234692.06,561995.887,1.703,4.3737,2.21,14.5866,34.2396,1.8217,1.1448,1.232,0.968,0.968,137811.7598,137811.7598,53659.3673,3285432.3536,3285432.3536,,,3.277
600150,中国船舶,船舶,上海,19980520,600150.SH,20130221,23.21,23.47,22.8,22.87,23.49,-0.62,-2.64,80065.89,184591.175,0.581,1.4921,0.69,13.9931,32.8465,1.7476,1.0982,1.1819,1.009,1.009,137811.7598,137811.7598,53659.3673,3151754.9466,3151754.9466,,,3.277
600150,中国船舶,船舶,上海,19980520,600150.SH,20130220,22.86,23.94,22.78,23.49,22.85,0.64,2.8,106398.68,249055.613,0.7721,1.9829,0.95,14.3725,33.7369,1.7949,1.128,1.2139,0.9824,0.9824,137811.7598,137811.7598,53659.3673,3237198.2377,3237198.2377,,,3.277
600150,中国船舶,船舶,上海,19980520,600150.SH,20130219,23.73,23.75,22.8,22.85,23.75,-0.9,-3.79,99315.44,230498.077,0.7207,1.8509,0.8,13.9809,32.8177,1.746,1.0972,1.1809,1.0099,1.0099,137811.7598,137811.7598,53659.3673,3148998.7114,3148998.7114,,,3.277
600150,中国船舶,船舶,上海,19980520,600150.SH,20130218,23.87,24.06,23.51,23.75,23.82,-0.07,-0.29,111968.76,266571.286,0.8125,2.0867,0.89,14.5316,34.1104,1.8148,1.1405,1.2274,0.9717,0.9717,137811.7598,137811.7598,53659.3673,3273029.2953,3273029.2953,,,3.277
600150,中国船舶,船舶,上海,19980520,600150.SH,20130208,24.04,24.18,23.76,23.82,24.0,-0.18,-0.75,133898.19,320717.294,0.9716,2.4953,1.13,14.5744,34.2109,1.8202,1.1438,1.231,0.9688,0.9688,137811.7598,137811.7598,53659.3673,3282676.1184,3282676.1184,,,3.277
600150,中国船舶,船舶,上海,19980520,600150.SH,20130207,23.78,24.2,23.54,24.0,23.81,0.19,0.8,127145.33,304565.722,0.9226,2.3695,1.09,14.6845,34.4694,1.8339,1.1525,1.2403,0.9615,0.9615,137811.7598,137811.7598,53659.3673,3307482.2352,3307482.2352,,,3.277
600150,中国船舶,船舶,上海,19980520,600150.SH,20130206,23.99,24.15,23.76,23.81,23.99,-0.18,-0.75,88523.16,211770.218,0.6423,1.6497,0.73,14.5683,34.1965,1.8194,1.1433,1.2305,0.9692,0.9692,137811.7598,137811.7598,53659.3673,3281298.0008,3281298.0008,,,3.277
600150,中国船舶,船舶,上海,19980520,600150.SH,20130205,23.51,24.17,23.4,23.99,23.64,0.35,1.48,159332.11,381072.208,1.1562,2.9693,1.32,14.6784,34.455,1.8331,1.152,1.2398,0.9619,0.9619,137811.7598,137811.7598,53659.3673,3306104.1176,3306104.1176,,,3.277
600150,中国船舶,船舶,上海,19980520,600150.SH,20130204,23.5,23.87,23.15,23.64,23.34,0.3,1.29,119223.36,281050.464,0.8651,2.2219,0.9,14.4643,33.9524,1.8064,1.1352,1.2217,0.9762,0.9762,137811.7598,137811.7598,53659.3673,3257870.0017,3257870.0017,,,3.277
600150,中国船舶,船舶,上海,19980520,600150.SH,20130201,23.12,23.77,23.04,23.34,23.12,0.22,0.95,99078.7,232243.05,0.7189,1.8464,0.75,14.2807,33.5215,1.7835,1.1208,1.2062,0.9887,0.9887,137811.7598,137811.7598,53659.3673,3216526.4737,3216526.4737,,,3.277
600150,中国船舶,船舶,上海,19980520,600150.SH,20130131,23.56,23.57,23.01,23.12,23.59,-0.47,-1.99,114939.26,266663.429,0.834,2.142,0.78,14.1461,33.2055,1.7667,1.1102,1.1948,0.9981,0.9981,137811.7598,137811.7598,53659.3673,3186207.8866,3186207.8866,,,3.277
600150,中国船舶,船舶,上海,19980520,600150.SH,20130130,23.6,23.94,23.36,23.59,23.52,0.07,0.3,111695.23,264230.649,0.8105,2.0816,0.74,14.4337,33.8806,1.8026,1.1328,1.2191,0.9783,0.9783,137811.7598,137811.7598,53659.3673,3250979.4137,3250979.4137,,,3.277
600150,中国船舶,船舶,上海,19980520,600150.SH,20130129,23.5,24.08,23.24,23.52,23.5,0.02,0.09,158679.98,375411.053,1.1514,2.9572,1.07,14.3908,33.78,1.7972,1.1294,1.2155,0.9812,0.9812,137811.7598,137811.7598,53659.3673,3241332.5905,3241332.5905,,,3.277
600150,中国船舶,船舶,上海,19980520,600150.SH,20130128,22.73,24.0,22.52,23.5,22.52,0.98,4.35,175317.2,411482.074,1.2721,3.2672,1.29,14.3786,33.7513,1.7957,1.1284,1.2144,0.982,0.982,137811.7598,137811.7598,53659.3673,3238576.3553,3238576.3553,,,3.277
600150,中国船舶,船舶,上海,19980520,600150.SH,20130125,22.91,23.07,22.4,22.52,23.07,-0.55,-2.38,98435.99,222960.268,0.7143,1.8345,0.67,13.779,32.3438,1.7208,1.0814,1.1638,1.0247,1.0247,137811.7598,137811.7598,53659.3673,3103520.8307,3103520.8307,,,3.277
600150,中国船舶,船舶,上海,19980520,600150.SH,20130124,23.5,23.87,23.03,23.07,23.41,-0.34,-1.45,195306.88,457922.074,1.4172,3.6398,1.16,14.1155,33.1337,1.7628,1.1078,1.1922,1.0003,1.0003,137811.7598,137811.7598,53659.3673,3179317.2986,3179317.2986,,,3.277
600150,中国船舶,船舶,上海,19980520,600150.SH,20130123,22.87,23.67,22.77,23.41,22.89,0.52,2.27,132009.13,307519.508,0.9579,2.4601,0.57,14.3235,33.622,1.7888,1.1241,1.2098,0.9858,0.9858,137811.7598,137811.7598,53659.3673,3226173.2969,3226173.2969,,,3.277
600150,中国船舶,船舶,上海,19980520,600150.SH,20130122,23.67,23.67,22.75,22.89,23.68,-0.79,-3.34,143055.76,330520.208,1.0381,2.666,0.52,14.0054,32.8752,1.7491,1.0992,1.1829,1.0082,1.0082,137811.7598,137811.7598,53659.3673,3154511.1818,3154511.1818,,,3.277
600150,中国船舶,船舶,上海,19980520,600150.SH,20130121,23.5,23.99,23.28,23.68,23.43,0.25,1.07,109361.0,258130.686,0.7936,2.0381,0.34,14.4887,34.0098,1.8095,1.1371,1.2237,0.9745,0.9745,137811.7598,137811.7598,53659.3673,3263382.4721,3263382.4721,,,3.277
600150,中国船舶,船舶,上海,19980520,600150.SH,20130118,23.48,23.95,23.0,23.43,23.51,-0.08,-0.34,152744.76,358793.106,1.1084,2.8466,0.45,14.3358,33.6508,1.7904,1.1251,1.2108,0.9849,0.9849,137811.7598,137811.7598,53659.3673,3228929.5321,3228929.5321,,,3.277
600150,中国船舶,船舶,上海,19980520,600150.SH,20130117,24.85,24.98,23.32,23.51,25.63,-2.12,-8.27,307808.32,742001.607,2.2335,5.7363,0.99,14.3847,33.7657,1.7965,1.1289,1.215,0.9816,0.9816,137811.7598,137811.7598,53659.3673,3239954.4729,3239954.4729,,,3.277
600150,中国船舶,船舶,上海,19980520,600150.SH,20130116,24.06,25.95,23.28,25.63,24.05,1.58,6.57,447684.94,1090866.389,3.2485,8.3431,1.85,15.6819,36.8105,1.9585,1.2307,1.3245,0.9004,0.9004,137811.7598,137811.7598,53659.3673,3532115.4037,3532115.4037,,,3.277
600150,中国船舶,船舶,上海,19980520,600150.SH,20130115,24.4,24.99,23.87,24.05,24.68,-0.63,-2.55,348417.8,845839.71,2.5282,6.4931,1.74,14.7151,34.5412,1.8377,1.1549,1.2429,0.9595,0.9595,137811.7598,137811.7598,53659.3673,3314372.8232,3314372.8232,,,3.277
600150,中国船舶,船舶,上海,19980520,600150.SH,20130114,22.86,25.0,22.58,24.68,23.32,1.36,5.83,358728.15,862849.705,2.603,6.6853,2.31,15.1006,35.446,1.8859,1.1851,1.2754,0.935,0.935,137811.7598,137811.7598,53659.3673,3401194.2319,3401194.2319,,,3.277
600150,中国船舶,船舶,上海,19980520,600150.SH,20130111,23.03,24.12,23.03,23.32,23.12,0.2,0.87,241259.54,571963.498,1.7506,4.4961,1.75,14.2685,33.4928,1.7819,1.1198,1.2051,0.9896,0.9896,137811.7598,137811.7598,53659.3673,3213770.2385,3213770.2385,,,3.277
600150,中国船舶,船舶,上海,19980520,600150.SH,20130110,22.56,23.44,22.48,23.12,22.56,0.56,2.48,151914.51,349613.809,1.1023,2.8311,0.95,14.1461,33.2055,1.7667,1.1102,1.1948,0.9981,0.9981,137811.7598,137811.7598,53659.3673,3186207.8866,3186207.8866,,,3.277
600150,中国船舶,船舶,上海,19980520,600150.SH,20130109,23.13,23.15,22.37,22.56,23.02,-0.46,-2.0,110685.8,252035.609,0.8032,2.0627,0.66,13.8035,32.4012,1.7239,1.0833,1.1659,1.0229,1.0229,137811.7598,137811.7598,53659.3673,3109033.3011,3109033.3011,,,3.277
600150,中国船舶,船舶,上海,19980520,600150.SH,20130108,22.88,23.46,22.8,23.02,22.93,0.09,0.39,137724.35,318570.344,0.9994,2.5666,0.85,14.0849,33.0619,1.759,1.1054,1.1896,1.0025,1.0025,137811.7598,137811.7598,53659.3673,3172426.7106,3172426.7106,,,3.277
600150,中国船舶,船舶,上海,19980520,600150.SH,20130107,22.8,23.34,22.53,22.93,22.79,0.14,0.61,135089.18,309904.19,0.9802,2.5175,0.86,14.0299,32.9326,1.7521,1.1011,1.185,1.0064,1.0064,137811.7598,137811.7598,53659.3673,3160023.6522,3160023.6522,,,3.277
600150,中国船舶,船舶,上海,19980520,600150.SH,20130104,23.34,23.39,22.68,22.79,23.24,-0.45,-1.94,154142.08,353725.949,1.1185,2.8726,1.0,13.9442,32.7316,1.7414,1.0944,1.1778,1.0126,1.0126,137811.7598,137811.7598,53659.3673,3140730.0058,3140730.0058,,,3.277
600150,中国船舶,船舶,上海,19980520,600150.SH,20121231,21.87,23.65,21.44,23.24,21.54,1.7,7.89,258646.39,588954.546,1.8768,4.8202,2.13,14.2195,33.3779,1.7758,1.116,1.201,1.2412,0.993,137811.7598,137811.7598,53659.3673,3202745.2978,3202745.2978,,,3.277
600150,中国船舶,船舶,上海,19980520,600150.SH,20121228,20.83,21.89,20.83,21.54,20.87,0.67,3.21,149940.26,322299.056,1.088,2.7943,1.34,13.1794,30.9363,1.6459,1.0343,1.1132,1.3392,1.0714,137811.7598,137811.7598,53659.3673,2968465.3061,2968465.3061,,,3.277
600150,中国船舶,船舶,上海,19980520,600150.SH,20121227,21.22,21.48,20.86,20.87,21.19,-0.32,-1.51,116486.51,246550.412,0.8453,2.1709,1.01,12.7694,29.974,1.5947,1.0022,1.0785,1.3822,1.1057,137811.7598,137811.7598,53659.3673,2876131.427,2876131.427,,,3.277
600150,中国船舶,船舶,上海,19980520,600150.SH,20121226,21.2,21.55,21.0,21.19,21.18,0.01,0.05,101993.1,216592.008,0.7401,1.9008,0.81,12.9652,30.4336,1.6192,1.0175,1.0951,1.3613,1.089,137811.7598,137811.7598,53659.3673,2920231.1902,2920231.1902,,,3.277
600150,中国船舶,船舶,上海,19980520,600150.SH,20121225,20.65,21.49,20.4,21.18,20.71,0.47,2.27,140009.78,294048.916,1.0159,2.6092,1.18,12.9591,30.4193,1.6184,1.017,1.0946,1.362,1.0896,137811.7598,137811.7598,53659.3673,2918853.0726,2918853.0726,,,3.277
600150,中国船舶,船舶,上海,19980520,600150.SH,20121224,20.28,20.86,20.17,20.71,20.29,0.42,2.07,97779.64,201522.984,0.7095,1.8222,0.8,12.6715,29.7442,1.5825,0.9945,1.0703,1.3929,1.1143,137811.7598,137811.7598,53659.3673,2854081.5455,2854081.5455,,,3.277
600150,中国船舶,船舶,上海,19980520,600150.SH,20121221,20.6,20.71,20.21,20.29,20.59,-0.3,-1.46,105052.48,214577.57,0.7623,1.9578,0.86,12.4146,29.141,1.5504,0.9743,1.0486,1.4217,1.1374,137811.7598,137811.7598,53659.3673,2796200.6063,2796200.6063,,,3.277
600150,中国船舶,船舶,上海,19980520,600150.SH,20121220,20.61,20.78,20.3,20.59,20.77,-0.18,-0.87,130437.88,267281.19,0.9465,2.4309,1.18,12.5981,29.5719,1.5733,0.9887,1.0641,1.401,1.1208,137811.7598,137811.7598,53659.3673,2837544.1343,2837544.1343,,,3.277
600150,中国船舶,船舶,上海,19980520,600150.SH,20121219,20.07,20.96,20.0,20.77,20.1,0.67,3.33,159129.21,327333.468,1.1547,2.9655,1.68,12.7082,29.8304,1.5871,0.9974,1.0734,1.3888,1.1111,137811.7598,137811.7598,53659.3673,2862350.251,2862350.251,,,3.277
600150,中国船舶,船舶,上海,19980520,600150.SH,20121218,20.28,20.48,19.91,20.1,20.26,-0.16,-0.79,102039.05,206148.846,0.7404,1.9016,0.85,12.2983,28.8681,1.5359,0.9652,1.0387,1.4351,1.1481,137811.7598,137811.7598,53659.3673,2770016.372,2770016.372,,,3.277
600150,中国船舶,船舶,上海,19980520,600150.SH,20121217,20.05,20.69,20.05,20.26,19.93,0.33,1.66,111194.3,226252.639,0.8069,2.0722,0.98,12.3962,29.0979,1.5481,0.9729,1.047,1.4238,1.139,137811.7598,137811.7598,53659.3673,2792066.2535,2792066.2535,,,3.277
600150,中国船舶,船舶,上海,19980520,600150.SH,20121214,19.2,19.95,19.2,19.93,19.19,0.74,3.86,107237.88,211972.437,0.7781,1.9985,1.01,12.1943,28.624,1.5229,0.957,1.03,1.4474,1.1579,137811.7598,137811.7598,53659.3673,2746588.3728,2746588.3728,,,3.277
600150,中国船舶,船舶,上海,19980520,600150.SH,20121213,19.73,19.73,19.06,19.19,19.73,-0.54,-2.74,74455.95,143962.668,0.5403,1.3876,0.71,11.7415,27.5612,1.4664,0.9215,0.9917,1.5032,1.2025,137811.7598,137811.7598,53659.3673,2644607.6706,2644607.6706,,,3.277
600150,中国船舶,船舶,上海,19980520,600150.SH,20121212,19.7,19.95,19.5,19.73,19.99,-0.26,-1.3,79803.03,156939.238,0.5791,1.4872,0.76,12.0719,28.3367,1.5076,0.9474,1.0196,1.462,1.1696,137811.7598,137811.7598,53659.3673,2719026.0209,2719026.0209,,,3.277
600150,中国船舶,船舶,上海,19980520,600150.SH,20121211,20.4,20.56,19.98,19.99,20.4,-0.41,-2.01,225084.32,455528.955,1.6333,4.1947,3.31,12.231,28.7101,1.5275,0.9599,1.0331,1.443,1.1544,137811.7598,137811.7598,53659.3673,2754857.0784,2754857.0784,,,3.277
600150,中国船舶,船舶,上海,19980520,600150.SH,20121210,20.27,20.58,20.21,20.4,20.19,0.21,1.04,78050.0,159408.11,0.5664,1.4545,1.37,12.4819,29.299,1.5588,0.9796,1.0542,1.414,1.1312,137811.7598,137811.7598,53659.3673,2811359.8999,2811359.8999,,,3.277
600150,中国船舶,船舶,上海,19980520,600150.SH,20121207,19.9,20.33,19.75,20.19,20.0,0.19,0.95,74590.63,150089.234,0.5413,1.3901,1.56,12.3534,28.9974,1.5428,0.9695,1.0434,1.4287,1.143,137811.7598,137811.7598,53659.3673,2782419.4304,2782419.4304,,,3.277
600150,中国船舶,船舶,上海,19980520,600150.SH,20121206,19.87,20.5,19.72,20.0,19.75,0.25,1.27,65383.55,131604.22,0.4744,1.2185,1.61,12.2371,28.7245,1.5283,0.9604,1.0336,1.4423,1.1538,137811.7598,137811.7598,53659.3673,2756235.196,2756235.196,,,3.277
600150,中国船舶,船舶,上海,19980520,600150.SH,20121205,18.8,20.24,18.77,19.75,18.78,0.97,5.17,79690.45,156881.299,0.5783,1.4851,2.41,12.0842,28.3654,1.5092,0.9484,1.0207,1.4606,1.1685,137811.7598,137811.7598,53659.3673,2721782.2561,2721782.2561,,,3.277
600150,中国船舶,船舶,上海,19980520,600150.SH,20121204,18.68,18.97,18.55,18.78,18.68,0.1,0.54,42085.29,78862.892,0.3054,0.7843,1.33,11.4907,26.9723,1.435,0.9018,0.9705,1.536,1.2288,137811.7598,137811.7598,53659.3673,2588104.849,2588104.849,,,3.277
600150,中国船舶,船舶,上海,19980520,600150.SH,20121203,19.17,19.36,18.66,18.68,19.16,-0.48,-2.51,23321.44,44204.762,0.1692,0.4346,0.57,11.4295,26.8287,1.4274,0.897,0.9654,1.5442,1.2354,137811.7598,137811.7598,53659.3673,2574323.6731,2574323.6731,,,3.277
600150,中国船舶,船舶,上海,19980520,600150.SH,20121130,19.26,19.47,18.93,19.16,19.26,-0.1,-0.52,28737.92,55178.0,0.2085,0.5356,0.74,11.7232,27.5181,1.4641,0.92,0.9902,1.5055,1.2044,137811.7598,137811.7598,53659.3673,2640473.3178,2640473.3178,,,3.277
600150,中国船舶,船舶,上海,19980520,600150.SH,20121129,19.3,19.8,19.22,19.26,19.31,-0.05,-0.26,29836.19,58116.308,0.2165,0.556,0.76,11.7843,27.6617,1.4717,0.9248,0.9953,1.4977,1.1982,137811.7598,137811.7598,53659.3673,2654254.4937,2654254.4937,,,3.277
600150,中国船舶,船舶,上海,19980520,600150.SH,20121128,19.32,19.87,18.74,19.31,19.32,-0.01,-0.05,41045.8,79079.95,0.2978,0.7649,0.98,11.8149,27.7335,1.4755,0.9272,0.9979,1.4938,1.1951,137811.7598,137811.7598,53659.3673,2661145.0817,2661145.0817,,,3.277
600150,中国船舶,船舶,上海,19980520,600150.SH,20121127,19.93,20.12,19.3,19.32,20.01,-0.69,-3.45,35315.66,69466.369,0.2563,0.6581,0.91,11.8211,27.7479,1.4763,0.9277,0.9984,1.4931,1.1945,137811.7598,137811.7598,53659.3673,2662523.1993,2662523.1993,,,3.277
600150,中国船舶,船舶,上海,19980520,600150.SH,20121126,19.75,20.48,19.63,20.01,19.49,0.52,2.67,68590.93,137727.203,0.4977,1.2783,2.26,12.2432,28.7389,1.529,0.9609,1.0341,1.4416,1.1533,137811.7598,137811.7598,53659.3673,2757613.3136,2757613.3136,,,3.277
600150,中国船舶,船舶,上海,19980520,600150.SH,20121123,19.56,19.85,19.4,19.49,19.45,0.04,0.21,19107.23,37477.653,0.1386,0.3561,0.57,11.9251,27.992,1.4893,0.9359,1.0072,1.48,1.184,137811.7598,137811.7598,53659.3673,2685951.1985,2685951.1985,,,3.277
600150,中国船舶,船舶,上海,19980520,600150.SH,20121122,19.48,19.88,19.41,19.45,19.7,-0.25,-1.27,32477.82,63637.646,0.2357,0.6053,1.0,11.9006,27.9346,1.4862,0.934,1.0051,1.4831,1.1865,137811.7598,137811.7598,53659.3673,2680438.7281,2680438.7281,,,3.277
600150,中国船舶,船舶,上海,19980520,600150.SH,20121121,18.88,19.89,18.45,19.7,18.71,0.99,5.29,53227.3,101743.388,0.3862,0.9919,1.9,12.0536,28.2936,1.5053,0.946,1.0181,1.4643,1.1714,137811.7598,137811.7598,53659.3673,2714891.6681,2714891.6681,20.61,16.87,3.277
600150,中国船舶,船舶,上海,19980520,600150.SH,20121120,19.07,19.1,18.71,18.71,19.0,-0.29,-1.53,20973.74,39551.105,0.1522,0.3909,0.67,11.4478,26.8718,1.4297,0.8984,0.9669,1.5418,1.2334,137811.7598,137811.7598,53659.3673,2578458.0259,2578458.0259,,,3.277
600150,中国船舶,船舶,上海,19980520,600150.SH,20121119,18.9,19.19,18.51,19.0,18.81,0.19,1.01,25909.2,48684.205,0.188,0.4828,0.71,11.6253,27.2883,1.4518,0.9124,0.9819,1.5182,1.2146,137811.7598,137811.7598,53659.3673,2618423.4362,2618423.4362,,,3.277
600150,中国船舶,船舶,上海,19980520,600150.SH,20121116,19.4,19.59,18.63,18.81,19.5,-0.69,-3.54,35806.8,67924.095,0.2598,0.6673,1.06,11.509,27.0154,1.4373,0.9032,0.9721,1.5336,1.2268,137811.7598,137811.7598,53659.3673,2592239.2018,2592239.2018,,,3.277
600150,中国船舶,船舶,上海,19980520,600150.SH,20121115,19.87,19.95,19.45,19.5,19.9,-0.4,-2.01,26474.2,52266.83,0.1921,0.4934,0.77,11.9312,28.0064,1.4901,0.9364,1.0077,1.4793,1.1834,137811.7598,137811.7598,53659.3673,2687329.3161,2687329.3161,,,3.277
600150,中国船舶,船舶,上海,19980520,600150.SH,20121114,19.67,19.99,19.6,19.9,19.66,0.24,1.22,30588.0,60755.148,0.222,0.57,0.9,12.1759,28.5809,1.5206,0.9556,1.0284,1.4496,1.1596,137811.7598,137811.7598,53659.3673,2742454.02,2742454.02,,,3.277
600150,中国船舶,船舶,上海,19980520,600150.SH,20121113,19.98,20.05,19.65,19.66,19.98,-0.32,-1.6,38894.71,77039.806,0.2822,0.7248,1.23,12.0291,28.2362,1.5023,0.9441,1.016,1.4673,1.1738,137811.7598,137811.7598,53659.3673,2709379.1977,2709379.1977,,,3.277
600150,中国船舶,船舶,上海,19980520,600150.SH,20121112,19.41,20.1,19.41,19.98,19.39,0.59,3.04,50516.96,100219.915,0.3666,0.9414,1.84,12.2249,28.6958,1.5267,0.9594,1.0325,1.4438,1.155,137811.7598,137811.7598,53659.3673,2753478.9608,2753478.9608,,,3.277
600150,中国船舶,船舶,上海,19980520,600150.SH,20121109,19.51,19.85,19.24,19.39,19.53,-0.14,-0.72,21989.23,42796.928,0.1596,0.4098,0.68,11.8639,27.8484,1.4816,0.9311,1.002,1.4877,1.1901,137811.7598,137811.7598,53659.3673,2672170.0225,2672170.0225,,,3.277
600150,中国船舶,船舶,上海,19980520,600150.SH,20121108,19.99,19.99,19.52,19.53,20.03,-0.5,-2.5,30682.01,60421.253,0.2226,0.5718,0.91,11.9495,28.0495,1.4923,0.9378,1.0093,1.477,1.1816,137811.7598,137811.7598,53659.3673,2691463.6689,2691463.6689,,,3.277
600150,中国船舶,船舶,上海,19980520,600150.SH,20121107,19.66,20.16,19.66,20.03,19.73,0.3,1.52,28248.88,56381.365,0.205,0.5264,0.84,12.2555,28.7676,1.5305,0.9618,1.0351,1.4401,1.1521,137811.7598,137811.7598,53659.3673,2760369.5488,2760369.5488,20.72,16.96,3.275
600150,中国船舶,船舶,上海,19980520,600150.SH,20121106,19.95,20.03,19.52,19.73,19.96,-0.23,-1.15,26510.46,52223.625,0.1924,0.4941,0.68,12.0719,28.3367,1.5076,0.9474,1.0196,1.462,1.1696,137811.7598,137811.7598,53659.3673,2719026.0209,2719026.0209,,,3.275
600150,中国船舶,船舶,上海,19980520,600150.SH,20121105,19.87,20.2,19.8,19.96,19.96,0.0,0.0,30131.33,60256.303,0.2186,0.5615,0.78,12.2126,28.6671,1.5252,0.9585,1.0315,1.4452,1.1562,137811.7598,137811.7598,53659.3673,2750722.7256,2750722.7256,,,3.275
600150,中国船舶,船舶,上海,19980520,600150.SH,20121102,19.78,20.29,19.78,19.96,19.74,0.22,1.11,47071.6,94378.317,0.3416,0.8772,1.22,12.2126,28.6671,1.5252,0.9585,1.0315,1.4452,1.1562,137811.7598,137811.7598,53659.3673,2750722.7256,2750722.7256,,,3.275
600150,中国船舶,船舶,上海,19980520,600150.SH,20121101,19.51,19.99,19.47,19.74,19.44,0.3,1.54,35988.81,71231.521,0.2611,0.6707,0.95,12.078,28.3511,1.5084,0.9479,1.0201,1.4613,1.169,137811.7598,137811.7598,53659.3673,2720404.1385,2720404.1385,,,3.275
600150,中国船舶,船舶,上海,19980520,600150.SH,20121031,19.26,19.6,19.16,19.44,19.36,0.08,0.41,28131.47,54601.925,0.2041,0.5243,0.73,11.8945,27.9202,1.4855,0.9335,1.0046,1.4839,1.1871,137811.7598,137811.7598,53659.3673,2679060.6105,2679060.6105,,,3.275
600150,中国船舶,船舶,上海,19980520,600150.SH,20121030,19.1,19.58,18.71,19.36,19.33,0.03,0.16,52862.43,101490.195,0.3836,0.9851,1.47,11.8455,27.8053,1.4794,0.9296,1.0005,1.49,1.192,137811.7598,137811.7598,53659.3673,2668035.6697,2668035.6697,,,3.275
600150,中国船舶,船舶,上海,19980520,600150.SH,20121029,19.41,19.8,19.25,19.33,19.6,-0.27,-1.38,28144.24,54704.98,0.2042,0.5245,0.68,11.8272,18.4239,1.4831,0.9282,0.9723,1.4923,1.1938,137811.7598,137811.7598,53659.3673,2663901.3169,2663901.3169,21.56,17.64,3.275
600150,中国船舶,船舶,上海,19980520,600150.SH,20121026,19.8,20.17,19.35,19.6,19.78,-0.18,-0.91,47228.85,93156.014,0.3427,0.8802,1.07,11.9924,18.6813,1.5038,0.9412,0.9859,1.4717,1.1774,137811.7598,137811.7598,53659.3673,2701110.4921,2701110.4921,,,3.275
600150,中国船舶,船舶,上海,19980520,600150.SH,20121025,19.92,20.28,19.77,19.78,19.95,-0.17,-0.85,32355.08,64549.972,0.2348,0.603,0.68,12.1025,18.8528,1.5176,0.9498,0.995,1.4583,1.1667,137811.7598,137811.7598,53659.3673,2725916.6088,2725916.6088,,,3.275
600150,中国船舶,船舶,上海,19980520,600150.SH,20121024,20.08,20.24,19.9,19.95,20.21,-0.26,-1.29,32848.7,65832.708,0.2384,0.6122,0.67,12.2065,19.0149,1.5306,0.958,1.0035,1.4459,1.1567,137811.7598,137811.7598,53659.3673,2749344.608,2749344.608,,,3.275
600150,中国船舶,船舶,上海,19980520,600150.SH,20121023,20.53,20.61,20.17,20.21,20.49,-0.28,-1.37,38993.14,79414.346,0.2829,0.7267,0.73,12.3656,19.2627,1.5506,0.9705,1.0166,1.4273,1.1419,137811.7598,137811.7598,53659.3673,2785175.6656,2785175.6656,,,3.275
600150,中国船舶,船舶,上海,19980520,600150.SH,20121022,20.14,20.57,19.85,20.49,20.24,0.25,1.24,57027.37,115454.902,0.4138,1.0628,1.13,12.5369,19.5295,1.5721,0.9839,1.0307,1.4078,1.1263,137811.7598,137811.7598,53659.3673,2823762.9583,2823762.9583,,,3.275
600150,中国船舶,船舶,上海,19980520,600150.SH,20121019,20.15,20.65,20.12,20.24,20.12,0.12,0.6,60008.19,122272.89,0.4354,1.1183,1.26,12.384,19.2913,1.5529,0.9719,1.0181,1.4252,1.1402,137811.7598,137811.7598,53659.3673,2789310.0184,2789310.0184,,,3.275
600150,中国船舶,船舶,上海,19980520,600150.SH,20121018,19.93,20.2,19.85,20.12,19.93,0.19,0.95,48789.11,97819.752,0.354,0.9092,0.89,12.3105,19.1769,1.5437,0.9661,1.0121,1.4337,1.147,137811.7598,137811.7598,53659.3673,2772772.6072,2772772.6072,20.92,17.12,3.275
600150,中国船舶,船舶,上海,19980520,600150.SH,20121017,20.03,20.13,19.55,19.93,19.93,0.0,0.0,39536.43,78504.46,0.2869,0.7368,0.62,12.1943,18.9958,1.5291,0.957,1.0025,1.4474,1.1579,137811.7598,137811.7598,53659.3673,2746588.3728,2746588.3728,,,3.275
600150,中国船舶,船舶,上海,19980520,600150.SH,20121016,19.75,20.19,19.42,19.93,19.74,0.19,0.96,60186.72,119196.98,0.4367,1.1216,0.89,12.1943,18.9958,1.5291,0.957,1.0025,1.4474,1.1579,137811.7598,137811.7598,53659.3673,2746588.3728,2746588.3728,,,3.275
600150,中国船舶,船舶,上海,19980520,600150.SH,20121015,20.15,20.3,19.58,19.74,20.15,-0.41,-2.03,44094.49,87452.023,0.32,0.8217,0.59,12.078,18.8147,1.5145,0.9479,0.993,1.4613,1.169,137811.7598,137811.7598,53659.3673,2720404.1385,2720404.1385,,,3.275
600150,中国船舶,船舶,上海,19980520,600150.SH,20121012,20.16,20.5,19.87,20.15,20.06,0.09,0.45,45050.6,90910.325,0.3269,0.8396,0.57,12.3289,19.2055,1.546,0.9676,1.0136,1.4316,1.1453,137811.7598,137811.7598,53659.3673,2776906.96,2776906.96,,,3.275
600150,中国船舶,船舶,上海,19980520,600150.SH,20121011,20.75,20.79,20.0,20.06,20.92,-0.86,-4.11,85735.57,174667.545,0.6221,1.5978,1.0,12.2738,19.1197,1.5391,0.9633,1.0091,1.438,1.1504,137811.7598,137811.7598,53659.3673,2764503.9016,2764503.9016,,,3.275
600150,中国船舶,船舶,上海,19980520,600150.SH,20121010,21.03,21.04,20.76,20.92,21.04,-0.12,-0.57,84758.33,177367.615,0.615,1.5796,0.92,12.8,19.9394,1.6051,1.0046,1.0523,1.3789,1.1031,137811.7598,137811.7598,53659.3673,2883022.015,2883022.015,,,3.275
600150,中国船舶,船舶,上海,19980520,600150.SH,20121009,20.72,21.28,20.7,21.04,20.72,0.32,1.54,80282.34,168501.698,0.5826,1.4961,0.86,12.8734,20.0538,1.6143,1.0103,1.0583,1.371,1.0968,137811.7598,137811.7598,53659.3673,2899559.4262,2899559.4262,,,3.275
600150,中国船舶,船舶,上海,19980520,600150.SH,20121008,20.33,20.99,20.33,20.72,20.31,0.41,2.02,75937.71,157527.496,0.551,1.4152,0.73,12.6777,19.7488,1.5897,0.995,1.0423,1.3922,1.1138,137811.7598,137811.7598,53659.3673,2855459.6631,2855459.6631,,,3.275
600150,中国船舶,船舶,上海,19980520,600150.SH,20120928,20.0,20.42,19.86,20.31,20.18,0.13,0.64,71245.76,144071.619,0.517,1.3277,0.6,12.4268,19.358,1.5583,0.9753,1.0216,1.4203,1.1362,137811.7598,137811.7598,53659.3673,2798956.8415,2798956.8415,,,3.275
600150,中国船舶,船舶,上海,19980520,600150.SH,20120927,19.77,20.5,19.07,20.18,19.77,0.41,2.07,116276.91,230566.55,0.8437,2.1669,0.81,12.3472,19.2341,1.5483,0.969,1.0151,1.4294,1.1436,137811.7598,137811.7598,53659.3673,2781041.3128,2781041.3128,,,3.275
600150,中国船舶,船舶,上海,19980520,600150.SH,20120926,20.64,21.3,19.72,19.77,20.62,-0.85,-4.12,119078.78,244129.332,0.8641,2.2192,0.88,12.0964,18.8433,1.5168,0.9493,0.9945,1.4591,1.1673,137811.7598,137811.7598,53659.3673,2724538.4912,2724538.4912,,,3.275
600150,中国船舶,船舶,上海,19980520,600150.SH,20120925,20.28,21.11,20.28,20.62,20.66,-0.04,-0.19,82304.02,170728.79,0.5972,1.5338,0.59,12.6165,19.6534,1.582,0.9902,1.0372,1.3989,1.1192,137811.7598,137811.7598,53659.3673,2841678.4871,2841678.4871,,,3.275
600150,中国船舶,船舶,上海,19980520,600150.SH,20120924,20.45,21.3,20.44,20.66,20.32,0.34,1.67,131866.96,275721.222,0.9569,2.4575,0.96,12.6409,19.6916,1.5851,0.9921,1.0392,1.3962,1.117,137811.7598,137811.7598,53659.3673,2847190.9575,2847190.9575,,,3.275
600150,中国船舶,船舶,上海,19980520,600150.SH,20120921,20.7,20.8,19.9,20.32,21.1,-0.78,-3.7,142215.16,288364.24,1.032,2.6503,0.92,12.4329,19.3675,1.559,0.9757,1.0221,1.4196,1.1357,137811.7598,137811.7598,53659.3673,2800334.9591,2800334.9591,,,3.275
600150,中国船舶,船舶,上海,19980520,600150.SH,20120920,19.83,21.45,19.63,21.1,19.83,1.27,6.4,241999.56,506676.46,1.756,4.5099,1.19,12.9102,20.1109,1.6189,1.0132,1.0614,1.3671,1.0937,137811.7598,137811.7598,53659.3673,2907828.1318,2907828.1318,,,3.275
600150,中国船舶,船舶,上海,19980520,600150.SH,20120919,20.03,20.37,19.0,19.83,20.01,-0.18,-0.9,80887.44,161551.77,0.5869,1.5074,0.37,12.1331,18.9005,1.5214,0.9522,0.9975,1.4547,1.1637,137811.7598,137811.7598,53659.3673,2732807.1968,2732807.1968,,,3.275
600150,中国船舶,船舶,上海,19980520,600150.SH,20120918,20.83,20.83,19.91,20.01,20.83,-0.82,-3.94,100383.43,203736.649,0.7284,1.8708,0.44,12.2432,19.072,1.5352,0.9609,1.0065,1.4416,1.1533,137811.7598,137811.7598,53659.3673,2757613.3136,2757613.3136,,,3.275
600150,中国船舶,船舶,上海,19980520,600150.SH,20120917,21.8,21.9,20.6,20.83,21.81,-0.98,-4.49,123446.73,263702.999,0.8958,2.3006,0.56,12.745,19.8536,1.5982,1.0002,1.0478,1.3848,1.1079,137811.7598,137811.7598,53659.3673,2870618.9566,2870618.9566,,,3.275
600150,中国船舶,船舶,上海,19980520,600150.SH,20120914,22.02,22.68,21.64,21.81,22.67,-0.86,-3.79,225474.48,498626.256,1.6361,4.202,1.15,13.3446,20.7877,1.6733,1.0473,1.0971,1.3226,1.0581,137811.7598,137811.7598,53659.3673,3005674.4812,3005674.4812,,,3.275
600150,中国船舶,船舶,上海,19980520,600150.SH,20120913,21.5,23.3,21.36,22.67,21.8,0.87,3.99,486779.72,1080951.41,3.5322,9.0717,4.63,13.8708,21.6074,1.7393,1.0886,1.1403,1.2724,1.0179,137811.7598,137811.7598,53659.3673,3124192.5947,3124192.5947,,,3.275
600150,中国船舶,船舶,上海,19980520,600150.SH,20120912,21.58,22.1,21.03,21.8,21.62,0.18,0.83,143583.17,310322.848,1.0419,2.6758,1.7,13.3385,20.7781,1.6726,1.0468,1.0966,1.3232,1.0586,137811.7598,137811.7598,53659.3673,3004296.3636,3004296.3636,,,3.275
600150,中国船舶,船舶,上海,19980520,600150.SH,20120911,21.3,22.25,20.91,21.62,20.37,1.25,6.14,168217.94,362158.058,1.2206,3.1349,2.92,13.2283,20.6066,1.6588,1.0382,1.0875,1.3342,1.0674,137811.7598,137811.7598,53659.3673,2979490.2469,2979490.2469,,,3.275
600150,中国船舶,船舶,上海,19980520,600150.SH,20120910,19.99,20.72,19.76,20.37,19.71,0.66,3.35,85525.01,173255.117,0.6206,1.5939,1.76,12.4635,19.4152,1.5629,0.9781,1.0246,1.4161,1.1329,137811.7598,137811.7598,53659.3673,2807225.5471,2807225.5471,21.7,17.76,3.275
600150,中国船舶,船舶,上海,19980520,600150.SH,20120907,18.57,20.3,18.57,19.71,18.48,1.23,6.66,97083.92,189718.842,0.7045,1.8093,2.64,12.0597,18.7861,1.5122,0.9465,0.9914,1.4635,1.1708,137811.7598,137811.7598,53659.3673,2716269.7857,2716269.7857,,,3.275
600150,中国船舶,船舶,上海,19980520,600150.SH,20120906,18.3,18.57,18.14,18.48,18.24,0.24,1.32,31734.71,58278.52,0.2303,0.5914,0.81,11.3071,17.6138,1.4179,0.8874,0.9296,1.5609,1.2488,137811.7598,137811.7598,53659.3673,2546761.3211,2546761.3211,,,3.275
600150,中国船舶,船舶,上海,19980520,600150.SH,20120905,17.98,18.45,17.9,18.24,17.96,0.28,1.56,40774.92,74328.159,0.2959,0.7599,1.12,11.1602,17.385,1.3994,0.8759,0.9175,1.5815,1.2652,137811.7598,137811.7598,53659.3673,2513686.4988,2513686.4988,,,3.275
600150,中国船舶,船舶,上海,19980520,600150.SH,20120904,18.16,18.33,17.81,17.96,18.25,-0.29,-1.59,32569.21,58801.037,0.2363,0.607,0.92,10.9889,17.1181,1.378,0.8624,0.9034,1.6061,1.2849,137811.7598,137811.7598,53659.3673,2475099.206,2475099.206,,,3.275
600150,中国船舶,船舶,上海,19980520,600150.SH,20120903,17.93,18.5,17.83,18.25,17.91,0.34,1.9,41360.27,75208.468,0.3001,0.7708,1.17,11.1664,17.3945,1.4002,0.8763,0.918,1.5806,1.2645,137811.7598,137811.7598,53659.3673,2515064.6164,2515064.6164,,,3.275
600150,中国船舶,船舶,上海,19980520,600150.SH,20120831,18.31,18.31,17.77,17.91,18.41,-0.5,-2.72,37649.04,67669.435,0.2732,0.7016,1.16,10.9583,17.0705,1.3741,0.86,0.9009,1.6106,1.2885,137811.7598,137811.7598,53659.3673,2468208.618,2468208.618,,,3.275
600150,中国船舶,船舶,上海,19980520,600150.SH,20120830,18.99,19.18,18.29,18.41,19.0,-0.59,-3.11,42428.73,79055.612,0.3079,0.7965,1.51,11.2643,14.0104,1.4294,0.884,0.9006,1.5669,1.2535,137811.7598,137811.7598,53269.3673,2537114.4979,2537114.4979,,,3.275
600150,中国船舶,船舶,上海,19980520,600150.SH,20120829,19.31,19.49,18.97,19.0,19.38,-0.38,-1.96,27852.71,53537.877,0.2021,0.5229,1.02,11.6253,14.4594,1.4752,0.9124,0.9295,1.5182,1.2146,137811.7598,137811.7598,53269.3673,2618423.4362,2618423.4362,,,3.275
600150,中国船舶,船舶,上海,19980520,600150.SH,20120828,19.36,19.88,19.25,19.38,19.39,-0.01,-0.05,26879.25,52390.396,0.195,0.5046,0.94,11.8578,14.7486,1.5047,0.9306,0.9481,1.4884,1.1908,137811.7598,137811.7598,53269.3673,2670791.9049,2670791.9049,,,3.275
600150,中国船舶,船舶,上海,19980520,600150.SH,20120827,20.31,20.35,19.36,19.39,20.31,-0.92,-4.53,41238.81,81609.254,0.2992,0.7742,1.64,11.8639,14.7562,1.5055,0.9311,0.9486,1.4877,1.1901,137811.7598,137811.7598,53269.3673,2672170.0225,2672170.0225,,,3.275
600150,中国船舶,船舶,上海,19980520,600150.SH,20120824,20.83,20.93,20.3,20.31,20.83,-0.52,-2.5,24423.06,50161.619,0.1772,0.4585,0.92,12.4268,15.4564,1.5769,0.9753,0.9936,1.4203,1.1362,137811.7598,137811.7598,53269.3673,2798956.8415,2798956.8415,,,3.275
600150,中国船舶,船舶,上海,19980520,600150.SH,20120823,20.79,21.09,20.71,20.83,20.73,0.1,0.48,20464.07,42691.615,0.1485,0.3842,0.59,12.745,15.8521,1.6173,1.0002,1.019,1.3848,1.1079,137811.7598,137811.7598,53269.3673,2870618.9566,2870618.9566,,,3.275
600150,中国船舶,船舶,上海,19980520,600150.SH,20120822,20.9,21.1,20.62,20.73,20.9,-0.17,-0.81,23401.57,48802.361,0.1698,0.4393,0.64,12.6838,15.776,1.6095,0.9954,1.0141,1.3915,1.1132,137811.7598,137811.7598,53269.3673,2856837.7807,2856837.7807,,,3.275
600150,中国船舶,船舶,上海,19980520,600150.SH,20120821,20.55,21.09,20.55,20.9,20.51,0.39,1.9,33089.31,69140.927,0.2401,0.6212,0.91,12.7878,15.9054,1.6227,1.0036,1.0225,1.3802,1.1042,137811.7598,137811.7598,53269.3673,2880265.7798,2880265.7798,,,3.275
600150,中国船舶,船舶,上海,19980520,600150.SH,20120820,20.71,20.85,20.32,20.51,20.83,-0.32,-1.54,24655.53,50530.753,0.1789,0.4628,0.6,12.5492,15.6086,1.5925,0.9849,1.0034,1.4064,1.1252,137811.7598,137811.7598,53269.3673,2826519.1935,2826519.1935,,,3.275
600150,中国船舶,船舶,上海,19980520,600150.SH,20120817,21.11,21.12,20.6,20.83,21.11,-0.28,-1.33,30675.87,63803.615,0.2226,0.5759,0.75,12.745,15.8521,1.6173,1.0002,1.019,1.3848,1.1079,137811.7598,137811.7598,53269.3673,2870618.9566,2870618.9566,,,3.275
600150,中国船舶,船舶,上海,19980520,600150.SH,20120816,20.81,21.46,20.72,21.11,20.72,0.39,1.88,62200.05,132039.839,0.4513,1.1677,1.68,12.9163,16.0652,1.6391,1.0137,1.0327,1.3665,1.0932,137811.7598,137811.7598,53269.3673,2909206.2494,2909206.2494,,,3.275
600150,中国船舶,船舶,上海,19980520,600150.SH,20120815,21.1,21.4,20.68,20.72,21.11,-0.39,-1.85,33273.21,70168.774,0.2414,0.6246,0.88,12.6777,15.7684,1.6088,0.995,1.0137,1.3922,1.1138,137811.7598,137811.7598,53269.3673,2855459.6631,2855459.6631,,,3.275
600150,中国船舶,船舶,上海,19980520,600150.SH,20120814,21.05,21.3,20.68,21.11,21.1,0.01,0.05,31497.62,65904.511,0.2286,0.5913,0.79,12.9163,16.0652,1.6391,1.0137,1.0327,1.3665,1.0932,137811.7598,137811.7598,53269.3673,2909206.2494,2909206.2494,,,3.275
600150,中国船舶,船舶,上海,19980520,600150.SH,20120813,20.97,21.39,20.7,21.1,21.03,0.07,0.33,46540.27,97582.781,0.3377,0.8737,1.13,12.9102,16.0576,1.6383,1.0132,1.0322,1.3671,1.0937,137811.7598,137811.7598,53269.3673,2907828.1318,2907828.1318,,,3.275
600150,中国船舶,船舶,上海,19980520,600150.SH,20120810,21.28,21.3,20.94,21.03,21.32,-0.29,-1.36,29976.15,63199.507,0.2175,0.5627,0.72,12.8673,16.0043,1.6328,1.0098,1.0288,1.3717,1.0973,137811.7598,137811.7598,53269.3673,2898181.3086,2898181.3086,,,3.275
600150,中国船舶,船舶,上海,19980520,600150.SH,20120809,21.25,21.43,21.1,21.32,21.07,0.25,1.19,43331.45,92223.749,0.3144,0.8134,1.04,13.0448,16.225,1.6554,1.0238,1.043,1.353,1.0824,137811.7598,137811.7598,53269.3673,2938146.7189,2938146.7189,,,3.275
600150,中国船舶,船舶,上海,19980520,600150.SH,20120808,21.12,21.47,21.0,21.07,21.07,0.0,0.0,37153.32,78531.844,0.2696,0.6975,0.93,12.8918,16.0348,1.6359,1.0118,1.0308,1.3691,1.0953,137811.7598,137811.7598,53269.3673,2903693.779,2903693.779,,,3.275
600150,中国船舶,船舶,上海,19980520,600150.SH,20120807,20.88,21.2,20.82,21.07,20.87,0.2,0.96,43439.01,91086.157,0.3152,0.8155,1.06,12.8918,16.0348,1.6359,1.0118,1.0308,1.3691,1.0953,137811.7598,137811.7598,53269.3673,2903693.779,2903693.779,,,3.275
600150,中国船舶,船舶,上海,19980520,600150.SH,20120806,20.43,21.0,20.27,20.87,20.45,0.42,2.05,51746.64,106900.671,0.3755,0.9714,1.42,12.7694,15.8826,1.6204,1.0022,1.021,1.3822,1.1057,137811.7598,137811.7598,53269.3673,2876131.427,2876131.427,,,3.275
600150,中国船舶,船舶,上海,19980520,600150.SH,20120803,20.22,20.49,20.05,20.45,20.13,0.32,1.59,32696.45,66259.599,0.2373,0.6138,0.94,12.5125,15.5629,1.5878,0.982,1.0004,1.4106,1.1285,137811.7598,137811.7598,53269.3673,2818250.4879,2818250.4879,,,3.275
600150,中国船舶,船舶,上海,19980520,600150.SH,20120802,20.78,21.04,20.0,20.13,20.86,-0.73,-3.5,43037.04,87637.883,0.3123,0.8079,1.34,12.3167,15.3194,1.563,0.9666,0.9848,1.433,1.1464,137811.7598,137811.7598,53269.3673,2774150.7248,2774150.7248,,,3.275
600150,中国船舶,船舶,上海,19980520,600150.SH,20120801,20.66,21.19,20.65,20.86,20.7,0.16,0.77,28060.05,58696.643,0.2036,0.5268,0.8,12.7633,15.8749,1.6196,1.0017,1.0205,1.3828,1.1063,137811.7598,137811.7598,53269.3673,2874753.3094,2874753.3094,,,3.275
600150,中国船舶,船舶,上海,19980520,600150.SH,20120731,21.68,21.75,20.61,20.7,21.69,-0.99,-4.56,49641.03,105046.246,0.3602,0.9319,1.64,12.6654,15.7532,1.6072,0.994,1.0127,1.3935,1.1148,137811.7598,137811.7598,53269.3673,2852703.4279,2852703.4279,,,3.275
600150,中国船舶,船舶,上海,19980520,600150.SH,20120730,22.09,22.47,21.63,21.69,22.02,-0.33,-1.5,28449.31,62735.533,0.2064,0.5341,0.94,13.2712,16.5066,1.6841,1.0415,1.0611,1.3299,1.0639,137811.7598,137811.7598,53269.3673,2989137.0701,2989137.0701,,,3.275
600150,中国船舶,船舶,上海,19980520,600150.SH,20120727,22.11,22.29,22.01,22.02,22.06,-0.04,-0.18,23953.35,52973.381,0.1738,0.4497,0.76,13.4731,16.7577,1.7097,1.0574,1.0773,1.31,1.048,137811.7598,137811.7598,53269.3673,3034614.9508,3034614.9508,,,3.275
600150,中国船舶,船舶,上海,19980520,600150.SH,20120726,22.37,22.55,22.05,22.06,22.49,-0.43,-1.91,30190.13,67287.293,0.2191,0.5667,0.82,13.4975,16.7882,1.7128,1.0593,1.0792,1.3076,1.0461,137811.7598,137811.7598,53269.3673,3040127.4212,3040127.4212,,,3.275
600150,中国船舶,船舶,上海,19980520,600150.SH,20120725,22.1,22.5,22.06,22.49,22.28,0.21,0.94,43020.22,96090.99,0.3122,0.8076,1.16,13.7606,17.1154,1.7462,1.0799,1.1002,1.2826,1.0261,137811.7598,137811.7598,53269.3673,3099386.4779,3099386.4779,,,3.275
600150,中国船舶,船舶,上海,19980520,600150.SH,20120724,22.03,22.55,22.0,22.28,22.18,0.1,0.45,25970.37,58059.36,0.1884,0.4875,0.62,13.6321,16.9556,1.7299,1.0699,1.09,1.2947,1.0358,137811.7598,137811.7598,53269.3673,3070446.0083,3070446.0083,,,3.275
600150,中国船舶,船舶,上海,19980520,600150.SH,20120723,22.0,22.66,21.78,22.18,22.28,-0.1,-0.45,28148.03,62783.038,0.2042,0.5284,0.61,13.571,16.8795,1.7221,1.0651,1.0851,1.3005,1.0404,137811.7598,137811.7598,53269.3673,3056664.8324,3056664.8324,,,3.275
600150,中国船舶,船舶,上海,19980520,600150.SH,20120720,22.7,22.8,22.24,22.28,22.71,-0.43,-1.89,30518.43,68609.252,0.2215,0.5729,0.65,13.6321,16.9556,1.7299,1.0699,1.09,1.2947,1.0358,137811.7598,137811.7598,53269.3673,3070446.0083,3070446.0083,,,3.275
600150,中国船舶,船舶,上海,19980520,600150.SH,20120719,22.47,22.95,22.25,22.71,22.5,0.21,0.93,57025.5,129377.708,0.4138,1.0705,1.2,13.8952,17.2828,1.7633,1.0905,1.111,1.2702,1.0162,137811.7598,137811.7598,53269.3673,3129705.0651,3129705.0651,,,3.275
600150,中国船舶,船舶,上海,19980520,600150.SH,20120718,22.16,22.65,22.01,22.5,22.17,0.33,1.49,43621.86,97596.211,0.3165,0.8189,0.96,13.7668,17.123,1.747,1.0804,1.1007,1.2821,1.0256,137811.7598,137811.7598,53269.3673,3100764.5955,3100764.5955,,,3.275
600150,中国船舶,船舶,上海,19980520,600150.SH,20120717,22.1,22.36,21.75,22.17,22.2,-0.03,-0.14,50158.7,109983.387,0.364,0.9416,1.1,13.5648,16.8719,1.7214,1.0646,1.0846,1.3011,1.0409,137811.7598,137811.7598,53269.3673,3055286.7148,3055286.7148,,,3.275
600150,中国船舶,船舶,上海,19980520,600150.SH,20120716,22.66,22.75,22.1,22.2,22.59,-0.39,-1.73,49383.67,110336.461,0.3583,0.9271,1.0,13.5832,16.8947,1.7237,1.066,1.0861,1.2994,1.0395,137811.7598,137811.7598,53269.3673,3059421.0676,3059421.0676,,,3.275
600150,中国船舶,船舶,上海,19980520,600150.SH,20120713,22.75,22.9,22.5,22.59,22.8,-0.21,-0.92,34238.37,77586.765,0.2484,0.6427,0.67,13.8218,17.1915,1.754,1.0848,1.1051,1.2769,2.2985,137811.7598,137811.7598,53269.3673,3113167.6539,3113167.6539,,,3.275
600150,中国船舶,船舶,上海,19980520,600150.SH,20120712,22.5,22.99,22.08,22.8,22.48,0.32,1.42,60489.76,136283.591,0.4389,1.1355,1.23,13.9503,17.3513,1.7703,1.0948,1.1154,1.2652,2.2773,137811.7598,137811.7598,53269.3673,3142108.1234,3142108.1234,,,3.275
600150,中国船舶,船舶,上海,19980520,600150.SH,20120711,22.32,22.85,22.31,22.48,22.31,0.17,0.76,33552.46,75639.551,0.2435,0.6299,0.63,13.7545,17.1078,1.7454,1.0795,1.0998,1.2832,2.3097,137811.7598,137811.7598,53269.3673,3098008.3603,3098008.3603,,,3.275
600150,中国船舶,船舶,上海,19980520,600150.SH,20120710,22.97,22.98,22.18,22.31,23.01,-0.7,-3.04,50588.21,113713.178,0.3671,0.9497,0.83,13.6505,16.9784,1.7322,1.0713,1.0914,1.293,2.3273,137811.7598,137811.7598,53269.3673,3074580.3611,3074580.3611,,,3.275
600150,中国船舶,船舶,上海,19980520,600150.SH,20120709,23.5,23.96,23.0,23.01,23.34,-0.33,-1.41,68059.0,160158.697,0.4939,1.2776,1.12,14.0788,17.5111,1.7866,1.1049,1.1257,1.2536,2.2565,137811.7598,137811.7598,53269.3673,3171048.593,3171048.593,,,3.275
600150,中国船舶,船舶,上海,19980520,600150.SH,20120706,23.09,23.43,22.85,23.34,23.01,0.33,1.43,43686.61,101232.771,0.317,0.8201,0.68,14.2807,17.7623,1.8122,1.1208,1.1418,1.2359,2.2246,137811.7598,137811.7598,53269.3673,3216526.4737,3216526.4737,,,3.275
600150,中国船舶,船舶,上海,19980520,600150.SH,20120705,23.21,23.45,22.85,23.01,23.4,-0.39,-1.67,49075.49,113177.7,0.3561,0.9213,0.7,14.0788,17.5111,1.7866,1.1049,1.1257,1.2536,2.2565,137811.7598,137811.7598,53269.3673,3171048.593,3171048.593,25.75,21.07,3.275
600150,中国船舶,船舶,上海,19980520,600150.SH,20120704,23.65,23.8,23.19,23.4,23.54,-0.14,-0.59,53870.61,126201.789,0.3909,1.0113,0.75,14.3174,17.8079,1.8169,1.1236,1.1448,1.2327,2.2189,137811.7598,137811.7598,53269.3673,3224795.1793,3224795.1793,,,3.275
600150,中国船舶,船舶,上海,19980520,600150.SH,20120703,23.2,23.82,23.15,23.54,23.23,0.31,1.33,89907.35,212178.941,0.6524,1.6878,1.42,14.4031,17.9145,1.8277,1.1304,1.1516,1.2254,2.2057,137811.7598,137811.7598,53269.3673,3244088.8257,3244088.8257,,,3.275
600150,中国船舶,船舶,上海,19980520,600150.SH,20120702,23.1,23.49,22.81,23.23,22.97,0.26,1.13,66444.7,153628.91,0.4821,1.2473,1.03,14.2134,17.6786,1.8037,1.1155,1.1364,1.2418,2.2352,137811.7598,137811.7598,53269.3673,3201367.1802,3201367.1802,,,3.275
600150,中国船舶,船舶,上海,19980520,600150.SH,20120629,22.32,23.19,22.32,22.97,22.69,0.28,1.23,62306.07,142868.647,0.4521,1.1696,0.99,14.0543,17.4807,1.7835,1.103,1.1237,1.2558,2.2605,137811.7598,137811.7598,53269.3673,3165536.1226,3165536.1226,,,3.275
600150,中国船舶,船舶,上海,19980520,600150.SH,20120628,22.57,23.3,22.2,22.69,22.52,0.17,0.75,76089.81,173647.461,0.5521,1.4284,1.35,13.883,17.2676,1.7617,1.0896,1.11,1.2713,2.2884,137811.7598,137811.7598,53269.3673,3126948.8299,3126948.8299,,,3.275
600150,中国船舶,船舶,上海,19980520,600150.SH,20120627,22.35,22.98,22.2,22.52,22.23,0.29,1.3,63489.93,144381.614,0.4607,1.1919,1.22,13.779,17.1382,1.7485,1.0814,1.1017,1.2809,2.3056,137811.7598,137811.7598,53269.3673,3103520.8307,3103520.8307,,,3.275
600150,中国船舶,船舶,上海,19980520,600150.SH,20120626,22.45,22.68,21.77,22.23,22.51,-0.28,-1.24,48664.75,107508.823,0.3531,0.9136,0.95,13.6016,16.9176,1.726,1.0675,1.0875,1.2976,2.3357,137811.7598,137811.7598,53269.3673,3063555.4204,3063555.4204,,,3.275
600150,中国船舶,船舶,上海,19980520,600150.SH,20120625,22.46,23.28,22.41,22.51,22.46,0.05,0.22,72432.4,165743.325,0.5256,1.3597,1.53,13.7729,17.1306,1.7478,1.0809,1.1012,1.2815,2.3067,137811.7598,137811.7598,53269.3673,3102142.7131,3102142.7131,,,3.275
600150,中国船舶,船舶,上海,19980520,600150.SH,20120621,23.0,23.01,22.27,22.46,23.0,-0.54,-2.35,53719.19,121263.143,0.3898,1.0084,1.14,13.7423,17.0926,1.7439,1.0785,1.0988,1.2843,2.3118,137811.7598,137811.7598,53269.3673,3095252.1251,3095252.1251,,,3.275
600150,中国船舶,船舶,上海,19980520,600150.SH,20120620,23.3,23.35,22.99,23.0,23.23,-0.23,-0.99,42921.7,99258.99,0.3115,0.8057,0.81,14.0727,17.5035,1.7858,1.1044,1.1252,1.2542,2.2575,137811.7598,137811.7598,53269.3673,3169670.4754,3169670.4754,,,3.275
600150,中国船舶,船舶,上海,19980520,600150.SH,20120619,23.31,23.5,23.09,23.23,23.3,-0.07,-0.3,43530.99,101354.272,0.3159,0.8172,0.84,14.2134,17.6786,1.8037,1.1155,1.1364,1.2418,2.2352,137811.7598,137811.7598,53269.3673,3201367.1802,3201367.1802,,,3.275
600150,中国船舶,船舶,上海,19980520,600150.SH,20120618,23.35,23.55,23.25,23.3,23.26,0.04,0.17,44053.1,103053.72,0.3197,0.827,0.83,14.2562,17.7318,1.8091,1.1188,1.1399,1.238,2.2285,137811.7598,137811.7598,53269.3673,3211014.0033,3211014.0033,,,3.275
600150,中国船舶,船舶,上海,19980520,600150.SH,20120615,23.34,23.48,22.96,23.26,23.21,0.05,0.22,51990.53,120925.391,0.3773,0.976,1.02,14.2318,17.7014,1.806,1.1169,1.1379,1.2402,2.2323,137811.7598,137811.7598,53269.3673,3205501.5329,3205501.5329,,,3.275
600150,中国船舶,船舶,上海,19980520,600150.SH,20120614,23.38,23.4,23.13,23.21,23.54,-0.33,-1.4,53931.21,125278.842,0.3913,1.0124,1.08,14.2012,17.6634,1.8021,1.1145,1.1355,1.2428,2.2371,137811.7598,137811.7598,53269.3673,3198610.945,3198610.945,,,3.275
600150,中国船舶,船舶,上海,19980520,600150.SH,20120613,23.75,23.95,23.06,23.54,23.79,-0.25,-1.05,70683.19,165572.494,0.5129,1.3269,1.28,14.4031,17.9145,1.8277,1.1304,1.1516,1.2254,2.2057,137811.7598,137811.7598,53269.3673,3244088.8257,3244088.8257,,,3.275
600150,中国船舶,船舶,上海,19980520,600150.SH,20120612,23.65,24.32,23.65,23.79,23.87,-0.08,-0.34,37733.46,90674.67,0.3559,0.9209,0.65,14.556,18.1047,1.8471,1.1424,1.1638,1.2125,2.1826,137811.7598,106009.046,40976.4364,3278541.7656,2521955.2043,,,3.275
600150,中国船舶,船舶,上海,19980520,600150.SH,20120611,30.73,31.48,30.73,31.33,30.74,0.59,1.92,51695.19,161157.615,0.4876,1.2616,0.82,14.7457,18.3407,1.8383,1.1573,1.179,1.1969,1.1969,106009.046,106009.046,40976.4364,3321263.4112,3321263.4112,,,3.275
600150,中国船舶,船舶,上海,19980520,600150.SH,20120608,30.8,30.98,30.5,30.74,30.57,0.17,0.56,40749.1,125446.13,0.3844,0.9945,0.64,14.468,17.9953,1.8037,1.1355,1.1568,1.2199,1.2199,106009.046,106009.046,40976.4364,3258718.074,3258718.074,,,3.275
600150,中国船舶,船舶,上海,19980520,600150.SH,20120607,31.5,31.66,30.41,30.57,31.01,-0.44,-1.42,49492.34,153226.188,0.4669,1.2078,0.77,14.388,17.8958,1.7937,1.1292,1.1504,1.2267,1.2267,106009.046,106009.046,40976.4364,3240696.5362,3240696.5362,,,3.275
600150,中国船舶,船舶,上海,19980520,600150.SH,20120606,30.15,31.95,30.15,31.01,30.04,0.97,3.23,96740.19,301862.284,0.9126,2.3609,1.71,14.5951,18.1533,1.8195,1.1454,1.167,1.2093,1.2093,106009.046,106009.046,40976.4364,3287340.5165,3287340.5165,,,3.275
600150,中国船舶,船舶,上海,19980520,600150.SH,20120605,30.0,30.39,29.81,30.04,30.01,0.03,0.1,51109.77,153543.649,0.4821,1.2473,0.77,14.1386,17.5855,1.7626,1.1096,1.1305,1.2483,1.2483,106009.046,106009.046,40976.4364,3184511.7418,3184511.7418,,,3.275
600150,中国船舶,船舶,上海,19980520,600150.SH,20120604,31.18,31.18,30.0,30.01,31.63,-1.62,-5.12,76113.35,232860.456,0.718,1.8575,1.07,14.1245,17.5679,1.7608,1.1085,1.1293,1.2496,1.2496,106009.046,106009.046,40976.4364,3181331.4705,3181331.4705,,,3.275
600150,中国船舶,船舶,上海,19980520,600150.SH,20120601,31.76,32.2,31.44,31.63,31.76,-0.13,-0.41,44394.04,141326.563,0.4188,1.0834,0.56,14.8869,18.5163,1.8559,1.1683,1.1903,1.1856,1.1856,106009.046,106009.046,40976.4364,3353066.125,3353066.125,,,3.275
600150,中国船舶,船舶,上海,19980520,600150.SH,20120531,31.6,31.97,31.25,31.76,31.71,0.05,0.16,55004.61,173829.736,0.5189,1.3423,0.62,14.9481,18.5924,1.8635,1.1731,1.1952,1.1807,1.1807,106009.046,106009.046,40976.4364,3366847.301,3366847.301,,,3.275
600150,中国船舶,船舶,上海,19980520,600150.SH,20120530,32.08,32.2,31.6,31.71,32.09,-0.38,-1.18,57060.53,181797.761,0.5383,1.3925,0.58,14.9246,18.5631,1.8606,1.1713,1.1933,1.1826,1.1826,106009.046,106009.046,40976.4364,3361546.8487,3361546.8487,,,3.275
600150,中国船舶,船舶,上海,19980520,600150.SH,20120529,31.47,32.2,31.01,32.09,31.46,0.63,2.0,101040.38,322247.266,0.9531,2.4658,0.96,15.1034,18.7856,1.8829,1.1853,1.2076,1.1686,1.1686,106009.046,106009.046,40976.4364,3401830.2861,3401830.2861,,,3.275
600150,中国船舶,船舶,上海,19980520,600150.SH,20120528,31.0,31.55,29.9,31.46,31.52,-0.06,-0.19,97698.17,299237.795,0.9216,2.3843,0.92,14.8069,18.4168,1.8459,1.1621,1.1839,1.192,1.192,106009.046,106009.046,40976.4364,3335044.5872,3335044.5872,,,3.275
600150,中国船舶,船舶,上海,19980520,600150.SH,20120524,31.0,32.17,31.0,31.52,31.29,0.23,0.74,86171.75,273745.955,0.8129,2.103,0.84,14.8351,18.4519,1.8494,1.1643,1.1862,1.1897,1.1897,106009.046,106009.046,40976.4364,3341405.1299,3341405.1299,,,3.275
600150,中国船舶,船舶,上海,19980520,600150.SH,20120523,32.2,32.2,31.13,31.29,32.13,-0.84,-2.61,103512.4,326323.263,0.9764,2.5261,1.09,14.7269,18.3172,1.8359,1.1558,1.1775,1.1985,1.1985,106009.046,106009.046,40976.4364,3317023.0493,3317023.0493,,,3.275
600150,中国船舶,船舶,上海,19980520,600150.SH,20120522,31.8,32.4,31.65,32.13,31.59,0.54,1.71,101892.29,326950.654,0.9612,2.4866,1.17,15.1223,18.809,1.8852,1.1868,1.2091,1.1671,1.1671,106009.046,106009.046,40976.4364,3406070.648,3406070.648,,,3.275
600150,中国船舶,船舶,上海,19980520,600150.SH,20120521,32.63,32.63,31.15,31.59,32.83,-1.24,-3.78,138568.11,439826.688,1.3071,3.3817,1.68,14.8681,18.4929,1.8535,1.1669,1.1888,1.1871,1.1871,106009.046,106009.046,40976.4364,3348825.7631,3348825.7631,,,3.275
600150,中国船舶,船舶,上海,19980520,600150.SH,20120518,33.98,34.05,32.41,32.83,34.28,-1.45,-4.23,99290.8,329362.632,0.9366,2.8164,1.17,15.4517,19.2188,1.9263,1.2127,1.2355,1.1422,1.1422,106009.046,106009.046,35254.4916,3480276.9802,3480276.9802,,,3.275
600150,中国船舶,船舶,上海,19980520,600150.SH,20120517,34.01,34.54,33.67,34.28,34.01,0.27,0.79,67118.33,228883.397,0.6331,1.9038,0.56,16.1342,20.0676,2.0114,1.2662,1.29,1.0939,1.0939,106009.046,106009.046,35254.4916,3633990.0969,3633990.0969,,,3.275
600150,中国船舶,船舶,上海,19980520,600150.SH,20120516,34.86,34.86,34.0,34.01,34.88,-0.87,-2.49,66281.2,227310.307,0.6252,1.8801,0.39,16.0071,19.9095,1.9955,1.2563,1.2799,1.1026,1.1026,106009.046,106009.046,35254.4916,3605367.6545,3605367.6545,,,3.275
600150,中国船舶,船舶,上海,19980520,600150.SH,20120515,34.46,34.97,34.06,34.88,34.51,0.37,1.07,65222.78,226106.474,0.6153,1.8501,0.36,16.4166,20.4188,2.0466,1.2884,1.3126,1.0751,1.0751,106009.046,106009.046,35254.4916,3697595.5245,3697595.5245,,,3.275
600150,中国船舶,船舶,上海,19980520,600150.SH,20120514,35.5,35.6,34.3,34.51,35.11,-0.6,-1.71,113400.37,395221.246,1.0697,3.2166,0.66,16.2424,20.2022,2.0249,1.2747,1.2987,1.0866,1.0866,106009.046,106009.046,35254.4916,3658372.1775,3658372.1775,,,3.275
600150,中国船舶,船舶,上海,19980520,600150.SH,20120511,36.49,36.6,35.02,35.11,36.45,-1.34,-3.68,112700.19,401640.255,1.0631,3.1968,0.67,16.5248,20.5535,2.0601,1.2969,1.3213,1.0681,1.0681,106009.046,106009.046,35254.4916,3721977.6051,3721977.6051,,,3.275
600150,中国船舶,船舶,上海,19980520,600150.SH,20120510,38.48,38.56,36.34,36.45,38.42,-1.97,-5.13,237267.52,877834.809,2.2382,6.7301,1.75,17.1555,21.3379,2.1387,1.3464,1.3717,1.0288,1.0288,106009.046,106009.046,35254.4916,3864029.7267,3864029.7267,,,3.275
600150,中国船舶,船舶,上海,19980520,600150.SH,20120509,37.15,39.5,37.15,38.42,36.94,1.48,4.01,321957.43,1241356.946,3.0371,9.1324,3.43,18.0827,22.4912,2.2543,1.4191,1.4458,0.9761,0.9761,106009.046,106009.046,35254.4916,4072867.5473,4072867.5473,,,3.275
600150,中国船舶,船舶,上海,19980520,600150.SH,20120508,36.79,38.0,36.76,36.94,36.55,0.39,1.07,112668.17,420054.915,1.0628,3.1959,1.15,17.3861,21.6248,2.1674,1.3645,1.3901,1.0152,1.0152,106009.046,106009.046,35254.4916,3915974.1592,3915974.1592,,,3.275
600150,中国船舶,船舶,上海,19980520,600150.SH,20120507,37.01,37.02,36.35,36.55,37.31,-0.76,-2.04,71682.51,262669.849,0.6762,2.0333,0.57,17.2026,21.3965,2.1446,1.3501,1.3754,1.026,1.026,106009.046,106009.046,35254.4916,3874630.6313,3874630.6313,,,3.275
600150,中国船舶,船舶,上海,19980520,600150.SH,20120504,36.59,37.42,36.1,37.31,36.62,0.69,1.88,96614.84,355164.884,0.9114,2.7405,0.72,17.5603,21.8414,2.1891,1.3781,1.404,1.0051,1.0051,106009.046,106009.046,35254.4916,3955197.5063,3955197.5063,,,3.275
600150,中国船舶,船舶,上海,19980520,600150.SH,20120503,36.5,37.05,36.21,36.62,36.81,-0.19,-0.52,73520.07,268945.289,0.6935,2.0854,0.4,17.2355,21.4374,2.1487,1.3527,1.3781,1.024,1.024,106009.046,106009.046,35254.4916,3882051.2645,3882051.2645,,,3.275
600150,中国船舶,船舶,上海,19980520,600150.SH,20120502,38.0,38.26,36.6,36.81,37.04,-0.23,-0.62,114732.37,427026.167,1.0823,3.2544,0.55,17.3249,21.5487,2.1598,1.3597,1.3852,1.0187,1.0187,106009.046,106009.046,35254.4916,3902192.9833,3902192.9833,,,3.275
600150,中国船舶,船舶,上海,19980520,600150.SH,20120427,37.44,38.28,36.86,37.04,37.86,-0.82,-2.17,133094.72,498598.954,1.2555,3.7753,0.68,17.4332,21.6833,2.1733,1.3682,1.3939,1.0124,1.0124,106009.046,106009.046,35254.4916,3926575.0638,3926575.0638,,,3.275
600150,中国船舶,船舶,上海,19980520,600150.SH,20120426,35.5,38.89,34.75,37.86,35.68,2.18,6.11,210748.69,773836.278,1.988,5.9779,1.28,17.8191,22.1633,2.2214,1.3985,1.4247,0.9905,0.9905,106009.046,106009.046,35254.4916,4013502.4816,4013502.4816,,,3.275
600150,中国船舶,船舶,上海,19980520,600150.SH,20120425,35.55,36.35,34.8,35.68,36.04,-0.36,-1.0,135720.41,483805.116,1.2803,3.8497,0.89,16.7931,16.7931,2.1244,1.3179,1.3179,1.051,1.051,106009.046,106009.046,35254.4916,3782402.7613,3782402.7613,,,3.275
600150,中国船舶,船舶,上海,19980520,600150.SH,20120424,36.77,38.78,35.66,36.04,37.04,-1.0,-2.7,314972.9,1170515.427,2.9712,8.9343,3.1,16.9625,16.9625,2.1458,1.3312,1.3312,1.0405,1.0405,106009.046,106009.046,35254.4916,3820566.0178,3820566.0178,,,3.275
600150,中国船舶,船舶,上海,19980520,600150.SH,20120423,34.35,37.04,34.24,37.04,33.67,3.37,10.01,249835.28,898593.019,2.3567,7.0866,3.55,17.4332,17.4332,2.2054,1.3682,1.3682,1.0124,1.0124,106009.046,106009.046,35254.4916,3926575.0638,3926575.0638,,,3.275
600150,中国船舶,船舶,上海,19980520,600150.SH,20120420,32.91,33.7,32.76,33.67,33.01,0.66,2.0,73199.12,243073.888,0.6905,2.0763,1.08,13.6833,14.7216,2.0524,1.1955,1.1987,1.1138,1.1138,106009.046,106009.046,35254.4916,3569324.5788,3569324.5788,,,3.275
600150,中国船舶,船舶,上海,19980520,600150.SH,20120419,33.3,33.49,32.86,33.01,33.33,-0.32,-0.96,51174.22,169753.52,0.4827,1.4516,0.71,13.4151,14.4331,2.0122,1.1721,1.1752,1.136,1.136,106009.046,106009.046,35254.4916,3499358.6085,3499358.6085,,,3.275
600150,中国船舶,船舶,上海,19980520,600150.SH,20120418,32.86,33.43,32.6,33.33,32.47,0.86,2.65,77004.1,255343.6,0.7264,2.1842,1.04,13.5451,14.573,2.0317,1.1835,1.1866,1.1251,1.1251,106009.046,106009.046,35254.4916,3533281.5032,3533281.5032,,,3.275
600150,中国船舶,船舶,上海,19980520,600150.SH,20120417,32.6,33.15,32.18,32.47,32.71,-0.24,-0.73,57187.27,186345.837,0.5395,1.6221,0.75,13.1956,14.1969,1.9792,1.1529,1.156,1.1549,1.1549,106009.046,106009.046,35254.4916,3442113.7236,3442113.7236,,,3.275
600150,中国船舶,船舶,上海,19980520,600150.SH,20120416,33.22,33.28,32.3,32.71,34.0,-1.29,-3.79,92907.13,304673.739,0.8764,2.6353,1.38,13.2932,14.3019,1.9939,1.1615,1.1646,1.1464,1.1464,106009.046,106009.046,35254.4916,3467555.8947,3467555.8947,,,3.275
600150,中国船舶,船舶,上海,19980520,600150.SH,20120413,34.28,34.49,33.78,34.0,34.33,-0.33,-0.96,60720.18,207198.787,0.5728,1.7223,0.87,13.8174,14.8659,2.0725,1.2073,1.2105,1.1029,1.1029,106009.046,106009.046,35254.4916,3604307.564,3604307.564,,,3.275
600150,中国船舶,船舶,上海,19980520,600150.SH,20120412,34.07,34.52,33.7,34.33,34.07,0.26,0.76,74169.82,253780.888,0.6997,2.1038,1.04,13.9515,15.0102,2.0926,1.219,1.2222,1.0923,1.0923,106009.046,106009.046,35254.4916,3639290.5492,3639290.5492,,,3.275
600150,中国船舶,船舶,上海,19980520,600150.SH,20120411,33.02,34.46,32.77,34.07,33.7,0.37,1.1,85633.58,290205.817,0.8078,2.429,1.2,13.8459,14.8965,2.0768,1.2097,1.213,1.1007,1.1007,106009.046,106009.046,35254.4916,3611728.1972,3611728.1972,,,3.275
600150,中国船舶,船舶,上海,19980520,600150.SH,20120410,32.68,33.75,31.21,33.7,32.88,0.82,2.49,66757.53,216882.987,0.6297,1.8936,0.9,13.6955,14.7347,2.0542,1.1966,1.1998,1.1128,1.1128,106009.046,106009.046,35254.4916,3572504.8502,3572504.8502,,,3.275
600150,中国船舶,船舶,上海,19980520,600150.SH,20120409,33.5,33.58,32.8,32.88,33.55,-0.67,-2.0,48814.4,161972.692,0.4605,1.3846,0.59,13.3623,14.3762,2.0042,1.1675,1.1706,1.1405,1.1405,106009.046,106009.046,35254.4916,3485577.4325,3485577.4325,,,3.275
600150,中国船舶,船舶,上海,19980520,600150.SH,20120406,33.7,34.4,33.06,33.55,33.69,-0.14,-0.42,72893.14,246670.088,0.6876,2.0676,0.92,13.6345,14.6692,2.0451,1.1913,1.1945,1.1177,1.1177,106009.046,106009.046,35254.4916,3556603.4933,3556603.4933,,,3.275
600150,中国船舶,船舶,上海,19980520,600150.SH,20120405,32.25,34.0,32.01,33.69,32.25,1.44,4.47,84065.73,278919.833,0.793,2.3845,1.09,13.6914,14.7304,2.0536,1.1962,1.1995,1.1131,1.1131,106009.046,106009.046,35254.4916,3571444.7597,3571444.7597,,,3.275
600150,中国船舶,船舶,上海,19980520,600150.SH,20120330,31.28,32.3,31.27,32.25,31.29,0.96,3.07,83637.04,267259.567,0.789,2.3724,1.03,13.1062,14.1008,1.9658,1.1451,1.1482,1.1628,1.1628,106009.046,106009.046,35254.4916,3418791.7335,3418791.7335,,,3.275
600150,中国船舶,船舶,上海,19980520,600150.SH,20120329,32.05,32.3,31.1,31.29,32.44,-1.15,-3.55,80513.7,255190.749,0.7595,2.2838,0.79,12.7161,13.681,1.9073,1.111,1.114,1.1985,1.1985,106009.046,106009.046,35254.4916,3317023.0493,3317023.0493,,,3.275
600150,中国船舶,船舶,上海,19980520,600150.SH,20120328,34.18,34.18,32.4,32.44,34.38,-1.94,-5.64,95247.65,314519.056,0.8985,2.7017,0.91,13.1834,14.1838,1.9774,1.1519,1.1549,1.156,1.156,106009.046,106009.046,35254.4916,3438933.4522,3438933.4522,,,3.275
600150,中国船舶,船舶,上海,19980520,600150.SH,20120327,34.35,35.09,34.21,34.38,34.24,0.14,0.41,53926.16,186566.032,0.5087,1.5296,0.46,13.9718,15.0321,2.0957,1.2207,1.224,1.0908,1.0908,106009.046,106009.046,35254.4916,3644591.0015,3644591.0015,,,3.275
600150,中国船舶,船舶,上海,19980520,600150.SH,20120326,35.34,35.54,33.91,34.24,35.33,-1.09,-3.09,74025.32,255346.165,0.6983,2.0997,0.59,13.9149,14.9708,2.0871,1.2158,1.219,1.0952,1.0952,106009.046,106009.046,35254.4916,3629749.735,3629749.735,,,3.275
600150,中国船舶,船舶,上海,19980520,600150.SH,20120323,36.16,36.49,35.0,35.33,36.77,-1.44,-3.92,102697.3,365174.153,0.9688,2.913,0.78,14.3579,15.4474,2.1536,1.2545,1.2578,1.0614,1.0614,106009.046,106009.046,35254.4916,3745299.5952,3745299.5952,,,3.275
600150,中国船舶,船舶,上海,19980520,600150.SH,20120322,35.66,37.18,35.66,36.77,35.18,1.59,4.52,182627.48,667717.237,1.7228,5.1803,1.39,14.9431,16.077,2.2414,1.3056,1.3091,1.0199,1.0199,106009.046,106009.046,35254.4916,3897952.6214,3897952.6214,,,3.275
600150,中国船舶,船舶,上海,19980520,600150.SH,20120321,34.85,35.65,34.65,35.18,34.71,0.47,1.35,107958.67,379237.818,1.0184,3.0623,0.67,14.297,15.3818,2.1444,1.2492,1.2525,1.0659,1.0659,106009.046,106009.046,35254.4916,3729398.2383,3729398.2383,,,3.275
600150,中国船舶,船舶,上海,19980520,600150.SH,20120320,35.78,35.8,34.5,34.71,36.07,-1.36,-3.77,116319.35,408164.088,1.0973,3.2994,0.64,14.106,15.1763,2.1158,1.2325,1.2358,1.0804,1.0804,106009.046,106009.046,35254.4916,3679573.9867,3679573.9867,,,3.275
600150,中国船舶,船舶,上海,19980520,600150.SH,20120319,36.15,36.19,35.2,36.07,36.19,-0.12,-0.33,113570.42,406162.304,1.0713,3.2214,0.57,14.6586,15.771,2.1987,1.2808,1.2842,1.0396,1.0396,106009.046,106009.046,35254.4916,3823746.2892,3823746.2892,,,3.275
600150,中国船舶,船舶,上海,19980520,600150.SH,20120316,36.0,36.45,35.02,36.19,36.03,0.16,0.44,136052.58,488099.778,1.2834,3.8592,0.62,14.7074,15.8235,2.206,1.285,1.2885,1.0362,1.0362,106009.046,106009.046,35254.4916,3836467.3747,3836467.3747,,,3.275
600150,中国船舶,船舶,上海,19980520,600150.SH,20120315,35.96,36.54,35.1,36.03,36.01,0.02,0.06,185101.23,665659.698,1.7461,5.2504,0.85,14.6424,15.7535,2.1963,1.2793,1.2828,1.0408,1.0408,106009.046,106009.046,35254.4916,3819505.9274,3819505.9274,,,3.275
600150,中国船舶,船舶,上海,19980520,600150.SH,20120314,38.1,38.2,35.42,36.01,38.07,-2.06,-5.41,255381.03,943838.456,2.409,7.2439,1.14,14.6343,15.7448,2.195,1.2786,1.282,1.0414,1.0414,106009.046,106009.046,35254.4916,3817385.7465,3817385.7465,,,3.275
600150,中国船舶,船舶,上海,19980520,600150.SH,20120313,38.46,39.97,37.67,38.07,38.44,-0.37,-0.96,222737.86,864184.807,2.1011,6.318,1.06,15.4714,16.6455,2.3206,1.3518,1.3554,0.985,0.985,106009.046,106009.046,35254.4916,4035764.3812,4035764.3812,,,3.275
600150,中国船舶,船舶,上海,19980520,600150.SH,20120312,38.0,39.13,37.04,38.44,37.99,0.45,1.18,191665.88,728447.629,1.808,5.4366,0.93,15.6218,16.8072,2.3432,1.3649,1.3686,0.9755,0.9755,106009.046,106009.046,35254.4916,4074987.7282,4074987.7282,,,3.275
600150,中国船舶,船舶,上海,19980520,600150.SH,20120309,36.5,38.65,36.01,37.99,36.34,1.65,4.54,244784.41,918962.722,2.3091,6.9434,1.41,15.4389,16.6105,2.3157,1.3489,1.3525,0.9871,0.9871,106009.046,106009.046,35254.4916,4027283.6575,4027283.6575,,,3.275
600150,中国船舶,船舶,上海,19980520,600150.SH,20120308,36.65,36.75,35.72,36.34,36.63,-0.29,-0.79,178060.96,643667.997,1.6797,5.0507,1.21,14.7684,15.889,2.2151,1.2903,1.2938,1.0319,1.0319,106009.046,106009.046,35254.4916,3852368.7316,3852368.7316,,,3.275
600150,中国船舶,船舶,上海,19980520,600150.SH,20120307,33.7,37.2,33.31,36.63,34.07,2.56,7.51,280457.77,1001695.97,2.6456,7.9552,2.66,14.8862,16.0158,2.2328,1.3006,1.3041,1.0238,1.0238,106009.046,106009.046,35254.4916,3883111.355,3883111.355,,,3.275
600150,中国船舶,船舶,上海,19980520,600150.SH,20120306,33.19,34.48,32.41,34.07,33.18,0.89,2.68,159224.17,532202.933,1.502,4.5164,1.86,13.8459,14.8965,2.0768,1.2097,1.213,1.1007,1.1007,106009.046,106009.046,35254.4916,3611728.1972,3611728.1972,,,3.275
600150,中国船舶,船舶,上海,19980520,600150.SH,20120305,32.02,34.58,32.02,33.18,31.48,1.7,5.4,167643.82,558850.994,1.5814,4.7552,2.39,13.4842,14.5074,2.0225,1.1781,1.1813,1.1302,1.1302,106009.046,106009.046,35254.4916,3517380.1463,3517380.1463,,,3.275
600150,中国船舶,船舶,上海,19980520,600150.SH,20120302,30.4,31.5,30.36,31.48,30.35,1.13,3.72,80348.55,249317.152,0.7579,2.2791,1.2,12.7933,13.7641,1.9189,1.1178,1.1208,1.1912,1.1912,106009.046,106009.046,35254.4916,3337164.7681,3337164.7681,,,3.275
600150,中国船舶,船舶,上海,19980520,600150.SH,20120301,30.04,30.79,29.96,30.35,30.19,0.16,0.53,50538.05,153762.073,0.4767,1.4335,0.75,12.3341,13.27,1.85,1.0777,1.0805,1.2356,1.2356,106009.046,106009.046,35254.4916,3217374.5461,3217374.5461,,,3.275
600150,中国船舶,船舶,上海,19980520,600150.SH,20120229,30.17,30.8,30.0,30.19,30.13,0.06,0.2,70411.63,213853.327,0.6642,1.9972,1.11,12.269,13.2001,1.8403,1.072,1.0748,1.2421,1.2421,106009.046,106009.046,35254.4916,3200413.0987,3200413.0987,,,3.275
600150,中国船舶,船舶,上海,19980520,600150.SH,20120228,29.82,30.23,29.61,30.13,29.84,0.29,0.97,59598.96,178060.239,0.5622,1.6905,1.03,12.2447,13.1738,1.8366,1.0698,1.0727,1.2446,1.2446,106009.046,106009.046,35254.4916,3194052.556,3194052.556,,,3.275
600150,中国船舶,船舶,上海,19980520,600150.SH,20120227,29.66,30.38,29.6,29.84,29.66,0.18,0.61,89241.71,268293.09,0.8418,2.5314,1.87,12.1268,13.047,1.8189,1.0595,1.0624,1.2567,1.2567,106009.046,106009.046,35254.4916,3163309.9326,3163309.9326,,,3.275
600150,中国船舶,船舶,上海,19980520,600150.SH,20120224,29.25,29.79,29.03,29.66,29.22,0.44,1.51,65608.7,192843.941,0.6189,1.861,1.52,12.0537,12.9683,1.808,1.0532,1.056,1.2643,1.2643,106009.046,106009.046,35254.4916,3144228.3044,3144228.3044,,,3.275
600150,中国船舶,船舶,上海,19980520,600150.SH,20120223,29.15,29.37,29.0,29.22,29.21,0.01,0.03,51905.08,151501.178,0.4896,1.4723,1.23,11.8748,12.7759,1.7811,1.0375,1.0403,1.2834,1.2834,106009.046,106009.046,35254.4916,3097584.3241,3097584.3241,,,3.275
600150,中国船舶,船舶,上海,19980520,600150.SH,20120222,28.85,29.25,28.72,29.21,28.87,0.34,1.18,51905.74,150612.512,0.4896,1.4723,1.23,11.8708,12.7716,1.7805,1.0372,1.04,1.2838,1.2838,106009.046,106009.046,35254.4916,3096524.2337,3096524.2337,,,3.275
600150,中国船舶,船舶,上海,19980520,600150.SH,20120221,28.83,29.05,28.39,28.87,28.8,0.07,0.24,31048.98,89066.401,0.2929,0.8807,0.71,11.7326,12.6229,1.7598,1.0251,1.0278,1.2989,1.2989,106009.046,106009.046,35254.4916,3060481.158,3060481.158,,,3.275
600150,中国船舶,船舶,上海,19980520,600150.SH,20120220,29.3,29.31,28.79,28.8,28.79,0.01,0.03,38414.3,111550.654,0.3624,1.0896,0.92,11.7042,12.5923,1.7555,1.0226,1.0254,1.3021,1.3021,106009.046,106009.046,35254.4916,3053060.5248,3053060.5248,,,3.275
600150,中国船舶,船舶,上海,19980520,600150.SH,20120217,28.97,29.16,28.6,28.79,28.66,0.13,0.45,42525.04,122808.663,0.4011,1.2062,1.05,11.7001,12.5879,1.7549,1.0223,1.025,1.3025,1.3025,106009.046,106009.046,35254.4916,3052000.4343,3052000.4343,,,3.275
600150,中国船舶,船舶,上海,19980520,600150.SH,20120216,28.84,29.19,28.35,28.66,29.0,-0.34,-1.17,46630.46,134043.862,0.4399,1.3227,1.2,11.6473,12.5311,1.747,1.0176,1.0204,1.3084,1.3084,106009.046,106009.046,35254.4916,3038219.2584,3038219.2584,,,3.275
600150,中国船舶,船舶,上海,19980520,600150.SH,20120215,28.43,29.13,28.17,29.0,28.44,0.56,1.97,51921.11,149401.125,0.4898,1.4728,1.49,11.7854,12.6797,1.7677,1.0297,1.0325,1.2931,1.2931,106009.046,106009.046,35254.4916,3074262.334,3074262.334,,,3.275
600150,中国船舶,船舶,上海,19980520,600150.SH,20120214,28.15,28.65,28.07,28.44,28.2,0.24,0.85,38672.73,109843.918,0.3648,1.097,1.18,11.5579,12.4349,1.7336,1.0098,1.0125,1.3186,1.3186,106009.046,106009.046,35254.4916,3014897.2682,3014897.2682,,,3.275
600150,中国船舶,船舶,上海,19980520,600150.SH,20120213,28.0,28.49,27.79,28.2,28.22,-0.02,-0.07,28781.81,81081.126,0.2715,0.8164,0.87,11.4603,12.33,1.719,1.0013,1.004,1.3298,1.3298,106009.046,106009.046,35254.4916,2989455.0972,2989455.0972,,,3.275
600150,中国船舶,船舶,上海,19980520,600150.SH,20120210,28.2,28.58,28.12,28.22,28.31,-0.09,-0.32,37426.06,105965.324,0.353,1.0616,1.07,11.4685,12.3387,1.7202,1.002,1.0047,1.3288,1.3288,106009.046,106009.046,35254.4916,2991575.2781,2991575.2781,,,3.275
600150,中国船舶,船舶,上海,19980520,600150.SH,20120209,28.4,28.44,28.03,28.31,28.21,0.1,0.35,37777.62,106775.326,0.3564,1.0716,1.14,11.505,12.3781,1.7257,1.0052,1.0079,1.3246,1.3246,106009.046,106009.046,35254.4916,3001116.0923,3001116.0923,,,3.275
600150,中国船舶,船舶,上海,19980520,600150.SH,20120208,27.51,28.33,27.5,28.21,27.6,0.61,2.21,31778.49,88770.562,0.2998,0.9014,0.97,11.4644,12.3343,1.7196,1.0017,1.0043,1.3293,1.3293,106009.046,106009.046,35254.4916,2990515.1877,2990515.1877,,,3.275
600150,中国船舶,船舶,上海,19980520,600150.SH,20120207,28.18,28.18,27.43,27.6,28.3,-0.7,-2.47,28574.29,79108.107,0.2695,0.8105,0.87,11.2165,12.0676,1.6824,0.98,0.9826,1.3587,1.3587,106009.046,106009.046,35254.4916,2925849.6696,2925849.6696,,,3.275
600150,中国船舶,船舶,上海,19980520,600150.SH,20120206,28.6,28.6,28.1,28.3,28.41,-0.11,-0.39,30006.25,84842.017,0.2831,0.8511,0.86,11.501,12.3737,1.7251,1.0049,1.0076,1.3251,1.3251,106009.046,106009.046,35254.4916,3000056.0018,3000056.0018,,,3.275
600150,中国船舶,船舶,上海,19980520,600150.SH,20120203,27.97,28.59,27.97,28.41,27.93,0.48,1.72,47299.31,134286.54,0.4462,1.3417,1.15,11.5457,12.4218,1.7318,1.0088,1.0115,1.32,1.32,106009.046,106009.046,35254.4916,3011716.9969,3011716.9969,,,3.275
600150,中国船舶,船舶,上海,19980520,600150.SH,20120202,27.65,27.98,27.42,27.93,27.53,0.4,1.45,27977.19,77654.193,0.2639,0.7936,0.64,11.3506,12.2119,1.7025,0.9917,0.9944,1.3426,1.3426,106009.046,106009.046,35254.4916,2960832.6548,2960832.6548,,,3.275
600150,中国船舶,船舶,上海,19980520,600150.SH,20120201,28.0,28.37,27.38,27.53,28.22,-0.69,-2.45,30748.19,85522.374,0.2901,0.8722,0.65,11.188,12.037,1.6781,0.9775,0.9801,1.3622,1.3622,106009.046,106009.046,35254.4916,2918429.0364,2918429.0364,,,3.275
600150,中国船舶,船舶,上海,19980520,600150.SH,20120131,27.61,28.23,27.51,28.22,27.7,0.52,1.88,28114.27,78477.389,0.2652,0.7975,0.56,11.4685,12.3387,1.7202,1.002,1.0047,1.3288,1.3288,106009.046,106009.046,35254.4916,2991575.2781,2991575.2781,,,3.275
600150,中国船舶,船舶,上海,19980520,600150.SH,20120130,28.42,28.47,27.69,27.7,28.47,-0.77,-2.7,40240.35,112600.285,0.3796,1.1414,0.86,11.2571,12.1113,1.6885,0.9836,0.9862,1.3538,1.3538,106009.046,106009.046,35254.4916,2936450.5742,2936450.5742,,,3.275
600150,中国船舶,船舶,上海,19980520,600150.SH,20120120,27.68,28.85,27.6,28.47,27.44,1.03,3.75,78832.24,223712.647,0.7436,2.2361,2.15,11.5701,12.448,1.7354,1.0109,1.0136,1.3172,1.3172,106009.046,106009.046,35254.4916,3018077.5396,3018077.5396,,,3.275
600150,中国船舶,船舶,上海,19980520,600150.SH,20120119,27.04,27.6,26.86,27.44,27.04,0.4,1.48,42322.86,115760.818,0.3992,1.2005,1.18,11.1515,11.9977,1.6726,0.9743,0.9769,1.3666,1.3666,106009.046,106009.046,35254.4916,2908888.2222,2908888.2222,,,3.275
600150,中国船舶,船舶,上海,19980520,600150.SH,20120118,27.15,27.69,27.0,27.04,27.32,-0.28,-1.02,45415.5,124135.938,0.4284,1.2882,1.23,10.9889,11.8228,1.6483,0.9601,0.9627,1.3868,1.3868,106009.046,106009.046,35254.4916,2866484.6038,2866484.6038,,,3.275
600150,中国船舶,船舶,上海,19980520,600150.SH,20120117,25.91,27.36,25.71,27.32,25.81,1.51,5.85,44996.42,120446.735,0.4245,1.2763,1.16,11.1027,11.9452,1.6653,0.9701,0.9727,1.3726,1.3726,106009.046,106009.046,35254.4916,2896167.1367,2896167.1367,,,3.275
600150,中国船舶,船舶,上海,19980520,600150.SH,20120116,26.3,26.6,25.72,25.81,26.3,-0.49,-1.86,21201.42,55536.881,0.2,0.6014,0.5,10.489,11.285,1.5733,0.9164,0.9189,1.4529,1.4529,106009.046,106009.046,35254.4916,2736093.4773,2736093.4773,,,3.275
600150,中国船舶,船舶,上海,19980520,600150.SH,20120113,27.0,27.16,26.22,26.3,27.0,-0.7,-2.59,29545.98,78347.635,0.2787,0.8381,0.73,10.6882,11.4992,1.6031,0.9338,0.9363,1.4259,1.4259,106009.046,106009.046,35254.4916,2788037.9098,2788037.9098,,,3.275
600150,中国船舶,船舶,上海,19980520,600150.SH,20120112,26.7,27.54,26.6,27.0,26.98,0.02,0.07,38125.1,103609.003,0.3596,1.0814,1.02,10.9727,11.8053,1.6458,0.9587,0.9613,1.3889,1.3889,106009.046,106009.046,35254.4916,2862244.242,2862244.242,,,3.275
600150,中国船舶,船舶,上海,19980520,600150.SH,20120111,27.3,27.5,26.86,26.98,27.3,-0.32,-1.17,50357.69,136471.916,0.475,1.4284,1.56,10.9645,11.7965,1.6446,0.958,0.9606,1.3899,1.3899,106009.046,106009.046,35254.4916,2860124.0611,2860124.0611,,,3.275
600150,中国船舶,船舶,上海,19980520,600150.SH,20120110,26.35,27.38,26.15,27.3,26.28,1.02,3.88,55024.0,147691.502,0.5191,1.5608,2.19,11.0946,11.9365,1.6641,0.9694,0.972,1.3736,1.3736,106009.046,106009.046,35254.4916,2894046.9558,2894046.9558,,,3.275
600150,中国船舶,船舶,上海,19980520,600150.SH,20120109,25.35,26.35,25.27,26.28,25.25,1.03,4.08,38244.4,98977.448,0.3608,1.0848,1.7,10.68,11.4905,1.6019,0.9331,0.9356,1.4269,1.4269,106009.046,106009.046,35254.4916,2785917.7289,2785917.7289,,,3.275
600150,中国船舶,船舶,上海,19980520,600150.SH,20120106,24.99,25.33,24.61,25.25,24.97,0.28,1.12,19449.95,48539.727,0.1835,0.5517,0.87,10.2615,11.0401,1.5391,0.8966,0.899,1.4851,1.4851,106009.046,106009.046,35254.4916,2676728.4115,2676728.4115,,,3.275
600150,中国船舶,船舶,上海,19980520,600150.SH,20120105,25.58,25.79,24.9,24.97,25.63,-0.66,-2.58,24495.83,61930.266,0.2311,0.6948,1.18,10.1477,10.9177,1.5221,0.8866,0.889,1.5018,1.5018,106009.046,106009.046,35254.4916,2647045.8786,2647045.8786,,,3.275
600150,中国船舶,船舶,上海,19980520,600150.SH,20120104,26.23,26.6,25.6,25.63,25.9,-0.27,-1.04,24444.17,63952.752,0.2306,0.6934,1.29,10.4159,11.2063,1.5623,0.9101,0.9125,1.4631,1.4631,106009.046,106009.046,35254.4916,2717011.849,2717011.849,,,3.275
600150,中国船舶,船舶,上海,19980520,600150.SH,20111230,25.63,26.04,25.61,25.9,25.58,0.32,1.25,18779.11,48651.108,0.1771,0.5327,0.96,10.5256,11.3243,1.5788,0.9196,0.9221,1.9305,1.4479,106009.046,106009.046,35254.4916,2745634.2914,2745634.2914,,,3.275
600150,中国船舶,船舶,上海,19980520,600150.SH,20111229,25.39,26.21,25.18,25.58,25.46,0.12,0.47,25554.84,65699.382,0.2411,0.7249,1.3,10.3956,11.1844,1.5593,0.9083,0.9107,1.9547,1.466,106009.046,106009.046,35254.4916,2711711.3967,2711711.3967,,,3.275
600150,中国船舶,船舶,上海,19980520,600150.SH,20111228,25.62,25.63,24.99,25.46,25.63,-0.17,-0.66,17914.01,45174.535,0.169,0.5081,0.83,10.3468,11.1319,1.5519,0.904,0.9064,1.9639,1.4729,106009.046,106009.046,35254.4916,2698990.3112,2698990.3112,,,3.275
600150,中国船舶,船舶,上海,19980520,600150.SH,20111227,25.57,26.01,25.5,25.63,25.64,-0.01,-0.04,16774.48,43174.824,0.1582,0.4758,0.72,10.4159,11.2063,1.5623,0.9101,0.9125,1.9508,1.4631,106009.046,106009.046,35254.4916,2717011.849,2717011.849,,,3.275
600150,中国船舶,船舶,上海,19980520,600150.SH,20111226,25.8,26.19,25.6,25.64,25.89,-0.25,-0.97,15815.18,40978.926,0.1492,0.4486,0.54,10.42,11.2106,1.5629,0.9104,0.9128,1.9501,1.4626,106009.046,106009.046,35254.4916,2718071.9394,2718071.9394,,,3.275
600150,中国船舶,船舶,上海,19980520,600150.SH,20111223,25.45,26.5,25.45,25.89,25.48,0.41,1.61,21568.62,55881.091,0.2035,0.6118,0.69,10.5216,11.32,1.5782,0.9193,0.9218,1.9312,1.4484,106009.046,106009.046,35254.4916,2744574.2009,2744574.2009,,,3.275
600150,中国船舶,船舶,上海,19980520,600150.SH,20111222,25.5,25.79,24.81,25.48,25.64,-0.16,-0.62,26353.02,66940.093,0.2486,0.7475,0.71,10.3549,11.1407,1.5532,0.9047,0.9072,1.9623,1.4717,106009.046,106009.046,35254.4916,2701110.4921,2701110.4921,,,3.275
600150,中国船舶,船舶,上海,19980520,600150.SH,20111221,26.3,26.52,25.6,25.64,25.95,-0.31,-1.19,27319.68,71478.007,0.2577,0.7749,0.69,10.42,11.2106,1.5629,0.9104,0.9128,1.9501,1.4626,106009.046,106009.046,35254.4916,2718071.9394,2718071.9394,,,3.275
600150,中国船舶,船舶,上海,19980520,600150.SH,20111220,26.25,26.47,25.93,25.95,26.48,-0.53,-2.0,25153.17,65879.568,0.2373,0.7135,0.58,10.5459,11.3462,1.5818,0.9214,0.9239,1.9268,1.4451,106009.046,106009.046,35254.4916,2750934.7437,2750934.7437,,,3.275
600150,中国船舶,船舶,上海,19980520,600150.SH,20111219,25.85,26.58,25.05,26.48,26.08,0.4,1.53,45435.16,117965.191,0.4286,1.2888,1.18,10.7613,11.5779,1.6141,0.9402,0.9428,1.8882,1.4162,106009.046,106009.046,35254.4916,2807119.5381,2807119.5381,,,3.275
600150,中国船舶,船舶,上海,19980520,600150.SH,20111216,25.55,26.14,25.01,26.08,25.55,0.53,2.07,32967.36,84705.445,0.311,0.9351,0.92,10.5988,11.403,1.5897,0.926,0.9285,1.9172,1.4379,106009.046,106009.046,35254.4916,2764715.9197,2764715.9197,,,3.275
600150,中国船舶,船舶,上海,19980520,600150.SH,20111215,26.88,26.88,25.4,25.55,26.92,-1.37,-5.09,55907.96,144741.95,0.5274,1.5858,1.74,10.3834,11.1713,1.5574,0.9072,0.9096,1.9569,1.4677,106009.046,106009.046,35254.4916,2708531.1253,2708531.1253,,,3.275
600150,中国船舶,船舶,上海,19980520,600150.SH,20111214,28.1,28.17,26.88,26.92,28.15,-1.23,-4.37,38463.84,105723.053,0.3628,1.091,1.15,10.9401,11.7703,1.6409,0.9559,0.9584,1.8574,1.393,106009.046,106009.046,35254.4916,2853763.5183,2853763.5183,,,3.275
600150,中国船舶,船舶,上海,19980520,600150.SH,20111213,29.46,29.46,28.0,28.15,29.58,-1.43,-4.83,45821.36,130859.9,0.4322,1.2997,1.54,11.44,12.3081,1.7159,0.9995,1.0022,1.7762,1.3321,106009.046,106009.046,35254.4916,2984154.6449,2984154.6449,,,3.275
600150,中国船舶,船舶,上海,19980520,600150.SH,20111212,29.91,30.14,29.49,29.58,29.76,-0.18,-0.6,18991.49,56666.725,0.1791,0.5387,0.58,12.0211,12.9333,1.8031,1.0503,1.0531,1.6903,1.2677,106009.046,106009.046,35254.4916,3135747.5807,3135747.5807,,,3.275
600150,中国船舶,船舶,上海,19980520,600150.SH,20111209,29.8,30.07,29.68,29.76,30.04,-0.28,-0.93,20186.18,60187.862,0.1904,0.5726,0.54,12.0943,13.012,1.8141,1.0567,1.0595,1.6801,1.2601,106009.046,106009.046,35254.4916,3154829.209,3154829.209,,,3.275
600150,中国船舶,船舶,上海,19980520,600150.SH,20111208,30.4,30.45,29.6,30.04,30.58,-0.54,-1.77,37238.37,111381.912,0.3513,1.0563,0.93,12.2081,13.1345,1.8311,1.0666,1.0695,1.6644,1.2483,106009.046,106009.046,35254.4916,3184511.7418,3184511.7418,,,3.275
600150,中国船舶,船舶,上海,19980520,600150.SH,20111207,30.24,31.3,30.11,30.58,30.01,0.57,1.9,44567.53,137157.488,0.4204,1.2642,1.08,12.4275,13.3706,1.864,1.0858,1.0887,1.6351,1.2263,106009.046,106009.046,35254.4916,3241756.6267,3241756.6267,,,3.275
600150,中国船舶,船舶,上海,19980520,600150.SH,20111206,30.05,30.29,29.77,30.01,30.01,0.0,0.0,27685.65,82988.959,0.2612,0.7853,0.57,12.1959,13.1214,1.8293,1.0656,1.0684,1.6661,1.2496,106009.046,106009.046,35254.4916,3181331.4705,3181331.4705,,,3.275
600150,中国船舶,船舶,上海,19980520,600150.SH,20111205,30.9,31.0,29.95,30.01,31.0,-0.99,-3.19,34567.73,104266.926,0.3261,0.9805,0.69,12.1959,13.1214,1.8293,1.0656,1.0684,1.6661,1.2496,106009.046,106009.046,35254.4916,3181331.4705,3181331.4705,,,3.275
600150,中国船舶,船舶,上海,19980520,600150.SH,20111202,31.13,31.79,30.7,31.0,31.3,-0.3,-0.96,41823.07,130592.634,0.3945,1.1863,0.89,12.5982,13.5542,1.8896,1.1007,1.1037,1.6129,1.2097,106009.046,106009.046,35254.4916,3286280.426,3286280.426,,,3.275
600150,中国船舶,船舶,上海,19980520,600150.SH,20111201,31.48,32.08,31.03,31.3,30.57,0.73,2.39,51698.64,163418.896,0.4877,1.4664,1.26,12.7201,13.6854,1.9079,1.1114,1.1144,1.5974,1.1981,106009.046,106009.046,35254.4916,3318083.1398,3318083.1398,,,3.275
600150,中国船舶,船舶,上海,19980520,600150.SH,20111130,31.81,31.82,30.41,30.57,32.12,-1.55,-4.83,51141.91,158734.362,0.4824,1.4506,1.49,12.4235,13.3662,1.8634,1.0855,1.0884,1.6356,1.2267,106009.046,106009.046,35254.4916,3240696.5362,3240696.5362,,,3.275
600150,中国船舶,船舶,上海,19980520,600150.SH,20111129,30.43,32.63,30.19,32.12,30.14,1.98,6.57,65459.82,206625.902,0.6175,1.8568,2.43,13.0534,14.0439,1.9579,1.1405,1.1436,1.5567,1.1675,106009.046,106009.046,35254.4916,3405010.5575,3405010.5575,,,3.275
600150,中国船舶,船舶,上海,19980520,600150.SH,20111128,31.01,31.15,30.0,30.14,30.98,-0.84,-2.71,40979.08,125089.254,0.3866,1.1624,1.76,12.2487,13.1782,1.8372,1.0702,1.0731,1.6589,1.2442,106009.046,106009.046,35254.4916,3195112.6464,3195112.6464,,,3.275
600150,中国船舶,船舶,上海,19980520,600150.SH,20111125,31.29,31.29,30.8,30.98,31.3,-0.32,-1.02,26003.29,80667.541,0.2453,0.7376,0.95,12.5901,13.5455,1.8884,1.1,1.103,1.6139,1.2105,106009.046,106009.046,35254.4916,3284160.2451,3284160.2451,,,3.275
600150,中国船舶,船舶,上海,19980520,600150.SH,20111124,31.04,31.51,30.93,31.3,31.39,-0.09,-0.29,21544.21,67171.232,0.2032,0.6111,0.71,12.7201,13.6854,1.9079,1.1114,1.1144,1.5974,1.1981,106009.046,106009.046,35254.4916,3318083.1398,3318083.1398,,,3.275
600150,中国船舶,船舶,上海,19980520,600150.SH,20111123,31.46,31.62,31.07,31.39,31.44,-0.05,-0.16,17678.95,55548.199,0.1668,0.5015,0.51,12.7567,13.7247,1.9134,1.1146,1.1176,1.5929,1.1946,106009.046,106009.046,35254.4916,3327623.9539,3327623.9539,,,3.275
600150,中国船舶,船舶,上海,19980520,600150.SH,20111122,31.61,31.85,31.03,31.44,31.9,-0.46,-1.44,28336.13,89003.5,0.2673,0.8038,0.82,12.777,13.7466,1.9165,1.1164,1.1193,1.5903,1.1927,106009.046,106009.046,35254.4916,3332924.4062,3332924.4062,,,3.275
600150,中国船舶,船舶,上海,19980520,600150.SH,20111121,31.9,32.29,31.63,31.9,31.98,-0.08,-0.25,22742.16,72402.625,0.2145,0.6451,0.64,12.964,13.9477,1.9445,1.1327,1.1357,1.5674,1.1755,106009.046,106009.046,35254.4916,3381688.5674,3381688.5674,,,3.275
600150,中国船舶,船舶,上海,19980520,600150.SH,20111118,32.4,32.5,31.6,31.98,32.69,-0.71,-2.17,47158.41,150917.532,0.4449,1.3377,1.48,12.9965,13.9827,1.9494,1.1355,1.1386,1.5635,1.1726,106009.046,106009.046,35254.4916,3390169.2911,3390169.2911,,,3.275
600150,中国船舶,船舶,上海,19980520,600150.SH,20111117,33.09,33.35,32.58,32.69,32.99,-0.3,-0.91,35230.05,115788.836,0.3323,0.9993,1.15,13.285,14.2931,1.9927,1.1607,1.1638,1.5295,1.1471,106009.046,106009.046,35254.4916,3465435.7137,3465435.7137,,,3.275
600150,中国船舶,船舶,上海,19980520,600150.SH,20111116,34.14,34.2,32.81,32.99,34.12,-1.13,-3.31,38904.08,129981.587,0.367,1.1035,1.41,13.407,14.4243,2.0109,1.1714,1.1745,1.5156,1.1367,106009.046,106009.046,35254.4916,3497238.4275,3497238.4275,,,3.275
600150,中国船舶,船舶,上海,19980520,600150.SH,20111115,34.38,34.38,33.99,34.12,34.35,-0.23,-0.67,28214.84,96359.721,0.2662,0.8003,1.02,13.8662,14.9184,2.0798,1.2115,1.2148,1.4654,1.0991,106009.046,106009.046,35254.4916,3617028.6495,3617028.6495,,,3.275
600150,中国船舶,船舶,上海,19980520,600150.SH,20111114,33.82,34.36,33.82,34.35,33.54,0.81,2.42,28764.3,98214.87,0.2713,0.8159,0.99,13.9597,15.0189,2.0938,1.2197,1.2229,1.4556,1.0917,106009.046,106009.046,35254.4916,3641410.7301,3641410.7301,,,2.495
600150,中国船舶,船舶,上海,19980520,600150.SH,20111111,34.08,34.4,33.4,33.54,34.03,-0.49,-1.44,27873.24,94122.689,0.2629,0.7906,0.78,13.6305,14.6648,2.0445,1.1909,1.1941,1.4908,1.1181,106009.046,106009.046,35254.4916,3555543.4028,3555543.4028,,,2.495
600150,中国船舶,船舶,上海,19980520,600150.SH,20111110,34.49,34.52,34.0,34.03,34.75,-0.72,-2.07,29628.06,101247.309,0.2795,0.8404,0.72,13.8296,14.879,2.0743,1.2083,1.2116,1.4693,1.102,106009.046,106009.046,35254.4916,3607487.8354,3607487.8354,,,2.495
600150,中国船舶,船舶,上海,19980520,600150.SH,20111109,34.51,34.79,34.12,34.75,34.33,0.42,1.22,23296.72,80433.526,0.2198,0.6608,0.49,14.1222,15.1938,2.1182,1.2339,1.2372,1.4388,1.0791,106009.046,106009.046,35254.4916,3683814.3485,3683814.3485,,,2.495
600150,中国船舶,船舶,上海,19980520,600150.SH,20111108,34.53,35.27,34.3,34.33,34.57,-0.24,-0.69,28274.21,98186.133,0.2667,0.802,0.57,13.9515,15.0102,2.0926,1.219,1.2222,1.4565,1.0923,106009.046,106009.046,35254.4916,3639290.5492,3639290.5492,,,2.495
600150,中国船舶,船舶,上海,19980520,600150.SH,20111107,35.3,35.3,34.56,34.57,35.42,-0.85,-2.4,35670.05,124276.426,0.3365,1.0118,0.68,14.0491,15.1151,2.1073,1.2275,1.2308,1.4463,1.0848,106009.046,106009.046,35254.4916,3664732.7202,3664732.7202,,,2.495
600150,中国船舶,船舶,上海,19980520,600150.SH,20111104,34.89,35.81,34.6,35.42,34.57,0.85,2.46,60675.28,213567.92,0.5724,1.7211,1.17,14.3945,15.4868,2.1591,1.2577,1.261,1.4116,1.0587,106009.046,106009.046,35254.4916,3754840.4093,3754840.4093,,,2.495
600150,中国船舶,船舶,上海,19980520,600150.SH,20111103,34.53,34.96,34.3,34.57,34.31,0.26,0.76,59167.58,205341.704,0.5581,1.6783,1.08,14.0491,15.1151,2.1073,1.2275,1.2308,1.4463,1.0848,106009.046,106009.046,35254.4916,3664732.7202,3664732.7202,,,2.495
600150,中国船舶,船舶,上海,19980520,600150.SH,20111102,33.8,34.32,33.1,34.31,34.17,0.14,0.41,51930.62,174537.706,0.4899,1.473,0.92,13.9434,15.0015,2.0914,1.2183,1.2215,1.4573,1.093,106009.046,106009.046,35254.4916,3637170.3683,3637170.3683,,,2.495
600150,中国船舶,船舶,上海,19980520,600150.SH,20111101,34.1,34.99,34.1,34.17,34.66,-0.49,-1.41,40823.54,140523.283,0.3851,1.158,0.7,13.8865,14.9402,2.0829,1.2133,1.2165,1.4633,1.0975,106009.046,106009.046,35254.4916,3622329.1018,3622329.1018,,,2.495
600150,中国船舶,船舶,上海,19980520,600150.SH,20111031,34.95,35.47,34.35,34.66,34.88,-0.22,-0.63,50716.83,177398.136,0.4784,1.4386,0.91,14.0856,15.1545,2.1127,1.2307,1.234,1.4426,1.0819,106009.046,106009.046,35254.4916,3674273.5344,3674273.5344,,,2.495
600150,中国船舶,船舶,上海,19980520,600150.SH,20111028,34.99,35.5,34.81,34.88,34.69,0.19,0.55,55677.29,195351.924,0.5252,1.5793,1.12,14.175,15.2507,2.1262,1.2385,1.2418,1.4335,1.0751,106009.046,106009.046,35254.4916,3697595.5245,3697595.5245,,,2.495
600150,中国船舶,船舶,上海,19980520,600150.SH,20111027,34.2,34.94,33.8,34.69,34.45,0.24,0.7,74364.04,255826.01,0.7015,2.1093,1.69,14.0978,15.1676,2.1146,1.2318,1.2351,1.4413,1.081,106009.046,106009.046,35254.4916,3677453.8057,3677453.8057,,,2.495
600150,中国船舶,船舶,上海,19980520,600150.SH,20111026,33.65,34.6,33.55,34.45,33.9,0.55,1.62,59296.77,202937.025,0.5594,1.682,1.38,14.0003,13.8196,2.1694,1.2232,1.1682,1.4514,1.0885,106009.046,106009.046,35254.4916,3652011.6347,3652011.6347,,,2.495
600150,中国船舶,船舶,上海,19980520,600150.SH,20111025,33.24,34.24,32.98,33.9,33.44,0.46,1.38,51745.52,174397.119,0.4881,1.4678,1.11,13.7768,13.599,2.1348,1.2037,1.1495,1.4749,1.1062,106009.046,106009.046,35254.4916,3593706.6594,3593706.6594,,,2.495
600150,中国船舶,船舶,上海,19980520,600150.SH,20111024,31.7,33.66,31.11,33.44,31.61,1.83,5.79,37991.49,123606.927,0.3584,1.0776,0.87,13.5898,13.4144,2.1058,1.1874,1.1339,1.4952,1.1214,106009.046,106009.046,35254.4916,3544942.4982,3544942.4982,,,2.495
600150,中国船舶,船舶,上海,19980520,600150.SH,20111021,32.62,32.69,31.58,31.61,32.63,-1.02,-3.13,25354.42,81131.374,0.2392,0.7192,0.59,12.8461,12.6803,1.9906,1.1224,1.0719,1.5818,1.1863,106009.046,106009.046,35254.4916,3350945.9441,3350945.9441,,,2.495
600150,中国船舶,船舶,上海,19980520,600150.SH,20111020,33.5,33.68,31.99,32.63,33.93,-1.3,-3.83,45314.68,147972.959,0.4275,1.2854,1.1,13.2607,13.0895,2.0548,1.1586,1.1065,1.5323,1.1492,106009.046,106009.046,35254.4916,3459075.171,3459075.171,,,2.495
600150,中国船舶,船舶,上海,19980520,600150.SH,20111019,33.3,34.3,33.25,33.93,33.4,0.53,1.59,54716.49,185310.167,0.5161,1.552,1.38,13.789,13.611,2.1367,1.2048,1.1505,1.4736,1.1052,106009.046,106009.046,35254.4916,3596886.9308,3596886.9308,,,2.495
600150,中国船舶,船舶,上海,19980520,600150.SH,20111018,32.9,34.62,32.13,33.4,32.9,0.5,1.52,68923.36,230824.204,0.6502,1.955,2.27,13.5736,13.3984,2.1033,1.186,1.1326,1.497,1.1228,106009.046,106009.046,35254.4916,3540702.1364,3540702.1364,,,2.495
600150,中国船舶,船舶,上海,19980520,600150.SH,20111017,32.71,33.3,32.7,32.9,32.7,0.2,0.61,23941.62,79089.085,0.2258,0.6791,0.82,13.3704,13.1978,2.0718,1.1682,1.1156,1.5198,1.1398,106009.046,106009.046,35254.4916,3487697.6134,3487697.6134,,,2.495
600150,中国船舶,船舶,上海,19980520,600150.SH,20111014,32.89,33.0,32.41,32.7,32.98,-0.28,-0.85,21777.51,71208.479,0.2054,0.6177,0.76,13.2891,13.1176,2.0592,1.1611,1.1088,1.5291,1.1468,106009.046,106009.046,35254.4916,3466495.8042,3466495.8042,,,2.495
600150,中国船舶,船舶,上海,19980520,600150.SH,20111013,32.68,33.15,32.33,32.98,32.85,0.13,0.4,36302.0,119412.765,0.3424,1.0297,1.27,13.4029,13.2299,2.0768,1.171,1.1183,1.5161,1.1371,106009.046,106009.046,35254.4916,3496178.3371,3496178.3371,,,2.495
600150,中国船舶,船舶,上海,19980520,600150.SH,20111012,31.41,33.06,31.0,32.85,31.41,1.44,4.58,47584.83,155210.943,0.4489,1.3498,1.91,13.3501,13.1778,2.0686,1.1664,1.1139,1.5221,1.1416,106009.046,106009.046,35254.4916,3482397.1611,3482397.1611,,,2.495
600150,中国船舶,船舶,上海,19980520,600150.SH,20111011,31.9,32.19,31.0,31.41,31.21,0.2,0.64,22496.96,71111.033,0.2122,0.6381,0.85,12.7649,12.6001,1.978,1.1153,1.0651,1.5918,1.1939,106009.046,106009.046,35254.4916,3329744.1349,3329744.1349,,,2.495
600150,中国船舶,船舶,上海,19980520,600150.SH,20111010,31.35,31.66,31.1,31.21,31.25,-0.04,-0.13,17969.07,56329.588,0.1695,0.5097,0.63,12.6836,12.5199,1.9654,1.1082,1.0583,1.6021,1.2015,106009.046,106009.046,35254.4916,3308542.3257,3308542.3257,,,2.495
600150,中国船舶,船舶,上海,19980520,600150.SH,20110930,31.29,31.4,30.8,31.25,31.04,0.21,0.68,19730.29,61422.522,0.1861,0.5597,0.65,12.6998,12.5359,1.9679,1.1096,1.0597,1.6,1.2,106009.046,106009.046,35254.4916,3312782.6875,3312782.6875,,,2.495
600150,中国船舶,船舶,上海,19980520,600150.SH,20110929,31.94,31.94,30.9,31.04,32.1,-1.06,-3.3,35696.72,111970.056,0.3367,1.0125,1.19,12.6145,12.4517,1.9547,1.1022,1.0525,1.6108,1.2081,106009.046,106009.046,35254.4916,3290520.7878,3290520.7878,,,2.495
600150,中国船舶,船舶,上海,19980520,600150.SH,20110928,32.88,33.0,32.0,32.1,32.66,-0.56,-1.71,28364.46,92007.753,0.2676,0.8046,0.9,13.0453,12.8769,2.0214,1.1398,1.0885,1.5576,1.1682,106009.046,106009.046,35254.4916,3402890.3766,3402890.3766,,,2.495
600150,中国船舶,船舶,上海,19980520,600150.SH,20110927,32.5,32.85,32.16,32.66,32.32,0.34,1.05,31347.64,101756.635,0.2957,0.8892,1.03,13.2728,13.1015,2.0567,1.1597,1.1075,1.5309,1.1482,106009.046,106009.046,35254.4916,3462255.4424,3462255.4424,,,2.495
600150,中国船舶,船舶,上海,19980520,600150.SH,20110926,33.07,33.6,32.21,32.32,33.32,-1.0,-3.0,27944.57,91541.414,0.2636,0.7927,0.87,13.1347,12.9651,2.0353,1.1476,1.096,1.547,1.1603,106009.046,106009.046,35254.4916,3426212.3667,3426212.3667,,,2.495
600150,中国船舶,船舶,上海,19980520,600150.SH,20110923,32.25,33.5,32.0,33.32,33.07,0.25,0.76,28185.96,91961.302,0.2659,0.7995,0.89,13.5411,13.3663,2.0982,1.1831,1.1299,1.5006,1.1255,106009.046,106009.046,35254.4916,3532221.4127,3532221.4127,39.64,32.44,2.495
600150,中国船舶,船舶,上海,19980520,600150.SH,20110922,34.1,34.1,33.0,33.07,34.27,-1.2,-3.5,33622.98,112712.897,0.3172,0.9537,1.12,13.4395,13.266,2.0825,1.1742,1.1214,1.5119,1.134,106009.046,106009.046,35254.4916,3505719.1512,3505719.1512,,,2.495
600150,中国船舶,船舶,上海,19980520,600150.SH,20110921,33.1,34.54,33.01,34.27,33.0,1.27,3.85,36578.81,124012.357,0.3451,1.0376,1.24,13.9271,13.7474,2.1581,1.2168,1.1621,1.459,1.0943,106009.046,106009.046,35254.4916,3632930.0064,3632930.0064,,,2.495
600150,中国船舶,船舶,上海,19980520,600150.SH,20110920,32.8,33.31,32.78,33.0,32.8,0.2,0.61,25460.65,83989.898,0.2402,0.7222,0.73,13.411,13.2379,2.0781,1.1717,1.119,1.5152,1.1364,106009.046,106009.046,35254.4916,3498298.518,3498298.518,,,2.495
600150,中国船舶,船舶,上海,19980520,600150.SH,20110919,34.2,34.2,32.79,32.8,34.2,-1.4,-4.09,36403.58,121795.973,0.3434,1.0326,1.03,13.3297,13.1577,2.0655,1.1646,1.1122,1.5244,1.1433,106009.046,106009.046,35254.4916,3477096.7088,3477096.7088,,,2.495
600150,中国船舶,船舶,上海,19980520,600150.SH,20110916,34.85,34.88,34.16,34.2,34.58,-0.38,-1.1,26222.28,90517.169,0.2474,0.7438,0.71,13.8987,13.7193,2.1537,1.2144,1.1597,1.462,1.0965,106009.046,106009.046,35254.4916,3625509.3732,3625509.3732,,,2.495
600150,中国船舶,船舶,上海,19980520,600150.SH,20110915,34.7,34.93,34.41,34.58,34.57,0.01,0.03,26043.49,90367.569,0.2457,0.7387,0.65,14.0531,13.8717,2.1776,1.2279,1.1726,1.4459,1.0844,106009.046,106009.046,35254.4916,3665792.8107,3665792.8107,,,2.495
600150,中国船舶,船舶,上海,19980520,600150.SH,20110914,34.51,34.69,33.61,34.57,34.36,0.21,0.61,32820.58,112201.673,0.3096,0.931,0.88,14.0491,13.8677,2.177,1.2275,1.1722,1.4463,1.0848,106009.046,106009.046,35254.4916,3664732.7202,3664732.7202,,,2.495
600150,中国船舶,船舶,上海,19980520,600150.SH,20110913,35.4,35.4,34.3,34.36,36.0,-1.64,-4.56,52127.45,180628.512,0.4917,1.4786,1.57,13.9637,13.7835,2.1637,1.22,1.1651,1.4552,1.0914,106009.046,106009.046,35254.4916,3642470.8206,3642470.8206,37.76,30.9,2.495
600150,中国船舶,船舶,上海,19980520,600150.SH,20110909,36.4,36.81,35.87,36.0,36.34,-0.34,-0.94,39149.25,141712.023,0.3693,1.1105,1.31,14.6302,14.4414,2.267,1.2783,1.2207,1.3889,1.0417,106009.046,106009.046,35254.4916,3816325.656,3816325.656,,,2.495
600150,中国船舶,船舶,上海,19980520,600150.SH,20110908,37.48,37.55,36.0,36.34,37.39,-1.05,-2.81,34328.17,126640.789,0.3238,0.9737,1.3,14.7684,14.5778,2.2884,1.2903,1.2323,1.3759,1.0319,106009.046,106009.046,35254.4916,3852368.7316,3852368.7316,,,2.495
600150,中国船舶,船舶,上海,19980520,600150.SH,20110907,37.0,37.44,36.68,37.39,36.9,0.49,1.33,41579.08,153949.896,0.3922,1.1794,1.97,15.1951,14.999,2.3545,1.3276,1.2679,1.3373,1.0029,106009.046,106009.046,35254.4916,3963678.2299,3963678.2299,,,2.495
600150,中国船舶,船舶,上海,19980520,600150.SH,20110906,37.0,37.32,36.71,36.9,37.33,-0.43,-1.15,20081.35,74202.888,0.1894,0.5696,0.87,14.996,14.8024,2.3237,1.3102,1.2513,1.355,1.0163,106009.046,106009.046,35254.4916,3911733.7974,3911733.7974,,,2.495
600150,中国船舶,船舶,上海,19980520,600150.SH,20110905,38.5,38.5,37.29,37.33,38.7,-1.37,-3.54,31106.96,117043.988,0.2934,0.8824,1.43,15.1707,14.9749,2.3508,1.3255,1.2658,1.3394,1.0046,106009.046,106009.046,35254.4916,3957317.6872,3957317.6872,,,2.495
600150,中国船舶,船舶,上海,19980520,600150.SH,20110902,39.38,39.38,38.47,38.7,39.25,-0.55,-1.4,22752.22,88125.097,0.2146,0.6454,0.96,15.7275,15.5245,2.437,1.3741,1.3123,1.292,0.969,106009.046,106009.046,35254.4916,4102550.0802,4102550.0802,,,2.495
600150,中国船舶,船舶,上海,19980520,600150.SH,20110901,39.41,39.68,39.13,39.25,39.41,-0.16,-0.41,16409.91,64625.746,0.1548,0.4655,0.56,15.951,15.7451,2.4717,1.3937,1.3309,1.2739,0.9554,106009.046,106009.046,35254.4916,4160855.0555,4160855.0555,,,2.495
600150,中国船舶,船舶,上海,19980520,600150.SH,20110831,39.26,39.56,39.0,39.41,39.22,0.19,0.48,15128.38,59425.139,0.1427,0.4291,0.46,16.016,15.8093,2.4817,1.3994,1.3364,1.2687,0.9515,106009.046,106009.046,35254.4916,4177816.5029,4177816.5029,,,2.495
600150,中国船舶,船舶,上海,19980520,600150.SH,20110830,39.91,40.17,39.16,39.22,39.61,-0.39,-0.98,30025.39,119262.168,0.2832,0.8517,0.98,15.9388,15.7331,2.4698,1.3926,1.3299,1.2749,0.9561,106009.046,106009.046,35254.4916,4157674.7841,4157674.7841,,,2.495
600150,中国船舶,船舶,上海,19980520,600150.SH,20110829,40.3,40.33,39.56,39.61,40.38,-0.77,-1.91,24827.58,98982.148,0.2342,0.7042,0.81,16.0973,15.8895,2.4943,1.4065,1.3432,1.2623,0.9467,106009.046,106009.046,35254.4916,4199018.3121,4199018.3121,,,2.495
600150,中国船舶,船舶,上海,19980520,600150.SH,20110826,40.11,40.54,40.0,40.38,40.34,0.04,0.1,31700.88,127557.989,0.299,0.8992,1.01,16.4102,16.1984,2.5428,1.4338,1.3693,1.2382,0.9287,106009.046,106009.046,35254.4916,4280645.2775,4280645.2775,,,2.495
600150,中国船舶,船舶,上海,19980520,600150.SH,20110825,39.73,40.38,39.29,40.34,39.51,0.83,2.1,44280.65,176858.197,0.4177,1.256,1.48,16.394,16.1824,2.5403,1.4324,1.3679,1.2395,0.9296,106009.046,106009.046,35254.4916,4276404.9156,4276404.9156,,,2.495
600150,中国船舶,船舶,上海,19980520,600150.SH,20110824,40.14,40.6,39.37,39.51,39.93,-0.42,-1.05,33935.35,135855.764,0.3201,0.9626,1.18,16.0566,15.8494,2.488,1.4029,1.3398,1.2655,0.9491,106009.046,106009.046,35254.4916,4188417.4075,4188417.4075,,,2.495
600150,中国船舶,船舶,上海,19980520,600150.SH,20110823,39.68,39.99,39.4,39.93,39.4,0.53,1.35,18667.3,74145.744,0.1761,0.5295,0.58,16.2273,16.0179,2.5145,1.4178,1.354,1.2522,0.9391,106009.046,106009.046,35254.4916,4232941.2068,4232941.2068,,,2.495
600150,中国船舶,船舶,上海,19980520,600150.SH,20110822,39.89,40.2,39.19,39.4,39.88,-0.48,-1.2,23918.69,95051.05,0.2256,0.6785,0.67,16.0119,15.8053,2.4811,1.399,1.336,1.269,0.9518,106009.046,106009.046,35254.4916,4176756.4124,4176756.4124,,,2.495
600150,中国船舶,船舶,上海,19980520,600150.SH,20110819,39.28,40.0,39.0,39.88,40.04,-0.16,-0.4,36065.05,142089.504,0.3402,1.023,1.0,16.207,15.9978,2.5113,1.416,1.3523,1.2538,0.9403,106009.046,106009.046,35254.4916,4227640.7545,4227640.7545,,,2.495
600150,中国船舶,船舶,上海,19980520,600150.SH,20110818,40.98,41.2,39.88,40.04,40.96,-0.92,-2.25,37315.81,150577.076,0.352,1.0585,0.98,16.272,16.062,2.5214,1.4217,1.3577,1.2488,0.9366,106009.046,106009.046,35254.4916,4244602.2018,4244602.2018,,,2.495
600150,中国船舶,船舶,上海,19980520,600150.SH,20110817,41.45,41.78,40.89,40.96,41.45,-0.49,-1.18,27745.88,114083.447,0.2617,0.787,0.6,16.6459,16.4311,2.5794,1.4544,1.3889,1.2207,0.9155,106009.046,106009.046,35254.4916,4342130.5242,4342130.5242,,,2.495
600150,中国船舶,船舶,上海,19980520,600150.SH,20110816,42.4,42.4,41.36,41.45,42.29,-0.84,-1.99,36645.63,153104.912,0.3457,1.0395,0.64,16.8451,16.6276,2.6102,1.4718,1.4055,1.2063,0.9047,106009.046,106009.046,35254.4916,4394074.9567,4394074.9567,,,2.495
600150,中国船舶,船舶,上海,19980520,600150.SH,20110815,42.2,42.55,41.68,42.29,41.83,0.46,1.1,40541.2,171049.733,0.3824,1.15,0.62,17.1864,16.9646,2.6631,1.5016,1.434,1.1823,0.8867,106009.046,106009.046,35254.4916,4483122.5553,4483122.5553,,,2.495
600150,中国船舶,船舶,上海,19980520,600150.SH,20110812,41.7,42.44,41.65,41.83,41.42,0.41,0.99,37463.26,157234.055,0.3534,1.0627,0.57,16.9995,16.7801,2.6341,1.4853,1.4184,1.1953,0.8965,106009.046,106009.046,35254.4916,4434358.3942,4434358.3942,,,2.495
600150,中国船舶,船舶,上海,19980520,600150.SH,20110811,40.5,41.6,40.1,41.42,41.52,-0.1,-0.24,48575.9,199488.974,0.4582,1.3779,0.79,16.8329,16.6156,2.6083,1.4707,1.4045,1.2071,0.9054,106009.046,106009.046,35254.4916,4390894.6853,4390894.6853,,,2.495
600150,中国船舶,船舶,上海,19980520,600150.SH,20110810,42.46,42.9,41.47,41.52,41.46,0.06,0.14,66755.82,280942.233,0.6297,1.8935,1.17,16.8735,16.6557,2.6146,1.4743,1.4079,1.2042,0.9032,106009.046,106009.046,35254.4916,4401495.5899,4401495.5899,,,2.495
600150,中国船舶,船舶,上海,19980520,600150.SH,20110809,39.4,42.08,38.14,41.46,40.58,0.88,2.17,91829.6,371423.253,0.8662,2.6048,1.98,16.8491,16.6317,2.6108,1.4721,1.4059,1.206,0.9045,106009.046,106009.046,35254.4916,4395135.0472,4395135.0472,,,2.495
600150,中国船舶,船舶,上海,19980520,600150.SH,20110808,43.3,43.3,39.85,40.58,43.89,-3.31,-7.54,83838.74,346978.747,0.7909,2.3781,2.35,16.4915,16.4222,2.5831,1.4409,1.3881,1.2321,0.9241,106009.046,106009.046,35254.4916,4301847.0867,4301847.0867,,,2.495
600150,中国船舶,船舶,上海,19980520,600150.SH,20110805,43.69,44.23,42.88,43.89,45.04,-1.15,-2.55,38499.22,168203.546,0.3632,1.092,0.86,17.8367,17.7617,2.7938,1.5584,1.5014,1.1392,0.8544,106009.046,106009.046,35254.4916,4652737.0289,4652737.0289,,,2.495
600150,中国船舶,船舶,上海,19980520,600150.SH,20110804,44.78,45.45,44.78,45.04,44.7,0.34,0.76,26962.88,121620.843,0.2543,0.7648,0.46,18.304,18.2271,2.867,1.5993,1.5407,1.1101,0.8326,106009.046,106009.046,35254.4916,4774647.4318,4774647.4318,,,2.495
600150,中国船舶,船舶,上海,19980520,600150.SH,20110803,44.8,45.0,44.01,44.7,45.3,-0.6,-1.32,44617.23,198561.409,0.4209,1.2656,0.61,18.1658,18.0895,2.8453,1.5872,1.5291,1.1186,0.8389,106009.046,106009.046,35254.4916,4738604.3562,4738604.3562,,,2.495
600150,中国船舶,船舶,上海,19980520,600150.SH,20110802,45.85,45.99,44.65,45.3,45.83,-0.53,-1.16,37449.98,169251.891,0.3533,1.0623,0.5,18.4097,18.3323,2.8835,1.6085,1.5496,1.1038,0.8278,106009.046,106009.046,35254.4916,4802209.7838,4802209.7838,,,2.495
600150,中国船舶,船舶,上海,19980520,600150.SH,20110801,45.73,46.26,45.6,45.83,45.76,0.07,0.15,30494.91,140083.461,0.2877,0.865,0.35,18.6251,18.5468,2.9173,1.6273,1.5677,1.091,0.8182,106009.046,106009.046,35254.4916,4858394.5782,4858394.5782,,,2.495
600150,中国船舶,船舶,上海,19980520,600150.SH,20110729,47.31,47.54,45.6,45.76,47.27,-1.51,-3.19,83329.11,384178.023,0.7861,2.3636,1.09,18.5966,18.5184,2.9128,1.6248,1.5653,1.0927,0.8195,106009.046,106009.046,35254.4916,4850973.945,4850973.945,,,2.495
600150,中国船舶,船舶,上海,19980520,600150.SH,20110728,48.8,49.6,47.0,47.27,48.88,-1.61,-3.29,96952.92,464725.498,0.9146,2.7501,1.41,19.2103,19.1295,3.0089,1.6784,1.617,1.0578,0.7933,106009.046,106009.046,35254.4916,5011047.6044,5011047.6044,,,2.495
600150,中国船舶,船舶,上海,19980520,600150.SH,20110727,47.7,49.96,47.0,48.88,47.78,1.1,2.3,115725.49,566349.938,1.0917,3.2826,2.02,19.8646,19.781,3.1114,1.7356,1.6721,1.0229,0.7672,106009.046,106009.046,35254.4916,5181722.1685,5181722.1685,,,2.495
600150,中国船舶,船舶,上海,19980520,600150.SH,20110726,47.0,47.88,45.8,47.78,47.19,0.59,1.25,49035.31,230384.609,0.4626,1.3909,0.8,19.4175,19.3359,3.0414,1.6965,1.6344,1.0465,0.7848,106009.046,106009.046,35254.4916,5065112.2179,5065112.2179,,,2.495
600150,中国船舶,船舶,上海,19980520,600150.SH,20110725,47.23,48.9,46.88,47.19,47.21,-0.02,-0.04,84507.24,404837.655,0.7972,2.3971,1.34,19.1778,19.0971,3.0038,1.6756,1.6143,1.0595,0.7947,106009.046,106009.046,35254.4916,5002566.8807,5002566.8807,,,2.495
600150,中国船舶,船舶,上海,19980520,600150.SH,20110722,46.84,47.6,46.83,47.21,46.89,0.32,0.68,35984.6,169792.732,0.3394,1.0207,0.53,19.1859,19.1052,3.0051,1.6763,1.6149,1.0591,0.7943,106009.046,106009.046,35254.4916,5004687.0617,5004687.0617,,,2.495
600150,中国船舶,船舶,上海,19980520,600150.SH,20110721,48.15,48.36,46.78,46.89,48.17,-1.28,-2.66,58722.04,277516.992,0.5539,1.6657,0.88,19.0558,18.9757,2.9847,1.6649,1.604,1.0663,0.7997,106009.046,106009.046,35254.4916,4970764.1669,4970764.1669,,,2.495
600150,中国船舶,船舶,上海,19980520,600150.SH,20110720,49.0,49.5,47.8,48.17,48.69,-0.52,-1.07,58797.6,285287.833,0.5546,1.6678,0.9,19.576,19.4937,3.0662,1.7104,1.6478,1.038,0.7785,106009.046,106009.046,35254.4916,5106455.7458,5106455.7458,,,2.495
600150,中国船舶,船舶,上海,19980520,600150.SH,20110719,50.1,50.1,48.42,48.69,50.1,-1.41,-2.81,67712.56,331319.916,0.6387,1.9207,1.05,19.7873,19.7042,3.0993,1.7289,1.6656,1.0269,0.7702,106009.046,106009.046,35254.4916,5161580.4497,5161580.4497,,,2.495
600150,中国船舶,船舶,上海,19980520,600150.SH,20110718,49.0,50.4,48.43,50.1,49.39,0.71,1.44,93351.51,464413.656,0.8806,2.6479,1.56,20.3604,20.2748,3.1891,1.7789,1.7138,0.998,0.7485,106009.046,106009.046,35254.4916,5311053.2046,5311053.2046,,,2.495
600150,中国船舶,船舶,上海,19980520,600150.SH,20110715,48.84,50.0,48.83,49.39,48.81,0.58,1.19,61792.04,306227.735,0.9326,2.8044,0.99,20.0718,19.9874,3.1439,1.7537,1.6895,1.0124,0.7593,106009.046,66255.6538,22034.0573,5235786.7819,3272366.7412,,,2.495
600150,中国船舶,船舶,上海,19980520,600150.SH,20110714,79.91,80.0,78.26,78.7,79.56,-0.86,-1.08,52205.95,412249.263,0.7879,2.3693,0.9,19.9895,19.9055,3.131,1.7465,1.6826,1.0165,,66255.6538,66255.6538,22034.0573,5214319.9541,5214319.9541,,,2.495
600150,中国船舶,船舶,上海,19980520,600150.SH,20110713,78.38,79.68,77.86,79.56,78.41,1.15,1.47,53185.12,419179.892,0.8027,2.4138,1.02,20.208,20.123,3.1652,1.7656,1.701,1.0055,,66255.6538,66255.6538,22034.0573,5271299.8163,5271299.8163,,,2.495
600150,中国船舶,船舶,上海,19980520,600150.SH,20110712,77.45,79.44,76.9,78.41,77.99,0.42,0.54,62563.45,490986.94,0.9443,2.8394,1.26,19.9159,19.8321,3.1194,1.7401,1.6764,1.0203,1.0203,66255.6538,66255.6538,22034.0573,5195105.8145,5195105.8145,,,2.495
600150,中国船舶,船舶,上海,19980520,600150.SH,20110711,76.0,78.58,75.8,77.99,76.32,1.67,2.19,69062.56,536742.589,1.0424,3.1344,1.64,19.8092,19.7259,3.1027,1.7308,1.6674,1.0258,1.0258,66255.6538,66255.6538,22034.0573,5167278.4399,5167278.4399,,,2.495
600150,中国船舶,船舶,上海,19980520,600150.SH,20110708,74.07,77.45,73.37,76.32,74.01,2.31,3.12,73734.83,557164.629,1.1129,3.3464,2.01,19.385,19.3035,3.0363,1.6937,1.6317,1.0482,1.0482,66255.6538,66255.6538,22034.0573,5056631.498,5056631.498,,,2.495
600150,中国船舶,船舶,上海,19980520,600150.SH,20110707,74.8,75.45,74.0,74.01,74.87,-0.86,-1.15,32136.09,240239.966,0.485,1.4585,0.9,18.7983,18.7193,2.9444,1.6424,1.5823,1.0809,1.0809,66255.6538,66255.6538,22034.0573,4903580.9377,4903580.9377,,,2.495
600150,中国船舶,船舶,上海,19980520,600150.SH,20110706,74.6,75.1,74.0,74.87,75.19,-0.32,-0.43,24366.98,181349.222,0.3678,1.1059,0.67,19.0167,18.9368,2.9786,1.6615,1.6007,1.0685,1.0685,66255.6538,66255.6538,22034.0573,4960560.8,4960560.8,,,2.495
600150,中国船舶,船舶,上海,19980520,600150.SH,20110705,74.23,76.49,74.01,75.19,73.98,1.21,1.64,49036.16,369501.909,0.7401,2.2255,1.34,19.098,19.0177,2.9913,1.6686,1.6075,1.064,1.064,66255.6538,66255.6538,22034.0573,4981762.6092,4981762.6092,,,2.495
600150,中国船舶,船舶,上海,19980520,600150.SH,20110704,73.1,74.23,73.01,73.98,73.0,0.98,1.34,31339.09,231137.001,0.473,1.4223,0.71,18.7907,18.7117,2.9432,1.6418,1.5817,1.0814,1.0814,66255.6538,66255.6538,22034.0573,4901593.2681,4901593.2681,,,2.495
600150,中国船舶,船舶,上海,19980520,600150.SH,20110701,74.0,74.38,72.48,73.0,73.99,-0.99,-1.34,46266.35,337682.437,0.6983,2.0998,0.96,18.5417,18.4638,2.9042,1.62,1.5607,1.0959,1.0959,66255.6538,66255.6538,22034.0573,4836662.7274,4836662.7274,,,2.495
600150,中国船舶,船舶,上海,19980520,600150.SH,20110630,73.23,74.15,73.02,73.99,73.31,0.68,0.93,28120.4,207567.278,0.4244,1.2762,0.59,18.7932,18.7142,2.9436,1.642,1.5819,1.0812,1.0812,66255.6538,66255.6538,22034.0573,4902255.8247,4902255.8247,,,2.495
600150,中国船舶,船舶,上海,19980520,600150.SH,20110629,73.2,74.18,72.58,73.31,73.46,-0.15,-0.2,26935.68,197373.593,0.4065,1.2225,0.59,18.6205,18.5422,2.9165,1.6269,1.5673,1.0913,1.0913,66255.6538,66255.6538,22034.0573,4857201.9801,4857201.9801,,,2.495
600150,中国船舶,船舶,上海,19980520,600150.SH,20110628,74.4,74.66,72.82,73.46,74.67,-1.21,-1.62,50371.63,371044.204,0.7603,2.2861,1.25,18.6586,18.5801,2.9225,1.6302,1.5706,1.089,1.089,66255.6538,66255.6538,22034.0573,4867140.3281,4867140.3281,,,2.495
600150,中国船舶,船舶,上海,19980520,600150.SH,20110627,73.55,75.9,72.72,74.67,73.47,1.2,1.63,68795.88,514160.035,1.0383,3.1223,2.18,18.9659,18.8862,2.9706,1.6571,1.5964,1.0714,1.0714,66255.6538,66255.6538,22034.0573,4947309.6692,4947309.6692,,,2.495
600150,中国船舶,船舶,上海,19980520,600150.SH,20110624,70.68,74.97,70.33,73.47,69.84,3.63,5.2,67054.13,488652.031,1.0121,3.0432,3.07,18.6611,18.5827,2.9229,1.6305,1.5708,1.0889,1.0889,66255.6538,66255.6538,22034.0573,4867802.8847,4867802.8847,,,2.495
600150,中国船舶,船舶,上海,19980520,600150.SH,20110622,69.36,70.48,69.36,69.84,69.26,0.58,0.84,25667.62,179577.334,0.3874,1.1649,1.14,17.7391,17.6645,2.7785,1.5499,1.4932,1.1455,1.1455,66255.6538,66255.6538,22034.0573,4627294.8614,4627294.8614,,,2.495
600150,中国船舶,船舶,上海,19980520,600150.SH,20110621,68.01,69.37,68.01,69.26,68.06,1.2,1.76,17830.81,122585.259,0.2691,0.8092,0.72,17.5918,17.5178,2.7554,1.537,1.4808,1.1551,1.1551,66255.6538,66255.6538,22034.0573,4588866.5822,4588866.5822,,,2.495
600150,中国船舶,船舶,上海,19980520,600150.SH,20110620,68.9,69.1,67.5,68.06,69.35,-1.29,-1.86,21429.49,146544.307,0.3234,0.9726,0.77,17.287,17.2143,2.7077,1.5104,1.4551,1.1754,1.1754,66255.6538,66255.6538,22034.0573,4509359.7976,4509359.7976,,,2.495
600150,中国船舶,船舶,上海,19980520,600150.SH,20110617,68.79,70.1,68.3,69.35,68.95,0.4,0.58,25747.7,178369.658,0.3886,1.1685,0.78,17.6147,17.5406,2.759,1.539,1.4827,1.1536,1.1536,66255.6538,66255.6538,22034.0573,4594829.591,4594829.591,,,2.495
600150,中国船舶,船舶,上海,19980520,600150.SH,20110616,68.7,69.89,68.5,68.95,69.13,-0.18,-0.26,18446.64,127601.106,0.2784,0.8372,0.52,17.5131,17.4394,2.7431,1.5302,1.4741,1.1603,1.1603,66255.6538,66255.6538,22034.0573,4568327.3295,4568327.3295,,,2.495
600150,中国船舶,船舶,上海,19980520,600150.SH,20110615,70.5,70.96,69.12,69.13,70.97,-1.84,-2.59,28642.48,200262.251,0.4323,1.2999,0.74,17.5588,17.485,2.7502,1.5341,1.478,1.1572,1.1572,66255.6538,66255.6538,22034.0573,4580253.3472,4580253.3472,,,2.495
600150,中国船舶,船舶,上海,19980520,600150.SH,20110614,70.55,71.78,70.19,70.97,70.64,0.33,0.47,29121.69,206810.262,0.4395,1.3217,0.81,18.0261,17.9503,2.8234,1.575,1.5173,1.1272,1.1272,66255.6538,66255.6538,22034.0573,4702163.7502,4702163.7502,,,2.495
600150,中国船舶,船舶,上海,19980520,600150.SH,20110613,70.61,71.9,70.18,70.64,71.03,-0.39,-0.55,36717.58,261048.977,0.5542,1.6664,1.18,17.9423,17.8669,2.8103,1.5677,1.5103,1.1325,1.1325,66255.6538,66255.6538,22034.0573,4680299.3844,4680299.3844,,,2.495
600150,中国船舶,船舶,上海,19980520,600150.SH,20110610,68.78,72.0,68.75,71.03,68.94,2.09,3.03,51324.84,362666.591,0.7746,2.3293,2.09,18.0414,17.9655,2.8258,1.5763,1.5186,1.1263,1.1263,66255.6538,66255.6538,22034.0573,4706139.0894,4706139.0894,,,2.495
600150,中国船舶,船舶,上海,19980520,600150.SH,20110609,69.7,71.19,68.84,68.94,70.57,-1.63,-2.31,32250.42,225876.838,0.4868,1.4637,1.45,17.5105,17.4369,2.7427,1.5299,1.4739,1.1604,1.1604,66255.6538,66255.6538,22034.0573,4567664.773,4567664.773,,,2.495
600150,中国船舶,船舶,上海,19980520,600150.SH,20110608,68.2,73.0,67.0,70.57,68.41,2.16,3.16,43783.78,307511.102,0.6608,1.9871,2.42,17.9245,17.8492,2.8075,1.5661,1.5088,1.1336,1.1336,66255.6538,66255.6538,22034.0573,4675661.4887,4675661.4887,,,2.495
600150,中国船舶,船舶,上海,19980520,600150.SH,20110607,67.4,68.49,67.11,68.41,67.36,1.05,1.56,16139.85,109821.401,0.2436,0.7325,0.85,17.3759,17.3029,2.7216,1.5182,1.4626,1.1694,1.1694,66255.6538,66255.6538,22034.0573,4532549.2765,4532549.2765,,,2.495
600150,中国船舶,船舶,上海,19980520,600150.SH,20110603,66.88,67.8,66.88,67.36,66.89,0.47,0.7,11928.3,80443.003,0.18,0.5414,0.6,17.1092,17.0373,2.6798,1.4949,1.4401,1.1876,1.1876,66255.6538,66255.6538,22034.0573,4462980.84,4462980.84,,,2.495
600150,中国船舶,船舶,上海,19980520,600150.SH,20110602,67.82,67.82,66.47,66.89,68.46,-1.57,-2.29,18716.21,125606.741,0.2825,0.8494,0.96,16.9898,16.9184,2.6611,1.4844,1.4301,1.196,1.196,66255.6538,66255.6538,22034.0573,4431840.6827,4431840.6827,,,2.495
600150,中国船舶,船舶,上海,19980520,600150.SH,20110601,68.08,68.93,67.31,68.46,68.07,0.39,0.57,20562.03,140267.976,0.3103,0.9332,1.11,17.3886,17.3155,2.7236,1.5193,1.4637,1.1686,1.1686,66255.6538,66255.6538,22034.0573,4535862.0591,4535862.0591,,,2.495
600150,中国船舶,船舶,上海,19980520,600150.SH,20110531,66.88,68.19,66.65,68.07,66.96,1.11,1.66,23078.63,155865.732,0.3483,1.0474,1.25,17.2895,17.2169,2.7081,1.5106,1.4553,1.1753,1.1753,66255.6538,66255.6538,22034.0573,4510022.3542,4510022.3542,,,2.495
600150,中国船舶,船舶,上海,19980520,600150.SH,20110530,66.27,67.44,65.72,66.96,66.37,0.59,0.89,20645.36,137913.504,0.3116,0.937,1.08,17.0076,16.9361,2.6639,1.486,1.4316,1.1947,1.1947,66255.6538,66255.6538,22034.0573,4436478.5784,4436478.5784,,,2.495
600150,中国船舶,船舶,上海,19980520,600150.SH,20110527,65.88,66.86,65.56,66.37,66.25,0.12,0.18,15596.31,103114.209,0.2354,0.7078,0.81,16.8578,16.7869,2.6404,1.4729,1.419,1.2054,1.2054,66255.6538,66255.6538,22034.0573,4397387.7427,4397387.7427,,,2.495
600150,中国船舶,船舶,上海,19980520,600150.SH,20110526,67.2,67.8,66.15,66.25,66.81,-0.56,-0.84,18090.27,121508.981,0.273,0.821,0.98,16.8273,16.7565,2.6357,1.4702,1.4164,1.2075,1.2075,66255.6538,66255.6538,22034.0573,4389437.0643,4389437.0643,,,2.495
600150,中国船舶,船舶,上海,19980520,600150.SH,20110525,66.66,67.19,65.86,66.81,66.59,0.22,0.33,15336.87,102277.571,0.2315,0.6961,0.83,16.9695,16.8982,2.6579,1.4827,1.4284,1.1974,1.1974,66255.6538,66255.6538,22034.0573,4426540.2304,4426540.2304,,,2.495
600150,中国船舶,船舶,上海,19980520,600150.SH,20110524,66.32,66.83,65.2,66.59,66.34,0.25,0.38,22524.13,148722.336,0.34,1.0222,1.21,16.9136,16.8425,2.6492,1.4778,1.4237,1.2014,1.2014,66255.6538,66255.6538,22034.0573,4411963.9865,4411963.9865,,,2.495
600150,中国船舶,船舶,上海,19980520,600150.SH,20110523,68.3,68.39,66.3,66.34,68.29,-1.95,-2.86,24138.74,161915.368,0.3643,1.0955,1.33,16.8501,16.7793,2.6392,1.4722,1.4183,1.2059,1.2059,66255.6538,66255.6538,22034.0573,4395400.0731,4395400.0731,,,2.495
600150,中国船舶,船舶,上海,19980520,600150.SH,20110520,68.96,69.2,68.01,68.29,68.99,-0.7,-1.01,16271.15,111237.59,0.2456,0.7385,0.8,17.3454,17.2725,2.7168,1.5155,1.46,1.1715,1.1715,66255.6538,66255.6538,22034.0573,4524598.598,4524598.598,,,2.495
600150,中国船舶,船舶,上海,19980520,600150.SH,20110519,70.84,70.84,68.89,68.99,69.75,-0.76,-1.09,14331.66,99646.651,0.2163,0.6504,0.64,17.5232,17.4496,2.7447,1.531,1.475,1.1596,1.1596,66255.6538,66255.6538,22034.0573,4570977.5557,4570977.5557,,,2.495
600150,中国船舶,船舶,上海,19980520,600150.SH,20110518,69.6,70.04,69.1,69.75,69.71,0.04,0.06,14744.22,102666.513,0.2225,0.6692,0.63,17.7163,17.6418,2.7749,1.5479,1.4912,1.147,1.147,66255.6538,66255.6538,22034.0573,4621331.8526,4621331.8526,,,2.495
600150,中国船舶,船舶,上海,19980520,600150.SH,20110517,68.53,70.08,68.5,69.71,68.5,1.21,1.77,23888.43,166046.365,0.3605,1.0842,0.93,17.7061,17.6317,2.7733,1.547,1.4904,1.1476,1.1476,66255.6538,66255.6538,22034.0573,4618681.6264,4618681.6264,,,2.495
600150,中国船舶,船舶,上海,19980520,600150.SH,20110516,68.13,69.5,68.05,68.5,68.18,0.32,0.47,21622.3,148846.454,0.3263,0.9813,0.8,17.3988,17.3256,2.7252,1.5202,1.4645,1.1679,1.1679,66255.6538,66255.6538,22034.0573,4538512.2853,4538512.2853,,,2.495
600150,中国船舶,船舶,上海,19980520,600150.SH,20110513,68.1,68.57,67.19,68.18,68.08,0.1,0.15,26532.51,179982.99,0.4005,1.2042,1.02,17.3175,17.2447,2.7125,1.5131,1.4577,1.1734,1.1734,66255.6538,66255.6538,22034.0573,4517310.4761,4517310.4761,,,2.495
600150,中国船舶,船舶,上海,19980520,600150.SH,20110512,69.6,69.6,68.01,68.08,70.11,-2.03,-2.9,25043.04,172484.614,0.378,1.1366,0.96,17.2921,17.2194,2.7085,1.5108,1.4555,1.1751,1.1751,66255.6538,66255.6538,22034.0573,4510684.9107,4510684.9107,,,2.495
600150,中国船舶,船舶,上海,19980520,600150.SH,20110511,71.02,71.09,69.43,70.11,70.1,0.01,0.01,19669.6,138140.128,0.2969,0.8927,0.75,17.8077,17.7328,2.7892,1.5559,1.4989,1.1411,1.1411,66255.6538,66255.6538,22034.0573,4645183.8879,4645183.8879,,,2.495
600150,中国船舶,船舶,上海,19980520,600150.SH,20110509,69.16,71.14,68.99,70.1,68.47,1.63,2.38,35158.0,246404.595,0.5306,1.5956,1.43,17.8052,17.7303,2.7888,1.5557,1.4987,1.1412,1.1412,66255.6538,66255.6538,22034.0573,4644521.3314,4644521.3314,,,2.495
600150,中国船舶,船舶,上海,19980520,600150.SH,20110506,67.9,69.18,67.01,68.47,68.21,0.26,0.38,28281.84,193021.012,0.4269,1.2836,0.96,17.3911,17.318,2.724,1.5195,1.4639,1.1684,1.1684,66255.6538,66255.6538,22034.0573,4536524.6157,4536524.6157,,,2.495
600150,中国船舶,船舶,上海,19980520,600150.SH,20110505,68.51,69.09,67.61,68.21,68.84,-0.63,-0.92,22524.44,153667.983,0.34,1.0223,0.73,17.3251,17.2523,2.7136,1.5137,1.4583,1.1728,1.1728,66255.6538,66255.6538,22034.0573,4519298.1457,4519298.1457,,,2.495
600150,中国船舶,船舶,上海,19980520,600150.SH,20110504,71.1,71.8,68.51,68.84,71.04,-2.2,-3.1,24575.85,171544.262,0.3709,1.1154,0.73,17.4851,17.4116,2.7387,1.5277,1.4718,1.1621,1.1621,66255.6538,66255.6538,22034.0573,4561039.2076,4561039.2076,,,2.495
600150,中国船舶,船舶,上海,19980520,600150.SH,20110503,72.05,72.05,70.3,71.04,70.16,0.88,1.25,20876.65,148157.667,0.3151,0.9475,0.61,18.0439,17.9681,2.8262,1.5765,1.5188,1.1261,1.1261,66255.6538,66255.6538,22034.0573,4706801.646,4706801.646,,,2.495
600150,中国船舶,船舶,上海,19980520,600150.SH,20110429,69.3,70.29,69.08,70.16,69.18,0.98,1.42,26427.18,184270.249,0.3989,1.1994,0.83,17.8204,17.7455,2.7912,1.557,1.5,1.1403,1.1403,66255.6538,66255.6538,22034.0573,4648496.6706,4648496.6706,,,2.495
600150,中国船舶,船舶,上海,19980520,600150.SH,20110428,72.79,72.99,69.03,69.18,72.31,-3.13,-4.33,52293.44,368880.105,0.7893,2.3733,2.03,17.5715,17.4976,2.7522,1.5353,1.479,1.1564,1.1564,66255.6538,66255.6538,22034.0573,4583566.1299,4583566.1299,,,2.495
600150,中国船舶,船舶,上海,19980520,600150.SH,20110427,73.78,74.57,71.73,72.31,73.72,-1.41,-1.91,30821.77,224223.052,0.4652,1.3988,1.29,18.3665,18.2893,2.8768,1.6047,1.546,1.1063,1.1063,66255.6538,66255.6538,22034.0573,4790946.3263,4790946.3263,,,2.495
600150,中国船舶,船舶,上海,19980520,600150.SH,20110426,76.08,76.89,73.55,73.72,77.0,-3.28,-4.26,38732.46,288878.365,0.5846,1.7578,1.76,18.7246,18.6459,2.9329,1.636,1.5761,1.0852,1.0852,66255.6538,66255.6538,22034.0573,4884366.7981,4884366.7981,,,2.495
600150,中国船舶,船舶,上海,19980520,600150.SH,20110425,77.2,78.3,76.8,77.0,77.28,-0.28,-0.36,22039.89,170785.09,0.3326,1.0003,0.87,19.5577,19.5577,3.1986,1.7088,1.7088,1.039,1.039,66255.6538,66255.6538,22034.0573,5101685.3426,5101685.3426,,,2.495
600150,中国船舶,船舶,上海,19980520,600150.SH,20110422,77.5,78.36,76.85,77.28,77.34,-0.06,-0.08,16119.18,124865.416,0.2433,0.7316,0.53,19.6289,19.6289,3.2102,1.715,1.715,1.0352,1.0352,66255.6538,66255.6538,22034.0573,5120236.9257,5120236.9257,,,2.495
600150,中国船舶,船舶,上海,19980520,600150.SH,20110421,78.4,78.65,77.18,77.34,78.13,-0.79,-1.01,21138.55,164465.729,0.319,0.9594,0.68,19.6441,19.6441,3.2127,1.7163,1.7163,1.0344,1.0344,66255.6538,66255.6538,22034.0573,5124212.2649,5124212.2649,,,2.495
600150,中国船舶,船舶,上海,19980520,600150.SH,20110420,76.95,78.7,76.95,78.13,76.84,1.29,1.68,21176.06,165315.281,0.3196,0.9611,0.63,19.8448,19.8448,3.2456,1.7339,1.7339,1.0239,1.0239,66255.6538,66255.6538,22034.0573,5176554.2314,5176554.2314,,,2.495
600150,中国船舶,船舶,上海,19980520,600150.SH,20110419,76.5,77.77,76.37,76.84,77.31,-0.47,-0.61,29329.36,226158.815,0.4427,1.3311,0.77,19.5171,19.5171,3.192,1.7052,1.7052,1.0411,1.0411,66255.6538,66255.6538,22034.0573,5091084.438,5091084.438,,,2.495
600150,中国船舶,船舶,上海,19980520,600150.SH,20110418,78.8,78.8,76.72,77.31,78.85,-1.54,-1.95,39306.21,303488.11,0.5933,1.7839,1.05,19.6365,19.6365,3.2115,1.7157,1.7157,1.0348,1.0348,66255.6538,66255.6538,22034.0573,5122224.5953,5122224.5953,,,2.495
600150,中国船舶,船舶,上海,19980520,600150.SH,20110415,80.8,81.98,78.22,78.85,79.94,-1.09,-1.36,41545.91,330756.81,0.6271,1.8855,1.18,20.0276,20.0276,3.2755,1.7499,1.7499,1.0146,1.0146,66255.6538,66255.6538,22034.0573,5224258.3021,5224258.3021,,,2.495
600150,中国船舶,船舶,上海,19980520,600150.SH,20110414,80.6,80.89,79.5,79.94,80.68,-0.74,-0.92,25116.28,200794.837,0.3791,1.1399,0.67,21.1808,20.7291,3.4428,2.0987,1.9491,1.0008,1.0008,66255.6538,66255.6538,22034.0573,5296476.9648,5296476.9648,,,2.495
600150,中国船舶,船舶,上海,19980520,600150.SH,20110413,79.5,81.2,79.0,80.68,79.84,0.84,1.05,34064.91,274039.803,0.5141,1.546,0.89,21.3768,20.921,3.4747,2.1181,1.9672,0.9916,0.9916,66255.6538,66255.6538,22034.0573,5345506.1486,5345506.1486,,,2.495
600150,中国船舶,船舶,上海,19980520,600150.SH,20110412,78.69,81.28,78.6,79.84,78.8,1.04,1.32,49946.87,400984.441,0.7539,2.2668,1.4,21.1543,20.7032,3.4385,2.096,1.9467,1.002,1.002,66255.6538,66255.6538,22034.0573,5289851.3994,5289851.3994,,,2.495
600150,中国船舶,船舶,上海,19980520,600150.SH,20110411,78.59,79.01,77.68,78.8,78.49,0.31,0.4,36183.9,283351.995,0.5461,1.6422,1.01,20.8787,20.4335,3.3937,2.0687,1.9213,1.0152,1.0152,66255.6538,66255.6538,22034.0573,5220945.5194,5220945.5194,,,2.495
600150,中国船舶,船舶,上海,19980520,600150.SH,20110408,77.2,78.65,76.9,78.49,77.22,1.27,1.64,30938.15,241264.116,0.467,1.4041,0.79,20.7966,20.3531,3.3804,2.0606,1.9138,1.0192,1.0192,66255.6538,66255.6538,22034.0573,5200406.2668,5200406.2668,,,2.495
600150,中国船舶,船舶,上海,19980520,600150.SH,20110407,76.15,78.0,76.15,77.22,76.18,1.04,1.37,35161.68,271230.733,0.5307,1.5958,0.83,20.4601,20.0238,3.3257,2.0272,1.8828,1.036,1.036,66255.6538,66255.6538,22034.0573,5116261.5864,5116261.5864,,,2.495
600150,中国船舶,船舶,上海,19980520,600150.SH,20110406,77.48,77.91,75.5,76.18,77.75,-1.57,-2.02,38857.21,296385.378,0.5865,1.7635,0.9,20.1845,19.7541,3.2809,1.9999,1.8574,1.0501,1.0501,66255.6538,66255.6538,22034.0573,5047355.7065,5047355.7065,,,2.495
600150,中国船舶,船舶,上海,19980520,600150.SH,20110401,77.35,78.0,76.0,77.75,77.35,0.4,0.52,36742.02,282038.757,0.5545,1.6675,0.88,20.6005,20.1613,3.3485,2.0412,1.8957,1.0289,1.0289,66255.6538,66255.6538,22034.0573,5151377.083,5151377.083,,,2.495
600150,中国船舶,船舶,上海,19980520,600150.SH,20110331,77.2,79.0,75.86,77.35,77.18,0.17,0.22,37803.23,292692.208,0.5706,1.7157,0.97,20.4945,20.0575,3.3313,2.0307,1.886,1.0343,1.0343,66255.6538,66255.6538,22034.0573,5124874.8214,5124874.8214,,,2.495
600150,中国船舶,船舶,上海,19980520,600150.SH,20110330,79.0,79.99,77.0,77.18,79.54,-2.36,-2.97,47014.61,367297.869,0.7096,2.1337,1.29,20.4495,20.0134,3.324,2.0262,1.8818,1.0365,1.0365,66255.6538,66255.6538,22034.0573,5113611.3603,5113611.3603,,,2.495
600150,中国船舶,船舶,上海,19980520,600150.SH,20110329,81.89,81.89,79.52,79.54,82.06,-2.52,-3.07,51230.03,412750.542,0.7732,2.325,1.51,21.0748,20.6254,3.4256,2.0881,1.9394,1.0058,1.0058,66255.6538,66255.6538,22034.0573,5269974.7033,5269974.7033,,,2.495
600150,中国船舶,船舶,上海,19980520,600150.SH,20110328,83.0,83.59,81.5,82.06,83.84,-1.78,-2.12,44248.3,363816.347,0.6678,2.0082,1.37,21.7425,21.2789,3.5341,2.1543,2.0008,0.9749,0.9749,66255.6538,66255.6538,22034.0573,5436938.9508,5436938.9508,,,2.495
600150,中国船舶,船舶,上海,19980520,600150.SH,20110325,83.5,84.2,82.62,83.84,83.74,0.1,0.12,29055.03,242453.599,0.4385,1.3186,0.86,22.2141,21.7404,3.6108,2.201,2.0442,0.9542,0.9542,66255.6538,66255.6538,22034.0573,5554874.0146,5554874.0146,,,2.495
600150,中国船舶,船舶,上海,19980520,600150.SH,20110324,84.7,84.99,83.61,83.74,84.83,-1.09,-1.28,23585.31,198107.348,0.356,1.0704,0.55,22.1876,21.7145,3.6065,2.1984,2.0418,0.9553,0.9553,66255.6538,66255.6538,22034.0573,5548248.4492,5548248.4492,,,2.495
600150,中国船舶,船舶,上海,19980520,600150.SH,20110323,83.0,85.3,82.61,84.83,82.97,1.86,2.24,34399.73,290895.104,0.5192,1.5612,0.75,22.4764,21.9972,3.6534,2.227,2.0683,0.9431,0.9431,66255.6538,66255.6538,22034.0573,5620467.1119,5620467.1119,,,2.495
600150,中国船舶,船舶,上海,19980520,600150.SH,20110322,82.65,83.86,80.5,82.97,82.64,0.33,0.4,37889.92,311374.994,0.5719,1.7196,0.7,21.9836,21.5148,3.5733,2.1782,2.023,0.9642,0.9642,66255.6538,66255.6538,22034.0573,5497231.5958,5497231.5958,,,2.495
600150,中国船舶,船舶,上海,19980520,600150.SH,20110321,82.0,83.96,81.79,82.64,82.72,-0.08,-0.1,36820.37,305891.381,0.5557,1.6711,0.63,21.8962,21.4293,3.5591,2.1695,2.0149,0.9681,0.9681,66255.6538,66255.6538,22034.0573,5475367.23,5475367.23,,,2.495
600150,中国船舶,船舶,上海,19980520,600150.SH,20110318,82.25,83.99,81.4,82.72,81.39,1.33,1.63,37117.76,306052.575,0.5602,1.6846,0.61,21.9174,21.45,3.5626,2.1716,2.0169,0.9671,0.9671,66255.6538,66255.6538,22034.0573,5480667.6823,5480667.6823,,,2.495
600150,中国船舶,船舶,上海,19980520,600150.SH,20110317,85.3,85.3,80.68,81.39,85.8,-4.41,-5.14,69430.07,574311.734,1.0479,3.151,1.09,21.565,21.1051,3.5053,2.1367,1.9845,0.9829,0.9829,66255.6538,66255.6538,22034.0573,5392547.6628,5392547.6628,,,2.495
600150,中国船舶,船舶,上海,19980520,600150.SH,20110316,85.7,87.49,85.0,85.8,86.09,-0.29,-0.34,48143.97,415449.559,0.7266,2.185,0.66,22.7334,22.2487,3.6952,2.2525,2.092,0.9324,0.9324,66255.6538,66255.6538,22034.0573,5684735.096,5684735.096,,,2.495
600150,中国船舶,船舶,上海,19980520,600150.SH,20110315,82.9,86.45,80.5,86.09,82.81,3.28,3.96,79953.16,664482.585,1.2067,3.6286,1.16,22.8103,22.3239,3.7077,2.2601,2.0991,0.9293,0.9293,66255.6538,66255.6538,22034.0573,5703949.2356,5703949.2356,,,2.495
600150,中国船舶,船舶,上海,19980520,600150.SH,20110314,83.01,84.59,81.5,82.81,83.87,-1.06,-1.26,58086.42,479081.909,0.8767,2.6362,0.8,21.9412,21.4734,3.5664,2.174,2.0191,0.9661,0.9661,66255.6538,66255.6538,22034.0573,5486630.6912,5486630.6912,,,2.495
600150,中国船舶,船舶,上海,19980520,600150.SH,20110311,84.8,86.0,83.2,83.87,85.6,-1.73,-2.02,50974.92,429224.858,0.7694,2.3135,0.58,22.2221,21.7482,3.6121,2.2018,2.0449,0.9539,0.9539,66255.6538,66255.6538,22034.0573,5556861.6842,5556861.6842,,,2.495
600150,中国船舶,船舶,上海,19980520,600150.SH,20110310,84.4,86.52,83.0,85.6,84.39,1.21,1.43,80389.9,680634.614,1.2133,3.6484,0.88,22.6804,22.1968,3.6866,2.2472,2.0871,0.9346,0.9346,66255.6538,66255.6538,22034.0573,5671483.9653,5671483.9653,,,2.495
600150,中国船舶,船舶,上海,19980520,600150.SH,20110309,80.49,85.0,80.41,84.39,79.59,4.8,6.03,94094.72,785227.11,1.4202,4.2704,1.13,22.3598,21.8831,3.6345,2.2155,2.0576,0.948,0.948,66255.6538,66255.6538,22034.0573,5591314.6242,5591314.6242,,,2.495
600150,中国船舶,船舶,上海,19980520,600150.SH,20110308,77.0,80.58,76.8,79.59,77.23,2.36,3.06,61778.55,491385.302,0.9324,2.8038,0.74,21.088,20.6384,3.4278,2.0895,1.9406,1.0052,1.0052,66255.6538,66255.6538,22034.0573,5273287.4859,5273287.4859,,,2.495
600150,中国船舶,船舶,上海,19980520,600150.SH,20110307,75.9,78.16,74.57,77.23,75.97,1.26,1.66,77643.26,596066.532,1.1719,3.5238,0.96,20.4627,20.0264,3.3261,2.0275,1.883,1.0359,1.0359,66255.6538,66255.6538,22034.0573,5116924.143,5116924.143,,,2.495
600150,中国船舶,船舶,上海,19980520,600150.SH,20110304,76.8,78.94,72.11,75.97,79.96,-3.99,-4.99,122686.48,927647.778,1.8517,5.568,1.76,20.1289,19.6997,3.2719,1.9944,1.8523,1.053,1.053,66255.6538,66255.6538,22034.0573,5033442.0192,5033442.0192,,,2.495
600150,中国船舶,船舶,上海,19980520,600150.SH,20110217,77.01,79.98,76.99,79.96,76.89,3.07,3.99,101715.59,799374.479,1.5352,4.6163,1.68,21.1861,20.7343,3.4437,2.0992,1.9496,1.0005,1.0005,66255.6538,66255.6538,22034.0573,5297802.0778,5297802.0778,,,2.495
600150,中国船舶,船舶,上海,19980520,600150.SH,20110216,75.9,77.19,75.2,76.89,76.22,0.67,0.88,51430.62,392062.645,0.7762,2.3341,0.81,20.3727,19.9382,3.3115,2.0186,1.8747,1.0404,1.0404,66255.6538,66255.6538,22034.0573,5094397.2207,5094397.2207,,,2.495
600150,中国船舶,船舶,上海,19980520,600150.SH,20110215,76.88,79.33,76.16,76.22,77.14,-0.92,-1.19,63371.66,490913.954,0.9565,2.8761,1.0,20.1951,19.7645,3.2826,2.001,1.8584,1.0496,1.0496,66255.6538,66255.6538,22034.0573,5050005.9326,5050005.9326,,,2.495
600150,中国船舶,船舶,上海,19980520,600150.SH,20110214,76.66,77.68,75.2,77.14,77.06,0.08,0.1,66963.61,511340.319,1.0107,3.0391,0.95,20.4389,20.0031,3.3223,2.0251,1.8808,1.0371,1.0371,66255.6538,66255.6538,22034.0573,5110961.1341,5110961.1341,,,2.495
600150,中国船舶,船舶,上海,19980520,600150.SH,20110211,75.38,80.69,75.1,77.06,75.81,1.25,1.65,64921.16,505551.985,0.9799,2.9464,0.86,20.4177,19.9823,3.3188,2.023,1.8789,1.0382,1.0382,66255.6538,66255.6538,22034.0573,5105660.6818,5105660.6818,,,2.495
600150,中国船舶,船舶,上海,19980520,600150.SH,20110210,76.32,76.58,74.21,75.81,76.95,-1.14,-1.48,56454.7,424086.289,0.8521,2.5622,0.65,20.0865,19.6582,3.265,1.9902,1.8484,1.0553,1.0553,66255.6538,66255.6538,22034.0573,5022841.1146,5022841.1146,,,2.495
600150,中国船舶,船舶,上海,19980520,600150.SH,20110209,76.15,78.2,75.88,76.95,76.91,0.04,0.05,65403.61,503415.448,0.9871,2.9683,0.74,20.3886,19.9538,3.3141,2.0202,1.8762,1.0396,1.0396,66255.6538,66255.6538,22034.0573,5098372.5599,5098372.5599,,,2.495
600150,中国船舶,船舶,上海,19980520,600150.SH,20110201,77.9,78.4,75.66,76.91,77.98,-1.07,-1.37,63797.0,488581.334,0.9629,2.8954,0.72,20.378,19.9434,3.3123,2.0191,1.8752,1.0402,1.0402,66255.6538,66255.6538,22034.0573,5095722.3338,5095722.3338,,,2.495
600150,中国船舶,船舶,上海,19980520,600150.SH,20110131,74.6,78.6,73.91,77.98,74.68,3.3,4.42,102928.73,787605.017,1.5535,4.6713,1.22,20.6615,20.2209,3.3584,2.0472,1.9013,1.0259,1.0259,66255.6538,66255.6538,22034.0573,5166615.8833,5166615.8833,,,2.495
600150,中国船舶,船舶,上海,19980520,600150.SH,20110128,73.3,76.68,73.0,74.68,73.72,0.96,1.3,87822.74,660777.519,1.3255,3.9858,0.99,19.7871,19.3652,3.2163,1.9606,1.8209,1.0712,1.0712,66255.6538,66255.6538,22034.0573,4947972.2258,4947972.2258,,,2.495
600150,中国船舶,船舶,上海,19980520,600150.SH,20110127,71.0,75.3,70.6,73.72,71.81,1.91,2.66,117298.49,865319.85,1.7704,5.3235,1.47,19.5327,19.1162,3.175,1.9354,1.7975,1.0852,1.0852,66255.6538,66255.6538,22034.0573,4884366.7981,4884366.7981,,,2.495
600150,中国船舶,船舶,上海,19980520,600150.SH,20110126,67.05,72.5,67.03,71.81,67.45,4.36,6.46,68265.17,481884.836,1.0303,3.0982,0.83,19.0267,18.621,3.0927,1.8852,1.7509,1.1141,1.1141,66255.6538,66255.6538,22034.0573,4757818.4994,4757818.4994,,,2.495
600150,中国船舶,船舶,上海,19980520,600150.SH,20110125,71.63,71.63,67.22,67.45,71.8,-4.35,-6.06,69467.47,477418.171,1.0485,3.1527,0.9,17.8714,17.4904,2.9049,1.7708,1.6446,1.1861,1.1861,66255.6538,66255.6538,22034.0573,4468943.8488,4468943.8488,,,2.495
600150,中国船舶,船舶,上海,19980520,600150.SH,20110124,72.2,73.18,70.64,71.8,72.05,-0.25,-0.35,77702.74,559104.27,1.1728,3.5265,1.03,19.024,18.6184,3.0923,1.885,1.7506,1.1142,1.1142,66255.6538,66255.6538,22034.0573,4757155.9428,4757155.9428,,,2.495
600150,中国船舶,船舶,上海,19980520,600150.SH,20110121,69.5,73.45,69.2,72.05,69.84,2.21,3.16,112260.88,811655.928,1.6944,5.0949,1.81,19.0903,18.6832,3.103,1.8915,1.7567,1.1103,1.1103,66255.6538,66255.6538,22034.0573,4773719.8563,4773719.8563,,,2.495
600150,中国船舶,船舶,上海,19980520,600150.SH,20110120,70.27,71.78,69.72,69.84,70.89,-1.05,-1.48,72501.86,512524.564,1.0943,3.2904,1.31,18.5047,18.1101,3.0079,1.8335,1.7029,1.1455,1.1455,66255.6538,66255.6538,22034.0573,4627294.8614,4627294.8614,,,2.495
600150,中国船舶,船舶,上海,19980520,600150.SH,20110119,67.4,72.1,67.1,70.89,67.79,3.1,4.57,81662.53,574952.028,1.2325,3.7062,1.66,18.7829,18.3824,3.0531,1.8611,1.7285,1.1285,1.1285,66255.6538,66255.6538,22034.0573,4696863.2979,4696863.2979,,,2.495
600150,中国船舶,船舶,上海,19980520,600150.SH,20110118,65.55,68.1,65.5,67.79,65.78,2.01,3.06,42858.79,284879.362,0.6469,1.9451,0.82,17.9615,17.5785,2.9196,1.7797,1.6529,1.1801,1.1801,66255.6538,66255.6538,22034.0573,4491470.7711,4491470.7711,,,2.495
600150,中国船舶,船舶,上海,19980520,600150.SH,20110117,68.4,70.52,65.6,65.78,69.01,-3.23,-4.68,67078.29,459735.947,1.0124,3.0443,1.04,17.429,17.0573,2.833,1.7269,1.6039,1.2162,1.2162,66255.6538,66255.6538,22034.0573,4358296.907,4358296.907,,,2.495
600150,中国船舶,船舶,上海,19980520,600150.SH,20110114,68.6,70.11,67.61,69.01,69.14,-0.13,-0.19,46520.51,319633.213,0.7021,2.1113,0.69,18.2848,17.8949,2.9721,1.8117,1.6826,1.1593,1.1593,66255.6538,66255.6538,22034.0573,4572302.6687,4572302.6687,,,2.495
600150,中国船舶,船舶,上海,19980520,600150.SH,20110113,70.5,71.2,69.0,69.14,70.91,-1.77,-2.5,38478.19,268370.73,0.5808,1.7463,0.54,18.3192,17.9286,2.9777,1.8151,1.6858,1.1571,1.1571,66255.6538,66255.6538,22034.0573,4580915.9037,4580915.9037,,,2.495
600150,中国船舶,船舶,上海,19980520,600150.SH,20110112,71.06,72.38,69.6,70.91,70.97,-0.06,-0.08,50673.59,359134.567,0.7648,2.2998,0.58,18.7882,18.3876,3.0539,1.8616,1.7289,1.1282,1.1282,66255.6538,66255.6538,22034.0573,4698188.411,4698188.411,,,2.495
600150,中国船舶,船舶,上海,19980520,600150.SH,20110111,70.88,71.55,69.44,70.97,70.87,0.1,0.14,57570.1,405393.434,0.8689,2.6128,0.62,18.8041,18.4031,3.0565,1.8632,1.7304,1.1272,1.1272,66255.6538,66255.6538,22034.0573,4702163.7502,4702163.7502,,,2.495
600150,中国船舶,船舶,上海,19980520,600150.SH,20110110,68.4,72.81,68.4,70.87,68.12,2.75,4.04,130304.71,928473.435,1.9667,5.9138,1.58,18.7776,18.3772,3.0522,1.8605,1.728,1.1288,1.1288,66255.6538,66255.6538,22034.0573,4695538.1848,4695538.1848,,,2.495
600150,中国船舶,船舶,上海,19980520,600150.SH,20110107,66.83,69.2,66.61,68.12,66.83,1.29,1.93,60805.01,414580.979,0.9177,2.7596,0.7,18.049,17.6641,2.9338,1.7883,1.6609,1.1744,1.1744,66255.6538,66255.6538,22034.0573,4513335.1369,4513335.1369,,,2.495
600150,中国船舶,船舶,上海,19980520,600150.SH,20110106,68.5,68.5,66.6,66.83,68.81,-1.98,-2.88,57866.36,388955.695,0.8734,2.6262,0.59,17.7072,17.3296,2.8782,1.7545,1.6295,1.1971,1.1971,66255.6538,66255.6538,22034.0573,4427865.3435,4427865.3435,,,2.495
600150,中国船舶,船舶,上海,19980520,600150.SH,20110105,68.8,72.0,67.78,68.81,68.62,0.19,0.28,132590.09,924695.641,2.0012,6.0175,1.6,18.2318,17.843,2.9635,1.8065,1.6777,1.1626,1.1626,66255.6538,66255.6538,22034.0573,4559051.538,4559051.538,,,2.495
600150,中国船舶,船舶,上海,19980520,600150.SH,20110104,67.89,69.65,67.5,68.62,67.75,0.87,1.28,81964.37,561668.751,1.2371,3.7199,1.12,18.1815,17.7938,2.9553,1.8015,1.6731,1.1658,1.1658,66255.6538,66255.6538,22034.0573,4546462.9638,4546462.9638,,,2.495
600150,中国船舶,船舶,上海,19980520,600150.SH,20101231,66.8,68.5,66.38,67.75,66.86,0.89,1.33,78990.93,532769.308,1.1922,3.5849,1.25,17.9509,17.5682,2.9178,1.7786,1.6519,1.476,1.1808,66255.6538,66255.6538,22034.0573,4488820.545,4488820.545,,,2.495
600150,中国船舶,船舶,上海,19980520,600150.SH,20101230,66.21,68.0,65.73,66.86,66.82,0.04,0.06,81379.96,544740.418,1.2283,3.6934,1.42,17.7151,17.3374,2.8795,1.7553,1.6302,1.4957,1.1965,66255.6538,66255.6538,22034.0573,4429853.0131,4429853.0131,,,2.495
600150,中国船舶,船舶,上海,19980520,600150.SH,20101229,62.52,68.3,62.52,66.82,62.88,3.94,6.27,115782.16,761416.199,1.7475,5.2547,2.61,17.7045,17.327,2.8778,1.7542,1.6292,1.4966,1.1972,66255.6538,66255.6538,22034.0573,4427202.7869,4427202.7869,,,2.495
600150,中国船舶,船舶,上海,19980520,600150.SH,20101228,61.28,64.65,61.04,62.88,61.49,1.39,2.26,55081.11,348942.637,0.8313,2.4998,1.33,16.6606,16.3053,2.7081,1.6508,1.5332,1.5903,1.2723,66255.6538,66255.6538,22034.0573,4166155.5109,4166155.5109,,,2.495
600150,中国船舶,船舶,上海,19980520,600150.SH,20101227,63.2,63.76,61.41,61.49,62.68,-1.19,-1.9,33957.87,213542.517,0.5125,1.5412,0.68,16.2923,15.9449,2.6482,1.6143,1.4993,1.6263,1.301,66255.6538,66255.6538,22034.0573,4074060.1522,4074060.1522,,,2.495
600150,中国船舶,船舶,上海,19980520,600150.SH,20101224,63.3,63.75,62.53,62.68,64.16,-1.48,-2.31,30108.01,189698.16,0.4544,1.3664,0.6,16.6076,16.2535,2.6995,1.6455,1.5283,1.5954,1.2763,66255.6538,66255.6538,22034.0573,4152904.3802,4152904.3802,,,2.495
600150,中国船舶,船舶,上海,19980520,600150.SH,20101223,64.87,65.72,63.68,64.16,64.64,-0.48,-0.74,52520.71,341686.954,0.7927,2.3836,1.11,16.9997,16.6372,2.7632,1.6844,1.5644,1.5586,1.2469,66255.6538,66255.6538,22034.0573,4250962.7478,4250962.7478,,,2.495
600150,中国船舶,船舶,上海,19980520,600150.SH,20101222,63.88,65.5,63.46,64.64,64.09,0.55,0.86,49964.78,323671.509,0.7541,2.2676,1.0,17.1269,16.7617,2.7839,1.697,1.5761,1.547,1.2376,66255.6538,66255.6538,22034.0573,4282765.4616,4282765.4616,,,2.495
600150,中国船舶,船舶,上海,19980520,600150.SH,20101221,63.8,64.4,62.6,64.09,64.57,-0.48,-0.74,40188.89,255998.328,0.6066,1.8239,0.67,16.9812,16.6191,2.7602,1.6825,1.5627,1.5603,1.2482,66255.6538,66255.6538,22034.0573,4246324.852,4246324.852,,,2.495
600150,中国船舶,船舶,上海,19980520,600150.SH,20101220,63.69,65.0,60.83,64.57,63.46,1.11,1.75,76397.93,487248.764,1.1531,3.4673,1.33,17.1084,16.7436,2.7809,1.6951,1.5744,1.5487,1.239,66255.6538,66255.6538,22034.0573,4278127.5659,4278127.5659,,,2.495
600150,中国船舶,船舶,上海,19980520,600150.SH,20101217,63.5,64.5,63.22,63.46,63.49,-0.03,-0.05,31953.31,203971.405,0.4823,1.4502,0.57,16.8143,16.4557,2.7331,1.666,1.5473,1.5758,1.2606,66255.6538,66255.6538,22034.0573,4204583.7901,4204583.7901,,,2.495
600150,中国船舶,船舶,上海,19980520,600150.SH,20101216,63.03,63.83,62.72,63.49,63.11,0.38,0.6,37770.63,238870.154,0.5701,1.7142,0.7,16.8222,16.4635,2.7344,1.6668,1.548,1.5751,1.26,66255.6538,66255.6538,22034.0573,4206571.4598,4206571.4598,,,2.495
600150,中国船舶,船舶,上海,19980520,600150.SH,20101215,64.1,64.95,63.0,63.11,64.09,-0.98,-1.53,63513.29,406912.801,0.9586,2.8825,1.36,16.7215,16.365,2.718,1.6568,1.5388,1.5845,1.2676,66255.6538,66255.6538,22034.0573,4181394.3113,4181394.3113,,,2.495
600150,中国船舶,船舶,上海,19980520,600150.SH,20101214,62.38,64.11,61.5,64.09,62.25,1.84,2.96,90323.44,572029.256,1.3633,4.0993,2.54,16.9812,16.6191,2.7602,1.6825,1.5627,1.5603,1.2482,66255.6538,66255.6538,22034.0573,4246324.852,4246324.852,,,2.495
600150,中国船舶,船舶,上海,19980520,600150.SH,20101213,60.6,63.3,60.6,62.25,60.06,2.19,3.65,64299.69,400348.395,0.9705,2.9182,2.3,16.4937,16.142,2.681,1.6342,1.5178,1.6064,1.2851,66255.6538,66255.6538,22034.0573,4124414.4491,4124414.4491,,,2.495
600150,中国船舶,船舶,上海,19980520,600150.SH,20101210,59.21,60.4,59.05,60.06,59.33,0.73,1.23,24477.07,146803.598,0.3694,1.1109,0.85,15.9134,15.5741,2.5867,1.5767,1.4644,1.665,1.332,66255.6538,66255.6538,22034.0573,3979314.5672,3979314.5672,,,2.495
600150,中国船舶,船舶,上海,19980520,600150.SH,20101209,60.23,60.39,59.32,59.33,60.43,-1.1,-1.82,26144.64,156291.092,0.3946,1.1866,0.89,15.72,15.3848,2.5552,1.5576,1.4466,1.6855,1.3484,66255.6538,66255.6538,22034.0573,3930947.94,3930947.94,,,2.495
600150,中国船舶,船舶,上海,19980520,600150.SH,20101208,60.39,61.04,60.01,60.43,60.47,-0.04,-0.07,28748.47,174174.983,0.4339,1.3047,1.0,16.0114,15.67,2.6026,1.5865,1.4734,1.6548,1.3238,66255.6538,66255.6538,22034.0573,4003829.1591,4003829.1591,,,2.495
600150,中国船舶,船舶,上海,19980520,600150.SH,20101207,59.98,60.77,59.2,60.47,60.19,0.28,0.47,33935.48,203298.297,0.5122,1.5401,0.99,16.022,15.6804,2.6043,1.5875,1.4744,1.6537,1.323,66255.6538,66255.6538,22034.0573,4006479.3853,4006479.3853,,,2.495
600150,中国船舶,船舶,上海,19980520,600150.SH,20101206,60.68,60.78,59.8,60.19,60.69,-0.5,-0.82,26393.59,158798.907,0.3984,1.1979,0.63,15.9479,15.6078,2.5923,1.5802,1.4676,1.6614,1.3291,66255.6538,66255.6538,22034.0573,3987927.8022,3987927.8022,,,2.495
600150,中国船舶,船舶,上海,19980520,600150.SH,20101203,61.01,61.01,60.09,60.69,61.0,-0.31,-0.51,28872.35,174739.412,0.4358,1.3104,0.66,16.0803,15.7374,2.6138,1.5933,1.4798,1.6477,1.3182,66255.6538,66255.6538,22034.0573,4021055.6291,4021055.6291,,,2.495
600150,中国船舶,船舶,上海,19980520,600150.SH,20101202,61.68,61.87,60.9,61.0,60.82,0.18,0.3,29406.75,180287.192,0.4438,1.3346,0.64,16.1625,15.8178,2.6271,1.6014,1.4873,1.6393,1.3115,66255.6538,66255.6538,22034.0573,4041594.8818,4041594.8818,,,1.548
600150,中国船舶,船舶,上海,19980520,600150.SH,20101201,61.32,61.32,60.35,60.82,61.38,-0.56,-0.91,24635.41,149732.601,0.3718,1.1181,0.48,16.1148,15.7712,2.6194,1.5967,1.4829,1.6442,1.3154,66255.6538,66255.6538,22034.0573,4029668.8641,4029668.8641,,,1.548
600150,中国船舶,船舶,上海,19980520,600150.SH,20101130,63.83,64.0,60.03,61.38,63.28,-1.9,-3.0,62103.49,383177.202,0.9373,2.8185,1.33,16.2632,15.9164,2.6435,1.6114,1.4966,1.6292,1.3034,66255.6538,66255.6538,22034.0573,4066772.0302,4066772.0302,,,1.548
600150,中国船舶,船舶,上海,19980520,600150.SH,20101129,61.3,64.24,61.27,63.28,61.27,2.01,3.28,63047.56,397943.665,0.9516,2.8614,1.47,16.7666,16.4091,2.7253,1.6613,1.5429,1.5803,1.2642,66255.6538,66255.6538,22034.0573,4192657.7725,4192657.7725,,,1.548
600150,中国船舶,船舶,上海,19980520,600150.SH,20101126,62.32,62.32,61.0,61.27,62.32,-1.05,-1.68,38135.88,233774.683,0.5756,1.7308,0.87,16.234,15.8878,2.6388,1.6085,1.4939,1.6321,1.3057,66255.6538,66255.6538,22034.0573,4059483.9083,4059483.9083,,,1.548
600150,中国船舶,船舶,上海,19980520,600150.SH,20101125,61.81,62.99,61.35,62.32,61.61,0.71,1.15,42008.08,261697.571,0.634,1.9065,0.96,16.5122,16.1601,2.684,1.6361,1.5195,1.6046,1.2837,66255.6538,66255.6538,22034.0573,4129052.3448,4129052.3448,,,1.548
600150,中国船舶,船舶,上海,19980520,600150.SH,20101124,59.1,62.09,59.0,61.61,59.4,2.21,3.72,50158.07,305913.285,0.757,2.2764,1.12,16.3241,15.976,2.6534,1.6174,1.5022,1.6231,1.2985,66255.6538,66255.6538,22034.0573,4082010.8306,4082010.8306,,,1.548
600150,中国船舶,船舶,上海,19980520,600150.SH,20101123,60.78,60.78,58.77,59.4,61.05,-1.65,-2.7,39776.18,236350.766,0.6003,1.8052,0.84,15.7385,15.4029,2.5582,1.5594,1.4483,1.6835,1.3468,66255.6538,66255.6538,22034.0573,3935585.8357,3935585.8357,,,1.548
600150,中国船舶,船舶,上海,19980520,600150.SH,20101122,60.58,61.8,60.02,61.05,61.19,-0.14,-0.23,44387.37,270053.474,0.6699,2.0145,0.92,16.1757,15.8308,2.6293,1.6027,1.4885,1.638,1.3104,66255.6538,66255.6538,22034.0573,4044907.6645,4044907.6645,,,1.548
600150,中国船舶,船舶,上海,19980520,600150.SH,20101119,61.0,61.2,59.1,61.19,60.41,0.78,1.29,43515.24,262456.246,0.6568,1.9749,0.73,16.2128,15.8671,2.6353,1.6064,1.4919,1.6343,1.3074,66255.6538,66255.6538,22034.0573,4054183.456,4054183.456,,,1.548
600150,中国船舶,船舶,上海,19980520,600150.SH,20101118,60.2,60.86,59.68,60.41,59.86,0.55,0.92,41271.51,248735.224,0.6229,1.8731,0.66,16.0061,15.6648,2.6017,1.5859,1.4729,1.6554,1.3243,66255.6538,66255.6538,22034.0573,4002504.0461,4002504.0461,,,1.548
600150,中国船舶,船舶,上海,19980520,600150.SH,20101117,61.4,61.68,59.55,59.86,61.74,-1.88,-3.05,54408.23,329641.349,0.8212,2.4693,0.84,15.8604,15.5222,2.578,1.5715,1.4595,1.6706,1.3365,66255.6538,66255.6538,22034.0573,3966063.4365,3966063.4365,,,1.548
600150,中国船舶,船舶,上海,19980520,600150.SH,20101116,64.1,64.2,61.5,61.74,64.29,-2.55,-3.97,54231.86,340560.509,0.8185,2.4613,0.86,16.3585,16.0097,2.659,1.6208,1.5054,1.6197,1.2958,66255.6538,66255.6538,22034.0573,4090624.0656,4090624.0656,,,1.548
600150,中国船舶,船舶,上海,19980520,600150.SH,20101115,63.68,64.5,62.72,64.29,63.31,0.98,1.55,48981.58,312365.678,0.7393,2.223,0.74,17.0342,16.671,2.7688,1.6878,1.5675,1.5555,1.2444,66255.6538,66255.6538,22034.0573,4259575.9828,4259575.9828,,,1.548
600150,中国船舶,船舶,上海,19980520,600150.SH,20101112,68.28,68.28,62.8,63.31,68.84,-5.53,-8.03,99909.64,658034.378,1.5079,4.5343,1.74,16.7745,16.4168,2.7266,1.6621,1.5436,1.5795,1.2636,66255.6538,66255.6538,22034.0573,4194645.4421,4194645.4421,,,1.548
600150,中国船舶,船舶,上海,19980520,600150.SH,20101111,69.05,70.49,68.81,68.84,69.17,-0.33,-0.48,53772.68,374749.315,0.8116,2.4404,0.93,18.2397,17.8508,2.9648,1.8072,1.6785,1.4526,1.1621,66255.6538,66255.6538,22034.0573,4561039.2076,4561039.2076,,,1.548
600150,中国船舶,船舶,上海,19980520,600150.SH,20101110,70.5,70.8,68.69,69.17,71.04,-1.87,-2.63,67269.67,467858.435,1.0153,3.053,1.07,18.3272,17.9364,2.979,1.8159,1.6865,1.4457,1.1566,66255.6538,66255.6538,22034.0573,4582903.5733,4582903.5733,,,1.548
600150,中国船舶,船舶,上海,19980520,600150.SH,20101109,70.9,71.21,70.37,71.04,71.22,-0.18,-0.25,46906.33,331721.982,0.708,2.1288,0.56,18.8227,18.4213,3.0595,1.865,1.7321,1.4077,1.1261,66255.6538,66255.6538,22034.0573,4706801.646,4706801.646,,,1.548
600150,中国船舶,船舶,上海,19980520,600150.SH,20101108,71.8,72.38,70.21,71.22,71.68,-0.46,-0.64,62140.22,440008.08,0.9379,2.8202,0.56,18.8703,18.468,3.0673,1.8697,1.7365,1.4041,1.1233,66255.6538,66255.6538,22034.0573,4718727.6636,4718727.6636,,,1.548
600150,中国船舶,船舶,上海,19980520,600150.SH,20101105,72.7,72.95,71.08,71.68,71.42,0.26,0.36,56225.64,404501.792,0.8486,2.5518,0.53,18.9922,18.5872,3.0871,1.8818,1.7477,1.3951,1.1161,66255.6538,66255.6538,22034.0573,4749205.2644,4749205.2644,,,1.548
600150,中国船舶,船舶,上海,19980520,600150.SH,20101104,70.7,71.9,70.51,71.42,70.9,0.52,0.73,57248.01,406677.702,0.864,2.5982,0.55,18.9233,18.5198,3.0759,1.875,1.7414,1.4002,1.1201,66255.6538,66255.6538,22034.0573,4731978.7944,4731978.7944,,,1.548
600150,中国船舶,船舶,上海,19980520,600150.SH,20101103,70.18,73.5,70.18,70.9,70.19,0.71,1.01,91685.13,661527.058,1.3838,4.1611,0.95,18.7856,18.385,3.0535,1.8613,1.7287,1.4104,1.1283,66255.6538,66255.6538,22034.0573,4697525.8544,4697525.8544,,,1.548
600150,中国船舶,船舶,上海,19980520,600150.SH,20101102,73.0,73.4,70.0,70.19,72.18,-1.99,-2.76,149531.34,1075132.077,2.2569,6.7864,1.92,18.5974,18.2009,3.0229,1.8427,1.7114,1.4247,1.1398,66255.6538,66255.6538,22034.0573,4650484.3402,4650484.3402,,,1.548
600150,中国船舶,船舶,上海,19980520,600150.SH,20101101,66.01,72.18,66.01,72.18,65.62,6.56,10.0,196643.86,1392162.712,2.968,8.9245,3.85,19.1247,18.7169,3.1086,1.8949,1.7599,1.3854,1.1083,66255.6538,66255.6538,22034.0573,4782333.0913,4782333.0913,,,1.548
600150,中国船舶,船舶,上海,19980520,600150.SH,20101029,65.28,66.0,64.2,65.62,64.95,0.67,1.03,39213.8,256116.538,0.5919,1.7797,0.73,17.3866,17.0158,2.8261,1.7227,1.6,1.5239,1.2191,66255.6538,66255.6538,22034.0573,4347696.0024,4347696.0024,,,1.548
600150,中国船舶,船舶,上海,19980520,600150.SH,20101028,66.0,66.89,64.2,64.95,66.03,-1.08,-1.64,41117.16,268426.955,0.6206,1.8661,0.7,17.2091,16.8865,2.9456,1.7051,1.6773,1.5396,1.2317,66255.6538,66255.6538,22034.0573,4303304.7143,4303304.7143,,,1.548
600150,中国船舶,船舶,上海,19980520,600150.SH,20101027,65.9,67.7,65.51,66.03,65.88,0.15,0.23,57556.92,384489.244,0.8687,2.6122,0.96,17.4952,17.1673,2.9946,1.7335,1.7052,1.5145,1.2116,66255.6538,66255.6538,22034.0573,4374860.8204,4374860.8204,,,1.548
600150,中国船舶,船舶,上海,19980520,600150.SH,20101026,66.0,67.5,65.5,65.88,65.59,0.29,0.44,55401.62,368046.253,0.8362,2.5144,0.88,17.4555,17.1283,2.9878,1.7295,1.7013,1.5179,1.2143,66255.6538,66255.6538,22034.0573,4364922.4723,4364922.4723,,,1.548
600150,中国船舶,船舶,上海,19980520,600150.SH,20101025,64.15,66.5,64.01,65.59,64.22,1.37,2.13,61829.17,403264.804,0.9332,2.8061,0.8,17.3786,17.0529,2.9747,1.7219,1.6938,1.5246,1.2197,66255.6538,66255.6538,22034.0573,4345708.3327,4345708.3327,,,1.548
600150,中国船舶,船舶,上海,19980520,600150.SH,20101022,64.94,65.01,64.02,64.22,65.22,-1.0,-1.53,52609.14,339167.602,0.794,2.3876,0.56,17.0156,16.6967,2.9125,1.686,1.6585,1.5571,1.2457,66255.6538,66255.6538,22034.0573,4254938.087,4254938.087,,,1.548
600150,中国船舶,船舶,上海,19980520,600150.SH,20101021,64.54,66.87,64.01,65.22,64.53,0.69,1.07,65981.55,432084.492,0.9959,2.9945,0.64,17.2806,16.9567,2.9579,1.7122,1.6843,1.5333,1.2266,66255.6538,66255.6538,22034.0573,4321193.7408,4321193.7408,,,1.548
600150,中国船舶,船舶,上海,19980520,600150.SH,20101020,64.01,65.88,63.36,64.53,65.64,-1.11,-1.69,64080.31,412784.028,0.9672,2.9082,0.64,17.0978,16.7773,2.9266,1.6941,1.6665,1.5497,1.2397,66255.6538,66255.6538,22034.0573,4275477.3397,4275477.3397,,,1.548
600150,中国船舶,船舶,上海,19980520,600150.SH,20101019,65.0,66.31,64.36,65.64,66.19,-0.55,-0.83,69429.93,452662.684,1.0479,3.151,0.69,17.3919,17.0659,2.9769,1.7232,1.6951,1.5235,1.2188,66255.6538,66255.6538,22034.0573,4349021.1154,4349021.1154,,,1.548
600150,中国船舶,船舶,上海,19980520,600150.SH,20101018,65.65,66.72,62.9,66.19,65.59,0.6,0.91,132493.39,862651.003,1.9997,6.0131,1.39,17.5376,17.2089,3.0019,1.7377,1.7093,1.5108,1.2086,66255.6538,66255.6538,22034.0573,4385461.725,4385461.725,,,1.548
600150,中国船舶,船舶,上海,19980520,600150.SH,20101015,63.6,67.53,62.6,65.59,63.57,2.02,3.18,138405.06,906553.858,2.089,6.2814,1.8,17.3786,17.0529,2.9747,1.7219,1.6938,1.5246,1.2197,66255.6538,66255.6538,22034.0573,4345708.3327,4345708.3327,,,1.548
600150,中国船舶,船舶,上海,19980520,600150.SH,20101014,62.5,65.2,62.25,63.57,62.25,1.32,2.12,107796.91,691474.118,1.627,4.8923,1.73,16.8434,16.5277,2.883,1.6689,1.6417,1.5731,1.2585,66255.6538,66255.6538,22034.0573,4211871.9121,4211871.9121,,,1.548
600150,中国船舶,船舶,上海,19980520,600150.SH,20101013,61.18,62.3,60.26,62.25,61.18,1.07,1.75,56217.04,345026.676,0.8485,2.5514,0.9,16.4937,16.1845,2.8232,1.6342,1.6076,1.6064,1.2851,66255.6538,66255.6538,22034.0573,4124414.4491,4124414.4491,,,1.548
600150,中国船舶,船舶,上海,19980520,600150.SH,20101012,61.98,62.88,60.99,61.18,62.26,-1.08,-1.73,66755.08,412739.592,1.0075,3.7016,1.18,16.2102,15.9063,2.7747,1.6061,1.58,1.6345,1.3076,66255.6538,66255.6538,18034.0573,4053520.8995,4053520.8995,,,1.548
600150,中国船舶,船舶,上海,19980520,600150.SH,20101011,60.4,63.8,60.4,62.26,60.5,1.76,2.91,106690.57,664101.459,1.6103,5.9161,2.75,16.4963,16.1871,2.8236,1.6345,1.6079,1.6062,1.2849,66255.6538,66255.6538,18034.0573,4125077.0056,4125077.0056,,,1.548
600150,中国船舶,船舶,上海,19980520,600150.SH,20101008,59.7,61.48,59.05,60.5,59.31,1.19,2.01,47482.41,287078.662,0.7167,2.6329,1.54,16.03,15.7295,2.7438,1.5883,1.5624,1.6529,1.3223,66255.6538,66255.6538,18034.0573,4008467.0549,4008467.0549,,,1.548
600150,中国船舶,船舶,上海,19980520,600150.SH,20100930,59.5,59.9,58.0,59.31,60.39,-1.08,-1.79,34308.38,203031.73,0.5178,1.9024,1.28,15.7147,15.4201,2.6898,1.5571,1.5317,1.6861,1.3488,66255.6538,66255.6538,18034.0573,3929622.8269,3929622.8269,,,1.548
600150,中国船舶,船舶,上海,19980520,600150.SH,20100929,57.1,61.99,56.03,60.39,57.29,3.1,5.41,57999.85,345638.109,0.8754,3.2161,3.36,16.0008,15.7009,2.7388,1.5854,1.5596,1.6559,1.3247,66255.6538,66255.6538,18034.0573,4001178.933,4001178.933,,,1.548
600150,中国船舶,船舶,上海,19980520,600150.SH,20100928,57.78,58.18,55.98,57.29,57.81,-0.52,-0.9,35451.97,201830.339,0.5351,1.9658,2.64,15.1795,14.8949,2.5982,1.504,1.4795,1.7455,1.3964,66255.6538,66255.6538,18034.0573,3795786.4062,3795786.4062,,,1.548
600150,中国船舶,船舶,上海,19980520,600150.SH,20100927,56.94,58.1,56.88,57.81,56.94,0.87,1.53,18846.69,108207.358,0.2845,1.0451,1.24,15.3172,15.0301,2.6218,1.5177,1.4929,1.7298,1.3838,66255.6538,66255.6538,18034.0573,3830239.3462,3830239.3462,,,1.548
600150,中国船舶,船舶,上海,19980520,600150.SH,20100921,56.85,57.17,56.75,56.94,56.75,0.19,0.33,7421.91,42260.321,0.2827,0.6049,0.45,15.0867,14.804,2.5824,1.4948,1.4705,1.7562,1.405,66255.6538,26255.6538,12270.3418,3772596.9274,1494996.9274,,,1.548
600150,中国船舶,船舶,上海,19980520,600150.SH,20100920,57.99,58.5,56.29,56.75,57.79,-1.04,-1.8,14757.96,84369.477,0.5621,1.2027,0.78,15.0364,14.7546,2.5737,1.4898,1.4656,1.7621,1.4097,66255.6538,26255.6538,12270.3418,3760008.3532,1490008.3532,,,1.548
600150,中国船舶,船舶,上海,19980520,600150.SH,20100917,57.81,58.39,57.51,57.79,57.89,-0.1,-0.17,9813.74,56813.166,0.3738,0.7998,0.47,15.312,15.0249,2.6209,1.5172,1.4924,1.7304,1.3843,66255.6538,26255.6538,12270.3418,3828914.2331,1517314.2331,,,1.548
600150,中国船舶,船舶,上海,19980520,600150.SH,20100916,58.58,59.15,57.51,57.89,58.52,-0.63,-1.08,16271.06,94626.855,0.6197,1.326,0.7,15.3384,15.0509,2.6254,1.5198,1.495,1.7274,1.3819,66255.6538,26255.6538,12270.3418,3835539.7985,1519939.7985,,,1.548
600150,中国船舶,船舶,上海,19980520,600150.SH,20100915,60.71,60.86,58.27,58.52,60.7,-2.18,-3.59,27506.06,162828.782,1.0476,2.2417,1.26,15.5054,15.2147,2.654,1.5363,1.5113,1.7088,1.3671,66255.6538,26255.6538,12270.3418,3877280.8604,1536480.8604,,,1.548
600150,中国船舶,船舶,上海,19980520,600150.SH,20100914,61.45,61.7,60.52,60.7,61.45,-0.75,-1.22,14229.58,86645.88,0.542,1.1597,0.62,16.083,15.7815,2.7529,1.5935,1.5676,1.6474,1.318,66255.6538,26255.6538,12270.3418,4021718.1857,1593718.1857,,,1.548
600150,中国船舶,船舶,上海,19980520,600150.SH,20100913,59.7,61.88,59.65,61.45,59.64,1.81,3.03,27120.02,165175.614,1.0329,2.2102,1.18,16.2817,15.9765,2.7869,1.6132,1.5869,1.6273,1.3019,66255.6538,26255.6538,12270.3418,4071409.926,1613409.926,,,1.548
600150,中国船舶,船舶,上海,19980520,600150.SH,20100910,60.3,60.7,58.99,59.64,60.4,-0.76,-1.26,19597.31,116829.854,0.7464,1.5971,0.85,15.8021,15.5059,2.7048,1.5657,1.5402,1.6767,1.3414,66255.6538,26255.6538,12270.3418,3951487.1926,1565887.1926,,,1.548
600150,中国船舶,船舶,上海,19980520,600150.SH,20100909,61.2,62.22,60.3,60.4,61.02,-0.62,-1.02,26981.3,165119.902,1.0276,2.1989,1.22,16.0035,15.7035,2.7393,1.5857,1.5598,1.6556,1.3245,66255.6538,26255.6538,12270.3418,4001841.4895,1585841.4895,,,1.548
600150,中国船舶,船舶,上海,19980520,600150.SH,20100908,60.78,61.34,60.28,61.02,60.96,0.06,0.1,21203.93,128873.697,0.8076,1.7281,0.95,16.1678,15.8647,2.7674,1.6019,1.5758,1.6388,1.311,66255.6538,26255.6538,12270.3418,4042919.9949,1602119.9949,,,1.548
600150,中国船舶,船舶,上海,19980520,600150.SH,20100907,61.55,61.79,60.78,60.96,61.52,-0.56,-0.91,20600.45,125870.834,0.7846,1.6789,0.9,16.1519,15.8491,2.7647,1.6004,1.5743,1.6404,1.3123,66255.6538,26255.6538,12270.3418,4038944.6556,1600544.6556,,,1.548
600150,中国船舶,船舶,上海,19980520,600150.SH,20100906,61.45,61.7,60.52,61.52,61.08,0.44,0.72,26981.41,165174.826,1.0276,2.1989,1.23,16.3002,15.9947,2.7901,1.6151,1.5887,1.6255,1.3004,66255.6538,26255.6538,12270.3418,4076047.8218,1615247.8218,,,1.548
600150,中国船舶,船舶,上海,19980520,600150.SH,20100903,60.99,61.31,60.5,61.08,60.92,0.16,0.26,19628.08,119504.64,0.7476,1.5996,0.93,16.1837,15.8803,2.7701,1.6035,1.5774,1.6372,1.3098,66255.6538,26255.6538,12270.3418,4046895.3341,1603695.3341,,,1.548
600150,中国船舶,船舶,上海,19980520,600150.SH,20100902,60.52,61.12,59.75,60.92,59.71,1.21,2.03,22020.03,133426.846,0.8387,1.7946,1.03,16.1413,15.8387,2.7629,1.5993,1.5732,1.6415,1.3132,66255.6538,26255.6538,12270.3418,4036294.4295,1599494.4295,,,1.548
600150,中国船舶,船舶,上海,19980520,600150.SH,20100901,61.18,61.2,59.3,59.71,60.99,-1.28,-2.1,22487.28,135363.085,0.8565,1.8327,1.08,15.8207,15.5241,2.708,1.5676,1.542,1.6748,1.3398,66255.6538,26255.6538,12270.3418,3956125.0884,1567725.0884,,,1.548
600150,中国船舶,船舶,上海,19980520,600150.SH,20100831,60.28,61.49,59.7,60.99,60.56,0.43,0.71,23967.23,146156.015,0.9128,1.9533,1.26,16.1598,15.8569,2.766,1.6012,1.5751,1.6396,1.3117,66255.6538,26255.6538,12270.3418,4040932.3253,1601332.3253,,,1.548
600150,中国船舶,船舶,上海,19980520,600150.SH,20100830,58.91,60.7,58.91,60.56,58.8,1.76,2.99,21930.38,131820.36,0.8353,1.7873,1.13,16.0459,15.7451,2.7465,1.5899,1.5639,1.6513,1.321,66255.6538,26255.6538,12270.3418,4012442.3941,1590042.3941,,,1.548
600150,中国船舶,船舶,上海,19980520,600150.SH,20100827,58.38,58.96,57.74,58.8,58.69,0.11,0.19,14941.56,87036.04,0.5691,1.2177,0.7,15.5796,15.2875,2.6667,1.5437,1.5185,1.7007,1.3605,66255.6538,26255.6538,12270.3418,3895832.4434,1543832.4434,,,1.548
600150,中国船舶,船舶,上海,19980520,600150.SH,20100826,59.06,60.16,57.99,58.69,59.08,-0.39,-0.66,24086.01,140996.013,0.9174,1.9629,1.08,15.5504,15.2589,2.6617,1.5408,1.5157,1.7039,1.3631,66255.6538,26255.6538,12270.3418,3888544.3215,1540944.3215,,,1.548
600150,中国船舶,船舶,上海,19980520,600150.SH,20100825,60.51,60.6,59.05,59.08,60.8,-1.72,-2.83,19146.18,114245.255,0.7292,1.5604,0.61,15.6537,15.3603,2.6794,1.551,1.5257,1.6926,1.3541,66255.6538,26255.6538,12270.3418,3914384.0265,1551184.0265,,,1.548
600150,中国船舶,船舶,上海,19980520,600150.SH,20100824,61.3,61.39,60.03,60.8,61.42,-0.62,-1.01,15213.48,92448.715,0.5794,1.2399,0.41,16.1095,15.8075,2.7574,1.5962,1.5701,1.6447,1.3158,66255.6538,26255.6538,12270.3418,4028343.751,1596343.751,,,1.548
600150,中国船舶,船舶,上海,19980520,600150.SH,20100823,60.49,62.66,60.49,61.42,60.47,0.95,1.57,23980.66,148397.86,0.9134,1.9544,0.68,16.2737,15.9687,2.7855,1.6124,1.5862,1.6281,1.3025,66255.6538,26255.6538,12270.3418,4069422.2564,1612622.2564,,,1.548
600150,中国船舶,船舶,上海,19980520,600150.SH,20100820,62.38,62.38,60.3,60.47,61.65,-1.18,-1.91,24683.41,150825.633,0.9401,2.0116,0.73,16.022,15.7217,2.7425,1.5875,1.5616,1.6537,1.323,66255.6538,26255.6538,12270.3418,4006479.3853,1587679.3853,,,1.548
600150,中国船舶,船舶,上海,19980520,600150.SH,20100818,62.4,63.07,61.5,61.65,62.48,-0.83,-1.33,28166.15,174699.457,1.0728,2.2955,0.91,16.3347,16.0285,2.796,1.6185,1.5921,1.6221,1.2976,66255.6538,26255.6538,12270.3418,4084661.0568,1618661.0568,,,1.548
600150,中国船舶,船舶,上海,19980520,600150.SH,20100817,60.47,63.1,60.3,62.48,60.26,2.22,3.68,64073.59,399508.195,2.4404,5.2218,2.77,16.5546,16.2443,2.8336,1.6403,1.6135,1.6005,1.2804,66255.6538,26255.6538,12270.3418,4139653.2494,1640453.2494,,,1.548
600150,中国船舶,船舶,上海,19980520,600150.SH,20100816,58.0,60.73,57.4,60.26,58.01,2.25,3.88,45267.15,272174.782,1.7241,3.6892,2.27,15.9664,15.6671,2.7329,1.582,1.5562,1.6595,1.3276,66255.6538,26255.6538,12270.3418,3992565.698,1582165.698,,,1.548
600150,中国船舶,船舶,上海,19980520,600150.SH,20100813,57.11,58.05,57.05,58.01,57.21,0.8,1.4,14632.0,84150.059,0.5573,1.1925,0.71,15.3702,15.0821,2.6309,1.5229,1.4981,1.7238,1.3791,66255.6538,26255.6538,12270.3418,3843490.4769,1523090.4769,,,1.548
600150,中国船舶,船舶,上海,19980520,600150.SH,20100812,57.98,58.3,57.2,57.21,58.5,-1.29,-2.21,17716.78,102192.186,0.6748,1.4439,0.87,15.1583,14.8742,2.5946,1.5019,1.4774,1.7479,1.3984,66255.6538,26255.6538,12270.3418,3790485.9539,1502085.9539,,,1.548
600150,中国船舶,船舶,上海,19980520,600150.SH,20100811,58.29,59.06,58.05,58.5,58.45,0.05,0.09,12804.15,74866.659,0.4877,1.0435,0.58,15.5001,15.2095,2.6531,1.5358,1.5107,1.7094,1.3675,66255.6538,26255.6538,12270.3418,3875955.7473,1535955.7473,,,1.548
600150,中国船舶,船舶,上海,19980520,600150.SH,20100810,60.85,60.91,58.43,58.45,60.65,-2.2,-3.63,25347.17,150938.551,0.9654,2.0657,1.16,15.4868,15.1965,2.6508,1.5345,1.5095,1.7109,1.3687,66255.6538,26255.6538,12270.3418,3872642.9646,1534642.9646,,,1.548
600150,中国船舶,船舶,上海,19980520,600150.SH,20100809,59.8,60.8,59.66,60.65,59.79,0.86,1.44,29105.9,175436.718,1.1086,2.3721,1.33,16.0697,15.7685,2.7506,1.5922,1.5663,1.6488,1.319,66255.6538,26255.6538,12270.3418,4018405.403,1592405.403,,,1.548
600150,中国船舶,船舶,上海,19980520,600150.SH,20100806,58.9,59.9,58.3,59.79,58.58,1.21,2.07,17358.94,102803.33,0.6612,1.4147,0.77,15.8419,15.5449,2.7116,1.5697,1.5441,1.6725,1.338,66255.6538,26255.6538,12270.3418,3961425.5407,1569825.5407,,,1.548
600150,中国船舶,船舶,上海,19980520,600150.SH,20100805,59.2,59.5,58.25,58.58,59.1,-0.52,-0.88,17465.25,103057.434,0.6652,1.4234,0.71,15.5213,15.2303,2.6567,1.5379,1.5128,1.7071,1.3657,66255.6538,26255.6538,12270.3418,3881256.1996,1538056.1996,,,1.548
600150,中国船舶,船舶,上海,19980520,600150.SH,20100804,58.65,59.3,58.0,59.1,58.9,0.2,0.34,20177.56,118148.527,0.7685,1.6444,0.8,15.659,15.3655,2.6803,1.5515,1.5262,1.692,1.3536,66255.6538,26255.6538,12270.3418,3915709.1396,1551709.1396,,,1.548
600150,中国船舶,船舶,上海,19980520,600150.SH,20100803,60.59,60.78,58.8,58.9,60.36,-1.46,-2.42,24808.95,148790.035,0.9449,2.0219,1.06,15.6061,15.3135,2.6713,1.5463,1.5211,1.6978,1.3582,66255.6538,26255.6538,12270.3418,3902458.0088,1546458.0088,,,1.548
600150,中国船舶,船舶,上海,19980520,600150.SH,20100802,59.77,60.8,59.5,60.36,59.75,0.61,1.02,30001.46,180470.838,1.1427,2.445,1.42,15.9929,15.6931,2.7375,1.5846,1.5588,1.6567,1.3254,66255.6538,26255.6538,12270.3418,3999191.2634,1584791.2634,,,1.548
600150,中国船舶,船舶,上海,19980520,600150.SH,20100730,60.0,60.48,59.3,59.75,60.03,-0.28,-0.47,20954.81,125246.32,0.7981,1.7078,1.03,15.8313,15.3994,2.7144,1.5686,1.5579,1.6736,1.3389,66255.6538,26255.6538,12270.3418,3958775.3146,1568775.3146,,,1.548
600150,中国船舶,船舶,上海,19980520,600150.SH,20100729,59.5,60.3,59.02,60.03,59.36,0.67,1.13,27360.3,163511.286,1.0421,2.2298,1.5,15.9055,15.4716,2.7271,1.576,1.5652,1.6658,1.3327,66255.6538,26255.6538,12270.3418,3977326.8976,1576126.8976,,,1.548
600150,中国船舶,船舶,上海,19980520,600150.SH,20100728,58.44,59.4,58.3,59.36,58.14,1.22,2.1,22932.44,135434.031,0.8734,1.8689,1.33,15.7279,15.2989,2.6967,1.5584,1.5477,1.6846,1.3477,66255.6538,26255.6538,12270.3418,3932935.6096,1558535.6096,,,1.548
600150,中国船舶,船舶,上海,19980520,600150.SH,20100727,58.69,58.93,58.1,58.14,58.88,-0.74,-1.26,15676.33,91611.199,0.5971,1.2776,0.84,15.4047,14.9845,2.6412,1.5263,1.5159,1.72,1.376,66255.6538,26255.6538,12270.3418,3852103.7119,1526503.7119,,,1.548
600150,中国船舶,船舶,上海,19980520,600150.SH,20100726,58.17,59.26,58.17,58.88,58.17,0.71,1.22,18406.39,108392.32,0.701,1.5001,1.04,15.6008,15.1752,2.6749,1.5458,1.5352,1.6984,1.3587,66255.6538,26255.6538,12270.3418,3901132.8957,1545932.8957,,,1.548
600150,中国船舶,船舶,上海,19980520,600150.SH,20100723,58.56,59.49,57.68,58.17,58.46,-0.29,-0.5,17704.96,103452.669,0.6743,1.4429,1.1,15.4126,14.9922,2.6426,1.5271,1.5167,1.7191,1.3753,66255.6538,26255.6538,12270.3418,3854091.3815,1527291.3815,,,1.548
600150,中国船舶,船舶,上海,19980520,600150.SH,20100722,57.5,58.5,57.31,58.46,57.71,0.75,1.3,16566.62,96153.776,0.631,1.3501,1.14,15.4895,15.067,2.6558,1.5347,1.5242,1.7106,1.3685,66255.6538,26255.6538,12270.3418,3873305.5211,1534905.5211,,,1.548
600150,中国船舶,船舶,上海,19980520,600150.SH,20100721,57.88,58.3,57.23,57.71,57.97,-0.26,-0.45,18158.57,104756.885,0.6916,1.4799,1.38,15.2908,14.8737,2.6217,1.5151,1.5047,1.7328,1.3862,66255.6538,26255.6538,12270.3418,3823613.7808,1515213.7808,,,1.548
600150,中国船舶,船舶,上海,19980520,600150.SH,20100720,56.3,58.0,56.11,57.97,56.28,1.69,3.0,22966.35,131536.866,0.8747,1.8717,2.21,15.3596,14.9407,2.6335,1.5219,1.5115,1.725,1.38,66255.6538,26255.6538,12270.3418,3840840.2508,1522040.2508,,,1.548
600150,中国船舶,船舶,上海,19980520,600150.SH,20100719,54.8,56.85,54.36,56.28,55.17,1.11,2.01,12872.3,71747.133,0.4903,1.0491,1.1,14.9119,14.5051,2.5567,1.4775,1.4674,1.7768,1.4215,66255.6538,26255.6538,12270.3418,3728868.1959,1477668.1959,,,1.548
600150,中国船舶,船舶,上海,19980520,600150.SH,20100716,55.57,56.0,54.41,55.17,56.07,-0.9,-1.61,10056.39,55366.844,0.383,0.8196,0.77,14.6178,14.219,2.5063,1.4484,1.4385,1.8126,1.4501,66255.6538,26255.6538,12270.3418,3655324.4201,1448524.4201,,,1.548
600150,中国船舶,船舶,上海,19980520,600150.SH,20100715,56.56,57.3,56.0,56.07,56.82,-0.75,-1.32,8774.07,49622.602,0.3342,0.7151,0.66,14.8562,14.451,2.5472,1.472,1.4619,1.7835,1.4268,66255.6538,26255.6538,12270.3418,3714954.5086,1472154.5086,,,1.548
600150,中国船舶,船舶,上海,19980520,600150.SH,20100714,56.15,57.73,56.15,56.82,56.03,0.79,1.41,11248.96,64184.891,0.4284,0.9168,0.87,15.0549,14.6443,2.5813,1.4917,1.4815,1.7599,1.408,66255.6538,26255.6538,12270.3418,3764646.2489,1491846.2489,,,1.548
600150,中国船舶,船舶,上海,19980520,600150.SH,20100713,57.39,57.39,55.83,56.03,57.57,-1.54,-2.68,9005.88,50672.233,0.343,0.734,0.64,14.8456,14.4407,2.5454,1.4709,1.4609,1.7848,1.4278,66255.6538,26255.6538,12270.3418,3712304.2824,1471104.2824,,,1.548
600150,中国船舶,船舶,上海,19980520,600150.SH,20100712,57.55,58.5,57.55,58.37,57.01,1.36,2.39,19613.7,113852.526,0.747,1.5985,1.63,15.4656,15.0438,2.6517,1.5324,1.5219,1.7132,,66255.6538,26255.6538,12270.3418,3867342.5123,1532542.5123,,,1.548
600150,中国船舶,船舶,上海,19980520,600150.SH,20100709,55.5,57.35,55.01,57.01,55.37,1.64,2.96,16909.41,95590.77,0.644,1.3781,1.56,15.1053,14.6933,2.5899,1.4967,1.4864,1.7541,,66255.6538,26255.6538,12270.3418,3777234.8231,1496834.8231,,,1.548
600150,中国船舶,船舶,上海,19980520,600150.SH,20100708,55.36,55.69,54.8,55.37,55.28,0.09,0.16,9334.26,51532.333,0.3555,0.7607,0.88,14.6708,14.2706,2.5154,1.4536,1.4437,1.806,,66255.6538,26255.6538,12270.3418,3668575.5509,1453775.5509,,,1.548
600150,中国船舶,船舶,上海,19980520,600150.SH,20100707,55.1,55.45,54.57,55.28,55.19,0.09,0.16,9541.18,52394.691,0.3634,0.7776,0.84,14.6469,14.2474,2.5113,1.4513,1.4413,1.809,,66255.6538,26255.6538,12270.3418,3662612.5421,1451412.5421,,,1.548
600150,中国船舶,船舶,上海,19980520,600150.SH,20100706,53.35,55.23,53.35,55.19,53.35,1.84,3.45,15003.55,82005.529,0.5714,1.2227,1.27,14.6231,14.2242,2.5072,1.4489,1.439,1.8119,,66255.6538,26255.6538,12270.3418,3656649.5332,1449049.5332,,,1.548
600150,中国船舶,船舶,上海,19980520,600150.SH,20100705,54.45,54.45,52.8,53.35,54.48,-1.13,-2.07,9553.29,50950.719,0.3639,0.7786,0.78,14.1355,13.75,2.4236,1.4006,1.391,1.8744,,66255.6538,26255.6538,12270.3418,3534739.1302,1400739.1302,,,1.548
600150,中国船舶,船舶,上海,19980520,600150.SH,20100702,55.28,55.4,53.1,54.48,55.14,-0.66,-1.2,10702.14,57981.063,0.4076,0.8722,0.87,14.4349,14.0412,2.475,1.4303,1.4205,1.8355,,66255.6538,26255.6538,12270.3418,3609608.019,1430408.019,,,1.548
600150,中国船舶,船舶,上海,19980520,600150.SH,20100701,55.88,56.09,55.0,55.14,55.41,-0.27,-0.49,8193.64,45415.377,0.3121,0.6678,0.55,14.6098,14.2113,2.5049,1.4476,1.4377,1.8136,,66255.6538,26255.6538,12270.3418,3653336.7505,1447736.7505,,,1.548
600150,中国船舶,船舶,上海,19980520,600150.SH,20100630,57.5,57.5,55.08,55.41,57.73,-2.32,-4.02,13370.09,74556.566,0.5092,1.0896,0.92,14.6813,14.2809,2.5172,1.4547,1.4447,1.8047,,66255.6538,26255.6538,12270.3418,3671225.7771,1454825.7771,,,1.548
600150,中国船舶,船舶,上海,19980520,600150.SH,20100629,60.4,60.76,57.7,57.73,60.29,-2.56,-4.25,17051.77,100709.88,0.6495,1.3897,1.25,15.2961,14.8788,2.6226,1.5156,1.5052,1.7322,,66255.6538,26255.6538,12270.3418,3824938.8939,1515738.8939,,,1.548
600150,中国船舶,船舶,上海,19980520,600150.SH,20100628,61.19,61.35,60.26,60.29,61.15,-0.86,-1.41,12139.34,73746.532,0.4624,0.9893,0.88,15.9743,15.5386,2.7389,1.5828,1.572,1.6586,,66255.6538,26255.6538,12270.3418,3994553.3676,1582953.3676,,,1.548
600150,中国船舶,船舶,上海,19980520,600150.SH,20100625,61.0,61.39,60.88,61.15,61.41,-0.26,-0.42,11087.26,67714.416,0.4223,0.9036,0.79,16.2022,15.7603,2.778,1.6054,1.5944,1.6353,,66255.6538,26255.6538,12270.3418,4051533.2299,1605533.2299,,,1.548
600150,中国船舶,船舶,上海,19980520,600150.SH,20100624,62.0,62.0,61.08,61.41,62.01,-0.6,-0.97,20384.84,124976.664,0.7764,1.6613,1.72,16.2711,15.8273,2.7898,1.6122,1.6012,1.6284,,66255.6538,26255.6538,12270.3418,4068759.6999,1612359.6999,,,1.548
600150,中国船舶,船舶,上海,19980520,600150.SH,20100623,62.61,62.71,61.56,62.01,62.91,-0.9,-1.43,12279.13,76250.199,0.4677,1.0007,1.02,16.4301,15.9819,2.817,1.6279,1.6168,1.6126,,66255.6538,26255.6538,12270.3418,4108513.0921,1628113.0921,,,1.548
600150,中国船舶,船舶,上海,19980520,600150.SH,20100622,63.05,63.1,62.52,62.91,63.22,-0.31,-0.49,12581.33,79034.887,0.4792,1.0253,1.0,16.6685,16.2139,2.8579,1.6516,1.6403,1.5896,,66255.6538,26255.6538,12270.3418,4168143.1806,1651743.1806,,,1.548
600150,中国船舶,船舶,上海,19980520,600150.SH,20100621,62.08,63.25,61.02,63.22,62.22,1.0,1.61,13011.2,81462.966,0.4956,1.0604,0.87,16.7507,16.2938,2.872,1.6597,1.6484,1.5818,,66255.6538,26255.6538,12270.3418,4188682.4332,1659882.4332,,,1.548
600150,中国船舶,船舶,上海,19980520,600150.SH,20100618,62.86,63.49,62.11,62.22,62.98,-0.76,-1.21,12361.6,77850.672,0.4708,1.0074,0.85,16.4857,16.036,2.8266,1.6335,1.6223,1.6072,,66255.6538,26255.6538,12270.3418,4122426.7794,1633626.7794,,,1.548
600150,中国船舶,船舶,上海,19980520,600150.SH,20100617,63.4,63.9,62.93,62.98,62.93,0.05,0.08,8934.01,56617.694,0.3403,0.7281,0.54,16.6871,16.2319,2.8611,1.6534,1.6421,1.5878,1.5878,66255.6538,26255.6538,12270.3418,4172781.0763,1653581.0763,,,1.548
600150,中国船舶,船舶,上海,19980520,600150.SH,20100611,63.49,63.99,62.81,62.93,63.06,-0.13,-0.21,13493.45,85545.131,0.5139,1.0997,0.75,16.6738,16.219,2.8588,1.6521,1.6408,1.5891,1.5891,66255.6538,26255.6538,12270.3418,4169468.2936,1652268.2936,,,1.548
600150,中国船舶,船舶,上海,19980520,600150.SH,20100610,63.43,63.79,62.52,63.06,63.49,-0.43,-0.68,15141.84,95820.556,0.5767,1.234,0.89,16.7083,16.2525,2.8647,1.6555,1.6442,1.5858,1.5858,66255.6538,26255.6538,12270.3418,4178081.5286,1655681.5286,,,1.548
600150,中国船舶,船舶,上海,19980520,600150.SH,20100609,62.89,63.53,62.0,63.49,62.48,1.01,1.62,24449.29,153956.925,0.9312,1.9926,1.72,16.8222,16.3634,2.8843,1.6668,1.6554,1.5751,1.5751,66255.6538,26255.6538,12270.3418,4206571.4598,1666971.4598,,,1.548
600150,中国船舶,船舶,上海,19980520,600150.SH,20100608,62.22,62.8,61.85,62.48,62.32,0.16,0.26,10778.74,67174.413,0.4105,0.8784,0.73,16.5546,16.103,2.8384,1.6403,1.6291,1.6005,1.6005,66255.6538,26255.6538,12270.3418,4139653.2494,1640453.2494,,,1.548
600150,中国船舶,船舶,上海,19980520,600150.SH,20100607,62.35,62.78,61.89,62.32,63.9,-1.58,-2.47,18875.66,117513.193,0.7189,1.5383,1.32,16.5122,16.0618,2.8311,1.6361,1.6249,1.6046,1.6046,66255.6538,26255.6538,12270.3418,4129052.3448,1636252.3448,,,1.548
600150,中国船舶,船舶,上海,19980520,600150.SH,20100604,62.4,64.75,62.39,63.9,62.89,1.01,1.61,20285.93,129953.677,0.7726,1.6532,1.34,16.9308,16.469,2.9029,1.6776,1.6661,1.5649,1.5649,66255.6538,26255.6538,12270.3418,4233736.2778,1677736.2778,,,1.548
600150,中国船舶,船舶,上海,19980520,600150.SH,20100603,63.36,63.99,62.72,62.89,62.98,-0.09,-0.14,10890.88,69109.431,0.4148,0.8876,0.65,16.6632,16.2087,2.857,1.651,1.6398,1.5901,1.5901,66255.6538,26255.6538,12270.3418,4166818.0675,1651218.0675,,,1.548
600150,中国船舶,船舶,上海,19980520,600150.SH,20100602,62.6,63.26,62.21,62.98,62.8,0.18,0.29,10405.54,65321.54,0.3963,0.848,0.61,16.6871,16.2319,2.8611,1.6534,1.6421,1.5878,1.5878,66255.6538,26255.6538,12270.3418,4172781.0763,1653581.0763,,,1.548
600150,中国船舶,船舶,上海,19980520,600150.SH,20100601,63.12,63.9,62.16,62.8,63.32,-0.52,-0.82,13829.89,87038.121,0.5267,1.1271,0.74,16.6394,16.1855,2.8529,1.6487,1.6374,1.5924,1.5924,66255.6538,26255.6538,12270.3418,4160855.0586,1648855.0586,,,1.548
600150,中国船舶,船舶,上海,19980520,600150.SH,20100531,64.89,64.99,63.1,63.32,65.47,-2.15,-3.28,16113.78,102902.122,0.6137,1.3132,0.75,16.7772,16.3195,2.8766,1.6623,1.651,1.5793,1.5793,66255.6538,26255.6538,12270.3418,4195307.9986,1662507.9986,,,1.548
600150,中国船舶,船舶,上海,19980520,600150.SH,20100528,65.25,66.5,65.12,65.47,65.09,0.38,0.58,24207.48,159139.118,0.922,1.9728,1.11,17.3468,16.8737,2.9742,1.7188,1.707,1.5274,1.5274,66255.6538,26255.6538,12270.3418,4337757.6543,1718957.6543,78.07,63.87,1.548
600150,中国船舶,船舶,上海,19980520,600150.SH,20100527,64.51,65.27,63.01,65.09,64.85,0.24,0.37,18915.91,121611.568,0.7205,1.5416,0.83,17.2461,16.7757,2.957,1.7088,1.6971,1.5363,1.5363,66255.6538,26255.6538,12270.3418,4312580.5058,1708980.5058,,,1.548
600150,中国船舶,船舶,上海,19980520,600150.SH,20100526,64.0,65.5,64.0,64.85,64.32,0.53,0.82,12288.71,79712.342,0.468,1.0015,0.51,17.1826,16.7139,2.9461,1.7025,1.6909,1.542,1.542,66255.6538,26255.6538,12270.3418,4296679.1489,1702679.1489,,,1.548
600150,中国船舶,船舶,上海,19980520,600150.SH,20100525,66.0,66.0,63.91,64.32,66.07,-1.75,-2.65,21962.33,142298.721,0.8365,1.7899,0.87,17.0421,16.5773,2.922,1.6886,1.677,1.5547,1.5547,66255.6538,26255.6538,12270.3418,4261563.6524,1688763.6524,,,1.548
600150,中国船舶,船舶,上海,19980520,600150.SH,20100524,64.07,66.58,64.0,66.07,64.07,2.0,3.12,30391.34,199483.782,1.1575,2.4768,1.25,17.5058,17.0283,3.0015,1.7345,1.7227,1.5135,1.5135,66255.6538,26255.6538,12270.3418,4377511.0466,1734711.0466,,,1.548
600150,中国船舶,船舶,上海,19980520,600150.SH,20100521,62.1,64.4,61.97,64.07,64.97,-0.9,-1.39,25556.94,161499.007,0.9734,2.0828,1.01,16.9759,16.5128,2.9106,1.682,1.6705,1.5608,1.5608,66255.6538,26255.6538,12270.3418,4244999.739,1682199.739,,,1.548
600150,中国船舶,船舶,上海,19980520,600150.SH,20100519,63.3,66.3,63.01,64.97,63.79,1.18,1.85,23291.76,151164.792,0.8871,1.8982,0.78,17.2144,16.7448,2.9515,1.7056,1.694,1.5392,1.5392,66255.6538,26255.6538,12270.3418,4304629.8274,1705829.8274,,,1.548
600150,中国船舶,船舶,上海,19980520,600150.SH,20100518,62.51,64.97,62.0,63.79,63.11,0.68,1.08,19341.94,122532.775,0.7367,1.5763,0.51,16.9017,16.4407,2.8979,1.6747,1.6632,1.5676,1.5676,66255.6538,26255.6538,12270.3418,4226448.1559,1674848.1559,,,1.548
600150,中国船舶,船舶,上海,19980520,600150.SH,20100517,66.0,66.0,63.0,63.11,67.08,-3.97,-5.92,28152.4,180905.543,1.0722,2.2943,0.51,16.7215,16.2654,2.867,1.6568,1.6455,1.5845,1.5845,66255.6538,26255.6538,12270.3418,4181394.3113,1656994.3113,,,1.548
600150,中国船舶,船舶,上海,19980520,600150.SH,20100514,68.0,68.6,66.88,67.08,68.85,-1.77,-2.57,25081.16,168813.735,0.9553,2.044,0.42,17.7734,17.2886,3.0474,1.761,1.749,1.4908,1.4908,66255.6538,26255.6538,12270.3418,4444429.2569,1761229.2569,,,1.548
600150,中国船舶,船舶,上海,19980520,600150.SH,20100513,67.52,68.92,66.61,68.85,67.44,1.41,2.09,30478.91,207607.547,1.1609,2.4839,0.5,18.2424,17.7448,3.1278,1.8075,1.7951,1.4524,1.4524,66255.6538,26255.6538,12270.3418,4561701.7641,1807701.7641,,,1.548
600150,中国船舶,船舶,上海,19980520,600150.SH,20100512,69.8,69.8,65.2,67.44,70.27,-2.83,-4.03,45995.93,310498.912,1.7518,3.7485,0.83,17.8688,17.3814,3.0637,1.7705,1.7584,1.4828,1.4828,66255.6538,26255.6538,12270.3418,4468281.2923,1770681.2923,,,1.548
600150,中国船舶,船舶,上海,19980520,600150.SH,20100511,70.5,71.2,68.88,70.27,70.23,0.04,0.06,60889.49,426427.593,2.3191,4.9623,1.36,18.6186,18.1108,3.1923,1.8448,1.8322,1.4231,1.4231,66255.6538,26255.6538,12270.3418,4655784.7925,1844984.7925,,,1.548
600150,中国船舶,船舶,上海,19980520,600150.SH,20100510,65.15,71.68,65.15,70.23,65.16,5.07,7.78,112177.27,774046.649,4.2725,9.1421,4.4,18.608,18.1005,3.1905,1.8437,1.8311,1.4239,1.4239,66255.6538,26255.6538,12270.3418,4653134.5664,1843934.5664,,,1.548
600150,中国船舶,船舶,上海,19980520,600150.SH,20100507,61.8,65.5,61.67,65.16,63.17,1.99,3.15,49741.34,321518.773,1.8945,4.0538,2.37,17.2647,16.7938,2.9601,1.7106,1.6989,1.5347,1.5347,66255.6538,26255.6538,12270.3418,4317218.4016,1710818.4016,,,1.548
600150,中国船舶,船舶,上海,19980520,600150.SH,20100506,62.9,65.4,62.55,63.17,63.18,-0.01,-0.02,34801.08,223799.495,1.3255,2.8362,2.05,16.7374,16.2809,2.8697,1.6584,1.6471,1.583,1.583,66255.6538,26255.6538,12270.3418,4185369.6505,1658569.6505,,,1.548
600150,中国船舶,船舶,上海,19980520,600150.SH,20100505,62.0,63.65,60.88,63.18,62.55,0.63,1.01,18568.03,115311.972,0.7072,1.5132,1.05,16.7401,16.2835,2.8702,1.6587,1.6473,1.5828,1.5828,66255.6538,26255.6538,12270.3418,4186032.2071,1658832.2071,,,1.548
600150,中国船舶,船舶,上海,19980520,600150.SH,20100504,62.5,63.4,62.0,62.55,63.63,-1.08,-1.7,9379.62,58819.841,0.3572,0.7644,0.51,16.5732,16.1211,2.8416,1.6421,1.6309,1.5987,1.5987,66255.6538,26255.6538,12270.3418,4144291.1452,1642291.1452,,,1.548
600150,中国船舶,船舶,上海,19980520,600150.SH,20100430,64.08,64.31,62.4,63.63,64.34,-0.71,-1.1,14872.57,94138.045,0.5665,1.2121,0.8,16.8593,16.3994,2.8906,1.6705,1.659,1.5716,1.5716,66255.6538,26255.6538,12270.3418,4215847.2513,1670647.2513,,,1.548
600150,中国船舶,船舶,上海,19980520,600150.SH,20100429,62.27,65.25,62.27,64.34,62.12,2.22,3.57,27372.01,174688.082,1.0425,2.2307,1.62,17.0474,16.5824,2.9229,1.6891,1.6776,1.5542,1.5542,66255.6538,26255.6538,12270.3418,4262888.7655,1689288.7655,,,1.548
600150,中国船舶,船舶,上海,19980520,600150.SH,20100428,62.25,62.77,61.65,62.12,62.88,-0.76,-1.21,14529.69,90049.961,0.5534,1.1841,0.8,16.4592,16.4592,2.9629,1.6308,1.6308,1.6098,1.6098,66255.6538,26255.6538,12270.3418,4115801.2141,1631001.2141,,,1.548
600150,中国船舶,船舶,上海,19980520,600150.SH,20100427,65.1,65.2,61.58,62.88,64.95,-2.07,-3.19,22110.41,139876.497,0.8421,1.8019,1.2,16.6606,16.6606,2.9991,1.6508,1.6508,1.5903,1.5903,66255.6538,26255.6538,12270.3418,4166155.5109,1650955.5109,,,1.548
600150,中国船舶,船舶,上海,19980520,600150.SH,20100426,65.0,65.41,64.75,64.95,65.09,-0.14,-0.22,12546.43,81637.428,0.4779,1.0225,0.54,17.2091,17.2091,3.0979,1.7051,1.7051,1.5396,1.5396,66255.6538,26255.6538,12270.3418,4303304.7143,1705304.7143,,,1.548
600150,中国船舶,船舶,上海,19980520,600150.SH,20100423,65.23,65.87,64.83,65.09,65.21,-0.12,-0.18,16330.99,106593.871,0.622,1.3309,0.7,17.2461,17.2461,3.1045,1.7088,1.7088,1.5363,1.5363,66255.6538,26255.6538,12270.3418,4312580.5058,1708980.5058,,,1.548
600150,中国船舶,船舶,上海,19980520,600150.SH,20100422,66.1,66.15,65.0,65.21,66.1,-0.89,-1.35,19055.17,124491.474,0.7258,1.5529,0.79,17.2779,17.2779,3.1103,1.7119,1.7119,1.5335,1.5335,66255.6538,26255.6538,12270.3418,4320531.1843,1712131.1843,,,1.548
600150,中国船舶,船舶,上海,19980520,600150.SH,20100421,65.2,66.22,64.8,66.1,65.25,0.85,1.3,20921.88,137306.392,0.7969,1.7051,0.76,17.5138,17.5138,3.1527,1.7353,1.7353,1.5129,1.5129,66255.6538,26255.6538,12270.3418,4379498.7162,1735498.7162,,,1.548
600150,中国船舶,船舶,上海,19980520,600150.SH,20100420,66.5,67.11,64.7,65.25,66.46,-1.21,-1.82,23163.47,151630.111,0.8822,1.8878,0.81,17.2885,17.2885,3.1122,1.713,1.713,1.5326,1.5326,66255.6538,26255.6538,12270.3418,4323181.4105,1713181.4105,,,1.548
600150,中国船舶,船舶,上海,19980520,600150.SH,20100419,69.0,69.01,66.45,66.46,69.5,-3.04,-4.37,37652.34,254891.225,1.4341,3.0686,1.41,17.6091,17.6091,3.1699,1.7448,1.7448,1.5047,1.5047,66255.6538,26255.6538,12270.3418,4403350.7515,1744950.7515,,,1.548
600150,中国船舶,船舶,上海,19980520,600150.SH,20100416,69.8,70.14,69.07,69.5,69.87,-0.37,-0.53,15239.79,106274.372,0.5804,1.242,0.55,18.4146,18.4146,3.3149,1.8246,1.8246,1.4388,1.4388,66255.6538,26255.6538,12270.3418,4604767.9391,1824767.9391,,,1.548
600150,中国船舶,船舶,上海,19980520,600150.SH,20100415,70.6,70.6,69.51,69.87,70.8,-0.93,-1.31,23997.09,167922.425,0.914,1.9557,0.86,18.5126,18.5126,3.3325,1.8343,1.8343,1.4312,1.4312,66255.6538,26255.6538,12270.3418,4629282.531,1834482.531,,,1.548
600150,中国船舶,船舶,上海,19980520,600150.SH,20100414,69.76,71.2,69.0,70.8,69.71,1.09,1.56,38280.32,268698.815,1.458,3.1197,1.49,18.7591,18.7591,3.3769,1.8587,1.8587,1.4124,1.4124,66255.6538,26255.6538,12270.3418,4690900.289,1858900.289,,,1.548
600150,中国船舶,船舶,上海,19980520,600150.SH,20100413,69.01,70.0,68.56,69.71,69.15,0.56,0.81,28326.68,196842.487,1.0789,2.3085,1.1,18.4703,18.4703,3.3249,1.8301,1.8301,1.4345,1.4345,66255.6538,26255.6538,12270.3418,4618681.6264,1830281.6264,,,1.548
600150,中国船舶,船舶,上海,19980520,600150.SH,20100412,69.86,70.0,69.05,69.15,69.86,-0.71,-1.02,28051.93,194228.61,1.0684,2.2862,1.08,18.3219,18.3219,3.2982,1.8154,1.8154,1.4461,1.4461,66255.6538,26255.6538,12270.3418,4581578.4603,1815578.4603,,,1.548
600150,中国船舶,船舶,上海,19980520,600150.SH,20100409,69.12,70.09,69.12,69.86,69.08,0.78,1.13,20467.3,142571.178,0.7795,1.668,0.71,18.51,18.51,3.3321,1.834,1.834,1.4314,1.4314,66255.6538,26255.6538,12270.3418,4628619.9745,1834219.9745,,,1.548
600150,中国船舶,船舶,上海,19980520,600150.SH,20100408,69.68,69.68,69.0,69.08,69.7,-0.62,-0.89,24437.86,169021.814,0.9308,1.9916,0.79,18.3033,18.3033,3.2948,1.8135,1.8135,1.4476,1.4476,66255.6538,26255.6538,12270.3418,4576940.5645,1813740.5645,,,1.548
600150,中国船舶,船舶,上海,19980520,600150.SH,20100407,69.99,69.99,69.26,69.7,70.04,-0.34,-0.49,27218.76,189341.099,1.0367,2.2183,0.76,18.4676,18.4676,3.3244,1.8298,1.8298,1.4347,1.4347,66255.6538,26255.6538,12270.3418,4618019.0699,1830019.0699,,,1.548
600150,中国船舶,船舶,上海,19980520,600150.SH,20100406,70.33,70.56,69.8,70.04,70.22,-0.18,-0.26,28593.36,200435.076,1.089,2.3303,0.77,18.5577,18.5577,3.3406,1.8387,1.8387,1.4278,1.4278,66255.6538,26255.6538,12270.3418,4640545.9922,1838945.9922,,,1.548
600150,中国船舶,船舶,上海,19980520,600150.SH,20100402,69.98,70.4,69.53,70.22,69.96,0.26,0.37,29143.46,204135.995,1.11,2.3751,0.82,18.6054,18.6054,3.3492,1.8435,1.8435,1.4241,1.4241,66255.6538,26255.6538,12270.3418,4652472.0098,1843672.0098,,,1.548
600150,中国船舶,船舶,上海,19980520,600150.SH,20100401,69.5,70.18,69.29,69.96,69.82,0.14,0.2,33748.03,235556.186,1.2854,2.7504,1.03,18.5365,18.5365,3.3368,1.8366,1.8366,1.4294,1.4294,66255.6538,26255.6538,12270.3418,4635245.5398,1836845.5398,,,1.548
600150,中国船舶,船舶,上海,19980520,600150.SH,20100331,70.14,70.14,69.25,69.82,70.13,-0.31,-0.44,35069.38,243688.748,1.3357,2.8581,1.21,18.4994,18.4994,3.3301,1.833,1.833,1.4323,1.4323,66255.6538,26255.6538,12270.3418,4625969.7483,1833169.7483,,,1.548
600150,中国船舶,船舶,上海,19980520,600150.SH,20100330,70.5,70.5,69.0,70.13,72.39,-2.26,-3.12,52810.44,369923.053,2.0114,4.3039,2.47,18.5815,18.5815,3.3449,1.8411,1.8411,1.4259,1.4259,66255.6538,26255.6538,12270.3418,4646509.001,1841309.001,,,1.548
600150,中国船舶,船舶,上海,19980520,600150.SH,20100329,71.19,72.49,70.82,72.39,70.8,1.59,2.25,34752.8,250040.472,1.3236,2.8323,1.97,11.5305,16.1233,3.5903,1.7343,1.6952,1.3814,1.3814,66255.6538,26255.6538,12270.3418,4796246.7786,1900646.7786,,,1.548
600150,中国船舶,船舶,上海,19980520,600150.SH,20100326,69.32,71.19,68.82,70.8,69.51,1.29,1.86,22342.62,156969.288,0.851,1.8209,1.28,11.2772,15.7692,3.5115,1.6962,1.658,1.4124,1.4124,66255.6538,26255.6538,12270.3418,4690900.289,1858900.289,,,1.548
600150,中国船舶,船舶,上海,19980520,600150.SH,20100325,69.94,69.94,68.8,69.51,69.95,-0.44,-0.63,18721.57,129418.257,0.713,1.5258,1.08,11.0718,15.4819,3.4475,1.6653,1.6278,1.4386,1.4386,66255.6538,26255.6538,12270.3418,4605430.4956,1825030.4956,,,1.548
600150,中国船舶,船舶,上海,19980520,600150.SH,20100324,69.95,70.25,69.8,69.95,69.95,0.0,0.0,15851.96,111008.624,0.6038,1.2919,0.93,11.1418,15.5799,3.4693,1.6758,1.6381,1.4296,1.4296,66255.6538,26255.6538,12270.3418,4634582.9833,1836582.9833,,,1.548
600150,中国船舶,船舶,上海,19980520,600150.SH,20100323,70.91,71.23,69.9,69.95,70.84,-0.89,-1.26,15335.73,107788.661,0.5841,1.2498,0.95,11.1418,15.5799,3.4693,1.6758,1.6381,1.4296,1.4296,66255.6538,26255.6538,12270.3418,4634582.9833,1836582.9833,,,1.548
600150,中国船舶,船舶,上海,19980520,600150.SH,20100322,71.4,71.58,70.5,70.84,71.48,-0.64,-0.9,15962.87,113212.777,0.608,1.3009,0.94,11.2836,15.7781,3.5135,1.6971,1.6589,1.4116,1.4116,66255.6538,26255.6538,12270.3418,4693550.5152,1859950.5152,,,1.548
600150,中国船舶,船舶,上海,19980520,600150.SH,20100319,70.44,71.8,70.18,71.48,70.35,1.13,1.61,21099.96,150107.323,0.8036,1.7196,1.31,11.3855,15.9206,3.5452,1.7125,1.6739,1.399,1.399,66255.6538,26255.6538,12270.3418,4735954.1336,1876754.1336,,,1.548
600150,中国船舶,船舶,上海,19980520,600150.SH,20100318,70.7,71.5,70.15,70.35,70.2,0.15,0.21,18285.86,129642.902,0.6965,1.4902,1.23,11.2056,15.669,3.4892,1.6854,1.6474,1.4215,1.4215,66255.6538,26255.6538,12270.3418,4661085.2448,1847085.2448,,,1.548
600150,中国船舶,船舶,上海,19980520,600150.SH,20100317,69.13,70.35,69.13,70.2,69.05,1.15,1.67,14241.03,99456.09,0.5424,1.1606,0.97,11.1817,15.6355,3.4817,1.6818,1.6439,1.4245,1.4245,66255.6538,26255.6538,12270.3418,4651146.8968,1843146.8968,,,1.548
600150,中国船舶,船舶,上海,19980520,600150.SH,20100316,69.3,69.9,68.53,69.05,69.7,-0.65,-0.93,10898.63,75228.118,0.4151,0.8882,0.69,10.9985,15.3794,3.4247,1.6542,1.617,1.4482,1.4482,66255.6538,26255.6538,12270.3418,4574952.8949,1812952.8949,,,1.548
600150,中国船舶,船舶,上海,19980520,600150.SH,20100315,69.84,70.15,68.23,69.7,70.11,-0.41,-0.58,20653.62,142210.547,0.7866,1.6832,1.47,11.102,15.5242,3.4569,1.6698,1.6322,1.4347,1.4347,66255.6538,26255.6538,12270.3418,4618019.0699,1830019.0699,,,1.548
600150,中国船舶,船舶,上海,19980520,600150.SH,20100312,70.0,70.63,69.75,70.11,69.75,0.36,0.52,16386.5,115055.839,0.6241,1.3355,1.22,11.1673,15.6155,3.4773,1.6796,1.6418,1.4263,1.4263,66255.6538,26255.6538,12270.3418,4645183.8879,1840783.8879,,,1.548
600150,中国船舶,船舶,上海,19980520,600150.SH,20100311,69.88,70.23,69.12,69.75,69.78,-0.03,-0.04,12268.16,85529.48,0.4673,0.9998,0.76,11.11,15.5353,3.4594,1.671,1.6334,1.4337,1.4337,66255.6538,26255.6538,12270.3418,4621331.8526,1831331.8526,,,1.548
600150,中国船舶,船舶,上海,19980520,600150.SH,20100310,70.5,70.9,69.65,69.78,70.26,-0.48,-0.68,13421.07,94242.402,0.5112,1.0938,0.82,11.1148,15.542,3.4609,1.6717,1.6341,1.4331,1.4331,66255.6538,26255.6538,12270.3418,4623319.5222,1832119.5222,,,1.548
600150,中国船舶,船舶,上海,19980520,600150.SH,20100309,70.34,70.75,69.4,70.26,70.34,-0.08,-0.11,16236.86,113577.175,0.6184,1.3233,0.97,11.1912,15.6489,3.4847,1.6832,1.6453,1.4233,1.4233,66255.6538,26255.6538,12270.3418,4655122.236,1844722.236,,,1.548
600150,中国船舶,船舶,上海,19980520,600150.SH,20100308,70.45,70.83,70.11,70.34,70.3,0.04,0.06,11833.32,83391.1,0.4507,0.9644,0.61,11.204,15.6667,3.4887,1.6851,1.6472,1.4217,1.4217,66255.6538,26255.6538,12270.3418,4660422.6883,1846822.6883,,,1.548
600150,中国船舶,船舶,上海,19980520,600150.SH,20100305,70.18,70.99,69.89,70.3,70.12,0.18,0.26,13656.0,96136.681,0.5201,1.1129,0.69,11.1976,15.6578,3.4867,1.6842,1.6463,1.4225,1.4225,66255.6538,26255.6538,12270.3418,4657772.4621,1845772.4621,,,1.548
600150,中国船舶,船舶,上海,19980520,600150.SH,20100304,72.22,73.44,69.95,70.12,72.22,-2.1,-2.91,25515.96,183094.763,0.9718,2.0795,1.38,11.1689,15.6177,3.4778,1.6799,1.642,1.4261,1.4261,66255.6538,26255.6538,12270.3418,4645846.4445,1841046.4445,,,1.548
600150,中国船舶,船舶,上海,19980520,600150.SH,20100303,72.0,72.38,71.21,72.22,71.8,0.42,0.59,14392.53,103456.35,0.5482,1.173,0.78,11.5034,16.0855,3.5819,1.7302,1.6912,1.3847,1.3847,66255.6538,26255.6538,12270.3418,4784983.3174,1896183.3174,,,1.548
600150,中国船舶,船舶,上海,19980520,600150.SH,20100302,72.72,72.8,71.31,71.8,72.71,-0.91,-1.25,18521.44,133218.187,0.7054,1.5094,1.02,11.4365,15.9919,3.5611,1.7201,1.6814,1.3928,1.3928,66255.6538,26255.6538,12270.3418,4757155.9428,1885155.9428,,,1.548
600150,中国船舶,船舶,上海,19980520,600150.SH,20100301,71.01,73.3,71.0,72.71,71.02,1.69,2.38,25068.32,182395.185,0.9548,2.043,1.6,11.5815,16.1946,3.6062,1.7419,1.7027,1.3753,1.3753,66255.6538,26255.6538,12270.3418,4817448.5878,1909048.5878,,,1.548
600150,中国船舶,船舶,上海,19980520,600150.SH,20100226,71.5,71.55,70.86,71.02,71.56,-0.54,-0.75,15524.55,110332.727,0.5913,1.2652,1.02,11.3123,15.8182,3.5224,1.7014,1.6631,1.4081,1.4081,66255.6538,26255.6538,12270.3418,4705476.5329,1864676.5329,,,1.548
600150,中国船舶,船舶,上海,19980520,600150.SH,20100225,70.7,71.66,70.64,71.56,70.58,0.98,1.39,18794.17,133956.872,0.7158,1.5317,1.39,11.3983,15.9385,3.5492,1.7144,1.6758,1.3974,1.3974,66255.6538,26255.6538,12270.3418,4741254.5859,1878854.5859,,,1.548
600150,中国船舶,船舶,上海,19980520,600150.SH,20100224,68.98,70.65,68.4,70.58,69.13,1.45,2.1,14481.1,100601.886,0.5515,1.1802,1.07,11.2422,15.7202,3.5006,1.6909,1.6528,1.4168,1.4168,66255.6538,26255.6538,12270.3418,4676324.0452,1853124.0452,,,1.548
600150,中国船舶,船舶,上海,19980520,600150.SH,20100223,70.15,70.32,68.48,69.13,70.31,-1.18,-1.68,17154.15,118215.288,0.6534,1.398,1.47,11.0112,15.3972,3.4287,1.6562,1.6189,1.4465,1.4465,66255.6538,26255.6538,12270.3418,4580253.3472,1815053.3472,,,1.548
600150,中国船舶,船舶,上海,19980520,600150.SH,20100222,71.25,71.28,70.3,70.31,71.13,-0.82,-1.15,12580.55,88875.732,0.4792,1.0253,1.09,11.1992,15.66,3.4872,1.6844,1.6465,1.4223,1.4223,66255.6538,26255.6538,12270.3418,4658435.0187,1846035.0187,,,1.548
600150,中国船舶,船舶,上海,19980520,600150.SH,20100212,70.31,71.28,70.24,71.13,70.24,0.89,1.27,12944.76,91800.164,0.493,1.055,0.96,11.3298,15.8427,3.5278,1.7041,1.6657,1.4059,1.4059,66255.6538,26255.6538,12270.3418,4712764.6548,1867564.6548,,,1.548
600150,中国船舶,船舶,上海,19980520,600150.SH,20100211,70.16,70.59,70.0,70.24,70.13,0.11,0.16,10573.9,74328.267,0.4027,0.8617,0.73,11.188,15.6445,3.4837,1.6828,1.6449,1.4237,1.4237,66255.6538,26255.6538,12270.3418,4653797.1229,1844197.1229,,,1.548
600150,中国船舶,船舶,上海,19980520,600150.SH,20100210,69.9,70.18,69.6,70.13,69.55,0.58,0.83,14692.92,102662.576,0.5596,1.1974,0.98,11.1705,15.62,3.4782,1.6801,1.6423,1.4259,1.4259,66255.6538,26255.6538,12270.3418,4646509.001,1841309.001,,,1.548
600150,中国船舶,船舶,上海,19980520,600150.SH,20100209,69.33,69.85,69.0,69.55,69.54,0.01,0.01,7452.19,51784.628,0.2838,0.6073,0.46,11.0781,15.4908,3.4495,1.6662,1.6287,1.4378,1.4378,66255.6538,26255.6538,12270.3418,4608080.7218,1826080.7218,,,1.548
600150,中国船舶,船舶,上海,19980520,600150.SH,20100208,68.87,70.0,68.71,69.54,68.87,0.67,0.97,12153.81,84052.08,0.4629,0.9905,0.69,11.0765,15.4885,3.449,1.666,1.6285,1.438,1.438,66255.6538,26255.6538,12270.3418,4607418.1653,1825818.1653,,,1.548
600150,中国船舶,船舶,上海,19980520,600150.SH,20100205,69.89,69.89,68.6,68.87,70.86,-1.99,-2.81,22466.12,154838.623,0.8557,1.8309,1.32,10.9698,15.3393,3.4158,1.6499,1.6128,1.452,1.452,66255.6538,26255.6538,12270.3418,4563026.8772,1808226.8772,,,1.548
600150,中国船舶,船舶,上海,19980520,600150.SH,20100204,71.37,71.44,70.51,70.86,71.68,-0.82,-1.14,15407.57,109336.78,0.5868,1.2557,0.9,11.2868,15.7825,3.5145,1.6976,1.6594,1.4112,1.4112,66255.6538,26255.6538,12270.3418,4694875.6283,1860475.6283,,,1.548
600150,中国船舶,船舶,上海,19980520,600150.SH,20100203,70.1,71.75,69.21,71.68,70.02,1.66,2.37,17720.23,125404.117,0.6749,1.4442,1.03,11.4174,15.9652,3.5551,1.7172,1.6786,1.3951,1.3951,66255.6538,26255.6538,12270.3418,4749205.2644,1882005.2644,,,1.548
600150,中国船舶,船舶,上海,19980520,600150.SH,20100202,70.23,71.2,70.0,70.02,69.92,0.1,0.14,13416.35,94831.087,0.511,1.0934,0.72,11.153,15.5955,3.4728,1.6775,1.6397,1.4282,1.4282,66255.6538,26255.6538,12270.3418,4639220.8791,1838420.8791,,,1.548
600150,中国船舶,船舶,上海,19980520,600150.SH,20100201,71.0,71.35,69.5,69.92,70.97,-1.05,-1.48,18600.33,130338.513,0.7084,1.5159,1.05,11.1371,15.5732,3.4678,1.6751,1.6374,1.4302,1.4302,66255.6538,26255.6538,12270.3418,4632595.3137,1835795.3137,,,1.548
600150,中国船舶,船舶,上海,19980520,600150.SH,20100129,71.1,72.18,70.78,70.97,71.29,-0.32,-0.45,19660.81,140217.234,0.7488,1.6023,0.88,11.3043,15.807,3.5199,1.7002,1.6619,1.409,1.409,66255.6538,26255.6538,12270.3418,4702163.7502,1863363.7502,,,1.548
600150,中国船舶,船舶,上海,19980520,600150.SH,20100128,71.34,71.7,70.8,71.29,71.2,0.09,0.13,15832.12,112846.078,0.603,1.2903,0.67,11.3553,15.8783,3.5358,1.7079,1.6694,1.4027,1.4027,66255.6538,26255.6538,12270.3418,4723365.5594,1871765.5594,,,1.548
600150,中国船舶,船舶,上海,19980520,600150.SH,20100127,72.4,72.95,71.12,71.2,72.67,-1.47,-2.02,18372.81,132040.742,0.6998,1.4973,0.63,11.3409,15.8583,3.5313,1.7057,1.6673,1.4045,1.4045,66255.6538,26255.6538,12270.3418,4717402.5506,1869402.5506,,,1.548
600150,中国船舶,船舶,上海,19980520,600150.SH,20100126,74.58,74.69,71.8,72.67,74.18,-1.51,-2.04,21224.19,154911.953,0.8084,1.7297,0.66,11.5751,16.1857,3.6042,1.741,1.7018,1.3761,1.3761,66255.6538,26255.6538,12270.3418,4814798.3616,1907998.3616,,,1.548
600150,中国船舶,船舶,上海,19980520,600150.SH,20100125,74.56,74.84,73.82,74.18,74.84,-0.66,-0.88,13478.21,100208.772,0.5133,1.0984,0.35,11.8156,16.522,3.6791,1.7771,1.7371,1.3481,1.3481,66255.6538,26255.6538,12270.3418,4914844.3989,1947644.3989,,,1.548
600150,中国船舶,船舶,上海,19980520,600150.SH,20100122,76.0,76.1,73.73,74.84,76.66,-1.82,-2.37,42833.6,320513.31,1.6314,3.4908,1.02,11.9207,16.669,3.7119,1.793,1.7526,1.3362,1.3362,66255.6538,26255.6538,12270.3418,4958573.1304,1964973.1304,,,1.548
600150,中国船舶,船舶,上海,19980520,600150.SH,20100121,77.05,77.52,76.18,76.66,77.68,-1.02,-1.31,22247.48,170896.002,0.8473,1.8131,0.48,12.2106,17.0744,3.8021,1.8366,1.7952,1.3045,1.3045,66255.6538,26255.6538,12270.3418,5079158.4203,2012758.4203,,,1.548
600150,中国船舶,船舶,上海,19980520,600150.SH,20100120,80.49,80.78,75.8,77.68,80.25,-2.57,-3.2,45433.47,354291.202,1.7304,3.7027,1.0,12.3731,17.3016,3.8527,1.861,1.8191,1.2873,1.2873,66255.6538,26255.6538,12270.3418,5146739.1872,2039539.1872,,,1.548
600150,中国船舶,船舶,上海,19980520,600150.SH,20100119,80.86,80.98,79.4,80.25,80.78,-0.53,-0.66,36222.77,289558.365,1.3796,2.9521,0.74,12.7825,17.874,3.9802,1.9226,1.8793,1.2461,1.2461,66255.6538,26255.6538,12270.3418,5317016.2175,2107016.2175,,,1.548
600150,中国船舶,船舶,上海,19980520,600150.SH,20100118,79.85,80.84,79.0,80.78,79.59,1.19,1.5,47059.02,377756.608,1.7923,3.8352,1.07,12.8669,17.992,4.0065,1.9353,1.8917,1.2379,1.2379,66255.6538,26255.6538,12270.3418,5352131.714,2120931.714,,,1.548
600150,中国船舶,船舶,上海,19980520,600150.SH,20100115,78.7,80.6,78.6,79.59,78.73,0.86,1.09,59020.9,470957.712,2.2479,4.81,1.61,12.6773,17.727,3.9474,1.9067,1.8638,1.2564,1.2564,66255.6538,26255.6538,12270.3418,5273287.4859,2089687.4859,,,1.548
600150,中国船舶,船舶,上海,19980520,600150.SH,20100114,76.8,78.85,76.05,78.73,76.32,2.41,3.16,42429.85,329950.445,1.616,3.4579,1.24,12.5403,17.5354,3.9048,1.8861,1.8437,1.2702,1.2702,66255.6538,26255.6538,12270.3418,5216307.6237,2067107.6237,,,1.548
600150,中国船舶,船舶,上海,19980520,600150.SH,20100113,77.49,78.38,76.21,76.32,78.79,-2.47,-3.13,41340.97,318883.63,1.5746,3.3692,1.21,12.1565,16.9986,3.7853,1.8284,1.7872,1.3103,1.3103,66255.6538,26255.6538,12270.3418,5056631.498,2003831.498,,,1.548
600150,中国船舶,船舶,上海,19980520,600150.SH,20100112,75.88,79.18,75.68,78.79,76.07,2.72,3.58,54972.96,429126.358,2.0938,4.4801,1.99,12.5499,17.5488,3.9078,1.8876,1.8451,1.2692,1.2692,66255.6538,26255.6538,12270.3418,5220282.9629,2068682.9629,,,1.548
600150,中国船舶,船舶,上海,19980520,600150.SH,20100111,77.2,78.0,75.88,76.07,76.32,-0.25,-0.33,21449.82,164535.848,0.817,1.7481,0.77,12.1167,16.943,3.7729,1.8224,1.7814,1.3146,1.3146,66255.6538,26255.6538,12270.3418,5040067.5846,1997267.5846,,,1.548
600150,中国船舶,船舶,上海,19980520,600150.SH,20100108,76.0,76.54,75.0,76.32,76.01,0.31,0.41,22676.24,171792.111,0.8637,1.8481,0.82,12.1565,16.9986,3.7853,1.8284,1.7872,1.3103,1.3103,66255.6538,26255.6538,12270.3418,5056631.498,2003831.498,,,1.548
600150,中国船舶,船舶,上海,19980520,600150.SH,20100107,77.8,78.76,75.98,76.01,77.99,-1.98,-2.54,30688.87,235942.74,1.1688,2.5011,1.12,12.1071,16.9296,3.7699,1.821,1.78,1.3156,1.3156,66255.6538,26255.6538,12270.3418,5036092.2453,1995692.2453,,,1.548
600150,中国船舶,船舶,上海,19980520,600150.SH,20100106,76.5,79.45,76.48,77.99,76.94,1.05,1.36,41635.1,326579.296,1.5858,3.3931,1.87,12.4225,17.3706,3.8681,1.8684,1.8263,1.2822,1.2822,66255.6538,26255.6538,12270.3418,5167278.4399,2047678.4399,,,1.548
600150,中国船舶,船舶,上海,19980520,600150.SH,20100105,76.68,77.3,76.02,76.94,76.62,0.32,0.42,21501.84,164936.48,0.8189,1.7523,1.01,12.2552,17.1367,3.816,1.8433,1.8018,1.2997,1.2997,66255.6538,26255.6538,12270.3418,5097710.0034,2020110.0034,,,1.548
600150,中国船舶,船舶,上海,19980520,600150.SH,20100104,78.0,78.48,76.6,76.62,77.84,-1.22,-1.57,22926.41,176903.752,0.8732,1.8684,1.19,12.2043,17.0655,3.8001,1.8356,1.7943,1.3051,1.3051,66255.6538,26255.6538,12270.3418,5076508.1942,2011708.1942,,,1.548
600150,中国船舶,船舶,上海,19980520,600150.SH,20091231,78.18,78.39,77.31,77.84,77.74,0.1,0.1286,22018.27,171246.275,0.8386,1.7944,1.15,12.3986,17.3372,3.8606,1.8648,1.8228,1.2847,1.2847,66255.6538,26255.6538,12270.3418,5157340.0918,2043740.0918,,,1.548
600150,中国船舶,船舶,上海,19980520,600150.SH,20091230,77.0,77.98,76.0,77.74,76.94,0.8,1.0398,28477.88,220000.558,1.0846,2.3209,1.75,12.3827,17.3149,3.8557,1.8624,1.8205,1.2863,1.2863,66255.6538,26255.6538,12270.3418,5150714.5264,2041114.5264,,,1.548
600150,中国船舶,船舶,上海,19980520,600150.SH,20091229,77.45,77.45,75.8,76.94,77.22,-0.28,-0.3626,16489.21,126188.891,0.628,1.3438,0.96,12.2552,17.1367,3.816,1.8433,1.8018,1.2997,1.2997,66255.6538,26255.6538,12270.3418,5097710.0034,2020110.0034,,,1.548
600150,中国船舶,船舶,上海,19980520,600150.SH,20091228,76.23,77.8,76.23,77.22,76.16,1.06,1.3918,16575.56,127926.378,0.6313,1.3509,0.94,12.2998,17.1991,3.8299,1.85,1.8083,1.295,1.295,66255.6538,26255.6538,12270.3418,5116261.5864,2027461.5864,,,1.548
600150,中国船舶,船舶,上海,19980520,600150.SH,20091225,76.79,76.79,76.0,76.16,76.4,-0.24,-0.3141,12644.1,96515.585,0.4816,1.0305,0.6,12.131,16.963,3.7773,1.8246,1.7835,1.313,1.313,66255.6538,26255.6538,12270.3418,5046030.5934,1999630.5934,,,1.548
600150,中国船舶,船舶,上海,19980520,600150.SH,20091224,75.01,76.6,74.76,76.4,74.64,1.76,2.358,21457.74,162955.166,0.8173,1.7487,0.93,12.1692,17.0165,3.7892,1.8303,1.7891,1.3089,1.3089,66255.6538,26255.6538,12270.3418,5061931.9503,2005931.9503,,,1.548
600150,中国船舶,船舶,上海,19980520,600150.SH,20091223,74.05,75.11,73.94,74.64,74.01,0.63,0.8512,14300.79,106418.122,0.5447,1.1655,0.54,11.8889,16.6245,3.7019,1.7882,1.7479,1.3398,1.3398,66255.6538,26255.6538,12270.3418,4945321.9996,1959721.9996,,,1.548
600150,中国船舶,船舶,上海,19980520,600150.SH,20091222,76.14,76.65,74.0,74.01,75.84,-1.83,-2.413,20643.58,155102.754,0.7863,1.6824,0.69,11.7885,16.4841,3.6707,1.7731,1.7331,1.3512,1.3512,66255.6538,26255.6538,12270.3418,4903580.9377,1943180.9377,,,1.548
600150,中国船舶,船舶,上海,19980520,600150.SH,20091221,75.88,76.2,74.98,75.84,75.58,0.26,0.344,19202.79,145012.99,0.7314,1.565,0.6,12.08,16.8917,3.7614,1.8169,1.776,1.3186,1.3186,66255.6538,26255.6538,12270.3418,5024828.7842,1991228.7842,,,1.548
600150,中国船舶,船舶,上海,19980520,600150.SH,20091218,77.07,77.07,75.13,75.58,77.01,-1.43,-1.8569,29194.97,221533.277,1.1119,2.3793,0.96,12.0386,16.8338,3.7486,1.8107,1.7699,1.3231,1.3231,66255.6538,26255.6538,12270.3418,5007602.3142,1984402.3142,,,1.548
600150,中国船舶,船舶,上海,19980520,600150.SH,20091217,78.85,79.2,77.0,77.01,78.99,-1.98,-2.5066,32616.23,253177.767,1.2423,2.6581,1.1,12.2664,17.1523,3.8195,1.8449,1.8034,1.2985,1.2985,66255.6538,26255.6538,12270.3418,5102347.8991,2021947.8991,,,1.548
600150,中国船舶,船舶,上海,19980520,600150.SH,20091216,80.45,80.45,78.63,78.99,80.6,-1.61,-1.9975,29743.78,236066.05,1.1329,2.424,1.01,12.5818,17.5933,3.9177,1.8924,1.8498,1.266,1.266,66255.6538,26255.6538,12270.3418,5233534.0937,2073934.0937,,,1.548
600150,中国船舶,船舶,上海,19980520,600150.SH,20091215,80.0,81.46,79.31,80.6,79.69,0.91,1.1419,39103.73,316315.79,1.4893,3.1868,1.44,12.8382,17.9519,3.9975,1.9309,1.8875,1.2407,1.2407,66255.6538,26255.6538,12270.3418,5340205.6963,2116205.6963,,,1.548
600150,中国船舶,船舶,上海,19980520,600150.SH,20091214,79.46,79.98,77.6,79.69,79.44,0.25,0.3147,30195.98,237438.444,1.1501,2.4609,1.12,12.6933,17.7492,3.9524,1.9091,1.8662,1.2549,1.2549,66255.6538,26255.6538,12270.3418,5279913.0513,2092313.0513,,,1.548
600150,中国船舶,船舶,上海,19980520,600150.SH,20091211,79.31,80.01,78.75,79.44,79.32,0.12,0.1513,21045.94,166964.143,0.8016,1.7152,0.63,12.6534,17.6936,3.94,1.9032,1.8603,1.2588,1.2588,66255.6538,26255.6538,12270.3418,5263349.1379,2085749.1379,,,1.548
600150,中国船舶,船舶,上海,19980520,600150.SH,20091210,78.99,80.8,78.63,79.32,78.19,1.13,1.4452,28093.37,223969.409,1.07,2.2895,0.68,12.6343,17.6668,3.934,1.9003,1.8575,1.2607,1.2607,66255.6538,26255.6538,12270.3418,5255398.4594,2082598.4594,,,1.548
600150,中国船舶,船舶,上海,19980520,600150.SH,20091209,79.0,79.48,77.99,78.19,80.01,-1.82,-2.2747,29094.28,229085.467,1.1081,2.3711,0.68,12.4543,17.4151,3.878,1.8732,1.831,1.2789,1.2789,66255.6538,26255.6538,12270.3418,5180529.5706,2052929.5706,,,1.548
600150,中国船舶,船舶,上海,19980520,600150.SH,20091208,81.29,81.36,79.5,80.01,81.34,-1.33,-1.6351,27532.06,220840.751,1.0486,2.2438,0.61,12.7442,17.8205,3.9683,1.9168,1.8736,1.2498,1.2498,66255.6538,26255.6538,12270.3418,5301114.8605,2100714.8605,,,1.548
600150,中国船舶,船舶,上海,19980520,600150.SH,20091207,80.77,81.97,80.51,81.34,81.21,0.13,0.1601,28466.8,230952.033,1.0842,2.32,0.61,12.9561,18.1167,4.0342,1.9487,1.9048,1.2294,1.2294,66255.6538,26255.6538,12270.3418,5389234.8801,2135634.8801,,,1.548
600150,中国船舶,船舶,上海,19980520,600150.SH,20091204,82.0,82.37,78.84,81.21,82.44,-1.23,-1.492,55053.2,445024.812,2.0968,4.4867,1.25,12.9354,18.0878,4.0278,1.9456,1.9017,1.2314,1.2314,66255.6538,26255.6538,12270.3418,5380621.6451,2132221.6451,,,1.548
600150,中国船舶,船舶,上海,19980520,600150.SH,20091203,81.2,83.99,81.2,82.44,80.97,1.47,1.8155,66369.36,549525.829,2.5278,5.4089,1.53,13.1313,18.3617,4.0888,1.975,1.9305,1.213,1.213,66255.6538,26255.6538,12270.3418,5462116.0993,2164516.0993,,,1.548
600150,中国船舶,船舶,上海,19980520,600150.SH,20091202,80.6,81.69,80.2,80.97,80.18,0.79,0.9853,37898.51,306647.413,1.4434,3.0886,0.83,12.8971,18.0343,4.0159,1.9398,1.8961,1.235,1.235,66255.6538,26255.6538,12270.3418,5364720.2882,2125920.2882,,,1.548
600150,中国船舶,船舶,上海,19980520,600150.SH,20091201,79.5,80.21,78.75,80.18,79.22,0.96,1.2118,37263.94,295803.908,1.4193,3.0369,0.71,12.7713,17.8584,3.9767,1.9209,1.8776,1.2472,1.2472,66255.6538,26255.6538,12270.3418,5312378.3217,2105178.3217,,,1.548
600150,中国船舶,船舶,上海,19980520,600150.SH,20091130,77.77,79.47,77.6,79.22,76.8,2.42,3.151,35406.6,278370.759,1.3485,2.8855,0.67,12.6184,17.6446,3.9291,1.8979,1.8551,1.2623,1.2623,66255.6538,26255.6538,12270.3418,5248772.894,2079972.894,,,1.548
600150,中国船舶,船舶,上海,19980520,600150.SH,20091127,77.0,79.5,76.16,76.8,78.11,-1.31,-1.6771,43194.28,333413.63,1.6451,3.5202,0.81,12.2329,17.1056,3.8091,1.8399,1.7985,1.3021,1.3021,66255.6538,26255.6538,12270.3418,5088434.2118,2016434.2118,,,1.548
600150,中国船舶,船舶,上海,19980520,600150.SH,20091126,81.8,81.81,78.0,78.11,81.82,-3.71,-4.5343,63597.62,506809.987,2.4222,5.183,1.25,12.4416,17.3973,3.874,1.8713,1.8292,1.2802,1.2802,66255.6538,26255.6538,12270.3418,5175229.1183,2050829.1183,,,1.548
600150,中国船舶,船舶,上海,19980520,600150.SH,20091125,80.0,81.88,79.5,81.82,80.12,1.7,2.1218,49975.82,402634.235,1.9034,4.0729,1.03,13.0325,18.2237,4.058,1.9602,1.916,1.2222,1.2222,66255.6538,26255.6538,12270.3418,5421037.5939,2148237.5939,,,1.526
600150,中国船舶,船舶,上海,19980520,600150.SH,20091124,83.95,84.9,79.91,80.12,83.29,-3.17,-3.806,70498.03,581623.794,2.6851,5.7454,1.67,12.7617,17.845,3.9737,1.9194,1.8762,1.2481,1.2481,66255.6538,26255.6538,12270.3418,5308402.9825,2103602.9825,,,1.526
600150,中国船舶,船舶,上海,19980520,600150.SH,20091123,82.9,83.65,82.25,83.29,83.02,0.27,0.3252,36526.1,303057.453,1.3912,2.9768,0.82,13.2667,18.5511,4.1309,1.9954,1.9505,1.2006,1.2006,66255.6538,26255.6538,12270.3418,5518433.405,2186833.405,,,1.526
600150,中国船舶,船舶,上海,19980520,600150.SH,20091120,83.99,83.99,82.0,83.02,84.0,-0.98,-1.1667,45524.37,376506.934,1.7339,3.7101,1.01,13.2237,18.4909,4.1176,1.9889,1.9441,1.2045,1.2045,66255.6538,26255.6538,12270.3418,5500544.3785,2179744.3785,,,1.526
600150,中国船舶,船舶,上海,19980520,600150.SH,20091119,83.2,85.9,83.15,84.0,82.99,1.01,1.217,52171.44,440926.435,1.9871,4.2518,1.12,13.3798,18.7092,4.1662,2.0124,1.9671,1.1905,1.1905,66255.6538,26255.6538,12270.3418,5565474.9192,2205474.9192,,,1.526
600150,中国船舶,船舶,上海,19980520,600150.SH,20091118,82.5,83.3,81.8,82.99,82.6,0.39,0.4722,37832.24,312815.757,1.4409,3.0832,0.64,13.2189,18.4842,4.1161,1.9882,1.9434,1.205,1.205,66255.6538,26255.6538,12270.3418,5498556.7089,2178956.7089,,,1.526
600150,中国船舶,船舶,上海,19980520,600150.SH,20091117,83.11,83.33,81.7,82.6,82.19,0.41,0.4988,38778.19,320057.927,1.4769,3.1603,0.63,13.1568,18.3974,4.0967,1.9789,1.9343,1.2107,1.2107,66255.6538,26255.6538,12270.3418,5472717.0039,2168717.0039,,,1.526
600150,中国船舶,船舶,上海,19980520,600150.SH,20091116,80.6,83.0,80.6,82.19,80.33,1.86,2.3154,48202.51,396455.106,1.8359,3.9284,0.65,13.0915,18.3061,4.0764,1.969,1.9247,1.2167,1.2167,66255.6538,26255.6538,12270.3418,5445552.1858,2157952.1858,,,1.526
600150,中国船舶,船舶,上海,19980520,600150.SH,20091113,80.78,80.95,78.82,80.33,80.79,-0.46,-0.5694,48111.09,384009.556,1.8324,3.9209,0.5,12.7952,17.8918,3.9841,1.9245,1.8811,1.2449,1.2449,66255.6538,26255.6538,12270.3418,5322316.6698,2109116.6698,,,1.526
600150,中国船舶,船舶,上海,19980520,600150.SH,20091112,81.96,82.33,80.59,80.79,82.01,-1.22,-1.4876,60731.69,493729.087,2.3131,4.9495,0.67,12.8685,17.9942,4.007,1.9355,1.8919,1.2378,1.2378,66255.6538,26255.6538,12270.3418,5352794.2705,2121194.2705,,,1.526
600150,中国船舶,船舶,上海,19980520,600150.SH,20091111,81.0,83.95,80.51,82.01,81.04,0.97,1.1969,98784.7,818149.067,3.7624,8.0507,1.28,13.0628,18.266,4.0675,1.9647,1.9205,1.2194,1.2194,66255.6538,26255.6538,12270.3418,5433626.1681,2153226.1681,,,1.526
600150,中国船舶,船舶,上海,19980520,600150.SH,20091110,81.7,81.8,80.2,81.04,81.07,-0.03,-0.037,50808.28,411701.835,1.9351,4.1407,0.68,12.9083,18.0499,4.0194,1.9415,1.8978,1.234,1.234,66255.6538,26255.6538,12270.3418,5369358.184,2127758.184,,,1.526
600150,中国船舶,船舶,上海,19980520,600150.SH,20091109,83.95,84.66,80.6,81.07,83.16,-2.09,-2.5132,115123.14,942962.506,4.3847,9.3822,1.97,12.9131,18.0566,4.0208,1.9422,1.8985,1.2335,1.2335,66255.6538,26255.6538,12270.3418,5371345.8536,2128545.8536,,,1.526
600150,中国船舶,船舶,上海,19980520,600150.SH,20091106,75.99,83.16,75.98,83.16,75.6,7.56,10.0,160454.81,1301881.75,6.1112,13.0766,5.1,13.246,18.5221,4.1245,1.9923,1.9474,1.2025,1.2025,66255.6538,26255.6538,12270.3418,5509820.17,2183420.17,,,1.526
600150,中国船舶,船舶,上海,19980520,600150.SH,20091105,75.13,75.98,74.96,75.6,75.1,0.5,0.6658,30015.79,226779.329,1.1432,2.4462,0.99,12.0418,16.8383,3.7495,1.8112,1.7704,1.3228,1.3228,66255.6538,26255.6538,12270.3418,5008927.4273,1984927.4273,,,1.526
600150,中国船舶,船舶,上海,19980520,600150.SH,20091104,75.0,75.78,74.53,75.1,75.07,0.03,0.04,30572.17,229670.142,1.1644,2.4915,1.03,11.9621,16.7269,3.7247,1.7992,1.7587,1.3316,1.3316,66255.6538,26255.6538,12270.3418,4975799.6004,1971799.6004,,,1.526
600150,中国船舶,船舶,上海,19980520,600150.SH,20091103,73.91,75.35,73.91,75.07,73.82,1.25,1.6933,38160.61,285436.977,1.4534,3.11,1.34,11.9574,16.7202,3.7233,1.7985,1.758,1.3321,1.3321,66255.6538,26255.6538,12270.3418,4973811.9308,1971011.9308,,,1.526
600150,中国船舶,船舶,上海,19980520,600150.SH,20091102,71.0,73.88,69.5,73.82,72.58,1.24,1.7085,32875.49,237745.811,1.2521,2.6793,1.23,11.7583,16.4418,3.6613,1.7685,1.7287,1.3546,1.3546,66255.6538,26255.6538,12270.3418,4890992.3635,1938192.3635,,,1.526
600150,中国船舶,船舶,上海,19980520,600150.SH,20091030,72.3,73.5,71.65,72.58,71.15,1.43,2.0098,25693.11,186567.083,0.9786,2.0939,0.86,11.5608,16.1656,3.5998,1.7388,1.6997,1.3778,1.3778,66255.6538,26255.6538,12270.3418,4808835.3528,1905635.3528,,,1.526
600150,中国船舶,船舶,上海,19980520,600150.SH,20091029,72.5,72.5,71.05,71.15,73.35,-2.2,-2.9993,24991.8,179350.887,0.9519,2.0368,0.83,11.333,15.8471,3.5288,1.7046,1.6662,1.4055,1.4055,66255.6538,26255.6538,12270.3418,4714089.7679,1868089.7679,,,1.526
600150,中国船舶,船舶,上海,19980520,600150.SH,20091028,72.5,74.56,72.03,73.35,72.65,0.7,0.9635,26562.26,195116.242,1.0117,2.1648,0.86,11.6834,16.3371,3.638,1.7573,1.7177,1.3633,1.3633,66255.6538,26255.6538,12270.3418,4859852.2062,1925852.2062,,,1.526
600150,中国船舶,船舶,上海,19980520,600150.SH,20091027,74.59,74.59,72.6,72.65,74.91,-2.26,-3.017,32575.02,239092.416,1.2407,2.6548,0.97,11.5719,14.112,3.8231,1.7405,1.6302,1.3765,1.3765,66255.6538,26255.6538,12270.3418,4813473.2486,1907473.2486,,,1.526
600150,中国船舶,船舶,上海,19980520,600150.SH,20091026,75.8,75.95,74.46,74.91,75.6,-0.69,-0.9127,24360.71,182607.9,0.9278,1.9853,0.67,11.9319,14.551,3.942,1.7946,1.681,1.3349,1.3349,66255.6538,26255.6538,12270.3418,4963211.0262,1966811.0262,,,1.526
600150,中国船舶,船舶,上海,19980520,600150.SH,20091023,74.42,76.2,74.42,75.6,74.29,1.31,1.7634,40095.15,303218.919,1.5271,3.2676,1.22,12.0418,14.685,3.9783,1.8112,1.6964,1.3228,1.3228,66255.6538,26255.6538,12270.3418,5008927.4273,1984927.4273,,,1.526
600150,中国船舶,船舶,上海,19980520,600150.SH,20091022,74.91,75.5,73.86,74.29,75.09,-0.8,-1.0654,26974.48,200915.744,1.0274,2.1983,0.83,11.8331,14.4306,3.9094,1.7798,1.667,1.3461,1.3461,66255.6538,26255.6538,12270.3418,4922132.5208,1950532.5208,,,1.526
600150,中国船舶,船舶,上海,19980520,600150.SH,20091021,75.8,76.05,75.0,75.09,75.75,-0.66,-0.8713,30717.97,231676.998,1.17,2.5034,0.92,11.9606,14.586,3.9515,1.7989,1.685,1.3317,1.3317,66255.6538,26255.6538,12270.3418,4975137.0438,1971537.0438,,,1.526
600150,中国船舶,船舶,上海,19980520,600150.SH,20091020,75.5,76.97,75.29,75.75,74.97,0.78,1.0404,45868.0,348643.309,1.747,3.7381,1.59,12.0657,14.7142,3.9862,1.8148,1.6998,1.3201,1.3201,66255.6538,26255.6538,12270.3418,5018865.7754,1988865.7754,,,1.526
600150,中国船舶,船舶,上海,19980520,600150.SH,20091019,72.79,74.99,72.11,74.97,72.69,2.28,3.1366,37505.32,277822.98,1.4285,3.0566,1.45,11.9414,14.5626,3.9452,1.7961,1.6823,1.3339,1.3339,66255.6538,26255.6538,12270.3418,4967186.3654,1968386.3654,,,1.526
600150,中国船舶,船舶,上海,19980520,600150.SH,20091016,73.6,73.97,71.61,72.69,73.38,-0.69,-0.9403,23604.31,171059.163,0.899,1.9237,0.87,11.5783,14.1198,3.8252,1.7414,1.6311,1.3757,1.3757,66255.6538,26255.6538,12270.3418,4816123.4747,1908523.4747,,,1.526
600150,中国船舶,船舶,上海,19980520,600150.SH,20091015,74.5,75.31,73.22,73.38,73.44,-0.06,-0.0817,25692.37,190523.283,0.9785,2.0939,0.95,11.6882,14.2538,3.8615,1.758,1.6466,1.3628,1.3628,66255.6538,26255.6538,12270.3418,4861839.8758,1926639.8758,,,1.526
600150,中国船舶,船舶,上海,19980520,600150.SH,20091014,72.2,74.06,72.16,73.44,72.14,1.3,1.8021,33567.62,246019.765,1.2785,2.7357,1.29,11.6977,14.2654,3.8647,1.7594,1.648,1.3617,1.3617,66255.6538,26255.6538,12270.3418,4865815.2151,1928215.2151,,,1.526
600150,中国船舶,船舶,上海,19980520,600150.SH,20091013,71.0,72.93,70.13,72.14,71.1,1.04,1.4627,23690.56,170905.61,0.9023,1.9307,0.89,11.4907,14.0129,3.7962,1.7283,1.6188,1.3862,1.3862,66255.6538,26255.6538,12270.3418,4779682.8651,1894082.8651,,,1.526
600150,中国船舶,船舶,上海,19980520,600150.SH,20091012,72.56,72.88,70.6,71.1,72.54,-1.44,-1.9851,22902.07,163828.445,0.8723,1.8665,0.89,11.325,13.8109,3.7415,1.7034,1.5955,1.4065,1.4065,66255.6538,26255.6538,12270.3418,4710776.9852,1866776.9852,,,1.526
600150,中国船舶,船舶,上海,19980520,600150.SH,20091009,70.1,72.79,70.1,72.54,68.47,4.07,5.9442,29947.54,214751.441,1.1406,2.4406,1.17,11.5544,14.0906,3.8173,1.7379,1.6278,1.3785,1.3785,66255.6538,26255.6538,12270.3418,4806185.1267,1904585.1267,,,1.526
600150,中国船舶,船舶,上海,19980520,600150.SH,20090930,68.28,69.49,68.28,68.47,67.56,0.91,1.347,25244.62,173475.254,0.9615,2.0574,0.9,10.9061,13.3,3.6031,1.6403,1.5364,1.4605,1.4605,66255.6538,26255.6538,12270.3418,4536524.6157,1797724.6157,,,1.526
600150,中国船舶,船舶,上海,19980520,600150.SH,20090929,68.45,69.3,66.0,67.56,68.82,-1.26,-1.8309,28120.9,190081.87,1.071,2.2918,0.96,10.7612,13.1233,3.5552,1.6185,1.516,1.4802,1.4802,66255.6538,26255.6538,12270.3418,4476231.9707,1773831.9707,,,1.526
600150,中国船舶,船舶,上海,19980520,600150.SH,20090928,71.14,72.29,68.5,68.82,71.1,-2.28,-3.2068,26141.98,184095.044,0.9957,2.1305,0.8,10.9618,13.368,3.6215,1.6487,1.5443,1.4531,1.4531,66255.6538,26255.6538,12270.3418,4559714.0945,1806914.0945,,,1.526
600150,中国船舶,船舶,上海,19980520,600150.SH,20090925,71.56,71.99,70.88,71.1,72.28,-1.18,-1.6325,19604.07,139956.579,0.7467,1.5977,0.47,11.325,13.8109,3.7415,1.7034,1.5955,1.4065,1.4065,66255.6538,26255.6538,12270.3418,4710776.9852,1866776.9852,,,1.526
600150,中国船舶,船舶,上海,19980520,600150.SH,20090924,72.0,73.08,70.0,72.28,72.48,-0.2,-0.2759,28331.64,202814.31,1.0791,2.309,0.61,11.513,14.0401,3.8036,1.7316,1.6219,1.3835,1.3835,66255.6538,26255.6538,12270.3418,4788958.6567,1897758.6567,,,1.526
600150,中国船舶,船舶,上海,19980520,600150.SH,20090923,74.8,75.8,71.8,72.48,74.49,-2.01,-2.6983,37486.76,275235.593,1.4278,3.0551,0.75,11.5448,14.079,3.8141,1.7364,1.6264,1.3797,1.3797,66255.6538,26255.6538,12270.3418,4802209.7874,1903009.7874,,,1.526
600150,中国船舶,船舶,上海,19980520,600150.SH,20090922,76.15,76.6,74.4,74.49,76.58,-2.09,-2.7292,35255.8,266145.783,1.3428,2.8733,0.71,11.865,14.4694,3.9199,1.7846,1.6715,1.3425,1.3425,66255.6538,26255.6538,12270.3418,4935383.6516,1955783.6516,,,1.526
600150,中国船舶,船舶,上海,19980520,600150.SH,20090921,76.9,76.9,74.1,76.58,77.27,-0.69,-0.893,41766.27,314391.711,1.5908,3.4038,0.83,12.1979,14.8754,4.0299,1.8346,1.7184,1.3058,1.3058,66255.6538,26255.6538,12270.3418,5073857.968,2010657.968,,,1.526
600150,中国船舶,船舶,上海,19980520,600150.SH,20090918,79.09,80.49,75.8,77.27,78.48,-1.21,-1.5418,63911.63,504387.926,2.4342,5.2086,1.39,12.3078,15.0094,4.0662,1.8512,1.7339,1.2942,1.2942,66255.6538,26255.6538,12270.3418,5119574.3691,2028774.3691,,,1.526
600150,中国船舶,船舶,上海,19980520,600150.SH,20090917,76.93,79.5,76.93,78.48,76.83,1.65,2.1476,54268.89,426838.577,2.0669,4.4228,1.28,12.5005,15.2444,4.1299,1.8802,1.7611,1.2742,1.2742,66255.6538,26255.6538,12270.3418,5199743.7102,2060543.7102,,,1.526
600150,中国船舶,船舶,上海,19980520,600150.SH,20090916,77.97,77.97,75.88,76.83,78.34,-1.51,-1.9275,53797.18,412467.272,2.049,4.3843,1.26,12.2377,14.9239,4.043,1.8406,1.724,1.3016,1.3016,66255.6538,26255.6538,12270.3418,5090421.8815,2017221.8815,,,1.526
600150,中国船舶,船舶,上海,19980520,600150.SH,20090915,78.88,78.89,77.7,78.34,78.85,-0.51,-0.6468,35652.06,279166.079,1.3579,2.9055,0.69,12.4782,15.2173,4.1225,1.8768,1.7579,1.2765,1.2765,66255.6538,26255.6538,12270.3418,5190467.9187,2056867.9187,,,1.526
600150,中国船舶,船舶,上海,19980520,600150.SH,20090914,77.88,78.99,77.65,78.85,77.78,1.07,1.3757,45129.3,353489.406,1.7188,3.6779,0.83,12.5595,15.3163,4.1493,1.889,1.7694,1.2682,1.2682,66255.6538,26255.6538,12270.3418,5224258.3021,2070258.3021,,,1.526
600150,中国船舶,船舶,上海,19980520,600150.SH,20090911,76.28,78.8,75.95,77.78,76.36,1.42,1.8596,40739.46,316499.159,1.5516,3.3202,0.73,12.389,15.1085,4.093,1.8634,1.7454,1.2857,1.2857,66255.6538,26255.6538,12270.3418,5153364.7526,2042164.7526,,,1.526
600150,中国船舶,船舶,上海,19980520,600150.SH,20090910,77.49,77.68,76.0,76.36,77.86,-1.5,-1.9265,37068.58,284327.647,1.4118,3.021,0.61,12.1628,14.8326,4.0183,1.8294,1.7135,1.3096,1.3096,66255.6538,26255.6538,12270.3418,5059281.7242,2004881.7242,,,1.526
600150,中国船舶,船舶,上海,19980520,600150.SH,20090909,77.89,78.5,76.53,77.86,77.89,-0.03,-0.0385,55388.51,428675.349,2.1096,4.514,0.98,12.4018,15.124,4.0973,1.8653,1.7472,1.2844,1.2844,66255.6538,26255.6538,12270.3418,5158665.2049,2044265.2049,,,1.526
600150,中国船舶,船舶,上海,19980520,600150.SH,20090908,74.0,80.61,73.1,77.89,74.61,3.28,4.3962,80067.55,620607.976,3.0495,6.5253,1.66,12.4065,15.1298,4.0988,1.866,1.7478,1.2839,1.2839,66255.6538,26255.6538,12270.3418,5160652.8745,2045052.8745,,,1.526
600150,中国船舶,船舶,上海,19980520,600150.SH,20090907,73.8,76.0,73.77,74.61,73.31,1.3,1.7733,58098.3,435616.018,2.2128,4.7349,1.14,11.8841,14.4927,3.9262,1.7874,1.6742,1.3403,1.3403,66255.6538,26255.6538,12270.3418,4943334.33,1958934.33,,,1.526
600150,中国船舶,船舶,上海,19980520,600150.SH,20090904,73.28,74.2,72.0,73.31,73.01,0.3,0.4109,50110.18,367527.458,1.9085,4.0838,1.02,11.677,14.2402,3.8578,1.7563,1.6451,1.3641,1.3641,66255.6538,26255.6538,12270.3418,4857201.9801,1924801.9801,,,1.526
600150,中国船舶,船舶,上海,19980520,600150.SH,20090903,68.35,74.01,68.33,73.01,68.28,4.73,6.9274,60214.91,428778.853,2.2934,4.9074,1.3,11.6292,14.1819,3.842,1.7491,1.6383,1.3697,1.3697,66255.6538,26255.6538,12270.3418,4837325.2839,1916925.2839,,,1.526
600150,中国船舶,船舶,上海,19980520,600150.SH,20090902,68.95,69.9,66.81,68.28,69.04,-0.76,-1.1008,33707.91,230951.607,1.2838,2.7471,0.69,10.8758,13.2631,3.5931,1.6358,1.5322,1.4646,1.4646,66255.6538,26255.6538,12270.3418,4523936.0415,1792736.0415,,,1.526
600150,中国船舶,船舶,上海,19980520,600150.SH,20090901,68.5,70.89,67.8,69.04,68.64,0.4,0.5828,39420.47,273678.005,1.5014,3.2127,0.69,10.9969,13.4108,3.6331,1.654,1.5492,1.4484,1.4484,66255.6538,26255.6538,12270.3418,4574290.3384,1812690.3384,,,1.526
600150,中国船舶,船舶,上海,19980520,600150.SH,20090831,73.8,73.8,68.51,68.64,74.86,-6.22,-8.3088,70469.82,498011.42,2.684,5.7431,1.21,10.9332,13.3331,3.6121,1.6444,1.5403,1.4569,1.4569,66255.6538,26255.6538,12270.3418,4547788.0768,1802188.0768,,,1.526
600150,中国船舶,船舶,上海,19980520,600150.SH,20090828,76.15,76.5,74.5,74.86,76.8,-1.94,-2.526,41556.01,311849.062,1.5827,3.3867,0.67,11.9239,14.5413,3.9394,1.7934,1.6798,1.3358,1.3358,66255.6538,26255.6538,12270.3418,4959898.2435,1965498.2435,,,1.526
600150,中国船舶,船舶,上海,19980520,600150.SH,20090827,77.39,78.39,75.8,76.8,78.17,-1.37,-1.7526,46268.11,356368.998,1.7622,3.7707,0.68,12.2329,14.9181,4.0415,1.8399,1.7234,1.3021,1.3021,66255.6538,26255.6538,12270.3418,5088434.2118,2016434.2118,,,1.526
600150,中国船舶,船舶,上海,19980520,600150.SH,20090826,76.6,79.95,76.22,78.17,77.39,0.78,1.0079,47489.37,372195.844,1.8087,3.8703,0.64,12.4511,15.1842,4.1136,1.8727,1.7541,1.2793,1.2793,66255.6538,26255.6538,12270.3418,5179204.4575,2052404.4575,,,1.526
600150,中国船舶,船舶,上海,19980520,600150.SH,20090825,80.49,80.49,75.2,77.39,80.87,-3.48,-4.3032,79476.42,613078.182,3.027,6.4771,1.01,12.3269,15.0327,4.0725,1.854,1.7366,1.2922,1.2922,66255.6538,26255.6538,12270.3418,5127525.0476,2031925.0476,,,1.526
600150,中国船舶,船舶,上海,19980520,600150.SH,20090824,79.3,81.8,77.31,80.87,78.49,2.38,3.0322,76575.98,610025.641,2.9166,6.2407,0.96,12.8812,15.7087,4.2556,1.9374,1.8147,1.2366,1.2366,66255.6538,26255.6538,12270.3418,5358094.7228,2123294.7228,,,1.526
600150,中国船舶,船舶,上海,19980520,600150.SH,20090821,78.24,78.87,76.81,78.49,78.24,0.25,0.3195,61681.13,480579.534,2.3493,5.0268,0.73,12.5021,15.2464,4.1304,1.8804,1.7613,1.274,1.274,66255.6538,26255.6538,12270.3418,5200406.2668,2060806.2668,,,1.526
600150,中国船舶,船舶,上海,19980520,600150.SH,20090820,75.5,79.0,74.72,78.24,74.57,3.67,4.9216,76921.97,593794.238,2.9297,6.2689,0.91,12.4623,15.1978,4.1172,1.8744,1.7557,1.2781,1.2781,66255.6538,26255.6538,12270.3418,5183842.3533,2054242.3533,,,1.526
600150,中国船舶,船舶,上海,19980520,600150.SH,20090819,77.9,77.9,73.8,74.57,77.94,-3.37,-4.3238,76016.58,573614.685,2.8952,6.1951,0.81,11.8777,14.4849,3.9241,1.7865,1.6733,1.341,1.341,66255.6538,26255.6538,12270.3418,4940684.1039,1957884.1039,,,1.526
600150,中国船舶,船舶,上海,19980520,600150.SH,20090818,73.1,79.96,73.1,77.94,72.97,4.97,6.811,103370.57,785876.528,3.9371,8.4244,1.2,12.4145,15.1396,4.1015,1.8672,1.749,1.283,1.283,66255.6538,26255.6538,12270.3418,5163965.6572,2046365.6572,,,1.526
600150,中国船舶,船舶,上海,19980520,600150.SH,20090817,75.68,76.88,72.9,72.97,77.18,-4.21,-5.4548,80167.67,600392.91,3.0533,6.5335,0.78,11.6229,14.1742,3.8399,1.7482,1.6374,1.3704,1.3704,66255.6538,26255.6538,12270.3418,4834675.0578,1915875.0578,,,1.526
600150,中国船舶,船舶,上海,19980520,600150.SH,20090814,81.5,81.5,77.0,77.18,81.07,-3.89,-4.7983,84890.94,667065.389,3.2332,6.9184,0.76,12.2935,14.9919,4.0615,1.849,1.7319,1.2957,1.2957,66255.6538,26255.6538,12270.3418,5113611.3603,2026411.3603,,,1.526
600150,中国船舶,船舶,上海,19980520,600150.SH,20090813,79.5,81.88,78.25,81.07,79.41,1.66,2.0904,78973.28,634840.654,3.0079,6.4361,0.68,12.9131,15.7475,4.2662,1.9422,1.8192,1.2335,1.2335,66255.6538,26255.6538,12270.3418,5371345.8536,2128545.8536,,,1.526
600150,中国船舶,船舶,上海,19980520,600150.SH,20090812,85.49,85.49,78.58,79.41,85.76,-6.35,-7.4044,120013.92,973854.279,4.571,9.7808,1.07,12.6487,15.4251,4.1788,1.9024,1.7819,1.2593,1.2593,66255.6538,26255.6538,12270.3418,5261361.4683,2084961.4683,,,1.526
600150,中国船舶,船舶,上海,19980520,600150.SH,20090811,87.39,87.39,84.57,85.76,87.27,-1.51,-1.7303,66141.45,567472.957,2.5191,5.3904,0.55,13.6601,16.6586,4.513,2.0546,1.9244,1.166,1.166,66255.6538,26255.6538,12270.3418,5682084.8699,2251684.8699,,,1.526
600150,中国船舶,船舶,上海,19980520,600150.SH,20090810,90.0,92.0,84.6,87.27,92.96,-5.69,-6.1209,163519.85,1429286.475,6.228,13.3264,1.35,13.9006,16.9519,4.5924,2.0907,1.9583,1.1459,1.1459,66255.6538,26255.6538,12270.3418,5782130.9071,2291330.9071,,,1.526
600150,中国船舶,船舶,上海,19980520,600150.SH,20090807,99.85,102.96,92.01,92.96,99.7,-6.74,-6.7603,128932.96,1238207.051,4.9107,10.5077,1.08,14.8069,16.2141,5.1313,2.2271,2.1143,1.0757,1.0757,66255.6538,26255.6538,12270.3418,6159125.5772,2440725.5772,,,1.526
600150,中国船舶,船舶,上海,19980520,600150.SH,20090806,98.88,104.6,97.0,99.7,100.21,-0.51,-0.5089,102164.74,1032291.449,3.8912,8.3262,0.9,15.8805,17.3897,5.5033,2.3885,2.2676,1.003,1.003,66255.6538,26255.6538,12270.3418,6605688.6839,2617688.6839,,,1.526
600150,中国船舶,船舶,上海,19980520,600150.SH,20090805,94.02,103.0,94.0,100.21,94.26,5.95,6.3123,97519.11,967679.04,3.7142,7.9475,0.86,15.9617,17.4787,5.5314,2.4007,2.2792,0.9979,0.9979,66255.6538,26255.6538,12270.3418,6639479.0673,2631079.0673,,,1.526
600150,中国船舶,船舶,上海,19980520,600150.SH,20090804,95.0,97.68,93.31,94.26,96.3,-2.04,-2.1184,105578.79,1001186.919,4.0212,8.6044,0.89,15.014,16.4409,5.203,2.2582,2.1438,1.0609,1.0609,66255.6538,26255.6538,12270.3418,6245257.9272,2474857.9272,,,1.526
600150,中国船舶,船舶,上海,19980520,600150.SH,20090803,93.0,98.25,91.0,96.3,89.32,6.98,7.8146,173066.16,1624849.902,6.5916,14.1044,1.56,15.3389,16.7967,5.3156,2.3071,2.1902,1.0384,1.0384,66255.6538,26255.6538,12270.3418,6380419.4609,2528419.4609,,,1.526
600150,中国船舶,船舶,上海,19980520,600150.SH,20090731,81.4,89.32,81.4,89.32,81.2,8.12,10.0,119252.84,1025229.746,4.542,9.7188,1.11,14.2271,15.5793,4.9303,2.1399,2.0315,1.1196,1.1196,66255.6538,26255.6538,12270.3418,5917954.9974,2345154.9974,,,1.526
600150,中国船舶,船舶,上海,19980520,600150.SH,20090730,79.6,81.5,77.61,81.2,79.05,2.15,2.7198,73642.49,589048.361,2.8048,6.0017,0.7,12.9338,14.163,4.4821,1.9453,1.8468,1.2315,1.2315,66255.6538,26255.6538,12270.3418,5379959.0886,2131959.0886,,,1.526
600150,中国船舶,船舶,上海,19980520,600150.SH,20090729,83.98,85.58,76.0,79.05,84.31,-5.26,-6.2389,97707.86,794777.934,3.7214,7.9629,1.03,12.5913,13.788,4.3634,1.8938,1.7979,1.265,1.265,66255.6538,26255.6538,12270.3418,5237509.4329,2075509.4329,,,1.526
600150,中国船舶,船舶,上海,19980520,600150.SH,20090728,82.0,86.98,81.0,84.31,82.0,2.31,2.8171,130807.97,1101652.679,4.9821,10.6605,1.61,13.4291,14.7054,4.6538,2.0198,1.9175,1.1861,1.1861,66255.6538,26255.6538,12270.3418,5586014.1719,2213614.1719,,,1.526
600150,中国船舶,船舶,上海,19980520,600150.SH,20090727,75.52,82.5,74.6,82.0,75.07,6.93,9.2314,131636.49,1026155.045,5.0136,10.728,1.91,13.0612,14.3025,4.5263,1.9645,1.865,1.2195,1.2195,66255.6538,26255.6538,12270.3418,5432963.6116,2152963.6116,,,1.526
600150,中国船舶,船舶,上海,19980520,600150.SH,20090724,72.85,76.5,72.8,75.07,72.04,3.03,4.206,104617.06,782293.025,3.9846,8.526,1.78,11.9574,13.0938,4.1438,1.7985,1.7074,1.3321,1.3321,66255.6538,26255.6538,12270.3418,4973811.9308,1971011.9308,,,1.526
600150,中国船舶,船舶,上海,19980520,600150.SH,20090723,73.13,73.15,71.71,72.04,73.13,-1.09,-1.4905,60896.2,438831.748,2.3194,4.9629,1.01,11.4747,12.5653,3.9765,1.7259,1.6385,1.3881,1.3881,66255.6538,26255.6538,12270.3418,4773057.2998,1891457.2998,,,1.526
600150,中国船舶,船舶,上海,19980520,600150.SH,20090722,72.85,74.34,72.62,73.13,72.91,0.22,0.3017,45900.46,336356.055,1.7482,3.7408,0.73,11.6484,12.7554,4.0367,1.752,1.6633,1.3674,1.3674,66255.6538,26255.6538,12270.3418,4845275.9624,1920075.9624,,,1.526
600150,中国船舶,船舶,上海,19980520,600150.SH,20090721,75.3,75.6,72.8,72.91,75.14,-2.23,-2.9678,62752.53,462710.032,2.3901,5.1142,0.95,11.6133,12.717,4.0245,1.7467,1.6583,1.3716,1.3716,66255.6538,26255.6538,12270.3418,4830699.7186,1914299.7186,,,1.526
600150,中国船舶,船舶,上海,19980520,600150.SH,20090720,73.65,75.8,72.85,75.14,73.14,2.0,2.7345,69932.34,522598.7,2.6635,5.6993,0.96,11.9685,13.106,4.1476,1.8001,1.709,1.3308,1.3308,66255.6538,26255.6538,12270.3418,4978449.8265,1972849.8265,,,1.526
600150,中国船舶,船舶,上海,19980520,600150.SH,20090717,73.5,74.5,72.4,73.14,73.74,-0.6,-0.8137,55087.37,404677.808,2.0981,4.4895,0.72,11.65,12.7571,4.0372,1.7522,1.6635,1.3672,1.3672,66255.6538,26255.6538,12270.3418,4845938.5189,1920338.5189,,,1.526
600150,中国船舶,船舶,上海,19980520,600150.SH,20090716,75.16,76.96,73.7,73.74,74.66,-0.92,-1.2323,67706.58,510927.846,2.5787,5.5179,0.94,11.7455,12.8618,4.0703,1.7666,1.6771,1.3561,1.3561,66255.6538,26255.6538,12270.3418,4885691.9112,1936091.9112,,,1.526
600150,中国船舶,船舶,上海,19980520,600150.SH,20090715,74.25,75.49,73.38,74.66,74.21,0.45,0.6064,59603.77,442943.161,2.2701,4.8575,0.81,11.8921,13.0222,4.1211,1.7886,1.6981,1.3394,1.3394,66255.6538,26255.6538,12270.3418,4946647.1127,1960247.1127,,,1.526
600150,中国船舶,船舶,上海,19980520,600150.SH,20090714,73.73,75.6,72.81,74.21,73.48,0.73,0.9935,77011.41,573050.502,2.9331,6.2762,1.09,11.8204,12.9438,4.0963,1.7779,1.6878,1.3475,1.3475,66255.6538,26255.6538,12270.3418,4916832.0685,1948432.0685,,,1.526
600150,中国船舶,船舶,上海,19980520,600150.SH,20090713,70.03,74.88,70.03,73.48,70.0,3.48,4.9714,106654.15,774101.297,4.0621,8.692,1.6,11.7041,12.8164,4.056,1.7604,1.6712,1.3609,1.3609,66255.6538,26255.6538,12270.3418,4868465.4412,1929265.4412,,,1.526
600150,中国船舶,船舶,上海,19980520,600150.SH,20090710,68.96,71.98,68.96,70.0,68.94,1.06,1.5376,69867.48,493642.003,2.661,5.694,0.88,11.1498,12.2094,3.8639,1.677,1.5921,1.4286,1.4286,66255.6538,26255.6538,12270.3418,4637895.766,1837895.766,,,1.526
600150,中国船舶,船舶,上海,19980520,600150.SH,20090709,67.88,69.49,67.56,68.94,68.0,0.94,1.3824,48208.17,331925.771,1.8361,3.9288,0.48,10.981,12.0246,3.8054,1.6516,1.568,1.4505,1.4505,66255.6538,26255.6538,12270.3418,4567664.773,1810064.773,,,1.526
600150,中国船舶,船舶,上海,19980520,600150.SH,20090708,67.82,68.49,66.58,68.0,68.67,-0.67,-0.9757,66731.31,450018.091,2.5416,5.4384,0.71,10.8312,11.8606,3.7535,1.6291,1.5466,1.4706,1.4706,66255.6538,26255.6538,12270.3418,4505384.4584,1785384.4584,,,1.526
600150,中国船舶,船舶,上海,19980520,600150.SH,20090707,69.0,70.2,68.34,68.67,69.22,-0.55,-0.7946,61967.69,428280.873,2.3602,5.0502,0.67,10.938,11.9775,3.7905,1.6451,1.5618,1.4562,1.4562,66255.6538,26255.6538,12270.3418,4549775.7464,1802975.7464,,,1.526
600150,中国船舶,船舶,上海,19980520,600150.SH,20090706,71.5,71.5,68.5,69.22,70.06,-0.84,-1.199,86791.09,603854.13,3.3056,7.0732,1.07,11.0256,12.0734,3.8208,1.6583,1.5743,1.4447,1.4447,66255.6538,26255.6538,12270.3418,4586216.356,1817416.356,,,1.526
600150,中国船舶,船舶,上海,19980520,600150.SH,20090703,67.0,71.68,66.52,70.06,67.97,2.09,3.0749,133119.15,928482.087,5.0701,10.8489,2.18,11.1594,12.2199,3.8672,1.6784,1.5934,1.4273,1.4273,66255.6538,26255.6538,12270.3418,4641871.1052,1839471.1052,,,1.526
600150,中国船舶,船舶,上海,19980520,600150.SH,20090702,63.78,69.8,63.51,67.97,63.69,4.28,6.7201,150899.14,1003848.114,5.7473,12.2979,3.9,10.8265,11.8554,3.7518,1.6284,1.5459,1.4712,1.4712,66255.6538,26255.6538,12270.3418,4503396.7888,1784596.7888,,,1.526
600150,中国船舶,船舶,上海,19980520,600150.SH,20090701,63.0,63.98,62.73,63.69,63.46,0.23,0.3624,39202.94,247596.368,1.4931,3.1949,1.0,10.1447,11.1089,3.5156,1.5258,1.4486,1.5701,1.5701,66255.6538,26255.6538,12270.3418,4219822.5905,1672222.5905,,,1.526
600150,中国船舶,船舶,上海,19980520,600150.SH,20090630,63.0,64.52,62.72,63.46,62.78,0.68,1.0831,51314.07,327282.19,1.9544,4.182,1.42,10.1081,11.0687,3.5029,1.5203,1.4433,1.5758,1.5758,66255.6538,26255.6538,12270.3418,4204583.7901,1666183.7901,,,1.526
600150,中国船舶,船舶,上海,19980520,600150.SH,20090629,62.31,63.19,62.2,62.78,62.29,0.49,0.7866,31097.63,194894.043,1.1844,2.5344,0.81,9.9998,10.9501,3.4654,1.504,1.4279,1.5929,1.5929,66255.6538,26255.6538,12270.3418,4159529.9456,1648329.9456,,,1.526
600150,中国船舶,船舶,上海,19980520,600150.SH,20090626,62.86,63.0,62.01,62.29,62.81,-0.52,-0.8279,32773.96,204182.38,1.2483,2.671,0.78,9.9217,10.8647,3.4383,1.4923,1.4167,1.6054,1.6054,66255.6538,26255.6538,12270.3418,4127064.6752,1635464.6752,,,1.526
600150,中国船舶,船舶,上海,19980520,600150.SH,20090625,63.36,63.87,62.65,62.81,63.34,-0.53,-0.8368,38932.78,245502.625,1.4828,3.1729,0.91,10.0046,10.9554,3.467,1.5047,1.4285,1.5921,1.5921,66255.6538,26255.6538,12270.3418,4161517.6152,1649117.6152,,,1.526
600150,中国船舶,船舶,上海,19980520,600150.SH,20090624,63.01,63.39,62.21,63.34,62.7,0.64,1.0207,41168.23,258364.96,1.568,3.3551,0.93,10.089,11.0478,3.4963,1.5174,1.4406,1.5788,1.5788,66255.6538,26255.6538,12270.3418,4196633.1117,1663033.1117,,,1.526
600150,中国船舶,船舶,上海,19980520,600150.SH,20090623,63.0,63.24,62.5,62.7,63.98,-1.28,-2.0006,37308.02,234295.261,1.421,3.0405,0.9,9.987,10.9362,3.4609,1.5021,1.426,1.5949,1.5949,66255.6538,26255.6538,12270.3418,4154229.4933,1646229.4933,,,1.526
600150,中国船舶,船舶,上海,19980520,600150.SH,20090622,64.5,64.69,63.45,63.98,63.8,0.18,0.2821,41549.71,266319.949,1.5825,3.3862,1.01,10.1909,11.1594,3.5316,1.5328,1.4552,1.563,1.563,66255.6538,26255.6538,12270.3418,4239036.7301,1679836.7301,,,1.526
600150,中国船舶,船舶,上海,19980520,600150.SH,20090619,63.85,64.0,62.61,63.8,63.62,0.18,0.2829,50008.89,315528.206,1.9047,4.0756,1.34,10.1622,11.128,3.5217,1.5285,1.4511,1.5674,1.5674,66255.6538,26255.6538,12270.3418,4227110.7124,1675110.7124,,,1.526
600150,中国船舶,船舶,上海,19980520,600150.SH,20090618,65.05,65.05,63.15,63.62,64.01,-0.39,-0.6093,43736.22,279135.713,1.6658,3.5644,1.25,10.1336,11.0966,3.5117,1.5242,1.447,1.5718,1.5718,66255.6538,26255.6538,12270.3418,4215184.6948,1670384.6948,,,1.526
600150,中国船舶,船舶,上海,19980520,600150.SH,20090617,63.55,65.06,63.53,65.01,63.47,1.54,2.4263,48342.34,310946.64,1.8412,3.9398,1.32,10.355,11.3391,3.4007,1.5575,1.4786,1.5382,,66255.6538,26255.6538,12270.3418,4307280.0535,1706880.0535,,,1.526
600150,中国船舶,船舶,上海,19980520,600150.SH,20090616,63.45,63.74,62.99,63.47,63.64,-0.17,-0.2671,22547.93,142909.78,0.8588,1.8376,0.56,10.1097,11.0705,3.3202,1.5206,1.4436,1.5755,,66255.6538,26255.6538,12270.3418,4205246.3467,1666446.3467,,,1.526
600150,中国船舶,船舶,上海,19980520,600150.SH,20090615,63.5,64.0,62.95,63.64,63.62,0.02,0.0314,40968.65,259303.44,1.5604,3.3388,1.01,10.1368,11.1001,3.3291,1.5246,1.4474,1.5713,,66255.6538,26255.6538,12270.3418,4216509.8078,1670909.8078,,,1.526
600150,中国船舶,船舶,上海,19980520,600150.SH,20090612,64.8,64.85,63.45,63.62,64.12,-0.5,-0.7798,30749.15,197176.332,1.1711,2.506,0.58,10.1336,11.0966,3.328,1.5242,1.447,1.5718,,66255.6538,26255.6538,12270.3418,4215184.6948,1670384.6948,,,1.526
600150,中国船舶,船舶,上海,19980520,600150.SH,20090611,65.64,65.7,63.9,64.12,65.52,-1.4,-2.1368,32442.44,209146.366,1.2356,2.644,0.54,10.2132,11.1839,3.3542,1.5361,1.4583,1.5596,,66255.6538,26255.6538,12270.3418,4248312.5217,1683512.5217,,,1.526
600150,中国船舶,船舶,上海,19980520,600150.SH,20090610,65.99,66.98,65.34,65.52,64.73,0.79,1.2205,55987.91,369091.432,2.1324,4.5629,0.92,10.4362,11.428,3.4274,1.5697,1.4902,1.5263,,66255.6538,26255.6538,12270.3418,4341070.437,1720270.437,,,1.526
600150,中国船舶,船舶,上海,19980520,600150.SH,20090609,64.25,65.21,62.9,64.73,64.23,0.5,0.7785,40993.32,262138.312,1.5613,3.3408,0.56,10.3104,11.2902,3.3861,1.5507,1.4722,1.5449,,66255.6538,26255.6538,12270.3418,4288728.4705,1699528.4705,,,1.526
600150,中国船舶,船舶,上海,19980520,600150.SH,20090608,66.0,66.6,63.98,64.23,65.5,-1.27,-1.9389,43104.27,279106.707,1.6417,3.5129,0.57,10.2307,11.203,3.3599,1.5388,1.4608,1.5569,,66255.6538,26255.6538,12270.3418,4255600.6436,1686400.6436,,,1.526
600150,中国船舶,船舶,上海,19980520,600150.SH,20090605,66.2,68.3,65.32,65.5,64.04,1.46,2.2798,93609.29,624108.196,3.5653,7.6289,1.54,10.433,11.4246,3.4264,1.5692,1.4897,1.5267,,66255.6538,26255.6538,12270.3418,4339745.3239,1719745.3239,,,1.526
600150,中国船舶,船舶,上海,19980520,600150.SH,20090604,65.91,65.91,63.19,64.04,66.04,-2.0,-3.0285,66268.42,426556.78,2.524,5.4007,1.23,10.2005,11.1699,3.35,1.5342,1.4565,1.5615,,66255.6538,26255.6538,12270.3418,4243012.0694,1681412.0694,,,1.526
600150,中国船舶,船舶,上海,19980520,600150.SH,20090603,65.65,66.6,64.48,66.04,65.8,0.24,0.3647,60837.8,400079.992,2.3171,4.9581,1.29,10.519,11.5187,3.4546,1.5821,1.502,1.5142,,66255.6538,26255.6538,12270.3418,4375523.377,1733923.377,,,1.526
600150,中国船舶,船舶,上海,19980520,600150.SH,20090602,63.7,66.38,63.7,65.8,63.23,2.57,4.0645,100899.68,659024.201,6.8708,8.2231,3.24,10.4808,11.4769,3.4421,1.5764,1.4965,1.5198,1.5198,66255.6538,14685.273,12270.3418,4359622.02,966290.9634,,,1.526
600150,中国船舶,船舶,上海,19980520,600150.SH,20090601,62.15,63.65,62.15,63.23,61.52,1.71,2.7796,54296.33,341908.15,3.6973,4.425,1.89,10.0715,11.0286,3.3076,1.5148,1.4381,1.5815,1.5815,66255.6538,14685.273,12270.3418,4189344.9898,928549.8118,,,1.526
600150,中国船舶,船舶,上海,19980520,600150.SH,20090527,61.6,61.93,60.6,61.52,61.23,0.29,0.4736,22384.93,137256.374,1.5243,1.8243,0.72,9.7991,10.7304,3.2182,1.4738,1.3992,1.6255,1.6255,66255.6538,14685.273,12270.3418,4076047.8218,903437.995,,,1.526
600150,中国船舶,船舶,上海,19980520,600150.SH,20090526,61.6,62.39,61.18,61.23,61.48,-0.25,-0.4066,30720.99,189899.647,2.092,2.5037,0.79,9.7529,10.6798,3.203,1.4669,1.3926,1.6332,1.6332,66255.6538,14685.273,12270.3418,4056833.6822,899179.2658,,,1.526
600150,中国船舶,船舶,上海,19980520,600150.SH,20090525,60.1,61.71,59.95,61.48,61.32,0.16,0.2609,26797.34,162633.67,1.8248,2.1839,0.67,9.7927,10.7234,3.2161,1.4729,1.3983,1.6265,1.6265,66255.6538,14685.273,12270.3418,4073397.5956,902850.584,,,1.526
600150,中国船舶,船舶,上海,19980520,600150.SH,20090522,60.3,61.98,60.01,61.32,60.83,0.49,0.8055,21543.47,131790.599,1.467,1.7557,0.5,9.7672,10.6955,3.2077,1.4691,1.3947,1.6308,1.6308,66255.6538,14685.273,12270.3418,4062796.691,900500.9404,,,1.526
600150,中国船舶,船舶,上海,19980520,600150.SH,20090521,62.48,62.48,60.68,60.83,62.49,-1.66,-2.6564,42470.32,259985.317,2.892,3.4612,0.95,9.6892,10.61,3.1821,1.4573,1.3835,1.6439,1.6439,66255.6538,14685.273,12270.3418,4030331.4207,893305.1566,,,1.526
600150,中国船舶,船舶,上海,19980520,600150.SH,20090520,62.17,63.98,62.17,62.49,63.42,-0.93,-1.4664,33904.32,213513.472,2.3087,2.7631,0.69,9.9536,10.8995,3.2689,1.4971,1.4213,1.6003,1.6003,66255.6538,14685.273,12270.3418,4140315.806,917682.7098,,,1.526
600150,中国船舶,船舶,上海,19980520,600150.SH,20090519,61.8,63.98,61.51,63.42,61.15,2.27,3.7122,69686.48,439633.874,4.7453,5.6793,1.49,10.1017,11.0618,3.3176,1.5194,1.4424,1.5768,1.5768,66255.6538,14685.273,12270.3418,4201933.564,931340.0137,,,1.526
600150,中国船舶,船舶,上海,19980520,600150.SH,20090518,61.18,61.3,59.5,61.15,61.15,0.0,0.0,32251.21,194967.538,2.1962,2.6284,0.64,9.7401,10.6658,3.1988,1.465,1.3908,1.6353,1.6353,66255.6538,14685.273,12270.3418,4051533.2299,898004.444,,,1.526
600150,中国船舶,船舶,上海,19980520,600150.SH,20090514,61.82,61.82,60.47,61.15,61.91,-0.76,-1.2276,36507.72,222578.244,2.486,2.9753,0.69,9.7401,10.6658,3.1988,1.465,1.3908,1.6353,1.6353,66255.6538,14685.273,12270.3418,4051533.2299,898004.444,,,1.526
600150,中国船舶,船舶,上海,19980520,600150.SH,20090513,61.3,62.22,61.3,61.91,61.24,0.67,1.0941,50742.28,313597.481,3.4553,4.1354,0.98,9.8612,10.7984,3.2386,1.4832,1.4081,1.6152,1.6152,66255.6538,14685.273,12270.3418,4101887.5268,909165.2514,,,1.526
600150,中国船舶,船舶,上海,19980520,600150.SH,20090512,60.45,61.4,59.99,61.24,60.93,0.31,0.5088,57226.84,347325.042,3.8969,4.6638,1.17,9.7545,10.6815,3.2035,1.4671,1.3928,1.6329,1.6329,66255.6538,14685.273,12270.3418,4057496.2387,899326.1185,,,1.526
600150,中国船舶,船舶,上海,19980520,600150.SH,20090511,62.7,63.07,60.9,60.93,62.65,-1.72,-2.7454,56751.62,350027.292,3.8645,4.6251,1.19,9.7051,10.6274,3.1873,1.4597,1.3858,1.6412,1.6412,66255.6538,14685.273,12270.3418,4036956.986,894773.6839,,,1.526
600150,中国船舶,船舶,上海,19980520,600150.SH,20090508,63.57,63.57,61.89,62.65,63.76,-1.11,-1.7409,51116.48,319567.627,3.4808,4.1659,1.1,9.9791,10.9275,3.2773,1.5009,1.4249,1.5962,1.5962,66255.6538,14685.273,12270.3418,4150916.7106,920032.3535,,,1.526
600150,中国船舶,船舶,上海,19980520,600150.SH,20090507,65.1,65.5,63.0,63.76,65.0,-1.24,-1.9077,48986.89,313889.029,3.3358,3.9923,1.02,10.1559,11.1211,3.3354,1.5275,1.4502,1.5684,1.5684,66255.6538,14685.273,12270.3418,4224460.4863,936333.0065,,,1.526
600150,中国船舶,船舶,上海,19980520,600150.SH,20090506,64.8,65.45,64.0,65.0,64.8,0.2,0.3086,45597.79,294611.566,3.105,3.7161,0.96,10.3534,11.3373,3.4002,1.5572,1.4784,1.5385,1.5385,66255.6538,14685.273,12270.3418,4306617.497,954542.745,,,1.526
600150,中国船舶,船舶,上海,19980520,600150.SH,20090505,65.02,65.71,64.49,64.8,64.41,0.39,0.6055,42143.47,273784.364,2.8698,3.4346,0.76,10.3215,11.3025,3.3898,1.5524,1.4738,1.5432,1.5432,66255.6538,14685.273,12270.3418,4293366.3662,951605.6904,,,1.526
600150,中国船舶,船舶,上海,19980520,600150.SH,20090504,62.99,64.8,62.86,64.41,62.34,2.07,3.3205,51298.04,328286.853,3.4932,4.1807,0.91,10.2594,11.2344,3.3694,1.5431,1.4649,1.5526,1.5526,66255.6538,14685.273,12270.3418,4267526.6613,945878.4339,,,1.526
600150,中国船舶,船舶,上海,19980520,600150.SH,20090430,62.62,62.99,61.9,62.34,61.99,0.35,0.5646,43380.25,270673.24,2.954,3.5354,0.74,9.9297,10.8734,3.2611,1.4935,1.4179,1.6041,1.6041,66255.6538,14685.273,12270.3418,4130377.4579,915479.9188,,,1.526
600150,中国船舶,船舶,上海,19980520,600150.SH,20090429,60.45,62.83,60.02,61.99,60.5,1.49,2.4628,57388.17,354083.455,3.9079,4.677,0.85,9.8739,10.8123,3.2428,1.4851,1.4099,1.6132,1.6132,66255.6538,14685.273,12270.3418,4107187.9791,910340.0733,,,1.526
600150,中国船舶,船舶,上海,19980520,600150.SH,20090428,60.0,61.57,59.51,60.5,60.69,-0.19,-0.3131,42583.29,257447.764,2.8997,3.4704,0.6,9.6366,10.5524,3.1648,1.4494,1.376,1.6529,1.6529,66255.6538,14685.273,12270.3418,4008467.0549,888459.0165,,,1.526
600150,中国船舶,船舶,上海,19980520,600150.SH,20090427,62.0,64.5,60.4,60.69,65.23,-4.54,-6.96,81008.05,500956.432,5.5163,6.6019,1.18,9.6669,10.5856,3.1748,1.454,1.3803,1.6477,1.6477,66255.6538,14685.273,12270.3418,4021055.6291,891249.2184,,,1.526
600150,中国船舶,船舶,上海,19980520,600150.SH,20090424,65.5,67.5,65.0,65.23,65.5,-0.27,-0.4122,57024.46,378845.833,3.8831,4.6473,0.79,10.39,10.39,3.5888,1.5627,1.5627,1.533,1.533,66255.6538,14685.273,12270.3418,4321856.2974,957920.3578,,,1.526
600150,中国船舶,船舶,上海,19980520,600150.SH,20090423,65.78,66.17,63.7,65.5,66.22,-0.72,-1.0873,54647.02,354535.371,3.7212,4.4536,0.64,10.433,10.433,3.6037,1.5692,1.5692,1.5267,1.5267,66255.6538,14685.273,12270.3418,4339745.3239,961885.3815,,,1.526
600150,中国船舶,船舶,上海,19980520,600150.SH,20090422,71.5,71.7,65.82,66.22,70.5,-4.28,-6.0709,103847.13,709092.976,7.0715,8.4633,1.3,10.5477,10.5477,3.6433,1.5864,1.5864,1.5101,1.5101,66255.6538,14685.273,12270.3418,4387449.3946,972458.7781,,,1.526
600150,中国船舶,船舶,上海,19980520,600150.SH,20090421,70.14,72.0,69.5,70.5,71.64,-1.14,-1.5913,57648.94,406980.737,3.9256,4.6982,0.68,11.2294,11.2294,3.8788,1.689,1.689,1.4184,1.4184,66255.6538,14685.273,12270.3418,4671023.5929,1035311.7465,,,1.526
600150,中国船舶,船舶,上海,19980520,600150.SH,20090420,70.2,72.2,69.69,71.64,69.01,2.63,3.811,70367.84,501098.825,4.7917,5.7348,0.78,11.411,11.411,3.9415,1.7163,1.7163,1.3959,1.3959,66255.6538,14685.273,12270.3418,4746555.0382,1052052.9577,,,1.526
600150,中国船舶,船舶,上海,19980520,600150.SH,20090417,71.0,71.25,67.5,69.01,70.97,-1.96,-2.7617,73030.85,505622.693,4.9731,5.9518,0.76,10.9921,10.9921,3.7968,1.6533,1.6533,1.4491,1.4491,66255.6538,14685.273,12270.3418,4572302.6687,1013430.6897,,,1.526
600150,中国船舶,船舶,上海,19980520,600150.SH,20090416,67.8,73.5,67.79,70.97,67.02,3.95,5.8938,119399.1,847606.391,8.1305,9.7307,1.31,11.3043,11.3043,3.9046,1.7002,1.7002,1.409,1.409,66255.6538,14685.273,12270.3418,4702163.7502,1042213.8248,,,1.526
600150,中国船舶,船舶,上海,19980520,600150.SH,20090415,67.81,68.0,65.52,67.02,68.48,-1.46,-2.132,78939.86,526005.098,5.3754,6.4334,0.78,10.6751,10.6751,3.6873,1.6056,1.6056,1.4921,1.4921,66255.6538,14685.273,12270.3418,4440453.9177,984206.9965,,,1.526
600150,中国船舶,船舶,上海,19980520,600150.SH,20090414,68.53,69.05,67.01,68.48,68.48,0.0,0.0,79598.39,542265.248,5.4203,6.4871,0.78,10.9077,10.9077,3.7676,1.6406,1.6406,1.4603,1.4603,66255.6538,14685.273,12270.3418,4537187.1722,1005647.495,,,1.526
600150,中国船舶,船舶,上海,19980520,600150.SH,20090413,66.33,69.05,66.33,68.48,66.33,2.15,3.2414,99523.11,675660.947,6.7771,8.1109,1.0,10.9077,10.9077,3.7676,1.6406,1.6406,1.4603,1.4603,66255.6538,14685.273,12270.3418,4537187.1722,1005647.495,,,1.526
600150,中国船舶,船舶,上海,19980520,600150.SH,20090410,66.0,66.82,64.3,66.33,65.82,0.51,0.7748,99872.83,654862.108,6.8009,8.1394,0.92,10.5652,10.5652,3.6493,1.5891,1.5891,1.5076,1.5076,66255.6538,14685.273,12270.3418,4394737.5166,974074.1581,,,1.526
600150,中国船舶,船舶,上海,19980520,600150.SH,20090409,65.89,68.6,63.5,65.82,66.63,-0.81,-1.2157,98183.53,646552.963,6.6858,8.0017,0.85,10.484,10.484,3.6213,1.5769,1.5769,1.5193,1.5193,66255.6538,14685.273,12270.3418,4360947.1331,966584.6689,,,1.526
600150,中国船舶,船舶,上海,19980520,600150.SH,20090408,63.82,69.97,63.82,66.63,63.8,2.83,4.4357,130601.59,874407.158,8.8934,10.6437,1.21,10.613,10.613,3.6658,1.5963,1.5963,1.5008,1.5008,66255.6538,14685.273,12270.3418,4414614.2127,978479.74,,,1.526
600150,中国船舶,船舶,上海,19980520,600150.SH,20090407,62.62,65.6,62.62,63.8,62.59,1.21,1.9332,78857.74,507226.749,5.3699,6.4267,0.76,10.1622,10.1622,3.5101,1.5285,1.5285,1.5674,1.5674,66255.6538,14685.273,12270.3418,4227110.7124,936920.4174,,,1.526
600150,中国船舶,船舶,上海,19980520,600150.SH,20090403,62.88,63.96,61.91,62.59,62.86,-0.27,-0.4295,89302.83,563377.731,6.0811,7.2779,0.84,9.9695,9.9695,3.4436,1.4995,1.4995,1.5977,1.5977,66255.6538,14685.273,12270.3418,4146941.3713,919151.2371,,,1.526
600150,中国船舶,船舶,上海,19980520,600150.SH,20090402,59.51,64.51,59.5,62.86,59.15,3.71,6.2722,148173.01,928837.626,10.0899,12.0757,1.57,10.0125,10.0125,3.4584,1.5059,1.5059,1.5908,1.5908,66255.6538,14685.273,12270.3418,4164830.3979,923116.2608,,,1.526
600150,中国船舶,船舶,上海,19980520,600150.SH,20090401,57.0,59.38,56.85,59.15,56.24,2.91,5.1743,128725.16,751702.098,8.7656,10.4908,1.47,9.4216,9.4216,3.2543,1.4171,1.4171,1.6906,1.6906,66255.6538,14685.273,12270.3418,3919021.9223,868633.898,,,1.526
600150,中国船舶,船舶,上海,19980520,600150.SH,20090331,55.97,56.5,54.66,56.24,57.25,-1.01,-1.7642,95187.73,528747.116,6.4818,7.7575,0.86,8.9581,8.9581,3.0942,1.3474,1.3474,1.7781,1.7781,66255.6538,14685.273,12270.3418,3726217.9697,825899.7535,,,1.526
600150,中国船舶,船舶,上海,19980520,600150.SH,20090330,58.0,58.32,56.26,57.25,57.79,-0.54,-0.9344,57883.93,331522.981,3.9416,6.4628,0.47,13.0006,9.6222,3.4357,2.1219,1.6279,1.7467,1.7467,66255.6538,14685.273,8956.5344,3793136.1801,840731.8793,,,1.526
600150,中国船舶,船舶,上海,19980520,600150.SH,20090327,56.9,59.5,56.48,57.79,56.3,1.49,2.6465,104306.04,603816.096,7.1028,11.6458,0.9,13.1232,9.7129,3.4681,2.1419,1.6432,1.7304,1.7304,66255.6538,14685.273,8956.5344,3828914.2331,848661.9267,,,1.526
600150,中国船舶,船舶,上海,19980520,600150.SH,20090326,54.84,56.36,54.55,56.3,54.07,2.23,4.1243,86256.77,479676.583,5.8737,9.6306,0.78,12.7849,9.4625,3.3787,2.0867,1.6009,1.7762,1.7762,66255.6538,14685.273,8956.5344,3730193.3089,826780.8699,,,1.526
600150,中国船舶,船舶,上海,19980520,600150.SH,20090325,55.88,56.8,54.0,54.07,57.04,-2.97,-5.2069,94454.89,522264.76,6.4319,10.5459,0.93,12.2785,9.0877,3.2449,2.004,1.5375,1.8495,1.8495,66255.6538,14685.273,8956.5344,3582443.201,794032.7111,,,1.526
600150,中国船舶,船舶,上海,19980520,600150.SH,20090324,58.8,58.9,56.31,57.04,56.18,0.86,1.5308,212812.29,1226930.078,14.4915,23.7606,3.19,12.9529,9.5869,3.4231,2.1141,1.6219,1.7532,1.7532,66255.6538,14685.273,8956.5344,3779222.4928,837647.9719,,,1.526
600150,中国船舶,船舶,上海,19980520,600150.SH,20090323,51.35,56.18,51.35,56.18,51.07,5.11,10.0059,124422.32,691667.709,8.4726,13.8918,2.65,12.7576,9.4423,3.3715,2.0822,1.5975,1.78,1.78,66255.6538,14685.273,8956.5344,3722242.6305,825018.6371,,,1.526
600150,中国船舶,船舶,上海,19980520,600150.SH,20090320,51.99,52.27,50.33,51.07,51.75,-0.68,-1.314,59425.3,303260.308,4.0466,6.6349,1.5,11.5972,8.5835,3.0648,1.8928,1.4522,1.9581,1.9581,66255.6538,14685.273,8956.5344,3383676.2396,749976.8921,,,1.526
600150,中国船舶,船舶,上海,19980520,600150.SH,20090319,50.01,51.9,50.01,51.75,50.01,1.74,3.4793,61216.77,314020.487,4.1686,6.8349,1.83,11.7516,8.6978,3.1056,1.918,1.4715,1.9324,1.9324,66255.6538,14685.273,8956.5344,3428730.0842,759962.8778,,,1.526
600150,中国船舶,船舶,上海,19980520,600150.SH,20090318,50.47,51.18,50.0,50.01,50.01,0.0,0.0,47240.8,238944.262,3.2169,5.2745,1.36,11.3565,8.4053,3.0012,1.8536,1.422,1.9996,1.9996,66255.6538,14685.273,8956.5344,3313445.2465,734410.5027,,,1.526
600150,中国船舶,船舶,上海,19980520,600150.SH,20090317,48.75,50.23,48.31,50.01,49.02,0.99,2.0196,41417.88,206193.626,2.8204,4.6243,1.05,11.3565,8.4053,3.0012,1.8536,1.422,1.9996,1.9996,66255.6538,14685.273,8956.5344,3313445.2465,734410.5027,,,1.526
600150,中国船舶,船舶,上海,19980520,600150.SH,20090316,48.34,49.1,47.21,49.02,48.45,0.57,1.1765,25521.71,122595.792,1.7379,2.8495,0.58,11.1317,8.2389,2.9418,1.8169,1.3939,2.04,2.04,66255.6538,14685.273,8956.5344,3247852.1493,719872.0825,,,1.526
600150,中国船舶,船舶,上海,19980520,600150.SH,20090313,48.7,49.45,48.3,48.45,48.55,-0.1,-0.206,23111.98,112956.647,1.5738,2.5805,0.5,11.0023,8.1431,2.9076,1.7957,1.3777,2.064,2.064,66255.6538,14685.273,8956.5344,3210086.4266,711501.4769,,,1.526
600150,中国船舶,船舶,上海,19980520,600150.SH,20090312,49.25,49.38,47.68,48.55,49.83,-1.28,-2.5687,30332.73,146884.906,2.0655,3.3867,0.58,11.025,8.1599,2.9136,1.7994,1.3805,2.0597,2.0597,66255.6538,14685.273,8956.5344,3216711.992,712970.0042,,,1.526
600150,中国船舶,船舶,上海,19980520,600150.SH,20090311,50.65,50.68,49.59,49.83,50.14,-0.31,-0.6183,53830.45,269022.157,3.6656,6.0102,1.0,11.3156,8.3751,2.9904,1.8469,1.4169,2.0068,2.0068,66255.6538,14685.273,8956.5344,3301519.2289,731767.1536,,,1.526
600150,中国船舶,船舶,上海,19980520,600150.SH,20090310,48.03,50.5,48.0,50.14,48.02,2.12,4.4148,64895.89,322415.18,4.4191,7.2456,1.35,11.386,8.4272,3.009,1.8584,1.4257,1.9944,1.9944,66255.6538,14685.273,8956.5344,3322058.4815,736319.5882,,,1.526
600150,中国船舶,船舶,上海,19980520,600150.SH,20090309,49.02,50.3,47.75,48.02,48.31,-0.29,-0.6003,46243.01,227576.775,3.1489,5.163,0.99,10.9046,8.0709,2.8818,1.7798,1.3654,2.0825,2.0825,66255.6538,14685.273,8956.5344,3181596.4955,705186.8095,,,1.526
600150,中国船舶,船舶,上海,19980520,600150.SH,20090306,48.01,48.75,47.85,48.31,49.45,-1.14,-2.3054,35690.22,172511.919,2.4303,3.9848,0.69,10.9705,8.1196,2.8992,1.7905,1.3737,2.07,2.07,66255.6538,14685.273,8956.5344,3200810.6351,709445.5386,,,1.526
600150,中国船舶,船舶,上海,19980520,600150.SH,20090305,50.19,50.5,48.61,49.45,49.19,0.26,0.5286,60552.96,301156.172,4.1234,6.7608,1.21,11.2293,8.3112,2.9676,1.8328,1.4061,2.0222,2.0222,66255.6538,14685.273,8956.5344,3276342.0804,726186.7499,,,1.526
600150,中国船舶,船舶,上海,19980520,600150.SH,20090304,46.04,49.55,46.04,49.19,45.79,3.4,7.4252,62846.7,303118.282,4.2796,7.0169,1.3,11.1703,8.2675,2.952,1.8232,1.3987,2.0329,2.0329,66255.6538,14685.273,8956.5344,3259115.6104,722368.5789,,,1.526
600150,中国船舶,船舶,上海,19980520,600150.SH,20090303,44.79,46.21,44.5,45.79,46.2,-0.41,-0.8874,35500.49,161592.482,2.4174,3.9636,0.62,10.3982,7.6961,2.748,1.6971,1.302,2.1839,2.1839,66255.6538,14685.273,8956.5344,3033846.3875,672438.6507,,,1.526
600150,中国船舶,船舶,上海,19980520,600150.SH,20090302,44.8,46.48,44.45,46.2,45.21,0.99,2.1898,38455.42,175899.356,2.6186,4.2936,0.64,10.4913,7.765,2.7726,1.7123,1.3137,2.1645,2.1645,66255.6538,14685.273,8956.5344,3061011.2056,678459.6126,,,1.526
600150,中国船舶,船舶,上海,19980520,600150.SH,20090227,47.1,47.1,44.69,45.21,47.48,-2.27,-4.781,61542.34,280356.404,4.1908,6.8712,1.04,10.2665,7.5986,2.7132,1.6757,1.2855,2.2119,2.2119,66255.6538,14685.273,8956.5344,2995418.1083,663921.1923,,,1.526
600150,中国船舶,船舶,上海,19980520,600150.SH,20090226,50.4,50.8,46.38,47.48,50.0,-2.52,-5.04,51712.76,254498.863,3.5214,5.7737,0.84,10.782,7.9801,2.8494,1.7598,1.3501,2.1061,2.1061,66255.6538,14685.273,8956.5344,3145818.4424,697256.762,,,1.526
600150,中国船舶,船舶,上海,19980520,600150.SH,20090225,51.0,51.5,49.0,50.0,50.4,-0.4,-0.7937,54883.96,275082.867,3.7373,6.1278,0.82,11.3542,8.4037,3.0006,1.8532,1.4217,2.0,2.0,66255.6538,14685.273,8956.5344,3312782.69,734263.65,,,1.526
600150,中国船舶,船舶,上海,19980520,600150.SH,20090224,53.0,53.5,50.38,50.4,53.71,-3.31,-6.1627,77681.08,402039.114,5.2897,8.6731,1.14,11.4451,8.4709,3.0246,1.868,1.4331,1.9841,1.9841,66255.6538,14685.273,8956.5344,3339284.9515,740137.7592,,,1.526
600150,中国船舶,船舶,上海,19980520,600150.SH,20090223,52.6,53.98,51.7,53.71,53.11,0.6,1.1297,53796.0,285797.381,3.6633,6.0063,0.66,12.1967,9.0272,3.2233,1.9907,1.5272,1.8619,1.8619,66255.6538,14685.273,8956.5344,3558591.1656,788746.0128,,,1.526
600150,中国船舶,船舶,上海,19980520,600150.SH,20090220,51.78,53.48,50.83,53.11,51.78,1.33,2.5686,57585.74,299797.68,3.9213,6.4295,0.56,12.0605,8.9264,3.1873,1.9685,1.5102,1.8829,1.8829,66255.6538,14685.273,8956.5344,3518837.7733,779934.849,,,1.526
600150,中国船舶,船舶,上海,19980520,600150.SH,20090219,51.6,52.8,50.8,51.78,51.49,0.29,0.5632,64019.11,331371.104,4.3594,7.1478,0.47,11.7584,8.7028,3.1074,1.9192,1.4723,1.9312,1.9312,66255.6538,14685.273,8956.5344,3430717.7538,760403.4359,,,1.526
600150,中国船舶,船舶,上海,19980520,600150.SH,20090218,53.69,54.45,51.4,51.49,54.7,-3.21,-5.8684,80641.2,428104.33,5.4913,9.0036,0.6,11.6926,8.6541,3.09,1.9084,1.4641,1.9421,1.9421,66255.6538,14685.273,8956.5344,3411503.6142,756144.7068,,,1.526
600150,中国船舶,船舶,上海,19980520,600150.SH,20090217,56.94,56.94,54.51,54.7,56.94,-2.24,-3.934,83655.75,463487.763,5.6966,9.3402,0.65,12.4215,9.1936,3.2827,2.0274,1.5554,1.8282,1.8282,66255.6538,14685.273,8956.5344,3624184.2629,803284.4331,,,1.526
600150,中国船舶,船舶,上海,19980520,600150.SH,20090216,58.2,58.2,55.8,56.94,58.13,-1.19,-2.0471,124450.11,706326.837,8.4745,13.8949,1.03,12.9302,9.5701,3.4171,2.1104,1.6191,1.7562,1.7562,66255.6538,14685.273,8956.5344,3772596.9274,836179.4446,,,1.526
600150,中国船舶,船舶,上海,19980520,600150.SH,20090213,60.38,60.38,56.32,58.13,58.48,-0.35,-0.5985,165134.92,958701.64,11.2449,18.4374,1.66,13.2004,9.7701,3.4885,2.1545,1.6529,1.7203,1.7203,66255.6538,14685.273,8956.5344,3851441.1554,853654.9195,,,1.526
600150,中国船舶,船舶,上海,19980520,600150.SH,20090212,58.0,58.48,56.9,58.48,53.16,5.32,10.0075,220936.2,1286693.386,15.0447,24.6676,3.2,13.2799,9.8289,3.5095,2.1675,1.6629,1.71,1.71,66255.6538,14685.273,8956.5344,3874630.6342,858794.765,,,1.526
600150,中国船舶,船舶,上海,19980520,600150.SH,20090211,52.8,54.46,52.51,53.16,53.75,-0.59,-1.0977,73028.09,389032.738,4.9729,8.1536,1.01,12.0718,8.9348,3.1903,1.9703,1.5116,1.8811,1.8811,66255.6538,14685.273,8956.5344,3522150.556,780669.1127,,,1.526
600150,中国船舶,船舶,上海,19980520,600150.SH,20090210,53.4,54.6,52.28,53.75,53.44,0.31,0.5801,57548.05,306494.431,3.9188,6.4253,0.75,12.2058,9.0339,3.2257,1.9922,1.5284,1.8605,1.8605,66255.6538,14685.273,8956.5344,3561241.3918,789333.4238,,,1.526
600150,中国船舶,船舶,上海,19980520,600150.SH,20090209,50.9,54.89,50.85,53.44,49.97,3.47,6.9442,87836.68,465753.636,5.9813,9.807,1.28,12.1354,8.9818,3.2071,1.9807,1.5195,1.8713,1.8713,66255.6538,14685.273,8956.5344,3540702.1391,784780.9891,,,1.526
600150,中国船舶,船舶,上海,19980520,600150.SH,20090206,48.28,50.0,48.28,49.97,48.25,1.72,3.5648,59534.26,294178.784,4.054,6.647,0.94,11.3474,8.3986,2.9988,1.8521,1.4209,2.0012,2.0012,66255.6538,14685.273,8956.5344,3310795.0204,733823.0918,,,1.526
600150,中国船舶,船舶,上海,19980520,600150.SH,20090205,49.55,49.8,48.0,48.25,49.68,-1.43,-2.8784,67300.15,329162.303,4.5828,7.5141,1.13,10.9568,8.1095,2.8956,1.7883,1.372,2.0725,2.0725,66255.6538,14685.273,8956.5344,3196835.2959,708564.4223,,,1.526
600150,中国船舶,船舶,上海,19980520,600150.SH,20090204,50.35,51.95,48.75,49.68,49.55,0.13,0.2624,88993.37,445983.28,6.06,9.9361,1.74,11.2816,8.3499,2.9814,1.8413,1.4126,2.0129,2.0129,66255.6538,14685.273,8956.5344,3291580.8808,729564.3626,,,1.526
600150,中国船舶,船舶,上海,19980520,600150.SH,20090203,46.5,50.0,46.5,49.55,46.31,3.24,6.9963,80820.78,392868.119,5.5035,9.0237,1.92,11.252,8.328,2.9736,1.8365,1.4089,2.0182,2.0182,66255.6538,14685.273,8956.5344,3282967.6458,727655.2772,,,1.526
600150,中国船舶,船舶,上海,19980520,600150.SH,20090202,44.85,46.38,44.76,46.31,44.65,1.66,3.7178,46468.2,211745.735,3.1643,5.1882,1.01,10.5163,7.7835,2.7792,1.7164,1.3168,2.1594,2.1594,66255.6538,14685.273,8956.5344,3068299.3275,680074.9926,,,1.526
600150,中国船舶,船舶,上海,19980520,600150.SH,20090123,45.75,45.96,44.5,44.65,45.76,-1.11,-2.4257,31613.13,142666.861,2.1527,3.5296,0.56,10.1393,7.5045,2.6796,1.6549,1.2696,2.2396,2.2396,66255.6538,14685.273,8956.5344,2958314.9422,655697.4395,,,1.526
600150,中国船舶,船舶,上海,19980520,600150.SH,20090122,45.6,46.34,45.05,45.76,45.65,0.11,0.241,49214.61,224982.149,3.3513,5.4948,0.8,10.3914,7.691,2.7462,1.696,1.3012,2.1853,2.1853,66255.6538,14685.273,8956.5344,3031858.7179,671998.0925,,,1.526
600150,中国船舶,船舶,上海,19980520,600150.SH,20090121,43.45,45.8,43.2,45.65,44.26,1.39,3.1405,47901.89,214063.084,3.2619,5.3483,0.84,10.3664,7.6725,2.7396,1.692,1.298,2.1906,2.1906,66255.6538,14685.273,8956.5344,3024570.596,670382.7125,,,1.526
600150,中国船舶,船舶,上海,19980520,600150.SH,20090120,44.35,44.65,43.43,44.26,44.79,-0.53,-1.1833,35774.33,157446.244,2.4361,3.9942,0.66,10.0508,7.4389,2.6561,1.6404,1.2585,2.2594,2.2594,66255.6538,14685.273,8956.5344,2932475.2372,649970.183,,,1.526
600150,中国船舶,船舶,上海,19980520,600150.SH,20090119,44.98,45.29,43.5,44.79,44.71,0.08,0.1789,66368.26,294825.152,4.5194,7.41,1.43,10.1711,7.528,2.688,1.6601,1.2736,2.2326,2.2326,66255.6538,14685.273,8956.5344,2967590.7337,657753.3777,,,1.526
600150,中国船舶,船舶,上海,19980520,600150.SH,20090116,43.5,45.88,43.5,44.71,42.8,1.91,4.4626,84032.46,378284.776,5.7222,9.3823,2.48,10.153,7.5145,2.6832,1.6571,1.2713,2.2366,2.2366,66255.6538,14685.273,8956.5344,2962290.2814,656578.5558,,,1.526
600150,中国船舶,船舶,上海,19980520,600150.SH,20090115,41.0,44.0,40.81,42.8,41.61,1.19,2.8599,71920.88,309532.391,4.8975,8.03,2.86,9.7192,7.1935,2.5685,1.5863,1.217,2.3364,2.3364,66255.6538,14685.273,8956.5344,2835741.9826,628529.6844,,,1.526
600150,中国船舶,船舶,上海,19980520,600150.SH,20090114,40.0,41.75,40.0,41.61,40.01,1.6,3.999,28167.92,115743.837,1.9181,3.145,1.03,9.449,6.9935,2.4971,1.5422,1.1832,2.4033,2.4033,66255.6538,14685.273,8956.5344,2756897.7546,611054.2095,,,1.526
600150,中国船舶,船舶,上海,19980520,600150.SH,20090113,40.25,40.51,39.9,40.01,41.08,-1.07,-2.6047,20563.07,82529.091,1.4003,2.2959,0.64,9.0857,6.7246,2.4011,1.4829,1.1377,2.4994,2.4994,66255.6538,14685.273,8956.5344,2650888.7085,587557.7727,,,1.526
600150,中国船舶,船舶,上海,19980520,600150.SH,20090112,40.22,41.75,39.98,41.08,40.6,0.48,1.1823,27413.53,112584.12,1.8667,3.0607,0.85,9.3286,6.9044,2.4653,1.5226,1.1681,2.4343,2.4343,66255.6538,14685.273,8956.5344,2721782.2581,603271.0148,,,1.526
600150,中国船舶,船舶,上海,19980520,600150.SH,20090109,39.31,40.83,39.31,40.6,39.43,1.17,2.9673,21250.67,85381.286,1.4471,2.3726,0.58,9.2196,6.8238,2.4365,1.5048,1.1544,2.4631,2.4631,66255.6538,14685.273,8956.5344,2689979.5443,596222.0838,,,1.526
600150,中国船舶,船舶,上海,19980520,600150.SH,20090108,40.0,40.48,39.21,39.43,41.07,-1.64,-3.9932,28261.47,112480.784,1.9245,3.1554,0.75,8.954,6.6271,2.3663,1.4614,1.1212,2.5361,2.5361,66255.6538,14685.273,8956.5344,2612460.4293,579040.3144,,,1.526
600150,中国船舶,船舶,上海,19980520,600150.SH,20090107,41.4,41.9,40.6,41.07,41.19,-0.12,-0.2913,39736.78,164143.977,2.7059,4.4366,1.15,9.3264,6.9028,2.4647,1.5222,1.1678,2.4349,2.4349,66255.6538,14685.273,8956.5344,2721119.7016,603124.1621,,,1.526
600150,中国船舶,船舶,上海,19980520,600150.SH,20090106,39.3,41.26,39.0,41.19,39.54,1.65,4.173,43212.7,175372.888,2.9426,4.8247,1.5,9.3536,6.9229,2.4719,1.5267,1.1712,2.4278,2.4278,66255.6538,14685.273,8956.5344,2729070.38,604886.3949,,,1.526
600150,中国船舶,船舶,上海,19980520,600150.SH,20090105,38.77,39.6,38.5,39.54,38.24,1.3,3.3996,28992.19,113471.415,1.9742,3.237,1.07,8.9789,6.6456,2.3729,1.4655,1.1243,2.5291,2.5291,66255.6538,14685.273,8956.5344,2619748.5513,580655.6944,,,1.526
600150,中国船舶,船舶,上海,19980520,600150.SH,20081231,38.79,38.98,37.4,38.24,38.77,-0.53,-1.37,41645.54,157428.039,2.8359,4.6497,1.73,8.6837,6.4271,2.2949,1.4173,1.0873,0.2073,2.6151,66255.6538,14685.273,8956.5344,2533616.2013,561564.8395,,,1.526
600150,中国船舶,船舶,上海,19980520,600150.SH,20081230,40.15,40.48,38.4,38.77,40.3,-1.53,-3.8,35675.3,140345.488,2.4293,3.9832,1.37,8.8041,6.5162,2.3267,1.437,1.1024,0.2044,2.5793,66255.6538,14685.273,8956.5344,2568731.6978,569348.0342,,,1.526
600150,中国船舶,船舶,上海,19980520,600150.SH,20081229,40.3,40.6,39.39,40.3,40.92,-0.62,-1.52,23850.94,94858.27,1.6241,2.663,0.86,9.1515,6.7733,2.4185,1.4937,1.1459,0.1967,2.4814,66255.6538,14685.273,8956.5344,2670102.8481,591816.5019,,,1.526
600150,中国船舶,船舶,上海,19980520,600150.SH,20081226,40.51,41.08,40.2,40.92,40.79,0.13,0.32,14277.06,58096.433,0.9722,1.594,0.46,9.2923,6.8776,2.4557,1.5166,1.1635,0.1937,2.4438,66255.6538,14685.273,8956.5344,2711181.3535,600921.3712,,,1.526
600150,中国船舶,船舶,上海,19980520,600150.SH,20081225,40.05,41.39,40.05,40.79,40.22,0.57,1.42,20146.31,81940.235,1.3719,2.2493,0.59,9.2628,6.8557,2.4479,1.5118,1.1598,0.1943,2.4516,66255.6538,14685.273,8956.5344,2702568.1185,599012.2857,,,1.526
600150,中国船舶,船舶,上海,19980520,600150.SH,20081224,40.35,41.18,40.0,40.22,40.83,-0.61,-1.49,26465.67,107010.339,1.8022,2.9549,0.69,9.1333,6.7599,2.4137,1.4907,1.1436,0.1971,2.4863,66255.6538,14685.273,8956.5344,2664802.3958,590641.6801,,,1.526
600150,中国船舶,船舶,上海,19980520,600150.SH,20081223,44.38,44.38,40.8,40.83,44.0,-3.17,-7.2,45397.48,190943.516,3.0914,5.0686,1.31,9.2719,6.8624,2.4503,1.5133,1.161,0.1941,2.4492,66255.6538,14685.273,8956.5344,2705218.3447,599599.6966,,,1.526
600150,中国船舶,船舶,上海,19980520,600150.SH,20081222,43.32,44.3,43.2,44.0,43.41,0.59,1.36,33115.05,145262.686,2.255,3.6973,0.95,9.9917,7.3952,2.6405,1.6308,1.2511,0.1801,2.2727,66255.6538,14685.273,8956.5344,2915248.7672,646152.012,,,1.526
600150,中国船舶,船舶,上海,19980520,600150.SH,20081219,43.0,44.1,42.6,43.41,43.18,0.23,0.53,31547.6,137799.898,2.1482,3.5223,0.82,9.8577,7.2961,2.6051,1.6089,1.2343,0.1826,2.3036,66255.6538,14685.273,8956.5344,2876157.9315,637487.7009,,,1.526
600150,中国船舶,船舶,上海,19980520,600150.SH,20081218,43.49,43.49,41.88,43.18,43.44,-0.26,-0.6,33536.7,143327.164,2.2837,3.7444,0.83,9.8055,7.2574,2.5913,1.6004,1.2278,0.1835,2.3159,66255.6538,14685.273,8956.5344,2860919.1311,634110.0881,,,1.526
600150,中国船舶,船舶,上海,19980520,600150.SH,20081217,42.53,44.5,42.53,43.44,42.16,1.28,3.04,48873.85,212894.146,3.3281,5.4568,1.24,9.8646,7.3011,2.6069,1.61,1.2352,0.1824,2.302,66255.6538,14685.273,8956.5344,2878145.6011,637928.2591,,,1.526
600150,中国船舶,船舶,上海,19980520,600150.SH,20081216,41.2,42.2,40.28,42.16,41.61,0.55,1.32,26204.54,107942.479,1.7844,2.9257,0.55,9.5739,7.086,2.5301,1.5626,1.1988,0.188,2.3719,66255.6538,14685.273,8956.5344,2793338.3642,619131.1097,,,1.526
600150,中国船舶,船舶,上海,19980520,600150.SH,20081215,41.65,42.38,40.9,41.61,40.57,1.04,2.56,34524.8,143688.104,2.351,3.8547,0.61,9.449,6.9935,2.4971,1.5422,1.1832,0.1905,2.4033,66255.6538,14685.273,8956.5344,2756897.7546,611054.2095,,,1.526
600150,中国船舶,船舶,上海,19980520,600150.SH,20081212,41.7,42.45,40.25,40.57,42.86,-2.29,-5.34,48615.35,199764.966,3.3105,5.4279,0.83,9.2128,6.8187,2.4347,1.5037,1.1536,0.1954,2.4649,66255.6538,14685.273,8956.5344,2687991.8747,595781.5256,,,1.526
600150,中国船舶,船舶,上海,19980520,600150.SH,20081211,44.6,44.84,42.82,42.86,44.6,-1.74,-3.9,43008.93,188628.489,2.9287,4.802,0.6,9.7329,7.2036,2.5721,1.5886,1.2187,0.1849,2.3332,66255.6538,14685.273,8956.5344,2839717.3219,629410.8008,,,1.526
600150,中国船舶,船舶,上海,19980520,600150.SH,20081210,43.46,44.84,43.21,44.6,43.87,0.73,1.66,44079.88,194375.44,3.0016,4.9215,0.55,10.128,7.4961,2.6766,1.653,1.2682,0.1777,2.2422,66255.6538,14685.273,8956.5344,2955002.1595,654963.1758,,,1.526
600150,中国船舶,船舶,上海,19980520,600150.SH,20081209,45.98,45.98,43.42,43.87,45.55,-1.68,-3.69,66810.39,296879.751,4.5495,7.4594,0.92,9.9622,7.3734,2.6327,1.626,1.2474,0.1807,2.2795,66255.6538,14685.273,8956.5344,2906635.5322,644242.9265,,,1.526
600150,中国船舶,船舶,上海,19980520,600150.SH,20081208,43.51,46.3,43.51,45.55,42.92,2.63,6.13,79373.88,357730.41,5.405,8.8621,1.23,10.3437,7.6557,2.7336,1.6883,1.2952,0.174,2.1954,66255.6538,14685.273,8956.5344,3017945.0306,668914.1852,,,1.526
600150,中国船舶,船舶,上海,19980520,600150.SH,20081205,41.81,43.2,41.0,42.92,41.94,0.98,2.34,59604.76,251696.566,4.0588,6.6549,1.02,9.7465,7.2137,2.5757,1.5908,1.2204,0.1847,2.3299,66255.6538,14685.273,8956.5344,2843692.6611,630291.9172,,,1.526
600150,中国船舶,船舶,上海,19980520,600150.SH,20081204,42.11,44.54,41.86,41.94,41.45,0.49,1.18,107654.83,465240.02,7.3308,12.0197,2.3,9.5239,7.049,2.5169,1.5545,1.1925,0.189,2.3844,66255.6538,14685.273,8956.5344,2778762.1204,615900.3496,,,1.526
600150,中国船舶,船舶,上海,19980520,600150.SH,20081203,38.5,41.55,38.28,41.45,37.95,3.5,9.22,87001.94,352447.348,5.9244,9.7138,2.53,9.4127,6.9666,2.4875,1.5363,1.1786,0.1912,2.4125,66255.6538,14685.273,8956.5344,2746296.85,608704.5659,,,1.526
600150,中国船舶,船舶,上海,19980520,600150.SH,20081202,37.22,38.6,37.05,37.95,38.41,-0.46,-1.2,30145.75,114174.444,2.0528,3.3658,0.9,8.6179,6.3784,2.2775,1.4066,1.0791,0.2088,2.635,66255.6538,14685.273,8956.5344,2514402.0617,557306.1104,,,1.526
600150,中国船舶,船舶,上海,19980520,600150.SH,20081201,37.13,38.76,36.65,38.41,37.16,1.25,3.36,38027.15,143849.097,2.5895,4.2457,1.12,8.7223,6.4557,2.3051,1.4236,1.0922,0.2063,2.6035,66255.6538,14685.273,8956.5344,2544879.6625,564061.3359,,,1.526
600150,中国船舶,船舶,上海,19980520,600150.SH,20081128,38.2,38.2,36.9,37.16,38.38,-1.22,-3.18,28052.78,105217.608,1.9103,3.1321,0.71,8.4385,6.2456,2.2301,1.3773,1.0566,0.2133,2.6911,66255.6538,14685.273,8956.5344,2462060.0952,545704.7447,,,1.526
600150,中国船舶,船舶,上海,19980520,600150.SH,20081127,40.88,40.88,38.21,38.38,37.81,0.57,1.51,50725.63,201585.072,3.4542,5.6635,1.26,8.7155,6.4506,2.3033,1.4225,1.0913,0.2065,2.6055,66255.6538,14685.273,8956.5344,2542891.9928,563620.7777,,,1.526
600150,中国船舶,船舶,上海,19980520,600150.SH,20081126,37.45,38.12,36.88,37.81,37.4,0.41,1.1,24989.71,94176.412,1.7017,2.7901,0.52,8.5861,6.3548,2.2691,1.4014,1.0751,0.2096,2.6448,66255.6538,14685.273,8956.5344,2505126.2702,555250.1721,,,1.526
600150,中国船舶,船舶,上海,19980520,600150.SH,20081125,37.48,37.95,36.8,37.4,36.75,0.65,1.77,26146.48,97256.899,1.7805,2.9193,0.45,8.493,6.2859,2.2445,1.3862,1.0635,0.2119,2.6738,66255.6538,14685.273,8956.5344,2477961.4521,549229.2102,,,1.526
600150,中国船舶,船舶,上海,19980520,600150.SH,20081124,38.1,38.77,36.63,36.75,37.99,-1.24,-3.26,39853.64,150370.111,2.7139,4.4497,0.61,8.3454,6.1767,2.2055,1.3621,1.045,0.2157,2.7211,66255.6538,14685.273,8956.5344,2434895.2772,539683.7828,,,1.526
600150,中国船舶,船舶,上海,19980520,600150.SH,20081121,37.54,39.23,36.22,37.99,38.74,-0.75,-1.94,55460.11,207905.702,3.7766,6.1921,0.78,8.6269,6.3851,2.2799,1.4081,1.0802,0.2086,2.6323,66255.6538,14685.273,8956.5344,2517052.2879,557893.5213,,,1.526
600150,中国船舶,船舶,上海,19980520,600150.SH,20081120,38.5,39.99,38.08,38.74,40.16,-1.42,-3.54,55275.45,215084.97,3.764,6.1715,0.76,8.7973,6.5112,2.3249,1.4358,1.1016,0.2046,2.5813,66255.6538,14685.273,8956.5344,2566744.0282,568907.476,,,1.526
600150,中国船舶,船舶,上海,19980520,600150.SH,20081119,37.9,40.33,36.8,40.16,37.92,2.24,5.91,65040.13,250625.945,4.4289,7.2618,0.99,9.1197,6.7498,2.4101,1.4885,1.1419,0.1973,2.49,66255.6538,14685.273,8956.5344,2660827.0566,589760.5637,,,1.526
600150,中国船舶,船舶,上海,19980520,600150.SH,20081118,41.19,42.11,37.92,37.92,42.13,-4.21,-9.99,77877.7,309363.788,5.3031,8.6951,1.3,8.6111,6.3733,2.2757,1.4055,1.0782,0.209,2.6371,66255.6538,14685.273,8956.5344,2512414.3921,556865.5522,,,1.526
600150,中国船舶,船舶,上海,19980520,600150.SH,20081117,42.01,42.3,40.7,42.13,42.12,0.01,0.02,73128.68,303912.22,4.9797,8.1648,1.28,9.5671,7.0809,2.5283,1.5615,1.1979,0.1881,2.3736,66255.6538,14685.273,8956.5344,2791350.6946,618690.5515,,,1.526
600150,中国船舶,船舶,上海,19980520,600150.SH,20081114,39.35,42.32,39.0,42.12,38.49,3.63,9.43,84648.31,342999.486,5.7642,9.451,1.92,9.5648,7.0792,2.5277,1.5611,1.1977,0.1882,2.3742,66255.6538,14685.273,8956.5344,2790688.1381,618543.6988,,,1.526
600150,中国船舶,船舶,上海,19980520,600150.SH,20081113,36.39,39.1,36.0,38.49,37.06,1.43,3.86,61327.47,231813.896,4.1761,6.8472,1.66,8.7405,6.4691,2.3099,1.4266,1.0944,0.2059,2.5981,66255.6538,14685.273,8956.5344,2550180.1148,565236.1578,,,1.526
600150,中国船舶,船舶,上海,19980520,600150.SH,20081112,36.3,37.4,36.01,37.06,36.83,0.23,0.62,30799.11,112976.395,2.0973,3.4387,0.78,8.4158,6.2288,2.2241,1.3736,1.0538,0.2139,2.6983,66255.6538,14685.273,8956.5344,2455434.5298,544236.2174,,,1.526
600150,中国船舶,船舶,上海,19980520,600150.SH,20081111,37.59,38.14,36.72,36.83,37.98,-1.15,-3.03,49877.48,186319.076,3.3964,5.5688,1.42,8.3635,6.1901,2.2103,1.3651,1.0472,0.2152,2.7152,66255.6538,14685.273,8956.5344,2440195.7295,540858.6046,,,1.526
600150,中国船舶,船舶,上海,19980520,600150.SH,20081110,35.6,38.0,35.6,37.98,34.81,3.17,9.11,59203.31,218861.705,4.0315,6.6101,2.2,8.6247,6.3834,2.2793,1.4077,1.0799,0.2087,2.633,66255.6538,14685.273,8956.5344,2516389.7313,557746.6685,,,1.526
600150,中国船舶,船舶,上海,19980520,600150.SH,20081107,33.6,35.02,33.31,34.81,34.23,0.58,1.69,19068.29,65501.42,1.2985,2.129,0.69,7.9048,5.8506,2.089,1.2902,0.9898,0.2277,2.8727,66255.6538,14685.273,8956.5344,2306359.3088,511194.3531,,,1.526
600150,中国船舶,船舶,上海,19980520,600150.SH,20081106,34.98,34.98,34.02,34.23,35.95,-1.72,-4.78,25810.57,88832.507,1.7576,2.8818,0.8,7.7731,5.7531,2.0542,1.2687,0.9733,0.2315,2.9214,66255.6538,14685.273,8956.5344,2267931.0296,502676.8948,,,1.526
600150,中国船舶,船舶,上海,19980520,600150.SH,20081105,34.9,36.49,34.8,35.95,34.46,1.49,4.32,43549.15,155546.237,2.9655,4.8623,1.26,8.1637,6.0422,2.1574,1.3324,1.0222,0.2205,2.7816,66255.6538,14685.273,8956.5344,2381890.7541,527935.5644,,,1.526
600150,中国船舶,船舶,上海,19980520,600150.SH,20081104,34.1,35.4,33.6,34.46,34.29,0.17,0.5,27561.89,95217.767,1.8768,3.0773,0.77,7.8253,5.7918,2.068,1.2772,0.9799,0.23,2.9019,66255.6538,14685.273,8956.5344,2283169.8299,506054.5076,,,1.526
600150,中国船舶,船舶,上海,19980520,600150.SH,20081103,33.1,35.16,33.1,34.29,33.97,0.32,0.94,18701.1,64459.52,1.2735,2.088,0.49,7.7867,5.7632,2.0578,1.2709,0.975,0.2311,2.9163,66255.6538,14685.273,8956.5344,2271906.3688,503558.0112,,,1.526
600150,中国船舶,船舶,上海,19980520,600150.SH,20081031,34.49,34.68,33.65,33.97,34.88,-0.91,-2.61,23370.69,79821.576,1.5914,2.6093,0.61,7.7141,5.7094,2.0386,1.2591,0.9659,0.2333,2.9438,66255.6538,14685.273,8956.5344,2250704.5596,498858.7238,,,1.526
600150,中国船舶,船舶,上海,19980520,600150.SH,20081030,34.0,35.95,32.18,34.88,33.79,1.09,3.23,48995.14,168944.461,3.3363,5.4703,1.51,7.9207,5.8624,2.0932,1.2928,0.9918,0.2272,2.867,66255.6538,14685.273,8956.5344,2310997.2045,512222.3222,,,1.503
600150,中国船舶,船舶,上海,19980520,600150.SH,20081029,33.61,35.8,33.61,33.79,32.77,1.02,3.11,53650.68,185949.949,3.6534,5.9901,2.12,7.6732,5.6792,2.0278,1.2524,0.9608,0.2346,2.9595,66255.6538,14685.273,8956.5344,2238778.5419,496215.3747,,,1.503
600150,中国船舶,船舶,上海,19980520,600150.SH,20081028,30.58,32.96,30.58,32.77,32.0,0.77,2.41,34398.61,109744.822,2.3424,3.8406,1.41,7.4416,4.652,2.2031,1.2146,0.7959,0.2419,3.0516,66255.6538,14685.273,8956.5344,2171197.775,481236.3962,,,1.503
600150,中国船舶,船舶,上海,19980520,600150.SH,20081027,34.3,34.6,32.0,32.0,35.55,-3.55,-9.99,30498.13,101226.74,2.0768,3.4051,1.28,7.2667,4.5427,2.1514,1.186,0.7772,0.2477,3.125,66255.6538,14685.273,8956.5344,2120180.9216,469928.736,,,1.503
600150,中国船舶,船舶,上海,19980520,600150.SH,20081024,35.11,36.35,35.11,35.55,35.5,0.05,0.14,23145.31,83023.493,1.5761,2.5842,0.94,8.0729,5.0467,2.39,1.3176,0.8634,0.2229,2.8129,66255.6538,14685.273,8956.5344,2355388.4926,522061.4552,,,1.503
600150,中国船舶,船舶,上海,19980520,600150.SH,20081023,34.88,35.66,34.0,35.5,35.59,-0.09,-0.25,20820.03,72507.833,1.4177,2.3246,0.69,8.0615,5.0396,2.3867,1.3158,0.8622,0.2233,2.8169,66255.6538,14685.273,8956.5344,2352075.7099,521327.1915,,,1.503
600150,中国船舶,船舶,上海,19980520,600150.SH,20081022,35.9,36.95,35.5,35.59,36.74,-1.15,-3.13,17630.68,63430.921,1.2006,1.9685,0.54,8.0819,5.0524,2.3927,1.3191,0.8644,0.2227,2.8098,66255.6538,14685.273,8956.5344,2358038.7187,522648.8661,,,1.503
600150,中国船舶,船舶,上海,19980520,600150.SH,20081021,37.15,38.08,36.71,36.74,36.67,0.07,0.19,30017.33,112023.613,2.044,3.3514,0.84,8.3431,5.2156,2.47,1.3617,0.8923,0.2157,2.7218,66255.6538,14685.273,8956.5344,2434232.7206,539536.93,,,1.503
600150,中国船舶,船舶,上海,19980520,600150.SH,20081020,35.49,37.16,34.8,36.67,36.27,0.4,1.1,27682.1,99973.047,1.885,3.0907,0.74,8.3272,5.2057,2.4653,1.3591,0.8906,0.2161,2.727,66255.6538,14685.273,8956.5344,2429594.8248,538508.9609,,,1.503
600150,中国船舶,船舶,上海,19980520,600150.SH,20081017,35.11,37.17,34.85,36.27,34.94,1.33,3.81,26536.9,95157.61,1.807,2.9629,0.69,8.2364,5.1489,2.4384,1.3443,0.8809,0.2185,2.7571,66255.6538,14685.273,8956.5344,2403092.5633,532634.8517,,,1.503
600150,中国船舶,船舶,上海,19980520,600150.SH,20081016,37.19,37.25,34.8,34.94,38.67,-3.73,-9.65,49555.93,178509.656,3.3745,5.5329,1.49,7.9343,4.9601,2.349,1.295,0.8486,0.2268,2.862,66255.6538,14685.273,8956.5344,2314972.5438,513103.4386,,,1.503
600150,中国船舶,船舶,上海,19980520,600150.SH,20081015,38.29,38.84,37.56,38.67,39.32,-0.65,-1.65,30642.49,116274.999,2.0866,3.4212,0.92,8.7814,5.4896,2.5998,1.4333,0.9392,0.205,2.586,66255.6538,14685.273,8956.5344,2562106.1324,567879.5069,,,1.503
600150,中国船舶,船舶,上海,19980520,600150.SH,20081014,44.0,44.0,39.23,39.32,41.89,-2.57,-6.14,44054.8,184793.646,2.9999,4.9187,1.48,8.929,5.5819,2.6435,1.4573,0.955,0.2016,2.5432,66255.6538,14685.273,8956.5344,2605172.3074,577424.9344,,,1.503
600150,中国船舶,船舶,上海,19980520,600150.SH,20081013,40.16,42.0,37.51,41.89,40.29,1.6,3.97,35757.42,139204.048,2.4349,3.9923,1.14,9.5126,5.9467,2.8163,1.5526,1.0174,0.1892,2.3872,66255.6538,14685.273,8956.5344,2775449.3377,615166.086,,,1.503
600150,中国船舶,船舶,上海,19980520,600150.SH,20081010,41.7,41.75,40.07,40.29,44.04,-3.75,-8.52,32283.75,131659.165,2.1984,3.6045,0.89,9.1492,5.7196,2.7087,1.4933,0.9785,0.1967,2.482,66255.6538,14685.273,8956.5344,2669440.2916,591669.6492,,,1.503
600150,中国船舶,船舶,上海,19980520,600150.SH,20081009,45.38,45.63,44.0,44.04,44.62,-0.58,-1.3,23563.6,105857.872,1.6046,2.6309,0.48,10.0008,6.2519,2.9608,1.6323,1.0696,0.18,2.2707,66255.6538,14685.273,8956.5344,2917898.9934,646739.4229,,,1.503
600150,中国船舶,船舶,上海,19980520,600150.SH,20081008,46.93,47.79,43.88,44.62,48.36,-3.74,-7.73,30521.36,139639.956,2.0784,3.4077,0.61,10.1325,6.3343,2.9998,1.6538,1.0837,0.1776,2.2411,66255.6538,14685.273,8956.5344,2956327.2726,655256.8813,,,1.503
600150,中国船舶,船舶,上海,19980520,600150.SH,20081007,47.1,49.48,47.05,48.36,50.33,-1.97,-3.91,26424.65,126762.518,1.7994,2.9503,0.48,10.9818,6.8652,3.2512,1.7924,1.1745,0.1639,2.0678,66255.6538,14685.273,8956.5344,3204123.4178,710179.8023,,,1.503
600150,中国船舶,船舶,上海,19980520,600150.SH,20081006,52.8,52.8,50.0,50.33,54.96,-4.63,-8.42,43835.92,223648.443,2.985,4.8943,0.67,11.4292,7.1449,3.3837,1.8654,1.2224,0.1575,1.9869,66255.6538,14685.273,8956.5344,3334647.0558,739109.7901,,,1.503
600150,中国船舶,船舶,上海,19980520,600150.SH,20080926,52.2,55.59,52.2,54.96,51.69,3.27,6.33,57773.6,313218.81,3.9341,6.4504,0.88,12.4806,7.8021,3.6949,2.037,1.3348,0.1442,1.8195,66255.6538,14685.273,8956.5344,3641410.7328,807102.6041,,,1.503
600150,中国船舶,船舶,上海,19980520,600150.SH,20080925,47.49,51.69,47.3,51.69,46.99,4.7,10.0,89273.77,452144.731,6.0791,9.9674,1.7,11.738,7.3379,3.4751,1.9158,1.2554,0.1533,1.9346,66255.6538,14685.273,8956.5344,3424754.7449,759081.7614,,,1.503
600150,中国船舶,船舶,上海,19980520,600150.SH,20080924,47.38,48.1,46.3,46.99,48.55,-1.56,-3.21,32585.73,153599.338,2.2189,3.6382,0.65,10.6707,6.6707,3.1591,1.7416,1.1413,0.1687,2.1281,66255.6538,14685.273,8956.5344,3113353.1721,690060.9783,,,1.503
600150,中国船舶,船舶,上海,19980520,600150.SH,20080923,48.64,50.4,48.4,48.55,50.82,-2.27,-4.47,52211.12,256330.867,3.5553,5.8294,1.19,11.025,6.8922,3.264,1.7994,1.1792,0.1632,2.0597,66255.6538,14685.273,8956.5344,3216711.992,712970.0042,,,1.503
600150,中国船舶,船舶,上海,19980520,600150.SH,20080922,51.18,51.18,47.75,50.82,46.53,4.29,9.22,95280.54,477511.921,6.4882,10.6381,3.5,11.5404,7.2144,3.4166,1.8836,1.2343,0.156,1.9677,66255.6538,14685.273,8956.5344,3367112.3261,746305.5739,,,1.503
600150,中国船舶,船舶,上海,19980520,600150.SH,20080919,46.53,46.53,46.3,46.53,42.3,4.23,10.0,58289.29,271189.864,3.9692,6.508,3.0,10.5663,6.6054,3.1282,1.7246,1.1301,0.1703,2.1492,66255.6538,14685.273,8956.5344,3082875.5713,683305.7527,,,1.503
600150,中国船舶,船舶,上海,19980520,600150.SH,20080918,42.0,42.9,40.21,42.3,43.0,-0.7,-1.63,24315.77,102036.519,1.6558,2.7149,1.32,9.6057,6.0049,2.8438,1.5678,1.0274,0.1874,2.3641,66255.6538,14685.273,8956.5344,2802614.1557,621187.0479,,,1.503
600150,中国船舶,船舶,上海,19980520,600150.SH,20080917,43.01,43.9,42.57,43.0,43.55,-0.55,-1.26,20905.35,90301.269,1.4236,2.3341,1.21,9.7646,6.1043,2.8909,1.5937,1.0444,0.1843,2.3256,66255.6538,14685.273,8956.5344,2848993.1134,631466.739,,,1.503
600150,中国船舶,船舶,上海,19980520,600150.SH,20080916,44.48,44.95,43.1,43.55,44.67,-1.12,-2.51,20727.28,90672.7,1.4114,2.3142,1.24,9.8895,6.1824,2.9279,1.6141,1.0577,0.182,2.2962,66255.6538,14685.273,8956.5344,2885433.723,639543.6392,,,1.503
600150,中国船舶,船舶,上海,19980520,600150.SH,20080912,44.96,45.62,44.5,44.67,45.02,-0.35,-0.78,11901.8,53594.904,0.8105,1.3288,0.66,10.1439,6.3414,3.0032,1.6556,1.0849,0.1774,2.2386,66255.6538,14685.273,8956.5344,2959640.0552,655991.1449,,,1.503
600150,中国船舶,船舶,上海,19980520,600150.SH,20080911,46.8,47.0,44.7,45.02,46.92,-1.9,-4.05,19330.94,88037.643,1.3163,2.1583,1.16,10.2234,6.391,3.0267,1.6686,1.0934,0.176,2.2212,66255.6538,14685.273,8956.5344,2982829.5341,661130.9905,,,1.503
600150,中国船舶,船舶,上海,19980520,600150.SH,20080910,46.45,47.8,45.1,46.92,47.23,-0.31,-0.66,19450.4,90912.921,1.3245,2.1716,1.17,10.6548,6.6608,3.1544,1.739,1.1396,0.1689,2.1313,66255.6538,14685.273,8956.5344,3108715.2763,689033.0092,,,1.503
600150,中国船舶,船舶,上海,19980520,600150.SH,20080909,47.5,47.99,46.1,47.23,47.36,-0.13,-0.27,14943.89,70080.272,1.0176,1.6685,0.95,10.7252,6.7048,3.1753,1.7505,1.1471,0.1678,2.1173,66255.6538,14685.273,8956.5344,3129254.529,693585.4438,,,1.503
600150,中国船舶,船舶,上海,19980520,600150.SH,20080908,50.4,50.89,47.05,47.36,50.4,-3.04,-6.03,18104.37,87632.312,1.2328,2.0214,1.27,10.7547,6.7232,3.184,1.7553,1.1503,0.1673,2.1115,66255.6538,14685.273,8956.5344,3137867.764,695494.5293,,,1.503
600150,中国船舶,船舶,上海,19980520,600150.SH,20080905,51.9,51.9,50.35,50.4,53.66,-3.26,-6.08,18554.93,94707.723,1.2635,2.0717,1.25,11.4451,7.1548,3.3884,1.868,1.2241,0.1573,1.9841,66255.6538,14685.273,8956.5344,3339284.9515,740137.7592,,,1.503
600150,中国船舶,船舶,上海,19980520,600150.SH,20080904,54.17,54.65,53.01,53.66,54.65,-0.99,-1.81,11992.49,64311.549,0.8166,1.339,0.81,12.1854,7.6176,3.6076,1.9888,1.3033,0.1477,1.8636,66255.6538,14685.273,8956.5344,3555278.3829,788011.7492,,,1.503
600150,中国船舶,船舶,上海,19980520,600150.SH,20080903,54.11,56.48,53.6,54.65,54.15,0.5,0.92,19624.19,107312.045,1.3363,2.191,1.48,12.4102,7.7581,3.6741,2.0255,1.3273,0.145,1.8298,66255.6538,14685.273,8956.5344,3620871.4802,802550.1695,,,1.503
600150,中国船舶,船舶,上海,19980520,600150.SH,20080902,55.2,55.6,53.99,54.15,55.65,-1.5,-2.7,10768.04,58715.427,0.7333,1.2023,0.71,12.2966,7.6871,3.6405,2.007,1.3152,0.1464,1.8467,66255.6538,14685.273,8956.5344,3587743.6533,795207.533,,,1.503
600150,中国船舶,船舶,上海,19980520,600150.SH,20080901,57.44,57.44,55.37,55.65,57.93,-2.28,-3.94,10230.66,57458.665,0.6967,1.1423,0.67,12.6373,7.9001,3.7413,2.0626,1.3516,0.1424,1.7969,66255.6538,14685.273,8956.5344,3687127.134,817235.4425,,,1.503
600150,中国船舶,船舶,上海,19980520,600150.SH,20080829,56.55,58.65,55.85,57.93,56.2,1.73,3.08,21439.43,122971.22,1.4599,2.3937,1.33,13.155,8.2238,3.8946,2.1471,1.407,0.1368,1.7262,66255.6538,14685.273,8956.5344,3838190.0246,850717.8649,,,1.503
600150,中国船舶,船舶,上海,19980520,600150.SH,20080828,56.22,57.23,55.9,56.2,56.22,-0.02,-0.04,11792.32,66530.024,0.803,1.3166,0.66,12.7622,7.9782,3.7783,2.083,1.365,0.141,1.7794,66255.6538,14685.273,8956.5344,3723567.7436,825312.3426,,,1.503
600150,中国船舶,船舶,上海,19980520,600150.SH,20080827,56.69,58.0,55.0,56.22,57.0,-0.78,-1.37,12018.31,67940.346,0.8184,1.3418,0.57,12.7667,7.981,3.7797,2.0837,1.3654,0.141,1.7787,66255.6538,14685.273,8956.5344,3724892.8566,825606.0481,,,1.503
600150,中国船舶,船舶,上海,19980520,600150.SH,20080826,59.6,59.89,56.2,57.0,60.67,-3.67,-6.05,20062.56,116172.731,1.3662,2.24,1.02,12.9438,8.0917,3.8321,2.1126,1.3844,0.139,1.7544,66255.6538,14685.273,8956.5344,3776572.2666,837060.561,,,1.503
600150,中国船舶,船舶,上海,19980520,600150.SH,20080825,61.5,62.0,59.78,60.67,61.62,-0.95,-1.54,11449.56,69619.406,0.7797,1.2783,0.56,13.7772,8.6127,4.0788,2.2487,1.4735,0.1306,1.6483,66255.6538,14685.273,8956.5344,4019730.516,890955.5129,,,1.503
600150,中国船舶,船舶,上海,19980520,600150.SH,20080822,64.5,64.51,60.0,61.62,65.17,-3.55,-5.45,25061.33,154077.198,1.7066,2.7981,1.43,13.993,8.7476,4.1427,2.2839,1.4966,0.1286,1.6228,66255.6538,14685.273,8956.5344,4082673.3872,904906.5223,,,1.503
600150,中国船舶,船舶,上海,19980520,600150.SH,20080821,66.02,67.37,64.65,65.17,67.87,-2.7,-3.98,20198.9,132927.448,1.3755,2.2552,1.32,14.7991,11.3604,4.4603,2.4154,2.0405,0.1216,1.5344,66255.6538,14685.273,8956.5344,4317880.9581,957039.2414,,,1.503
600150,中国船舶,船舶,上海,19980520,600150.SH,20080820,61.19,67.9,60.5,67.87,62.35,5.52,8.85,28286.89,186602.229,1.9262,3.1582,2.27,15.4122,11.8311,4.6451,2.5155,2.1251,0.1168,1.4734,66255.6538,14685.273,8956.5344,4496771.2234,996689.4785,,,1.503
600150,中国船舶,船舶,上海,19980520,600150.SH,20080819,59.84,62.5,59.1,62.35,60.88,1.47,2.41,12931.43,78708.318,0.8806,1.4438,1.04,14.1587,10.8688,4.2673,2.3109,1.9522,0.1271,1.6038,66255.6538,14685.273,8956.5344,4131040.0144,915626.7716,,,1.503
600150,中国船舶,船舶,上海,19980520,600150.SH,20080818,65.25,65.64,60.6,60.88,64.96,-4.08,-6.28,15947.52,101162.028,1.086,1.7805,1.18,13.8249,10.6126,4.1667,2.2564,1.9062,0.1302,1.6426,66255.6538,14685.273,8956.5344,4033644.2033,894039.4202,,,1.503
600150,中国船舶,船舶,上海,19980520,600150.SH,20080815,64.79,66.29,64.4,64.96,65.41,-0.45,-0.69,10061.83,65741.307,0.6852,1.1234,0.68,14.7514,11.3238,4.4459,2.4077,2.0339,0.122,1.5394,66255.6538,14685.273,8956.5344,4303967.2708,953955.3341,,,1.503
600150,中国船舶,船舶,上海,19980520,600150.SH,20080814,65.1,66.33,64.02,65.41,66.0,-0.59,-0.89,9253.57,60471.072,0.6301,1.0332,0.5,14.8536,11.4022,4.4767,2.4243,2.048,0.1212,1.5288,66255.6538,14685.273,8956.5344,4333782.3151,960563.7069,,,1.503
600150,中国船舶,船舶,上海,19980520,600150.SH,20080813,66.49,66.57,63.2,66.0,67.07,-1.07,-1.6,14130.91,92091.629,0.9623,1.5777,0.8,14.9876,11.5051,4.5171,2.4462,2.0665,0.1201,1.5152,66255.6538,14685.273,8956.5344,4372873.1508,969228.018,,,1.503
600150,中国船舶,船舶,上海,19980520,600150.SH,20080812,68.0,68.79,66.1,67.07,68.02,-0.95,-1.4,12766.19,85816.525,0.8693,1.4253,0.73,15.2306,11.6916,4.5903,2.4859,2.1,0.1182,1.491,66255.6538,14685.273,8956.5344,4443766.7004,984941.2601,,,1.503
600150,中国船舶,船舶,上海,19980520,600150.SH,20080811,73.0,73.52,67.77,68.02,72.9,-4.88,-6.69,21416.68,150079.986,1.4584,2.3912,1.4,15.4463,11.8572,4.6553,2.5211,2.1298,0.1165,1.4702,66255.6538,14685.273,8956.5344,4506709.5715,998892.2695,,,1.503
600150,中国船舶,船舶,上海,19980520,600150.SH,20080808,76.96,76.96,72.04,72.9,77.07,-4.17,-5.41,16355.57,121157.974,1.1137,1.8261,1.11,16.5545,12.7079,4.9893,2.7019,2.2825,0.1087,1.3717,66255.6538,14685.273,8956.5344,4830037.162,1070556.4017,,,1.503
600150,中国船舶,船舶,上海,19980520,600150.SH,20080807,75.99,79.0,75.18,77.07,73.62,3.45,4.69,27509.68,211391.374,1.8733,3.0715,2.32,17.5014,13.4348,5.2747,2.8565,2.4131,0.1028,1.2975,66255.6538,14685.273,8956.5344,5106323.2384,1131793.9901,,,1.503
600150,中国船舶,船舶,上海,19980520,600150.SH,20080806,74.2,74.85,72.51,73.62,73.44,0.18,0.25,10466.9,77063.196,0.7127,1.1686,0.84,16.718,12.8334,5.0386,2.7286,2.3051,0.1077,1.3583,66255.6538,14685.273,8956.5344,4877741.2328,1081129.7983,,,1.503
600150,中国船舶,船舶,上海,19980520,600150.SH,20080805,74.0,76.18,73.2,73.44,74.64,-1.2,-1.61,12100.18,90144.784,0.824,1.351,0.78,16.6771,12.802,5.0263,2.722,2.2995,0.1079,1.3617,66255.6538,14685.273,8956.5344,4865815.2151,1078486.4491,,,1.503
600150,中国船舶,船舶,上海,19980520,600150.SH,20080804,76.8,76.8,74.48,74.64,76.88,-2.24,-2.91,10280.47,77485.347,0.7001,1.1478,0.48,16.9496,13.0112,5.1084,2.7664,2.337,0.1062,1.3398,66255.6538,14685.273,8956.5344,4945321.9996,1096108.7767,,,1.503
600150,中国船舶,船舶,上海,19980520,600150.SH,20080801,76.49,77.9,74.02,76.88,77.03,-0.15,-0.19,13320.44,101166.882,0.9071,1.4872,0.51,17.4583,13.4017,5.2617,2.8495,2.4072,0.1031,1.3007,66255.6538,14685.273,8956.5344,5093734.6641,1129003.7882,,,1.503
600150,中国船舶,船舶,上海,19980520,600150.SH,20080731,80.0,80.24,76.71,77.03,79.45,-2.42,-3.05,13028.88,101134.157,0.8872,1.4547,0.44,17.4923,13.4278,5.272,2.855,2.4119,0.1029,1.2982,66255.6538,14685.273,8956.5344,5103673.0122,1131206.5792,,,1.503
600150,中国船舶,船舶,上海,19980520,600150.SH,20080730,79.5,81.5,78.9,79.45,78.96,0.49,0.62,13746.24,110168.085,0.9361,1.5348,0.39,18.0419,13.8497,5.4376,2.9447,2.4876,0.0998,1.2587,66255.6538,14685.273,8956.5344,5264011.6944,1166744.9399,,,1.503
600150,中国船舶,船舶,上海,19980520,600150.SH,20080729,81.85,81.9,78.22,78.96,83.33,-4.37,-5.24,27361.56,217038.435,1.8632,3.0549,0.79,17.9306,13.7643,5.4041,2.9266,2.4723,0.1004,1.2665,66255.6538,14685.273,8956.5344,5231546.424,1159549.1561,,,1.503
600150,中国船舶,船舶,上海,19980520,600150.SH,20080724,81.91,83.8,81.69,83.33,81.76,1.57,1.92,38932.94,322671.826,2.6512,4.3469,1.23,18.923,14.526,5.7032,3.0885,2.6091,0.0951,1.2,66255.6538,14685.273,8956.5344,5521083.6312,1223723.7991,,,1.503
600150,中国船舶,船舶,上海,19980520,600150.SH,20080723,83.1,85.15,81.6,81.76,82.91,-1.15,-1.39,38048.74,319145.26,2.5909,4.2482,1.24,18.5664,14.2524,5.5957,3.0303,2.56,0.0969,1.2231,66255.6538,14685.273,8956.5344,5417062.2547,1200667.9205,,,1.503
600150,中国船舶,船舶,上海,19980520,600150.SH,20080722,82.48,85.7,81.5,82.91,82.58,0.33,0.4,31089.66,258908.47,2.1171,3.4712,0.94,18.8276,14.4528,5.6744,3.073,2.596,0.0956,1.2061,66255.6538,14685.273,8956.5344,5493256.2566,1217555.9844,,,1.503
600150,中国船舶,船舶,上海,19980520,600150.SH,20080721,80.88,83.76,78.5,82.58,80.52,2.06,2.56,38807.78,316823.448,2.6426,4.3329,1.31,18.7527,14.3953,5.6518,3.0607,2.5856,0.096,1.2109,66255.6538,14685.273,8956.5344,5471391.8908,1212709.8443,,,1.503
600150,中国船舶,船舶,上海,19980520,600150.SH,20080718,77.88,81.09,77.63,80.52,77.62,2.9,3.74,26622.85,210817.175,1.8129,2.9724,0.78,18.2849,14.0362,5.5108,2.9844,2.5211,0.0984,1.2419,66255.6538,14685.273,8956.5344,5334905.244,1182458.182,,,1.503
600150,中国船舶,船舶,上海,19980520,600150.SH,20080717,79.6,81.11,77.2,77.62,78.2,-0.58,-0.74,24061.43,190891.274,1.6385,2.6865,0.52,17.6263,13.5307,5.3124,2.8769,2.4303,0.1021,1.2883,66255.6538,14685.273,8956.5344,5142763.848,1139870.8903,,,1.503
600150,中国船舶,船舶,上海,19980520,600150.SH,20080716,79.98,80.0,76.92,78.2,80.95,-2.75,-3.4,32284.8,251986.132,2.1984,3.6046,0.67,17.758,13.6318,5.3521,2.8984,2.4485,0.1013,1.2788,66255.6538,14685.273,8956.5344,5181192.1272,1148388.3486,,,1.503
600150,中国船舶,船舶,上海,19980520,600150.SH,20080715,86.25,87.85,80.1,80.95,86.61,-5.66,-6.54,44383.07,368290.346,3.0223,4.9554,0.94,18.3825,14.1112,5.5403,3.0003,2.5346,0.0979,1.2353,66255.6538,14685.273,8956.5344,5363395.1751,1188772.8494,,,1.503
600150,中国船舶,船舶,上海,19980520,600150.SH,20080714,84.7,88.48,84.7,86.61,86.37,0.24,0.28,20681.46,178833.219,1.4083,2.3091,0.4,19.6678,15.0978,5.9276,3.2101,2.7118,0.0915,1.1546,66255.6538,14685.273,8956.5344,5738402.1756,1271891.4945,,,1.503
600150,中国船舶,船舶,上海,19980520,600150.SH,20080711,88.48,88.55,83.9,86.37,88.31,-1.94,-2.2,48352.01,414707.986,3.2926,5.3985,1.05,19.6133,15.056,5.9112,3.2012,2.7043,0.0918,1.1578,66255.6538,14685.273,8956.5344,5722500.8187,1268367.029,,,1.503
600150,中国船舶,船舶,上海,19980520,600150.SH,20080710,80.99,90.48,80.1,88.31,82.25,6.06,7.37,87656.16,769037.773,5.969,9.7868,2.38,20.0539,15.3942,6.044,3.2731,2.765,0.0897,1.1324,66255.6538,14685.273,8956.5344,5851036.7871,1296856.4586,,,1.503
600150,中国船舶,船舶,上海,19980520,600150.SH,20080709,80.0,82.99,79.39,82.25,79.39,2.86,3.6,38664.0,316279.589,2.6328,4.3168,1.2,18.6777,14.3378,5.6292,3.0485,2.5753,0.0964,1.2158,66255.6538,14685.273,8956.5344,5449527.5251,1207863.7043,,,1.503
600150,中国船舶,船舶,上海,19980520,600150.SH,20080708,78.7,81.34,77.66,79.39,78.58,0.81,1.03,40600.36,323760.086,2.7647,4.533,1.54,18.0283,13.8392,5.4335,2.9425,2.4858,0.0998,1.2596,66255.6538,14685.273,8956.5344,5260036.3552,1165863.8235,,,1.503
600150,中国船舶,船舶,上海,19980520,600150.SH,20080707,72.8,78.8,72.8,78.58,72.75,5.83,8.01,42964.06,328756.262,2.9257,4.797,2.04,17.8443,13.698,5.3781,2.9125,2.4604,0.1009,1.2726,66255.6538,14685.273,8956.5344,5206369.2756,1153968.7523,,,1.503
600150,中国船舶,船舶,上海,19980520,600150.SH,20080704,74.3,74.68,72.0,72.75,75.25,-2.5,-3.32,21179.1,155253.125,1.4422,2.3647,0.88,16.5204,12.6817,4.9791,2.6964,2.2779,0.1089,1.3746,66255.6538,14685.273,8956.5344,4820098.814,1068353.6108,,,1.503
600150,中国船舶,船舶,上海,19980520,600150.SH,20080703,72.78,76.5,68.0,75.25,73.64,1.61,2.19,40724.45,296114.902,2.7731,4.5469,1.69,17.0881,13.1175,5.1502,2.789,2.3561,0.1053,1.3289,66255.6538,14685.273,8956.5344,4985737.9485,1105066.7933,,,1.503
600150,中国船舶,船舶,上海,19980520,600150.SH,20080702,74.55,74.98,73.1,73.64,73.99,-0.35,-0.47,15626.55,115634.105,1.0641,1.7447,0.55,16.7225,12.8369,5.04,2.7294,2.3057,0.1076,1.358,66255.6538,14685.273,8956.5344,4879066.3458,1081423.5037,,,1.503
600150,中国船舶,船舶,上海,19980520,600150.SH,20080701,76.1,76.11,73.5,73.99,75.57,-1.58,-2.09,11191.9,83263.25,0.7621,1.2496,0.37,16.802,12.8979,5.0639,2.7423,2.3167,0.1071,1.3515,66255.6538,14685.273,8956.5344,4902255.8247,1086563.3493,,,1.503
600150,中国船舶,船舶,上海,19980520,600150.SH,20080630,74.0,76.64,73.4,75.57,75.07,0.5,0.67,16756.39,125789.893,1.141,1.8709,0.54,17.1608,13.1733,5.1721,2.8009,2.3661,0.1049,1.3233,66255.6538,14685.273,8956.5344,5006939.7577,1109766.0806,,,1.503
600150,中国船舶,船舶,上海,19980520,600150.SH,20080627,77.0,77.75,73.1,75.07,80.93,-5.86,-7.24,36257.34,274195.314,2.469,4.0481,1.18,17.0472,13.0862,5.1378,2.7824,2.3505,0.1056,1.3321,66255.6538,14685.273,8956.5344,4973811.9308,1102423.4441,,,1.503
600150,中国船舶,船舶,上海,19980520,600150.SH,20080626,79.59,81.43,77.49,80.93,79.82,1.11,1.39,40331.64,320185.841,2.7464,4.503,1.33,18.378,14.1077,5.5389,2.9996,2.534,0.0979,1.2356,66255.6538,14685.273,8956.5344,5362070.062,1188479.1439,,,1.503
600150,中国船舶,船舶,上海,19980520,600150.SH,20080625,74.7,80.68,74.6,79.82,74.85,4.97,6.64,37955.95,295410.042,2.5846,4.2378,1.22,18.1259,13.9142,5.4629,2.9584,2.4992,0.0993,1.2528,66255.6538,14685.273,8956.5344,5288526.2863,1172178.4909,,,1.503
600150,中国船舶,船舶,上海,19980520,600150.SH,20080624,72.93,75.5,72.5,74.85,73.4,1.45,1.98,21609.06,160582.419,1.4715,2.4127,0.7,16.9973,13.0478,5.1228,2.7742,2.3436,0.1059,1.336,66255.6538,14685.273,8956.5344,4959235.6869,1099192.6841,,,1.503
600150,中国船舶,船舶,上海,19980520,600150.SH,20080623,73.6,76.15,73.0,73.4,75.4,-2.0,-2.65,19070.95,141756.297,1.2986,2.1293,0.63,16.668,12.7951,5.0235,2.7205,2.2982,0.108,1.3624,66255.6538,14685.273,8956.5344,4863164.9889,1077899.0382,,,1.503
600150,中国船舶,船舶,上海,19980520,600150.SH,20080620,73.81,79.5,70.5,75.4,73.34,2.06,2.81,34410.73,262144.142,2.3432,3.842,1.32,17.1222,13.1437,5.1604,2.7946,2.3608,0.1051,1.3263,66255.6538,14685.273,8956.5344,4995676.2965,1107269.5842,,,1.503
600150,中国船舶,船舶,上海,19980520,600150.SH,20080619,81.5,81.5,72.85,73.34,80.7,-7.36,-9.12,38131.55,293072.475,2.5966,4.2574,1.65,16.6544,12.7846,5.0194,2.7183,2.2963,0.1081,1.3635,66255.6538,14685.273,8956.5344,4859189.6497,1077017.9218,,,1.503
600150,中国船舶,船舶,上海,19980520,600150.SH,20080618,72.51,80.7,70.9,80.7,73.36,7.34,10.01,42521.15,328612.151,2.8955,4.7475,2.31,18.3257,14.0676,5.5232,2.991,2.5268,0.0982,1.2392,66255.6538,14685.273,8956.5344,5346831.2617,1185101.5311,,,1.503
600150,中国船舶,船舶,上海,19980520,600150.SH,20080617,77.5,78.6,71.5,73.36,77.47,-4.11,-5.31,19431.63,146138.51,1.3232,2.1695,0.98,16.6589,12.7881,5.0208,2.719,2.297,0.108,1.3631,66255.6538,14685.273,8956.5344,4860514.7628,1077311.6273,,,1.503
600150,中国船舶,船舶,上海,19980520,600150.SH,20080616,80.21,81.3,77.0,77.47,79.9,-2.43,-3.04,16070.56,126400.455,1.0943,1.7943,0.87,17.5923,13.5045,5.3021,2.8713,2.4256,0.1023,1.2908,66255.6538,14685.273,8956.5344,5132825.4999,1137668.0993,,,1.503
600150,中国船舶,船舶,上海,19980520,600150.SH,20080613,81.86,82.88,79.9,79.9,81.86,-1.96,-2.39,14083.62,113589.706,0.959,1.5724,0.81,18.1441,13.9281,5.4684,2.9614,2.5017,0.0992,1.2516,66255.6538,14685.273,8956.5344,5293826.7386,1173353.3127,,,1.503
600150,中国船舶,船舶,上海,19980520,600150.SH,20080612,84.5,85.0,79.88,81.86,84.74,-2.88,-3.4,23491.09,192618.913,1.5996,2.6228,1.58,18.5892,14.2698,5.6025,3.034,2.5631,0.0968,1.2216,66255.6538,14685.273,8956.5344,5423687.8201,1202136.4478,,,1.503
600150,中国船舶,船舶,上海,19980520,600150.SH,20080611,85.1,87.5,83.8,84.74,87.54,-2.8,-3.2,19053.54,162361.048,1.2975,2.1273,1.38,19.2432,14.7718,5.7997,3.1408,2.6533,0.0935,1.1801,66255.6538,14685.273,8956.5344,5614504.103,1244430.034,,,1.503
600150,中国船舶,船舶,上海,19980520,600150.SH,20080610,91.5,91.5,87.54,87.54,97.27,-9.73,-10.0,26156.63,233219.135,1.7811,2.9204,2.2,19.879,15.2599,5.9913,3.2446,2.7409,0.0905,1.1423,66255.6538,14685.273,8956.5344,5800019.9337,1285548.7984,,,1.503
600150,中国船舶,船舶,上海,19980520,600150.SH,20080606,98.25,98.78,96.6,97.27,98.25,-0.98,-1.0,9469.62,92214.57,0.6448,1.0573,0.63,22.0885,16.9561,6.6572,3.6052,3.0456,0.0815,1.0281,66255.6538,14685.273,8956.5344,6444687.4451,1428436.5047,,,1.503
600150,中国船舶,船舶,上海,19980520,600150.SH,20080605,97.97,99.3,97.05,98.25,98.52,-0.27,-0.27,9238.86,91010.946,0.6291,1.0315,0.5,22.3111,17.1269,6.7243,3.6415,3.0763,0.0807,1.0178,66255.6538,14685.273,8956.5344,6509617.9859,1442828.0723,,,1.503
600150,中国船舶,船舶,上海,19980520,600150.SH,20080604,97.21,99.47,96.88,98.52,97.2,1.32,1.36,10584.72,103907.814,0.7208,1.1818,0.44,22.3724,17.174,6.7428,3.6515,3.0847,0.0804,1.015,66255.6538,14685.273,8956.5344,6527507.0124,1446793.096,,,1.503
600150,中国船舶,船舶,上海,19980520,600150.SH,20080603,100.0,100.0,97.0,97.2,100.03,-2.83,-2.83,13740.41,134442.282,0.9357,1.5341,0.46,22.0726,16.9439,6.6524,3.6026,3.0434,0.0815,1.0288,66255.6538,14685.273,8956.5344,6440049.5494,1427408.5356,,,1.503
600150,中国船舶,船舶,上海,19980520,600150.SH,20080602,101.0,102.48,99.5,101.03,101.9,-0.87,-0.85,16426.27,165562.551,1.1186,1.834,0.48,22.9424,17.6115,6.4716,3.7445,3.1633,0.0784,,66255.6538,14685.273,8956.5344,6693808.7034,1483653.1312,,,1.503
600150,中国船舶,船舶,上海,19980520,600150.SH,20080530,99.5,101.97,98.93,101.9,99.59,2.31,2.32,24892.07,250157.884,1.695,2.7792,0.72,23.1399,17.7632,6.5274,3.7768,3.1906,0.0778,,66255.6538,14685.273,8956.5344,6751451.1222,1496429.3187,,,1.503
600150,中国船舶,船舶,上海,19980520,600150.SH,20080529,103.37,103.37,99.02,99.59,103.8,-4.21,-4.06,27672.33,279019.112,2.0532,3.0896,0.84,22.6154,17.3605,6.3794,3.6912,3.1182,0.0796,,66255.6538,13477.8074,8956.5344,6598400.5619,1342254.839,,,1.503
600150,中国船舶,船舶,上海,19980520,600150.SH,20080528,101.99,104.51,100.1,103.8,102.06,1.74,1.7,37518.58,384719.925,2.7837,4.189,1.21,23.5714,18.0944,6.6491,3.8472,3.25,0.0764,,66255.6538,13477.8074,8956.5344,6877336.8644,1398996.4081,,,1.503
600150,中国船舶,船舶,上海,19980520,600150.SH,20080527,99.0,102.97,95.0,102.06,99.38,2.68,2.7,41301.85,402450.565,3.0644,4.6114,1.43,23.1763,17.791,6.5376,3.7827,3.1956,0.0777,,66255.6538,13477.8074,8956.5344,6762052.0268,1375545.0232,,,1.503
600150,中国船舶,船舶,上海,19980520,600150.SH,20080526,105.0,105.6,99.0,99.38,107.21,-7.83,-7.3,39257.3,395239.817,2.9127,4.3831,1.61,22.5677,17.3239,6.3659,3.6834,3.1117,0.0798,,66255.6538,13477.8074,8956.5344,6584486.8746,1339424.4994,,,1.503
600150,中国船舶,船舶,上海,19980520,600150.SH,20080523,112.7,114.5,107.01,107.21,113.68,-6.47,-5.69,27080.39,295710.036,2.0093,3.0235,1.23,24.3458,18.6888,6.8675,3.9736,3.3568,0.0739,,66255.6538,13477.8074,8956.5344,7103268.6439,1444955.7314,,,1.503
600150,中国船舶,船舶,上海,19980520,600150.SH,20080522,116.82,116.82,113.66,113.68,118.79,-5.11,-4.3,19743.35,226346.09,1.4649,2.2044,0.85,25.815,19.8166,7.2819,4.2134,3.5594,0.0697,,66255.6538,13477.8074,8956.5344,7531942.724,1532157.1452,,,1.503
600150,中国船舶,船舶,上海,19980520,600150.SH,20080521,116.0,120.0,113.0,118.79,118.55,0.24,0.2,28058.88,323591.164,2.0819,3.1328,1.26,26.9754,20.7074,7.6093,4.4028,3.7194,0.0667,,66255.6538,13477.8074,8956.5344,7870509.1149,1601028.741,,,1.503
600150,中国船舶,船舶,上海,19980520,600150.SH,20080520,125.5,126.48,117.58,118.55,125.54,-6.99,-5.57,29849.15,361684.769,2.2147,3.3327,1.29,26.9209,20.6656,7.5939,4.3939,3.7119,0.0669,,66255.6538,13477.8074,8956.5344,7854607.758,1597794.0673,,,1.503
600150,中国船舶,船舶,上海,19980520,600150.SH,20080519,124.61,126.88,123.91,125.54,124.6,0.94,0.75,16836.88,210589.133,1.2492,1.8798,0.64,28.5082,21.8841,8.0417,4.653,3.9307,0.0631,,66255.6538,13477.8074,8956.5344,8317734.7781,1692003.941,,,1.503
600150,中国船舶,船舶,上海,19980520,600150.SH,20080516,123.0,126.0,122.15,124.6,123.32,1.28,1.04,15547.88,192796.605,1.1536,1.7359,0.5,28.2948,21.7202,7.9814,4.6181,3.9013,0.0636,,66255.6538,13477.8074,8956.5344,8255454.4635,1679334.802,,,1.503
600150,中国船舶,船舶,上海,19980520,600150.SH,20080515,125.1,128.8,123.2,123.32,123.26,0.06,0.05,25575.67,321980.353,1.8976,2.8555,0.77,28.0041,21.4971,7.8995,4.5707,3.8612,0.0643,,66255.6538,13477.8074,8956.5344,8170647.2266,1662083.2086,,,1.503
600150,中国船舶,船舶,上海,19980520,600150.SH,20080514,117.64,123.5,117.64,123.26,119.03,4.23,3.55,23104.16,282664.605,1.7142,2.5796,0.61,27.9905,21.4866,7.8956,4.5685,3.8594,0.0643,,66255.6538,13477.8074,8956.5344,8166671.8874,1661274.5401,,,1.503
600150,中国船舶,船舶,上海,19980520,600150.SH,20080513,120.0,123.2,118.3,119.03,123.96,-4.93,-3.98,34744.59,418339.277,2.5779,3.8792,0.85,27.0299,20.7492,7.6247,4.4117,3.7269,0.0666,,66255.6538,13477.8074,8956.5344,7886410.4718,1604263.4148,,,1.503
600150,中国船舶,船舶,上海,19980520,600150.SH,20080512,121.0,126.2,120.5,123.96,125.74,-1.78,-1.42,32223.05,396303.011,2.3908,3.5977,0.68,28.1494,21.6086,7.9405,4.5944,3.8813,0.0639,,66255.6538,13477.8074,8956.5344,8213050.845,1670709.0053,,,1.503
600150,中国船舶,船舶,上海,19980520,600150.SH,20080509,131.01,131.8,123.0,125.74,128.56,-2.82,-2.19,38628.96,487838.041,2.8661,4.3129,0.77,28.5536,21.9189,8.0545,4.6604,3.937,0.063,0.063,66255.6538,13477.8074,8956.5344,8330985.9088,1694699.5025,,,1.503
600150,中国船舶,船舶,上海,19980520,600150.SH,20080508,119.49,129.0,118.1,128.56,121.5,7.06,5.81,38446.57,481399.965,2.8526,4.2926,0.76,29.194,22.4105,8.2351,4.7649,4.0253,0.0616,0.0616,66255.6538,13477.8074,8956.5344,8517826.8525,1732706.9193,,,1.503
600150,中国船舶,船舶,上海,19980520,600150.SH,20080507,130.0,130.75,121.27,121.5,130.91,-9.41,-7.19,46347.94,584586.745,3.4388,5.1748,0.74,27.5908,21.1798,7.7829,4.5032,3.8042,0.0652,0.0652,66255.6538,13477.8074,8956.5344,8050061.9367,1637553.5991,,,1.503
600150,中国船舶,船舶,上海,19980520,600150.SH,20080506,134.85,136.2,129.28,130.91,136.26,-5.35,-3.93,48496.47,643622.478,3.5982,5.4146,0.73,29.7277,22.8202,8.3856,4.852,4.0989,0.0605,0.0605,66255.6538,13477.8074,8956.5344,8673527.639,1764379.7667,,,1.503
600150,中国船舶,船舶,上海,19980520,600150.SH,20080505,133.0,139.49,133.0,136.26,128.9,7.36,5.71,66741.1,903850.235,4.9519,7.4517,1.08,30.9426,23.7528,8.7283,5.0503,4.2664,0.0582,0.0582,66255.6538,13477.8074,8956.5344,9027995.3868,1836486.0363,,,1.503
600150,中国船舶,船舶,上海,19980520,600150.SH,20080430,118.01,129.0,118.01,128.9,117.99,10.91,9.25,50219.33,626761.186,3.7261,5.607,0.87,29.2712,22.4698,8.2569,4.7775,4.0359,0.0615,0.0615,66255.6538,13477.8074,8956.5344,8540353.7748,1737289.3739,,,1.503
600150,中国船舶,船舶,上海,19980520,600150.SH,20080429,113.9,118.35,110.14,117.99,115.09,2.9,2.52,40754.06,475264.577,3.0238,4.5502,0.7,26.7937,20.568,7.558,4.3731,3.6943,0.0672,0.0672,66255.6538,13477.8074,8956.5344,7817504.5919,1590246.4951,,,1.503
600150,中国船舶,船舶,上海,19980520,600150.SH,20080428,116.0,119.49,113.4,115.09,110.09,5.0,4.54,105136.27,1223657.744,7.8007,11.7385,2.43,26.1352,20.0624,7.3723,4.2657,3.6035,0.0689,0.0689,66255.6538,13477.8074,8956.5344,7625363.1958,1551160.8537,,,1.503
600150,中国船舶,船舶,上海,19980520,600150.SH,20080424,110.09,110.09,107.33,110.09,100.08,10.01,10.0,69528.99,764188.351,5.1588,7.7629,1.83,24.9998,24.9998,7.7935,4.0803,4.0803,0.072,0.072,66255.6538,13477.8074,8956.5344,7294084.9268,1483771.8167,,,1.503
600150,中国船舶,船舶,上海,19980520,600150.SH,20080423,91.97,100.48,90.1,100.08,92.1,7.98,8.66,44241.95,426174.074,3.2826,4.9396,1.34,22.7266,22.7266,7.0849,3.7093,3.7093,0.0792,0.0792,66255.6538,13477.8074,8956.5344,6630865.8323,1348858.9646,,,1.503
600150,中国船舶,船舶,上海,19980520,600150.SH,20080422,93.5,95.0,88.8,92.1,97.24,-5.14,-5.29,29283.59,266028.417,2.1727,3.2695,0.84,20.9145,20.9145,6.52,3.4136,3.4136,0.0861,0.0861,66255.6538,13477.8074,8956.5344,6102145.715,1241306.0615,,,1.503
600150,中国船舶,船舶,上海,19980520,600150.SH,20080421,103.55,103.55,94.0,97.24,94.46,2.78,2.94,42205.57,417373.063,3.1315,4.7123,1.16,22.0817,22.0817,6.8839,3.6041,3.6041,0.0815,0.0815,66255.6538,13477.8074,8956.5344,6442699.7755,1310581.9916,,,1.503
600150,中国船舶,船舶,上海,19980520,600150.SH,20080418,96.8,96.88,90.8,94.46,96.96,-2.5,-2.58,30856.81,288932.896,2.2895,3.4452,0.87,21.4504,21.4504,6.6871,3.501,3.501,0.0839,0.0839,66255.6538,13477.8074,8956.5344,6258509.0579,1273113.687,,,1.503
600150,中国船舶,船舶,上海,19980520,600150.SH,20080417,104.1,107.0,96.01,96.96,103.79,-6.83,-6.58,43036.23,429045.732,3.1931,4.805,1.22,22.0181,22.0181,6.864,3.5937,3.5937,0.0817,0.0817,66255.6538,13477.8074,8956.5344,6424148.1924,1306808.2055,,,1.503
600150,中国船舶,船舶,上海,19980520,600150.SH,20080416,109.79,109.79,103.5,103.79,109.79,-6.0,-5.47,20096.91,212080.003,1.4911,2.2438,0.52,23.5691,23.5691,7.3476,3.8468,3.8468,0.0764,0.0764,66255.6538,13477.8074,8956.5344,6876674.3079,1398861.63,,,1.503
600150,中国船舶,船舶,上海,19980520,600150.SH,20080415,108.0,109.81,102.2,109.79,109.66,0.13,0.12,37950.99,399574.642,2.8158,4.2372,0.98,24.9316,24.9316,7.7723,4.0692,4.0692,0.0722,0.0722,66255.6538,13477.8074,8956.5344,7274208.2307,1479728.4744,,,1.503
600150,中国船舶,船舶,上海,19980520,600150.SH,20080414,118.0,118.1,109.63,109.66,121.81,-12.15,-9.97,49529.29,555839.642,3.6749,5.53,1.31,24.9021,24.9021,7.7631,4.0644,4.0644,0.0723,0.0723,66255.6538,13477.8074,8956.5344,7265594.9957,1477976.3595,,,1.503
600150,中国船舶,船舶,上海,19980520,600150.SH,20080411,122.6,125.5,120.5,121.81,121.89,-0.08,-0.07,25895.46,317666.111,1.9213,2.8912,0.66,27.6612,27.6612,8.6232,4.5147,4.5147,0.0651,0.0651,66255.6538,13477.8074,8956.5344,8070601.1894,1641731.7194,,,1.503
600150,中国船舶,船舶,上海,19980520,600150.SH,20080410,119.24,123.2,115.26,121.89,124.61,-2.72,-2.18,42524.7,508057.265,3.1552,4.7479,1.15,27.6794,27.6794,8.6289,4.5177,4.5177,0.065,0.065,66255.6538,13477.8074,8956.5344,8075901.6417,1642809.944,,,1.503
600150,中国船舶,船舶,上海,19980520,600150.SH,20080409,136.59,136.9,124.61,124.61,138.46,-13.85,-10.0,37840.52,493061.195,2.8076,4.2249,1.1,28.297,28.297,8.8215,4.6185,4.6185,0.0636,0.0636,66255.6538,13477.8074,8956.5344,8256117.02,1679469.5801,,,1.503
600150,中国船舶,船舶,上海,19980520,600150.SH,20080408,138.0,141.0,135.0,138.46,139.64,-1.18,-0.85,37565.86,517137.117,2.7872,4.1942,1.22,31.4421,31.4421,9.8019,5.1318,5.1318,0.0572,0.0572,66255.6538,13477.8074,8956.5344,9173757.8251,1866137.2126,,,1.503
600150,中国船舶,船舶,上海,19980520,600150.SH,20080407,130.87,142.49,129.0,139.64,131.92,7.72,5.85,44920.11,613432.029,3.3329,5.0153,1.6,31.7101,31.7101,9.8855,5.1756,5.1756,0.0568,0.0568,66255.6538,13477.8074,8956.5344,9251939.4966,1882041.0253,,,1.503
600150,中国船舶,船舶,上海,19980520,600150.SH,20080403,121.01,133.0,120.0,131.92,123.01,8.91,7.24,33922.74,427739.412,2.5169,3.7875,1.26,29.957,29.957,9.3389,4.8894,4.8894,0.0601,0.0601,66255.6538,13477.8074,8956.5344,8740445.8493,1777992.3522,,,1.503
600150,中国船舶,船舶,上海,19980520,600150.SH,20080402,121.5,125.4,114.0,123.01,119.21,3.8,3.19,30823.41,374983.809,2.287,3.4414,1.28,27.9337,27.9337,8.7082,4.5592,4.5592,0.0644,0.0644,66255.6538,13477.8074,8956.5344,8150107.9739,1657905.0883,,,1.503
600150,中国船舶,船舶,上海,19980520,600150.SH,20080401,120.5,125.88,118.5,119.21,121.57,-2.36,-1.94,25054.6,305703.464,1.859,2.7974,1.07,27.0708,27.0708,8.4392,4.4184,4.4184,0.0665,0.0665,66255.6538,13477.8074,8956.5344,7898336.4895,1606689.4202,,,1.503
600150,中国船舶,船舶,上海,19980520,600150.SH,20080331,121.8,124.94,119.01,121.57,125.31,-3.74,-2.98,19416.33,237282.533,1.4406,2.1678,0.83,27.6067,27.6067,8.6062,4.5058,4.5058,0.0652,0.0652,66255.6538,13477.8074,8956.5344,8054699.8325,1638497.0456,,,1.503
600150,中国船舶,船舶,上海,19980520,600150.SH,20080328,117.95,125.6,115.0,125.31,119.68,5.63,4.7,30848.61,374684.376,2.2888,3.4443,1.48,28.456,28.456,8.871,4.6445,4.6445,0.0632,0.0632,66255.6538,13477.8074,8956.5344,8302495.9777,1688904.0453,,,1.503
600150,中国船舶,船舶,上海,19980520,600150.SH,20080327,117.99,124.88,111.11,119.68,119.13,0.55,0.46,28929.98,341690.798,2.1465,3.23,1.41,27.1775,27.1775,8.4724,4.4358,4.4358,0.0662,0.0662,66255.6538,13477.8074,8956.5344,7929476.6468,1613023.9896,,,1.503
600150,中国船舶,船舶,上海,19980520,600150.SH,20080326,121.0,124.8,118.0,119.13,120.62,-1.49,-1.24,16366.59,197735.646,1.2143,1.8273,0.72,27.0526,27.0526,8.4335,4.4154,4.4154,0.0665,0.0665,66255.6538,13477.8074,8956.5344,7893036.0372,1605611.1956,,,1.503
600150,中国船舶,船舶,上海,19980520,600150.SH,20080325,119.99,123.8,117.7,120.62,124.19,-3.57,-2.87,21324.76,255493.387,1.5822,2.3809,0.88,27.391,27.391,8.539,4.4706,4.4706,0.0657,0.0657,66255.6538,13477.8074,8956.5344,7991756.9614,1625693.1286,,,1.503
600150,中国船舶,船舶,上海,19980520,600150.SH,20080324,135.0,135.99,123.3,124.19,133.06,-8.87,-6.67,19938.12,257430.49,1.4793,2.2261,0.86,28.2017,28.2017,8.7917,4.6029,4.6029,0.0638,0.0638,66255.6538,13477.8074,8956.5344,8228289.6454,1673808.901,,,1.503
600150,中国船舶,船舶,上海,19980520,600150.SH,20080321,129.9,136.8,126.12,133.06,132.05,1.01,0.76,17561.6,233215.992,1.303,1.9608,0.79,30.2159,30.2159,9.4196,4.9317,4.9317,0.0596,0.0596,66255.6538,13477.8074,8956.5344,8815977.2946,1793357.0526,,,1.503
600150,中国船舶,船舶,上海,19980520,600150.SH,20080320,129.0,134.98,117.66,132.05,130.05,2.0,1.54,27167.44,340550.974,2.0157,3.0333,1.42,29.9865,29.9865,9.3481,4.8943,4.8943,0.06,0.06,66255.6538,13477.8074,8956.5344,8749059.0843,1779744.4672,,,1.503
600150,中国船舶,船舶,上海,19980520,600150.SH,20080319,132.0,133.1,128.0,130.05,128.04,2.01,1.57,28043.08,367394.395,2.0807,3.131,1.78,29.5324,29.5324,9.2066,4.8201,4.8201,0.0609,0.0609,66255.6538,13477.8074,8956.5344,8616547.7767,1752788.8524,,,1.503
600150,中国船舶,船舶,上海,19980520,600150.SH,20080318,138.0,138.0,126.98,128.04,141.09,-13.05,-9.25,28006.68,360750.016,2.078,3.127,2.33,29.0759,29.0759,9.0643,4.7456,4.7456,0.0619,0.0619,66255.6538,13477.8074,8956.5344,8483373.9126,1725698.4595,,,1.503
600150,中国船舶,船舶,上海,19980520,600150.SH,20080317,150.4,150.4,139.88,141.09,150.47,-9.38,-6.23,15282.67,218286.641,1.1339,1.7063,1.38,76.7564,41.5151,10.9295,7.9615,6.8643,0.0562,0.0562,66255.6538,13477.8074,8956.5344,9348010.1946,1901583.8461,,,1.503
600150,中国船舶,船舶,上海,19980520,600150.SH,20080314,155.58,155.58,147.93,150.47,155.49,-5.02,-3.23,12279.17,184811.309,0.9111,1.371,1.09,81.8594,44.2751,11.6561,8.4908,7.3207,0.0527,0.0527,66255.6538,13477.8074,8956.5344,9969488.2273,2028005.6795,,,1.503
600150,中国船舶,船舶,上海,19980520,600150.SH,20080313,159.0,159.0,153.0,155.49,162.21,-6.72,-4.14,12120.75,188315.498,0.8993,1.3533,0.98,84.5904,45.7522,12.0449,8.774,7.5649,0.051,0.051,66255.6538,13477.8074,8956.5344,10302091.6094,2095664.2726,,,1.503
600150,中国船舶,船舶,上海,19980520,600150.SH,20080312,170.0,171.99,159.5,162.21,166.93,-4.72,-2.83,10911.58,179476.693,0.8096,1.2183,0.75,88.2462,47.7296,12.5655,9.1532,7.8919,0.0489,0.0489,66255.6538,13477.8074,8956.5344,10747329.6029,2186235.1384,,,1.503
600150,中国船舶,船舶,上海,19980520,600150.SH,20080311,171.0,171.0,164.0,166.93,171.68,-4.75,-2.77,9425.96,156593.463,0.6994,1.0524,0.61,90.814,49.1184,12.9311,9.4196,8.1215,0.0475,0.0475,66255.6538,13477.8074,8956.5344,11060056.2888,2249850.3893,,,1.503
600150,中国船舶,船舶,上海,19980520,600150.SH,20080310,169.0,172.97,162.0,171.68,169.32,2.36,1.39,10804.56,177609.183,0.8017,1.2063,0.67,93.3982,50.5161,13.2991,9.6876,8.3526,0.0462,0.0462,66255.6538,13477.8074,8956.5344,11374770.6444,2313869.9744,,,1.503
600150,中国船舶,船舶,上海,19980520,600150.SH,20080307,176.0,176.0,168.0,169.32,177.86,-8.54,-4.8,13264.88,226691.487,0.9842,1.481,0.79,92.1143,49.8217,13.1163,9.5545,8.2378,0.0468,0.0468,66255.6538,13477.8074,8956.5344,11218407.3014,2282062.349,,,1.503
600150,中国船舶,船舶,上海,19980520,600150.SH,20080306,179.7,182.5,172.0,177.86,179.82,-1.96,-1.09,17187.17,303757.283,1.2752,1.919,1.05,96.7602,52.3345,13.7778,10.0364,8.6533,0.0446,0.0446,66255.6538,13477.8074,8956.5344,11784230.5849,2397162.8242,,,1.503
600150,中国船舶,船舶,上海,19980520,600150.SH,20080305,190.0,192.0,177.0,179.82,192.01,-12.19,-6.35,21672.1,391605.622,1.608,2.4197,1.15,97.8265,52.9112,13.9296,10.147,8.7486,0.0441,0.0441,66255.6538,13477.8074,8956.5344,11914091.6663,2423579.3267,,,1.503
600150,中国船舶,船舶,上海,19980520,600150.SH,20080304,192.45,199.95,188.0,192.01,192.43,-0.42,-0.22,14969.87,290647.728,1.1107,1.6714,0.64,104.4582,56.4981,14.8739,10.8348,9.3417,0.0413,0.0413,66255.6538,13477.8074,8956.5344,12721748.0861,2587873.7989,,,1.503
600150,中国船舶,船舶,上海,19980520,600150.SH,20080303,180.0,193.5,178.0,192.43,182.86,9.57,5.23,13976.2,264668.342,1.037,1.5604,0.6,104.6867,56.6217,14.9065,10.8585,9.3622,0.0412,0.0412,66255.6538,13477.8074,8956.5344,12749575.4607,2593534.478,,,1.503
600150,中国船舶,船舶,上海,19980520,600150.SH,20080229,177.99,184.98,173.9,182.86,178.86,4.0,2.24,15644.29,279716.135,1.1607,1.7467,0.69,99.4804,53.8058,14.1651,10.3185,8.8965,0.0433,0.0433,66255.6538,13477.8074,8956.5344,12115508.8539,2464551.8612,,,1.503
600150,中国船舶,船舶,上海,19980520,600150.SH,20080228,183.01,183.01,175.0,178.86,181.88,-3.02,-1.66,15591.93,279964.504,1.1569,1.7408,0.73,97.3043,52.6288,13.8553,10.0928,8.7019,0.0443,0.0443,66255.6538,13477.8074,8956.5344,11850486.2387,2410640.6316,,,1.503
600150,中国船舶,船舶,上海,19980520,600150.SH,20080227,168.0,183.16,164.0,181.88,171.14,10.74,6.28,33696.62,593979.943,2.5002,3.7622,2.02,98.9472,53.5174,14.0892,10.2632,8.8489,0.0436,0.0436,66255.6538,13477.8074,8956.5344,12050578.3131,2451343.6099,,,1.503
600150,中国船舶,船舶,上海,19980520,600150.SH,20080226,175.0,182.24,158.75,171.14,176.39,-5.25,-2.98,37555.81,618745.781,2.7865,4.1931,3.27,93.1044,50.3572,13.2573,9.6572,8.3263,0.0463,0.0463,66255.6538,13477.8074,8956.5344,11338992.5913,2306591.9584,,,1.503
600150,中国船舶,船舶,上海,19980520,600150.SH,20080225,196.0,198.0,176.39,176.39,195.99,-19.6,-10.0,14709.73,268360.077,1.0914,1.6423,1.45,95.9605,51.902,13.6639,9.9534,8.5818,0.0449,0.0449,66255.6538,13477.8074,8956.5344,11686834.7738,2377350.4473,,,1.503
600150,中国船舶,船舶,上海,19980520,600150.SH,20080222,202.87,202.87,191.8,195.99,203.93,-7.94,-3.89,12497.11,244304.232,0.9272,1.3953,1.39,106.6234,57.6692,15.1822,11.0594,9.5354,0.0404,0.0404,66255.6538,13477.8074,8956.5344,12985445.5883,2641515.4723,,,1.503
600150,中国船舶,船舶,上海,19980520,600150.SH,20080221,205.1,208.5,203.1,203.93,207.48,-3.55,-1.71,8584.03,175504.472,0.6369,0.9584,1.09,110.943,60.0055,15.7973,11.5074,9.9217,0.0389,0.0389,66255.6538,13477.8074,8956.5344,13511515.4794,2748529.2631,,,1.503
600150,中国船舶,船舶,上海,19980520,600150.SH,20080220,215.0,218.0,206.51,207.48,213.52,-6.04,-2.83,10073.76,212972.959,0.7474,1.1247,1.58,112.8742,61.0501,16.0723,11.7078,10.0944,0.0382,0.0382,66255.6538,13477.8074,8956.5344,13746723.0504,2796375.4794,,,1.503
600150,中国船舶,船舶,上海,19980520,600150.SH,20080219,215.01,216.99,212.0,213.52,217.71,-4.19,-1.92,11565.33,246795.543,0.8581,1.2913,2.25,116.1602,62.8273,16.5402,12.0486,10.3882,0.0371,0.0371,66255.6538,13477.8074,8956.5344,14146907.1994,2877781.436,,,1.503
600150,中国船舶,船舶,上海,19980520,600150.SH,20080218,216.0,218.0,211.5,217.71,214.96,2.75,1.28,7950.76,170359.957,0.5899,0.8877,1.25,118.4396,64.0602,16.8648,12.285,10.5921,0.0364,0.0364,66255.6538,13477.8074,8956.5344,14424518.3888,2934253.4491,,,1.503
600150,中国船舶,船舶,上海,19980520,600150.SH,20080215,218.0,218.0,206.0,214.96,217.44,-2.48,-1.14,6635.53,139468.577,0.4923,0.7409,0.87,116.9435,63.251,16.6517,12.1298,10.4583,0.0369,0.0369,66255.6538,13477.8074,8956.5344,14242315.3408,2897189.4787,,,1.503
600150,中国船舶,船舶,上海,19980520,600150.SH,20080214,221.08,221.48,217.0,217.44,218.2,-0.76,-0.35,3124.07,68302.859,0.2318,0.3488,0.35,118.2927,63.9808,16.8439,12.2698,10.5789,0.0364,0.0364,66255.6538,13477.8074,8956.5344,14406629.3623,2930614.4411,,,1.503
600150,中国船舶,船舶,上海,19980520,600150.SH,20080213,222.0,222.43,215.01,218.2,224.86,-6.66,-2.96,2586.23,56883.264,0.1919,0.2888,0.25,118.7062,64.2044,16.9027,12.3127,10.6159,0.0363,0.0363,66255.6538,13477.8074,8956.5344,14456983.6592,2940857.5747,,,1.503
600150,中国船舶,船舶,上海,19980520,600150.SH,20080205,225.0,228.84,221.5,224.86,228.89,-4.03,-1.76,5430.12,122206.454,0.4029,0.6063,0.47,122.3294,66.1641,17.4186,12.6885,10.9399,0.0352,0.0352,66255.6538,13477.8074,8956.5344,14898246.3135,3030619.772,,,1.503
600150,中国船舶,船舶,上海,19980520,600150.SH,20080204,217.0,229.92,217.0,228.89,214.67,14.22,6.62,13961.4,313284.659,1.0359,1.5588,1.25,124.5218,67.3499,17.7308,12.9159,11.136,0.0346,0.0346,66255.6538,13477.8074,8956.5344,15165256.5983,3084935.3358,,,1.503
600150,中国船舶,船舶,上海,19980520,600150.SH,20080201,218.0,219.0,202.94,214.67,216.83,-2.16,-1.0,12967.91,270414.823,0.9622,1.4479,1.15,116.7858,63.1657,16.6293,12.1135,10.4442,0.0369,0.0369,66255.6538,13477.8074,8956.5344,14223101.2012,2893280.9146,,,1.503
600150,中国船舶,船舶,上海,19980520,600150.SH,20080131,226.0,232.0,212.0,216.83,214.77,2.06,0.96,9913.13,214558.086,0.7355,1.1068,0.77,117.9609,63.8013,16.7966,12.2354,10.5493,0.0366,0.0366,66255.6538,13477.8074,8956.5344,14366213.4135,2922392.9785,,,1.503
600150,中国船舶,船舶,上海,19980520,600150.SH,20080129,210.0,215.5,205.5,214.77,206.42,8.35,4.05,8463.68,179059.892,0.628,0.945,0.61,116.8402,63.1951,16.637,12.1191,10.449,0.0369,0.0369,66255.6538,13477.8074,8956.5344,14229726.7666,2894628.6953,,,1.503
600150,中国船舶,船舶,上海,19980520,600150.SH,20080128,220.0,220.0,200.39,206.42,222.65,-16.23,-7.29,12046.6,250733.729,0.8938,1.345,0.94,112.2976,60.7382,15.9902,11.6479,10.0428,0.0384,0.0384,66255.6538,13477.8074,8956.5344,13676492.0574,2782089.0035,,,1.503
600150,中国船舶,船舶,上海,19980520,600150.SH,20080125,224.51,226.61,218.0,222.65,226.62,-3.97,-1.75,12497.16,277581.736,0.9272,1.3953,1.0,121.1271,65.5138,17.2474,12.5638,10.8324,0.0356,0.0356,66255.6538,13477.8074,8956.5344,14751821.3186,3000833.8176,,,1.503
600150,中国船舶,船舶,上海,19980520,600150.SH,20080124,229.0,235.0,220.0,226.62,227.14,-0.52,-0.23,13669.99,314015.723,1.0143,1.5263,1.09,123.2869,66.6819,17.555,12.7878,11.0256,0.035,0.035,66255.6538,13477.8074,8956.5344,15014856.2642,3054340.713,,,1.503
600150,中国船舶,船舶,上海,19980520,600150.SH,20080123,217.5,231.68,210.0,227.14,216.0,11.14,5.16,17951.5,395658.616,1.3319,2.0043,1.5,123.5698,66.8349,17.5953,12.8171,11.0509,0.0349,0.0349,66255.6538,13477.8074,8956.5344,15049309.2041,3061349.1728,,,1.503
600150,中国船舶,船舶,上海,19980520,600150.SH,20080122,230.0,234.0,214.88,216.0,238.76,-22.76,-9.53,13169.49,292587.832,0.9771,1.4704,1.16,117.5093,63.5571,16.7323,12.1885,10.5089,0.0367,0.0367,66255.6538,13477.8074,8956.5344,14311221.2208,2911206.3984,,,1.503
600150,中国船舶,船舶,上海,19980520,600150.SH,20080121,253.5,253.89,235.0,238.76,250.96,-12.2,-4.86,7031.32,173499.756,0.5217,0.785,0.61,129.8913,70.2541,18.4954,13.4728,11.6162,0.0332,0.0332,66255.6538,13477.8074,8956.5344,15819199.9013,3217961.2948,,,1.503
600150,中国船舶,船舶,上海,19980520,600150.SH,20080118,245.48,254.99,240.0,250.96,246.18,4.78,1.94,10574.7,262288.611,0.7846,1.1807,1.03,136.5284,73.8439,19.4405,14.1613,12.2098,0.0316,0.0316,66255.6538,13477.8074,8956.5344,16627518.8776,3382390.5451,,,1.503
600150,中国船舶,船舶,上海,19980520,600150.SH,20080117,252.5,254.98,235.3,246.18,253.4,-7.22,-2.85,13754.47,332876.915,1.0205,1.5357,1.49,133.928,72.4374,19.0702,13.8915,11.9772,0.0322,0.0322,66255.6538,13477.8074,8956.5344,16310816.8525,3317966.6257,,,1.503
600150,中国船舶,船舶,上海,19980520,600150.SH,20080116,269.78,269.78,252.0,253.4,269.92,-16.52,-6.12,15216.64,390512.388,1.129,1.6989,1.94,137.8559,74.5618,19.6295,14.299,12.3285,0.0313,0.0313,66255.6538,13477.8074,8956.5344,16789182.6729,3415276.3952,,,1.503
600150,中国船舶,船舶,上海,19980520,600150.SH,20080115,275.01,279.0,268.0,269.92,278.5,-8.58,-3.08,10197.44,276077.127,0.7566,1.1385,1.11,146.8431,79.4228,20.9092,15.2311,13.1322,0.0294,0.0294,66255.6538,13477.8074,8956.5344,17883726.0737,3637929.7734,,,1.503
600150,中国船舶,船舶,上海,19980520,600150.SH,20080114,277.5,281.98,271.11,278.5,275.53,2.97,1.08,7476.78,205614.946,0.5547,0.8348,0.68,151.5109,81.9474,21.5738,15.7153,13.5496,0.0285,0.0285,66255.6538,13477.8074,8956.5344,18452199.5833,3753569.3609,,,1.503
600150,中国船舶,船舶,上海,19980520,600150.SH,20080111,281.02,285.5,273.01,275.53,281.01,-5.48,-1.95,4524.15,125420.466,0.3357,0.5051,0.37,149.8951,81.0735,21.3438,15.5477,13.4052,0.0288,0.0288,66255.6538,13477.8074,8956.5344,18255420.2915,3713540.2729,,,1.503
600150,中国船舶,船舶,上海,19980520,600150.SH,20080110,284.9,286.8,277.1,281.01,285.85,-4.84,-1.69,8744.13,245112.37,0.6488,0.9763,0.69,152.8764,82.686,21.7683,15.8569,13.6718,0.0282,0.0282,66255.6538,13477.8074,8956.5344,18618501.2743,3787398.6575,,,1.503
600150,中国船舶,船舶,上海,19980520,600150.SH,20080109,277.0,286.0,270.0,285.85,277.63,8.22,2.96,8181.17,227398.026,0.607,0.9134,0.66,155.5095,84.1101,22.1432,16.1301,13.9072,0.0277,0.0277,66255.6538,13477.8074,8956.5344,18939178.6387,3852631.2453,,,1.503
600150,中国船舶,船舶,上海,19980520,600150.SH,20080108,296.98,296.98,275.0,277.63,291.62,-13.99,-4.8,17056.38,479626.594,1.2655,1.9044,1.65,151.0376,81.6914,21.5064,15.6662,13.5073,0.0285,0.0285,66255.6538,13477.8074,8956.5344,18394557.1645,3741843.6685,,,1.503
600150,中国船舶,船舶,上海,19980520,600150.SH,20080107,272.5,293.0,272.5,291.62,271.48,20.14,7.42,16362.65,463287.216,1.214,1.8269,1.84,158.6485,85.8079,22.5902,16.4556,14.188,0.0272,0.0272,66255.6538,13477.8074,8956.5344,19321473.7612,3930398.194,,,1.503
600150,中国船舶,船舶,上海,19980520,600150.SH,20080104,263.0,273.0,263.0,271.48,261.57,9.91,3.79,11283.88,305744.574,0.8372,1.2598,1.44,147.6918,79.8818,21.03,15.3192,13.2081,0.0292,0.0292,66255.6538,13477.8074,8956.5344,17987084.8936,3658955.153,,,1.503
600150,中国船舶,船舶,上海,19980520,600150.SH,20080103,259.0,268.15,259.0,261.57,258.36,3.21,1.24,10679.73,283755.565,0.7924,1.1924,1.42,142.3005,76.9658,20.2624,14.76,12.726,0.0303,0.0303,66255.6538,13477.8074,8956.5344,17330491.3645,3525390.0816,,,1.503
600150,中国船舶,船舶,上海,19980520,600150.SH,20080102,250.0,260.0,250.0,258.36,249.74,8.62,3.45,6330.82,163296.336,0.4697,0.7068,0.72,140.5542,76.0213,20.0137,14.5788,12.5698,0.0307,0.0307,66255.6538,13477.8074,8956.5344,17117810.7158,3482126.3199,,,1.503
600150,中国船舶,船舶,上海,19980520,600150.SH,20071228,248.5,250.95,246.0,249.74,249.01,0.73,0.29,7039.62,175754.63,0.5223,0.786,0.85,135.8647,73.4849,19.346,14.0924,12.1504,0.0292,0.0317,66255.6538,13477.8074,8956.5344,16546686.98,3365947.6201,,,1.503
600150,中国船舶,船舶,上海,19980520,600150.SH,20071227,248.7,251.0,243.5,249.01,248.02,0.99,0.4,9186.6,226884.074,0.6816,1.0257,1.2,135.4676,73.2701,19.2894,14.0512,12.1149,0.0293,0.0318,66255.6538,13477.8074,8956.5344,16498320.3527,3356108.8207,,,1.503
600150,中国船舶,船舶,上海,19980520,600150.SH,20071226,244.5,248.28,244.0,248.02,243.96,4.06,1.66,5957.38,146742.872,0.442,0.6651,0.72,134.929,72.9788,19.2127,13.9954,12.0667,0.0294,0.032,66255.6538,13477.8074,8956.5344,16432727.2555,3342765.7913,,,1.503
600150,中国船舶,船舶,上海,19980520,600150.SH,20071225,236.0,245.66,234.1,243.96,237.08,6.88,2.9,9184.82,221448.657,0.6815,1.0255,1.25,132.7203,71.7842,18.8982,13.7663,11.8692,0.0299,0.0325,66255.6538,13477.8074,8956.5344,16163729.301,3288045.8933,,,1.503
600150,中国船舶,船舶,上海,19980520,600150.SH,20071224,235.0,241.0,230.0,237.08,231.33,5.75,2.49,12403.06,293299.0,0.9203,1.3848,2.09,128.9774,69.7597,18.3653,13.378,11.5345,0.0307,0.0334,66255.6538,13477.8074,8956.5344,15707890.4029,3195318.5784,,,1.503
600150,中国船舶,船舶,上海,19980520,600150.SH,20071221,227.77,234.05,227.77,231.33,232.06,-0.73,-0.31,4718.52,109343.566,0.3501,0.5268,0.77,125.8492,68.0678,17.9198,13.0536,11.2547,0.0315,0.0343,66255.6538,13477.8074,8956.5344,15326920.3936,3117821.1858,,,1.503
600150,中国船舶,船舶,上海,19980520,600150.SH,20071220,224.74,234.0,218.0,232.06,225.02,7.04,3.13,6131.71,139946.866,0.4549,0.6846,0.97,126.2464,68.2826,17.9764,13.0948,11.2902,0.0314,0.0342,66255.6538,13477.8074,8956.5344,15375287.0208,3127659.9852,,,1.503
600150,中国船舶,船舶,上海,19980520,600150.SH,20071219,229.0,229.97,216.99,225.02,228.1,-3.08,-1.35,8709.5,192085.781,0.6462,0.9724,1.51,122.4164,66.2111,17.431,12.6975,10.9477,0.0324,0.0352,66255.6538,13477.8074,8956.5344,14908847.2181,3032776.2211,,,1.503
600150,中国船舶,船舶,上海,19980520,600150.SH,20071218,232.48,236.05,215.41,228.1,232.39,-4.29,-1.85,4707.57,106266.798,0.3493,0.5256,0.74,124.092,67.1174,17.6696,12.8713,11.0976,0.032,0.0347,66255.6538,13477.8074,8956.5344,15112914.6318,3074287.8679,,,1.503
600150,中国船舶,船舶,上海,19980520,600150.SH,20071217,230.82,237.7,228.8,232.39,230.82,1.57,0.68,5372.35,125202.273,0.3986,0.5998,0.74,126.4259,68.3797,18.002,13.1134,11.3063,0.0314,0.0341,66255.6538,13477.8074,8956.5344,15397151.3866,3132107.6617,,,1.503
600150,中国船舶,船舶,上海,19980520,600150.SH,20071214,234.1,234.1,225.08,230.82,234.17,-3.35,-1.43,5539.19,126533.569,0.411,0.6185,0.75,125.5718,67.9178,17.8803,13.0248,11.2299,0.0316,0.0343,66255.6538,13477.8074,8956.5344,15293130.0101,3110947.5041,,,1.503
600150,中国船舶,船舶,上海,19980520,600150.SH,20071213,237.9,243.9,233.0,234.17,239.44,-5.27,-2.2,7366.9,176694.257,0.5466,0.8225,1.02,127.3943,68.9035,18.1398,13.2138,11.3929,0.0311,0.0338,66255.6538,13477.8074,8956.5344,15515086.4503,3156098.1589,,,1.503
600150,中国船舶,船舶,上海,19980520,600150.SH,20071212,240.6,242.54,231.0,239.44,239.1,0.34,0.14,5920.26,139826.94,0.4393,0.661,0.79,130.2613,70.4542,18.5481,13.5112,11.6493,0.0304,0.0331,66255.6538,13477.8074,8956.5344,15864253.7459,3227126.2039,,,1.503
600150,中国船舶,船舶,上海,19980520,600150.SH,20071211,220.0,241.3,220.0,239.1,219.52,19.58,8.92,7629.76,177705.688,0.5661,0.8519,1.11,130.0763,70.3541,18.5217,13.492,11.6328,0.0305,0.0331,66255.6538,13477.8074,8956.5344,15841726.8236,3222543.7493,,,1.503
600150,中国船舶,船舶,上海,19980520,600150.SH,20071210,208.01,221.3,208.01,219.52,211.38,8.14,3.85,9986.18,217897.653,0.7409,1.115,1.7,119.4243,64.5928,17.005,12.3872,10.6801,0.0332,0.0361,66255.6538,13477.8074,8956.5344,14544441.1222,2958648.2804,,,1.503
600150,中国船舶,船舶,上海,19980520,600150.SH,20071207,211.51,214.8,209.99,211.38,213.0,-1.62,-0.76,5994.49,127168.893,0.4448,0.6693,1.06,114.9959,62.1976,16.3744,11.9278,10.2841,0.0345,0.0375,66255.6538,13477.8074,8956.5344,14005120.1002,2848938.9282,,,1.503
600150,中国船舶,船舶,上海,19980520,600150.SH,20071206,208.97,216.0,207.8,213.0,207.25,5.75,2.77,6471.24,137840.193,0.4801,0.7225,0.93,115.8773,62.6743,16.4999,12.0192,10.3629,0.0342,0.0372,66255.6538,13477.8074,8956.5344,14112454.2594,2870772.9762,,,1.503
600150,中国船舶,船舶,上海,19980520,600150.SH,20071205,204.6,210.1,201.0,207.25,204.19,3.06,1.5,7299.03,150410.941,0.5416,0.8149,1.18,112.7491,60.9824,16.0545,11.6948,10.0832,0.0352,0.0382,66255.6538,13477.8074,8956.5344,13731484.2501,2793275.5837,,,1.503
600150,中国船舶,船舶,上海,19980520,600150.SH,20071204,202.8,207.5,200.7,204.19,202.73,1.46,0.72,4682.11,95989.128,0.3474,0.5228,0.59,111.0844,60.082,15.8175,11.5221,9.9343,0.0357,0.0388,66255.6538,13477.8074,8956.5344,13528741.9494,2752033.493,,,1.503
600150,中国船舶,船舶,上海,19980520,600150.SH,20071203,207.5,207.5,200.55,202.73,207.26,-4.53,-2.19,4885.24,99235.281,0.3625,0.5454,0.56,110.2901,59.6524,15.7044,11.4397,9.8633,0.036,0.0391,66255.6538,13477.8074,8956.5344,13432008.6949,2732355.8942,,,1.503
600150,中国船舶,船舶,上海,19980520,600150.SH,20071130,205.0,214.0,203.71,207.26,206.0,1.26,0.61,4930.28,103007.729,0.3658,0.5505,0.49,112.7546,60.9853,16.0553,11.6953,10.0837,0.0352,0.0382,66255.6538,13477.8074,8956.5344,13732146.8066,2793410.3617,,,1.503
600150,中国船舶,船舶,上海,19980520,600150.SH,20071129,201.98,208.6,196.0,206.0,194.79,11.21,5.75,12876.26,259949.237,0.9554,1.4376,1.37,112.0691,60.6146,15.9577,11.6242,10.0224,0.0354,0.0385,66255.6538,13477.8074,8956.5344,13648664.6828,2776428.3244,,,1.503
600150,中国船舶,船舶,上海,19980520,600150.SH,20071128,197.0,200.0,192.0,194.79,197.12,-2.33,-1.18,3635.5,71579.159,0.2697,0.4059,0.35,105.9706,57.3161,15.0893,10.9917,9.477,0.0374,0.0407,66255.6538,13477.8074,8956.5344,12905938.8037,2625342.1034,,,1.503
600150,中国船舶,船舶,上海,19980520,600150.SH,20071127,192.01,198.41,190.08,197.12,195.79,1.33,0.68,13435.26,259176.682,0.9968,1.5001,1.43,107.2381,58.0017,15.2698,11.1232,9.5903,0.037,0.0402,66255.6538,13477.8074,8956.5344,13060314.4771,2656745.3947,,,1.503
600150,中国船舶,船舶,上海,19980520,600150.SH,20071126,205.0,205.0,195.5,195.79,200.39,-4.6,-2.3,8637.98,173041.192,0.6409,0.9644,0.85,106.5146,57.6103,15.1668,11.0481,9.5256,0.0372,0.0405,66255.6538,13477.8074,8956.5344,12972194.4575,2638819.9108,,,1.503
600150,中国船舶,船舶,上海,19980520,600150.SH,20071123,190.08,205.98,190.0,200.39,192.93,7.46,3.87,11223.26,218946.716,0.8327,1.2531,0.98,109.0171,58.9639,15.5231,11.3077,9.7494,0.0364,0.0396,66255.6538,13477.8074,8956.5344,13276970.465,2700817.8249,,,1.503
600150,中国船舶,船舶,上海,19980520,600150.SH,20071122,199.9,200.38,191.0,192.93,203.2,-10.27,-5.05,10206.52,200651.846,0.7573,1.1396,0.95,104.9587,56.7688,14.9452,10.8867,9.3865,0.0378,0.0411,66255.6538,13477.8074,8956.5344,12782703.2876,2600273.3817,,,1.503
600150,中国船舶,船舶,上海,19980520,600150.SH,20071121,207.02,209.0,201.0,203.2,206.37,-3.17,-1.54,8450.25,173405.071,0.627,0.9435,0.76,110.5458,59.7907,15.7408,11.4662,9.8861,0.0359,0.039,66255.6538,13477.8074,8956.5344,13463148.8522,2738690.4637,,,1.503
600150,中国船舶,船舶,上海,19980520,600150.SH,20071120,204.0,208.6,200.11,206.37,206.41,-0.04,-0.02,8329.21,170532.902,0.618,0.93,0.77,112.2704,60.7235,15.9863,11.6451,10.0404,0.0353,0.0384,66255.6538,13477.8074,8956.5344,13673179.2747,2781415.1131,,,1.503
600150,中国船舶,船舶,上海,19980520,600150.SH,20071119,210.0,210.0,199.7,206.41,208.57,-2.16,-1.04,12821.42,258014.451,0.9513,1.4315,1.16,112.2921,60.7352,15.9894,11.6474,10.0423,0.0353,0.0384,66255.6538,13477.8074,8956.5344,13675829.5009,2781954.2254,,,1.503
600150,中国船舶,船舶,上海,19980520,600150.SH,20071116,214.1,214.1,202.8,208.57,215.0,-6.43,-2.99,17353.78,357167.361,1.2876,1.9376,2.05,113.4672,61.3708,16.1568,11.7693,10.1474,0.035,0.038,66255.6538,13477.8074,8956.5344,13818941.7131,2811066.2894,,,1.503
600150,中国船舶,船舶,上海,19980520,600150.SH,20071115,221.5,221.5,212.69,215.0,221.0,-6.0,-2.71,6768.96,146632.944,0.5022,0.7558,0.85,116.9653,63.2628,16.6548,12.1321,10.4602,0.0339,0.0369,66255.6538,13477.8074,8956.5344,14244965.567,2897728.591,,,1.503
600150,中国船舶,船舶,上海,19980520,600150.SH,20071114,217.0,225.85,211.0,221.0,216.09,4.91,2.27,10162.84,221525.472,0.754,1.1347,1.58,120.2295,65.0283,17.1196,12.4707,10.7521,0.033,0.0359,66255.6538,13477.8074,8956.5344,14642499.4898,2978595.4354,,,1.503
600150,中国船舶,船舶,上海,19980520,600150.SH,20071113,211.36,222.33,210.01,216.09,211.35,4.74,2.24,6877.3,148177.462,0.5103,0.7679,1.2,117.5583,63.5835,16.7393,12.1936,10.5133,0.0337,0.0367,66255.6538,13477.8074,8956.5344,14317184.2296,2912419.4011,,,1.503
600150,中国船舶,船舶,上海,19980520,600150.SH,20071112,228.0,234.0,211.33,211.35,234.81,-23.46,-9.99,13971.57,299472.981,1.0366,1.5599,3.93,114.9796,62.1888,16.3721,11.9261,10.2827,0.0345,0.0375,66255.6538,13477.8074,8956.5344,14003132.4306,2848534.594,,,1.503
600150,中国船舶,船舶,上海,19980520,600150.SH,20071109,240.0,245.0,232.0,234.81,239.03,-4.22,-1.77,4559.87,109794.322,0.3383,0.5091,1.23,127.7424,69.0918,18.1894,13.2499,11.424,0.031,0.0338,66255.6538,13477.8074,8956.5344,15557490.0688,3164723.9556,,,1.503
600150,中国船舶,船舶,上海,19980520,600150.SH,20071108,238.5,243.65,231.5,239.03,236.43,2.6,1.1,4450.0,106353.458,0.3302,0.4968,1.28,130.0382,70.3335,18.5163,13.4881,11.6293,0.0305,0.0332,66255.6538,13477.8074,8956.5344,15837088.9278,3221600.3028,,,1.503
600150,中国船舶,船舶,上海,19980520,600150.SH,20071107,231.38,238.0,230.0,236.43,231.38,5.05,2.18,2215.77,51909.958,0.1644,0.2474,0.56,128.6238,69.5685,18.3149,13.3414,11.5028,0.0308,0.0335,66255.6538,13477.8074,8956.5344,15664824.2279,3186558.0036,,,1.503
600150,中国船舶,船舶,上海,19980520,600150.SH,20071106,243.99,243.99,230.18,231.38,241.99,-10.61,-4.38,3557.08,83532.129,0.2639,0.3971,0.74,125.8764,68.0825,17.9237,13.0564,11.2572,0.0315,0.0343,66255.6538,13477.8074,8956.5344,15330233.1762,3118495.0762,,,1.503
600150,中国船舶,船舶,上海,19980520,600150.SH,20071105,238.0,246.0,230.01,241.99,239.21,2.78,1.16,2988.54,72046.436,0.2217,0.3337,0.57,131.6485,71.2045,18.7456,13.6551,11.7734,0.0301,0.0328,66255.6538,13477.8074,8956.5344,16033205.6631,3261494.6127,,,1.503
600150,中国船舶,船舶,上海,19980520,600150.SH,20071102,247.4,247.4,236.0,239.21,249.72,-10.51,-4.21,5396.5,129064.766,0.4004,0.6025,0.76,130.1361,70.3865,18.5303,13.4982,11.6381,0.0305,0.0331,66255.6538,13477.8074,8956.5344,15849014.9455,3224026.3082,,,1.503
600150,中国船舶,船舶,上海,19980520,600150.SH,20071101,258.02,258.04,248.08,249.72,258.04,-8.32,-3.22,3175.9,79685.584,0.2356,0.3546,0.37,135.8538,73.479,19.3444,14.0913,12.1494,0.0292,0.0317,66255.6538,13477.8074,8956.5344,16545361.8669,3365678.0639,,,1.503
600150,中国船舶,船舶,上海,19980520,600150.SH,20071031,263.89,263.89,255.0,258.04,251.97,6.07,2.41,4832.78,125136.273,0.3586,0.5396,0.51,140.3801,75.9271,19.9889,14.5608,12.5542,0.0283,0.0307,66255.6538,13477.8074,8956.5344,17096608.9066,3477813.4215,,,1.503
600150,中国船舶,船舶,上海,19980520,600150.SH,20071030,256.0,264.5,243.6,251.97,241.07,10.9,4.52,7642.63,195075.343,0.5671,0.8533,0.78,137.0779,74.1411,19.5187,14.2183,12.2589,0.0289,0.0315,66255.6538,13477.8074,8956.5344,16694437.088,3396003.1306,,,1.503
600150,中国船舶,船舶,上海,19980520,600150.SH,20071026,248.5,248.5,230.01,241.07,251.52,-10.45,-4.15,5219.59,124680.98,0.3873,0.5828,0.5,131.148,442.4148,11.9828,13.6032,61.9602,0.0302,0.0329,66255.6538,13477.8074,8956.5344,15972250.4616,3249095.0299,,,1.503
600150,中国船舶,船舶,上海,19980520,600150.SH,20071025,267.36,267.36,250.0,251.52,267.35,-15.83,-5.92,14499.05,375122.308,1.0758,1.6188,1.55,136.8331,461.5928,12.5023,14.1929,64.6461,0.029,0.0315,66255.6538,13477.8074,8956.5344,16664622.0438,3389938.1172,,,1.503
600150,中国船舶,船舶,上海,19980520,600150.SH,20071024,262.5,270.0,257.61,267.35,260.97,6.38,2.44,11256.68,298091.438,0.8352,1.2568,1.11,145.445,490.6442,13.2891,15.0861,68.7148,0.0273,0.0296,66255.6538,13477.8074,8956.5344,17713449.0434,3603291.8084,,,1.503
600150,中国船舶,船舶,上海,19980520,600150.SH,20071023,260.0,262.8,249.88,260.97,258.0,2.97,1.15,8589.79,220227.074,0.6373,0.9591,0.68,141.9741,478.9355,12.972,14.7261,67.075,0.0279,0.0304,66255.6538,13477.8074,8956.5344,17290737.9722,3517303.3972,,,1.503
600150,中国船舶,船舶,上海,19980520,600150.SH,20071022,255.0,265.0,247.0,258.0,255.08,2.92,1.14,9462.72,245881.654,0.7021,1.0565,0.64,140.3584,473.4849,12.8244,14.5585,66.3116,0.0283,0.0307,66255.6538,13477.8074,8956.5344,17093958.6804,3477274.3092,,,1.503
600150,中国船舶,船舶,上海,19980520,600150.SH,20071019,245.65,255.5,240.18,255.08,245.68,9.4,3.83,8027.79,199828.342,0.5956,0.8963,0.56,138.7698,468.1261,12.6792,14.3938,65.5611,0.0286,0.0311,66255.6538,13477.8074,8956.5344,16900492.1713,3437919.1116,,,1.503
600150,中国船舶,船舶,上海,19980520,600150.SH,20071018,260.0,260.0,245.6,245.68,259.85,-14.17,-5.45,9552.72,238887.517,0.7088,1.0666,0.59,133.656,450.8751,12.212,13.8633,63.1451,0.0297,0.0323,66255.6538,13477.8074,8956.5344,16277689.0256,3311227.722,,,1.503
600150,中国船舶,船舶,上海,19980520,600150.SH,20071017,263.0,271.0,256.88,259.85,259.99,-0.14,-0.05,15260.6,399844.852,1.1323,1.7039,0.99,141.3648,476.8801,12.9163,14.6629,66.7871,0.0281,0.0305,66255.6538,13477.8074,8956.5344,17216531.6399,3502208.2529,,,1.503
600150,中国船舶,船舶,上海,19980520,600150.SH,20071016,272.38,276.0,259.8,259.99,268.99,-9.0,-3.35,20937.27,549628.104,1.5535,2.3377,1.52,141.441,477.137,12.9233,14.6708,66.8231,0.028,0.0305,66255.6538,13477.8074,8956.5344,17225807.4315,3504095.1459,,,1.503
600150,中国船舶,船舶,上海,19980520,600150.SH,20071015,287.86,289.9,268.4,268.99,287.86,-18.87,-6.56,20440.52,555847.293,1.5166,2.2822,1.77,146.3372,493.6539,13.3706,15.1787,69.1363,0.0271,0.0295,66255.6538,13477.8074,8956.5344,17822108.3157,3625395.4125,,,1.503
600150,中国船舶,船舶,上海,19980520,600150.SH,20071012,292.9,292.9,271.01,287.86,294.17,-6.31,-2.15,5975.66,170005.581,0.4434,0.6672,0.41,156.6029,528.2844,14.3086,16.2435,73.9863,0.0253,0.0275,66255.6538,13477.8074,8956.5344,19072352.5029,3879721.6382,,,1.503
600150,中国船舶,船舶,上海,19980520,600150.SH,20071011,286.0,300.0,278.5,294.17,286.8,7.37,2.57,18140.18,533034.941,1.3459,2.0254,1.39,160.0357,539.8646,14.6222,16.5995,75.6081,0.0248,0.0269,66255.6538,13477.8074,8956.5344,19490425.6783,3964766.6029,,,1.503
600150,中国船舶,船舶,上海,19980520,600150.SH,20071010,262.01,292.0,262.01,286.8,266.61,20.19,7.57,11625.26,326443.052,0.8625,1.298,0.99,156.0263,526.3391,14.2559,16.1837,73.7139,0.0254,0.0276,66255.6538,13477.8074,8956.5344,19002121.5098,3865435.1623,,,1.488
600150,中国船舶,船舶,上海,19980520,600150.SH,20071009,270.0,271.33,261.9,266.61,271.33,-4.72,-1.74,12499.96,329507.205,0.9274,1.3956,1.04,145.0424,489.2861,13.2523,15.0444,68.5246,0.0273,0.0297,66255.6538,13477.8074,8956.5344,17664419.8596,3593318.2309,,,1.488
600150,中国船舶,船舶,上海,19980520,600150.SH,20071008,273.99,278.9,271.0,271.33,273.99,-2.66,-0.97,9663.13,266713.905,0.717,1.0789,0.8,147.6102,497.9483,13.4869,15.3107,69.7377,0.0269,0.0292,66255.6538,13477.8074,8956.5344,17977146.5456,3656933.4818,,,1.488
600150,中国船舶,船舶,上海,19980520,600150.SH,20070928,284.0,284.0,271.0,273.99,279.22,-5.23,-1.87,21024.08,574814.024,1.5599,2.3473,2.11,149.0573,502.83,13.6192,15.4608,70.4214,0.0266,0.0289,66255.6538,13477.8074,8956.5344,18153386.5847,3692784.4495,,,1.488
600150,中国船舶,船舶,上海,19980520,600150.SH,20070927,259.05,282.0,259.0,279.22,258.08,21.14,8.19,10444.19,288894.158,0.7749,1.1661,1.1,151.9026,512.4282,13.8791,15.7559,71.7656,0.0261,0.0284,66255.6538,13477.8074,8956.5344,18499903.654,3763273.3822,,,1.488
600150,中国船舶,船舶,上海,19980520,600150.SH,20070926,246.0,260.08,241.0,258.08,248.75,9.33,3.75,4953.78,126829.073,0.3676,0.5531,0.55,140.4019,473.6318,12.8283,14.563,66.3322,0.0282,0.0307,66255.6538,13477.8074,8956.5344,17099259.1327,3478352.5338,,,1.488
600150,中国船舶,船舶,上海,19980520,600150.SH,20070925,250.11,256.0,238.0,248.75,249.7,-0.95,-0.38,13762.31,341602.507,1.0211,1.5366,1.61,135.3261,456.5092,12.3646,14.0366,63.9342,0.0293,0.0319,66255.6538,13477.8074,8956.5344,16481093.8828,3352604.5908,,,1.488
600150,中国船舶,船舶,上海,19980520,600150.SH,20070924,225.0,249.7,217.0,249.7,227.0,22.7,10.0,10279.31,241358.965,0.7627,1.1477,1.48,53.8316,181.5954,47.2228,5.5836,25.4325,0.0737,0.0801,26255.6538,13477.8074,8956.5344,6556036.7539,3365408.5078,,,1.488
600150,中国船舶,船舶,上海,19980520,600150.SH,20070921,226.87,229.88,222.62,227.0,227.0,0.0,0.0,10325.75,233741.065,0.7661,1.1529,1.81,48.9378,165.0868,42.9298,5.076,23.1204,0.081,0.0881,26255.6538,13477.8074,8956.5344,5960033.4126,3059462.2798,,,1.488
600150,中国船舶,船舶,上海,19980520,600150.SH,20070920,221.0,232.0,214.04,227.0,219.0,8.0,3.65,8037.1,175142.714,0.5963,0.8973,1.38,48.9378,165.0868,42.9298,5.076,23.1204,0.081,0.0881,26255.6538,13477.8074,8956.5344,5960033.4126,3059462.2798,,,1.488
600150,中国船舶,船舶,上海,19980520,600150.SH,20070919,219.0,223.0,218.0,219.0,223.0,-4.0,-1.79,2355.94,51569.994,0.1748,0.263,0.3,47.2131,159.2687,41.4169,4.8971,22.3056,0.084,0.0913,26255.6538,13477.8074,8956.5344,5749988.1822,2951639.8206,,,1.488
600150,中国船舶,船舶,上海,19980520,600150.SH,20070918,227.0,230.0,218.8,223.0,226.47,-3.47,-1.53,11672.15,257815.515,0.866,1.3032,1.39,48.0755,162.1777,42.1734,4.9866,22.713,0.0825,0.0897,26255.6538,13477.8074,8956.5344,5855010.7974,3005551.0502,,,1.488
600150,中国船舶,船舶,上海,19980520,600150.SH,20070917,228.7,235.0,225.0,226.47,228.7,-2.23,-0.98,2345.96,53499.099,0.1741,0.2619,0.25,48.8235,164.7013,42.8296,5.0642,23.0664,0.0812,0.0883,26255.6538,13477.8074,8956.5344,5946117.9161,3052319.0419,,,1.488
600150,中国船舶,船舶,上海,19980520,600150.SH,20070914,230.0,238.0,226.0,228.7,232.99,-4.29,-1.84,4128.56,95826.359,0.3063,0.461,0.37,49.3043,166.3231,43.2513,5.114,23.2936,0.0804,0.0875,26255.6538,13477.8074,8956.5344,6004668.0241,3082374.5524,,,1.488
600150,中国船舶,船舶,上海,19980520,600150.SH,20070913,215.5,236.75,211.0,232.99,215.23,17.76,8.25,8674.15,196635.902,0.6436,0.9685,0.76,50.2291,169.443,44.0627,5.21,23.7305,0.079,0.0858,26255.6538,13477.8074,8956.5344,6117304.7789,3140194.3461,,,1.488
600150,中国船舶,船舶,上海,19980520,600150.SH,20070912,210.99,222.0,207.1,215.23,212.8,2.43,1.14,12851.76,273507.757,1.0474,1.4349,1.19,46.4004,156.527,40.7039,4.8128,21.9216,0.0855,0.0929,26255.6538,12270.3418,8956.5344,5651004.3674,2640945.6656,,,1.488
600150,中国船舶,船舶,上海,19980520,600150.SH,20070911,228.0,230.88,211.0,212.8,230.88,-18.08,-7.83,13957.1,311752.567,1.1375,1.5583,1.14,45.8765,154.7597,40.2444,4.7585,21.6741,0.0864,0.094,26255.6538,12270.3418,8956.5344,5587203.1286,2611128.735,,,1.488
600150,中国船舶,船舶,上海,19980520,600150.SH,20070910,231.0,231.0,214.0,230.88,231.76,-0.88,-0.38,6411.64,144203.039,0.5225,0.7159,0.39,49.7743,167.9085,43.6636,5.1628,23.5156,0.0797,0.0866,26255.6538,12270.3418,8956.5344,6061905.3493,2832976.5148,,,1.488
600150,中国船舶,船舶,上海,19980520,600150.SH,20070907,230.1,238.99,230.1,231.76,236.99,-5.23,-2.21,13281.08,308422.185,1.0824,1.4828,0.91,49.964,168.5485,43.83,5.1825,23.6052,0.0794,0.0863,26255.6538,12270.3418,8956.5344,6085010.3247,2843774.4156,,,1.488
600150,中国船舶,船舶,上海,19980520,600150.SH,20070906,223.68,244.9,220.0,236.99,223.67,13.32,5.96,10532.94,250676.214,0.8584,1.176,0.79,51.0915,172.352,44.8191,5.2994,24.1379,0.0776,0.0844,26255.6538,12270.3418,8956.5344,6222327.3941,2907948.3032,,,1.488
600150,中国船舶,船舶,上海,19980520,600150.SH,20070905,218.03,227.5,210.0,223.67,218.03,5.64,2.59,9659.9,213584.876,0.7873,1.0785,0.72,48.2199,162.665,42.3001,5.0016,22.7813,0.0822,0.0894,26255.6538,12270.3418,8956.5344,5872602.0854,2744507.3504,,,1.488
600150,中国船舶,船舶,上海,19980520,600150.SH,20070904,207.0,222.22,198.5,218.03,205.59,12.44,6.05,21084.65,440082.231,1.7183,2.3541,1.98,47.004,158.5633,41.2335,4.8754,22.2068,0.0844,0.0917,26255.6538,12270.3418,8956.5344,5724520.198,2675302.6227,,,1.488
600150,中国船舶,船舶,上海,19980520,600150.SH,20070903,185.01,205.59,184.0,205.59,186.9,18.69,10.0,27538.46,550723.704,2.2443,3.0747,4.37,44.3221,149.5162,38.8808,4.5973,20.9398,0.0895,0.0973,26255.6538,12270.3418,8956.5344,5397899.8647,2522659.5707,,,1.488
600150,中国船舶,船舶,上海,19980520,600150.SH,20070831,183.14,191.0,179.3,186.9,183.14,3.76,2.05,3914.57,72877.877,0.3851,0.4371,0.47,40.2928,135.9238,35.3462,4.1793,19.0362,0.0984,0.107,26255.6538,10164.0,8956.5344,4907181.6952,1899651.6,,,1.488
600150,中国船舶,船舶,上海,19980520,600150.SH,20070830,177.86,184.5,177.86,183.14,178.88,4.26,2.38,4848.61,88765.973,0.477,0.5413,0.55,39.4822,133.1894,34.6351,4.0953,18.6532,0.1004,0.1092,26255.6538,10164.0,8956.5344,4808460.4369,1861434.96,,,1.488
600150,中国船舶,船舶,上海,19980520,600150.SH,20070829,180.33,183.57,178.5,178.88,183.91,-5.03,-2.74,9968.96,179251.328,0.9808,1.113,1.25,38.5638,130.0913,33.8295,4.0,18.2193,0.1028,0.1118,26255.6538,10164.0,8956.5344,4696611.3517,1818136.32,,,1.488
600150,中国船舶,船舶,上海,19980520,600150.SH,20070828,186.0,187.6,183.0,183.91,187.01,-3.1,-1.66,7048.73,129606.309,0.6935,0.787,0.93,39.6482,133.7494,34.7807,4.1125,18.7316,0.1,0.1087,26255.6538,10164.0,8956.5344,4828677.2904,1869261.24,,,1.488
600150,中国船舶,船舶,上海,19980520,600150.SH,20070827,191.5,191.5,185.0,187.01,190.47,-3.46,-1.82,5740.05,107653.629,0.5647,0.6409,0.74,40.3165,136.0038,35.367,4.1818,19.0474,0.0984,0.1069,26255.6538,10164.0,8956.5344,4910069.8171,1900769.64,,,1.488
600150,中国船舶,船舶,上海,19980520,600150.SH,20070824,186.03,193.39,186.0,190.47,187.51,2.96,1.58,13890.92,264649.095,1.3667,1.5509,2.31,41.0625,138.5201,36.0214,4.2592,19.3998,0.0966,0.105,26255.6538,10164.0,8956.5344,5000914.3793,1935937.08,,,1.488
600150,中国船舶,船舶,上海,19980520,600150.SH,20070823,187.77,188.58,181.0,187.51,187.5,0.01,0.01,7613.78,140587.083,0.7491,0.8501,1.1,40.4243,136.3675,35.4616,4.193,19.0983,0.0981,0.1067,26255.6538,10164.0,8956.5344,4923197.644,1905851.64,,,1.488
600150,中国船舶,船舶,上海,19980520,600150.SH,20070822,188.32,190.4,180.18,187.5,188.96,-1.46,-0.77,5666.74,106825.629,0.5575,0.6327,0.76,40.4222,136.3602,35.4597,4.1927,19.0973,0.0981,0.1067,26255.6538,10164.0,8956.5344,4922935.0875,1905750.0,,,1.488
600150,中国船舶,船舶,上海,19980520,600150.SH,20070821,184.5,190.63,182.51,188.96,182.5,6.46,3.54,4962.74,93579.131,0.4883,0.5541,0.7,40.7369,137.422,35.7358,4.2254,19.246,0.0974,0.1058,26255.6538,10164.0,8956.5344,4961268.342,1920589.44,,,1.488
600150,中国船舶,船舶,上海,19980520,600150.SH,20070820,177.88,184.13,177.88,182.5,178.3,4.2,2.36,6492.96,118082.133,0.6388,0.7249,0.91,39.3443,132.7239,34.5141,4.0809,18.588,0.1008,0.1096,26255.6538,10164.0,8956.5344,4791656.8185,1854930.0,,,1.488
600150,中国船舶,船舶,上海,19980520,600150.SH,20070817,180.0,184.0,176.5,178.3,180.81,-2.51,-1.39,5307.32,95085.62,0.5222,0.5222,0.73,38.4388,151.1184,36.2898,3.987,19.2095,0.1032,0.1122,26255.6538,10164.0,10164.0,4681383.0725,1812241.2,,,1.488
600150,中国船舶,船舶,上海,19980520,600150.SH,20070816,186.0,186.0,178.0,180.81,187.59,-6.78,-3.61,12171.4,221837.623,1.1975,1.1975,2.04,38.9799,153.2458,36.8007,4.0432,19.4799,0.1017,0.1106,26255.6538,10164.0,10164.0,4747284.7636,1837752.84,,,1.488
600150,中国船舶,船舶,上海,19980520,600150.SH,20070815,193.99,194.0,184.0,187.59,191.92,-4.33,-2.26,8295.76,155840.52,0.8162,0.8162,1.38,40.4416,158.9922,38.1806,4.1948,20.2104,0.0981,0.1066,26255.6538,10164.0,10164.0,4925298.0963,1906664.76,,,1.488
600150,中国船舶,船舶,上海,19980520,600150.SH,20070814,191.29,192.0,188.01,191.92,191.19,0.73,0.38,3079.55,58395.25,0.303,0.303,0.47,41.3751,162.6621,39.0619,4.2916,20.6769,0.0958,0.1042,26255.6538,10164.0,10164.0,5038985.0773,1950674.88,,,1.488
600150,中国船舶,船舶,上海,19980520,600150.SH,20070813,191.39,195.0,191.0,191.19,191.36,-0.17,-0.09,6884.85,132209.957,0.6774,0.6774,0.94,41.2177,162.0434,38.9133,4.2753,20.5982,0.0962,0.1046,26255.6538,10164.0,10164.0,5019818.45,1943255.16,,,1.488
600150,中国船舶,船舶,上海,19980520,600150.SH,20070810,196.0,196.0,188.1,191.36,194.41,-3.05,-1.57,6077.34,115913.47,0.5979,0.5979,0.75,41.2543,162.1875,38.9479,4.2791,20.6165,0.0961,0.1045,26255.6538,10164.0,10164.0,5024281.9112,1944983.04,,,1.488
600150,中国船舶,船舶,上海,19980520,600150.SH,20070809,187.8,199.0,186.0,194.41,187.87,6.54,3.48,5483.64,106044.305,0.5395,0.5395,0.65,41.9119,164.7725,39.5687,4.3473,20.9451,0.0946,0.1029,26255.6538,10164.0,10164.0,5104361.6553,1975983.24,,,1.488
600150,中国船舶,船舶,上海,19980520,600150.SH,20070808,187.11,191.98,184.01,187.87,190.93,-3.06,-1.6,8500.84,158820.99,0.8364,0.8364,1.11,40.502,159.2295,38.2376,4.201,20.2405,0.0979,0.1065,26255.6538,10164.0,10164.0,4932649.6794,1909510.68,,,1.488
600150,中国船舶,船舶,上海,19980520,600150.SH,20070807,194.0,198.0,185.0,190.93,191.9,-0.97,-0.51,6137.67,118061.45,0.6039,0.6039,0.82,41.1616,161.823,38.8604,4.2694,20.5702,0.0963,0.1048,26255.6538,10164.0,10164.0,5012991.98,1940612.52,,,1.488
600150,中国船舶,船舶,上海,19980520,600150.SH,20070806,190.0,200.5,187.5,191.9,186.07,5.83,3.13,10314.94,198839.448,1.0149,1.0149,1.34,41.3708,162.6451,39.0579,4.2911,20.6747,0.0959,0.1042,26255.6538,10164.0,10164.0,5038459.9642,1950471.6,,,1.488
600150,中国船舶,船舶,上海,19980520,600150.SH,20070803,173.5,187.42,173.0,186.07,170.38,15.69,9.21,9872.76,181586.512,0.9713,0.9713,1.32,40.1139,157.7039,37.8713,4.1608,20.0466,0.0989,0.1075,26255.6538,10164.0,10164.0,4885389.5026,1891215.48,,,1.488
600150,中国船舶,船舶,上海,19980520,600150.SH,20070802,154.0,170.38,154.0,170.38,154.89,15.49,10.0,7297.64,119623.092,0.718,0.718,1.01,36.7314,144.4058,34.6778,3.8099,18.3562,0.108,0.1174,26255.6538,10164.0,10164.0,4473438.2944,1731742.32,,,1.488
600150,中国船舶,船舶,上海,19980520,600150.SH,20070801,156.28,158.99,151.02,154.89,156.23,-1.34,-0.86,4745.92,73093.013,0.4669,0.4669,0.6,33.392,131.2773,31.5251,3.4635,16.6874,0.1188,0.1291,26255.6538,10164.0,10164.0,4066738.2171,1574301.96,,,1.488
600150,中国船舶,船舶,上海,19980520,600150.SH,20070731,151.21,158.5,151.0,156.23,151.35,4.88,3.22,5201.51,80776.22,0.5118,0.5118,0.55,33.6808,132.413,31.7979,3.4935,16.8317,0.1177,0.128,26255.6538,10164.0,10164.0,4101920.7932,1587921.72,,,1.488
600150,中国船舶,船舶,上海,19980520,600150.SH,20070730,145.0,155.0,144.5,151.35,143.61,7.74,5.39,11308.4,169923.175,1.1126,1.1126,1.25,32.6288,128.2769,30.8046,3.3844,16.306,0.1215,0.1321,26255.6538,10164.0,10164.0,3973793.2026,1538321.4,,,1.488
600150,中国船舶,船舶,上海,19980520,600150.SH,20070726,144.0,145.5,142.3,143.61,144.27,-0.66,-0.46,8924.14,128383.119,0.878,0.878,1.15,30.9602,121.7169,29.2293,3.2113,15.4721,0.1281,0.1393,26255.6538,10164.0,10164.0,3770574.4422,1459652.04,,,1.488
600150,中国船舶,船舶,上海,19980520,600150.SH,20070725,144.01,144.99,141.05,144.27,144.01,0.26,0.18,6037.25,86227.563,0.594,0.594,0.69,31.1024,122.2763,29.3636,3.2261,15.5432,0.1275,0.1386,26255.6538,10164.0,10164.0,3787903.1737,1466360.28,,,1.488
600150,中国船舶,船舶,上海,19980520,600150.SH,20070724,142.1,146.0,142.1,144.01,141.99,2.02,1.42,7767.38,111808.576,0.7642,0.7642,0.92,31.0464,122.0559,29.3107,3.2203,15.5152,0.1277,0.1389,26255.6538,10164.0,10164.0,3781076.7037,1463717.64,,,1.488
600150,中国船舶,船舶,上海,19980520,600150.SH,20070723,137.1,145.0,137.1,141.99,138.57,3.42,2.47,13221.69,185700.246,1.3008,1.3008,1.89,30.6109,120.3438,28.8996,3.1751,15.2976,0.1296,0.1409,26255.6538,10164.0,10164.0,3728040.2831,1443186.36,,,1.488
600150,中国船舶,船舶,上海,19980520,600150.SH,20070720,137.8,138.97,135.0,138.57,138.04,0.53,0.38,9343.19,128266.095,0.9192,0.9192,1.69,29.8736,117.4452,28.2035,3.0986,14.9291,0.1328,0.1443,26255.6538,10164.0,10164.0,3638245.9471,1408425.48,,,1.488
600150,中国船舶,船舶,上海,19980520,600150.SH,20070719,141.0,141.3,136.0,138.04,142.96,-4.92,-3.44,2543.06,35145.313,0.2502,0.2502,0.43,29.7594,116.996,28.0956,3.0868,14.872,0.1333,0.1449,26255.6538,10164.0,10164.0,3624330.4506,1403038.56,,,1.488
600150,中国船舶,船舶,上海,19980520,600150.SH,20070718,146.0,146.0,134.6,142.96,143.72,-0.76,-0.53,10618.61,146845.867,1.0447,1.0447,2.27,30.82,121.166,29.097,3.1968,15.4021,0.1287,0.1399,26255.6538,10164.0,10164.0,3753508.2672,1453045.44,,,1.488
600150,中国船舶,船舶,上海,19980520,600150.SH,20070717,142.16,150.0,139.0,143.72,142.0,1.72,1.21,6353.93,92016.423,0.6251,0.6251,1.32,30.9839,121.8101,29.2517,3.2138,15.484,0.128,0.1392,26255.6538,10164.0,10164.0,3773462.5641,1460770.08,,,1.488
600150,中国船舶,船舶,上海,19980520,600150.SH,20070716,133.51,145.1,133.0,142.0,133.51,8.49,6.36,6150.35,86054.199,0.6051,0.6051,1.47,30.6131,120.3523,28.9016,3.1753,15.2986,0.1295,0.1408,26255.6538,10164.0,10164.0,3728302.8396,1443288.0,,,1.488
600150,中国船舶,船舶,上海,19980520,600150.SH,20070713,132.98,135.0,129.1,133.51,132.97,0.54,0.41,1908.32,25118.125,0.1878,0.1878,0.36,28.7828,113.1566,27.1736,2.9855,14.384,0.1378,0.1498,26255.6538,10164.0,10164.0,3505392.3388,1356995.64,,,1.488
600150,中国船舶,船舶,上海,19980520,600150.SH,20070712,130.98,133.88,130.5,132.97,130.99,1.98,1.51,4341.1,57715.941,0.4271,0.4271,0.81,28.6663,112.6989,27.0637,2.9734,14.3258,0.1383,0.1504,26255.6538,10164.0,10164.0,3491214.2858,1351507.08,,,1.488
600150,中国船舶,船舶,上海,19980520,600150.SH,20070711,133.11,133.11,128.2,130.99,133.11,-2.12,-1.59,4641.04,60281.689,0.4566,0.4566,0.81,28.2395,111.0208,26.6607,2.9291,14.1125,0.1404,0.1527,26255.6538,10164.0,10164.0,3439228.0913,1331382.36,,,1.488
600150,中国船舶,船舶,上海,19980520,600150.SH,20070710,137.07,138.0,133.0,133.11,137.07,-3.96,-2.89,7050.13,95360.259,0.6936,0.6936,1.21,28.6965,112.8176,27.0922,2.9765,14.3409,0.1382,0.1503,26255.6538,10164.0,10164.0,3494890.0773,1352930.04,,,1.488
600150,中国船舶,船舶,上海,19980520,600150.SH,20070709,135.99,139.94,134.6,137.07,134.79,2.28,1.69,3010.57,41335.599,0.2962,0.2962,0.44,29.5502,116.1739,27.8982,3.0651,14.7675,0.1342,0.1459,26255.6538,10164.0,10164.0,3598862.4664,1393179.48,,,1.488
600150,中国船舶,船舶,上海,19980520,600150.SH,20070706,127.99,137.0,127.0,134.79,128.18,6.61,5.16,7248.89,96585.347,0.7132,0.7132,1.11,29.0587,114.2415,27.4341,3.0141,14.5219,0.1365,0.1484,26255.6538,10164.0,10164.0,3538999.5757,1370005.56,,,1.488
600150,中国船舶,船舶,上海,19980520,600150.SH,20070705,133.01,133.7,127.5,128.18,135.0,-6.82,-5.05,4924.4,64704.221,0.4845,0.4845,0.75,27.6337,108.6392,26.0888,2.8663,13.8097,0.1435,0.156,26255.6538,10164.0,10164.0,3365449.7041,1302821.52,,,1.488
600150,中国船舶,船舶,上海,19980520,600150.SH,20070704,135.0,137.6,132.16,135.0,135.0,0.0,0.0,6454.82,87114.488,0.6351,0.6351,0.93,29.104,114.4195,27.4769,3.0188,14.5445,0.1363,0.1481,26255.6538,10164.0,10164.0,3544513.263,1372140.0,,,1.488
600150,中国船舶,船舶,上海,19980520,600150.SH,20070703,135.34,136.0,131.15,135.0,135.6,-0.6,-0.44,7447.2,99318.213,0.7327,0.7327,1.03,29.104,114.4195,27.4769,3.0188,14.5445,0.1363,0.1481,26255.6538,10164.0,10164.0,3544513.263,1372140.0,,,1.488
600150,中国船舶,船舶,上海,19980520,600150.SH,20070702,138.5,139.99,134.51,135.6,138.24,-2.64,-1.91,7971.27,108963.612,0.7843,0.7843,1.01,29.2333,114.928,27.599,3.0322,14.6091,0.1357,0.2832,26255.6538,10164.0,10164.0,3560266.6553,1378238.4,,,1.488
600150,中国船舶,船舶,上海,19980520,600150.SH,20070629,133.5,140.0,133.5,138.24,135.59,2.65,1.95,5797.82,79007.133,0.5704,0.5704,0.71,29.8025,117.1655,28.1363,3.0912,14.8936,0.1331,0.2777,26255.6538,10164.0,10164.0,3629581.5813,1405071.36,,,1.488
600150,中国船舶,船舶,上海,19980520,600150.SH,20070628,134.0,136.5,132.04,135.59,134.27,1.32,0.98,5377.26,72735.593,0.529,0.529,0.6,29.2312,114.9195,27.597,3.032,14.6081,0.1357,0.2832,26255.6538,10164.0,10164.0,3560004.0987,1378136.76,,,1.488
600150,中国船舶,船舶,上海,19980520,600150.SH,20070627,131.0,136.0,129.05,134.27,130.93,3.34,2.55,7952.28,105044.939,0.7824,0.7824,0.74,28.9466,113.8007,27.3283,3.0025,14.4658,0.137,0.286,26255.6538,10164.0,10164.0,3525346.6357,1364720.28,,,1.488
600150,中国船舶,船舶,上海,19980520,600150.SH,20070626,129.13,131.2,125.78,130.93,131.69,-0.76,-0.58,8978.89,115053.577,0.8834,0.8834,0.81,28.2265,110.9699,26.6485,2.9278,14.106,0.1405,0.2933,26255.6538,10164.0,10164.0,3437652.752,1330772.52,,,1.488
600150,中国船舶,船舶,上海,19980520,600150.SH,20070625,137.98,143.0,130.0,131.69,137.97,-6.28,-4.55,11246.28,154285.327,1.1065,1.1065,1.04,28.3904,111.6141,26.8032,2.9448,14.1879,0.1397,0.2916,26255.6538,10164.0,10164.0,3457607.0489,1338497.16,,,1.488
600150,中国船舶,船舶,上海,19980520,600150.SH,20070622,148.0,148.5,131.0,137.97,137.15,0.82,0.6,7487.5,103497.673,0.7367,0.7367,0.73,29.7443,116.9367,28.0814,3.0852,14.8645,0.1333,0.2783,26255.6538,10164.0,10164.0,3622492.5548,1402327.08,,,1.488
600150,中国船舶,船舶,上海,19980520,600150.SH,20070620,130.0,137.52,130.0,137.15,131.97,5.18,3.93,9072.65,121329.551,0.8926,0.8926,0.94,29.5675,116.2417,27.9145,3.0669,14.7761,0.1341,0.28,26255.6538,10164.0,10164.0,3600962.9187,1393992.6,,,1.488
600150,中国船舶,船舶,上海,19980520,600150.SH,20070619,136.01,140.2,130.95,131.97,137.0,-5.03,-3.67,17168.94,226599.263,1.6892,1.6892,2.07,28.4508,111.8514,26.8602,2.951,14.218,0.1394,0.2909,26255.6538,10164.0,10164.0,3464958.632,1341343.08,,,1.488
600150,中国船舶,船舶,上海,19980520,600150.SH,20070618,138.0,139.9,135.0,137.0,137.52,-0.52,-0.38,10509.82,144427.204,1.034,1.034,0.98,29.5351,116.1146,27.8839,3.0635,14.76,0.1343,0.2803,26255.6538,10164.0,10164.0,3597024.5706,1392468.0,,,1.488
600150,中国船舶,船舶,上海,19980520,600150.SH,20070615,124.0,137.52,120.0,137.52,125.02,12.5,10.0,9691.7,127747.127,0.9535,0.9535,0.84,29.6472,116.5553,27.9898,3.0751,14.816,0.1338,0.2792,26255.6538,10164.0,10164.0,3610677.5106,1397753.28,,,1.488
600150,中国船舶,船舶,上海,19980520,600150.SH,20070614,122.15,127.38,120.0,125.02,123.13,1.89,1.54,5077.01,62725.816,0.4995,0.4995,0.38,26.9524,105.9609,25.4456,2.7956,13.4693,0.1471,0.3071,26255.6538,10164.0,10164.0,3282481.8381,1270703.28,,,1.488
600150,中国船舶,船舶,上海,19980520,600150.SH,20070613,122.01,124.99,121.0,123.13,123.56,-0.43,-0.35,5806.43,71143.58,0.5713,0.5713,0.37,26.545,104.359,25.0609,2.7533,13.2656,0.1494,0.3118,26255.6538,10164.0,10164.0,3232858.6524,1251493.32,,,1.488
600150,中国船舶,船舶,上海,19980520,600150.SH,20070612,122.0,126.0,115.0,123.56,120.96,2.6,2.15,10478.41,125544.18,1.0309,1.0309,0.64,26.6377,104.7235,25.1485,2.763,13.312,0.1489,0.3107,26255.6538,10164.0,10164.0,3244148.5835,1255863.84,,,1.488
600150,中国船舶,船舶,上海,19980520,600150.SH,20070611,125.04,127.99,118.0,120.96,122.1,-1.14,-0.93,22750.27,277161.575,2.2383,2.2383,1.6,26.0772,102.5198,24.6193,2.7048,13.0319,0.1521,0.3174,26255.6538,10164.0,10164.0,3175883.8836,1229437.44,,,1.488
600150,中国船舶,船舶,上海,19980520,600150.SH,20070608,111.99,122.1,111.0,122.1,111.0,11.1,10.0,13837.75,162563.72,1.3614,1.3614,1.07,26.3229,103.486,24.8513,2.7303,13.1547,0.1507,0.3145,26255.6538,10164.0,10164.0,3205815.329,1241024.4,,,1.488
600150,中国船舶,船舶,上海,19980520,600150.SH,20070607,110.8,113.5,108.0,111.0,110.6,0.4,0.36,14658.36,162301.706,1.4422,1.4422,1.18,23.9299,94.0782,22.5921,2.4821,11.9588,0.1657,0.3459,26255.6538,10164.0,10164.0,2914377.5718,1128204.0,,,1.488
600150,中国船舶,船舶,上海,19980520,600150.SH,20070606,109.0,113.0,105.1,110.6,110.0,0.6,0.55,17396.83,191734.138,1.7116,1.7116,1.27,23.8437,93.7392,22.5107,2.4732,11.9157,0.1663,0.3472,26255.6538,10164.0,10164.0,2903875.3103,1124138.4,,,1.488
600150,中国船舶,船舶,上海,19980520,600150.SH,20070605,97.01,110.0,96.0,110.0,100.86,9.14,9.06,13140.55,132373.426,1.2929,1.2929,0.88,23.7143,93.2307,22.3886,2.4597,11.8511,0.1672,0.3491,26255.6538,10164.0,10164.0,2888121.918,1118040.0,,,1.488
600150,中国船舶,船舶,上海,19980520,600150.SH,20070604,112.05,112.05,100.85,100.86,112.05,-11.19,-9.99,12236.21,129692.808,1.2039,1.2039,0.78,21.7439,85.484,20.5283,2.2554,10.8663,0.1824,0.3807,26255.6538,10164.0,10164.0,2648145.2423,1025141.04,,,1.488
600150,中国船舶,船舶,上海,19980520,600150.SH,20070601,116.08,116.5,110.0,112.05,116.03,-3.98,-3.43,7274.78,82488.988,0.7157,0.7157,0.46,24.1563,94.9681,22.8058,2.5056,12.0719,0.1642,0.3427,26255.6538,10164.0,10164.0,2941946.0083,1138876.2,,,1.488
600150,中国船舶,船舶,上海,19980520,600150.SH,20070531,112.99,120.0,106.0,116.03,112.27,3.76,3.35,12149.74,138070.279,1.1954,1.1954,0.79,25.0143,98.3414,23.6159,2.5946,12.5007,0.1585,0.3309,26255.6538,10164.0,10164.0,3046443.5104,1179328.92,,,1.488
600150,中国船舶,船舶,上海,19980520,600150.SH,20070530,102.5,120.3,101.0,112.27,111.62,0.65,0.58,23662.01,262134.897,2.328,2.328,1.99,24.2037,95.1546,22.8506,2.5105,12.0956,0.1639,0.342,26255.6538,10164.0,10164.0,2947722.2521,1141112.28,,,1.488
600150,中国船舶,船舶,上海,19980520,600150.SH,20070529,104.06,114.47,104.06,111.62,104.06,7.56,7.27,19453.1,215616.11,1.9139,1.9139,2.01,24.0636,94.6037,22.7183,2.496,12.0256,0.1648,0.344,26255.6538,10164.0,10164.0,2930656.0772,1134505.68,,,1.488
600150,中国船舶,船舶,上海,19980520,600150.SH,20070528,95.0,104.06,95.0,104.06,94.6,9.46,10.0,15543.97,158320.615,1.5293,1.5293,1.95,22.4338,88.1962,21.1796,2.3269,11.2111,0.1768,0.369,26255.6538,10164.0,10164.0,2732163.3344,1057665.84,,,1.488
600150,中国船舶,船舶,上海,19980520,600150.SH,20070525,89.62,94.8,89.62,94.6,89.0,5.6,6.29,7620.65,70250.866,0.7498,0.7498,0.98,20.3943,80.1784,19.2542,2.1154,10.1919,0.1945,0.4059,26255.6538,10164.0,10164.0,2483784.8495,961514.4,,,1.488
600150,中国船舶,船舶,上海,19980520,600150.SH,20070524,92.2,92.2,88.9,89.0,92.19,-3.19,-3.46,10940.05,98453.319,1.0764,1.0764,1.54,19.1871,75.4321,18.1144,1.9902,9.5886,0.2067,0.4314,26255.6538,10164.0,10164.0,2336753.1882,904596.0,,,1.488
600150,中国船舶,船舶,上海,19980520,600150.SH,20070523,90.0,92.3,90.0,92.19,90.05,2.14,2.38,5799.15,52983.696,0.5706,0.5706,0.75,19.8748,78.1358,18.7636,2.0615,9.9323,0.1995,0.4165,26255.6538,10164.0,10164.0,2420508.7238,937019.16,,,1.488
600150,中国船舶,船舶,上海,19980520,600150.SH,20070522,92.03,92.38,90.0,90.05,91.92,-1.87,-2.03,8470.51,77049.453,0.8334,0.8334,1.16,19.4134,76.322,18.3281,2.0136,9.7017,0.2043,0.4264,26255.6538,10164.0,10164.0,2364321.6247,915268.2,,,1.488
600150,中国船舶,船舶,上海,19980520,600150.SH,20070521,89.01,92.0,88.88,91.92,92.48,-0.56,-0.61,7064.56,63856.393,0.6951,0.6951,0.8,19.8166,77.9069,18.7087,2.0555,9.9032,0.2001,0.4177,26255.6538,10164.0,10164.0,2413419.6973,934274.88,,,1.488
600150,中国船舶,船舶,上海,19980520,600150.SH,20070518,92.5,95.5,92.01,92.48,93.45,-0.97,-1.04,6782.42,63453.197,0.6673,0.6673,0.74,19.9373,78.3816,18.8227,2.068,9.9635,0.1989,0.4152,26255.6538,10164.0,10164.0,2428122.8634,939966.72,,,1.488
600150,中国船舶,船舶,上海,19980520,600150.SH,20070517,90.6,96.0,90.0,93.45,91.0,2.45,2.69,7405.89,68988.856,0.7286,0.7286,0.71,20.1464,79.2037,19.0201,2.0897,10.068,0.1968,0.4109,26255.6538,10164.0,10164.0,2453590.8476,949825.8,,,1.488
600150,中国船舶,船舶,上海,19980520,600150.SH,20070516,89.87,91.88,88.0,91.0,88.74,2.26,2.55,9153.91,82838.146,0.9006,0.9006,0.82,19.6182,77.1272,18.5214,2.0349,9.8041,0.2021,0.4219,26255.6538,10164.0,10164.0,2389264.4958,924924.0,,,1.488
600150,中国船舶,船舶,上海,19980520,600150.SH,20070515,91.92,91.99,88.0,88.74,91.66,-2.92,-3.19,6177.39,55263.276,0.6078,0.6078,0.49,19.131,75.2117,18.0615,1.9843,9.5606,0.2073,0.4327,26255.6538,10164.0,10164.0,2329926.7182,901953.36,,,1.488
600150,中国船舶,船舶,上海,19980520,600150.SH,20070514,88.0,94.8,86.89,91.66,88.89,2.77,3.12,14685.39,135693.915,1.4448,1.4448,1.36,19.7605,77.6866,18.6558,2.0496,9.8752,0.2007,0.4189,26255.6538,10164.0,10164.0,2406593.2273,931632.24,,,1.488
600150,中国船舶,船舶,上海,19980520,600150.SH,20070511,89.79,90.0,88.88,88.89,89.85,-0.96,-1.07,8227.31,73538.395,0.8095,0.8095,0.76,19.1633,75.3389,18.092,1.9877,9.5767,0.2069,0.4319,26255.6538,10164.0,10164.0,2333865.0663,903477.96,,,1.488
600150,中国船舶,船舶,上海,19980520,600150.SH,20070510,92.0,93.0,89.01,90.05,92.73,-2.68,-2.89,13858.8,124729.105,1.3635,1.3635,1.49,19.4134,76.322,17.6112,2.0136,9.7017,0.2043,0.2043,26255.6538,10164.0,10164.0,2364321.6247,915268.2,,,1.488
600150,中国船舶,船舶,上海,19980520,600150.SH,20070509,97.8,99.8,91.51,92.73,97.01,-4.28,-4.41,12863.36,121827.889,1.2656,1.2656,1.44,19.9912,78.5935,18.1353,2.0736,9.9904,0.1984,0.1984,26255.6538,10164.0,10164.0,2434686.7769,942507.72,,,1.488
600150,中国船舶,船舶,上海,19980520,600150.SH,20070508,92.0,98.5,91.81,97.01,92.26,4.75,5.15,13350.39,127395.779,1.3135,1.3135,1.59,20.9139,82.221,18.9724,2.1693,10.4516,0.1896,0.1896,26255.6538,10164.0,10164.0,2547060.9751,986009.64,,,1.488
600150,中国船舶,船舶,上海,19980520,600150.SH,20070430,93.07,93.99,91.2,92.26,93.07,-0.81,-0.87,5615.51,51870.838,0.5525,0.5525,0.47,19.8899,78.1951,18.0434,2.0631,9.9398,0.1994,0.1994,26255.6538,10164.0,10164.0,2422346.6196,937730.64,,,1.488
600150,中国船舶,船舶,上海,19980520,600150.SH,20070427,96.12,97.27,92.0,93.07,95.9,-2.83,-2.95,8105.16,75933.079,0.7974,0.7974,0.59,20.0645,78.8816,18.2018,2.0812,10.0271,0.1977,0.1977,26255.6538,10164.0,10164.0,2443613.6992,945963.48,,,1.488
600150,中国船舶,船舶,上海,19980520,600150.SH,20070426,91.5,98.88,91.5,95.9,91.78,4.12,4.49,6488.43,62031.6,0.6384,0.6384,0.43,20.6746,94.1221,7.156,2.1445,11.1481,0.1918,0.1918,26255.6538,10164.0,10164.0,2517917.1994,974727.6,,,1.488
600150,中国船舶,船舶,上海,19980520,600150.SH,20070425,91.0,93.2,90.82,91.78,92.5,-0.72,-0.78,11152.4,102958.026,1.0972,1.0972,0.79,19.7864,90.0785,6.8486,2.0523,10.6692,0.2004,0.2004,26255.6538,10164.0,10164.0,2409743.9058,932851.92,,,1.488
600150,中国船舶,船舶,上海,19980520,600150.SH,20070424,94.9,94.9,92.0,92.5,94.42,-1.92,-2.03,10514.99,97859.297,1.0345,1.0345,0.77,19.9416,90.7852,6.9023,2.0684,10.7529,0.1989,0.1989,26255.6538,10164.0,10164.0,2428647.9765,940170.0,,,1.488
600150,中国船舶,船舶,上海,19980520,600150.SH,20070423,96.3,96.3,91.51,94.42,96.35,-1.93,-2.0,23046.26,215221.641,2.2674,2.2674,2.06,20.3555,92.6696,7.0456,2.1114,10.9761,0.1948,0.1948,26255.6538,10164.0,10164.0,2479058.8318,959684.88,,,1.488
600150,中国船舶,船舶,上海,19980520,600150.SH,20070420,97.1,99.99,94.88,96.35,96.13,0.22,0.23,17383.99,168857.799,1.7103,1.7103,1.49,20.7716,94.5638,7.1896,2.1545,11.2004,0.1909,0.1909,26255.6538,10164.0,10164.0,2529732.2436,979301.4,,,1.488
600150,中国船舶,船舶,上海,19980520,600150.SH,20070417,97.5,98.0,95.8,96.13,97.9,-1.77,-1.81,12666.04,122332.905,1.2462,1.2462,0.88,20.7242,94.3479,7.1732,2.1496,11.1749,0.1914,0.1914,26255.6538,10164.0,10164.0,2523955.9998,977065.32,,,1.488
600150,中国船舶,船舶,上海,19980520,600150.SH,20070416,99.5,99.8,97.01,97.9,99.36,-1.46,-1.47,7243.12,70974.923,0.7126,0.7126,0.47,21.1058,96.0851,7.3053,2.1892,11.3806,0.1879,0.1879,26255.6538,10164.0,10164.0,2570428.507,995055.6,,,1.488
600150,中国船舶,船舶,上海,19980520,600150.SH,20070413,97.0,100.98,94.0,99.36,98.92,0.44,0.44,7911.46,77356.143,0.7784,0.7784,0.53,21.4205,97.518,7.4142,2.2218,11.5503,0.1851,0.1851,26255.6538,10164.0,10164.0,2608761.7616,1009895.04,,,1.488
600150,中国船舶,船舶,上海,19980520,600150.SH,20070412,97.51,102.51,97.5,98.92,97.51,1.41,1.45,10738.17,106703.547,1.0565,1.0565,0.74,21.3257,97.0862,7.3814,2.212,11.4992,0.186,0.186,26255.6538,10164.0,10164.0,2597209.2739,1005422.88,,,1.488
600150,中国船舶,船舶,上海,19980520,600150.SH,20070411,97.18,98.99,94.92,97.51,98.98,-1.47,-1.49,19591.29,188015.887,1.9275,1.9275,1.68,21.0217,95.7023,7.2762,2.1805,11.3353,0.1887,0.1887,26255.6538,10164.0,10164.0,2560188.802,991091.64,,,1.488
600150,中国船舶,船舶,上海,19980520,600150.SH,20070410,101.9,101.9,93.8,98.98,99.67,-0.69,-0.69,26635.54,255683.537,2.6206,2.6206,3.05,21.3386,97.145,7.3859,2.2133,11.5062,0.1859,0.1859,26255.6538,10164.0,10164.0,2598784.6131,1006032.72,,,1.488
600150,中国船舶,船舶,上海,19980520,600150.SH,20070409,90.0,99.67,89.01,99.67,90.61,9.06,10.0,11725.96,114147.617,1.1537,1.1537,1.63,21.4874,97.8223,7.4374,2.2288,11.5864,0.1846,0.1846,26255.6538,10164.0,10164.0,2616901.0142,1013045.88,,,1.488
600150,中国船舶,船舶,上海,19980520,600150.SH,20070406,87.52,92.0,87.52,90.61,88.99,1.62,1.82,6295.09,56339.221,0.6194,0.6194,0.73,19.5342,88.9302,6.7613,2.0262,10.5332,0.203,0.203,26255.6538,10164.0,10164.0,2379024.7908,920960.04,,,1.488
600150,中国船舶,船舶,上海,19980520,600150.SH,20070405,89.83,95.0,88.0,88.99,89.83,-0.84,-0.94,8039.68,72732.539,0.791,0.791,0.91,19.1849,87.3402,6.6404,1.9899,10.3449,0.2067,0.2067,26255.6538,10164.0,10164.0,2336490.6317,904494.36,,,1.488
600150,中国船舶,船舶,上海,19980520,600150.SH,20070404,92.0,92.0,88.5,89.83,89.1,0.73,0.82,5484.43,49790.432,0.5396,0.5396,0.51,19.366,88.1647,6.7031,2.0087,10.4425,0.2048,0.2048,26255.6538,10164.0,10164.0,2358545.3809,913032.12,,,1.488
600150,中国船舶,船舶,上海,19980520,600150.SH,20070403,81.0,89.1,80.99,89.1,81.0,8.1,10.0,12141.31,107691.88,1.1945,1.1945,0.97,19.2086,87.4482,6.6486,1.9924,10.3576,0.2065,0.2065,26255.6538,10164.0,10164.0,2339378.7536,905612.4,,,1.488
600150,中国船舶,船舶,上海,19980520,600150.SH,20070402,83.92,84.7,80.5,81.0,81.95,-0.95,-1.16,4003.53,32889.589,0.3939,0.3939,0.33,17.4624,79.4984,6.0442,1.8113,9.416,0.2271,0.2271,26255.6538,10164.0,10164.0,2126707.9578,823284.0,,,1.488
600150,中国船舶,船舶,上海,19980520,600150.SH,20070330,74.5,81.95,74.4,81.95,74.5,7.45,10.0,13165.62,104565.368,1.2953,1.2953,1.1,17.6672,80.4308,6.1151,1.8325,9.5265,0.2245,0.2245,26255.6538,10164.0,10164.0,2151650.8289,832939.8,,,1.488
600150,中国船舶,船舶,上海,19980520,600150.SH,20070329,76.0,76.5,73.1,74.5,77.16,-2.66,-3.45,9486.85,70640.724,0.9334,0.9334,0.87,16.0611,73.1189,5.5592,1.6659,8.6604,0.2469,0.2469,26255.6538,10164.0,10164.0,1956046.2081,757218.0,,,1.488
600150,中国船舶,船舶,上海,19980520,600150.SH,20070328,79.88,79.88,72.75,77.16,72.74,4.42,6.08,14963.98,114359.902,1.4723,1.4723,1.41,16.6345,75.7296,5.7577,1.7254,8.9697,0.2384,0.2384,26255.6538,10164.0,10164.0,2025886.2472,784254.24,,,1.488
600150,中国船舶,船舶,上海,19980520,600150.SH,20070327,69.0,72.85,68.9,72.74,69.33,3.41,4.92,20742.92,145466.776,2.0408,2.0408,2.7,140.8899,97.3388,17.242,13.4185,9.5331,0.2529,0.2529,26255.6538,10164.0,10164.0,1909836.2574,739329.36,,,1.488
600150,中国船舶,船舶,上海,19980520,600150.SH,20070326,68.8,69.87,67.12,69.33,67.91,1.42,2.09,3004.85,20647.647,0.2956,0.2956,0.34,134.285,92.7756,16.4337,12.7895,9.0862,0.2653,0.2653,26255.6538,10164.0,10164.0,1820304.478,704670.12,,,1.488
600150,中国船舶,船舶,上海,19980520,600150.SH,20070323,71.0,71.5,67.8,67.91,71.0,-3.09,-4.35,11450.63,80479.384,1.1266,1.1266,1.54,131.5346,90.8754,16.0971,12.5275,8.9001,0.2709,0.2709,26255.6538,10164.0,10164.0,1783021.4496,690237.24,,,1.488
600150,中国船舶,船舶,上海,19980520,600150.SH,20070322,70.99,71.28,70.0,71.0,70.97,0.03,0.04,4376.54,31001.085,0.4306,0.4306,0.59,137.5197,95.0104,16.8296,13.0975,9.3051,0.2591,0.2591,26255.6538,10164.0,10164.0,1864151.4198,721644.0,,,1.488
600150,中国船舶,船舶,上海,19980520,600150.SH,20070321,70.51,71.02,69.82,70.97,70.46,0.51,0.72,13466.32,94350.259,1.3249,1.3249,1.99,137.4615,94.9702,16.8225,13.092,9.3012,0.2592,0.2592,26255.6538,10164.0,10164.0,1863363.7502,721339.08,,,1.488
600150,中国船舶,船舶,上海,19980520,600150.SH,20070320,69.1,71.0,69.01,70.46,69.47,0.99,1.43,6060.85,42623.579,0.5963,0.5963,0.9,136.4737,94.2878,16.7016,12.9979,9.2343,0.2611,0.2611,26255.6538,10164.0,10164.0,1849973.3667,716155.44,,,1.488
600150,中国船舶,船舶,上海,19980520,600150.SH,20070319,69.2,71.87,68.6,69.47,70.81,-1.34,-1.89,8682.5,60966.216,0.8542,0.8542,1.23,134.5562,92.963,16.4669,12.8153,9.1046,0.2648,0.2648,26255.6538,10164.0,10164.0,1823980.2695,706093.08,,,1.488
600150,中国船舶,船舶,上海,19980520,600150.SH,20070316,72.0,72.08,70.65,70.81,72.0,-1.19,-1.65,4634.01,33122.42,0.4559,0.4559,0.68,137.1516,94.7561,16.7846,13.0625,9.2802,0.2598,0.2598,26255.6538,10164.0,10164.0,1859162.8456,719712.84,,,1.488
600150,中国船舶,船舶,上海,19980520,600150.SH,20070315,69.87,72.49,69.0,72.0,70.36,1.64,2.33,4366.04,31144.094,0.4296,0.4296,0.51,139.4565,96.3485,17.0666,13.282,9.4362,0.2555,0.2555,26255.6538,10164.0,10164.0,1890407.0736,731808.0,,,1.488
600150,中国船舶,船舶,上海,19980520,600150.SH,20070314,72.51,73.49,69.9,70.36,73.55,-3.19,-4.34,10010.12,71015.568,0.9849,0.9849,1.1,136.28,94.1539,16.6779,12.9795,9.2212,0.2614,0.2614,26255.6538,10164.0,10164.0,1847347.8014,715139.04,,,1.488
600150,中国船舶,船舶,上海,19980520,600150.SH,20070313,74.97,75.0,72.16,73.55,74.97,-1.42,-1.89,6158.24,45342.063,0.6059,0.6059,0.73,142.4587,98.4227,17.434,13.5679,9.6393,0.2501,0.2501,26255.6538,10164.0,10164.0,1931103.337,747562.2,,,1.488
600150,中国船舶,船舶,上海,19980520,600150.SH,20070312,72.39,75.1,71.0,74.97,72.39,2.58,3.56,10025.73,72917.263,0.9864,0.9864,1.29,145.2091,100.3229,17.7706,13.8299,9.8254,0.2454,0.2454,26255.6538,10164.0,10164.0,1968386.3654,761995.08,,,1.488
600150,中国船舶,船舶,上海,19980520,600150.SH,20070309,74.1,74.9,71.0,72.39,74.9,-2.51,-3.35,3308.17,23992.063,0.3255,0.3255,0.42,140.2119,96.8704,17.1591,13.354,9.4873,0.2541,0.2541,26255.6538,10164.0,10164.0,1900646.7786,735771.96,,,1.488
600150,中国船舶,船舶,上海,19980520,600150.SH,20070308,74.0,76.4,72.01,74.9,74.24,0.66,0.89,13520.87,101068.496,1.3303,1.3303,2.15,145.0735,100.2292,17.754,13.817,9.8162,0.2456,0.2456,26255.6538,10164.0,10164.0,1966548.4696,761283.6,,,1.488
600150,中国船舶,船舶,上海,19980520,600150.SH,20070307,70.0,74.5,70.0,74.24,70.0,4.24,6.06,12423.11,89464.336,1.2223,1.2223,2.19,143.7952,99.346,17.5976,13.6952,9.7297,0.2478,0.2478,26255.6538,10164.0,10164.0,1949219.7381,754575.36,,,1.488
600150,中国船舶,船舶,上海,19980520,600150.SH,20070306,68.2,70.0,66.01,70.0,68.2,1.8,2.64,3108.54,21495.175,0.3058,0.3058,0.35,135.5828,93.6722,16.5926,12.9131,9.174,0.2628,0.2628,26255.6538,10164.0,10164.0,1837895.766,711480.0,,,1.488
600150,中国船舶,船舶,上海,19980520,600150.SH,20070305,65.1,69.0,64.51,68.2,65.12,3.08,4.73,6516.89,44093.788,0.6412,0.6412,0.72,132.0963,91.2635,16.1659,12.581,8.9381,0.2697,0.2697,26255.6538,10164.0,10164.0,1790635.5892,693184.8,,,1.488
600150,中国船舶,船舶,上海,19980520,600150.SH,20070302,65.0,65.75,64.0,65.12,65.09,0.03,0.05,4219.88,27434.995,0.4152,0.4152,0.41,126.1307,87.1419,15.4358,12.0128,8.5345,0.2825,0.2825,26255.6538,10164.0,10164.0,1709768.1755,661879.68,,,1.488
600150,中国船舶,船舶,上海,19980520,600150.SH,20070301,67.3,67.5,62.1,65.09,67.0,-1.91,-2.85,5220.0,34038.742,0.5136,0.5136,0.51,126.0726,87.1018,15.4287,12.0073,8.5305,0.2826,0.2826,26255.6538,10164.0,10164.0,1708980.5058,661574.76,,,1.488
600150,中国船舶,船舶,上海,19980520,600150.SH,20070228,65.2,69.47,64.5,67.0,65.26,1.74,2.67,9298.22,62640.486,0.9148,0.9148,0.8,129.7721,89.6577,15.8814,12.3596,8.7809,0.2746,0.2746,26255.6538,10164.0,10164.0,1759128.8046,680988.0,,,1.488
600150,中国船舶,船舶,上海,19980520,600150.SH,20070227,72.2,72.55,65.26,65.26,72.51,-7.25,-10.0,19358.49,133170.324,1.9046,1.9046,1.76,126.4019,87.3292,15.469,12.0387,8.5528,0.2819,0.2819,26255.6538,10164.0,10164.0,1713443.967,663302.64,,,1.488
600150,中国船舶,船舶,上海,19980520,600150.SH,20070226,77.0,77.0,72.02,72.51,77.32,-4.81,-6.22,6995.44,51207.72,0.6883,0.6883,0.59,140.4444,97.031,17.1875,13.3761,9.503,0.2537,0.2537,26255.6538,10164.0,10164.0,1903797.457,736991.64,,,1.488
600150,中国船舶,船舶,上海,19980520,600150.SH,20070216,74.95,80.0,74.01,77.32,75.81,1.51,1.99,10037.93,77510.317,0.9876,0.9876,0.62,149.7608,103.4676,18.3277,14.2634,10.1334,0.2379,0.2379,26255.6538,10164.0,10164.0,2030087.1518,785880.48,,,1.488
600150,中国船舶,船舶,上海,19980520,600150.SH,20070215,74.94,76.1,72.6,75.81,74.92,0.89,1.19,5411.25,40363.838,0.5324,0.5324,0.28,146.8361,101.447,17.9697,13.9848,9.9355,0.2427,0.2427,26255.6538,10164.0,10164.0,1990441.1146,770532.84,,,1.488
600150,中国船舶,船舶,上海,19980520,600150.SH,20070214,71.0,74.95,69.5,74.92,71.4,3.52,4.93,16233.27,117167.058,1.5971,1.5971,0.73,145.1123,100.256,17.7588,13.8207,9.8188,0.2455,0.2455,26255.6538,10164.0,10164.0,1967073.5827,761486.88,,,1.488
600150,中国船舶,船舶,上海,19980520,600150.SH,20070213,74.0,74.96,69.0,71.4,74.33,-2.93,-3.94,16368.67,116810.193,1.6105,1.6105,0.44,138.2944,95.5456,16.9244,13.1713,9.3575,0.2576,0.2576,26255.6538,10164.0,10164.0,1874653.6813,725709.6,,,1.488
600150,中国船舶,船舶,上海,19980520,600150.SH,20070212,69.11,74.98,69.0,74.33,70.97,3.36,4.73,11261.77,80431.945,1.108,1.108,0.29,143.9695,99.4665,17.6189,13.7118,9.7415,0.2475,0.2475,26255.6538,10164.0,10164.0,1951582.747,755490.12,,,1.488
600150,中国船舶,船舶,上海,19980520,600150.SH,20070209,75.43,76.0,69.0,70.97,75.8,-4.83,-6.37,31215.25,225026.223,3.0712,3.0712,0.96,137.4615,94.9702,16.8225,13.092,9.3012,0.2592,0.2592,26255.6538,10164.0,10164.0,1863363.7502,721339.08,,,1.488
600150,中国船舶,船舶,上海,19980520,600150.SH,20070208,70.59,77.56,70.58,75.8,70.51,5.29,7.5,21514.59,163528.144,2.1167,2.1167,0.72,146.8168,101.4336,17.9674,13.983,9.9342,0.2427,0.2427,26255.6538,10164.0,10164.0,1990178.558,770431.2,,,1.488
600150,中国船舶,船舶,上海,19980520,600150.SH,20070207,67.18,71.0,67.18,70.51,69.91,0.6,0.86,30617.77,211705.689,3.0124,3.0124,1.29,136.5706,94.3547,16.7134,13.0071,9.2409,0.2609,0.2609,26255.6538,10164.0,10164.0,1851286.1494,716663.64,,,1.488
600150,中国船舶,船舶,上海,19980520,600150.SH,20070206,68.0,73.38,60.13,69.91,66.81,3.1,4.64,92514.94,614914.538,9.1022,9.1022,17.78,135.4084,93.5518,16.5712,12.8965,9.1622,0.2631,0.2631,26255.6538,10164.0,10164.0,1835532.7572,710565.24,,,1.488
600150,中国船舶,船舶,上海,19980520,600150.SH,20070205,66.81,66.81,66.81,66.81,60.74,6.07,9.99,16766.98,112020.193,1.6496,1.6496,8.47,129.4041,89.4034,15.8364,12.3246,8.756,0.2753,0.2753,26255.6538,10164.0,10164.0,1754140.2304,679056.84,,,1.488
600150,中国船舶,船舶,上海,19980520,600150.SH,20070202,60.74,60.74,60.74,60.74,55.22,5.52,10.0,1971.58,11975.377,0.194,0.194,0.23,117.6471,81.2807,14.3976,11.2048,7.9604,0.3029,0.3029,26255.6538,10164.0,10164.0,1594768.4118,617361.36,,,1.488
600150,中国船舶,船舶,上海,19980520,600150.SH,20070201,55.22,55.22,55.22,55.22,50.2,5.02,10.0,6613.03,36517.152,0.6506,0.6506,0.64,106.9554,73.894,13.0892,10.1866,7.237,0.3331,0.3331,26255.6538,10164.0,10164.0,1449837.2028,561256.08,,,1.488
600150,中国船舶,船舶,上海,19980520,600150.SH,20070131,50.2,50.2,50.2,50.2,45.64,4.56,9.99,443.34,2225.567,0.0436,0.0436,0.03,97.2322,67.1763,11.8992,9.2605,6.5791,0.3664,0.3664,26255.6538,10164.0,10164.0,1318033.8208,510232.8,,,1.488
600150,中国船舶,船舶,上海,19980520,600150.SH,20070130,45.64,45.64,45.64,45.64,41.49,4.15,10.0,219.86,1003.441,0.0216,0.0216,0.01,88.4,61.0743,10.8183,8.4193,5.9815,0.4031,0.4031,26255.6538,10164.0,10164.0,1198308.0394,463884.96,,,1.488
600150,中国船舶,船舶,上海,19980520,600150.SH,20070129,41.49,41.49,41.49,41.49,37.72,3.77,9.99,647.98,2688.469,0.0638,0.0638,0.03,80.3618,55.5208,9.8346,7.6538,5.4376,0.4434,0.4434,26255.6538,10164.0,10164.0,1089347.0762,421704.36,,,1.488
600150,中国船舶,船舶,上海,19980520,600150.SH,20070123,36.5,37.72,36.5,37.72,34.29,3.43,10.0,35445.47,133222.392,3.4874,3.4874,1.84,73.0597,50.4759,8.941,6.9583,4.9435,0.4877,0.4877,26255.6538,10164.0,10164.0,990363.2613,383386.08,,,1.488
600150,中国船舶,船舶,上海,19980520,600150.SH,20070119,33.29,34.5,33.02,34.29,32.78,1.51,4.61,14746.17,50051.497,1.4508,1.4508,0.62,66.4162,45.886,8.128,6.3256,4.494,0.5365,0.5365,26255.6538,10164.0,10164.0,900306.3688,348523.56,,,1.488
600150,中国船舶,船舶,上海,19980520,600150.SH,20070118,32.44,33.2,30.0,32.78,32.3,0.48,1.49,12570.07,39814.285,1.2367,1.2367,0.44,63.4915,43.8653,7.7701,6.047,4.2961,0.5612,0.5612,26255.6538,10164.0,10164.0,860660.3316,333175.92,,,1.488
600150,中国船舶,船舶,上海,19980520,600150.SH,20070117,31.96,33.66,31.52,32.3,31.99,0.31,0.97,23269.98,76172.552,2.2895,2.2895,0.82,62.5618,43.223,7.6563,5.9585,4.2332,0.5695,0.5695,26255.6538,10164.0,10164.0,848057.6177,328297.2,,,1.488
600150,中国船舶,船舶,上海,19980520,600150.SH,20070116,31.92,32.2,30.81,31.99,31.72,0.27,0.85,20893.35,65485.942,2.0556,2.0556,0.79,61.9613,42.8082,7.5828,5.9013,4.1925,0.575,0.575,26255.6538,10164.0,10164.0,839918.3651,325146.36,,,1.488
600150,中国船舶,船舶,上海,19980520,600150.SH,20070115,28.88,31.77,28.6,31.72,28.88,2.84,9.83,24802.78,75119.117,2.4403,2.4403,1.01,61.4384,42.4469,7.5188,5.8515,4.1571,0.5799,0.5799,26255.6538,10164.0,10164.0,832829.3385,322402.08,,,1.488
600150,中国船舶,船舶,上海,19980520,600150.SH,20070112,29.76,29.88,28.6,28.88,29.77,-0.89,-2.99,38070.26,111947.776,3.7456,3.7456,2.16,55.9376,38.6465,6.8456,5.3276,3.7849,0.637,0.637,26255.6538,10164.0,10164.0,758263.2817,293536.32,,,1.488
600150,中国船舶,船舶,上海,19980520,600150.SH,20070111,30.6,30.8,29.4,29.77,30.63,-0.86,-2.81,35734.35,107435.502,3.5158,3.5158,2.71,57.6614,39.8374,7.0566,5.4917,3.9016,0.6179,0.6179,26255.6538,10164.0,10164.0,781630.8136,302582.28,,,1.488
600150,中国船舶,船舶,上海,19980520,600150.SH,20070110,30.75,30.99,30.1,30.63,30.76,-0.13,-0.42,22003.74,66949.208,2.1649,2.1649,2.23,59.3271,40.9883,7.2604,5.6504,4.0143,0.6006,0.6006,26255.6538,10164.0,10164.0,804210.6759,311323.32,,,1.488
600150,中国船舶,船舶,上海,19980520,600150.SH,20070109,30.3,31.0,29.9,30.76,30.3,0.46,1.52,12042.41,36599.875,1.1848,1.1848,1.3,59.5789,41.1622,7.2912,5.6744,4.0313,0.598,0.598,26255.6538,10164.0,10164.0,807623.9109,312644.64,,,1.488
600150,中国船舶,船舶,上海,19980520,600150.SH,20070108,29.86,30.32,29.4,30.3,29.86,0.44,1.47,14865.73,43991.834,1.4626,1.4626,2.01,58.688,40.5467,7.1822,5.5895,3.971,0.6071,0.6071,26255.6538,10164.0,10164.0,795546.3101,307969.2,,,1.488
600150,中国船舶,船舶,上海,19980520,600150.SH,20070105,30.55,30.55,29.57,29.86,30.55,-0.69,-2.26,3603.87,10780.923,0.3546,0.3546,0.46,57.8357,39.9579,7.0779,5.5083,3.9134,0.6161,0.6161,26255.6538,10164.0,10164.0,783993.8225,303497.04,,,1.488
600150,中国船舶,船舶,上海,19980520,600150.SH,20070104,31.82,32.5,30.38,30.55,31.8,-1.25,-3.93,13319.04,41369.655,1.3104,1.3104,2.02,59.1722,40.8812,7.2415,5.6356,4.0038,0.6021,0.6021,26255.6538,10164.0,10164.0,802110.2236,310510.2,,,1.488
600150,中国船舶,船舶,上海,19980520,600150.SH,20061229,31.5,32.1,31.1,31.8,31.17,0.63,2.02,5470.65,17362.439,0.5382,0.5382,0.87,61.5933,42.5539,7.5378,5.8662,4.1676,0.3471,0.5785,26255.6538,10164.0,10164.0,834929.7908,323215.2,,,1.488
600150,中国船舶,船舶,上海,19980520,600150.SH,20061228,30.55,31.95,30.0,31.17,31.0,0.17,0.55,9006.13,27960.333,0.8861,0.8861,1.74,60.3731,41.7109,7.3884,5.75,4.0851,0.3541,0.5902,26255.6538,10164.0,10164.0,818388.7289,316811.88,,,1.488
600150,中国船舶,船舶,上海,19980520,600150.SH,20061227,31.27,31.98,30.26,31.0,31.27,-0.27,-0.86,5602.48,17461.767,0.5512,0.5512,0.95,60.0438,41.4834,7.3481,5.7186,4.0628,0.356,0.5934,26255.6538,10164.0,10164.0,813925.2678,315084.0,,,1.488
600150,中国船舶,船舶,上海,19980520,600150.SH,20061226,31.1,31.6,30.32,31.27,31.02,0.25,0.81,5761.85,17827.215,0.5669,0.5669,0.63,60.5668,41.8447,7.4121,5.7684,4.0982,0.353,0.5883,26255.6538,10164.0,10164.0,821014.2943,317828.28,,,1.488
600150,中国船舶,船舶,上海,19980520,600150.SH,20061225,29.52,31.27,29.41,31.02,29.98,1.04,3.47,7098.29,21743.584,0.6984,0.6984,0.76,60.0825,41.5102,7.3529,5.7223,4.0654,0.3558,0.593,26255.6538,10164.0,10164.0,814450.3809,315287.28,,,1.488
600150,中国船舶,船舶,上海,19980520,600150.SH,20061222,29.1,30.3,29.1,29.98,29.61,0.37,1.25,4066.0,12143.814,0.4,0.4,0.39,58.0682,40.1185,7.1064,5.5305,3.9291,0.3682,0.6136,26255.6538,10164.0,10164.0,787144.5009,304716.72,,,1.488
600150,中国船舶,船舶,上海,19980520,600150.SH,20061221,30.69,30.76,29.6,29.61,30.76,-1.15,-3.74,3295.65,10017.787,0.3242,0.3242,0.3,57.3515,39.6233,7.0187,5.4622,3.8806,0.3728,0.6213,26255.6538,10164.0,10164.0,777429.909,300956.04,,,1.488
600150,中国船舶,船舶,上海,19980520,600150.SH,20061220,28.9,30.8,28.66,30.76,29.0,1.76,6.07,9263.8,27701.329,0.9114,0.9114,0.72,59.5789,41.1622,7.2912,5.6744,4.0313,0.3588,0.598,26255.6538,10164.0,10164.0,807623.9109,312644.64,,,1.488
600150,中国船舶,船舶,上海,19980520,600150.SH,20061219,30.55,30.99,28.5,29.0,30.5,-1.5,-4.92,21664.81,62971.826,2.1315,2.1315,1.77,56.17,38.8071,6.8741,5.3497,3.8007,0.3806,0.6343,26255.6538,10164.0,10164.0,761413.9602,294756.0,,,1.488
600150,中国船舶,船舶,上海,19980520,600150.SH,20061218,29.56,31.5,29.3,30.5,29.56,0.94,3.18,8267.63,25399.923,0.8134,0.8134,0.65,59.0753,40.8143,7.2296,5.6264,3.9973,0.3619,0.6031,26255.6538,10164.0,10164.0,800797.4409,310002.0,,,1.488
600150,中国船舶,船舶,上海,19980520,600150.SH,20061215,28.2,30.0,28.19,29.56,28.24,1.32,4.67,9636.88,28321.279,0.9481,0.9481,0.67,57.2547,39.5564,7.0068,5.453,3.8741,0.3734,0.6223,26255.6538,10164.0,10164.0,776117.1263,300447.84,,,1.488
600150,中国船舶,船舶,上海,19980520,600150.SH,20061214,26.1,28.78,26.1,28.24,27.75,0.49,1.77,5445.5,14944.823,0.5358,0.5358,0.3,54.698,37.79,6.6939,5.2095,3.7011,0.3908,0.6514,26255.6538,10164.0,10164.0,741459.6633,287031.36,,,1.488
600150,中国船舶,船舶,上海,19980520,600150.SH,20061213,27.5,27.98,27.29,27.75,27.27,0.48,1.76,19213.56,53222.688,1.8904,1.8904,1.15,53.7489,37.1343,6.5778,5.1191,3.6369,0.3977,0.6629,26255.6538,10164.0,10164.0,728594.393,282051.0,,,1.488
600150,中国船舶,船舶,上海,19980520,600150.SH,20061212,26.9,27.3,26.65,27.27,26.97,0.3,1.11,18629.88,50167.01,1.8329,1.8329,1.25,52.8192,36.492,6.464,5.0306,3.5739,0.4047,0.6746,26255.6538,10164.0,10164.0,715991.6791,277172.28,,,1.488
600150,中国船舶,船舶,上海,19980520,600150.SH,20061211,25.89,27.08,25.8,26.97,25.95,1.02,3.93,11052.98,29282.084,1.0875,1.0875,0.8,52.2381,36.0906,6.3929,4.9752,3.5346,0.4092,0.6821,26255.6538,10164.0,10164.0,708114.983,274123.08,,,1.488
600150,中国船舶,船舶,上海,19980520,600150.SH,20061208,26.31,27.0,25.72,25.95,26.8,-0.85,-3.17,17438.06,46160.352,1.7157,1.7157,1.42,50.2625,34.7256,6.1511,4.7871,3.4009,0.4253,0.7089,26255.6538,10164.0,10164.0,681334.2161,263755.8,,,1.488
600150,中国船舶,船舶,上海,19980520,600150.SH,20061207,27.0,27.44,26.1,26.8,27.39,-0.59,-2.15,25836.43,69146.738,2.542,2.542,2.78,51.9088,35.8631,6.3526,4.9439,3.5123,0.4118,0.6864,26255.6538,10164.0,10164.0,703651.5218,272395.2,,,1.488
600150,中国船舶,船舶,上海,19980520,600150.SH,20061206,27.62,27.85,26.12,27.39,27.5,-0.11,-0.4,10432.41,28052.709,1.0264,1.0264,1.06,53.0516,36.6526,6.4924,5.0527,3.5897,0.403,0.6716,26255.6538,10164.0,10164.0,719142.3576,278391.96,,,1.488
600150,中国船舶,船舶,上海,19980520,600150.SH,20061205,27.35,28.2,26.8,27.5,27.34,0.16,0.59,9660.03,26421.17,0.9504,0.9504,0.84,53.2647,36.7998,6.5185,5.073,3.6041,0.4014,0.6689,26255.6538,10164.0,10164.0,722030.4795,279510.0,,,1.488
600150,中国船舶,船舶,上海,19980520,600150.SH,20061204,27.45,28.74,26.77,27.34,27.39,-0.05,-0.18,5597.65,15330.399,0.5507,0.5507,0.4,52.9547,36.5857,6.4806,5.0435,3.5831,0.4037,0.6728,26255.6538,10164.0,10164.0,717829.5749,277883.76,,,1.488
600150,中国船舶,船舶,上海,19980520,600150.SH,20061201,27.4,28.8,26.8,27.39,27.05,0.34,1.26,9755.95,27390.12,0.9599,0.9599,0.7,53.0516,36.6526,6.4924,5.0527,3.5897,0.403,0.6716,26255.6538,10164.0,10164.0,719142.3576,278391.96,,,1.488
600150,中国船舶,船舶,上海,19980520,600150.SH,20061130,26.51,27.75,26.51,27.05,26.5,0.55,2.08,11068.22,30112.542,1.089,1.089,0.85,52.393,36.1976,6.4118,4.99,3.5451,0.408,0.6801,26255.6538,10164.0,10164.0,710215.4353,274936.2,,,1.488
600150,中国船舶,船舶,上海,19980520,600150.SH,20061129,25.4,26.9,25.0,26.5,25.67,0.83,3.23,13159.19,34482.56,1.2947,1.2947,0.99,51.3278,35.4616,6.2815,4.8885,3.473,0.4165,0.6942,26255.6538,10164.0,10164.0,695774.8257,269346.0,,,1.488
600150,中国船舶,船舶,上海,19980520,600150.SH,20061128,24.88,25.67,24.5,25.67,24.97,0.7,2.8,17965.36,45262.039,1.7675,1.7675,1.35,49.7201,34.3509,6.0847,4.7354,3.3643,0.43,0.7166,26255.6538,10164.0,10164.0,673982.633,260909.88,,,1.488
600150,中国船舶,船舶,上海,19980520,600150.SH,20061127,24.6,25.6,24.4,24.97,24.6,0.37,1.5,17260.65,43304.509,1.6982,1.6982,1.41,48.3643,33.4142,5.9188,4.6063,3.2725,0.442,0.7367,26255.6538,10164.0,10164.0,655603.6754,253795.08,,,1.488
600150,中国船舶,船舶,上海,19980520,600150.SH,20061124,24.0,25.0,23.56,24.6,23.99,0.61,2.54,10322.09,25252.361,1.0156,1.0156,0.9,47.6477,32.9191,5.8311,4.538,3.224,0.4487,0.7478,26255.6538,10164.0,10164.0,645889.0835,250034.4,,,1.488
600150,中国船舶,船舶,上海,19980520,600150.SH,20061123,24.6,24.7,23.53,23.99,24.72,-0.73,-2.95,6784.35,16418.068,0.6675,0.6675,0.61,46.4661,32.1028,5.6865,4.4255,3.1441,0.4601,0.7668,26255.6538,10164.0,10164.0,629873.1347,243834.36,,,1.488
600150,中国船舶,船舶,上海,19980520,600150.SH,20061122,24.8,25.25,24.2,24.72,24.72,0.0,0.0,14362.04,35830.086,1.413,1.413,1.51,47.8801,33.0797,5.8595,4.5602,3.2397,0.4465,0.7442,26255.6538,10164.0,10164.0,649039.7619,251254.08,,,1.488
600150,中国船舶,船舶,上海,19980520,600150.SH,20061121,23.8,25.0,23.52,24.72,23.85,0.87,3.65,17853.05,43555.861,1.7565,1.7565,2.36,47.8801,33.0797,5.8595,4.5602,3.2397,0.4465,0.7442,26255.6538,10164.0,10164.0,649039.7619,251254.08,,,1.488
600150,中国船舶,船舶,上海,19980520,600150.SH,20061120,23.4,24.28,23.3,23.85,23.4,0.45,1.92,11810.0,27991.599,1.1619,1.1619,2.0,46.195,31.9155,5.6533,4.3997,3.1257,0.4628,0.7713,26255.6538,10164.0,10164.0,626197.3431,242411.4,,,1.488
600150,中国船舶,船舶,上海,19980520,600150.SH,20061117,22.88,23.45,22.58,23.4,23.0,0.4,1.74,6532.29,15113.306,0.6427,0.6427,1.04,45.3234,31.3133,5.5467,4.3167,3.0667,0.4717,0.7861,26255.6538,10164.0,10164.0,614382.2989,237837.6,,,1.488
600150,中国船舶,船舶,上海,19980520,600150.SH,20061116,23.02,23.5,22.8,23.0,23.01,-0.01,-0.04,4787.7,11061.709,0.471,0.471,0.57,44.5486,30.778,5.4518,4.2429,3.0143,0.4799,0.7998,26255.6538,10164.0,10164.0,603880.0374,233772.0,,,1.488
600150,中国船舶,船舶,上海,19980520,600150.SH,20061115,22.28,23.42,22.03,23.01,22.28,0.73,3.28,6663.32,15372.257,0.6556,0.6556,0.74,44.568,30.7914,5.4542,4.2447,3.0156,0.4797,0.7995,26255.6538,10164.0,10164.0,604142.5939,233873.64,,,1.488
600150,中国船舶,船舶,上海,19980520,600150.SH,20061114,22.38,22.45,21.78,22.28,22.18,0.1,0.45,7963.85,17659.125,0.7835,0.7835,0.94,43.1541,29.8145,5.2812,4.11,2.92,0.4954,0.8257,26255.6538,10164.0,10164.0,584975.9667,226453.92,,,1.488
600150,中国船舶,船舶,上海,19980520,600150.SH,20061113,22.6,23.15,22.15,22.18,22.6,-0.42,-1.86,3602.23,8102.028,0.3544,0.3544,0.38,42.9604,29.6807,5.2575,4.0916,2.9069,0.4976,0.8294,26255.6538,10164.0,10164.0,582350.4013,225437.52,,,1.488
600150,中国船舶,船舶,上海,19980520,600150.SH,20061110,23.21,23.32,22.38,22.6,23.09,-0.49,-2.12,8332.26,18996.539,0.8198,0.8198,0.87,43.7739,30.2427,5.357,4.1691,2.9619,0.4884,0.814,26255.6538,10164.0,10164.0,593377.7759,229706.4,,,1.488
600150,中国船舶,船舶,上海,19980520,600150.SH,20061109,22.8,23.2,22.51,23.09,23.15,-0.06,-0.26,15141.43,34450.595,1.4897,1.4897,1.75,44.7229,30.8984,5.4732,4.2595,3.0261,0.478,0.7967,26255.6538,10164.0,10164.0,606243.0462,234686.76,,,1.488
600150,中国船舶,船舶,上海,19980520,600150.SH,20061108,23.18,24.98,23.1,23.15,22.71,0.44,1.94,9813.78,23576.091,0.9655,0.9655,1.09,44.8392,30.9787,5.4874,4.2705,3.034,0.4768,0.7946,26255.6538,10164.0,10164.0,607818.3855,235296.6,,,1.488
600150,中国船舶,船舶,上海,19980520,600150.SH,20061107,22.8,22.9,22.31,22.71,22.96,-0.25,-1.09,5286.63,11932.923,0.5201,0.5201,0.5,43.9869,30.3899,5.3831,4.1894,2.9763,0.486,0.81,26255.6538,10164.0,10164.0,596265.8978,230824.44,,,1.488
600150,中国船舶,船舶,上海,19980520,600150.SH,20061106,23.36,23.68,22.91,22.96,23.7,-0.74,-3.12,8542.72,19849.573,0.8405,0.8405,0.78,44.4711,30.7245,5.4424,4.2355,3.0091,0.4807,0.8012,26255.6538,10164.0,10164.0,602829.8112,233365.44,,,1.488
600150,中国船舶,船舶,上海,19980520,600150.SH,20061103,23.6,24.37,23.4,23.7,23.64,0.06,0.25,9226.44,22019.534,0.9078,0.9078,0.91,45.9044,31.7147,5.6178,4.372,3.1061,0.4657,0.7762,26255.6538,10164.0,10164.0,622258.9951,240886.8,,,1.488
600150,中国船舶,船舶,上海,19980520,600150.SH,20061102,22.63,23.68,22.62,23.64,22.59,1.05,4.65,10320.99,23868.129,1.0154,1.0154,0.97,45.7882,31.6344,5.6035,4.3609,3.0982,0.4669,0.7782,26255.6538,10164.0,10164.0,620683.6558,240276.96,,,1.488
600150,中国船舶,船舶,上海,19980520,600150.SH,20061101,22.45,23.13,22.16,22.59,22.44,0.15,0.67,11747.03,26538.811,1.1557,1.1557,1.26,43.7545,30.2294,5.3547,4.1672,2.9606,0.4886,0.8143,26255.6538,10164.0,10164.0,593115.2193,229604.76,,,1.488
600150,中国船舶,船舶,上海,19980520,600150.SH,20061031,22.7,22.9,21.88,22.44,22.91,-0.47,-2.05,13295.95,29838.052,1.3081,1.3081,1.61,43.464,30.0286,5.3191,4.1396,2.9409,0.4919,0.8198,26255.6538,10164.0,10164.0,589176.8713,228080.16,,,1.488
600150,中国船舶,船舶,上海,19980520,600150.SH,20061030,22.3,23.48,22.3,22.91,22.77,0.14,0.61,10208.88,23562.795,1.0044,1.0044,1.31,44.3743,30.6576,5.4305,4.2263,3.0025,0.4818,0.8029,26255.6538,10164.0,10164.0,601517.0286,232857.24,,,1.488
600150,中国船舶,船舶,上海,19980520,600150.SH,20061027,23.56,23.93,22.65,22.77,23.46,-0.69,-2.94,5316.27,12193.445,0.523,0.523,0.64,44.1031,30.4702,5.3973,4.2004,2.9842,0.4847,0.8079,26255.6538,10164.0,10164.0,597841.237,231434.28,,,1.488
600150,中国船舶,船舶,上海,19980520,600150.SH,20061026,24.0,24.7,23.25,23.46,24.58,-1.12,-4.56,12442.37,29551.906,1.2242,1.2242,1.93,45.4396,31.3936,5.5609,4.3277,3.0746,0.4705,0.7841,26255.6538,10164.0,10164.0,615957.6381,238447.44,,,1.488
600150,中国船舶,船舶,上海,19980520,600150.SH,20061025,24.58,24.94,24.32,24.58,24.48,0.1,0.41,5304.11,13040.158,0.5219,0.5219,0.92,47.6089,34.2709,5.7792,4.5343,3.6659,0.449,0.7484,26255.6538,10164.0,10164.0,645363.9704,249831.12,,,1.488
600150,中国船舶,船舶,上海,19980520,600150.SH,20061024,22.7,24.48,22.51,24.48,22.25,2.23,10.02,7954.9,19055.476,0.7827,0.7827,1.47,47.4152,34.1315,5.7557,4.5159,3.6509,0.4509,0.7515,26255.6538,10164.0,10164.0,642738.405,248814.72,,,1.488
600150,中国船舶,船舶,上海,19980520,600150.SH,20061023,23.68,23.7,22.0,22.25,23.75,-1.5,-6.32,8022.82,18448.779,0.7893,0.7893,1.63,43.0959,31.0223,5.2314,4.1045,3.3184,0.4961,0.8268,26255.6538,10164.0,10164.0,584188.2971,226149.0,,,1.488
600150,中国船舶,船舶,上海,19980520,600150.SH,20061020,24.0,24.48,23.5,23.75,24.31,-0.56,-2.3,7822.65,18706.523,0.7696,0.7696,1.76,46.0013,33.1137,5.5841,4.3812,3.5421,0.4647,0.7745,26255.6538,10164.0,10164.0,623571.7778,241395.0,,,1.488
600150,中国船舶,船舶,上海,19980520,600150.SH,20061019,24.05,25.1,24.0,24.31,24.3,0.01,0.04,3137.45,7704.393,0.3087,0.3087,0.45,47.086,33.8945,5.7157,4.4845,3.6256,0.454,0.7567,26255.6538,10164.0,10164.0,638274.9439,247086.84,,,1.488
600150,中国船舶,船舶,上海,19980520,600150.SH,20061018,23.8,24.5,23.66,24.3,24.0,0.3,1.25,1897.28,4574.733,0.1867,0.1867,0.22,47.0666,33.8806,5.7134,4.4827,3.6241,0.4542,0.757,26255.6538,10164.0,10164.0,638012.3873,246985.2,,,1.488
600150,中国船舶,船舶,上海,19980520,600150.SH,20061017,24.49,24.49,23.65,24.0,24.8,-0.8,-3.23,6240.45,14990.381,0.614,0.614,0.69,46.4855,33.4623,5.6429,4.4273,3.5794,0.4599,0.7665,26255.6538,10164.0,10164.0,630135.6912,243936.0,,,1.488
600150,中国船舶,船舶,上海,19980520,600150.SH,20061016,23.75,25.26,23.5,24.8,23.95,0.85,3.55,5571.77,13808.641,0.5482,0.5482,0.55,48.035,34.5777,5.8309,4.5749,3.6987,0.4451,0.7418,26255.6538,10164.0,10164.0,651140.2142,252067.2,,,1.488
600150,中国船舶,船舶,上海,19980520,600150.SH,20061013,23.7,24.48,23.45,23.95,23.82,0.13,0.55,5423.56,13017.971,0.5336,0.5336,0.49,46.3887,33.3926,5.6311,4.4181,3.5719,0.4608,0.7681,26255.6538,10164.0,10164.0,628822.9085,243427.8,,,1.488
600150,中国船舶,船舶,上海,19980520,600150.SH,20061012,24.75,24.75,23.12,23.82,24.75,-0.93,-3.76,15662.81,37014.389,1.541,1.541,1.65,46.1369,33.2113,5.6005,4.3941,3.5525,0.4634,0.7723,26255.6538,10164.0,10164.0,625409.6735,242106.48,,,1.488
600150,中国船舶,船舶,上海,19980520,600150.SH,20061011,25.2,25.8,24.61,24.75,25.18,-0.43,-1.71,9713.17,24066.837,0.9556,0.9556,0.99,47.9382,34.508,5.8192,4.5657,3.6912,0.446,0.7433,26255.6538,10164.0,10164.0,649827.4316,251559.0,,,1.488
600150,中国船舶,船舶,上海,19980520,600150.SH,20061010,24.25,26.08,24.11,25.18,23.79,1.39,5.84,8811.59,22028.321,0.8669,0.8669,0.69,48.7711,35.1075,5.9203,4.645,3.7553,0.4383,0.7306,26255.6538,10164.0,10164.0,661117.3627,255929.52,,,1.488
600150,中国船舶,船舶,上海,19980520,600150.SH,20060929,23.4,23.99,23.11,23.79,23.28,0.51,2.19,10613.8,25066.641,1.0443,1.0443,0.78,46.0788,33.1695,5.5935,4.3886,3.548,0.4639,0.7732,26255.6538,10164.0,10164.0,624622.0039,241801.56,,,1.488
600150,中国船舶,船舶,上海,19980520,600150.SH,20060928,22.39,23.45,22.39,23.28,22.39,0.89,3.98,10885.9,25185.99,1.071,1.071,0.72,45.091,32.4584,5.4736,4.2945,3.472,0.4741,0.7902,26255.6538,10164.0,10164.0,611231.6205,236617.92,,,1.488
600150,中国船舶,船舶,上海,19980520,600150.SH,20060927,22.0,22.8,22.0,22.39,22.4,-0.01,-0.04,7444.08,16716.453,0.7324,0.7324,0.37,43.3671,31.2175,5.2643,4.1303,3.3392,0.493,0.8216,26255.6538,10164.0,10164.0,587864.0886,227571.96,,,1.488
600150,中国船舶,船舶,上海,19980520,600150.SH,20060926,22.4,23.0,22.1,22.4,22.59,-0.19,-0.84,11284.15,25346.698,1.1102,1.1102,0.52,43.3865,31.2315,5.2667,4.1322,3.3407,0.4927,0.8212,26255.6538,10164.0,10164.0,588126.6451,227673.6,,,1.488
600150,中国船舶,船舶,上海,19980520,600150.SH,20060925,21.41,22.68,21.18,22.59,21.41,1.18,5.51,23211.18,51549.19,2.2837,2.2837,1.28,43.7545,31.4964,5.3113,4.1672,3.3691,0.4886,0.8143,26255.6538,10164.0,10164.0,593115.2193,229604.76,,,1.488
600150,中国船舶,船舶,上海,19980520,600150.SH,20060922,21.0,21.6,20.56,21.41,20.84,0.57,2.74,15044.62,31851.664,1.4802,1.4802,0.82,41.469,29.8511,5.0339,3.9496,3.1931,0.5155,0.8592,26255.6538,10164.0,10164.0,562133.5479,217611.24,,,1.488
600150,中国船舶,船舶,上海,19980520,600150.SH,20060921,20.27,21.15,20.27,20.84,20.35,0.49,2.41,18713.5,38535.586,1.8412,1.8412,1.16,40.3649,29.0564,4.8999,3.8444,3.1081,0.5296,0.8827,26255.6538,10164.0,10164.0,547167.8252,211817.76,,,1.488
600150,中国船舶,船舶,上海,19980520,600150.SH,20060920,19.47,20.49,19.35,20.35,19.33,1.02,5.28,32346.01,64988.555,3.1824,3.1824,2.66,39.4158,28.3732,4.7847,3.754,3.035,0.5424,0.904,26255.6538,10164.0,10164.0,534302.5548,206837.4,,,1.488
600150,中国船舶,船舶,上海,19980520,600150.SH,20060919,18.78,19.8,18.74,19.33,18.64,0.69,3.7,20076.3,38961.714,1.9752,1.9752,2.06,37.4402,26.9511,4.5448,3.5658,2.8829,0.571,0.9517,26255.6538,10164.0,10164.0,507521.788,196470.12,,,1.488
600150,中国船舶,船舶,上海,19980520,600150.SH,20060918,18.9,18.9,18.5,18.64,18.69,-0.05,-0.27,4780.28,8901.061,0.4703,0.4703,0.5,36.1038,25.989,4.3826,3.4386,2.78,0.5921,0.9869,26255.6538,10164.0,10164.0,489405.3868,189456.96,,,1.488
600150,中国船舶,船舶,上海,19980520,600150.SH,20060915,18.6,18.95,18.6,18.69,18.5,0.19,1.03,15786.34,29575.2,1.5532,1.5532,2.19,36.2006,26.0587,4.3944,3.4478,2.7874,0.5905,0.9842,26255.6538,10164.0,10164.0,490718.1695,189965.16,,,1.488
600150,中国船舶,船舶,上海,19980520,600150.SH,20060914,18.8,19.05,18.3,18.5,19.12,-0.62,-3.24,7716.46,14310.687,0.7592,0.7592,1.17,35.8326,25.7938,4.3497,3.4127,2.7591,0.5966,0.9944,26255.6538,10164.0,10164.0,485729.5953,188034.0,,,1.488
600150,中国船舶,船舶,上海,19980520,600150.SH,20060913,19.75,19.75,19.0,19.12,19.73,-0.61,-3.09,12451.02,23891.875,1.225,1.225,2.5,37.0335,26.6583,4.4955,3.5271,2.8516,0.5773,0.9621,26255.6538,10164.0,10164.0,502008.1007,194335.68,,,1.488
600150,中国船舶,船舶,上海,19980520,600150.SH,20060912,19.54,19.88,19.45,19.73,19.53,0.2,1.02,7944.51,15581.171,0.7816,0.7816,1.49,38.215,27.5088,4.6389,3.6396,2.9425,0.5594,0.9324,26255.6538,10164.0,10164.0,518024.0495,200535.72,,,1.488
600150,中国船舶,船舶,上海,19980520,600150.SH,20060911,19.68,19.97,19.45,19.53,19.8,-0.27,-1.36,4067.28,7998.541,0.4002,0.4002,0.6,37.8276,27.2299,4.5919,3.6027,2.9127,0.5651,0.9419,26255.6538,10164.0,10164.0,512772.9187,198502.92,,,1.488
600150,中国船舶,船舶,上海,19980520,600150.SH,20060908,19.88,19.88,19.6,19.8,19.85,-0.05,-0.25,3848.5,7613.651,0.3786,0.3786,0.51,38.3506,27.6064,4.6554,3.6526,2.953,0.5574,0.9291,26255.6538,10164.0,10164.0,519861.9452,201247.2,,,1.488
600150,中国船舶,船舶,上海,19980520,600150.SH,20060907,19.78,19.87,19.3,19.85,19.56,0.29,1.48,4524.86,8891.58,0.4452,0.4452,0.58,38.4474,27.6761,4.6671,3.6618,2.9604,0.556,0.9267,26255.6538,10164.0,10164.0,521174.7279,201755.4,,,1.488
600150,中国船舶,船舶,上海,19980520,600150.SH,20060906,19.88,19.9,19.41,19.56,19.7,-0.14,-0.71,4554.34,8944.484,0.4481,0.4481,0.52,37.8857,27.2718,4.5989,3.6083,2.9172,0.5643,0.9405,26255.6538,10164.0,10164.0,513560.5883,198807.84,,,1.488
600150,中国船舶,船舶,上海,19980520,600150.SH,20060905,19.9,20.25,19.55,19.7,19.85,-0.15,-0.76,9662.75,19398.642,0.9507,0.9507,0.94,38.1569,27.4669,4.6318,3.6341,2.9381,0.5603,0.9338,26255.6538,10164.0,10164.0,517236.3799,200230.8,,,1.488
600150,中国船舶,船舶,上海,19980520,600150.SH,20060904,19.6,19.9,19.6,19.85,19.6,0.25,1.28,11571.15,22828.791,1.1384,1.1384,1.2,38.4474,27.6761,4.6671,3.6618,2.9604,0.556,0.9267,26255.6538,10164.0,10164.0,521174.7279,201755.4,,,1.488
600150,中国船舶,船舶,上海,19980520,600150.SH,20060901,20.1,20.12,19.45,19.6,20.03,-0.43,-2.15,7369.94,14587.613,0.7251,0.7251,0.74,37.9632,27.3275,4.6083,3.6157,2.9231,0.5631,0.9385,26255.6538,10164.0,10164.0,514610.8145,199214.4,,,1.488
600150,中国船舶,船舶,上海,19980520,600150.SH,20060831,20.38,20.48,19.9,20.03,20.43,-0.4,-1.96,6088.27,12209.089,0.599,0.599,0.57,38.796,27.9271,4.7094,3.695,2.9873,0.551,0.9184,26255.6538,10164.0,10164.0,525900.7456,203584.92,,,1.488
600150,中国船舶,船舶,上海,19980520,600150.SH,20060830,19.61,20.65,19.55,20.43,19.86,0.57,2.87,9201.17,18712.239,0.9053,0.9053,0.86,39.5708,28.4848,4.8035,3.7688,3.0469,0.5403,0.9004,26255.6538,10164.0,10164.0,536403.0071,207650.52,,,1.488
600150,中国船舶,船舶,上海,19980520,600150.SH,20060829,19.7,20.37,19.5,19.86,19.44,0.42,2.16,17255.82,34805.457,1.6977,1.6977,2.12,35.3808,25.4686,5.8309,3.3697,2.7243,0.6042,1.007,24149.312,10164.0,10164.0,479605.3363,201857.04,,,1.488
600150,中国船舶,船舶,上海,19980520,600150.SH,20060828,19.1,19.63,19.1,19.44,19.09,0.35,1.83,8301.92,16117.495,0.8168,0.8168,0.95,34.6326,24.93,5.7076,3.2984,2.6667,0.6173,1.0288,24149.312,10164.0,10164.0,469462.6253,197588.16,,,1.488
600150,中国船舶,船舶,上海,19980520,600150.SH,20060825,19.68,19.68,19.01,19.09,19.39,-0.3,-1.55,8634.15,16555.677,0.8495,0.8495,1.14,34.009,24.4812,5.6049,3.2391,2.6187,0.6286,1.0477,24149.312,10164.0,10164.0,461010.3661,194030.76,,,1.488
600150,中国船舶,船舶,上海,19980520,600150.SH,20060824,19.22,19.52,19.1,19.39,19.32,0.07,0.36,9772.92,18886.918,0.9615,0.9615,1.38,34.5435,24.8659,5.6929,3.29,2.6598,0.6189,1.0315,24149.312,10164.0,10164.0,468255.1597,197079.96,,,1.485
600150,中国船舶,船舶,上海,19980520,600150.SH,20060823,18.71,19.62,18.7,19.32,18.66,0.66,3.54,9751.99,18750.051,0.9595,0.9595,1.68,34.4188,24.7761,5.6724,3.2781,2.6502,0.6211,1.0352,24149.312,10164.0,10164.0,466564.7078,196368.48,,,1.485
600150,中国船舶,船舶,上海,19980520,600150.SH,20060822,18.54,18.9,18.35,18.66,18.54,0.12,0.65,4269.99,7973.611,0.4201,0.4201,0.76,33.243,23.9297,5.4786,3.1661,2.5597,0.6431,1.0718,24149.312,10164.0,10164.0,450626.1619,189660.24,,,1.485
600150,中国船舶,船舶,上海,19980520,600150.SH,20060821,17.99,19.0,17.62,18.54,18.35,0.19,1.04,11255.88,20794.757,1.1074,1.1074,2.34,33.0292,23.7758,5.4434,3.1457,2.5432,0.6472,1.0787,24149.312,10164.0,10164.0,447728.2445,188440.56,,,1.485
600150,中国船舶,船舶,上海,19980520,600150.SH,20060818,18.52,18.75,18.35,18.35,18.66,-0.31,-1.66,2955.46,5463.359,0.2908,0.2908,0.59,32.6907,23.5322,5.3876,3.1135,2.5172,0.654,1.0899,24149.312,10164.0,10164.0,443139.8752,186509.4,,,1.485
600150,中国船舶,船舶,上海,19980520,600150.SH,20060817,18.4,19.0,18.4,18.66,18.3,0.36,1.97,7304.13,13674.052,0.7186,0.7186,1.56,33.243,23.9297,5.4786,3.1661,2.5597,0.6431,1.0718,24149.312,10164.0,10164.0,450626.1619,189660.24,,,1.485
600150,中国船舶,船舶,上海,19980520,600150.SH,20060816,18.16,18.45,18.0,18.3,18.27,0.03,0.16,3283.59,6003.429,0.3231,0.3231,0.75,32.6016,23.4681,5.3729,3.105,2.5103,0.6557,1.0929,24149.312,10164.0,10164.0,441932.4096,186001.2,,,1.485
600150,中国船舶,船舶,上海,19980520,600150.SH,20060815,17.83,18.28,17.83,18.27,18.0,0.27,1.5,3467.69,6272.022,0.3412,0.3412,0.67,32.5482,23.4296,5.3641,3.0999,2.5062,0.6568,1.0947,24149.312,10164.0,10164.0,441207.9302,185696.28,,,1.485
600150,中国船舶,船舶,上海,19980520,600150.SH,20060814,18.48,18.48,17.8,18.0,18.42,-0.42,-2.28,7030.32,12699.748,0.6917,0.6917,1.09,32.0672,25.4907,5.6057,3.0541,2.7273,0.6667,1.1111,24149.312,10164.0,10164.0,434687.616,182952.0,,,1.485
600150,中国船舶,船舶,上海,19980520,600150.SH,20060811,18.16,18.55,17.88,18.42,18.3,0.12,0.66,4080.3,7432.915,0.4014,0.4014,0.45,32.8154,26.0855,5.7365,3.1254,2.7909,0.6515,1.0858,24149.312,10164.0,10164.0,444830.327,187220.88,,,1.485
600150,中国船舶,船舶,上海,19980520,600150.SH,20060810,17.98,18.3,17.85,18.3,17.82,0.48,2.69,5516.84,9972.64,0.5428,0.5428,0.5,32.6016,25.9155,5.6991,3.105,2.7727,0.6557,1.0929,24149.312,10164.0,10164.0,441932.4096,186001.2,,,1.485
600150,中国船舶,船舶,上海,19980520,600150.SH,20060809,17.94,18.0,17.7,17.82,17.93,-0.11,-0.61,1809.03,3231.596,0.178,0.178,0.16,31.7465,25.2358,5.5496,3.0236,2.7,0.6734,1.1223,24149.312,10164.0,10164.0,430340.7398,181122.48,,,1.485
600150,中国船舶,船舶,上海,19980520,600150.SH,20060808,17.8,18.0,17.62,17.93,17.78,0.15,0.84,7500.13,13312.664,0.7379,0.7379,0.51,31.9425,25.3915,5.5839,3.0422,2.7167,0.6693,1.1154,24149.312,10164.0,10164.0,432997.1642,182240.52,,,1.485
600150,中国船舶,船舶,上海,19980520,600150.SH,20060807,17.3,18.09,17.3,17.78,17.51,0.27,1.54,13411.36,24054.052,1.3195,1.3195,0.87,31.6753,25.1791,5.5372,3.0168,2.6939,0.6749,1.1249,24149.312,10164.0,10164.0,429374.7674,180715.92,,,1.485
600150,中国船舶,船舶,上海,19980520,600150.SH,20060804,18.03,18.19,17.1,17.51,17.99,-0.48,-2.67,17500.37,30770.783,1.7218,1.7218,1.38,31.1942,24.7968,5.4531,2.971,2.653,0.6853,1.1422,24149.312,10164.0,10164.0,422854.4531,177971.64,,,1.485
600150,中国船舶,船舶,上海,19980520,600150.SH,20060803,19.3,19.3,17.8,17.99,19.3,-1.31,-6.79,15225.62,27779.069,1.498,1.498,1.46,32.0494,25.4765,5.6026,3.0524,2.7258,0.667,1.1117,24149.312,10164.0,10164.0,434446.1229,182850.36,,,1.485
600150,中国船舶,船舶,上海,19980520,600150.SH,20060802,19.5,19.5,19.1,19.3,19.59,-0.29,-1.48,3755.12,7252.372,0.3695,0.3695,0.31,34.3831,27.3317,6.0105,3.2747,2.9242,0.6218,1.0363,24149.312,10164.0,10164.0,466081.7216,196165.2,,,1.485
600150,中国船舶,船舶,上海,19980520,600150.SH,20060801,19.4,19.8,19.0,19.59,19.49,0.1,0.51,24036.24,46793.925,2.3648,2.3648,2.39,34.8998,27.7424,6.1008,3.3239,2.9682,0.6126,1.0209,24149.312,10164.0,10164.0,473085.0221,199112.76,,,1.485
600150,中国船舶,船舶,上海,19980520,600150.SH,20060731,19.02,19.86,18.45,19.49,19.38,0.11,0.57,16862.41,32394.223,1.659,1.659,1.97,34.7216,27.6007,6.0697,3.3069,2.953,0.6157,1.0262,24149.312,10164.0,10164.0,470670.0909,198096.36,,,1.485
600150,中国船舶,船舶,上海,19980520,600150.SH,20060728,19.87,19.9,19.3,19.38,19.88,-0.5,-2.52,3396.58,6632.87,0.3342,0.3342,0.37,34.5257,27.445,6.0354,3.2883,2.9364,0.6192,1.032,24149.312,10164.0,10164.0,468013.6666,196978.32,,,1.485
600150,中国船舶,船舶,上海,19980520,600150.SH,20060727,20.5,20.5,19.75,19.88,20.5,-0.62,-3.02,4231.56,8454.718,0.4163,0.4163,0.41,35.4164,28.153,6.1912,3.3731,3.0121,0.6036,1.006,24149.312,10164.0,10164.0,480088.3226,202060.32,,,1.485
600150,中国船舶,船舶,上海,19980520,600150.SH,20060726,20.5,20.66,20.0,20.5,20.5,0.0,0.0,12135.32,24636.341,1.194,1.194,1.16,36.521,29.031,6.3842,3.4783,3.1061,0.5854,0.9756,24149.312,10164.0,10164.0,495060.896,208362.0,,,1.485
600150,中国船舶,船舶,上海,19980520,600150.SH,20060725,20.0,20.75,19.91,20.5,20.08,0.42,2.09,13562.46,27452.535,1.3344,1.3344,1.59,36.521,29.031,6.3842,3.4783,3.1061,0.5854,0.9756,24149.312,10164.0,10164.0,495060.896,208362.0,,,1.485
600150,中国船舶,船舶,上海,19980520,600150.SH,20060724,18.6,20.22,18.4,20.08,19.21,0.87,4.53,9485.08,18539.652,0.9332,0.9332,1.1,35.7727,28.4363,6.2534,3.407,3.0424,0.5976,0.996,24149.312,10164.0,10164.0,484918.185,204093.12,,,1.485
600150,中国船舶,船舶,上海,19980520,600150.SH,20060721,19.0,19.9,19.0,19.21,19.0,0.21,1.11,6943.3,13531.037,0.6831,0.6831,0.78,34.2228,27.2042,5.9825,3.2594,2.9106,0.6247,1.0411,24149.312,10164.0,10164.0,463908.2835,195250.44,,,1.485
600150,中国船舶,船舶,上海,19980520,600150.SH,20060720,18.88,19.1,18.5,19.0,18.96,0.04,0.21,9150.16,17152.597,0.9003,0.9003,0.67,33.8487,26.9068,5.9171,3.2238,2.8788,0.6316,1.0526,24149.312,10164.0,10164.0,458836.928,193116.0,,,1.485
600150,中国船舶,船舶,上海,19980520,600150.SH,20060719,19.9,19.9,18.51,18.96,19.83,-0.87,-4.39,13354.9,25375.05,1.3139,1.3139,1.01,33.7774,26.8502,5.9046,3.217,2.8727,0.6329,1.0549,24149.312,10164.0,10164.0,457870.9555,192709.44,,,1.485
600150,中国船舶,船舶,上海,19980520,600150.SH,20060718,19.78,20.07,19.6,19.83,19.8,0.03,0.15,3677.38,7270.45,0.3618,0.3618,0.25,35.3273,28.0822,6.1756,3.3646,3.0045,0.6051,1.0086,24149.312,10164.0,10164.0,478880.857,201552.12,,,1.485
600150,中国船舶,船舶,上海,19980520,600150.SH,20060717,19.5,20.16,19.36,19.8,19.74,0.06,0.3,10172.6,20006.494,1.0008,1.0008,0.66,35.2739,28.0397,6.1662,3.3595,3.0,0.6061,1.0101,24149.312,10164.0,10164.0,478156.3776,201247.2,,,1.485
600150,中国船舶,船舶,上海,19980520,600150.SH,20060714,19.5,20.18,19.33,19.74,19.88,-0.14,-0.7,8393.59,16627.96,0.8258,0.8258,0.54,35.167,27.9548,6.1476,3.3493,2.9909,0.6079,1.0132,24149.312,10164.0,10164.0,476707.4189,200637.36,,,1.485
600150,中国船舶,船舶,上海,19980520,600150.SH,20060713,21.39,21.39,19.36,19.88,21.51,-1.63,-7.58,32717.75,66131.236,3.219,3.219,3.0,35.4164,28.153,6.1912,3.3731,3.0121,0.6036,1.006,24149.312,10164.0,10164.0,480088.3226,202060.32,,,1.485
600150,中国船舶,船舶,上海,19980520,600150.SH,20060712,21.32,21.85,20.9,21.51,20.9,0.61,2.92,11434.89,24498.529,1.125,1.125,1.09,38.3203,30.4614,6.6988,3.6497,3.2591,0.5579,0.9298,24149.312,10164.0,10164.0,519451.7011,218627.64,,,1.485
600150,中国船舶,船舶,上海,19980520,600150.SH,20060711,20.7,21.42,20.68,20.9,20.78,0.12,0.58,9387.54,19688.042,0.9236,0.9236,0.8,37.2336,29.5975,6.5088,3.5462,3.1667,0.5742,0.9569,24149.312,10164.0,10164.0,504720.6208,212427.6,,,1.485
600150,中国船舶,船舶,上海,19980520,600150.SH,20060710,21.19,21.19,20.51,20.78,21.31,-0.53,-2.49,15604.58,32317.93,1.5353,1.5353,1.23,37.0198,29.4276,6.4714,3.5258,3.1485,0.5775,0.9625,24149.312,10164.0,10164.0,501822.7034,211207.92,,,1.485
600150,中国船舶,船舶,上海,19980520,600150.SH,20060707,22.0,22.1,21.28,21.31,22.08,-0.77,-3.49,9079.5,19669.813,0.8933,0.8933,0.57,37.964,30.1781,6.6365,3.6157,3.2288,0.5631,0.9385,24149.312,10164.0,10164.0,514621.8387,216594.84,,,1.485
600150,中国船舶,船舶,上海,19980520,600150.SH,20060706,21.35,22.2,21.35,22.08,21.9,0.18,0.82,9021.65,19809.492,0.8876,0.8876,0.49,39.3357,31.2686,6.8763,3.7464,3.3455,0.5435,0.9058,24149.312,10164.0,10164.0,533216.809,224421.12,,,1.485
600150,中国船舶,船舶,上海,19980520,600150.SH,20060705,22.02,22.05,21.06,21.9,22.03,-0.13,-0.59,9480.74,20466.03,0.9328,0.9328,0.51,39.0151,31.0137,6.8202,3.7158,3.3182,0.5479,0.9132,24149.312,10164.0,10164.0,528869.9328,222591.6,,,1.485
600150,中国船舶,船舶,上海,19980520,600150.SH,20060704,22.73,22.94,21.66,22.03,22.72,-0.69,-3.04,15799.76,35078.801,1.5545,1.5545,0.78,39.2467,31.1978,6.8607,3.7379,3.3379,0.5447,0.9079,24149.312,10164.0,10164.0,532009.3434,223912.92,,,1.485
600150,中国船舶,船舶,上海,19980520,600150.SH,20060703,22.04,23.18,21.61,22.72,21.87,0.85,3.89,19851.93,44765.765,1.9532,1.9532,1.01,40.4759,32.1749,7.0756,3.855,3.4424,0.5282,0.8803,24149.312,10164.0,10164.0,548672.3686,230926.08,,,1.485
600150,中国船舶,船舶,上海,19980520,600150.SH,20060630,21.0,22.3,20.95,22.07,20.8,1.27,6.11,24935.77,54465.67,2.4533,2.4533,1.5,39.3179,31.2544,6.8732,3.7447,3.3439,0.5437,,24149.312,10164.0,10164.0,532975.3158,224319.48,,,1.485
600150,中国船舶,船舶,上海,19980520,600150.SH,20060629,20.86,21.85,20.6,20.8,20.47,0.33,1.61,22404.6,47479.232,2.2043,2.2043,1.58,37.0554,29.4559,6.4777,3.5292,3.1515,0.5769,,24149.312,10164.0,10164.0,502305.6896,211411.2,,,1.485
600150,中国船舶,船舶,上海,19980520,600150.SH,20060628,20.15,20.93,20.13,20.47,20.57,-0.1,-0.49,9223.33,18914.22,0.9075,0.9075,0.57,36.4675,28.9886,6.3749,3.4732,3.1015,0.5862,,24149.312,10164.0,10164.0,494336.4166,208057.08,,,1.485
600150,中国船舶,船舶,上海,19980520,600150.SH,20060627,21.6,21.75,20.2,20.57,21.59,-1.02,-4.72,25100.25,51976.287,2.4695,2.4695,1.69,36.6457,29.1302,6.406,3.4902,3.1167,0.5834,,24149.312,10164.0,10164.0,496751.3478,209073.48,,,1.485
600150,中国船舶,船舶,上海,19980520,600150.SH,20060626,21.62,22.5,21.51,21.59,21.68,-0.09,-0.42,17001.93,37248.81,1.6728,1.6728,1.22,38.4628,30.5747,6.7237,3.6632,3.2712,0.5558,,24149.312,10164.0,10164.0,521383.6461,219440.76,,,1.485
600150,中国船舶,船舶,上海,19980520,600150.SH,20060623,21.4,21.88,20.86,21.68,21.41,0.27,1.26,9195.83,19588.06,0.9047,0.9047,0.66,38.6231,30.7021,6.7517,3.6785,3.2848,0.5535,,24149.312,10164.0,10164.0,523557.0842,220355.52,,,1.485
600150,中国船舶,船舶,上海,19980520,600150.SH,20060622,21.14,21.9,20.5,21.41,21.14,0.27,1.28,10438.05,22140.732,1.027,1.027,0.68,38.1421,30.3197,6.6676,3.6327,3.2439,0.5605,,24149.312,10164.0,10164.0,517036.7699,217611.24,,,1.485
600150,中国船舶,船舶,上海,19980520,600150.SH,20060621,20.5,22.55,20.15,21.14,20.52,0.62,3.02,19124.17,41193.165,1.8816,1.8816,1.42,37.6611,29.9374,6.5836,3.5869,3.203,0.5676,,24149.312,10164.0,10164.0,510516.4557,214866.96,,,1.485
600150,中国船舶,船舶,上海,19980520,600150.SH,20060620,19.29,20.52,19.0,20.52,18.65,1.87,10.03,18425.33,36469.941,1.8128,1.8128,1.43,36.5566,29.0594,6.3905,3.4817,3.1091,0.5848,,24149.312,10164.0,10164.0,495543.8822,208565.28,,,1.485
600150,中国船舶,船舶,上海,19980520,600150.SH,20060615,18.6,19.2,18.46,18.65,18.65,0.0,0.0,12419.08,23349.288,1.2219,1.2219,0.83,33.2252,26.4112,5.8081,3.1644,2.8258,0.6434,,24149.312,10164.0,10164.0,450384.6688,189558.6,,,1.485
600150,中国船舶,船舶,上海,19980520,600150.SH,20060614,18.84,18.95,17.92,18.65,19.03,-0.38,-2.0,8792.4,16192.472,0.8651,0.8651,0.43,33.2252,26.4112,5.8081,3.1644,2.8258,0.6434,,24149.312,10164.0,10164.0,450384.6688,189558.6,,,1.485
600150,中国船舶,船舶,上海,19980520,600150.SH,20060613,17.89,19.09,17.89,19.03,17.89,1.14,6.37,18405.45,34510.419,1.8108,1.8108,0.88,33.9021,26.9493,5.9264,3.2289,2.8833,0.6306,,24149.312,10164.0,10164.0,459561.4074,193420.92,,,1.485
600150,中国船舶,船舶,上海,19980520,600150.SH,20060612,17.51,18.39,17.12,17.89,17.73,0.16,0.9,9341.14,16731.155,0.919,0.919,0.4,31.8712,25.3349,5.5714,3.0355,2.7106,0.6708,,24149.312,10164.0,10164.0,432031.1917,181833.96,,,1.485
600150,中国船舶,船舶,上海,19980520,600150.SH,20060609,18.3,19.29,17.7,17.73,18.67,-0.94,-5.03,15663.46,28752.671,1.5411,1.5411,0.59,31.5862,25.1083,5.5216,3.0083,2.6864,0.6768,,24149.312,10164.0,10164.0,428167.3018,180207.72,,,1.485
600150,中国船舶,船舶,上海,19980520,600150.SH,20060608,17.98,18.7,17.1,18.67,18.19,0.48,2.64,22875.53,40767.742,2.2506,2.2506,0.83,33.2608,26.4395,5.8143,3.1678,2.8288,0.6427,,24149.312,10164.0,10164.0,450867.655,189761.88,,,1.485
600150,中国船舶,船舶,上海,19980520,600150.SH,20060607,19.65,19.65,17.83,18.19,19.81,-1.62,-8.18,37022.42,68075.312,3.6425,3.6425,1.44,32.4057,25.7597,5.6648,3.0864,2.7561,0.6597,,24149.312,10164.0,10164.0,439275.9853,184883.16,,,1.485
600150,中国船舶,船舶,上海,19980520,600150.SH,20060606,19.7,20.89,19.3,19.81,20.03,-0.22,-1.1,19865.07,39484.548,1.9545,1.9545,0.73,35.2917,28.0539,6.1694,3.3612,3.0015,0.6058,,24149.312,10164.0,10164.0,478397.8707,201348.84,,,1.485
600150,中国船舶,船舶,上海,19980520,600150.SH,20060605,21.58,21.65,19.98,20.03,21.68,-1.65,-7.61,20441.47,41868.648,2.0112,2.0112,0.66,35.6837,28.3655,6.2379,3.3986,3.0348,0.5991,,24149.312,10164.0,10164.0,483710.7194,203584.92,,,1.485
600150,中国船舶,船舶,上海,19980520,600150.SH,20060602,20.31,21.98,20.31,21.68,19.98,1.7,8.51,32736.71,69859.914,3.2208,3.2208,1.03,38.6231,30.7021,6.7517,3.6785,3.2848,0.5535,,24149.312,10164.0,10164.0,523557.0842,220355.52,,,1.485
600150,中国船舶,船舶,上海,19980520,600150.SH,20060601,18.13,19.98,18.0,19.98,18.16,1.82,10.02,27329.54,52719.769,2.6889,2.6889,0.85,35.5946,28.2947,6.2223,3.3901,3.0273,0.6006,,24149.312,10164.0,10164.0,482503.2538,203076.72,,,1.485
600150,中国船舶,船舶,上海,19980520,600150.SH,20060531,18.2,19.0,17.81,18.16,18.2,-0.04,-0.22,28557.12,52763.043,2.8096,2.8096,0.83,32.3522,25.7173,5.6555,3.0813,2.7515,0.6608,,24149.312,10164.0,10164.0,438551.5059,184578.24,,,1.485
600150,中国船舶,船舶,上海,19980520,600150.SH,20060530,17.65,19.1,16.8,18.2,17.65,0.55,3.12,27567.99,49484.191,2.7123,2.7123,0.71,32.4235,25.7739,5.668,3.0881,2.7576,0.6593,,24149.312,10164.0,10164.0,439517.4784,184984.8,,,1.485
600150,中国船舶,船舶,上海,19980520,600150.SH,20060529,17.28,18.0,15.5,17.65,16.58,1.07,6.45,39644.12,69079.378,3.9004,3.9004,1.11,31.4437,24.995,5.4967,2.9947,2.6742,0.6799,,24149.312,10164.0,10164.0,426235.3568,179394.6,,,1.485
600150,中国船舶,船舶,上海,19980520,600150.SH,20060526,15.08,16.58,15.08,16.58,15.07,1.51,10.02,35672.21,57342.805,3.5097,3.5097,0.96,29.5374,23.4797,5.1635,2.8132,2.5121,0.7238,,24149.312,10164.0,10164.0,400395.593,168519.12,,,1.485
600150,中国船舶,船舶,上海,19980520,600150.SH,20060525,14.35,15.27,14.2,15.07,14.49,0.58,4.0,29170.98,43497.797,2.87,2.87,0.79,26.8474,21.3414,4.6932,2.557,2.2833,0.7963,,24149.312,10164.0,10164.0,363930.1318,153171.48,,,1.485
600150,中国船舶,船舶,上海,19980520,600150.SH,20060524,15.0,15.48,14.02,14.49,14.91,-0.42,-2.82,40946.3,60169.944,4.0286,4.0286,1.07,25.8141,20.52,4.5126,2.4586,2.1955,0.8282,,24149.312,10164.0,10164.0,349923.5309,147276.36,,,1.485
600150,中国船舶,船舶,上海,19980520,600150.SH,20060523,16.0,16.0,14.75,14.91,16.2,-1.29,-7.96,47834.78,72520.296,4.7063,4.7063,1.08,26.5623,21.1148,4.6434,2.5298,2.2591,0.8048,,24149.312,10164.0,10164.0,360066.2419,151545.24,,,1.485
600150,中国船舶,船舶,上海,19980520,600150.SH,20060522,17.1,17.27,16.13,16.2,17.32,-1.12,-6.47,24426.64,41129.165,2.4033,2.4033,0.5,28.8605,22.9416,5.0451,2.7487,2.4545,0.7407,0.7407,24149.312,10164.0,10164.0,391218.8544,164656.8,,,1.485
600150,中国船舶,船舶,上海,19980520,600150.SH,20060519,16.75,17.5,15.38,17.32,16.73,0.59,3.53,43182.31,71226.747,4.2486,4.2486,0.92,30.8558,24.5277,5.3939,2.9387,2.6242,0.6928,0.6928,24149.312,10164.0,10164.0,418266.0838,176040.48,,,1.485
600150,中国船舶,船舶,上海,19980520,600150.SH,20060518,15.9,17.5,15.9,16.73,17.64,-0.91,-5.16,27156.11,45819.263,2.6718,2.6718,0.51,29.8047,23.6922,5.2102,2.8386,2.5348,0.7173,0.7173,24149.312,10164.0,10164.0,404017.9898,170043.72,,,1.485
600150,中国船舶,船舶,上海,19980520,600150.SH,20060517,16.22,17.84,16.0,17.64,16.22,1.42,8.75,48762.47,83265.771,4.7976,4.7976,0.99,31.4258,24.9809,5.4936,2.993,2.6727,0.6803,0.6803,24149.312,10164.0,10164.0,425993.8637,179292.96,,,1.485
600150,中国船舶,船舶,上海,19980520,600150.SH,20060516,16.8,17.75,16.15,16.22,16.95,-0.73,-4.31,77775.0,130807.484,7.652,7.652,1.86,28.8961,22.9699,5.0513,2.7521,2.4576,0.7398,0.7398,24149.312,10164.0,10164.0,391701.8406,164860.08,,,1.485
600150,中国船舶,船舶,上海,19980520,600150.SH,20060515,16.81,17.1,16.2,16.95,16.65,0.3,1.8,46008.78,76945.335,4.5266,4.5266,1.18,30.1966,24.0037,5.2787,2.876,2.5682,0.708,0.708,24149.312,10164.0,10164.0,409330.8384,172279.8,,,1.485
600150,中国船舶,船舶,上海,19980520,600150.SH,20060512,15.58,16.98,15.36,16.65,15.71,0.94,5.98,35114.93,56454.479,3.4548,3.4548,0.88,29.6621,23.5789,5.1853,2.8251,2.5227,0.7207,0.7207,24149.312,10164.0,10164.0,402086.0448,169230.6,,,1.485
600150,中国船舶,船舶,上海,19980520,600150.SH,20060511,15.2,16.0,15.1,15.71,15.32,0.39,2.55,57773.92,90077.326,5.6842,5.6842,1.66,27.9875,22.2477,4.8925,2.6656,2.3803,0.7638,0.7638,24149.312,10164.0,10164.0,379385.6915,159676.44,,,1.485
600150,中国船舶,船舶,上海,19980520,600150.SH,20060510,15.15,15.89,15.1,15.32,15.29,0.03,0.2,28435.21,43990.103,2.7976,2.7976,0.81,27.2927,21.6954,4.7711,2.5994,2.3212,0.7833,0.7833,24149.312,10164.0,10164.0,369967.4598,155712.48,,,1.485
600150,中国船舶,船舶,上海,19980520,600150.SH,20060509,15.47,15.59,14.99,15.29,15.47,-0.18,-1.16,41934.94,64174.468,4.1258,4.1258,1.29,27.2393,21.6529,4.7617,2.5943,2.3167,0.7848,0.7848,24149.312,10164.0,10164.0,369242.9805,155407.56,,,1.485
600150,中国船舶,船舶,上海,19980520,600150.SH,20060508,14.8,15.89,14.75,15.47,14.68,0.79,5.38,31394.65,48443.125,3.0888,3.0888,0.85,27.56,21.9078,4.8178,2.6248,2.3439,0.7757,0.7757,24149.312,10164.0,10164.0,373589.8566,157237.08,,,1.485
600150,中国船舶,船舶,上海,19980520,600150.SH,20060428,13.98,14.8,13.71,14.68,14.23,0.45,3.16,39874.94,56914.39,3.9232,3.9232,1.0,26.1526,20.7891,4.5717,2.4908,2.2242,0.8174,0.8174,24149.312,10164.0,10164.0,354511.9002,149207.52,,,1.485
600150,中国船舶,船舶,上海,19980520,600150.SH,20060427,14.5,15.18,14.0,14.23,14.19,0.04,0.28,32255.47,46482.682,3.1735,3.1735,0.81,25.3509,20.1518,4.4316,2.4144,2.1561,0.8433,0.8433,24149.312,10164.0,10164.0,343644.7098,144633.72,,,1.485
600150,中国船舶,船舶,上海,19980520,600150.SH,20060426,14.2,14.95,14.12,14.19,14.2,-0.01,-0.07,29822.59,43076.492,2.9341,2.9341,0.72,25.2796,25.2796,4.7846,2.4077,2.4077,0.8457,0.8457,24149.312,10164.0,10164.0,342678.7373,144227.16,,,1.485
600150,中国船舶,船舶,上海,19980520,600150.SH,20060425,14.4,14.55,13.98,14.2,14.5,-0.3,-2.07,29006.79,41280.219,2.8539,2.8539,0.69,25.2974,25.2974,4.7879,2.4094,2.4094,0.8451,0.8451,24149.312,10164.0,10164.0,342920.2304,144328.8,,,1.485
600150,中国船舶,船舶,上海,19980520,600150.SH,20060424,13.7,14.58,13.5,14.5,13.69,0.81,5.92,54490.43,77491.737,5.3611,5.3611,1.4,25.8319,25.8319,4.8891,2.4603,2.4603,0.8276,0.8276,24149.312,10164.0,10164.0,350165.024,147378.0,,,1.485
600150,中国船舶,船舶,上海,19980520,600150.SH,20060421,12.55,13.79,12.38,13.69,12.54,1.15,9.17,53377.7,70928.62,5.2516,5.2516,1.65,24.3889,24.3889,4.616,2.3228,2.3228,0.8766,0.8766,24149.312,10164.0,10164.0,330604.0813,139145.16,,,1.485
600150,中国船舶,船舶,上海,19980520,600150.SH,20060420,12.84,13.4,12.46,12.54,12.85,-0.31,-2.41,32048.61,41001.704,3.1531,3.1531,0.95,22.3401,22.3401,4.2282,2.1277,2.1277,0.9569,0.9569,24149.312,10164.0,10164.0,302832.3725,127456.56,,,1.485
600150,中国船舶,船舶,上海,19980520,600150.SH,20060419,11.99,13.0,11.99,12.85,11.93,0.92,7.71,37227.51,46449.715,3.6627,3.6627,1.05,22.8924,22.8924,4.3327,2.1803,2.1803,0.9339,0.9339,24149.312,10164.0,10164.0,310318.6592,130607.4,,,1.485
600150,中国船舶,船舶,上海,19980520,600150.SH,20060418,11.8,12.37,11.74,11.93,11.92,0.01,0.08,31649.88,38015.896,3.1139,3.1139,0.95,21.2534,21.2534,4.0225,2.0242,2.0242,1.0059,1.0059,24149.312,10164.0,10164.0,288101.2922,121256.52,,,1.485
600150,中国船舶,船舶,上海,19980520,600150.SH,20060417,12.14,12.62,11.92,11.92,12.17,-0.25,-2.05,40779.2,49819.64,4.0121,4.0121,1.3,21.2356,21.2356,4.0192,2.0225,2.0225,1.0067,1.0067,24149.312,10164.0,10164.0,287859.799,121154.88,,,1.485
600150,中国船舶,船舶,上海,19980520,600150.SH,20060414,11.8,12.29,11.52,12.17,11.85,0.32,2.7,19705.12,23350.568,1.9387,1.9387,0.6,21.681,21.681,4.1035,2.0649,2.0649,0.986,0.986,24149.312,10164.0,10164.0,293897.127,123695.88,,,1.485
600150,中国船舶,船舶,上海,19980520,600150.SH,20060413,12.3,12.72,11.82,11.85,12.34,-0.49,-3.97,39469.37,47800.0,3.8833,3.8833,1.25,21.1109,21.1109,3.9956,2.0106,2.0106,1.0127,1.0127,24149.312,10164.0,10164.0,286169.3472,120443.4,,,1.485
600150,中国船舶,船舶,上海,19980520,600150.SH,20060412,11.18,12.34,11.05,12.34,11.22,1.12,9.98,44850.52,53261.937,4.4127,4.4127,1.7,21.9838,21.9838,4.1608,2.0938,2.0938,0.9724,0.9724,24149.312,10164.0,10164.0,298002.5101,125423.76,,,1.485
600150,中国船舶,船舶,上海,19980520,600150.SH,20060411,11.44,11.45,10.95,11.22,11.13,0.09,0.81,22618.26,25440.858,2.2253,2.2253,0.79,19.9885,19.9885,3.7831,1.9037,1.9037,1.0695,1.0695,24149.312,10164.0,10164.0,270955.2806,114040.08,,,1.485
600150,中国船舶,船舶,上海,19980520,600150.SH,20060410,11.14,11.2,10.88,11.13,11.14,-0.01,-0.09,29632.76,32733.1,2.9155,3.8484,1.07,32.5409,22.0218,4.058,2.3337,2.0421,1.0782,1.0782,24149.312,10164.0,7700.0,268781.8426,113125.32,,,1.485
600150,中国船舶,船舶,上海,19980520,600150.SH,20060407,11.01,11.2,10.66,11.14,11.1,0.04,0.36,26926.19,29191.979,2.6492,3.4969,0.91,32.5701,22.0416,4.0617,2.3358,2.0439,1.0772,1.0772,24149.312,10164.0,7700.0,269023.3357,113226.96,,,1.485
600150,中国船舶,船舶,上海,19980520,600150.SH,20060406,11.1,11.58,11.04,11.1,11.11,-0.01,-0.09,34415.24,39152.835,3.386,4.4695,1.17,32.4532,21.9625,4.0471,2.3274,2.0366,1.0811,1.0811,24149.312,10164.0,7700.0,268057.3632,112820.4,,,1.485
600150,中国船舶,船舶,上海,19980520,600150.SH,20060405,11.04,11.15,10.88,11.11,11.05,0.06,0.54,17968.69,19803.555,1.7679,2.3336,0.55,32.4824,21.9823,4.0507,2.3295,2.0384,1.0801,1.0801,24149.312,10164.0,7700.0,268298.8563,112922.04,,,1.485
600150,中国船舶,船舶,上海,19980520,600150.SH,20060404,11.08,11.25,10.86,11.05,11.08,-0.03,-0.27,34108.18,37492.694,3.3558,4.4296,0.93,32.307,21.8636,4.0288,2.3169,2.0274,1.086,1.086,24149.312,10164.0,7700.0,266849.8976,112312.2,,,1.485
600150,中国船舶,船舶,上海,19980520,600150.SH,20060403,10.35,11.08,10.32,11.08,10.36,0.72,6.95,25310.61,27569.558,2.4902,3.2871,0.65,32.3947,21.9229,4.0398,2.3232,2.0329,1.083,1.083,24149.312,10164.0,7700.0,267574.377,112617.12,,,1.485
600150,中国船舶,船舶,上海,19980520,600150.SH,20060331,10.3,10.46,10.2,10.36,10.32,0.04,0.39,36294.63,37495.116,3.5709,4.7136,1.03,30.2896,20.4983,3.7773,2.1722,1.9008,1.1583,1.1583,24149.312,10164.0,7700.0,250186.8723,105299.04,,,1.485
600150,中国船舶,船舶,上海,19980520,600150.SH,20060330,10.1,10.55,10.0,10.32,10.1,0.22,2.18,33797.57,34943.772,3.3252,4.3893,1.05,30.1727,20.4192,3.7627,2.1639,1.8935,1.1628,1.1628,24149.312,10164.0,7700.0,249220.8998,104892.48,,,1.485
600150,中国船舶,船舶,上海,19980520,600150.SH,20060329,10.06,10.4,9.96,10.1,10.09,0.01,0.1,33103.86,33555.608,3.257,4.2992,1.15,29.5295,19.9839,3.6825,2.1177,1.8531,1.1881,1.1881,24149.312,10164.0,7700.0,243908.0512,102656.4,,,1.485
600150,中国船舶,船舶,上海,19980520,600150.SH,20060328,9.7,10.2,9.65,10.09,9.7,0.39,4.02,55202.95,55078.76,5.4312,7.1692,2.48,29.5002,19.9641,3.6788,2.1156,1.8513,1.1893,1.1893,24149.312,10164.0,7700.0,243666.5581,102554.76,,,1.485
600150,中国船舶,船舶,上海,19980520,600150.SH,20060327,9.18,9.85,9.15,9.7,9.19,0.51,5.55,37118.94,35557.744,3.652,4.8206,1.65,28.36,19.1924,3.5366,2.0339,1.7797,1.2371,1.2371,24149.312,10164.0,7700.0,234248.3264,98590.8,,,1.485
600150,中国船舶,船舶,上海,19980520,600150.SH,20060324,9.38,9.44,9.03,9.19,9.36,-0.17,-1.82,16421.54,15228.01,1.6157,2.1327,0.66,26.8689,18.1834,3.3507,1.9269,1.6861,1.3058,1.3058,24149.312,10164.0,7700.0,221932.1773,93407.16,,,1.485
600150,中国船舶,船舶,上海,19980520,600150.SH,20060323,9.4,9.4,9.29,9.36,9.4,-0.04,-0.43,18829.8,17592.347,1.8526,2.4454,0.81,27.3659,18.5197,3.4127,1.9626,1.7173,1.2821,1.2821,24149.312,10164.0,7700.0,226037.5603,95135.04,,,1.485
600150,中国船舶,船舶,上海,19980520,600150.SH,20060322,9.23,9.49,9.11,9.4,9.25,0.15,1.62,16373.23,15173.502,1.6109,2.1264,0.69,27.4829,18.5989,3.4273,1.9709,1.7247,1.2766,1.2766,24149.312,10164.0,7700.0,227003.5328,95541.6,,,1.485
600150,中国船舶,船舶,上海,19980520,600150.SH,20060321,9.31,9.39,9.16,9.25,9.29,-0.04,-0.43,22747.59,21059.753,2.2381,2.9542,1.09,27.0443,18.3021,3.3726,1.9395,1.6972,1.2973,1.2973,24149.312,10164.0,7700.0,223381.136,94017.0,,,1.485
600150,中国船舶,船舶,上海,19980520,600150.SH,20060320,8.84,9.35,8.84,9.29,8.9,0.39,4.38,38176.8,35147.732,3.7561,4.958,2.69,27.1613,18.3812,3.3871,1.9479,1.7045,1.2917,1.2917,24149.312,10164.0,7700.0,224347.1085,94423.56,,,1.485
600150,中国船舶,船舶,上海,19980520,600150.SH,20060317,8.8,9.1,8.77,8.9,8.8,0.1,1.14,28211.15,25214.814,2.7756,3.6638,2.96,26.021,17.6096,3.245,1.8661,1.6329,1.3483,1.3483,24149.312,10164.0,7700.0,214928.8768,90459.6,,,1.485
600150,中国船舶,船舶,上海,19980520,600150.SH,20060316,8.83,8.85,8.7,8.8,8.82,-0.02,-0.23,10372.37,9111.035,1.0205,1.3471,1.07,25.7286,17.4117,3.2085,1.8451,1.6146,1.3636,1.3636,24149.312,10164.0,7700.0,212513.9456,89443.2,,,1.485
600150,中国船舶,船舶,上海,19980520,600150.SH,20060315,8.49,8.84,8.46,8.82,8.54,0.28,3.28,19946.72,17394.52,1.9625,2.5905,1.88,25.7871,17.4513,3.2158,1.8493,1.6183,1.3605,1.3605,24149.312,10164.0,7700.0,212996.9318,89646.48,,,1.485
600150,中国船舶,船舶,上海,19980520,600150.SH,20060314,8.55,8.57,8.43,8.54,8.51,0.03,0.35,7268.73,6175.817,0.7151,0.944,0.58,24.9685,16.8973,3.1137,1.7906,1.5669,1.4052,1.4052,24149.312,10164.0,7700.0,206235.1245,86800.56,,,1.485
600150,中国船舶,船舶,上海,19980520,600150.SH,20060313,8.41,8.55,8.33,8.51,8.41,0.1,1.19,5141.26,4343.644,0.5058,0.6677,0.37,24.8808,16.8379,3.1028,1.7843,1.5614,1.4101,1.4101,24149.312,10164.0,7700.0,205510.6451,86495.64,,,1.485
600150,中国船舶,船舶,上海,19980520,600150.SH,20060310,8.32,8.45,8.32,8.41,8.3,0.11,1.33,4864.2,4083.914,0.4786,0.6317,0.25,24.5884,16.64,3.0663,1.7634,1.543,1.4269,1.4269,24149.312,10164.0,7700.0,203095.7139,85479.24,,,1.485
600150,中国船舶,船舶,上海,19980520,600150.SH,20060309,8.44,8.48,8.27,8.3,8.44,-0.14,-1.66,11454.69,9557.688,1.127,1.4876,0.41,24.2668,16.4224,3.0262,1.7403,1.5229,1.4458,1.4458,24149.312,10164.0,7700.0,200439.2896,84361.2,,,1.485
600150,中国船舶,船舶,上海,19980520,600150.SH,20060308,8.63,8.79,8.33,8.44,8.68,-0.24,-2.77,24428.11,20941.244,2.4034,3.1725,0.77,24.6761,16.6994,3.0772,1.7697,1.5485,1.4218,1.4218,24149.312,10164.0,7700.0,203820.1933,85784.16,,,1.485
600150,中国船舶,船舶,上海,19980520,600150.SH,20060307,8.78,8.92,8.65,8.68,8.83,-0.15,-1.7,17316.49,15177.691,1.7037,2.2489,0.55,25.3778,17.1743,3.1647,1.82,1.5926,1.3825,1.3825,24149.312,10164.0,7700.0,209616.0282,88223.52,,,1.485
600150,中国船舶,船舶,上海,19980520,600150.SH,20060306,8.95,9.0,8.8,8.83,8.96,-0.13,-1.45,11439.6,10204.012,1.1255,1.4857,0.36,25.8164,17.4711,3.2194,1.8514,1.6201,1.359,1.359,24149.312,10164.0,7700.0,213238.425,89748.12,,,1.485
600150,中国船舶,船舶,上海,19980520,600150.SH,20060303,8.67,9.02,8.66,8.96,8.69,0.27,3.11,33529.06,29792.99,3.2988,4.3544,1.27,26.1964,17.7283,3.2668,1.8787,1.6439,1.3393,1.3393,24149.312,10164.0,7700.0,216377.8355,91069.44,,,1.485
600150,中国船舶,船舶,上海,19980520,600150.SH,20060302,8.7,8.96,8.65,8.69,8.68,0.01,0.12,53797.39,47499.777,5.2929,6.9867,3.17,25.407,17.1941,3.1684,1.8221,1.5944,1.3809,1.3809,24149.312,10164.0,7700.0,209857.5213,88325.16,,,1.485
600150,中国船舶,船舶,上海,19980520,600150.SH,20060301,8.48,8.68,8.27,8.68,8.48,0.2,2.36,41627.94,35221.731,4.0956,5.4062,3.84,25.3778,17.1743,3.1647,1.82,1.5926,1.3825,1.3825,24149.312,10164.0,7700.0,209616.0282,88223.52,,,1.485
600150,中国船舶,船舶,上海,19980520,600150.SH,20060228,8.39,8.56,8.33,8.48,8.38,0.1,1.19,16365.87,13768.251,1.6102,2.1254,1.71,24.7931,16.7785,3.0918,1.778,1.5559,1.4151,1.4151,24149.312,10164.0,7700.0,204786.1658,86190.72,,,1.485
600150,中国船舶,船舶,上海,19980520,600150.SH,20060227,8.61,8.66,8.36,8.38,8.6,-0.22,-2.56,11985.42,10132.065,1.1792,1.5565,1.34,24.5007,16.5807,3.0554,1.7571,1.5375,1.432,1.432,24149.312,10164.0,7700.0,202371.2346,85174.32,,,1.485
600150,中国船舶,船舶,上海,19980520,600150.SH,20060224,8.6,8.75,8.55,8.6,8.6,0.0,0.0,8398.95,7228.448,0.8263,1.0908,0.89,25.1439,17.016,3.1356,1.8032,1.5779,1.3953,1.3953,24149.312,10164.0,7700.0,207684.0832,87410.4,,,1.485
600150,中国船舶,船舶,上海,19980520,600150.SH,20060223,8.6,8.61,8.54,8.6,8.6,0.0,0.0,6470.25,5556.75,0.6366,0.8403,0.48,25.1439,17.016,3.1356,1.8032,1.5779,1.3953,1.3953,24149.312,10164.0,7700.0,207684.0832,87410.4,,,1.485
600150,中国船舶,船舶,上海,19980520,600150.SH,20060222,8.76,8.79,8.56,8.6,8.72,-0.12,-1.38,10981.23,9497.627,1.0804,1.4261,0.79,25.1439,17.016,3.1356,1.8032,1.5779,1.3953,1.3953,24149.312,10164.0,7700.0,207684.0832,87410.4,,,1.485
600150,中国船舶,船舶,上海,19980520,600150.SH,20060221,8.77,8.78,8.53,8.72,8.76,-0.04,-0.46,10052.2,8707.136,0.989,1.3055,0.73,25.4947,17.2534,3.1793,1.8284,1.5999,1.3761,1.3761,24149.312,10164.0,7700.0,210582.0006,88630.08,,,1.485
600150,中国船舶,船舶,上海,19980520,600150.SH,20060220,8.61,8.84,8.61,8.76,8.68,0.08,0.92,8982.27,7891.94,0.8837,1.1665,0.57,25.6117,17.3326,3.1939,1.8368,1.6073,1.3699,1.3699,24149.312,10164.0,7700.0,211547.9731,89036.64,,,1.485
600150,中国船舶,船舶,上海,19980520,600150.SH,20060217,8.57,8.95,8.5,8.68,8.57,0.11,1.28,10869.88,9574.963,1.0694,1.4117,0.7,25.3778,17.1743,3.1647,1.82,1.5926,1.3825,1.3825,24149.312,10164.0,7700.0,209616.0282,88223.52,,,1.485
600150,中国船舶,船舶,上海,19980520,600150.SH,20060216,8.9,8.93,8.51,8.57,8.89,-0.32,-3.6,26743.22,23234.124,2.6312,3.4731,1.83,25.0562,16.9566,3.1246,1.7969,1.5724,1.4002,1.4002,24149.312,10164.0,7700.0,206959.6038,87105.48,,,1.485
600150,中国船舶,船舶,上海,19980520,600150.SH,20060215,8.88,9.04,8.86,8.89,8.88,0.01,0.11,12947.84,11546.374,1.2739,1.6815,0.66,25.9918,17.5898,3.2413,1.864,1.6311,1.3498,1.3498,24149.312,10164.0,7700.0,214687.3837,90357.96,,,1.485
600150,中国船舶,船舶,上海,19980520,600150.SH,20060214,8.86,9.06,8.8,8.88,8.88,0.0,0.0,9524.16,8515.558,0.937,1.2369,0.41,25.9625,17.57,3.2377,1.8619,1.6293,1.3514,1.3514,24149.312,10164.0,7700.0,214445.8906,90256.32,,,1.485
600150,中国船舶,船舶,上海,19980520,600150.SH,20060213,9.25,9.26,8.79,8.88,9.26,-0.38,-4.1,19300.71,17236.032,1.8989,2.5066,0.83,25.9625,17.57,3.2377,1.8619,1.6293,1.3514,1.3514,24149.312,10164.0,7700.0,214445.8906,90256.32,,,1.485
600150,中国船舶,船舶,上海,19980520,600150.SH,20060210,9.2,9.28,9.02,9.26,9.2,0.06,0.65,9669.96,8806.97,0.9514,1.2558,0.33,27.0735,18.3219,3.3762,1.9416,1.699,1.2959,1.2959,24149.312,10164.0,7700.0,223622.6291,94118.64,,,1.485
600150,中国船舶,船舶,上海,19980520,600150.SH,20060209,9.28,9.38,9.13,9.2,9.28,-0.08,-0.86,21774.77,20069.848,2.1423,2.8279,0.66,26.8981,18.2031,3.3543,1.929,1.688,1.3043,1.3043,24149.312,10164.0,7700.0,222173.6704,93508.8,,,1.485
600150,中国船舶,船舶,上海,19980520,600150.SH,20060208,9.05,9.5,9.02,9.28,9.07,0.21,2.32,38464.21,35748.317,3.7844,4.9954,1.14,27.132,18.3614,3.3835,1.9458,1.7027,1.2931,1.2931,24149.312,10164.0,7700.0,224105.6154,94321.92,,,1.485
600150,中国船舶,船舶,上海,19980520,600150.SH,20060207,9.14,9.52,9.0,9.07,9.13,-0.06,-0.66,28186.26,25970.324,2.7731,3.6606,0.86,26.518,17.9459,3.3069,1.9018,1.6641,1.323,1.323,24149.312,10164.0,7700.0,219034.2598,92187.48,,,1.485
600150,中国船舶,船舶,上海,19980520,600150.SH,20060206,9.22,9.31,9.0,9.13,9.21,-0.08,-0.87,18790.28,17120.343,1.8487,2.4403,0.55,26.6935,18.0646,3.3288,1.9143,1.6751,1.3143,1.3143,24149.312,10164.0,7700.0,220483.2186,92797.32,,,1.485
600150,中国船舶,船舶,上海,19980520,600150.SH,20060125,8.8,9.22,8.8,9.21,8.8,0.41,4.66,39959.49,36167.039,3.9315,5.1895,1.39,26.9274,18.2229,3.358,1.9311,1.6898,1.3029,1.3029,24149.312,10164.0,7700.0,222415.1635,93610.44,,,1.485
600150,中国船舶,船舶,上海,19980520,600150.SH,20060124,8.24,8.81,8.15,8.8,8.24,0.56,6.8,40029.85,34147.56,3.9384,5.1987,1.76,25.7286,17.4117,3.2085,1.8451,1.6146,1.3636,1.3636,24149.312,10164.0,7700.0,212513.9456,89443.2,,,1.485
600150,中国船舶,船舶,上海,19980520,600150.SH,20060123,8.7,8.7,8.1,8.24,8.7,-0.46,-5.29,41966.03,35129.208,4.1289,5.4501,2.34,24.0914,16.3037,3.0043,1.7277,1.5118,1.4563,1.4563,24149.312,10164.0,7700.0,198990.3309,83751.36,,,1.485
600150,中国船舶,船舶,上海,19980520,600150.SH,20060120,9.05,9.08,8.65,8.7,9.06,-0.36,-3.97,22358.31,19604.85,2.1998,2.9037,1.18,25.4363,17.2138,3.172,1.8242,1.5962,1.3793,1.3793,24149.312,10164.0,7700.0,210099.0144,88426.8,,,1.485
600150,中国船舶,船舶,上海,19980520,600150.SH,20060119,9.05,9.17,8.94,9.06,9.05,0.01,0.11,25619.52,23137.08,2.5206,3.3272,1.31,26.4888,17.9261,3.3033,1.8997,1.6623,1.3245,1.3245,24149.312,10164.0,7700.0,218792.7667,92085.84,,,1.485
600150,中国船舶,船舶,上海,19980520,600150.SH,20060118,8.91,9.15,8.88,9.05,8.95,0.1,1.12,14063.72,12666.168,1.3837,1.8265,0.74,26.4596,17.9064,3.2996,1.8976,1.6605,1.326,1.326,24149.312,10164.0,7700.0,218551.2736,91984.2,,,1.485
600150,中国船舶,船舶,上海,19980520,600150.SH,20060117,9.06,9.09,8.7,8.95,9.07,-0.12,-1.32,9809.09,8759.495,0.9651,1.2739,0.49,26.1672,17.7085,3.2632,1.8766,1.6421,1.3408,1.3408,24149.312,10164.0,7700.0,216136.3424,90967.8,,,1.485
600150,中国船舶,船舶,上海,19980520,600150.SH,20060116,9.02,9.17,8.96,9.07,9.02,0.05,0.55,17797.69,16113.334,1.7511,2.3114,0.91,26.518,17.9459,3.3069,1.9018,1.6641,1.323,1.323,24149.312,10164.0,7700.0,219034.2598,92187.48,,,1.485
600150,中国船舶,船舶,上海,19980520,600150.SH,20060113,9.16,9.18,8.89,9.02,9.18,-0.16,-1.74,27659.99,24943.835,2.7214,3.5922,1.52,26.3719,17.847,3.2887,1.8913,1.655,1.3304,1.3304,24149.312,10164.0,7700.0,217826.7942,91679.28,,,1.485
600150,中国船舶,船舶,上海,19980520,600150.SH,20060112,9.24,9.26,8.98,9.18,9.25,-0.07,-0.76,28129.88,25582.919,2.7676,3.6532,1.55,26.8396,18.1636,3.347,1.9248,1.6843,1.3072,1.3072,24149.312,10164.0,7700.0,221690.6842,93305.52,,,1.485
600150,中国船舶,船舶,上海,19980520,600150.SH,20060111,9.22,9.5,9.1,9.25,9.22,0.03,0.33,12128.05,11315.049,1.1932,1.5751,0.67,27.0443,18.3021,3.3726,1.9395,1.6972,1.2973,1.2973,24149.312,10164.0,7700.0,223381.136,94017.0,,,1.485
600150,中国船舶,船舶,上海,19980520,600150.SH,20060110,9.18,9.23,9.01,9.22,9.2,0.02,0.22,14826.02,13494.465,1.4587,1.9255,0.71,26.9566,18.2427,3.3616,1.9332,1.6916,1.3015,1.3015,24149.312,10164.0,7700.0,222656.6566,93712.08,,,1.485
600150,中国船舶,船舶,上海,19980520,600150.SH,20060109,8.9,9.23,8.82,9.2,8.92,0.28,3.14,14639.02,13316.093,1.4403,1.9012,0.65,26.8981,18.2031,3.3543,1.929,1.688,1.3043,1.3043,24149.312,10164.0,7700.0,222173.6704,93508.8,,,1.485
600150,中国船舶,船舶,上海,19980520,600150.SH,20060106,8.68,9.09,8.6,8.92,8.68,0.24,2.77,21191.91,18876.059,2.085,2.7522,1.06,26.0795,17.6491,3.2522,1.8703,1.6366,1.3453,1.3453,24149.312,10164.0,7700.0,215411.863,90662.88,,,1.485
600150,中国船舶,船舶,上海,19980520,600150.SH,20060105,8.49,8.7,8.46,8.68,8.47,0.21,2.48,27948.87,23981.989,2.7498,3.6297,1.69,25.3778,17.1743,3.1647,1.82,1.5926,1.3825,1.3825,24149.312,10164.0,7700.0,209616.0282,88223.52,,,1.485
600150,中国船舶,船舶,上海,19980520,600150.SH,20060104,8.37,8.53,8.37,8.47,8.35,0.12,1.44,12403.78,10479.868,1.2204,1.6109,0.72,24.7638,16.7588,3.0882,1.776,1.554,1.4168,1.4168,24149.312,10164.0,7700.0,204544.6726,86089.08,,,1.485
600150,中国船舶,船舶,上海,19980520,600150.SH,20051230,8.51,8.68,8.32,8.35,8.51,-0.16,-1.88,27511.64,23321.842,2.7068,3.5729,1.8,24.413,16.5213,3.0444,1.7508,1.532,0.0,1.4371,24149.312,10164.0,7700.0,201646.7552,84869.4,,,1.485
600150,中国船舶,船舶,上海,19980520,600150.SH,20051229,8.4,8.52,8.34,8.51,8.41,0.1,1.19,23627.64,19889.462,2.3246,3.0685,1.92,24.8808,16.8379,3.1028,1.7843,1.5614,0.0,1.4101,24149.312,10164.0,7700.0,205510.6451,86495.64,,,1.485
600150,中国船舶,船舶,上海,19980520,600150.SH,20051228,8.5,8.53,8.4,8.41,8.53,-0.12,-1.41,8235.64,6969.182,0.8103,1.0696,0.7,24.5884,16.64,3.0663,1.7634,1.543,0.0,1.4269,24149.312,10164.0,7700.0,203095.7139,85479.24,,,1.485
600150,中国船舶,船舶,上海,19980520,600150.SH,20051227,8.4,8.55,8.29,8.53,8.41,0.12,1.43,10865.9,9100.316,1.0691,1.4112,1.02,24.9392,16.8775,3.11,1.7885,1.5651,0.0,1.4068,24149.312,10164.0,7700.0,205993.6314,86698.92,,,1.485
600150,中国船舶,船舶,上海,19980520,600150.SH,20051226,8.54,8.57,8.35,8.41,8.54,-0.13,-1.52,16231.93,13652.359,1.597,2.108,1.78,24.5884,16.64,3.0663,1.7634,1.543,0.0,1.4269,24149.312,10164.0,7700.0,203095.7139,85479.24,,,1.485
600150,中国船舶,船舶,上海,19980520,600150.SH,20051223,8.35,8.57,8.31,8.54,8.35,0.19,2.28,17317.1,14665.644,1.7038,2.249,2.48,24.9685,16.8973,3.1137,1.7906,1.5669,0.0,1.4052,24149.312,10164.0,7700.0,206235.1245,86800.56,,,1.485
600150,中国船舶,船舶,上海,19980520,600150.SH,20051222,8.01,8.41,8.0,8.35,8.05,0.3,3.73,8759.36,7212.832,0.8618,1.1376,1.25,24.413,16.5213,3.0444,1.7508,1.532,0.0,1.4371,24149.312,10164.0,7700.0,201646.7552,84869.4,,,1.485
600150,中国船舶,船舶,上海,19980520,600150.SH,20051221,7.93,8.07,7.93,8.05,7.93,0.12,1.51,5467.7,4383.662,0.5379,0.7101,0.57,23.5359,15.9277,2.935,1.6879,1.477,0.0,1.4907,24149.312,10164.0,7700.0,194401.9616,81820.2,,,1.485
600150,中国船舶,船舶,上海,19980520,600150.SH,20051220,7.93,8.0,7.86,7.93,7.93,0.0,0.0,5631.65,4464.02,0.5541,0.7314,0.51,23.185,15.6903,2.8913,1.6627,1.455,0.0,1.5132,24149.312,10164.0,7700.0,191504.0442,80600.52,,,1.485
600150,中国船舶,船舶,上海,19980520,600150.SH,20051219,7.9,8.05,7.9,7.93,7.96,-0.03,-0.38,8513.88,6779.483,0.8377,1.1057,0.61,23.185,15.6903,2.8913,1.6627,1.455,0.0,1.5132,24149.312,10164.0,7700.0,191504.0442,80600.52,,,1.485
600150,中国船舶,船舶,上海,19980520,600150.SH,20051216,8.01,8.02,7.87,7.96,8.01,-0.05,-0.62,6515.3,5166.188,0.641,0.8461,0.34,23.2727,15.7497,2.9022,1.669,1.4605,0.0,1.5075,24149.312,10164.0,7700.0,192228.5235,80905.44,,,1.485
600150,中国船舶,船舶,上海,19980520,600150.SH,20051215,7.92,8.08,7.92,8.01,7.96,0.05,0.63,9033.94,7232.013,0.8888,1.1732,0.45,23.4189,15.8486,2.9205,1.6795,1.4696,0.0,1.4981,24149.312,10164.0,7700.0,193435.9891,81413.64,,,1.485
600150,中国船舶,船舶,上海,19980520,600150.SH,20051214,7.95,8.08,7.83,7.96,7.97,-0.01,-0.13,18041.21,14399.854,1.775,2.343,1.03,23.2727,15.7497,2.9022,1.669,1.4605,0.0,1.5075,24149.312,10164.0,7700.0,192228.5235,80905.44,,,1.485
600150,中国船舶,船舶,上海,19980520,600150.SH,20051213,8.05,8.05,7.82,7.97,8.05,-0.08,-0.99,13066.2,10354.421,1.2855,1.6969,0.82,23.302,15.7695,2.9059,1.6711,1.4623,0.0,1.5056,24149.312,10164.0,7700.0,192470.0166,81007.08,,,1.485
600150,中国船舶,船舶,上海,19980520,600150.SH,20051212,7.63,8.07,7.6,8.05,7.66,0.39,5.09,23543.24,18650.406,2.3163,3.0576,1.95,23.5359,15.9277,2.935,1.6879,1.477,0.0,1.4907,24149.312,10164.0,7700.0,194401.9616,81820.2,,,1.485
600150,中国船舶,船舶,上海,19980520,600150.SH,20051209,7.29,7.8,7.29,7.66,7.3,0.36,4.93,31614.89,23792.275,3.1105,4.1058,4.85,22.3956,15.1561,2.7928,1.6061,1.4054,0.0,1.5666,24149.312,10164.0,7700.0,184983.7299,77856.24,,,1.485
600150,中国船舶,船舶,上海,19980520,600150.SH,20051208,7.52,7.65,7.26,7.3,7.51,-0.21,-2.8,13334.68,9835.114,1.312,1.7318,2.66,21.3431,14.4438,2.6616,1.5306,1.3394,0.0,1.6438,24149.312,10164.0,7700.0,176289.9776,74197.2,,,1.485
600150,中国船舶,船舶,上海,19980520,600150.SH,20051207,7.2,7.52,7.19,7.51,7.19,0.32,4.45,6433.99,4765.331,0.633,0.8356,1.01,21.9571,14.8593,2.7382,1.5747,1.3779,0.0,1.5979,24149.312,10164.0,7700.0,181361.3331,76331.64,,,1.485
600150,中国船舶,船舶,上海,19980520,600150.SH,20051206,7.3,7.3,7.18,7.19,7.33,-0.14,-1.91,5015.46,3617.946,0.4935,0.6514,0.73,21.0215,14.2262,2.6215,1.5076,1.3192,0.0,1.669,24149.312,10164.0,7700.0,173633.5533,73079.16,,,1.485
600150,中国船舶,船舶,上海,19980520,600150.SH,20051205,7.5,7.56,7.26,7.33,7.53,-0.2,-2.66,4072.02,3029.842,0.4006,0.5288,0.51,21.4308,14.5032,2.6725,1.5369,1.3449,0.0,1.6371,24149.312,10164.0,7700.0,177014.457,74502.12,,,1.485
600150,中国船舶,船舶,上海,19980520,600150.SH,20051202,7.65,7.75,7.5,7.53,7.65,-0.12,-1.57,3724.87,2828.039,0.3665,0.4837,0.35,22.0155,14.8989,2.7454,1.5789,1.3816,0.0,1.5936,24149.312,10164.0,7700.0,181844.3194,76534.92,,,1.485
600150,中国船舶,船舶,上海,19980520,600150.SH,20051201,7.91,7.95,7.58,7.65,7.95,-0.3,-3.77,5800.35,4505.318,0.5707,0.7533,0.48,22.3664,15.1363,2.7892,1.604,1.4036,0.0,1.5686,24149.312,10164.0,7700.0,184742.2368,77754.6,,,1.485
600150,中国船舶,船舶,上海,19980520,600150.SH,20051130,7.78,8.04,7.75,7.95,10.4,-2.45,-23.56,13366.01,10551.773,1.315,1.7358,1.05,23.2435,15.7299,2.8986,1.6669,1.4586,0.0,1.5094,24149.312,10164.0,7700.0,191987.0304,80803.8,,,1.485
600150,中国船舶,船舶,上海,19980520,600150.SH,20051104,10.48,10.55,10.21,10.4,10.49,-0.09,-0.86,7250.22,7454.94,0.9416,0.9416,0.53,30.4066,20.5775,3.7919,2.1806,1.9082,0.0,3.6188,24149.312,7700.0,7700.0,251152.8448,80080.0,,,1.485
600150,中国船舶,船舶,上海,19980520,600150.SH,20051103,10.59,10.6,10.43,10.49,10.59,-0.1,-0.94,10052.0,10556.326,1.3055,1.3055,0.63,30.6697,20.7555,3.8247,2.1995,1.9247,0.0,3.5877,24149.312,7700.0,7700.0,253326.2829,80773.0,,,1.485
600150,中国船舶,船舶,上海,19980520,600150.SH,20051102,10.32,10.67,10.32,10.59,10.48,0.11,1.05,16496.0,17478.246,2.1423,2.1423,1.2,30.9621,20.9534,3.8611,2.2205,1.943,0.0,3.5539,24149.312,7700.0,7700.0,255741.2141,81543.0,,,1.485
600150,中国船舶,船舶,上海,19980520,600150.SH,20051101,10.38,10.68,10.3,10.48,10.64,-0.16,-1.5,13267.0,13837.427,1.723,1.723,1.08,30.6405,20.7358,3.821,2.1974,1.9228,0.0,3.5912,24149.312,7700.0,7700.0,253084.7898,80696.0,,,1.485
600150,中国船舶,船舶,上海,19980520,600150.SH,20051031,10.9,10.9,10.5,10.64,10.67,-0.03,-0.28,16438.93,17436.024,2.1349,2.1349,1.61,31.1083,21.0523,3.8794,2.2309,1.9522,0.0,3.5372,24149.312,7700.0,7700.0,256948.6797,81928.0,,,1.485
600150,中国船舶,船舶,上海,19980520,600150.SH,20051028,10.87,10.89,10.38,10.67,10.87,-0.2,-1.84,11888.61,12593.934,1.544,1.544,1.31,31.196,21.1117,3.8903,2.2372,1.9577,0.0,3.5272,24149.312,7700.0,7700.0,257673.159,82159.0,,,1.485
600150,中国船舶,船舶,上海,19980520,600150.SH,20051027,11.2,11.25,10.8,10.87,11.32,-0.45,-3.98,21529.42,23610.83,2.796,2.796,1.63,31.7807,21.5074,3.9632,2.2792,1.9944,0.0,3.4623,24149.312,7700.0,7700.0,262503.0214,83699.0,,,1.485
600150,中国船舶,船舶,上海,19980520,600150.SH,20051026,11.0,11.5,11.0,11.32,11.45,-0.13,-1.14,5803.7,6526.708,0.7537,0.7537,0.39,33.0964,22.3978,4.1273,2.3735,2.0769,0.0,3.3247,24149.312,7700.0,7700.0,273370.2118,87164.0,,,1.485
600150,中国船舶,船舶,上海,19980520,600150.SH,20051025,11.45,11.68,11.29,11.45,11.49,-0.04,-0.35,5710.0,6519.533,0.7416,0.7416,0.26,33.4765,24.8516,4.3827,2.4008,2.0646,0.0,3.2869,24149.312,7700.0,7700.0,276509.6224,88165.0,,,1.485
600150,中国船舶,船舶,上海,19980520,600150.SH,20051024,11.45,11.5,11.2,11.49,11.4,0.09,0.79,6007.58,6817.571,0.7802,0.7802,0.25,33.5934,24.9384,4.398,2.4092,2.0718,0.0,3.2755,24149.312,7700.0,7700.0,277475.5949,88473.0,,,1.485
600150,中国船舶,船舶,上海,19980520,600150.SH,20051021,11.7,11.71,11.35,11.4,11.71,-0.31,-2.65,6405.0,7383.752,0.8318,0.8318,0.26,33.3303,24.743,4.3636,2.3903,2.0556,0.0,3.3013,24149.312,7700.0,7700.0,275302.1568,87780.0,,,1.485
600150,中国船舶,船舶,上海,19980520,600150.SH,20051020,11.4,11.85,11.26,11.71,11.1,0.61,5.5,42202.46,49089.445,5.4808,5.4808,2.32,34.2366,25.4159,4.4822,2.4553,2.1115,0.0,3.2139,24149.312,7700.0,7700.0,282788.4435,90167.0,,,1.485
600150,中国船舶,船舶,上海,19980520,600150.SH,20050930,10.8,11.15,10.69,11.1,10.81,0.29,2.68,14680.52,16186.765,1.9066,1.9066,0.91,32.4532,24.0919,4.2487,2.3274,2.0015,0.0,3.3906,24149.312,7700.0,7700.0,268057.3632,85470.0,,,1.485
600150,中国船舶,船舶,上海,19980520,600150.SH,20050929,10.21,10.9,10.21,10.81,10.24,0.57,5.57,41553.26,43756.542,5.3965,5.3965,4.13,31.6053,23.4625,4.1377,2.2666,1.9492,0.0,3.4815,24149.312,7700.0,7700.0,261054.0627,83237.0,,,1.485
600150,中国船舶,船舶,上海,19980520,600150.SH,20050928,10.68,10.68,10.09,10.24,10.7,-0.46,-4.3,15440.95,15907.561,2.0053,2.0053,1.37,29.9388,22.2253,3.9195,2.1471,1.8464,0.0,3.6753,24149.312,7700.0,7700.0,247288.9549,78848.0,,,1.485
600150,中国船舶,船舶,上海,19980520,600150.SH,20050927,10.8,10.89,10.59,10.7,10.73,-0.03,-0.28,11130.1,11970.121,1.4455,1.4455,0.99,31.2837,23.2237,4.0956,2.2435,1.9294,0.0,3.5173,24149.312,7700.0,7700.0,258397.6384,82390.0,,,1.485
600150,中国船舶,船舶,上海,19980520,600150.SH,20050926,10.48,10.8,10.46,10.73,10.53,0.2,1.9,8199.65,8771.625,1.0649,1.0649,0.75,31.3714,23.2888,4.1071,2.2498,1.9348,0.0,3.5075,24149.312,7700.0,7700.0,259122.1178,82621.0,,,1.485
600150,中国船舶,船舶,上海,19980520,600150.SH,20050923,10.55,10.57,10.47,10.53,10.57,-0.04,-0.38,4707.59,4948.329,0.6114,0.6114,0.34,30.7867,22.8548,4.0305,2.2079,1.8987,0.0,3.5741,24149.312,7700.0,7700.0,254292.2554,81081.0,,,1.485
600150,中国船舶,船舶,上海,19980520,600150.SH,20050922,10.75,10.75,10.46,10.57,10.82,-0.25,-2.31,10882.18,11494.911,1.4133,1.4133,0.82,30.9036,22.9416,4.0459,2.2163,1.9059,0.0,3.5606,24149.312,7700.0,7700.0,255258.2278,81389.0,,,1.485
600150,中国船舶,船舶,上海,19980520,600150.SH,20050921,11.0,11.1,10.61,10.82,11.08,-0.26,-2.35,21328.96,23218.64,2.77,2.77,1.93,31.6345,23.4842,4.1416,2.2687,1.951,0.0,3.4783,24149.312,7700.0,7700.0,261295.5558,83314.0,,,1.485
600150,中国船舶,船舶,上海,19980520,600150.SH,20050919,11.15,11.25,10.98,11.08,11.16,-0.08,-0.72,11343.42,12542.134,1.4732,1.4732,1.05,32.3947,24.0485,4.2411,2.3232,1.9979,0.0,3.3967,24149.312,7700.0,7700.0,267574.377,85316.0,,,1.485
600150,中国船舶,船舶,上海,19980520,600150.SH,20050916,11.33,11.33,11.11,11.16,11.3,-0.14,-1.24,6502.86,7265.474,0.8445,0.8445,0.6,32.6286,24.2221,4.2717,2.34,2.0123,0.0,3.3723,24149.312,7700.0,7700.0,269506.3219,85932.0,,,1.485
600150,中国船舶,船舶,上海,19980520,600150.SH,20050915,11.2,11.41,11.1,11.3,11.15,0.15,1.35,19272.08,21734.941,2.5029,2.5029,2.09,33.0379,24.526,4.3253,2.3693,2.0376,0.0,3.3306,24149.312,7700.0,7700.0,272887.2256,87010.0,,,1.485
600150,中国船舶,船舶,上海,19980520,600150.SH,20050914,11.02,11.25,11.02,11.15,11.02,0.13,1.18,8110.0,9046.639,1.0532,1.0532,0.75,32.5994,24.2004,4.2679,2.3379,2.0105,0.0,3.3754,24149.312,7700.0,7700.0,269264.8288,85855.0,,,1.485
600150,中国船舶,船舶,上海,19980520,600150.SH,20050913,10.98,11.16,10.9,11.02,10.99,0.03,0.27,9914.68,10927.116,1.2876,1.2876,0.88,32.2193,23.9183,4.2181,2.3106,1.9871,0.0,3.4152,24149.312,7700.0,7700.0,266125.4182,84854.0,,,1.485
600150,中国船舶,船舶,上海,19980520,600150.SH,20050912,11.0,11.1,10.88,10.99,11.11,-0.12,-1.08,10470.18,11453.247,1.3598,1.3598,0.92,32.1316,23.8532,4.2066,2.3043,1.9817,0.0,3.4245,24149.312,7700.0,7700.0,265400.9389,84623.0,,,1.485
600150,中国船舶,船舶,上海,19980520,600150.SH,20050909,11.16,11.25,10.97,11.11,11.19,-0.08,-0.71,6235.01,6921.935,0.8097,0.8097,0.51,32.4824,24.1136,4.2526,2.3295,2.0033,0.0,3.3875,24149.312,7700.0,7700.0,268298.8563,85547.0,,,1.485
600150,中国船舶,船舶,上海,19980520,600150.SH,20050908,11.28,11.35,10.9,11.19,11.28,-0.09,-0.8,11471.69,12719.538,1.4898,1.4898,0.89,32.7163,24.2872,4.2832,2.3463,2.0177,0.0,3.3633,24149.312,7700.0,7700.0,270230.8013,86163.0,,,1.485
600150,中国船舶,船舶,上海,19980520,600150.SH,20050907,11.1,11.38,11.08,11.28,11.14,0.14,1.26,15781.72,17718.865,2.0496,2.0496,1.31,32.9794,24.4826,4.3176,2.3651,2.034,0.0,3.3365,24149.312,7700.0,7700.0,272404.2394,86856.0,,,1.485
600150,中国船舶,船舶,上海,19980520,600150.SH,20050906,11.2,11.29,11.08,11.14,11.14,0.0,0.0,12404.96,13883.612,1.611,1.611,1.25,32.5701,24.1787,4.264,2.3358,2.0087,0.0,3.3784,24149.312,7700.0,7700.0,269023.3357,85778.0,,,1.485
600150,中国船舶,船舶,上海,19980520,600150.SH,20050905,10.8,11.3,10.8,11.14,10.8,0.34,3.15,11280.42,12524.237,1.465,1.465,1.33,32.5701,24.1787,4.264,2.3358,2.0087,0.0,3.3784,24149.312,7700.0,7700.0,269023.3357,85778.0,,,1.471
600150,中国船舶,船舶,上海,19980520,600150.SH,20050902,10.95,10.95,10.8,10.8,10.95,-0.15,-1.37,10218.5,11107.386,1.3271,1.3271,1.48,31.5761,23.4408,4.1339,2.2645,1.9474,0.0,3.4847,24149.312,7700.0,7700.0,260812.5696,83160.0,,,1.471
600150,中国船舶,船舶,上海,19980520,600150.SH,20050901,10.61,11.0,10.58,10.95,10.6,0.35,3.3,14423.05,15550.672,1.8731,1.8731,2.76,32.0146,23.7663,4.1913,2.2959,1.9745,0.0,3.437,24149.312,7700.0,7700.0,264434.9664,84315.0,,,1.471
600150,中国船舶,船舶,上海,19980520,600150.SH,20050831,10.58,10.75,10.53,10.6,10.62,-0.02,-0.19,11721.5,12475.104,1.5223,1.5223,3.29,30.9913,23.0067,4.0573,2.2226,1.9114,0.0,3.5505,24149.312,7700.0,7700.0,255982.7072,81620.0,,,1.471
600150,中国船舶,船舶,上海,19980520,600150.SH,20050830,10.6,10.69,10.52,10.62,10.61,0.01,0.09,1786.03,1895.643,0.232,0.232,0.31,31.0498,23.0501,4.065,2.2268,1.915,0.0,3.5438,24149.312,7700.0,7700.0,256465.6934,81774.0,,,1.471
600150,中国船舶,船舶,上海,19980520,600150.SH,20050829,10.8,10.91,10.52,10.61,10.82,-0.21,-1.94,4105.09,4379.003,0.5331,0.5331,0.68,31.0206,23.0284,4.0612,2.2247,1.9132,0.0,3.5472,24149.312,7700.0,7700.0,256224.2003,81697.0,,,1.471
600150,中国船舶,船舶,上海,19980520,600150.SH,20050826,11.0,11.0,10.75,10.82,11.0,-0.18,-1.64,2396.9,2605.904,0.3113,0.3113,0.24,31.6345,23.4842,4.1416,2.2687,1.951,0.0,3.4783,24149.312,7700.0,7700.0,261295.5558,83314.0,,,1.471
600150,中国船舶,船舶,上海,19980520,600150.SH,20050825,10.72,11.07,10.66,11.0,10.77,0.23,2.14,6109.8,6670.588,0.7935,0.7935,0.53,32.1608,23.8749,4.2105,2.3064,1.9835,0.0,3.4214,24149.312,7700.0,7700.0,265642.432,84700.0,,,1.471
600150,中国船舶,船舶,上海,19980520,600150.SH,20050824,10.7,10.88,10.63,10.77,10.76,0.01,0.09,3408.8,3663.03,0.4427,0.4427,0.28,31.4883,23.3757,4.1224,2.2582,1.942,0.0,3.4945,24149.312,7700.0,7700.0,260088.0902,82929.0,,,1.471
600150,中国船舶,船舶,上海,19980520,600150.SH,20050823,10.88,10.93,10.75,10.76,10.88,-0.12,-1.1,12671.0,13708.252,1.6456,1.6456,1.06,31.4591,23.354,4.1186,2.2561,1.9402,0.0,3.4977,24149.312,7700.0,7700.0,259846.5971,82852.0,,,1.471
600150,中国船舶,船舶,上海,19980520,600150.SH,20050822,10.8,10.98,10.75,10.88,10.9,-0.02,-0.18,5677.2,6168.696,0.7373,0.7373,0.4,31.81,23.6144,4.1645,2.2813,1.9618,0.0,3.4591,24149.312,7700.0,7700.0,262744.5146,83776.0,,,1.471
600150,中国船舶,船舶,上海,19980520,600150.SH,20050819,10.4,10.9,10.35,10.9,10.33,0.57,5.52,21724.25,22983.163,2.8213,2.8213,1.74,31.8684,23.6578,4.1722,2.2855,1.9655,0.0,3.4528,24149.312,7700.0,7700.0,263227.5008,83930.0,,,1.471
600150,中国船舶,船舶,上海,19980520,600150.SH,20050818,10.9,11.0,10.32,10.33,10.9,-0.57,-5.23,14215.49,15121.114,1.8462,1.8462,1.07,30.2019,22.4207,3.954,2.1659,1.8627,0.0,3.6433,24149.312,7700.0,7700.0,249462.393,79541.0,,,1.471
600150,中国船舶,船舶,上海,19980520,600150.SH,20050817,10.87,11.0,10.6,10.9,10.85,0.05,0.46,6544.87,7059.406,0.85,0.85,0.46,31.8684,23.6578,4.1722,2.2855,1.9655,0.0,3.4528,24149.312,7700.0,7700.0,263227.5008,83930.0,,,1.471
600150,中国船舶,船舶,上海,19980520,600150.SH,20050816,10.94,11.09,10.79,10.85,10.94,-0.09,-0.82,11733.41,12788.85,1.5238,1.5238,0.87,31.7222,23.5493,4.153,2.275,1.9564,0.0,3.4687,24149.312,7700.0,7700.0,262020.0352,83545.0,,,1.471
600150,中国船舶,船舶,上海,19980520,600150.SH,20050815,10.51,10.95,10.46,10.94,10.52,0.42,3.99,17441.4,18787.36,2.2651,2.2651,1.42,31.9854,26.6619,4.3953,2.2938,2.0401,0.0,3.4402,24149.312,7700.0,7700.0,264193.4733,84238.0,,,1.471
600150,中国船舶,船舶,上海,19980520,600150.SH,20050812,10.52,10.58,10.4,10.52,10.51,0.01,0.1,12527.7,13115.505,1.627,1.627,1.02,30.7574,25.6383,4.2266,2.2058,1.9617,0.0,3.5775,24149.312,7700.0,7700.0,254050.7622,81004.0,,,1.471
600150,中国船舶,船舶,上海,19980520,600150.SH,20050811,10.46,10.52,10.28,10.51,10.36,0.15,1.45,18115.42,18914.951,2.3527,2.3527,1.83,30.7282,25.6139,4.2225,2.2037,1.9599,0.0,3.5809,24149.312,7700.0,7700.0,253809.2691,80927.0,,,1.471
600150,中国船舶,船舶,上海,19980520,600150.SH,20050810,10.09,10.38,10.05,10.36,10.16,0.2,1.97,11226.21,11473.978,1.4579,1.4579,1.06,30.2896,25.2484,4.1623,2.1722,1.9319,0.0,3.6328,24149.312,7700.0,7700.0,250186.8723,79772.0,,,1.471
600150,中国船舶,船舶,上海,19980520,600150.SH,20050809,10.0,10.24,9.95,10.16,10.14,0.02,0.2,8173.43,8266.674,1.0615,1.0615,0.73,29.7049,24.761,4.0819,2.1303,1.8946,0.0,3.7043,24149.312,7700.0,7700.0,245357.0099,78232.0,,,1.471
600150,中国船舶,船舶,上海,19980520,600150.SH,20050808,10.1,10.2,9.93,10.14,10.0,0.14,1.4,11509.37,11618.814,1.4947,1.4947,1.13,29.6464,24.7122,4.0739,2.1261,1.8909,0.0,3.7116,24149.312,7700.0,7700.0,244874.0237,78078.0,,,1.471
600150,中国船舶,船舶,上海,19980520,600150.SH,20050805,9.67,10.15,9.67,10.0,9.7,0.3,3.09,12414.25,12422.276,1.6122,1.6122,1.42,29.2371,24.371,4.0176,2.0968,1.8648,0.0,3.7635,24149.312,7700.0,7700.0,241493.12,77000.0,,,1.471
600150,中国船舶,船舶,上海,19980520,600150.SH,20050804,9.85,9.9,9.68,9.7,9.9,-0.2,-2.02,6048.42,5924.624,0.7855,0.7855,0.58,28.36,23.6399,3.8971,2.0339,1.8088,0.0,3.8799,24149.312,7700.0,7700.0,234248.3264,74690.0,,,1.471
600150,中国船舶,船舶,上海,19980520,600150.SH,20050803,10.5,10.5,9.8,9.9,9.95,-0.05,-0.5,14843.65,14968.225,1.9277,1.9277,1.59,28.9447,24.1273,3.9775,2.0758,1.8461,0.0,3.8015,24149.312,7700.0,7700.0,239078.1888,76230.0,,,1.471
600150,中国船舶,船舶,上海,19980520,600150.SH,20050802,9.76,9.95,9.68,9.95,9.75,0.2,2.05,11225.95,11099.403,1.4579,1.4579,1.39,29.0909,24.2492,3.9976,2.0863,1.8554,0.0,3.7824,24149.312,7700.0,7700.0,240285.6544,76615.0,,,1.471
600150,中国船舶,船舶,上海,19980520,600150.SH,20050801,9.6,9.8,9.51,9.75,9.6,0.15,1.56,6255.4,6070.876,0.8124,0.8124,0.79,28.5062,23.7617,3.9172,2.0443,1.8182,0.0,3.86,24149.312,7700.0,7700.0,235455.792,75075.0,,,1.471
600150,中国船舶,船舶,上海,19980520,600150.SH,20050729,9.48,9.6,9.41,9.6,9.53,0.07,0.73,5265.47,5017.057,0.6838,0.6838,0.58,28.0676,23.3962,3.8569,2.0129,1.7902,0.0,3.9203,24149.312,7700.0,7700.0,231833.3952,73920.0,,,1.471
600150,中国船舶,船舶,上海,19980520,600150.SH,20050728,9.56,9.6,9.38,9.53,9.5,0.03,0.32,14644.57,13950.09,1.9019,1.9019,2.13,27.8629,23.2256,3.8288,1.9982,1.7771,0.0,3.9491,24149.312,7700.0,7700.0,230142.9434,73381.0,,,1.471
600150,中国船舶,船舶,上海,19980520,600150.SH,20050727,9.12,9.54,9.12,9.5,9.12,0.38,4.17,9165.99,8588.734,1.1904,1.1904,1.7,27.7752,23.1525,3.8168,1.9919,1.7715,0.0,3.9616,24149.312,7700.0,7700.0,229418.464,73150.0,,,1.471
600150,中国船舶,船舶,上海,19980520,600150.SH,20050726,8.83,9.18,8.83,9.12,8.86,0.26,2.93,5165.15,4685.174,0.6708,0.6708,1.14,26.6642,22.2264,3.6641,1.9122,1.7007,0.0,4.1267,24149.312,7700.0,7700.0,220241.7254,70224.0,,,1.471
600150,中国船舶,船舶,上海,19980520,600150.SH,20050725,9.05,9.05,8.77,8.86,9.05,-0.19,-2.1,5416.79,4791.628,0.7035,0.7035,1.42,25.9041,21.5927,3.5596,1.8577,1.6522,0.0,4.2478,24149.312,7700.0,7700.0,213962.9043,68222.0,,,1.471
600150,中国船舶,船舶,上海,19980520,600150.SH,20050722,9.08,9.2,8.85,9.05,9.0,0.05,0.56,11209.3,10100.651,1.4558,1.4558,5.47,26.4596,22.0558,3.636,1.8976,1.6876,0.0,4.1586,24149.312,7700.0,7700.0,218551.2736,69685.0,,,1.471
600150,中国船舶,船舶,上海,19980520,600150.SH,20050721,9.02,9.18,9.0,9.0,9.08,-0.08,-0.88,3374.0,3059.192,0.4382,0.4382,1.91,26.3134,21.9339,3.6159,1.8871,1.6783,0.0,4.1817,24149.312,7700.0,7700.0,217343.808,69300.0,,,1.471
600150,中国船舶,船舶,上海,19980520,600150.SH,20050720,9.01,9.16,9.0,9.08,9.06,0.02,0.22,1745.05,1587.593,0.2266,0.2266,0.91,26.5473,22.1289,3.648,1.9039,1.6932,0.0,4.1449,24149.312,7700.0,7700.0,219275.753,69916.0,,,1.471
600150,中国船舶,船舶,上海,19980520,600150.SH,20050719,9.06,9.17,9.0,9.06,9.1,-0.04,-0.44,878.93,799.209,0.1141,0.1141,0.27,26.4888,22.0801,3.64,1.8997,1.6895,0.0,4.154,24149.312,7700.0,7700.0,218792.7667,69762.0,,,1.471
600150,中国船舶,船舶,上海,19980520,600150.SH,20050718,8.97,9.14,8.81,9.1,8.98,0.12,1.34,1887.33,1706.116,0.2451,0.2451,0.46,26.6058,22.1776,3.6561,1.908,1.6969,0.0,4.1357,24149.312,7700.0,7700.0,219758.7392,70070.0,,,1.471
600150,中国船舶,船舶,上海,19980520,600150.SH,20050715,9.3,9.3,8.92,8.98,9.18,-0.2,-2.18,2360.23,2136.091,0.3065,0.3065,0.49,26.2549,21.8852,3.6078,1.8829,1.6746,0.0,4.191,24149.312,7700.0,7700.0,216860.8218,69146.0,,,1.471
600150,中国船舶,船舶,上海,19980520,600150.SH,20050714,9.11,9.35,9.11,9.18,9.18,0.0,0.0,1966.9,1814.566,0.2554,0.2554,0.41,26.8396,22.3726,3.6882,1.9248,1.7119,0.0,4.0997,24149.312,7700.0,7700.0,221690.6842,70686.0,,,1.471
600150,中国船舶,船舶,上海,19980520,600150.SH,20050713,9.23,9.3,9.11,9.18,9.3,-0.12,-1.29,2522.34,2321.398,0.3276,0.3276,0.51,26.8396,22.3726,3.6882,1.9248,1.7119,0.0,4.0997,24149.312,7700.0,7700.0,221690.6842,70686.0,,,1.471
600150,中国船舶,船舶,上海,19980520,600150.SH,20050712,8.85,9.45,8.4,9.3,8.87,0.43,4.85,7578.84,6899.688,0.9843,0.9843,1.94,27.1905,22.6651,3.7364,1.95,1.7342,0.0,4.0468,24149.312,7700.0,7700.0,224588.6016,71610.0,,,1.471
600150,中国船舶,船舶,上海,19980520,600150.SH,20050711,9.0,9.3,8.73,8.87,8.9,-0.03,-0.34,5934.0,5402.063,0.7706,0.7706,1.45,25.9333,21.6171,3.5637,1.8598,1.6541,0.0,4.243,24149.312,7700.0,7700.0,214204.3974,68299.0,,,1.471
600150,中国船舶,船舶,上海,19980520,600150.SH,20050708,9.37,9.37,8.81,8.9,9.37,-0.47,-5.02,6286.49,5671.74,0.8164,0.8164,1.79,26.021,21.6902,3.5757,1.8661,1.6596,0.0,4.2287,24149.312,7700.0,7700.0,214928.8768,68530.0,,,1.471
600150,中国船舶,船舶,上海,19980520,600150.SH,20050707,9.21,9.41,9.21,9.37,9.32,0.05,0.54,1805.0,1684.511,0.2344,0.2344,0.42,27.3952,22.8356,3.7645,1.9647,1.7473,0.0,4.0166,24149.312,7700.0,7700.0,226279.0534,72149.0,,,1.471
600150,中国船舶,船舶,上海,19980520,600150.SH,20050706,9.48,9.49,9.24,9.32,9.37,-0.05,-0.53,3217.64,3021.997,0.4179,0.4179,0.69,27.249,22.7138,3.7444,1.9542,1.738,0.0,4.0381,24149.312,7700.0,7700.0,225071.5878,71764.0,,,1.471
600150,中国船舶,船舶,上海,19980520,600150.SH,20050705,9.35,9.41,9.27,9.37,9.37,0.0,0.0,2302.9,2152.923,0.2991,0.2991,0.43,27.3952,22.8356,3.7645,1.9647,1.7473,0.0,4.0166,24149.312,7700.0,7700.0,226279.0534,72149.0,,,1.471
600150,中国船舶,船舶,上海,19980520,600150.SH,20050704,9.21,9.4,9.2,9.37,9.33,0.04,0.43,6787.05,6307.082,0.8814,0.8814,1.0,27.3952,22.8356,3.7645,1.9647,1.7473,0.0,4.0166,24149.312,7700.0,7700.0,226279.0534,72149.0,,,1.471
600150,中国船舶,船舶,上海,19980520,600150.SH,20050701,9.35,9.41,9.25,9.33,9.37,-0.04,-0.43,3406.99,3181.624,0.4425,0.4425,0.46,27.2782,22.7382,3.7485,1.9563,1.7398,0.0,4.0338,24149.312,7700.0,7700.0,225313.081,71841.0,,,1.471
600150,中国船舶,船舶,上海,19980520,600150.SH,20050630,9.54,9.54,9.31,9.37,9.59,-0.22,-2.29,5902.32,5532.732,0.7665,0.7665,0.83,27.3952,22.8356,3.7645,1.9647,1.7473,0.0,4.0166,24149.312,7700.0,7700.0,226279.0534,72149.0,,,1.471
600150,中国船舶,船舶,上海,19980520,600150.SH,20050629,9.62,9.71,9.41,9.59,9.62,-0.03,-0.31,4909.72,4700.848,0.6376,0.6376,0.63,28.0384,23.3718,3.8529,2.0108,1.7883,0.0,3.9244,24149.312,7700.0,7700.0,231591.9021,73843.0,,,1.471
600150,中国船舶,船舶,上海,19980520,600150.SH,20050628,9.81,9.84,9.6,9.62,9.92,-0.3,-3.02,5637.0,5462.672,0.7321,0.7321,0.7,28.1261,23.4449,3.865,2.0171,1.7939,0.0,3.9122,24149.312,7700.0,7700.0,232316.3814,74074.0,,,1.471
600150,中国船舶,船舶,上海,19980520,600150.SH,20050627,9.88,10.1,9.85,9.92,9.78,0.14,1.43,13920.57,13856.086,1.8079,1.8079,1.58,29.0032,24.1761,3.9855,2.08,1.8499,0.0,3.7939,24149.312,7700.0,7700.0,239561.175,76384.0,,,1.471
600150,中国船舶,船舶,上海,19980520,600150.SH,20050624,9.49,9.8,9.49,9.78,9.56,0.22,2.3,6391.27,6172.756,0.83,0.83,0.68,28.5939,23.8349,3.9293,2.0506,1.8237,0.0,3.8482,24149.312,7700.0,7700.0,236180.2714,75306.0,,,1.471
600150,中国船舶,船舶,上海,19980520,600150.SH,20050623,9.55,9.83,9.54,9.56,9.64,-0.08,-0.83,4573.0,4450.455,0.5939,0.5939,0.47,27.9507,23.2987,3.8409,2.0045,1.7827,0.0,3.9367,24149.312,7700.0,7700.0,230867.4227,73612.0,,,1.471
600150,中国船舶,船舶,上海,19980520,600150.SH,20050622,9.7,9.82,9.45,9.64,9.71,-0.07,-0.72,8375.5,8047.219,1.0877,1.0877,0.83,28.1846,23.4937,3.873,2.0213,1.7976,0.0,3.9041,24149.312,7700.0,7700.0,232799.3677,74228.0,,,1.471
600150,中国船舶,船舶,上海,19980520,600150.SH,20050621,9.84,9.98,9.63,9.71,9.85,-0.14,-1.42,7163.04,7025.385,0.9303,0.9303,0.58,28.3892,23.6643,3.9011,2.0359,1.8107,0.0,3.8759,24149.312,7700.0,7700.0,234489.8195,74767.0,,,1.471
600150,中国船舶,船舶,上海,19980520,600150.SH,20050620,9.17,9.98,9.17,9.85,9.35,0.5,5.35,17491.27,16973.359,2.2716,2.2716,1.63,28.7985,24.0055,3.9574,2.0653,1.8368,0.0,3.8208,24149.312,7700.0,7700.0,237870.7232,75845.0,,,1.471
600150,中国船舶,船舶,上海,19980520,600150.SH,20050617,9.32,9.6,9.0,9.35,9.24,0.11,1.19,9263.69,8659.709,1.2031,1.2031,0.82,27.3367,22.7869,3.7565,1.9605,1.7436,0.0,4.0252,24149.312,7700.0,7700.0,225796.0672,71995.0,,,1.471
600150,中国船舶,船舶,上海,19980520,600150.SH,20050616,9.25,9.25,8.92,9.24,9.19,0.05,0.54,6749.28,6172.363,0.8765,0.8765,0.5,27.0151,22.5188,3.7123,1.9374,1.7231,0.0,4.0731,24149.312,7700.0,7700.0,223139.6429,71148.0,,,1.471
600150,中国船舶,船舶,上海,19980520,600150.SH,20050615,9.35,9.35,9.08,9.19,9.35,-0.16,-1.71,9662.88,8876.103,1.2549,1.2549,0.65,26.8689,22.397,3.6922,1.9269,1.7137,0.0,4.0952,24149.312,7700.0,7700.0,221932.1773,70763.0,,,1.471
600150,中国船舶,船舶,上海,19980520,600150.SH,20050614,9.35,10.0,9.23,9.35,9.3,0.05,0.54,18153.15,17285.168,2.3576,2.3576,1.42,27.3367,22.7869,3.7565,1.9605,1.7436,0.0,4.0252,24149.312,7700.0,7700.0,225796.0672,71995.0,,,1.471
600150,中国船舶,船舶,上海,19980520,600150.SH,20050613,8.97,9.31,8.81,9.3,8.98,0.32,3.56,9662.95,8891.578,1.2549,1.2549,0.76,27.1905,22.6651,3.7364,1.95,1.7342,0.0,4.0468,24149.312,7700.0,7700.0,224588.6016,71610.0,,,1.471
600150,中国船舶,船舶,上海,19980520,600150.SH,20050610,9.09,9.23,8.7,8.98,9.19,-0.21,-2.29,12194.38,10919.427,1.5837,1.5837,1.11,26.2549,21.8852,3.6078,1.8829,1.6746,0.0,4.191,24149.312,7700.0,7700.0,216860.8218,69146.0,,,1.471
600150,中国船舶,船舶,上海,19980520,600150.SH,20050609,9.23,9.5,8.5,9.19,9.25,-0.06,-0.65,17328.12,16029.044,2.2504,2.2504,1.78,26.8689,22.397,3.6922,1.9269,1.7137,0.0,4.0952,24149.312,7700.0,7700.0,221932.1773,70763.0,,,1.471
600150,中国船舶,船舶,上海,19980520,600150.SH,20050608,8.39,9.25,8.3,9.25,8.41,0.84,9.99,16507.45,14839.704,2.1438,2.1438,1.99,27.0443,22.5432,3.7163,1.9395,1.7249,0.0,4.0687,24149.312,7700.0,7700.0,223381.136,71225.0,,,1.471
600150,中国船舶,船舶,上海,19980520,600150.SH,20050607,8.4,8.79,8.4,8.41,8.41,0.0,0.0,8018.38,6860.579,1.0413,1.0413,1.13,24.5884,20.496,3.3788,1.7634,1.5683,0.0,4.4751,24149.312,7700.0,7700.0,203095.7139,64757.0,,,1.471
600150,中国船舶,船舶,上海,19980520,600150.SH,20050606,7.95,8.6,7.94,8.41,7.93,0.48,6.05,9671.14,7999.308,1.256,1.256,1.6,24.5884,20.496,3.3788,1.7634,1.5683,0.0,4.4751,24149.312,7700.0,7700.0,203095.7139,64757.0,,,1.471
600150,中国船舶,船舶,上海,19980520,600150.SH,20050603,7.91,8.05,7.71,7.93,7.91,0.02,0.25,3539.07,2787.654,0.4596,0.4596,0.59,23.185,19.3262,3.186,1.6627,1.4788,0.0,4.7459,24149.312,7700.0,7700.0,191504.0442,61061.0,,,1.471
600150,中国船舶,船舶,上海,19980520,600150.SH,20050602,8.25,8.35,7.75,7.91,8.27,-0.36,-4.35,10917.29,8637.311,1.4178,1.4178,2.14,23.1265,19.2775,3.178,1.6585,1.475,0.0,4.7579,24149.312,7700.0,7700.0,191021.0579,60907.0,,,1.471
600150,中国船舶,船舶,上海,19980520,600150.SH,20050601,8.65,8.7,8.2,8.27,8.65,-0.38,-4.39,9353.8,7856.112,1.2148,1.2148,1.98,24.1791,20.1548,3.3226,1.734,1.5422,0.0,4.5508,24149.312,7700.0,7700.0,199714.8102,63679.0,,,1.471
600150,中国船舶,船舶,上海,19980520,600150.SH,20050531,8.65,8.78,8.6,8.65,8.65,0.0,0.0,1944.3,1689.746,0.2525,0.2525,0.26,25.2901,21.0809,3.4753,1.8137,1.613,0.0,4.3509,24149.312,7700.0,7700.0,208891.5488,66605.0,,,1.471
600150,中国船舶,船舶,上海,19980520,600150.SH,20050530,8.57,8.69,8.31,8.65,8.57,0.08,0.93,4436.72,3735.521,0.5762,0.5762,0.59,25.2901,21.0809,3.4753,1.8137,1.613,0.0,4.3509,24149.312,7700.0,7700.0,208891.5488,66605.0,,,1.471
600150,中国船舶,船舶,上海,19980520,600150.SH,20050527,8.53,8.75,8.53,8.57,8.56,0.01,0.12,3322.6,2863.101,0.4315,0.4315,0.44,25.0562,20.886,3.4431,1.7969,1.5981,0.0,4.3915,24149.312,7700.0,7700.0,206959.6038,65989.0,,,1.471
600150,中国船舶,船舶,上海,19980520,600150.SH,20050526,8.58,8.81,8.49,8.56,8.58,-0.02,-0.23,6414.83,5539.811,0.8331,0.8331,0.91,25.0269,20.8616,3.4391,1.7948,1.5962,0.0,4.3966,24149.312,7700.0,7700.0,206718.1107,65912.0,,,1.471
600150,中国船舶,船舶,上海,19980520,600150.SH,20050525,8.69,8.79,8.53,8.58,8.71,-0.13,-1.49,7518.19,6510.639,0.9764,0.9764,1.13,25.0854,20.9103,3.4471,1.799,1.6,0.0,4.3864,24149.312,7700.0,7700.0,207201.097,66066.0,,,1.471
600150,中国船舶,船舶,上海,19980520,600150.SH,20050524,9.18,9.21,8.43,8.71,9.18,-0.47,-5.12,15314.39,13513.489,1.9889,1.9889,3.18,25.4655,21.2272,3.4994,1.8263,1.6242,0.0,4.3209,24149.312,7700.0,7700.0,210340.5075,67067.0,,,1.471
600150,中国船舶,船舶,上海,19980520,600150.SH,20050523,9.2,9.2,9.07,9.18,9.18,0.0,0.0,5049.59,4611.162,0.6558,0.6558,0.9,26.8396,22.3726,3.6882,1.9248,1.7119,0.0,4.0997,24149.312,7700.0,7700.0,221690.6842,70686.0,,,1.471
600150,中国船舶,船舶,上海,19980520,600150.SH,20050520,9.38,9.38,9.26,9.3,9.32,-0.02,-0.21,3656.03,3402.408,0.4748,0.4748,0.41,27.1905,22.6651,3.5646,1.95,1.7342,0.0,,24149.312,7700.0,7700.0,224588.6016,71610.0,,,1.471
600150,中国船舶,船舶,上海,19980520,600150.SH,20050519,9.36,9.4,9.17,9.32,9.35,-0.03,-0.32,3895.2,3601.402,0.5059,0.5059,0.36,27.249,22.7138,3.5722,1.9542,1.738,0.0,,24149.312,7700.0,7700.0,225071.5878,71764.0,,,1.471
600150,中国船舶,船舶,上海,19980520,600150.SH,20050518,9.25,9.39,9.2,9.35,9.27,0.08,0.86,5460.33,5095.739,0.7091,0.7091,0.41,27.3367,22.7869,3.5837,1.9605,1.7436,0.0,,24149.312,7700.0,7700.0,225796.0672,71995.0,,,1.471
600150,中国船舶,船舶,上海,19980520,600150.SH,20050517,9.15,9.38,9.1,9.27,9.17,0.1,1.09,6011.48,5562.238,0.7807,0.7807,0.37,27.1028,22.5919,3.5531,1.9437,1.7286,0.0,,24149.312,7700.0,7700.0,223864.1222,71379.0,,,1.471
600150,中国船舶,船舶,上海,19980520,600150.SH,20050516,9.29,9.3,9.03,9.17,9.39,-0.22,-2.34,9140.33,8386.4,1.1871,1.1871,0.47,26.8104,22.3482,3.5147,1.9227,1.71,0.0,,24149.312,7700.0,7700.0,221449.191,70609.0,,,1.471
600150,中国船舶,船舶,上海,19980520,600150.SH,20050513,9.21,9.68,9.15,9.39,9.31,0.08,0.86,20042.86,18805.362,2.603,2.603,0.98,27.4536,22.8844,3.5991,1.9689,1.751,0.0,,24149.312,7700.0,7700.0,226762.0397,72303.0,,,1.471
600150,中国船舶,船舶,上海,19980520,600150.SH,20050512,9.68,9.69,9.27,9.31,9.69,-0.38,-3.92,14153.62,13275.012,1.8381,1.8381,0.51,27.2197,22.6894,3.5684,1.9521,1.7361,0.0,,24149.312,7700.0,7700.0,224830.0947,71687.0,,,1.471
600150,中国船舶,船舶,上海,19980520,600150.SH,20050511,9.86,9.95,9.6,9.69,10.01,-0.32,-3.2,16479.14,16066.629,2.1401,2.1401,0.46,28.3307,23.6155,3.714,2.0318,1.807,0.0,,24149.312,7700.0,7700.0,234006.8333,74613.0,,,1.471
600150,中国船舶,船舶,上海,19980520,600150.SH,20050510,10.0,10.02,9.4,10.01,10.01,0.0,0.0,21683.41,21213.901,2.816,2.816,0.59,29.2663,24.3954,3.8367,2.0989,1.8666,0.0,,24149.312,7700.0,7700.0,241734.6131,77077.0,,,1.471
600150,中国船舶,船舶,上海,19980520,600150.SH,20050509,9.8,10.1,9.72,10.01,9.82,0.19,1.93,24862.12,24815.968,3.2288,3.2288,0.71,29.2663,24.3954,3.8367,2.0989,1.8666,0.0,,24149.312,7700.0,7700.0,241734.6131,77077.0,,,1.471
600150,中国船舶,船舶,上海,19980520,600150.SH,20050429,9.76,10.01,9.62,9.82,9.7,0.12,1.24,24924.55,24555.363,3.237,3.237,0.77,28.7108,23.9323,3.7639,2.059,1.8312,0.0,,24149.312,7700.0,7700.0,237146.2438,75614.0,,,1.471
600150,中国船舶,船舶,上海,19980520,600150.SH,20050428,9.35,9.85,9.32,9.7,9.44,0.26,2.75,51738.54,49989.985,6.7193,6.7193,1.89,28.36,23.6399,3.7179,2.0339,1.8088,0.0,,24149.312,7700.0,7700.0,234248.3264,74690.0,,,1.471
600150,中国船舶,船舶,上海,19980520,600150.SH,20050427,9.2,9.46,8.95,9.44,9.12,0.32,3.51,55988.53,51748.075,7.2712,7.2712,2.8,27.5998,23.0062,3.6182,1.9793,1.7603,0.0,,24149.312,7700.0,7700.0,227969.5053,72688.0,,,1.471
600150,中国船舶,船舶,上海,19980520,600150.SH,20050422,9.35,9.41,9.07,9.12,9.33,-0.21,-2.25,24972.52,23033.916,3.2432,3.2432,1.32,26.6642,26.6642,3.6069,1.9122,1.9122,0.0,,24149.312,7700.0,7700.0,220241.7254,70224.0,,,1.471
600150,中国船舶,船舶,上海,19980520,600150.SH,20050421,9.06,9.4,9.03,9.33,9.16,0.17,1.86,17806.56,16435.188,2.3125,2.3125,1.07,27.2782,27.2782,3.6899,1.9563,1.9563,0.0,,24149.312,7700.0,7700.0,225313.081,71841.0,,,1.471
600150,中国船舶,船舶,上海,19980520,600150.SH,20050420,9.28,9.3,9.11,9.16,9.29,-0.13,-1.4,11142.84,10224.677,1.4471,1.4471,0.63,26.7812,26.7812,3.6227,1.9206,1.9206,0.0,,24149.312,7700.0,7700.0,221207.6979,70532.0,,,1.471
600150,中国船舶,船舶,上海,19980520,600150.SH,20050419,9.02,9.35,9.02,9.29,9.0,0.29,3.22,27291.93,25250.565,3.5444,3.5444,1.78,27.1613,27.1613,3.6741,1.9479,1.9479,0.0,,24149.312,7700.0,7700.0,224347.1085,71533.0,,,1.471
600150,中国船舶,船舶,上海,19980520,600150.SH,20050418,9.1,9.11,8.87,9.0,9.06,-0.06,-0.66,18618.04,16763.83,2.4179,2.4179,1.2,26.3134,26.3134,3.5594,1.8871,1.8871,0.0,,24149.312,7700.0,7700.0,217343.808,69300.0,,,1.471
600150,中国船舶,船舶,上海,19980520,600150.SH,20050415,8.82,9.15,8.78,9.06,8.82,0.24,2.72,19535.02,17611.882,2.537,2.537,1.38,26.4888,26.4888,3.5832,1.8997,1.8997,0.0,,24149.312,7700.0,7700.0,218792.7667,69762.0,,,1.471
600150,中国船舶,船舶,上海,19980520,600150.SH,20050414,8.9,8.99,8.71,8.82,8.91,-0.09,-1.01,6488.31,5736.508,0.8426,0.8426,0.38,25.7871,25.7871,3.4882,1.8493,1.8493,0.0,,24149.312,7700.0,7700.0,212996.9318,67914.0,,,1.471
600150,中国船舶,船舶,上海,19980520,600150.SH,20050413,8.99,9.1,8.85,8.91,8.81,0.1,1.14,16428.0,14778.406,2.1335,2.1335,1.01,26.0502,26.0502,3.5238,1.8682,1.8682,0.0,,24149.312,7700.0,7700.0,215170.3699,68607.0,,,1.471
600150,中国船舶,船舶,上海,19980520,600150.SH,20050412,8.6,8.84,8.6,8.81,8.67,0.14,1.61,15452.81,13494.397,2.0069,2.0069,1.06,25.7579,25.7579,3.4843,1.8472,1.8472,0.0,,24149.312,7700.0,7700.0,212755.4387,67837.0,,,1.471
600150,中国船舶,船舶,上海,19980520,600150.SH,20050411,9.0,9.1,8.61,8.67,8.95,-0.28,-3.13,19557.16,17125.463,2.5399,2.5399,1.45,25.3486,25.3486,3.4289,1.8179,1.8179,0.0,,24149.312,7700.0,7700.0,209374.535,66759.0,,,1.471
600150,中国船舶,船舶,上海,19980520,600150.SH,20050408,8.82,8.98,8.74,8.95,8.81,0.14,1.59,12777.37,11357.339,1.6594,1.6594,0.91,26.1672,26.1672,3.5397,1.8766,1.8766,0.0,,24149.312,7700.0,7700.0,216136.3424,68915.0,,,1.471
600150,中国船舶,船舶,上海,19980520,600150.SH,20050407,8.78,9.01,8.7,8.81,8.82,-0.01,-0.11,20947.09,18583.271,2.7204,2.7204,1.87,25.7579,25.7579,3.4843,1.8472,1.8472,0.0,,24149.312,7700.0,7700.0,212755.4387,67837.0,,,1.471
600150,中国船舶,船舶,上海,19980520,600150.SH,20050406,8.39,8.94,8.39,8.82,8.42,0.4,4.75,12988.52,11363.394,1.6868,1.6868,1.2,25.7871,25.7871,3.4882,1.8493,1.8493,0.0,,24149.312,7700.0,7700.0,212996.9318,67914.0,,,1.471
600150,中国船舶,船舶,上海,19980520,600150.SH,20050405,8.41,8.55,8.4,8.42,8.5,-0.08,-0.94,6518.0,5513.991,0.8465,0.8465,0.56,24.6176,24.6176,3.33,1.7655,1.7655,0.0,,24149.312,7700.0,7700.0,203337.207,64834.0,,,1.471
600150,中国船舶,船舶,上海,19980520,600150.SH,20050404,8.3,8.62,8.12,8.5,8.3,0.2,2.41,14299.13,12149.171,1.857,1.857,1.43,24.8515,24.8515,3.3617,1.7822,1.7822,0.0,,24149.312,7700.0,7700.0,205269.152,65450.0,,,1.471
600150,中国船舶,船舶,上海,19980520,600150.SH,20050401,8.05,8.45,7.92,8.3,8.02,0.28,3.49,15434.04,12546.972,2.0044,2.0044,1.81,24.2668,24.2668,3.2826,1.7403,1.7403,0.0,,24149.312,7700.0,7700.0,200439.2896,63910.0,,,1.471
600150,中国船舶,船舶,上海,19980520,600150.SH,20050331,7.8,8.06,7.76,8.02,7.9,0.12,1.52,6757.73,5385.865,0.8776,0.8776,0.68,23.4481,23.4481,3.1718,1.6816,1.6816,0.0,,24149.312,7700.0,7700.0,193677.4822,61754.0,,,1.471
600150,中国船舶,船舶,上海,19980520,600150.SH,20050330,8.31,8.31,7.81,7.9,8.36,-0.46,-5.5,11198.96,9017.745,1.4544,1.4544,0.85,23.0973,23.0973,3.1244,1.6564,1.6564,0.0,,24149.312,7700.0,7700.0,190779.5648,60830.0,,,1.471
600150,中国船舶,船舶,上海,19980520,600150.SH,20050329,8.53,8.63,8.35,8.36,8.53,-0.17,-1.99,10629.02,9031.827,1.3804,1.3804,0.68,24.4422,24.4422,3.3063,1.7529,1.7529,0.0,,24149.312,7700.0,7700.0,201888.2483,64372.0,,,1.471
600150,中国船舶,船舶,上海,19980520,600150.SH,20050328,8.42,8.55,8.3,8.53,8.44,0.09,1.07,6042.25,5077.659,0.7847,0.7847,0.3,24.9392,24.9392,3.3735,1.7885,1.7885,0.0,,24149.312,7700.0,7700.0,205993.6314,65681.0,,,1.471
600150,中国船舶,船舶,上海,19980520,600150.SH,20050325,8.5,8.53,8.4,8.44,8.52,-0.08,-0.94,8085.02,6818.2,1.05,1.05,0.39,24.6761,24.6761,3.338,1.7697,1.7697,0.0,,24149.312,7700.0,7700.0,203820.1933,64988.0,,,1.471
600150,中国船舶,船舶,上海,19980520,600150.SH,20050324,8.5,8.67,8.35,8.52,8.54,-0.02,-0.23,13523.0,11443.049,1.7562,1.7562,0.67,24.91,24.91,3.3696,1.7864,1.7864,0.0,,24149.312,7700.0,7700.0,205752.1382,65604.0,,,1.471
600150,中国船舶,船舶,上海,19980520,600150.SH,20050323,8.7,8.87,8.48,8.54,8.93,-0.39,-4.37,27808.97,24056.329,3.6116,3.6116,1.62,24.9685,24.9685,3.3775,1.7906,1.7906,0.0,,24149.312,7700.0,7700.0,206235.1245,65758.0,,,1.471
600150,中国船舶,船舶,上海,19980520,600150.SH,20050322,9.01,9.15,8.81,8.93,9.08,-0.15,-1.65,22365.11,20072.209,2.9046,2.9046,1.28,53.3948,27.941,3.7733,2.2516,1.75,0.0,,24149.312,7700.0,7700.0,215653.3562,68761.0,,,1.471
600150,中国船舶,船舶,上海,19980520,600150.SH,20050321,8.75,9.1,8.7,9.08,8.75,0.33,3.77,27342.55,24406.92,3.551,3.551,1.66,54.2917,28.4103,3.8367,2.2894,1.7794,0.0,,24149.312,7700.0,7700.0,219275.753,69916.0,,,1.471
600150,中国船舶,船舶,上海,19980520,600150.SH,20050318,8.8,8.9,8.6,8.75,8.81,-0.06,-0.68,12129.39,10546.056,1.5752,1.5752,0.78,52.3186,27.3778,3.6972,2.2062,1.7147,0.0,,24149.312,7700.0,7700.0,211306.48,67375.0,,,1.471
600150,中国船舶,船舶,上海,19980520,600150.SH,20050317,8.7,8.84,8.62,8.81,8.7,0.11,1.26,11385.76,9980.566,1.4787,1.4787,0.69,52.6773,27.5655,3.7226,2.2213,1.7264,0.0,,24149.312,7700.0,7700.0,212755.4387,67837.0,,,1.471
600150,中国船舶,船舶,上海,19980520,600150.SH,20050316,8.66,8.89,8.56,8.7,8.65,0.05,0.58,12354.41,10794.311,1.6045,1.6045,0.79,52.0196,27.2213,3.6761,2.1936,1.7049,0.0,,24149.312,7700.0,7700.0,210099.0144,66990.0,,,1.471
600150,中国船舶,船舶,上海,19980520,600150.SH,20050315,8.83,9.52,8.61,8.65,8.89,-0.24,-2.7,23846.73,21168.101,3.097,3.097,1.56,51.7206,27.0649,3.655,2.181,1.6951,0.0,,24149.312,7700.0,7700.0,208891.5488,66605.0,,,1.471
600150,中国船舶,船舶,上海,19980520,600150.SH,20050314,8.51,8.95,8.42,8.89,8.54,0.35,4.1,22752.75,19997.887,2.9549,2.9549,1.91,53.1557,27.8158,3.7564,2.2415,1.7421,0.0,,24149.312,7700.0,7700.0,214687.3837,68453.0,,,1.471
600150,中国船舶,船舶,上海,19980520,600150.SH,20050311,8.5,8.58,8.36,8.54,8.5,0.04,0.47,7229.0,6118.046,0.9388,0.9388,0.62,51.0629,26.7207,3.6085,2.1532,1.6735,0.0,,24149.312,7700.0,7700.0,206235.1245,65758.0,,,1.471
600150,中国船舶,船舶,上海,19980520,600150.SH,20050310,8.75,8.75,8.46,8.5,8.7,-0.2,-2.3,15886.66,13621.442,2.0632,2.0632,1.62,50.8237,26.5955,3.5916,2.1432,1.6657,0.0,,24149.312,7700.0,7700.0,205269.152,65450.0,,,1.471
600150,中国船舶,船舶,上海,19980520,600150.SH,20050309,8.64,8.76,8.54,8.7,8.55,0.15,1.75,8653.4,7504.363,1.1238,1.1238,0.87,52.0196,27.2213,3.6761,2.1936,1.7049,0.0,,24149.312,7700.0,7700.0,210099.0144,66990.0,,,1.471
600150,中国船舶,船舶,上海,19980520,600150.SH,20050308,8.3,8.78,8.3,8.55,8.29,0.26,3.14,21706.58,18556.585,2.819,2.819,3.05,51.1227,26.752,3.6127,2.1558,1.6755,0.0,,24149.312,7700.0,7700.0,206476.6176,65835.0,,,1.471
600150,中国船舶,船舶,上海,19980520,600150.SH,20050307,8.32,8.39,8.26,8.29,8.33,-0.04,-0.48,6208.62,5164.136,0.8063,0.8063,0.79,49.5681,25.9385,3.5029,2.0902,1.6245,0.0,,24149.312,7700.0,7700.0,200197.7965,63833.0,,,1.471
600150,中国船舶,船舶,上海,19980520,600150.SH,20050304,8.48,8.53,8.3,8.33,8.47,-0.14,-1.65,5901.95,4960.827,0.7665,0.7665,0.42,49.8073,26.0636,3.5198,2.1003,1.6324,0.0,,24149.312,7700.0,7700.0,201163.769,64141.0,,,1.471
600150,中国船舶,船舶,上海,19980520,600150.SH,20050303,8.42,8.52,8.35,8.47,8.47,0.0,0.0,6611.56,5574.6,0.8586,0.8586,0.4,50.6444,26.5017,3.5789,2.1356,1.6598,0.0,,24149.312,7700.0,7700.0,204544.6726,65219.0,,,1.471
600150,中国船舶,船舶,上海,19980520,600150.SH,20050302,8.82,8.82,8.41,8.47,8.8,-0.33,-3.75,9444.92,8108.661,1.2266,1.2266,0.59,50.6444,26.5017,3.5789,2.1356,1.6598,0.0,,24149.312,7700.0,7700.0,204544.6726,65219.0,,,1.471
600150,中国船舶,船舶,上海,19980520,600150.SH,20050301,8.75,8.87,8.57,8.8,8.76,0.04,0.46,7395.15,6422.648,0.9604,0.9604,0.44,52.6175,27.5342,3.7183,2.2188,1.7245,0.0,,24149.312,7700.0,7700.0,212513.9456,67760.0,,,1.471
600150,中国船舶,船舶,上海,19980520,600150.SH,20050228,8.78,8.95,8.69,8.76,8.8,-0.04,-0.45,9776.28,8585.426,1.2696,1.2696,0.61,52.3784,27.409,3.7014,2.2087,1.7166,0.0,,24149.312,7700.0,7700.0,211547.9731,67452.0,,,1.471
600150,中国船舶,船舶,上海,19980520,600150.SH,20050225,8.76,9.2,8.68,8.8,8.77,0.03,0.34,36866.86,33126.664,4.7879,4.7879,3.93,52.6175,27.5342,3.7183,2.2188,1.7245,0.0,,24149.312,7700.0,7700.0,212513.9456,67760.0,,,1.471
600150,中国船舶,船舶,上海,19980520,600150.SH,20050224,8.42,8.77,8.36,8.77,8.46,0.31,3.66,18747.1,16077.728,2.4347,2.4347,2.7,52.4381,27.4403,3.7057,2.2112,1.7186,0.0,,24149.312,7700.0,7700.0,211789.4662,67529.0,,,1.471
600150,中国船舶,船舶,上海,19980520,600150.SH,20050223,8.5,8.55,8.4,8.46,8.49,-0.03,-0.35,7769.0,6574.834,1.009,1.009,1.03,50.5846,26.4704,3.5747,2.1331,1.6579,0.0,,24149.312,7700.0,7700.0,204303.1795,65142.0,,,1.471
600150,中国船舶,船舶,上海,19980520,600150.SH,20050222,8.4,8.54,8.36,8.49,8.36,0.13,1.56,11297.87,9571.287,1.4673,1.4673,1.41,50.7639,26.5642,3.5874,2.1406,1.6637,0.0,,24149.312,7700.0,7700.0,205027.6589,65373.0,,,1.471
600150,中国船舶,船舶,上海,19980520,600150.SH,20050221,8.14,8.48,8.13,8.36,8.14,0.22,2.7,5221.65,4350.65,0.6781,0.6781,0.56,49.9866,26.1575,3.5324,2.1079,1.6383,0.0,,24149.312,7700.0,7700.0,201888.2483,64372.0,,,1.471
600150,中国船舶,船舶,上海,19980520,600150.SH,20050218,8.4,8.4,8.13,8.14,8.4,-0.26,-3.1,3813.5,3138.733,0.4953,0.4953,0.36,48.6712,25.4691,3.4395,2.0524,1.5952,0.0,,24149.312,7700.0,7700.0,196575.3997,62678.0,,,1.471
600150,中国船舶,船舶,上海,19980520,600150.SH,20050217,8.49,8.49,8.36,8.4,8.51,-0.11,-1.29,6561.79,5514.693,0.8522,0.8522,0.65,50.2258,26.2826,3.5493,2.1179,1.6461,0.0,,24149.312,7700.0,7700.0,202854.2208,64680.0,,,1.471
600150,中国船舶,船舶,上海,19980520,600150.SH,20050216,8.42,8.53,8.31,8.51,8.43,0.08,0.95,10736.14,9082.94,1.3943,1.3943,1.2,50.8835,26.6268,3.5958,2.1457,1.6677,0.0,,24149.312,7700.0,7700.0,205510.6451,65527.0,,,1.471
600150,中国船舶,船舶,上海,19980520,600150.SH,20050204,8.21,8.47,8.1,8.43,8.22,0.21,2.55,13802.23,11491.562,1.7925,1.7925,2.02,50.4052,26.3765,3.562,2.1255,1.652,0.0,,24149.312,7700.0,7700.0,203578.7002,64911.0,,,1.471
600150,中国船舶,船舶,上海,19980520,600150.SH,20050203,8.21,8.35,8.07,8.22,8.21,0.01,0.12,11800.46,9716.478,1.5325,1.5325,2.21,49.1495,25.7194,3.4733,2.0726,1.6108,0.0,,24149.312,7700.0,7700.0,198507.3446,63294.0,,,1.471
600150,中国船舶,船舶,上海,19980520,600150.SH,20050202,7.6,8.22,7.6,8.21,7.59,0.62,8.17,10740.85,8621.792,1.3949,1.3949,2.42,49.0898,25.6882,3.4691,2.07,1.6089,0.0,,24149.312,7700.0,7700.0,198265.8515,63217.0,,,1.115
600150,中国船舶,船舶,上海,19980520,600150.SH,20050201,7.65,7.84,7.58,7.59,7.69,-0.1,-1.3,3302.5,2534.902,0.4289,0.4289,0.7,45.3826,23.7482,3.2071,1.9137,1.4874,0.0,,24149.312,7700.0,7700.0,183293.2781,58443.0,,,1.115
600150,中国船舶,船舶,上海,19980520,600150.SH,20050131,7.85,7.9,7.5,7.69,7.93,-0.24,-3.03,5112.52,3956.189,0.664,0.664,0.88,45.9805,24.0611,3.2493,1.9389,1.507,0.0,,24149.312,7700.0,7700.0,185708.2093,59213.0,,,1.115
600150,中国船舶,船舶,上海,19980520,600150.SH,20050128,7.93,8.02,7.86,7.93,7.92,0.01,0.13,3200.5,2544.087,0.4156,0.4156,0.49,47.4156,24.8121,3.3507,1.9994,1.554,0.0,,24149.312,7700.0,7700.0,191504.0442,61061.0,,,1.115
600150,中国船舶,船舶,上海,19980520,600150.SH,20050127,7.95,8.14,7.9,7.92,7.96,-0.04,-0.5,4400.0,3519.889,0.5714,0.5714,0.69,47.3558,24.7808,3.3465,1.9969,1.552,0.0,,24149.312,7700.0,7700.0,191262.551,60984.0,,,1.115
600150,中国船舶,船舶,上海,19980520,600150.SH,20050126,8.15,8.16,7.95,7.96,8.15,-0.19,-2.33,6145.86,4955.765,0.7982,0.7982,1.04,47.5949,24.9059,3.3634,2.007,1.5599,0.0,,24149.312,7700.0,7700.0,192228.5235,61292.0,,,1.115
600150,中国船舶,船舶,上海,19980520,600150.SH,20050125,8.1,8.18,7.94,8.15,8.15,0.0,0.0,4635.61,3752.976,0.602,0.602,0.76,48.731,25.5004,3.4437,2.0549,1.5971,0.0,,24149.312,7700.0,7700.0,196816.8928,62755.0,,,1.115
600150,中国船舶,船舶,上海,19980520,600150.SH,20050124,8.09,8.18,7.97,8.15,7.9,0.25,3.16,10755.96,8705.47,1.3969,1.3969,2.1,48.731,25.5004,3.4437,2.0549,1.5971,0.0,,24149.312,7700.0,7700.0,196816.8928,62755.0,,,1.115
600150,中国船舶,船舶,上海,19980520,600150.SH,20050121,7.71,7.91,7.41,7.9,7.71,0.19,2.46,6533.7,5069.076,0.8485,0.8485,1.19,47.2362,24.7182,3.3381,1.9919,1.5481,0.0,,24149.312,7700.0,7700.0,190779.5648,60830.0,,,1.115
600150,中国船舶,船舶,上海,19980520,600150.SH,20050120,7.7,7.8,7.6,7.71,7.69,0.02,0.26,3955.8,3045.028,0.5137,0.5137,0.7,46.1001,24.1237,3.2578,1.944,1.5109,0.0,,24149.312,7700.0,7700.0,186191.1955,59367.0,,,1.115
600150,中国船舶,船舶,上海,19980520,600150.SH,20050119,7.8,7.8,7.54,7.69,7.8,-0.11,-1.41,3783.84,2886.804,0.4914,0.4914,0.53,45.9805,24.0611,3.2493,1.9389,1.507,0.0,,24149.312,7700.0,7700.0,185708.2093,59213.0,,,1.115
600150,中国船舶,船舶,上海,19980520,600150.SH,20050118,7.86,7.86,7.6,7.8,7.87,-0.07,-0.89,5555.13,4290.725,0.7214,0.7214,0.88,46.6383,24.4053,3.2958,1.9667,1.5285,0.0,,24149.312,7700.0,7700.0,188364.6336,60060.0,,,1.115
600150,中国船舶,船舶,上海,19980520,600150.SH,20050117,7.79,7.88,7.62,7.87,7.82,0.05,0.64,5720.88,4452.205,0.743,0.743,1.02,47.0568,24.6243,3.3254,1.9843,1.5422,0.0,,24149.312,7700.0,7700.0,190055.0854,60599.0,,,1.115
600150,中国船舶,船舶,上海,19980520,600150.SH,20050114,7.7,7.92,7.7,7.82,7.79,0.03,0.39,8494.43,6677.357,1.1032,1.1032,2.02,46.7578,24.4679,3.3043,1.9717,1.5324,0.0,,24149.312,7700.0,7700.0,188847.6198,60214.0,,,1.115
600150,中国船舶,船舶,上海,19980520,600150.SH,20050113,7.8,7.85,7.6,7.79,7.76,0.03,0.39,4610.5,3581.341,0.5988,0.5988,1.17,46.5785,24.374,3.2916,1.9641,1.5266,0.0,,24149.312,7700.0,7700.0,188123.1405,59983.0,,,1.115
600150,中国船舶,船舶,上海,19980520,600150.SH,20050112,7.68,7.78,7.5,7.76,7.69,0.07,0.91,11003.0,8454.318,1.429,1.429,4.94,46.3991,24.2802,3.2789,1.9566,1.5207,0.0,,24149.312,7700.0,7700.0,187398.6611,59752.0,,,1.115
600150,中国船舶,船舶,上海,19980520,600150.SH,20050111,7.72,7.75,7.65,7.69,7.69,0.0,0.0,1636.0,1258.096,0.2125,0.2125,0.76,45.9805,24.0611,3.2493,1.9389,1.507,0.0,,24149.312,7700.0,7700.0,185708.2093,59213.0,,,1.115
600150,中国船舶,船舶,上海,19980520,600150.SH,20050110,7.6,7.7,7.5,7.69,7.64,0.05,0.65,2201.5,1673.721,0.2859,0.2859,0.95,45.9805,24.0611,3.2493,1.9389,1.507,0.0,,24149.312,7700.0,7700.0,185708.2093,59213.0,,,1.115
600150,中国船舶,船舶,上海,19980520,600150.SH,20050107,7.65,7.74,7.52,7.64,7.63,0.01,0.13,1579.78,1203.565,0.2052,0.2052,0.56,45.6816,23.9047,3.2282,1.9263,1.4972,0.0,,24149.312,7700.0,7700.0,184500.7437,58828.0,,,1.115
600150,中国船舶,船舶,上海,19980520,600150.SH,20050106,7.53,7.65,7.5,7.63,7.54,0.09,1.19,3310.87,2517.002,0.43,0.43,1.21,45.6218,23.8734,3.224,1.9238,1.4952,0.0,,24149.312,7700.0,7700.0,184259.2506,58751.0,,,1.115
600150,中国船舶,船舶,上海,19980520,600150.SH,20050105,7.33,7.6,7.33,7.54,7.38,0.16,2.17,2412.13,1810.727,0.3133,0.3133,0.81,45.0836,23.5918,3.1859,1.9011,1.4776,0.0,,24149.312,7700.0,7700.0,182085.8125,58058.0,,,1.115
600150,中国船舶,船舶,上海,19980520,600150.SH,20050104,7.49,7.49,7.32,7.38,7.49,-0.11,-1.47,1301.0,965.144,0.169,0.169,0.36,44.127,23.0912,3.1183,1.8608,1.4462,0.0,,24149.312,7700.0,7700.0,178221.9226,56826.0,,,1.115
600150,中国船舶,船舶,上海,19980520,600150.SH,20041231,7.5,7.61,7.41,7.49,7.4,0.09,1.22,2954.0,2218.812,0.3836,0.3836,0.7,44.7847,23.4354,3.1648,1.8885,1.4678,0.0,,24149.312,7700.0,7700.0,180878.3469,57673.0,,,1.115
600150,中国船舶,船舶,上海,19980520,600150.SH,20041230,7.51,7.53,7.35,7.4,7.51,-0.11,-1.46,4179.5,3124.677,0.5428,0.5428,1.07,44.2466,23.1538,3.1268,1.8658,1.4501,0.0,,24149.312,7700.0,7700.0,178704.9088,56980.0,,,1.115
600150,中国船舶,船舶,上海,19980520,600150.SH,20041229,7.5,7.6,7.5,7.51,7.5,0.01,0.13,2820.02,2130.175,0.3662,0.3662,0.65,44.9043,23.4979,3.1733,1.8935,1.4717,0.0,,24149.312,7700.0,7700.0,181361.3331,57827.0,,,1.115
600150,中国船舶,船舶,上海,19980520,600150.SH,20041228,7.62,7.7,7.46,7.5,7.7,-0.2,-2.6,3597.58,2707.709,0.4672,0.4672,0.86,44.8445,23.4666,3.169,1.891,1.4697,0.0,,24149.312,7700.0,7700.0,181119.84,57750.0,,,1.115
600150,中国船舶,船舶,上海,19980520,600150.SH,20041227,7.75,7.81,7.64,7.7,7.75,-0.05,-0.65,4488.48,3464.644,0.5829,0.5829,1.17,46.0403,24.0924,3.2536,1.9414,1.5089,0.0,,24149.312,7700.0,7700.0,185949.7024,59290.0,,,1.115
600150,中国船舶,船舶,上海,19980520,600150.SH,20041224,7.56,7.76,7.5,7.75,7.56,0.19,2.51,5962.38,4577.361,0.7743,0.7743,1.79,46.3393,24.2489,3.2747,1.9541,1.5187,0.0,,24149.312,7700.0,7700.0,187157.168,59675.0,,,1.115
600150,中国船舶,船舶,上海,19980520,600150.SH,20041223,7.58,7.65,7.5,7.56,7.59,-0.03,-0.4,2705.79,2045.62,0.3514,0.3514,0.8,45.2032,23.6544,3.1944,1.9061,1.4815,0.0,,24149.312,7700.0,7700.0,182568.7987,58212.0,,,1.115
600150,中国船舶,船舶,上海,19980520,600150.SH,20041222,7.4,7.6,7.3,7.59,7.3,0.29,3.97,4842.82,3606.198,0.6289,0.6289,1.76,45.3826,23.7482,3.2071,1.9137,1.4874,0.0,,24149.312,7700.0,7700.0,183293.2781,58443.0,,,1.115
600150,中国船舶,船舶,上海,19980520,600150.SH,20041221,7.25,7.5,7.25,7.3,7.25,0.05,0.69,3035.49,2237.463,0.3942,0.3942,1.23,43.6486,22.8409,3.0845,1.8406,1.4305,0.0,,24149.312,7700.0,7700.0,176289.9776,56210.0,,,1.115
600150,中国船舶,船舶,上海,19980520,600150.SH,20041220,7.46,7.48,7.25,7.25,7.52,-0.27,-3.59,2639.0,1935.17,0.3427,0.3427,1.1,43.3497,22.6844,3.0634,1.828,1.4207,0.0,,24149.312,7700.0,7700.0,175082.512,55825.0,,,1.115
600150,中国船舶,船舶,上海,19980520,600150.SH,20041217,7.6,7.65,7.5,7.52,7.7,-0.18,-2.34,3410.3,2578.535,0.4429,0.4429,1.3,44.9641,23.5292,3.1775,1.8961,1.4737,0.0,,24149.312,7700.0,7700.0,181602.8262,57904.0,,,1.115
600150,中国船舶,船舶,上海,19980520,600150.SH,20041216,7.74,7.85,7.7,7.7,7.74,-0.04,-0.52,3060.0,2382.571,0.3974,0.3974,1.09,46.0403,24.0924,3.2536,1.9414,1.5089,0.0,,24149.312,7700.0,7700.0,185949.7024,59290.0,,,1.115
600150,中国船舶,船舶,上海,19980520,600150.SH,20041215,7.69,7.75,7.58,7.74,7.68,0.06,0.78,1613.38,1236.429,0.2095,0.2095,0.54,46.2795,24.2176,3.2705,1.9515,1.5168,0.0,,24149.312,7700.0,7700.0,186915.6749,59598.0,,,1.115
600150,中国船舶,船舶,上海,19980520,600150.SH,20041214,7.56,7.69,7.51,7.68,7.56,0.12,1.59,1618.1,1231.078,0.2101,0.2101,0.5,45.9207,24.0298,3.2451,1.9364,1.505,0.0,,24149.312,7700.0,7700.0,185466.7162,59136.0,,,1.115
600150,中国船舶,船舶,上海,19980520,600150.SH,20041213,7.58,7.62,7.5,7.56,7.62,-0.06,-0.79,2315.0,1751.091,0.3006,0.3006,0.73,45.2032,23.6544,3.1944,1.9061,1.4815,0.0,,24149.312,7700.0,7700.0,182568.7987,58212.0,,,1.115
600150,中国船舶,船舶,上海,19980520,600150.SH,20041210,7.8,7.88,7.6,7.62,7.89,-0.27,-3.42,4539.23,3489.488,0.5895,0.5895,1.52,45.562,23.8421,3.2198,1.9213,1.4932,0.0,,24149.312,7700.0,7700.0,184017.7574,58674.0,,,1.115
600150,中国船舶,船舶,上海,19980520,600150.SH,20041209,7.8,7.96,7.68,7.89,7.79,0.1,1.28,3899.0,3045.207,0.5064,0.5064,1.02,47.1764,24.6869,3.3338,1.9894,1.5462,0.0,,24149.312,7700.0,7700.0,190538.0717,60753.0,,,1.115
600150,中国船舶,船舶,上海,19980520,600150.SH,20041208,7.88,7.97,7.72,7.79,7.79,0.0,0.0,2438.0,1909.761,0.3166,0.3166,0.61,46.5785,24.374,3.2916,1.9641,1.5266,0.0,,24149.312,7700.0,7700.0,188123.1405,59983.0,,,1.115
600150,中国船舶,船舶,上海,19980520,600150.SH,20041207,7.85,8.0,7.75,7.79,7.85,-0.06,-0.76,2935.2,2312.759,0.3812,0.3812,0.72,46.5785,24.374,3.2916,1.9641,1.5266,0.0,,24149.312,7700.0,7700.0,188123.1405,59983.0,,,1.115
600150,中国船舶,船舶,上海,19980520,600150.SH,20041206,7.8,7.89,7.77,7.85,7.83,0.02,0.26,2028.18,1586.894,0.2634,0.2634,0.42,46.9372,24.5618,3.3169,1.9793,1.5383,0.0,,24149.312,7700.0,7700.0,189572.0992,60445.0,,,1.115
600150,中国船舶,船舶,上海,19980520,600150.SH,20041203,7.75,7.91,7.75,7.83,7.74,0.09,1.16,3667.5,2871.42,0.4763,0.4763,0.74,46.8176,24.4992,3.3085,1.9742,1.5344,0.0,,24149.312,7700.0,7700.0,189089.113,60291.0,,,1.115
600150,中国船舶,船舶,上海,19980520,600150.SH,20041202,7.88,7.88,7.7,7.74,7.9,-0.16,-2.03,7978.17,6175.557,1.0361,1.0361,1.79,46.2795,24.2176,3.2705,1.9515,1.5168,0.0,,24149.312,7700.0,7700.0,186915.6749,59598.0,,,1.115
600150,中国船舶,船舶,上海,19980520,600150.SH,20041201,7.92,7.99,7.86,7.9,7.95,-0.05,-0.63,3393.74,2683.721,0.4407,0.4407,0.47,47.2362,24.7182,3.3381,1.9919,1.5481,0.0,,24149.312,7700.0,7700.0,190779.5648,60830.0,,,1.115
600150,中国船舶,船舶,上海,19980520,600150.SH,20041130,8.0,8.0,7.84,7.95,7.91,0.04,0.51,3324.58,2630.581,0.4318,0.4318,0.44,47.5351,24.8746,3.3592,2.0045,1.5579,0.0,,24149.312,7700.0,7700.0,191987.0304,61215.0,,,1.115
600150,中国船舶,船舶,上海,19980520,600150.SH,20041129,8.15,8.2,7.8,7.91,8.15,-0.24,-2.94,5925.6,4748.357,0.7696,0.7696,0.66,47.296,24.7495,3.3423,1.9944,1.5501,0.0,,24149.312,7700.0,7700.0,191021.0579,60907.0,,,1.115
600150,中国船舶,船舶,上海,19980520,600150.SH,20041126,8.25,8.3,8.15,8.15,8.25,-0.1,-1.21,4000.09,3282.511,0.5195,0.5195,0.42,48.731,25.5004,3.4437,2.0549,1.5971,0.0,,24149.312,7700.0,7700.0,196816.8928,62755.0,,,1.115
600150,中国船舶,船舶,上海,19980520,600150.SH,20041125,8.3,8.37,8.18,8.25,8.3,-0.05,-0.6,5637.18,4646.711,0.7321,0.7321,0.57,49.3289,25.8133,3.486,2.0801,1.6167,0.0,,24149.312,7700.0,7700.0,199231.824,63525.0,,,1.115
600150,中国船舶,船舶,上海,19980520,600150.SH,20041124,8.2,8.48,8.2,8.3,8.15,0.15,1.84,16855.9,14098.502,2.1891,2.1891,1.92,49.6279,25.9698,3.5071,2.0927,1.6265,0.0,,24149.312,7700.0,7700.0,200439.2896,63910.0,,,1.115
600150,中国船舶,船舶,上海,19980520,600150.SH,20041123,8.31,8.32,8.11,8.15,8.25,-0.1,-1.21,5790.31,4732.873,0.752,0.752,0.62,48.731,25.5004,3.4437,2.0549,1.5971,0.0,,24149.312,7700.0,7700.0,196816.8928,62755.0,,,1.115
600150,中国船舶,船舶,上海,19980520,600150.SH,20041122,8.15,8.28,8.15,8.25,8.11,0.14,1.73,12723.34,10466.479,1.6524,1.6524,1.55,49.3289,25.8133,3.486,2.0801,1.6167,0.0,,24149.312,7700.0,7700.0,199231.824,63525.0,,,1.115
600150,中国船舶,船舶,上海,19980520,600150.SH,20041119,8.0,8.15,7.96,8.11,7.98,0.13,1.63,7070.41,5704.883,0.9182,0.9182,0.81,48.4918,25.3753,3.4268,2.0448,1.5893,0.0,,24149.312,7700.0,7700.0,195850.9203,62447.0,,,1.115
600150,中国船舶,船舶,上海,19980520,600150.SH,20041118,7.84,7.99,7.79,7.98,7.85,0.13,1.66,7023.95,5554.748,0.9122,0.9122,0.56,47.7145,24.9685,3.3719,2.012,1.5638,0.0,,24149.312,7700.0,7700.0,192711.5098,61446.0,,,1.115
600150,中国船舶,船舶,上海,19980520,600150.SH,20041117,8.04,8.12,7.8,7.85,8.06,-0.21,-2.61,11358.31,9015.181,1.4751,1.4751,0.81,46.9372,24.5618,3.3169,1.9793,1.5383,0.0,,24149.312,7700.0,7700.0,189572.0992,60445.0,,,1.115
600150,中国船舶,船舶,上海,19980520,600150.SH,20041116,8.23,8.26,8.04,8.06,8.23,-0.17,-2.07,8775.26,7121.46,1.1396,1.1396,0.6,48.1929,25.2188,3.4057,2.0322,1.5795,0.0,,24149.312,7700.0,7700.0,194643.4547,62062.0,,,1.115
600150,中国船舶,船舶,上海,19980520,600150.SH,20041115,8.04,8.25,8.04,8.23,8.04,0.19,2.36,6904.44,5639.246,0.8967,0.8967,0.44,49.2093,25.7507,3.4775,2.0751,1.6128,0.0,,24149.312,7700.0,7700.0,198748.8378,63371.0,,,1.115
600150,中国船舶,船舶,上海,19980520,600150.SH,20041112,8.0,8.19,8.0,8.04,8.1,-0.06,-0.74,9798.21,7916.217,1.2725,1.2725,0.62,48.0733,25.1562,3.3972,2.0272,1.5756,0.0,,24149.312,7700.0,7700.0,194160.4685,61908.0,,,1.115
600150,中国船舶,船舶,上海,19980520,600150.SH,20041111,8.3,8.37,8.09,8.1,8.28,-0.18,-2.17,25662.9,21175.994,3.3328,3.3328,1.72,48.432,25.344,3.4226,2.0423,1.5873,0.0,,24149.312,7700.0,7700.0,195609.4272,62370.0,,,1.115
600150,中国船舶,船舶,上海,19980520,600150.SH,20041110,7.96,8.35,7.93,8.28,7.94,0.34,4.28,18701.67,15273.416,2.4288,2.4288,0.99,49.5083,25.9072,3.4986,2.0877,1.6226,0.0,,24149.312,7700.0,7700.0,199956.3034,63756.0,,,1.115
600150,中国船舶,船舶,上海,19980520,600150.SH,20041109,7.93,7.99,7.88,7.94,7.92,0.02,0.25,11736.04,9312.373,1.5242,1.5242,0.52,47.4754,24.8434,3.355,2.002,1.556,0.0,,24149.312,7700.0,7700.0,191745.5373,61138.0,,,1.115
600150,中国船舶,船舶,上海,19980520,600150.SH,20041108,7.82,7.95,7.46,7.92,7.84,0.08,1.02,11948.52,9199.712,1.5518,1.5518,0.53,47.3558,24.7808,3.3465,1.9969,1.552,0.0,,24149.312,7700.0,7700.0,191262.551,60984.0,,,1.115
600150,中国船舶,船舶,上海,19980520,600150.SH,20041105,7.89,7.92,7.74,7.84,7.74,0.1,1.29,10749.9,8397.615,1.3961,1.3961,0.45,46.8774,24.5305,3.3127,1.9767,1.5364,0.0,,24149.312,7700.0,7700.0,189330.6061,60368.0,,,1.115
600150,中国船舶,船舶,上海,19980520,600150.SH,20041104,8.02,8.05,7.66,7.74,8.06,-0.32,-3.97,21469.38,16885.498,2.7882,2.7882,0.97,46.2795,24.2176,3.2705,1.9515,1.5168,0.0,,24149.312,7700.0,7700.0,186915.6749,59598.0,,,1.115
600150,中国船舶,船舶,上海,19980520,600150.SH,20041103,8.1,8.16,7.7,8.06,8.12,-0.06,-0.74,38313.51,30139.461,4.9758,4.9758,2.17,48.1929,25.2188,3.4057,2.0322,1.5795,0.0,,24149.312,7700.0,7700.0,194643.4547,62062.0,,,1.115
600150,中国船舶,船舶,上海,19980520,600150.SH,20041102,8.72,8.73,7.97,8.12,8.74,-0.62,-7.09,31458.23,25729.412,4.0855,4.0855,1.91,48.5516,25.4066,3.431,2.0473,1.5912,0.0,,24149.312,7700.0,7700.0,196092.4134,62524.0,,,1.115
600150,中国船舶,船舶,上海,19980520,600150.SH,20041101,8.71,8.9,8.71,8.74,8.75,-0.01,-0.11,11311.31,9951.756,1.469,1.469,0.59,52.2588,27.3465,3.693,2.2037,1.7127,0.0,,24149.312,7700.0,7700.0,211064.9869,67298.0,,,1.115
600150,中国船舶,船舶,上海,19980520,600150.SH,20041029,9.0,9.14,8.74,8.75,9.03,-0.28,-3.1,15593.56,13917.034,2.0251,2.0251,0.66,52.3186,27.3778,3.6972,2.2062,1.7147,0.0,,24149.312,7700.0,7700.0,211306.48,67375.0,,,1.115
600150,中国船舶,船舶,上海,19980520,600150.SH,20041028,9.15,9.2,8.95,9.03,9.15,-0.12,-1.31,13457.83,12209.246,1.7478,1.7478,0.5,53.9928,35.7767,3.9813,2.2768,2.0214,0.0,,24149.312,7700.0,7700.0,218068.2874,69531.0,,,1.115
600150,中国船舶,船舶,上海,19980520,600150.SH,20041027,9.29,9.3,9.01,9.15,9.29,-0.14,-1.51,16614.84,15162.298,2.1578,2.1578,0.61,54.7103,36.2522,4.0342,2.307,2.0483,0.0,,24149.312,7700.0,7700.0,220966.2048,70455.0,,,1.115
600150,中国船舶,船舶,上海,19980520,600150.SH,20041026,9.27,9.34,9.01,9.29,9.27,0.02,0.22,25226.67,23196.298,3.2762,3.2762,1.01,55.5474,36.8068,4.0959,2.3423,2.0796,0.0,,24149.312,7700.0,7700.0,224347.1085,71533.0,,,1.115
600150,中国船舶,船舶,上海,19980520,600150.SH,20041025,9.3,9.5,9.14,9.27,9.24,0.03,0.32,25772.96,23876.706,3.3471,3.3471,1.17,55.4278,36.7276,4.0871,2.3373,2.0752,0.0,,24149.312,7700.0,7700.0,223864.1222,71379.0,,,1.115
600150,中国船舶,船舶,上海,19980520,600150.SH,20041022,8.85,9.3,8.76,9.24,8.83,0.41,4.64,37516.31,34227.224,4.8722,4.8722,2.21,55.2484,36.6087,4.0739,2.3297,2.0685,0.0,,24149.312,7700.0,7700.0,223139.6429,71148.0,,,1.115
600150,中国船舶,船舶,上海,19980520,600150.SH,20041021,8.9,9.1,8.72,8.83,8.86,-0.03,-0.34,28852.37,25825.088,3.7471,3.7471,1.78,52.7969,34.9843,3.8931,2.2264,1.9767,0.0,,24149.312,7700.0,7700.0,213238.425,67991.0,,,1.115
600150,中国船舶,船舶,上海,19980520,600150.SH,20041020,8.35,8.88,8.22,8.86,8.42,0.44,5.23,18610.92,15924.309,2.417,2.417,1.15,52.9763,35.1032,3.9063,2.2339,1.9834,0.0,,24149.312,7700.0,7700.0,213962.9043,68222.0,,,1.115
600150,中国船舶,船舶,上海,19980520,600150.SH,20041019,8.35,8.65,8.33,8.42,8.34,0.08,0.96,14141.41,12054.067,1.8365,1.8365,0.87,50.3454,33.3599,3.7123,2.123,1.8849,0.0,,24149.312,7700.0,7700.0,203337.207,64834.0,,,1.115
600150,中国船舶,船舶,上海,19980520,600150.SH,20041018,8.34,8.43,8.11,8.34,8.3,0.04,0.48,10773.09,8945.608,1.3991,1.3991,0.53,49.8671,33.0429,3.6771,2.1028,1.867,0.0,,24149.312,7700.0,7700.0,201405.2621,64218.0,,,1.115
600150,中国船舶,船舶,上海,19980520,600150.SH,20041015,8.1,8.38,8.02,8.3,8.15,0.15,1.84,12619.52,10407.098,1.6389,1.6389,0.55,49.6279,32.8845,3.6594,2.0927,1.858,0.0,,24149.312,7700.0,7700.0,200439.2896,63910.0,,,1.115
600150,中国船舶,船舶,上海,19980520,600150.SH,20041014,8.85,8.95,8.1,8.15,8.85,-0.7,-7.91,25012.1,21084.451,3.2483,3.2483,1.2,48.731,32.2902,3.5933,2.0549,1.8244,0.0,,24149.312,7700.0,7700.0,196816.8928,62755.0,,,1.115
600150,中国船舶,船舶,上海,19980520,600150.SH,20041013,8.72,9.01,8.71,8.85,8.75,0.1,1.14,18074.22,16103.875,2.3473,2.3473,0.91,52.9165,35.0636,3.9019,2.2314,1.9811,0.0,,24149.312,7700.0,7700.0,213721.4112,68145.0,,,1.115
600150,中国船舶,船舶,上海,19980520,600150.SH,20041012,8.72,8.98,8.65,8.75,8.72,0.03,0.34,14435.51,12712.923,1.8747,1.8747,0.74,52.3186,34.6674,3.8578,2.2062,1.9588,0.0,,24149.312,7700.0,7700.0,211306.48,67375.0,,,1.115
600150,中国船舶,船舶,上海,19980520,600150.SH,20041011,8.71,9.17,8.6,8.72,8.7,0.02,0.23,32194.63,28682.444,4.1811,4.1811,1.87,52.1392,34.5485,3.8446,2.1986,1.952,0.0,,24149.312,7700.0,7700.0,210582.0006,67144.0,,,1.115
600150,中国船舶,船舶,上海,19980520,600150.SH,20041008,8.2,8.78,8.11,8.7,8.21,0.49,5.97,25581.43,21872.445,3.3223,3.3223,1.28,52.0196,34.4693,3.8358,2.1936,1.9476,0.0,,24149.312,7700.0,7700.0,210099.0144,66990.0,,,1.115
600150,中国船舶,船舶,上海,19980520,600150.SH,20040930,8.16,8.26,8.09,8.21,8.12,0.09,1.11,13965.03,11433.953,1.8136,1.8136,0.71,49.0898,32.5279,3.6197,2.07,1.8379,0.0,,24149.312,7700.0,7700.0,198265.8515,63217.0,,,1.115
600150,中国船舶,船舶,上海,19980520,600150.SH,20040929,8.02,8.26,8.0,8.12,8.02,0.1,1.25,13334.09,10900.442,1.7317,1.7317,0.68,48.5516,32.1713,3.5801,2.0473,1.8177,0.0,,24149.312,7700.0,7700.0,196092.4134,62524.0,,,1.115
600150,中国船舶,船舶,上海,19980520,600150.SH,20040928,7.88,8.08,7.84,8.02,7.89,0.13,1.65,12902.34,10287.59,1.6756,1.6756,0.63,47.9537,31.7751,3.536,2.0221,1.7953,0.0,,24149.312,7700.0,7700.0,193677.4822,61754.0,,,1.115
600150,中国船舶,船舶,上海,19980520,600150.SH,20040927,8.12,8.25,7.77,7.89,8.0,-0.11,-1.38,20270.92,16212.386,2.6326,2.6326,1.02,47.1764,31.2601,3.4787,1.9894,1.7662,0.0,,24149.312,7700.0,7700.0,190538.0717,60753.0,,,1.115
600150,中国船舶,船舶,上海,19980520,600150.SH,20040924,8.3,8.53,7.98,8.0,8.19,-0.19,-2.32,39553.84,33053.533,5.1369,5.1369,2.84,47.8341,31.6959,3.5272,2.0171,1.7909,0.0,,24149.312,7700.0,7700.0,193194.496,61600.0,,,1.115
600150,中国船舶,船舶,上海,19980520,600150.SH,20040923,7.89,8.2,7.85,8.19,7.93,0.26,3.28,12260.73,9899.678,1.5923,1.5923,0.99,48.9702,32.4487,3.6109,2.065,1.8334,0.0,,24149.312,7700.0,7700.0,197782.8653,63063.0,,,1.115
600150,中国船舶,船舶,上海,19980520,600150.SH,20040922,8.05,8.2,7.85,7.93,8.14,-0.21,-2.58,12427.19,9976.031,1.6139,1.6139,1.05,47.4156,31.4185,3.4963,1.9994,1.7752,0.0,,24149.312,7700.0,7700.0,191504.0442,61061.0,,,1.115
600150,中国船舶,船舶,上海,19980520,600150.SH,20040921,8.06,8.22,7.85,8.14,8.04,0.1,1.24,17142.88,13807.367,2.2263,2.2263,1.71,48.6712,32.2506,3.5889,2.0524,1.8222,0.0,,24149.312,7700.0,7700.0,196575.3997,62678.0,,,1.115
600150,中国船舶,船舶,上海,19980520,600150.SH,20040920,7.81,8.04,7.8,8.04,7.81,0.23,2.94,17903.98,14189.981,2.3252,2.3252,2.6,48.0733,31.8544,3.5448,2.0272,1.7998,0.0,,24149.312,7700.0,7700.0,194160.4685,61908.0,,,1.115
600150,中国船舶,船舶,上海,19980520,600150.SH,20040917,7.5,7.84,7.5,7.81,7.51,0.3,3.99,9826.1,7588.403,1.2761,1.2761,1.88,46.6981,30.9431,3.4434,1.9692,1.7483,0.0,,24149.312,7700.0,7700.0,188606.1267,60137.0,,,1.115
600150,中国船舶,船舶,上海,19980520,600150.SH,20040916,7.42,7.62,7.42,7.51,7.49,0.02,0.27,4445.78,3347.953,0.5774,0.5774,0.94,44.9043,29.7545,3.3111,1.8935,1.6812,0.0,,24149.312,7700.0,7700.0,181361.3331,57827.0,,,1.115
600150,中国船舶,船舶,上海,19980520,600150.SH,20040915,7.01,7.59,6.85,7.49,6.96,0.53,7.61,10055.2,7401.049,1.3059,1.3059,3.33,44.7847,29.6753,3.3023,1.8885,1.6767,0.0,,24149.312,7700.0,7700.0,180878.3469,57673.0,,,1.115
600150,中国船舶,船舶,上海,19980520,600150.SH,20040914,6.8,7.16,6.8,6.96,6.85,0.11,1.61,7797.06,5424.694,1.0126,1.0126,4.98,41.6157,27.5754,3.0686,1.7549,1.5581,0.0,,24149.312,7700.0,7700.0,168079.2115,53592.0,,,1.115
600150,中国船舶,船舶,上海,19980520,600150.SH,20040913,7.44,7.44,6.75,6.85,7.44,-0.59,-7.93,2361.0,1685.823,0.3066,0.3066,1.91,40.958,27.1396,3.0201,1.7271,1.5334,0.0,,24149.312,7700.0,7700.0,165422.7872,52745.0,,,1.115
600150,中国船舶,船舶,上海,19980520,600150.SH,20040910,7.4,7.44,7.3,7.44,7.39,0.05,0.68,1525.49,1123.291,0.1981,0.1981,1.37,44.4857,29.4772,3.2803,1.8759,1.6655,0.0,,24149.312,7700.0,7700.0,179670.8813,57288.0,,,1.115
600150,中国船舶,船舶,上海,19980520,600150.SH,20040909,7.4,7.41,7.37,7.39,7.45,-0.06,-0.81,1914.1,1415.342,0.2486,0.2486,1.91,44.1868,29.2791,3.2582,1.8633,1.6543,0.0,,24149.312,7700.0,7700.0,178463.4157,56903.0,,,1.115
600150,中国船舶,船舶,上海,19980520,600150.SH,20040908,7.38,7.5,7.35,7.45,7.37,0.08,1.09,1518.02,1127.278,0.1971,0.1971,1.75,44.5455,29.5168,3.2847,1.8784,1.6677,0.0,,24149.312,7700.0,7700.0,179912.3744,57365.0,,,1.115
600150,中国船舶,船舶,上海,19980520,600150.SH,20040907,7.4,7.4,7.34,7.37,7.37,0.0,0.0,515.84,380.62,0.067,0.067,0.3,44.0672,29.1998,3.2494,1.8582,1.6498,0.0,,24149.312,7700.0,7700.0,177980.4294,56749.0,,,1.115
600150,中国船舶,船舶,上海,19980520,600150.SH,20040906,7.26,7.4,7.26,7.37,7.35,0.02,0.27,718.45,528.883,0.0933,0.0933,0.38,44.0672,29.1998,3.2494,1.8582,1.6498,0.0,,24149.312,7700.0,7700.0,177980.4294,56749.0,,,1.115
600150,中国船舶,船舶,上海,19980520,600150.SH,20040903,7.37,7.41,7.26,7.35,7.39,-0.04,-0.54,913.98,671.306,0.1187,0.1187,0.45,43.9476,29.1206,3.2406,1.8532,1.6454,0.0,,24149.312,7700.0,7700.0,177497.4432,56595.0,,,1.115
600150,中国船舶,船舶,上海,19980520,600150.SH,20040902,7.12,7.43,7.12,7.39,7.28,0.11,1.51,1333.0,971.417,0.1731,0.1731,0.59,44.1868,29.2791,3.2582,1.8633,1.6543,0.0,,24149.312,7700.0,7700.0,178463.4157,56903.0,,,1.115
600150,中国船舶,船舶,上海,19980520,600150.SH,20040901,7.41,7.41,7.28,7.28,7.41,-0.13,-1.75,848.05,619.945,0.1101,0.1101,0.38,43.529,28.8432,3.2097,1.8355,1.6297,0.0,,24149.312,7700.0,7700.0,175806.9914,56056.0,,,1.115
600150,中国船舶,船舶,上海,19980520,600150.SH,20040831,7.38,7.72,7.3,7.41,7.28,0.13,1.79,4816.62,3558.717,0.6255,0.6255,2.94,44.3063,29.3583,3.267,1.8683,1.6588,0.0,,24149.312,7700.0,7700.0,178946.4019,57057.0,,,1.115
600150,中国船舶,船舶,上海,19980520,600150.SH,20040830,7.33,7.35,7.18,7.28,7.35,-0.07,-0.95,1643.0,1192.836,0.2134,0.2134,1.07,43.529,28.8432,3.2097,1.8355,1.6297,0.0,,24149.312,7700.0,7700.0,175806.9914,56056.0,,,1.115
600150,中国船舶,船舶,上海,19980520,600150.SH,20040827,7.4,7.49,7.26,7.35,7.45,-0.1,-1.34,1531.69,1129.531,0.1989,0.1989,0.92,43.9476,29.1206,3.2406,1.8532,1.6454,0.0,,24149.312,7700.0,7700.0,177497.4432,56595.0,,,1.115
600150,中国船舶,船舶,上海,19980520,600150.SH,20040826,7.57,7.6,7.39,7.45,7.48,-0.03,-0.4,2401.5,1800.907,0.3119,0.3119,1.58,44.5455,29.5168,3.2847,1.8784,1.6677,0.0,,24149.312,7700.0,7700.0,179912.3744,57365.0,,,1.115
600150,中国船舶,船舶,上海,19980520,600150.SH,20040825,7.5,7.59,7.45,7.48,7.52,-0.04,-0.53,728.0,546.093,0.0945,0.0945,0.42,44.7249,29.6356,3.2979,1.886,1.6745,0.0,,24149.312,7700.0,7700.0,180636.8538,57596.0,,,1.115
600150,中国船舶,船舶,上海,19980520,600150.SH,20040824,7.28,7.58,7.28,7.52,7.35,0.17,2.31,1880.29,1407.042,0.2442,0.2442,1.13,44.9641,29.7941,3.3155,1.8961,1.6834,0.0,,24149.312,7700.0,7700.0,181602.8262,57904.0,,,1.115
600150,中国船舶,船舶,上海,19980520,600150.SH,20040823,7.56,7.56,7.35,7.35,7.56,-0.21,-2.78,1101.0,817.277,0.143,0.143,0.57,43.9476,29.1206,3.2406,1.8532,1.6454,0.0,,24149.312,7700.0,7700.0,177497.4432,56595.0,,,1.115
600150,中国船舶,船舶,上海,19980520,600150.SH,20040820,7.52,7.6,7.4,7.56,7.58,-0.02,-0.26,2226.49,1668.537,0.2892,0.2892,0.95,45.2032,29.9526,3.3332,1.9061,1.6924,0.0,,24149.312,7700.0,7700.0,182568.7987,58212.0,,,1.115
600150,中国船舶,船舶,上海,19980520,600150.SH,20040819,7.68,7.68,7.51,7.58,7.6,-0.02,-0.26,1648.9,1244.467,0.2141,0.2141,0.57,45.3228,30.0318,3.342,1.9112,1.6968,0.0,,24149.312,7700.0,7700.0,183051.785,58366.0,,,1.115
600150,中国船舶,船舶,上海,19980520,600150.SH,20040818,7.56,7.7,7.56,7.6,7.56,0.04,0.53,1848.68,1413.411,0.2401,0.2401,0.56,45.4424,30.1111,3.3508,1.9162,1.7013,0.0,,24149.312,7700.0,7700.0,183534.7712,58520.0,,,1.115
600150,中国船舶,船舶,上海,19980520,600150.SH,20040817,7.48,7.62,7.45,7.56,7.51,0.05,0.67,1504.0,1134.682,0.1953,0.1953,0.45,45.2032,29.9526,3.3332,1.9061,1.6924,0.0,,24149.312,7700.0,7700.0,182568.7987,58212.0,,,1.115
600150,中国船舶,船舶,上海,19980520,600150.SH,20040816,7.65,7.65,7.5,7.51,7.65,-0.14,-1.83,2414.1,1824.738,0.3135,0.3135,0.8,44.9043,29.7545,3.3111,1.8935,1.6812,0.0,,24149.312,7700.0,7700.0,181361.3331,57827.0,,,1.115
600150,中国船舶,船舶,上海,19980520,600150.SH,20040813,7.58,7.72,7.58,7.65,7.65,0.0,0.0,4348.66,3333.704,0.5648,0.5648,1.85,45.7414,30.3092,3.3728,1.9288,1.7125,0.0,,24149.312,7700.0,7700.0,184742.2368,58905.0,,,1.115
600150,中国船舶,船舶,上海,19980520,600150.SH,20040812,7.55,7.68,7.45,7.65,7.58,0.07,0.92,4364.97,3307.469,0.5669,0.5669,2.24,45.7414,30.3092,3.3728,1.9288,1.7125,0.0,,24149.312,7700.0,7700.0,184742.2368,58905.0,,,1.115
600150,中国船舶,船舶,上海,19980520,600150.SH,20040811,7.4,7.6,7.4,7.58,7.4,0.18,2.43,3873.51,2902.454,0.5031,0.5031,1.78,45.3228,40.6882,3.4498,1.9112,1.853,0.0,,24149.312,7700.0,7700.0,183051.785,58366.0,,,1.115
600150,中国船舶,船舶,上海,19980520,600150.SH,20040810,7.4,7.45,7.3,7.4,7.38,0.02,0.27,1762.0,1299.553,0.2288,0.2288,0.81,44.2466,39.722,3.3679,1.8658,1.809,0.0,,24149.312,7700.0,7700.0,178704.9088,56980.0,,,1.115
600150,中国船舶,船舶,上海,19980520,600150.SH,20040809,7.43,7.43,7.32,7.38,7.38,0.0,0.0,699.5,516.719,0.0908,0.0908,0.27,44.127,39.6147,3.3588,1.8608,1.8041,0.0,,24149.312,7700.0,7700.0,178221.9226,56826.0,,,1.115
600150,中国船舶,船舶,上海,19980520,600150.SH,20040806,7.27,7.39,7.27,7.38,7.29,0.09,1.23,1038.97,763.192,0.1349,0.1349,0.35,44.127,39.6147,3.3588,1.8608,1.8041,0.0,,24149.312,7700.0,7700.0,178221.9226,56826.0,,,1.115
600150,中国船舶,船舶,上海,19980520,600150.SH,20040805,7.48,7.5,7.28,7.29,7.49,-0.2,-2.67,2350.65,1737.98,0.3053,0.3053,0.7,43.5888,39.1316,3.3178,1.8381,1.7821,0.0,,24149.312,7700.0,7700.0,176048.4845,56133.0,,,1.115
600150,中国船舶,船舶,上海,19980520,600150.SH,20040804,7.27,7.59,7.25,7.49,7.26,0.23,3.17,5004.2,3701.354,0.6499,0.6499,1.72,44.7847,40.2051,3.4088,1.8885,1.831,0.0,,24149.312,7700.0,7700.0,180878.3469,57673.0,,,1.115
600150,中国船舶,船舶,上海,19980520,600150.SH,20040803,7.11,7.45,7.11,7.26,7.38,-0.12,-1.63,1787.41,1299.516,0.2321,0.2321,0.62,43.4095,38.9705,3.3042,1.8305,1.7748,0.0,,24149.312,7700.0,7700.0,175324.0051,55902.0,,,1.115
600150,中国船舶,船舶,上海,19980520,600150.SH,20040802,7.55,7.55,7.38,7.38,7.63,-0.25,-3.28,2766.0,2062.427,0.3592,0.3592,1.04,44.127,39.6147,3.3588,1.8608,1.8041,0.0,,24149.312,7700.0,7700.0,178221.9226,56826.0,,,1.115
600150,中国船舶,船舶,上海,19980520,600150.SH,20040730,7.82,7.85,7.61,7.63,7.79,-0.16,-2.05,2902.0,2230.788,0.3769,0.3769,1.1,45.6218,40.9566,3.4726,1.9238,1.8653,0.0,,24149.312,7700.0,7700.0,184259.2506,58751.0,,,1.115
600150,中国船舶,船舶,上海,19980520,600150.SH,20040729,7.78,7.85,7.65,7.79,7.77,0.02,0.26,4377.19,3388.033,0.5685,0.5685,1.74,46.5785,41.8155,3.5454,1.9641,1.9044,0.0,,24149.312,7700.0,7700.0,188123.1405,59983.0,,,1.115
600150,中国船舶,船舶,上海,19980520,600150.SH,20040728,7.8,7.83,7.63,7.77,7.79,-0.02,-0.26,2730.91,2102.625,0.3547,0.3547,0.93,46.4589,41.7081,3.5363,1.9591,1.8995,0.0,,24149.312,7700.0,7700.0,187640.1542,59829.0,,,1.115
600150,中国船舶,船舶,上海,19980520,600150.SH,20040727,7.9,7.91,7.74,7.79,7.9,-0.11,-1.39,1607.4,1257.917,0.2088,0.2088,0.37,46.5785,41.8155,3.5454,1.9641,1.9044,0.0,,24149.312,7700.0,7700.0,188123.1405,59983.0,,,1.115
600150,中国船舶,船舶,上海,19980520,600150.SH,20040726,7.78,7.92,7.7,7.9,7.85,0.05,0.64,1651.48,1288.92,0.2145,0.2145,0.3,47.2362,42.406,3.5954,1.9919,1.9313,0.0,,24149.312,7700.0,7700.0,190779.5648,60830.0,,,1.115
600150,中国船舶,船舶,上海,19980520,600150.SH,20040723,7.71,7.85,7.68,7.85,7.78,0.07,0.9,2772.95,2153.563,0.3601,0.3601,0.39,46.9372,42.1376,3.5727,1.9793,1.919,0.0,,24149.312,7700.0,7700.0,189572.0992,60445.0,,,1.1
600150,中国船舶,船舶,上海,19980520,600150.SH,20040722,8.16,8.16,7.77,7.78,8.14,-0.36,-4.42,3833.02,3035.166,0.4978,0.4978,0.54,46.5187,41.7618,3.5408,1.9616,1.9019,0.0,,24149.312,7700.0,7700.0,187881.6474,59906.0,,,1.1
600150,中国船舶,船舶,上海,19980520,600150.SH,20040721,8.12,8.15,7.96,8.14,8.12,0.02,0.25,4768.6,3826.313,0.6193,0.6193,0.71,48.6712,43.6942,3.7047,2.0524,1.9899,0.0,,24149.312,7700.0,7700.0,196575.3997,62678.0,,,1.1
600150,中国船舶,船舶,上海,19980520,600150.SH,20040720,8.3,8.34,7.99,8.12,8.22,-0.1,-1.22,8523.56,6916.015,1.107,1.107,1.54,48.5516,43.5869,3.6956,2.0473,1.985,0.0,,24149.312,7700.0,7700.0,196092.4134,62524.0,,,1.1
600150,中国船舶,船舶,上海,19980520,600150.SH,20040719,8.22,8.31,8.18,8.22,8.22,0.0,0.0,7395.51,6081.318,0.9605,0.9605,1.69,49.1495,44.1237,3.7411,2.0726,2.0095,0.0,,24149.312,7700.0,7700.0,198507.3446,63294.0,,,1.1
600150,中国船舶,船舶,上海,19980520,600150.SH,20040716,7.9,8.23,7.9,8.22,7.87,0.35,4.45,11220.84,9091.379,1.4573,1.4573,4.78,49.1495,44.1237,3.7411,2.0726,2.0095,0.0,,24149.312,7700.0,7700.0,198507.3446,63294.0,,,1.1
600150,中国船舶,船舶,上海,19980520,600150.SH,20040715,7.6,7.88,7.6,7.87,7.6,0.27,3.55,3555.5,2767.667,0.4618,0.4618,1.94,47.0568,42.2449,3.5818,1.9843,1.9239,0.0,,24149.312,7700.0,7700.0,190055.0854,60599.0,,,1.1
600150,中国船舶,船舶,上海,19980520,600150.SH,20040714,7.6,7.68,7.53,7.6,7.56,0.04,0.53,2680.8,2033.87,0.3482,0.3482,1.31,45.4424,40.7956,3.4589,1.9162,1.8579,0.0,,24149.312,7700.0,7700.0,183534.7712,58520.0,,,1.1
600150,中国船舶,船舶,上海,19980520,600150.SH,20040713,7.5,7.56,7.38,7.56,7.39,0.17,2.3,2778.92,2072.662,0.3609,0.3609,1.41,45.2032,40.5809,3.4407,1.9061,1.8481,0.0,,24149.312,7700.0,7700.0,182568.7987,58212.0,,,1.1
600150,中国船舶,船舶,上海,19980520,600150.SH,20040712,7.6,7.6,7.3,7.39,7.6,-0.21,-2.76,1656.04,1230.797,0.2151,0.2151,0.59,44.1868,39.6684,3.3633,1.8633,1.8066,0.0,,24149.312,7700.0,7700.0,178463.4157,56903.0,,,1.1
600150,中国船舶,船舶,上海,19980520,600150.SH,20040709,7.73,7.82,7.58,7.6,7.75,-0.15,-1.94,1061.0,820.618,0.1378,0.1378,0.28,45.4424,40.7956,3.4589,1.9162,1.8579,0.0,,24149.312,7700.0,7700.0,183534.7712,58520.0,,,1.1
600150,中国船舶,船舶,上海,19980520,600150.SH,20040708,7.77,7.78,7.66,7.75,7.79,-0.04,-0.51,963.99,745.837,0.1252,0.1252,0.18,46.3393,41.6008,3.5272,1.9541,1.8946,0.0,,24149.312,7700.0,7700.0,187157.168,59675.0,,,1.1
600150,中国船舶,船舶,上海,19980520,600150.SH,20040707,7.7,7.8,7.57,7.79,7.74,0.05,0.65,3747.48,2880.713,0.4867,0.4867,0.71,46.5785,41.8155,3.5454,1.9641,1.9044,0.0,,24149.312,7700.0,7700.0,188123.1405,59983.0,,,1.1
600150,中国船舶,船舶,上海,19980520,600150.SH,20040706,7.7,7.84,7.7,7.74,7.69,0.05,0.65,2429.0,1885.817,0.3155,0.3155,0.47,46.2795,41.5471,3.5226,1.9515,1.8922,0.0,,24149.312,7700.0,7700.0,186915.6749,59598.0,,,1.1
600150,中国船舶,船舶,上海,19980520,600150.SH,20040705,7.5,7.85,7.48,7.69,7.54,0.15,1.99,5806.71,4464.392,0.7541,0.7541,1.26,45.9805,41.2787,3.4999,1.9389,1.8799,0.0,,24149.312,7700.0,7700.0,185708.2093,59213.0,,,1.1
600150,中国船舶,船舶,上海,19980520,600150.SH,20040702,7.51,7.75,7.51,7.54,7.51,0.03,0.4,6005.11,4571.256,0.7799,0.7799,1.5,45.0836,40.4735,3.4316,1.9011,1.8433,0.0,,24149.312,7700.0,7700.0,182085.8125,58058.0,,,1.1
600150,中国船舶,船舶,上海,19980520,600150.SH,20040701,7.28,7.62,7.28,7.51,7.29,0.22,3.02,9432.24,7094.701,1.225,1.225,4.04,44.9043,40.3125,3.418,1.8935,1.8359,0.0,,24149.312,7700.0,7700.0,181361.3331,57827.0,,,1.1
600150,中国船舶,船舶,上海,19980520,600150.SH,20040630,7.17,7.31,7.1,7.29,7.21,0.08,1.11,2638.4,1907.378,0.3426,0.3426,1.28,43.5888,39.1316,3.3178,1.8381,1.7821,0.0,,24149.312,7700.0,7700.0,176048.4845,56133.0,,,1.1
600150,中国船舶,船舶,上海,19980520,600150.SH,20040629,7.15,7.25,7.05,7.21,7.17,0.04,0.56,1832.1,1311.005,0.2379,0.2379,0.83,43.1105,38.7021,3.2814,1.8179,1.7626,0.0,,24149.312,7700.0,7700.0,174116.5395,55517.0,,,1.1
600150,中国船舶,船舶,上海,19980520,600150.SH,20040628,7.48,7.56,7.16,7.17,7.5,-0.33,-4.4,3218.98,2340.884,0.418,0.418,1.77,42.8713,38.4874,3.2632,1.8078,1.7528,0.0,,24149.312,7700.0,7700.0,173150.567,55209.0,,,1.1
600150,中国船舶,船舶,上海,19980520,600150.SH,20040625,7.66,7.82,7.45,7.5,7.75,-0.25,-3.23,2930.0,2217.84,0.3805,0.3805,1.57,44.8445,40.2588,3.4134,1.891,1.8335,0.0,,24149.312,7700.0,7700.0,181119.84,57750.0,,,1.1
600150,中国船舶,船舶,上海,19980520,600150.SH,20040624,7.8,7.9,7.75,7.75,7.8,-0.05,-0.64,1051.5,821.847,0.1366,0.1366,0.53,46.3393,41.6008,3.5272,1.9541,1.8946,0.0,,24149.312,7700.0,7700.0,187157.168,59675.0,,,1.1
600150,中国船舶,船舶,上海,19980520,600150.SH,20040623,7.97,7.97,7.75,7.8,7.98,-0.18,-2.26,1252.95,976.547,0.1627,0.1627,0.54,46.6383,41.8692,3.5499,1.9667,1.9068,0.0,,24149.312,7700.0,7700.0,188364.6336,60060.0,,,1.1
600150,中国船舶,船舶,上海,19980520,600150.SH,20040622,7.77,8.01,7.75,7.98,7.79,0.19,2.44,2555.8,2027.124,0.3319,0.3319,1.1,47.7145,42.8354,3.6319,2.012,1.9508,0.0,,24149.312,7700.0,7700.0,192711.5098,61446.0,,,1.1
600150,中国船舶,船舶,上海,19980520,600150.SH,20040621,7.6,7.82,7.58,7.79,7.65,0.14,1.83,1281.5,986.333,0.1664,0.1664,0.41,46.5785,41.8155,3.5454,1.9641,1.9044,0.0,,24149.312,7700.0,7700.0,188123.1405,59983.0,,,1.1
600150,中国船舶,船舶,上海,19980520,600150.SH,20040618,7.75,7.83,7.59,7.65,7.76,-0.11,-1.42,3183.38,2442.791,0.4134,0.4134,0.98,45.7414,41.064,3.4817,1.9288,1.8702,0.0,,24149.312,7700.0,7700.0,184742.2368,58905.0,,,1.1
600150,中国船舶,船舶,上海,19980520,600150.SH,20040617,7.82,8.02,7.75,7.76,7.82,-0.06,-0.77,1728.91,1355.624,0.2245,0.2245,0.47,46.3991,41.6545,3.5317,1.9566,1.897,0.0,,24149.312,7700.0,7700.0,187398.6611,59752.0,,,1.1
600150,中国船舶,船舶,上海,19980520,600150.SH,20040616,7.78,7.9,7.66,7.82,7.76,0.06,0.77,2753.02,2151.536,0.3575,0.3575,0.62,46.7578,41.9765,3.559,1.9717,1.9117,0.0,,24149.312,7700.0,7700.0,188847.6198,60214.0,,,1.1
600150,中国船舶,船舶,上海,19980520,600150.SH,20040615,7.6,7.85,7.6,7.76,7.65,0.11,1.44,2710.3,2073.839,0.352,0.352,0.55,46.3991,41.6545,3.5317,1.9566,1.897,0.0,,24149.312,7700.0,7700.0,187398.6611,59752.0,,,1.1
600150,中国船舶,船舶,上海,19980520,600150.SH,20040614,7.91,7.91,7.31,7.65,7.89,-0.24,-3.04,5314.48,4042.883,0.6902,0.6902,1.15,45.7414,41.064,3.4817,1.9288,1.8702,0.0,,24149.312,7700.0,7700.0,184742.2368,58905.0,,,1.1
600150,中国船舶,船舶,上海,19980520,600150.SH,20040611,7.8,8.06,7.8,7.89,7.82,0.07,0.9,3732.0,2975.714,0.4847,0.4847,0.74,47.1764,42.3523,3.5909,1.9894,1.9288,0.0,,24149.312,7700.0,7700.0,190538.0717,60753.0,,,1.1
600150,中国船舶,船舶,上海,19980520,600150.SH,20040610,7.91,7.96,7.78,7.82,7.91,-0.09,-1.14,4025.94,3156.136,0.5228,0.5228,0.73,46.7578,41.9765,3.559,1.9717,1.9117,0.0,,24149.312,7700.0,7700.0,188847.6198,60214.0,,,1.1
600150,中国船舶,船舶,上海,19980520,600150.SH,20040609,8.02,8.15,7.9,7.91,8.11,-0.2,-2.47,6397.8,5099.474,0.8309,0.8309,0.89,47.296,42.4596,3.6,1.9944,1.9337,0.0,,24149.312,7700.0,7700.0,191021.0579,60907.0,,,1.1
600150,中国船舶,船舶,上海,19980520,600150.SH,20040608,8.2,8.21,8.04,8.11,8.21,-0.1,-1.22,5338.29,4326.981,0.6933,0.6933,0.62,48.4918,43.5332,3.691,2.0448,1.9826,0.0,,24149.312,7700.0,7700.0,195850.9203,62447.0,,,1.1
600150,中国船舶,船舶,上海,19980520,600150.SH,20040607,8.18,8.21,8.06,8.21,8.19,0.02,0.24,3677.0,2978.781,0.4775,0.4775,0.37,49.0898,44.07,3.7365,2.07,2.0071,0.0,,24149.312,7700.0,7700.0,198265.8515,63217.0,,,1.1
600150,中国船舶,船舶,上海,19980520,600150.SH,20040604,8.25,8.3,8.15,8.19,8.25,-0.06,-0.73,5848.81,4786.357,0.7596,0.7596,0.55,48.9702,43.9626,3.7274,2.065,2.0022,0.0,,24149.312,7700.0,7700.0,197782.8653,63063.0,,,1.1
600150,中国船舶,船舶,上海,19980520,600150.SH,20040603,8.48,8.5,8.25,8.25,8.5,-0.25,-2.94,6343.96,5299.214,0.8239,0.8239,0.52,49.3289,44.2847,3.7547,2.0801,2.0168,0.0,,24149.312,7700.0,7700.0,199231.824,63525.0,,,1.1
600150,中国船舶,船舶,上海,19980520,600150.SH,20040602,8.55,8.58,8.36,8.5,8.54,-0.04,-0.47,14535.68,12280.817,1.8878,1.8878,1.47,50.8237,45.6267,3.8685,2.1432,2.0779,0.0,,24149.312,7700.0,7700.0,205269.152,65450.0,,,1.1
600150,中国船舶,船舶,上海,19980520,600150.SH,20040601,8.46,8.58,8.3,8.54,8.42,0.12,1.43,12323.29,10395.272,1.6004,1.6004,1.34,51.0629,45.8414,3.8867,2.1532,2.0877,0.0,,24149.312,7700.0,7700.0,206235.1245,65758.0,,,1.1
600150,中国船舶,船舶,上海,19980520,600150.SH,20040531,8.25,8.43,8.22,8.42,8.25,0.17,2.06,10940.97,9151.161,1.4209,1.4209,1.25,50.3454,45.1972,3.8321,2.123,2.0584,0.0,,24149.312,7700.0,7700.0,203337.207,64834.0,,,1.1
600150,中国船舶,船舶,上海,19980520,600150.SH,20040528,8.3,8.34,8.22,8.25,8.25,0.0,0.0,9108.9,7528.002,1.183,1.183,1.13,49.3289,44.2847,3.7547,2.0801,2.0168,0.0,,24149.312,7700.0,7700.0,199231.824,63525.0,,,1.1
600150,中国船舶,船舶,上海,19980520,600150.SH,20040527,8.02,8.31,7.98,8.25,8.02,0.23,2.87,13826.47,11360.455,1.7956,1.7956,1.53,49.3289,44.2847,3.7547,2.0801,2.0168,0.0,,24149.312,7700.0,7700.0,199231.824,63525.0,,,1.1
600150,中国船舶,船舶,上海,19980520,600150.SH,20040526,7.91,8.09,7.91,8.02,7.95,0.07,0.88,3349.6,2684.173,0.435,0.435,0.36,47.9537,43.0501,3.6501,2.0221,1.9606,0.0,,24149.312,7700.0,7700.0,193677.4822,61754.0,,,1.1
600150,中国船舶,船舶,上海,19980520,600150.SH,20040525,8.0,8.02,7.87,7.95,8.02,-0.07,-0.87,8903.5,7085.827,1.1563,1.1563,0.93,47.5351,42.6743,3.6182,2.0045,1.9435,0.0,,24149.312,7700.0,7700.0,191987.0304,61215.0,,,1.1
600150,中国船舶,船舶,上海,19980520,600150.SH,20040524,7.9,8.06,7.88,8.02,7.87,0.15,1.91,8524.79,6818.072,1.1071,1.1071,0.96,47.9537,43.0501,3.6501,2.0221,1.9606,0.0,,24149.312,7700.0,7700.0,193677.4822,61754.0,,,1.1
600150,中国船舶,船舶,上海,19980520,600150.SH,20040521,7.82,7.92,7.7,7.87,7.82,0.05,0.64,5803.31,4543.245,0.7537,0.7537,0.63,47.0568,42.2449,3.5818,1.9843,1.9239,0.0,,24149.312,7700.0,7700.0,190055.0854,60599.0,,,1.1
600150,中国船舶,船舶,上海,19980520,600150.SH,20040520,8.2,8.35,7.7,7.82,8.13,-0.31,-3.81,18575.69,14772.307,2.4124,2.4124,2.71,46.7578,41.9765,3.559,1.9717,1.9117,0.0,,24149.312,7700.0,7700.0,188847.6198,60214.0,,,1.1
600150,中国船舶,船舶,上海,19980520,600150.SH,20040517,8.1,8.3,8.1,8.13,8.25,-0.12,-1.45,4846.1,3965.483,0.6294,0.6294,0.68,48.6114,43.6406,3.7001,2.0499,1.9875,0.0,,24149.312,7700.0,7700.0,196333.9066,62601.0,,,1.1
600150,中国船舶,船舶,上海,19980520,600150.SH,20040514,8.07,8.31,8.05,8.25,8.16,0.09,1.1,10349.49,8491.995,1.3441,1.3441,1.12,49.3289,44.2847,3.7547,2.0801,2.0168,0.0,,24149.312,7700.0,7700.0,199231.824,63525.0,,,1.1
600150,中国船舶,船舶,上海,19980520,600150.SH,20040513,8.1,8.18,8.0,8.16,8.14,0.02,0.25,4884.83,3938.329,0.6344,0.6344,0.37,48.7908,43.8016,3.7138,2.0574,1.9948,0.0,,24149.312,7700.0,7700.0,197058.3859,62832.0,,,1.1
600150,中国船舶,船舶,上海,19980520,600150.SH,20040512,7.89,8.19,7.82,8.14,7.9,0.24,3.04,7402.44,5979.236,0.9614,0.9614,0.53,48.6712,43.6942,3.7047,2.0524,1.9899,0.0,,24149.312,7700.0,7700.0,196575.3997,62678.0,,,1.1
600150,中国船舶,船舶,上海,19980520,600150.SH,20040511,7.88,8.05,7.78,7.9,7.81,0.09,1.15,6766.9,5339.896,0.8788,0.8788,0.45,47.2362,42.406,3.5954,1.9919,1.9313,0.0,,24149.312,7700.0,7700.0,190779.5648,60830.0,,,1.1
600150,中国船舶,船舶,上海,19980520,600150.SH,20040510,8.12,8.12,7.72,7.81,8.12,-0.31,-3.82,6362.54,5004.193,0.8263,0.8263,0.39,46.6981,41.9229,3.5545,1.9692,1.9093,0.0,,24149.312,7700.0,7700.0,188606.1267,60137.0,,,1.1
600150,中国船舶,船舶,上海,19980520,600150.SH,20040430,8.07,8.32,7.7,8.12,8.07,0.05,0.62,20606.46,16587.738,2.6762,2.6762,1.47,48.5516,43.5869,3.6956,2.0473,1.985,0.0,,24149.312,7700.0,7700.0,196092.4134,62524.0,,,1.1
600150,中国船舶,船舶,上海,19980520,600150.SH,20040429,8.82,8.95,8.05,8.07,8.82,-0.75,-8.5,24481.19,20624.319,3.1794,3.1794,2.08,48.2527,43.3185,3.6728,2.0347,1.9728,0.0,,24149.312,7700.0,7700.0,194884.9478,62139.0,,,1.1
600150,中国船舶,船舶,上海,19980520,600150.SH,20040428,8.71,8.95,8.66,8.82,8.71,0.11,1.26,12242.36,10780.101,1.5899,1.5899,0.88,52.7371,52.7371,4.0748,2.2238,2.2238,0.0,,24149.312,7700.0,7700.0,212996.9318,67914.0,,,1.1
600150,中国船舶,船舶,上海,19980520,600150.SH,20040427,8.8,8.93,8.64,8.71,8.85,-0.14,-1.58,12191.42,10735.07,1.5833,1.5833,0.65,52.0794,52.0794,4.024,2.1961,2.1961,0.0,,24149.312,7700.0,7700.0,210340.5075,67067.0,,,1.1
600150,中国船舶,船舶,上海,19980520,600150.SH,20040426,8.55,8.9,8.55,8.85,8.5,0.35,4.12,11843.32,10326.964,1.5381,1.5381,0.55,52.9165,52.9165,4.0886,2.2314,2.2314,0.0,,24149.312,7700.0,7700.0,213721.4112,68145.0,,,1.1
600150,中国船舶,船舶,上海,19980520,600150.SH,20040423,8.59,8.79,8.41,8.5,8.59,-0.09,-1.05,9325.96,8035.797,1.2112,1.2112,0.37,50.8237,50.8237,3.9269,2.1432,2.1432,0.0,,24149.312,7700.0,7700.0,205269.152,65450.0,,,1.1
600150,中国船舶,船舶,上海,19980520,600150.SH,20040422,8.43,8.7,8.28,8.59,8.47,0.12,1.42,13243.18,11280.624,1.7199,1.7199,0.46,51.3619,51.3619,3.9685,2.1658,2.1658,0.0,,24149.312,7700.0,7700.0,207442.5901,66143.0,,,1.1
600150,中国船舶,船舶,上海,19980520,600150.SH,20040421,8.78,8.92,8.45,8.47,8.78,-0.31,-3.53,23282.83,20062.173,3.0237,3.0237,0.78,50.6444,50.6444,3.9131,2.1356,2.1356,0.0,,24149.312,7700.0,7700.0,204544.6726,65219.0,,,1.1
600150,中国船舶,船舶,上海,19980520,600150.SH,20040420,9.22,9.25,8.73,8.78,9.22,-0.44,-4.77,36106.36,32495.437,4.6891,4.6891,1.07,52.4979,52.4979,4.0563,2.2138,2.2138,0.0,,24149.312,7700.0,7700.0,212030.9594,67606.0,,,1.1
600150,中国船舶,船舶,上海,19980520,600150.SH,20040419,9.12,9.25,9.02,9.22,9.1,0.12,1.32,26218.43,23995.298,3.405,3.405,0.51,55.1288,55.1288,4.2596,2.3247,2.3247,0.0,,24149.312,7700.0,7700.0,222656.6566,70994.0,,,1.1
600150,中国船舶,船舶,上海,19980520,600150.SH,20040416,8.9,9.12,8.65,9.1,8.96,0.14,1.56,26165.78,23223.167,3.3982,3.3982,0.51,54.4113,54.4113,4.2041,2.2944,2.2944,0.0,,24149.312,7700.0,7700.0,219758.7392,70070.0,,,1.1
600150,中国船舶,船舶,上海,19980520,600150.SH,20040415,8.8,9.16,8.74,8.96,8.86,0.1,1.13,30817.82,27626.442,4.0023,4.0023,0.67,53.5742,53.5742,4.1395,2.2591,2.2591,0.0,,24149.312,7700.0,7700.0,216377.8355,68992.0,,,1.1
600150,中国船舶,船舶,上海,19980520,600150.SH,20040414,9.0,9.01,8.61,8.86,8.99,-0.13,-1.45,29909.85,26376.068,3.8844,3.8844,0.7,52.9763,52.9763,4.0933,2.2339,2.2339,0.0,,24149.312,7700.0,7700.0,213962.9043,68222.0,,,1.1
600150,中国船舶,船舶,上海,19980520,600150.SH,20040413,8.83,9.0,8.66,8.99,8.91,0.08,0.9,55319.85,49085.695,7.1844,7.1844,1.6,53.7536,53.7536,4.1533,2.2667,2.2667,0.0,,24149.312,7700.0,7700.0,217102.3149,69223.0,,,1.1
600150,中国船舶,船舶,上海,19980520,600150.SH,20040412,8.14,8.93,8.14,8.91,8.12,0.79,9.73,112504.18,98652.102,14.6109,14.6109,8.26,53.2752,53.2752,4.1164,2.2465,2.2465,0.0,,24149.312,7700.0,7700.0,215170.3699,68607.0,,,1.1
600150,中国船舶,船舶,上海,19980520,600150.SH,20040409,8.2,8.32,8.05,8.12,8.04,0.08,1.0,25544.64,20926.14,3.3175,3.3175,2.33,48.5516,48.5516,3.7514,2.0473,2.0473,0.0,,24149.312,7700.0,7700.0,196092.4134,62524.0,,,1.1
600150,中国船舶,船舶,上海,19980520,600150.SH,20040408,8.1,8.1,7.91,8.04,8.09,-0.05,-0.62,7491.99,5998.25,0.973,0.973,0.7,213.5385,167.7615,3.9643,2.2413,2.2092,0.0,,24149.312,7700.0,7700.0,194160.4685,61908.0,,,1.1
600150,中国船舶,船舶,上海,19980520,600150.SH,20040407,8.2,8.25,8.08,8.09,8.23,-0.14,-1.7,12041.0,9787.284,1.5638,1.5638,1.28,214.8664,168.8048,3.9889,2.2552,2.2229,0.0,,24149.312,7700.0,7700.0,195367.9341,62293.0,,,1.1
600150,中国船舶,船舶,上海,19980520,600150.SH,20040406,8.18,8.23,8.08,8.23,8.18,0.05,0.61,14857.19,12114.124,1.9295,1.9295,2.0,218.5848,171.726,4.0579,2.2943,2.2614,0.0,,24149.312,7700.0,7700.0,198748.8378,63371.0,,,1.1
600150,中国船舶,船舶,上海,19980520,600150.SH,20040405,8.17,8.25,8.05,8.18,8.16,0.02,0.25,8151.58,6639.378,1.0586,1.0586,1.12,217.2568,170.6827,4.0333,2.2803,2.2477,0.0,,24149.312,7700.0,7700.0,197541.3722,62986.0,,,1.1
600150,中国船舶,船舶,上海,19980520,600150.SH,20040402,8.0,8.22,7.98,8.16,8.04,0.12,1.49,12300.92,10039.54,1.5975,1.5975,1.94,216.7256,170.2654,4.0234,2.2747,2.2422,0.0,,24149.312,7700.0,7700.0,197058.3859,62832.0,,,1.1
600150,中国船舶,船舶,上海,19980520,600150.SH,20040401,7.92,8.11,7.92,8.04,7.93,0.11,1.39,5966.52,4802.971,0.7749,0.7749,0.79,213.5385,167.7615,3.9643,2.2413,2.2092,0.0,,24149.312,7700.0,7700.0,194160.4685,61908.0,,,1.1
600150,中国船舶,船舶,上海,19980520,600150.SH,20040331,7.86,7.98,7.86,7.93,7.86,0.07,0.89,5693.1,4509.436,0.7394,0.7394,0.69,210.6169,165.4662,3.91,2.2106,2.179,0.0,,24149.312,7700.0,7700.0,191504.0442,61061.0,,,1.1
600150,中国船舶,船舶,上海,19980520,600150.SH,20040330,7.9,7.92,7.77,7.86,7.94,-0.08,-1.01,5089.45,3984.635,0.661,0.661,0.55,208.7577,164.0056,3.8755,2.1911,2.1597,0.0,,24149.312,7700.0,7700.0,189813.5923,60522.0,,,1.1
600150,中国船舶,船舶,上海,19980520,600150.SH,20040329,8.11,8.11,7.9,7.94,8.1,-0.16,-1.98,7272.5,5818.563,0.9445,0.9445,0.57,210.8825,165.6749,3.915,2.2134,2.1817,0.0,,24149.312,7700.0,7700.0,191745.5373,61138.0,,,1.1
600150,中国船舶,船舶,上海,19980520,600150.SH,20040326,8.12,8.12,7.95,8.1,8.12,-0.02,-0.25,7626.66,6140.591,0.9905,0.9905,0.56,215.132,169.0134,3.9938,2.258,2.2257,0.0,,24149.312,7700.0,7700.0,195609.4272,62370.0,,,1.1
600150,中国船舶,船舶,上海,19980520,600150.SH,20040325,8.08,8.16,7.9,8.12,8.17,-0.05,-0.61,12044.9,9690.735,1.5643,1.5643,0.69,215.6632,169.4307,4.0037,2.2636,2.2312,0.0,,24149.312,7700.0,7700.0,196092.4134,62524.0,,,1.1
600150,中国船舶,船舶,上海,19980520,600150.SH,20040324,8.15,8.19,8.08,8.17,8.13,0.04,0.49,9148.21,7443.737,1.1881,1.1881,0.49,216.9912,170.474,4.0284,2.2775,2.2449,0.0,,24149.312,7700.0,7700.0,197299.879,62909.0,,,1.1
600150,中国船舶,船舶,上海,19980520,600150.SH,20040323,8.23,8.23,7.96,8.13,8.19,-0.06,-0.73,10584.22,8557.227,1.3746,1.3746,0.52,215.9288,169.6394,4.0086,2.2664,2.2339,0.0,,24149.312,7700.0,7700.0,196333.9066,62601.0,,,1.1
600150,中国船舶,船舶,上海,19980520,600150.SH,20040322,8.0,8.27,8.0,8.19,7.99,0.2,2.5,24030.12,19628.009,3.1208,3.1208,1.19,217.5224,170.8914,4.0382,2.2831,2.2504,0.0,,24149.312,7700.0,7700.0,197782.8653,63063.0,,,1.1
600150,中国船舶,船舶,上海,19980520,600150.SH,20040319,7.87,8.1,7.68,7.99,7.87,0.12,1.52,12473.58,9853.709,1.6199,1.6199,0.47,212.2105,166.7182,3.9396,2.2274,2.1954,0.0,,24149.312,7700.0,7700.0,192953.0029,61523.0,,,1.1
600150,中国船舶,船舶,上海,19980520,600150.SH,20040318,7.7,8.31,7.7,7.87,7.65,0.22,2.88,31209.64,25055.201,4.0532,4.0532,1.26,209.0233,164.2143,3.8804,2.1939,2.1625,0.0,,24149.312,7700.0,7700.0,190055.0854,60599.0,,,1.1
600150,中国船舶,船舶,上海,19980520,600150.SH,20040317,7.77,7.78,7.51,7.65,7.77,-0.12,-1.54,15409.0,11742.14,2.0012,2.0012,0.68,203.1803,159.6238,3.772,2.1326,2.102,0.0,,24149.312,7700.0,7700.0,184742.2368,58905.0,,,1.1
600150,中国船舶,船舶,上海,19980520,600150.SH,20040316,7.94,7.94,7.65,7.77,7.95,-0.18,-2.26,19059.3,14838.776,2.4752,2.4752,0.96,206.3674,162.1277,3.8311,2.166,2.135,0.0,,24149.312,7700.0,7700.0,187640.1542,59829.0,,,1.1
600150,中国船舶,船舶,上海,19980520,600150.SH,20040315,7.69,7.99,7.6,7.95,7.75,0.2,2.58,23012.74,18029.277,2.9887,2.9887,1.34,211.1481,165.8836,3.9199,2.2162,2.1845,0.0,,24149.312,7700.0,7700.0,191987.0304,61215.0,,,1.1
600150,中国船舶,船舶,上海,19980520,600150.SH,20040312,7.67,8.0,7.55,7.75,7.67,0.08,1.04,42648.63,33288.154,5.5388,5.5388,4.57,205.8362,161.7104,3.8213,2.1605,2.1295,0.0,,24149.312,7700.0,7700.0,187157.168,59675.0,,,1.1
600150,中国船舶,船舶,上海,19980520,600150.SH,20040311,7.01,7.67,6.97,7.67,6.97,0.7,10.04,23759.4,17835.178,3.0856,3.0856,4.18,203.7114,160.0411,3.7818,2.1382,2.1075,0.0,,24149.312,7700.0,7700.0,185225.223,59059.0,,,1.1
600150,中国船舶,船舶,上海,19980520,600150.SH,20040310,6.85,7.04,6.85,6.97,6.82,0.15,2.2,5246.92,3629.452,0.6814,0.6814,0.76,185.1198,145.435,3.4367,1.943,1.9152,0.0,,24149.312,7700.0,7700.0,168320.7046,53669.0,,,1.1
600150,中国船舶,船舶,上海,19980520,600150.SH,20040309,6.86,6.94,6.82,6.82,6.86,-0.04,-0.58,4262.0,2932.231,0.5535,0.5535,0.54,181.1359,142.3051,3.3627,1.9012,1.874,0.0,,24149.312,7700.0,7700.0,164698.3078,52514.0,,,1.1
600150,中国船舶,船舶,上海,19980520,600150.SH,20040308,7.13,7.14,6.83,6.86,7.17,-0.31,-4.32,9907.89,6918.349,1.2867,1.2867,1.37,182.1982,143.1398,3.3824,1.9123,1.885,0.0,,24149.312,7700.0,7700.0,165664.2803,52822.0,,,1.1
600150,中国船舶,船舶,上海,19980520,600150.SH,20040305,7.15,7.22,7.08,7.17,7.15,0.02,0.28,3456.6,2474.507,0.4489,0.4489,0.43,190.4317,149.6082,3.5353,1.9988,1.9701,0.0,,24149.312,7700.0,7700.0,173150.567,55209.0,,,1.1
600150,中国船舶,船舶,上海,19980520,600150.SH,20040304,7.1,7.22,7.07,7.15,7.18,-0.03,-0.42,5539.05,3949.769,0.7194,0.7194,0.61,189.9005,149.1909,3.5254,1.9932,1.9646,0.0,,24149.312,7700.0,7700.0,172667.5808,55055.0,,,1.1
600150,中国船舶,船舶,上海,19980520,600150.SH,20040303,7.43,7.44,7.09,7.18,7.43,-0.25,-3.36,11361.1,8237.691,1.4755,1.4755,1.3,190.6973,149.8168,3.5402,2.0016,1.9729,0.0,,24149.312,7700.0,7700.0,173392.0602,55286.0,,,1.1
600150,中国船舶,船舶,上海,19980520,600150.SH,20040302,7.46,7.5,7.33,7.43,7.48,-0.05,-0.67,9023.29,6691.566,1.1719,1.1719,0.93,197.3372,155.0333,3.6635,2.0712,2.0416,0.0,,24149.312,7700.0,7700.0,179429.3882,57211.0,,,1.1
600150,中国船舶,船舶,上海,19980520,600150.SH,20040301,7.35,7.51,7.25,7.48,7.4,0.08,1.08,6863.33,5079.657,0.8913,0.8913,0.63,198.6651,156.0766,3.6881,2.0852,2.0553,0.0,,24149.312,7700.0,7700.0,180636.8538,57596.0,,,1.1
600150,中国船舶,船舶,上海,19980520,600150.SH,20040227,7.35,7.45,7.27,7.4,7.29,0.11,1.51,7606.86,5590.104,0.9879,0.9879,0.58,196.5404,154.4073,3.6487,2.0629,2.0333,0.0,,24149.312,7700.0,7700.0,178704.9088,56980.0,,,1.1
600150,中国船舶,船舶,上海,19980520,600150.SH,20040226,7.35,7.5,7.11,7.29,7.42,-0.13,-1.75,10840.19,7964.414,1.4078,1.4078,0.75,193.6188,152.1121,3.5945,2.0322,2.0031,0.0,,24149.312,7700.0,7700.0,176048.4845,56133.0,,,1.1
600150,中国船舶,船舶,上海,19980520,600150.SH,20040225,7.64,7.7,7.36,7.42,7.6,-0.18,-2.37,9259.68,6938.553,1.2026,1.2026,0.58,197.0716,154.8246,3.6586,2.0685,2.0388,0.0,,24149.312,7700.0,7700.0,179187.895,57134.0,,,1.1
600150,中国船舶,船舶,上海,19980520,600150.SH,20040224,7.38,7.6,7.35,7.6,7.45,0.15,2.01,14078.52,10531.455,1.8284,1.8284,0.88,201.8523,158.5805,3.7473,2.1186,2.0883,0.0,,24149.312,7700.0,7700.0,183534.7712,58520.0,,,1.1
600150,中国船舶,船舶,上海,19980520,600150.SH,20040223,7.49,7.58,7.39,7.45,7.49,-0.04,-0.53,12485.96,9359.813,1.6216,1.6216,0.74,197.8683,155.4506,3.6733,2.0768,2.0471,0.0,,24149.312,7700.0,7700.0,179912.3744,57365.0,,,1.1
600150,中国船舶,船舶,上海,19980520,600150.SH,20040220,7.6,7.62,7.34,7.49,7.62,-0.13,-1.71,19321.92,14393.425,2.5093,2.5093,1.2,198.9307,156.2853,3.6931,2.088,2.0581,0.0,,24149.312,7700.0,7700.0,180878.3469,57673.0,,,1.1
600150,中国船舶,船舶,上海,19980520,600150.SH,20040219,7.88,7.92,7.58,7.62,7.9,-0.28,-3.54,16996.08,13104.273,2.2073,2.2073,1.12,202.3835,158.9978,3.7572,2.1242,2.0938,0.0,,24149.312,7700.0,7700.0,184017.7574,58674.0,,,1.1
600150,中国船舶,船舶,上海,19980520,600150.SH,20040218,7.8,7.93,7.66,7.9,7.81,0.09,1.15,17283.86,13512.824,2.2447,2.2447,0.99,209.8201,164.8403,3.8952,2.2023,2.1707,0.0,,24149.312,7700.0,7700.0,190779.5648,60830.0,,,1.1
600150,中国船舶,船舶,上海,19980520,600150.SH,20040217,7.8,7.93,7.65,7.81,7.82,-0.01,-0.13,13858.57,10790.748,1.7998,1.7998,0.7,207.4298,162.9623,3.8509,2.1772,2.146,0.0,,24149.312,7700.0,7700.0,188606.1267,60137.0,,,1.1
600150,中国船舶,船舶,上海,19980520,600150.SH,20040216,7.55,7.85,7.45,7.82,7.5,0.32,4.27,17111.86,13134.296,2.2223,2.2223,0.89,207.6954,163.171,3.8558,2.18,2.1487,0.0,,24149.312,7700.0,7700.0,188847.6198,60214.0,,,1.1
600150,中国船舶,船舶,上海,19980520,600150.SH,20040213,7.4,7.55,7.39,7.5,7.44,0.06,0.81,15363.12,11471.72,1.9952,1.9952,0.75,199.1963,156.4939,3.698,2.0908,2.0608,0.0,,24149.312,7700.0,7700.0,181119.84,57750.0,,,1.1
600150,中国船舶,船舶,上海,19980520,600150.SH,20040212,7.45,7.55,7.34,7.44,7.5,-0.06,-0.8,12153.28,9061.644,1.5783,1.5783,0.56,197.6028,155.242,3.6684,2.074,2.0443,0.0,,24149.312,7700.0,7700.0,179670.8813,57288.0,,,1.1
600150,中国船舶,船舶,上海,19980520,600150.SH,20040211,7.38,7.58,7.3,7.5,7.38,0.12,1.63,28651.85,21365.012,3.721,3.721,1.21,199.1963,156.4939,3.698,2.0908,2.0608,0.0,,24149.312,7700.0,7700.0,181119.84,57750.0,,,1.1
600150,中国船舶,船舶,上海,19980520,600150.SH,20040210,7.04,7.45,6.96,7.38,7.03,0.35,4.98,26234.68,19029.837,3.4071,3.4071,1.18,196.0092,153.99,3.6388,2.0573,2.0278,0.0,,24149.312,7700.0,7700.0,178221.9226,56826.0,,,1.1
600150,中国船舶,船舶,上海,19980520,600150.SH,20040209,6.79,7.06,6.77,7.03,6.81,0.22,3.23,13423.2,9353.054,1.7433,1.7433,0.46,186.7134,146.687,3.4663,1.9597,1.9317,0.0,,24149.312,7700.0,7700.0,169769.6634,54131.0,,,1.1
600150,中国船舶,船舶,上海,19980520,600150.SH,20040206,6.97,7.16,6.77,6.81,6.97,-0.16,-2.3,22021.77,15292.908,2.86,2.86,0.54,180.8703,142.0965,3.3578,1.8984,1.8712,0.0,,24149.312,7700.0,7700.0,164456.8147,52437.0,,,1.1
600150,中国船舶,船舶,上海,19980520,600150.SH,20040205,6.9,6.98,6.81,6.97,6.92,0.05,0.72,19124.09,13154.119,2.4836,2.4836,0.49,185.1198,145.435,3.4367,1.943,1.9152,0.0,,24149.312,7700.0,7700.0,168320.7046,53669.0,,,1.1
600150,中国船舶,船舶,上海,19980520,600150.SH,20040204,6.63,6.95,6.63,6.92,6.6,0.32,4.85,37748.98,25866.264,4.9025,4.9025,1.17,183.7918,144.3917,3.412,1.9291,1.9014,0.0,,24149.312,7700.0,7700.0,167113.239,53284.0,,,1.1
600150,中国船舶,船舶,上海,19980520,600150.SH,20040203,6.6,6.7,6.5,6.6,6.65,-0.05,-0.75,19127.06,12592.458,2.484,2.484,0.65,175.2928,137.7146,3.2542,1.8399,1.8135,0.0,,24149.312,7700.0,7700.0,159385.4592,50820.0,,,1.1
600150,中国船舶,船舶,上海,19980520,600150.SH,20040202,6.6,6.76,6.41,6.65,6.61,0.04,0.61,49021.68,32266.109,6.3665,6.3665,2.4,176.6207,138.7579,3.2789,1.8538,1.8272,0.0,,24149.312,7700.0,7700.0,160592.9248,51205.0,,,1.1
600150,中国船舶,船舶,上海,19980520,600150.SH,20040130,6.2,6.61,6.2,6.61,6.01,0.6,9.98,79704.58,52559.514,10.3512,10.3512,12.59,175.5584,137.9233,3.2592,1.8427,1.8163,0.0,,24149.312,7700.0,7700.0,159626.9523,50897.0,,,1.1
600150,中国船舶,船舶,上海,19980520,600150.SH,20040129,5.84,6.04,5.75,6.01,5.77,0.24,4.16,10059.75,5978.966,1.3065,1.3065,1.78,159.6227,125.4038,2.9633,1.6754,1.6514,0.0,,24149.312,7700.0,7700.0,145137.3651,46277.0,,,1.1
600150,中国船舶,船舶,上海,19980520,600150.SH,20040116,5.73,5.86,5.69,5.77,5.72,0.05,0.87,4010.94,2314.204,0.5209,0.5209,0.57,153.2484,120.396,2.845,1.6085,1.5854,0.0,,24149.312,7700.0,7700.0,139341.5302,44429.0,,,1.1
600150,中国船舶,船舶,上海,19980520,600150.SH,20040115,5.77,5.85,5.7,5.72,5.75,-0.03,-0.52,3783.91,2177.02,0.4914,0.4914,0.43,151.9204,119.3527,2.8203,1.5946,1.5717,0.0,,24149.312,7700.0,7700.0,138134.0646,44044.0,,,1.1
600150,中国船舶,船舶,上海,19980520,600150.SH,20040114,5.85,5.85,5.75,5.75,5.9,-0.15,-2.54,4466.54,2587.33,0.5801,0.5801,0.42,152.7172,119.9787,2.8351,1.6029,1.58,0.0,,24149.312,7700.0,7700.0,138858.544,44275.0,,,1.1
600150,中国船舶,船舶,上海,19980520,600150.SH,20040113,5.8,5.95,5.68,5.9,5.73,0.17,2.97,9325.07,5373.988,1.211,1.211,0.93,156.7011,123.1085,2.9091,1.6447,1.6212,0.0,,24149.312,7700.0,7700.0,142480.9408,45430.0,,,1.1
600150,中国船舶,船舶,上海,19980520,600150.SH,20040112,5.71,5.77,5.63,5.73,5.81,-0.08,-1.38,6683.0,3800.884,0.8679,0.8679,0.68,152.186,119.5614,2.8253,1.5973,1.5745,0.0,,24149.312,7700.0,7700.0,138375.5578,44121.0,,,1.1
600150,中国船舶,船舶,上海,19980520,600150.SH,20040109,5.87,5.99,5.75,5.81,5.87,-0.06,-1.02,11074.98,6492.961,1.4383,1.4383,1.35,154.3108,121.2306,2.8647,1.6196,1.5964,0.0,,24149.312,7700.0,7700.0,140307.5027,44737.0,,,1.1
600150,中国船舶,船舶,上海,19980520,600150.SH,20040108,5.8,5.92,5.78,5.87,5.78,0.09,1.56,12659.85,7411.727,1.6441,1.6441,2.08,155.9043,122.4826,2.8943,1.6364,1.6129,0.0,,24149.312,7700.0,7700.0,141756.4614,45199.0,,,1.1
600150,中国船舶,船舶,上海,19980520,600150.SH,20040107,5.58,5.78,5.51,5.78,5.58,0.2,3.58,13470.81,7620.347,1.7495,1.7495,3.28,153.514,120.6046,2.8499,1.6113,1.5882,0.0,,24149.312,7700.0,7700.0,139583.0234,44506.0,,,1.1
600150,中国船舶,船舶,上海,19980520,600150.SH,20040106,5.51,5.62,5.48,5.58,5.55,0.03,0.54,6173.65,3425.644,0.8018,0.8018,1.78,148.2021,116.4315,2.7513,1.5555,1.5332,0.0,,24149.312,7700.0,7700.0,134753.161,42966.0,,,1.1
600150,中国船舶,船舶,上海,19980520,600150.SH,20040105,5.56,5.6,5.41,5.55,5.56,-0.01,-0.18,5871.29,3238.441,0.7625,0.7625,2.09,147.4053,115.8055,2.7365,1.5472,1.525,0.0,,24149.312,7700.0,7700.0,134028.6816,42735.0,,,1.1
600150,中国船舶,船舶,上海,19980520,600150.SH,20040102,5.48,5.61,5.48,5.56,5.47,0.09,1.65,2896.4,1605.147,0.3762,0.3762,0.89,147.6709,116.0142,2.7415,1.5499,1.5277,0.0,,24149.312,7700.0,7700.0,134270.1747,42812.0,,,1.1
600150,中国船舶,船舶,上海,19980520,600150.SH,20031231,5.55,5.57,5.46,5.47,5.47,0.0,0.0,2022.6,1111.475,0.2627,0.2627,0.53,145.2805,114.1362,2.6971,1.5249,1.503,0.0,,24149.312,7700.0,7700.0,132096.7366,42119.0,,,1.1
600150,中国船舶,船舶,上海,19980520,600150.SH,20031230,5.42,5.47,5.36,5.47,5.45,0.02,0.37,3575.93,1927.283,0.4644,0.4644,0.83,145.2805,114.1362,2.6971,1.5249,1.503,0.0,,24149.312,7700.0,7700.0,132096.7366,42119.0,,,1.1
600150,中国船舶,船舶,上海,19980520,600150.SH,20031229,5.55,5.55,5.42,5.45,5.56,-0.11,-1.98,2932.82,1609.433,0.3809,0.3809,0.51,144.7493,113.7189,2.6872,1.5193,1.4975,0.0,,24149.312,7700.0,7700.0,131613.7504,41965.0,,,1.1
600150,中国船舶,船舶,上海,19980520,600150.SH,20031226,5.5,5.59,5.5,5.56,5.54,0.02,0.36,2588.14,1434.053,0.3361,0.3361,0.33,147.6709,116.0142,2.7415,1.5499,1.5277,0.0,,24149.312,7700.0,7700.0,134270.1747,42812.0,,,1.1
600150,中国船舶,船舶,上海,19980520,600150.SH,20031225,5.6,5.6,5.5,5.54,5.6,-0.06,-1.07,5211.0,2883.612,0.6768,0.6768,0.6,147.1397,115.5968,2.7316,1.5444,1.5223,0.0,,24149.312,7700.0,7700.0,133787.1885,42658.0,,,1.1
600150,中国船舶,船舶,上海,19980520,600150.SH,20031224,5.67,5.67,5.5,5.6,5.67,-0.07,-1.23,4931.09,2746.167,0.6404,0.6404,0.36,148.7333,116.8488,2.7612,1.5611,1.5387,0.0,,24149.312,7700.0,7700.0,135236.1472,43120.0,,,1.1
600150,中国船舶,船舶,上海,19980520,600150.SH,20031223,5.6,5.72,5.6,5.67,5.67,0.0,0.0,5845.41,3312.215,0.7591,0.7591,0.41,150.5924,118.3094,2.7957,1.5806,1.558,0.0,,24149.312,7700.0,7700.0,136926.599,43659.0,,,1.1
600150,中国船舶,船舶,上海,19980520,600150.SH,20031222,5.55,5.69,5.24,5.67,5.59,0.08,1.43,10116.67,5468.912,1.3139,1.3139,0.74,150.5924,118.3094,2.7957,1.5806,1.558,0.0,,24149.312,7700.0,7700.0,136926.599,43659.0,,,1.1
600150,中国船舶,船舶,上海,19980520,600150.SH,20031219,5.97,5.98,5.52,5.59,5.97,-0.38,-6.37,13503.12,7645.132,1.7537,1.7537,1.11,148.4677,116.6401,2.7562,1.5583,1.536,0.0,,24149.312,7700.0,7700.0,134994.6541,43043.0,,,1.1
600150,中国船舶,船舶,上海,19980520,600150.SH,20031218,6.09,6.16,5.9,5.97,6.12,-0.15,-2.45,8990.71,5392.156,1.1676,1.1676,0.78,158.5603,124.5692,2.9436,1.6642,1.6404,0.0,,24149.312,7700.0,7700.0,144171.3926,45969.0,,,1.1
600150,中国船舶,船舶,上海,19980520,600150.SH,20031217,6.15,6.49,6.12,6.12,6.12,0.0,0.0,29999.74,18984.35,3.8961,3.8961,4.66,162.5442,127.699,3.0176,1.7061,1.6816,0.0,,24149.312,7700.0,7700.0,147793.7894,47124.0,,,1.1
600150,中国船舶,船舶,上海,19980520,600150.SH,20031216,6.02,6.16,5.85,6.12,6.08,0.04,0.66,8849.35,5323.952,1.1493,1.1493,1.69,162.5442,127.699,3.0176,1.7061,1.6816,0.0,,24149.312,7700.0,7700.0,147793.7894,47124.0,,,1.1
600150,中国船舶,船舶,上海,19980520,600150.SH,20031215,6.04,6.14,5.97,6.08,6.05,0.03,0.5,6713.31,4080.525,0.8719,0.8719,1.45,161.4818,126.8644,2.9978,1.6949,1.6706,0.0,,24149.312,7700.0,7700.0,146827.817,46816.0,,,1.1
600150,中国船舶,船舶,上海,19980520,600150.SH,20031212,6.06,6.06,5.88,6.05,6.02,0.03,0.5,6405.42,3827.736,0.8319,0.8319,1.37,160.685,126.2384,2.9831,1.6865,1.6624,0.0,,24149.312,7700.0,7700.0,146103.3376,46585.0,,,1.1
600150,中国船舶,船舶,上海,19980520,600150.SH,20031211,6.01,6.06,5.95,6.02,6.01,0.01,0.17,5895.5,3537.337,0.7656,0.7656,0.94,159.8882,125.6124,2.9683,1.6782,1.6541,0.0,,24149.312,7700.0,7700.0,145378.8582,46354.0,,,1.1
600150,中国船舶,船舶,上海,19980520,600150.SH,20031210,5.88,6.02,5.88,6.01,5.9,0.11,1.86,4340.49,2574.918,0.5637,0.5637,0.64,159.6227,125.4038,2.9633,1.6754,1.6514,0.0,,24149.312,7700.0,7700.0,145137.3651,46277.0,,,1.1
600150,中国船舶,船舶,上海,19980520,600150.SH,20031209,5.92,5.93,5.86,5.9,5.92,-0.02,-0.34,2819.1,1662.92,0.3661,0.3661,0.38,156.7011,123.1085,2.9091,1.6447,1.6212,0.0,,24149.312,7700.0,7700.0,142480.9408,45430.0,,,1.1
600150,中国船舶,船舶,上海,19980520,600150.SH,20031208,6.0,6.09,5.86,5.92,6.0,-0.08,-1.33,3674.0,2171.331,0.4771,0.4771,0.4,157.2323,123.5259,2.919,1.6503,1.6267,0.0,,24149.312,7700.0,7700.0,142963.927,45584.0,,,1.1
600150,中国船舶,船舶,上海,19980520,600150.SH,20031205,5.99,6.02,5.88,6.0,5.99,0.01,0.17,6706.69,3985.048,0.871,0.871,0.8,159.3571,125.1951,2.9584,1.6726,1.6486,0.0,,24149.312,7700.0,7700.0,144895.872,46200.0,,,1.1
600150,中国船舶,船舶,上海,19980520,600150.SH,20031204,5.86,6.15,5.84,5.99,5.88,0.11,1.87,13966.84,8399.663,1.8139,1.8139,2.05,159.0915,124.9865,2.9535,1.6698,1.6459,0.0,,24149.312,7700.0,7700.0,144654.3789,46123.0,,,1.1
600150,中国船舶,船舶,上海,19980520,600150.SH,20031203,5.78,5.92,5.74,5.88,5.8,0.08,1.38,6985.99,4100.665,0.9073,0.9073,0.96,156.1699,122.6912,2.8992,1.6392,1.6157,0.0,,24149.312,7700.0,7700.0,141997.9546,45276.0,,,1.1
600150,中国船舶,船舶,上海,19980520,600150.SH,20031202,5.78,5.89,5.76,5.8,5.85,-0.05,-0.85,5840.85,3388.964,0.7586,0.7586,0.5,154.0452,121.022,2.8598,1.6169,1.5937,0.0,,24149.312,7700.0,7700.0,140066.0096,44660.0,,,1.1
600150,中国船舶,船舶,上海,19980520,600150.SH,20031201,5.57,5.99,5.57,5.85,5.62,0.23,4.09,12355.19,7253.838,1.6046,1.6046,1.19,155.3731,122.0653,2.8844,1.6308,1.6074,0.0,,24149.312,7700.0,7700.0,141273.4752,45045.0,,,1.1
600150,中国船舶,船舶,上海,19980520,600150.SH,20031128,5.56,5.66,5.52,5.62,5.56,0.06,1.08,2780.07,1554.951,0.361,0.361,0.25,149.2644,117.2661,2.771,1.5667,1.5442,0.0,,24149.312,7700.0,7700.0,135719.1334,43274.0,,,1.1
600150,中国船舶,船舶,上海,19980520,600150.SH,20031127,5.73,5.76,5.54,5.56,5.76,-0.2,-3.47,6128.6,3439.396,0.7959,0.7959,0.53,147.6709,116.0142,2.7415,1.5499,1.5277,0.0,,24149.312,7700.0,7700.0,134270.1747,42812.0,,,1.1
600150,中国船舶,船舶,上海,19980520,600150.SH,20031126,5.79,5.79,5.65,5.76,5.85,-0.09,-1.54,9161.18,5239.166,1.1898,1.1898,0.89,152.9828,120.1873,2.8401,1.6057,1.5827,0.0,,24149.312,7700.0,7700.0,139100.0371,44352.0,,,1.1
600150,中国船舶,船舶,上海,19980520,600150.SH,20031125,5.65,6.17,5.55,5.85,5.61,0.24,4.28,27523.52,16313.446,3.5745,3.5745,5.54,155.3731,122.0653,2.8844,1.6308,1.6074,0.0,,24149.312,7700.0,7700.0,141273.4752,45045.0,,,1.1
600150,中国船舶,船舶,上海,19980520,600150.SH,20031124,5.36,5.63,5.36,5.61,5.36,0.25,4.66,6423.92,3569.293,0.8343,0.8343,1.67,148.9989,117.0574,2.7661,1.5639,1.5415,0.0,,24149.312,7700.0,7700.0,135477.6403,43197.0,,,1.1
600150,中国船舶,船舶,上海,19980520,600150.SH,20031121,5.53,5.58,5.35,5.36,5.5,-0.14,-2.55,6070.51,3314.656,0.7884,0.7884,1.82,142.359,111.841,2.6428,1.4942,1.4728,0.0,,24149.312,7700.0,7700.0,129440.3123,41272.0,,,1.1
600150,中国船舶,船舶,上海,19980520,600150.SH,20031120,5.25,5.5,5.24,5.5,5.25,0.25,4.76,8795.65,4763.987,1.1423,1.1423,4.35,146.0773,114.7622,2.7119,1.5332,1.5113,0.0,,24149.312,7700.0,7700.0,132821.216,42350.0,,,1.1
600150,中国船舶,船舶,上海,19980520,600150.SH,20031119,5.1,5.28,5.08,5.25,5.13,0.12,2.34,2784.63,1456.591,0.3616,0.3616,1.53,139.4374,109.5457,2.5886,1.4635,1.4426,0.0,,24149.312,7700.0,7700.0,126783.888,40425.0,,,1.1
600150,中国船舶,船舶,上海,19980520,600150.SH,20031118,5.25,5.25,5.13,5.13,5.24,-0.11,-2.1,763.0,393.358,0.0991,0.0991,0.38,136.2503,107.0418,2.5294,1.4301,1.4096,0.0,,24149.312,7700.0,7700.0,123885.9706,39501.0,,,1.1
600150,中国船舶,船舶,上海,19980520,600150.SH,20031117,5.22,5.28,5.18,5.24,5.27,-0.03,-0.57,849.0,443.678,0.1103,0.1103,0.39,139.1718,109.3371,2.5837,1.4607,1.4398,0.0,,24149.312,7700.0,7700.0,126542.3949,40348.0,,,1.1
600150,中国船舶,船舶,上海,19980520,600150.SH,20031114,5.25,5.27,5.18,5.27,5.18,0.09,1.74,3468.85,1815.583,0.4505,0.4505,1.62,139.9686,109.9631,2.5985,1.4691,1.4481,0.0,,24149.312,7700.0,7700.0,127266.8742,40579.0,,,1.1
600150,中国船舶,船舶,上海,19980520,600150.SH,20031113,5.06,5.18,5.06,5.18,5.11,0.07,1.37,2243.97,1146.865,0.2914,0.2914,0.82,137.5783,108.0851,2.5541,1.444,1.4233,0.0,,24149.312,7700.0,7700.0,125093.4362,39886.0,,,1.1
600150,中国船舶,船舶,上海,19980520,600150.SH,20031112,5.16,5.17,5.04,5.11,5.21,-0.1,-1.92,1749.55,890.577,0.2272,0.2272,0.59,135.7191,106.6245,2.5196,1.4245,1.4041,0.0,,24149.312,7700.0,7700.0,123402.9843,39347.0,,,1.1
600150,中国船舶,船舶,上海,19980520,600150.SH,20031111,5.15,5.22,5.08,5.21,5.13,0.08,1.56,1803.77,928.522,0.2343,0.2343,0.5,138.375,108.7111,2.5689,1.4524,1.4316,0.0,,24149.312,7700.0,7700.0,125817.9155,40117.0,,,1.1
600150,中国船舶,船舶,上海,19980520,600150.SH,20031110,5.11,5.15,5.04,5.13,5.14,-0.01,-0.19,1554.84,791.716,0.2019,0.2019,0.42,136.2503,107.0418,2.5294,1.4301,1.4096,0.0,,24149.312,7700.0,7700.0,123885.9706,39501.0,,,1.1
600150,中国船舶,船舶,上海,19980520,600150.SH,20031107,5.2,5.22,5.02,5.14,5.23,-0.09,-1.72,3335.76,1702.758,0.4332,0.4332,0.77,136.5159,107.2505,2.5344,1.4329,1.4123,0.0,,24149.312,7700.0,7700.0,124127.4637,39578.0,,,1.1
600150,中国船舶,船舶,上海,19980520,600150.SH,20031106,5.5,5.54,5.19,5.23,5.5,-0.27,-4.91,5196.76,2767.921,0.6749,0.6749,1.06,138.9062,109.1284,2.5787,1.458,1.4371,0.0,,24149.312,7700.0,7700.0,126300.9018,40271.0,,,1.1
600150,中国船舶,船舶,上海,19980520,600150.SH,20031105,5.65,5.66,5.48,5.5,5.62,-0.12,-2.14,2987.1,1656.748,0.3879,0.3879,0.59,146.0773,114.7622,2.7119,1.5332,1.5113,0.0,,24149.312,7700.0,7700.0,132821.216,42350.0,,,1.1
600150,中国船舶,船舶,上海,19980520,600150.SH,20031104,5.54,5.68,5.51,5.62,5.54,0.08,1.44,4846.06,2720.327,0.6294,0.6294,1.07,149.2644,117.2661,2.771,1.5667,1.5442,0.0,,24149.312,7700.0,7700.0,135719.1334,43274.0,,,1.1
600150,中国船舶,船舶,上海,19980520,600150.SH,20031103,5.5,5.55,5.44,5.54,5.52,0.02,0.36,1968.2,1082.731,0.2556,0.2556,0.43,147.1397,115.5968,2.7316,1.5444,1.5223,0.0,,24149.312,7700.0,7700.0,133787.1885,42658.0,,,1.1
600150,中国船舶,船舶,上海,19980520,600150.SH,20031031,5.49,5.64,5.49,5.52,5.47,0.05,0.91,6635.21,3675.902,0.8617,0.8617,1.82,146.6085,115.1795,2.7217,1.5388,1.5168,0.0,,24149.312,7700.0,7700.0,133304.2022,42504.0,,,1.1
600150,中国船舶,船舶,上海,19980520,600150.SH,20031030,5.5,5.64,5.33,5.47,5.92,-0.45,-7.6,8143.25,4488.667,1.0576,1.0576,3.72,145.2805,114.1362,2.6971,1.5249,1.503,0.0,,24149.312,7700.0,7700.0,132096.7366,42119.0,,,1.1
600150,中国船舶,船舶,上海,19980520,600150.SH,20031027,5.83,5.94,5.7,5.92,5.88,0.04,0.68,3677.5,2132.02,0.4776,0.4776,2.3,157.2323,143.9348,2.9445,1.6503,1.665,0.0,,24149.312,7700.0,7700.0,142963.927,45584.0,,,1.1
600150,中国船舶,船舶,上海,19980520,600150.SH,20031024,5.95,5.98,5.79,5.88,5.95,-0.07,-1.18,2157.5,1264.038,0.2802,0.2802,1.59,156.1699,142.9623,2.9246,1.6392,1.6537,0.0,,24149.312,7700.0,7700.0,141997.9546,45276.0,,,1.1
600150,中国船舶,船舶,上海,19980520,600150.SH,20031023,5.96,6.03,5.88,5.95,5.96,-0.01,-0.17,2052.4,1222.249,0.2665,0.2665,1.44,158.0291,144.6642,2.9594,1.6587,1.6734,0.0,,24149.312,7700.0,7700.0,143688.4064,45815.0,,,1.1
600150,中国船舶,船舶,上海,19980520,600150.SH,20031022,5.85,6.0,5.8,5.96,5.85,0.11,1.88,2242.9,1330.069,0.2913,0.2913,1.3,158.2947,144.9073,2.9644,1.6615,1.6762,0.0,,24149.312,7700.0,7700.0,143929.8995,45892.0,,,1.1
600150,中国船舶,船舶,上海,19980520,600150.SH,20031021,5.8,5.86,5.79,5.85,5.8,0.05,0.86,824.4,479.497,0.1071,0.1071,0.42,155.3731,142.2329,2.9097,1.6308,1.6453,0.0,,24149.312,7700.0,7700.0,141273.4752,45045.0,,,1.1
600150,中国船舶,船舶,上海,19980520,600150.SH,20031020,5.81,5.86,5.79,5.8,5.86,-0.06,-1.02,707.95,411.42,0.0919,0.0919,0.3,154.0452,141.0172,2.8848,1.6169,1.6312,0.0,,24149.312,7700.0,7700.0,140066.0096,44660.0,,,1.1
600150,中国船舶,船舶,上海,19980520,600150.SH,20031017,5.81,5.9,5.81,5.86,5.83,0.03,0.51,960.0,564.726,0.1247,0.1247,0.32,155.6387,142.476,2.9146,1.6336,1.6481,0.0,,24149.312,7700.0,7700.0,141514.9683,45122.0,,,1.1
600150,中国船舶,船舶,上海,19980520,600150.SH,20031016,6.0,6.0,5.8,5.83,5.98,-0.15,-2.51,2408.0,1413.175,0.3127,0.3127,0.9,154.8419,141.7466,2.8997,1.6252,1.6397,0.0,,24149.312,7700.0,7700.0,140790.489,44891.0,,,1.1
600150,中国船舶,船舶,上海,19980520,600150.SH,20031015,6.06,6.24,5.93,5.98,5.96,0.02,0.34,3728.2,2276.722,0.4842,0.4842,1.76,158.8259,145.3936,2.9743,1.667,1.6819,0.0,,24149.312,7700.0,7700.0,144412.8858,46046.0,,,1.1
600150,中国船舶,船舶,上海,19980520,600150.SH,20031014,5.99,6.03,5.92,5.96,5.93,0.03,0.51,2002.5,1197.598,0.2601,0.2601,0.98,158.2947,144.9073,2.9644,1.6615,1.6762,0.0,,24149.312,7700.0,7700.0,143929.8995,45892.0,,,1.1
600150,中国船舶,船舶,上海,19980520,600150.SH,20031013,6.03,6.03,5.92,5.93,5.98,-0.05,-0.84,2666.31,1590.469,0.3463,0.3463,1.4,157.4979,144.1779,2.9495,1.6531,1.6678,0.0,,24149.312,7700.0,7700.0,143205.4202,45661.0,,,1.1
600150,中国船舶,船舶,上海,19980520,600150.SH,20031010,5.87,6.06,5.83,5.98,5.8,0.18,3.1,3988.88,2384.483,0.518,0.518,2.93,158.8259,145.3936,2.9743,1.667,1.6819,0.0,,24149.312,7700.0,7700.0,144412.8858,46046.0,,,1.1
600150,中国船舶,船舶,上海,19980520,600150.SH,20031009,5.88,5.9,5.78,5.8,5.88,-0.08,-1.36,1039.0,607.277,0.1349,0.1349,0.66,154.0452,141.0172,2.8848,1.6169,1.6312,0.0,,24149.312,7700.0,7700.0,140066.0096,44660.0,,,1.1
600150,中国船舶,船舶,上海,19980520,600150.SH,20031008,5.85,5.9,5.81,5.88,5.81,0.07,1.2,875.3,512.278,0.1137,0.1137,0.51,156.1699,142.9623,2.9246,1.6392,1.6537,0.0,,24149.312,7700.0,7700.0,141997.9546,45276.0,,,1.1
600150,中国船舶,船舶,上海,19980520,600150.SH,20030930,5.73,5.96,5.72,5.81,5.71,0.1,1.75,1618.5,942.683,0.2102,0.2102,0.99,154.3108,141.2604,2.8898,1.6196,1.6341,0.0,,24149.312,7700.0,7700.0,140307.5027,44737.0,,,1.1
600150,中国船舶,船舶,上海,19980520,600150.SH,20030929,5.85,5.89,5.7,5.71,5.9,-0.19,-3.22,1984.79,1149.953,0.2578,0.2578,1.41,151.6548,138.829,2.84,1.5918,1.6059,0.0,,24149.312,7700.0,7700.0,137892.5715,43967.0,,,1.1
600150,中国船舶,船舶,上海,19980520,600150.SH,20030926,5.95,5.95,5.88,5.9,5.94,-0.04,-0.67,1280.4,757.709,0.1663,0.1663,0.86,156.7011,143.4486,2.9345,1.6447,1.6594,0.0,,24149.312,7700.0,7700.0,142480.9408,45430.0,,,1.1
600150,中国船舶,船舶,上海,19980520,600150.SH,20030925,6.05,6.07,5.89,5.94,6.12,-0.18,-2.94,2070.65,1232.776,0.2689,0.2689,1.26,157.7635,144.4211,2.9544,1.6559,1.6706,0.0,,24149.312,7700.0,7700.0,143446.9133,45738.0,,,1.1
600150,中国船舶,船舶,上海,19980520,600150.SH,20030924,6.11,6.17,6.06,6.12,6.1,0.02,0.33,1637.99,1000.914,0.2127,0.2127,0.77,162.5442,148.7975,3.044,1.7061,1.7212,0.0,,24149.312,7700.0,7700.0,147793.7894,47124.0,,,1.1
600150,中国船舶,船舶,上海,19980520,600150.SH,20030923,6.02,6.1,5.97,6.1,6.02,0.08,1.33,1160.14,701.691,0.1507,0.1507,0.56,162.013,148.3112,3.034,1.7005,1.7156,0.0,,24149.312,7700.0,7700.0,147310.8032,46970.0,,,1.1
600150,中国船舶,船舶,上海,19980520,600150.SH,20030922,6.09,6.1,6.02,6.02,6.1,-0.08,-1.31,879.0,531.425,0.1142,0.1142,0.39,159.8882,146.3661,2.9942,1.6782,1.6931,0.0,,24149.312,7700.0,7700.0,145378.8582,46354.0,,,1.1
600150,中国船舶,船舶,上海,19980520,600150.SH,20030919,6.06,6.11,6.01,6.1,6.06,0.04,0.66,1716.0,1038.574,0.2229,0.2229,0.72,162.013,148.3112,3.034,1.7005,1.7156,0.0,,24149.312,7700.0,7700.0,147310.8032,46970.0,,,1.1
600150,中国船舶,船舶,上海,19980520,600150.SH,20030918,5.96,6.06,5.92,6.06,5.94,0.12,2.02,2792.79,1678.505,0.3627,0.3627,1.41,160.9506,147.3387,3.0141,1.6893,1.7044,0.0,,24149.312,7700.0,7700.0,146344.8307,46662.0,,,1.1
600150,中国船舶,船舶,上海,19980520,600150.SH,20030917,6.15,6.15,5.81,5.94,6.15,-0.21,-3.41,4068.15,2432.699,0.5283,0.5283,2.99,157.7635,144.4211,2.9544,1.6559,1.6706,0.0,,24149.312,7700.0,7700.0,143446.9133,45738.0,,,1.1
600150,中国船舶,船舶,上海,19980520,600150.SH,20030916,6.02,6.2,6.02,6.15,6.09,0.06,0.99,947.25,577.615,0.123,0.123,0.66,163.341,149.5269,3.0589,1.7144,1.7297,0.0,,24149.312,7700.0,7700.0,148518.2688,47355.0,,,1.1
600150,中国船舶,船舶,上海,19980520,600150.SH,20030915,6.05,6.27,6.0,6.09,6.1,-0.01,-0.16,1734.09,1065.452,0.2252,0.2252,1.06,161.7474,148.0681,3.029,1.6977,1.7128,0.0,,24149.312,7700.0,7700.0,147069.3101,46893.0,,,1.1
600150,中国船舶,船舶,上海,19980520,600150.SH,20030912,6.34,6.48,6.08,6.1,6.26,-0.16,-2.56,2354.0,1451.642,0.3057,0.3057,1.3,162.013,148.3112,3.034,1.7005,1.7156,0.0,,24149.312,7700.0,7700.0,147310.8032,46970.0,,,1.1
600150,中国船舶,船舶,上海,19980520,600150.SH,20030911,6.32,6.32,6.25,6.26,6.28,-0.02,-0.32,773.0,485.72,0.1004,0.1004,0.27,166.2625,152.2013,3.1136,1.7451,1.7606,0.0,,24149.312,7700.0,7700.0,151174.6931,48202.0,,,1.1
600150,中国船舶,船舶,上海,19980520,600150.SH,20030910,6.26,6.3,6.22,6.28,6.25,0.03,0.48,989.0,619.899,0.1284,0.1284,0.2,166.7937,152.6876,3.1235,1.7507,1.7662,0.0,,24149.312,7700.0,7700.0,151657.6794,48356.0,,,1.1
600150,中国船舶,船舶,上海,19980520,600150.SH,20030909,6.25,6.34,6.21,6.25,6.27,-0.02,-0.32,1279.51,800.724,0.1662,0.1662,0.24,165.9969,151.9582,3.1086,1.7423,1.7578,0.0,,24149.312,7700.0,7700.0,150933.2,48125.0,,,1.1
600150,中国船舶,船舶,上海,19980520,600150.SH,20030908,6.24,6.39,6.23,6.27,6.3,-0.03,-0.48,2797.25,1754.953,0.3633,0.3633,0.51,166.5281,152.4445,3.1186,1.7479,1.7634,0.0,,24149.312,7700.0,7700.0,151416.1862,48279.0,,,1.1
600150,中国船舶,船舶,上海,19980520,600150.SH,20030905,6.46,6.48,6.28,6.3,6.5,-0.2,-3.08,3180.5,2015.448,0.4131,0.4131,0.61,167.3249,153.1739,3.1335,1.7562,1.7719,0.0,,24149.312,7700.0,7700.0,152140.6656,48510.0,,,1.1
600150,中国船舶,船舶,上海,19980520,600150.SH,20030904,6.54,6.71,6.48,6.5,6.6,-0.1,-1.52,6189.03,4073.4,0.8038,0.8038,1.44,172.6368,158.0365,3.233,1.812,1.8281,0.0,,24149.312,7700.0,7700.0,156970.528,50050.0,,,1.1
600150,中国船舶,船舶,上海,19980520,600150.SH,20030903,6.31,6.81,6.18,6.6,6.31,0.29,4.6,11901.52,7865.898,1.5457,1.5457,5.35,175.2928,160.4679,3.2827,1.8399,1.8562,0.0,,24149.312,7700.0,7700.0,159385.4592,50820.0,,,1.1
600150,中国船舶,船舶,上海,19980520,600150.SH,20030902,6.33,6.37,6.26,6.31,6.32,-0.01,-0.16,2780.95,1753.765,0.3612,0.3612,1.39,167.5905,153.417,3.1385,1.759,1.7747,0.0,,24149.312,7700.0,7700.0,152382.1587,48587.0,,,1.1
600150,中国船舶,船舶,上海,19980520,600150.SH,20030901,6.2,6.33,6.2,6.32,6.2,0.12,1.94,3322.3,2088.53,0.4315,0.4315,2.08,167.8561,153.6601,3.1434,1.7618,1.7775,0.0,,24149.312,7700.0,7700.0,152623.6518,48664.0,,,1.1
600150,中国船舶,船舶,上海,19980520,600150.SH,20030829,6.2,6.22,6.08,6.2,6.21,-0.01,-0.16,2064.0,1267.384,0.2681,0.2681,1.44,164.669,150.7425,3.0837,1.7284,1.7437,0.0,,24149.312,7700.0,7700.0,149725.7344,47740.0,,,1.1
600150,中国船舶,船舶,上海,19980520,600150.SH,20030828,6.25,6.28,6.2,6.21,6.25,-0.04,-0.64,1350.0,840.54,0.1753,0.1753,0.88,164.9346,150.9857,3.0887,1.7311,1.7465,0.0,,24149.312,7700.0,7700.0,149967.2275,47817.0,,,1.1
600150,中国船舶,船舶,上海,19980520,600150.SH,20030827,6.2,6.3,6.15,6.25,6.2,0.05,0.81,1606.58,998.675,0.2086,0.2086,1.12,165.9969,151.9582,3.1086,1.7423,1.7578,0.0,,24149.312,7700.0,7700.0,150933.2,48125.0,,,1.1
600150,中国船舶,船舶,上海,19980520,600150.SH,20030826,6.23,6.29,6.18,6.2,6.27,-0.07,-1.12,1674.5,1040.569,0.2175,0.2175,1.2,164.669,150.7425,3.0837,1.7284,1.7437,0.0,,24149.312,7700.0,7700.0,149725.7344,47740.0,,,1.1
600150,中国船舶,船舶,上海,19980520,600150.SH,20030825,6.33,6.35,6.22,6.27,6.33,-0.06,-0.95,1295.0,817.176,0.1682,0.1682,0.95,166.5281,152.4445,3.1186,1.7479,1.7634,0.0,,24149.312,7700.0,7700.0,151416.1862,48279.0,,,1.1
600150,中国船舶,船舶,上海,19980520,600150.SH,20030822,6.34,6.38,6.3,6.33,6.34,-0.01,-0.16,1241.5,786.58,0.1612,0.1612,0.96,168.1217,153.9033,3.1484,1.7646,1.7803,0.0,,24149.312,7700.0,7700.0,152865.145,48741.0,,,1.1
600150,中国船舶,船舶,上海,19980520,600150.SH,20030821,6.42,6.42,6.31,6.34,6.44,-0.1,-1.55,1868.8,1187.527,0.2427,0.2427,1.57,168.3873,154.1464,3.1534,1.7674,1.7831,0.0,,24149.312,7700.0,7700.0,153106.6381,48818.0,,,1.1
600150,中国船舶,船舶,上海,19980520,600150.SH,20030820,6.49,6.54,6.4,6.44,6.47,-0.03,-0.46,1091.78,703.454,0.1418,0.1418,0.84,171.0432,156.5777,3.2031,1.7953,1.8112,0.0,,24149.312,7700.0,7700.0,155521.5693,49588.0,,,1.1
600150,中国船舶,船舶,上海,19980520,600150.SH,20030819,6.46,6.55,6.46,6.47,6.49,-0.02,-0.31,1464.0,948.905,0.1901,0.1901,1.2,171.84,157.3071,3.218,1.8036,1.8197,0.0,,24149.312,7700.0,7700.0,156246.0486,49819.0,,,1.1
600150,中国船舶,船舶,上海,19980520,600150.SH,20030818,6.55,6.55,6.47,6.49,6.55,-0.06,-0.92,1171.45,761.557,0.1521,0.1521,0.99,172.3712,157.7934,3.228,1.8092,1.8253,0.0,,24149.312,7700.0,7700.0,156729.0349,49973.0,,,1.1
600150,中国船舶,船舶,上海,19980520,600150.SH,20030815,6.6,6.71,6.52,6.55,6.6,-0.05,-0.76,902.79,591.584,0.1172,0.1172,0.67,173.9648,159.2522,3.2578,1.8259,1.8422,0.0,,24149.312,7700.0,7700.0,158177.9936,50435.0,,,1.1
600150,中国船舶,船舶,上海,19980520,600150.SH,20030814,6.67,6.7,6.58,6.6,6.67,-0.07,-1.05,1318.0,878.116,0.1712,0.1712,1.01,175.2928,160.4679,3.2827,1.8399,1.8562,0.0,,24149.312,7700.0,7700.0,159385.4592,50820.0,,,1.1
600150,中国船舶,船舶,上海,19980520,600150.SH,20030813,6.64,6.68,6.58,6.67,6.65,0.02,0.3,1639.15,1089.613,0.2129,0.2129,1.21,177.1519,162.1698,3.3175,1.8594,1.8759,0.0,,24149.312,7700.0,7700.0,161075.911,51359.0,,,1.1
600150,中国船舶,船舶,上海,19980520,600150.SH,20030812,6.58,6.69,6.55,6.65,6.58,0.07,1.06,1060.0,702.291,0.1377,0.1377,0.68,176.6207,161.6835,3.3076,1.8538,1.8703,0.0,,24149.312,7700.0,7700.0,160592.9248,51205.0,,,1.1
600150,中国船舶,船舶,上海,19980520,600150.SH,20030811,6.5,6.6,6.5,6.58,6.58,0.0,0.0,1005.01,656.301,0.1305,0.1305,0.47,174.7616,159.9816,3.2727,1.8343,1.8506,0.0,,24149.312,7700.0,7700.0,158902.473,50666.0,,,1.1
600150,中国船舶,船舶,上海,19980520,600150.SH,20030808,6.65,6.71,6.56,6.58,6.65,-0.07,-1.05,1688.3,1121.313,0.2193,0.2193,0.74,174.7616,149.1749,3.2831,1.8343,1.8669,0.0,,24149.312,7700.0,7700.0,158902.473,50666.0,,,1.1
600150,中国船舶,船舶,上海,19980520,600150.SH,20030807,6.66,6.73,6.62,6.65,6.66,-0.01,-0.15,1130.0,754.167,0.1468,0.1468,0.45,176.6207,150.7619,3.318,1.8538,1.8868,0.0,,24149.312,7700.0,7700.0,160592.9248,51205.0,,,1.1
600150,中国船舶,船舶,上海,19980520,600150.SH,20030806,6.62,6.72,6.6,6.66,6.65,0.01,0.15,1873.0,1246.904,0.2432,0.2432,0.71,176.8863,150.9886,3.323,1.8566,1.8896,0.0,,24149.312,7700.0,7700.0,160834.4179,51282.0,,,1.1
600150,中国船舶,船舶,上海,19980520,600150.SH,20030805,6.66,6.69,6.6,6.65,6.71,-0.06,-0.89,2043.96,1359.64,0.2654,0.2654,0.76,176.6207,150.7619,3.318,1.8538,1.8868,0.0,,24149.312,7700.0,7700.0,160592.9248,51205.0,,,1.1
600150,中国船舶,船舶,上海,19980520,600150.SH,20030804,6.48,6.74,6.43,6.71,6.51,0.2,3.07,3926.7,2592.259,0.51,0.51,1.58,178.2143,152.1222,3.3479,1.8705,1.9038,0.0,,24149.312,7700.0,7700.0,162041.8835,51667.0,,,1.1
600150,中国船舶,船舶,上海,19980520,600150.SH,20030801,6.56,6.56,6.44,6.51,6.56,-0.05,-0.76,2380.51,1541.955,0.3092,0.3092,0.96,172.9024,147.588,3.2481,1.8148,1.8471,0.0,,24149.312,7700.0,7700.0,157212.0211,50127.0,,,1.1
600150,中国船舶,船舶,上海,19980520,600150.SH,20030731,6.65,6.68,6.56,6.56,6.63,-0.07,-1.06,2418.2,1596.33,0.3141,0.3141,1.11,174.2304,148.7215,3.2731,1.8287,1.8613,0.0,,24149.312,7700.0,7700.0,158419.4867,50512.0,,,1.1
600150,中国船舶,船舶,上海,19980520,600150.SH,20030730,6.47,6.64,6.46,6.63,6.46,0.17,2.63,2343.99,1531.603,0.3044,0.3044,1.07,176.0896,150.3085,3.308,1.8482,1.8811,0.0,,24149.312,7700.0,7700.0,160109.9386,51051.0,,,1.1
600150,中国船舶,船舶,上海,19980520,600150.SH,20030729,6.54,6.58,6.45,6.46,6.53,-0.07,-1.07,2387.8,1559.18,0.3101,0.3101,1.12,171.5744,146.4544,3.2232,1.8008,1.8329,0.0,,24149.312,7700.0,7700.0,156004.5555,49742.0,,,1.1
600150,中国船舶,船舶,上海,19980520,600150.SH,20030728,6.65,6.7,6.5,6.53,6.68,-0.15,-2.25,2934.99,1935.828,0.3812,0.3812,1.26,173.4336,148.0414,3.2581,1.8204,1.8527,0.0,,24149.312,7700.0,7700.0,157695.0074,50281.0,,,1.1
600150,中国船舶,船舶,上海,19980520,600150.SH,20030725,6.75,6.78,6.67,6.68,6.76,-0.08,-1.18,2270.6,1520.336,0.2949,0.2949,0.83,177.4175,151.442,3.333,1.8622,1.8953,0.0,,24149.312,7700.0,7700.0,161317.4042,51436.0,,,1.1
600150,中国船舶,船舶,上海,19980520,600150.SH,20030724,6.83,6.83,6.76,6.76,6.85,-0.09,-1.31,996.49,675.465,0.1294,0.1294,0.27,179.5423,153.2557,3.3729,1.8845,1.918,0.0,,24149.312,7700.0,7700.0,163249.3491,52052.0,,,1.1
600150,中国船舶,船舶,上海,19980520,600150.SH,20030723,6.79,6.9,6.7,6.85,6.79,0.06,0.88,2360.14,1610.904,0.3065,0.3065,0.6,181.9326,155.2961,3.4178,1.9096,1.9435,0.0,,24149.312,7700.0,7700.0,165422.7872,52745.0,,,1.1
600150,中国船舶,船舶,上海,19980520,600150.SH,20030722,6.78,6.89,6.7,6.79,6.74,0.05,0.74,2117.78,1433.724,0.275,0.275,0.5,180.3391,153.9358,3.3878,1.8928,1.9265,0.0,,24149.312,7700.0,7700.0,163973.8285,52283.0,,,1.1
600150,中国船舶,船舶,上海,19980520,600150.SH,20030721,6.71,6.78,6.66,6.74,6.77,-0.03,-0.44,3913.24,2619.85,0.5082,0.5082,0.9,179.0111,152.8023,3.3629,1.8789,1.9123,0.0,,24149.312,7700.0,7700.0,162766.3629,51898.0,,,1.1
600150,中国船舶,船舶,上海,19980520,600150.SH,20030718,6.99,6.99,6.72,6.77,6.96,-0.19,-2.73,4265.49,2918.366,0.554,0.554,1.01,179.8079,153.4824,3.3779,1.8873,1.9208,0.0,,24149.312,7700.0,7700.0,163490.8422,52129.0,,,1.1
600150,中国船舶,船舶,上海,19980520,600150.SH,20030717,7.0,7.0,6.87,6.96,6.99,-0.03,-0.43,5684.17,3928.83,0.7382,0.7382,1.05,184.8542,157.7899,3.4727,1.9402,1.9747,0.0,,24149.312,7700.0,7700.0,168079.2115,53592.0,,,1.1
600150,中国船舶,船舶,上海,19980520,600150.SH,20030716,7.08,7.1,6.97,6.99,7.05,-0.06,-0.85,3643.26,2554.585,0.4732,0.4732,0.37,185.651,158.47,3.4876,1.9486,1.9833,0.0,,24149.312,7700.0,7700.0,168803.6909,53823.0,,,1.1
600150,中国船舶,船舶,上海,19980520,600150.SH,20030715,7.0,7.07,6.97,7.05,7.02,0.03,0.43,3623.62,2538.714,0.4706,0.4706,0.38,187.2445,159.8303,3.5176,1.9653,2.0003,0.0,,24149.312,7700.0,7700.0,170252.6496,54285.0,,,1.1
600150,中国船舶,船舶,上海,19980520,600150.SH,20030714,7.15,7.15,6.98,7.02,7.14,-0.12,-1.68,4573.2,3215.824,0.5939,0.5939,0.5,186.4478,159.1502,3.5026,1.957,1.9918,0.0,,24149.312,7700.0,7700.0,169528.1702,54054.0,,,1.1
600150,中国船舶,船舶,上海,19980520,600150.SH,20030711,7.22,7.22,7.1,7.14,7.24,-0.1,-1.38,3685.3,2631.219,0.4786,0.4786,0.43,189.6349,161.8707,3.5625,1.9904,2.0258,0.0,,24149.312,7700.0,7700.0,172426.0877,54978.0,,,1.1
600150,中国船舶,船舶,上海,19980520,600150.SH,20030710,7.15,7.3,7.08,7.24,7.22,0.02,0.28,11626.65,8361.497,1.51,1.51,1.78,192.2909,164.1378,3.6124,2.0183,2.0542,0.0,,24149.312,7700.0,7700.0,174841.0189,55748.0,,,1.1
600150,中国船舶,船舶,上海,19980520,600150.SH,20030709,6.9,7.28,6.9,7.22,6.84,0.38,5.56,25915.47,18615.715,3.3656,3.3656,14.83,191.7597,163.6844,3.6024,2.0127,2.0485,0.0,,24149.312,7700.0,7700.0,174358.0326,55594.0,,,1.1
600150,中国船舶,船舶,上海,19980520,600150.SH,20030708,6.7,6.86,6.7,6.84,6.71,0.13,1.94,2429.41,1653.157,0.3155,0.3155,1.2,181.667,155.0694,3.4128,1.9068,1.9407,0.0,,24149.312,7700.0,7700.0,165181.2941,52668.0,,,1.1
600150,中国船舶,船舶,上海,19980520,600150.SH,20030707,6.69,6.73,6.65,6.71,6.73,-0.02,-0.3,1647.01,1100.345,0.2139,0.2139,0.68,178.2143,152.1222,3.3479,1.8705,1.9038,0.0,,24149.312,7700.0,7700.0,162041.8835,51667.0,,,1.1
600150,中国船舶,船舶,上海,19980520,600150.SH,20030704,6.79,6.8,6.72,6.73,6.76,-0.03,-0.44,1097.5,742.062,0.1425,0.1425,0.39,178.7455,152.5756,3.3579,1.8761,1.9095,0.0,,24149.312,7700.0,7700.0,162524.8698,51821.0,,,1.1
600150,中国船舶,船舶,上海,19980520,600150.SH,20030703,6.75,6.81,6.71,6.76,6.77,-0.01,-0.15,1505.09,1018.387,0.1955,0.1955,0.52,179.5423,153.2557,3.3729,1.8845,1.918,0.0,,24149.312,7700.0,7700.0,163249.3491,52052.0,,,1.1
600150,中国船舶,船舶,上海,19980520,600150.SH,20030702,6.79,6.79,6.65,6.77,6.77,0.0,0.0,2060.0,1384.495,0.2675,0.2675,0.74,179.8079,153.4824,3.3779,1.8873,1.9208,0.0,,24149.312,7700.0,7700.0,163490.8422,52129.0,,,1.1
600150,中国船舶,船舶,上海,19980520,600150.SH,20030701,6.65,6.79,6.65,6.77,6.66,0.11,1.65,3854.85,2599.076,0.5006,0.5006,1.61,179.8079,153.4824,3.3779,1.8873,1.9208,0.0,,24149.312,7700.0,7700.0,163490.8422,52129.0,,,1.1
600150,中国船舶,船舶,上海,19980520,600150.SH,20030630,6.78,6.82,6.62,6.66,6.8,-0.14,-2.06,3616.0,2423.301,0.4696,0.4696,1.57,176.8863,150.9886,3.323,1.8566,1.8896,0.0,,24149.312,7700.0,7700.0,160834.4179,51282.0,,,1.1
600150,中国船舶,船舶,上海,19980520,600150.SH,20030627,6.96,6.96,6.76,6.8,6.96,-0.16,-2.3,2920.0,2001.675,0.3792,0.3792,1.36,180.6047,154.1626,3.3928,1.8956,1.9293,0.0,,24149.312,7700.0,7700.0,164215.3216,52360.0,,,1.1
600150,中国船舶,船舶,上海,19980520,600150.SH,20030626,6.95,7.0,6.86,6.96,6.98,-0.02,-0.29,1921.12,1332.776,0.2495,0.2495,0.78,184.8542,157.7899,3.4727,1.9402,1.9747,0.0,,24149.312,7700.0,7700.0,168079.2115,53592.0,,,1.1
600150,中国船舶,船舶,上海,19980520,600150.SH,20030625,7.12,7.12,6.95,6.98,7.0,-0.02,-0.29,1517.0,1061.709,0.197,0.197,0.55,185.3854,158.2433,3.4826,1.9458,1.9804,0.0,,24149.312,7700.0,7700.0,168562.1978,53746.0,,,1.1
600150,中国船舶,船舶,上海,19980520,600150.SH,20030624,7.0,7.03,6.93,7.0,6.98,0.02,0.29,1986.93,1387.892,0.258,0.258,0.66,185.9166,158.6967,3.4926,1.9514,1.9861,0.0,,24149.312,7700.0,7700.0,169045.184,53900.0,,,1.1
600150,中国船舶,船舶,上海,19980520,600150.SH,20030623,7.13,7.13,6.95,6.98,7.15,-0.17,-2.38,3157.0,2226.024,0.41,0.41,1.05,185.3854,158.2433,3.4826,1.9458,1.9804,0.0,,24149.312,7700.0,7700.0,168562.1978,53746.0,,,1.1
600150,中国船舶,船舶,上海,19980520,600150.SH,20030620,7.16,7.24,7.11,7.15,7.16,-0.01,-0.14,2130.48,1529.986,0.2767,0.2767,0.58,189.9005,162.0974,3.5675,1.9932,2.0287,0.0,,24149.312,7700.0,7700.0,172667.5808,55055.0,,,1.1
600150,中国船舶,船舶,上海,19980520,600150.SH,20030619,7.29,7.3,7.13,7.16,7.3,-0.14,-1.92,3560.87,2556.625,0.4625,0.4625,0.93,190.1661,162.3241,3.5724,1.996,2.0315,0.0,,24149.312,7700.0,7700.0,172909.0739,55132.0,,,1.1
600150,中国船舶,船舶,上海,19980520,600150.SH,20030618,7.45,7.46,7.3,7.3,7.44,-0.14,-1.88,2887.0,2128.252,0.3749,0.3749,0.68,193.8844,165.498,3.6423,2.035,2.0712,0.0,,24149.312,7700.0,7700.0,176289.9776,56210.0,,,1.1
600150,中国船舶,船舶,上海,19980520,600150.SH,20030617,7.39,7.47,7.3,7.44,7.4,0.04,0.54,3285.4,2432.056,0.4267,0.4267,0.84,197.6028,168.672,3.7121,2.074,2.1109,0.0,,24149.312,7700.0,7700.0,179670.8813,57288.0,,,1.1
600150,中国船舶,船舶,上海,19980520,600150.SH,20030616,7.51,7.52,7.38,7.4,7.44,-0.04,-0.54,3179.52,2366.22,0.4129,0.4129,0.85,196.5404,167.7651,3.6922,2.0629,2.0996,0.0,,24149.312,7700.0,7700.0,178704.9088,56980.0,,,1.1
600150,中国船舶,船舶,上海,19980520,600150.SH,20030613,7.42,7.48,7.36,7.44,7.35,0.09,1.22,5374.18,3987.899,0.6979,0.6979,1.5,197.6028,168.672,3.7121,2.074,2.1109,0.0,,24149.312,7700.0,7700.0,179670.8813,57288.0,,,1.1
600150,中国船舶,船舶,上海,19980520,600150.SH,20030612,7.33,7.44,7.25,7.35,7.31,0.04,0.55,4447.55,3281.209,0.5776,0.5776,1.26,195.2124,166.6316,3.6672,2.0489,2.0854,0.0,,24149.312,7700.0,7700.0,177497.4432,56595.0,,,1.1
600150,中国船舶,船舶,上海,19980520,600150.SH,20030611,7.2,7.45,7.2,7.31,7.2,0.11,1.53,5044.53,3691.162,0.6551,0.6551,1.46,194.15,165.7247,3.6473,2.0378,2.074,0.0,,24149.312,7700.0,7700.0,176531.4707,56287.0,,,1.1
600150,中国船舶,船舶,上海,19980520,600150.SH,20030610,7.13,7.23,7.13,7.2,7.13,0.07,0.98,1607.93,1154.465,0.2088,0.2088,0.39,191.2285,163.2309,3.5924,2.0071,2.0428,0.0,,24149.312,7700.0,7700.0,173875.0464,55440.0,,,1.1
600150,中国船舶,船舶,上海,19980520,600150.SH,20030609,7.11,7.19,7.1,7.13,7.18,-0.05,-0.7,2293.72,1632.366,0.2979,0.2979,0.46,189.3693,161.644,3.5575,1.9876,2.023,0.0,,24149.312,7700.0,7700.0,172184.5946,54901.0,,,1.1
600150,中国船舶,船舶,上海,19980520,600150.SH,20030606,7.2,7.32,7.15,7.18,7.23,-0.05,-0.69,4557.01,3286.895,0.5918,0.5918,0.77,190.6973,162.7775,3.5824,2.0016,2.0372,0.0,,24149.312,7700.0,7700.0,173392.0602,55286.0,,,1.1
600150,中国船舶,船舶,上海,19980520,600150.SH,20030605,7.27,7.32,7.22,7.23,7.26,-0.03,-0.41,4194.0,3044.342,0.5447,0.5447,0.66,192.0253,163.9111,3.6074,2.0155,2.0513,0.0,,24149.312,7700.0,7700.0,174599.5258,55671.0,,,1.1
600150,中国船舶,船舶,上海,19980520,600150.SH,20030604,7.32,7.35,7.18,7.26,7.35,-0.09,-1.22,4675.86,3393.472,0.6073,0.6073,0.74,192.822,164.5912,3.6223,2.0239,2.0599,0.0,,24149.312,7700.0,7700.0,175324.0051,55902.0,,,1.1
600150,中国船舶,船舶,上海,19980520,600150.SH,20030603,7.54,7.59,7.33,7.35,7.54,-0.19,-2.52,4734.3,3523.273,0.6148,0.6148,0.73,195.2124,166.6316,3.6672,2.0489,2.0854,0.0,,24149.312,7700.0,7700.0,177497.4432,56595.0,,,1.1
600150,中国船舶,船舶,上海,19980520,600150.SH,20030602,7.44,7.55,7.4,7.54,7.44,0.1,1.34,6612.42,4944.441,0.8588,0.8588,1.06,200.2587,170.9391,3.762,2.1019,2.1393,0.0,,24149.312,7700.0,7700.0,182085.8125,58058.0,,,1.1
600150,中国船舶,船舶,上海,19980520,600150.SH,20030530,7.3,7.55,7.29,7.44,7.32,0.12,1.64,9326.6,6946.077,1.2112,1.2112,1.86,197.6028,168.672,3.7121,2.074,2.1109,0.0,,24149.312,7700.0,7700.0,179670.8813,57288.0,,,1.1
600150,中国船舶,船舶,上海,19980520,600150.SH,20030529,7.28,7.33,7.15,7.32,7.33,-0.01,-0.14,6262.1,4513.939,0.8133,0.8133,1.36,194.4156,165.9515,3.6523,2.0406,2.0769,0.0,,24149.312,7700.0,7700.0,176772.9638,56364.0,,,1.1
600150,中国船舶,船舶,上海,19980520,600150.SH,20030527,7.31,7.45,7.3,7.33,7.3,0.03,0.41,4733.47,3487.343,0.6147,0.6147,1.09,194.6812,166.1782,3.6573,2.0434,2.0797,0.0,,24149.312,7700.0,7700.0,177014.457,56441.0,,,1.1
600150,中国船舶,船舶,上海,19980520,600150.SH,20030526,7.37,7.44,7.28,7.3,7.22,0.08,1.11,5484.51,4029.748,0.7123,0.7123,1.12,193.8844,165.498,3.6423,2.035,2.0712,0.0,,24149.312,7700.0,7700.0,176289.9776,56210.0,,,1.1
600150,中国船舶,船舶,上海,19980520,600150.SH,20030523,7.15,7.23,7.11,7.22,7.13,0.09,1.26,5442.54,3906.032,0.7068,0.7068,1.18,191.7597,163.6844,3.6024,2.0127,2.0485,0.0,,24149.312,7700.0,7700.0,174358.0326,55594.0,,,1.1
600150,中国船舶,船舶,上海,19980520,600150.SH,20030522,7.17,7.18,7.03,7.13,7.17,-0.04,-0.56,3142.82,2236.063,0.4082,0.4082,0.59,189.3693,161.644,3.5575,1.9876,2.023,0.0,,24149.312,7700.0,7700.0,172184.5946,54901.0,,,1.1
600150,中国船舶,船舶,上海,19980520,600150.SH,20030521,7.25,7.29,7.14,7.17,7.26,-0.09,-1.24,4179.0,3004.334,0.5427,0.5427,0.75,190.4317,162.5508,3.5774,1.9988,2.0343,0.0,,24149.312,7700.0,7700.0,173150.567,55209.0,,,1.1
600150,中国船舶,船舶,上海,19980520,600150.SH,20030520,7.35,7.39,7.2,7.26,7.4,-0.14,-1.89,3556.54,2587.069,0.4619,0.4619,0.52,192.822,164.5912,3.6223,2.0239,2.0599,0.0,,24149.312,7700.0,7700.0,175324.0051,55902.0,,,1.1
600150,中国船舶,船舶,上海,19980520,600150.SH,20030519,7.2,7.69,7.2,7.4,7.22,0.18,2.49,8153.01,6118.516,1.0588,1.0588,1.17,196.5404,167.7651,3.6922,2.0629,2.0996,0.0,,24149.312,7700.0,7700.0,178704.9088,56980.0,,,1.1
600150,中国船舶,船舶,上海,19980520,600150.SH,20030516,7.24,7.26,7.09,7.22,7.23,-0.01,-0.14,4127.44,2962.563,0.536,0.536,0.56,191.7597,163.6844,3.6024,2.0127,2.0485,0.0,,24149.312,7700.0,7700.0,174358.0326,55594.0,,,1.1
600150,中国船舶,船舶,上海,19980520,600150.SH,20030515,6.92,7.27,6.92,7.23,6.92,0.31,4.48,6415.3,4588.638,0.8332,0.8332,0.87,192.0253,163.9111,3.6074,2.0155,2.0513,0.0,,24149.312,7700.0,7700.0,174599.5258,55671.0,,,1.1
600150,中国船舶,船舶,上海,19980520,600150.SH,20030514,6.7,6.99,6.65,6.92,6.74,0.18,2.67,5456.14,3742.998,0.7086,0.7086,0.48,183.7918,156.8831,3.4527,1.9291,1.9634,0.0,,24149.312,7700.0,7700.0,167113.239,53284.0,,,1.1
600150,中国船舶,船舶,上海,19980520,600150.SH,20030513,7.15,7.15,6.66,6.74,7.15,-0.41,-5.73,10262.71,7018.546,1.3328,1.3328,0.7,179.0111,152.8023,3.3629,1.8789,1.9123,0.0,,24149.312,7700.0,7700.0,162766.3629,51898.0,,,1.1
600150,中国船舶,船舶,上海,19980520,600150.SH,20030512,7.4,7.48,7.14,7.15,7.48,-0.33,-4.41,8501.15,6122.822,1.104,1.104,0.35,189.9005,162.0974,3.5675,1.9932,2.0287,0.0,,24149.312,7700.0,7700.0,172667.5808,55055.0,,,1.1
600150,中国船舶,船舶,上海,19980520,600150.SH,20030430,7.4,7.62,7.4,7.48,7.48,0.0,0.0,6108.05,4584.362,0.7933,0.7933,0.24,198.6651,169.5788,3.7321,2.0852,2.1223,0.0,,24149.312,7700.0,7700.0,180636.8538,57596.0,,,1.1
600150,中国船舶,船舶,上海,19980520,600150.SH,20030429,7.5,7.7,7.36,7.48,7.81,-0.33,-4.23,6527.5,4899.296,0.8477,0.8477,0.27,198.6651,169.5788,3.7321,2.0852,2.1223,0.0,,24149.312,7700.0,7700.0,180636.8538,57596.0,,,1.1
600150,中国船舶,船舶,上海,19980520,600150.SH,20030428,7.91,7.95,7.19,7.81,7.99,-0.18,-2.25,25127.09,18814.744,3.2633,3.2633,1.22,207.4298,207.4298,3.9213,2.1772,2.1772,0.0,,24149.312,7700.0,7700.0,188606.1267,60137.0,,,1.1
600150,中国船舶,船舶,上海,19980520,600150.SH,20030425,8.73,8.79,7.9,7.99,8.75,-0.76,-8.69,26849.98,22219.001,3.487,3.487,1.63,212.2105,212.2105,4.0117,2.2274,2.2274,0.0,,24149.312,7700.0,7700.0,192953.0029,61523.0,,,1.1
600150,中国船舶,船舶,上海,19980520,600150.SH,20030424,8.63,8.92,8.56,8.75,8.52,0.23,2.7,57011.89,50035.268,7.4041,7.4041,8.42,232.3957,232.3957,4.3932,2.4392,2.4392,0.0,,24149.312,7700.0,7700.0,211306.48,67375.0,,,1.1
600150,中国船舶,船舶,上海,19980520,600150.SH,20030423,8.37,8.66,8.3,8.52,8.36,0.16,1.91,9854.17,8399.053,1.2798,1.2798,1.14,226.287,226.287,4.2778,2.3751,2.3751,0.0,,24149.312,7700.0,7700.0,205752.1382,65604.0,,,1.1
600150,中国船舶,船舶,上海,19980520,600150.SH,20030422,8.5,8.56,8.3,8.36,8.5,-0.14,-1.65,3023.97,2544.935,0.3927,0.3927,0.29,222.0375,222.0375,4.1974,2.3305,2.3305,0.0,,24149.312,7700.0,7700.0,201888.2483,64372.0,,,1.1
600150,中国船舶,船舶,上海,19980520,600150.SH,20030421,8.4,8.57,8.37,8.5,8.38,0.12,1.43,5971.87,5046.754,0.7756,0.7756,0.46,225.7558,225.7558,4.2677,2.3695,2.3695,0.0,,24149.312,7700.0,7700.0,205269.152,65450.0,,,1.1
600150,中国船舶,船舶,上海,19980520,600150.SH,20030418,8.37,8.58,8.33,8.38,8.38,0.0,0.0,6541.61,5498.769,0.8496,0.8496,0.36,222.5687,222.5687,4.2075,2.3361,2.3361,0.0,,24149.312,7700.0,7700.0,202371.2346,64526.0,,,1.1
600150,中国船舶,船舶,上海,19980520,600150.SH,20030417,8.42,8.52,8.28,8.38,8.44,-0.06,-0.71,8443.61,7081.165,1.0966,1.0966,0.39,222.5687,222.5687,4.2075,2.3361,2.3361,0.0,,24149.312,7700.0,7700.0,202371.2346,64526.0,,,1.1
600150,中国船舶,船舶,上海,19980520,600150.SH,20030416,8.72,8.8,8.4,8.44,8.74,-0.3,-3.43,19259.93,16541.237,2.5013,2.5013,0.91,224.1623,224.1623,4.2376,2.3528,2.3528,0.0,,24149.312,7700.0,7700.0,203820.1933,64988.0,,,1.1
600150,中国船舶,船舶,上海,19980520,600150.SH,20030415,8.88,8.9,8.68,8.74,8.83,-0.09,-1.02,12341.43,10802.899,1.6028,1.6028,0.55,232.1301,232.1301,4.3882,2.4364,2.4364,0.0,,24149.312,7700.0,7700.0,211064.9869,67298.0,,,1.1
600150,中国船舶,船舶,上海,19980520,600150.SH,20030414,8.75,8.9,8.67,8.83,8.74,0.09,1.03,18280.22,16002.59,2.3741,2.3741,0.76,234.5205,234.5205,4.4334,2.4615,2.4615,0.0,,24149.312,7700.0,7700.0,213238.425,67991.0,,,1.1
600150,中国船舶,船舶,上海,19980520,600150.SH,20030411,8.75,8.88,8.66,8.74,8.74,0.0,0.0,31323.85,27401.596,4.068,4.068,1.71,232.1301,232.1301,4.3882,2.4364,2.4364,0.0,,24149.312,7700.0,7700.0,211064.9869,67298.0,,,1.1
600150,中国船舶,船舶,上海,19980520,600150.SH,20030410,8.55,8.8,8.5,8.74,8.59,0.15,1.75,26707.12,23114.765,3.4685,3.4685,1.96,232.1301,232.1301,4.3882,2.4364,2.4364,0.0,,24149.312,7700.0,7700.0,211064.9869,67298.0,,,1.1
600150,中国船舶,船舶,上海,19980520,600150.SH,20030409,8.48,8.75,8.39,8.59,8.5,0.09,1.06,16737.83,14351.819,2.1737,2.1737,1.54,228.1462,228.1462,4.3129,2.3946,2.3946,0.0,,24149.312,7700.0,7700.0,207442.5901,66143.0,,,1.1
600150,中国船舶,船舶,上海,19980520,600150.SH,20030408,8.5,8.69,8.25,8.5,8.5,0.0,0.0,19873.28,16876.41,2.5809,2.5809,2.37,225.7558,225.7558,4.2677,2.3695,2.3695,0.0,,24149.312,7700.0,7700.0,205269.152,65450.0,,,1.1
600150,中国船舶,船舶,上海,19980520,600150.SH,20030407,8.19,8.65,8.18,8.5,8.21,0.29,3.53,25534.64,21659.069,3.3162,3.3162,6.75,169.163,158.7278,4.2995,2.5648,2.4062,0.0,,24149.312,7700.0,7700.0,205269.152,65450.0,,,1.1
600150,中国船舶,船舶,上海,19980520,600150.SH,20030404,8.25,8.25,8.19,8.21,8.22,-0.01,-0.12,2519.7,2070.356,0.3272,0.3272,0.59,163.3915,153.3123,4.1528,2.4773,2.3241,0.0,,24149.312,7700.0,7700.0,198265.8515,63217.0,,,1.1
600150,中国船舶,船舶,上海,19980520,600150.SH,20030403,8.28,8.31,8.19,8.22,8.28,-0.06,-0.72,3433.2,2821.764,0.4459,0.4459,0.75,163.5906,153.4991,4.1579,2.4804,2.3269,0.0,,24149.312,7700.0,7700.0,198507.3446,63294.0,,,1.1
600150,中国船舶,船舶,上海,19980520,600150.SH,20030402,8.37,8.4,8.27,8.28,8.4,-0.12,-1.43,3026.71,2520.1,0.3931,0.3931,0.67,164.7846,154.6195,4.1882,2.4985,2.3439,0.0,,24149.312,7700.0,7700.0,199956.3034,63756.0,,,1.1
600150,中国船舶,船舶,上海,19980520,600150.SH,20030401,8.27,8.47,8.22,8.4,8.24,0.16,1.94,7346.82,6119.319,0.9541,0.9541,2.17,167.1728,156.8604,4.2489,2.5347,2.3779,0.0,,24149.312,7700.0,7700.0,202854.2208,64680.0,,,1.1
600150,中国船舶,船舶,上海,19980520,600150.SH,20030331,8.2,8.25,8.15,8.24,8.2,0.04,0.49,2574.27,2112.866,0.3343,0.3343,0.73,163.9886,153.8726,4.168,2.4864,2.3326,0.0,,24149.312,7700.0,7700.0,198990.3309,63448.0,,,1.1
600150,中国船舶,船舶,上海,19980520,600150.SH,20030328,8.25,8.44,8.18,8.2,8.25,-0.05,-0.61,5133.97,4265.257,0.6667,0.6667,1.81,163.1925,153.1256,4.1478,2.4743,2.3212,0.0,,24149.312,7700.0,7700.0,198024.3584,63140.0,,,1.1
600150,中国船舶,船舶,上海,19980520,600150.SH,20030327,8.02,8.35,7.88,8.25,8.0,0.25,3.13,4707.96,3827.932,0.6114,0.6114,2.07,164.1876,154.0593,4.173,2.4894,2.3354,0.0,,24149.312,7700.0,7700.0,199231.824,63525.0,,,1.1
600150,中国船舶,船舶,上海,19980520,600150.SH,20030326,8.1,8.12,7.99,8.0,8.11,-0.11,-1.36,2787.53,2238.88,0.362,0.362,1.19,159.2122,149.3908,4.0466,2.414,2.2646,0.0,,24149.312,7700.0,7700.0,193194.496,61600.0,,,1.1
600150,中国船舶,船舶,上海,19980520,600150.SH,20030325,8.2,8.26,8.08,8.11,8.22,-0.11,-1.34,1762.0,1433.744,0.2288,0.2288,0.7,161.4014,151.445,4.1022,2.4472,2.2958,0.0,,24149.312,7700.0,7700.0,195850.9203,62447.0,,,1.1
600150,中国船舶,船舶,上海,19980520,600150.SH,20030324,8.15,8.35,8.12,8.22,8.12,0.1,1.23,3170.39,2615.163,0.4117,0.4117,1.39,163.5906,153.4991,4.1579,2.4804,2.3269,0.0,,24149.312,7700.0,7700.0,198507.3446,63294.0,,,1.1
600150,中国船舶,船舶,上海,19980520,600150.SH,20030321,8.03,8.14,8.01,8.12,8.05,0.07,0.87,1786.02,1447.299,0.232,0.232,0.79,161.6004,151.6317,4.1073,2.4502,2.2986,0.0,,24149.312,7700.0,7700.0,196092.4134,62524.0,,,1.1
600150,中国船舶,船舶,上海,19980520,600150.SH,20030320,8.1,8.15,8.01,8.05,8.11,-0.06,-0.74,1845.5,1489.454,0.2397,0.2397,0.74,160.2073,150.3245,4.0719,2.4291,2.2788,0.0,,24149.312,7700.0,7700.0,194401.9616,61985.0,,,1.1
600150,中国船舶,船舶,上海,19980520,600150.SH,20030319,8.09,8.16,7.98,8.11,8.09,0.02,0.25,3138.65,2528.872,0.4076,0.4076,1.37,161.4014,151.445,4.1022,2.4472,2.2958,0.0,,24149.312,7700.0,7700.0,195850.9203,62447.0,,,1.1
600150,中国船舶,船舶,上海,19980520,600150.SH,20030318,8.26,8.3,8.07,8.09,8.22,-0.13,-1.58,2641.6,2163.876,0.3431,0.3431,1.01,161.0034,151.0715,4.0921,2.4411,2.2901,0.0,,24149.312,7700.0,7700.0,195367.9341,62293.0,,,1.1
600150,中国船舶,船舶,上海,19980520,600150.SH,20030317,8.15,8.28,8.15,8.22,8.14,0.08,0.98,2009.0,1648.675,0.2609,0.2609,0.66,163.5906,153.4991,4.1579,2.4804,2.3269,0.0,,24149.312,7700.0,7700.0,198507.3446,63294.0,,,1.1
600150,中国船舶,船舶,上海,19980520,600150.SH,20030314,8.13,8.25,8.11,8.14,8.14,0.0,0.0,1666.36,1363.908,0.2164,0.2164,0.46,161.9984,152.0052,4.1174,2.4562,2.3043,0.0,,24149.312,7700.0,7700.0,196575.3997,62678.0,,,1.1
600150,中国船舶,船舶,上海,19980520,600150.SH,20030313,8.29,8.29,8.14,8.14,8.27,-0.13,-1.57,2956.0,2424.851,0.3839,0.3839,0.75,161.9984,152.0052,4.1174,2.4562,2.3043,0.0,,24149.312,7700.0,7700.0,196575.3997,62678.0,,,1.1
600150,中国船舶,船舶,上海,19980520,600150.SH,20030312,8.21,8.27,8.15,8.27,8.22,0.05,0.61,2156.53,1769.827,0.2801,0.2801,0.52,164.5856,154.4328,4.1832,2.4954,2.3411,0.0,,24149.312,7700.0,7700.0,199714.8102,63679.0,,,1.1
600150,中国船舶,船舶,上海,19980520,600150.SH,20030311,8.27,8.34,8.19,8.22,8.29,-0.07,-0.84,4228.65,3479.28,0.5492,0.5492,0.91,163.5906,153.4991,4.1579,2.4804,2.3269,0.0,,24149.312,7700.0,7700.0,198507.3446,63294.0,,,1.1
600150,中国船舶,船舶,上海,19980520,600150.SH,20030310,8.5,8.55,8.28,8.29,8.48,-0.19,-2.24,4324.84,3618.77,0.5617,0.5617,0.99,164.9837,154.8063,4.1933,2.5015,2.3467,0.0,,24149.312,7700.0,7700.0,200197.7965,63833.0,,,1.1
600150,中国船舶,船舶,上海,19980520,600150.SH,20030307,8.47,8.59,8.45,8.48,8.49,-0.01,-0.12,4531.76,3849.749,0.5885,0.5885,1.13,168.765,158.3543,4.2894,2.5588,2.4005,0.0,,24149.312,7700.0,7700.0,204786.1658,65296.0,,,1.1
600150,中国船舶,船舶,上海,19980520,600150.SH,20030306,8.7,8.7,8.45,8.49,8.7,-0.21,-2.41,4463.15,3813.485,0.5796,0.5796,1.12,168.964,158.541,4.2944,2.5618,2.4033,0.0,,24149.312,7700.0,7700.0,205027.6589,65373.0,,,1.1
600150,中国船舶,船舶,上海,19980520,600150.SH,20030305,8.77,8.77,8.6,8.7,8.75,-0.05,-0.57,3333.41,2883.365,0.4329,0.4329,0.86,173.1433,162.4625,4.4007,2.6252,2.4628,0.0,,24149.312,7700.0,7700.0,210099.0144,66990.0,,,1.1
600150,中国船舶,船舶,上海,19980520,600150.SH,20030304,8.65,8.8,8.65,8.75,8.68,0.07,0.81,6701.99,5857.439,0.8704,0.8704,1.75,174.1384,163.3962,4.426,2.6403,2.4769,0.0,,24149.312,7700.0,7700.0,211306.48,67375.0,,,1.1
600150,中国船舶,船舶,上海,19980520,600150.SH,20030303,8.57,8.68,8.57,8.68,8.58,0.1,1.17,2732.59,2359.161,0.3549,0.3549,0.71,172.7453,162.0891,4.3905,2.6192,2.4571,0.0,,24149.312,7700.0,7700.0,209616.0282,66836.0,,,1.1
600150,中国船舶,船舶,上海,19980520,600150.SH,20030228,8.66,8.67,8.55,8.58,8.67,-0.09,-1.04,2831.0,2432.496,0.3677,0.3677,0.61,170.7551,160.2217,4.34,2.589,2.4288,0.0,,24149.312,7700.0,7700.0,207201.097,66066.0,,,1.1
600150,中国船舶,船舶,上海,19980520,600150.SH,20030227,8.64,8.76,8.58,8.67,8.65,0.02,0.23,4327.17,3763.109,0.562,0.562,0.87,172.5462,161.9023,4.3855,2.6161,2.4543,0.0,,24149.312,7700.0,7700.0,209374.535,66759.0,,,1.1
600150,中国船舶,船舶,上海,19980520,600150.SH,20030226,8.73,8.75,8.6,8.65,8.69,-0.04,-0.46,2898.97,2511.198,0.3765,0.3765,0.51,172.1482,161.5288,4.3754,2.6101,2.4486,0.0,,24149.312,7700.0,7700.0,208891.5488,66605.0,,,1.1
600150,中国船舶,船舶,上海,19980520,600150.SH,20030225,8.45,8.78,8.43,8.69,8.46,0.23,2.72,6330.91,5463.456,0.8222,0.8222,1.09,172.9443,162.2758,4.3956,2.6222,2.46,0.0,,24149.312,7700.0,7700.0,209857.5213,66913.0,,,1.1
600150,中国船舶,船舶,上海,19980520,600150.SH,20030224,8.46,8.53,8.44,8.46,8.47,-0.01,-0.12,2883.0,2444.748,0.3744,0.3744,0.41,168.3669,157.9808,4.2793,2.5528,2.3948,0.0,,24149.312,7700.0,7700.0,204303.1795,65142.0,,,1.1
600150,中国船舶,船舶,上海,19980520,600150.SH,20030221,8.65,8.7,8.42,8.47,8.68,-0.21,-2.42,6942.2,5931.509,0.9016,0.9016,1.0,168.5659,158.1675,4.2843,2.5558,2.3977,0.0,,24149.312,7700.0,7700.0,204544.6726,65219.0,,,1.1
600150,中国船舶,船舶,上海,19980520,600150.SH,20030220,8.82,8.83,8.63,8.68,8.81,-0.13,-1.48,5770.59,5032.608,0.7494,0.7494,0.78,172.7453,162.0891,4.3905,2.6192,2.4571,0.0,,24149.312,7700.0,7700.0,209616.0282,66836.0,,,1.1
600150,中国船舶,船舶,上海,19980520,600150.SH,20030219,8.79,8.85,8.72,8.81,8.8,0.01,0.11,6466.72,5677.852,0.8398,0.8398,0.87,175.3325,164.5167,4.4563,2.6584,2.4939,0.0,,24149.312,7700.0,7700.0,212755.4387,67837.0,,,1.1
600150,中国船舶,船舶,上海,19980520,600150.SH,20030218,8.7,8.8,8.66,8.8,8.74,0.06,0.69,6979.78,6103.794,0.9065,0.9065,1.08,175.1334,164.3299,4.4512,2.6554,2.4911,0.0,,24149.312,7700.0,7700.0,212513.9456,67760.0,,,1.1
600150,中国船舶,船舶,上海,19980520,600150.SH,20030217,8.7,8.8,8.61,8.74,8.64,0.1,1.16,9148.82,7970.615,1.1882,1.1882,1.82,173.9393,163.2095,4.4209,2.6373,2.4741,0.0,,24149.312,7700.0,7700.0,211064.9869,67298.0,,,1.1
600150,中国船舶,船舶,上海,19980520,600150.SH,20030214,8.59,8.74,8.57,8.64,8.6,0.04,0.47,6329.99,5470.484,0.8221,0.8221,1.35,171.9492,161.3421,4.3703,2.6071,2.4458,0.0,,24149.312,7700.0,7700.0,208650.0557,66528.0,,,1.1
600150,中国船舶,船舶,上海,19980520,600150.SH,20030213,8.6,8.84,8.59,8.6,8.64,-0.04,-0.46,8301.12,7218.903,1.0781,1.0781,2.25,171.1531,160.5951,4.3501,2.595,2.4345,0.0,,24149.312,7700.0,7700.0,207684.0832,66220.0,,,1.1
600150,中国船舶,船舶,上海,19980520,600150.SH,20030212,8.48,8.65,8.43,8.64,8.48,0.16,1.89,6244.89,5371.125,0.811,0.811,1.79,171.9492,161.3421,4.3703,2.6071,2.4458,0.0,,24149.312,7700.0,7700.0,208650.0557,66528.0,,,1.1
600150,中国船舶,船舶,上海,19980520,600150.SH,20030211,8.42,8.49,8.32,8.48,8.37,0.11,1.31,2206.84,1853.632,0.2866,0.2866,0.59,168.765,158.3543,4.2894,2.5588,2.4005,0.0,,24149.312,7700.0,7700.0,204786.1658,65296.0,,,1.1
600150,中国船舶,船舶,上海,19980520,600150.SH,20030210,8.57,8.57,8.36,8.37,8.55,-0.18,-2.11,2076.9,1749.508,0.2697,0.2697,0.47,166.5758,156.3002,4.2337,2.5256,2.3694,0.0,,24149.312,7700.0,7700.0,202129.7414,64449.0,,,1.1
600150,中国船舶,船舶,上海,19980520,600150.SH,20030129,8.58,8.65,8.5,8.55,8.58,-0.03,-0.35,4689.37,4023.953,0.609,0.609,1.02,170.1581,159.6615,4.3248,2.5799,2.4203,0.0,,24149.312,7700.0,7700.0,206476.6176,65835.0,,,1.1
600150,中国船舶,船舶,上海,19980520,600150.SH,20030128,8.59,8.61,8.46,8.58,8.56,0.02,0.23,3195.7,2731.877,0.415,0.415,0.6,170.7551,160.2217,4.34,2.589,2.4288,0.0,,24149.312,7700.0,7700.0,207201.097,66066.0,,,1.1
600150,中国船舶,船舶,上海,19980520,600150.SH,20030127,8.44,8.6,8.4,8.56,8.41,0.15,1.78,5271.67,4492.465,0.6846,0.6846,0.92,170.3571,159.8482,4.3298,2.583,2.4232,0.0,,24149.312,7700.0,7700.0,206718.1107,65912.0,,,1.1
600150,中国船舶,船舶,上海,19980520,600150.SH,20030124,8.26,8.44,8.25,8.41,8.3,0.11,1.33,3571.94,2980.605,0.4639,0.4639,0.5,167.3718,157.0471,4.254,2.5377,2.3807,0.0,,24149.312,7700.0,7700.0,203095.7139,64757.0,,,1.1
600150,中国船舶,船舶,上海,19980520,600150.SH,20030123,8.4,8.52,8.25,8.3,8.46,-0.16,-1.89,5350.1,4466.742,0.6948,0.6948,0.64,165.1827,154.993,4.1983,2.5045,2.3496,0.0,,24149.312,7700.0,7700.0,200439.2896,63910.0,,,1.1
600150,中国船舶,船舶,上海,19980520,600150.SH,20030122,8.42,8.48,8.3,8.46,8.45,0.01,0.12,5636.69,4723.321,0.732,0.732,0.38,168.3669,157.9808,4.2793,2.5528,2.3948,0.0,,24149.312,7700.0,7700.0,204303.1795,65142.0,,,1.1
600150,中国船舶,船舶,上海,19980520,600150.SH,20030121,8.74,8.76,8.44,8.45,8.71,-0.26,-2.99,6969.9,5968.91,0.9052,0.9052,0.39,168.1679,157.7941,4.2742,2.5498,2.392,0.0,,24149.312,7700.0,7700.0,204061.6864,65065.0,,,1.1
600150,中国船舶,船舶,上海,19980520,600150.SH,20030120,8.6,8.74,8.5,8.71,8.66,0.05,0.58,7052.75,6059.937,0.9159,0.9159,0.4,173.3423,162.6493,4.4057,2.6282,2.4656,0.0,,24149.312,7700.0,7700.0,210340.5075,67067.0,,,1.1
600150,中国船舶,船舶,上海,19980520,600150.SH,20030117,8.8,8.88,8.61,8.66,8.8,-0.14,-1.59,10525.9,9156.619,1.367,1.367,0.6,172.3472,161.7156,4.3804,2.6131,2.4515,0.0,,24149.312,7700.0,7700.0,209133.0419,66682.0,,,1.1
600150,中国船舶,船舶,上海,19980520,600150.SH,20030116,8.65,8.8,8.63,8.8,8.72,0.08,0.92,11656.83,10177.168,1.5139,1.5139,0.66,175.1334,164.3299,4.4512,2.6554,2.4911,0.0,,24149.312,7700.0,7700.0,212513.9456,67760.0,,,1.1
600150,中国船舶,船舶,上海,19980520,600150.SH,20030115,8.61,9.15,8.53,8.72,8.55,0.17,1.99,37132.59,32659.364,4.8224,4.8224,3.27,173.5413,162.836,4.4108,2.6312,2.4684,0.0,,24149.312,7700.0,7700.0,210582.0006,67144.0,,,1.1
600150,中国船舶,船舶,上海,19980520,600150.SH,20030114,8.2,8.68,8.16,8.55,8.15,0.4,4.91,23548.97,19873.959,3.0583,3.0583,2.78,170.1581,159.6615,4.3248,2.5799,2.4203,0.0,,24149.312,7700.0,7700.0,206476.6176,65835.0,,,1.1
600150,中国船舶,船舶,上海,19980520,600150.SH,20030113,8.1,8.15,8.02,8.15,8.07,0.08,0.99,5643.06,4567.619,0.7329,0.7329,0.69,162.1974,152.1919,4.1225,2.4592,2.3071,0.0,,24149.312,7700.0,7700.0,196816.8928,62755.0,,,1.1
600150,中国船舶,船舶,上海,19980520,600150.SH,20030110,8.22,8.32,8.07,8.07,8.22,-0.15,-1.82,9121.6,7486.832,1.1846,1.1846,1.21,160.6053,150.698,4.082,2.4351,2.2844,0.0,,24149.312,7700.0,7700.0,194884.9478,62139.0,,,1.1
600150,中国船舶,船舶,上海,19980520,600150.SH,20030109,8.1,8.32,7.98,8.22,8.08,0.14,1.73,12350.19,10110.446,1.6039,1.6039,1.88,163.5906,153.4991,4.1579,2.4804,2.3269,0.0,,24149.312,7700.0,7700.0,198507.3446,63294.0,,,1.1
600150,中国船舶,船舶,上海,19980520,600150.SH,20030108,7.9,8.09,7.8,8.08,7.91,0.17,2.15,6027.77,4801.336,0.7828,0.7828,0.93,160.8043,150.8847,4.0871,2.4381,2.2873,0.0,,24149.312,7700.0,7700.0,195126.441,62216.0,,,1.1
600150,中国船舶,船舶,上海,19980520,600150.SH,20030107,7.72,7.95,7.7,7.91,7.8,0.11,1.41,9233.51,7226.464,1.1992,1.1992,1.43,157.4211,147.7102,4.0011,2.3868,2.2392,0.0,,24149.312,7700.0,7700.0,191021.0579,60907.0,,,1.1
600150,中国船舶,船舶,上海,19980520,600150.SH,20030106,7.69,7.85,7.61,7.8,7.7,0.1,1.3,4288.8,3326.325,0.557,0.557,0.56,155.2319,145.6561,3.9454,2.3536,2.208,0.0,,24149.312,7700.0,7700.0,188364.6336,60060.0,,,1.1
600150,中国船舶,船舶,上海,19980520,600150.SH,20030103,7.61,7.74,7.55,7.7,7.62,0.08,1.05,5915.3,4514.822,0.7682,0.7682,0.65,153.2418,143.7887,3.8948,2.3234,2.1797,0.0,,24149.312,7700.0,7700.0,185949.7024,59290.0,,,1.1
600150,中国船舶,船舶,上海,19980520,600150.SH,20030102,7.85,7.94,7.6,7.62,7.94,-0.32,-4.03,7356.87,5697.673,0.9554,0.9554,0.78,151.6496,142.2948,3.8544,2.2993,2.1571,0.0,,24149.312,7700.0,7700.0,184017.7574,58674.0,,,1.1
600150,中国船舶,船舶,上海,19980520,600150.SH,20021231,8.27,8.28,7.9,7.94,8.18,-0.24,-2.93,5717.36,4620.542,0.7425,0.7425,0.51,158.0181,148.2704,4.0162,2.3959,2.2476,0.0,,24149.312,7700.0,7700.0,191745.5373,61138.0,,,1.1
600150,中国船舶,船舶,上海,19980520,600150.SH,20021230,8.25,8.38,8.05,8.18,8.27,-0.09,-1.09,8973.73,7352.918,1.1654,1.1654,0.76,162.7945,152.7521,4.1376,2.4683,2.3156,0.0,,24149.312,7700.0,7700.0,197541.3722,62986.0,,,1.1
600150,中国船舶,船舶,上海,19980520,600150.SH,20021227,8.35,8.46,8.2,8.27,8.37,-0.1,-1.19,10552.56,8770.551,1.3705,1.3705,0.9,164.5856,154.4328,4.1832,2.4954,2.3411,0.0,,24149.312,7700.0,7700.0,199714.8102,63679.0,,,1.1
600150,中国船舶,船舶,上海,19980520,600150.SH,20021226,8.68,8.86,8.36,8.37,8.74,-0.37,-4.23,13051.3,11221.191,1.695,1.695,1.16,166.5758,156.3002,4.2337,2.5256,2.3694,0.0,,24149.312,7700.0,7700.0,202129.7414,64449.0,,,1.1
600150,中国船舶,船舶,上海,19980520,600150.SH,20021225,8.9,8.97,8.73,8.74,8.89,-0.15,-1.69,9038.9,7996.073,1.1739,1.1739,0.7,173.9393,163.2095,4.4209,2.6373,2.4741,0.0,,24149.312,7700.0,7700.0,211064.9869,67298.0,,,1.1
600150,中国船舶,船舶,上海,19980520,600150.SH,20021224,8.7,8.92,8.65,8.89,8.73,0.16,1.83,14988.06,13249.873,1.9465,1.9465,1.19,176.9246,166.0106,4.4968,2.6825,2.5166,0.0,,24149.312,7700.0,7700.0,214687.3837,68453.0,,,1.1
600150,中国船舶,船舶,上海,19980520,600150.SH,20021223,8.76,8.87,8.6,8.73,8.67,0.06,0.69,11419.47,10020.884,1.483,1.483,0.8,173.7403,163.0228,4.4158,2.6342,2.4713,0.0,,24149.312,7700.0,7700.0,210823.4938,67221.0,,,1.1
600150,中国船舶,船舶,上海,19980520,600150.SH,20021220,8.65,8.77,8.55,8.67,8.69,-0.02,-0.23,9816.46,8502.238,1.2749,1.2749,0.61,172.5462,161.9023,4.3855,2.6161,2.4543,0.0,,24149.312,7700.0,7700.0,209374.535,66759.0,,,1.1
600150,中国船舶,船舶,上海,19980520,600150.SH,20021219,8.68,8.73,8.52,8.69,8.7,-0.01,-0.11,11221.97,9657.652,1.4574,1.4574,0.62,172.9443,162.2758,4.3956,2.6222,2.46,0.0,,24149.312,7700.0,7700.0,209857.5213,66913.0,,,1.1
600150,中国船舶,船舶,上海,19980520,600150.SH,20021218,8.81,8.97,8.67,8.7,8.84,-0.14,-1.58,17289.41,15254.623,2.2454,2.2454,0.95,173.1433,162.4625,4.4007,2.6252,2.4628,0.0,,24149.312,7700.0,7700.0,210099.0144,66990.0,,,1.1
600150,中国船舶,船舶,上海,19980520,600150.SH,20021217,8.85,8.91,8.75,8.84,8.85,-0.01,-0.11,13052.66,11517.081,1.6952,1.6952,0.6,175.9295,165.0769,4.4715,2.6674,2.5024,0.0,,24149.312,7700.0,7700.0,213479.9181,68068.0,,,1.1
600150,中国船舶,船舶,上海,19980520,600150.SH,20021216,8.72,8.86,8.58,8.85,8.68,0.17,1.96,20207.38,17686.089,2.6243,2.6243,0.93,176.1285,165.2636,4.4765,2.6705,2.5052,0.0,,24149.312,7700.0,7700.0,213721.4112,68145.0,,,1.1
600150,中国船舶,船舶,上海,19980520,600150.SH,20021213,8.5,8.8,8.39,8.68,8.67,0.01,0.12,19054.31,16301.495,2.4746,2.4746,0.7,172.7453,162.0891,4.3905,2.6192,2.4571,0.0,,24149.312,7700.0,7700.0,209616.0282,66836.0,,,1.1
600150,中国船舶,船舶,上海,19980520,600150.SH,20021212,8.6,8.85,8.56,8.67,8.62,0.05,0.58,20252.0,17662.622,2.6301,2.6301,0.63,172.5462,161.9023,4.3855,2.6161,2.4543,0.0,,24149.312,7700.0,7700.0,209374.535,66759.0,,,1.1
600150,中国船舶,船舶,上海,19980520,600150.SH,20021211,8.5,8.66,8.4,8.62,8.52,0.1,1.17,18258.17,15583.206,2.3712,2.3712,0.33,171.5512,160.9686,4.3602,2.6011,2.4401,0.0,,24149.312,7700.0,7700.0,208167.0694,66374.0,,,1.1
600150,中国船舶,船舶,上海,19980520,600150.SH,20021210,8.74,8.84,8.4,8.52,8.77,-0.25,-2.85,30887.35,26418.719,4.0113,4.0113,0.57,169.561,159.1012,4.3096,2.5709,2.4118,0.0,,24149.312,7700.0,7700.0,205752.1382,65604.0,,,1.1
600150,中国船舶,船舶,上海,19980520,600150.SH,20021209,8.63,8.87,8.55,8.77,8.68,0.09,1.04,19730.86,17300.612,2.5624,2.5624,0.38,174.5364,163.7697,4.4361,2.6463,2.4826,0.0,,24149.312,7700.0,7700.0,211789.4662,67529.0,,,1.1
600150,中国船舶,船舶,上海,19980520,600150.SH,20021206,8.69,9.0,8.49,8.68,8.67,0.01,0.12,46253.36,40607.624,6.0069,6.0069,1.07,172.7453,162.0891,4.3905,2.6192,2.4571,0.0,,24149.312,7700.0,7700.0,209616.0282,66836.0,,,1.1
600150,中国船舶,船舶,上海,19980520,600150.SH,20021205,8.7,8.78,8.43,8.67,8.89,-0.22,-2.47,45716.33,39315.485,5.9372,5.9372,1.31,172.5462,161.9023,4.3855,2.6161,2.4543,0.0,,24149.312,7700.0,7700.0,209374.535,66759.0,,,1.1
600150,中国船舶,船舶,上海,19980520,600150.SH,20021204,8.87,9.28,8.6,8.89,8.44,0.45,5.33,131094.09,119580.163,17.0252,17.0252,14.43,176.9246,166.0106,4.4968,2.6825,2.5166,0.0,,24149.312,7700.0,7700.0,214687.3837,68453.0,,,1.1
600150,中国船舶,船舶,上海,19980520,600150.SH,20021203,8.2,8.45,8.1,8.44,8.2,0.24,2.93,27718.52,23129.149,3.5998,3.5998,5.84,167.9689,157.6073,4.2692,2.5467,2.3892,0.0,,24149.312,7700.0,7700.0,203820.1933,64988.0,,,1.1
600150,中国船舶,船舶,上海,19980520,600150.SH,20021128,7.81,8.2,7.73,8.2,7.85,0.35,4.46,6707.84,5379.37,0.8711,0.8711,1.44,163.1925,153.1256,4.1478,2.4743,2.3212,0.0,,24149.312,7700.0,7700.0,198024.3584,63140.0,,,1.1
600150,中国船舶,船舶,上海,19980520,600150.SH,20021127,7.85,7.95,7.55,7.85,7.91,-0.06,-0.76,5329.07,4145.447,0.6921,0.6921,1.13,156.227,146.5898,3.9707,2.3687,2.2222,0.0,,24149.312,7700.0,7700.0,189572.0992,60445.0,,,1.1
600150,中国船舶,船舶,上海,19980520,600150.SH,20021126,8.18,8.21,7.9,7.91,8.15,-0.24,-2.94,3281.81,2649.974,0.4262,0.4262,0.65,157.4211,147.7102,4.0011,2.3868,2.2392,0.0,,24149.312,7700.0,7700.0,191021.0579,60907.0,,,1.1
600150,中国船舶,船舶,上海,19980520,600150.SH,20021125,8.0,8.18,7.95,8.15,8.02,0.13,1.62,2396.59,1941.867,0.3112,0.3112,0.4,162.1974,152.1919,4.1225,2.4592,2.3071,0.0,,24149.312,7700.0,7700.0,196816.8928,62755.0,,,1.1
600150,中国船舶,船舶,上海,19980520,600150.SH,20021122,8.0,8.21,7.85,8.02,7.9,0.12,1.52,6026.5,4859.449,0.7827,0.7827,0.98,159.6102,149.7643,4.0567,2.42,2.2703,0.0,,24149.312,7700.0,7700.0,193677.4822,61754.0,,,1.1
600150,中国船舶,船舶,上海,19980520,600150.SH,20021121,8.18,8.25,7.88,7.9,8.19,-0.29,-3.54,6206.99,4987.957,0.8061,0.8061,0.97,157.2221,147.5235,3.996,2.3838,2.2363,0.0,,24149.312,7700.0,7700.0,190779.5648,60830.0,,,1.1
600150,中国船舶,船舶,上海,19980520,600150.SH,20021120,8.49,8.59,8.05,8.19,8.62,-0.43,-4.99,5753.7,4773.863,0.7472,0.7472,0.85,162.9935,152.9389,4.1427,2.4713,2.3184,0.0,,24149.312,7700.0,7700.0,197782.8653,63063.0,,,1.1
600150,中国船舶,船舶,上海,19980520,600150.SH,20021119,8.58,8.66,8.44,8.62,8.42,0.2,2.38,4689.51,4011.426,0.609,0.609,0.62,171.5512,160.9686,4.3602,2.6011,2.4401,0.0,,24149.312,7700.0,7700.0,208167.0694,66374.0,,,1.1
600150,中国船舶,船舶,上海,19980520,600150.SH,20021118,8.68,8.73,8.32,8.42,8.68,-0.26,-3.0,6996.36,5938.691,0.9086,0.9086,0.89,167.5709,157.2339,4.259,2.5407,2.3835,0.0,,24149.312,7700.0,7700.0,203337.207,64834.0,,,1.1
600150,中国船舶,船舶,上海,19980520,600150.SH,20021115,8.77,8.99,8.66,8.68,8.78,-0.1,-1.14,7126.03,6258.895,0.9255,0.9255,0.86,172.7453,162.0891,4.3905,2.6192,2.4571,0.0,,24149.312,7700.0,7700.0,209616.0282,66836.0,,,1.1
600150,中国船舶,船舶,上海,19980520,600150.SH,20021114,9.1,9.18,8.75,8.78,9.12,-0.34,-3.73,7373.8,6593.346,0.9576,0.9576,0.9,174.7354,163.9564,4.4411,2.6493,2.4854,0.0,,24149.312,7700.0,7700.0,212030.9594,67606.0,,,1.1
600150,中国船舶,船舶,上海,19980520,600150.SH,20021113,9.0,9.15,8.86,9.12,8.92,0.2,2.24,7750.63,6985.32,1.0066,1.0066,0.72,181.5019,170.3056,4.6131,2.7519,2.5817,0.0,,24149.312,7700.0,7700.0,220241.7254,70224.0,,,1.1
600150,中国船舶,船舶,上海,19980520,600150.SH,20021112,9.16,9.32,8.88,8.92,9.16,-0.24,-2.62,8854.77,8032.757,1.15,1.15,0.88,177.5216,166.5708,4.5119,2.6916,2.5251,0.0,,24149.312,7700.0,7700.0,215411.863,68684.0,,,1.1
600150,中国船舶,船舶,上海,19980520,600150.SH,20021111,9.16,9.43,9.12,9.16,9.12,0.04,0.44,8360.66,7739.36,1.0858,1.0858,0.95,182.298,171.0525,4.6333,2.764,2.593,0.0,,24149.312,7700.0,7700.0,221207.6979,70532.0,,,1.1
600150,中国船舶,船舶,上海,19980520,600150.SH,20021108,9.4,9.54,9.12,9.12,9.37,-0.25,-2.67,8899.52,8239.376,1.1558,1.1558,1.14,181.5019,170.3056,4.6131,2.7519,2.5817,0.0,,24149.312,7700.0,7700.0,220241.7254,70224.0,,,1.1
600150,中国船舶,船舶,上海,19980520,600150.SH,20021107,9.42,9.5,9.33,9.37,9.43,-0.06,-0.64,7157.1,6728.572,0.9295,0.9295,1.07,186.4773,174.974,4.7396,2.8274,2.6524,0.0,,24149.312,7700.0,7700.0,226279.0534,72149.0,,,1.1
600150,中国船舶,船舶,上海,19980520,600150.SH,20021106,9.28,9.68,9.2,9.43,9.25,0.18,1.95,20207.05,19126.711,2.6243,2.6243,6.92,187.6714,176.0944,4.7699,2.8455,2.6694,0.0,,24149.312,7700.0,7700.0,227728.0122,72611.0,,,1.1
600150,中国船舶,船舶,上海,19980520,600150.SH,20021105,9.1,9.3,9.1,9.25,9.1,0.15,1.65,5578.58,5144.726,0.7245,0.7245,2.31,184.0891,172.7332,4.6789,2.7912,2.6185,0.0,,24149.312,7700.0,7700.0,223381.136,71225.0,,,1.1
600150,中国船舶,船舶,上海,19980520,600150.SH,20021104,9.0,9.11,9.0,9.1,8.95,0.15,1.68,2323.1,2105.969,0.3017,0.3017,1.0,181.1039,169.9321,4.603,2.7459,2.576,0.0,,24149.312,7700.0,7700.0,219758.7392,70070.0,,,1.1
600150,中国船舶,船舶,上海,19980520,600150.SH,20021101,8.93,9.0,8.78,8.95,8.97,-0.02,-0.22,3804.64,3365.906,0.4941,0.4941,1.78,178.1187,167.131,4.5271,2.7006,2.5336,0.0,,24149.312,7700.0,7700.0,216136.3424,68915.0,,,1.1
600150,中国船舶,船舶,上海,19980520,600150.SH,20021031,9.04,9.12,8.95,8.97,9.03,-0.06,-0.66,1641.99,1483.248,0.2132,0.2132,0.64,178.5167,167.5045,4.5372,2.7067,2.5392,0.0,,24149.312,7700.0,7700.0,216619.3286,69069.0,,,1.1
600150,中国船舶,船舶,上海,19980520,600150.SH,20021030,9.1,9.1,8.93,9.03,9.08,-0.05,-0.55,1261.5,1140.045,0.1638,0.1638,0.43,179.7108,168.6249,4.5676,2.7248,2.5562,0.0,,24149.312,7700.0,7700.0,218068.2874,69531.0,,,1.1
600150,中国船舶,船舶,上海,19980520,600150.SH,20021029,9.34,9.34,8.85,9.08,8.95,0.13,1.45,3039.5,2725.073,0.3947,0.3947,0.88,180.7059,169.5586,4.5929,2.7399,2.5704,0.0,,24149.312,7700.0,7700.0,219275.753,69916.0,,,1.1
600150,中国船舶,船舶,上海,19980520,600150.SH,20021028,8.99,9.05,8.88,8.95,9.03,-0.08,-0.89,1868.51,1671.019,0.2427,0.2427,0.53,178.1187,181.4008,4.5683,2.7006,2.4666,0.0,,24149.312,7700.0,7700.0,216136.3424,68915.0,,,1.1
600150,中国船舶,船舶,上海,19980520,600150.SH,20021025,9.23,9.3,9.0,9.03,9.13,-0.1,-1.1,2901.0,2656.694,0.3768,0.3768,0.84,179.7108,183.0223,4.6092,2.7248,2.4886,0.0,,24149.312,7700.0,7700.0,218068.2874,69531.0,,,1.1
600150,中国船舶,船舶,上海,19980520,600150.SH,20021024,9.3,9.35,9.1,9.13,9.29,-0.16,-1.72,3840.51,3537.052,0.4988,0.4988,1.21,181.7009,185.0491,4.6602,2.7549,2.5162,0.0,,24149.312,7700.0,7700.0,220483.2186,70301.0,,,1.1
600150,中国船舶,船舶,上海,19980520,600150.SH,20021023,9.24,9.3,9.18,9.29,9.26,0.03,0.32,2963.85,2735.031,0.3849,0.3849,0.8,184.8852,188.292,4.7419,2.8032,2.5603,0.0,,24149.312,7700.0,7700.0,224347.1085,71533.0,,,1.1
600150,中国船舶,船舶,上海,19980520,600150.SH,20021022,9.16,9.36,9.15,9.26,9.16,0.1,1.09,5783.35,5359.886,0.7511,0.7511,2.12,184.2881,187.684,4.7265,2.7942,2.552,0.0,,24149.312,7700.0,7700.0,223622.6291,71302.0,,,1.1
600150,中国船舶,船舶,上海,19980520,600150.SH,20021021,9.03,9.19,8.96,9.16,9.03,0.13,1.44,2226.6,2024.02,0.2892,0.2892,0.86,182.298,185.6571,4.6755,2.764,2.5245,0.0,,24149.312,7700.0,7700.0,221207.6979,70532.0,,,1.1
600150,中国船舶,船舶,上海,19980520,600150.SH,20021018,8.85,9.1,8.8,9.03,8.92,0.11,1.23,2530.87,2266.089,0.3287,0.3287,1.02,179.7108,183.0223,4.6092,2.7248,2.4886,0.0,,24149.312,7700.0,7700.0,218068.2874,69531.0,,,1.1
600150,中国船舶,船舶,上海,19980520,600150.SH,20021017,9.1,9.12,8.91,8.92,9.08,-0.16,-1.76,2325.0,2090.837,0.3019,0.3019,0.95,177.5216,180.7927,4.553,2.6916,2.4583,0.0,,24149.312,7700.0,7700.0,215411.863,68684.0,,,1.1
600150,中国船舶,船舶,上海,19980520,600150.SH,20021016,8.97,9.31,8.92,9.08,8.9,0.18,2.02,5724.34,5235.13,0.7434,0.7434,2.86,180.7059,184.0357,4.6347,2.7399,2.5024,0.0,,24149.312,7700.0,7700.0,219275.753,69916.0,,,1.1
600150,中国船舶,船舶,上海,19980520,600150.SH,20021015,8.93,9.0,8.85,8.9,8.93,-0.03,-0.34,832.74,744.198,0.1081,0.1081,0.4,177.1236,180.3874,4.5428,2.6855,2.4528,0.0,,24149.312,7700.0,7700.0,214928.8768,68530.0,,,1.1
600150,中国船舶,船舶,上海,19980520,600150.SH,20021014,8.88,9.0,8.8,8.93,8.89,0.04,0.45,1599.44,1417.258,0.2077,0.2077,0.74,177.7206,180.9954,4.5581,2.6946,2.4611,0.0,,24149.312,7700.0,7700.0,215653.3562,68761.0,,,1.1
600150,中国船舶,船舶,上海,19980520,600150.SH,20021011,8.95,9.05,8.87,8.89,8.88,0.01,0.11,1890.07,1690.321,0.2455,0.2455,0.84,176.9246,180.1847,4.5377,2.6825,2.4501,0.0,,24149.312,7700.0,7700.0,214687.3837,68453.0,,,1.1
600150,中国船舶,船舶,上海,19980520,600150.SH,20021010,8.88,9.05,8.86,8.88,8.95,-0.07,-0.78,2141.0,1912.881,0.2781,0.2781,0.99,176.7256,179.982,4.5326,2.6795,2.4473,0.0,,24149.312,7700.0,7700.0,214445.8906,68376.0,,,1.1
600150,中国船舶,船舶,上海,19980520,600150.SH,20021009,9.2,9.2,8.95,8.95,9.21,-0.26,-2.82,3528.91,3177.633,0.4583,0.4583,1.92,178.1187,181.4008,4.5683,2.7006,2.4666,0.0,,24149.312,7700.0,7700.0,216136.3424,68915.0,,,1.1
600150,中国船舶,船舶,上海,19980520,600150.SH,20021008,9.01,9.23,9.0,9.21,9.16,0.05,0.55,1321.28,1206.146,0.1716,0.1716,0.53,183.2931,186.6705,4.701,2.7791,2.5382,0.0,,24149.312,7700.0,7700.0,222415.1635,70917.0,,,1.1
600150,中国船舶,船舶,上海,19980520,600150.SH,20020927,9.25,9.4,9.13,9.16,9.29,-0.13,-1.4,1993.59,1838.737,0.2589,0.2589,0.67,182.298,185.6571,4.6755,2.764,2.5245,0.0,,24149.312,7700.0,7700.0,221207.6979,70532.0,,,1.1
600150,中国船舶,船舶,上海,19980520,600150.SH,20020926,9.25,9.6,9.25,9.29,9.32,-0.03,-0.32,2253.0,2099.997,0.2926,0.2926,0.62,184.8852,188.292,4.7419,2.8032,2.5603,0.0,,24149.312,7700.0,7700.0,224347.1085,71533.0,,,1.1
600150,中国船舶,船舶,上海,19980520,600150.SH,20020925,9.31,9.46,9.25,9.32,9.37,-0.05,-0.53,1687.45,1580.417,0.2191,0.2191,0.49,185.4822,188.9,4.7572,2.8123,2.5686,0.0,,24149.312,7700.0,7700.0,225071.5878,71764.0,,,1.1
600150,中国船舶,船舶,上海,19980520,600150.SH,20020924,9.35,9.43,9.3,9.37,9.35,0.02,0.21,1953.11,1828.65,0.2537,0.2537,0.56,186.4773,189.9135,4.7827,2.8274,2.5823,0.0,,24149.312,7700.0,7700.0,226279.0534,72149.0,,,1.1
600150,中国船舶,船舶,上海,19980520,600150.SH,20020923,9.31,9.44,9.29,9.35,9.31,0.04,0.43,4664.26,4369.783,0.6057,0.6057,1.52,186.0793,189.5081,4.7725,2.8213,2.5768,0.0,,24149.312,7700.0,7700.0,225796.0672,71995.0,,,1.1
600150,中国船舶,船舶,上海,19980520,600150.SH,20020920,9.3,9.44,9.18,9.31,9.35,-0.04,-0.43,4380.5,4078.439,0.5689,0.5689,1.83,185.2832,188.6974,4.7521,2.8093,2.5658,0.0,,24149.312,7700.0,7700.0,224830.0947,71687.0,,,1.1
600150,中国船舶,船舶,上海,19980520,600150.SH,20020919,9.0,9.58,8.85,9.35,9.05,0.3,3.31,5339.54,4883.558,0.6934,0.6934,3.46,186.0793,189.5081,4.7725,2.8213,2.5768,0.0,,24149.312,7700.0,7700.0,225796.0672,71995.0,,,1.1
600150,中国船舶,船舶,上海,19980520,600150.SH,20020918,9.13,9.15,9.04,9.05,9.13,-0.08,-0.88,1011.0,917.202,0.1313,0.1313,0.51,180.1088,183.4276,4.6194,2.7308,2.4942,0.0,,24149.312,7700.0,7700.0,218551.2736,69685.0,,,1.1
600150,中国船舶,船舶,上海,19980520,600150.SH,20020917,9.08,9.2,9.03,9.13,9.06,0.07,0.77,2024.92,1843.785,0.263,0.263,1.08,181.7009,185.0491,4.6602,2.7549,2.5162,0.0,,24149.312,7700.0,7700.0,220483.2186,70301.0,,,1.1
600150,中国船舶,船舶,上海,19980520,600150.SH,20020916,9.23,9.25,9.03,9.06,9.3,-0.24,-2.58,2600.2,2367.66,0.3377,0.3377,1.41,180.3078,183.6303,4.6245,2.7338,2.4969,0.0,,24149.312,7700.0,7700.0,218792.7667,69762.0,,,1.1
600150,中国船舶,船舶,上海,19980520,600150.SH,20020913,9.33,9.33,9.26,9.3,9.31,-0.01,-0.11,976.0,906.316,0.1268,0.1268,0.33,185.0842,188.4947,4.747,2.8062,2.5631,0.0,,24149.312,7700.0,7700.0,224588.6016,71610.0,,,1.1
600150,中国船舶,船舶,上海,19980520,600150.SH,20020912,9.23,9.39,9.23,9.31,9.29,0.02,0.22,1109.05,1032.683,0.144,0.144,0.31,185.2832,188.6974,4.7521,2.8093,2.5658,0.0,,24149.312,7700.0,7700.0,224830.0947,71687.0,,,1.1
600150,中国船舶,船舶,上海,19980520,600150.SH,20020911,9.3,9.33,9.18,9.29,9.34,-0.05,-0.54,3260.81,3004.05,0.4235,0.4235,0.98,184.8852,188.292,4.7419,2.8032,2.5603,0.0,,24149.312,7700.0,7700.0,224347.1085,71533.0,,,1.1
600150,中国船舶,船舶,上海,19980520,600150.SH,20020910,9.29,9.38,9.28,9.34,9.3,0.04,0.43,1459.9,1359.083,0.1896,0.1896,0.44,185.8803,189.3054,4.7674,2.8183,2.5741,0.0,,24149.312,7700.0,7700.0,225554.5741,71918.0,,,1.1
600150,中国船舶,船舶,上海,19980520,600150.SH,20020909,9.35,9.5,9.28,9.3,9.39,-0.09,-0.96,2441.36,2276.648,0.3171,0.3171,0.76,185.0842,188.4947,4.747,2.8062,2.5631,0.0,,24149.312,7700.0,7700.0,224588.6016,71610.0,,,1.1
600150,中国船舶,船舶,上海,19980520,600150.SH,20020906,9.55,9.65,9.38,9.39,9.58,-0.19,-1.98,6529.51,6181.947,0.848,0.848,2.89,186.8753,190.3188,4.7929,2.8334,2.5879,0.0,,24149.312,7700.0,7700.0,226762.0397,72303.0,,,1.1
600150,中国船舶,船舶,上海,19980520,600150.SH,20020905,9.68,9.7,9.56,9.58,9.76,-0.18,-1.84,4293.17,4125.55,0.5576,0.5576,2.36,190.6566,194.1698,4.8899,2.8907,2.6402,0.0,,24149.312,7700.0,7700.0,231350.409,73766.0,,,1.1
600150,中国船舶,船舶,上海,19980520,600150.SH,20020904,9.72,9.85,9.7,9.76,9.7,0.06,0.62,1935.1,1888.718,0.2513,0.2513,1.03,194.2389,197.8181,4.9818,2.945,2.6898,0.0,,24149.312,7700.0,7700.0,235697.2851,75152.0,,,1.1
600150,中国船舶,船舶,上海,19980520,600150.SH,20020903,9.71,9.81,9.7,9.7,9.68,0.02,0.21,1419.03,1384.026,0.1843,0.1843,0.63,193.0448,196.602,4.9511,2.9269,2.6733,0.0,,24149.312,7700.0,7700.0,234248.3264,74690.0,,,1.1
600150,中国船舶,船舶,上海,19980520,600150.SH,20020902,9.68,9.71,9.65,9.68,9.68,0.0,0.0,1947.01,1884.033,0.2529,0.2529,0.77,192.6468,196.1966,4.9409,2.9209,2.6678,0.0,,24149.312,7700.0,7700.0,233765.3402,74536.0,,,1.1
600150,中国船舶,船舶,上海,19980520,600150.SH,20020830,9.76,9.8,9.68,9.68,9.76,-0.08,-0.82,1710.0,1662.656,0.2221,0.2221,0.49,192.6468,196.1966,4.9409,2.9209,2.6678,0.0,,24149.312,7700.0,7700.0,233765.3402,74536.0,,,1.1
600150,中国船舶,船舶,上海,19980520,600150.SH,20020829,9.84,9.87,9.74,9.76,9.86,-0.1,-1.01,2077.5,2034.103,0.2698,0.2698,0.48,194.2389,197.8181,4.9818,2.945,2.6898,0.0,,24149.312,7700.0,7700.0,235697.2851,75152.0,,,1.1
600150,中国船舶,船舶,上海,19980520,600150.SH,20020828,9.86,9.98,9.85,9.86,9.86,0.0,0.0,2284.1,2259.013,0.2966,0.2966,0.51,196.2291,199.8449,5.0328,2.9752,2.7174,0.0,,24149.312,7700.0,7700.0,238112.2163,75922.0,,,1.1
600150,中国船舶,船舶,上海,19980520,600150.SH,20020827,9.81,9.94,9.78,9.86,9.85,0.01,0.1,3223.89,3178.542,0.4187,0.4187,0.64,196.2291,199.8449,5.0328,2.9752,2.7174,0.0,,24149.312,7700.0,7700.0,238112.2163,75922.0,,,1.1
600150,中国船舶,船舶,上海,19980520,600150.SH,20020826,9.94,9.97,9.8,9.85,9.94,-0.09,-0.91,3387.9,3335.714,0.44,0.44,0.7,196.03,199.6422,5.0277,2.9722,2.7146,0.0,,24149.312,7700.0,7700.0,237870.7232,75845.0,,,1.1
600150,中国船舶,船舶,上海,19980520,600150.SH,20020823,9.98,10.12,9.9,9.94,9.92,0.02,0.2,6507.12,6523.449,0.8451,0.8451,1.5,197.8212,201.4664,5.0736,2.9994,2.7394,0.0,,24149.312,7700.0,7700.0,240044.1613,76538.0,,,1.1
600150,中国船舶,船舶,上海,19980520,600150.SH,20020822,9.85,9.98,9.76,9.92,9.8,0.12,1.22,6248.47,6180.576,0.8115,0.8115,1.86,197.4231,201.061,5.0634,2.9933,2.7339,0.0,,24149.312,7700.0,7700.0,239561.175,76384.0,,,1.1
600150,中国船舶,船舶,上海,19980520,600150.SH,20020821,9.8,9.93,9.79,9.8,9.9,-0.1,-1.01,3121.84,3070.552,0.4054,0.4054,1.02,195.035,198.6288,5.0022,2.9571,2.7009,0.0,,24149.312,7700.0,7700.0,236663.2576,75460.0,,,1.1
600150,中国船舶,船舶,上海,19980520,600150.SH,20020820,9.58,9.96,9.58,9.9,9.7,0.2,2.06,5880.3,5786.122,0.7637,0.7637,2.4,197.0251,200.6556,5.0532,2.9873,2.7284,0.0,,24149.312,7700.0,7700.0,239078.1888,76230.0,,,1.1
600150,中国船舶,船舶,上海,19980520,600150.SH,20020819,9.8,9.8,9.6,9.7,9.78,-0.08,-0.82,2429.5,2353.94,0.3155,0.3155,0.94,193.0448,196.602,4.9511,2.9269,2.6733,0.0,,24149.312,7700.0,7700.0,234248.3264,74690.0,,,1.1
600150,中国船舶,船舶,上海,19980520,600150.SH,20020816,9.67,9.82,9.6,9.78,9.63,0.15,1.56,4042.46,3935.597,0.525,0.525,1.71,194.6369,198.2234,4.992,2.9511,2.6953,0.0,,24149.312,7700.0,7700.0,236180.2714,75306.0,,,1.1
600150,中国船舶,船舶,上海,19980520,600150.SH,20020815,9.72,9.74,9.6,9.63,9.7,-0.07,-0.72,1340.42,1292.473,0.1741,0.1741,0.51,191.6517,195.1832,4.9154,2.9058,2.654,0.0,,24149.312,7700.0,7700.0,232557.8746,74151.0,,,1.1
600150,中国船舶,船舶,上海,19980520,600150.SH,20020814,9.63,9.7,9.59,9.7,9.6,0.1,1.04,1682.79,1618.856,0.2185,0.2185,0.54,193.0448,196.602,4.9511,2.9269,2.6733,0.0,,24149.312,7700.0,7700.0,234248.3264,74690.0,,,1.1
600150,中国船舶,船舶,上海,19980520,600150.SH,20020813,9.58,9.7,9.56,9.6,9.58,0.02,0.21,2759.89,2653.616,0.3584,0.3584,0.62,191.0547,194.5752,4.9001,2.8968,2.6457,0.0,,24149.312,7700.0,7700.0,231833.3952,73920.0,,,1.1
600150,中国船舶,船舶,上海,19980520,600150.SH,20020812,9.63,9.73,9.55,9.58,9.69,-0.11,-1.14,3077.01,2966.675,0.3996,0.3996,0.71,190.6566,194.1698,4.8899,2.8907,2.6402,0.0,,24149.312,7700.0,7700.0,231350.409,73766.0,,,1.1
600150,中国船舶,船舶,上海,19980520,600150.SH,20020809,9.63,9.76,9.63,9.69,9.82,-0.13,-1.32,2934.99,2844.814,0.3812,0.3812,0.6,192.8458,196.3993,4.946,2.9239,2.6705,0.0,,24149.312,7700.0,7700.0,234006.8333,74613.0,,,1.1
600150,中国船舶,船舶,上海,19980520,600150.SH,20020808,9.83,9.97,9.8,9.82,9.89,-0.07,-0.71,2561.23,2526.079,0.3326,0.3326,0.47,195.433,195.433,5.0326,2.9632,2.9632,0.0,,24149.312,7700.0,7700.0,237146.2438,75614.0,,,1.1
600150,中国船舶,船舶,上海,19980520,600150.SH,20020807,9.98,10.02,9.81,9.89,9.98,-0.09,-0.9,4127.8,4091.708,0.5361,0.5361,0.81,196.8261,196.8261,5.0685,2.9843,2.9843,0.0,,24149.312,7700.0,7700.0,238836.6957,76153.0,,,1.1
600150,中国船舶,船舶,上海,19980520,600150.SH,20020806,9.82,10.08,9.72,9.98,9.79,0.19,1.94,9624.8,9622.444,1.25,1.25,2.51,198.6172,198.6172,5.1146,3.0114,3.0114,0.0,,24149.312,7700.0,7700.0,241010.1338,76846.0,,,1.1
600150,中国船舶,船舶,上海,19980520,600150.SH,20020805,9.8,9.86,9.62,9.79,9.8,-0.01,-0.1,2538.48,2463.97,0.3297,0.3297,0.61,194.836,194.836,5.0172,2.9541,2.9541,0.0,,24149.312,7700.0,7700.0,236421.7645,75383.0,,,1.1
600150,中国船舶,船舶,上海,19980520,600150.SH,20020802,9.72,9.83,9.67,9.8,9.71,0.09,0.93,5571.5,5423.677,0.7236,0.7236,1.26,195.035,195.035,5.0224,2.9571,2.9571,0.0,,24149.312,7700.0,7700.0,236663.2576,75460.0,,,1.1
600150,中国船舶,船舶,上海,19980520,600150.SH,20020801,9.8,9.82,9.61,9.71,9.83,-0.12,-1.22,5232.04,5080.54,0.6795,0.6795,1.1,193.2438,193.2438,4.9762,2.93,2.93,0.0,,24149.312,7700.0,7700.0,234489.8195,74767.0,,,1.1
600150,中国船舶,船舶,上海,19980520,600150.SH,20020731,9.95,9.97,9.81,9.83,9.9,-0.07,-0.71,2662.39,2632.057,0.3458,0.3458,0.47,195.632,195.632,5.0377,2.9662,2.9662,0.0,,24149.312,7700.0,7700.0,237387.737,75691.0,,,1.1
600150,中国船舶,船舶,上海,19980520,600150.SH,20020730,9.97,10.02,9.75,9.9,9.97,-0.07,-0.7,3134.0,3108.751,0.407,0.407,0.5,197.0251,197.0251,5.0736,2.9873,2.9873,0.0,,24149.312,7700.0,7700.0,239078.1888,76230.0,,,1.1
600150,中国船舶,船舶,上海,19980520,600150.SH,20020729,9.8,9.97,9.78,9.97,9.82,0.15,1.53,4058.94,3996.712,0.5271,0.5271,0.53,198.4182,198.4182,5.1095,3.0084,3.0084,0.0,,24149.312,7700.0,7700.0,240768.6406,76769.0,,,1.1
600150,中国船舶,船舶,上海,19980520,600150.SH,20020726,9.98,10.08,9.81,9.82,9.97,-0.15,-1.5,6991.01,6948.3,0.9079,0.9079,0.7,195.433,195.433,5.0326,2.9632,2.9632,0.0,,24149.312,7700.0,7700.0,237146.2438,75614.0,,,1.1
600150,中国船舶,船舶,上海,19980520,600150.SH,20020725,10.15,10.22,9.91,9.97,10.15,-0.18,-1.77,7042.72,7058.796,0.9146,0.9146,0.72,198.4182,198.4182,5.1095,3.0084,3.0084,0.0,,24149.312,7700.0,7700.0,240768.6406,76769.0,,,1.1
600150,中国船舶,船舶,上海,19980520,600150.SH,20020724,10.18,10.26,10.08,10.15,10.18,-0.03,-0.29,6861.64,6956.889,0.8911,0.8911,0.72,202.0005,202.0005,5.2017,3.0627,3.0627,0.0,,24149.312,7700.0,7700.0,245115.5168,78155.0,,,1.1
600150,中国船舶,船舶,上海,19980520,600150.SH,20020723,10.2,10.34,10.18,10.18,10.21,-0.03,-0.29,6461.5,6613.195,0.8392,0.8392,0.67,202.5975,202.5975,5.2171,3.0718,3.0718,0.0,,24149.312,7700.0,7700.0,245839.9962,78386.0,,,1.1
600150,中国船舶,船舶,上海,19980520,600150.SH,20020722,10.48,10.49,10.2,10.21,10.48,-0.27,-2.58,11004.48,11374.43,1.4292,1.4292,1.3,203.1946,203.1946,5.2325,3.0808,3.0808,0.0,,24149.312,7700.0,7700.0,246564.4755,78617.0,,,1.1
600150,中国船舶,船舶,上海,19980520,600150.SH,20020719,10.25,10.52,10.25,10.48,10.24,0.24,2.34,18228.47,19007.074,2.3673,2.3673,2.58,208.568,208.568,5.3708,3.1623,3.1623,0.0,,24149.312,7700.0,7700.0,253084.7898,80696.0,,,1.1
600150,中国船舶,船舶,上海,19980520,600150.SH,20020718,10.3,10.35,10.2,10.24,10.3,-0.06,-0.58,6463.95,6650.167,0.8395,0.8395,0.86,203.7916,203.7916,5.2478,3.0899,3.0899,0.0,,24149.312,7700.0,7700.0,247288.9549,78848.0,,,1.1
600150,中国船舶,船舶,上海,19980520,600150.SH,20020717,10.15,10.32,10.1,10.3,10.22,0.08,0.78,5182.4,5268.147,0.673,0.673,0.55,204.9857,204.9857,5.2786,3.108,3.108,0.0,,24149.312,7700.0,7700.0,248737.9136,79310.0,,,1.1
600150,中国船舶,船舶,上海,19980520,600150.SH,20020716,10.15,10.35,10.13,10.22,10.13,0.09,0.89,7226.49,7411.696,0.9385,0.9385,0.72,203.3936,203.3936,5.2376,3.0839,3.0839,0.0,,24149.312,7700.0,7700.0,246805.9686,78694.0,,,1.1
600150,中国船舶,船舶,上海,19980520,600150.SH,20020715,10.25,10.25,10.12,10.13,10.25,-0.12,-1.17,5270.84,5354.732,0.6845,0.6845,0.41,201.6025,201.6025,5.1915,3.0567,3.0567,0.0,,24149.312,7700.0,7700.0,244632.5306,78001.0,,,1.1
600150,中国船舶,船舶,上海,19980520,600150.SH,20020712,10.12,10.41,10.12,10.25,10.12,0.13,1.28,11131.51,11433.289,1.4457,1.4457,0.79,203.9907,203.9907,5.253,3.0929,3.0929,0.0,,24149.312,7700.0,7700.0,247530.448,78925.0,,,1.1
600150,中国船舶,船舶,上海,19980520,600150.SH,20020711,10.11,10.27,10.08,10.12,10.16,-0.04,-0.39,8769.84,8914.206,1.1389,1.1389,0.51,201.4035,201.4035,5.1863,3.0537,3.0537,0.0,,24149.312,7700.0,7700.0,244391.0374,77924.0,,,1.1
600150,中国船舶,船舶,上海,19980520,600150.SH,20020710,10.34,10.38,10.15,10.16,10.34,-0.18,-1.74,14415.0,14717.527,1.8721,1.8721,0.59,202.1995,202.1995,5.2068,3.0657,3.0657,0.0,,24149.312,7700.0,7700.0,245357.0099,78232.0,,,1.1
600150,中国船舶,船舶,上海,19980520,600150.SH,20020709,10.49,10.55,10.3,10.34,10.47,-0.13,-1.24,10450.34,10835.359,1.3572,1.3572,0.37,205.7818,205.7818,5.2991,3.1201,3.1201,0.0,,24149.312,7700.0,7700.0,249703.8861,79618.0,,,1.1
600150,中国船舶,船舶,上海,19980520,600150.SH,20020708,10.5,10.68,10.4,10.47,10.4,0.07,0.67,18883.3,19930.155,2.4524,2.4524,0.71,208.369,208.369,5.3657,3.1593,3.1593,0.0,,24149.312,7700.0,7700.0,252843.2966,80619.0,,,1.1
600150,中国船舶,船舶,上海,19980520,600150.SH,20020705,10.18,10.45,10.18,10.4,10.25,0.15,1.46,17785.0,18400.789,2.3097,2.3097,0.62,206.9759,206.9759,5.3298,3.1382,3.1382,0.0,,24149.312,7700.0,7700.0,251152.8448,80080.0,,,1.1
600150,中国船舶,船舶,上海,19980520,600150.SH,20020704,10.6,10.64,10.2,10.25,10.53,-0.28,-2.66,24321.04,25220.461,3.1586,3.1586,0.87,203.9907,203.9907,5.253,3.0929,3.0929,0.0,,24149.312,7700.0,7700.0,247530.448,78925.0,,,1.1
600150,中国船舶,船舶,上海,19980520,600150.SH,20020703,10.31,10.57,10.31,10.53,10.24,0.29,2.83,51470.37,53917.601,6.6845,6.6845,2.23,209.5631,209.5631,5.3965,3.1774,3.1774,0.0,,24149.312,7700.0,7700.0,254292.2554,81081.0,,,1.1
600150,中国船舶,船舶,上海,19980520,600150.SH,20020702,9.8,10.33,9.75,10.24,9.86,0.38,3.85,28305.9,28835.659,3.6761,3.6761,0.97,203.7916,203.7916,5.2478,3.0899,3.0899,0.0,,24149.312,7700.0,7700.0,247288.9549,78848.0,,,1.1
600150,中国船舶,船舶,上海,19980520,600150.SH,20020701,9.99,10.08,9.75,9.86,9.98,-0.12,-1.2,11799.04,11707.497,1.5323,1.5323,0.3,196.2291,196.2291,5.0531,2.9752,2.9752,0.0,,24149.312,7700.0,7700.0,238112.2163,75922.0,,,1.1
600150,中国船舶,船舶,上海,19980520,600150.SH,20020628,10.1,10.18,9.71,9.98,10.2,-0.22,-2.16,28392.94,28313.494,3.6874,3.6874,0.71,198.6172,198.6172,5.1146,3.0114,3.0114,0.0,,24149.312,7700.0,7700.0,241010.1338,76846.0,,,1.1
600150,中国船舶,船舶,上海,19980520,600150.SH,20020627,10.2,10.36,10.1,10.2,10.31,-0.11,-1.07,19457.62,19884.384,2.527,2.527,0.53,202.9956,202.9956,5.2273,3.0778,3.0778,0.0,,24149.312,7700.0,7700.0,246322.9824,78540.0,,,1.1
600150,中国船舶,船舶,上海,19980520,600150.SH,20020626,10.1,10.4,9.95,10.31,10.16,0.15,1.48,27637.61,28143.641,3.5893,3.5893,0.87,205.1847,205.1847,5.2837,3.111,3.111,0.0,,24149.312,7700.0,7700.0,248979.4067,79387.0,,,1.1
600150,中国船舶,船舶,上海,19980520,600150.SH,20020625,9.99,10.81,9.88,10.16,9.99,0.17,1.7,58415.68,60504.805,7.5865,7.5865,2.62,202.1995,202.1995,5.2068,3.0657,3.0657,0.0,,24149.312,7700.0,7700.0,245357.0099,78232.0,,,1.1
600150,中国船舶,船舶,上海,19980520,600150.SH,20020624,9.99,9.99,9.72,9.99,9.08,0.91,10.02,62254.78,61904.797,8.085,8.085,5.8,198.8163,198.8163,5.1197,3.0144,3.0144,0.0,,24149.312,7700.0,7700.0,241251.6269,76923.0,,,1.1
600150,中国船舶,船舶,上海,19980520,600150.SH,20020621,8.58,9.18,8.56,9.08,8.56,0.52,6.07,30833.63,27983.926,4.0044,4.0044,5.44,180.7059,180.7059,4.6534,2.7399,2.7399,0.0,,24149.312,7700.0,7700.0,219275.753,69916.0,,,1.1
600150,中国船舶,船舶,上海,19980520,600150.SH,20020620,8.53,8.73,8.53,8.56,8.51,0.05,0.59,4477.03,3872.09,0.5814,0.5814,0.81,170.3571,170.3571,4.3869,2.583,2.583,0.0,,24149.312,7700.0,7700.0,206718.1107,65912.0,,,1.1
600150,中国船舶,船舶,上海,19980520,600150.SH,20020619,8.6,8.6,8.46,8.51,8.58,-0.07,-0.82,3660.1,3114.75,0.4753,0.4753,0.65,169.362,169.362,4.3612,2.5679,2.5679,0.0,,24149.312,7700.0,7700.0,205510.6451,65527.0,,,1.1
600150,中国船舶,船舶,上海,19980520,600150.SH,20020618,8.4,8.74,8.4,8.58,8.35,0.23,2.75,10123.69,8713.483,1.3148,1.3148,1.81,170.7551,170.7551,4.3971,2.589,2.589,0.0,,24149.312,7700.0,7700.0,207201.097,66066.0,,,1.1
600150,中国船舶,船舶,上海,19980520,600150.SH,20020617,8.18,8.45,8.01,8.35,8.21,0.14,1.71,4618.37,3831.57,0.5998,0.5998,0.81,166.1778,166.1778,4.2792,2.5196,2.5196,0.0,,24149.312,7700.0,7700.0,201646.7552,64295.0,,,1.1
600150,中国船舶,船舶,上海,19980520,600150.SH,20020614,8.35,8.42,8.2,8.21,8.45,-0.24,-2.84,5477.0,4546.519,0.7113,0.7113,0.74,163.3915,163.3915,4.2075,2.4773,2.4773,0.0,,24149.312,7700.0,7700.0,198265.8515,63217.0,,,1.1
600150,中国船舶,船舶,上海,19980520,600150.SH,20020613,8.55,8.7,8.45,8.45,8.55,-0.1,-1.17,3610.3,3096.653,0.4689,0.4689,0.39,168.1679,168.1679,4.3305,2.5498,2.5498,0.0,,24149.312,7700.0,7700.0,204061.6864,65065.0,,,1.1
600150,中国船舶,船舶,上海,19980520,600150.SH,20020612,8.56,8.6,8.41,8.55,8.6,-0.05,-0.58,4320.25,3676.45,0.5611,0.5611,0.44,170.1581,170.1581,4.3817,2.5799,2.5799,0.0,,24149.312,7700.0,7700.0,206476.6176,65835.0,,,1.1
600150,中国船舶,船舶,上海,19980520,600150.SH,20020611,8.38,8.75,8.35,8.6,8.39,0.21,2.5,10015.6,8640.21,1.3007,1.3007,1.14,171.1531,171.1531,4.4074,2.595,2.595,0.0,,24149.312,7700.0,7700.0,207684.0832,66220.0,,,1.1
600150,中国船舶,船舶,上海,19980520,600150.SH,20020610,8.51,8.51,8.3,8.39,8.51,-0.12,-1.41,4980.6,4174.258,0.6468,0.6468,0.53,166.9738,166.9738,4.2997,2.5317,2.5317,0.0,,24149.312,7700.0,7700.0,202612.7277,64603.0,,,1.1
600150,中国船舶,船舶,上海,19980520,600150.SH,20020607,8.4,8.7,8.25,8.51,8.39,0.12,1.43,14124.76,12036.859,1.8344,1.8344,1.83,169.362,169.362,4.3612,2.5679,2.5679,0.0,,24149.312,7700.0,7700.0,205510.6451,65527.0,,,1.1
600150,中国船舶,船舶,上海,19980520,600150.SH,20020606,7.8,8.59,7.7,8.39,7.81,0.58,7.43,12790.61,10508.542,1.6611,1.6611,1.65,166.9738,166.9738,4.2997,2.5317,2.5317,0.0,,24149.312,7700.0,7700.0,202612.7277,64603.0,,,1.1
600150,中国船舶,船舶,上海,19980520,600150.SH,20020605,8.2,8.2,7.78,7.81,8.22,-0.41,-4.99,7266.0,5747.122,0.9436,0.9436,1.01,155.4309,155.4309,4.0025,2.3566,2.3566,0.0,,24149.312,7700.0,7700.0,188606.1267,60137.0,,,1.1
600150,中国船舶,船舶,上海,19980520,600150.SH,20020604,8.18,8.28,8.05,8.22,8.14,0.08,0.98,4607.41,3769.409,0.5984,0.5984,0.62,163.5906,163.5906,4.2126,2.4804,2.4804,0.0,,24149.312,7700.0,7700.0,198507.3446,63294.0,,,1.1
600150,中国船舶,船舶,上海,19980520,600150.SH,20020603,8.39,8.39,8.14,8.14,8.49,-0.35,-4.12,8429.89,6909.802,1.0948,1.0948,1.05,161.9984,161.9984,4.1716,2.4562,2.4562,0.0,,24149.312,7700.0,7700.0,196575.3997,62678.0,,,1.1
600150,中国船舶,船舶,上海,19980520,600150.SH,20020531,8.7,8.73,8.49,8.49,8.74,-0.25,-2.86,5594.5,4794.95,0.7266,0.7266,0.64,168.964,168.964,4.351,2.5618,2.5618,0.0,,24149.312,7700.0,7700.0,205027.6589,65373.0,,,1.1
600150,中国船舶,船舶,上海,19980520,600150.SH,20020530,8.89,8.89,8.43,8.74,9.11,-0.37,-4.06,12869.62,11141.422,1.6714,1.6714,1.29,173.9393,173.9393,4.4791,2.6373,2.6373,0.0,,24149.312,7700.0,7700.0,211064.9869,67298.0,,,1.1
600150,中国船舶,船舶,上海,19980520,600150.SH,20020527,9.1,9.28,8.91,9.11,8.96,0.15,1.67,4394.46,3988.224,0.5707,0.5707,0.41,181.3029,181.3029,4.6687,2.7489,2.7489,0.0,,24149.312,7700.0,7700.0,220000.2323,70147.0,,,1.1
600150,中国船舶,船舶,上海,19980520,600150.SH,20020524,9.08,9.1,8.88,8.96,9.06,-0.1,-1.1,5637.35,5036.073,0.7321,0.7321,0.47,178.3177,178.3177,4.5919,2.7037,2.7037,0.0,,24149.312,7700.0,7700.0,216377.8355,68992.0,,,1.1
600150,中国船舶,船舶,上海,19980520,600150.SH,20020523,9.0,9.34,9.0,9.06,8.82,0.24,2.72,11692.41,10706.251,1.5185,1.5185,0.96,180.3078,180.3078,4.6431,2.7338,2.7338,0.0,,24149.312,7700.0,7700.0,218792.7667,69762.0,,,1.1
600150,中国船舶,船舶,上海,19980520,600150.SH,20020522,9.15,9.16,8.8,8.82,9.12,-0.3,-3.29,9294.22,8297.132,1.207,1.207,0.76,175.5315,175.5315,4.5201,2.6614,2.6614,0.0,,24149.312,7700.0,7700.0,212996.9318,67914.0,,,1.1
600150,中国船舶,船舶,上海,19980520,600150.SH,20020521,8.99,9.2,8.76,9.12,8.59,0.53,6.17,19031.88,17216.74,2.4717,2.4717,1.78,181.5019,181.5019,4.6739,2.7519,2.7519,0.0,,24149.312,7700.0,7700.0,220241.7254,70224.0,,,1.1
600150,中国船舶,船舶,上海,19980520,600150.SH,20020520,8.85,8.86,8.45,8.59,8.87,-0.28,-3.16,7498.55,6420.818,0.9738,0.9738,0.68,170.9541,170.9541,4.4022,2.592,2.592,0.0,,24149.312,7700.0,7700.0,207442.5901,66143.0,,,1.1
600150,中国船舶,船舶,上海,19980520,600150.SH,20020517,8.77,9.08,8.6,8.87,8.77,0.1,1.14,12772.34,11189.091,1.6587,1.6587,1.27,176.5265,176.5265,4.5457,2.6765,2.6765,0.0,,24149.312,7700.0,7700.0,214204.3974,68299.0,,,1.1
600150,中国船舶,船舶,上海,19980520,600150.SH,20020516,9.23,9.29,8.75,8.77,9.29,-0.52,-5.6,12025.25,10837.146,1.5617,1.5617,1.31,174.5364,174.5364,4.4945,2.6463,2.6463,0.0,,24149.312,7700.0,7700.0,211789.4662,67529.0,,,1.1
600150,中国船舶,船舶,上海,19980520,600150.SH,20020515,9.45,9.53,9.25,9.29,9.46,-0.17,-1.8,9833.22,9183.744,1.277,1.277,1.14,184.8852,184.8852,4.761,2.8032,2.8032,0.0,,24149.312,7700.0,7700.0,224347.1085,71533.0,,,1.1
600150,中国船舶,船舶,上海,19980520,600150.SH,20020514,9.59,9.68,9.4,9.46,9.64,-0.18,-1.87,11376.74,10818.323,1.4775,1.4775,1.11,188.2684,188.2684,4.8481,2.8545,2.8545,0.0,,24149.312,7700.0,7700.0,228452.4915,72842.0,,,1.1
600150,中国船舶,船舶,上海,19980520,600150.SH,20020513,9.7,9.7,9.59,9.64,9.75,-0.11,-1.13,8929.44,8605.056,1.1597,1.1597,0.69,191.8507,191.8507,4.9404,2.9088,2.9088,0.0,,24149.312,7700.0,7700.0,232799.3677,74228.0,,,1.1
600150,中国船舶,船舶,上海,19980520,600150.SH,20020510,9.88,9.95,9.72,9.75,9.88,-0.13,-1.32,7985.47,7823.345,1.0371,1.0371,0.58,194.0399,194.0399,4.9967,2.942,2.942,0.0,,24149.312,7700.0,7700.0,235455.792,75075.0,,,1.1
600150,中国船舶,船舶,上海,19980520,600150.SH,20020509,9.8,10.08,9.75,9.88,9.83,0.05,0.51,7673.64,7611.625,0.9966,0.9966,0.51,196.6271,196.6271,5.0634,2.9813,2.9813,0.0,,24149.312,7700.0,7700.0,238595.2026,76076.0,,,1.1
600150,中国船舶,船舶,上海,19980520,600150.SH,20020508,10.1,10.1,9.83,9.83,10.05,-0.22,-2.19,7306.72,7230.027,0.9489,0.9489,0.47,195.632,195.632,5.0377,2.9662,2.9662,0.0,,24149.312,7700.0,7700.0,237387.737,75691.0,,,1.1
600150,中国船舶,船舶,上海,19980520,600150.SH,20020430,10.13,10.2,9.9,10.05,10.12,-0.07,-0.69,19323.36,19355.509,2.5095,2.5095,1.35,200.0103,200.0103,5.1505,3.0326,3.0326,0.0,,24149.312,7700.0,7700.0,242700.5856,77385.0,,,1.1
600150,中国船舶,船舶,上海,19980520,600150.SH,20020429,10.02,10.25,9.95,10.12,9.91,0.21,2.12,22057.62,22369.355,2.8646,2.8646,1.54,201.4035,201.4035,5.1863,3.0537,3.0537,0.0,,24149.312,7700.0,7700.0,244391.0374,77924.0,,,1.1
600150,中国船舶,船舶,上海,19980520,600150.SH,20020426,9.62,9.99,9.61,9.91,9.6,0.31,3.23,12909.73,12745.672,1.6766,1.6766,0.47,197.2241,197.2241,5.0909,2.9903,2.9903,0.0,,24149.312,7700.0,7700.0,239319.6819,76307.0,,,1.1
600150,中国船舶,船舶,上海,19980520,600150.SH,20020425,9.85,9.93,9.51,9.6,9.88,-0.28,-2.83,13198.35,12723.388,1.7141,1.7141,0.48,191.0547,191.0547,4.9316,2.8968,2.8968,0.0,,24149.312,7700.0,7700.0,231833.3952,73920.0,,,1.1
600150,中国船舶,船舶,上海,19980520,600150.SH,20020424,9.78,9.99,9.7,9.88,9.81,0.07,0.71,10278.41,10104.992,1.3349,1.3349,0.37,196.6271,196.6271,5.0755,2.9813,2.9813,0.0,,24149.312,7700.0,7700.0,238595.2026,76076.0,,,1.1
600150,中国船舶,船舶,上海,19980520,600150.SH,20020423,9.99,10.04,9.8,9.81,9.99,-0.18,-1.8,12891.18,12755.986,1.6742,1.6742,0.45,195.234,195.234,5.0395,2.9601,2.9601,0.0,,24149.312,7700.0,7700.0,236904.7507,75537.0,,,1.1
600150,中国船舶,船舶,上海,19980520,600150.SH,20020422,10.22,10.22,9.96,9.99,10.25,-0.26,-2.54,22307.45,22410.385,2.8971,2.8971,0.78,198.8163,198.8163,5.132,3.0144,3.0144,0.0,,24149.312,7700.0,7700.0,241251.6269,76923.0,,,1.1
600150,中国船舶,船舶,上海,19980520,600150.SH,20020419,9.7,10.3,9.69,10.25,9.6,0.65,6.77,78741.8,79254.591,10.2262,10.2262,2.74,203.9907,203.9907,5.2655,3.0929,3.0929,0.0,,24149.312,7700.0,7700.0,247530.448,78925.0,,,1.1
600150,中国船舶,船舶,上海,19980520,600150.SH,20020418,9.6,9.76,9.52,9.6,9.62,-0.02,-0.21,12430.52,11995.771,1.6144,1.6144,0.37,191.0547,191.0547,4.9316,2.8968,2.8968,0.0,,24149.312,7700.0,7700.0,231833.3952,73920.0,,,1.1
600150,中国船舶,船舶,上海,19980520,600150.SH,20020417,9.46,9.7,9.46,9.62,9.47,0.15,1.58,13925.93,13404.615,1.8086,1.8086,0.33,191.4527,191.4527,4.9419,2.9028,2.9028,0.0,,24149.312,7700.0,7700.0,232316.3814,74074.0,,,1.1
600150,中国船舶,船舶,上海,19980520,600150.SH,20020416,9.6,9.69,9.41,9.47,9.7,-0.23,-2.37,15193.4,14454.415,1.9732,1.9732,0.28,188.4675,188.4675,4.8648,2.8575,2.8575,0.0,,24149.312,7700.0,7700.0,228693.9846,72919.0,,,1.1
600150,中国船舶,船舶,上海,19980520,600150.SH,20020415,9.79,9.85,9.48,9.7,9.79,-0.09,-0.92,22383.36,21576.371,2.9069,2.9069,0.39,193.0448,193.0448,4.983,2.9269,2.9269,0.0,,24149.312,7700.0,7700.0,234248.3264,74690.0,,,1.1
600150,中国船舶,船舶,上海,19980520,600150.SH,20020412,10.1,10.45,9.61,9.79,9.98,-0.19,-1.9,79623.36,80706.587,10.3407,10.3407,1.56,194.836,194.836,5.0292,2.9541,2.9541,0.0,,24149.312,7700.0,7700.0,236421.7645,75383.0,,,1.1
600150,中国船舶,船舶,上海,19980520,600150.SH,20020410,9.93,10.19,9.9,9.98,9.91,0.07,0.71,36752.8,36883.439,4.7731,4.7731,0.78,198.6172,198.6172,5.1268,3.0114,3.0114,0.0,,24149.312,7700.0,7700.0,241010.1338,76846.0,,,1.1
600150,中国船舶,船舶,上海,19980520,600150.SH,20020409,9.94,10.28,9.84,9.91,10.06,-0.15,-1.49,60121.11,60282.985,7.8079,7.8079,1.63,197.2241,197.2241,5.0909,2.9903,2.9903,0.0,,24149.312,7700.0,7700.0,239319.6819,76307.0,,,1.1
600150,中国船舶,船舶,上海,19980520,600150.SH,20020408,9.58,10.06,9.51,10.06,9.58,0.48,5.01,69064.91,68762.862,8.9695,8.9695,2.83,,,5.2528,3.3611,2.8992,0.0,,24149.312,7700.0,7700.0,242942.0787,77462.0,,,1.1
600150,中国船舶,船舶,上海,19980520,600150.SH,20020405,9.53,9.98,9.38,9.58,9.51,0.07,0.74,40912.23,39512.845,5.3133,5.3133,2.17,,,5.0022,3.2007,2.7608,0.0,,24149.312,7700.0,7700.0,231350.409,73766.0,,,1.1
600150,中国船舶,船舶,上海,19980520,600150.SH,20020404,9.18,9.6,9.12,9.51,9.14,0.37,4.05,47965.76,45372.381,6.2293,6.2293,4.2,,,4.9656,3.1773,2.7407,0.0,,24149.312,7700.0,7700.0,229659.9571,73227.0,,,1.1
600150,中国船舶,船舶,上海,19980520,600150.SH,20020403,8.7,9.14,8.7,9.14,8.7,0.44,5.06,18589.13,16797.858,2.4142,2.4142,1.87,,,4.7724,3.0537,2.634,0.0,,24149.312,7700.0,7700.0,220724.7117,70378.0,,,1.1
600150,中国船舶,船舶,上海,19980520,600150.SH,20020402,8.89,8.95,8.66,8.7,8.87,-0.17,-1.92,7739.2,6798.106,1.0051,1.0051,0.76,,,4.5427,2.9067,2.5072,0.0,,24149.312,7700.0,7700.0,210099.0144,66990.0,,,1.1
600150,中国船舶,船舶,上海,19980520,600150.SH,20020401,8.8,8.9,8.66,8.87,8.8,0.07,0.8,6907.41,6057.722,0.8971,0.8971,0.67,,,4.6314,2.9635,2.5562,0.0,,24149.312,7700.0,7700.0,214204.3974,68299.0,,,1.1
600150,中国船舶,船舶,上海,19980520,600150.SH,20020329,9.05,9.05,8.7,8.8,9.08,-0.28,-3.08,13160.26,11658.663,1.7091,1.7091,1.3,,,4.5949,2.9401,2.536,0.0,,24149.312,7700.0,7700.0,212513.9456,67760.0,,,1.1
600150,中国船舶,船舶,上海,19980520,600150.SH,20020328,8.96,9.22,8.9,9.08,8.96,0.12,1.34,10692.11,9741.669,1.3886,1.3886,0.99,,,4.7411,3.0336,2.6167,0.0,,24149.312,7700.0,7700.0,219275.753,69916.0,,,1.1
600150,中国船舶,船舶,上海,19980520,600150.SH,20020327,8.99,9.04,8.75,8.96,9.02,-0.06,-0.67,11089.48,9844.03,1.4402,1.4402,0.8,,,4.6784,2.9936,2.5822,0.0,,24149.312,7700.0,7700.0,216377.8355,68992.0,,,1.1
600150,中国船舶,船舶,上海,19980520,600150.SH,20020326,9.15,9.16,8.98,9.02,9.15,-0.13,-1.42,8979.99,8117.072,1.1662,1.1662,0.53,,,4.7098,3.0136,2.5995,0.0,,24149.312,7700.0,7700.0,217826.7942,69454.0,,,1.1
600150,中国船舶,船舶,上海,19980520,600150.SH,20020325,9.0,9.2,8.98,9.15,9.06,0.09,0.99,7868.14,7170.247,1.0218,1.0218,0.36,,,4.7776,3.057,2.6369,0.0,,24149.312,7700.0,7700.0,220966.2048,70455.0,,,1.1
600150,中国船舶,船舶,上海,19980520,600150.SH,20020322,9.13,9.15,9.0,9.06,9.14,-0.08,-0.88,12118.45,10978.303,1.5738,1.5738,0.54,,,4.7306,3.027,2.611,0.0,,24149.312,7700.0,7700.0,218792.7667,69762.0,,,1.1
600150,中国船舶,船舶,上海,19980520,600150.SH,20020321,9.27,9.27,9.05,9.14,9.22,-0.08,-0.87,13878.11,12657.62,1.8024,1.8024,0.61,,,4.7724,3.0537,2.634,0.0,,24149.312,7700.0,7700.0,220724.7117,70378.0,,,1.1
600150,中国船舶,船舶,上海,19980520,600150.SH,20020320,9.07,9.28,9.06,9.22,9.0,0.22,2.44,26896.27,24715.334,3.493,3.493,1.27,,,4.8142,3.0804,2.6571,0.0,,24149.312,7700.0,7700.0,222656.6566,70994.0,,,1.1
600150,中国船舶,船舶,上海,19980520,600150.SH,20020319,8.8,9.05,8.8,9.0,8.8,0.2,2.27,23492.2,21023.212,3.0509,3.0509,1.13,,,4.6993,3.0069,2.5937,0.0,,24149.312,7700.0,7700.0,217343.808,69300.0,,,1.1
600150,中国船舶,船舶,上海,19980520,600150.SH,20020318,8.56,8.8,8.5,8.8,8.38,0.42,5.01,34219.9,29928.656,4.4441,4.4441,1.93,,,4.5949,2.9401,2.536,0.0,,24149.312,7700.0,7700.0,212513.9456,67760.0,,,1.1
600150,中国船舶,船舶,上海,19980520,600150.SH,20020315,8.73,8.83,8.36,8.38,8.71,-0.33,-3.79,14000.0,12112.429,1.8182,1.8182,0.73,,,4.3756,2.7998,2.415,0.0,,24149.312,7700.0,7700.0,202371.2346,64526.0,,,1.1
600150,中国船舶,船舶,上海,19980520,600150.SH,20020314,8.36,8.72,8.36,8.71,8.42,0.29,3.44,14807.91,12660.899,1.9231,1.9231,0.76,,,4.5479,2.91,2.5101,0.0,,24149.312,7700.0,7700.0,210340.5075,67067.0,,,1.1
600150,中国船舶,船舶,上海,19980520,600150.SH,20020313,8.45,8.8,8.4,8.42,8.53,-0.11,-1.29,19584.14,16785.624,2.5434,2.5434,0.98,,,4.3965,2.8131,2.4265,0.0,,24149.312,7700.0,7700.0,203337.207,64834.0,,,1.1
600150,中国船舶,船舶,上海,19980520,600150.SH,20020312,8.68,8.8,8.52,8.53,8.68,-0.15,-1.73,20968.9,18158.834,2.7232,2.7232,1.15,,,4.4539,2.8499,2.4582,0.0,,24149.312,7700.0,7700.0,205993.6314,65681.0,,,1.1
600150,中国船舶,船舶,上海,19980520,600150.SH,20020311,8.35,8.76,8.32,8.68,8.36,0.32,3.83,19105.16,16427.146,2.4812,2.4812,1.18,,,4.5322,2.9,2.5015,0.0,,24149.312,7700.0,7700.0,209616.0282,66836.0,,,1.1
600150,中国船舶,船舶,上海,19980520,600150.SH,20020308,8.31,8.36,8.13,8.36,8.23,0.13,1.58,20822.07,17194.002,2.7042,2.7042,1.47,,,4.3651,2.7931,2.4092,0.0,,24149.312,7700.0,7700.0,201888.2483,64372.0,,,1.1
600150,中国船舶,船舶,上海,19980520,600150.SH,20020307,7.9,8.24,7.9,8.23,7.98,0.25,3.13,16932.27,13706.032,2.199,2.199,1.29,,,4.2973,2.7497,2.3718,0.0,,24149.312,7700.0,7700.0,198748.8378,63371.0,,,1.1
600150,中国船舶,船舶,上海,19980520,600150.SH,20020306,7.76,8.05,7.75,7.98,7.76,0.22,2.84,22012.7,17414.035,2.8588,2.8588,2.15,,,4.1667,2.6661,2.2997,0.0,,24149.312,7700.0,7700.0,192711.5098,61446.0,,,1.1
600150,中国船舶,船舶,上海,19980520,600150.SH,20020305,7.62,7.84,7.55,7.76,7.61,0.15,1.97,11926.91,9221.181,1.5489,1.5489,1.24,,,4.0519,2.5926,2.2363,0.0,,24149.312,7700.0,7700.0,187398.6611,59752.0,,,1.1
600150,中国船舶,船舶,上海,19980520,600150.SH,20020304,7.31,7.63,7.28,7.61,7.37,0.24,3.26,9101.78,6825.522,1.182,1.182,1.0,,,3.9735,2.5425,2.1931,0.0,,24149.312,7700.0,7700.0,183776.2643,58597.0,,,1.1
600150,中国船舶,船舶,上海,19980520,600150.SH,20020301,7.61,7.69,7.35,7.37,7.66,-0.29,-3.79,10736.34,8024.414,1.3943,1.3943,1.15,,,3.8482,2.4623,2.1239,0.0,,24149.312,7700.0,7700.0,177980.4294,56749.0,,,1.1
600150,中国船舶,船舶,上海,19980520,600150.SH,20020228,7.59,7.85,7.55,7.66,7.58,0.08,1.06,11812.05,9071.556,1.534,1.534,1.35,,,3.9996,2.5592,2.2075,0.0,,24149.312,7700.0,7700.0,184983.7299,58982.0,,,1.1
600150,中国船舶,船舶,上海,19980520,600150.SH,20020227,7.53,7.63,7.46,7.58,7.53,0.05,0.66,7648.5,5796.367,0.9933,0.9933,0.8,,,3.9579,2.5325,2.1845,0.0,,24149.312,7700.0,7700.0,183051.785,58366.0,,,1.1
600150,中国船舶,船舶,上海,19980520,600150.SH,20020226,7.4,7.56,7.38,7.53,7.41,0.12,1.62,8709.62,6517.07,1.1311,1.1311,0.87,,,3.9318,2.5158,2.1701,0.0,,24149.312,7700.0,7700.0,181844.3194,57981.0,,,1.1
600150,中国船舶,船舶,上海,19980520,600150.SH,20020225,7.52,7.55,7.35,7.41,7.3,0.11,1.51,6798.99,5054.782,0.883,0.883,0.63,,,3.8691,2.4757,2.1355,0.0,,24149.312,7700.0,7700.0,178946.4019,57057.0,,,1.1
600150,中国船舶,船舶,上海,19980520,600150.SH,20020208,7.3,7.5,7.3,7.3,7.24,0.06,0.83,11537.87,8527.436,1.4984,1.4984,0.98,,,3.8117,2.4389,2.1038,0.0,,24149.312,7700.0,7700.0,176289.9776,56210.0,,,1.1
600150,中国船舶,船舶,上海,19980520,600150.SH,20020207,7.0,7.28,6.98,7.24,7.02,0.22,3.13,9104.02,6555.048,1.1823,1.1823,0.62,,,3.7803,2.4189,2.0865,0.0,,24149.312,7700.0,7700.0,174841.0189,55748.0,,,1.1
600150,中国船舶,船舶,上海,19980520,600150.SH,20020206,7.36,7.44,7.02,7.02,7.36,-0.34,-4.62,11694.23,8363.214,1.5187,1.5187,0.85,,,3.6655,2.3454,2.0231,0.0,,24149.312,7700.0,7700.0,169528.1702,54054.0,,,1.1
600150,中国船舶,船舶,上海,19980520,600150.SH,20020205,7.35,7.45,7.26,7.36,7.35,0.01,0.14,10974.18,8062.006,1.4252,1.4252,0.76,,,3.843,2.459,2.1211,0.0,,24149.312,7700.0,7700.0,177738.9363,56672.0,,,1.1
600150,中国船舶,船舶,上海,19980520,600150.SH,20020204,7.12,7.4,7.1,7.35,7.12,0.23,3.23,10743.72,7811.832,1.3953,1.3953,0.73,,,3.8378,2.4557,2.1182,0.0,,24149.312,7700.0,7700.0,177497.4432,56595.0,,,1.1
600150,中国船舶,船舶,上海,19980520,600150.SH,20020201,7.16,7.32,7.09,7.12,7.04,0.08,1.14,16560.97,11889.409,2.1508,2.1508,1.15,,,3.7177,2.3788,2.0519,0.0,,24149.312,7700.0,7700.0,171943.1014,54824.0,,,1.1
600150,中国船舶,船舶,上海,19980520,600150.SH,20020131,6.8,7.04,6.76,7.04,6.7,0.34,5.07,22912.65,15994.984,2.9757,2.9757,1.5,,,3.6759,2.3521,2.0288,0.0,,24149.312,7700.0,7700.0,170011.1565,54208.0,,,1.1
600150,中国船舶,船舶,上海,19980520,600150.SH,20020130,6.58,6.84,6.5,6.7,6.6,0.1,1.52,7932.82,5283.751,1.0302,1.0302,0.4,,,3.4984,2.2385,1.9309,0.0,,24149.312,7700.0,7700.0,161800.3904,51590.0,,,1.1
600150,中国船舶,船舶,上海,19980520,600150.SH,20020129,6.18,6.65,6.18,6.6,6.5,0.1,1.54,13866.77,8914.75,1.8009,1.8009,0.77,,,3.4462,2.2051,1.902,0.0,,24149.312,7700.0,7700.0,159385.4592,50820.0,,,1.1
600150,中国船舶,船舶,上海,19980520,600150.SH,20020128,6.9,6.95,6.5,6.5,6.84,-0.34,-4.97,11947.0,7962.214,1.5516,1.5516,0.72,,,3.394,2.1717,1.8732,0.0,,24149.312,7700.0,7700.0,156970.528,50050.0,,,1.1
600150,中国船舶,船舶,上海,19980520,600150.SH,20020125,6.48,6.92,6.48,6.84,6.66,0.18,2.7,15415.13,10524.017,2.002,2.002,0.97,,,3.5715,2.2853,1.9712,0.0,,24149.312,7700.0,7700.0,165181.2941,52668.0,,,1.1
600150,中国船舶,船舶,上海,19980520,600150.SH,20020124,6.47,6.83,6.19,6.66,6.5,0.16,2.46,27406.92,18125.648,3.5593,3.5593,2.36,,,3.4775,2.2251,1.9193,0.0,,24149.312,7700.0,7700.0,160834.4179,51282.0,,,1.1
600150,中国船舶,船舶,上海,19980520,600150.SH,20020123,5.88,6.5,5.88,6.5,6.19,0.31,5.01,31404.52,19120.718,4.0785,4.0785,3.94,,,3.394,2.1717,1.8732,0.0,,24149.312,7700.0,7700.0,156970.528,50050.0,,,1.1
600150,中国船舶,船舶,上海,19980520,600150.SH,20020122,6.4,6.6,6.19,6.19,6.52,-0.33,-5.06,3759.0,2340.793,0.4882,0.4882,0.41,,,3.2321,2.0681,1.7839,0.0,,24149.312,7700.0,7700.0,149484.2413,47663.0,,,1.1
600150,中国船舶,船舶,上海,19980520,600150.SH,20020121,6.53,6.7,6.52,6.52,6.86,-0.34,-4.96,5241.11,3433.865,0.6807,0.6807,0.54,,,3.4044,2.1783,1.879,0.0,,24149.312,7700.0,7700.0,157453.5142,50204.0,,,1.1
600150,中国船舶,船舶,上海,19980520,600150.SH,20020118,6.88,7.18,6.86,6.86,7.22,-0.36,-4.99,11777.29,8155.648,1.5295,1.5295,1.44,,,3.5819,2.2919,1.977,0.0,,24149.312,7700.0,7700.0,165664.2803,52822.0,,,1.1
600150,中国船舶,船舶,上海,19980520,600150.SH,20020117,7.7,7.7,7.22,7.22,7.6,-0.38,-5.0,5861.6,4341.119,0.7612,0.7612,0.7,,,3.7699,2.4122,2.0807,0.0,,24149.312,7700.0,7700.0,174358.0326,55594.0,,,1.1
600150,中国船舶,船舶,上海,19980520,600150.SH,20020116,7.8,7.97,7.47,7.6,7.86,-0.26,-3.31,13240.1,10016.041,1.7195,1.7195,2.04,,,3.9683,2.5392,2.1902,0.0,,24149.312,7700.0,7700.0,183534.7712,58520.0,,,1.1
600150,中国船舶,船舶,上海,19980520,600150.SH,20020115,8.2,8.2,7.86,7.86,8.27,-0.41,-4.96,9983.8,7912.606,1.2966,1.2966,1.94,,,4.1041,2.626,2.2652,0.0,,24149.312,7700.0,7700.0,189813.5923,60522.0,,,1.1
600150,中国船舶,船舶,上海,19980520,600150.SH,20020114,8.5,8.53,8.27,8.27,8.7,-0.43,-4.94,7810.0,6541.349,1.0143,1.0143,1.31,,,4.3181,2.763,2.3833,0.0,,24149.312,7700.0,7700.0,199714.8102,63679.0,,,1.1
600150,中国船舶,船舶,上海,19980520,600150.SH,20020111,9.04,9.04,8.7,8.7,9.04,-0.34,-3.76,3928.0,3448.835,0.5101,0.5101,0.65,,,4.5427,2.9067,2.5072,0.0,,24149.312,7700.0,7700.0,210099.0144,66990.0,,,1.1
600150,中国船舶,船舶,上海,19980520,600150.SH,20020110,9.1,9.13,8.65,9.04,9.1,-0.06,-0.66,6866.11,6117.492,0.8917,0.8917,1.25,,,4.7202,3.0203,2.6052,0.0,,24149.312,7700.0,7700.0,218309.7805,69608.0,,,1.1
600150,中国船舶,船舶,上海,19980520,600150.SH,20020109,9.13,9.26,9.05,9.1,9.18,-0.08,-0.87,3824.69,3492.203,0.4967,0.4967,0.68,,,4.7515,3.0403,2.6225,0.0,,24149.312,7700.0,7700.0,219758.7392,70070.0,,,1.1
600150,中国船舶,船舶,上海,19980520,600150.SH,20020108,9.3,9.31,9.15,9.18,9.3,-0.12,-1.29,3355.94,3093.231,0.4358,0.4358,0.53,,,4.7933,3.0671,2.6456,0.0,,24149.312,7700.0,7700.0,221690.6842,70686.0,,,1.1
600150,中国船舶,船舶,上海,19980520,600150.SH,20020107,9.1,9.33,9.1,9.3,9.08,0.22,2.42,11849.98,10954.968,1.539,1.539,2.38,,,4.856,3.1072,2.6801,0.0,,24149.312,7700.0,7700.0,224588.6016,71610.0,,,1.1
600150,中国船舶,船舶,上海,19980520,600150.SH,20020104,9.0,9.2,8.9,9.08,9.0,0.08,0.89,4549.2,4113.666,0.5908,0.5908,0.93,,,4.7411,3.0336,2.6167,0.0,,24149.312,7700.0,7700.0,219275.753,69916.0,,,1.1
600150,中国船舶,船舶,上海,19980520,600150.SH,20011231,9.1,9.25,8.99,9.0,9.1,-0.1,-1.1,3981.1,3620.243,0.517,0.517,0.76,,,4.6993,3.0069,2.5937,0.0,,24149.312,7700.0,7700.0,217343.808,69300.0,,,1.1
600150,中国船舶,船舶,上海,19980520,600150.SH,20011228,9.2,9.34,9.09,9.1,9.08,0.02,0.22,4447.92,4101.156,0.5777,0.5777,0.91,,,4.7515,3.0403,2.6225,0.0,,24149.312,7700.0,7700.0,219758.7392,70070.0,,,1.1
600150,中国船舶,船舶,上海,19980520,600150.SH,20011227,9.12,9.27,9.05,9.08,9.06,0.02,0.22,6888.75,6306.477,0.8946,0.8946,1.62,,,4.7411,3.0336,2.6167,0.0,,24149.312,7700.0,7700.0,219275.753,69916.0,,,1.1
600150,中国船舶,船舶,上海,19980520,600150.SH,20011226,8.85,9.08,8.85,9.06,8.86,0.2,2.26,4992.45,4499.199,0.6484,0.6484,1.34,,,4.7306,3.027,2.611,0.0,,24149.312,7700.0,7700.0,218792.7667,69762.0,,,1.1
600150,中国船舶,船舶,上海,19980520,600150.SH,20011225,8.7,8.88,8.55,8.86,8.72,0.14,1.61,4274.4,3727.499,0.5551,0.5551,1.26,,,4.6262,2.9601,2.5533,0.0,,24149.312,7700.0,7700.0,213962.9043,68222.0,,,1.1
600150,中国船舶,船舶,上海,19980520,600150.SH,20011224,9.15,9.15,8.7,8.72,9.13,-0.41,-4.49,5551.93,4917.467,0.721,0.721,1.81,,,4.5531,2.9134,2.513,0.0,,24149.312,7700.0,7700.0,210582.0006,67144.0,,,1.1
600150,中国船舶,船舶,上海,19980520,600150.SH,20011221,9.03,9.17,9.03,9.13,9.05,0.08,0.88,2724.47,2480.005,0.3538,0.3538,0.78,,,4.7672,3.0504,2.6312,0.0,,24149.312,7700.0,7700.0,220483.2186,70301.0,,,1.1
600150,中国船舶,船舶,上海,19980520,600150.SH,20011220,9.22,9.31,9.02,9.05,9.28,-0.23,-2.48,3685.92,3376.159,0.4787,0.4787,0.9,,,4.7254,3.0236,2.6081,0.0,,24149.312,7700.0,7700.0,218551.2736,69685.0,,,1.1
600150,中国船舶,船舶,上海,19980520,600150.SH,20011219,9.4,9.42,9.27,9.28,9.39,-0.11,-1.17,2432.0,2275.082,0.3158,0.3158,0.49,,,4.8455,3.1005,2.6744,0.0,,24149.312,7700.0,7700.0,224105.6154,71456.0,,,1.1
600150,中国船舶,船舶,上海,19980520,600150.SH,20011218,9.22,9.42,9.22,9.39,9.22,0.17,1.84,2623.05,2439.641,0.3407,0.3407,0.47,,,4.903,3.1372,2.7061,0.0,,24149.312,7700.0,7700.0,226762.0397,72303.0,,,1.1
600150,中国船舶,船舶,上海,19980520,600150.SH,20011217,9.09,9.49,9.09,9.22,9.09,0.13,1.43,3835.82,3575.389,0.4982,0.4982,0.56,,,4.8142,3.0804,2.6571,0.0,,24149.312,7700.0,7700.0,222656.6566,70994.0,,,1.1
600150,中国船舶,船舶,上海,19980520,600150.SH,20011214,9.03,9.3,9.0,9.09,9.11,-0.02,-0.22,4951.02,4529.07,0.643,0.643,0.65,,,4.7463,3.037,2.6196,0.0,,24149.312,7700.0,7700.0,219517.2461,69993.0,,,1.1
600150,中国船舶,船舶,上海,19980520,600150.SH,20011213,9.35,9.43,9.1,9.11,9.4,-0.29,-3.09,6614.0,6145.492,0.859,0.859,0.75,,,4.7568,3.0437,2.6254,0.0,,24149.312,7700.0,7700.0,220000.2323,70147.0,,,1.1
600150,中国船舶,船舶,上海,19980520,600150.SH,20011212,9.51,9.6,9.38,9.4,9.56,-0.16,-1.67,6716.53,6354.166,0.8723,0.8723,0.45,,,4.9082,3.1406,2.709,0.0,,24149.312,7700.0,7700.0,227003.5328,72380.0,,,1.1
600150,中国船舶,船舶,上海,19980520,600150.SH,20011211,9.56,9.62,9.48,9.56,9.55,0.01,0.1,5980.59,5712.267,0.7767,0.7767,0.39,,,4.9917,3.194,2.7551,0.0,,24149.312,7700.0,7700.0,230867.4227,73612.0,,,1.1
600150,中国船舶,船舶,上海,19980520,600150.SH,20011210,9.6,9.69,9.46,9.55,9.64,-0.09,-0.93,10272.09,9787.931,1.334,1.334,0.61,,,4.9865,3.1907,2.7522,0.0,,24149.312,7700.0,7700.0,230625.9296,73535.0,,,1.1
600150,中国船舶,船舶,上海,19980520,600150.SH,20011207,9.86,9.89,9.51,9.64,9.86,-0.22,-2.23,8486.0,8222.991,1.1021,1.1021,0.43,,,5.0335,3.2207,2.7781,0.0,,24149.312,7700.0,7700.0,232799.3677,74228.0,,,1.1
600150,中国船舶,船舶,上海,19980520,600150.SH,20011206,9.7,9.9,9.7,9.86,9.79,0.07,0.72,12562.71,12332.811,1.6315,1.6315,0.61,,,5.1484,3.2942,2.8415,0.0,,24149.312,7700.0,7700.0,238112.2163,75922.0,,,1.1
600150,中国船舶,船舶,上海,19980520,600150.SH,20011205,9.85,10.19,9.5,9.79,9.99,-0.2,-2.0,36848.0,36202.872,4.7855,4.7855,2.51,,,5.1118,3.2709,2.8214,0.0,,24149.312,7700.0,7700.0,236421.7645,75383.0,,,1.1
600150,中国船舶,船舶,上海,19980520,600150.SH,20011204,9.93,10.0,9.84,9.99,9.92,0.07,0.71,8982.88,8904.453,1.1666,1.1666,0.62,,,5.2162,3.3377,2.879,0.0,,24149.312,7700.0,7700.0,241251.6269,76923.0,,,1.1
600150,中国船舶,船舶,上海,19980520,600150.SH,20011203,9.97,10.08,9.86,9.92,9.9,0.02,0.2,17692.04,17630.975,2.2977,2.2977,1.44,,,5.1797,3.3143,2.8588,0.0,,24149.312,7700.0,7700.0,239561.175,76384.0,,,1.1
600150,中国船舶,船舶,上海,19980520,600150.SH,20011130,9.7,10.0,9.7,9.9,9.67,0.23,2.38,22649.19,22367.243,2.9415,2.9415,2.66,,,5.1692,3.3076,2.8531,0.0,,24149.312,7700.0,7700.0,239078.1888,76230.0,,,1.1
600150,中国船舶,船舶,上海,19980520,600150.SH,20011129,9.52,9.79,9.49,9.67,9.46,0.21,2.22,16148.42,15540.255,2.0972,2.0972,2.42,,,5.0492,3.2308,2.7868,0.0,,24149.312,7700.0,7700.0,233523.847,74459.0,,,1.1
600150,中国船舶,船舶,上海,19980520,600150.SH,20011128,9.44,9.56,9.43,9.46,9.44,0.02,0.21,7911.38,7504.279,1.0275,1.0275,1.35,,,4.9395,3.1606,2.7263,0.0,,24149.312,7700.0,7700.0,228452.4915,72842.0,,,1.1
600150,中国船舶,船舶,上海,19980520,600150.SH,20011127,9.35,9.53,9.33,9.44,9.37,0.07,0.75,8594.81,8109.471,1.1162,1.1162,1.5,,,4.9291,3.1539,2.7205,0.0,,24149.312,7700.0,7700.0,227969.5053,72688.0,,,1.1
600150,中国船舶,船舶,上海,19980520,600150.SH,20011126,9.25,9.38,9.18,9.37,9.2,0.17,1.85,6120.18,5685.787,0.7948,0.7948,1.17,,,4.8925,3.1305,2.7003,0.0,,24149.312,7700.0,7700.0,226279.0534,72149.0,,,1.1
600150,中国船舶,船舶,上海,19980520,600150.SH,20011123,9.26,9.35,9.16,9.2,9.26,-0.06,-0.65,3820.82,3533.164,0.4962,0.4962,0.6,,,4.8037,3.0737,2.6513,0.0,,24149.312,7700.0,7700.0,222173.6704,70840.0,,,1.1
600150,中国船舶,船舶,上海,19980520,600150.SH,20011122,9.22,9.26,9.13,9.26,9.19,0.07,0.76,6875.84,6321.569,0.893,0.893,1.31,,,4.8351,3.0938,2.6686,0.0,,24149.312,7700.0,7700.0,223622.6291,71302.0,,,1.1
600150,中国船舶,船舶,上海,19980520,600150.SH,20011121,9.23,9.29,9.11,9.19,9.22,-0.03,-0.33,3981.74,3665.72,0.5171,0.5171,0.84,,,4.7985,3.0704,2.6484,0.0,,24149.312,7700.0,7700.0,221932.1773,70763.0,,,1.1
600150,中国船舶,船舶,上海,19980520,600150.SH,20011120,9.21,9.28,9.17,9.22,9.19,0.03,0.33,7917.2,7303.84,1.0282,1.0282,2.16,,,4.8142,3.0804,2.6571,0.0,,24149.312,7700.0,7700.0,222656.6566,70994.0,,,1.1
600150,中国船舶,船舶,上海,19980520,600150.SH,20011119,8.89,9.2,8.89,9.19,8.93,0.26,2.91,3625.32,3289.83,0.4708,0.4708,1.05,,,4.7985,3.0704,2.6484,0.0,,24149.312,7700.0,7700.0,221932.1773,70763.0,,,1.1
600150,中国船舶,船舶,上海,19980520,600150.SH,20011116,9.24,9.24,8.91,8.93,8.8,0.13,1.48,9457.75,8610.123,1.2283,1.2283,4.15,,,4.6628,2.9835,2.5735,0.0,,24149.312,7700.0,7700.0,215653.3562,68761.0,,,1.1
600150,中国船舶,船舶,上海,19980520,600150.SH,20011115,8.7,8.82,8.7,8.8,8.72,0.08,0.92,1313.94,1148.647,0.1706,0.1706,0.41,,,4.5949,2.9401,2.536,0.0,,24149.312,7700.0,7700.0,212513.9456,67760.0,,,1.1
600150,中国船舶,船舶,上海,19980520,600150.SH,20011114,8.8,8.86,8.7,8.72,8.7,0.02,0.23,1267.2,1110.94,0.1646,0.1646,0.3,,,4.5531,2.9134,2.513,0.0,,24149.312,7700.0,7700.0,210582.0006,67144.0,,,1.1
600150,中国船舶,船舶,上海,19980520,600150.SH,20011113,8.78,8.84,8.6,8.7,8.91,-0.21,-2.36,2688.0,2338.324,0.3491,0.3491,0.65,,,4.5427,2.9067,2.5072,0.0,,24149.312,7700.0,7700.0,210099.0144,66990.0,,,1.1
600150,中国船舶,船舶,上海,19980520,600150.SH,20011112,8.96,9.0,8.76,8.91,8.97,-0.06,-0.67,2465.0,2200.431,0.3201,0.3201,0.58,,,4.6523,2.9769,2.5677,0.0,,24149.312,7700.0,7700.0,215170.3699,68607.0,,,1.1
600150,中国船舶,船舶,上海,19980520,600150.SH,20011109,8.82,9.03,8.71,8.97,8.8,0.17,1.93,3663.9,3259.979,0.4758,0.4758,0.86,,,4.6837,2.9969,2.585,0.0,,24149.312,7700.0,7700.0,216619.3286,69069.0,,,1.1
600150,中国船舶,船舶,上海,19980520,600150.SH,20011108,8.52,8.86,8.51,8.8,8.88,-0.08,-0.9,6129.89,5343.957,0.7961,0.7961,1.39,,,4.5949,2.9401,2.536,0.0,,24149.312,7700.0,7700.0,212513.9456,67760.0,,,1.1
600150,中国船舶,船舶,上海,19980520,600150.SH,20011107,9.31,9.35,8.88,8.88,9.35,-0.47,-5.03,6236.0,5615.028,0.8099,0.8099,1.48,,,4.6367,2.9668,2.5591,0.0,,24149.312,7700.0,7700.0,214445.8906,68376.0,,,1.1
600150,中国船舶,船舶,上海,19980520,600150.SH,20011106,9.29,9.46,9.29,9.35,9.32,0.03,0.32,2092.36,1958.509,0.2717,0.2717,0.26,,,4.8821,3.1239,2.6946,0.0,,24149.312,7700.0,7700.0,225796.0672,71995.0,,,1.1
600150,中国船舶,船舶,上海,19980520,600150.SH,20011105,9.35,9.39,9.22,9.32,9.31,0.01,0.11,3061.93,2842.352,0.3977,0.3977,0.3,,,4.8664,3.1138,2.6859,0.0,,24149.312,7700.0,7700.0,225071.5878,71764.0,,,1.1
600150,中国船舶,船舶,上海,19980520,600150.SH,20011102,9.45,9.52,9.25,9.31,9.51,-0.2,-2.1,3900.0,3654.471,0.5065,0.5065,0.37,,,4.8612,3.1105,2.683,0.0,,24149.312,7700.0,7700.0,224830.0947,71687.0,,,1.1
600150,中国船舶,船舶,上海,19980520,600150.SH,20011101,9.47,9.66,9.47,9.51,9.46,0.05,0.53,6700.62,6387.526,0.8702,0.8702,0.63,,,4.9656,3.1773,2.7407,0.0,,24149.312,7700.0,7700.0,229659.9571,73227.0,,,1.1
600150,中国船舶,船舶,上海,19980520,600150.SH,20011031,9.4,9.46,9.21,9.46,9.44,0.02,0.21,5350.03,4969.334,0.6948,0.6948,0.39,,,4.9395,3.1606,2.7263,0.0,,24149.312,7700.0,7700.0,228452.4915,72842.0,,,1.1
600150,中国船舶,船舶,上海,19980520,600150.SH,20011030,9.55,9.75,9.4,9.44,9.48,-0.04,-0.42,20618.65,19760.303,2.6777,2.6777,2.05,,,4.9291,3.1539,2.7205,0.0,,24149.312,7700.0,7700.0,227969.5053,72688.0,,,1.1
600150,中国船舶,船舶,上海,19980520,600150.SH,20011029,9.14,9.55,9.14,9.48,9.14,0.34,3.72,14194.98,13373.891,1.8435,1.8435,1.78,,,4.9499,3.1673,2.732,0.0,,24149.312,7700.0,7700.0,228935.4778,72996.0,,,1.1
600150,中国船舶,船舶,上海,19980520,600150.SH,20011026,8.85,9.19,8.82,9.14,8.9,0.24,2.7,5441.61,4897.039,0.7067,0.7067,0.65,,,4.7855,3.0537,2.634,0.0,,24149.312,7700.0,7700.0,220724.7117,70378.0,,,1.1
600150,中国船舶,船舶,上海,19980520,600150.SH,20011025,9.09,9.2,8.86,8.9,9.06,-0.16,-1.77,7886.39,7129.072,1.0242,1.0242,1.04,,,4.6598,2.9735,2.5649,0.0,,24149.312,7700.0,7700.0,214928.8768,68530.0,,,1.1
600150,中国船舶,船舶,上海,19980520,600150.SH,20011024,9.06,9.06,8.9,9.06,8.63,0.43,4.98,19589.83,17722.484,2.5441,2.5441,4.37,,,4.7436,3.027,2.611,0.0,,24149.312,7700.0,7700.0,218792.7667,69762.0,,,1.1
600150,中国船舶,船舶,上海,19980520,600150.SH,20011023,8.63,8.63,8.63,8.63,8.22,0.41,4.99,3177.39,2742.088,0.4126,0.4126,0.59,,,4.5185,2.8833,2.4871,0.0,,24149.312,7700.0,7700.0,208408.5626,66451.0,,,1.1
600150,中国船舶,船舶,上海,19980520,600150.SH,20011022,8.52,8.65,8.22,8.22,8.65,-0.43,-4.97,3842.92,3209.499,0.4991,0.4991,0.6,,,4.3038,2.7463,2.3689,0.0,,24149.312,7700.0,7700.0,198507.3446,63294.0,,,1.1
600150,中国船舶,船舶,上海,19980520,600150.SH,20011019,8.97,8.99,8.55,8.65,9.0,-0.35,-3.89,7315.45,6375.997,0.9501,0.9501,0.84,,,4.5289,2.89,2.4928,0.0,,24149.312,7700.0,7700.0,208891.5488,66605.0,,,1.1
600150,中国船舶,船舶,上海,19980520,600150.SH,20011018,9.1,9.16,8.91,9.0,9.08,-0.08,-0.88,4116.73,3715.896,0.5346,0.5346,0.45,,,4.7122,3.0069,2.5937,0.0,,24149.312,7700.0,7700.0,217343.808,69300.0,,,1.1
600150,中国船舶,船舶,上海,19980520,600150.SH,20011017,9.27,9.3,9.03,9.08,9.32,-0.24,-2.58,3969.96,3635.063,0.5156,0.5156,0.43,,,4.7541,3.0336,2.6167,0.0,,24149.312,7700.0,7700.0,219275.753,69916.0,,,1.1
600150,中国船舶,船舶,上海,19980520,600150.SH,20011016,9.4,9.57,9.25,9.32,9.4,-0.08,-0.85,7761.22,7282.972,1.008,1.008,0.91,,,4.8797,3.1138,2.6859,0.0,,24149.312,7700.0,7700.0,225071.5878,71764.0,,,1.1
600150,中国船舶,船舶,上海,19980520,600150.SH,20011015,9.42,9.5,9.21,9.4,9.34,0.06,0.64,9031.61,8471.74,1.1729,1.1729,1.23,,,4.9216,3.1406,2.709,0.0,,24149.312,7700.0,7700.0,227003.5328,72380.0,,,1.1
600150,中国船舶,船舶,上海,19980520,600150.SH,20011012,8.95,9.37,8.8,9.34,8.92,0.42,4.71,18686.38,17202.965,2.4268,2.4268,4.49,,,4.8902,3.1205,2.6917,0.0,,24149.312,7700.0,7700.0,225554.5741,71918.0,,,1.1
600150,中国船舶,船舶,上海,19980520,600150.SH,20011011,8.7,8.96,8.63,8.92,8.8,0.12,1.36,6153.4,5428.552,0.7991,0.7991,1.73,,,4.6703,2.9802,2.5706,0.0,,24149.312,7700.0,7700.0,215411.863,68684.0,,,1.1
600150,中国船舶,船舶,上海,19980520,600150.SH,20011010,8.96,8.96,8.68,8.8,8.9,-0.1,-1.12,4056.38,3578.491,0.5268,0.5268,1.07,,,4.6075,2.9401,2.536,0.0,,24149.312,7700.0,7700.0,212513.9456,67760.0,,,1.1
600150,中国船舶,船舶,上海,19980520,600150.SH,20011009,8.69,9.04,8.69,8.9,8.66,0.24,2.77,4633.55,4112.034,0.6018,0.6018,1.3,,,4.6598,2.9735,2.5649,0.0,,24149.312,7700.0,7700.0,214928.8768,68530.0,,,1.1
600150,中国船舶,船舶,上海,19980520,600150.SH,20011008,8.72,8.95,8.61,8.66,8.71,-0.05,-0.57,3326.4,2915.502,0.432,0.432,1.01,,,4.5342,2.8933,2.4957,0.0,,24149.312,7700.0,7700.0,209133.0419,66682.0,,,1.1
600150,中国船舶,船舶,上海,19980520,600150.SH,20010928,8.87,8.87,8.55,8.71,8.69,0.02,0.23,2657.95,2298.528,0.3452,0.3452,0.79,,,4.5604,2.91,2.5101,0.0,,24149.312,7700.0,7700.0,210340.5075,67067.0,,,1.1
600150,中国船舶,船舶,上海,19980520,600150.SH,20010927,8.51,8.84,8.51,8.69,8.63,0.06,0.7,3156.39,2743.572,0.4099,0.4099,0.61,,,4.5499,2.9033,2.5043,0.0,,24149.312,7700.0,7700.0,209857.5213,66913.0,,,1.1
600150,中国船舶,船舶,上海,19980520,600150.SH,20010926,8.95,9.1,8.55,8.63,8.97,-0.34,-3.79,5111.4,4463.201,0.6638,0.6638,0.99,,,4.5185,2.8833,2.4871,0.0,,24149.312,7700.0,7700.0,208408.5626,66451.0,,,1.1
600150,中国船舶,船舶,上海,19980520,600150.SH,20010925,9.25,9.3,8.95,8.97,9.18,-0.21,-2.29,3522.85,3186.784,0.4575,0.4575,0.61,,,4.6965,2.9969,2.585,0.0,,24149.312,7700.0,7700.0,216619.3286,69069.0,,,1.1
600150,中国船舶,船舶,上海,19980520,600150.SH,20010924,9.17,9.28,9.15,9.18,9.17,0.01,0.11,1971.45,1817.849,0.256,0.256,0.26,,,4.8064,3.0671,2.6456,0.0,,24149.312,7700.0,7700.0,221690.6842,70686.0,,,1.1
600150,中国船舶,船舶,上海,19980520,600150.SH,20010921,9.16,9.3,9.08,9.17,9.21,-0.04,-0.43,2994.16,2746.672,0.3889,0.3889,0.29,,,4.8012,3.0637,2.6427,0.0,,24149.312,7700.0,7700.0,221449.191,70609.0,,,1.1
600150,中国船舶,船舶,上海,19980520,600150.SH,20010920,9.25,9.44,8.86,9.21,9.3,-0.09,-0.97,12274.31,11168.49,1.5941,1.5941,1.35,,,4.8221,3.0771,2.6542,0.0,,24149.312,7700.0,7700.0,222415.1635,70917.0,,,1.1
600150,中国船舶,船舶,上海,19980520,600150.SH,20010919,9.42,9.43,9.12,9.3,9.39,-0.09,-0.96,5069.6,4677.681,0.6584,0.6584,0.54,,,4.8693,3.1072,2.6801,0.0,,24149.312,7700.0,7700.0,224588.6016,71610.0,,,1.1
600150,中国船舶,船舶,上海,19980520,600150.SH,20010918,9.13,9.6,9.13,9.39,9.19,0.2,2.18,6464.1,6078.346,0.8395,0.8395,0.75,,,4.9164,3.1372,2.7061,0.0,,24149.312,7700.0,7700.0,226762.0397,72303.0,,,1.1
600150,中国船舶,船舶,上海,19980520,600150.SH,20010917,9.52,9.58,9.12,9.19,9.31,-0.12,-1.29,11353.8,10568.333,1.4745,1.4745,1.6,,,4.8117,3.0704,2.6484,0.0,,24149.312,7700.0,7700.0,221932.1773,70763.0,,,1.1
600150,中国船舶,船舶,上海,19980520,600150.SH,20010914,9.8,9.87,9.31,9.31,9.8,-0.49,-5.0,15922.09,14960.362,2.0678,2.0678,3.2,,,4.8745,3.1105,2.683,0.0,,24149.312,7700.0,7700.0,224830.0947,71687.0,,,1.1
600150,中国船舶,船舶,上海,19980520,600150.SH,20010913,10.0,10.1,9.79,9.8,10.03,-0.23,-2.29,6577.28,6510.661,0.8542,0.8542,1.59,,,5.1311,3.2742,2.8242,0.0,,24149.312,7700.0,7700.0,236663.2576,75460.0,,,1.1
600150,中国船舶,船舶,上海,19980520,600150.SH,20010912,10.0,10.15,9.82,10.03,10.24,-0.21,-2.05,6627.01,6626.34,0.8607,0.8607,1.83,,,5.2515,3.351,2.8905,0.0,,24149.312,7700.0,7700.0,242217.5994,77231.0,,,1.1
600150,中国船舶,船舶,上海,19980520,600150.SH,20010911,10.3,10.3,10.15,10.24,10.25,-0.01,-0.1,2897.3,2966.86,0.3763,0.3763,0.72,,,5.3614,3.4212,2.951,0.0,,24149.312,7700.0,7700.0,247288.9549,78848.0,,,1.1
600150,中国船舶,船舶,上海,19980520,600150.SH,20010910,10.0,10.3,9.81,10.25,10.12,0.13,1.28,3489.53,3538.634,0.4532,0.4532,0.76,,,5.3667,3.4245,2.9539,0.0,,24149.312,7700.0,7700.0,247530.448,78925.0,,,1.1
600150,中国船舶,船舶,上海,19980520,600150.SH,20010907,10.29,10.54,10.12,10.12,10.29,-0.17,-1.65,5296.14,5462.554,0.6878,0.6878,1.22,,,5.2986,3.3811,2.9165,0.0,,24149.312,7700.0,7700.0,244391.0374,77924.0,,,1.1
600150,中国船舶,船舶,上海,19980520,600150.SH,20010906,10.31,10.4,10.26,10.29,10.31,-0.02,-0.19,2420.52,2495.766,0.3144,0.3144,0.55,,,5.3876,3.4379,2.9654,0.0,,24149.312,7700.0,7700.0,248496.4205,79233.0,,,1.1
600150,中国船舶,船舶,上海,19980520,600150.SH,20010905,10.28,10.47,10.28,10.31,10.27,0.04,0.39,3987.62,4136.074,0.5179,0.5179,0.81,,,5.3981,3.4446,2.9712,0.0,,24149.312,7700.0,7700.0,248979.4067,79387.0,,,1.1
600150,中国船舶,船舶,上海,19980520,600150.SH,20010904,10.08,10.28,10.0,10.27,10.08,0.19,1.88,4964.59,5048.037,0.6448,0.6448,0.97,,,5.3771,3.4312,2.9597,0.0,,24149.312,7700.0,7700.0,248013.4342,79079.0,,,1.1
600150,中国船舶,船舶,上海,19980520,600150.SH,20010903,10.3,10.4,10.05,10.08,10.34,-0.26,-2.51,6437.65,6580.86,0.8361,0.8361,1.21,,,5.2777,3.3678,2.9049,0.0,,24149.312,7700.0,7700.0,243425.065,77616.0,,,1.1
600150,中国船舶,船舶,上海,19980520,600150.SH,20010831,10.5,10.59,10.33,10.34,10.45,-0.11,-1.05,3926.0,4086.208,0.5099,0.5099,0.74,,,5.4138,3.4546,2.9799,0.0,,24149.312,7700.0,7700.0,249703.8861,79618.0,,,1.1
600150,中国船舶,船舶,上海,19980520,600150.SH,20010830,10.5,10.68,10.4,10.45,10.5,-0.05,-0.48,2736.49,2869.356,0.3554,0.3554,0.47,,,5.4714,3.4914,3.0116,0.0,,24149.312,7700.0,7700.0,252360.3104,80465.0,,,1.1
600150,中国船舶,船舶,上海,19980520,600150.SH,20010829,10.7,10.76,10.41,10.5,10.7,-0.2,-1.87,6523.31,6898.661,0.8472,0.8472,1.08,,,5.4976,3.5081,3.026,0.0,,24149.312,7700.0,7700.0,253567.776,80850.0,,,1.1
600150,中国船舶,船舶,上海,19980520,600150.SH,20010828,10.41,10.71,10.25,10.7,10.52,0.18,1.71,5968.88,6222.533,0.7752,0.7752,0.99,,,5.6023,3.5749,3.0836,0.0,,24149.312,7700.0,7700.0,258397.6384,82390.0,,,1.1
600150,中国船舶,船舶,上海,19980520,600150.SH,20010827,10.8,10.84,10.5,10.52,10.85,-0.33,-3.04,7474.0,7948.206,0.9706,0.9706,1.42,,,5.508,3.5148,3.0317,0.0,,24149.312,7700.0,7700.0,254050.7622,81004.0,,,1.1
600150,中国船舶,船舶,上海,19980520,600150.SH,20010824,11.06,11.19,10.81,10.85,11.04,-0.19,-1.72,3672.7,4041.411,0.477,0.477,0.67,,,5.6808,3.625,3.1268,0.0,,24149.312,7700.0,7700.0,262020.0352,83545.0,,,1.1
600150,中国船舶,船舶,上海,19980520,600150.SH,20010823,10.78,11.25,10.7,11.04,10.93,0.11,1.01,5686.68,6265.618,0.7385,0.7385,1.02,,,5.7803,3.6885,3.1816,0.0,,24149.312,7700.0,7700.0,266608.4045,85008.0,,,1.1
600150,中国船舶,船舶,上海,19980520,600150.SH,20010822,11.17,11.17,10.76,10.93,11.17,-0.24,-2.15,7297.67,7963.99,0.9477,0.9477,1.35,,,5.7227,3.6517,3.1499,0.0,,24149.312,7700.0,7700.0,263951.9802,84161.0,,,1.1
600150,中国船舶,船舶,上海,19980520,600150.SH,20010821,10.89,11.2,10.89,11.17,10.87,0.3,2.76,5916.66,6589.383,0.7684,0.7684,1.05,,,5.8484,3.7319,3.2191,0.0,,24149.312,7700.0,7700.0,269747.815,86009.0,,,1.1
600150,中国船舶,船舶,上海,19980520,600150.SH,20010820,10.85,10.95,10.7,10.87,10.84,0.03,0.28,3692.17,4002.176,0.4795,0.4795,0.62,,,5.6913,3.6317,3.1326,0.0,,24149.312,7700.0,7700.0,262503.0214,83699.0,,,1.1
600150,中国船舶,船舶,上海,19980520,600150.SH,20010817,10.9,11.04,10.8,10.84,10.92,-0.08,-0.73,4688.57,5112.903,0.6089,0.6089,0.64,,,5.6756,3.6217,3.124,0.0,,24149.312,7700.0,7700.0,261778.5421,83468.0,,,1.1
600150,中国船舶,船舶,上海,19980520,600150.SH,20010816,11.0,11.18,10.9,10.92,11.08,-0.16,-1.44,6295.62,6963.825,0.8176,0.8176,0.81,,,5.7175,3.6484,3.147,0.0,,24149.312,7700.0,7700.0,263710.487,84084.0,,,1.1
600150,中国船舶,船舶,上海,19980520,600150.SH,20010815,10.9,11.19,10.88,11.08,10.87,0.21,1.93,6458.4,7158.657,0.8388,0.8388,0.76,,,5.8012,3.7019,3.1931,0.0,,24149.312,7700.0,7700.0,267574.377,85316.0,,,1.1
600150,中国船舶,船舶,上海,19980520,600150.SH,20010814,11.12,11.15,10.76,10.87,11.1,-0.23,-2.07,6944.52,7593.859,0.9019,0.9019,0.76,,,5.6913,3.6317,3.1326,0.0,,24149.312,7700.0,7700.0,262503.0214,83699.0,,,1.1
600150,中国船舶,船舶,上海,19980520,600150.SH,20010813,11.05,11.18,10.92,11.1,11.05,0.05,0.45,5567.14,6169.515,0.723,0.723,0.53,,,5.8117,3.7085,3.1989,0.0,,24149.312,7700.0,7700.0,268057.3632,85470.0,,,1.1
600150,中国船舶,船舶,上海,19980520,600150.SH,20010810,11.05,11.28,10.95,11.05,11.04,0.01,0.09,11416.87,12696.456,1.4827,1.4827,1.25,,,5.7855,3.6918,3.1845,0.0,,24149.312,7700.0,7700.0,266849.8976,85085.0,,,1.1
600150,中国船舶,船舶,上海,19980520,600150.SH,20010809,10.79,11.1,10.76,11.04,10.82,0.22,2.03,8348.82,9173.384,1.0843,1.0843,0.79,,,5.7803,3.6885,3.1816,0.0,,24149.312,7700.0,7700.0,266608.4045,85008.0,,,1.1
600150,中国船舶,船舶,上海,19980520,600150.SH,20010808,10.67,11.02,10.62,10.82,10.69,0.13,1.22,10013.4,10874.504,1.3004,1.3004,0.79,,,5.6651,3.615,3.1182,0.0,,24149.312,7700.0,7700.0,261295.5558,83314.0,,,1.1
600150,中国船舶,船舶,上海,19980520,600150.SH,20010807,10.55,10.8,10.35,10.69,10.29,0.4,3.89,10047.31,10699.538,1.3048,1.3048,0.74,,,5.597,3.5716,3.0807,0.0,,24149.312,7700.0,7700.0,258156.1453,82313.0,,,1.1
600150,中国船舶,船舶,上海,19980520,600150.SH,20010806,10.79,10.79,10.29,10.29,10.83,-0.54,-4.99,12465.93,12949.903,1.619,1.619,0.88,,,5.3862,3.4379,3.4379,0.0,,24149.312,7700.0,7700.0,248496.4205,79233.0,,,1.1
600150,中国船舶,船舶,上海,19980520,600150.SH,20010803,10.75,10.98,10.63,10.83,10.81,0.02,0.19,4661.2,5058.284,0.6054,0.6054,0.3,,,5.6689,3.6183,3.6183,0.0,,24149.312,7700.0,7700.0,261537.049,83391.0,,,1.1
600150,中国船舶,船舶,上海,19980520,600150.SH,20010802,11.0,11.0,10.45,10.81,11.0,-0.19,-1.73,15392.52,16425.776,1.999,1.999,1.03,,,5.6584,3.6116,3.6116,0.0,,24149.312,7700.0,7700.0,261054.0627,83237.0,,,1.1
600150,中国船舶,船舶,上海,19980520,600150.SH,20010801,10.4,11.01,10.2,11.0,10.55,0.45,4.27,21044.05,22441.846,2.733,2.733,1.62,,,5.7579,3.6751,3.6751,0.0,,24149.312,7700.0,7700.0,265642.432,84700.0,,,1.1
600150,中国船舶,船舶,上海,19980520,600150.SH,20010731,10.89,11.0,10.55,10.55,11.11,-0.56,-5.04,14207.01,15210.306,1.8451,1.8451,1.05,,,5.5223,3.5248,3.5248,0.0,,24149.312,7700.0,7700.0,254775.2416,81235.0,,,1.1
600150,中国船舶,船舶,上海,19980520,600150.SH,20010730,11.6,11.64,11.11,11.11,11.69,-0.58,-4.96,15251.0,17175.906,1.9806,1.9806,1.02,,,5.8155,3.7119,3.7119,0.0,,24149.312,7700.0,7700.0,268298.8563,85547.0,,,1.1
600150,中国船舶,船舶,上海,19980520,600150.SH,20010727,12.0,12.05,11.65,11.69,11.97,-0.28,-2.34,10649.37,12570.296,1.383,1.383,0.66,,,6.1191,3.9057,3.9057,0.0,,24149.312,7700.0,7700.0,282305.4573,90013.0,,,1.1
600150,中国船舶,船舶,上海,19980520,600150.SH,20010726,12.1,12.24,11.92,11.97,12.15,-0.18,-1.48,13459.04,16157.451,1.7479,1.7479,0.6,,,6.2656,3.9992,3.9992,0.0,,24149.312,7700.0,7700.0,289067.2646,92169.0,,,1.1
600150,中国船舶,船舶,上海,19980520,600150.SH,20010725,12.3,12.5,12.14,12.15,12.36,-0.21,-1.7,11317.7,13908.462,1.4698,1.4698,0.51,,,6.3598,4.0593,4.0593,0.0,,24149.312,7700.0,7700.0,293414.1408,93555.0,,,1.1
600150,中国船舶,船舶,上海,19980520,600150.SH,20010724,12.66,12.7,12.23,12.36,12.65,-0.29,-2.29,16846.88,20984.337,2.1879,2.1879,0.74,,,6.4698,4.1295,4.1295,0.0,,24149.312,7700.0,7700.0,298485.4963,95172.0,,,1.1
600150,中国船舶,船舶,上海,19980520,600150.SH,20010723,12.57,12.72,12.34,12.65,12.43,0.22,1.77,22733.14,28702.374,2.9524,2.9524,1.06,,,6.6216,4.2264,4.2264,0.0,,24149.312,7700.0,7700.0,305488.7968,97405.0,,,1.1
600150,中国船舶,船舶,上海,19980520,600150.SH,20010720,12.49,12.55,12.3,12.43,12.49,-0.06,-0.48,16392.96,20325.055,2.129,2.129,0.84,,,6.5064,4.1529,4.1529,0.0,,24149.312,7700.0,7700.0,300175.9482,95711.0,,,1.1
600150,中国船舶,船舶,上海,19980520,600150.SH,20010719,12.25,12.7,12.25,12.49,12.22,0.27,2.21,44549.15,55712.309,5.7856,5.7856,3.55,,,6.5378,4.1729,4.1729,0.0,,24149.312,7700.0,7700.0,301624.9069,96173.0,,,1.1
600150,中国船舶,船舶,上海,19980520,600150.SH,20010718,12.0,12.25,11.88,12.22,12.09,0.13,1.08,11019.78,13301.034,1.4311,1.4311,0.78,,,6.3965,4.0827,4.0827,0.0,,24149.312,7700.0,7700.0,295104.5926,94094.0,,,1.1
600150,中国船舶,船舶,上海,19980520,600150.SH,20010717,12.1,12.4,11.93,12.09,12.24,-0.15,-1.23,19425.85,23654.635,2.5228,2.5228,1.61,,,6.3284,4.0393,4.0393,0.0,,24149.312,7700.0,7700.0,291965.1821,93093.0,,,1.1
600150,中国船舶,船舶,上海,19980520,600150.SH,20010716,12.1,12.4,11.85,12.24,12.01,0.23,1.92,16192.44,19767.152,2.1029,2.1029,1.53,,,6.4069,4.0894,4.0894,0.0,,24149.312,7700.0,7700.0,295587.5789,94248.0,,,1.1
600150,中国船舶,船舶,上海,19980520,600150.SH,20010713,12.01,12.2,11.99,12.01,11.99,0.02,0.17,6882.28,8307.59,0.8938,0.8938,0.65,,,6.2866,4.0126,4.0126,0.0,,24149.312,7700.0,7700.0,290033.2371,92477.0,,,1.1
600150,中国船舶,船舶,上海,19980520,600150.SH,20010712,12.08,12.26,11.88,11.99,12.07,-0.08,-0.66,9265.64,11168.235,1.2033,1.2033,0.96,,,6.2761,4.0059,4.0059,0.0,,24149.312,7700.0,7700.0,289550.2509,92323.0,,,1.1
600150,中国船舶,船舶,上海,19980520,600150.SH,20010711,12.0,12.33,11.98,12.07,12.0,0.07,0.58,19024.3,23142.581,2.4707,2.4707,2.98,,,6.318,4.0326,4.0326,0.0,,24149.312,7700.0,7700.0,291482.1958,92939.0,,,1.1
600150,中国船舶,船舶,上海,19980520,600150.SH,20010710,11.8,12.18,11.8,12.0,11.82,0.18,1.52,8976.55,10799.236,1.1658,1.1658,1.66,,,6.2813,4.0092,4.0092,0.0,,24149.312,7700.0,7700.0,289791.744,92400.0,,,1.1
600150,中国船舶,船舶,上海,19980520,600150.SH,20010709,11.38,11.94,11.38,11.82,11.38,0.44,3.87,8595.51,10086.712,1.1163,1.1163,1.75,,,6.1871,3.9491,3.9491,0.0,,24149.312,7700.0,7700.0,285444.8678,91014.0,,,1.1
600150,中国船舶,船舶,上海,19980520,600150.SH,20010706,11.58,11.58,11.35,11.38,11.6,-0.22,-1.9,7380.5,8447.852,0.9585,0.9585,1.62,,,5.9568,3.8021,3.8021,0.0,,24149.312,7700.0,7700.0,274819.1706,87626.0,,,1.1
600150,中国船舶,船舶,上海,19980520,600150.SH,20010705,11.77,11.77,11.53,11.6,11.77,-0.17,-1.44,4266.06,4967.465,0.554,0.554,0.81,,,6.0719,3.8756,3.8756,0.0,,24149.312,7700.0,7700.0,280132.0192,89320.0,,,1.1
600150,中国船舶,船舶,上海,19980520,600150.SH,20010704,11.75,11.8,11.7,11.77,11.75,0.02,0.17,2753.2,3234.698,0.3576,0.3576,0.45,,,6.1609,3.9324,3.9324,0.0,,24149.312,7700.0,7700.0,284237.4022,90629.0,,,1.1
600150,中国船舶,船舶,上海,19980520,600150.SH,20010703,11.69,11.8,11.66,11.75,11.7,0.05,0.43,4016.62,4711.821,0.5216,0.5216,0.54,,,6.1505,3.9257,3.9257,0.0,,24149.312,7700.0,7700.0,283754.416,90475.0,,,1.1
600150,中国船舶,船舶,上海,19980520,600150.SH,20010702,11.81,11.88,11.63,11.7,11.81,-0.11,-0.93,6128.69,7184.364,0.7959,0.7959,0.77,,,6.1243,3.909,3.909,0.0,,24149.312,7700.0,7700.0,282546.9504,90090.0,,,1.1
600150,中国船舶,船舶,上海,19980520,600150.SH,20010629,11.98,11.98,11.78,11.81,11.9,-0.09,-0.76,5677.8,6736.365,0.7374,0.7374,0.55,,,6.1819,3.9457,3.9457,0.0,,24149.312,7700.0,7700.0,285203.3747,90937.0,,,1.1
600150,中国船舶,船舶,上海,19980520,600150.SH,20010628,12.1,12.15,11.9,11.9,12.03,-0.13,-1.08,7886.47,9437.605,1.0242,1.0242,0.78,,,6.229,3.9758,3.9758,0.0,,24149.312,7700.0,7700.0,287376.8128,91630.0,,,1.1
600150,中国船舶,船舶,上海,19980520,600150.SH,20010627,11.93,12.13,11.88,12.03,11.93,0.1,0.84,6888.45,8253.809,0.8946,0.8946,0.67,,,6.297,4.0193,4.0193,0.0,,24149.312,7700.0,7700.0,290516.2234,92631.0,,,1.1
600150,中国船舶,船舶,上海,19980520,600150.SH,20010626,11.83,12.2,11.82,11.93,11.83,0.1,0.85,10791.09,12990.013,1.4014,1.4014,0.94,,,6.2447,3.9858,3.9858,0.0,,24149.312,7700.0,7700.0,288101.2922,91861.0,,,1.1
600150,中国船舶,船舶,上海,19980520,600150.SH,20010625,11.76,11.9,11.6,11.83,11.8,0.03,0.25,8712.75,10247.51,1.1315,1.1315,0.61,,,6.1923,3.9524,3.9524,0.0,,24149.312,7700.0,7700.0,285686.361,91091.0,,,1.1
600150,中国船舶,船舶,上海,19980520,600150.SH,20010622,11.4,11.96,11.34,11.8,11.39,0.41,3.6,17641.23,20840.836,2.2911,2.2911,1.26,,,6.1766,3.9424,3.9424,0.0,,24149.312,7700.0,7700.0,284961.8816,90860.0,,,1.1
600150,中国船舶,船舶,上海,19980520,600150.SH,20010621,11.3,11.4,11.25,11.39,11.28,0.11,0.98,6651.09,7523.796,0.8638,0.8638,0.44,,,5.962,3.8054,3.8054,0.0,,24149.312,7700.0,7700.0,275060.6637,87703.0,,,1.1
600150,中国船舶,船舶,上海,19980520,600150.SH,20010620,11.12,11.48,11.12,11.28,11.12,0.16,1.44,7639.73,8620.047,0.9922,0.9922,0.46,,,5.9044,3.7687,3.7687,0.0,,24149.312,7700.0,7700.0,272404.2394,86856.0,,,1.1
600150,中国船舶,船舶,上海,19980520,600150.SH,20010619,11.35,11.4,11.1,11.12,11.42,-0.3,-2.63,16971.78,19020.869,2.2041,2.2041,1.1,,,5.8207,3.7152,3.7152,0.0,,24149.312,7700.0,7700.0,268540.3494,85624.0,,,1.1
600150,中国船舶,船舶,上海,19980520,600150.SH,20010618,11.98,11.98,11.42,11.42,12.02,-0.6,-4.99,22939.86,26659.859,2.9792,2.9792,1.81,,,5.9777,3.8154,3.8154,0.0,,24149.312,7700.0,7700.0,275785.143,87934.0,,,1.1
600150,中国船舶,船舶,上海,19980520,600150.SH,20010615,11.97,12.15,11.83,12.02,12.0,0.02,0.17,16012.33,19157.61,2.0795,2.0795,1.23,,,6.2918,4.0159,4.0159,0.0,,24149.312,7700.0,7700.0,290274.7302,92554.0,,,1.1
600150,中国船舶,船舶,上海,19980520,600150.SH,20010614,12.4,12.45,12.0,12.0,12.4,-0.4,-3.23,11698.09,14230.742,1.5192,1.5192,0.69,,,6.2813,4.0092,4.0092,0.0,,24149.312,7700.0,7700.0,289791.744,92400.0,,,1.1
600150,中国船舶,船舶,上海,19980520,600150.SH,20010613,12.08,12.48,11.98,12.4,12.0,0.4,3.33,15036.79,18507.394,1.9528,1.9528,0.9,,,6.4907,4.1429,4.1429,0.0,,24149.312,7700.0,7700.0,299451.4688,95480.0,,,1.1
600150,中国船舶,船舶,上海,19980520,600150.SH,20010612,12.0,12.14,11.9,12.0,12.03,-0.03,-0.25,11348.41,13568.011,1.4738,1.4738,0.67,,,6.2813,4.0092,4.0092,0.0,,24149.312,7700.0,7700.0,289791.744,92400.0,,,1.1
600150,中国船舶,船舶,上海,19980520,600150.SH,20010611,12.23,12.27,12.0,12.03,12.13,-0.1,-0.82,9163.34,11029.878,1.19,1.19,0.49,,,6.297,4.0193,4.0193,0.0,,24149.312,7700.0,7700.0,290516.2234,92631.0,,,1.1
600150,中国船舶,船舶,上海,19980520,600150.SH,20010608,11.98,12.3,11.83,12.13,11.98,0.15,1.25,17735.86,21342.01,2.3034,2.3034,0.88,,,6.3494,4.0527,4.0527,0.0,,24149.312,7700.0,7700.0,292931.1546,93401.0,,,1.1
600150,中国船舶,船舶,上海,19980520,600150.SH,20010607,12.35,12.4,11.94,11.98,12.34,-0.36,-2.92,31221.58,37638.74,4.0548,4.0548,1.52,,,6.2709,4.0025,4.0025,0.0,,24149.312,7700.0,7700.0,289308.7578,92246.0,,,1.1
600150,中国船舶,船舶,上海,19980520,600150.SH,20010606,12.5,12.6,12.25,12.34,12.5,-0.16,-1.28,13726.18,16989.902,1.7826,1.7826,0.57,,,6.4593,4.1228,4.1228,0.0,,24149.312,7700.0,7700.0,298002.5101,95018.0,,,1.1
600150,中国船舶,船舶,上海,19980520,600150.SH,20010605,12.34,12.7,12.34,12.5,12.34,0.16,1.3,13423.78,16783.123,1.7433,1.7433,0.44,,,6.543,4.1763,4.1763,0.0,,24149.312,7700.0,7700.0,301866.4,96250.0,,,1.1
600150,中国船舶,船舶,上海,19980520,600150.SH,20010604,12.4,12.6,12.21,12.34,12.43,-0.09,-0.72,16474.19,20394.212,2.1395,2.1395,0.44,,,6.4593,4.1228,4.1228,0.0,,24149.312,7700.0,7700.0,298002.5101,95018.0,,,1.1
600150,中国船舶,船舶,上海,19980520,600150.SH,20010601,12.65,12.79,12.35,12.43,12.65,-0.22,-1.74,25916.32,32472.939,3.3658,3.3658,0.56,,,6.5064,4.1529,4.1529,0.0,,24149.312,7700.0,7700.0,300175.9482,95711.0,,,1.1
600150,中国船舶,船舶,上海,19980520,600150.SH,20010531,12.1,12.71,12.0,12.65,12.1,0.55,4.55,33265.51,41559.63,4.3202,4.3202,0.56,,,6.6216,4.2264,4.2264,0.0,,24149.312,7700.0,7700.0,305488.7968,97405.0,,,1.1
600150,中国船舶,船舶,上海,19980520,600150.SH,20010530,12.0,12.28,11.82,12.1,12.05,0.05,0.41,32084.77,38768.868,4.1669,4.1669,0.57,,,6.3337,4.0426,4.0426,0.0,,24149.312,7700.0,7700.0,292206.6752,93170.0,,,1.1
600150,中国船舶,船舶,上海,19980520,600150.SH,20010529,12.5,12.63,12.0,12.05,12.62,-0.57,-4.52,44888.95,55097.087,5.8297,5.8297,0.92,,,6.3075,4.0259,4.0259,0.0,,24149.312,7700.0,7700.0,290999.2096,92785.0,,,1.1
600150,中国船舶,船舶,上海,19980520,600150.SH,20010528,12.5,12.78,12.33,12.62,12.5,0.12,0.96,51074.75,64153.361,6.6331,6.6331,1.19,,,6.6059,4.2164,4.2164,0.0,,24149.312,7700.0,7700.0,304764.3174,97174.0,,,1.1
600150,中国船舶,船舶,上海,19980520,600150.SH,20010525,11.88,12.5,11.71,12.5,11.9,0.6,5.04,70282.05,86383.056,9.1275,9.1275,2.18,,,6.543,4.1763,4.1763,0.0,,24149.312,7700.0,7700.0,301866.4,96250.0,,,1.1
600150,中国船舶,船舶,上海,19980520,600150.SH,20010524,12.18,12.2,11.7,11.9,11.63,0.27,2.32,96519.23,115201.604,12.535,12.535,5.4,,,6.229,3.9758,3.9758,0.0,,24149.312,7700.0,7700.0,287376.8128,91630.0,,,1.1
600150,中国船舶,船舶,上海,19980520,600150.SH,20010523,11.63,11.63,11.63,11.63,11.08,0.55,4.96,18324.0,21310.812,2.3797,2.3797,0.91,,,6.0876,3.8856,3.8856,0.0,,24149.312,7700.0,7700.0,280856.4986,89551.0,,,1.1
600150,中国船舶,船舶,上海,19980520,600150.SH,20010522,10.79,11.08,10.79,11.08,10.55,0.53,5.02,7969.69,8819.074,1.035,1.035,0.28,,,5.7998,3.7019,3.7019,0.0,,24149.312,7700.0,7700.0,267574.377,85316.0,,,1.1
600150,中国船舶,船舶,上海,19980520,600150.SH,20010517,10.73,10.75,10.5,10.55,10.71,-0.16,-1.49,21599.96,22879.964,2.8052,2.8052,0.7,,,5.5223,3.5248,3.5248,0.0,,24149.312,7700.0,7700.0,254775.2416,81235.0,,,1.1
600150,中国船舶,船舶,上海,19980520,600150.SH,20010516,10.82,10.85,10.66,10.71,10.82,-0.11,-1.02,16581.89,17810.635,2.1535,2.1535,0.45,,,5.6061,3.5782,3.5782,0.0,,24149.312,7700.0,7700.0,258639.1315,82467.0,,,1.1
600150,中国船舶,船舶,上海,19980520,600150.SH,20010515,10.8,10.86,10.6,10.82,10.8,0.02,0.19,24894.77,26692.39,3.2331,3.2331,0.71,,,5.6637,3.615,3.615,0.0,,24149.312,7700.0,7700.0,261295.5558,83314.0,,,1.1
600150,中国船舶,船舶,上海,19980520,600150.SH,20010514,10.8,10.92,10.7,10.8,10.72,0.08,0.75,29828.36,32204.398,3.8738,3.8738,0.98,,,5.6532,3.6083,3.6083,0.0,,24149.312,7700.0,7700.0,260812.5696,83160.0,,,1.1
600150,中国船舶,船舶,上海,19980520,600150.SH,20010511,10.3,10.82,10.3,10.72,10.3,0.42,4.08,51000.52,54491.06,6.6234,6.6234,2.27,,,5.6113,3.5816,3.5816,0.0,,24149.312,7700.0,7700.0,258880.6246,82544.0,,,1.1
600150,中国船舶,船舶,上海,19980520,600150.SH,20010510,10.3,10.48,10.3,10.3,10.28,0.02,0.19,31542.14,32778.099,4.0964,4.0964,1.72,,,5.3915,3.4413,3.4413,0.0,,24149.312,7700.0,7700.0,248737.9136,79310.0,,,1.1
600150,中国船舶,船舶,上海,19980520,600150.SH,20010509,9.99,10.39,9.89,10.28,9.9,0.38,3.84,45606.71,46643.966,5.9229,5.9229,3.5,,,5.381,3.4346,3.4346,0.0,,24149.312,7700.0,7700.0,248254.9274,79156.0,,,1.1
600150,中国船舶,船舶,上海,19980520,600150.SH,20010508,9.66,9.98,9.56,9.9,9.63,0.27,2.8,16681.84,16427.884,2.1665,2.1665,1.13,,,5.1821,3.3076,3.3076,0.0,,24149.312,7700.0,7700.0,239078.1888,76230.0,,,1.1
600150,中国船舶,船舶,上海,19980520,600150.SH,20010430,9.68,9.8,9.6,9.63,9.65,-0.02,-0.21,8051.6,7813.822,1.0457,1.0457,0.41,,,5.0408,3.2174,3.2174,0.0,,24149.312,7700.0,7700.0,232557.8746,74151.0,,,1.1
600150,中国船舶,船舶,上海,19980520,600150.SH,20010427,9.55,9.75,9.55,9.65,9.46,0.19,2.01,10262.55,9904.971,1.3328,1.3328,0.41,,,5.0512,3.2241,3.2241,0.0,,24149.312,7700.0,7700.0,233040.8608,74305.0,,,1.1
600150,中国船舶,船舶,上海,19980520,600150.SH,20010426,9.44,9.64,9.44,9.46,9.52,-0.06,-0.63,10960.9,10435.166,1.4235,1.4235,0.42,,,4.9518,3.1606,3.1606,0.0,,24149.312,7700.0,7700.0,228452.4915,72842.0,,,1.1
600150,中国船舶,船舶,上海,19980520,600150.SH,20010425,9.89,9.9,9.5,9.52,9.89,-0.37,-3.74,19164.5,18602.103,2.4889,2.4889,0.8,,,4.9832,3.1807,3.1807,0.0,,24149.312,7700.0,7700.0,229901.4502,73304.0,,,1.1
600150,中国船舶,船舶,上海,19980520,600150.SH,20010424,9.88,9.98,9.7,9.89,9.88,0.01,0.1,25246.71,24863.131,3.2788,3.2788,1.16,,,5.1769,3.3043,3.3043,0.0,,24149.312,7700.0,7700.0,238836.6957,76153.0,,,1.1
600150,中国船舶,船舶,上海,19980520,600150.SH,20010423,9.5,9.89,9.5,9.88,9.47,0.41,4.33,32430.55,31602.136,4.2118,4.2118,1.79,,,5.1716,3.3009,3.3009,0.0,,24149.312,7700.0,7700.0,238595.2026,76076.0,,,1.1
600150,中国船舶,船舶,上海,19980520,600150.SH,20010420,9.44,9.91,9.42,9.47,9.44,0.03,0.32,37237.62,36230.681,4.8361,4.8361,2.67,,,4.957,3.1639,3.1639,0.0,,24149.312,7700.0,7700.0,228693.9846,72919.0,,,1.1
600150,中国船舶,船舶,上海,19980520,600150.SH,20010419,9.33,9.44,9.23,9.44,9.34,0.1,1.07,15331.23,14338.294,1.9911,1.9911,0.89,,,4.9413,3.1539,3.1539,0.0,,24149.312,7700.0,7700.0,227969.5053,72688.0,,,1.1
600150,中国船舶,船舶,上海,19980520,600150.SH,20010418,9.37,9.53,9.3,9.34,9.42,-0.08,-0.85,9444.11,8872.189,1.2265,1.2265,0.29,,,4.889,3.1205,3.1205,0.0,,24149.312,7700.0,7700.0,225554.5741,71918.0,,,1.1
600150,中国船舶,船舶,上海,19980520,600150.SH,20010417,9.45,9.6,9.34,9.42,9.45,-0.03,-0.32,14211.49,13474.057,1.8456,1.8456,0.35,,,4.9308,3.1472,3.1472,0.0,,24149.312,7700.0,7700.0,227486.519,72534.0,,,1.1
600150,中国船舶,船舶,上海,19980520,600150.SH,20010416,9.41,9.48,9.32,9.45,9.4,0.05,0.53,14561.52,13667.398,1.8911,1.8911,0.37,,,4.9465,3.1573,3.1573,0.0,,24149.312,7700.0,7700.0,228210.9984,72765.0,,,1.1
600150,中国船舶,船舶,上海,19980520,600150.SH,20010413,9.31,9.45,9.3,9.4,9.35,0.05,0.53,16156.66,15126.398,2.0983,2.0983,0.44,,,4.9204,3.1406,3.1406,0.0,,24149.312,7700.0,7700.0,227003.5328,72380.0,,,1.1
600150,中国船舶,船舶,上海,19980520,600150.SH,20010412,9.53,9.62,9.23,9.35,9.53,-0.18,-1.89,32022.2,30182.961,4.1587,4.1587,1.03,,,4.8942,3.1239,3.1239,0.0,,24149.312,7700.0,7700.0,225796.0672,71995.0,,,1.1
600150,中国船舶,船舶,上海,19980520,600150.SH,20010411,9.65,9.8,9.4,9.53,9.58,-0.05,-0.52,86134.06,82675.208,11.1862,11.1862,5.76,,,4.9884,3.184,3.184,0.0,,24149.312,7700.0,7700.0,230142.9434,73381.0,,,1.1
600150,中国船舶,船舶,上海,19980520,600150.SH,20010409,9.0,9.58,8.95,9.58,8.71,0.87,9.99,55697.99,52825.957,7.2335,7.2335,10.73,,,4.747,4.2243,4.1502,,,24149.312,7700.0,7700.0,231350.409,73766.0,,,1.1
600150,中国船舶,船舶,上海,19980520,600150.SH,20010406,8.77,8.83,8.7,8.71,8.74,-0.03,-0.34,4356.35,3822.444,0.5658,0.5658,0.83,,,4.3159,3.8407,3.7733,,,24149.312,7700.0,7700.0,210340.5075,67067.0,,,1.1
600150,中国船舶,船舶,上海,19980520,600150.SH,20010405,8.6,8.77,8.59,8.74,8.62,0.12,1.39,4834.19,4185.595,0.6278,0.6278,0.91,,,4.3308,3.8539,3.7863,,,24149.312,7700.0,7700.0,211064.9869,67298.0,,,1.1
600150,中国船舶,船舶,上海,19980520,600150.SH,20010404,8.76,8.86,8.53,8.62,8.84,-0.22,-2.49,4699.26,4115.872,0.6103,0.6103,0.87,,,4.2713,3.801,3.7344,,,24149.312,7700.0,7700.0,208167.0694,66374.0,,,1.1
600150,中国船舶,船舶,上海,19980520,600150.SH,20010403,8.81,8.87,8.73,8.84,8.83,0.01,0.11,5200.0,4588.658,0.6753,0.6753,0.93,,,4.3804,3.898,3.8297,,,24149.312,7700.0,7700.0,213479.9181,68068.0,,,1.1
600150,中国船舶,船舶,上海,19980520,600150.SH,20010402,8.7,8.85,8.65,8.83,8.68,0.15,1.73,6876.02,6033.119,0.893,0.893,1.34,,,4.3754,3.8936,3.8253,,,24149.312,7700.0,7700.0,213238.425,67991.0,,,1.1
600150,中国船舶,船舶,上海,19980520,600150.SH,20010330,8.7,8.7,8.58,8.68,8.68,0.0,0.0,4704.5,4055.366,0.611,0.611,0.77,,,4.3011,3.8274,3.7604,,,24149.312,7700.0,7700.0,209616.0282,66836.0,,,1.1
600150,中国船舶,船舶,上海,19980520,600150.SH,20010329,8.69,8.73,8.6,8.68,8.67,0.01,0.12,5163.47,4468.01,0.6706,0.6706,0.83,,,4.3011,3.8274,3.7604,,,24149.312,7700.0,7700.0,209616.0282,66836.0,,,1.1
600150,中国船舶,船舶,上海,19980520,600150.SH,20010328,8.68,8.76,8.61,8.67,8.68,-0.01,-0.12,5154.15,4464.993,0.6694,0.6694,0.82,,,4.2961,3.823,3.756,,,24149.312,7700.0,7700.0,209374.535,66759.0,,,1.1
600150,中国船舶,船舶,上海,19980520,600150.SH,20010327,8.74,8.78,8.67,8.68,8.72,-0.04,-0.46,5926.02,5161.493,0.7696,0.7696,0.86,,,4.3011,3.8274,3.7604,,,24149.312,7700.0,7700.0,209616.0282,66836.0,,,1.1
600150,中国船舶,船舶,上海,19980520,600150.SH,20010326,8.55,8.75,8.55,8.72,8.54,0.18,2.11,4662.52,4043.814,0.6055,0.6055,0.64,,,4.3209,3.8451,3.7777,,,24149.312,7700.0,7700.0,210582.0006,67144.0,,,1.1
600150,中国船舶,船舶,上海,19980520,600150.SH,20010323,8.58,8.8,8.53,8.54,8.59,-0.05,-0.58,9559.9,8285.444,1.2415,1.2415,1.51,,,4.2317,3.7657,3.6997,,,24149.312,7700.0,7700.0,206235.1245,65758.0,,,1.1
600150,中国船舶,船舶,上海,19980520,600150.SH,20010322,8.61,8.65,8.56,8.59,8.61,-0.02,-0.23,5673.84,4876.377,0.7369,0.7369,0.91,,,4.2565,3.7877,3.7214,,,24149.312,7700.0,7700.0,207442.5901,66143.0,,,1.1
600150,中国船舶,船舶,上海,19980520,600150.SH,20010321,8.65,8.65,8.5,8.61,8.6,0.01,0.12,5492.74,4711.265,0.7133,0.7133,0.95,,,4.2664,3.7966,3.73,,,24149.312,7700.0,7700.0,207925.5763,66297.0,,,1.1
600150,中国船舶,船舶,上海,19980520,600150.SH,20010320,8.54,8.7,8.54,8.6,8.53,0.07,0.82,9180.4,7910.374,1.1923,1.1923,2.08,,,4.2614,3.7922,3.7257,,,24149.312,7700.0,7700.0,207684.0832,66220.0,,,1.1
600150,中国船舶,船舶,上海,19980520,600150.SH,20010319,8.3,8.53,8.23,8.53,8.3,0.23,2.77,6396.91,5387.553,0.8308,0.8308,1.56,,,4.2267,3.7613,3.6954,,,24149.312,7700.0,7700.0,205993.6314,65681.0,,,1.1
600150,中国船舶,船舶,上海,19980520,600150.SH,20010316,8.26,8.31,8.14,8.3,8.26,0.04,0.48,4856.17,3987.469,0.6307,0.6307,1.29,,,4.1128,3.6599,3.5957,,,24149.312,7700.0,7700.0,200439.2896,63910.0,,,1.1
600150,中国船舶,船舶,上海,19980520,600150.SH,20010315,8.19,8.3,8.18,8.26,8.2,0.06,0.73,5278.3,4359.193,0.6855,0.6855,1.7,,,4.093,3.6422,3.5784,,,24149.312,7700.0,7700.0,199473.3171,63602.0,,,1.1
600150,中国船舶,船舶,上海,19980520,600150.SH,20010314,8.1,8.24,8.01,8.2,8.12,0.08,0.99,3127.85,2548.421,0.4062,0.4062,0.79,,,4.0632,3.6158,3.5524,,,24149.312,7700.0,7700.0,198024.3584,63140.0,,,1.1
600150,中国船舶,船舶,上海,19980520,600150.SH,20010313,8.1,8.17,8.06,8.12,8.1,0.02,0.25,2455.43,1989.671,0.3189,0.3189,0.6,,,4.0236,3.5805,3.5177,,,24149.312,7700.0,7700.0,196092.4134,62524.0,,,1.1
600150,中国船舶,船舶,上海,19980520,600150.SH,20010312,8.23,8.24,8.05,8.1,8.2,-0.1,-1.22,4785.02,3879.577,0.6214,0.6214,1.25,,,4.0137,3.5717,3.5091,,,24149.312,7700.0,7700.0,195609.4272,62370.0,,,1.1
600150,中国船舶,船舶,上海,19980520,600150.SH,20010309,8.3,8.3,8.15,8.2,8.18,0.02,0.24,3113.6,2548.47,0.4044,0.4044,0.59,,,4.0632,3.6158,3.5524,,,24149.312,7700.0,7700.0,198024.3584,63140.0,,,1.1
600150,中国船舶,船舶,上海,19980520,600150.SH,20010308,8.19,8.2,8.12,8.18,8.18,0.0,0.0,2003.61,1634.86,0.2602,0.2602,0.36,,,4.0533,3.607,3.5437,,,24149.312,7700.0,7700.0,197541.3722,62986.0,,,1.1
600150,中国船舶,船舶,上海,19980520,600150.SH,20010307,8.21,8.39,8.12,8.18,8.25,-0.07,-0.85,7491.37,6183.547,0.9729,0.9729,1.66,,,4.0533,3.607,3.5437,,,24149.312,7700.0,7700.0,197541.3722,62986.0,,,1.1
600150,中国船舶,船舶,上海,19980520,600150.SH,20010306,8.15,8.33,8.12,8.25,8.16,0.09,1.1,2969.17,2427.893,0.3856,0.3856,0.63,,,4.088,3.6378,3.5741,,,24149.312,7700.0,7700.0,199231.824,63525.0,,,1.1
600150,中国船舶,船舶,上海,19980520,600150.SH,20010305,8.21,8.25,8.12,8.16,8.18,-0.02,-0.24,3610.29,2955.846,0.4689,0.4689,0.75,,,4.0434,3.5981,3.5351,,,24149.312,7700.0,7700.0,197058.3859,62832.0,,,1.1
600150,中国船舶,船舶,上海,19980520,600150.SH,20010302,7.98,8.35,7.98,8.18,7.96,0.22,2.76,10226.13,8347.404,1.3281,1.3281,2.41,,,4.0533,3.607,3.5437,,,24149.312,7700.0,7700.0,197541.3722,62986.0,,,1.1
600150,中国船舶,船舶,上海,19980520,600150.SH,20010301,7.86,7.98,7.83,7.96,7.85,0.11,1.4,3514.36,2777.614,0.4564,0.4564,0.63,,,3.9443,3.5099,3.4484,,,24149.312,7700.0,7700.0,192228.5235,61292.0,,,1.1
600150,中国船舶,船舶,上海,19980520,600150.SH,20010228,7.97,7.97,7.8,7.85,7.94,-0.09,-1.13,2299.95,1808.726,0.2987,0.2987,0.38,,,3.8898,3.4614,3.4008,,,24149.312,7700.0,7700.0,189572.0992,60445.0,,,1.1
600150,中国船舶,船舶,上海,19980520,600150.SH,20010227,7.8,7.98,7.75,7.94,7.79,0.15,1.93,4053.5,3187.615,0.5264,0.5264,0.67,,,3.9344,3.5011,3.4398,,,24149.312,7700.0,7700.0,191745.5373,61138.0,,,1.1
600150,中国船舶,船舶,上海,19980520,600150.SH,20010226,7.7,7.82,7.61,7.79,7.72,0.07,0.91,4093.9,3166.229,0.5317,0.5317,0.71,,,3.8601,3.435,3.3748,,,24149.312,7700.0,7700.0,188123.1405,59983.0,,,1.1
600150,中国船舶,船舶,上海,19980520,600150.SH,20010223,7.6,7.78,7.53,7.72,7.64,0.08,1.05,7286.51,5580.132,0.9463,0.9463,1.53,,,3.8254,3.4041,3.3445,,,24149.312,7700.0,7700.0,186432.6886,59444.0,,,1.1
600150,中国船舶,船舶,上海,19980520,600150.SH,20010222,8.2,8.24,7.5,7.64,8.21,-0.57,-6.94,9984.32,7838.879,1.2967,1.2967,3.18,,,3.7857,3.3688,3.3098,,,24149.312,7700.0,7700.0,184500.7437,58828.0,,,1.1
600150,中国船舶,船舶,上海,19980520,600150.SH,20010221,8.27,8.5,8.18,8.21,8.47,-0.26,-3.07,4941.0,4086.97,0.6417,0.6417,1.91,,,4.0682,3.6202,3.5567,,,24149.312,7700.0,7700.0,198265.8515,63217.0,,,1.1
600150,中国船舶,船舶,上海,19980520,600150.SH,20010220,8.6,8.63,8.44,8.47,8.57,-0.1,-1.17,3883.5,3316.094,0.5044,0.5044,1.63,,,4.197,3.7348,3.6694,,,24149.312,7700.0,7700.0,204544.6726,65219.0,,,1.1
600150,中国船舶,船舶,上海,19980520,600150.SH,20010219,8.45,8.58,8.36,8.57,8.42,0.15,1.78,2723.79,2313.837,0.3537,0.3537,1.07,,,4.2466,3.7789,3.7127,,,24149.312,7700.0,7700.0,206959.6038,65989.0,,,1.1
600150,中国船舶,船舶,上海,19980520,600150.SH,20010216,8.4,8.44,8.32,8.42,8.4,0.02,0.24,2256.61,1890.197,0.2931,0.2931,0.69,,,4.1722,3.7128,3.6477,,,24149.312,7700.0,7700.0,203337.207,64834.0,,,1.1
600150,中国船舶,船舶,上海,19980520,600150.SH,20010215,8.48,8.51,8.4,8.4,8.5,-0.1,-1.18,1876.1,1585.278,0.2436,0.2436,0.49,,,4.1623,3.704,3.639,,,24149.312,7700.0,7700.0,202854.2208,64680.0,,,1.1
600150,中国船舶,船舶,上海,19980520,600150.SH,20010214,8.28,8.5,8.28,8.5,8.35,0.15,1.8,2185.18,1834.657,0.2838,0.2838,0.56,,,4.2119,3.7481,3.6824,,,24149.312,7700.0,7700.0,205269.152,65450.0,,,1.1
600150,中国船舶,船舶,上海,19980520,600150.SH,20010213,8.28,8.44,8.21,8.35,8.27,0.08,0.97,2835.45,2364.851,0.3682,0.3682,0.7,,,4.1375,3.6819,3.6174,0.0,,24149.312,7700.0,7700.0,201646.7552,64295.0,,,1.1
600150,中国船舶,船舶,上海,19980520,600150.SH,20010212,8.39,8.4,8.12,8.27,8.39,-0.12,-1.43,3551.3,2931.057,0.4612,0.4612,0.81,,,4.0979,3.6466,3.5827,,,24149.312,7700.0,7700.0,199714.8102,63679.0,,,1.1
600150,中国船舶,船舶,上海,19980520,600150.SH,20010209,8.45,8.55,8.33,8.39,8.48,-0.09,-1.06,5872.3,4942.152,0.7626,0.7626,1.18,,,4.1574,3.6996,3.6347,0.0,,24149.312,7700.0,7700.0,202612.7277,64603.0,,,1.1
600150,中国船舶,船舶,上海,19980520,600150.SH,20010208,8.68,8.75,8.38,8.48,8.68,-0.2,-2.3,4895.2,4202.182,0.6357,0.6357,0.98,,,4.202,3.7392,3.6737,0.0,,24149.312,7700.0,7700.0,204786.1658,65296.0,,,1.1
600150,中国船舶,船舶,上海,19980520,600150.SH,20010207,8.79,8.8,8.65,8.68,8.79,-0.11,-1.25,2247.8,1959.674,0.2919,0.2919,0.43,,,4.3011,3.8274,3.7604,,,24149.312,7700.0,7700.0,209616.0282,66836.0,,,1.1
600150,中国船舶,船舶,上海,19980520,600150.SH,20010206,8.88,8.88,8.6,8.79,8.88,-0.09,-1.01,3576.4,3112.356,0.4645,0.4645,0.57,,,4.3556,3.8759,3.808,,,24149.312,7700.0,7700.0,212272.4525,67683.0,,,1.1
600150,中国船舶,船舶,上海,19980520,600150.SH,20010205,8.74,8.94,8.69,8.88,8.74,0.14,1.6,5292.3,4661.696,0.6873,0.6873,0.76,,,4.4002,3.9156,3.847,,,24149.312,7700.0,7700.0,214445.8906,68376.0,,,1.1
600150,中国船舶,船舶,上海,19980520,600150.SH,20010119,8.76,8.86,8.64,8.74,8.83,-0.09,-1.02,8786.0,7704.464,1.141,1.141,1.4,,,4.3308,3.8539,3.7863,,,24149.312,7700.0,7700.0,211064.9869,67298.0,,,1.1
600150,中国船舶,船舶,上海,19980520,600150.SH,20010118,8.81,8.96,8.8,8.83,8.81,0.02,0.23,4958.45,4397.267,0.644,0.644,0.67,,,4.3754,3.8936,3.8253,,,24149.312,7700.0,7700.0,213238.425,67991.0,,,1.1
600150,中国船舶,船舶,上海,19980520,600150.SH,20010117,8.88,8.9,8.75,8.81,8.88,-0.07,-0.79,3536.9,3119.954,0.4593,0.4593,0.45,,,4.3655,3.8848,3.8167,,,24149.312,7700.0,7700.0,212755.4387,67837.0,,,1.1
600150,中国船舶,船舶,上海,19980520,600150.SH,20010116,8.86,8.99,8.6,8.88,8.97,-0.09,-1.0,8740.66,7704.534,1.1352,1.1352,1.19,,,4.4002,3.9156,3.847,,,24149.312,7700.0,7700.0,214445.8906,68376.0,,,1.1
600150,中国船舶,船舶,上海,19980520,600150.SH,20010115,9.26,9.26,8.9,8.97,9.28,-0.31,-3.34,8707.4,7902.031,1.1308,1.1308,1.15,,,4.4448,3.9553,3.886,,,24149.312,7700.0,7700.0,216619.3286,69069.0,,,1.1
600150,中国船舶,船舶,上海,19980520,600150.SH,20010112,9.35,9.4,9.22,9.28,9.34,-0.06,-0.64,5510.95,5129.962,0.7157,0.7157,0.63,,,4.5984,4.092,4.0203,,,24149.312,7700.0,7700.0,224105.6154,71456.0,,,1.1
600150,中国船舶,船舶,上海,19980520,600150.SH,20010111,9.25,9.38,9.2,9.34,9.22,0.12,1.3,10458.07,9757.124,1.3582,1.3582,1.15,,,4.6281,4.1185,4.0463,0.0,,24149.312,7700.0,7700.0,225554.5741,71918.0,,,1.1
600150,中国船舶,船舶,上海,19980520,600150.SH,20010110,9.12,9.27,9.12,9.22,9.2,0.02,0.22,5582.46,5151.241,0.725,0.725,0.56,,,4.5686,4.0655,3.9943,,,24149.312,7700.0,7700.0,222656.6566,70994.0,,,1.1
600150,中国船舶,船舶,上海,19980520,600150.SH,20010109,9.09,9.22,9.03,9.2,9.1,0.1,1.1,6488.9,5910.894,0.8427,0.8427,0.61,,,4.5587,4.0567,3.9856,,,24149.312,7700.0,7700.0,222173.6704,70840.0,,,1.1
600150,中国船舶,船舶,上海,19980520,600150.SH,20010108,9.21,9.22,9.02,9.1,9.21,-0.11,-1.19,9866.34,8972.856,1.2813,1.2813,0.9,,,4.5092,4.0126,3.9423,,,24149.312,7700.0,7700.0,219758.7392,70070.0,,,1.1
600150,中国船舶,船舶,上海,19980520,600150.SH,20010105,9.1,9.25,9.02,9.21,9.14,0.07,0.77,11393.28,10384.637,1.4796,1.4796,0.99,,,4.5637,4.0611,3.99,,,24149.312,7700.0,7700.0,222415.1635,70917.0,,,1.1
600150,中国船舶,船舶,上海,19980520,600150.SH,20010104,9.32,9.33,9.1,9.14,9.31,-0.17,-1.83,12223.19,11221.372,1.5874,1.5874,1.06,,,4.529,4.0303,3.9596,,,24149.312,7700.0,7700.0,220724.7117,70378.0,,,1.1
600150,中国船舶,船舶,上海,19980520,600150.SH,20010103,9.28,9.35,9.24,9.31,9.25,0.06,0.65,9969.77,9266.26,1.2948,1.2948,0.91,,,4.6132,4.1052,4.0333,0.0,,24149.312,7700.0,7700.0,224830.0947,71687.0,,,1.1
600150,中国船舶,船舶,上海,19980520,600150.SH,20010102,9.13,9.25,9.13,9.25,9.13,0.12,1.31,9384.47,8625.984,1.2188,1.2188,0.65,,,4.5835,4.0788,4.0073,0.0,,24149.312,7700.0,7700.0,223381.136,71225.0,,,1.1
600150,中国船舶,船舶,上海,19980520,600150.SH,20001229,9.02,9.2,9.02,9.13,9.02,0.11,1.22,12040.28,10969.395,1.5637,1.5637,0.84,,,4.5241,4.0259,3.9553,0.0,,24149.312,7700.0,7700.0,220483.2186,70301.0,,,1.1
600150,中国船舶,船舶,上海,19980520,600150.SH,20001228,9.17,9.25,8.97,9.02,9.17,-0.15,-1.64,14143.8,12873.813,1.8369,1.8369,0.9,,,4.4695,3.9774,3.9076,0.0,,24149.312,7700.0,7700.0,217826.7942,69454.0,,,1.1
600150,中国船舶,船舶,上海,19980520,600150.SH,20001227,9.31,9.35,9.15,9.17,9.28,-0.11,-1.19,11877.19,10921.516,1.5425,1.5425,0.74,,,4.5439,4.0435,3.9726,0.0,,24149.312,7700.0,7700.0,221449.191,70609.0,,,1.1
600150,中国船舶,船舶,上海,19980520,600150.SH,20001226,9.21,9.4,9.11,9.28,9.19,0.09,0.98,7435.32,6881.625,,,,,,,,,,,,,,,,,,1.1
600150,中国船舶,船舶,上海,19980520,600150.SH,20001225,9.5,9.5,9.15,9.19,9.5,-0.31,-3.26,26950.21,24866.815,,,,,,,,,,,,,,,,,,1.1
600150,中国船舶,船舶,上海,19980520,600150.SH,20001222,9.43,9.59,9.4,9.5,9.42,0.08,0.85,11360.13,10757.973,,,,,,,,,,,,,,,,,,1.1
600150,中国船舶,船舶,上海,19980520,600150.SH,20001221,9.66,9.72,9.3,9.42,9.7,-0.28,-2.89,21027.9,20046.927,,,,,,,,,,,,,,,,,,1.1
600150,中国船舶,船舶,上海,19980520,600150.SH,20001220,9.86,9.9,9.6,9.7,9.84,-0.14,-1.42,13757.21,13323.323,,,,,,,,,,,,,,,,,,1.1
600150,中国船舶,船舶,上海,19980520,600150.SH,20001219,10.0,10.0,9.82,9.84,9.9,-0.06,-0.61,11446.28,11318.047,,,,,,,,,,,,,,,,,,1.1
600150,中国船舶,船舶,上海,19980520,600150.SH,20001218,9.75,9.96,9.71,9.9,9.71,0.19,1.96,15392.01,15194.497,,,,,,,,,,,,,,,,,,1.1
600150,中国船舶,船舶,上海,19980520,600150.SH,20001215,9.73,9.88,9.61,9.71,9.7,0.01,0.1,11001.58,10711.577,,,,,,,,,,,,,,,,,,1.1
600150,中国船舶,船舶,上海,19980520,600150.SH,20001214,9.82,9.92,9.68,9.7,9.82,-0.12,-1.22,9112.91,8907.375,,,,,,,,,,,,,,,,,,1.1
600150,中国船舶,船舶,上海,19980520,600150.SH,20001213,9.7,9.94,9.61,9.82,9.69,0.13,1.34,23675.03,23244.934,,,,,,,,,,,,,,,,,,1.1
600150,中国船舶,船舶,上海,19980520,600150.SH,20001212,9.57,9.74,9.45,9.69,9.53,0.16,1.68,11233.81,10787.304,,,,,,,,,,,,,,,,,,1.1
600150,中国船舶,船舶,上海,19980520,600150.SH,20001211,9.6,9.62,9.45,9.53,9.53,0.0,0.0,9838.99,9370.753,,,,,,,,,,,,,,,,,,1.1
600150,中国船舶,船舶,上海,19980520,600150.SH,20001208,9.65,9.8,9.52,9.53,9.6,-0.07,-0.73,13236.66,12773.964,,,,,,,,,,,,,,,,,,1.1
600150,中国船舶,船舶,上海,19980520,600150.SH,20001207,9.31,9.68,9.28,9.6,9.38,0.22,2.35,13356.67,12636.468,,,,,,,,,,,,,,,,,,1.1
600150,中国船舶,船舶,上海,19980520,600150.SH,20001206,9.7,9.74,9.35,9.38,9.69,-0.31,-3.2,15395.0,14675.137,,,,,,,,,,,,,,,,,,1.1
600150,中国船舶,船舶,上海,19980520,600150.SH,20001205,9.55,9.85,9.54,9.69,9.52,0.17,1.79,20691.22,20101.573,,,,,,,,,,,,,,,,,,1.1
600150,中国船舶,船舶,上海,19980520,600150.SH,20001204,9.23,9.52,9.23,9.52,9.21,0.31,3.37,15427.85,14536.362,,,,,,,,,,,,,,,,,,1.1
600150,中国船舶,船舶,上海,19980520,600150.SH,20001201,9.33,9.4,9.12,9.21,9.33,-0.12,-1.29,17873.38,16563.334,,,,,,,,,,,,,,,,,,1.1
600150,中国船舶,船舶,上海,19980520,600150.SH,20001130,9.25,9.46,9.01,9.33,9.39,-0.06,-0.64,18037.67,16641.185,,,,,,,,,,,,,,,,,,1.1
600150,中国船舶,船舶,上海,19980520,600150.SH,20001129,9.58,9.62,9.28,9.39,9.58,-0.19,-1.98,15205.66,14300.345,,,,,,,,,,,,,,,,,,1.1
600150,中国船舶,船舶,上海,19980520,600150.SH,20001128,9.51,9.6,9.4,9.58,9.48,0.1,1.05,14054.18,13355.408,,,,,,,,,,,,,,,,,,1.1
600150,中国船舶,船舶,上海,19980520,600150.SH,20001127,9.21,9.56,9.21,9.48,9.4,0.08,0.85,17988.59,16940.4,,,,,,,,,,,,,,,,,,1.1
600150,中国船舶,船舶,上海,19980520,600150.SH,20001124,10.05,10.1,9.39,9.4,10.01,-0.61,-6.09,34565.0,33610.95,,,,,,,,,,,,,,,,,,1.1
600150,中国船舶,船舶,上海,19980520,600150.SH,20001123,9.95,10.18,9.86,10.01,9.84,0.17,1.73,27670.98,27786.692,,,,,,,,,,,,,,,,,,1.1
600150,中国船舶,船舶,上海,19980520,600150.SH,20001122,9.75,9.95,9.7,9.84,9.75,0.09,0.92,18511.51,18160.29,,,,,,,,,,,,,,,,,,1.1
600150,中国船舶,船舶,上海,19980520,600150.SH,20001121,9.78,10.08,9.71,9.75,9.71,0.04,0.41,36665.27,36356.28,,,,,,,,,,,,,,,,,,1.1
600150,中国船舶,船舶,上海,19980520,600150.SH,20001120,9.4,9.79,9.36,9.71,9.4,0.31,3.3,33301.71,32108.84,,,,,,,,,,,,,,,,,,1.1
600150,中国船舶,船舶,上海,19980520,600150.SH,20001117,9.48,9.5,9.3,9.4,9.44,-0.04,-0.42,15651.0,14685.44,,,,,,,,,,,,,,,,,,1.1
600150,中国船舶,船舶,上海,19980520,600150.SH,20001116,9.16,9.49,9.09,9.44,9.16,0.28,3.06,34772.0,32486.376,,,,,,,,,,,,,,,,,,1.1
600150,中国船舶,船舶,上海,19980520,600150.SH,20001115,9.29,9.31,9.1,9.16,9.27,-0.11,-1.19,12016.0,11020.762,,,,,,,,,,,,,,,,,,1.1
600150,中国船舶,船舶,上海,19980520,600150.SH,20001114,9.3,9.37,9.18,9.27,9.28,-0.01,-0.11,14124.0,13069.45,,,,,,,,,,,,,,,,,,1.1
600150,中国船舶,船舶,上海,19980520,600150.SH,20001113,9.0,9.28,8.96,9.28,8.96,0.32,3.57,21036.0,19123.674,,,,,,,,,,,,,,,,,,1.1
600150,中国船舶,船舶,上海,19980520,600150.SH,20001110,9.05,9.1,8.91,8.96,8.99,-0.03,-0.33,12153.0,10914.642,,,,,,,,,,,,,,,,,,1.1
600150,中国船舶,船舶,上海,19980520,600150.SH,20001109,8.95,9.15,8.92,8.99,8.95,0.04,0.45,12820.0,11545.521,,,,,,,,,,,,,,,,,,1.1
600150,中国船舶,船舶,上海,19980520,600150.SH,20001108,8.92,8.98,8.85,8.95,8.91,0.04,0.45,9564.0,8521.495,,,,,,,,,,,,,,,,,,1.1
600150,中国船舶,船舶,上海,19980520,600150.SH,20001107,9.1,9.19,8.84,8.91,9.13,-0.22,-2.41,13577.0,12178.253,,,,,,,,,,,,,,,,,,1.1
600150,中国船舶,船舶,上海,19980520,600150.SH,20001106,9.07,9.21,9.0,9.13,9.07,0.06,0.66,12525.0,11411.303,,,,,,,,,,,,,,,,,,1.1
600150,中国船舶,船舶,上海,19980520,600150.SH,20001103,9.11,9.17,8.98,9.07,9.11,-0.04,-0.44,9561.0,8657.05,,,,,,,,,,,,,,,,,,1.1
600150,中国船舶,船舶,上海,19980520,600150.SH,20001102,9.2,9.3,9.1,9.11,9.18,-0.07,-0.76,16037.0,14720.216,,,,,,,,,,,,,,,,,,1.1
600150,中国船舶,船舶,上海,19980520,600150.SH,20001101,9.1,9.23,9.01,9.18,9.03,0.15,1.66,24613.0,22537.811,,,,,,,,,,,,,,,,,,1.1
600150,中国船舶,船舶,上海,19980520,600150.SH,20001031,8.75,9.14,8.75,9.03,8.75,0.28,3.2,25509.0,22929.228,,,,,,,,,,,,,,,,,,1.1
600150,中国船舶,船舶,上海,19980520,600150.SH,20001030,8.7,8.9,8.66,8.75,8.73,0.02,0.23,9614.0,8427.672,,,,,,,,,,,,,,,,,,1.1
600150,中国船舶,船舶,上海,19980520,600150.SH,20001027,8.86,8.88,8.6,8.73,8.84,-0.11,-1.24,11908.0,10341.901,,,,,,,,,,,,,,,,,,1.1
600150,中国船舶,船舶,上海,19980520,600150.SH,20001026,9.0,9.01,8.8,8.84,8.98,-0.14,-1.56,9434.0,8365.164,,,,,,,,,,,,,,,,,,1.1
600150,中国船舶,船舶,上海,19980520,600150.SH,20001025,8.98,9.05,8.92,8.98,8.96,0.02,0.22,11159.0,10029.891,,,,,,,,,,,,,,,,,,1.1
600150,中国船舶,船舶,上海,19980520,600150.SH,20001024,9.0,9.08,8.88,8.96,8.98,-0.02,-0.22,10223.0,9144.053,,,,,,,,,,,,,,,,,,1.1
600150,中国船舶,船舶,上海,19980520,600150.SH,20001023,8.81,9.1,8.81,8.98,8.81,0.17,1.93,13413.0,12021.934,,,,,,,,,,,,,,,,,,1.1
600150,中国船舶,船舶,上海,19980520,600150.SH,20001020,8.8,8.98,8.7,8.81,8.78,0.03,0.34,16467.0,14533.478,,,,,,,,,,,,,,,,,,1.1
600150,中国船舶,船舶,上海,19980520,600150.SH,20001019,8.5,8.92,8.5,8.78,8.54,0.24,2.81,13868.0,12201.161,,,,,,,,,,,,,,,,,,1.1
600150,中国船舶,船舶,上海,19980520,600150.SH,20001018,8.68,8.7,8.49,8.54,8.66,-0.12,-1.39,14336.0,12259.383,,,,,,,,,,,,,,,,,,1.1
600150,中国船舶,船舶,上海,19980520,600150.SH,20001017,8.7,8.8,8.61,8.66,8.61,0.05,0.58,7359.0,6392.853,,,,,,,,,,,,,,,,,,1.1
600150,中国船舶,船舶,上海,19980520,600150.SH,20001016,8.65,8.88,8.58,8.61,8.73,-0.12,-1.37,10778.0,9406.304,,,,,,,,,,,,,,,,,,1.1
600150,中国船舶,船舶,上海,19980520,600150.SH,20001013,8.56,8.98,8.56,8.73,8.55,0.18,2.11,25454.0,22367.646,,,,,,,,,,,,,,,,,,1.1
600150,中国船舶,船舶,上海,19980520,600150.SH,20001012,8.46,8.72,8.4,8.55,8.46,0.09,1.06,22664.0,19500.179,,,,,,,,,,,,,,,,,,1.1
600150,中国船舶,船舶,上海,19980520,600150.SH,20001011,8.43,8.46,8.2,8.46,8.41,0.05,0.59,6265.0,5240.744,,,,,,,,,,,,,,,,,,1.1
600150,中国船舶,船舶,上海,19980520,600150.SH,20001010,8.2,8.43,8.17,8.41,8.2,0.21,2.56,8278.0,6884.519,,,,,,,,,,,,,,,,,,1.1
600150,中国船舶,船舶,上海,19980520,600150.SH,20001009,8.0,8.2,7.92,8.2,7.98,0.22,2.76,4909.0,3950.59,,,,,,,,,,,,,,,,,,1.1
600150,中国船舶,船舶,上海,19980520,600150.SH,20000929,7.89,7.99,7.85,7.98,7.89,0.09,1.14,2670.0,2115.639,,,,,,,,,,,,,,,,,,1.1
600150,中国船舶,船舶,上海,19980520,600150.SH,20000928,8.05,8.08,7.86,7.89,8.01,-0.12,-1.5,2820.0,2239.55,,,,,,,,,,,,,,,,,,1.1
600150,中国船舶,船舶,上海,19980520,600150.SH,20000927,7.98,8.08,7.95,8.01,7.95,0.06,0.75,3795.0,3045.534,,,,,,,,,,,,,,,,,,1.1
600150,中国船舶,船舶,上海,19980520,600150.SH,20000926,7.9,8.04,7.88,7.95,7.9,0.05,0.63,4325.0,3442.615,,,,,,,,,,,,,,,,,,1.1
600150,中国船舶,船舶,上海,19980520,600150.SH,20000925,7.85,7.94,7.8,7.9,7.85,0.05,0.64,2443.0,1926.062,,,,,,,,,,,,,,,,,,1.1
600150,中国船舶,船舶,上海,19980520,600150.SH,20000922,7.8,7.93,7.75,7.85,7.87,-0.02,-0.25,3472.0,2728.998,,,,,,,,,,,,,,,,,,1.1
600150,中国船舶,船舶,上海,19980520,600150.SH,20000921,7.95,7.97,7.85,7.87,7.95,-0.08,-1.01,3557.0,2813.179,,,,,,,,,,,,,,,,,,1.1
600150,中国船舶,船舶,上海,19980520,600150.SH,20000920,7.8,7.98,7.72,7.95,7.86,0.09,1.15,5341.0,4192.528,,,,,,,,,,,,,,,,,,1.1
600150,中国船舶,船舶,上海,19980520,600150.SH,20000919,8.1,8.14,7.8,7.86,8.14,-0.28,-3.44,7185.0,5691.252,,,,,,,,,,,,,,,,,,1.1
600150,中国船舶,船舶,上海,19980520,600150.SH,20000918,8.25,8.45,8.13,8.14,8.24,-0.1,-1.21,5393.0,4469.164,,,,,,,,,,,,,,,,,,1.1
600150,中国船舶,船舶,上海,19980520,600150.SH,20000915,8.22,8.33,8.18,8.24,8.28,-0.04,-0.48,3780.0,3109.855,,,,,,,,,,,,,,,,,,1.1
600150,中国船舶,船舶,上海,19980520,600150.SH,20000914,8.4,8.45,8.28,8.28,8.4,-0.12,-1.43,5613.0,4699.237,,,,,,,,,,,,,,,,,,1.1
600150,中国船舶,船舶,上海,19980520,600150.SH,20000913,8.44,8.45,8.35,8.4,8.41,-0.01,-0.12,6438.0,5412.711,,,,,,,,,,,,,,,,,,1.1
600150,中国船舶,船舶,上海,19980520,600150.SH,20000912,8.42,8.48,8.3,8.41,8.39,0.02,0.24,7136.0,6001.195,,,,,,,,,,,,,,,,,,1.1
600150,中国船舶,船舶,上海,19980520,600150.SH,20000911,8.16,8.39,8.1,8.39,8.18,0.21,2.57,9784.0,8098.044,,,,,,,,,,,,,,,,,,1.1
600150,中国船舶,船舶,上海,19980520,600150.SH,20000908,8.21,8.29,8.1,8.18,8.23,-0.05,-0.61,5632.0,4614.519,,,,,,,,,,,,,,,,,,1.1
600150,中国船舶,船舶,上海,19980520,600150.SH,20000907,8.0,8.33,8.0,8.23,8.0,0.23,2.88,12386.0,10149.712,,,,,,,,,,,,,,,,,,1.1
600150,中国船舶,船舶,上海,19980520,600150.SH,20000906,8.2,8.25,7.92,8.0,8.24,-0.24,-2.91,15756.19,12722.785,,,,,,,,,,,,,,,,,,1.1
600150,中国船舶,船舶,上海,19980520,600150.SH,20000905,8.65,8.73,8.2,8.24,8.57,-0.33,-3.85,11097.0,9395.45,,,,,,,,,,,,,,,,,,1.1
600150,中国船舶,船舶,上海,19980520,600150.SH,20000904,8.5,8.62,8.4,8.57,8.57,0.0,0.0,9582.0,8161.148,,,,,,,,,,,,,,,,,,1.1
600150,中国船舶,船舶,上海,19980520,600150.SH,20000901,8.55,8.84,8.41,8.57,8.61,-0.04,-0.46,17692.0,15269.246,,,,,,,,,,,,,,,,,,1.1
600150,中国船舶,船舶,上海,19980520,600150.SH,20000831,8.78,8.86,8.6,8.61,8.9,-0.29,-3.26,27808.0,24208.575,,,,,,,,,,,,,,,,,,1.1
600150,中国船舶,船舶,上海,19980520,600150.SH,20000830,9.25,9.48,8.89,8.9,9.28,-0.38,-4.09,21747.0,19868.576,,,,,,,,,,,,,,,,,,1.1
600150,中国船舶,船舶,上海,19980520,600150.SH,20000829,9.21,9.44,9.21,9.28,9.2,0.08,0.87,21093.0,19663.382,,,,,,,,,,,,,,,,,,1.1
600150,中国船舶,船舶,上海,19980520,600150.SH,20000828,9.16,9.2,8.99,9.2,9.16,0.04,0.44,19574.0,17872.479,,,,,,,,,,,,,,,,,,1.1
600150,中国船舶,船舶,上海,19980520,600150.SH,20000825,8.89,9.18,8.7,9.16,8.94,0.22,2.46,26356.0,23359.057,,,,,,,,,,,,,,,,,,1.1
600150,中国船舶,船舶,上海,19980520,600150.SH,20000824,8.86,9.03,8.68,8.94,8.86,0.08,0.9,24629.0,21816.662,,,,,,,,,,,,,,,,,,1.1
600150,中国船舶,船舶,上海,19980520,600150.SH,20000823,9.0,9.14,8.33,8.86,9.1,-0.24,-2.64,54271.0,47552.974,,,,,,,,,,,,,,,,,,1.1
600150,中国船舶,船舶,上海,19980520,600150.SH,20000822,9.51,9.55,9.08,9.1,9.45,-0.35,-3.7,21871.0,20606.886,,,,,,,,,,,,,,,,,,1.1
600150,中国船舶,船舶,上海,19980520,600150.SH,20000821,9.12,9.48,9.12,9.45,9.11,0.34,3.73,24443.0,22803.134,,,,,,,,,,,,,,,,,,1.1
600150,中国船舶,船舶,上海,19980520,600150.SH,20000818,9.03,9.2,9.0,9.11,9.04,0.07,0.77,19182.0,17464.656,,,,,,,,,,,,,,,,,,1.1
600150,中国船舶,船舶,上海,19980520,600150.SH,20000817,9.15,9.37,9.0,9.04,9.12,-0.08,-0.88,30944.0,28456.931,,,,,,,,,,,,,,,,,,1.1
600150,中国船舶,船舶,上海,19980520,600150.SH,20000816,8.95,9.17,8.9,9.12,8.93,0.19,2.13,21649.0,19545.338,,,,,,,,,,,,,,,,,,1.1
600150,中国船舶,船舶,上海,19980520,600150.SH,20000815,8.98,9.09,8.8,8.93,8.95,-0.02,-0.22,25234.0,22597.17,,,,,,,,,,,,,,,,,,1.1
600150,中国船舶,船舶,上海,19980520,600150.SH,20000814,8.6,8.99,8.6,8.95,8.53,0.42,4.92,26095.0,22936.862,,,,,,,,,,,,,,,,,,1.1
600150,中国船舶,船舶,上海,19980520,600150.SH,20000811,8.66,8.72,8.48,8.53,8.69,-0.16,-1.84,18103.0,15542.09,,,,,,,,,,,,,,,,,,1.1
600150,中国船舶,船舶,上海,19980520,600150.SH,20000810,8.73,8.78,8.53,8.69,8.7,-0.01,-0.11,19392.0,16737.412,,,,,,,,,,,,,,,,,,1.1
600150,中国船舶,船舶,上海,19980520,600150.SH,20000809,8.4,8.83,8.4,8.7,8.4,0.3,3.57,49560.0,42867.386,,,,,,,,,,,,,,,,,,1.1
600150,中国船舶,船舶,上海,19980520,600150.SH,20000808,8.22,8.45,8.2,8.4,8.27,0.13,1.57,18958.0,15876.581,,,,,,,,,,,,,,,,,,1.1
600150,中国船舶,船舶,上海,19980520,600150.SH,20000807,8.16,8.28,8.0,8.27,8.11,0.16,1.97,10145.0,8271.992,,,,,,,,,,,,,,,,,,1.1
600150,中国船舶,船舶,上海,19980520,600150.SH,20000804,8.28,8.35,8.05,8.11,8.29,-0.18,-2.17,17620.0,14366.831,,,,,,,,,,,,,,,,,,1.1
600150,中国船舶,船舶,上海,19980520,600150.SH,20000803,8.3,8.49,8.28,8.29,8.28,0.01,0.12,18867.0,15850.932,,,,,,,,,,,,,,,,,,1.1
600150,中国船舶,船舶,上海,19980520,600150.SH,20000802,8.26,8.3,8.18,8.28,8.24,0.04,0.49,13629.0,11225.39,,,,,,,,,,,,,,,,,,1.1
600150,中国船舶,船舶,上海,19980520,600150.SH,20000801,8.4,8.44,8.2,8.24,8.37,-0.13,-1.55,21078.0,17443.666,,,,,,,,,,,,,,,,,,1.1
600150,中国船舶,船舶,上海,19980520,600150.SH,20000731,8.3,8.5,8.3,8.37,8.22,0.15,1.82,39832.0,33522.509,,,,,,,,,,,,,,,,,,1.1
600150,中国船舶,船舶,上海,19980520,600150.SH,20000728,8.01,8.3,7.88,8.22,8.01,0.21,2.62,38606.0,31327.972,,,,,,,,,,,,,,,,,,1.1
600150,中国船舶,船舶,上海,19980520,600150.SH,20000727,8.06,8.1,7.92,8.01,8.03,-0.02,-0.25,13431.0,10742.285,,,,,,,,,,,,,,,,,,1.1
600150,中国船舶,船舶,上海,19980520,600150.SH,20000726,7.92,8.07,7.9,8.03,7.92,0.11,1.39,19626.0,15670.071,,,,,,,,,,,,,,,,,,1.1
600150,中国船舶,船舶,上海,19980520,600150.SH,20000725,8.08,8.08,7.88,7.92,8.08,-0.16,-1.98,16395.0,13045.072,,,,,,,,,,,,,,,,,,1.1
600150,中国船舶,船舶,上海,19980520,600150.SH,20000724,7.97,8.11,7.93,8.08,7.88,0.2,2.54,28127.0,22613.528,,,,,,,,,,,,,,,,,,1.1
600150,中国船舶,船舶,上海,19980520,600150.SH,20000721,7.68,7.98,7.68,7.88,7.63,0.25,3.28,25740.0,20283.743,,,,,,,,,,,,,,,,,,1.1
600150,中国船舶,船舶,上海,19980520,600150.SH,20000720,7.66,7.72,7.55,7.63,7.66,-0.03,-0.39,6364.0,4863.974,,,,,,,,,,,,,,,,,,1.1
600150,中国船舶,船舶,上海,19980520,600150.SH,20000719,7.51,7.66,7.49,7.66,7.49,0.17,2.27,9712.0,7359.707,,,,,,,,,,,,,,,,,,1.1
600150,中国船舶,船舶,上海,19980520,600150.SH,20000718,7.45,7.5,7.38,7.49,7.49,0.0,0.0,5614.0,4170.688,,,,,,,,,,,,,,,,,,1.1
600150,中国船舶,船舶,上海,19980520,600150.SH,20000717,7.53,7.54,7.36,7.49,7.56,-0.07,-0.93,11076.0,8213.938,,,,,,,,,,,,,,,,,,1.1
600150,中国船舶,船舶,上海,19980520,600150.SH,20000714,7.5,7.78,7.33,7.56,7.83,-0.27,-3.45,17925.0,13648.692,,,,,,,,,,,,,,,,,,1.1
600150,中国船舶,船舶,上海,19980520,600150.SH,20000713,7.73,7.9,7.6,7.83,7.7,0.13,1.69,19852.0,15379.453,,,,,,,,,,,,,,,,,,1.1
600150,中国船舶,船舶,上海,19980520,600150.SH,20000712,7.7,7.85,7.66,7.7,7.6,0.1,1.32,8546.0,6613.345,,,,,,,,,,,,,,,,,,1.1
600150,中国船舶,船舶,上海,19980520,600150.SH,20000711,7.85,7.9,7.32,7.6,7.73,-0.13,-1.68,10246.0,7887.292,,,,,,,,,,,,,,,,,,1.1
600150,中国船舶,船舶,上海,19980520,600150.SH,20000710,7.5,7.75,7.5,7.73,7.4,0.33,4.46,9709.0,7418.837,,,,,,,,,,,,,,,,,,1.1
600150,中国船舶,船舶,上海,19980520,600150.SH,20000707,7.33,7.44,7.3,7.4,7.3,0.1,1.37,7780.0,5731.712,,,,,,,,,,,,,,,,,,1.1
600150,中国船舶,船舶,上海,19980520,600150.SH,20000706,7.3,7.45,7.25,7.3,7.35,-0.05,-0.68,5739.0,4221.996,,,,,,,,,,,,,,,,,,1.1
600150,中国船舶,船舶,上海,19980520,600150.SH,20000705,7.44,7.47,7.28,7.35,7.44,-0.09,-1.21,7095.0,5210.175,,,,,,,,,,,,,,,,,,1.1
600150,中国船舶,船舶,上海,19980520,600150.SH,20000704,7.3,7.47,7.28,7.44,7.3,0.14,1.92,4339.0,3201.281,,,,,,,,,,,,,,,,,,1.1
600150,中国船舶,船舶,上海,19980520,600150.SH,20000703,7.54,7.54,7.25,7.3,7.57,-0.27,-3.57,14415.0,10661.048,,,,,,,,,,,,,,,,,,1.1
600150,中国船舶,船舶,上海,19980520,600150.SH,20000630,7.86,7.88,7.57,7.57,7.8,-0.23,-2.95,16020.0,12217.23,,,,,,,,,,,,,,,,,,1.1
600150,中国船舶,船舶,上海,19980520,600150.SH,20000629,7.8,7.98,7.79,7.8,7.79,0.01,0.13,11996.0,9437.355,,,,,,,,,,,,,,,,,,1.1
600150,中国船舶,船舶,上海,19980520,600150.SH,20000628,7.75,7.83,7.65,7.79,7.71,0.08,1.04,7630.0,5915.029,,,,,,,,,,,,,,,,,,1.1
600150,中国船舶,船舶,上海,19980520,600150.SH,20000627,7.69,7.79,7.6,7.71,7.72,-0.01,-0.13,12329.0,9440.104,,,,,,,,,,,,,,,,,,1.1
600150,中国船舶,船舶,上海,19980520,600150.SH,20000626,7.8,7.82,7.61,7.72,7.8,-0.08,-1.03,12958.0,9976.808,,,,,,,,,,,,,,,,,,1.1
600150,中国船舶,船舶,上海,19980520,600150.SH,20000623,7.6,7.89,7.6,7.8,7.59,0.21,2.77,9964.0,7737.258,,,,,,,,,,,,,,,,,,1.1
600150,中国船舶,船舶,上海,19980520,600150.SH,20000622,7.86,7.94,7.57,7.59,7.85,-0.26,-3.31,18022.0,13898.204,,,,,,,,,,,,,,,,,,1.1
600150,中国船舶,船舶,上海,19980520,600150.SH,20000621,8.05,8.05,7.75,7.85,8.05,-0.2,-2.48,11737.0,9206.828,,,,,,,,,,,,,,,,,,1.1
600150,中国船舶,船舶,上海,19980520,600150.SH,20000619,8.19,8.37,7.96,8.05,8.1,-0.05,-0.62,26129.0,21492.321,,,,,,,,,,,,,,,,,,1.1
600150,中国船舶,船舶,上海,19980520,600150.SH,20000616,8.0,8.2,7.99,8.1,7.97,0.13,1.63,39615.0,32116.077,,,,,,,,,,,,,,,,,,1.1
600150,中国船舶,船舶,上海,19980520,600150.SH,20000615,7.99,8.02,7.86,7.97,7.91,0.06,0.76,11280.0,8957.665,,,,,,,,,,,,,,,,,,1.1
600150,中国船舶,船舶,上海,19980520,600150.SH,20000614,7.8,8.1,7.8,7.91,7.78,0.13,1.67,18439.0,14690.555,,,,,,,,,,,,,,,,,,1.1
600150,中国船舶,船舶,上海,19980520,600150.SH,20000613,7.75,7.85,7.71,7.78,7.71,0.07,0.91,7579.0,5904.603,,,,,,,,,,,,,,,,,,1.1
600150,中国船舶,船舶,上海,19980520,600150.SH,20000612,7.45,7.75,7.38,7.71,7.5,0.21,2.8,9017.0,6816.739,,,,,,,,,,,,,,,,,,1.1
600150,中国船舶,船舶,上海,19980520,600150.SH,20000609,7.72,7.75,7.48,7.5,7.72,-0.22,-2.85,12820.0,9710.592,,,,,,,,,,,,,,,,,,1.1
600150,中国船舶,船舶,上海,19980520,600150.SH,20000608,7.81,7.87,7.65,7.72,7.8,-0.08,-1.03,12267.0,9463.065,,,,,,,,,,,,,,,,,,1.1
600150,中国船舶,船舶,上海,19980520,600150.SH,20000607,7.9,7.99,7.76,7.8,7.81,-0.01,-0.13,9360.0,7347.754,,,,,,,,,,,,,,,,,,1.1
600150,中国船舶,船舶,上海,19980520,600150.SH,20000606,7.78,7.89,7.61,7.81,7.78,0.03,0.39,12360.0,9527.965,,,,,,,,,,,,,,,,,,1.1
600150,中国船舶,船舶,上海,19980520,600150.SH,20000605,8.04,8.2,7.71,7.78,7.94,-0.16,-2.02,24416.0,19629.231,,,,,,,,,,,,,,,,,,1.1
600150,中国船舶,船舶,上海,19980520,600150.SH,20000602,7.7,8.05,7.7,7.94,7.7,0.24,3.12,29533.0,23517.484,,,,,,,,,,,,,,,,,,1.1
600150,中国船舶,船舶,上海,19980520,600150.SH,20000601,7.65,7.83,7.65,7.7,7.69,0.01,0.13,12934.0,10000.406,,,,,,,,,,,,,,,,,,1.1
600150,中国船舶,船舶,上海,19980520,600150.SH,20000531,7.65,7.8,7.5,7.69,7.63,0.06,0.79,12975.0,9948.781,,,,,,,,,,,,,,,,,,1.1
600150,中国船舶,船舶,上海,19980520,600150.SH,20000530,7.9,7.98,7.6,7.63,7.88,-0.25,-3.17,18560.0,14309.661,,,,,,,,,,,,,,,,,,1.1
600150,中国船舶,船舶,上海,19980520,600150.SH,20000529,7.8,8.22,7.78,7.88,7.75,0.13,1.68,29642.0,23675.53,,,,,,,,,,,,,,,,,,1.1
600150,中国船舶,船舶,上海,19980520,600150.SH,20000526,8.0,8.01,7.7,7.75,7.97,-0.22,-2.76,33827.0,26558.896,,,,,,,,,,,,,,,,,,1.1
600150,中国船舶,船舶,上海,19980520,600150.SH,20000525,7.49,8.24,7.49,7.97,7.49,0.48,6.41,85272.0,67191.353,,,,,,,,,,,,,,,,,,1.1
600150,中国船舶,船舶,上海,19980520,600150.SH,20000524,7.41,7.53,7.32,7.49,7.41,0.08,1.08,35976.0,26829.872,,,,,,,,,,,,,,,,,,1.1
600150,中国船舶,船舶,上海,19980520,600150.SH,20000523,7.06,7.42,7.02,7.41,7.01,0.4,5.71,25839.0,18809.722,,,,,,,,,,,,,,,,,,1.1
600150,中国船舶,船舶,上海,19980520,600150.SH,20000522,6.79,7.02,6.79,7.01,6.79,0.22,3.24,13677.0,9481.238,,,,,,,,,,,,,,,,,,1.1
600150,中国船舶,船舶,上海,19980520,600150.SH,20000519,6.79,6.8,6.65,6.79,6.8,-0.01,-0.15,5271.0,3543.799,,,,,,,,,,,,,,,,,,1.1
600150,中国船舶,船舶,上海,19980520,600150.SH,20000518,6.7,6.8,6.53,6.8,6.7,0.1,1.49,3271.0,2186.112,,,,,,,,,,,,,,,,,,1.1
600150,中国船舶,船舶,上海,19980520,600150.SH,20000517,6.8,6.8,6.63,6.7,6.7,0.0,0.0,2750.0,1845.392,,,,,,,,,,,,,,,,,,1.1
600150,中国船舶,船舶,上海,19980520,600150.SH,20000516,6.76,6.85,6.65,6.7,6.64,0.06,0.9,4641.0,3137.821,,,,,,,,,,,,,,,,,,1.1
600150,中国船舶,船舶,上海,19980520,600150.SH,20000515,6.6,6.72,6.51,6.64,6.6,0.04,0.61,3396.0,2251.915,,,,,,,,,,,,,,,,,,1.1
600150,中国船舶,船舶,上海,19980520,600150.SH,20000512,6.5,6.65,6.5,6.6,6.48,0.12,1.85,5455.0,3578.402,,,,,,,,,,,,,,,,,,1.1
600150,中国船舶,船舶,上海,19980520,600150.SH,20000511,6.58,6.68,6.45,6.48,6.58,-0.1,-1.52,5828.0,3811.47,,,,,,,,,,,,,,,,,,1.1
600150,中国船舶,船舶,上海,19980520,600150.SH,20000510,6.88,6.88,6.52,6.58,6.88,-0.3,-4.36,7968.0,5310.125,,,,,,,,,,,,,,,,,,1.1
600150,中国船舶,船舶,上海,19980520,600150.SH,20000509,7.1,7.12,6.75,6.88,7.12,-0.24,-3.37,12082.0,8350.43,,,,,,,,,,,,,,,,,,1.1
600150,中国船舶,船舶,上海,19980520,600150.SH,20000508,7.2,7.25,7.06,7.12,7.2,-0.08,-1.11,8457.0,6015.781,,,,,,,,,,,,,,,,,,1.1
600150,中国船舶,船舶,上海,19980520,600150.SH,20000428,7.12,7.2,7.1,7.2,7.12,0.08,1.12,8278.0,5908.304,,,,,,,,,,,,,,,,,,1.1
600150,中国船舶,船舶,上海,19980520,600150.SH,20000427,7.38,7.4,7.1,7.12,7.35,-0.23,-3.13,13249.0,9575.689,,,,,,,,,,,,,,,,,,1.1
600150,中国船舶,船舶,上海,19980520,600150.SH,20000426,7.46,7.5,7.3,7.35,7.46,-0.11,-1.47,9961.0,7335.521,,,,,,,,,,,,,,,,,,1.1
600150,中国船舶,船舶,上海,19980520,600150.SH,20000425,7.55,7.73,7.45,7.46,7.53,-0.07,-0.93,28296.0,21544.861,,,,,,,,,,,,,,,,,,1.1
600150,中国船舶,船舶,上海,19980520,600150.SH,20000424,7.33,7.58,7.29,7.53,7.36,0.17,2.31,21519.0,16083.101,,,,,,,,,,,,,,,,,,1.1
600150,中国船舶,船舶,上海,19980520,600150.SH,20000421,7.5,7.58,7.32,7.36,7.5,-0.14,-1.87,16682.0,12419.061,,,,,,,,,,,,,,,,,,1.1
600150,中国船舶,船舶,上海,19980520,600150.SH,20000420,7.38,7.55,7.37,7.5,7.35,0.15,2.04,28654.0,21426.879,,,,,,,,,,,,,,,,,,1.1
600150,中国船舶,船舶,上海,19980520,600150.SH,20000419,7.25,7.42,7.2,7.35,7.25,0.1,1.38,16144.0,11777.387,,,,,,,,,,,,,,,,,,1.1
600150,中国船舶,船舶,上海,19980520,600150.SH,20000418,7.17,7.3,7.1,7.25,7.17,0.08,1.12,10977.0,7919.095,,,,,,,,,,,,,,,,,,1.1
600150,中国船舶,船舶,上海,19980520,600150.SH,20000417,7.3,7.3,7.08,7.17,7.3,-0.13,-1.78,13790.0,9885.366,,,,,,,,,,,,,,,,,,1.1
600150,中国船舶,船舶,上海,19980520,600150.SH,20000414,7.28,7.43,7.18,7.3,7.21,0.09,1.25,15513.0,11303.693,,,,,,,,,,,,,,,,,,1.1
600150,中国船舶,船舶,上海,19980520,600150.SH,20000413,7.33,7.36,7.15,7.21,7.32,-0.11,-1.5,13550.0,9774.274,,,,,,,,,,,,,,,,,,1.1
600150,中国船舶,船舶,上海,19980520,600150.SH,20000412,7.1,7.45,7.06,7.32,7.12,0.2,2.81,14700.0,10603.282,,,,,,,,,,,,,,,,,,1.1
600150,中国船舶,船舶,上海,19980520,600150.SH,20000411,7.08,7.29,7.03,7.12,7.29,-0.17,-2.33,12614.0,9039.62,,,,,,,,,,,,,,,,,,1.1
600150,中国船舶,船舶,上海,19980520,600150.SH,20000410,7.32,7.37,7.26,7.29,7.26,0.03,0.41,12723.0,9288.276,,,,,,,,,,,,,,,,,,1.1
600150,中国船舶,船舶,上海,19980520,600150.SH,20000407,7.24,7.34,7.2,7.26,7.23,0.03,0.41,12847.0,9341.019,,,,,,,,,,,,,,,,,,1.1
600150,中国船舶,船舶,上海,19980520,600150.SH,20000406,7.12,7.25,7.12,7.23,7.12,0.11,1.54,14053.0,10079.186,,,,,,,,,,,,,,,,,,1.1
600150,中国船舶,船舶,上海,19980520,600150.SH,20000405,7.15,7.23,7.0,7.12,7.15,-0.03,-0.42,15588.0,11100.322,,,,,,,,,,,,,,,,,,1.1
600150,中国船舶,船舶,上海,19980520,600150.SH,20000404,7.47,7.47,7.1,7.15,7.47,-0.32,-4.28,20057.0,14528.107,,,,,,,,,,,,,,,,,,1.1
600150,中国船舶,船舶,上海,19980520,600150.SH,20000403,7.5,7.79,7.4,7.47,7.48,-0.01,-0.13,21627.0,16369.797,,,,,,,,,,,,,,,,,,1.1
600150,中国船舶,船舶,上海,19980520,600150.SH,20000331,7.35,7.59,7.34,7.48,7.34,0.14,1.91,29089.0,21723.294,,,,,,,,,,,,,,,,,,1.1
600150,中国船舶,船舶,上海,19980520,600150.SH,20000330,7.39,7.45,7.21,7.34,7.26,0.08,1.1,18875.0,13776.56,,,,,,,,,,,,,,,,,,1.1
600150,中国船舶,船舶,上海,19980520,600150.SH,20000329,7.45,7.55,7.12,7.26,7.38,-0.12,-1.63,21643.0,15790.356,,,,,,,,,,,,,,,,,,1.1
600150,中国船舶,船舶,上海,19980520,600150.SH,20000328,7.28,7.58,7.22,7.38,7.22,0.16,2.22,30434.0,22544.138,,,,,,,,,,,,,,,,,,1.1
600150,中国船舶,船舶,上海,19980520,600150.SH,20000327,7.05,7.38,7.03,7.22,7.06,0.16,2.27,20632.0,14861.898,,,,,,,,,,,,,,,,,,1.1
600150,中国船舶,船舶,上海,19980520,600150.SH,20000324,7.08,7.4,7.02,7.06,7.07,-0.01,-0.14,22661.0,16254.572,,,,,,,,,,,,,,,,,,1.1
600150,中国船舶,船舶,上海,19980520,600150.SH,20000323,7.04,7.11,6.95,7.07,7.03,0.04,0.57,14259.0,10044.898,,,,,,,,,,,,,,,,,,1.1
600150,中国船舶,船舶,上海,19980520,600150.SH,20000322,6.95,7.09,6.78,7.03,6.95,0.08,1.15,15658.0,10804.654,,,,,,,,,,,,,,,,,,1.1
600150,中国船舶,船舶,上海,19980520,600150.SH,20000321,7.08,7.12,6.85,6.95,7.04,-0.09,-1.28,16992.0,11791.916,,,,,,,,,,,,,,,,,,1.1
600150,中国船舶,船舶,上海,19980520,600150.SH,20000320,6.88,7.18,6.5,7.04,6.69,0.35,5.23,26128.0,18338.93,,,,,,,,,,,,,,,,,,1.1
600150,中国船舶,船舶,上海,19980520,600150.SH,20000317,6.47,6.85,6.47,6.69,6.47,0.22,3.4,17664.0,11817.642,,,,,,,,,,,,,,,,,,1.1
600150,中国船舶,船舶,上海,19980520,600150.SH,20000316,7.09,7.09,6.45,6.47,7.17,-0.7,-9.76,34990.0,23584.95,,,,,,,,,,,,,,,,,,1.1
600150,中国船舶,船舶,上海,19980520,600150.SH,20000315,7.28,7.46,7.1,7.17,7.28,-0.11,-1.51,84097.0,61308.263,,,,,,,,,,,,,,,,,,1.1
600150,中国船舶,船舶,上海,19980520,600150.SH,20000314,6.62,7.28,6.41,7.28,6.62,0.66,9.97,99106.0,69437.062,,,,,,,,,,,,,,,,,,1.1
600150,中国船舶,船舶,上海,19980520,600150.SH,20000313,6.38,6.67,6.38,6.62,6.38,0.24,3.76,10197.0,6622.6,,,,,,,,,,,,,,,,,,1.1
600150,中国船舶,船舶,上海,19980520,600150.SH,20000310,6.6,6.65,6.35,6.38,6.62,-0.24,-3.63,9733.0,6294.008,,,,,,,,,,,,,,,,,,1.1
600150,中国船舶,船舶,上海,19980520,600150.SH,20000309,6.45,6.74,6.4,6.62,6.45,0.17,2.64,18221.0,12042.48,,,,,,,,,,,,,,,,,,1.1
600150,中国船舶,船舶,上海,19980520,600150.SH,20000308,6.4,6.5,6.32,6.45,6.4,0.05,0.78,9690.0,6224.407,,,,,,,,,,,,,,,,,,1.1
600150,中国船舶,船舶,上海,19980520,600150.SH,20000307,6.3,6.41,6.22,6.4,6.43,-0.03,-0.47,13192.0,8310.573,,,,,,,,,,,,,,,,,,1.1
600150,中国船舶,船舶,上海,19980520,600150.SH,20000306,6.66,6.7,6.4,6.43,6.64,-0.21,-3.16,16437.0,10764.806,,,,,,,,,,,,,,,,,,1.1
600150,中国船舶,船舶,上海,19980520,600150.SH,20000303,6.58,6.82,6.42,6.64,6.54,0.1,1.53,21702.0,14328.152,,,,,,,,,,,,,,,,,,1.1
600150,中国船舶,船舶,上海,19980520,600150.SH,20000302,6.7,6.79,6.46,6.54,6.76,-0.22,-3.25,24357.0,16089.599,,,,,,,,,,,,,,,,,,1.1
600150,中国船舶,船舶,上海,19980520,600150.SH,20000301,6.84,6.99,6.65,6.76,6.84,-0.08,-1.17,30495.0,20733.556,,,,,,,,,,,,,,,,,,1.1
600150,中国船舶,船舶,上海,19980520,600150.SH,20000229,6.5,7.08,6.38,6.84,6.48,0.36,5.56,59874.0,40221.968,,,,,,,,,,,,,,,,,,1.1
600150,中国船舶,船舶,上海,19980520,600150.SH,20000228,6.44,6.68,6.35,6.48,6.4,0.08,1.25,40733.0,26576.534,,,,,,,,,,,,,,,,,,1.1
600150,中国船舶,船舶,上海,19980520,600150.SH,20000225,6.25,6.45,6.18,6.4,6.23,0.17,2.73,26079.0,16414.935,,,,,,,,,,,,,,,,,,1.1
600150,中国船舶,船舶,上海,19980520,600150.SH,20000224,6.3,6.45,6.15,6.23,6.33,-0.1,-1.58,31389.0,19790.844,,,,,,,,,,,,,,,,,,1.1
600150,中国船舶,船舶,上海,19980520,600150.SH,20000223,5.9,6.37,5.87,6.33,5.94,0.39,6.57,43426.0,26791.753,,,,,,,,,,,,,,,,,,1.1
600150,中国船舶,船舶,上海,19980520,600150.SH,20000222,5.95,6.22,5.85,5.94,5.9,0.04,0.68,33095.0,20061.975,,,,,,,,,,,,,,,,,,1.1
600150,中国船舶,船舶,上海,19980520,600150.SH,20000221,5.84,5.93,5.69,5.9,5.82,0.08,1.37,20609.0,11974.336,,,,,,,,,,,,,,,,,,1.1
600150,中国船舶,船舶,上海,19980520,600150.SH,20000218,5.9,5.95,5.8,5.82,5.9,-0.08,-1.36,11363.0,6648.764,,,,,,,,,,,,,,,,,,1.1
600150,中国船舶,船舶,上海,19980520,600150.SH,20000217,6.16,6.24,5.83,5.9,6.18,-0.28,-4.53,27170.0,16451.159,,,,,,,,,,,,,,,,,,1.1
600150,中国船舶,船舶,上海,19980520,600150.SH,20000216,5.9,6.28,5.7,6.18,5.94,0.24,4.04,33169.0,19693.337,,,,,,,,,,,,,,,,,,1.1
600150,中国船舶,船舶,上海,19980520,600150.SH,20000215,6.2,6.2,5.88,5.94,6.2,-0.26,-4.19,30291.0,18153.343,,,,,,,,,,,,,,,,,,1.1
600150,中国船舶,船舶,上海,19980520,600150.SH,20000214,5.96,6.22,5.75,6.2,5.75,0.45,7.83,23086.0,13854.0,,,,,,,,,,,,,,,,,,1.1
600150,中国船舶,船舶,上海,19980520,600150.SH,20000128,5.84,5.88,5.61,5.75,5.84,-0.09,-1.54,12494.0,7120.954,,,,,,,,,,,,,,,,,,1.1
600150,中国船舶,船舶,上海,19980520,600150.SH,20000127,6.07,6.14,5.8,5.84,6.09,-0.25,-4.11,23884.0,14237.418,,,,,,,,,,,,,,,,,,1.1
600150,中国船舶,船舶,上海,19980520,600150.SH,20000126,5.6,6.14,5.6,6.09,5.64,0.45,7.98,28974.0,17265.478,,,,,,,,,,,,,,,,,,1.1
600150,中国船舶,船舶,上海,19980520,600150.SH,20000125,5.55,5.72,5.52,5.64,5.59,0.05,0.89,9243.0,5194.785,,,,,,,,,,,,,,,,,,1.1
600150,中国船舶,船舶,上海,19980520,600150.SH,20000124,5.78,5.8,5.5,5.59,5.77,-0.18,-3.12,15106.0,8461.001,,,,,,,,,,,,,,,,,,1.1
600150,中国船舶,船舶,上海,19980520,600150.SH,20000121,5.76,5.94,5.75,5.77,5.75,0.02,0.35,10791.0,6285.315,,,,,,,,,,,,,,,,,,1.1
600150,中国船舶,船舶,上海,19980520,600150.SH,20000120,5.83,5.83,5.71,5.75,5.84,-0.09,-1.54,8325.0,4781.621,,,,,,,,,,,,,,,,,,1.1
600150,中国船舶,船舶,上海,19980520,600150.SH,20000119,5.82,5.89,5.73,5.84,5.86,-0.02,-0.34,5074.0,2946.79,,,,,,,,,,,,,,,,,,1.1
600150,中国船舶,船舶,上海,19980520,600150.SH,20000118,5.78,5.86,5.68,5.86,5.8,0.06,1.03,9802.0,5615.031,,,,,,,,,,,,,,,,,,1.1
600150,中国船舶,船舶,上海,19980520,600150.SH,20000117,5.94,5.94,5.65,5.8,5.94,-0.14,-2.36,13418.0,7720.348,,,,,,,,,,,,,,,,,,1.1
600150,中国船舶,船舶,上海,19980520,600150.SH,20000114,6.11,6.13,5.82,5.94,6.12,-0.18,-2.94,17590.0,10489.1,,,,,,,,,,,,,,,,,,1.1
600150,中国船舶,船舶,上海,19980520,600150.SH,20000113,6.11,6.4,6.1,6.12,6.75,-0.63,-9.33,22236.0,13735.225,,,,,,,,,,,,,,,,,,1.1
600150,中国船舶,船舶,上海,19980520,600150.SH,20000112,6.98,6.98,6.48,6.75,6.52,0.23,3.53,16574.0,11165.345,,,,,,,,,,,,,,,,,,1.1
600150,中国船舶,船舶,上海,19980520,600150.SH,20000111,6.9,6.92,6.47,6.52,6.9,-0.38,-5.51,8160.0,5468.986,,,,,,,,,,,,,,,,,,1.1
600150,中国船舶,船舶,上海,19980520,600150.SH,20000110,6.87,7.0,6.7,6.9,6.81,0.09,1.32,13277.0,9035.804,,,,,,,,,,,,,,,,,,1.1
600150,中国船舶,船舶,上海,19980520,600150.SH,20000107,6.7,6.88,6.65,6.81,6.65,0.16,2.41,14102.0,9518.513,,,,,,,,,,,,,,,,,,1.1
600150,中国船舶,船舶,上海,19980520,600150.SH,20000106,6.4,6.68,6.3,6.65,6.4,0.25,3.91,5830.0,3787.137,,,,,,,,,,,,,,,,,,1.1
600150,中国船舶,船舶,上海,19980520,600150.SH,20000105,6.44,6.55,6.35,6.4,6.44,-0.04,-0.62,3935.0,2546.546,,,,,,,,,,,,,,,,,,1.1
600150,中国船舶,船舶,上海,19980520,600150.SH,20000104,6.2,6.55,6.2,6.44,6.31,0.13,2.06,2293.0,1476.413,,,,,,,,,,,,,,,,,,1.1
