股票代码,名称,所属行业,地域,上市日期,TS代码,交易日期,开盘价,最高价,最低价,收盘价,前收盘价,涨跌额,涨跌幅(%),成交量(手),成交额(千元),换手率(%),换手率(自由流通股),量比,市盈率,"市盈率(TTM,亏损的PE为空)",市净率,市销率,市销率(TTM),股息率(%),股息率(TTM)(%),总股本(万股),流通股本(万股),自由流通股本(万股),总市值(万元),流通市值(万元),今日涨停价,今日跌停价,复权因子
600782,新钢股份,普钢,江西,19961225,600782.SH,20251205,3.83,3.9,3.81,3.89,3.84,0.05,1.3021,347761.36,134234.947,1.1055,2.0743,0.79,377.6641,12.7414,0.468,0.2961,0.3271,3.8113,0.2571,318254.2149,314565.2149,167653.3152,1238008.896,1223658.686,4.22,3.46,14.1392
600782,新钢股份,普钢,江西,19961225,600782.SH,20251204,3.86,3.88,3.82,3.84,3.87,-0.03,-0.7752,366905.62,141073.502,1.1664,2.1885,0.82,372.8099,12.5776,0.462,0.2923,0.3229,3.861,0.2604,318254.2149,314565.2149,167653.3152,1222096.1852,1207930.4252,4.26,3.48,14.1392
600782,新钢股份,普钢,江西,19961225,600782.SH,20251203,3.87,3.92,3.84,3.87,3.88,-0.01,-0.2577,486671.18,189049.1,1.5471,2.9028,1.12,375.7224,12.6759,0.4656,0.2946,0.3254,3.831,0.2584,318254.2149,314565.2149,167653.3152,1231643.8117,1217367.3817,4.27,3.49,14.1392
600782,新钢股份,普钢,江西,19961225,600782.SH,20251202,3.84,3.89,3.82,3.88,3.86,0.02,0.5181,394356.05,152328.333,1.2537,2.3522,0.88,376.6933,12.7086,0.4668,0.2954,0.3263,3.8212,0.2577,318254.2149,314565.2149,167653.3152,1234826.3538,1220513.0338,4.25,3.47,14.1392
600782,新钢股份,普钢,江西,19961225,600782.SH,20251201,3.82,3.88,3.8,3.86,3.81,0.05,1.3123,576183.21,221704.623,1.8317,3.4368,1.27,374.7516,12.6431,0.4644,0.2939,0.3246,3.841,0.2591,318254.2149,314565.2149,167653.3152,1228461.2695,1214221.7295,4.19,3.43,14.1392
600782,新钢股份,普钢,江西,19961225,600782.SH,20251128,3.79,3.84,3.74,3.81,3.8,0.01,0.2632,364183.14,138262.893,1.1577,2.1722,0.74,369.8973,12.4794,0.4584,0.2901,0.3204,3.8914,0.2625,318254.2149,314565.2149,167653.3152,1212548.5588,1198493.4688,4.18,3.42,14.1392
600782,新钢股份,普钢,江西,19961225,600782.SH,20251127,3.84,3.84,3.79,3.8,3.84,-0.04,-1.0417,407738.62,155781.269,1.2962,2.432,0.82,368.9264,12.4466,0.4572,0.2893,0.3195,3.9016,0.2632,318254.2149,314565.2149,167653.3152,1209366.0166,1195347.8166,4.22,3.46,14.1392
600782,新钢股份,普钢,江西,19961225,600782.SH,20251126,3.89,3.91,3.83,3.84,3.89,-0.05,-1.2853,428551.21,166051.781,1.3624,2.5562,0.8,372.8099,12.5776,0.462,0.2923,0.3229,3.861,0.2604,318254.2149,314565.2149,167653.3152,1222096.1852,1207930.4252,4.28,3.5,14.1392
600782,新钢股份,普钢,江西,19961225,600782.SH,20251125,3.89,3.92,3.87,3.89,3.89,0.0,0.0,476363.19,185514.759,1.5144,2.8414,0.83,377.6641,12.7414,0.468,0.2961,0.3271,3.8113,0.2571,318254.2149,314565.2149,167653.3152,1238008.896,1223658.686,4.28,3.5,14.1392
600782,新钢股份,普钢,江西,19961225,600782.SH,20251124,3.98,3.98,3.88,3.89,3.96,-0.07,-1.7677,599068.08,235916.653,1.9044,3.5733,1.12,377.6641,12.7414,0.468,0.2961,0.3271,3.8113,0.2571,318254.2149,314565.2149,167653.3152,1238008.896,1223658.686,4.36,3.56,14.1392
600782,新钢股份,普钢,江西,19961225,600782.SH,20251121,4.04,4.05,3.95,3.96,4.07,-0.11,-2.7027,547311.53,218500.835,1.7399,3.2645,1.03,384.4602,12.9707,0.4765,0.3015,0.333,3.744,0.2525,318254.2149,314565.2149,167653.3152,1260286.691,1245678.251,4.48,3.66,14.1392
600782,新钢股份,普钢,江西,19961225,600782.SH,20251120,4.07,4.1,4.03,4.07,4.08,-0.01,-0.2451,429310.08,174567.613,1.3648,2.5607,0.71,395.1396,13.331,0.4897,0.3099,0.3422,3.6428,0.2457,318254.2149,314565.2149,167653.3152,1295294.6546,1280280.4246,4.49,3.67,14.1392
600782,新钢股份,普钢,江西,19961225,600782.SH,20251119,4.11,4.15,4.02,4.08,4.12,-0.04,-0.9709,619421.72,251488.197,1.9691,3.6947,1.05,396.1105,13.3637,0.4909,0.3106,0.3431,3.6339,0.2451,318254.2149,314565.2149,167653.3152,1298477.1968,1283426.0768,4.53,3.71,14.1392
600782,新钢股份,普钢,江西,19961225,600782.SH,20251118,4.29,4.3,4.1,4.12,4.29,-0.17,-3.9627,680351.59,283396.783,2.1628,4.0581,1.21,399.9939,13.4947,0.4957,0.3137,0.3464,3.5986,0.2427,318254.2149,314565.2149,167653.3152,1311207.3654,1296008.6854,4.72,3.86,14.1392
600782,新钢股份,普钢,江西,19961225,600782.SH,20251117,4.31,4.36,4.27,4.29,4.31,-0.02,-0.464,388582.11,167018.564,1.2353,2.3178,0.65,416.4985,14.0516,0.5162,0.3266,0.3607,3.456,0.2331,318254.2149,314565.2149,167653.3152,1365310.5819,1349484.7719,4.74,3.88,14.1392
600782,新钢股份,普钢,江西,19961225,600782.SH,20251114,4.33,4.39,4.28,4.31,4.36,-0.05,-1.1468,547979.38,237235.998,1.742,3.2685,0.91,418.4402,14.1171,0.5186,0.3281,0.3624,3.4399,0.232,318254.2149,314565.2149,167653.3152,1371675.6662,1355776.0762,4.8,3.92,14.1392
600782,新钢股份,普钢,江西,19961225,600782.SH,20251113,4.24,4.39,4.22,4.36,4.26,0.1,2.3474,782488.51,336904.042,2.4875,4.6673,1.44,423.2945,14.2808,0.5246,0.3319,0.3666,3.4005,0.2294,318254.2149,314565.2149,167653.3152,1387588.377,1371504.337,4.69,3.83,14.1392
600782,新钢股份,普钢,江西,19961225,600782.SH,20251112,4.23,4.28,4.19,4.26,4.25,0.01,0.2353,547654.15,232281.261,1.741,3.2666,1.03,413.5859,13.9533,0.5125,0.3243,0.3582,3.4803,0.2347,318254.2149,314565.2149,167653.3152,1355762.9555,1340047.8155,4.68,3.83,14.1392
600782,新钢股份,普钢,江西,19961225,600782.SH,20251111,4.23,4.27,4.19,4.25,4.25,0.0,0.0,554479.17,234979.426,1.7627,3.3073,1.06,412.6151,13.9205,0.5113,0.3236,0.3574,3.4885,0.2353,318254.2149,314565.2149,167653.3152,1352580.4133,1336902.1633,4.68,3.83,14.1392
600782,新钢股份,普钢,江西,19961225,600782.SH,20251110,4.25,4.27,4.15,4.25,4.27,-0.02,-0.4684,577851.62,243255.252,1.837,3.4467,1.1,412.6151,13.9205,0.5113,0.3236,0.3574,3.4885,0.2353,318254.2149,314565.2149,167653.3152,1352580.4133,1336902.1633,4.7,3.84,14.1392
600782,新钢股份,普钢,江西,19961225,600782.SH,20251107,4.24,4.29,4.22,4.27,4.26,0.01,0.2347,536162.34,228309.385,1.7045,3.198,0.97,414.5568,13.986,0.5137,0.3251,0.359,3.4722,0.2342,318254.2149,314565.2149,167653.3152,1358945.4976,1343193.4676,4.69,3.83,14.1392
600782,新钢股份,普钢,江西,19961225,600782.SH,20251106,4.18,4.28,4.16,4.26,4.18,0.08,1.9139,497335.42,210157.278,1.581,2.9665,0.67,413.5859,13.9533,0.5125,0.3243,0.3582,3.4803,0.2347,318254.2149,314565.2149,167653.3152,1355762.9555,1340047.8155,4.6,3.76,14.1392
600782,新钢股份,普钢,江西,19961225,600782.SH,20251105,4.14,4.21,4.12,4.18,4.18,0.0,0.0,481947.29,201038.223,1.5321,2.8747,0.68,405.8191,13.6913,0.5029,0.3182,0.3515,3.5469,0.2392,318254.2149,314565.2149,167653.3152,1330302.6183,1314882.5983,4.6,3.76,14.1392
600782,新钢股份,普钢,江西,19961225,600782.SH,20251104,4.22,4.27,4.15,4.18,4.23,-0.05,-1.182,518320.34,218701.295,1.6477,3.0916,0.75,405.8191,13.6913,0.5029,0.3182,0.3515,3.5469,0.2392,318254.2149,314565.2149,167653.3152,1330302.6183,1314882.5983,4.65,3.81,14.1392
600782,新钢股份,普钢,江西,19961225,600782.SH,20251103,4.22,4.24,4.15,4.23,4.2,0.03,0.7143,597862.33,251117.118,1.9006,3.5661,0.83,410.6734,13.855,0.5089,0.322,0.3557,3.505,0.2364,318254.2149,314565.2149,167653.3152,1346215.329,1330610.859,4.62,3.78,14.1392
600782,新钢股份,普钢,江西,19961225,600782.SH,20251031,4.24,4.26,4.19,4.2,4.24,-0.04,-0.9434,674801.0,285086.719,2.1452,4.025,0.94,407.7608,13.7568,0.5053,0.3197,0.3532,3.53,0.2381,318254.2149,314565.2149,167653.3152,1336667.7026,1321173.9026,4.66,3.82,14.1392
600782,新钢股份,普钢,江西,19961225,600782.SH,20251030,4.09,4.33,4.09,4.24,4.01,0.23,5.7357,1423422.55,606124.702,4.525,8.4903,2.8,411.6442,13.8878,0.5101,0.3228,0.3565,3.4967,0.2358,318254.2149,314565.2149,167653.3152,1349397.8712,1333756.5112,4.41,3.61,14.1392
600782,新钢股份,普钢,江西,19961225,600782.SH,20251029,3.99,4.02,3.96,4.01,4.0,0.01,0.25,347368.33,138496.46,1.1043,2.0719,0.69,389.3145,58.1804,0.4871,0.3053,0.337,3.6973,0.2494,318254.2149,314565.2149,167653.3152,1276199.4017,1261406.5117,4.4,3.6,14.1392
600782,新钢股份,普钢,江西,19961225,600782.SH,20251028,4.06,4.08,3.98,4.0,4.07,-0.07,-1.7199,430466.81,172806.249,1.3685,2.5676,0.88,388.3436,58.0354,0.4859,0.3045,0.3361,3.7065,0.25,318254.2149,314565.2149,167653.3152,1273016.8596,1258260.8596,4.48,3.66,14.1392
600782,新钢股份,普钢,江西,19961225,600782.SH,20251027,3.98,4.1,3.97,4.07,3.97,0.1,2.5189,733900.7,297264.12,2.3331,4.3775,1.76,395.1396,59.051,0.4944,0.3099,0.342,3.6428,0.2457,318254.2149,314565.2149,167653.3152,1295294.6546,1280280.4246,4.37,3.57,14.1392
600782,新钢股份,普钢,江西,19961225,600782.SH,20251024,4.07,4.09,3.94,3.97,4.08,-0.11,-2.6961,663672.0,264888.314,2.1098,3.9586,1.73,385.431,57.6001,0.4822,0.3022,0.3336,3.7345,0.2519,318254.2149,314565.2149,167653.3152,1263469.2332,1248823.9032,4.49,3.67,14.1392
600782,新钢股份,普钢,江西,19961225,600782.SH,20251023,4.06,4.08,3.98,4.08,4.06,0.02,0.4926,370817.19,149309.672,1.1788,2.2118,0.84,396.1105,59.1961,0.4956,0.3106,0.3429,3.6339,0.2451,318254.2149,314565.2149,167653.3152,1298477.1968,1283426.0768,4.47,3.65,14.1392
600782,新钢股份,普钢,江西,19961225,600782.SH,20251022,4.05,4.11,4.03,4.06,4.07,-0.01,-0.2457,334879.99,136343.325,1.0646,1.9975,0.69,394.1687,58.9059,0.4932,0.3091,0.3412,3.6518,0.2463,318254.2149,314565.2149,167653.3152,1292112.1125,1277134.7725,4.48,3.66,14.1392
600782,新钢股份,普钢,江西,19961225,600782.SH,20251021,4.04,4.08,4.01,4.07,4.03,0.04,0.9926,330984.0,134273.98,1.0522,1.9742,0.62,395.1396,59.051,0.4944,0.3099,0.342,3.6428,0.2457,318254.2149,314565.2149,167653.3152,1295294.6546,1280280.4246,4.43,3.63,14.1392
600782,新钢股份,普钢,江西,19961225,600782.SH,20251020,4.07,4.08,3.99,4.03,4.05,-0.02,-0.4938,384916.0,155469.261,1.2236,2.2959,0.69,391.2562,58.4706,0.4895,0.3068,0.3387,3.6789,0.2481,318254.2149,314565.2149,167653.3152,1282564.486,1267697.816,4.46,3.65,14.1392
600782,新钢股份,普钢,江西,19961225,600782.SH,20251017,4.05,4.17,4.04,4.05,4.06,-0.01,-0.2463,491218.0,201509.66,1.5616,2.93,0.87,393.1979,58.7608,0.4919,0.3083,0.3403,3.6608,0.2469,318254.2149,314565.2149,167653.3152,1288929.5703,1273989.1203,4.47,3.65,14.1392
600782,新钢股份,普钢,江西,19961225,600782.SH,20251016,4.18,4.19,4.02,4.06,4.2,-0.14,-3.3333,672374.0,274086.604,2.1375,4.0105,,394.1687,58.9059,0.4932,0.3091,0.3412,3.6518,0.2463,318254.2149,314565.2149,167653.3152,1292112.1125,1277134.7725,4.62,3.78,14.1392
600782,新钢股份,普钢,江西,19961225,600782.SH,20251015,4.15,4.29,4.14,4.2,4.13,0.07,1.6949,551198.44,232165.82,1.7523,3.2877,1.12,407.7608,60.9371,0.5102,0.3197,0.3529,3.53,0.2381,318254.2149,314565.2149,167653.3152,1336667.7026,1321173.9026,4.54,3.72,14.1392
600782,新钢股份,普钢,江西,19961225,600782.SH,20251014,4.23,4.28,4.09,4.13,4.23,-0.1,-2.3641,563328.0,237046.563,1.7908,3.3601,1.21,400.9648,59.9215,0.5017,0.3144,0.3471,3.5899,0.2421,318254.2149,314565.2149,167653.3152,1314389.9075,1299154.3375,4.65,3.81,14.1392
600782,新钢股份,普钢,江西,19961225,600782.SH,20251013,4.17,4.24,4.12,4.23,4.26,-0.03,-0.7042,500265.6,208883.584,1.5903,2.9839,1.18,410.6734,61.3724,0.5138,0.322,0.3555,3.505,0.2364,318254.2149,314565.2149,167653.3152,1346215.329,1330610.859,4.69,3.83,14.1392
600782,新钢股份,普钢,江西,19961225,600782.SH,20251010,4.13,4.27,4.12,4.26,4.16,0.1,2.4038,546459.29,231149.28,1.7372,3.2595,1.41,413.5859,61.8076,0.5175,0.3243,0.358,3.4803,0.2347,318254.2149,314565.2149,167653.3152,1355762.9555,1340047.8155,4.58,3.74,14.1392
600782,新钢股份,普钢,江西,19961225,600782.SH,20251009,4.18,4.21,4.12,4.16,4.18,-0.02,-0.4785,424985.5,176351.999,1.351,2.5349,1.17,403.8773,60.3568,0.5053,0.3167,0.3496,3.564,0.2404,318254.2149,314565.2149,167653.3152,1323937.534,1308591.294,4.6,3.76,14.1392
600782,新钢股份,普钢,江西,19961225,600782.SH,20250930,4.09,4.2,4.08,4.18,4.1,0.08,1.9512,416967.33,173372.895,1.3255,2.4871,1.19,405.8191,60.6469,0.5077,0.3182,0.3513,3.5469,0.2392,318254.2149,314565.2149,167653.3152,1330302.6183,1314882.5983,4.51,3.69,14.1392
600782,新钢股份,普钢,江西,19961225,600782.SH,20250929,4.03,4.11,3.94,4.1,4.05,0.05,1.2346,444700.0,179740.943,1.4137,2.6525,1.2,398.0522,59.4862,0.498,0.3121,0.3445,3.6161,0.2439,318254.2149,314565.2149,167653.3152,1304842.2811,1289717.3811,4.46,3.65,14.1392
600782,新钢股份,普钢,江西,19961225,600782.SH,20250926,3.99,4.08,3.99,4.05,4.01,0.04,0.9975,289061.45,116806.599,0.9189,1.7242,0.69,393.1979,58.7608,0.4919,0.3083,0.3403,3.6608,0.2469,318254.2149,314565.2149,167653.3152,1288929.5703,1273989.1203,4.41,3.61,14.1392
600782,新钢股份,普钢,江西,19961225,600782.SH,20250925,4.02,4.05,3.98,4.01,4.02,-0.01,-0.2488,361176.81,144557.912,1.1482,2.1543,0.74,389.3145,58.1804,0.4871,0.3053,0.337,3.6973,0.2494,318254.2149,314565.2149,167653.3152,1276199.4017,1261406.5117,4.42,3.62,14.1392
600782,新钢股份,普钢,江西,19961225,600782.SH,20250924,3.99,4.03,3.98,4.02,4.02,0.0,0.0,299280.23,119860.223,0.9514,1.7851,0.57,390.2853,58.3255,0.4883,0.306,0.3378,3.6881,0.2488,318254.2149,314565.2149,167653.3152,1279381.9439,1264552.1639,4.42,3.62,14.1392
600782,新钢股份,普钢,江西,19961225,600782.SH,20250923,4.08,4.09,3.95,4.02,4.1,-0.08,-1.9512,358094.0,143489.332,1.1384,2.1359,0.61,390.2853,58.3255,0.4883,0.306,0.3378,3.6881,0.2488,318254.2149,314565.2149,167653.3152,1279381.9439,1264552.1639,4.51,3.69,14.1392
600782,新钢股份,普钢,江西,19961225,600782.SH,20250922,4.16,4.18,4.03,4.1,4.2,-0.1,-2.381,549579.0,223789.977,1.7471,3.2781,0.85,398.0522,59.4862,0.498,0.3121,0.3445,3.6161,0.2439,318254.2149,314565.2149,167653.3152,1304842.2811,1289717.3811,4.62,3.78,14.1392
600782,新钢股份,普钢,江西,19961225,600782.SH,20250919,4.19,4.29,4.1,4.2,4.19,0.01,0.2387,532656.64,223060.817,1.6933,3.1771,0.73,407.7608,60.9371,0.5102,0.3197,0.3529,3.53,0.2381,318254.2149,314565.2149,167653.3152,1336667.7026,1321173.9026,4.61,3.77,14.1392
600782,新钢股份,普钢,江西,19961225,600782.SH,20250918,4.29,4.32,4.16,4.19,4.32,-0.13,-3.0093,709849.41,301246.031,2.2566,4.234,1.08,406.7899,60.792,0.5089,0.319,0.3521,3.5385,0.2387,318254.2149,314565.2149,167653.3152,1333485.1604,1318028.2504,4.75,3.89,14.1392
600782,新钢股份,普钢,江西,19961225,600782.SH,20250917,4.29,4.34,4.23,4.32,4.3,0.02,0.4651,460180.75,198097.147,1.4629,2.7448,0.72,419.4111,62.6782,0.5247,0.3289,0.363,3.432,0.2315,318254.2149,314565.2149,167653.3152,1374858.2084,1358921.7284,4.73,3.87,14.1392
600782,新钢股份,普钢,江西,19961225,600782.SH,20250916,4.23,4.32,4.17,4.3,4.23,0.07,1.6548,695848.17,295631.133,2.2121,4.1505,1.09,417.4694,62.388,0.5223,0.3274,0.3613,3.4479,0.2326,318254.2149,314565.2149,167653.3152,1368493.1241,1352630.4241,4.65,3.81,14.1392
600782,新钢股份,普钢,江西,19961225,600782.SH,20250915,4.31,4.33,4.14,4.23,4.32,-0.09,-2.0833,832678.44,350813.483,2.6471,4.9667,1.28,410.6734,61.3724,0.5138,0.322,0.3555,3.505,0.2364,318254.2149,314565.2149,167653.3152,1346215.329,1330610.859,4.75,3.89,14.1392
600782,新钢股份,普钢,江西,19961225,600782.SH,20250912,4.15,4.42,4.13,4.32,4.16,0.16,3.8462,948688.78,407739.745,3.0159,5.6586,1.7,419.4111,62.6782,0.5247,0.3289,0.363,3.432,0.2315,318254.2149,314565.2149,167653.3152,1374858.2084,1358921.7284,4.58,3.74,14.1392
600782,新钢股份,普钢,江西,19961225,600782.SH,20250911,4.11,4.16,4.07,4.16,4.12,0.04,0.9709,341436.99,140475.704,1.0854,2.0366,0.58,403.8773,60.3568,0.5053,0.3167,0.3496,3.564,0.2404,318254.2149,314565.2149,167653.3152,1323937.534,1308591.294,4.53,3.71,14.1392
600782,新钢股份,普钢,江西,19961225,600782.SH,20250910,4.15,4.15,4.07,4.12,4.18,-0.06,-1.4354,385490.2,158169.37,1.2255,2.2993,0.66,399.9939,59.7764,0.5004,0.3137,0.3462,3.5986,0.2427,318254.2149,314565.2149,167653.3152,1311207.3654,1296008.6854,4.6,3.76,14.1392
600782,新钢股份,普钢,江西,19961225,600782.SH,20250909,4.17,4.23,4.12,4.18,4.17,0.01,0.2398,676667.62,282921.765,2.1511,4.0361,1.2,405.8191,60.6469,0.5077,0.3182,0.3513,3.5469,0.2392,318254.2149,314565.2149,167653.3152,1330302.6183,1314882.5983,4.59,3.75,14.1392
600782,新钢股份,普钢,江西,19961225,600782.SH,20250908,3.99,4.2,3.97,4.17,3.99,0.18,4.5113,896569.0,366840.593,2.8502,5.3478,1.73,404.8482,60.5019,0.5065,0.3175,0.3504,3.5554,0.2398,318254.2149,314565.2149,167653.3152,1327120.0761,1311736.9461,4.39,3.59,14.1392
600782,新钢股份,普钢,江西,19961225,600782.SH,20250905,3.96,4.0,3.9,3.99,3.97,0.02,0.5038,485523.47,191251.446,1.5435,2.896,0.8,387.3727,57.8903,0.4847,0.3038,0.3353,3.7158,0.2506,318254.2149,314565.2149,167653.3152,1269834.3175,1255115.2075,4.37,3.57,14.1392
600782,新钢股份,普钢,江西,19961225,600782.SH,20250904,3.99,4.02,3.93,3.97,3.98,-0.01,-0.2513,474327.21,188073.255,1.5079,2.8292,0.77,385.431,57.6001,0.4822,0.3022,0.3336,3.7345,0.2519,318254.2149,314565.2149,167653.3152,1263469.2332,1248823.9032,4.38,3.58,14.1392
600782,新钢股份,普钢,江西,19961225,600782.SH,20250903,4.02,4.05,3.97,3.98,4.03,-0.05,-1.2407,400425.15,159952.08,1.2729,2.3884,0.58,386.4019,57.7452,0.4834,0.303,0.3345,3.7252,0.2513,318254.2149,314565.2149,167653.3152,1266651.7753,1251969.5553,4.43,3.63,14.1392
600782,新钢股份,普钢,江西,19961225,600782.SH,20250902,4.04,4.08,3.99,4.03,4.07,-0.04,-0.9828,557644.43,225017.439,1.7727,3.3262,0.78,391.2562,58.4706,0.4895,0.3068,0.3387,3.6789,0.2481,318254.2149,314565.2149,167653.3152,1282564.486,1267697.816,4.48,3.66,14.1392
600782,新钢股份,普钢,江西,19961225,600782.SH,20250901,4.04,4.08,3.95,4.07,4.07,0.0,0.0,680437.12,273901.12,2.1631,4.0586,0.96,395.1396,59.051,0.4944,0.3099,0.342,3.6428,0.2457,318254.2149,314565.2149,167653.3152,1295294.6546,1280280.4246,4.48,3.66,14.1392
600782,新钢股份,普钢,江西,19961225,600782.SH,20250829,3.93,4.09,3.92,4.07,3.93,0.14,3.5623,924496.92,372285.335,2.939,5.5143,1.46,395.1396,59.051,0.4944,0.3099,0.342,3.6428,0.2457,318254.2149,314565.2149,167653.3152,1295294.6546,1280280.4246,4.32,3.54,14.1392
600782,新钢股份,普钢,江西,19961225,600782.SH,20250828,3.93,3.97,3.82,3.93,3.94,-0.01,-0.2538,527334.54,205997.496,1.6764,3.1454,0.85,381.5476,57.0197,0.4774,0.2992,0.3303,3.7726,0.2545,318254.2149,314565.2149,167653.3152,1250739.0646,1236241.2946,4.33,3.55,14.1392
600782,新钢股份,普钢,江西,19961225,600782.SH,20250827,4.05,4.08,3.94,3.94,4.06,-0.12,-2.9557,753533.53,303309.538,2.3955,4.4946,1.2,382.5184,57.1648,0.4786,0.3,0.3311,3.763,0.2538,318254.2149,314565.2149,167653.3152,1253921.6067,1239386.9467,4.47,3.65,14.1392
600782,新钢股份,普钢,江西,19961225,600782.SH,20250826,4.13,4.14,4.04,4.06,4.13,-0.07,-1.6949,706481.06,287432.661,2.2459,4.2139,1.19,394.1687,58.9059,0.4932,0.3091,0.3412,3.6518,0.2463,318254.2149,314565.2149,167653.3152,1292112.1125,1277134.7725,4.54,3.72,14.1392
600782,新钢股份,普钢,江西,19961225,600782.SH,20250825,4.08,4.21,4.07,4.13,4.09,0.04,0.978,616662.57,255826.546,1.9604,3.6782,0.92,400.9648,59.9215,0.5017,0.3144,0.3471,3.5899,0.2421,318254.2149,314565.2149,167653.3152,1314389.9075,1299154.3375,4.5,3.68,14.1392
600782,新钢股份,普钢,江西,19961225,600782.SH,20250822,4.16,4.17,4.04,4.09,4.16,-0.07,-1.6827,565811.0,230904.408,1.7987,3.3749,0.86,397.0813,64.6405,0.4971,0.3114,0.3316,3.625,0.2445,318254.2149,314565.2149,167653.3152,1301659.7389,1286571.7289,4.58,3.74,14.1393
600782,新钢股份,普钢,江西,19961225,600782.SH,20250821,4.15,4.22,4.14,4.16,4.16,0.0,0.0,470870.0,196392.114,1.4969,2.8086,0.69,403.8773,65.7469,0.5056,0.3167,0.3372,3.564,0.2404,318254.2149,314565.2149,167653.3152,1323937.534,1308591.294,4.58,3.74,14.1393
600782,新钢股份,普钢,江西,19961225,600782.SH,20250820,4.05,4.21,4.04,4.16,4.07,0.09,2.2113,786482.0,326361.872,2.5002,4.6911,1.31,403.8773,65.7469,0.5056,0.3167,0.3372,3.564,0.2404,318254.2149,314565.2149,167653.3152,1323937.534,1308591.294,4.48,3.66,14.1393
600782,新钢股份,普钢,江西,19961225,600782.SH,20250819,4.07,4.16,4.06,4.07,4.05,0.02,0.4938,539809.03,221846.885,1.716,3.2198,0.97,395.1396,64.3245,0.4946,0.3099,0.3299,3.6428,0.2457,318254.2149,314565.2149,167653.3152,1295294.6546,1280280.4246,4.46,3.65,14.1393
600782,新钢股份,普钢,江西,19961225,600782.SH,20250818,4.18,4.19,4.04,4.05,4.17,-0.12,-2.8777,999500.2,406953.583,3.1774,5.9617,2.13,393.1979,64.0084,0.4922,0.3083,0.3283,3.6608,0.2469,318254.2149,314565.2149,167653.3152,1288929.5703,1273989.1203,4.59,3.75,14.1393
600782,新钢股份,普钢,江西,19961225,600782.SH,20250815,4.09,4.18,4.07,4.17,4.1,0.07,1.7073,511128.11,210831.633,1.6249,3.0487,1.14,404.8482,65.9049,0.5068,0.3175,0.338,3.5554,0.2398,318254.2149,314565.2149,167653.3152,1327120.0761,1311736.9461,4.51,3.69,14.1393
600782,新钢股份,普钢,江西,19961225,600782.SH,20250814,4.23,4.24,4.09,4.1,4.23,-0.13,-3.0733,551756.08,228511.076,1.754,3.2911,1.24,398.0522,64.7986,0.4983,0.3121,0.3324,3.6161,0.2439,318254.2149,314565.2149,167653.3152,1304842.2811,1289717.3811,4.65,3.81,14.1392
600782,新钢股份,普钢,江西,19961225,600782.SH,20250813,4.25,4.28,4.22,4.23,4.26,-0.03,-0.7042,393184.0,166820.278,1.2499,2.3452,0.87,410.6734,66.8532,0.5141,0.322,0.3429,3.505,0.2364,318254.2149,314565.2149,167653.3152,1346215.329,1330610.859,4.69,3.83,14.1392
600782,新钢股份,普钢,江西,19961225,600782.SH,20250812,4.3,4.31,4.23,4.26,4.29,-0.03,-0.6993,335812.0,143244.446,1.0675,2.003,0.64,413.5859,67.3273,0.5177,0.3243,0.3453,3.4803,0.2347,318254.2149,314565.2149,167653.3152,1355762.9555,1340047.8155,4.72,3.86,14.1392
600782,新钢股份,普钢,江西,19961225,600782.SH,20250811,4.35,4.37,4.25,4.29,4.33,-0.04,-0.9238,550140.4,237018.403,1.7489,3.2814,1.08,416.4985,67.8014,0.5214,0.3266,0.3478,3.456,0.2331,318254.2149,314565.2149,167653.3152,1365310.5819,1349484.7719,4.76,3.9,14.1392
600782,新钢股份,普钢,江西,19961225,600782.SH,20250808,4.23,4.37,4.21,4.33,4.25,0.08,1.8824,419126.43,180616.448,1.3324,2.5,0.73,420.3819,68.4336,0.5262,0.3296,0.351,3.424,0.2309,318254.2149,314565.2149,167653.3152,1378040.7505,1362067.3805,4.68,3.83,14.1392
600782,新钢股份,普钢,江西,19961225,600782.SH,20250807,4.31,4.34,4.2,4.25,4.34,-0.09,-2.0737,522487.05,221994.562,1.661,3.1165,0.8,412.6151,67.1693,0.5165,0.3236,0.3445,3.4885,0.2353,318254.2149,314565.2149,167653.3152,1352580.4133,1336902.1633,4.77,3.91,14.1392
600782,新钢股份,普钢,江西,19961225,600782.SH,20250806,4.3,4.37,4.26,4.34,4.3,0.04,0.9302,438265.78,189063.708,1.3932,2.6141,0.58,421.3528,68.5917,0.5275,0.3304,0.3518,3.4162,0.2304,318254.2149,314565.2149,167653.3152,1381223.2927,1365213.0327,4.73,3.87,14.1392
600782,新钢股份,普钢,江西,19961225,600782.SH,20250805,4.24,4.44,4.23,4.3,4.23,0.07,1.6548,697661.0,302160.368,2.2179,4.1613,0.89,417.4694,67.9595,0.5226,0.3274,0.3486,3.4479,0.2326,318254.2149,314565.2149,167653.3152,1368493.1241,1352630.4241,4.65,3.81,14.1392
600782,新钢股份,普钢,江西,19961225,600782.SH,20250804,4.2,4.27,4.17,4.23,4.23,0.0,0.0,462348.0,195035.704,1.4698,2.7578,0.51,410.6734,66.8532,0.5141,0.322,0.3429,3.505,0.2364,318254.2149,314565.2149,167653.3152,1346215.329,1330610.859,4.65,3.81,14.1392
600782,新钢股份,普钢,江西,19961225,600782.SH,20250801,4.31,4.36,4.21,4.23,4.34,-0.11,-2.5346,755021.16,322505.934,2.4002,4.4799,0.8,410.6734,66.8532,0.5141,0.322,0.3429,3.505,0.2364,318254.2149,314565.2149,168536.4652,1346215.329,1330610.859,4.77,3.91,14.1392
600782,新钢股份,普钢,江西,19961225,600782.SH,20250731,4.52,4.53,4.29,4.34,4.56,-0.22,-4.8246,902745.2,391842.187,2.8698,5.3564,0.91,421.3528,68.5917,0.5275,0.3304,0.3518,3.4162,0.2304,318254.2149,314565.2149,168536.4652,1381223.2927,1365213.0327,5.02,4.1,14.1392
600782,新钢股份,普钢,江西,19961225,600782.SH,20250730,4.59,4.73,4.54,4.56,4.62,-0.06,-1.2987,955996.02,442480.444,3.0391,5.6723,0.92,442.7117,72.0687,0.5542,0.3472,0.3697,3.2513,0.2193,318254.2149,314565.2149,168536.4652,1451239.2199,1434417.3799,5.08,4.16,14.1392
600782,新钢股份,普钢,江西,19961225,600782.SH,20250729,4.41,4.63,4.35,4.62,4.39,0.23,5.2392,863408.68,389032.4,2.7448,5.123,0.78,448.5369,73.0169,0.5615,0.3517,0.3745,3.2091,0.2165,318254.2149,314565.2149,168536.4652,1470334.4728,1453291.2928,4.83,3.95,14.1392
600782,新钢股份,普钢,江西,19961225,600782.SH,20250728,4.51,4.51,4.23,4.39,4.58,-0.19,-4.1485,1100373.0,480123.259,3.4981,6.529,1.01,426.2071,69.3819,0.5335,0.3342,0.3559,3.3773,0.2278,318254.2149,314565.2149,168536.4652,1397136.0034,1380941.2934,5.04,4.12,14.1392
600782,新钢股份,普钢,江西,19961225,600782.SH,20250725,4.5,4.64,4.45,4.58,4.51,0.07,1.5521,877120.0,400234.53,2.7884,5.2043,0.85,444.6534,72.3848,0.5566,0.3487,0.3713,3.2371,0.2183,318254.2149,314565.2149,168536.4652,1457604.3042,1440708.6842,4.96,4.06,14.1392
600782,新钢股份,普钢,江西,19961225,600782.SH,20250724,4.25,4.53,4.2,4.51,4.32,0.19,4.3981,1163138.99,510675.126,3.6976,6.9014,1.15,437.8574,71.2784,0.5481,0.3434,0.3656,3.2874,0.2217,318254.2149,314565.2149,168536.4652,1435326.5092,1418689.1192,4.75,3.89,14.1392
600782,新钢股份,普钢,江西,19961225,600782.SH,20250723,4.45,4.5,4.28,4.32,4.41,-0.09,-2.0408,1201615.2,526323.122,3.8199,7.1297,1.23,419.4111,68.2756,0.525,0.3289,0.3502,3.432,0.2315,318254.2149,314565.2149,168536.4652,1374858.2084,1358921.7284,4.85,3.97,14.1392
600782,新钢股份,普钢,江西,19961225,600782.SH,20250722,4.3,4.47,4.23,4.41,4.29,0.12,2.7972,1173574.54,513266.219,3.7308,6.9633,1.27,428.1488,69.698,0.536,0.3357,0.3575,3.3619,0.2268,318254.2149,314565.2149,168536.4652,1403501.0877,1387232.5977,4.72,3.86,14.1392
600782,新钢股份,普钢,江西,19961225,600782.SH,20250721,4.17,4.37,4.14,4.29,4.11,0.18,4.3796,1018521.82,436837.948,3.2379,6.0433,1.17,416.4985,67.8014,0.5214,0.3266,0.3478,3.456,0.2331,318254.2149,314565.2149,168536.4652,1365310.5819,1349484.7719,4.52,3.7,14.1392
600782,新钢股份,普钢,江西,19961225,600782.SH,20250718,4.15,4.26,4.07,4.11,4.12,-0.01,-0.2427,628339.0,259234.423,1.9975,3.7282,0.71,399.023,64.9566,0.4995,0.3129,0.3332,3.6073,0.2433,318254.2149,314565.2149,168536.4652,1308024.8232,1292863.0332,4.53,3.71,14.1392
600782,新钢股份,普钢,江西,19961225,600782.SH,20250717,3.94,4.15,3.93,4.13,3.96,0.17,4.2929,1052675.25,428345.831,3.3464,6.246,1.26,400.9648,65.2727,0.5013,0.3144,0.3348,3.5899,,318254.2149,314565.2149,168536.4652,1314389.9075,1299154.3375,4.36,3.56,14.105
600782,新钢股份,普钢,江西,19961225,600782.SH,20250716,4.1,4.11,3.93,3.96,4.11,-0.15,-3.6496,1029379.83,409134.335,3.2724,6.1078,1.36,384.4602,62.586,0.4807,0.3015,0.321,3.744,,318254.2149,314565.2149,168536.4652,1260286.691,1245678.251,4.52,3.7,14.105
600782,新钢股份,普钢,江西,19961225,600782.SH,20250715,4.15,4.19,4.08,4.11,4.16,-0.05,-1.2019,894480.5,368922.362,2.8435,5.3073,1.23,399.023,64.9566,0.4989,0.3129,0.3332,3.6073,,318254.2149,314565.2149,168536.4652,1308024.8232,1292863.0332,4.58,3.74,14.105
600782,新钢股份,普钢,江西,19961225,600782.SH,20250714,4.2,4.3,4.14,4.16,4.22,-0.06,-1.4218,752663.64,315154.208,2.3927,4.4659,0.97,403.8773,65.7469,0.505,0.3167,0.3372,3.564,,318254.2149,314565.2149,168536.4652,1323937.534,1308591.294,4.64,3.8,14.105
600782,新钢股份,普钢,江西,19961225,600782.SH,20250711,4.25,4.33,4.19,4.22,4.24,-0.02,-0.4717,726657.0,309241.272,2.31,4.3116,0.82,409.7025,66.6951,0.5123,0.3213,0.3421,3.5133,,318254.2149,314565.2149,168536.4652,1343032.7869,1327465.2069,4.66,3.82,14.105
600782,新钢股份,普钢,江西,19961225,600782.SH,20250710,4.17,4.26,4.12,4.24,4.16,0.08,1.9231,786348.34,328974.35,2.4998,4.6657,0.76,411.6442,67.0112,0.5147,0.3228,0.3437,3.4967,,318254.2149,314565.2149,168536.4652,1349397.8712,1333756.5112,4.58,3.74,14.105
600782,新钢股份,普钢,江西,19961225,600782.SH,20250709,4.24,4.29,4.14,4.16,4.24,-0.08,-1.8868,623401.0,260481.619,1.9818,3.6989,0.51,403.8773,65.7469,0.505,0.3167,0.3372,3.564,,318254.2149,314565.2149,168536.4652,1323937.534,1308591.294,4.66,3.82,14.105
600782,新钢股份,普钢,江西,19961225,600782.SH,20250708,4.17,4.26,4.09,4.24,4.18,0.06,1.4354,745248.82,311952.234,2.3691,4.4219,0.61,411.6442,67.0112,0.5147,0.3228,0.3437,3.4967,,318254.2149,314565.2149,168536.4652,1349397.8712,1333756.5112,4.6,3.76,14.105
600782,新钢股份,普钢,江西,19961225,600782.SH,20250707,4.08,4.21,4.02,4.18,4.08,0.1,2.451,992022.99,409861.59,3.1536,5.8861,0.88,405.8191,66.063,0.5074,0.3182,0.3389,3.5469,,318254.2149,314565.2149,168536.4652,1330302.6183,1314882.5983,4.49,3.67,14.105
600782,新钢股份,普钢,江西,19961225,600782.SH,20250704,3.97,4.18,3.97,4.08,3.99,0.09,2.2556,1276767.01,524885.761,4.0588,7.5756,1.3,396.1105,64.4825,0.4953,0.3106,0.3308,3.6339,,318254.2149,314565.2149,168536.4652,1298477.1968,1283426.0768,4.39,3.59,14.105
600782,新钢股份,普钢,江西,19961225,600782.SH,20250703,3.93,4.03,3.89,3.99,3.94,0.05,1.269,1546066.73,613397.189,4.9149,9.1735,2.06,382.8826,62.3291,0.4802,0.3002,0.3197,3.7594,,314565.2149,314565.2149,168536.4652,1255115.2075,1255115.2075,4.33,3.55,14.105
600782,新钢股份,普钢,江西,19961225,600782.SH,20250702,3.67,3.98,3.66,3.94,3.67,0.27,7.3569,1571308.77,602942.99,4.9952,9.3233,3.0,378.0845,61.5481,0.4742,0.2965,0.3157,3.8071,3.8071,314565.2149,314565.2149,168536.4652,1239386.9467,1239386.9467,4.04,3.3,14.105
600782,新钢股份,普钢,江西,19961225,600782.SH,20250701,3.55,3.68,3.51,3.67,3.54,0.13,3.6723,758739.02,275489.686,2.412,4.5019,1.69,352.1752,57.3303,0.4417,0.2762,0.2941,4.0872,4.0872,314565.2149,314565.2149,168536.4652,1154454.3387,1154454.3387,3.89,3.19,14.105
600782,新钢股份,普钢,江西,19961225,600782.SH,20250630,3.51,3.57,3.51,3.54,3.51,0.03,0.8547,479329.0,169855.491,1.5238,2.8441,1.12,339.7003,55.2995,0.426,0.2664,0.2837,4.2373,4.2373,314565.2149,314565.2149,168536.4652,1113560.8607,1113560.8607,3.86,3.16,14.105
600782,新钢股份,普钢,江西,19961225,600782.SH,20250627,3.47,3.55,3.47,3.51,3.46,0.05,1.4451,546422.0,192290.205,1.7371,3.2422,1.46,336.8215,54.8309,0.4224,0.2641,0.2812,4.2735,4.2735,314565.2149,314565.2149,168536.4652,1104123.9043,1104123.9043,3.81,3.11,14.105
600782,新钢股份,普钢,江西,19961225,600782.SH,20250626,3.51,3.52,3.45,3.46,3.5,-0.04,-1.1429,400994.02,139511.188,1.2748,2.3793,1.04,332.0235,54.0498,0.4164,0.2604,0.2772,4.3353,4.3353,314565.2149,314565.2149,168536.4652,1088395.6436,1088395.6436,3.85,3.15,14.105
600782,新钢股份,普钢,江西,19961225,600782.SH,20250625,3.47,3.5,3.45,3.5,3.47,0.03,0.8646,433100.4,150729.545,1.3768,2.5698,1.03,335.8619,54.6747,0.4212,0.2634,0.2804,4.2857,4.2857,314565.2149,314565.2149,168536.4652,1100978.2522,1100978.2522,3.82,3.12,14.105
600782,新钢股份,普钢,江西,19961225,600782.SH,20250624,3.44,3.48,3.42,3.47,3.43,0.04,1.1662,390980.38,135200.133,1.2429,2.3199,0.97,332.9831,54.206,0.4176,0.2611,0.278,4.3228,4.3228,314565.2149,314565.2149,168536.4652,1091541.2957,1091541.2957,3.77,3.09,14.105
600782,新钢股份,普钢,江西,19961225,600782.SH,20250623,3.39,3.47,3.38,3.43,3.41,0.02,0.5865,375627.0,129125.243,1.1941,2.2288,0.93,329.1447,53.5812,0.4128,0.2581,0.2748,4.3732,4.3732,314565.2149,314565.2149,168536.4652,1078958.6871,1078958.6871,3.75,3.07,14.105
600782,新钢股份,普钢,江西,19961225,600782.SH,20250620,3.4,3.44,3.39,3.41,3.39,0.02,0.59,268833.56,92025.678,0.8546,1.5951,0.66,327.2254,53.2688,0.4104,0.2566,0.2732,4.3988,4.3988,314565.2149,314565.2149,168536.4652,1072667.3828,1072667.3828,3.73,3.05,14.105
600782,新钢股份,普钢,江西,19961225,600782.SH,20250619,3.45,3.48,3.37,3.39,3.46,-0.07,-2.0231,462341.02,157383.85,1.4698,2.7433,1.17,325.3062,52.9563,0.408,0.2551,0.2716,4.4248,4.4248,314565.2149,314565.2149,168536.4652,1066376.0785,1066376.0785,3.81,3.11,14.105
600782,新钢股份,普钢,江西,19961225,600782.SH,20250618,3.56,3.56,3.45,3.46,3.56,-0.1,-2.809,601334.94,209276.474,1.9116,3.568,1.68,332.0235,54.0498,0.4164,0.2604,0.2772,4.3353,4.3353,314565.2149,314565.2149,168536.4652,1088395.6436,1088395.6436,3.92,3.2,14.105
600782,新钢股份,普钢,江西,19961225,600782.SH,20250617,3.57,3.58,3.54,3.56,3.56,0.0,0.0,308323.0,109824.659,0.9802,1.8294,0.84,341.6195,55.612,0.4284,0.2679,0.2853,4.2135,4.2135,314565.2149,314565.2149,168536.4652,1119852.165,1119852.165,3.92,3.2,14.105
600782,新钢股份,普钢,江西,19961225,600782.SH,20250616,3.58,3.61,3.54,3.56,3.59,-0.03,-0.8357,378693.0,135335.509,1.2039,2.2469,0.96,341.6195,55.612,0.4284,0.2679,0.2853,4.2135,4.2135,314565.2149,314565.2149,168536.4652,1119852.165,1119852.165,3.95,3.23,14.105
600782,新钢股份,普钢,江西,19961225,600782.SH,20250613,3.65,3.65,3.59,3.59,3.66,-0.07,-1.9126,300676.75,108557.461,0.9558,1.784,0.78,344.4983,56.0806,0.432,0.2701,0.2877,4.1783,4.1783,314565.2149,314565.2149,168536.4652,1129289.1215,1129289.1215,4.03,3.29,14.105
600782,新钢股份,普钢,江西,19961225,600782.SH,20250612,3.69,3.7,3.64,3.66,3.71,-0.05,-1.3477,392328.0,143724.07,1.2472,2.3279,1.03,351.2156,57.1741,0.4405,0.2754,0.2933,4.0984,4.0984,314565.2149,314565.2149,168536.4652,1151308.6865,1151308.6865,4.08,3.34,14.105
600782,新钢股份,普钢,江西,19961225,600782.SH,20250611,3.65,3.74,3.64,3.71,3.65,0.06,1.6438,414558.84,153515.651,1.3179,2.4598,1.19,356.0136,57.9552,0.4465,0.2792,0.2973,4.0431,4.0431,314565.2149,314565.2149,168536.4652,1167036.9473,1167036.9473,4.02,3.29,14.105
600782,新钢股份,普钢,江西,19961225,600782.SH,20250610,3.69,3.71,3.62,3.65,3.68,-0.03,-0.8152,351328.0,128791.523,1.1169,2.0846,0.92,350.256,57.0179,0.4393,0.2747,0.2925,4.1096,4.1096,314565.2149,314565.2149,168536.4652,1148163.0344,1148163.0344,4.05,3.31,14.105
600782,新钢股份,普钢,江西,19961225,600782.SH,20250609,3.69,3.73,3.64,3.68,3.7,-0.02,-0.5405,511607.82,189009.72,1.6264,3.0356,1.38,353.1348,57.4865,0.4429,0.2769,0.2949,4.0761,4.0761,314565.2149,314565.2149,168536.4652,1157599.9908,1157599.9908,4.07,3.33,14.105
600782,新钢股份,普钢,江西,19961225,600782.SH,20250606,3.68,3.72,3.67,3.7,3.68,0.02,0.5435,260956.9,96505.753,0.8296,1.5484,0.7,355.054,57.7989,0.4453,0.2784,0.2965,4.0541,4.0541,314565.2149,314565.2149,168536.4652,1163891.2951,1163891.2951,4.05,3.31,14.105
600782,新钢股份,普钢,江西,19961225,600782.SH,20250605,3.72,3.73,3.65,3.68,3.71,-0.03,-0.8086,357330.0,131305.875,1.1359,2.1202,1.0,353.1348,57.4865,0.4429,0.2769,0.2949,4.0761,4.0761,314565.2149,314565.2149,168536.4652,1157599.9908,1157599.9908,4.08,3.34,14.105
600782,新钢股份,普钢,江西,19961225,600782.SH,20250604,3.72,3.75,3.7,3.71,3.71,0.0,0.0,267566.0,99475.147,0.8506,1.5876,0.71,356.0136,57.9552,0.4465,0.2792,0.2973,4.0431,4.0431,314565.2149,314565.2149,168536.4652,1167036.9473,1167036.9473,4.08,3.34,14.105
600782,新钢股份,普钢,江西,19961225,600782.SH,20250603,3.82,3.82,3.7,3.71,3.86,-0.15,-3.886,518493.12,193503.702,1.6483,3.0764,1.69,356.0136,57.9552,0.4465,0.2792,0.2973,4.0431,4.0431,314565.2149,314565.2149,168536.4652,1167036.9473,1167036.9473,4.25,3.47,14.105
600782,新钢股份,普钢,江西,19961225,600782.SH,20250530,3.79,3.87,3.76,3.86,3.79,0.07,1.847,448381.48,171440.802,1.4254,2.6604,1.7,370.4077,60.2984,0.4645,0.2905,0.3093,3.886,3.886,314565.2149,314565.2149,168536.4652,1214221.7295,1214221.7295,4.17,3.41,14.105
600782,新钢股份,普钢,江西,19961225,600782.SH,20250529,3.77,3.8,3.74,3.79,3.76,0.03,0.7979,285313.0,107549.827,0.907,1.6929,1.11,363.6904,59.2049,0.4561,0.2852,0.3037,3.9578,3.9578,314565.2149,314565.2149,168536.4652,1192202.1645,1192202.1645,4.14,3.38,14.105
600782,新钢股份,普钢,江西,19961225,600782.SH,20250528,3.79,3.81,3.74,3.76,3.79,-0.03,-0.7916,263343.84,99282.529,0.8372,1.5625,1.02,360.8116,58.7362,0.4525,0.2829,0.3013,3.9894,3.9894,314565.2149,314565.2149,168536.4652,1182765.208,1182765.208,4.17,3.41,14.105
600782,新钢股份,普钢,江西,19961225,600782.SH,20250527,3.87,3.88,3.76,3.79,3.87,-0.08,-2.0672,356083.86,135075.35,1.132,2.1128,1.46,363.6904,59.2049,0.4561,0.2852,0.3037,3.9578,3.9578,314565.2149,314565.2149,168536.4652,1192202.1645,1192202.1645,4.26,3.48,14.105
600782,新钢股份,普钢,江西,19961225,600782.SH,20250526,3.88,3.91,3.85,3.87,3.88,-0.01,-0.2577,179727.0,69729.182,0.5714,1.0664,0.65,371.3673,60.4546,0.4657,0.2912,0.3101,3.876,3.876,314565.2149,314565.2149,168536.4652,1217367.3817,1217367.3817,4.27,3.49,14.105
600782,新钢股份,普钢,江西,19961225,600782.SH,20250523,3.9,3.95,3.88,3.88,3.91,-0.03,-0.7673,232531.28,90942.826,0.7392,1.3797,0.77,372.3269,60.6108,0.4669,0.292,0.3109,3.866,3.866,314565.2149,314565.2149,168536.4652,1220513.0338,1220513.0338,4.3,3.52,14.105
600782,新钢股份,普钢,江西,19961225,600782.SH,20250522,3.94,3.95,3.9,3.91,3.96,-0.05,-1.2626,256833.2,100706.652,0.8165,1.5239,0.84,375.2057,61.0794,0.4705,0.2942,0.3133,3.8363,3.8363,314565.2149,314565.2149,168536.4652,1229949.9903,1229949.9903,4.36,3.56,14.105
600782,新钢股份,普钢,江西,19961225,600782.SH,20250521,3.96,4.0,3.92,3.96,3.97,-0.01,-0.2519,269820.0,106742.456,0.8578,1.601,0.85,380.0037,61.8605,0.4766,0.298,0.3173,3.7879,3.7879,314565.2149,314565.2149,168536.4652,1245678.251,1245678.251,4.37,3.57,14.105
600782,新钢股份,普钢,江西,19961225,600782.SH,20250520,3.97,3.99,3.91,3.97,3.97,0.0,0.0,281708.0,111126.751,0.8955,1.6715,0.87,380.9633,62.0167,0.4778,0.2987,0.3181,3.7783,3.7783,314565.2149,314565.2149,168536.4652,1248823.9032,1248823.9032,4.37,3.57,14.105
600782,新钢股份,普钢,江西,19961225,600782.SH,20250519,3.93,3.97,3.92,3.97,3.93,0.04,1.0178,347606.56,137119.624,1.105,2.0625,1.12,380.9633,62.0167,0.4778,0.2987,0.3181,3.7783,3.7783,314565.2149,314565.2149,168536.4652,1248823.9032,1248823.9032,4.32,3.54,14.105
600782,新钢股份,普钢,江西,19961225,600782.SH,20250516,3.96,3.99,3.92,3.93,3.97,-0.04,-1.0076,352529.16,138930.848,1.1207,2.0917,1.24,377.1249,61.3919,0.473,0.2957,0.3149,3.8168,3.8168,314565.2149,314565.2149,168536.4652,1236241.2946,1236241.2946,4.37,3.57,14.105
600782,新钢股份,普钢,江西,19961225,600782.SH,20250515,4.02,4.02,3.96,3.97,4.02,-0.05,-1.2438,281690.0,112224.832,0.8955,1.6714,0.93,380.9633,62.0167,0.4778,0.2987,0.3181,3.7783,3.7783,314565.2149,314565.2149,168536.4652,1248823.9032,1248823.9032,4.42,3.62,14.105
600782,新钢股份,普钢,江西,19961225,600782.SH,20250514,4.03,4.04,3.97,4.02,4.03,-0.01,-0.2481,317340.0,126986.53,1.0088,1.8829,1.04,385.7614,62.7978,0.4838,0.3025,0.3221,3.7313,3.7313,314565.2149,314565.2149,168536.4652,1264552.1639,1264552.1639,4.43,3.63,14.105
600782,新钢股份,普钢,江西,19961225,600782.SH,20250513,4.02,4.06,4.0,4.03,3.99,0.04,1.0025,323151.49,130339.984,1.0273,1.9174,0.99,386.721,62.954,0.485,0.3033,0.3229,3.7221,3.7221,314565.2149,314565.2149,168536.4652,1267697.816,1267697.816,4.39,3.59,14.105
600782,新钢股份,普钢,江西,19961225,600782.SH,20250512,4.02,4.04,3.95,3.99,4.0,-0.01,-0.25,277004.27,110162.883,0.8806,1.6436,0.79,382.8826,62.3291,0.4802,0.3002,0.3197,3.7594,3.7594,314565.2149,314565.2149,168536.4652,1255115.2075,1255115.2075,4.4,3.6,14.105
600782,新钢股份,普钢,江西,19961225,600782.SH,20250509,4.02,4.05,3.98,4.0,4.02,-0.02,-0.4975,227904.78,91275.175,0.7245,1.3523,0.58,383.8422,62.4854,0.4814,0.301,0.3205,3.75,3.75,314565.2149,314565.2149,168536.4652,1258260.8596,1258260.8596,4.42,3.62,14.105
600782,新钢股份,普钢,江西,19961225,600782.SH,20250508,4.09,4.09,4.0,4.02,4.08,-0.06,-1.4706,361881.0,146250.911,1.1504,2.1472,0.69,385.7614,62.7978,0.4838,0.3025,0.3221,3.7313,3.7313,314565.2149,314565.2149,168536.4652,1264552.1639,1264552.1639,4.49,3.67,14.105
600782,新钢股份,普钢,江西,19961225,600782.SH,20250507,4.08,4.14,4.03,4.08,4.06,0.02,0.4926,341643.0,139937.052,1.0861,2.0271,0.62,391.519,63.7351,0.491,0.307,0.3269,3.6765,3.6765,314565.2149,314565.2149,168536.4652,1283426.0768,1283426.0768,4.47,3.65,14.105
600782,新钢股份,普钢,江西,19961225,600782.SH,20250506,4.06,4.09,3.97,4.06,4.04,0.02,0.495,423037.0,171153.518,1.3448,2.5101,0.77,389.5998,63.4226,0.4886,0.3055,0.3253,3.6946,3.6946,314565.2149,314565.2149,168536.4652,1277134.7725,1277134.7725,4.44,3.64,14.105
600782,新钢股份,普钢,江西,19961225,600782.SH,20250430,4.09,4.11,3.96,4.04,4.11,-0.07,-1.7032,409774.58,164523.511,1.3027,2.4297,0.64,387.6806,63.1102,0.4862,0.304,0.3237,3.7129,3.7129,314565.2149,314565.2149,168653.5352,1270843.4682,1270843.4682,4.52,3.7,14.105
600782,新钢股份,普钢,江西,19961225,600782.SH,20250429,4.16,4.25,4.09,4.11,4.18,-0.07,-1.6746,413964.54,171610.267,1.316,2.4545,0.61,394.3978,64.2037,0.4946,0.3093,0.3293,3.6496,3.6496,314565.2149,314565.2149,168653.5352,1292863.0332,1292863.0332,4.6,3.76,14.105
600782,新钢股份,普钢,江西,19961225,600782.SH,20250428,3.99,4.31,3.96,4.18,4.06,0.12,2.9557,1047995.54,438899.353,3.3316,6.2139,1.91,401.1151,65.2972,0.503,0.3145,0.3349,3.5885,3.5885,314565.2149,314565.2149,168653.5352,1314882.5983,1314882.5983,4.47,3.65,14.105
600782,新钢股份,普钢,江西,19961225,600782.SH,20250425,3.98,4.1,3.97,4.06,3.98,0.08,2.0101,473651.44,192713.66,1.5057,2.8084,0.93,389.5998,389.5998,0.4888,0.3055,0.3055,3.6946,3.6946,314565.2149,314565.2149,168653.5352,1277134.7725,1277134.7725,4.38,3.58,14.105
600782,新钢股份,普钢,江西,19961225,600782.SH,20250424,4.02,4.08,3.96,3.98,4.01,-0.03,-0.7481,407862.0,163191.484,1.2966,2.4183,0.84,381.923,381.923,0.4792,0.2995,0.2995,3.7688,3.7688,314565.2149,314565.2149,168653.5352,1251969.5553,1251969.5553,4.41,3.61,14.105
600782,新钢股份,普钢,江西,19961225,600782.SH,20250423,3.87,4.07,3.86,4.01,3.85,0.16,4.1558,869914.62,348784.171,2.7655,5.158,2.46,384.8018,384.8018,0.4828,0.3017,0.3017,3.7406,3.7406,314565.2149,314565.2149,168653.5352,1261406.5117,1261406.5117,4.24,3.47,14.105
600782,新钢股份,普钢,江西,19961225,600782.SH,20250422,3.86,3.94,3.81,3.85,3.85,0.0,0.0,587664.62,226697.427,1.8682,3.4844,1.98,369.4481,369.4481,0.4635,0.2897,0.2897,3.8961,3.8961,314565.2149,314565.2149,168653.5352,1211076.0774,1211076.0774,4.24,3.47,14.105
600782,新钢股份,普钢,江西,19961225,600782.SH,20250421,3.8,3.9,3.77,3.85,3.81,0.04,1.0499,407569.0,157155.813,1.2957,2.4166,1.43,24.3313,,0.4747,0.1702,0.3025,3.8961,3.8961,314565.2149,314565.2149,168653.5352,1211076.0774,1211076.0774,4.19,3.43,14.105
600782,新钢股份,普钢,江西,19961225,600782.SH,20250418,3.81,3.84,3.76,3.81,3.81,0.0,0.0,262460.0,99465.053,0.8344,1.5562,0.82,24.0785,,0.4697,0.1685,0.2993,3.937,3.937,314565.2149,314565.2149,168653.5352,1198493.4688,1198493.4688,4.19,3.43,14.105
600782,新钢股份,普钢,江西,19961225,600782.SH,20250417,3.76,3.88,3.76,3.81,3.79,0.02,0.5277,303873.0,116433.284,0.966,1.8018,0.84,24.0785,,0.4697,0.1685,0.2993,3.937,3.937,314565.2149,314565.2149,168653.5352,1198493.4688,1198493.4688,4.17,3.41,14.105
600782,新钢股份,普钢,江西,19961225,600782.SH,20250416,3.79,3.83,3.73,3.79,3.82,-0.03,-0.7853,207370.0,78118.806,0.6592,1.2296,0.46,23.9522,,0.4673,0.1676,0.2978,3.9578,3.9578,314565.2149,314565.2149,168653.5352,1192202.1645,1192202.1645,4.2,3.44,14.105
600782,新钢股份,普钢,江西,19961225,600782.SH,20250415,3.89,3.89,3.77,3.82,3.89,-0.07,-1.7995,299848.0,114073.392,0.9532,1.7779,0.57,24.1417,,0.471,0.1689,0.3001,3.9267,3.9267,314565.2149,314565.2149,168653.5352,1201639.1209,1201639.1209,4.28,3.5,14.105
600782,新钢股份,普钢,江西,19961225,600782.SH,20250414,3.8,3.93,3.8,3.89,3.78,0.11,2.9101,349831.88,135644.003,1.1121,2.0743,0.63,24.5841,,0.4796,0.172,0.3056,3.856,3.856,314565.2149,314565.2149,168653.5352,1223658.686,1223658.686,4.16,3.4,14.105
600782,新钢股份,普钢,江西,19961225,600782.SH,20250411,3.86,3.87,3.74,3.78,3.85,-0.07,-1.8182,438764.91,166613.873,1.3948,2.6016,0.81,23.889,,0.466,0.1671,0.297,3.9683,3.9683,314565.2149,314565.2149,168653.5352,1189056.5123,1189056.5123,4.24,3.47,14.105
600782,新钢股份,普钢,江西,19961225,600782.SH,20250410,3.78,3.89,3.78,3.85,3.73,0.12,3.2172,509800.64,196286.479,1.6207,3.0228,1.03,24.3313,,0.4747,0.1702,0.3025,3.8961,3.8961,314565.2149,314565.2149,168653.5352,1211076.0774,1211076.0774,4.1,3.36,14.105
600782,新钢股份,普钢,江西,19961225,600782.SH,20250409,3.79,3.79,3.57,3.73,3.82,-0.09,-2.356,674873.15,249132.35,2.1454,4.0015,1.42,23.573,,0.4599,0.1649,0.293,4.0214,4.0214,314565.2149,314565.2149,168653.5352,1173328.2516,1173328.2516,4.2,3.44,14.105
600782,新钢股份,普钢,江西,19961225,600782.SH,20250408,3.82,3.86,3.72,3.82,3.82,0.0,0.0,636725.0,241426.206,2.0241,3.7753,1.28,24.1417,,0.471,0.1689,0.3001,3.9267,3.9267,314565.2149,314565.2149,168653.5352,1201639.1209,1201639.1209,4.2,3.44,14.105
600782,新钢股份,普钢,江西,19961225,600782.SH,20250407,4.07,4.1,3.82,3.82,4.24,-0.42,-9.9057,525155.11,205951.625,1.6695,3.1138,1.05,24.1417,,0.471,0.1689,0.3001,3.9267,3.9267,314565.2149,314565.2149,168653.5352,1201639.1209,1201639.1209,4.66,3.82,14.105
600782,新钢股份,普钢,江西,19961225,600782.SH,20250403,4.13,4.27,4.11,4.24,4.18,0.06,1.4354,365683.8,154259.15,1.1625,2.1683,0.74,26.7961,,0.5228,0.1875,0.3331,3.5377,3.5377,314565.2149,314565.2149,168653.5352,1333756.5112,1333756.5112,4.6,3.76,14.105
600782,新钢股份,普钢,江西,19961225,600782.SH,20250402,4.16,4.24,4.13,4.18,4.18,0.0,0.0,277771.62,116346.922,0.883,1.647,0.55,26.4169,,0.5154,0.1848,0.3284,3.5885,3.5885,314565.2149,314565.2149,168653.5352,1314882.5983,1314882.5983,4.6,3.76,14.105
600782,新钢股份,普钢,江西,19961225,600782.SH,20250401,4.08,4.22,4.07,4.18,4.06,0.12,2.9557,566488.49,235739.66,1.8009,3.3589,1.2,26.4169,,0.5154,0.1848,0.3284,3.5885,3.5885,314565.2149,314565.2149,168653.5352,1314882.5983,1314882.5983,4.47,3.65,14.105
600782,新钢股份,普钢,江西,19961225,600782.SH,20250331,4.24,4.25,4.01,4.06,4.25,-0.19,-4.4706,753480.0,309375.459,2.3953,4.4676,1.79,25.6585,,0.5006,0.1795,0.319,3.6946,3.6946,314565.2149,314565.2149,168653.5352,1277134.7725,1277134.7725,4.68,3.83,14.105
600782,新钢股份,普钢,江西,19961225,600782.SH,20250328,4.39,4.41,4.24,4.25,4.4,-0.15,-3.4091,547293.11,235520.899,1.7398,3.2451,1.39,26.8593,,0.524,0.1879,0.3339,3.5294,3.5294,314565.2149,314565.2149,168653.5352,1336902.1633,1336902.1633,4.84,3.96,14.105
600782,新钢股份,普钢,江西,19961225,600782.SH,20250327,4.45,4.46,4.38,4.4,4.45,-0.05,-1.1236,310673.99,136952.954,0.9876,1.8421,0.76,27.8072,,0.5425,0.1946,0.3457,3.4091,3.4091,314565.2149,314565.2149,168653.5352,1384086.9456,1384086.9456,4.9,4.01,14.105
600782,新钢股份,普钢,江西,19961225,600782.SH,20250326,4.51,4.54,4.42,4.45,4.53,-0.08,-1.766,359009.0,160258.3,1.1413,2.1287,0.92,28.1232,,0.5487,0.1968,0.3496,3.3708,3.3708,314565.2149,314565.2149,168653.5352,1399815.2063,1399815.2063,4.98,4.08,14.105
600782,新钢股份,普钢,江西,19961225,600782.SH,20250325,4.59,4.65,4.5,4.53,4.6,-0.07,-1.5217,397596.12,181188.411,1.264,2.3575,1.07,28.6288,,0.5585,0.2003,0.3559,3.3113,3.3113,314565.2149,314565.2149,168653.5352,1424980.4235,1424980.4235,5.06,4.14,14.105
600782,新钢股份,普钢,江西,19961225,600782.SH,20250324,4.6,4.63,4.47,4.6,4.6,0.0,0.0,486004.99,220833.908,1.545,2.8817,1.26,29.0712,,0.5671,0.2034,0.3614,3.2609,3.2609,314565.2149,314565.2149,168653.5352,1446999.9885,1446999.9885,5.06,4.14,14.105
600782,新钢股份,普钢,江西,19961225,600782.SH,20250321,4.57,4.68,4.56,4.6,4.55,0.05,1.0989,420436.99,194796.258,1.3366,2.4929,1.05,29.0712,,0.5671,0.2034,0.3614,3.2609,3.2609,314565.2149,314565.2149,168653.5352,1446999.9885,1446999.9885,5.01,4.1,14.105
600782,新钢股份,普钢,江西,19961225,600782.SH,20250320,4.5,4.63,4.49,4.55,4.51,0.04,0.8869,372971.07,170418.404,1.1857,2.2027,0.8,28.7552,,0.561,0.2012,0.3575,3.2967,3.2967,314565.2149,314565.2149,169321.0652,1431271.7278,1431271.7278,4.96,4.06,14.105
600782,新钢股份,普钢,江西,19961225,600782.SH,20250319,4.52,4.54,4.47,4.51,4.54,-0.03,-0.6608,277813.0,124995.149,0.8832,1.6407,0.57,28.5024,,0.5561,0.1994,0.3543,3.3259,3.3259,314565.2149,314565.2149,169321.0652,1418689.1192,1418689.1192,4.99,4.09,14.105
600782,新钢股份,普钢,江西,19961225,600782.SH,20250318,4.57,4.61,4.51,4.54,4.58,-0.04,-0.8734,303967.0,138561.378,0.9663,1.7952,0.59,28.692,,0.5598,0.2007,0.3567,3.304,3.304,314565.2149,314565.2149,169321.0652,1428126.0756,1428126.0756,5.04,4.12,14.105
600782,新钢股份,普钢,江西,19961225,600782.SH,20250317,4.65,4.76,4.56,4.58,4.63,-0.05,-1.0799,554212.08,257509.393,1.7618,3.2731,1.01,28.9448,,0.5647,0.2025,0.3598,3.2751,3.2751,314565.2149,314565.2149,169321.0652,1440708.6842,1440708.6842,5.09,4.17,14.105
600782,新钢股份,普钢,江西,19961225,600782.SH,20250314,4.62,4.69,4.53,4.63,4.64,-0.01,-0.2155,498860.83,229064.853,1.5859,2.9462,0.78,29.2608,,0.5708,0.2047,0.3637,3.2397,3.2397,314565.2149,314565.2149,169321.0652,1456436.945,1456436.945,5.1,4.18,14.105
600782,新钢股份,普钢,江西,19961225,600782.SH,20250313,4.53,4.67,4.43,4.64,4.51,0.13,2.8825,697836.91,316532.422,2.2184,4.1214,1.06,29.324,,0.5721,0.2052,0.3645,3.2328,3.2328,314565.2149,314565.2149,169321.0652,1459582.5971,1459582.5971,4.96,4.06,14.105
600782,新钢股份,普钢,江西,19961225,600782.SH,20250312,4.61,4.63,4.49,4.51,4.61,-0.1,-2.1692,398281.0,180867.862,1.2661,2.3522,0.56,28.5024,,0.5561,0.1994,0.3543,3.3259,3.3259,314565.2149,314565.2149,169321.0652,1418689.1192,1418689.1192,5.07,4.15,14.105
600782,新钢股份,普钢,江西,19961225,600782.SH,20250311,4.58,4.63,4.52,4.61,4.63,-0.02,-0.432,417513.0,191145.778,1.3273,2.4658,0.51,29.1344,,0.5684,0.2038,0.3622,3.2538,3.2538,314565.2149,314565.2149,169321.0652,1450145.6407,1450145.6407,5.09,4.17,14.105
600782,新钢股份,普钢,江西,19961225,600782.SH,20250310,4.58,4.69,4.47,4.63,4.62,0.01,0.2165,736418.45,336729.792,2.3411,4.3492,0.89,29.2608,,0.5708,0.2047,0.3637,3.2397,3.2397,314565.2149,314565.2149,169321.0652,1456436.945,1456436.945,5.08,4.16,14.105
600782,新钢股份,普钢,江西,19961225,600782.SH,20250307,4.44,4.71,4.43,4.62,4.41,0.21,4.7619,927442.9,425724.695,2.9483,5.4774,1.11,29.1976,,0.5696,0.2043,0.363,3.2468,3.2468,314565.2149,314565.2149,169321.0652,1453291.2928,1453291.2928,4.85,3.97,14.105
600782,新钢股份,普钢,江西,19961225,600782.SH,20250306,4.51,4.51,4.37,4.41,4.5,-0.09,-2.0,799850.61,352849.866,2.5427,4.7239,0.74,27.8704,,0.5437,0.195,0.3465,3.4014,3.4014,314565.2149,314565.2149,169321.0652,1387232.5977,1387232.5977,4.95,4.05,14.105
600782,新钢股份,普钢,江西,19961225,600782.SH,20250305,4.47,4.5,4.34,4.5,4.48,0.02,0.4464,691187.7,305844.599,2.1973,4.0821,0.56,28.4392,,0.5548,0.199,0.3535,3.3333,3.3333,314565.2149,314565.2149,169321.0652,1415543.4671,1415543.4671,4.93,4.03,14.105
600782,新钢股份,普钢,江西,19961225,600782.SH,20250304,4.45,4.57,4.34,4.48,4.43,0.05,1.1287,912971.25,408525.603,2.9023,5.392,0.82,28.3128,,0.5524,0.1981,0.352,3.3482,3.3482,314565.2149,314565.2149,169321.0652,1409252.1628,1409252.1628,4.87,3.99,14.105
600782,新钢股份,普钢,江西,19961225,600782.SH,20250303,4.37,4.47,4.32,4.43,4.39,0.04,0.9112,825688.44,364345.296,2.6249,4.8765,0.78,27.9968,,0.5462,0.1959,0.348,3.386,3.386,314565.2149,314565.2149,169321.0652,1393523.902,1393523.902,4.83,3.95,14.105
600782,新钢股份,普钢,江西,19961225,600782.SH,20250228,4.4,4.47,4.32,4.39,4.4,-0.01,-0.2273,940155.72,413049.526,2.9887,5.5525,0.95,27.744,,0.5413,0.1941,0.3449,3.4169,3.4169,314565.2149,314565.2149,169321.0652,1380941.2934,1380941.2934,4.84,3.96,14.105
600782,新钢股份,普钢,江西,19961225,600782.SH,20250227,4.22,4.49,4.16,4.4,4.15,0.25,6.0241,2038344.14,888174.784,6.4799,12.0383,3.14,27.8072,,0.5425,0.1946,0.3457,3.4091,3.4091,314565.2149,314565.2149,169321.0652,1384086.9456,1384086.9456,4.57,3.74,14.105
600782,新钢股份,普钢,江西,19961225,600782.SH,20250226,3.78,4.15,3.77,4.15,3.77,0.38,10.0796,1460662.62,590275.405,4.6434,8.6266,3.38,26.2273,,0.5117,0.1835,0.326,3.6145,3.6145,314565.2149,314565.2149,169321.0652,1305445.6418,1305445.6418,4.15,3.39,14.105
600782,新钢股份,普钢,江西,19961225,600782.SH,20250225,3.82,3.86,3.76,3.77,3.84,-0.07,-1.8229,314093.81,119502.919,0.9985,1.855,0.61,23.8258,,0.4648,0.1667,0.2962,3.9788,3.9788,314565.2149,314565.2149,169321.0652,1185910.8602,1185910.8602,4.22,3.46,14.105
600782,新钢股份,普钢,江西,19961225,600782.SH,20250224,3.78,3.9,3.77,3.84,3.78,0.06,1.5873,564602.0,217574.977,1.7949,3.3345,1.15,24.2681,,0.4734,0.1698,0.3017,3.9063,3.9063,314565.2149,314565.2149,169321.0652,1207930.4252,1207930.4252,4.16,3.4,14.105
600782,新钢股份,普钢,江西,19961225,600782.SH,20250221,3.87,3.89,3.75,3.78,3.86,-0.08,-2.0725,585627.56,222141.198,1.8617,3.4587,1.3,23.889,,0.466,0.1671,0.297,3.9683,3.9683,314565.2149,314565.2149,169321.0652,1189056.5123,1189056.5123,4.25,3.47,14.105
600782,新钢股份,普钢,江西,19961225,600782.SH,20250220,3.85,3.88,3.79,3.86,3.86,0.0,0.0,325588.82,124656.695,1.035,1.9229,0.63,24.3945,,0.4759,0.1707,0.3033,3.886,3.886,314565.2149,314565.2149,169321.0652,1214221.7295,1214221.7295,4.25,3.47,14.105
600782,新钢股份,普钢,江西,19961225,600782.SH,20250219,3.9,3.94,3.84,3.86,3.92,-0.06,-1.5306,369044.0,143406.164,1.1732,2.1796,0.69,24.3945,,0.4759,0.1707,0.3033,3.886,3.886,314565.2149,314565.2149,169321.0652,1214221.7295,1214221.7295,4.31,3.53,14.105
600782,新钢股份,普钢,江西,19961225,600782.SH,20250218,3.82,3.94,3.78,3.92,3.83,0.09,2.3499,728949.0,283420.348,2.3173,4.3051,1.5,24.7737,,0.4833,0.1733,0.308,3.8265,3.8265,314565.2149,314565.2149,169321.0652,1233095.6424,1233095.6424,4.21,3.45,14.105
600782,新钢股份,普钢,江西,19961225,600782.SH,20250217,3.79,3.88,3.77,3.83,3.81,0.02,0.5249,439573.33,168544.702,1.3974,2.5961,0.75,24.2049,,0.4722,0.1693,0.3009,3.9164,3.9164,314565.2149,314565.2149,169321.0652,1204784.7731,1204784.7731,4.19,3.43,14.105
600782,新钢股份,普钢,江西,19961225,600782.SH,20250214,3.84,3.88,3.77,3.81,3.81,0.0,0.0,387513.66,147895.47,1.2319,2.2886,0.61,24.0785,,0.4697,0.1685,0.2993,3.937,3.937,314565.2149,314565.2149,169321.0652,1198493.4688,1198493.4688,4.19,3.43,14.105
600782,新钢股份,普钢,江西,19961225,600782.SH,20250213,3.71,3.89,3.69,3.81,3.69,0.12,3.252,649569.4,246441.972,2.065,3.8363,1.13,24.0785,,0.4697,0.1685,0.2993,3.937,3.937,314565.2149,314565.2149,169321.0652,1198493.4688,1198493.4688,4.06,3.32,14.105
600782,新钢股份,普钢,江西,19961225,600782.SH,20250212,3.81,3.81,3.65,3.69,3.81,-0.12,-3.1496,452804.0,167958.787,1.4395,2.6742,0.81,23.3202,,0.455,0.1632,0.2899,4.065,4.065,314565.2149,314565.2149,169321.0652,1160745.643,1160745.643,4.19,3.43,14.105
600782,新钢股份,普钢,江西,19961225,600782.SH,20250211,3.8,3.82,3.72,3.81,3.8,0.01,0.2632,498978.4,188385.119,1.5862,2.9469,0.79,24.0785,,0.4697,0.1685,0.2993,3.937,3.937,314565.2149,314565.2149,169321.0652,1198493.4688,1198493.4688,4.18,3.42,14.105
600782,新钢股份,普钢,江西,19961225,600782.SH,20250210,3.82,3.93,3.73,3.8,3.83,-0.03,-0.7833,926573.44,354284.523,2.9456,5.4723,1.64,24.0154,,0.4685,0.168,0.2985,3.9474,3.9474,314565.2149,314565.2149,169321.0652,1195347.8166,1195347.8166,4.21,3.45,14.105
600782,新钢股份,普钢,江西,19961225,600782.SH,20250207,3.69,3.86,3.68,3.83,3.7,0.13,3.5135,661281.8,249900.411,2.1022,3.9055,1.27,24.2049,,0.4722,0.1693,0.3009,3.9164,3.9164,314565.2149,314565.2149,169321.0652,1204784.7731,1204784.7731,4.07,3.33,14.105
600782,新钢股份,普钢,江西,19961225,600782.SH,20250206,3.66,3.71,3.64,3.7,3.67,0.03,0.8174,337435.0,123964.923,1.0727,1.9929,0.62,23.3834,,0.4562,0.1636,0.2907,4.0541,4.0541,314565.2149,314565.2149,169321.0652,1163891.2951,1163891.2951,4.04,3.3,14.105
600782,新钢股份,普钢,江西,19961225,600782.SH,20250205,3.67,3.71,3.62,3.67,3.69,-0.02,-0.542,372088.78,136144.05,1.1829,2.1975,0.57,23.1938,,0.4525,0.1623,0.2883,4.0872,4.0872,314565.2149,314565.2149,169321.0652,1154454.3387,1154454.3387,4.06,3.32,14.105
600782,新钢股份,普钢,江西,19961225,600782.SH,20250127,3.57,3.78,3.57,3.69,3.58,0.11,3.0726,841777.78,312211.382,2.676,4.9715,1.21,23.3202,,0.455,0.1632,0.2899,4.065,4.065,314565.2149,314565.2149,169321.0652,1160745.643,1160745.643,3.94,3.22,14.105
600782,新钢股份,普钢,江西,19961225,600782.SH,20250124,3.46,3.62,3.45,3.58,3.47,0.11,3.17,614403.0,218360.165,1.9532,3.6286,0.96,22.625,,0.4414,0.1583,0.2813,4.1899,4.1899,314565.2149,314565.2149,169321.0652,1126143.4693,1126143.4693,3.82,3.12,14.105
600782,新钢股份,普钢,江西,19961225,600782.SH,20250123,3.51,3.58,3.47,3.47,3.5,-0.03,-0.8571,429309.0,151557.704,1.3648,2.5355,0.71,21.9298,,0.4278,0.1534,0.2726,4.3228,4.3228,314565.2149,314565.2149,169321.0652,1091541.2957,1091541.2957,3.85,3.15,14.105
600782,新钢股份,普钢,江西,19961225,600782.SH,20250122,3.52,3.54,3.42,3.5,3.5,0.0,0.0,484665.0,168351.305,1.5407,2.8624,0.85,22.1194,,0.4315,0.1548,0.275,4.2857,4.2857,314565.2149,314565.2149,169321.0652,1100978.2522,1100978.2522,3.85,3.15,14.105
600782,新钢股份,普钢,江西,19961225,600782.SH,20250121,3.62,3.63,3.48,3.5,3.62,-0.12,-3.3149,866833.82,307806.578,2.7557,5.1195,1.85,22.1194,,0.4315,0.1548,0.275,4.2857,4.2857,314565.2149,314565.2149,169321.0652,1100978.2522,1100978.2522,3.98,3.26,14.105
600782,新钢股份,普钢,江西,19961225,600782.SH,20250120,3.34,3.62,3.34,3.62,3.29,0.33,10.0304,1085579.72,383210.951,3.451,6.4114,3.68,22.8778,,0.4463,0.1601,0.2844,4.1436,4.1436,314565.2149,314565.2149,169321.0652,1138726.0779,1138726.0779,3.62,2.96,14.105
600782,新钢股份,普钢,江西,19961225,600782.SH,20250117,3.32,3.33,3.26,3.29,3.33,-0.04,-1.2012,326602.99,107329.719,1.0383,1.9289,1.19,20.7922,,0.4056,0.1455,0.2585,4.5593,4.5593,314565.2149,314565.2149,169321.0652,1034919.557,1034919.557,3.66,3.0,14.105
600782,新钢股份,普钢,江西,19961225,600782.SH,20250116,3.29,3.37,3.28,3.33,3.29,0.04,1.2158,272319.0,90583.813,0.8657,1.6083,1.0,21.045,,0.4106,0.1472,0.2616,4.5045,4.5045,314565.2149,314565.2149,169321.0652,1047502.1656,1047502.1656,3.62,2.96,14.105
600782,新钢股份,普钢,江西,19961225,600782.SH,20250115,3.25,3.3,3.21,3.29,3.26,0.03,0.9202,308905.0,100649.004,0.982,1.8244,1.1,20.7922,,0.4056,0.1455,0.2585,4.5593,4.5593,314565.2149,314565.2149,169321.0652,1034919.557,1034919.557,3.59,2.93,14.105
600782,新钢股份,普钢,江西,19961225,600782.SH,20250114,3.21,3.27,3.18,3.26,3.2,0.06,1.875,352640.5,113921.435,1.121,2.0827,1.32,20.6026,,0.4019,0.1441,0.2561,4.6012,4.6012,314565.2149,314565.2149,169321.0652,1025482.6006,1025482.6006,3.52,2.88,14.105
600782,新钢股份,普钢,江西,19961225,600782.SH,20250113,3.15,3.2,3.11,3.2,3.17,0.03,0.9464,213430.3,67760.788,0.6785,1.2605,0.67,20.2235,,0.3945,0.1415,0.2514,4.6875,4.6875,314565.2149,314565.2149,169321.0652,1006608.6877,1006608.6877,3.49,2.85,14.105
600782,新钢股份,普钢,江西,19961225,600782.SH,20250110,3.24,3.26,3.17,3.17,3.23,-0.06,-1.8576,226558.93,72581.778,0.7202,1.338,0.65,20.0339,,0.3908,0.1402,0.249,4.7319,4.7319,314565.2149,314565.2149,169321.0652,997171.7312,997171.7312,3.55,2.91,14.105
600782,新钢股份,普钢,江西,19961225,600782.SH,20250109,3.26,3.28,3.22,3.23,3.28,-0.05,-1.5244,263828.0,85662.813,0.8387,1.5582,0.64,20.413,,0.3982,0.1428,0.2538,4.644,4.644,314565.2149,314565.2149,169321.0652,1016045.6441,1016045.6441,3.61,2.95,14.105
600782,新钢股份,普钢,江西,19961225,600782.SH,20250108,3.32,3.34,3.22,3.28,3.34,-0.06,-1.7964,350102.0,114421.064,1.113,2.0677,0.84,20.729,,0.4044,0.145,0.2577,4.5732,4.5732,314565.2149,314565.2149,169321.0652,1031773.9049,1031773.9049,3.67,3.01,14.105
600782,新钢股份,普钢,江西,19961225,600782.SH,20250107,3.35,3.38,3.29,3.34,3.37,-0.03,-0.8902,279311.0,92963.957,0.8879,1.6496,0.59,21.1082,,0.4118,0.1477,0.2624,4.491,4.491,314565.2149,314565.2149,169321.0652,1050647.8178,1050647.8178,3.71,3.03,14.105
600782,新钢股份,普钢,江西,19961225,600782.SH,20250106,3.29,3.4,3.26,3.37,3.27,0.1,3.0581,470563.53,157723.402,1.4959,2.7791,1.07,21.2978,,0.4155,0.149,0.2648,4.451,4.451,314565.2149,314565.2149,169321.0652,1060084.7742,1060084.7742,3.6,2.94,14.105
600782,新钢股份,普钢,江西,19961225,600782.SH,20250103,3.36,3.42,3.26,3.27,3.36,-0.09,-2.6786,391101.0,130452.903,1.2433,2.2802,0.93,20.6658,,0.4032,0.1446,0.2569,4.5872,4.5872,314565.2149,314565.2149,171523.0052,1028628.2527,1028628.2527,3.7,3.02,14.105
600782,新钢股份,普钢,江西,19961225,600782.SH,20250102,3.35,3.43,3.33,3.36,3.34,0.02,0.5988,576588.97,194636.721,1.833,3.3616,1.49,21.2346,,0.4143,0.1486,0.264,4.4643,4.4643,314565.2149,314565.2149,171523.0052,1056939.1221,1056939.1221,3.67,3.01,14.105
600782,新钢股份,普钢,江西,19961225,600782.SH,20241231,3.37,3.38,3.31,3.34,3.36,-0.02,-0.5952,377578.0,126448.909,1.2003,2.2013,0.88,21.1082,,0.4118,0.1477,0.2624,2.9772,4.491,314565.2149,314565.2149,171523.0052,1050647.8178,1050647.8178,3.7,3.02,14.105
600782,新钢股份,普钢,江西,19961225,600782.SH,20241230,3.45,3.46,3.35,3.36,3.45,-0.09,-2.6087,536634.83,181087.534,1.706,3.1286,1.3,21.2346,,0.4143,0.1486,0.264,2.9594,4.4643,314565.2149,314565.2149,171523.0052,1056939.1221,1056939.1221,3.8,3.11,14.105
600782,新钢股份,普钢,江西,19961225,600782.SH,20241227,3.42,3.5,3.42,3.45,3.43,0.02,0.5831,321994.35,111631.089,1.0236,1.8773,0.73,21.8034,,0.4254,0.1525,0.271,2.8822,4.3478,314565.2149,314565.2149,171523.0052,1085249.9914,1085249.9914,3.77,3.09,14.105
600782,新钢股份,普钢,江西,19961225,600782.SH,20241226,3.41,3.47,3.4,3.43,3.44,-0.01,-0.2907,284256.0,97536.512,0.9036,1.6572,0.6,21.677,,0.4229,0.1517,0.2695,2.899,4.3732,314565.2149,314565.2149,171523.0052,1078958.6871,1078958.6871,3.78,3.1,14.105
600782,新钢股份,普钢,江西,19961225,600782.SH,20241225,3.5,3.51,3.41,3.44,3.51,-0.07,-1.9943,410401.0,141295.719,1.3047,2.3927,0.76,21.7402,,0.4241,0.1521,0.2703,2.8906,4.3605,314565.2149,314565.2149,171523.0052,1082104.3393,1082104.3393,3.86,3.16,14.105
600782,新钢股份,普钢,江西,19961225,600782.SH,20241224,3.49,3.54,3.43,3.51,3.51,0.0,0.0,596066.0,207043.793,1.8949,3.4751,1.07,22.1826,,0.4328,0.1552,0.2758,2.833,4.2735,314565.2149,314565.2149,171523.0052,1104123.9043,1104123.9043,3.86,3.16,14.105
600782,新钢股份,普钢,江西,19961225,600782.SH,20241223,3.59,3.6,3.48,3.51,3.59,-0.08,-2.2284,445357.18,157262.457,1.4158,2.5965,0.67,22.1826,,0.4328,0.1552,0.2758,2.833,4.2735,314565.2149,314565.2149,171523.0052,1104123.9043,1104123.9043,3.95,3.23,14.105
600782,新钢股份,普钢,江西,19961225,600782.SH,20241220,3.66,3.68,3.57,3.59,3.67,-0.08,-2.1798,477808.0,171689.384,1.5189,2.7857,0.65,22.6882,,0.4426,0.1587,0.282,2.7698,4.1783,314565.2149,314565.2149,171523.0052,1129289.1215,1129289.1215,4.04,3.3,14.105
600782,新钢股份,普钢,江西,19961225,600782.SH,20241219,3.69,3.71,3.62,3.67,3.72,-0.05,-1.3441,456029.32,166616.26,1.4497,2.6587,0.56,23.1938,,0.4525,0.1623,0.2883,2.7095,4.0872,314565.2149,314565.2149,171523.0052,1154454.3387,1154454.3387,4.09,3.35,14.105
600782,新钢股份,普钢,江西,19961225,600782.SH,20241218,3.78,3.85,3.7,3.72,3.69,0.03,0.813,739633.1,279601.293,2.3513,4.3122,0.93,23.5098,,0.4587,0.1645,0.2923,2.673,4.0323,314565.2149,314565.2149,171523.0052,1170182.5994,1170182.5994,4.06,3.32,14.105
600782,新钢股份,普钢,江西,19961225,600782.SH,20241217,3.75,3.77,3.64,3.69,3.75,-0.06,-1.6,665503.0,245564.176,2.1156,3.88,0.83,23.3202,,0.455,0.1632,0.2899,2.6948,4.065,314565.2149,314565.2149,171523.0052,1160745.643,1160745.643,4.13,3.38,14.105
600782,新钢股份,普钢,江西,19961225,600782.SH,20241216,3.87,3.89,3.69,3.75,3.91,-0.16,-4.0921,969415.72,364775.541,3.0818,5.6518,1.39,23.6994,,0.4623,0.1658,0.2946,2.6517,4.0,314565.2149,314565.2149,171523.0052,1179619.5559,1179619.5559,4.3,3.52,14.105
600782,新钢股份,普钢,江西,19961225,600782.SH,20241213,3.95,3.98,3.84,3.91,3.97,-0.06,-1.5113,850440.0,331004.299,2.7035,4.9582,1.36,24.7105,,0.4821,0.1729,0.3072,2.5432,3.8363,314565.2149,314565.2149,171523.0052,1229949.9903,1229949.9903,4.37,3.57,14.105
600782,新钢股份,普钢,江西,19961225,600782.SH,20241212,4.09,4.09,3.94,3.97,4.08,-0.11,-2.6961,836046.08,332363.202,2.6578,4.8743,1.61,25.0897,,0.4895,0.1755,0.3119,2.5047,3.7783,314565.2149,314565.2149,171523.0052,1248823.9032,1248823.9032,4.49,3.67,14.105
600782,新钢股份,普钢,江西,19961225,600782.SH,20241211,4.02,4.17,4.0,4.08,4.02,0.06,1.4925,639866.8,262023.62,2.0341,3.7305,1.32,25.7849,,0.503,0.1804,0.3205,2.4372,3.6765,314565.2149,314565.2149,171523.0052,1283426.0768,1283426.0768,4.42,3.62,14.105
600782,新钢股份,普钢,江西,19961225,600782.SH,20241210,4.16,4.23,4.0,4.02,4.02,0.0,0.0,707039.28,291286.256,2.2477,4.1221,1.65,25.4057,,0.4956,0.1777,0.3158,2.4736,3.7313,314565.2149,314565.2149,171523.0052,1264552.1639,1264552.1639,4.42,3.62,14.105
600782,新钢股份,普钢,江西,19961225,600782.SH,20241209,4.02,4.12,3.99,4.02,4.02,0.0,0.0,445812.28,180429.725,1.4172,2.5991,1.04,25.4057,,0.4956,0.1777,0.3158,2.4736,3.7313,314565.2149,314565.2149,171523.0052,1264552.1639,1264552.1639,4.42,3.62,14.105
600782,新钢股份,普钢,江西,19961225,600782.SH,20241206,3.94,4.07,3.94,4.02,3.95,0.07,1.7722,486709.99,195824.428,1.5472,2.8376,1.24,25.4057,,0.4956,0.1777,0.3158,2.4736,3.7313,314565.2149,314565.2149,171523.0052,1264552.1639,1264552.1639,4.35,3.56,14.105
600782,新钢股份,普钢,江西,19961225,600782.SH,20241205,3.97,4.0,3.93,3.95,3.97,-0.02,-0.5038,318583.0,126015.349,1.0128,1.8574,0.85,24.9633,,0.487,0.1747,0.3103,2.5174,3.7975,314565.2149,314565.2149,171523.0052,1242532.5989,1242532.5989,4.37,3.57,14.105
600782,新钢股份,普钢,江西,19961225,600782.SH,20241204,3.93,4.03,3.91,3.97,3.95,0.02,0.5063,471121.0,187540.017,1.4977,2.7467,1.41,25.0897,,0.4895,0.1755,0.3119,2.5047,3.7783,314565.2149,314565.2149,171523.0052,1248823.9032,1248823.9032,4.35,3.56,14.105
600782,新钢股份,普钢,江西,19961225,600782.SH,20241203,3.95,3.97,3.89,3.95,3.95,0.0,0.0,413857.84,162975.1,1.3157,2.4128,1.32,24.9633,,0.487,0.1747,0.3103,2.5174,3.7975,314565.2149,314565.2149,171523.0052,1242532.5989,1242532.5989,4.35,3.56,14.105
600782,新钢股份,普钢,江西,19961225,600782.SH,20241202,3.82,3.97,3.79,3.95,3.82,0.13,3.4031,454910.22,177626.951,1.4462,2.6522,1.62,24.9633,,0.487,0.1747,0.3103,2.5174,3.7975,314565.2149,314565.2149,171523.0052,1242532.5989,1242532.5989,4.2,3.44,14.105
600782,新钢股份,普钢,江西,19961225,600782.SH,20241129,3.86,3.9,3.8,3.82,3.85,-0.03,-0.7792,300761.48,115901.271,0.9561,1.7535,0.98,24.1417,,0.471,0.1689,0.3001,2.6031,3.9267,314565.2149,314565.2149,171523.0052,1201639.1209,1201639.1209,4.24,3.47,14.105
600782,新钢股份,普钢,江西,19961225,600782.SH,20241128,3.85,3.92,3.82,3.85,3.86,-0.01,-0.2591,235712.5,91196.61,0.7493,1.3742,0.58,24.3313,,0.4747,0.1702,0.3025,2.5828,3.8961,314565.2149,314565.2149,171523.0052,1211076.0774,1211076.0774,4.25,3.47,14.105
600782,新钢股份,普钢,江西,19961225,600782.SH,20241127,3.84,3.87,3.75,3.86,3.86,0.0,0.0,268493.0,102143.362,0.8535,1.5653,0.65,24.3945,,0.4759,0.1707,0.3033,2.5761,3.886,314565.2149,314565.2149,171523.0052,1214221.7295,1214221.7295,4.25,3.47,14.105
600782,新钢股份,普钢,江西,19961225,600782.SH,20241126,3.83,3.92,3.8,3.86,3.84,0.02,0.5208,305633.83,118330.203,0.9716,1.7819,0.7,24.3945,,0.4759,0.1707,0.3033,2.5761,3.886,314565.2149,314565.2149,171523.0052,1214221.7295,1214221.7295,4.22,3.46,14.105
600782,新钢股份,普钢,江西,19961225,600782.SH,20241125,3.79,3.87,3.76,3.84,3.8,0.04,1.0526,297304.17,113183.025,0.9451,1.7333,0.55,24.2681,,0.4734,0.1698,0.3017,2.5895,3.9063,314565.2149,314565.2149,171523.0052,1207930.4252,1207930.4252,4.18,3.42,14.105
600782,新钢股份,普钢,江西,19961225,600782.SH,20241122,3.99,4.05,3.8,3.8,4.02,-0.22,-5.4726,427540.42,166320.288,1.3591,2.4926,0.83,24.0154,,0.4685,0.168,0.2985,2.6168,3.9474,314565.2149,314565.2149,171523.0052,1195347.8166,1195347.8166,4.42,3.62,14.105
600782,新钢股份,普钢,江西,19961225,600782.SH,20241121,3.83,4.05,3.82,4.02,3.84,0.18,4.6875,732725.37,291255.123,2.3293,4.2719,1.65,25.4057,,0.4956,0.1777,0.3158,2.4736,3.7313,314565.2149,314565.2149,171523.0052,1264552.1639,1264552.1639,4.22,3.46,14.105
600782,新钢股份,普钢,江西,19961225,600782.SH,20241120,3.85,3.86,3.8,3.84,3.86,-0.02,-0.5181,299990.0,114888.953,0.9537,1.749,0.66,24.2681,,0.4734,0.1698,0.3017,2.5895,3.9063,314565.2149,314565.2149,171523.0052,1207930.4252,1207930.4252,4.25,3.47,14.105
600782,新钢股份,普钢,江西,19961225,600782.SH,20241119,3.88,3.92,3.77,3.86,3.9,-0.04,-1.0256,429132.83,164409.025,1.3642,2.5019,0.9,24.3945,,0.4759,0.1707,0.3033,2.5761,3.886,314565.2149,314565.2149,171523.0052,1214221.7295,1214221.7295,4.29,3.51,14.105
600782,新钢股份,普钢,江西,19961225,600782.SH,20241118,3.94,4.12,3.86,3.9,3.81,0.09,2.3622,829883.67,331776.412,2.6382,4.8383,2.03,24.6473,,0.4808,0.1724,0.3064,2.5497,3.8462,314565.2149,314565.2149,171523.0052,1226804.3381,1226804.3381,4.19,3.43,14.105
600782,新钢股份,普钢,江西,19961225,600782.SH,20241115,3.84,3.91,3.8,3.81,3.86,-0.05,-1.2953,280641.68,108239.739,0.8922,1.6362,0.6,24.0785,,0.4697,0.1685,0.2993,2.6099,3.937,314565.2149,314565.2149,171523.0052,1198493.4688,1198493.4688,4.25,3.47,14.105
600782,新钢股份,普钢,江西,19961225,600782.SH,20241114,4.01,4.03,3.84,3.86,4.0,-0.14,-3.5,382881.0,149444.753,1.2172,2.2322,0.7,24.3945,,0.4759,0.1707,0.3033,2.5761,3.886,314565.2149,314565.2149,171523.0052,1214221.7295,1214221.7295,4.4,3.6,14.105
600782,新钢股份,普钢,江西,19961225,600782.SH,20241113,3.97,4.11,3.96,4.0,3.99,0.01,0.2506,351092.0,141403.897,1.1161,2.0469,0.59,25.2793,,0.4932,0.1769,0.3143,2.4859,3.75,314565.2149,314565.2149,171523.0052,1258260.8596,1258260.8596,4.39,3.59,14.105
600782,新钢股份,普钢,江西,19961225,600782.SH,20241112,3.97,4.07,3.93,3.99,3.97,0.02,0.5038,539758.03,217019.421,1.7159,3.1469,0.87,25.2161,,0.4919,0.1764,0.3135,2.4922,3.7594,314565.2149,314565.2149,171523.0052,1255115.2075,1255115.2075,4.37,3.57,14.105
600782,新钢股份,普钢,江西,19961225,600782.SH,20241111,4.01,4.08,3.93,3.97,4.06,-0.09,-2.2167,489879.03,194711.861,1.5573,2.8561,0.78,25.0897,,0.4895,0.1755,0.3119,2.5047,3.7783,314565.2149,314565.2149,171523.0052,1248823.9032,1248823.9032,4.47,3.65,14.105
600782,新钢股份,普钢,江西,19961225,600782.SH,20241108,4.19,4.22,4.05,4.06,4.18,-0.12,-2.8708,568034.0,232970.867,1.8058,3.3117,0.83,25.6585,,0.5006,0.1795,0.319,2.4492,3.6946,314565.2149,314565.2149,171523.0052,1277134.7725,1277134.7725,4.6,3.76,14.105
600782,新钢股份,普钢,江西,19961225,600782.SH,20241107,3.94,4.22,3.92,4.18,3.98,0.2,5.0251,775806.09,320108.42,2.4663,4.523,1.16,26.4169,,0.5154,0.1848,0.3284,2.3789,3.5885,314565.2149,314565.2149,171523.0052,1314882.5983,1314882.5983,4.38,3.58,14.105
600782,新钢股份,普钢,江西,19961225,600782.SH,20241106,3.99,4.02,3.87,3.98,3.99,-0.01,-0.2506,613603.99,241922.711,1.9506,3.5774,0.86,25.1529,,0.4907,0.176,0.3127,2.4984,3.7688,314565.2149,314565.2149,171523.0052,1251969.5553,1251969.5553,4.39,3.59,14.105
600782,新钢股份,普钢,江西,19961225,600782.SH,20241105,3.88,4.0,3.85,3.99,3.88,0.11,2.8351,661140.17,261947.012,2.1018,3.8545,0.78,25.2161,,0.4919,0.1764,0.3135,2.4922,3.7594,314565.2149,314565.2149,171523.0052,1255115.2075,1255115.2075,4.27,3.49,14.105
600782,新钢股份,普钢,江西,19961225,600782.SH,20241104,3.86,3.89,3.78,3.88,3.89,-0.01,-0.2571,520767.71,199767.494,1.6555,3.0361,0.47,24.5209,,0.4784,0.1716,0.3048,2.5628,3.866,314565.2149,314565.2149,171523.0052,1220513.0338,1220513.0338,4.28,3.5,14.105
600782,新钢股份,普钢,江西,19961225,600782.SH,20241101,3.8,4.0,3.78,3.89,3.81,0.08,2.0997,852786.04,332470.075,2.711,4.9718,0.79,24.5841,,0.4796,0.172,0.3056,2.5562,3.856,314565.2149,314565.2149,171523.0052,1223658.686,1223658.686,4.19,3.43,14.105
600782,新钢股份,普钢,江西,19961225,600782.SH,20241031,3.72,3.84,3.68,3.81,3.74,0.07,1.8717,704317.0,265939.527,2.239,4.1063,0.69,24.0785,,0.4697,0.1685,0.2993,2.6099,3.937,314565.2149,314565.2149,171523.0052,1198493.4688,1198493.4688,4.11,3.37,14.105
600782,新钢股份,普钢,江西,19961225,600782.SH,20241030,3.76,3.94,3.69,3.74,3.85,-0.11,-2.8571,836951.08,317040.604,2.6607,4.8795,0.84,23.6362,,0.4611,0.1654,0.2938,2.6588,4.0107,314565.2149,314565.2149,171523.0052,1176473.9037,1176473.9037,4.24,3.47,14.105
600782,新钢股份,普钢,江西,19961225,600782.SH,20241029,3.99,4.04,3.84,3.85,3.99,-0.14,-3.5088,1316188.42,516211.257,4.1842,7.6735,1.67,24.3313,95.2613,0.4654,0.1702,0.2538,2.5828,3.8961,314565.2149,314565.2149,171523.0052,1211076.0774,1211076.0774,4.39,3.59,14.105
600782,新钢股份,普钢,江西,19961225,600782.SH,20241028,3.73,3.99,3.72,3.99,3.63,0.36,9.9174,1851131.51,731552.328,5.8847,10.7923,3.63,25.2161,98.7254,0.4823,0.1764,0.263,2.4922,3.7594,314565.2149,314565.2149,171523.0052,1255115.2075,1255115.2075,3.99,3.27,14.105
600782,新钢股份,普钢,江西,19961225,600782.SH,20241025,3.52,3.66,3.51,3.63,3.53,0.1,2.8329,665201.0,239723.496,2.1147,3.8782,1.29,22.941,89.8178,0.4388,0.1605,0.2393,2.7393,4.1322,314565.2149,314565.2149,171523.0052,1141871.7301,1141871.7301,3.88,3.18,14.105
600782,新钢股份,普钢,江西,19961225,600782.SH,20241024,3.6,3.69,3.5,3.53,3.63,-0.1,-2.7548,463885.72,165411.292,1.4747,2.7045,0.87,22.309,87.3435,0.4267,0.1561,0.2327,2.8169,4.2493,314565.2149,314565.2149,171523.0052,1110415.2086,1110415.2086,3.99,3.27,14.105
600782,新钢股份,普钢,江西,19961225,600782.SH,20241023,3.51,3.68,3.5,3.63,3.52,0.11,3.125,660936.0,237849.865,2.1011,3.8533,1.14,22.941,89.8178,0.4388,0.1605,0.2393,2.7393,4.1322,314565.2149,314565.2149,171523.0052,1141871.7301,1141871.7301,3.87,3.17,14.105
600782,新钢股份,普钢,江西,19961225,600782.SH,20241022,3.53,3.55,3.48,3.52,3.54,-0.02,-0.565,288232.61,101175.73,0.9163,1.6804,0.44,22.2458,87.0961,0.4255,0.1556,0.232,2.8249,4.2614,314565.2149,314565.2149,171523.0052,1107269.5564,1107269.5564,3.89,3.19,14.105
600782,新钢股份,普钢,江西,19961225,600782.SH,20241021,3.56,3.58,3.49,3.54,3.55,-0.01,-0.2817,468072.55,165090.969,1.488,2.7289,0.59,22.3722,87.5909,0.4279,0.1565,0.2334,2.809,4.2373,314565.2149,314565.2149,171523.0052,1113560.8607,1113560.8607,3.91,3.2,14.105
600782,新钢股份,普钢,江西,19961225,600782.SH,20241018,3.55,3.6,3.45,3.55,3.57,-0.02,-0.5602,702015.61,247672.081,2.2317,4.0928,0.78,22.4354,87.8384,0.4291,0.157,0.234,2.8011,4.2254,314565.2149,314565.2149,171523.0052,1116706.5129,1116706.5129,3.93,3.21,14.105
600782,新钢股份,普钢,江西,19961225,600782.SH,20241017,3.66,3.67,3.56,3.57,3.67,-0.1,-2.7248,539221.0,193922.051,1.7142,3.1437,0.55,22.5618,88.3332,0.4315,0.1579,0.2353,2.7854,4.2017,314565.2149,314565.2149,171523.0052,1122997.8172,1122997.8172,4.04,3.3,14.105
600782,新钢股份,普钢,江西,19961225,600782.SH,20241016,3.49,3.75,3.46,3.67,3.52,0.15,4.2614,896468.02,328124.882,2.8499,5.2265,0.86,23.1938,90.8076,0.4436,0.1623,0.2419,2.7095,4.0872,314565.2149,314565.2149,171523.0052,1154454.3387,1154454.3387,3.87,3.17,14.105
600782,新钢股份,普钢,江西,19961225,600782.SH,20241015,3.64,3.65,3.51,3.52,3.65,-0.13,-3.5616,635691.0,226373.63,2.0209,3.7062,0.5,22.2458,87.0961,0.4255,0.1556,0.232,2.8249,4.2614,314565.2149,314565.2149,171523.0052,1107269.5564,1107269.5564,4.02,3.29,14.105
600782,新钢股份,普钢,江西,19961225,600782.SH,20241014,3.54,3.74,3.54,3.65,3.54,0.11,3.1073,1178091.1,428907.346,3.7451,6.8684,0.9,23.0674,90.3127,0.4412,0.1614,0.2406,2.7243,4.1096,314565.2149,314565.2149,171523.0052,1148163.0344,1148163.0344,3.89,3.19,14.105
600782,新钢股份,普钢,江西,19961225,600782.SH,20241011,3.43,3.64,3.38,3.54,3.42,0.12,3.5088,1272105.46,452899.852,4.044,7.4165,1.05,22.3722,87.5909,0.4279,0.1565,0.2334,2.809,4.2373,314565.2149,314565.2149,171523.0052,1113560.8607,1113560.8607,3.76,3.08,14.105
600782,新钢股份,普钢,江西,19961225,600782.SH,20241010,3.33,3.53,3.27,3.42,3.35,0.07,2.0896,880850.0,299880.837,2.8002,5.1306,0.67,21.6138,84.6218,0.4134,0.1512,0.2255,2.9075,4.386,314565.2149,314565.2149,171685.2652,1075813.035,1075813.035,3.69,3.02,14.105
600782,新钢股份,普钢,江西,19961225,600782.SH,20241009,3.59,3.59,3.3,3.35,3.64,-0.29,-7.967,1250195.19,428328.31,3.9744,7.2819,0.93,21.1714,82.8897,0.4049,0.1481,0.2208,2.9683,4.4776,314565.2149,314565.2149,171685.2652,1053793.4699,1053793.4699,4.0,3.28,14.105
600782,新钢股份,普钢,江西,19961225,600782.SH,20241008,3.97,3.97,3.53,3.64,3.61,0.03,0.831,1830250.85,679956.213,5.8184,10.6605,1.5,23.0042,90.0653,0.44,0.1609,0.24,2.7318,4.1209,314565.2149,314565.2149,171685.2652,1145017.3822,1145017.3822,3.97,3.25,14.105
600782,新钢股份,普钢,江西,19961225,600782.SH,20240930,3.56,3.64,3.42,3.61,3.31,0.3,9.0634,1322157.59,470257.658,4.2031,7.7011,1.31,22.8146,89.323,0.4364,0.1596,0.238,2.7545,4.1551,314565.2149,314565.2149,171685.2652,1135580.4258,1135580.4258,3.64,2.98,14.105
600782,新钢股份,普钢,江西,19961225,600782.SH,20240927,3.35,3.4,3.23,3.31,3.26,0.05,1.5337,798046.0,263168.086,2.537,4.6483,0.85,20.9186,81.9,0.4001,0.1464,0.2182,3.0041,4.5317,314565.2149,314565.2149,171685.2652,1041210.8613,1041210.8613,3.59,2.93,14.105
600782,新钢股份,普钢,江西,19961225,600782.SH,20240926,2.99,3.27,2.99,3.26,3.01,0.25,8.3056,1380390.54,437601.916,4.3882,8.0402,1.87,20.6026,80.6628,0.3941,0.1441,0.2149,3.0502,4.6012,314565.2149,314565.2149,171685.2652,1025482.6006,1025482.6006,3.31,2.71,14.105
600782,新钢股份,普钢,江西,19961225,600782.SH,20240925,3.06,3.19,3.01,3.01,2.9,0.11,3.7931,1424511.06,442179.352,4.5285,8.2972,2.74,19.0227,74.477,0.3638,0.1331,0.1984,3.3036,4.9834,314565.2149,314565.2149,171685.2652,946841.2968,946841.2968,3.19,2.61,14.105
600782,新钢股份,普钢,江西,19961225,600782.SH,20240924,2.66,2.92,2.66,2.9,2.65,0.25,9.434,1194667.43,338592.145,3.7978,6.9585,3.56,18.3275,71.7553,0.3505,0.1282,0.1912,3.4289,5.1724,314565.2149,314565.2149,171685.2652,912239.1232,912239.1232,2.92,2.39,14.105
600782,新钢股份,普钢,江西,19961225,600782.SH,20240923,2.6,2.67,2.59,2.65,2.61,0.04,1.5326,242474.53,63956.294,0.7708,1.4123,0.7,16.7475,65.5695,0.3203,0.1172,0.1747,3.7524,5.6604,314565.2149,314565.2149,171685.2652,833597.8195,833597.8195,2.87,2.35,14.105
600782,新钢股份,普钢,江西,19961225,600782.SH,20240920,2.67,2.68,2.6,2.61,2.68,-0.07,-2.6119,427719.02,112103.095,1.3597,2.4913,1.3,16.4948,64.5798,0.3155,0.1154,0.1721,3.8099,5.7471,314565.2149,314565.2149,171685.2652,821015.2109,821015.2109,2.95,2.41,14.105
600782,新钢股份,普钢,江西,19961225,600782.SH,20240919,2.67,2.72,2.65,2.68,2.66,0.02,0.7519,409884.46,109942.888,1.303,2.3874,1.31,16.9371,66.3118,0.3239,0.1185,0.1767,3.7103,5.597,314565.2149,314565.2149,171685.2652,843034.7759,843034.7759,2.93,2.39,14.105
600782,新钢股份,普钢,江西,19961225,600782.SH,20240918,2.66,2.69,2.59,2.66,2.68,-0.02,-0.7463,327200.71,86178.188,1.0402,1.9058,1.02,16.8107,65.8169,0.3215,0.1176,0.1754,3.7382,5.6391,314565.2149,314565.2149,171685.2652,836743.4716,836743.4716,2.95,2.41,14.105
600782,新钢股份,普钢,江西,19961225,600782.SH,20240913,2.69,2.74,2.66,2.68,2.68,0.0,0.0,270930.71,73158.6,0.8613,1.5781,0.86,16.9371,66.3118,0.3239,0.1185,0.1767,3.7103,5.597,314565.2149,314565.2149,171685.2652,843034.7759,843034.7759,2.95,2.41,14.105
600782,新钢股份,普钢,江西,19961225,600782.SH,20240912,2.67,2.71,2.64,2.68,2.67,0.01,0.3745,297908.0,79825.105,0.947,1.7352,1.06,16.9371,66.3118,0.3239,0.1185,0.1767,3.7103,5.597,314565.2149,314565.2149,171685.2652,843034.7759,843034.7759,2.94,2.4,14.105
600782,新钢股份,普钢,江西,19961225,600782.SH,20240911,2.75,2.75,2.65,2.67,2.75,-0.08,-2.9091,340915.11,91568.983,1.0838,1.9857,1.39,16.8739,66.0644,0.3227,0.1181,0.176,3.7242,5.618,314565.2149,314565.2149,171685.2652,839889.1238,839889.1238,3.03,2.48,14.105
600782,新钢股份,普钢,江西,19961225,600782.SH,20240910,2.79,2.81,2.72,2.75,2.79,-0.04,-1.4337,331838.0,91426.871,1.0549,1.9328,1.52,17.3795,68.0438,0.3324,0.1216,0.1813,3.6159,5.4545,314565.2149,314565.2149,171685.2652,865054.341,865054.341,3.07,2.51,14.105
600782,新钢股份,普钢,江西,19961225,600782.SH,20240909,2.91,2.91,2.78,2.79,2.92,-0.13,-4.4521,368721.0,104150.513,1.1722,2.1477,2.06,17.6323,69.0335,0.3372,0.1234,0.1839,3.5641,5.3763,314565.2149,314565.2149,171685.2652,877636.9496,877636.9496,3.21,2.63,14.105
600782,新钢股份,普钢,江西,19961225,600782.SH,20240906,3.0,3.02,2.91,2.92,2.99,-0.07,-2.3411,230351.56,68060.091,0.7323,1.3417,1.25,18.4539,72.2502,0.353,0.1291,0.1925,3.4054,5.137,314565.2149,314565.2149,171685.2652,918530.4275,918530.4275,3.29,2.69,14.105
600782,新钢股份,普钢,江西,19961225,600782.SH,20240905,2.99,3.02,2.98,2.99,2.98,0.01,0.3356,134900.25,40436.191,0.4288,0.7857,0.7,18.8963,73.9822,0.3614,0.1322,0.1971,3.3257,5.0167,314565.2149,314565.2149,171685.2652,940549.9926,940549.9926,3.28,2.68,14.105
600782,新钢股份,普钢,江西,19961225,600782.SH,20240904,2.99,3.01,2.97,2.98,2.99,-0.01,-0.3344,158332.0,47286.949,0.5033,0.9222,0.71,18.8331,73.7347,0.3602,0.1318,0.1964,3.3368,5.0336,314565.2149,314565.2149,171685.2652,937404.3404,937404.3404,3.29,2.69,14.105
600782,新钢股份,普钢,江西,19961225,600782.SH,20240903,3.02,3.03,2.98,2.99,3.02,-0.03,-0.9934,197570.0,59303.698,0.6281,1.1508,0.92,18.8963,73.9822,0.3614,0.1322,0.1971,3.3257,5.0167,314565.2149,314565.2149,171685.2652,940549.9926,940549.9926,3.32,2.72,14.105
600782,新钢股份,普钢,江西,19961225,600782.SH,20240902,3.07,3.09,3.02,3.02,3.09,-0.07,-2.2654,172063.0,52524.793,0.547,1.0022,0.82,19.0859,74.7245,0.365,0.1335,0.1991,3.2926,4.9669,314565.2149,314565.2149,171685.2652,949986.949,949986.949,3.4,2.78,14.105
600782,新钢股份,普钢,江西,19961225,600782.SH,20240830,3.03,3.12,3.01,3.09,3.03,0.06,1.9802,260367.0,80228.074,0.8277,1.5165,1.4,19.5283,76.4565,0.3735,0.1366,0.2037,3.218,4.8544,314565.2149,314565.2149,171685.2652,972006.514,972006.514,3.33,2.73,14.105
600782,新钢股份,普钢,江西,19961225,600782.SH,20240829,3.05,3.06,3.01,3.03,3.07,-0.04,-1.3029,180661.1,54784.063,0.5743,1.0523,0.92,19.1491,74.9719,0.3663,0.134,0.1997,3.2818,4.9505,314565.2149,314565.2149,171685.2652,953132.6011,953132.6011,3.38,2.76,14.105
600782,新钢股份,普钢,江西,19961225,600782.SH,20240828,2.99,3.1,2.98,3.07,3.01,0.06,1.9934,311081.25,94395.222,0.9889,1.8119,1.97,19.4019,75.9616,0.3711,0.1357,0.2024,3.239,4.886,314565.2149,314565.2149,171685.2652,965715.2097,965715.2097,3.31,2.71,14.105
600782,新钢股份,普钢,江西,19961225,600782.SH,20240827,3.03,3.06,2.99,3.01,3.04,-0.03,-0.9868,150890.0,45543.113,0.4797,0.8789,0.9,19.0227,74.477,0.3638,0.1331,0.1984,3.3036,4.9834,314565.2149,314565.2149,171685.2652,946841.2968,946841.2968,3.34,2.74,14.105
600782,新钢股份,普钢,江西,19961225,600782.SH,20240826,3.02,3.06,3.01,3.04,3.01,0.03,0.9967,141978.0,43111.11,0.4513,0.827,0.81,19.2123,38.8826,0.3687,0.1344,0.1605,3.271,4.9342,314565.2149,314565.2149,171685.2652,956278.2533,956278.2533,3.31,2.71,14.105
600782,新钢股份,普钢,江西,19961225,600782.SH,20240823,3.01,3.03,2.98,3.01,2.98,0.03,1.0067,143977.0,43321.059,0.4577,0.8386,0.83,19.0227,38.4989,0.365,0.1331,0.159,3.3036,4.9834,314565.2149,314565.2149,171685.2652,946841.2968,946841.2968,3.28,2.68,14.105
600782,新钢股份,普钢,江西,19961225,600782.SH,20240822,3.06,3.07,2.96,2.98,3.05,-0.07,-2.2951,237457.02,71372.395,0.7549,1.3831,1.49,18.8331,38.1152,0.3614,0.1318,0.1574,3.3368,5.0336,314565.2149,314565.2149,171685.2652,937404.3404,937404.3404,3.36,2.75,14.105
600782,新钢股份,普钢,江西,19961225,600782.SH,20240821,3.07,3.08,3.04,3.05,3.07,-0.02,-0.6515,113651.0,34714.421,0.3613,0.662,0.68,19.2755,39.0105,0.3699,0.1349,0.1611,3.2602,4.918,314565.2149,314565.2149,171685.2652,959423.9054,959423.9054,3.38,2.76,14.105
600782,新钢股份,普钢,江西,19961225,600782.SH,20240820,3.1,3.1,3.03,3.07,3.09,-0.02,-0.6472,198192.0,60754.862,0.6301,1.1544,1.31,19.4019,39.2663,0.3723,0.1357,0.1621,3.239,4.886,314565.2149,314565.2149,171685.2652,965715.2097,965715.2097,3.4,2.78,14.105
600782,新钢股份,普钢,江西,19961225,600782.SH,20240819,3.12,3.16,3.08,3.09,3.13,-0.04,-1.278,186707.13,58179.949,0.5935,1.0875,1.36,19.5283,39.5221,0.3747,0.1366,0.1632,3.218,4.8544,314565.2149,314565.2149,171685.2652,972006.514,972006.514,3.44,2.82,14.105
600782,新钢股份,普钢,江西,19961225,600782.SH,20240816,3.16,3.17,3.12,3.13,3.16,-0.03,-0.9494,127043.0,39915.022,0.4039,0.74,0.91,19.7811,40.0337,0.3796,0.1384,0.1653,3.1769,4.7923,314565.2149,314565.2149,171685.2652,984589.1226,984589.1226,3.48,2.84,14.105
600782,新钢股份,普钢,江西,19961225,600782.SH,20240815,3.15,3.18,3.13,3.16,3.15,0.01,0.3175,168872.11,53292.296,0.5368,0.9836,1.28,19.9707,40.4174,0.3832,0.1397,0.1669,3.1468,4.7468,314565.2149,314565.2149,171685.2652,994026.0791,994026.0791,3.47,2.84,14.105
600782,新钢股份,普钢,江西,19961225,600782.SH,20240814,3.21,3.21,3.15,3.15,3.21,-0.06,-1.8692,153466.0,48727.307,0.4879,0.8939,1.22,19.9075,40.2895,0.382,0.1393,0.1664,3.1567,4.7619,314565.2149,314565.2149,171685.2652,990880.4269,990880.4269,3.53,2.89,14.105
600782,新钢股份,普钢,江西,19961225,600782.SH,20240813,3.2,3.23,3.19,3.21,3.2,0.01,0.3125,117726.0,37721.185,0.3742,0.6857,0.91,20.2867,41.057,0.3893,0.1419,0.1695,3.0977,4.6729,314565.2149,314565.2149,171685.2652,1009754.3398,1009754.3398,3.52,2.88,14.105
600782,新钢股份,普钢,江西,19961225,600782.SH,20240812,3.24,3.24,3.18,3.2,3.24,-0.04,-1.2346,117142.82,37557.389,0.3724,0.6823,0.84,20.2235,40.929,0.3881,0.1415,0.169,3.1074,4.6875,314565.2149,314565.2149,171685.2652,1006608.6877,1006608.6877,3.56,2.92,14.105
600782,新钢股份,普钢,江西,19961225,600782.SH,20240809,3.24,3.28,3.23,3.24,3.23,0.01,0.3096,137549.0,44752.427,0.4373,0.8012,0.99,20.4762,41.4407,0.3929,0.1433,0.1711,3.0691,4.6296,314565.2149,314565.2149,171685.2652,1019191.2963,1019191.2963,3.55,2.91,14.105
600782,新钢股份,普钢,江西,19961225,600782.SH,20240808,3.22,3.25,3.21,3.23,3.23,0.0,0.0,132010.1,42690.872,0.4197,0.7689,0.85,20.413,41.3128,0.3917,0.1428,0.1706,3.0786,4.644,314565.2149,314565.2149,171685.2652,1016045.6441,1016045.6441,3.55,2.91,14.105
600782,新钢股份,普钢,江西,19961225,600782.SH,20240807,3.26,3.27,3.23,3.23,3.27,-0.04,-1.2232,125728.0,40777.408,0.3997,0.7323,0.68,20.413,41.3128,0.3917,0.1428,0.1706,3.0786,4.644,314565.2149,314565.2149,171685.2652,1016045.6441,1016045.6441,3.6,2.94,14.105
600782,新钢股份,普钢,江西,19961225,600782.SH,20240806,3.27,3.29,3.24,3.27,3.25,0.02,0.6154,136658.0,44649.315,0.4344,0.796,0.76,20.6658,41.8244,0.3966,0.1446,0.1727,3.0409,4.5872,314565.2149,314565.2149,171685.2652,1028628.2527,1028628.2527,3.58,2.93,14.105
600782,新钢股份,普钢,江西,19961225,600782.SH,20240805,3.28,3.33,3.25,3.25,3.29,-0.04,-1.2158,165186.02,54373.779,0.5251,0.9621,0.98,20.5394,41.5686,0.3941,0.1437,0.1716,3.0596,4.6154,314565.2149,314565.2149,171685.2652,1022336.9484,1022336.9484,3.62,2.96,14.105
600782,新钢股份,普钢,江西,19961225,600782.SH,20240802,3.28,3.32,3.27,3.29,3.3,-0.01,-0.303,133771.13,44149.385,0.4253,0.7792,0.81,20.7922,42.0802,0.399,0.1455,0.1738,3.0224,4.5593,314565.2149,314565.2149,171685.2652,1034919.557,1034919.557,3.63,2.97,14.105
600782,新钢股份,普钢,江西,19961225,600782.SH,20240801,3.32,3.34,3.27,3.3,3.32,-0.02,-0.6024,211050.51,69706.8,0.6709,1.2293,1.38,20.8554,42.2081,0.4002,0.1459,0.1743,3.0133,4.5455,314565.2149,314565.2149,171685.2652,1038065.2092,1038065.2092,3.65,2.99,14.105
600782,新钢股份,普钢,江西,19961225,600782.SH,20240731,3.27,3.33,3.26,3.32,3.27,0.05,1.5291,273471.0,90458.411,0.8694,1.5929,2.04,20.9818,42.4639,0.4026,0.1468,0.1753,2.9951,4.5181,314565.2149,314565.2149,171685.2652,1044356.5135,1044356.5135,3.6,2.94,14.105
600782,新钢股份,普钢,江西,19961225,600782.SH,20240730,3.27,3.28,3.25,3.27,3.28,-0.01,-0.3049,113829.0,37179.144,0.3619,0.663,0.77,20.6658,41.8244,0.3966,0.1446,0.1727,3.0409,4.5872,314565.2149,314565.2149,171685.2652,1028628.2527,1028628.2527,3.61,2.95,14.105
600782,新钢股份,普钢,江西,19961225,600782.SH,20240729,3.26,3.29,3.22,3.28,3.27,0.01,0.3058,110681.85,36180.572,0.3519,0.6447,0.66,20.729,41.9523,0.3978,0.145,0.1732,3.0316,4.5732,314565.2149,314565.2149,171685.2652,1031773.9049,1031773.9049,3.6,2.94,14.105
600782,新钢股份,普钢,江西,19961225,600782.SH,20240726,3.27,3.3,3.25,3.27,3.26,0.01,0.3067,118597.51,38834.036,0.377,0.6908,0.71,20.6658,41.8244,0.3966,0.1446,0.1727,3.0409,4.5872,314565.2149,314565.2149,171685.2652,1028628.2527,1028628.2527,3.59,2.93,14.105
600782,新钢股份,普钢,江西,19961225,600782.SH,20240725,3.21,3.27,3.2,3.26,3.23,0.03,0.9288,147911.5,48048.853,0.4702,0.8615,0.9,20.6026,41.6965,0.3954,0.1441,0.1722,3.0502,4.6012,314565.2149,314565.2149,171685.2652,1025482.6006,1025482.6006,3.55,2.91,14.105
600782,新钢股份,普钢,江西,19961225,600782.SH,20240724,3.22,3.25,3.16,3.23,3.22,0.01,0.3106,177648.0,56987.143,0.5647,1.0347,1.12,20.413,41.3128,0.3917,0.1428,0.1706,3.0786,4.644,314565.2149,314565.2149,171685.2652,1016045.6441,1016045.6441,3.54,2.9,14.105
600782,新钢股份,普钢,江西,19961225,600782.SH,20240723,3.29,3.31,3.21,3.22,3.29,-0.07,-2.1277,182802.86,59714.676,0.5811,1.0648,1.25,20.3498,41.1849,0.3905,0.1424,0.1701,3.0881,4.6584,314565.2149,314565.2149,171685.2652,1012899.992,1012899.992,3.62,2.96,14.105
600782,新钢股份,普钢,江西,19961225,600782.SH,20240722,3.35,3.35,3.27,3.29,3.34,-0.05,-1.497,212932.96,70198.746,0.6769,1.2403,1.52,20.7922,42.0802,0.399,0.1455,0.1738,3.0224,4.5593,314565.2149,314565.2149,171685.2652,1034919.557,1034919.557,3.67,3.01,14.105
600782,新钢股份,普钢,江西,19961225,600782.SH,20240719,3.36,3.36,3.32,3.34,3.37,-0.03,-0.8902,117704.32,39289.174,0.3742,0.6856,0.78,21.1082,42.7197,0.4051,0.1477,0.1764,2.9772,4.491,314565.2149,314565.2149,171685.2652,1050647.8178,1050647.8178,3.71,3.03,14.105
600782,新钢股份,普钢,江西,19961225,600782.SH,20240718,3.36,3.39,3.32,3.37,3.37,0.0,0.0,127943.0,42997.334,0.4067,0.7452,0.76,21.2978,43.1034,0.4087,0.149,0.178,2.9507,4.451,314565.2149,314565.2149,171685.2652,1060084.7742,1060084.7742,3.71,3.03,14.105
600782,新钢股份,普钢,江西,19961225,600782.SH,20240717,3.35,3.39,3.33,3.37,3.36,0.01,0.2976,151506.0,50958.774,0.4816,0.8825,0.89,21.2978,43.1034,0.4087,0.149,0.178,2.9507,4.451,314565.2149,314565.2149,171685.2652,1060084.7742,1060084.7742,3.7,3.02,14.105
600782,新钢股份,普钢,江西,19961225,600782.SH,20240716,3.34,3.38,3.33,3.36,3.36,0.0,0.0,122390.0,41034.922,0.3891,0.7129,0.68,21.2346,42.9755,0.4075,0.1486,0.1774,2.9594,4.4643,314565.2149,314565.2149,171685.2652,1056939.1221,1056939.1221,3.7,3.02,14.105
600782,新钢股份,普钢,江西,19961225,600782.SH,20240715,3.33,3.38,3.29,3.36,3.35,0.01,0.2985,179686.0,60091.081,0.5712,1.0466,0.88,21.2346,42.9755,0.4075,0.1486,0.1774,2.9594,4.4643,314565.2149,314565.2149,171685.2652,1056939.1221,1056939.1221,3.69,3.02,14.105
600782,新钢股份,普钢,江西,19961225,600782.SH,20240712,3.32,3.36,3.31,3.35,3.32,0.03,0.9036,174989.0,58504.021,0.5563,1.0192,0.89,21.1714,42.8476,0.4063,0.1481,0.1769,2.9683,4.4776,314565.2149,314565.2149,171685.2652,1053793.4699,1053793.4699,3.65,2.99,14.105
600782,新钢股份,普钢,江西,19961225,600782.SH,20240711,3.32,3.33,3.28,3.32,3.28,0.04,1.2195,211809.0,70100.728,0.6733,1.2337,1.05,20.9818,42.4639,0.4026,0.1468,0.1753,2.9951,4.5181,314565.2149,314565.2149,171685.2652,1044356.5135,1044356.5135,3.61,2.95,14.105
600782,新钢股份,普钢,江西,19961225,600782.SH,20240710,3.31,3.32,3.27,3.28,3.32,-0.04,-1.2048,164040.82,53989.308,0.5215,0.9555,0.74,20.729,41.9523,0.3978,0.145,0.1732,3.0316,4.5732,314565.2149,314565.2149,171685.2652,1031773.9049,1031773.9049,3.65,2.99,14.105
600782,新钢股份,普钢,江西,19961225,600782.SH,20240709,3.32,3.36,3.29,3.32,3.33,-0.01,-0.3003,172482.0,57380.942,0.5483,1.0046,0.74,20.9818,42.4639,0.4026,0.1468,0.1753,2.9951,4.5181,314565.2149,314565.2149,171685.2652,1044356.5135,1044356.5135,3.66,3.0,14.105
600782,新钢股份,普钢,江西,19961225,600782.SH,20240708,3.37,3.4,3.31,3.33,3.39,-0.06,-1.7699,292329.89,97595.802,0.9293,1.7027,1.27,21.045,42.5918,0.4038,0.1472,0.1759,2.9861,4.5045,314565.2149,314565.2149,171685.2652,1047502.1656,1047502.1656,3.73,3.05,14.105
600782,新钢股份,普钢,江西,19961225,600782.SH,20240705,3.41,3.44,3.36,3.39,3.41,-0.02,-0.5865,144709.02,49055.331,0.46,0.8429,0.53,21.4242,43.3592,0.4111,0.1499,0.179,2.9333,4.4248,314565.2149,314565.2149,171685.2652,1066376.0785,1066376.0785,3.75,3.07,14.105
600782,新钢股份,普钢,江西,19961225,600782.SH,20240704,3.4,3.45,3.39,3.41,3.4,0.01,0.2941,232585.63,79587.728,0.7394,1.3547,0.88,21.5506,43.615,0.4135,0.1508,0.1801,2.9161,4.3988,314565.2149,314565.2149,171685.2652,1072667.3828,1072667.3828,3.74,3.06,14.105
600782,新钢股份,普钢,江西,19961225,600782.SH,20240703,3.32,3.42,3.31,3.4,3.29,0.11,3.3435,273775.65,92298.719,0.8703,1.5946,1.12,21.4874,43.4871,0.4123,0.1503,0.1796,2.9246,4.4118,314565.2149,314565.2149,171685.2652,1069521.7307,1069521.7307,3.62,2.96,14.105
600782,新钢股份,普钢,江西,19961225,600782.SH,20240702,3.39,3.46,3.38,3.44,3.4,0.04,1.1765,224473.31,77056.41,0.7136,1.3075,0.97,21.7402,43.9987,0.4097,0.1521,0.1817,2.8906,,314565.2149,314565.2149,171685.2652,1082104.3393,1082104.3393,3.74,3.06,13.49
600782,新钢股份,普钢,江西,19961225,600782.SH,20240701,3.31,3.4,3.31,3.4,3.32,0.08,2.4096,271489.28,91811.064,0.8631,1.5813,1.28,21.4874,43.4871,0.405,0.1503,0.1796,2.9246,,314565.2149,314565.2149,171685.2652,1069521.7307,1069521.7307,3.65,2.99,13.49
600782,新钢股份,普钢,江西,19961225,600782.SH,20240628,3.41,3.45,3.31,3.32,3.42,-0.1,-2.924,366266.0,123660.306,1.1644,2.1334,2.12,20.9818,42.4639,0.3954,0.1468,0.1753,2.9951,,314565.2149,314565.2149,171685.2652,1044356.5135,1044356.5135,3.76,3.08,13.49
600782,新钢股份,普钢,江西,19961225,600782.SH,20240627,3.49,3.5,3.41,3.42,3.48,-0.06,-1.7241,187978.0,64769.783,0.5976,1.0949,1.14,21.6138,43.7429,0.4073,0.1512,0.1806,2.9075,2.9075,314565.2149,314565.2149,171685.2652,1075813.035,1075813.035,3.83,3.13,13.49
600782,新钢股份,普钢,江西,19961225,600782.SH,20240626,3.43,3.49,3.41,3.48,3.45,0.03,0.8696,169280.88,58519.409,0.5381,0.986,1.05,21.993,44.5103,0.4145,0.1539,0.1838,2.8574,2.8574,314565.2149,314565.2149,171685.2652,1094686.9479,1094686.9479,3.8,3.11,13.49
600782,新钢股份,普钢,江西,19961225,600782.SH,20240625,3.42,3.47,3.4,3.45,3.43,0.02,0.5831,166846.88,57331.184,0.5304,0.9718,0.98,21.8034,44.1266,0.4109,0.1525,0.1822,2.8822,2.8822,314565.2149,314565.2149,171685.2652,1085249.9914,1085249.9914,3.77,3.09,13.4901
600782,新钢股份,普钢,江西,19961225,600782.SH,20240624,3.49,3.49,3.41,3.43,3.5,-0.07,-2.0,173664.58,59818.437,0.5521,1.0115,0.87,21.677,43.8708,0.4085,0.1517,0.1811,2.899,2.899,314565.2149,314565.2149,171685.2652,1078958.6871,1078958.6871,3.85,3.15,13.49
600782,新钢股份,普钢,江西,19961225,600782.SH,20240621,3.52,3.54,3.49,3.5,3.47,0.03,0.8646,166321.47,58372.624,0.5287,0.9688,0.79,22.1194,44.7661,0.4169,0.1548,0.1848,2.8411,2.8411,314565.2149,314565.2149,171685.2652,1100978.2522,1100978.2522,3.82,3.12,13.49
600782,新钢股份,普钢,江西,19961225,600782.SH,20240620,3.52,3.54,3.47,3.47,3.52,-0.05,-1.4205,144902.05,50689.221,0.4606,0.844,0.66,21.9298,44.3824,0.4133,0.1534,0.1833,2.8656,2.8656,314565.2149,314565.2149,171685.2652,1091541.2957,1091541.2957,3.87,3.17,13.49
600782,新钢股份,普钢,江西,19961225,600782.SH,20240619,3.59,3.59,3.51,3.52,3.58,-0.06,-1.676,153950.95,54387.549,0.4894,0.8967,0.69,22.2458,45.022,0.4193,0.1556,0.1859,2.8249,2.8249,314565.2149,314565.2149,171685.2652,1107269.5564,1107269.5564,3.94,3.22,13.49
600782,新钢股份,普钢,江西,19961225,600782.SH,20240618,3.52,3.59,3.5,3.58,3.5,0.08,2.2857,208370.0,74059.585,0.6624,1.2137,0.94,22.625,45.7894,0.4264,0.1583,0.1891,2.7776,2.7776,314565.2149,314565.2149,171685.2652,1126143.4693,1126143.4693,3.85,3.15,13.49
600782,新钢股份,普钢,江西,19961225,600782.SH,20240617,3.56,3.57,3.48,3.5,3.58,-0.08,-2.2346,329908.0,115735.943,1.0488,1.9216,1.69,22.1194,44.7661,0.4169,0.1548,0.1848,2.8411,2.8411,314565.2149,314565.2149,171685.2652,1100978.2522,1100978.2522,3.94,3.22,13.49
600782,新钢股份,普钢,江西,19961225,600782.SH,20240614,3.52,3.6,3.51,3.58,3.54,0.04,1.1299,218501.34,77676.346,0.6946,1.2727,0.95,22.625,45.7894,0.4264,0.1583,0.1891,2.7776,2.7776,314565.2149,314565.2149,171685.2652,1126143.4693,1126143.4693,3.89,3.19,13.49
600782,新钢股份,普钢,江西,19961225,600782.SH,20240613,3.58,3.62,3.52,3.54,3.6,-0.06,-1.6667,189108.0,67096.013,0.6012,1.1015,0.69,22.3722,45.2778,0.4216,0.1565,0.187,2.809,2.809,314565.2149,314565.2149,171685.2652,1113560.8607,1113560.8607,3.96,3.24,13.49
600782,新钢股份,普钢,江西,19961225,600782.SH,20240612,3.6,3.61,3.55,3.6,3.6,0.0,0.0,175528.0,62955.891,0.558,1.0224,0.6,22.7514,46.0452,0.4288,0.1592,0.1901,2.7621,2.7621,314565.2149,314565.2149,171685.2652,1132434.7736,1132434.7736,3.96,3.24,13.49
600782,新钢股份,普钢,江西,19961225,600782.SH,20240611,3.66,3.66,3.58,3.6,3.68,-0.08,-2.1739,190370.12,68686.777,0.6052,1.1088,0.61,22.7514,46.0452,0.4288,0.1592,0.1901,2.7621,2.7621,314565.2149,314565.2149,171685.2652,1132434.7736,1132434.7736,4.05,3.31,13.49
600782,新钢股份,普钢,江西,19961225,600782.SH,20240607,3.61,3.7,3.61,3.68,3.63,0.05,1.3774,200862.39,73364.837,0.6385,1.1699,0.67,23.257,47.0684,0.4383,0.1627,0.1943,2.7021,2.7021,314565.2149,314565.2149,171685.2652,1157599.9908,1157599.9908,3.99,3.27,13.49
600782,新钢股份,普钢,江西,19961225,600782.SH,20240606,3.7,3.72,3.59,3.63,3.69,-0.06,-1.626,398937.77,144576.68,1.2682,2.3237,1.48,22.941,46.4289,0.4324,0.1605,0.1917,2.7393,2.7393,314565.2149,314565.2149,171685.2652,1141871.7301,1141871.7301,4.06,3.32,13.49
600782,新钢股份,普钢,江西,19961225,600782.SH,20240605,3.81,3.81,3.68,3.69,3.81,-0.12,-3.1496,407373.7,151796.002,1.295,2.3728,1.86,23.3202,47.1963,0.4395,0.1632,0.1949,2.6948,2.6948,314565.2149,314565.2149,171685.2652,1160745.643,1160745.643,4.19,3.43,13.49
600782,新钢股份,普钢,江西,19961225,600782.SH,20240604,3.8,3.84,3.77,3.81,3.81,0.0,0.0,264491.77,100611.89,0.8408,1.5406,1.26,24.0785,48.7311,0.4538,0.1685,0.2012,2.6099,2.6099,314565.2149,314565.2149,171685.2652,1198493.4688,1198493.4688,4.19,3.43,13.49
600782,新钢股份,普钢,江西,19961225,600782.SH,20240603,3.93,3.94,3.77,3.81,3.94,-0.13,-3.2995,279664.86,107010.464,0.8891,1.6289,1.39,24.0785,48.7311,0.4538,0.1685,0.2012,2.6099,2.6099,314565.2149,314565.2149,171685.2652,1198493.4688,1198493.4688,4.33,3.55,13.49
600782,新钢股份,普钢,江西,19961225,600782.SH,20240531,3.93,3.97,3.92,3.94,3.93,0.01,0.2545,154809.98,61066.681,0.4921,0.9017,0.71,24.9001,50.3939,0.4693,0.1742,0.2081,2.5238,2.5238,314565.2149,314565.2149,171685.2652,1239386.9467,1239386.9467,4.32,3.54,13.49
600782,新钢股份,普钢,江西,19961225,600782.SH,20240530,3.93,4.03,3.92,3.93,3.93,0.0,0.0,242143.02,96195.044,0.7698,1.4104,1.1,24.8369,50.266,0.4681,0.1738,0.2076,2.5302,2.5302,314565.2149,314565.2149,171685.2652,1236241.2946,1236241.2946,4.32,3.54,13.49
600782,新钢股份,普钢,江西,19961225,600782.SH,20240529,3.91,3.96,3.9,3.93,3.92,0.01,0.2551,152665.02,60031.896,0.4853,0.8892,0.61,24.8369,50.266,0.4681,0.1738,0.2076,2.5302,2.5302,314565.2149,314565.2149,171685.2652,1236241.2946,1236241.2946,4.31,3.53,13.49
600782,新钢股份,普钢,江西,19961225,600782.SH,20240528,3.95,4.01,3.9,3.92,3.96,-0.04,-1.0101,218304.72,86333.798,0.694,1.2715,0.85,24.7737,50.1381,0.4669,0.1733,0.207,2.5367,2.5367,314565.2149,314565.2149,171685.2652,1233095.6424,1233095.6424,4.36,3.56,13.49
600782,新钢股份,普钢,江西,19961225,600782.SH,20240527,3.97,4.0,3.92,3.96,3.96,0.0,0.0,234756.13,92676.78,0.7463,1.3674,0.87,25.0265,50.6497,0.4717,0.1751,0.2091,2.511,2.511,314565.2149,314565.2149,171685.2652,1245678.251,1245678.251,4.36,3.56,13.49
600782,新钢股份,普钢,江西,19961225,600782.SH,20240524,3.93,3.99,3.93,3.96,3.93,0.03,0.7634,236576.84,93736.058,0.7521,1.378,0.84,25.0265,50.6497,0.4717,0.1751,0.2091,2.511,2.511,314565.2149,314565.2149,171685.2652,1245678.251,1245678.251,4.32,3.54,13.49
600782,新钢股份,普钢,江西,19961225,600782.SH,20240523,4.01,4.03,3.91,3.93,4.03,-0.1,-2.4814,255477.0,101062.922,0.8122,1.4881,0.77,24.8369,50.266,0.4681,0.1738,0.2076,2.5302,2.5302,314565.2149,314565.2149,171685.2652,1236241.2946,1236241.2946,4.43,3.63,13.49
600782,新钢股份,普钢,江西,19961225,600782.SH,20240522,3.97,4.07,3.97,4.03,3.96,0.07,1.7677,306630.53,123479.5,0.9748,1.786,0.99,25.4689,51.545,0.48,0.1782,0.2128,2.4674,2.4674,314565.2149,314565.2149,171685.2652,1267697.816,1267697.816,4.36,3.56,13.49
600782,新钢股份,普钢,江西,19961225,600782.SH,20240521,4.01,4.02,3.92,3.96,4.01,-0.05,-1.2469,246752.0,97971.99,0.7844,1.4372,0.8,25.0265,50.6497,0.4717,0.1751,0.2091,2.511,2.511,314565.2149,314565.2149,171685.2652,1245678.251,1245678.251,4.41,3.61,13.49
600782,新钢股份,普钢,江西,19961225,600782.SH,20240520,3.98,4.04,3.96,4.01,3.96,0.05,1.2626,297894.5,119426.745,0.947,1.7351,0.96,25.3425,51.2892,0.4776,0.1773,0.2118,2.4797,2.4797,314565.2149,314565.2149,171685.2652,1261406.5117,1261406.5117,4.36,3.56,13.49
600782,新钢股份,普钢,江西,19961225,600782.SH,20240517,3.88,3.97,3.88,3.96,3.89,0.07,1.7995,301089.26,118145.132,0.9572,1.7537,1.02,25.0265,50.6497,0.4717,0.1751,0.2091,2.511,2.511,314565.2149,314565.2149,171685.2652,1245678.251,1245678.251,4.28,3.5,13.49
600782,新钢股份,普钢,江西,19961225,600782.SH,20240516,3.74,3.92,3.74,3.89,3.73,0.16,4.2895,498681.02,191966.275,1.5853,2.9046,1.77,24.5841,49.7544,0.4633,0.172,0.2054,2.5562,2.5562,314565.2149,314565.2149,171685.2652,1223658.686,1223658.686,4.1,3.36,13.49
600782,新钢股份,普钢,江西,19961225,600782.SH,20240515,3.78,3.79,3.71,3.73,3.78,-0.05,-1.3228,197750.0,74132.44,0.6286,1.1518,0.6,23.573,47.7079,0.4443,0.1649,0.197,2.6659,2.6659,314565.2149,314565.2149,171685.2652,1173328.2516,1173328.2516,4.16,3.4,13.49
600782,新钢股份,普钢,江西,19961225,600782.SH,20240514,3.78,3.86,3.77,3.78,3.8,-0.02,-0.5263,241307.92,91779.006,0.7671,1.4055,0.56,23.889,48.3474,0.4502,0.1671,0.1996,2.6306,2.6306,314565.2149,314565.2149,171685.2652,1189056.5123,1189056.5123,4.18,3.42,13.49
600782,新钢股份,普钢,江西,19961225,600782.SH,20240513,3.73,3.8,3.68,3.8,3.74,0.06,1.6043,315393.19,118233.831,1.0026,1.837,0.7,24.0154,48.6032,0.4526,0.168,0.2007,2.6168,2.6168,314565.2149,314565.2149,171685.2652,1195347.8166,1195347.8166,4.11,3.37,13.49
600782,新钢股份,普钢,江西,19961225,600782.SH,20240510,3.76,3.78,3.71,3.74,3.76,-0.02,-0.5319,223336.13,83468.858,0.71,1.3008,0.46,23.6362,47.8358,0.4455,0.1654,0.1975,2.6588,2.6588,314565.2149,314565.2149,171685.2652,1176473.9037,1176473.9037,4.14,3.38,13.49
600782,新钢股份,普钢,江西,19961225,600782.SH,20240509,3.67,3.78,3.66,3.76,3.68,0.08,2.1739,431794.77,161760.405,1.3727,2.515,0.83,23.7626,48.0916,0.4478,0.1663,0.1986,2.6446,2.6446,314565.2149,314565.2149,171685.2652,1182765.208,1182765.208,4.05,3.31,13.49
600782,新钢股份,普钢,江西,19961225,600782.SH,20240508,3.66,3.69,3.63,3.68,3.69,-0.01,-0.271,440927.0,161435.753,1.4017,2.5682,0.91,23.257,47.0684,0.4383,0.1627,0.1943,2.7021,2.7021,314565.2149,314565.2149,171685.2652,1157599.9908,1157599.9908,4.06,3.32,13.49
600782,新钢股份,普钢,江西,19961225,600782.SH,20240507,3.85,3.86,3.65,3.69,3.86,-0.17,-4.4041,741923.71,275340.664,2.3586,4.3214,1.83,23.3202,47.1963,0.4395,0.1632,0.1949,2.6948,2.6948,314565.2149,314565.2149,171685.2652,1160745.643,1160745.643,4.25,3.47,13.49
600782,新钢股份,普钢,江西,19961225,600782.SH,20240506,3.91,3.94,3.84,3.86,3.87,-0.01,-0.2584,420084.17,162881.973,1.3354,2.4468,1.12,24.3945,49.3707,0.4598,0.1707,0.2039,2.5761,2.5761,314565.2149,314565.2149,171685.2652,1214221.7295,1214221.7295,4.26,3.48,13.49
600782,新钢股份,普钢,江西,19961225,600782.SH,20240430,4.0,4.02,3.84,3.87,3.97,-0.1,-2.5189,386448.21,151297.736,1.2285,2.2509,1.05,24.4577,49.4986,0.4609,0.1711,0.2044,2.5694,2.5694,314565.2149,314565.2149,171685.2652,1217367.3817,1217367.3817,4.37,3.57,13.49
600782,新钢股份,普钢,江西,19961225,600782.SH,20240429,3.91,3.99,3.81,3.97,4.07,-0.1,-2.457,622962.0,243322.693,1.9804,3.6285,1.95,25.0897,50.7776,0.4729,0.1755,0.2097,2.5047,2.5047,314565.2149,314565.2149,171685.2652,1248823.9032,1248823.9032,4.48,3.66,13.49
600782,新钢股份,普钢,江西,19961225,600782.SH,20240426,4.12,4.15,4.05,4.07,4.12,-0.05,-1.2136,262361.0,107114.643,0.834,1.5282,0.69,25.7217,25.7217,0.4819,0.18,0.18,2.4432,2.4432,314565.2149,314565.2149,171685.2652,1280280.4246,1280280.4246,4.53,3.71,13.49
600782,新钢股份,普钢,江西,19961225,600782.SH,20240425,4.0,4.13,3.99,4.12,4.02,0.1,2.4876,336199.49,137299.971,1.0688,1.9582,0.91,26.0377,26.0377,0.4878,0.1822,0.1822,2.4135,2.4135,314565.2149,314565.2149,171685.2652,1296008.6854,1296008.6854,4.42,3.62,13.49
600782,新钢股份,普钢,江西,19961225,600782.SH,20240424,4.03,4.04,3.97,4.02,4.03,-0.01,-0.2481,260898.0,104589.062,0.8294,1.5196,0.69,25.4057,25.4057,0.476,0.1777,0.1777,2.4736,2.4736,314565.2149,314565.2149,171685.2652,1264552.1639,1264552.1639,4.43,3.63,13.49
600782,新钢股份,普钢,江西,19961225,600782.SH,20240423,4.08,4.15,4.01,4.03,4.07,-0.04,-0.9828,356502.0,144664.215,1.1333,2.0765,0.91,25.4689,25.4689,0.4771,0.1782,0.1782,2.4674,2.4674,314565.2149,314565.2149,171685.2652,1267697.816,1267697.816,4.48,3.66,13.49
600782,新钢股份,普钢,江西,19961225,600782.SH,20240422,4.14,4.17,4.05,4.07,4.14,-0.07,-1.6908,377971.0,154809.219,1.2016,2.2015,0.91,12.2355,,0.4822,0.1293,0.1501,2.4432,2.4432,314565.2149,314565.2149,171685.2652,1280280.4246,1280280.4246,4.55,3.73,13.49
600782,新钢股份,普钢,江西,19961225,600782.SH,20240419,4.0,4.15,3.98,4.14,4.0,0.14,3.5,562575.05,231001.007,1.7884,3.2768,1.59,12.4459,,0.4905,0.1315,0.1527,2.4019,2.4019,314565.2149,314565.2149,171685.2652,1302299.9897,1302299.9897,4.4,3.6,13.49
600782,新钢股份,普钢,江西,19961225,600782.SH,20240418,3.96,4.02,3.96,4.0,3.98,0.02,0.5025,288371.27,115079.475,0.9167,1.6797,0.79,12.025,,0.4739,0.1271,0.1475,2.4859,2.4859,314565.2149,314565.2149,171685.2652,1258260.8596,1258260.8596,4.38,3.58,13.49
600782,新钢股份,普钢,江西,19961225,600782.SH,20240417,3.93,3.98,3.87,3.98,3.9,0.08,2.0513,306320.75,120467.207,0.9738,1.7842,0.72,11.9649,,0.4716,0.1265,0.1468,2.4984,2.4984,314565.2149,314565.2149,171685.2652,1251969.5553,1251969.5553,4.29,3.51,13.49
600782,新钢股份,普钢,江西,19961225,600782.SH,20240416,3.99,4.02,3.9,3.9,3.97,-0.07,-1.7632,413037.84,163646.756,1.313,2.4058,1.03,11.7244,,0.4621,0.1239,0.1438,2.5497,2.5497,314565.2149,314565.2149,171685.2652,1226804.3381,1226804.3381,4.37,3.57,13.49
600782,新钢股份,普钢,江西,19961225,600782.SH,20240415,3.91,3.98,3.81,3.97,3.88,0.09,2.3196,509784.77,200467.321,1.6206,2.9693,1.23,11.9348,,0.4704,0.1261,0.1464,2.5047,2.5047,314565.2149,314565.2149,171685.2652,1248823.9032,1248823.9032,4.27,3.49,13.49
600782,新钢股份,普钢,江西,19961225,600782.SH,20240412,3.92,3.94,3.87,3.88,3.92,-0.04,-1.0204,251040.47,98007.782,0.7981,1.4622,0.54,11.6643,,0.4597,0.1233,0.1431,2.5628,2.5628,314565.2149,314565.2149,171685.2652,1220513.0338,1220513.0338,4.31,3.53,13.49
600782,新钢股份,普钢,江西,19961225,600782.SH,20240411,3.83,3.97,3.82,3.92,3.89,0.03,0.7712,351728.51,137841.721,1.1181,2.0487,0.65,11.7845,,0.4645,0.1246,0.1445,2.5367,2.5367,314565.2149,314565.2149,171685.2652,1233095.6424,1233095.6424,4.28,3.5,13.49
600782,新钢股份,普钢,江西,19961225,600782.SH,20240410,3.82,3.94,3.82,3.89,3.82,0.07,1.8325,589796.51,230074.345,1.875,3.4353,1.21,11.6943,,0.4609,0.1236,0.1434,2.5562,2.5562,314565.2149,314565.2149,171685.2652,1223658.686,1223658.686,4.2,3.44,13.49
600782,新钢股份,普钢,江西,19961225,600782.SH,20240409,3.81,3.85,3.77,3.82,3.82,0.0,0.0,307508.71,117086.467,0.9776,1.7911,0.63,11.4839,,0.4526,0.1214,0.1409,2.6031,2.6031,314565.2149,314565.2149,171685.2652,1201639.1209,1201639.1209,4.2,3.44,13.49
600782,新钢股份,普钢,江西,19961225,600782.SH,20240408,3.79,3.89,3.78,3.82,3.78,0.04,1.0582,566516.48,217255.96,1.801,3.2997,1.32,11.4839,,0.4526,0.1214,0.1409,2.6031,2.6031,314565.2149,314565.2149,171685.2652,1201639.1209,1201639.1209,4.16,3.4,13.49
600782,新钢股份,普钢,江西,19961225,600782.SH,20240403,3.72,3.79,3.72,3.78,3.73,0.05,1.3405,491527.63,185048.968,1.5626,2.863,1.32,11.3637,,0.4479,0.1201,0.1394,2.6306,2.6306,314565.2149,314565.2149,171685.2652,1189056.5123,1189056.5123,4.1,3.36,13.49
600782,新钢股份,普钢,江西,19961225,600782.SH,20240402,3.59,3.75,3.59,3.73,3.58,0.15,4.1899,746564.87,274954.955,2.3733,4.3485,2.87,11.2133,,0.4419,0.1185,0.1375,2.6659,2.6659,314565.2149,314565.2149,171685.2652,1173328.2516,1173328.2516,3.94,3.22,13.49
600782,新钢股份,普钢,江西,19961225,600782.SH,20240401,3.51,3.59,3.51,3.58,3.52,0.06,1.7045,321641.02,114621.106,1.0225,1.8734,1.3,10.7624,,0.4242,0.1138,0.132,2.7776,2.7776,314565.2149,314565.2149,171685.2652,1126143.4693,1126143.4693,3.87,3.17,13.49
600782,新钢股份,普钢,江西,19961225,600782.SH,20240329,3.49,3.53,3.46,3.52,3.49,0.03,0.8596,298720.13,104680.903,0.9496,1.7399,1.28,10.582,,0.4171,0.1118,0.1298,2.8249,2.8249,314565.2149,314565.2149,171685.2652,1107269.5564,1107269.5564,3.84,3.14,13.49
600782,新钢股份,普钢,江西,19961225,600782.SH,20240328,3.51,3.52,3.48,3.49,3.52,-0.03,-0.8523,290000.94,101412.694,0.9219,1.6891,1.32,10.4918,,0.4135,0.1109,0.1287,2.8492,2.8492,314565.2149,314565.2149,171685.2652,1097832.6,1097832.6,3.87,3.17,13.49
600782,新钢股份,普钢,江西,19961225,600782.SH,20240327,3.56,3.59,3.51,3.52,3.57,-0.05,-1.4006,203928.44,72403.155,0.6483,1.1878,0.89,10.582,,0.4171,0.1118,0.1298,2.8249,2.8249,314565.2149,314565.2149,171685.2652,1107269.5564,1107269.5564,3.93,3.21,13.49
600782,新钢股份,普钢,江西,19961225,600782.SH,20240326,3.59,3.6,3.54,3.57,3.58,-0.01,-0.2793,186015.0,66432.806,0.5913,1.0835,0.76,10.7323,,0.423,0.1134,0.1316,2.7854,2.7854,314565.2149,314565.2149,171685.2652,1122997.8172,1122997.8172,3.94,3.22,13.49
600782,新钢股份,普钢,江西,19961225,600782.SH,20240325,3.54,3.62,3.53,3.58,3.56,0.02,0.5618,255769.28,91820.571,0.8131,1.4898,0.96,10.7624,,0.4242,0.1138,0.132,2.7776,2.7776,314565.2149,314565.2149,171685.2652,1126143.4693,1126143.4693,3.92,3.2,13.49
600782,新钢股份,普钢,江西,19961225,600782.SH,20240322,3.61,3.63,3.54,3.56,3.62,-0.06,-1.6575,228750.0,81822.632,0.7272,1.3324,0.78,10.7023,,0.4218,0.1131,0.1313,2.7932,2.7932,314565.2149,314565.2149,171685.2652,1119852.165,1119852.165,3.98,3.26,13.49
600782,新钢股份,普钢,江西,19961225,600782.SH,20240321,3.6,3.63,3.58,3.62,3.6,0.02,0.5556,223301.09,80530.758,0.7099,1.3006,0.78,10.8827,,0.4289,0.115,0.1335,2.7469,2.7469,314565.2149,314565.2149,171685.2652,1138726.0779,1138726.0779,3.96,3.24,13.49
600782,新钢股份,普钢,江西,19961225,600782.SH,20240320,3.62,3.63,3.57,3.6,3.61,-0.01,-0.277,251752.0,90580.311,0.8003,1.4664,0.87,10.8225,,0.4265,0.1144,0.1327,2.7621,2.7621,314565.2149,314565.2149,171685.2652,1132434.7736,1132434.7736,3.97,3.25,13.49
600782,新钢股份,普钢,江西,19961225,600782.SH,20240319,3.6,3.66,3.58,3.61,3.61,0.0,0.0,268250.13,97351.37,0.8528,1.5625,0.89,10.8526,,0.4277,0.1147,0.1331,2.7545,2.7545,314565.2149,314565.2149,171685.2652,1135580.4258,1135580.4258,3.97,3.25,13.49
600782,新钢股份,普钢,江西,19961225,600782.SH,20240318,3.64,3.64,3.57,3.61,3.64,-0.03,-0.8242,359258.19,129190.985,1.1421,2.0925,1.19,10.8526,,0.4277,0.1147,0.1331,2.7545,2.7545,314565.2149,314565.2149,171685.2652,1135580.4258,1135580.4258,4.0,3.28,13.49
600782,新钢股份,普钢,江西,19961225,600782.SH,20240315,3.56,3.64,3.52,3.64,3.56,0.08,2.2472,357666.94,128454.744,1.137,2.0833,1.21,10.9428,,0.4313,0.1157,0.1342,2.7318,2.7318,314565.2149,314565.2149,171685.2652,1145017.3822,1145017.3822,3.92,3.2,13.49
600782,新钢股份,普钢,江西,19961225,600782.SH,20240314,3.56,3.61,3.55,3.56,3.57,-0.01,-0.2801,203283.43,72863.008,0.6462,1.184,0.53,10.7023,,0.4218,0.1131,0.1313,2.7932,2.7932,314565.2149,314565.2149,171685.2652,1119852.165,1119852.165,3.93,3.21,13.49
600782,新钢股份,普钢,江西,19961225,600782.SH,20240313,3.57,3.59,3.54,3.57,3.59,-0.02,-0.5571,256782.8,91513.898,0.8163,1.4957,0.66,10.7323,,0.423,0.1134,0.1316,2.7854,2.7854,314565.2149,314565.2149,171685.2652,1122997.8172,1122997.8172,3.95,3.23,13.49
600782,新钢股份,普钢,江西,19961225,600782.SH,20240312,3.63,3.63,3.56,3.59,3.63,-0.04,-1.1019,326498.92,117069.946,1.0379,1.9017,0.88,10.7925,,0.4254,0.1141,0.1324,2.7698,2.7698,314565.2149,314565.2149,171685.2652,1129289.1215,1129289.1215,3.99,3.27,13.49
600782,新钢股份,普钢,江西,19961225,600782.SH,20240311,3.64,3.66,3.58,3.63,3.63,0.0,0.0,362629.0,130774.31,1.1528,2.1122,0.99,10.9127,,0.4301,0.1153,0.1339,2.7393,2.7393,314565.2149,314565.2149,171685.2652,1141871.7301,1141871.7301,3.99,3.27,13.49
600782,新钢股份,普钢,江西,19961225,600782.SH,20240308,3.67,3.68,3.62,3.63,3.67,-0.04,-1.0899,329947.58,120267.578,1.0489,1.9218,0.92,10.9127,,0.4301,0.1153,0.1339,2.7393,2.7393,314565.2149,314565.2149,171685.2652,1141871.7301,1141871.7301,4.04,3.3,13.49
600782,新钢股份,普钢,江西,19961225,600782.SH,20240307,3.56,3.69,3.56,3.67,3.55,0.12,3.3803,650573.0,237492.848,2.0682,3.7893,2.34,11.033,,0.4348,0.1166,0.1353,2.7095,2.7095,314565.2149,314565.2149,171685.2652,1154454.3387,1154454.3387,3.91,3.2,13.49
600782,新钢股份,普钢,江西,19961225,600782.SH,20240306,3.5,3.58,3.49,3.55,3.51,0.04,1.1396,269279.85,95655.777,0.856,1.5685,0.89,10.6722,,0.4206,0.1128,0.1309,2.8011,2.8011,314565.2149,314565.2149,171685.2652,1116706.5129,1116706.5129,3.86,3.16,13.49
600782,新钢股份,普钢,江西,19961225,600782.SH,20240305,3.52,3.53,3.49,3.51,3.54,-0.03,-0.8475,236864.05,83074.308,0.753,1.3796,0.71,10.552,,0.4159,0.1115,0.1294,2.833,2.833,314565.2149,314565.2149,171685.2652,1104123.9043,1104123.9043,3.89,3.19,13.49
600782,新钢股份,普钢,江西,19961225,600782.SH,20240304,3.53,3.55,3.49,3.54,3.55,-0.01,-0.2817,338011.38,118936.384,1.0745,1.9688,1.0,10.6422,,0.4194,0.1125,0.1305,2.809,2.809,314565.2149,314565.2149,171685.2652,1113560.8607,1113560.8607,3.91,3.2,13.49
600782,新钢股份,普钢,江西,19961225,600782.SH,20240301,3.58,3.59,3.53,3.55,3.57,-0.02,-0.5602,295016.23,104898.877,0.9379,1.7184,0.88,10.6722,,0.4206,0.1128,0.1309,2.8011,2.8011,314565.2149,314565.2149,171685.2652,1116706.5129,1116706.5129,3.93,3.21,13.49
600782,新钢股份,普钢,江西,19961225,600782.SH,20240229,3.54,3.6,3.52,3.57,3.56,0.01,0.2809,253766.28,90473.755,0.8067,1.4781,0.73,10.7323,,0.423,0.1134,0.1316,2.7854,2.7854,314565.2149,314565.2149,171685.2652,1122997.8172,1122997.8172,3.92,3.2,13.49
600782,新钢股份,普钢,江西,19961225,600782.SH,20240228,3.61,3.65,3.55,3.56,3.61,-0.05,-1.385,388396.38,140310.665,1.2347,2.2623,1.13,10.7023,,0.4218,0.1131,0.1313,2.7932,2.7932,314565.2149,314565.2149,171685.2652,1119852.165,1119852.165,3.97,3.25,13.49
600782,新钢股份,普钢,江西,19961225,600782.SH,20240227,3.59,3.62,3.56,3.61,3.6,0.01,0.2778,385183.15,138136.511,1.2245,2.2435,1.09,10.8526,,0.4277,0.1147,0.1331,2.7545,2.7545,314565.2149,314565.2149,171685.2652,1135580.4258,1135580.4258,3.96,3.24,13.49
600782,新钢股份,普钢,江西,19961225,600782.SH,20240226,3.67,3.67,3.59,3.6,3.66,-0.06,-1.6393,361094.04,130612.367,1.1479,2.1032,0.99,10.8225,,0.4265,0.1144,0.1327,2.7621,2.7621,314565.2149,314565.2149,171685.2652,1132434.7736,1132434.7736,4.03,3.29,13.49
600782,新钢股份,普钢,江西,19961225,600782.SH,20240223,3.69,3.71,3.64,3.66,3.69,-0.03,-0.813,292803.4,107269.532,0.9308,1.7055,0.7,11.0029,,0.4337,0.1163,0.135,2.7169,2.7169,314565.2149,314565.2149,171685.2652,1151308.6865,1151308.6865,4.06,3.32,13.49
600782,新钢股份,普钢,江西,19961225,600782.SH,20240222,3.65,3.71,3.64,3.69,3.66,0.03,0.8197,300863.6,110882.698,0.9564,1.7524,0.64,11.0931,,0.4372,0.1172,0.1361,2.6948,2.6948,314565.2149,314565.2149,171685.2652,1160745.643,1160745.643,4.03,3.29,13.49
600782,新钢股份,普钢,江西,19961225,600782.SH,20240221,3.64,3.72,3.62,3.66,3.65,0.01,0.274,383051.54,141120.546,1.2177,2.2311,0.75,11.0029,,0.4337,0.1163,0.135,2.7169,2.7169,314565.2149,314565.2149,171685.2652,1151308.6865,1151308.6865,4.02,3.29,13.49
600782,新钢股份,普钢,江西,19961225,600782.SH,20240220,3.61,3.67,3.57,3.65,3.61,0.04,1.108,434074.41,158138.897,1.3799,2.5283,0.84,10.9728,,0.4325,0.116,0.1346,2.7243,2.7243,314565.2149,314565.2149,171685.2652,1148163.0344,1148163.0344,3.97,3.25,13.49
600782,新钢股份,普钢,江西,19961225,600782.SH,20240219,3.6,3.62,3.56,3.61,3.57,0.04,1.1204,409710.33,146991.717,1.3025,2.3864,0.79,10.8526,,0.4277,0.1147,0.1331,2.7545,2.7545,314565.2149,314565.2149,171685.2652,1135580.4258,1135580.4258,3.93,3.21,13.49
600782,新钢股份,普钢,江西,19961225,600782.SH,20240208,3.55,3.66,3.52,3.57,3.56,0.01,0.2809,550407.87,197398.036,1.7497,3.2059,1.16,10.7323,,0.423,0.1134,0.1316,2.7854,2.7854,314565.2149,314565.2149,171685.2652,1122997.8172,1122997.8172,3.92,3.2,13.49
600782,新钢股份,普钢,江西,19961225,600782.SH,20240207,3.44,3.59,3.41,3.56,3.46,0.1,2.8902,564555.5,199505.201,1.7947,3.2883,1.23,10.7023,,0.4218,0.1131,0.1313,2.7932,2.7932,314565.2149,314565.2149,171685.2652,1119852.165,1119852.165,3.81,3.11,13.49
600782,新钢股份,普钢,江西,19961225,600782.SH,20240206,3.31,3.49,3.26,3.46,3.37,0.09,2.6706,589662.48,198675.497,1.8745,3.4346,1.19,10.4017,,0.41,0.1099,0.1276,2.8739,2.8739,314565.2149,314565.2149,171685.2652,1088395.6436,1088395.6436,3.71,3.03,13.49
600782,新钢股份,普钢,江西,19961225,600782.SH,20240205,3.43,3.46,3.25,3.37,3.44,-0.07,-2.0349,455397.79,152875.448,1.4477,2.6525,0.86,10.1311,,0.3993,0.1071,0.1243,2.9507,2.9507,314565.2149,314565.2149,171685.2652,1060084.7742,1060084.7742,3.78,3.1,13.49
600782,新钢股份,普钢,江西,19961225,600782.SH,20240202,3.49,3.56,3.37,3.44,3.5,-0.06,-1.7143,424284.06,147623.92,1.3488,2.4713,0.79,10.3415,,0.4076,0.1093,0.1268,2.8906,2.8906,314565.2149,314565.2149,171685.2652,1082104.3393,1082104.3393,3.85,3.15,13.49
600782,新钢股份,普钢,江西,19961225,600782.SH,20240201,3.5,3.57,3.47,3.5,3.53,-0.03,-0.8499,347415.0,122032.175,1.1044,2.0236,0.59,10.5219,,0.4147,0.1112,0.1291,2.8411,2.8411,314565.2149,314565.2149,171685.2652,1100978.2522,1100978.2522,3.88,3.18,13.49
600782,新钢股份,普钢,江西,19961225,600782.SH,20240131,3.57,3.64,3.5,3.53,3.62,-0.09,-2.4862,484320.43,172503.389,1.5397,2.821,0.84,10.6121,,0.4182,0.1122,0.1302,2.8169,2.8169,314565.2149,314565.2149,171685.2652,1110415.2086,1110415.2086,3.98,3.26,13.49
600782,新钢股份,普钢,江西,19961225,600782.SH,20240130,3.62,3.71,3.58,3.62,3.63,-0.01,-0.2755,761425.08,278023.511,2.4206,4.435,1.48,10.8827,,0.4289,0.115,0.1335,2.7469,2.7469,314565.2149,314565.2149,171685.2652,1138726.0779,1138726.0779,3.99,3.27,13.49
600782,新钢股份,普钢,江西,19961225,600782.SH,20240129,3.58,3.67,3.56,3.63,3.56,0.07,1.9663,622870.72,225968.951,1.9801,3.628,1.34,10.9127,,0.4301,0.1153,0.1339,2.7393,2.7393,314565.2149,314565.2149,171685.2652,1141871.7301,1141871.7301,3.92,3.2,13.49
600782,新钢股份,普钢,江西,19961225,600782.SH,20240126,3.47,3.59,3.46,3.56,3.48,0.08,2.2989,472789.91,167832.465,1.503,2.7538,1.12,10.7023,,0.4218,0.1131,0.1313,2.7932,2.7932,314565.2149,314565.2149,171685.2652,1119852.165,1119852.165,3.83,3.13,13.49
600782,新钢股份,普钢,江西,19961225,600782.SH,20240125,3.28,3.49,3.28,3.48,3.3,0.18,5.4545,627114.4,213382.773,1.9936,3.6527,1.58,10.4618,,0.4123,0.1106,0.1283,2.8574,2.8574,314565.2149,314565.2149,171685.2652,1094686.9479,1094686.9479,3.63,2.97,13.49
600782,新钢股份,普钢,江西,19961225,600782.SH,20240124,3.21,3.3,3.16,3.3,3.19,0.11,3.4483,405119.68,131061.077,1.2879,2.3597,1.13,9.9207,,0.391,0.1049,0.1217,3.0133,3.0133,314565.2149,314565.2149,171685.2652,1038065.2092,1038065.2092,3.51,2.87,13.49
600782,新钢股份,普钢,江西,19961225,600782.SH,20240123,3.14,3.21,3.1,3.19,3.18,0.01,0.3145,441010.54,139681.851,1.402,2.5687,1.27,9.59,,0.378,0.1014,0.1176,3.1172,3.1172,314565.2149,314565.2149,171685.2652,1003463.0355,1003463.0355,3.5,2.86,13.49
600782,新钢股份,普钢,江西,19961225,600782.SH,20240122,3.29,3.3,3.12,3.18,3.3,-0.12,-3.6364,375362.68,120925.505,1.1933,2.1863,1.16,9.5599,,0.3768,0.101,0.1173,3.127,3.127,314565.2149,314565.2149,171685.2652,1000317.3834,1000317.3834,3.63,2.97,13.49
600782,新钢股份,普钢,江西,19961225,600782.SH,20240119,3.28,3.33,3.26,3.3,3.29,0.01,0.304,263780.85,87266.39,0.8386,1.5364,0.83,9.9207,,0.391,0.1049,0.1217,3.0133,3.0133,314565.2149,314565.2149,171685.2652,1038065.2092,1038065.2092,3.62,2.96,13.49
600782,新钢股份,普钢,江西,19961225,600782.SH,20240118,3.32,3.32,3.21,3.29,3.33,-0.04,-1.2012,498683.86,162806.317,1.5853,2.9046,1.77,9.8906,,0.3898,0.1045,0.1213,3.0224,3.0224,314565.2149,314565.2149,171685.2652,1034919.557,1034919.557,3.66,3.0,13.49
600782,新钢股份,普钢,江西,19961225,600782.SH,20240117,3.37,3.38,3.33,3.33,3.39,-0.06,-1.7699,214746.0,72099.676,0.6827,1.2508,0.72,10.0108,,0.3946,0.1058,0.1228,2.9861,2.9861,314565.2149,314565.2149,171685.2652,1047502.1656,1047502.1656,3.73,3.05,13.49
600782,新钢股份,普钢,江西,19961225,600782.SH,20240116,3.39,3.4,3.33,3.39,3.4,-0.01,-0.2941,388324.13,131000.314,1.2345,2.2618,1.41,10.1912,,0.4017,0.1077,0.125,2.9333,2.9333,314565.2149,314565.2149,171685.2652,1066376.0785,1066376.0785,3.74,3.06,13.49
600782,新钢股份,普钢,江西,19961225,600782.SH,20240115,3.42,3.43,3.39,3.4,3.43,-0.03,-0.8746,258114.63,87986.857,0.8205,1.5034,0.87,10.2213,,0.4028,0.108,0.1254,2.9246,2.9246,314565.2149,314565.2149,171685.2652,1069521.7307,1069521.7307,3.77,3.09,13.49
600782,新钢股份,普钢,江西,19961225,600782.SH,20240112,3.42,3.46,3.41,3.43,3.43,0.0,0.0,238732.16,82115.54,0.7589,1.3905,0.68,10.3115,,0.4064,0.109,0.1265,2.899,2.899,314565.2149,314565.2149,171685.2652,1078958.6871,1078958.6871,3.77,3.09,13.49
600782,新钢股份,普钢,江西,19961225,600782.SH,20240111,3.41,3.44,3.37,3.43,3.41,0.02,0.5865,310801.23,105895.029,0.988,1.8103,0.89,10.3115,,0.4064,0.109,0.1265,2.899,2.899,314565.2149,314565.2149,171685.2652,1078958.6871,1078958.6871,3.75,3.07,13.49
600782,新钢股份,普钢,江西,19961225,600782.SH,20240110,3.44,3.45,3.39,3.41,3.45,-0.04,-1.1594,302370.0,103393.992,0.9612,1.7612,0.86,10.2513,,0.404,0.1083,0.1257,2.9161,2.9161,314565.2149,314565.2149,171685.2652,1072667.3828,1072667.3828,3.8,3.11,13.49
600782,新钢股份,普钢,江西,19961225,600782.SH,20240109,3.45,3.48,3.42,3.45,3.46,-0.01,-0.289,269717.84,93001.501,0.8574,1.571,0.75,10.3716,,0.4088,0.1096,0.1272,2.8822,2.8822,314565.2149,314565.2149,171685.2652,1085249.9914,1085249.9914,3.81,3.11,13.49
600782,新钢股份,普钢,江西,19961225,600782.SH,20240108,3.5,3.51,3.44,3.46,3.52,-0.06,-1.7045,356042.47,123501.616,1.1319,2.0738,1.05,10.4017,,0.41,0.1099,0.1276,2.8739,2.8739,314565.2149,314565.2149,171685.2652,1088395.6436,1088395.6436,3.87,3.17,13.49
600782,新钢股份,普钢,江西,19961225,600782.SH,20240105,3.53,3.61,3.51,3.52,3.54,-0.02,-0.565,528795.74,188295.111,1.681,3.08,1.73,10.582,,0.4171,0.1118,0.1298,2.8249,2.8249,314565.2149,314565.2149,171685.2652,1107269.5564,1107269.5564,3.89,3.19,13.49
600782,新钢股份,普钢,江西,19961225,600782.SH,20240104,3.55,3.57,3.51,3.54,3.56,-0.02,-0.5618,298419.0,105605.815,0.9487,1.7382,0.95,10.6422,,0.4194,0.1125,0.1305,2.809,2.809,314565.2149,314565.2149,171685.2652,1113560.8607,1113560.8607,3.92,3.2,13.49
600782,新钢股份,普钢,江西,19961225,600782.SH,20240103,3.51,3.57,3.5,3.56,3.52,0.04,1.1364,310994.0,110256.629,0.9886,1.8114,1.05,10.7023,,0.4218,0.1131,0.1313,2.7932,2.7932,314565.2149,314565.2149,171685.2652,1119852.165,1119852.165,3.87,3.17,13.49
600782,新钢股份,普钢,江西,19961225,600782.SH,20240102,3.49,3.55,3.48,3.52,3.49,0.03,0.8596,314161.85,110717.235,0.9987,1.8299,1.1,10.582,,0.4171,0.1118,0.1298,2.8249,2.8249,314565.2149,314565.2149,171685.2652,1107269.5564,1107269.5564,3.84,3.14,13.49
600782,新钢股份,普钢,江西,19961225,600782.SH,20231229,3.52,3.53,3.48,3.49,3.49,0.0,0.0,237867.41,83270.232,0.7562,1.3855,0.75,10.4918,,0.4135,0.1109,0.1287,14.246,2.8492,314565.2149,314565.2149,171685.2652,1097832.6,1097832.6,3.84,3.14,13.49
600782,新钢股份,普钢,江西,19961225,600782.SH,20231228,3.44,3.5,3.42,3.49,3.44,0.05,1.4535,363542.57,126274.868,1.1557,2.1175,1.16,10.4918,,0.4135,0.1109,0.1287,14.246,2.8492,314565.2149,314565.2149,171685.2652,1097832.6,1097832.6,3.78,3.1,13.49
600782,新钢股份,普钢,江西,19961225,600782.SH,20231227,3.43,3.46,3.4,3.44,3.43,0.01,0.2915,341960.74,117447.612,1.0871,1.9918,1.2,10.3415,,0.4076,0.1093,0.1268,14.4531,2.8906,314565.2149,314565.2149,171685.2652,1082104.3393,1082104.3393,3.77,3.09,13.49
600782,新钢股份,普钢,江西,19961225,600782.SH,20231226,3.46,3.47,3.42,3.43,3.45,-0.02,-0.5797,225902.22,77791.92,0.7181,1.3158,0.78,10.3115,,0.4064,0.109,0.1265,14.4952,2.899,314565.2149,314565.2149,171685.2652,1078958.6871,1078958.6871,3.8,3.11,13.49
600782,新钢股份,普钢,江西,19961225,600782.SH,20231225,3.47,3.48,3.43,3.45,3.48,-0.03,-0.8621,256864.31,88632.241,0.8166,1.4961,0.88,10.3716,,0.4088,0.1096,0.1272,14.4112,2.8822,314565.2149,314565.2149,171685.2652,1085249.9914,1085249.9914,3.83,3.13,13.49
600782,新钢股份,普钢,江西,19961225,600782.SH,20231222,3.49,3.53,3.46,3.48,3.5,-0.02,-0.5714,399297.0,139223.821,1.2694,2.3257,1.53,10.4618,,0.4123,0.1106,0.1283,14.287,2.8574,314565.2149,314565.2149,171685.2652,1094686.9479,1094686.9479,3.85,3.15,13.49
600782,新钢股份,普钢,江西,19961225,600782.SH,20231221,3.48,3.5,3.44,3.5,3.5,0.0,0.0,347782.88,120831.388,1.1056,2.0257,1.45,10.5219,,0.4147,0.1112,0.1291,14.2053,2.8411,314565.2149,314565.2149,171685.2652,1100978.2522,1100978.2522,3.85,3.15,13.49
600782,新钢股份,普钢,江西,19961225,600782.SH,20231220,3.53,3.56,3.5,3.5,3.54,-0.04,-1.1299,193656.0,68317.894,0.6156,1.128,0.76,10.5219,,0.4147,0.1112,0.1291,14.2053,2.8411,314565.2149,314565.2149,171685.2652,1100978.2522,1100978.2522,3.89,3.19,13.49
600782,新钢股份,普钢,江西,19961225,600782.SH,20231219,3.55,3.56,3.51,3.54,3.56,-0.02,-0.5618,254355.0,89815.124,0.8086,1.4815,0.93,10.6422,,0.4194,0.1125,0.1305,14.0448,2.809,314565.2149,314565.2149,171685.2652,1113560.8607,1113560.8607,3.92,3.2,13.49
600782,新钢股份,普钢,江西,19961225,600782.SH,20231218,3.6,3.62,3.54,3.56,3.61,-0.05,-1.385,263699.2,94383.935,0.8383,1.5359,0.76,10.7023,,0.4218,0.1131,0.1313,13.9659,2.7932,314565.2149,314565.2149,171685.2652,1119852.165,1119852.165,3.97,3.25,13.49
600782,新钢股份,普钢,江西,19961225,600782.SH,20231215,3.65,3.66,3.61,3.61,3.64,-0.03,-0.8242,245416.41,89217.912,0.7802,1.4295,0.55,10.8526,,0.4277,0.1147,0.1331,13.7725,2.7545,314565.2149,314565.2149,171685.2652,1135580.4258,1135580.4258,4.0,3.28,13.49
600782,新钢股份,普钢,江西,19961225,600782.SH,20231214,3.66,3.67,3.64,3.64,3.65,-0.01,-0.274,242479.0,88582.167,0.7708,1.4123,0.54,10.9428,,0.4313,0.1157,0.1342,13.659,2.7318,314565.2149,314565.2149,171685.2652,1145017.3822,1145017.3822,4.02,3.29,13.49
600782,新钢股份,普钢,江西,19961225,600782.SH,20231213,3.69,3.7,3.65,3.65,3.71,-0.06,-1.6173,272491.51,100050.46,0.8662,1.5872,0.62,10.9728,,0.4325,0.116,0.1346,13.6216,2.7243,314565.2149,314565.2149,171685.2652,1148163.0344,1148163.0344,4.08,3.34,13.49
600782,新钢股份,普钢,江西,19961225,600782.SH,20231212,3.73,3.73,3.66,3.71,3.74,-0.03,-0.8021,344238.9,127073.735,1.0943,2.0051,0.8,11.1532,,0.4396,0.1179,0.1368,13.4013,2.6803,314565.2149,314565.2149,171685.2652,1167036.9473,1167036.9473,4.11,3.37,13.49
600782,新钢股份,普钢,江西,19961225,600782.SH,20231211,3.74,3.75,3.62,3.74,3.76,-0.02,-0.5319,640330.67,235693.734,2.0356,3.7297,1.83,11.2434,,0.4431,0.1188,0.1379,13.2938,2.6588,314565.2149,314565.2149,171685.2652,1176473.9037,1176473.9037,4.14,3.38,13.49
600782,新钢股份,普钢,江西,19961225,600782.SH,20231208,3.72,3.76,3.7,3.76,3.7,0.06,1.6216,729597.09,272326.131,2.3194,4.2496,3.0,11.3035,,0.4455,0.1195,0.1386,13.223,2.6446,314565.2149,314565.2149,171685.2652,1182765.208,1182765.208,4.07,3.33,13.49
600782,新钢股份,普钢,江西,19961225,600782.SH,20231207,3.72,3.74,3.67,3.7,3.71,-0.01,-0.2695,263506.0,97689.231,0.8377,1.5348,1.1,11.1232,,0.4384,0.1176,0.1364,13.4375,2.6875,314565.2149,314565.2149,171685.2652,1163891.2951,1163891.2951,4.08,3.34,13.49
600782,新钢股份,普钢,江西,19961225,600782.SH,20231206,3.7,3.73,3.68,3.71,3.71,0.0,0.0,234259.0,86953.243,0.7447,1.3645,0.92,11.1532,,0.4396,0.1179,0.1368,13.4013,2.6803,314565.2149,314565.2149,171685.2652,1167036.9473,1167036.9473,4.08,3.34,13.49
600782,新钢股份,普钢,江西,19961225,600782.SH,20231205,3.8,3.8,3.71,3.71,3.79,-0.08,-2.1108,279376.22,104485.289,0.8881,1.6273,1.14,11.1532,,0.4396,0.1179,0.1368,13.4013,2.6803,314565.2149,314565.2149,171685.2652,1167036.9473,1167036.9473,4.17,3.41,13.49
600782,新钢股份,普钢,江西,19961225,600782.SH,20231204,3.8,3.84,3.76,3.79,3.81,-0.02,-0.5249,242638.5,92078.061,0.7713,1.4133,0.97,11.3937,,0.4491,0.1204,0.1398,13.1184,2.6237,314565.2149,314565.2149,171685.2652,1192202.1645,1192202.1645,4.19,3.43,13.49
600782,新钢股份,普钢,江西,19961225,600782.SH,20231201,3.79,3.82,3.78,3.81,3.78,0.03,0.7937,194887.82,74034.377,0.6195,1.1351,0.73,11.4538,,0.4514,0.1211,0.1405,13.0495,2.6099,314565.2149,314565.2149,171685.2652,1198493.4688,1198493.4688,4.16,3.4,13.49
600782,新钢股份,普钢,江西,19961225,600782.SH,20231130,3.8,3.81,3.75,3.78,3.8,-0.02,-0.5263,251202.57,94810.651,0.7986,1.4632,0.91,11.3637,,0.4479,0.1201,0.1394,13.1531,2.6306,314565.2149,314565.2149,171685.2652,1189056.5123,1189056.5123,4.18,3.42,13.49
600782,新钢股份,普钢,江西,19961225,600782.SH,20231129,3.85,3.87,3.79,3.8,3.86,-0.06,-1.5544,300826.86,114779.48,0.9563,1.7522,1.17,11.4238,,0.4502,0.1207,0.1401,13.0839,2.6168,314565.2149,314565.2149,171685.2652,1195347.8166,1195347.8166,4.25,3.47,13.49
600782,新钢股份,普钢,江西,19961225,600782.SH,20231128,3.87,3.88,3.83,3.86,3.87,-0.01,-0.2584,232333.0,89363.181,0.7386,1.3532,0.86,11.6042,,0.4573,0.1226,0.1423,12.8805,2.5761,314565.2149,314565.2149,171685.2652,1214221.7295,1214221.7295,4.26,3.48,13.49
600782,新钢股份,普钢,江西,19961225,600782.SH,20231127,3.89,3.9,3.84,3.87,3.89,-0.02,-0.5141,267616.4,103347.662,0.8508,1.5588,1.0,11.6342,,0.4585,0.123,0.1427,12.8472,2.5694,314565.2149,314565.2149,171685.2652,1217367.3817,1217367.3817,4.28,3.5,13.49
600782,新钢股份,普钢,江西,19961225,600782.SH,20231124,3.9,3.92,3.87,3.89,3.91,-0.02,-0.5115,278054.18,108400.045,0.8839,1.6196,1.11,11.6943,,0.4609,0.1236,0.1434,12.7811,2.5562,314565.2149,314565.2149,171685.2652,1223658.686,1223658.686,4.3,3.52,13.49
600782,新钢股份,普钢,江西,19961225,600782.SH,20231123,3.84,3.92,3.83,3.91,3.85,0.06,1.5584,308718.13,119961.13,0.9814,1.7982,1.33,11.7545,,0.4633,0.1242,0.1442,12.7158,2.5432,314565.2149,314565.2149,171685.2652,1229949.9903,1229949.9903,4.24,3.47,13.49
600782,新钢股份,普钢,江西,19961225,600782.SH,20231122,3.89,3.91,3.85,3.85,3.9,-0.05,-1.2821,202981.57,78726.288,0.6453,1.1823,0.77,11.5741,,0.4562,0.1223,0.142,12.9139,2.5828,314565.2149,314565.2149,171685.2652,1211076.0774,1211076.0774,4.29,3.51,13.49
600782,新钢股份,普钢,江西,19961225,600782.SH,20231121,3.91,3.96,3.9,3.9,3.9,0.0,0.0,286809.61,112773.875,0.9118,1.6706,1.11,11.7244,,0.4621,0.1239,0.1438,12.7484,2.5497,314565.2149,314565.2149,171685.2652,1226804.3381,1226804.3381,4.29,3.51,13.49
600782,新钢股份,普钢,江西,19961225,600782.SH,20231120,3.88,3.91,3.87,3.9,3.88,0.02,0.5155,255544.07,99465.745,0.8124,1.4884,0.84,11.7244,,0.4621,0.1239,0.1438,12.7484,2.5497,314565.2149,314565.2149,171685.2652,1226804.3381,1226804.3381,4.27,3.49,13.49
600782,新钢股份,普钢,江西,19961225,600782.SH,20231117,3.89,3.91,3.85,3.88,3.91,-0.03,-0.7673,202473.47,78455.083,0.6437,1.1793,0.66,11.6643,,0.4597,0.1233,0.1431,12.8141,2.5628,314565.2149,314565.2149,171685.2652,1220513.0338,1220513.0338,4.3,3.52,13.49
600782,新钢股份,普钢,江西,19961225,600782.SH,20231116,3.91,3.92,3.88,3.91,3.92,-0.01,-0.2551,208565.47,81414.824,0.663,1.2148,0.64,11.7545,,0.4633,0.1242,0.1442,12.7158,2.5432,314565.2149,314565.2149,171685.2652,1229949.9903,1229949.9903,4.31,3.53,13.49
600782,新钢股份,普钢,江西,19961225,600782.SH,20231115,3.89,3.93,3.88,3.92,3.86,0.06,1.5544,359585.81,140672.088,1.1431,2.0944,1.11,11.7845,,0.4645,0.1246,0.1445,12.6833,2.5367,314565.2149,314565.2149,171685.2652,1233095.6424,1233095.6424,4.25,3.47,13.49
600782,新钢股份,普钢,江西,19961225,600782.SH,20231114,3.86,3.89,3.83,3.86,3.88,-0.02,-0.5155,263079.6,101344.465,0.8363,1.5323,0.7,11.6042,,0.4573,0.1226,0.1423,12.8805,2.5761,314565.2149,314565.2149,171685.2652,1214221.7295,1214221.7295,4.27,3.49,13.49
600782,新钢股份,普钢,江西,19961225,600782.SH,20231113,3.81,3.89,3.81,3.88,3.8,0.08,2.1053,483327.69,186442.245,1.5365,2.8152,1.14,11.6643,,0.4597,0.1233,0.1431,12.8141,2.5628,314565.2149,314565.2149,171685.2652,1220513.0338,1220513.0338,4.18,3.42,13.49
600782,新钢股份,普钢,江西,19961225,600782.SH,20231110,3.82,3.83,3.79,3.8,3.82,-0.02,-0.5236,218956.0,83263.228,0.6961,1.2753,0.49,11.4238,,0.4502,0.1207,0.1401,13.0839,2.6168,314565.2149,314565.2149,171685.2652,1195347.8166,1195347.8166,4.2,3.44,13.49
600782,新钢股份,普钢,江西,19961225,600782.SH,20231109,3.79,3.85,3.79,3.82,3.79,0.03,0.7916,309569.22,118535.431,0.9841,1.8031,0.73,11.4839,,0.4526,0.1214,0.1409,13.0154,2.6031,314565.2149,314565.2149,171685.2652,1201639.1209,1201639.1209,4.17,3.41,13.49
600782,新钢股份,普钢,江西,19961225,600782.SH,20231108,3.82,3.83,3.77,3.79,3.83,-0.04,-1.0444,340140.54,129154.257,1.0813,1.9812,0.87,11.3937,,0.4491,0.1204,0.1398,13.1184,2.6237,314565.2149,314565.2149,171685.2652,1192202.1645,1192202.1645,4.21,3.45,13.49
600782,新钢股份,普钢,江西,19961225,600782.SH,20231107,3.88,3.89,3.81,3.83,3.88,-0.05,-1.2887,533402.85,204456.647,1.6957,3.1069,1.65,11.514,,0.4538,0.1217,0.1412,12.9814,2.5963,314565.2149,314565.2149,171685.2652,1204784.7731,1204784.7731,4.27,3.49,13.49
600782,新钢股份,普钢,江西,19961225,600782.SH,20231106,4.01,4.01,3.87,3.88,3.98,-0.1,-2.5126,714823.22,279366.557,2.2724,4.1636,3.04,11.6643,,0.4597,0.1233,0.1431,12.8141,2.5628,314565.2149,314565.2149,171685.2652,1220513.0338,1220513.0338,4.38,3.58,13.49
600782,新钢股份,普钢,江西,19961225,600782.SH,20231103,4.03,4.1,3.97,3.98,4.03,-0.05,-1.2407,342373.0,137236.723,1.0884,1.9942,1.56,11.9649,,0.4716,0.1265,0.1468,12.4921,2.4984,314565.2149,314565.2149,171685.2652,1251969.5553,1251969.5553,4.43,3.63,13.49
600782,新钢股份,普钢,江西,19961225,600782.SH,20231102,4.06,4.08,4.01,4.03,4.06,-0.03,-0.7389,193877.02,78328.898,0.6163,1.1293,0.83,12.1152,,0.4775,0.128,0.1486,12.3371,2.4674,314565.2149,314565.2149,171685.2652,1267697.816,1267697.816,4.47,3.65,13.49
600782,新钢股份,普钢,江西,19961225,600782.SH,20231101,4.09,4.09,4.04,4.06,4.07,-0.01,-0.2457,165729.02,67276.184,0.5269,0.9653,0.59,12.2054,,0.481,0.129,0.1497,12.246,2.4492,314565.2149,314565.2149,171685.2652,1277134.7725,1277134.7725,4.48,3.66,13.49
600782,新钢股份,普钢,江西,19961225,600782.SH,20231031,4.08,4.11,4.04,4.07,4.09,-0.02,-0.489,200393.0,81391.744,0.637,1.1672,0.69,12.2355,,0.4822,0.1293,0.1501,12.2159,2.4432,314565.2149,314565.2149,171685.2652,1280280.4246,1280280.4246,4.5,3.68,13.49
600782,新钢股份,普钢,江西,19961225,600782.SH,20231030,4.1,4.18,4.08,4.09,4.11,-0.02,-0.4866,273636.06,112744.737,0.8699,1.5938,0.85,12.2956,,0.4846,0.13,0.1508,12.1562,2.4312,314565.2149,314565.2149,171685.2652,1286571.7289,1286571.7289,4.52,3.7,13.49
600782,新钢股份,普钢,江西,19961225,600782.SH,20231027,4.08,4.14,4.06,4.11,4.08,0.03,0.7353,265233.0,109324.31,0.8432,1.5449,0.87,12.3557,,0.4917,0.1306,0.1408,12.097,2.4194,314565.2149,314565.2149,171685.2652,1292863.0332,1292863.0332,4.49,3.67,13.49
600782,新钢股份,普钢,江西,19961225,600782.SH,20231026,4.05,4.09,3.99,4.08,4.07,0.01,0.2457,257184.0,104109.194,0.8176,1.498,0.88,12.2655,,0.4881,0.1296,0.1398,12.1859,2.4372,314565.2149,314565.2149,171685.2652,1283426.0768,1283426.0768,4.48,3.66,13.49
600782,新钢股份,普钢,江西,19961225,600782.SH,20231025,3.99,4.1,3.97,4.07,3.9,0.17,4.359,414946.95,168368.19,1.3191,2.4169,1.71,12.2355,,0.4869,0.1293,0.1395,12.2159,2.4432,314565.2149,314565.2149,171685.2652,1280280.4246,1280280.4246,4.29,3.51,13.49
600782,新钢股份,普钢,江西,19961225,600782.SH,20231024,3.88,3.92,3.84,3.9,3.86,0.04,1.0363,249291.0,96851.744,0.7925,1.452,1.0,11.7244,,0.4666,0.1239,0.1336,12.7484,2.5497,314565.2149,314565.2149,171685.2652,1226804.3381,1226804.3381,4.25,3.47,13.49
600782,新钢股份,普钢,江西,19961225,600782.SH,20231023,4.01,4.01,3.84,3.86,4.02,-0.16,-3.9801,428763.75,167524.075,1.363,2.4974,1.91,11.6042,,0.4618,0.1226,0.1323,12.8805,2.5761,314565.2149,314565.2149,171685.2652,1214221.7295,1214221.7295,4.42,3.62,13.49
600782,新钢股份,普钢,江西,19961225,600782.SH,20231020,4.02,4.07,4.0,4.02,4.05,-0.03,-0.7407,168152.98,67777.978,0.5346,0.9794,0.65,12.0852,,0.4809,0.1277,0.1378,12.3678,2.4736,314565.2149,314565.2149,171685.2652,1264552.1639,1264552.1639,4.46,3.65,13.49
600782,新钢股份,普钢,江西,19961225,600782.SH,20231019,4.08,4.1,4.03,4.05,4.1,-0.05,-1.2195,204501.43,83201.516,0.6501,1.1911,0.63,12.1753,,0.4845,0.1287,0.1388,12.2762,2.4552,314565.2149,314565.2149,171685.2652,1273989.1203,1273989.1203,4.51,3.69,13.49
600782,新钢股份,普钢,江西,19961225,600782.SH,20231018,4.13,4.16,4.09,4.1,4.16,-0.06,-1.4423,161669.0,66504.441,0.5139,0.9417,0.5,12.3257,,0.4905,0.1303,0.1405,12.1265,2.4253,314565.2149,314565.2149,171685.2652,1289717.3811,1289717.3811,4.58,3.74,13.49
600782,新钢股份,普钢,江西,19961225,600782.SH,20231017,4.14,4.2,4.1,4.16,4.13,0.03,0.7264,288673.12,119587.696,0.9177,1.6814,0.92,12.506,,0.4977,0.1322,0.1426,11.9516,2.3903,314565.2149,314565.2149,171685.2652,1308591.294,1308591.294,4.54,3.72,13.49
600782,新钢股份,普钢,江西,19961225,600782.SH,20231016,4.09,4.16,4.05,4.13,4.11,0.02,0.4866,300322.2,123094.256,0.9547,1.7493,0.98,12.4158,,0.4941,0.1312,0.1415,12.0384,2.4077,314565.2149,314565.2149,171685.2652,1299154.3375,1299154.3375,4.52,3.7,13.49
600782,新钢股份,普钢,江西,19961225,600782.SH,20231013,4.25,4.25,4.1,4.11,4.26,-0.15,-3.5211,347280.0,143864.024,1.104,2.0228,1.26,12.3557,,0.4917,0.1306,0.1408,12.097,2.4194,314565.2149,314565.2149,171685.2652,1292863.0332,1292863.0332,4.69,3.83,13.49
600782,新钢股份,普钢,江西,19961225,600782.SH,20231012,4.06,4.27,4.05,4.26,4.04,0.22,5.4455,518819.0,216917.96,1.6493,3.0219,2.11,12.8067,,0.5097,0.1354,0.146,11.671,2.3342,314565.2149,314565.2149,171685.2652,1340047.8155,1340047.8155,4.44,3.64,13.49
600782,新钢股份,普钢,江西,19961225,600782.SH,20231011,4.08,4.11,4.04,4.04,4.07,-0.03,-0.7371,170092.27,69344.603,0.5407,0.9665,0.63,12.1453,,0.4833,0.1284,0.1384,12.3066,2.4613,314565.2149,314565.2149,175992.3199,1270843.4682,1270843.4682,4.48,3.66,13.49
600782,新钢股份,普钢,江西,19961225,600782.SH,20231010,4.09,4.11,4.05,4.07,4.09,-0.02,-0.489,227583.0,92768.318,0.7137,1.2931,0.78,12.403,,0.4936,0.1311,0.1414,12.0509,2.4102,318872.2696,318872.2696,175992.3199,1297810.1373,1297810.1373,4.5,3.68,13.49
600782,新钢股份,普钢,江西,19961225,600782.SH,20231009,4.1,4.11,4.04,4.09,4.1,-0.01,-0.2439,272503.35,111020.98,0.8546,1.5484,0.9,12.464,,0.496,0.1317,0.1421,11.992,2.3984,318872.2696,318872.2696,175992.3199,1304187.5827,1304187.5827,4.51,3.69,13.49
600782,新钢股份,普钢,江西,19961225,600782.SH,20230928,4.08,4.14,4.08,4.1,4.08,0.02,0.4902,184266.28,75764.719,0.5779,1.047,0.59,12.4944,,0.4972,0.1321,0.1424,11.9627,2.3925,318872.2696,318872.2696,175992.3199,1307376.3054,1307376.3054,4.49,3.67,13.49
600782,新钢股份,普钢,江西,19961225,600782.SH,20230927,4.18,4.19,4.07,4.08,4.17,-0.09,-2.1583,375482.74,154395.621,1.1775,2.1335,1.29,12.4335,,0.4948,0.1314,0.1417,12.0213,2.4043,318872.2696,318872.2696,175992.3199,1300998.86,1300998.86,4.59,3.75,13.49
600782,新钢股份,普钢,江西,19961225,600782.SH,20230926,4.2,4.24,4.16,4.17,4.2,-0.03,-0.7143,282422.59,117980.923,0.8857,1.6047,0.88,12.7077,,0.5057,0.1343,0.1449,11.7619,2.3524,318872.2696,318872.2696,175992.3199,1329697.3642,1329697.3642,4.62,3.78,13.49
600782,新钢股份,普钢,江西,19961225,600782.SH,20230925,4.22,4.28,4.2,4.2,4.23,-0.03,-0.7092,345611.02,146308.215,1.0839,1.9638,1.16,12.7992,,0.5094,0.1353,0.1459,11.6779,2.3356,318872.2696,318872.2696,175992.3199,1339263.5323,1339263.5323,4.65,3.81,13.49
600782,新钢股份,普钢,江西,19961225,600782.SH,20230922,4.22,4.26,4.17,4.23,4.23,0.0,0.0,326930.0,137782.536,1.0253,1.8576,1.17,12.8906,,0.513,0.1362,0.1469,11.5951,2.319,318872.2696,318872.2696,175992.3199,1348829.7004,1348829.7004,4.65,3.81,13.49
600782,新钢股份,普钢,江西,19961225,600782.SH,20230921,4.27,4.29,4.21,4.23,4.28,-0.05,-1.1682,242673.83,102973.154,0.761,1.3789,0.87,12.8906,,0.513,0.1362,0.1469,11.5951,2.319,318872.2696,318872.2696,175992.3199,1348829.7004,1348829.7004,4.71,3.85,13.49
600782,新钢股份,普钢,江西,19961225,600782.SH,20230920,4.29,4.3,4.23,4.28,4.3,-0.02,-0.4651,261579.94,111613.293,0.8203,1.4863,0.92,13.043,,0.5191,0.1379,0.1487,11.4596,2.2919,318872.2696,318872.2696,175992.3199,1364773.3139,1364773.3139,4.73,3.87,13.49
600782,新钢股份,普钢,江西,19961225,600782.SH,20230919,4.22,4.31,4.21,4.3,4.22,0.08,1.8957,431416.0,184709.312,1.3529,2.4513,1.83,13.1039,,0.5215,0.1385,0.1494,11.4063,2.2813,318872.2696,318872.2696,175992.3199,1371150.7593,1371150.7593,4.64,3.8,13.49
600782,新钢股份,普钢,江西,19961225,600782.SH,20230918,4.24,4.24,4.17,4.22,4.25,-0.03,-0.7059,227802.0,95624.798,0.7144,1.2944,0.99,12.8601,,0.5118,0.1359,0.1466,11.6225,2.3245,318872.2696,318872.2696,175992.3199,1345640.9777,1345640.9777,4.68,3.83,13.49
600782,新钢股份,普钢,江西,19961225,600782.SH,20230915,4.23,4.27,4.2,4.25,4.22,0.03,0.7109,236427.0,100272.0,0.7414,1.3434,1.04,12.9515,,0.5154,0.1369,0.1476,11.5405,2.3081,318872.2696,318872.2696,175992.3199,1355207.1458,1355207.1458,4.64,3.8,13.49
600782,新钢股份,普钢,江西,19961225,600782.SH,20230914,4.18,4.24,4.16,4.22,4.17,0.05,1.199,245291.0,103217.38,0.7692,1.3938,1.06,12.8601,,0.5118,0.1359,0.1466,11.6225,2.3245,318872.2696,318872.2696,175992.3199,1345640.9777,1345640.9777,4.59,3.75,13.49
600782,新钢股份,普钢,江西,19961225,600782.SH,20230913,4.15,4.27,4.14,4.17,4.15,0.02,0.4819,279560.0,117511.522,0.8767,1.5885,1.23,12.7077,,0.5057,0.1343,0.1449,11.7619,2.3524,318872.2696,318872.2696,175992.3199,1329697.3642,1329697.3642,4.57,3.74,13.49
600782,新钢股份,普钢,江西,19961225,600782.SH,20230912,4.16,4.18,4.14,4.15,4.16,-0.01,-0.2404,191406.02,79573.698,0.6003,1.0876,0.76,12.6468,,0.5033,0.1337,0.1442,11.8186,2.3637,318872.2696,318872.2696,175992.3199,1323319.9188,1323319.9188,4.58,3.74,13.49
600782,新钢股份,普钢,江西,19961225,600782.SH,20230911,4.13,4.17,4.12,4.16,4.12,0.04,0.9709,200526.08,83152.406,0.6289,1.1394,0.62,12.6773,,0.5045,0.134,0.1445,11.7902,2.358,318872.2696,318872.2696,175992.3199,1326508.6415,1326508.6415,4.53,3.71,13.49
600782,新钢股份,普钢,江西,19961225,600782.SH,20230908,4.17,4.18,4.12,4.12,4.18,-0.06,-1.4354,218526.0,90445.088,0.6853,1.2417,0.58,12.5554,,0.4997,0.1327,0.1431,11.9046,2.3809,318872.2696,318872.2696,175992.3199,1313753.7508,1313753.7508,4.6,3.76,13.49
600782,新钢股份,普钢,江西,19961225,600782.SH,20230907,4.25,4.27,4.17,4.18,4.27,-0.09,-2.1077,264196.0,111170.866,0.8285,1.5012,0.71,12.7382,,0.5069,0.1346,0.1452,11.7338,2.3468,318872.2696,318872.2696,175992.3199,1332886.0869,1332886.0869,4.7,3.84,13.49
600782,新钢股份,普钢,江西,19961225,600782.SH,20230906,4.32,4.33,4.25,4.27,4.34,-0.07,-1.6129,257171.0,110004.702,0.8065,1.4613,0.69,13.0125,,0.5178,0.1375,0.1483,11.4864,2.2973,318872.2696,318872.2696,175992.3199,1361584.5912,1361584.5912,4.77,3.91,13.49
600782,新钢股份,普钢,江西,19961225,600782.SH,20230905,4.35,4.37,4.29,4.34,4.35,-0.01,-0.2299,320617.49,138739.951,1.0055,1.8218,0.82,13.2258,,0.5263,0.1398,0.1508,11.3012,2.2602,318872.2696,318872.2696,175992.3199,1383905.6501,1383905.6501,4.79,3.92,13.49
600782,新钢股份,普钢,江西,19961225,600782.SH,20230904,4.24,4.41,4.24,4.35,4.24,0.11,2.5943,557183.0,241826.533,1.7474,3.166,1.56,13.2563,,0.5275,0.1401,0.1511,11.2752,2.255,318872.2696,318872.2696,175992.3199,1387094.3728,1387094.3728,4.66,3.82,13.49
600782,新钢股份,普钢,江西,19961225,600782.SH,20230901,4.11,4.28,4.11,4.24,4.11,0.13,3.163,473440.34,200111.175,1.4847,2.6901,1.5,12.9211,,0.5142,0.1366,0.1473,11.5677,2.3135,318872.2696,318872.2696,175992.3199,1352018.4231,1352018.4231,4.52,3.7,13.49
600782,新钢股份,普钢,江西,19961225,600782.SH,20230831,4.12,4.19,4.09,4.11,4.12,-0.01,-0.2427,260084.33,107334.504,0.8156,1.4778,0.81,12.5249,,0.4984,0.1324,0.1428,11.9336,2.3867,318872.2696,318872.2696,175992.3199,1310565.0281,1310565.0281,4.53,3.71,13.49
600782,新钢股份,普钢,江西,19961225,600782.SH,20230830,4.18,4.21,4.11,4.12,4.18,-0.06,-1.4354,259510.33,107571.598,0.8138,1.4746,0.82,12.5554,,0.4997,0.1327,0.1431,11.9046,2.3809,318872.2696,318872.2696,175992.3199,1313753.7508,1313753.7508,4.6,3.76,13.49
600782,新钢股份,普钢,江西,19961225,600782.SH,20230829,4.25,4.28,4.16,4.18,4.25,-0.07,-1.6471,396658.25,166575.574,1.2439,2.2538,1.41,12.7382,,0.5069,0.1346,0.1452,11.7338,2.3468,318872.2696,318872.2696,175992.3199,1332886.0869,1332886.0869,4.68,3.83,13.49
600782,新钢股份,普钢,江西,19961225,600782.SH,20230828,4.39,4.45,4.24,4.25,4.21,0.04,0.9501,398003.84,171745.511,1.2482,2.2615,1.63,12.9515,,0.5154,0.1369,0.1476,11.5405,2.3081,318872.2696,318872.2696,175992.3199,1355207.1458,1355207.1458,4.63,3.79,13.49
600782,新钢股份,普钢,江西,19961225,600782.SH,20230825,4.16,4.25,4.12,4.21,4.17,0.04,0.9592,262308.0,110245.648,0.8226,1.4905,1.05,12.8296,119.9746,0.5148,0.1356,0.14,11.6501,2.33,318872.2696,318872.2696,175992.3199,1342452.255,1342452.255,4.59,3.75,13.49
600782,新钢股份,普钢,江西,19961225,600782.SH,20230824,4.24,4.29,4.15,4.17,4.23,-0.06,-1.4184,298606.06,125452.683,0.9364,1.6967,1.26,12.7077,118.8347,0.5099,0.1343,0.1387,11.7619,2.3524,318872.2696,318872.2696,175992.3199,1329697.3642,1329697.3642,4.65,3.81,13.49
600782,新钢股份,普钢,江西,19961225,600782.SH,20230823,4.29,4.3,4.22,4.23,4.27,-0.04,-0.9368,226813.75,96680.808,0.7113,1.2888,0.87,12.8906,120.5445,0.5173,0.1362,0.1407,11.5951,2.319,318872.2696,318872.2696,175992.3199,1348829.7004,1348829.7004,4.7,3.84,13.49
600782,新钢股份,普钢,江西,19961225,600782.SH,20230822,4.25,4.29,4.2,4.27,4.23,0.04,0.9456,225804.62,95885.83,0.7081,1.283,0.88,13.0125,121.6844,0.5221,0.1375,0.142,11.4864,2.2973,318872.2696,318872.2696,175992.3199,1361584.5912,1361584.5912,4.65,3.81,13.49
600782,新钢股份,普钢,江西,19961225,600782.SH,20230821,4.3,4.33,4.22,4.23,4.3,-0.07,-1.6279,208906.59,89325.698,0.6551,1.187,0.75,12.8906,120.5445,0.5173,0.1362,0.1407,11.5951,2.319,318872.2696,318872.2696,175992.3199,1348829.7004,1348829.7004,4.73,3.87,13.49
600782,新钢股份,普钢,江西,19961225,600782.SH,20230818,4.29,4.39,4.29,4.3,4.3,0.0,0.0,288368.43,125172.222,0.9043,1.6385,0.95,13.1039,122.5394,0.5258,0.1385,0.143,11.4063,2.2813,318872.2696,318872.2696,175992.3199,1371150.7593,1371150.7593,4.73,3.87,13.49
600782,新钢股份,普钢,江西,19961225,600782.SH,20230817,4.27,4.32,4.23,4.3,4.29,0.01,0.2331,235497.39,100730.473,0.7385,1.3381,0.78,13.1039,122.5394,0.5258,0.1385,0.143,11.4063,2.2813,318872.2696,318872.2696,175992.3199,1371150.7593,1371150.7593,4.72,3.86,13.49
600782,新钢股份,普钢,江西,19961225,600782.SH,20230816,4.24,4.33,4.22,4.29,4.25,0.04,0.9412,344667.71,147795.317,1.0809,1.9584,1.09,13.0734,122.2544,0.5246,0.1382,0.1427,11.4329,2.2866,318872.2696,318872.2696,175992.3199,1367962.0366,1367962.0366,4.68,3.83,13.49
600782,新钢股份,普钢,江西,19961225,600782.SH,20230815,4.26,4.28,4.2,4.25,4.26,-0.01,-0.2347,207199.59,87893.676,0.6498,1.1773,0.59,12.9515,121.1145,0.5197,0.1369,0.1414,11.5405,2.3081,318872.2696,318872.2696,175992.3199,1355207.1458,1355207.1458,4.69,3.83,13.49
600782,新钢股份,普钢,江西,19961225,600782.SH,20230814,4.17,4.29,4.15,4.26,4.21,0.05,1.1876,320948.46,135813.983,1.0065,1.8237,0.78,12.982,121.3995,0.5209,0.1372,0.1417,11.5134,2.3027,318872.2696,318872.2696,175992.3199,1358395.8685,1358395.8685,4.63,3.79,13.49
600782,新钢股份,普钢,江西,19961225,600782.SH,20230811,4.28,4.29,4.18,4.21,4.29,-0.08,-1.8648,416674.84,175951.669,1.3067,2.3676,0.89,12.8296,119.9746,0.5148,0.1356,0.14,11.6501,2.33,318872.2696,318872.2696,175992.3199,1342452.255,1342452.255,4.72,3.86,13.49
600782,新钢股份,普钢,江西,19961225,600782.SH,20230810,4.31,4.33,4.26,4.29,4.31,-0.02,-0.464,227765.56,97702.084,0.7143,1.2942,0.44,13.0734,122.2544,0.5246,0.1382,0.1427,11.4329,2.2866,318872.2696,318872.2696,175992.3199,1367962.0366,1367962.0366,4.74,3.88,13.49
600782,新钢股份,普钢,江西,19961225,600782.SH,20230809,4.3,4.33,4.27,4.31,4.32,-0.01,-0.2315,405681.56,174487.138,1.2722,2.3051,0.75,13.1344,122.8243,0.527,0.1388,0.1434,11.3798,2.276,318872.2696,318872.2696,175992.3199,1374339.482,1374339.482,4.75,3.89,13.49
600782,新钢股份,普钢,江西,19961225,600782.SH,20230808,4.35,4.38,4.3,4.32,4.35,-0.03,-0.6897,393148.08,169888.544,1.2329,2.2339,0.6,13.1649,123.1093,0.5283,0.1391,0.1437,11.3535,2.2707,318872.2696,318872.2696,175992.3199,1377528.2047,1377528.2047,4.79,3.92,13.49
600782,新钢股份,普钢,江西,19961225,600782.SH,20230807,4.45,4.46,4.32,4.35,4.45,-0.1,-2.2472,612519.17,267293.069,1.9209,3.4804,0.89,13.2563,123.9642,0.5319,0.1401,0.1447,11.2752,2.255,318872.2696,318872.2696,175992.3199,1387094.3728,1387094.3728,4.9,4.01,13.49
600782,新钢股份,普钢,江西,19961225,600782.SH,20230804,4.5,4.59,4.44,4.45,4.47,-0.02,-0.4474,706021.06,317125.965,2.2141,4.0117,0.8,13.561,126.814,0.5442,0.1433,0.148,11.0218,2.2044,318872.2696,318872.2696,175992.3199,1418981.5997,1418981.5997,4.92,4.02,13.49
600782,新钢股份,普钢,江西,19961225,600782.SH,20230803,4.43,4.49,4.4,4.47,4.47,0.0,0.0,445234.82,197805.772,1.3963,2.5299,0.41,13.622,127.3839,0.5466,0.144,0.1487,10.9725,2.1945,318872.2696,318872.2696,175992.3199,1425359.0451,1425359.0451,4.92,4.02,13.49
600782,新钢股份,普钢,江西,19961225,600782.SH,20230802,4.4,4.49,4.37,4.47,4.47,0.0,0.0,551461.2,244447.292,1.7294,3.1334,0.52,13.622,127.3839,0.5466,0.144,0.1487,10.9725,2.1945,318872.2696,318872.2696,175992.3199,1425359.0451,1425359.0451,4.92,4.02,13.49
600782,新钢股份,普钢,江西,19961225,600782.SH,20230801,4.43,4.63,4.4,4.47,4.42,0.05,1.1312,939210.15,423774.286,2.9454,5.3367,0.98,13.622,127.3839,0.5466,0.144,0.1487,10.9725,2.1945,318872.2696,318872.2696,175992.3199,1425359.0451,1425359.0451,4.86,3.98,13.49
600782,新钢股份,普钢,江西,19961225,600782.SH,20230731,4.51,4.56,4.4,4.42,4.46,-0.04,-0.8969,805114.22,358393.719,2.5249,4.5747,0.98,13.4696,125.9591,0.5405,0.1424,0.147,11.0966,2.2193,318872.2696,318872.2696,175992.3199,1409415.4316,1409415.4316,4.91,4.01,13.49
600782,新钢股份,普钢,江西,19961225,600782.SH,20230728,4.28,4.53,4.27,4.46,4.29,0.17,3.9627,1664851.31,740749.616,5.2211,9.4598,3.28,13.5915,127.099,0.5454,0.1437,0.1483,10.9971,2.1994,318872.2696,318872.2696,175992.3199,1422170.3224,1422170.3224,4.72,3.86,13.49
600782,新钢股份,普钢,江西,19961225,600782.SH,20230727,4.08,4.37,4.08,4.29,4.09,0.2,4.89,1490365.74,637817.176,4.6739,8.4684,6.11,13.0734,122.2544,0.5246,0.1382,0.1427,11.4329,2.2866,318872.2696,318872.2696,175992.3199,1367962.0366,1367962.0366,4.5,3.68,13.49
600782,新钢股份,普钢,江西,19961225,600782.SH,20230726,4.02,4.1,4.01,4.09,4.02,0.07,1.7413,357886.53,145289.948,1.1224,2.0335,1.85,12.464,116.5549,0.5001,0.1317,0.136,11.992,2.3984,318872.2696,318872.2696,175992.3199,1304187.5827,1304187.5827,4.42,3.62,13.49
600782,新钢股份,普钢,江西,19961225,600782.SH,20230725,3.9,4.03,3.9,4.02,3.88,0.14,3.6082,476917.9,190533.88,1.4956,2.7099,3.8,12.2506,114.5601,0.4916,0.1295,0.1337,12.2008,2.4402,318872.2696,318872.2696,175992.3199,1281866.5238,1281866.5238,4.27,3.49,13.49
600782,新钢股份,普钢,江西,19961225,600782.SH,20230724,3.88,3.89,3.86,3.88,3.87,0.01,0.2584,106106.0,41106.684,0.3328,0.6029,0.78,11.824,110.5704,0.4745,0.125,0.129,12.641,2.5282,318872.2696,318872.2696,175992.3199,1237224.406,1237224.406,4.26,3.48,13.49
600782,新钢股份,普钢,江西,19961225,600782.SH,20230721,3.85,3.89,3.85,3.87,3.86,0.01,0.2591,104988.0,40639.589,0.3292,0.5965,0.76,11.7935,110.2854,0.4732,0.1246,0.1287,12.6737,2.5347,318872.2696,318872.2696,175992.3199,1234035.6834,1234035.6834,4.25,3.47,13.49
600782,新钢股份,普钢,江西,19961225,600782.SH,20230720,3.86,3.9,3.85,3.86,3.86,0.0,0.0,173879.52,67445.501,0.5453,0.988,1.33,11.763,110.0005,0.472,0.1243,0.1284,12.7065,2.5413,318872.2696,318872.2696,175992.3199,1230846.9607,1230846.9607,4.25,3.47,13.49
600782,新钢股份,普钢,江西,19961225,600782.SH,20230719,3.83,3.87,3.83,3.86,3.84,0.02,0.5208,105521.05,40617.73,0.3309,0.5996,0.82,11.763,110.0005,0.472,0.1243,0.1284,12.7065,2.5413,318872.2696,318872.2696,175992.3199,1230846.9607,1230846.9607,4.22,3.46,13.49
600782,新钢股份,普钢,江西,19961225,600782.SH,20230718,3.82,3.85,3.79,3.84,3.82,0.02,0.5236,137741.3,52697.098,0.432,0.7827,1.12,11.7021,109.4305,0.4696,0.1237,0.1277,12.7727,2.5545,318872.2696,318872.2696,175992.3199,1224469.5153,1224469.5153,4.2,3.44,13.49
600782,新钢股份,普钢,江西,19961225,600782.SH,20230717,3.82,3.84,3.79,3.82,3.83,-0.01,-0.2611,156070.0,59406.332,0.4894,0.8868,1.46,11.6411,108.8605,0.4671,0.123,0.1271,12.8396,2.5679,318872.2696,318872.2696,175992.3199,1218092.0699,1218092.0699,4.21,3.45,13.49
600782,新钢股份,普钢,江西,19961225,600782.SH,20230714,3.84,3.86,3.82,3.83,3.84,-0.01,-0.2604,119721.0,45980.566,0.3755,0.6803,1.2,11.6716,109.1455,0.4683,0.1234,0.1274,12.806,2.5612,318872.2696,318872.2696,175992.3199,1221280.7926,1221280.7926,4.22,3.46,13.49
600782,新钢股份,普钢,江西,19961225,600782.SH,20230713,3.79,3.84,3.79,3.84,3.78,0.06,1.5873,135655.55,51885.291,0.4254,0.7708,1.46,11.7021,109.4305,0.4696,0.1237,0.1277,12.7727,2.5545,318872.2696,318872.2696,175992.3199,1224469.5153,1224469.5153,4.16,3.4,13.49
600782,新钢股份,普钢,江西,19961225,600782.SH,20230712,3.8,3.81,3.77,3.78,3.8,-0.02,-0.5263,95066.75,36015.366,0.2981,0.5402,0.97,11.5192,107.7206,0.4622,0.1217,0.1257,12.9754,2.5951,318872.2696,318872.2696,175992.3199,1205337.1791,1205337.1791,4.18,3.42,13.49
600782,新钢股份,普钢,江西,19961225,600782.SH,20230711,3.79,3.81,3.78,3.8,3.78,0.02,0.5291,108382.75,41086.266,0.3399,0.6158,1.11,11.5802,108.2906,0.4647,0.1224,0.1264,12.9071,2.5814,318872.2696,318872.2696,175992.3199,1211714.6245,1211714.6245,4.16,3.4,13.49
600782,新钢股份,普钢,江西,19961225,600782.SH,20230710,3.78,3.8,3.76,3.78,3.77,0.01,0.2653,75359.0,28468.429,0.2363,0.4282,0.68,11.5192,107.7206,0.4622,0.1217,0.1257,12.9754,2.5951,318872.2696,318872.2696,175992.3199,1205337.1791,1205337.1791,4.15,3.39,13.49
600782,新钢股份,普钢,江西,19961225,600782.SH,20230707,3.76,3.79,3.75,3.77,3.76,0.01,0.266,85566.42,32271.7,0.2683,0.4862,0.74,11.4888,107.4357,0.461,0.1214,0.1254,13.0098,2.602,318872.2696,318872.2696,175992.3199,1202148.4564,1202148.4564,4.14,3.38,13.49
600782,新钢股份,普钢,江西,19961225,600782.SH,20230706,3.79,3.79,3.74,3.76,3.8,-0.04,-1.0526,99799.0,37554.218,0.313,0.5671,0.82,11.4583,107.1507,0.4598,0.1211,0.1251,13.0444,2.6089,318872.2696,318872.2696,175992.3199,1198959.7337,1198959.7337,4.18,3.42,13.49
600782,新钢股份,普钢,江西,19961225,600782.SH,20230705,3.76,3.8,3.76,3.8,3.77,0.03,0.7958,121644.45,46067.094,0.3815,0.6912,0.93,11.5802,108.2906,0.4647,0.1224,0.1264,12.9071,2.5814,318872.2696,318872.2696,175992.3199,1211714.6245,1211714.6245,4.15,3.39,13.49
600782,新钢股份,普钢,江西,19961225,600782.SH,20230704,3.78,3.79,3.75,3.77,3.77,0.0,0.0,105784.05,39891.91,0.3317,0.6011,0.73,11.4888,107.4357,0.461,0.1214,0.1254,13.0098,2.602,318872.2696,318872.2696,175992.3199,1202148.4564,1202148.4564,4.15,3.39,13.49
600782,新钢股份,普钢,江西,19961225,600782.SH,20230703,3.74,3.78,3.72,3.77,3.71,0.06,1.6173,139917.25,52594.393,0.4388,0.795,0.94,11.4888,107.4357,0.461,0.1214,0.1254,13.0098,2.602,318872.2696,318872.2696,175992.3199,1202148.4564,1202148.4564,4.08,3.34,13.49
600782,新钢股份,普钢,江西,19961225,600782.SH,20230630,3.66,3.72,3.66,3.71,3.67,0.04,1.0899,110390.63,40917.205,0.3462,0.6272,0.7,11.3059,105.7258,0.4537,0.1195,0.1234,13.2202,2.644,318872.2696,318872.2696,175992.3199,1183016.1202,1183016.1202,4.04,3.3,13.49
600782,新钢股份,普钢,江西,19961225,600782.SH,20230629,3.71,3.72,3.66,3.67,3.71,-0.04,-1.0782,130894.2,48163.704,0.4105,0.7437,0.85,11.184,104.5859,0.4488,0.1182,0.1221,13.3643,2.6729,318872.2696,318872.2696,175992.3199,1170261.2294,1170261.2294,4.08,3.34,13.49
600782,新钢股份,普钢,江西,19961225,600782.SH,20230628,3.71,3.73,3.67,3.71,3.69,0.02,0.542,164121.0,60772.134,0.5147,0.9325,1.09,11.3059,105.7258,0.4537,0.1195,0.1234,13.2202,2.644,318872.2696,318872.2696,175992.3199,1183016.1202,1183016.1202,4.06,3.32,13.49
600782,新钢股份,普钢,江西,19961225,600782.SH,20230627,3.75,3.82,3.74,3.79,3.74,0.05,1.3369,183785.99,69556.707,0.5764,1.0443,1.3,11.5497,108.0056,0.458,0.1221,0.1261,12.9412,,318872.2696,318872.2696,175992.3199,1208525.9018,1208525.9018,4.11,3.37,13.134
600782,新钢股份,普钢,江西,19961225,600782.SH,20230626,3.78,3.78,3.73,3.74,3.79,-0.05,-1.3193,154059.68,57904.908,0.4831,0.8754,1.11,11.3974,106.5807,0.4519,0.1205,0.1244,13.1142,,318872.2696,318872.2696,175992.3199,1192582.2883,1192582.2883,4.17,3.41,13.134
600782,新钢股份,普钢,江西,19961225,600782.SH,20230621,3.82,3.83,3.78,3.79,3.82,-0.03,-0.7853,151325.59,57545.328,0.4746,0.8598,1.14,11.5497,108.0056,0.458,0.1221,0.1261,12.9412,,318872.2696,318872.2696,175992.3199,1208525.9018,1208525.9018,4.2,3.44,13.134
600782,新钢股份,普钢,江西,19961225,600782.SH,20230620,3.84,3.85,3.82,3.82,3.85,-0.03,-0.7792,119568.22,45789.612,0.375,0.6794,0.9,11.6411,108.8605,0.4616,0.123,0.1271,12.8396,12.8396,318872.2696,318872.2696,175992.3199,1218092.0699,1218092.0699,4.24,3.47,13.134
600782,新钢股份,普钢,江西,19961225,600782.SH,20230619,3.89,3.89,3.85,3.85,3.89,-0.04,-1.0283,145607.43,56244.688,0.4566,0.8274,1.03,11.7326,109.7155,0.4652,0.124,0.1281,12.7395,12.7395,318872.2696,318872.2696,175992.3199,1227658.238,1227658.238,4.28,3.5,13.134
600782,新钢股份,普钢,江西,19961225,600782.SH,20230616,3.88,3.91,3.87,3.89,3.88,0.01,0.2577,133646.0,52048.305,0.4191,0.7594,0.83,11.8545,110.8554,0.47,0.1253,0.1294,12.6085,12.6085,318872.2696,318872.2696,175992.3199,1240413.1287,1240413.1287,4.27,3.49,13.134
600782,新钢股份,普钢,江西,19961225,600782.SH,20230615,3.87,3.89,3.84,3.88,3.87,0.01,0.2584,141056.35,54493.309,0.4424,0.8015,0.81,11.824,110.5704,0.4688,0.125,0.129,12.641,12.641,318872.2696,318872.2696,175992.3199,1237224.406,1237224.406,4.26,3.48,13.134
600782,新钢股份,普钢,江西,19961225,600782.SH,20230614,3.9,3.91,3.87,3.87,3.89,-0.02,-0.5141,122268.0,47507.228,0.3834,0.6947,0.67,11.7935,110.2854,0.4676,0.1246,0.1287,12.6737,12.6737,318872.2696,318872.2696,175992.3199,1234035.6834,1234035.6834,4.28,3.5,13.134
600782,新钢股份,普钢,江西,19961225,600782.SH,20230613,3.9,3.92,3.88,3.89,3.9,-0.01,-0.2564,120517.12,46991.012,0.3779,0.6848,0.62,11.8545,110.8554,0.47,0.1253,0.1294,12.6085,12.6085,318872.2696,318872.2696,175992.3199,1240413.1287,1240413.1287,4.29,3.51,13.134
600782,新钢股份,普钢,江西,19961225,600782.SH,20230612,3.87,3.92,3.86,3.9,3.88,0.02,0.5155,187099.59,72921.891,0.5868,1.0631,0.93,11.8849,111.1404,0.4712,0.1256,0.1297,12.5762,12.5762,318872.2696,318872.2696,175992.3199,1243601.8514,1243601.8514,4.27,3.49,13.134
600782,新钢股份,普钢,江西,19961225,600782.SH,20230609,3.86,3.9,3.84,3.88,3.86,0.02,0.5181,235019.17,91164.419,0.737,1.3354,1.24,11.824,110.5704,0.4688,0.125,0.129,12.641,12.641,318872.2696,318872.2696,175992.3199,1237224.406,1237224.406,4.25,3.47,13.134
600782,新钢股份,普钢,江西,19961225,600782.SH,20230608,3.82,3.86,3.8,3.86,3.81,0.05,1.3123,209250.0,80192.104,0.6562,1.189,1.15,11.763,110.0005,0.4664,0.1243,0.1284,12.7065,12.7065,318872.2696,318872.2696,175992.3199,1230846.9607,1230846.9607,4.19,3.43,13.134
600782,新钢股份,普钢,江西,19961225,600782.SH,20230607,3.81,3.84,3.8,3.81,3.82,-0.01,-0.2618,158351.0,60472.292,0.4966,0.8998,0.84,11.6107,108.5756,0.4604,0.1227,0.1267,12.8733,12.8733,318872.2696,318872.2696,175992.3199,1214903.3472,1214903.3472,4.2,3.44,13.134
600782,新钢股份,普钢,江西,19961225,600782.SH,20230606,3.86,3.86,3.81,3.82,3.85,-0.03,-0.7792,177682.55,68084.147,0.5572,1.0096,0.96,11.6411,108.8605,0.4616,0.123,0.1271,12.8396,12.8396,318872.2696,318872.2696,175992.3199,1218092.0699,1218092.0699,4.24,3.47,13.134
600782,新钢股份,普钢,江西,19961225,600782.SH,20230605,3.87,3.9,3.83,3.85,3.85,0.0,0.0,221130.0,85511.416,0.6935,1.2565,1.18,11.7326,109.7155,0.4652,0.124,0.1281,12.7395,12.7395,318872.2696,318872.2696,175992.3199,1227658.238,1227658.238,4.24,3.47,13.134
600782,新钢股份,普钢,江西,19961225,600782.SH,20230602,3.8,3.86,3.79,3.85,3.8,0.05,1.3158,177763.96,68245.817,0.5575,1.0101,0.83,11.7326,109.7155,0.4652,0.124,0.1281,12.7395,12.7395,318872.2696,318872.2696,175992.3199,1227658.238,1227658.238,4.18,3.42,13.134
600782,新钢股份,普钢,江西,19961225,600782.SH,20230601,3.77,3.83,3.76,3.8,3.77,0.03,0.7958,174182.0,66168.911,0.5462,0.9897,0.78,11.5802,108.2906,0.4592,0.1224,0.1264,12.9071,12.9071,318872.2696,318872.2696,175992.3199,1211714.6245,1211714.6245,4.15,3.39,13.134
600782,新钢股份,普钢,江西,19961225,600782.SH,20230531,3.79,3.8,3.75,3.77,3.81,-0.04,-1.0499,190211.22,71768.845,0.5965,1.0808,0.76,11.4888,107.4357,0.4555,0.1214,0.1254,13.0098,13.0098,318872.2696,318872.2696,175992.3199,1202148.4564,1202148.4564,4.19,3.43,13.1341
600782,新钢股份,普钢,江西,19961225,600782.SH,20230530,3.8,3.83,3.75,3.81,3.81,0.0,0.0,158688.99,60162.422,0.4977,0.9017,0.51,11.6107,108.5756,0.4604,0.1227,0.1267,12.8733,12.8733,318872.2696,318872.2696,175992.3199,1214903.3472,1214903.3472,4.19,3.43,13.1341
600782,新钢股份,普钢,江西,19961225,600782.SH,20230529,3.81,3.85,3.78,3.81,3.8,0.01,0.2632,234795.0,89602.316,0.7363,1.3341,0.77,11.6107,108.5756,0.4604,0.1227,0.1267,12.8733,12.8733,318872.2696,318872.2696,175992.3199,1214903.3472,1214903.3472,4.18,3.42,13.1341
600782,新钢股份,普钢,江西,19961225,600782.SH,20230526,3.71,3.82,3.67,3.8,3.71,0.09,2.4259,309839.95,116289.179,0.9717,1.7605,1.02,11.5802,108.2906,0.4592,0.1224,0.1264,12.9071,12.9071,318872.2696,318872.2696,175992.3199,1211714.6245,1211714.6245,4.08,3.34,13.1341
600782,新钢股份,普钢,江西,19961225,600782.SH,20230525,3.7,3.72,3.66,3.71,3.71,0.0,0.0,228430.15,84318.277,0.7164,1.298,0.74,11.3059,105.7258,0.4483,0.1195,0.1234,13.2202,13.2202,318872.2696,318872.2696,175992.3199,1183016.1202,1183016.1202,4.08,3.34,13.1341
600782,新钢股份,普钢,江西,19961225,600782.SH,20230524,3.78,3.78,3.7,3.71,3.78,-0.07,-1.8519,316190.67,117738.238,0.9916,1.7966,1.09,11.3059,105.7258,0.4483,0.1195,0.1234,13.2202,13.2202,318872.2696,318872.2696,175992.3199,1183016.1202,1183016.1202,4.16,3.4,13.1341
600782,新钢股份,普钢,江西,19961225,600782.SH,20230523,3.87,3.88,3.78,3.78,3.87,-0.09,-2.3256,455237.83,173887.194,1.4276,2.5867,1.85,11.5192,107.7206,0.4567,0.1217,0.1257,12.9754,12.9754,318872.2696,318872.2696,175992.3199,1205337.1791,1205337.1791,4.26,3.48,13.1341
600782,新钢股份,普钢,江西,19961225,600782.SH,20230522,3.88,3.9,3.86,3.87,3.87,0.0,0.0,212495.38,82344.382,0.6664,1.2074,0.87,11.7935,110.2854,0.4676,0.1246,0.1287,12.6737,12.6737,318872.2696,318872.2696,175992.3199,1234035.6834,1234035.6834,4.26,3.48,13.1341
600782,新钢股份,普钢,江西,19961225,600782.SH,20230519,3.93,3.93,3.86,3.87,3.93,-0.06,-1.5267,307494.52,119328.681,0.9643,1.7472,1.36,11.7935,110.2854,0.4676,0.1246,0.1287,12.6737,12.6737,318872.2696,318872.2696,175992.3199,1234035.6834,1234035.6834,4.32,3.54,13.1341
600782,新钢股份,普钢,江西,19961225,600782.SH,20230518,3.95,3.97,3.91,3.93,3.94,-0.01,-0.2538,250990.93,98920.708,0.7871,1.4261,1.12,11.9764,111.9953,0.4749,0.1266,0.1307,12.4802,12.4802,318872.2696,318872.2696,175992.3199,1253168.0195,1253168.0195,4.33,3.55,13.1341
600782,新钢股份,普钢,江西,19961225,600782.SH,20230517,3.96,3.99,3.94,3.94,3.97,-0.03,-0.7557,227150.44,89795.097,0.7124,1.2907,0.92,12.0068,112.2803,0.4761,0.1269,0.131,12.4485,12.4485,318872.2696,318872.2696,175992.3199,1256356.7422,1256356.7422,4.37,3.57,13.1341
600782,新钢股份,普钢,江西,19961225,600782.SH,20230516,4.04,4.04,3.96,3.97,4.04,-0.07,-1.7327,230513.76,91972.277,0.7229,1.3098,0.7,12.0983,113.1352,0.4797,0.1279,0.132,12.3544,12.3544,318872.2696,318872.2696,175992.3199,1265922.9103,1265922.9103,4.44,3.64,13.1341
600782,新钢股份,普钢,江西,19961225,600782.SH,20230515,4.04,4.05,3.96,4.04,4.02,0.02,0.4975,211274.28,84627.9,0.6626,1.2005,0.56,12.3116,115.13,0.4882,0.1301,0.1344,12.1404,12.1404,318872.2696,318872.2696,175992.3199,1288243.9692,1288243.9692,4.42,3.62,13.1341
600782,新钢股份,普钢,江西,19961225,600782.SH,20230512,4.08,4.1,4.02,4.02,4.08,-0.06,-1.4706,208592.86,84486.75,0.6542,1.1852,0.52,12.2506,114.5601,0.4857,0.1295,0.1337,12.2008,12.2008,318872.2696,318872.2696,175992.3199,1281866.5238,1281866.5238,4.49,3.67,13.1341
600782,新钢股份,普钢,江西,19961225,600782.SH,20230511,4.07,4.12,4.05,4.08,4.08,0.0,0.0,240431.87,98217.429,0.754,1.3661,0.56,12.4335,116.2699,0.493,0.1314,0.1357,12.0213,12.0213,318872.2696,318872.2696,175992.3199,1300998.86,1300998.86,4.49,3.67,13.1341
600782,新钢股份,普钢,江西,19961225,600782.SH,20230510,4.11,4.16,4.07,4.08,4.13,-0.05,-1.2107,338247.13,138895.792,1.0608,1.9219,0.79,12.4335,116.2699,0.493,0.1314,0.1357,12.0213,12.0213,318872.2696,318872.2696,175992.3199,1300998.86,1300998.86,4.54,3.72,13.1341
600782,新钢股份,普钢,江西,19961225,600782.SH,20230509,4.09,4.22,4.08,4.13,4.07,0.06,1.4742,645812.23,268619.587,2.0253,3.6695,1.84,12.5858,117.6948,0.499,0.133,0.1374,11.8758,11.8758,318872.2696,318872.2696,175992.3199,1316942.4734,1316942.4734,4.48,3.66,13.1341
600782,新钢股份,普钢,江西,19961225,600782.SH,20230508,3.96,4.08,3.95,4.07,3.94,0.13,3.2995,462815.53,187448.69,1.4514,2.6297,1.46,12.403,115.9849,0.4918,0.1311,0.1354,12.0509,12.0509,318872.2696,318872.2696,175992.3199,1297810.1373,1297810.1373,4.33,3.55,13.1341
600782,新钢股份,普钢,江西,19961225,600782.SH,20230505,3.96,4.02,3.9,3.94,3.97,-0.03,-0.7557,333250.0,131465.54,1.0451,1.8935,0.94,12.0068,112.2803,0.4761,0.1269,0.131,12.4485,12.4485,318872.2696,318872.2696,175992.3199,1256356.7422,1256356.7422,4.37,3.57,13.1341
600782,新钢股份,普钢,江西,19961225,600782.SH,20230504,3.97,4.02,3.91,3.97,3.97,0.0,0.0,350948.56,139342.251,1.1006,1.9941,0.91,12.0983,113.1352,0.4797,0.1279,0.132,12.3544,12.3544,318872.2696,318872.2696,175992.3199,1265922.9103,1265922.9103,4.37,3.57,13.1341
600782,新钢股份,普钢,江西,19961225,600782.SH,20230428,3.89,3.99,3.88,3.97,3.89,0.08,2.0566,335759.61,132580.525,1.053,1.9078,0.91,12.0983,113.1352,0.4797,0.1279,0.132,12.3544,12.3544,318872.2696,318872.2696,175992.3199,1265922.9103,1265922.9103,4.28,3.5,13.1341
600782,新钢股份,普钢,江西,19961225,600782.SH,20230427,3.93,3.94,3.89,3.89,3.93,-0.04,-1.0178,270388.92,105519.615,0.848,1.5364,0.7,11.8545,110.8554,0.47,0.1253,0.1294,12.6085,12.6085,318872.2696,318872.2696,175992.3199,1240413.1287,1240413.1287,4.32,3.54,13.1341
600782,新钢股份,普钢,江西,19961225,600782.SH,20230426,3.9,3.95,3.88,3.93,3.88,0.05,1.2887,289574.04,113663.507,0.9081,1.6454,0.72,11.9764,111.9953,0.4749,0.1266,0.1307,12.4802,12.4802,318872.2696,318872.2696,175992.3199,1253168.0195,1253168.0195,4.27,3.49,13.1341
600782,新钢股份,普钢,江西,19961225,600782.SH,20230425,4.01,4.04,3.85,3.88,4.01,-0.13,-3.2419,523973.65,205613.008,1.6432,2.9773,1.12,11.824,110.5704,0.4688,0.125,0.129,12.641,12.641,318872.2696,318872.2696,175992.3199,1237224.406,1237224.406,4.41,3.61,13.1341
600782,新钢股份,普钢,江西,19961225,600782.SH,20230424,4.12,4.13,3.99,4.01,4.15,-0.14,-3.3735,508340.3,205431.652,1.5942,2.8884,1.22,12.2202,114.2751,0.4845,0.1292,0.1334,12.2312,12.2312,318872.2696,318872.2696,175992.3199,1278677.8011,1278677.8011,4.57,3.74,13.1341
600782,新钢股份,普钢,江西,19961225,600782.SH,20230421,4.22,4.25,4.15,4.15,4.23,-0.08,-1.8913,262082.49,109846.211,0.8219,1.4892,0.63,12.6468,12.6468,0.5032,0.1337,0.1337,11.8186,11.8186,318872.2696,318872.2696,175992.3199,1323319.9188,1323319.9188,4.65,3.81,13.1341
600782,新钢股份,普钢,江西,19961225,600782.SH,20230420,4.24,4.27,4.16,4.23,4.25,-0.02,-0.4706,358516.75,151025.509,1.1243,2.0371,0.87,12.8906,12.8906,0.5129,0.1362,0.1362,11.5951,11.5951,318872.2696,318872.2696,175992.3199,1348829.7004,1348829.7004,4.68,3.83,13.1341
600782,新钢股份,普钢,江西,19961225,600782.SH,20230419,4.23,4.29,4.22,4.25,4.25,0.0,0.0,370312.47,157691.626,1.1613,2.1041,0.79,12.9515,12.9515,0.5153,0.1369,0.1369,11.5405,11.5405,318872.2696,318872.2696,175992.3199,1355207.1458,1355207.1458,4.68,3.83,13.1341
600782,新钢股份,普钢,江西,19961225,600782.SH,20230418,4.3,4.3,4.19,4.25,4.39,-0.14,-3.1891,830691.53,351979.097,2.6051,4.72,2.25,12.9515,12.9515,0.5153,0.1369,0.1369,11.5405,11.5405,318872.2696,318872.2696,175992.3199,1355207.1458,1355207.1458,4.83,3.95,13.1341
600782,新钢股份,普钢,江西,19961225,600782.SH,20230417,4.34,4.39,4.31,4.39,4.34,0.05,1.1521,262241.82,114235.95,0.8224,1.4901,0.73,3.2221,5.6662,0.52,0.1334,0.1467,11.1725,11.1725,318872.2696,318872.2696,175992.3199,1399849.2635,1399849.2635,4.77,3.91,13.1341
600782,新钢股份,普钢,江西,19961225,600782.SH,20230414,4.31,4.37,4.31,4.34,4.3,0.04,0.9302,271700.6,117929.414,0.8521,1.5438,0.78,3.1854,5.6017,0.5141,0.1319,0.145,11.3012,11.3012,318872.2696,318872.2696,175992.3199,1383905.6501,1383905.6501,4.73,3.87,13.1341
600782,新钢股份,普钢,江西,19961225,600782.SH,20230413,4.36,4.37,4.29,4.3,4.38,-0.08,-1.8265,331448.0,143198.185,1.0394,1.8833,1.06,3.156,5.5501,0.5094,0.1307,0.1437,11.4063,11.4063,318872.2696,318872.2696,175992.3199,1371150.7593,1371150.7593,4.82,3.94,13.1341
600782,新钢股份,普钢,江西,19961225,600782.SH,20230412,4.22,4.39,4.21,4.38,4.21,0.17,4.038,645605.05,279539.974,2.0247,3.6684,2.75,3.2147,5.6533,0.5188,0.1331,0.1463,11.198,11.198,318872.2696,318872.2696,175992.3199,1396660.5408,1396660.5408,4.63,3.79,13.1341
600782,新钢股份,普钢,江西,19961225,600782.SH,20230411,4.16,4.23,4.12,4.21,4.17,0.04,0.9592,338015.23,141324.368,1.06,1.9206,1.57,3.09,5.4339,0.4987,0.128,0.1407,11.6501,11.6501,318872.2696,318872.2696,175992.3199,1342452.255,1342452.255,4.59,3.75,13.1341
600782,新钢股份,普钢,江西,19961225,600782.SH,20230410,4.2,4.22,4.15,4.17,4.21,-0.04,-0.9501,220262.66,92048.95,0.6908,1.2515,0.92,3.0606,5.3823,0.494,0.1267,0.1393,11.7619,11.7619,318872.2696,318872.2696,175992.3199,1329697.3642,1329697.3642,4.63,3.79,13.1341
600782,新钢股份,普钢,江西,19961225,600782.SH,20230407,4.2,4.22,4.18,4.21,4.21,0.0,0.0,201955.96,84917.894,0.6333,1.1475,0.76,3.09,5.4339,0.4987,0.128,0.1407,11.6501,11.6501,318872.2696,318872.2696,175992.3199,1342452.255,1342452.255,4.63,3.79,13.1341
600782,新钢股份,普钢,江西,19961225,600782.SH,20230406,4.21,4.23,4.18,4.21,4.22,-0.01,-0.237,162377.11,68303.806,0.5092,0.9226,0.54,3.09,5.4339,0.4987,0.128,0.1407,11.6501,11.6501,318872.2696,318872.2696,175992.3199,1342452.255,1342452.255,4.64,3.8,13.1341
600782,新钢股份,普钢,江西,19961225,600782.SH,20230404,4.19,4.24,4.17,4.22,4.19,0.03,0.716,250448.23,105369.727,0.7854,1.4231,0.79,3.0973,5.4468,0.4999,0.1283,0.141,11.6225,11.6225,318872.2696,318872.2696,175992.3199,1345640.9777,1345640.9777,4.61,3.77,13.1341
600782,新钢股份,普钢,江西,19961225,600782.SH,20230403,4.2,4.22,4.17,4.19,4.2,-0.01,-0.2381,238037.0,99782.257,0.7465,1.3525,0.68,3.0753,5.4081,0.4963,0.1274,0.14,11.7058,11.7058,318872.2696,318872.2696,175992.3199,1336074.8096,1336074.8096,4.62,3.78,13.1341
600782,新钢股份,普钢,江西,19961225,600782.SH,20230331,4.16,4.25,4.15,4.2,4.15,0.05,1.2048,347100.89,146145.202,1.0885,1.9723,1.04,3.0826,5.421,0.4975,0.1277,0.1403,11.6779,11.6779,318872.2696,318872.2696,175992.3199,1339263.5323,1339263.5323,4.57,3.74,13.1341
600782,新钢股份,普钢,江西,19961225,600782.SH,20230330,4.14,4.16,4.1,4.15,4.13,0.02,0.4843,337871.84,139535.62,1.0596,1.9198,1.03,3.0459,5.3565,0.4916,0.1261,0.1387,11.8186,11.8186,318872.2696,318872.2696,175992.3199,1323319.9188,1323319.9188,4.54,3.72,13.1341
600782,新钢股份,普钢,江西,19961225,600782.SH,20230329,4.18,4.19,4.12,4.13,4.17,-0.04,-0.9592,336666.0,139466.508,1.0558,1.913,1.07,3.0312,5.3307,0.4892,0.1255,0.138,11.8758,11.8758,318872.2696,318872.2696,175992.3199,1316942.4734,1316942.4734,4.59,3.75,13.1341
600782,新钢股份,普钢,江西,19961225,600782.SH,20230328,4.22,4.23,4.16,4.17,4.2,-0.03,-0.7143,316114.02,132253.78,0.9913,1.7962,0.97,3.0606,5.3823,0.494,0.1267,0.1393,11.7619,11.7619,318872.2696,318872.2696,175992.3199,1329697.3642,1329697.3642,4.62,3.78,13.1341
600782,新钢股份,普钢,江西,19961225,600782.SH,20230327,4.28,4.29,4.2,4.2,4.29,-0.09,-2.0979,405740.66,171459.998,1.2724,2.3054,1.14,3.0826,5.421,0.4975,0.1277,0.1403,11.6779,11.6779,318872.2696,318872.2696,175992.3199,1339263.5323,1339263.5323,4.72,3.86,13.1341
600782,新钢股份,普钢,江西,19961225,600782.SH,20230324,4.32,4.33,4.28,4.29,4.31,-0.02,-0.464,279295.02,120167.62,0.8759,1.587,0.75,3.1487,5.5372,0.5082,0.1304,0.1433,11.4329,11.4329,318872.2696,318872.2696,175992.3199,1367962.0366,1367962.0366,4.74,3.88,13.1341
600782,新钢股份,普钢,江西,19961225,600782.SH,20230323,4.32,4.34,4.29,4.31,4.33,-0.02,-0.4619,299389.82,128989.054,0.9389,1.7012,0.72,3.1634,5.563,0.5105,0.131,0.144,11.3798,11.3798,318872.2696,318872.2696,175992.3199,1374339.482,1374339.482,4.76,3.9,13.1341
600782,新钢股份,普钢,江西,19961225,600782.SH,20230322,4.35,4.38,4.32,4.33,4.35,-0.02,-0.4598,270700.82,117503.227,0.8489,1.5381,0.58,3.178,5.5888,0.5129,0.1316,0.1447,11.3273,11.3273,318872.2696,318872.2696,175992.3199,1380716.9274,1380716.9274,4.79,3.92,13.1341
600782,新钢股份,普钢,江西,19961225,600782.SH,20230321,4.42,4.43,4.31,4.35,4.39,-0.04,-0.9112,373259.0,161928.104,1.1706,2.1209,0.81,3.1927,5.6146,0.5153,0.1322,0.1453,11.2752,11.2752,318872.2696,318872.2696,175992.3199,1387094.3728,1387094.3728,4.83,3.95,13.1341
600782,新钢股份,普钢,江西,19961225,600782.SH,20230320,4.5,4.51,4.38,4.39,4.49,-0.1,-2.2272,557247.26,246322.982,1.7476,3.1663,1.33,3.2221,5.6662,0.52,0.1334,0.1467,11.1725,11.1725,318872.2696,318872.2696,175992.3199,1399849.2635,1399849.2635,4.94,4.04,13.1341
600782,新钢股份,普钢,江西,19961225,600782.SH,20230317,4.52,4.55,4.48,4.49,4.5,-0.01,-0.2222,365642.0,165052.874,1.1467,2.0776,0.84,3.2955,5.7953,0.5319,0.1365,0.15,10.9236,10.9236,318872.2696,318872.2696,175992.3199,1431736.4905,1431736.4905,4.95,4.05,13.1341
600782,新钢股份,普钢,江西,19961225,600782.SH,20230316,4.61,4.61,4.49,4.5,4.65,-0.15,-3.2258,509138.57,230927.957,1.5967,2.893,1.25,3.3028,5.8082,0.533,0.1368,0.1503,10.8994,10.8994,318872.2696,318872.2696,175992.3199,1434925.2132,1434925.2132,5.12,4.19,13.1341
600782,新钢股份,普钢,江西,19961225,600782.SH,20230315,4.55,4.68,4.52,4.65,4.53,0.12,2.649,538896.54,248687.88,1.69,3.062,1.54,3.4129,6.0018,0.5508,0.1413,0.1554,10.5478,10.5478,318872.2696,318872.2696,175992.3199,1482756.0536,1482756.0536,4.98,4.08,13.1341
600782,新钢股份,普钢,江西,19961225,600782.SH,20230314,4.57,4.64,4.51,4.53,4.57,-0.04,-0.8753,330578.47,150916.013,1.0367,1.8784,0.94,3.3248,5.8469,0.5366,0.1377,0.1513,10.8272,10.8272,318872.2696,318872.2696,175992.3199,1444491.3813,1444491.3813,5.03,4.11,13.1341
600782,新钢股份,普钢,江西,19961225,600782.SH,20230313,4.53,4.59,4.52,4.57,4.55,0.02,0.4396,344688.98,157183.563,1.081,1.9585,0.97,3.3542,5.8986,0.5413,0.1389,0.1527,10.7324,10.7324,318872.2696,318872.2696,175992.3199,1457246.2721,1457246.2721,5.01,4.1,13.1341
600782,新钢股份,普钢,江西,19961225,600782.SH,20230310,4.64,4.65,4.53,4.55,4.65,-0.1,-2.1505,451206.67,206857.5,1.415,2.5638,1.37,3.3395,5.8728,0.539,0.1383,0.152,10.7796,10.7796,318872.2696,318872.2696,175992.3199,1450868.8267,1450868.8267,5.12,4.19,13.1341
600782,新钢股份,普钢,江西,19961225,600782.SH,20230309,4.65,4.69,4.62,4.65,4.65,0.0,0.0,364944.0,169723.514,1.1445,2.0736,0.93,3.4129,6.0018,0.5508,0.1413,0.1554,10.5478,10.5478,318872.2696,318872.2696,175992.3199,1482756.0536,1482756.0536,5.12,4.19,13.1341
600782,新钢股份,普钢,江西,19961225,600782.SH,20230308,4.64,4.68,4.62,4.65,4.65,0.0,0.0,256214.0,119170.987,0.8035,1.4558,0.62,3.4129,6.0018,0.5508,0.1413,0.1554,10.5478,10.5478,318872.2696,318872.2696,175992.3199,1482756.0536,1482756.0536,5.12,4.19,13.1341
600782,新钢股份,普钢,江西,19961225,600782.SH,20230307,4.68,4.74,4.64,4.65,4.68,-0.03,-0.641,341913.09,160475.428,1.0723,1.9428,0.82,3.4129,6.0018,0.5508,0.1413,0.1554,10.5478,10.5478,318872.2696,318872.2696,175992.3199,1482756.0536,1482756.0536,5.15,4.21,13.1341
600782,新钢股份,普钢,江西,19961225,600782.SH,20230306,4.7,4.74,4.65,4.68,4.69,-0.01,-0.2132,369100.81,173228.606,1.1575,2.0973,0.84,3.4349,6.0405,0.5544,0.1422,0.1564,10.4802,10.4802,318872.2696,318872.2696,175992.3199,1492322.2217,1492322.2217,5.16,4.22,13.1341
600782,新钢股份,普钢,江西,19961225,600782.SH,20230303,4.68,4.71,4.63,4.69,4.68,0.01,0.2137,313886.1,146872.407,0.9844,1.7835,0.64,3.4423,6.0535,0.5556,0.1425,0.1567,10.4578,10.4578,318872.2696,318872.2696,175992.3199,1495510.9444,1495510.9444,5.15,4.21,13.1341
600782,新钢股份,普钢,江西,19961225,600782.SH,20230302,4.57,4.71,4.54,4.68,4.57,0.11,2.407,683819.79,318584.039,2.1445,3.8855,1.37,3.4349,6.0405,0.5544,0.1422,0.1564,10.4802,10.4802,318872.2696,318872.2696,175992.3199,1492322.2217,1492322.2217,5.03,4.11,13.1341
600782,新钢股份,普钢,江西,19961225,600782.SH,20230301,4.57,4.59,4.55,4.57,4.56,0.01,0.2193,358988.75,164003.323,1.1258,2.0398,0.61,3.3542,5.8986,0.5413,0.1389,0.1527,10.7324,10.7324,318872.2696,318872.2696,175992.3199,1457246.2721,1457246.2721,5.02,4.1,13.1341
600782,新钢股份,普钢,江西,19961225,600782.SH,20230228,4.56,4.58,4.5,4.56,4.56,0.0,0.0,359266.16,162903.346,1.1267,2.0414,0.54,3.3468,5.8857,0.5402,0.1386,0.1523,10.7559,10.7559,318872.2696,318872.2696,175992.3199,1454057.5494,1454057.5494,5.02,4.1,13.1341
600782,新钢股份,普钢,江西,19961225,600782.SH,20230227,4.59,4.64,4.53,4.56,4.59,-0.03,-0.6536,484545.64,222427.271,1.5196,2.7532,0.71,3.3468,5.8857,0.5402,0.1386,0.1523,10.7559,10.7559,318872.2696,318872.2696,175992.3199,1454057.5494,1454057.5494,5.05,4.13,13.1341
600782,新钢股份,普钢,江西,19961225,600782.SH,20230224,4.58,4.63,4.53,4.59,4.58,0.01,0.2183,575802.12,263506.747,1.8057,3.2717,0.92,3.3689,5.9244,0.5437,0.1395,0.1534,10.6856,10.6856,318872.2696,318872.2696,175992.3199,1463623.7175,1463623.7175,5.04,4.12,13.1341
600782,新钢股份,普钢,江西,19961225,600782.SH,20230223,4.52,4.59,4.51,4.58,4.52,0.06,1.3274,725232.29,330784.192,2.2744,4.1208,1.35,3.3615,5.9115,0.5425,0.1392,0.153,10.709,10.709,318872.2696,318872.2696,175992.3199,1460434.9948,1460434.9948,4.97,4.07,13.1341
600782,新钢股份,普钢,江西,19961225,600782.SH,20230222,4.42,4.53,4.41,4.52,4.44,0.08,1.8018,776100.72,348299.944,2.4339,4.4099,1.79,3.3175,5.834,0.5354,0.1374,0.151,10.8511,10.8511,318872.2696,318872.2696,175992.3199,1441302.6586,1441302.6586,4.88,4.0,13.1341
600782,新钢股份,普钢,江西,19961225,600782.SH,20230221,4.37,4.5,4.34,4.44,4.34,0.1,2.3041,777584.75,345249.511,2.4385,4.4183,2.2,3.2588,5.7308,0.5259,0.1349,0.1483,11.0466,11.0466,318872.2696,318872.2696,175992.3199,1415792.877,1415792.877,4.77,3.91,13.1341
600782,新钢股份,普钢,江西,19961225,600782.SH,20230220,4.23,4.35,4.22,4.34,4.21,0.13,3.0879,556691.31,240310.009,1.7458,3.1632,1.93,3.1854,5.6017,0.5141,0.1319,0.145,11.3012,11.3012,318872.2696,318872.2696,175992.3199,1383905.6501,1383905.6501,4.63,3.79,13.1341
600782,新钢股份,普钢,江西,19961225,600782.SH,20230217,4.21,4.27,4.2,4.21,4.2,0.01,0.2381,280368.7,118504.779,0.8793,1.5931,1.04,3.09,5.4339,0.4987,0.128,0.1407,11.6501,11.6501,318872.2696,318872.2696,175992.3199,1342452.255,1342452.255,4.62,3.78,13.1341
600782,新钢股份,普钢,江西,19961225,600782.SH,20230216,4.25,4.29,4.18,4.2,4.24,-0.04,-0.9434,301929.06,128155.137,0.9469,1.7156,1.21,3.0826,5.421,0.4975,0.1277,0.1403,11.6779,11.6779,318872.2696,318872.2696,175992.3199,1339263.5323,1339263.5323,4.66,3.82,13.1341
600782,新钢股份,普钢,江西,19961225,600782.SH,20230215,4.28,4.29,4.23,4.24,4.28,-0.04,-0.9346,248822.41,105635.882,0.7803,1.4138,1.05,3.112,5.4726,0.5022,0.1289,0.1417,11.5677,11.5677,318872.2696,318872.2696,175992.3199,1352018.4231,1352018.4231,4.71,3.85,13.1341
600782,新钢股份,普钢,江西,19961225,600782.SH,20230214,4.21,4.29,4.21,4.28,4.21,0.07,1.6627,382043.98,162892.475,1.1981,2.1708,1.85,3.1413,5.5243,0.507,0.1301,0.143,11.4596,11.4596,318872.2696,318872.2696,175992.3199,1364773.3139,1364773.3139,4.63,3.79,13.1341
600782,新钢股份,普钢,江西,19961225,600782.SH,20230213,4.18,4.24,4.17,4.21,4.18,0.03,0.7177,226585.72,95233.176,0.7106,1.2875,1.09,3.09,5.4339,0.4987,0.128,0.1407,11.6501,11.6501,318872.2696,318872.2696,175992.3199,1342452.255,1342452.255,4.6,3.76,13.1341
600782,新钢股份,普钢,江西,19961225,600782.SH,20230210,4.18,4.2,4.16,4.18,4.18,0.0,0.0,183329.11,76588.576,0.5749,1.0417,0.74,3.0679,5.3952,0.4951,0.127,0.1397,11.7338,11.7338,318872.2696,318872.2696,175992.3199,1332886.0869,1332886.0869,4.6,3.76,13.1341
600782,新钢股份,普钢,江西,19961225,600782.SH,20230209,4.15,4.2,4.15,4.18,4.16,0.02,0.4808,207430.0,86710.793,0.6505,1.1786,0.76,3.0679,5.3952,0.4951,0.127,0.1397,11.7338,11.7338,318872.2696,318872.2696,175992.3199,1332886.0869,1332886.0869,4.58,3.74,13.1341
600782,新钢股份,普钢,江西,19961225,600782.SH,20230208,4.19,4.21,4.16,4.16,4.19,-0.03,-0.716,183994.64,76821.038,0.577,1.0455,0.64,3.0533,5.3694,0.4928,0.1264,0.139,11.7902,11.7902,318872.2696,318872.2696,175992.3199,1326508.6415,1326508.6415,4.61,3.77,13.1341
600782,新钢股份,普钢,江西,19961225,600782.SH,20230207,4.14,4.21,4.14,4.19,4.15,0.04,0.9639,231282.43,96629.711,0.7253,1.3142,0.76,3.0753,5.4081,0.4963,0.1274,0.14,11.7058,11.7058,318872.2696,318872.2696,175992.3199,1336074.8096,1336074.8096,4.57,3.74,13.1341
600782,新钢股份,普钢,江西,19961225,600782.SH,20230206,4.15,4.16,4.12,4.15,4.17,-0.02,-0.4796,234011.08,96956.493,0.7339,1.3297,0.69,3.0459,5.3565,0.4916,0.1261,0.1387,11.8186,11.8186,318872.2696,318872.2696,175992.3199,1323319.9188,1323319.9188,4.59,3.75,13.1341
600782,新钢股份,普钢,江西,19961225,600782.SH,20230203,4.22,4.23,4.14,4.17,4.23,-0.06,-1.4184,381519.63,158865.982,1.1965,2.1678,1.23,3.0606,5.3823,0.494,0.1267,0.1393,11.7619,11.7619,318872.2696,318872.2696,175992.3199,1329697.3642,1329697.3642,4.65,3.81,13.1341
600782,新钢股份,普钢,江西,19961225,600782.SH,20230202,4.27,4.28,4.22,4.23,4.28,-0.05,-1.1682,329479.75,139689.413,1.0333,1.8721,1.13,3.1046,5.4597,0.5011,0.1286,0.1413,11.5951,11.5951,318872.2696,318872.2696,175992.3199,1348829.7004,1348829.7004,4.71,3.85,13.1341
600782,新钢股份,普钢,江西,19961225,600782.SH,20230201,4.25,4.29,4.22,4.28,4.23,0.05,1.182,267018.0,113908.0,0.8374,1.5172,0.94,3.1413,5.5243,0.507,0.1301,0.143,11.4596,11.4596,318872.2696,318872.2696,175992.3199,1364773.3139,1364773.3139,4.65,3.81,13.1341
600782,新钢股份,普钢,江西,19961225,600782.SH,20230131,4.19,4.24,4.18,4.23,4.27,-0.04,-0.9368,311036.96,131146.606,0.9754,1.7673,1.23,3.1046,5.4597,0.5011,0.1286,0.1413,11.5951,11.5951,318872.2696,318872.2696,175992.3199,1348829.7004,1348829.7004,4.7,3.84,13.1341
600782,新钢股份,普钢,江西,19961225,600782.SH,20230130,4.28,4.32,4.25,4.27,4.23,0.04,0.9456,411194.0,176424.153,1.2895,2.3364,1.86,3.134,5.5114,0.5058,0.1298,0.1427,11.4864,11.4864,318872.2696,318872.2696,175992.3199,1361584.5912,1361584.5912,4.65,3.81,13.1341
600782,新钢股份,普钢,江西,19961225,600782.SH,20230120,4.16,4.23,4.16,4.23,4.15,0.08,1.9277,236441.0,99348.737,0.7415,1.3435,1.17,3.1046,5.4597,0.5011,0.1286,0.1413,11.5951,11.5951,318872.2696,318872.2696,175992.3199,1348829.7004,1348829.7004,4.57,3.74,13.1341
600782,新钢股份,普钢,江西,19961225,600782.SH,20230119,4.13,4.16,4.09,4.15,4.13,0.02,0.4843,236487.0,97498.496,0.7416,1.3437,1.17,3.0459,5.3565,0.4916,0.1261,0.1387,11.8186,11.8186,318872.2696,318872.2696,175992.3199,1323319.9188,1323319.9188,4.54,3.72,13.1341
600782,新钢股份,普钢,江西,19961225,600782.SH,20230118,4.1,4.15,4.09,4.13,4.09,0.04,0.978,225343.03,92758.232,0.7067,1.2804,1.09,3.0312,5.3307,0.4892,0.1255,0.138,11.8758,11.8758,318872.2696,318872.2696,175992.3199,1316942.4734,1316942.4734,4.5,3.68,13.1341
600782,新钢股份,普钢,江西,19961225,600782.SH,20230117,4.1,4.11,4.08,4.09,4.09,0.0,0.0,154398.05,63188.377,0.4842,0.8773,0.67,3.0019,5.279,0.4845,0.1243,0.1366,11.992,11.992,318872.2696,318872.2696,175992.3199,1304187.5827,1304187.5827,4.5,3.68,13.1341
600782,新钢股份,普钢,江西,19961225,600782.SH,20230116,4.05,4.12,4.04,4.09,4.04,0.05,1.2376,250962.6,102486.634,0.787,1.426,1.11,3.0019,5.279,0.4845,0.1243,0.1366,11.992,11.992,318872.2696,318872.2696,175992.3199,1304187.5827,1304187.5827,4.44,3.64,13.1341
600782,新钢股份,普钢,江西,19961225,600782.SH,20230113,4.02,4.06,4.02,4.04,4.02,0.02,0.4975,142637.82,57530.372,0.4473,0.8105,0.58,2.9652,5.2145,0.4786,0.1228,0.135,12.1404,12.1404,318872.2696,318872.2696,175992.3199,1288243.9692,1288243.9692,4.42,3.62,13.1341
600782,新钢股份,普钢,江西,19961225,600782.SH,20230112,4.08,4.08,4.01,4.02,4.07,-0.05,-1.2285,239985.81,96861.798,0.7526,1.3636,0.99,2.9505,5.1887,0.4762,0.1222,0.1343,12.2008,12.2008,318872.2696,318872.2696,175992.3199,1281866.5238,1281866.5238,4.48,3.66,13.1341
600782,新钢股份,普钢,江西,19961225,600782.SH,20230111,4.03,4.1,4.03,4.07,4.03,0.04,0.9926,247399.01,100840.937,0.7759,1.4057,1.03,2.9872,5.2532,0.4821,0.1237,0.136,12.0509,12.0509,318872.2696,318872.2696,175992.3199,1297810.1373,1297810.1373,4.43,3.63,13.1341
600782,新钢股份,普钢,江西,19961225,600782.SH,20230110,4.09,4.1,4.02,4.03,4.09,-0.06,-1.467,271575.14,109821.897,0.8517,1.5431,1.2,2.9578,5.2016,0.4774,0.1225,0.1346,12.1705,12.1705,318872.2696,318872.2696,175992.3199,1285055.2465,1285055.2465,4.5,3.68,13.1341
600782,新钢股份,普钢,江西,19961225,600782.SH,20230109,4.1,4.13,4.09,4.09,4.09,0.0,0.0,224102.57,91916.835,0.7028,1.2734,1.05,3.0019,5.279,0.4845,0.1243,0.1366,11.992,11.992,318872.2696,318872.2696,175992.3199,1304187.5827,1304187.5827,4.5,3.68,13.1341
600782,新钢股份,普钢,江西,19961225,600782.SH,20230106,4.08,4.12,4.07,4.09,4.08,0.01,0.2451,241465.3,98910.614,0.7572,1.372,1.18,3.0019,5.279,0.4845,0.1243,0.1366,11.992,11.992,318872.2696,318872.2696,175992.3199,1304187.5827,1304187.5827,4.49,3.67,13.1341
600782,新钢股份,普钢,江西,19961225,600782.SH,20230105,4.1,4.12,4.07,4.08,4.1,-0.02,-0.4878,228736.81,93569.391,0.7173,1.2997,1.1,2.9945,5.2661,0.4833,0.124,0.1363,12.0213,12.0213,318872.2696,318872.2696,175992.3199,1300998.86,1300998.86,4.51,3.69,13.1341
600782,新钢股份,普钢,江西,19961225,600782.SH,20230104,4.09,4.13,4.07,4.1,4.09,0.01,0.2445,234553.73,96206.555,0.7356,1.3327,1.15,3.0092,5.2919,0.4857,0.1246,0.137,11.9627,11.9627,318872.2696,318872.2696,175992.3199,1307376.3054,1307376.3054,4.5,3.68,13.1341
600782,新钢股份,普钢,江西,19961225,600782.SH,20230103,4.06,4.1,4.06,4.09,4.09,0.0,0.0,206528.86,84380.108,0.6477,1.1735,1.02,3.0019,5.279,0.4845,0.1243,0.1366,11.992,11.992,318872.2696,318872.2696,175992.3199,1304187.5827,1304187.5827,4.5,3.68,13.1341
600782,新钢股份,普钢,江西,19961225,600782.SH,20221230,4.1,4.11,4.05,4.09,4.08,0.01,0.2451,155806.4,63532.422,0.4886,0.8853,0.75,3.0019,5.279,0.4845,0.1243,0.1366,7.1952,11.992,318872.2696,318872.2696,175992.3199,1304187.5827,1304187.5827,4.49,3.67,13.1341
600782,新钢股份,普钢,江西,19961225,600782.SH,20221229,4.15,4.15,4.06,4.08,4.16,-0.08,-1.9231,201026.0,82371.948,0.6304,1.1422,0.87,2.9945,5.2661,0.4833,0.124,0.1363,7.2128,12.0213,318872.2696,318872.2696,175992.3199,1300998.86,1300998.86,4.58,3.74,13.1341
600782,新钢股份,普钢,江西,19961225,600782.SH,20221228,4.15,4.18,4.11,4.16,4.15,0.01,0.241,242892.54,100827.958,0.7617,1.3801,1.1,3.0533,5.3694,0.4928,0.1264,0.139,7.0741,11.7902,318872.2696,318872.2696,175992.3199,1326508.6415,1326508.6415,4.57,3.74,13.1341
600782,新钢股份,普钢,江西,19961225,600782.SH,20221227,4.11,4.17,4.11,4.15,4.09,0.06,1.467,212003.39,87869.748,0.6649,1.2046,0.94,3.0459,5.3565,0.4916,0.1261,0.1387,7.0911,11.8186,318872.2696,318872.2696,175992.3199,1323319.9188,1323319.9188,4.5,3.68,13.1341
600782,新钢股份,普钢,江西,19961225,600782.SH,20221226,4.09,4.1,4.02,4.09,4.09,0.0,0.0,203276.93,82668.543,0.6375,1.155,0.79,3.0019,5.279,0.4845,0.1243,0.1366,7.1952,11.992,318872.2696,318872.2696,175992.3199,1304187.5827,1304187.5827,4.5,3.68,13.1341
600782,新钢股份,普钢,江西,19961225,600782.SH,20221223,4.09,4.14,4.07,4.09,4.1,-0.01,-0.2439,173872.4,71296.588,0.5453,0.988,0.51,3.0019,5.279,0.4845,0.1243,0.1366,7.1952,11.992,318872.2696,318872.2696,175992.3199,1304187.5827,1304187.5827,4.51,3.69,13.1341
600782,新钢股份,普钢,江西,19961225,600782.SH,20221222,4.21,4.29,4.08,4.1,4.18,-0.08,-1.9139,323373.66,135197.106,1.0141,1.8374,0.98,3.0092,5.2919,0.4857,0.1246,0.137,7.1776,11.9627,318872.2696,318872.2696,175992.3199,1307376.3054,1307376.3054,4.6,3.76,13.1341
600782,新钢股份,普钢,江西,19961225,600782.SH,20221221,4.22,4.25,4.16,4.18,4.21,-0.03,-0.7126,189491.0,79564.906,0.5943,1.0767,0.52,3.0679,5.3952,0.4951,0.127,0.1397,7.0403,11.7338,318872.2696,318872.2696,175992.3199,1332886.0869,1332886.0869,4.63,3.79,13.1341
600782,新钢股份,普钢,江西,19961225,600782.SH,20221220,4.2,4.28,4.18,4.21,4.21,0.0,0.0,237017.33,100341.741,0.7433,1.3467,0.59,3.09,5.4339,0.4987,0.128,0.1407,6.9901,11.6501,318872.2696,318872.2696,175992.3199,1342452.255,1342452.255,4.63,3.79,13.1341
600782,新钢股份,普钢,江西,19961225,600782.SH,20221219,4.31,4.35,4.19,4.21,4.33,-0.12,-2.7714,360913.0,153485.069,1.1318,2.0507,0.75,3.09,5.4339,0.4987,0.128,0.1407,6.9901,11.6501,318872.2696,318872.2696,175992.3199,1342452.255,1342452.255,4.76,3.9,13.1341
600782,新钢股份,普钢,江西,19961225,600782.SH,20221216,4.21,4.43,4.2,4.33,4.22,0.11,2.6066,580970.3,252240.717,1.822,3.3011,0.99,3.178,5.5888,0.5129,0.1316,0.1447,6.7964,11.3273,318872.2696,318872.2696,175992.3199,1380716.9274,1380716.9274,4.64,3.8,13.1341
600782,新钢股份,普钢,江西,19961225,600782.SH,20221215,4.3,4.33,4.22,4.22,4.29,-0.07,-1.6317,274133.0,116532.317,0.8597,1.5576,0.44,3.0973,5.4468,0.4999,0.1283,0.141,6.9735,11.6225,318872.2696,318872.2696,175992.3199,1345640.9777,1345640.9777,4.72,3.86,13.1341
600782,新钢股份,普钢,江西,19961225,600782.SH,20221214,4.36,4.37,4.27,4.29,4.37,-0.08,-1.8307,374195.2,161251.962,1.1735,2.1262,0.57,3.1487,5.5372,0.5082,0.1304,0.1433,6.8597,11.4329,318872.2696,318872.2696,175992.3199,1367962.0366,1367962.0366,4.81,3.93,13.1341
600782,新钢股份,普钢,江西,19961225,600782.SH,20221213,4.33,4.4,4.32,4.37,4.32,0.05,1.1574,412088.09,180207.927,1.2923,2.3415,0.64,3.2074,5.6404,0.5176,0.1328,0.146,6.7342,11.2236,318872.2696,318872.2696,175992.3199,1393471.8182,1393471.8182,4.75,3.89,13.1341
600782,新钢股份,普钢,江西,19961225,600782.SH,20221212,4.41,4.46,4.31,4.32,4.35,-0.03,-0.6897,777405.7,341416.395,2.438,4.4173,1.28,3.1707,5.5759,0.5117,0.1313,0.1443,6.8121,11.3535,318872.2696,318872.2696,175992.3199,1377528.2047,1377528.2047,4.79,3.92,13.1341
600782,新钢股份,普钢,江西,19961225,600782.SH,20221209,4.49,4.54,4.35,4.35,4.49,-0.14,-3.118,1096335.96,488829.907,3.4382,6.2295,2.46,3.1927,5.6146,0.5153,0.1322,0.1453,6.7651,11.2752,318872.2696,318872.2696,175992.3199,1387094.3728,1387094.3728,4.94,4.04,13.1341
600782,新钢股份,普钢,江西,19961225,600782.SH,20221208,4.44,4.53,4.43,4.49,4.44,0.05,1.1261,488561.12,219458.972,1.5322,2.776,1.17,3.2955,5.7953,0.5319,0.1365,0.15,6.5542,10.9236,318872.2696,318872.2696,175992.3199,1431736.4905,1431736.4905,4.88,4.0,13.1341
600782,新钢股份,普钢,江西,19961225,600782.SH,20221207,4.46,4.48,4.42,4.44,4.48,-0.04,-0.8929,480861.9,213769.557,1.508,2.7323,1.27,3.2588,5.7308,0.5259,0.1349,0.1483,6.628,11.0466,318872.2696,318872.2696,175992.3199,1415792.877,1415792.877,4.93,4.03,13.1341
600782,新钢股份,普钢,江西,19961225,600782.SH,20221206,4.45,4.51,4.43,4.48,4.48,0.0,0.0,364812.69,163052.386,1.1441,2.0729,0.92,3.2881,5.7824,0.5307,0.1362,0.1497,6.5688,10.948,318872.2696,318872.2696,175992.3199,1428547.7678,1428547.7678,4.93,4.03,13.1341
600782,新钢股份,普钢,江西,19961225,600782.SH,20221205,4.34,4.53,4.32,4.48,4.3,0.18,4.186,615162.04,273254.833,1.9292,3.4954,1.7,3.2881,5.7824,0.5307,0.1362,0.1497,6.5688,10.948,318872.2696,318872.2696,175992.3199,1428547.7678,1428547.7678,4.73,3.87,13.1341
600782,新钢股份,普钢,江西,19961225,600782.SH,20221202,4.31,4.32,4.27,4.3,4.31,-0.01,-0.232,281786.52,121141.477,0.8837,1.6011,0.69,3.156,5.5501,0.5094,0.1307,0.1437,6.8438,11.4063,318872.2696,318872.2696,175992.3199,1371150.7593,1371150.7593,4.74,3.88,13.1341
600782,新钢股份,普钢,江西,19961225,600782.SH,20221201,4.34,4.36,4.28,4.31,4.31,0.0,0.0,337041.1,145313.715,1.057,1.9151,0.82,3.1634,5.563,0.5105,0.131,0.144,6.8279,11.3798,318872.2696,318872.2696,175992.3199,1374339.482,1374339.482,4.74,3.88,13.1341
600782,新钢股份,普钢,江西,19961225,600782.SH,20221130,4.34,4.38,4.3,4.31,4.34,-0.03,-0.6912,298812.0,129382.756,0.9371,1.6979,0.69,3.1634,5.563,0.5105,0.131,0.144,6.8279,11.3798,318872.2696,318872.2696,175992.3199,1374339.482,1374339.482,4.77,3.91,13.1341
600782,新钢股份,普钢,江西,19961225,600782.SH,20221129,4.25,4.34,4.24,4.34,4.23,0.11,2.6005,454122.05,195633.148,1.4242,2.5804,1.06,3.1854,5.6017,0.5141,0.1319,0.145,6.7807,11.3012,318872.2696,318872.2696,175992.3199,1383905.6501,1383905.6501,4.65,3.81,13.1341
600782,新钢股份,普钢,江西,19961225,600782.SH,20221128,4.27,4.27,4.17,4.23,4.27,-0.04,-0.9368,432533.27,182609.82,1.3564,2.4577,1.12,3.1046,5.4597,0.5011,0.1286,0.1413,6.957,11.5951,318872.2696,318872.2696,175992.3199,1348829.7004,1348829.7004,4.7,3.84,13.1341
600782,新钢股份,普钢,江西,19961225,600782.SH,20221125,4.17,4.28,4.15,4.27,4.16,0.11,2.6442,532299.82,225663.692,1.6693,3.0246,1.63,3.134,5.5114,0.5058,0.1298,0.1427,6.8919,11.4864,318872.2696,318872.2696,175992.3199,1361584.5912,1361584.5912,4.58,3.74,13.1341
600782,新钢股份,普钢,江西,19961225,600782.SH,20221124,4.12,4.17,4.11,4.16,4.1,0.06,1.4634,333610.23,138161.078,1.0462,1.8956,1.03,3.0533,5.3694,0.4928,0.1264,0.139,7.0741,11.7902,318872.2696,318872.2696,175992.3199,1326508.6415,1326508.6415,4.51,3.69,13.1341
600782,新钢股份,普钢,江西,19961225,600782.SH,20221123,4.07,4.15,4.07,4.1,4.09,0.01,0.2445,405418.22,166636.649,1.2714,2.3036,1.41,3.0092,5.2919,0.4857,0.1246,0.137,7.1776,11.9627,318872.2696,318872.2696,175992.3199,1307376.3054,1307376.3054,4.5,3.68,13.1341
600782,新钢股份,普钢,江西,19961225,600782.SH,20221122,4.02,4.1,4.01,4.09,4.01,0.08,1.995,428888.5,174396.382,1.345,2.437,1.58,3.0019,5.279,0.4845,0.1243,0.1366,7.1952,11.992,318872.2696,318872.2696,175992.3199,1304187.5827,1304187.5827,4.41,3.61,13.1341
600782,新钢股份,普钢,江西,19961225,600782.SH,20221121,4.0,4.03,3.97,4.01,4.02,-0.01,-0.2488,229770.24,91826.29,0.7206,1.3056,0.71,2.9432,5.1758,0.475,0.1219,0.134,7.3387,12.2312,318872.2696,318872.2696,175992.3199,1278677.8011,1278677.8011,4.42,3.62,13.1341
600782,新钢股份,普钢,江西,19961225,600782.SH,20221118,4.05,4.05,4.01,4.02,4.04,-0.02,-0.495,230402.34,92771.5,0.7226,1.3092,0.6,2.9505,5.1887,0.4762,0.1222,0.1343,7.3205,12.2008,318872.2696,318872.2696,175992.3199,1281866.5238,1281866.5238,4.44,3.64,13.1341
600782,新钢股份,普钢,江西,19961225,600782.SH,20221117,3.99,4.05,3.98,4.04,4.0,0.04,1.0,320052.91,128700.672,1.0037,1.8186,0.76,2.9652,5.2145,0.4786,0.1228,0.135,7.2842,12.1404,318872.2696,318872.2696,175992.3199,1288243.9692,1288243.9692,4.4,3.6,13.1341
600782,新钢股份,普钢,江西,19961225,600782.SH,20221116,4.02,4.02,3.99,4.0,4.02,-0.02,-0.4975,229085.98,91830.307,0.7184,1.3017,0.48,2.9358,5.1629,0.4738,0.1216,0.1336,7.3571,12.2618,318872.2696,318872.2696,175992.3199,1275489.0784,1275489.0784,4.42,3.62,13.1341
600782,新钢股份,普钢,江西,19961225,600782.SH,20221115,3.99,4.05,3.96,4.02,3.97,0.05,1.2594,348721.47,140171.889,1.0936,1.9815,0.77,2.9505,5.1887,0.4762,0.1222,0.1343,7.3205,12.2008,318872.2696,318872.2696,175992.3199,1281866.5238,1281866.5238,4.37,3.57,13.1341
600782,新钢股份,普钢,江西,19961225,600782.SH,20221114,4.03,4.08,3.95,3.97,4.01,-0.04,-0.9975,481069.96,192964.303,1.5087,2.7335,1.11,2.9138,5.1241,0.4703,0.1207,0.1326,7.4127,12.3544,318872.2696,318872.2696,175992.3199,1265922.9103,1265922.9103,4.41,3.61,13.1341
600782,新钢股份,普钢,江西,19961225,600782.SH,20221111,3.99,4.02,3.93,4.01,3.92,0.09,2.2959,533959.67,212591.623,1.6745,3.034,1.38,2.9432,5.1758,0.475,0.1219,0.134,7.3387,12.2312,318872.2696,318872.2696,175992.3199,1278677.8011,1278677.8011,4.31,3.53,13.1341
600782,新钢股份,普钢,江西,19961225,600782.SH,20221110,3.86,3.94,3.82,3.92,3.87,0.05,1.292,524896.17,204576.38,1.6461,2.9825,1.59,2.8771,5.0596,0.4643,0.1191,0.131,7.5072,12.512,318872.2696,318872.2696,175992.3199,1249979.2968,1249979.2968,4.26,3.48,13.1341
600782,新钢股份,普钢,江西,19961225,600782.SH,20221109,3.78,3.88,3.77,3.87,3.77,0.1,2.6525,483763.52,186184.062,1.5171,2.7488,1.71,2.8404,4.9951,0.4584,0.1176,0.1293,7.6042,12.6737,318872.2696,318872.2696,175992.3199,1234035.6834,1234035.6834,4.15,3.39,13.1341
600782,新钢股份,普钢,江西,19961225,600782.SH,20221108,3.74,3.79,3.74,3.77,3.75,0.02,0.5333,238657.6,89761.421,0.7484,1.3561,0.8,2.767,4.866,0.4466,0.1146,0.126,7.8059,13.0098,318872.2696,318872.2696,175992.3199,1202148.4564,1202148.4564,4.13,3.38,13.1341
600782,新钢股份,普钢,江西,19961225,600782.SH,20221107,3.7,3.78,3.69,3.75,3.7,0.05,1.3514,388903.43,145822.132,1.2196,2.2098,1.35,2.7523,4.8402,0.4442,0.114,0.1253,7.8475,13.0792,318872.2696,318872.2696,175992.3199,1195771.011,1195771.011,4.07,3.33,13.1341
600782,新钢股份,普钢,江西,19961225,600782.SH,20221104,3.62,3.7,3.61,3.7,3.63,0.07,1.9284,304817.27,111900.049,0.9559,1.732,0.97,2.7156,4.7756,0.4383,0.1125,0.1236,7.9536,13.256,318872.2696,318872.2696,175992.3199,1179827.3975,1179827.3975,3.99,3.27,13.1341
600782,新钢股份,普钢,江西,19961225,600782.SH,20221103,3.61,3.63,3.6,3.63,3.63,0.0,0.0,237261.55,85737.923,0.7441,1.3481,0.77,2.6643,4.6853,0.43,0.1103,0.1213,8.107,13.5116,318872.2696,318872.2696,175992.3199,1157506.3386,1157506.3386,3.99,3.27,13.1341
600782,新钢股份,普钢,江西,19961225,600782.SH,20221102,3.62,3.65,3.6,3.63,3.63,0.0,0.0,244461.67,88577.824,0.7666,1.389,0.77,2.6643,4.6853,0.43,0.1103,0.1213,8.107,13.5116,318872.2696,318872.2696,175992.3199,1157506.3386,1157506.3386,3.99,3.27,13.1341
600782,新钢股份,普钢,江西,19961225,600782.SH,20221101,3.56,3.64,3.55,3.63,3.57,0.06,1.6807,314717.89,113246.83,0.987,1.7882,1.04,2.6643,4.6853,0.43,0.1103,0.1213,8.107,13.5116,318872.2696,318872.2696,175992.3199,1157506.3386,1157506.3386,3.93,3.21,13.1341
600782,新钢股份,普钢,江西,19961225,600782.SH,20221031,3.53,3.6,3.51,3.57,3.59,-0.02,-0.5571,336303.78,119671.449,1.0547,1.9109,1.11,2.6202,4.6079,0.4229,0.1085,0.1193,8.2432,13.7387,318872.2696,318872.2696,175992.3199,1138374.0025,1138374.0025,3.95,3.23,13.1341
600782,新钢股份,普钢,江西,19961225,600782.SH,20221028,3.76,3.77,3.57,3.59,3.78,-0.19,-5.0265,440484.51,160917.315,1.3814,2.5029,1.74,2.6349,3.407,0.4276,0.1091,0.1118,8.1973,13.6621,318872.2696,318872.2696,175992.3199,1144751.4479,1144751.4479,4.16,3.4,13.1341
600782,新钢股份,普钢,江西,19961225,600782.SH,20221027,3.78,3.81,3.76,3.78,3.77,0.01,0.2653,214561.24,81193.889,0.6729,1.2192,0.83,2.7744,3.5873,0.4503,0.1149,0.1177,7.7853,12.9754,318872.2696,318872.2696,175992.3199,1205337.1791,1205337.1791,4.15,3.39,13.1341
600782,新钢股份,普钢,江西,19961225,600782.SH,20221026,3.76,3.82,3.76,3.77,3.77,0.0,0.0,272798.65,103190.699,0.8555,1.5501,1.08,2.767,3.5778,0.4491,0.1146,0.1174,7.8059,13.0098,318872.2696,318872.2696,175992.3199,1202148.4564,1202148.4564,4.15,3.39,13.1341
600782,新钢股份,普钢,江西,19961225,600782.SH,20221025,3.78,3.81,3.73,3.77,3.8,-0.03,-0.7895,255051.48,96079.742,0.7999,1.4492,1.03,2.767,3.5778,0.4491,0.1146,0.1174,7.8059,13.0098,318872.2696,318872.2696,175992.3199,1202148.4564,1202148.4564,4.18,3.42,13.1341
600782,新钢股份,普钢,江西,19961225,600782.SH,20221024,3.9,3.92,3.78,3.8,3.88,-0.08,-2.0619,329079.0,126574.236,1.032,1.8698,1.37,2.789,3.6063,0.4527,0.1155,0.1184,7.7443,12.9071,318872.2696,318872.2696,175992.3199,1211714.6245,1211714.6245,4.27,3.49,13.1341
600782,新钢股份,普钢,江西,19961225,600782.SH,20221021,3.9,3.93,3.86,3.88,3.88,0.0,0.0,196317.33,76506.266,0.6157,1.1155,0.75,2.8478,3.6822,0.4622,0.1179,0.1208,7.5846,12.641,318872.2696,318872.2696,175992.3199,1237224.406,1237224.406,4.27,3.49,13.1341
600782,新钢股份,普钢,江西,19961225,600782.SH,20221020,3.88,3.92,3.86,3.88,3.89,-0.01,-0.2571,235383.84,91540.631,0.7382,1.3375,0.89,2.8478,3.6822,0.4622,0.1179,0.1208,7.5846,12.641,318872.2696,318872.2696,175992.3199,1237224.406,1237224.406,4.28,3.5,13.1341
600782,新钢股份,普钢,江西,19961225,600782.SH,20221019,3.94,3.95,3.89,3.89,3.94,-0.05,-1.269,243681.0,95336.462,0.7642,1.3846,0.87,2.8551,3.6917,0.4634,0.1182,0.1212,7.5651,12.6085,318872.2696,318872.2696,175992.3199,1240413.1287,1240413.1287,4.33,3.55,13.1341
600782,新钢股份,普钢,江西,19961225,600782.SH,20221018,3.99,3.99,3.93,3.94,3.98,-0.04,-1.005,237733.5,94099.545,0.7455,1.3508,0.82,2.8918,3.7391,0.4693,0.1198,0.1227,7.4691,12.4485,318872.2696,318872.2696,175992.3199,1256356.7422,1256356.7422,4.38,3.58,13.1341
600782,新钢股份,普钢,江西,19961225,600782.SH,20221017,3.92,3.99,3.91,3.98,3.95,0.03,0.7595,285115.72,112918.451,0.8941,1.62,0.98,2.9212,3.7771,0.4741,0.121,0.124,7.394,12.3234,318872.2696,318872.2696,175992.3199,1269111.633,1269111.633,4.35,3.56,13.1341
600782,新钢股份,普钢,江西,19961225,600782.SH,20221014,3.91,3.96,3.9,3.95,3.89,0.06,1.5424,298656.96,117591.034,0.9366,1.697,1.04,2.8991,3.7486,0.4705,0.1201,0.123,7.4502,12.417,318872.2696,318872.2696,175992.3199,1259545.4649,1259545.4649,4.28,3.5,13.1341
600782,新钢股份,普钢,江西,19961225,600782.SH,20221013,3.91,3.91,3.86,3.89,3.93,-0.04,-1.0178,259691.64,100922.69,0.8144,1.4756,0.86,2.8551,3.6917,0.4634,0.1182,0.1212,7.5651,12.6085,318872.2696,318872.2696,175992.3199,1240413.1287,1240413.1287,4.32,3.54,13.1341
600782,新钢股份,普钢,江西,19961225,600782.SH,20221012,3.87,3.93,3.82,3.93,3.88,0.05,1.2887,326544.88,126247.418,1.0241,1.8554,1.14,2.8845,3.7296,0.4682,0.1194,0.1224,7.4881,12.4802,318872.2696,318872.2696,175992.3199,1253168.0195,1253168.0195,4.27,3.49,13.1341
600782,新钢股份,普钢,江西,19961225,600782.SH,20221011,3.85,3.89,3.79,3.88,3.86,0.02,0.5181,276819.61,106483.702,0.8681,1.5729,0.94,2.8478,3.6822,0.4622,0.1179,0.1208,7.5846,12.641,318872.2696,318872.2696,175992.3199,1237224.406,1237224.406,4.25,3.47,13.1341
600782,新钢股份,普钢,江西,19961225,600782.SH,20221010,3.86,3.92,3.84,3.86,3.85,0.01,0.2597,289131.28,112205.936,0.9067,1.6429,0.87,2.8331,3.6632,0.4598,0.1173,0.1202,7.6239,12.7065,318872.2696,318872.2696,175992.3199,1230846.9607,1230846.9607,4.24,3.47,13.1341
600782,新钢股份,普钢,江西,19961225,600782.SH,20220930,3.82,3.89,3.81,3.85,3.83,0.02,0.5222,287934.07,111172.636,0.903,1.6361,0.87,2.8257,3.6537,0.4586,0.117,0.1199,7.6437,12.7395,318872.2696,318872.2696,175992.3199,1227658.238,1227658.238,4.21,3.45,13.1341
600782,新钢股份,普钢,江西,19961225,600782.SH,20220929,3.93,3.97,3.81,3.83,3.9,-0.07,-1.7949,323597.1,125662.17,1.0148,1.8387,0.95,2.8111,3.6347,0.4562,0.1164,0.1193,7.6836,12.806,318872.2696,318872.2696,175992.3199,1221280.7926,1221280.7926,4.29,3.51,13.1341
600782,新钢股份,普钢,江西,19961225,600782.SH,20220928,3.94,3.95,3.89,3.9,3.96,-0.06,-1.5152,251938.56,98691.612,0.7901,1.4315,0.64,2.8624,3.7012,0.4646,0.1185,0.1215,7.5457,12.5762,318872.2696,318872.2696,175992.3199,1243601.8514,1243601.8514,4.36,3.56,13.1341
600782,新钢股份,普钢,江西,19961225,600782.SH,20220927,3.89,3.97,3.85,3.96,3.89,0.07,1.7995,322820.85,126190.601,1.0124,1.8343,0.86,2.9065,3.7581,0.4717,0.1204,0.1233,7.4314,12.3856,318872.2696,318872.2696,175992.3199,1262734.1876,1262734.1876,4.28,3.5,13.1341
600782,新钢股份,普钢,江西,19961225,600782.SH,20220926,4.01,4.02,3.89,3.89,4.03,-0.14,-3.4739,484325.77,190707.313,1.5189,2.752,1.46,2.8551,3.6917,0.4634,0.1182,0.1212,7.5651,12.6085,318872.2696,318872.2696,175992.3199,1240413.1287,1240413.1287,4.43,3.63,13.1341
600782,新钢股份,普钢,江西,19961225,600782.SH,20220923,4.08,4.11,4.01,4.03,4.06,-0.03,-0.7389,266307.53,107940.664,0.8352,1.5132,0.72,2.9578,3.8246,0.4801,0.1225,0.1255,7.3023,12.1705,318872.2696,318872.2696,175992.3199,1285055.2465,1285055.2465,4.47,3.65,13.1341
600782,新钢股份,普钢,江西,19961225,600782.SH,20220922,4.09,4.14,4.05,4.06,4.09,-0.03,-0.7335,386152.66,157975.817,1.211,2.1941,1.05,2.9799,3.853,0.4836,0.1234,0.1265,7.2483,12.0806,318872.2696,318872.2696,175992.3199,1294621.4146,1294621.4146,4.5,3.68,13.1341
600782,新钢股份,普钢,江西,19961225,600782.SH,20220921,3.98,4.12,3.92,4.09,3.99,0.1,2.5063,496068.68,199296.598,1.5557,2.8187,1.54,3.0019,3.8815,0.4872,0.1243,0.1274,7.1952,11.992,318872.2696,318872.2696,175992.3199,1304187.5827,1304187.5827,4.39,3.59,13.1341
600782,新钢股份,普钢,江西,19961225,600782.SH,20220920,4.02,4.05,3.98,3.99,4.0,-0.01,-0.25,242591.01,97278.511,0.7608,1.3784,0.71,2.9285,3.7866,0.4753,0.1213,0.1243,7.3755,12.2925,318872.2696,318872.2696,175992.3199,1272300.3557,1272300.3557,4.4,3.6,13.1341
600782,新钢股份,普钢,江西,19961225,600782.SH,20220919,4.07,4.08,4.0,4.0,4.08,-0.08,-1.9608,264604.31,106563.377,0.8298,1.5035,0.75,2.9358,3.7961,0.4765,0.1216,0.1246,7.3571,12.2618,318872.2696,318872.2696,175992.3199,1275489.0784,1275489.0784,4.49,3.67,13.1341
600782,新钢股份,普钢,江西,19961225,600782.SH,20220916,4.24,4.25,4.08,4.08,4.23,-0.15,-3.5461,464190.36,192250.38,1.4557,2.6376,1.33,2.9945,3.872,0.486,0.124,0.1271,7.2128,12.0213,318872.2696,318872.2696,175992.3199,1300998.86,1300998.86,4.65,3.81,13.1341
600782,新钢股份,普钢,江西,19961225,600782.SH,20220915,4.25,4.3,4.19,4.23,4.23,0.0,0.0,365293.18,155375.284,1.1456,2.0756,1.06,3.1046,4.0144,0.5039,0.1286,0.1317,6.957,11.5951,318872.2696,318872.2696,175992.3199,1348829.7004,1348829.7004,4.65,3.81,13.1341
600782,新钢股份,普钢,江西,19961225,600782.SH,20220914,4.21,4.26,4.2,4.23,4.28,-0.05,-1.1682,278533.67,117846.935,0.8735,1.5826,0.77,3.1046,4.0144,0.5039,0.1286,0.1317,6.957,11.5951,318872.2696,318872.2696,175992.3199,1348829.7004,1348829.7004,4.71,3.85,13.1341
600782,新钢股份,普钢,江西,19961225,600782.SH,20220913,4.34,4.34,4.27,4.28,4.33,-0.05,-1.1547,334310.0,144084.02,1.0484,1.8996,0.88,3.1413,4.0618,0.5098,0.1301,0.1333,6.8758,11.4596,318872.2696,318872.2696,175992.3199,1364773.3139,1364773.3139,4.76,3.9,13.1341
600782,新钢股份,普钢,江西,19961225,600782.SH,20220909,4.28,4.34,4.27,4.33,4.29,0.04,0.9324,332158.77,143316.504,1.0417,1.8873,0.84,3.178,4.1093,0.5158,0.1316,0.1349,6.7964,11.3273,318872.2696,318872.2696,175992.3199,1380716.9274,1380716.9274,4.72,3.86,13.1341
600782,新钢股份,普钢,江西,19961225,600782.SH,20220908,4.28,4.32,4.24,4.29,4.27,0.02,0.4684,432438.13,185204.234,1.3561,2.4571,1.16,3.1487,4.0713,0.511,0.1304,0.1336,6.8597,11.4329,318872.2696,318872.2696,175992.3199,1367962.0366,1367962.0366,4.7,3.84,13.1341
600782,新钢股份,普钢,江西,19961225,600782.SH,20220907,4.28,4.28,4.24,4.27,4.29,-0.02,-0.4662,339336.89,144412.971,1.0642,1.9281,0.87,3.134,4.0523,0.5087,0.1298,0.133,6.8919,11.4864,318872.2696,318872.2696,175992.3199,1361584.5912,1361584.5912,4.72,3.86,13.1341
600782,新钢股份,普钢,江西,19961225,600782.SH,20220906,4.25,4.31,4.24,4.29,4.25,0.04,0.9412,379844.58,162873.974,1.1912,2.1583,1.01,3.1487,4.0713,0.511,0.1304,0.1336,6.8597,11.4329,318872.2696,318872.2696,175992.3199,1367962.0366,1367962.0366,4.68,3.83,13.1341
600782,新钢股份,普钢,江西,19961225,600782.SH,20220905,4.18,4.26,4.16,4.25,4.19,0.06,1.432,412490.01,173746.699,1.2936,2.3438,1.08,3.1193,4.0333,0.5063,0.1292,0.1324,6.9243,11.5405,318872.2696,318872.2696,175992.3199,1355207.1458,1355207.1458,4.61,3.77,13.1341
600782,新钢股份,普钢,江西,19961225,600782.SH,20220902,4.27,4.27,4.16,4.19,4.26,-0.07,-1.6432,401587.58,169209.058,1.2594,2.2818,1.11,3.0753,3.9764,0.4991,0.1274,0.1305,7.0235,11.7058,318872.2696,318872.2696,175992.3199,1336074.8096,1336074.8096,4.69,3.83,13.1341
600782,新钢股份,普钢,江西,19961225,600782.SH,20220901,4.26,4.31,4.25,4.26,4.27,-0.01,-0.2342,324038.39,138567.376,1.0162,1.8412,0.81,3.1267,4.0428,0.5075,0.1295,0.1327,6.908,11.5134,318872.2696,318872.2696,175992.3199,1358395.8685,1358395.8685,4.7,3.84,13.1341
600782,新钢股份,普钢,江西,19961225,600782.SH,20220831,4.31,4.33,4.26,4.27,4.34,-0.07,-1.6129,429591.5,184200.898,1.3472,2.441,0.95,3.134,4.0523,0.5087,0.1298,0.133,6.8919,11.4864,318872.2696,318872.2696,175992.3199,1361584.5912,1361584.5912,4.77,3.91,13.1341
600782,新钢股份,普钢,江西,19961225,600782.SH,20220830,4.34,4.39,4.32,4.34,4.36,-0.02,-0.4587,312399.03,135808.129,0.9797,1.7751,0.58,3.1854,4.1187,0.517,0.1319,0.1352,6.7807,11.3012,318872.2696,318872.2696,175992.3199,1383905.6501,1383905.6501,4.8,3.92,13.1341
600782,新钢股份,普钢,江西,19961225,600782.SH,20220829,4.34,4.37,4.29,4.36,4.39,-0.03,-0.6834,437164.71,188926.428,1.371,2.484,0.87,3.2001,4.1377,0.5194,0.1325,0.1358,6.7496,11.2493,318872.2696,318872.2696,175992.3199,1390283.0955,1390283.0955,4.83,3.95,13.1341
600782,新钢股份,普钢,江西,19961225,600782.SH,20220826,4.43,4.43,4.38,4.39,4.43,-0.04,-0.9029,306785.13,135091.962,0.9621,1.7432,0.62,3.2221,4.1662,0.5229,0.1334,0.1367,6.7035,11.1725,318872.2696,318872.2696,175992.3199,1399849.2635,1399849.2635,4.87,3.99,13.1341
600782,新钢股份,普钢,江西,19961225,600782.SH,20220825,4.4,4.43,4.35,4.43,4.39,0.04,0.9112,517569.25,227378.599,1.6231,2.9409,1.16,3.2514,4.2042,0.5277,0.1346,0.138,6.6429,11.0716,318872.2696,318872.2696,175992.3199,1412604.1543,1412604.1543,4.83,3.95,13.1341
600782,新钢股份,普钢,江西,19961225,600782.SH,20220824,4.55,4.56,4.38,4.39,4.53,-0.14,-3.0905,691915.76,307861.921,2.1699,3.9315,1.89,3.2221,4.1662,0.5229,0.1334,0.1367,6.7035,11.1725,318872.2696,318872.2696,175992.3199,1399849.2635,1399849.2635,4.98,4.08,13.1341
600782,新钢股份,普钢,江西,19961225,600782.SH,20220823,4.6,4.6,4.51,4.53,4.67,-0.14,-2.9979,729581.94,331901.5,2.288,4.1455,2.59,3.3248,4.2991,0.5396,0.1377,0.1411,6.4963,10.8272,318872.2696,318872.2696,175992.3199,1444491.3813,1444491.3813,5.14,4.2,13.1341
600782,新钢股份,普钢,江西,19961225,600782.SH,20220822,4.63,4.67,4.61,4.67,4.64,0.03,0.6466,266513.96,123836.474,0.8358,1.3517,0.9,3.4276,3.3814,0.5648,0.1419,0.141,6.3016,10.5026,318872.2696,318872.2696,197162.4464,1489133.499,1489133.499,5.1,4.18,13.1341
600782,新钢股份,普钢,江西,19961225,600782.SH,20220819,4.62,4.68,4.6,4.64,4.62,0.02,0.4329,279139.93,129600.877,0.8754,1.4158,0.93,3.4056,3.3596,0.5612,0.141,0.1401,6.3423,10.5705,318872.2696,318872.2696,197162.4464,1479567.3309,1479567.3309,5.08,4.16,13.1341
600782,新钢股份,普钢,江西,19961225,600782.SH,20220818,4.66,4.67,4.61,4.62,4.69,-0.07,-1.4925,257575.2,119333.232,0.8078,1.3064,0.81,3.3909,3.3452,0.5588,0.1404,0.1395,6.3698,10.6163,318872.2696,318872.2696,197162.4464,1473189.8856,1473189.8856,5.16,4.22,13.1341
600782,新钢股份,普钢,江西,19961225,600782.SH,20220817,4.7,4.71,4.64,4.69,4.69,0.0,0.0,300202.78,140305.143,0.9415,1.5226,0.96,3.4423,3.3958,0.5672,0.1425,0.1416,6.2747,10.4578,318872.2696,318872.2696,197162.4464,1495510.9444,1495510.9444,5.16,4.22,13.1341
600782,新钢股份,普钢,江西,19961225,600782.SH,20220816,4.7,4.73,4.66,4.69,4.71,-0.02,-0.4246,306647.69,143744.623,0.9617,1.5553,0.96,3.4423,3.3958,0.5672,0.1425,0.1416,6.2747,10.4578,318872.2696,318872.2696,197162.4464,1495510.9444,1495510.9444,5.18,4.24,13.1341
600782,新钢股份,普钢,江西,19961225,600782.SH,20220815,4.67,4.72,4.65,4.71,4.66,0.05,1.073,338419.72,158699.623,1.0613,1.7165,1.07,3.4569,3.4103,0.5697,0.1432,0.1422,6.248,10.4134,318872.2696,318872.2696,197162.4464,1501888.3898,1501888.3898,5.13,4.19,13.1341
600782,新钢股份,普钢,江西,19961225,600782.SH,20220812,4.63,4.68,4.6,4.66,4.62,0.04,0.8658,293302.89,136329.467,0.9198,1.4876,0.9,3.4202,3.3741,0.5636,0.1416,0.1407,6.3151,10.5251,318872.2696,318872.2696,197162.4464,1485944.7763,1485944.7763,5.08,4.16,13.1341
600782,新钢股份,普钢,江西,19961225,600782.SH,20220811,4.55,4.62,4.54,4.62,4.54,0.08,1.7621,349823.77,160754.224,1.0971,1.7743,1.14,3.3909,3.3452,0.5588,0.1404,0.1395,6.3698,10.6163,318872.2696,318872.2696,197162.4464,1473189.8856,1473189.8856,4.99,4.09,13.1341
600782,新钢股份,普钢,江西,19961225,600782.SH,20220810,4.56,4.57,4.52,4.54,4.56,-0.02,-0.4386,277499.99,126082.415,0.8703,1.4075,0.84,3.3322,3.2872,0.5491,0.138,0.1371,6.482,10.8033,318872.2696,318872.2696,197162.4464,1447680.104,1447680.104,5.02,4.1,13.1341
600782,新钢股份,普钢,江西,19961225,600782.SH,20220809,4.56,4.57,4.52,4.56,4.57,-0.01,-0.2188,340234.63,154753.898,1.067,1.7257,0.89,3.3468,3.3017,0.5515,0.1386,0.1377,6.4536,10.7559,318872.2696,318872.2696,197162.4464,1454057.5494,1454057.5494,5.03,4.11,13.1341
600782,新钢股份,普钢,江西,19961225,600782.SH,20220808,4.48,4.57,4.46,4.57,4.49,0.08,1.7817,327129.9,148627.469,1.0259,1.6592,0.86,3.3542,3.309,0.5527,0.1389,0.138,6.4394,10.7324,318872.2696,318872.2696,197162.4464,1457246.2721,1457246.2721,4.94,4.04,13.1341
600782,新钢股份,普钢,江西,19961225,600782.SH,20220805,4.4,4.5,4.38,4.49,4.4,0.09,2.0455,337224.3,149722.484,1.0576,1.7104,0.87,3.2955,3.251,0.5431,0.1365,0.1356,6.5542,10.9236,318872.2696,318872.2696,197162.4464,1431736.4905,1431736.4905,4.84,3.96,13.1341
600782,新钢股份,普钢,江西,19961225,600782.SH,20220804,4.41,4.43,4.35,4.4,4.39,0.01,0.2278,248047.47,108720.763,0.7779,1.2581,0.62,3.2294,3.1859,0.5322,0.1337,0.1329,6.6882,11.1471,318872.2696,318872.2696,197162.4464,1403037.9862,1403037.9862,4.83,3.95,13.1341
600782,新钢股份,普钢,江西,19961225,600782.SH,20220803,4.44,4.48,4.37,4.39,4.43,-0.04,-0.9029,389389.33,172721.438,1.2211,1.975,1.03,3.2221,3.1786,0.531,0.1334,0.1325,6.7035,11.1725,318872.2696,318872.2696,197162.4464,1399849.2635,1399849.2635,4.87,3.99,13.1341
600782,新钢股份,普钢,江西,19961225,600782.SH,20220802,4.51,4.52,4.35,4.43,4.54,-0.11,-2.4229,601047.3,265528.4,1.8849,3.0485,1.93,3.2514,3.2076,0.5358,0.1346,0.1338,6.6429,11.0716,318872.2696,318872.2696,197162.4464,1412604.1543,1412604.1543,4.99,4.09,13.1341
600782,新钢股份,普钢,江西,19961225,600782.SH,20220801,4.5,4.54,4.48,4.54,4.49,0.05,1.1136,332298.42,150111.256,1.0421,1.6854,1.06,3.3322,3.2872,0.5491,0.138,0.1371,6.482,10.8033,318872.2696,318872.2696,197162.4464,1447680.104,1447680.104,4.94,4.04,13.1341
600782,新钢股份,普钢,江西,19961225,600782.SH,20220729,4.52,4.56,4.47,4.49,4.52,-0.03,-0.6637,378001.09,170704.338,1.1854,1.9172,1.12,3.2955,3.251,0.5431,0.1365,0.1356,6.5542,10.9236,318872.2696,318872.2696,197162.4464,1431736.4905,1431736.4905,4.97,4.07,13.1341
600782,新钢股份,普钢,江西,19961225,600782.SH,20220728,4.51,4.52,4.48,4.52,4.48,0.04,0.8929,302806.75,136493.274,0.9496,1.5358,0.89,3.3175,3.2728,0.5467,0.1374,0.1365,6.5107,10.8511,318872.2696,318872.2696,197162.4464,1441302.6586,1441302.6586,4.93,4.03,13.1341
600782,新钢股份,普钢,江西,19961225,600782.SH,20220727,4.48,4.51,4.46,4.48,4.5,-0.02,-0.4444,269224.96,120624.532,0.8443,1.3655,0.72,3.2881,3.2438,0.5418,0.1362,0.1353,6.5688,10.948,318872.2696,318872.2696,197162.4464,1428547.7678,1428547.7678,4.95,4.05,13.1341
600782,新钢股份,普钢,江西,19961225,600782.SH,20220726,4.44,4.5,4.43,4.5,4.44,0.06,1.3514,274416.87,122845.03,0.8606,1.3918,0.67,3.3028,3.2583,0.5443,0.1368,0.1359,6.5396,10.8994,318872.2696,318872.2696,197162.4464,1434925.2132,1434925.2132,4.88,4.0,13.1341
600782,新钢股份,普钢,江西,19961225,600782.SH,20220725,4.49,4.51,4.43,4.44,4.5,-0.06,-1.3333,345457.17,154336.79,1.0834,1.7521,0.78,3.2588,3.2148,0.537,0.1349,0.1341,6.628,11.0466,318872.2696,318872.2696,197162.4464,1415792.877,1415792.877,4.95,4.05,13.1341
600782,新钢股份,普钢,江西,19961225,600782.SH,20220722,4.56,4.57,4.46,4.5,4.56,-0.06,-1.3158,498970.4,225313.336,1.5648,2.5308,1.01,3.3028,3.2583,0.5443,0.1368,0.1359,6.5396,10.8994,318872.2696,318872.2696,197162.4464,1434925.2132,1434925.2132,5.02,4.1,13.1341
600782,新钢股份,普钢,江西,19961225,600782.SH,20220721,4.59,4.6,4.55,4.56,4.6,-0.04,-0.8696,315805.73,144361.77,0.9904,1.6018,0.62,3.3468,3.3017,0.5515,0.1386,0.1377,6.4536,10.7559,318872.2696,318872.2696,197162.4464,1454057.5494,1454057.5494,5.06,4.14,13.1341
600782,新钢股份,普钢,江西,19961225,600782.SH,20220720,4.6,4.67,4.58,4.6,4.57,0.03,0.6565,441173.26,203990.316,1.3835,2.2376,0.88,3.3762,3.3307,0.5564,0.1398,0.1389,6.3974,10.6624,318872.2696,318872.2696,197162.4464,1466812.4402,1466812.4402,5.03,4.11,13.1341
600782,新钢股份,普钢,江西,19961225,600782.SH,20220719,4.61,4.62,4.52,4.57,4.59,-0.02,-0.4357,449309.78,205158.691,1.4091,2.2789,0.96,3.3542,3.309,0.5527,0.1389,0.138,6.4394,10.7324,318872.2696,318872.2696,197162.4464,1457246.2721,1457246.2721,5.05,4.13,13.1341
600782,新钢股份,普钢,江西,19961225,600782.SH,20220718,4.53,4.61,4.53,4.59,4.51,0.08,1.7738,509335.66,233336.969,1.5973,2.5833,1.08,3.3689,3.3234,0.5552,0.1395,0.1386,6.4114,10.6856,318872.2696,318872.2696,197162.4464,1463623.7175,1463623.7175,4.96,4.06,13.1341
600782,新钢股份,普钢,江西,19961225,600782.SH,20220715,4.68,4.69,4.51,4.51,4.72,-0.21,-4.4492,747984.4,343927.621,2.3457,3.7937,1.76,3.3101,3.2655,0.5455,0.1371,0.1362,6.5251,10.8752,318872.2696,318872.2696,197162.4464,1438113.9359,1438113.9359,5.19,4.25,13.1341
600782,新钢股份,普钢,江西,19961225,600782.SH,20220714,4.81,4.81,4.7,4.72,4.82,-0.1,-2.0747,401789.5,190228.675,1.26,2.0379,1.0,3.4643,3.4176,0.5709,0.1435,0.1425,6.2348,10.3913,318872.2696,318872.2696,197162.4464,1505077.1125,1505077.1125,5.3,4.34,13.1341
600782,新钢股份,普钢,江西,19961225,600782.SH,20220713,4.82,4.86,4.79,4.82,4.84,-0.02,-0.4132,390323.67,187910.527,1.2241,1.9797,0.88,3.5377,3.49,0.583,0.1465,0.1455,6.1054,10.1757,318872.2696,318872.2696,197162.4464,1536964.3395,1536964.3395,5.32,4.36,13.1341
600782,新钢股份,普钢,江西,19961225,600782.SH,20220712,4.83,4.89,4.82,4.84,4.85,-0.01,-0.2062,297181.47,144373.32,0.932,1.5073,0.52,3.5524,3.5045,0.5854,0.1471,0.1461,6.0802,10.1337,318872.2696,318872.2696,197162.4464,1543341.7849,1543341.7849,5.34,4.37,13.1341
600782,新钢股份,普钢,江西,19961225,600782.SH,20220711,4.95,4.95,4.82,4.85,4.97,-0.12,-2.4145,531172.11,258104.368,1.6658,2.6941,0.94,3.5597,3.5117,0.5866,0.1474,0.1464,6.0677,10.1128,318872.2696,318872.2696,197162.4464,1546530.5076,1546530.5076,5.47,4.47,13.1341
600782,新钢股份,普钢,江西,19961225,600782.SH,20220708,5.0,5.02,4.97,4.97,5.0,-0.03,-0.6,502545.1,250677.24,1.576,2.5489,0.82,3.6478,3.5986,0.6011,0.1511,0.1501,5.9212,9.8686,318872.2696,318872.2696,197162.4464,1584795.1799,1584795.1799,5.5,4.5,13.1341
600782,新钢股份,普钢,江西,19961225,600782.SH,20220707,5.0,5.03,4.99,5.0,5.01,-0.01,-0.1996,285844.32,143126.374,0.8964,1.4498,0.38,3.6698,3.6203,0.6047,0.152,0.151,5.8857,9.8094,318872.2696,318872.2696,197162.4464,1594361.348,1594361.348,5.51,4.51,13.1341
600782,新钢股份,普钢,江西,19961225,600782.SH,20220706,5.07,5.08,4.98,5.01,5.09,-0.08,-1.5717,593512.32,297028.765,1.8613,3.0103,0.81,3.6771,3.6275,0.606,0.1523,0.1513,5.8739,9.7898,318872.2696,318872.2696,197162.4464,1597550.0707,1597550.0707,5.6,4.58,13.1341
600782,新钢股份,普钢,江西,19961225,600782.SH,20220705,5.01,5.15,5.0,5.09,5.01,0.08,1.5968,932291.13,474505.73,2.9237,4.7285,1.47,3.7358,3.6855,0.6156,0.1547,0.1537,5.7816,9.636,318872.2696,318872.2696,197162.4464,1623059.8523,1623059.8523,5.51,4.51,13.1341
600782,新钢股份,普钢,江西,19961225,600782.SH,20220704,5.02,5.03,5.0,5.01,5.05,-0.04,-0.7921,503361.44,252238.752,1.5786,2.553,0.78,3.6771,3.6275,0.606,0.1523,0.1513,5.8739,9.7898,318872.2696,318872.2696,197162.4464,1597550.0707,1597550.0707,5.56,4.55,13.1341
600782,新钢股份,普钢,江西,19961225,600782.SH,20220701,5.05,5.06,5.0,5.05,5.04,0.01,0.1984,740036.98,372152.118,2.3208,3.7534,1.25,3.7065,3.6565,0.6108,0.1535,0.1525,5.8274,9.7123,318872.2696,318872.2696,197162.4464,1610304.9615,1610304.9615,5.54,4.54,13.1341
600782,新钢股份,普钢,江西,19961225,600782.SH,20220630,5.12,5.14,5.01,5.04,5.12,-0.08,-1.5625,944584.33,480310.751,2.9623,4.7909,1.97,3.6991,3.6493,0.6096,0.1532,0.1522,5.8389,9.7316,318872.2696,318872.2696,197162.4464,1607116.2388,1607116.2388,5.63,4.61,13.1341
600782,新钢股份,普钢,江西,19961225,600782.SH,20220629,5.16,5.21,5.12,5.12,5.17,-0.05,-0.9671,558971.45,288522.097,1.753,2.8351,1.17,3.7579,3.7072,0.6193,0.1556,0.1546,5.7477,9.5795,318872.2696,318872.2696,197162.4464,1632626.0204,1632626.0204,5.69,4.65,13.1341
600782,新钢股份,普钢,江西,19961225,600782.SH,20220628,5.11,5.18,5.09,5.17,5.11,0.06,1.1742,416708.4,214399.223,1.3068,2.1135,0.72,3.7946,3.7434,0.6253,0.1571,0.1561,5.6921,9.4869,318872.2696,318872.2696,197162.4464,1648569.6338,1648569.6338,5.62,4.6,13.1341
600782,新钢股份,普钢,江西,19961225,600782.SH,20220627,5.14,5.16,5.09,5.11,5.13,-0.02,-0.3899,551225.95,282662.131,1.7287,2.7958,0.78,3.7505,3.7,0.618,0.1553,0.1543,5.759,15.3572,318872.2696,318872.2696,197162.4464,1629437.2977,1629437.2977,5.64,4.62,13.1341
600782,新钢股份,普钢,江西,19961225,600782.SH,20220624,5.16,5.17,5.13,5.13,5.18,-0.05,-0.9653,485297.8,249579.506,1.5219,2.4614,0.6,3.7652,3.7144,0.6205,0.1559,0.1549,5.7365,15.2973,318872.2696,318872.2696,197162.4464,1635814.743,1635814.743,5.7,4.66,13.1341
600782,新钢股份,普钢,江西,19961225,600782.SH,20220623,5.17,5.19,5.1,5.18,5.15,0.03,0.5825,381338.9,196108.113,1.1959,1.9341,0.4,3.8019,3.7506,0.6265,0.1574,0.1564,5.6811,15.1497,318872.2696,318872.2696,197162.4464,1651758.3565,1651758.3565,5.67,4.64,13.1341
600782,新钢股份,普钢,江西,19961225,600782.SH,20220622,5.22,5.24,5.14,5.15,5.24,-0.09,-1.7176,549119.25,284520.427,1.7221,2.7851,0.47,3.7799,3.7289,0.6229,0.1565,0.1555,5.7142,15.2379,318872.2696,318872.2696,197162.4464,1642192.1884,1642192.1884,5.76,4.72,13.1341
600782,新钢股份,普钢,江西,19961225,600782.SH,20220621,5.22,5.3,5.18,5.24,5.21,0.03,0.5758,915490.89,478535.137,2.871,4.6433,0.81,3.8459,3.7941,0.6338,0.1593,0.1582,5.6161,14.9762,318872.2696,318872.2696,197162.4464,1670890.6927,1670890.6927,5.73,4.69,13.1341
600782,新钢股份,普钢,江西,19961225,600782.SH,20220620,5.69,5.76,5.56,5.7,5.73,-0.03,-0.5236,1215764.36,688463.713,3.8127,6.1663,1.14,4.1836,4.1271,0.6508,0.1732,0.1721,5.1629,5.1629,318872.2696,318872.2696,197162.4464,1817571.9367,1817571.9367,6.3,5.16,12.005
600782,新钢股份,普钢,江西,19961225,600782.SH,20220617,5.74,5.78,5.68,5.73,5.8,-0.07,-1.2069,972618.25,556124.471,3.0502,4.9331,0.99,4.2056,4.1489,0.6542,0.1742,0.173,5.1358,5.1358,318872.2696,318872.2696,197162.4464,1827138.1048,1827138.1048,6.38,5.22,12.005
600782,新钢股份,普钢,江西,19961225,600782.SH,20220616,5.95,6.01,5.78,5.8,5.94,-0.14,-2.3569,1064701.25,622473.368,3.339,5.4001,1.2,4.257,4.1996,0.6622,0.1763,0.1751,5.0738,5.0738,318872.2696,318872.2696,197162.4464,1849459.1637,1849459.1637,6.53,5.35,12.005
600782,新钢股份,普钢,江西,19961225,600782.SH,20220615,5.74,6.04,5.74,5.94,5.7,0.24,4.2105,1648193.92,972994.547,5.1688,8.3596,2.37,4.3597,4.3009,0.6782,0.1805,0.1793,4.9543,4.9543,318872.2696,318872.2696,197162.4464,1894101.2814,1894101.2814,6.27,5.13,12.005
600782,新钢股份,普钢,江西,19961225,600782.SH,20220614,5.6,5.71,5.51,5.7,5.65,0.05,0.885,753018.33,421554.453,2.3615,3.8193,1.12,4.1836,4.1271,0.6508,0.1732,0.1721,5.1629,5.1629,318872.2696,318872.2696,197162.4464,1817571.9367,1817571.9367,6.22,5.09,12.005
600782,新钢股份,普钢,江西,19961225,600782.SH,20220613,5.76,5.79,5.61,5.65,5.81,-0.16,-2.7539,896316.95,509906.549,2.8109,4.5461,1.41,4.1469,4.0909,0.6451,0.1717,0.1706,5.2085,5.2085,318872.2696,318872.2696,197162.4464,1801628.3232,1801628.3232,6.39,5.23,12.005
600782,新钢股份,普钢,江西,19961225,600782.SH,20220610,5.78,5.83,5.74,5.81,5.81,0.0,0.0,554745.1,321305.45,1.7397,2.8136,0.78,4.2643,4.2068,0.6634,0.1766,0.1754,5.0651,5.0651,318872.2696,318872.2696,197162.4464,1852647.8864,1852647.8864,6.39,5.23,12.005
600782,新钢股份,普钢,江西,19961225,600782.SH,20220609,5.78,5.85,5.76,5.81,5.8,0.01,0.1724,599254.36,347739.372,1.8793,3.0394,0.89,4.2643,4.2068,0.6634,0.1766,0.1754,5.0651,5.0651,318872.2696,318872.2696,197162.4464,1852647.8864,1852647.8864,6.38,5.22,12.005
600782,新钢股份,普钢,江西,19961225,600782.SH,20220608,5.76,5.81,5.69,5.8,5.76,0.04,0.6944,675561.59,389135.485,2.1186,3.4264,1.06,4.257,4.1996,0.6622,0.1763,0.1751,5.0738,5.0738,318872.2696,318872.2696,197162.4464,1849459.1637,1849459.1637,6.34,5.18,12.005
600782,新钢股份,普钢,江西,19961225,600782.SH,20220607,5.79,5.82,5.71,5.76,5.81,-0.05,-0.8606,622464.81,358906.487,1.9521,3.1571,1.02,4.2276,4.1706,0.6577,0.1751,0.1739,5.1091,5.1091,318872.2696,318872.2696,197162.4464,1836704.2729,1836704.2729,6.39,5.23,12.005
600782,新钢股份,普钢,江西,19961225,600782.SH,20220606,5.72,5.81,5.68,5.81,5.75,0.06,1.0435,717921.43,412226.072,2.2514,3.6413,1.29,4.2643,4.2068,0.6634,0.1766,0.1754,5.0651,5.0651,318872.2696,318872.2696,197162.4464,1852647.8864,1852647.8864,6.33,5.18,12.005
600782,新钢股份,普钢,江西,19961225,600782.SH,20220602,5.63,5.77,5.62,5.75,5.64,0.11,1.9504,921554.82,527478.885,2.89,4.6741,1.89,4.2203,4.1634,0.6565,0.1748,0.1736,5.118,5.118,318872.2696,318872.2696,197162.4464,1833515.5502,1833515.5502,6.2,5.08,12.005
600782,新钢股份,普钢,江西,19961225,600782.SH,20220601,5.65,5.67,5.6,5.64,5.64,0.0,0.0,428177.0,241347.419,1.3428,2.1717,0.85,4.1395,4.0837,0.6439,0.1714,0.1703,5.2178,5.2178,318872.2696,318872.2696,197162.4464,1798439.6005,1798439.6005,6.2,5.08,12.005
600782,新钢股份,普钢,江西,19961225,600782.SH,20220531,5.63,5.65,5.59,5.64,5.64,0.0,0.0,481897.71,270652.861,1.5113,2.4442,0.83,4.1395,4.0837,0.6439,0.1714,0.1703,5.2178,5.2178,318872.2696,318872.2696,197162.4464,1798439.6005,1798439.6005,6.2,5.08,12.005
600782,新钢股份,普钢,江西,19961225,600782.SH,20220530,5.73,5.78,5.62,5.64,5.7,-0.06,-1.0526,501128.71,284669.818,1.5716,2.5417,0.84,4.1395,4.0837,0.6439,0.1714,0.1703,5.2178,5.2178,318872.2696,318872.2696,197162.4464,1798439.6005,1798439.6005,6.27,5.13,12.005
600782,新钢股份,普钢,江西,19961225,600782.SH,20220527,5.69,5.74,5.61,5.7,5.68,0.02,0.3521,452736.58,257674.842,1.4198,2.2963,0.72,4.1836,4.1271,0.6508,0.1732,0.1721,5.1629,5.1629,318872.2696,318872.2696,197162.4464,1817571.9367,1817571.9367,6.25,5.11,12.005
600782,新钢股份,普钢,江西,19961225,600782.SH,20220526,5.59,5.71,5.52,5.68,5.6,0.08,1.4286,575517.83,323742.999,1.8049,2.919,0.93,4.1689,4.1127,0.6485,0.1726,0.1715,5.181,5.181,318872.2696,318872.2696,197162.4464,1811194.4913,1811194.4913,6.16,5.04,12.005
600782,新钢股份,普钢,江西,19961225,600782.SH,20220525,5.52,5.62,5.5,5.6,5.51,0.09,1.6334,492838.06,274371.61,1.5456,2.4997,0.81,4.1102,4.0547,0.6394,0.1702,0.1691,5.255,5.255,318872.2696,318872.2696,197162.4464,1785684.7098,1785684.7098,6.06,4.96,12.005
600782,新钢股份,普钢,江西,19961225,600782.SH,20220524,5.77,5.77,5.51,5.51,5.78,-0.27,-4.6713,866040.46,488920.007,2.7159,4.3925,1.66,4.0441,3.9896,0.6291,0.1675,0.1664,5.3409,5.3409,318872.2696,318872.2696,197162.4464,1756986.2055,1756986.2055,6.36,5.2,12.005
600782,新钢股份,普钢,江西,19961225,600782.SH,20220523,5.77,5.87,5.75,5.78,5.74,0.04,0.6969,581098.35,336808.792,1.8224,2.9473,1.07,4.2423,4.1851,0.6599,0.1757,0.1745,5.0914,5.0914,318872.2696,318872.2696,197162.4464,1843081.7183,1843081.7183,6.31,5.17,12.005
600782,新钢股份,普钢,江西,19961225,600782.SH,20220520,5.62,5.74,5.61,5.74,5.61,0.13,2.3173,637827.99,362830.925,2.0003,3.235,1.23,4.2129,4.1561,0.6554,0.1745,0.1733,5.1269,5.1269,318872.2696,318872.2696,197162.4464,1830326.8275,1830326.8275,6.17,5.05,12.005
600782,新钢股份,普钢,江西,19961225,600782.SH,20220519,5.6,5.62,5.5,5.61,5.7,-0.09,-1.5789,508555.8,282721.15,1.5949,2.5794,0.96,4.1175,4.062,0.6405,0.1705,0.1694,5.2457,5.2457,318872.2696,318872.2696,197162.4464,1788873.4325,1788873.4325,6.27,5.13,12.005
600782,新钢股份,普钢,江西,19961225,600782.SH,20220518,5.74,5.74,5.67,5.7,5.74,-0.04,-0.6969,432320.87,246600.465,1.3558,2.1927,0.7,4.1836,4.1271,0.6508,0.1732,0.1721,5.1629,5.1629,318872.2696,318872.2696,197162.4464,1817571.9367,1817571.9367,6.31,5.17,12.005
600782,新钢股份,普钢,江西,19961225,600782.SH,20220517,5.71,5.75,5.64,5.74,5.73,0.01,0.1745,449303.85,256290.037,1.409,2.2789,0.66,4.2129,4.1561,0.6554,0.1745,0.1733,5.1269,5.1269,318872.2696,318872.2696,197162.4464,1830326.8275,1830326.8275,6.3,5.16,12.005
600782,新钢股份,普钢,江西,19961225,600782.SH,20220516,5.66,5.78,5.61,5.73,5.61,0.12,2.139,686647.7,390193.106,2.1534,3.4826,1.06,4.2056,4.1489,0.6542,0.1742,0.173,5.1358,5.1358,318872.2696,318872.2696,197162.4464,1827138.1048,1827138.1048,6.17,5.05,12.005
600782,新钢股份,普钢,江西,19961225,600782.SH,20220513,5.55,5.65,5.54,5.61,5.54,0.07,1.2635,509952.75,286003.398,1.5992,2.5865,0.73,4.1175,4.062,0.6405,0.1705,0.1694,5.2457,5.2457,318872.2696,318872.2696,197162.4464,1788873.4325,1788873.4325,6.09,4.99,12.005
600782,新钢股份,普钢,江西,19961225,600782.SH,20220512,5.58,5.62,5.47,5.54,5.61,-0.07,-1.2478,574564.15,318585.376,1.8019,2.9142,0.8,4.0661,4.0113,0.6325,0.1684,0.1673,5.312,5.312,318872.2696,318872.2696,197162.4464,1766552.3736,1766552.3736,6.17,5.05,12.005
600782,新钢股份,普钢,江西,19961225,600782.SH,20220511,5.54,5.74,5.51,5.61,5.52,0.09,1.6304,873941.4,491268.131,2.7407,4.4326,1.16,4.1175,4.062,0.6405,0.1705,0.1694,5.2457,5.2457,318872.2696,318872.2696,197162.4464,1788873.4325,1788873.4325,6.07,4.97,12.005
600782,新钢股份,普钢,江西,19961225,600782.SH,20220510,5.43,5.55,5.34,5.52,5.54,-0.02,-0.361,778435.56,425046.933,2.4412,3.9482,1.01,4.0514,3.9968,0.6302,0.1678,0.1667,5.3312,5.3312,318872.2696,318872.2696,197162.4464,1760174.9282,1760174.9282,6.09,4.99,12.005
600782,新钢股份,普钢,江西,19961225,600782.SH,20220509,5.49,5.57,5.46,5.54,5.55,-0.01,-0.1802,509292.6,281880.118,1.5972,2.5831,0.56,4.0661,4.0113,0.6325,0.1684,0.1673,5.312,5.312,318872.2696,318872.2696,197162.4464,1766552.3736,1766552.3736,6.11,5.0,12.005
600782,新钢股份,普钢,江西,19961225,600782.SH,20220506,5.65,5.66,5.47,5.55,5.79,-0.24,-4.1451,759799.54,423230.249,2.3828,3.8537,0.83,4.0735,4.0185,0.6337,0.1687,0.1676,5.3024,5.3024,318872.2696,318872.2696,197162.4464,1769741.0963,1769741.0963,6.37,5.21,12.005
600782,新钢股份,普钢,江西,19961225,600782.SH,20220505,5.78,5.86,5.71,5.79,5.74,0.05,0.8711,691926.81,401111.666,2.1699,3.5094,0.72,4.2496,4.1923,0.6611,0.176,0.1748,5.0826,5.0826,318872.2696,318872.2696,197162.4464,1846270.441,1846270.441,6.31,5.17,12.005
600782,新钢股份,普钢,江西,19961225,600782.SH,20220429,5.63,5.82,5.63,5.74,5.46,0.28,5.1282,1023660.02,586248.355,3.2103,5.192,1.14,4.2129,4.1561,0.6554,0.1745,0.1733,5.1269,5.1269,318872.2696,318872.2696,197162.4464,1830326.8275,1830326.8275,6.01,4.91,12.005
600782,新钢股份,普钢,江西,19961225,600782.SH,20220428,5.46,5.53,5.36,5.46,5.52,-0.06,-1.087,882547.93,480135.399,2.7677,4.4762,0.93,4.0074,4.0074,0.6472,0.166,0.166,5.3898,5.3898,318872.2696,318872.2696,197162.4464,1741042.592,1741042.592,6.07,4.97,12.005
600782,新钢股份,普钢,江西,19961225,600782.SH,20220427,5.38,5.53,5.25,5.52,5.41,0.11,2.0333,1180541.58,637716.704,3.7022,5.9877,1.23,4.0514,4.0514,0.6544,0.1678,0.1678,5.3312,5.3312,318872.2696,318872.2696,197162.4464,1760174.9282,1760174.9282,5.95,4.87,12.005
600782,新钢股份,普钢,江西,19961225,600782.SH,20220426,5.5,5.62,5.38,5.41,5.42,-0.01,-0.1845,785148.55,431673.379,2.4623,3.9822,0.75,3.9707,3.9707,0.6413,0.1644,0.1644,5.4396,5.4396,318872.2696,318872.2696,197162.4464,1725098.9785,1725098.9785,5.96,4.88,12.005
600782,新钢股份,普钢,江西,19961225,600782.SH,20220425,5.84,5.84,5.4,5.42,5.86,-0.44,-7.5085,950503.32,532588.053,2.9808,4.8209,0.89,6.4006,4.073,0.665,0.2387,0.1632,5.4296,5.4296,318872.2696,318872.2696,197162.4464,1728287.7012,1728287.7012,6.45,5.27,12.005
600782,新钢股份,普钢,江西,19961225,600782.SH,20220422,5.81,5.94,5.68,5.86,5.9,-0.04,-0.678,709592.38,412818.995,2.2253,3.599,0.57,6.9202,4.4036,0.719,0.2581,0.1764,5.0219,5.0219,318872.2696,318872.2696,197162.4464,1868591.4999,1868591.4999,6.49,5.31,12.005
600782,新钢股份,普钢,江西,19961225,600782.SH,20220421,6.21,6.23,5.85,5.9,6.27,-0.37,-5.9011,1121368.12,675332.073,3.5167,5.6875,0.86,6.9675,4.4337,0.7239,0.2598,0.1776,4.9878,4.9878,318872.2696,318872.2696,197162.4464,1881346.3906,1881346.3906,6.9,5.64,12.005
600782,新钢股份,普钢,江西,19961225,600782.SH,20220420,6.63,6.66,6.2,6.27,6.71,-0.44,-6.5574,1236057.9,793222.624,3.8763,6.2692,0.97,7.4044,4.7117,0.7693,0.2761,0.1887,4.6935,4.6935,318872.2696,318872.2696,197162.4464,1999329.1304,1999329.1304,7.38,6.04,12.005
600782,新钢股份,普钢,江西,19961225,600782.SH,20220419,6.55,6.71,6.37,6.71,6.54,0.17,2.5994,1198748.84,783718.794,3.7593,6.08,0.98,7.924,5.0424,0.8233,0.2955,0.202,4.3857,4.3857,318872.2696,318872.2696,197162.4464,2139632.929,2139632.929,7.19,5.89,12.005
600782,新钢股份,普钢,江西,19961225,600782.SH,20220418,6.41,6.66,6.36,6.54,6.58,-0.04,-0.6079,1073095.98,699082.735,3.3653,5.4427,0.89,7.7233,4.9146,0.8024,0.288,0.1969,4.4997,4.4997,318872.2696,318872.2696,197162.4464,2085424.6432,2085424.6432,7.24,5.92,12.005
600782,新钢股份,普钢,江西,19961225,600782.SH,20220415,6.48,6.71,6.39,6.58,6.55,0.03,0.458,1588351.55,1046154.592,4.9812,8.0561,1.45,7.7705,4.9447,0.8073,0.2898,0.1981,4.4724,4.4724,318872.2696,318872.2696,197162.4464,2098179.534,2098179.534,7.21,5.9,12.005
600782,新钢股份,普钢,江西,19961225,600782.SH,20220414,6.28,6.75,6.23,6.55,6.27,0.28,4.4657,1405906.28,909988.245,4.409,7.1307,1.25,7.7351,4.9221,0.8037,0.2884,0.1972,4.4929,4.4929,318872.2696,318872.2696,197162.4464,2088613.3659,2088613.3659,6.9,5.64,12.005
600782,新钢股份,普钢,江西,19961225,600782.SH,20220413,6.09,6.41,6.06,6.27,6.14,0.13,2.1173,1120680.53,700566.887,3.5145,5.684,0.93,7.4044,4.7117,0.7693,0.2761,0.1887,4.6935,4.6935,318872.2696,318872.2696,197162.4464,1999329.1304,1999329.1304,6.75,5.53,12.005
600782,新钢股份,普钢,江西,19961225,600782.SH,20220412,5.96,6.18,5.95,6.14,6.01,0.13,2.1631,949585.67,578605.724,2.9779,4.8163,0.84,7.2509,4.614,0.7534,0.2704,0.1848,4.7929,4.7929,318872.2696,318872.2696,197162.4464,1957875.7353,1957875.7353,6.61,5.41,12.005
600782,新钢股份,普钢,江西,19961225,600782.SH,20220411,6.14,6.2,5.98,6.01,6.18,-0.17,-2.7508,936227.81,569707.956,2.9361,4.7485,0.88,7.0974,4.5163,0.7374,0.2647,0.1809,4.8965,4.8965,318872.2696,318872.2696,197162.4464,1916422.3403,1916422.3403,6.8,5.56,12.005
600782,新钢股份,普钢,江西,19961225,600782.SH,20220408,6.0,6.22,5.94,6.18,6.06,0.12,1.9802,1079343.93,657034.026,3.3849,5.4744,1.1,7.2981,4.6441,0.7583,0.2721,0.186,4.7619,4.7619,318872.2696,318872.2696,197162.4464,1970630.6261,1970630.6261,6.67,5.45,12.005
600782,新钢股份,普钢,江西,19961225,600782.SH,20220407,6.12,6.3,6.04,6.06,6.19,-0.13,-2.1002,1534328.66,945410.576,4.8117,7.7821,2.04,7.1564,4.5539,0.7435,0.2669,0.1824,4.8561,4.8561,318872.2696,318872.2696,197162.4464,1932365.9538,1932365.9538,6.81,5.57,12.005
600782,新钢股份,普钢,江西,19961225,600782.SH,20220406,5.71,6.27,5.69,6.19,5.7,0.49,8.5965,1545694.89,927696.106,4.8474,7.8397,2.86,7.3099,4.6516,0.7595,0.2726,0.1863,4.7542,4.7542,318872.2696,318872.2696,197162.4464,1973819.3488,1973819.3488,6.27,5.13,12.005
600782,新钢股份,普钢,江西,19961225,600782.SH,20220401,5.61,5.7,5.58,5.7,5.65,0.05,0.885,546066.39,308558.413,1.7125,2.7696,1.02,6.7313,4.2834,0.6994,0.251,0.1716,5.1629,5.1629,318872.2696,318872.2696,197162.4464,1817571.9367,1817571.9367,6.22,5.09,12.005
600782,新钢股份,普钢,江西,19961225,600782.SH,20220331,5.58,5.72,5.57,5.65,5.6,0.05,0.8929,601446.15,340618.935,1.8862,3.0505,1.11,6.6722,4.2458,0.6932,0.2488,0.1701,5.2085,5.2085,318872.2696,318872.2696,197162.4464,1801628.3232,1801628.3232,6.16,5.04,12.005
600782,新钢股份,普钢,江西,19961225,600782.SH,20220330,5.48,5.62,5.43,5.6,5.46,0.14,2.5641,675630.82,374358.259,2.1188,3.4268,1.36,6.6132,4.2082,0.6871,0.2466,0.1686,5.255,5.255,318872.2696,318872.2696,197162.4464,1785684.7098,1785684.7098,6.01,4.91,12.005
600782,新钢股份,普钢,江西,19961225,600782.SH,20220329,5.54,5.56,5.43,5.46,5.54,-0.08,-1.444,383677.49,210554.005,1.2032,1.946,0.72,6.4479,4.103,0.6699,0.2404,0.1644,5.3898,5.3898,318872.2696,318872.2696,197162.4464,1741042.592,1741042.592,6.09,4.99,12.005
600782,新钢股份,普钢,江西,19961225,600782.SH,20220328,5.46,5.59,5.37,5.54,5.48,0.06,1.0949,492177.02,270723.229,1.5435,2.4963,0.88,6.5423,4.1631,0.6797,0.244,0.1668,5.312,5.312,318872.2696,318872.2696,197162.4464,1766552.3736,1766552.3736,6.03,4.93,12.005
600782,新钢股份,普钢,江西,19961225,600782.SH,20220325,5.55,5.62,5.48,5.48,5.55,-0.07,-1.2613,522348.95,289564.256,1.6381,2.6493,0.96,6.4715,4.118,0.6724,0.2413,0.165,5.3701,5.3701,318872.2696,318872.2696,197162.4464,1747420.0374,1747420.0374,6.11,5.0,12.005
600782,新钢股份,普钢,江西,19961225,600782.SH,20220324,5.48,5.64,5.45,5.55,5.51,0.04,0.726,631741.84,350855.034,1.9812,3.2042,1.14,6.5541,4.1707,0.681,0.2444,0.1671,5.3024,5.3024,318872.2696,318872.2696,197162.4464,1769741.0963,1769741.0963,6.06,4.96,12.005
600782,新钢股份,普钢,江西,19961225,600782.SH,20220323,5.53,5.57,5.43,5.51,5.54,-0.03,-0.5415,448301.34,246608.46,1.4059,2.2738,0.73,6.5069,4.1406,0.6761,0.2426,0.1659,5.3409,5.3409,318872.2696,318872.2696,197162.4464,1756986.2055,1756986.2055,6.09,4.99,12.005
600782,新钢股份,普钢,江西,19961225,600782.SH,20220322,5.43,5.56,5.39,5.54,5.44,0.1,1.8382,554429.04,304704.822,1.7387,2.812,0.74,6.5423,4.1631,0.6797,0.244,0.1668,5.312,5.312,318872.2696,318872.2696,197162.4464,1766552.3736,1766552.3736,5.98,4.9,12.005
600782,新钢股份,普钢,江西,19961225,600782.SH,20220321,5.53,5.55,5.33,5.44,5.49,-0.05,-0.9107,628045.28,341582.814,1.9696,3.1854,0.86,6.4242,4.088,0.6675,0.2396,0.1638,5.4096,5.4096,318872.2696,318872.2696,197162.4464,1734665.1466,1734665.1466,6.04,4.94,12.005
600782,新钢股份,普钢,江西,19961225,600782.SH,20220318,5.36,5.52,5.33,5.49,5.39,0.1,1.8553,468199.15,255600.353,1.4683,2.3747,0.62,6.4833,4.1256,0.6736,0.2418,0.1653,5.3603,5.3603,318872.2696,318872.2696,197162.4464,1750608.7601,1750608.7601,5.93,4.85,12.005
600782,新钢股份,普钢,江西,19961225,600782.SH,20220317,5.34,5.48,5.33,5.39,5.28,0.11,2.0833,660581.5,357127.787,2.0716,3.3504,0.86,6.3652,4.0504,0.6613,0.2374,0.1623,5.4598,5.4598,318872.2696,318872.2696,197162.4464,1718721.5331,1718721.5331,5.81,4.75,12.005
600782,新钢股份,普钢,江西,19961225,600782.SH,20220316,5.24,5.32,4.99,5.28,5.15,0.13,2.5243,772444.81,399081.096,2.4224,3.9178,0.98,6.2353,3.9678,0.6478,0.2325,0.1589,5.5735,5.5735,318872.2696,318872.2696,197162.4464,1683645.5835,1683645.5835,5.67,4.64,12.005
600782,新钢股份,普钢,江西,19961225,600782.SH,20220315,5.66,5.68,5.14,5.15,5.71,-0.56,-9.8074,1227813.67,655475.51,3.8505,6.2274,1.77,6.0818,3.8701,0.6319,0.2268,0.155,5.7142,5.7142,318872.2696,318872.2696,197162.4464,1642192.1884,1642192.1884,6.28,5.14,12.005
600782,新钢股份,普钢,江西,19961225,600782.SH,20220314,5.79,5.94,5.7,5.71,5.89,-0.18,-3.056,519896.11,302834.95,1.6304,2.6369,0.67,6.7431,4.2909,0.7006,0.2514,0.1719,5.1538,5.1538,318872.2696,318872.2696,197162.4464,1820760.6594,1820760.6594,6.48,5.3,12.005
600782,新钢股份,普钢,江西,19961225,600782.SH,20220311,5.87,5.9,5.69,5.89,5.92,-0.03,-0.5068,621097.15,360882.344,1.9478,3.1502,0.64,6.9557,4.4262,0.7227,0.2594,0.1773,4.9963,4.9963,318872.2696,318872.2696,197162.4464,1878157.6679,1878157.6679,6.51,5.33,12.005
600782,新钢股份,普钢,江西,19961225,600782.SH,20220310,6.0,6.03,5.81,5.92,5.93,-0.01,-0.1686,719582.37,427108.887,2.2566,3.6497,0.68,6.9911,4.4487,0.7264,0.2607,0.1782,4.971,4.971,318872.2696,318872.2696,197162.4464,1887723.836,1887723.836,6.52,5.34,12.005
600782,新钢股份,普钢,江西,19961225,600782.SH,20220309,6.04,6.1,5.66,5.93,6.04,-0.11,-1.8212,866882.6,513496.098,2.7186,4.3968,0.85,7.0029,4.4562,0.7276,0.2611,0.1785,4.9626,4.9626,318872.2696,318872.2696,197162.4464,1890912.5587,1890912.5587,6.64,5.44,12.005
600782,新钢股份,普钢,江西,19961225,600782.SH,20220308,6.25,6.28,6.01,6.04,6.3,-0.26,-4.127,735601.28,450738.09,2.3069,3.7309,0.68,7.1328,4.5389,0.7411,0.266,0.1818,4.8722,4.8722,318872.2696,318872.2696,197162.4464,1925988.5084,1925988.5084,6.93,5.67,12.005
600782,新钢股份,普钢,江西,19961225,600782.SH,20220307,6.4,6.62,6.25,6.3,6.34,-0.04,-0.6309,923944.28,591298.851,2.8975,4.6862,0.94,7.4398,4.7343,0.773,0.2774,0.1896,4.6712,4.6712,318872.2696,318872.2696,197162.4464,2008895.2985,2008895.2985,6.97,5.71,12.005
600782,新钢股份,普钢,江西,19961225,600782.SH,20220304,6.27,6.44,6.12,6.34,6.32,0.02,0.3165,1585049.74,998335.096,4.9708,8.0393,1.83,7.4871,4.7643,0.7779,0.2792,0.1908,4.6417,4.6417,318872.2696,318872.2696,197162.4464,2021650.1893,2021650.1893,6.95,5.69,12.005
600782,新钢股份,普钢,江西,19961225,600782.SH,20220303,6.16,6.37,6.12,6.32,6.12,0.2,3.268,1149571.02,721635.776,3.6051,5.8306,1.4,7.4635,4.7493,0.7754,0.2783,0.1902,4.6564,4.6564,318872.2696,318872.2696,197162.4464,2015272.7439,2015272.7439,6.73,5.51,12.005
600782,新钢股份,普钢,江西,19961225,600782.SH,20220302,6.04,6.19,6.03,6.12,6.08,0.04,0.6579,679233.06,416231.218,2.1301,3.445,0.87,7.2273,4.599,0.7509,0.2695,0.1842,4.8085,4.8085,318872.2696,318872.2696,197162.4464,1951498.29,1951498.29,6.69,5.47,12.005
600782,新钢股份,普钢,江西,19961225,600782.SH,20220301,5.96,6.22,5.95,6.08,5.92,0.16,2.7027,1084276.88,662692.744,3.4003,5.4994,1.56,7.18,4.5689,0.746,0.2677,0.183,4.8402,4.8402,318872.2696,318872.2696,197162.4464,1938743.3992,1938743.3992,6.51,5.33,12.005
600782,新钢股份,普钢,江西,19961225,600782.SH,20220228,5.9,5.98,5.84,5.92,5.87,0.05,0.8518,436531.97,257567.947,1.369,2.2141,0.59,6.9911,4.4487,0.7264,0.2607,0.1782,4.971,4.971,318872.2696,318872.2696,197162.4464,1887723.836,1887723.836,6.46,5.28,12.005
600782,新钢股份,普钢,江西,19961225,600782.SH,20220225,5.75,6.04,5.75,5.87,5.75,0.12,2.087,978541.35,579861.725,3.0688,4.9631,1.3,6.932,4.4111,0.7202,0.2585,0.1767,5.0133,5.0133,318872.2696,318872.2696,197162.4464,1871780.2226,1871780.2226,6.33,5.18,12.005
600782,新钢股份,普钢,江西,19961225,600782.SH,20220224,5.95,5.95,5.65,5.75,5.97,-0.22,-3.6851,916482.18,531451.126,2.8741,4.6484,1.38,6.7903,4.3209,0.7055,0.2532,0.1731,5.118,5.118,318872.2696,318872.2696,197162.4464,1833515.5502,1833515.5502,6.57,5.37,12.005
600782,新钢股份,普钢,江西,19961225,600782.SH,20220223,6.0,6.06,5.93,5.97,6.01,-0.04,-0.6656,465799.07,278039.973,1.4608,2.3625,0.69,7.0501,4.4863,0.7325,0.2629,0.1797,4.9294,4.9294,318872.2696,318872.2696,197162.4464,1903667.4495,1903667.4495,6.61,5.41,12.005
600782,新钢股份,普钢,江西,19961225,600782.SH,20220222,6.12,6.17,5.97,6.01,6.17,-0.16,-2.5932,677141.31,409674.857,2.1236,3.4344,1.11,7.0974,4.5163,0.7374,0.2647,0.1809,4.8965,4.8965,318872.2696,318872.2696,197162.4464,1916422.3403,1916422.3403,6.79,5.55,12.005
600782,新钢股份,普钢,江西,19961225,600782.SH,20220221,6.13,6.22,6.08,6.17,6.16,0.01,0.1623,667796.19,410476.685,2.0942,3.387,1.13,7.2863,4.6366,0.757,0.2717,0.1857,4.7696,4.7696,318872.2696,318872.2696,197162.4464,1967441.9034,1967441.9034,6.78,5.54,12.005
600782,新钢股份,普钢,江西,19961225,600782.SH,20220218,5.89,6.18,5.88,6.16,5.93,0.23,3.8786,1050260.82,640130.736,3.2937,5.3269,2.09,7.2745,4.629,0.7558,0.2713,0.1854,4.7773,4.7773,318872.2696,318872.2696,197162.4464,1964253.1807,1964253.1807,6.52,5.34,12.005
600782,新钢股份,普钢,江西,19961225,600782.SH,20220217,5.98,6.03,5.87,5.93,5.97,-0.04,-0.67,453902.41,270374.354,1.4235,2.3022,0.84,7.0029,4.4562,0.7276,0.2611,0.1785,4.9626,4.9626,318872.2696,318872.2696,197162.4464,1890912.5587,1890912.5587,6.57,5.37,12.005
600782,新钢股份,普钢,江西,19961225,600782.SH,20220216,5.91,6.04,5.91,5.97,5.86,0.11,1.8771,504941.55,302103.156,1.5835,2.561,0.88,7.0501,4.4863,0.7325,0.2629,0.1797,4.9294,4.9294,318872.2696,318872.2696,197162.4464,1903667.4495,1903667.4495,6.45,5.27,12.005
600782,新钢股份,普钢,江西,19961225,600782.SH,20220215,5.85,5.93,5.8,5.86,5.9,-0.04,-0.678,385369.19,225577.815,1.2085,1.9546,0.57,6.9202,4.4036,0.719,0.2581,0.1764,5.0219,5.0219,318872.2696,318872.2696,197162.4464,1868591.4999,1868591.4999,6.49,5.31,12.005
600782,新钢股份,普钢,江西,19961225,600782.SH,20220214,6.01,6.04,5.86,5.9,6.08,-0.18,-2.9605,564558.98,335829.677,1.7705,2.8634,0.79,6.9675,4.4337,0.7239,0.2598,0.1776,4.9878,4.9878,318872.2696,318872.2696,197162.4464,1881346.3906,1881346.3906,6.69,5.47,12.005
600782,新钢股份,普钢,江西,19961225,600782.SH,20220211,6.1,6.21,6.07,6.08,6.15,-0.07,-1.1382,604928.04,371036.13,1.8971,3.0682,0.79,7.18,4.5689,0.746,0.2677,0.183,4.8402,4.8402,318872.2696,318872.2696,197162.4464,1938743.3992,1938743.3992,6.77,5.54,12.005
600782,新钢股份,普钢,江西,19961225,600782.SH,20220210,6.01,6.15,5.99,6.15,6.03,0.12,1.99,628735.53,382437.507,1.9717,3.1889,0.85,7.2627,4.6215,0.7546,0.2708,0.1851,4.7851,4.7851,318872.2696,318872.2696,197162.4464,1961064.458,1961064.458,6.63,5.43,12.005
600782,新钢股份,普钢,江西,19961225,600782.SH,20220209,6.02,6.1,5.98,6.03,6.06,-0.03,-0.495,672065.53,405439.615,2.1076,3.4087,0.95,7.121,4.5314,0.7399,0.2655,0.1815,4.8803,4.8803,318872.2696,318872.2696,197162.4464,1922799.7857,1922799.7857,6.67,5.45,12.005
600782,新钢股份,普钢,江西,19961225,600782.SH,20220208,5.88,6.07,5.84,6.06,5.86,0.2,3.413,911701.61,541824.749,2.8591,4.6241,1.44,7.1564,4.5539,0.7435,0.2669,0.1824,4.8561,4.8561,318872.2696,318872.2696,197162.4464,1932365.9538,1932365.9538,6.45,5.27,12.005
600782,新钢股份,普钢,江西,19961225,600782.SH,20220207,5.63,5.89,5.63,5.86,5.57,0.29,5.2065,743453.54,433106.504,2.3315,3.7708,1.23,6.9202,4.4036,0.719,0.2581,0.1764,5.0219,5.0219,318872.2696,318872.2696,197162.4464,1868591.4999,1868591.4999,6.13,5.01,12.005
600782,新钢股份,普钢,江西,19961225,600782.SH,20220128,5.74,5.75,5.36,5.57,5.66,-0.09,-1.5901,881677.48,486605.173,2.765,4.4718,1.56,6.5778,4.1857,0.6834,0.2453,0.1677,5.2834,5.2834,318872.2696,318872.2696,197162.4464,1776118.5417,1776118.5417,6.23,5.09,12.005
600782,新钢股份,普钢,江西,19961225,600782.SH,20220127,5.73,5.76,5.61,5.66,5.77,-0.11,-1.9064,502580.59,285939.406,1.5761,2.5491,0.76,6.684,4.2533,0.6945,0.2492,0.1704,5.1993,5.1993,318872.2696,318872.2696,197162.4464,1804817.0459,1804817.0459,6.35,5.19,12.005
600782,新钢股份,普钢,江西,19961225,600782.SH,20220126,5.64,5.81,5.54,5.77,5.66,0.11,1.9435,505631.5,288451.063,1.5857,2.5645,0.54,6.814,4.336,0.708,0.2541,0.1737,5.1002,5.1002,318872.2696,318872.2696,197162.4464,1839892.9956,1839892.9956,6.23,5.09,12.005
600782,新钢股份,普钢,江西,19961225,600782.SH,20220125,5.88,5.89,5.65,5.66,5.92,-0.26,-4.3919,538123.84,310426.743,1.6876,2.7293,0.53,6.684,4.2533,0.6945,0.2492,0.1704,5.1993,5.1993,318872.2696,318872.2696,197162.4464,1804817.0459,1804817.0459,6.51,5.33,12.005
600782,新钢股份,普钢,江西,19961225,600782.SH,20220124,5.88,6.01,5.73,5.92,5.88,0.04,0.6803,591467.12,349437.878,1.8549,2.9999,0.6,6.9911,4.4487,0.7264,0.2607,0.1782,4.971,4.971,318872.2696,318872.2696,197162.4464,1887723.836,1887723.836,6.47,5.29,12.005
600782,新钢股份,普钢,江西,19961225,600782.SH,20220121,6.03,6.05,5.87,5.88,6.05,-0.17,-2.8099,682034.08,404090.21,2.1389,3.4592,0.73,6.9439,4.4186,0.7215,0.2589,0.177,5.0048,5.0048,318872.2696,318872.2696,197162.4464,1874968.9452,1874968.9452,6.66,5.45,12.005
600782,新钢股份,普钢,江西,19961225,600782.SH,20220120,6.09,6.3,6.02,6.05,6.1,-0.05,-0.8197,983067.08,602213.504,3.0829,4.9861,1.11,7.1446,4.5464,0.7423,0.2664,0.1821,4.8642,4.8642,318872.2696,318872.2696,197162.4464,1929177.2311,1929177.2311,6.71,5.49,12.005
600782,新钢股份,普钢,江西,19961225,600782.SH,20220119,5.87,6.19,5.86,6.1,5.75,0.35,6.087,1925623.09,1167038.522,6.0389,9.7667,2.74,7.2037,4.584,0.7484,0.2686,0.1836,4.8243,4.8243,318872.2696,318872.2696,197162.4464,1945120.8446,1945120.8446,6.33,5.18,12.005
600782,新钢股份,普钢,江西,19961225,600782.SH,20220118,5.58,5.82,5.52,5.75,5.57,0.18,3.2316,930358.05,529220.942,2.9177,4.7187,1.27,6.7903,4.3209,0.7055,0.2532,0.1731,5.118,5.118,318872.2696,318872.2696,197162.4464,1833515.5502,1833515.5502,6.13,5.01,12.005
600782,新钢股份,普钢,江西,19961225,600782.SH,20220117,5.55,5.6,5.52,5.57,5.6,-0.03,-0.5357,376653.42,209462.869,1.1812,1.9104,0.46,6.5778,4.1857,0.6834,0.2453,0.1677,5.2834,5.2834,318872.2696,318872.2696,197162.4464,1776118.5417,1776118.5417,6.16,5.04,12.005
600782,新钢股份,普钢,江西,19961225,600782.SH,20220114,5.71,5.72,5.59,5.6,5.72,-0.12,-2.0979,483263.42,272199.069,1.5155,2.4511,0.47,6.6132,4.2082,0.6871,0.2466,0.1686,5.255,5.255,318872.2696,318872.2696,197162.4464,1785684.7098,1785684.7098,6.29,5.15,12.005
600782,新钢股份,普钢,江西,19961225,600782.SH,20220113,5.77,5.87,5.72,5.72,5.75,-0.03,-0.5217,692844.85,400642.342,2.1728,3.5141,0.65,6.7549,4.2984,0.7018,0.2519,0.1722,5.1448,5.1448,318872.2696,318872.2696,197162.4464,1823949.3821,1823949.3821,6.33,5.18,12.005
600782,新钢股份,普钢,江西,19961225,600782.SH,20220112,5.97,5.97,5.7,5.75,5.96,-0.21,-3.5235,1032130.0,594725.875,3.2368,5.2349,1.08,6.7903,4.3209,0.7055,0.2532,0.1731,5.118,5.118,318872.2696,318872.2696,197162.4464,1833515.5502,1833515.5502,6.56,5.36,12.005
600782,新钢股份,普钢,江西,19961225,600782.SH,20220111,5.79,6.05,5.79,5.96,5.78,0.18,3.1142,1065443.87,635889.26,3.3413,5.4039,1.25,7.0383,4.4788,0.7313,0.2625,0.1794,4.9376,4.9376,318872.2696,318872.2696,197162.4464,1900478.7268,1900478.7268,6.36,5.2,12.005
600782,新钢股份,普钢,江西,19961225,600782.SH,20220110,5.79,5.86,5.69,5.78,5.72,0.06,1.049,852083.04,490472.142,2.6722,4.3217,1.12,6.8258,4.3435,0.7092,0.2545,0.174,5.0914,5.0914,318872.2696,318872.2696,197162.4464,1843081.7183,1843081.7183,6.29,5.15,12.005
600782,新钢股份,普钢,江西,19961225,600782.SH,20220107,5.48,5.83,5.47,5.72,5.47,0.25,4.5704,1551150.21,885028.199,4.8645,7.8674,2.82,6.7549,4.2984,0.7018,0.2519,0.1722,5.1448,5.1448,318872.2696,318872.2696,197162.4464,1823949.3821,1823949.3821,6.02,4.92,12.005
600782,新钢股份,普钢,江西,19961225,600782.SH,20220106,5.32,5.52,5.3,5.47,5.33,0.14,2.6266,825771.06,450708.894,2.5897,4.1883,1.73,6.4597,4.1105,0.6712,0.2409,0.1647,5.3799,5.3799,318872.2696,318872.2696,197162.4464,1744231.3147,1744231.3147,5.86,4.8,12.005
600782,新钢股份,普钢,江西,19961225,600782.SH,20220105,5.37,5.41,5.31,5.33,5.35,-0.02,-0.3738,471135.96,252250.373,1.4775,2.3896,1.0,6.2943,4.0053,0.654,0.2347,0.1604,5.5212,5.5212,318872.2696,318872.2696,197162.4464,1699589.197,1699589.197,5.89,4.82,12.005
600782,新钢股份,普钢,江西,19961225,600782.SH,20220104,5.28,5.37,5.27,5.35,5.28,0.07,1.3258,576253.42,307835.03,1.8072,2.9227,1.18,6.318,4.0204,0.6564,0.2356,0.161,5.5006,5.5006,318872.2696,318872.2696,197162.4464,1705966.6424,1705966.6424,5.81,4.75,12.005
600782,新钢股份,普钢,江西,19961225,600782.SH,20211231,5.26,5.29,5.22,5.28,5.26,0.02,0.3802,392185.66,206369.862,1.2299,1.9891,0.74,6.2353,3.9678,0.6478,0.2325,0.1589,3.7879,5.5735,318872.2696,318872.2696,197162.4464,1683645.5835,1683645.5835,5.79,4.73,12.005
600782,新钢股份,普钢,江西,19961225,600782.SH,20211230,5.3,5.31,5.25,5.26,5.29,-0.03,-0.5671,480953.56,253877.915,1.5083,2.4394,0.93,6.2117,3.9527,0.6454,0.2316,0.1583,3.8023,5.5947,318872.2696,318872.2696,197162.4464,1677268.1381,1677268.1381,5.82,4.76,12.005
600782,新钢股份,普钢,江西,19961225,600782.SH,20211229,5.29,5.37,5.27,5.29,5.3,-0.01,-0.1887,460002.81,244082.073,1.4426,2.3331,0.87,6.2471,3.9753,0.6491,0.2329,0.1592,3.7807,5.563,318872.2696,318872.2696,197162.4464,1686834.3062,1686834.3062,5.83,4.77,12.005
600782,新钢股份,普钢,江西,19961225,600782.SH,20211228,5.32,5.35,5.27,5.3,5.32,-0.02,-0.3759,454509.77,241065.779,1.4254,2.3053,0.86,6.2589,3.9828,0.6503,0.2334,0.1595,3.7736,5.5525,318872.2696,318872.2696,197162.4464,1690023.0289,1690023.0289,5.85,4.79,12.005
600782,新钢股份,普钢,江西,19961225,600782.SH,20211227,5.38,5.39,5.29,5.32,5.43,-0.11,-2.0258,656577.9,350228.594,2.0591,3.3301,1.28,6.2825,3.9978,0.6527,0.2343,0.1601,3.7594,5.5316,318872.2696,318872.2696,197162.4464,1696400.4743,1696400.4743,5.97,4.89,12.005
600782,新钢股份,普钢,江西,19961225,600782.SH,20211224,5.62,5.63,5.42,5.43,5.6,-0.17,-3.0357,584975.34,320878.501,1.8345,2.967,1.05,6.4124,4.0805,0.6662,0.2391,0.1635,3.6832,5.4196,318872.2696,318872.2696,197162.4464,1731476.4239,1731476.4239,6.16,5.04,12.005
600782,新钢股份,普钢,江西,19961225,600782.SH,20211223,5.59,5.63,5.55,5.6,5.57,0.03,0.5386,433900.76,242511.185,1.3607,2.2007,0.61,6.6132,4.2082,0.6871,0.2466,0.1686,3.5714,5.255,318872.2696,318872.2696,197162.4464,1785684.7098,1785684.7098,6.13,5.01,12.005
600782,新钢股份,普钢,江西,19961225,600782.SH,20211222,5.65,5.68,5.56,5.57,5.65,-0.08,-1.4159,516855.87,289764.794,1.6209,2.6215,0.76,6.5778,4.1857,0.6834,0.2453,0.1677,3.5907,5.2834,318872.2696,318872.2696,197162.4464,1776118.5417,1776118.5417,6.22,5.09,12.005
600782,新钢股份,普钢,江西,19961225,600782.SH,20211221,5.55,5.67,5.52,5.65,5.57,0.08,1.4363,443642.4,248921.051,1.3913,2.2465,0.62,6.6722,4.2458,0.6932,0.2488,0.1701,3.5398,5.2085,318872.2696,318872.2696,197477.4222,1801628.3232,1801628.3232,6.13,5.01,12.005
600782,新钢股份,普钢,江西,19961225,600782.SH,20211220,5.68,5.78,5.55,5.57,5.69,-0.12,-2.109,575619.34,323896.061,1.8052,2.9149,0.84,6.5778,4.1857,0.6834,0.2453,0.1677,3.5907,5.2834,318872.2696,318872.2696,197477.4222,1776118.5417,1776118.5417,6.26,5.12,12.005
600782,新钢股份,普钢,江西,19961225,600782.SH,20211217,5.71,5.79,5.67,5.69,5.71,-0.02,-0.3503,822928.86,471110.503,2.5807,4.1672,1.31,6.7195,4.2759,0.6981,0.2506,0.1713,3.5149,5.1719,318872.2696,318872.2696,197477.4222,1814383.214,1814383.214,6.28,5.14,12.005
600782,新钢股份,普钢,江西,19961225,600782.SH,20211216,5.46,5.73,5.45,5.71,5.45,0.26,4.7706,1180259.9,667470.989,3.7014,5.9767,2.28,6.7431,4.2909,0.7006,0.2514,0.1719,3.5026,5.1538,318872.2696,318872.2696,197477.4222,1820760.6594,1820760.6594,6.0,4.91,12.005
600782,新钢股份,普钢,江西,19961225,600782.SH,20211215,5.44,5.52,5.42,5.45,5.45,0.0,0.0,385760.1,211145.516,1.2098,1.9534,0.63,6.4361,4.0955,0.6687,0.24,0.1641,3.6697,5.3997,318872.2696,318872.2696,197477.4222,1737853.8693,1737853.8693,6.0,4.91,12.005
600782,新钢股份,普钢,江西,19961225,600782.SH,20211214,5.61,5.61,5.44,5.45,5.62,-0.17,-3.0249,616151.1,338400.685,1.9323,3.1201,0.82,6.4361,4.0955,0.6687,0.24,0.1641,3.6697,5.3997,318872.2696,318872.2696,197477.4222,1737853.8693,1737853.8693,6.18,5.06,12.005
600782,新钢股份,普钢,江西,19961225,600782.SH,20211213,5.61,5.66,5.59,5.62,5.6,0.02,0.3571,429135.49,241585.122,1.3458,2.1731,0.46,6.6368,4.2233,0.6896,0.2475,0.1692,3.5587,5.2363,318872.2696,318872.2696,197477.4222,1792062.1552,1792062.1552,6.16,5.04,12.005
600782,新钢股份,普钢,江西,19961225,600782.SH,20211210,5.67,5.72,5.58,5.6,5.69,-0.09,-1.5817,538706.96,303460.356,1.6894,2.7279,0.54,6.6132,4.2082,0.6871,0.2466,0.1686,3.5714,5.255,318872.2696,318872.2696,197477.4222,1785684.7098,1785684.7098,6.26,5.12,12.005
600782,新钢股份,普钢,江西,19961225,600782.SH,20211209,5.73,5.78,5.68,5.69,5.76,-0.07,-1.2153,623548.32,356294.424,1.9555,3.1576,0.58,6.7195,4.2759,0.6981,0.2506,0.1713,3.5149,5.1719,318872.2696,318872.2696,197477.4222,1814383.214,1814383.214,6.34,5.18,12.005
600782,新钢股份,普钢,江西,19961225,600782.SH,20211208,5.78,5.8,5.68,5.76,5.79,-0.03,-0.5181,870696.55,498869.338,2.7305,4.4091,0.81,6.8021,4.3285,0.7067,0.2536,0.1734,3.4722,5.1091,318872.2696,318872.2696,197477.4222,1836704.2729,1836704.2729,6.37,5.21,12.005
600782,新钢股份,普钢,江西,19961225,600782.SH,20211207,5.69,5.84,5.58,5.79,5.62,0.17,3.0249,1301889.25,745720.595,4.0828,6.5926,1.3,6.8376,4.351,0.7104,0.255,0.1743,3.4542,5.0826,318872.2696,318872.2696,197477.4222,1846270.441,1846270.441,6.18,5.06,12.005
600782,新钢股份,普钢,江西,19961225,600782.SH,20211206,5.58,5.82,5.58,5.62,5.56,0.06,1.0791,1362394.79,776235.212,4.2725,6.899,1.3,6.6368,4.2233,0.6896,0.2475,0.1692,3.5587,5.2363,318872.2696,318872.2696,197477.4222,1792062.1552,1792062.1552,6.12,5.0,12.005
600782,新钢股份,普钢,江西,19961225,600782.SH,20211203,5.54,5.58,5.43,5.56,5.53,0.03,0.5425,795902.41,438920.245,2.496,4.0303,0.63,6.566,4.1782,0.6822,0.2448,0.1674,3.5971,5.2929,318872.2696,318872.2696,197477.4222,1772929.819,1772929.819,6.08,4.98,12.005
600782,新钢股份,普钢,江西,19961225,600782.SH,20211202,5.4,5.6,5.38,5.53,5.45,0.08,1.4679,1049671.26,577095.392,3.2918,5.3154,0.89,6.5305,4.1556,0.6785,0.2435,0.1665,3.6166,5.3216,318872.2696,318872.2696,197477.4222,1763363.6509,1763363.6509,6.0,4.91,12.005
600782,新钢股份,普钢,江西,19961225,600782.SH,20211201,5.35,5.47,5.27,5.45,5.34,0.11,2.0599,851898.46,458550.025,2.6716,4.3139,0.71,6.4361,4.0955,0.6687,0.24,0.1641,3.6697,5.3997,318872.2696,318872.2696,197477.4222,1737853.8693,1737853.8693,5.87,4.81,12.005
600782,新钢股份,普钢,江西,19961225,600782.SH,20211130,5.44,5.52,5.3,5.34,5.45,-0.11,-2.0183,947190.47,511571.629,2.9704,4.7964,0.74,6.3062,4.0128,0.6552,0.2352,0.1607,3.7453,5.5109,318872.2696,318872.2696,197477.4222,1702777.9197,1702777.9197,6.0,4.91,12.005
600782,新钢股份,普钢,江西,19961225,600782.SH,20211129,5.51,5.53,5.35,5.45,5.67,-0.22,-3.8801,1591428.12,865042.627,4.9908,8.0588,1.42,6.4361,4.0955,0.6687,0.24,0.1641,3.6697,5.3997,318872.2696,318872.2696,197477.4222,1737853.8693,1737853.8693,6.24,5.1,12.005
600782,新钢股份,普钢,江西,19961225,600782.SH,20211126,5.35,5.81,5.28,5.67,5.39,0.28,5.1948,1906616.87,1067072.676,5.9792,9.6549,2.18,6.6959,4.2608,0.6957,0.2497,0.1707,3.5273,5.1902,318872.2696,318872.2696,197477.4222,1808005.7686,1808005.7686,5.93,4.85,12.005
600782,新钢股份,普钢,江西,19961225,600782.SH,20211125,5.52,5.52,5.37,5.39,5.5,-0.11,-2.0,631335.0,341838.949,1.9799,3.197,0.73,6.3652,4.0504,0.6613,0.2374,0.1623,3.7106,5.4598,318872.2696,318872.2696,197477.4222,1718721.5331,1718721.5331,6.05,4.95,12.005
600782,新钢股份,普钢,江西,19961225,600782.SH,20211124,5.39,5.53,5.35,5.5,5.37,0.13,2.4209,943421.61,514883.512,2.9586,4.7774,1.22,6.4951,4.1331,0.6748,0.2422,0.1656,3.6364,5.3506,318872.2696,318872.2696,197477.4222,1753797.4828,1753797.4828,5.91,4.83,12.005
600782,新钢股份,普钢,江西,19961225,600782.SH,20211123,5.31,5.51,5.27,5.37,5.26,0.11,2.0913,1329651.46,719191.261,4.1699,6.7332,2.09,6.3416,4.0354,0.6589,0.2365,0.1616,3.7244,5.4801,318872.2696,318872.2696,197477.4222,1712344.0878,1712344.0878,5.79,4.73,12.005
600782,新钢股份,普钢,江西,19961225,600782.SH,20211122,5.33,5.39,5.25,5.26,5.3,-0.04,-0.7547,807137.06,428069.957,2.5312,4.0872,1.35,6.2117,3.9527,0.6454,0.2316,0.1583,3.8023,5.5947,318872.2696,318872.2696,197477.4222,1677268.1381,1677268.1381,5.83,4.77,12.005
600782,新钢股份,普钢,江西,19961225,600782.SH,20211119,5.18,5.32,5.1,5.3,5.17,0.13,2.5145,660998.46,345320.125,2.0729,3.3472,1.02,6.2589,3.9828,0.6503,0.2334,0.1595,3.7736,5.5525,318872.2696,318872.2696,197477.4222,1690023.0289,1690023.0289,5.69,4.65,12.005
600782,新钢股份,普钢,江西,19961225,600782.SH,20211118,5.17,5.25,5.15,5.17,5.17,0.0,0.0,556858.84,289558.802,1.7463,2.8199,0.75,6.1054,3.8851,0.6343,0.2277,0.1556,3.8685,5.6921,318872.2696,318872.2696,197477.4222,1648569.6338,1648569.6338,5.69,4.65,12.005
600782,新钢股份,普钢,江西,19961225,600782.SH,20211117,5.13,5.24,5.12,5.17,5.15,0.02,0.3883,510400.05,264296.587,1.6006,2.5846,0.63,6.1054,3.8851,0.6343,0.2277,0.1556,3.8685,5.6921,318872.2696,318872.2696,197477.4222,1648569.6338,1648569.6338,5.67,4.64,12.005
600782,新钢股份,普钢,江西,19961225,600782.SH,20211116,5.29,5.31,5.13,5.15,5.29,-0.14,-2.6465,644925.11,335871.95,2.0225,3.2658,0.82,6.0818,3.8701,0.6319,0.2268,0.155,3.8835,5.7142,318872.2696,318872.2696,197477.4222,1642192.1884,1642192.1884,5.82,4.76,12.005
600782,新钢股份,普钢,江西,19961225,600782.SH,20211115,5.27,5.31,5.21,5.29,5.27,0.02,0.3795,605757.98,318818.073,1.8997,3.0675,0.77,6.2471,3.9753,0.6491,0.2329,0.1592,3.7807,5.563,318872.2696,318872.2696,197477.4222,1686834.3062,1686834.3062,5.8,4.74,12.005
600782,新钢股份,普钢,江西,19961225,600782.SH,20211112,5.52,5.52,5.27,5.27,5.52,-0.25,-4.529,938173.07,502776.432,2.9422,4.7508,1.24,6.2235,3.9602,0.6466,0.2321,0.1586,3.7951,5.5841,318872.2696,318872.2696,197477.4222,1680456.8608,1680456.8608,6.07,4.97,12.005
600782,新钢股份,普钢,江西,19961225,600782.SH,20211111,5.45,5.56,5.34,5.52,5.36,0.16,2.9851,1021091.14,557177.543,3.2022,5.1707,1.5,6.5187,4.1481,0.6773,0.2431,0.1662,3.6232,5.3312,318872.2696,318872.2696,197477.4222,1760174.9282,1760174.9282,5.9,4.82,12.005
600782,新钢股份,普钢,江西,19961225,600782.SH,20211110,5.28,5.38,5.15,5.36,5.39,-0.03,-0.5566,848122.73,445617.021,2.6598,4.2948,1.32,6.3298,4.0279,0.6577,0.236,0.1613,3.7313,5.4903,318872.2696,318872.2696,197477.4222,1709155.3651,1709155.3651,5.93,4.85,12.005
600782,新钢股份,普钢,江西,19961225,600782.SH,20211109,5.46,5.49,5.33,5.39,5.43,-0.04,-0.7366,519676.87,280369.397,1.6297,2.6316,0.68,6.3652,4.0504,0.6613,0.2374,0.1623,3.7106,5.4598,318872.2696,318872.2696,197477.4222,1718721.5331,1718721.5331,5.97,4.89,12.005
600782,新钢股份,普钢,江西,19961225,600782.SH,20211108,5.4,5.55,5.38,5.43,5.37,0.06,1.1173,617401.15,337292.256,1.9362,3.1264,0.78,6.4124,4.0805,0.6662,0.2391,0.1635,3.6832,5.4196,318872.2696,318872.2696,197477.4222,1731476.4239,1731476.4239,5.91,4.83,12.005
600782,新钢股份,普钢,江西,19961225,600782.SH,20211105,5.49,5.51,5.33,5.37,5.58,-0.21,-3.7634,787772.05,426296.257,2.4705,3.9892,1.07,6.3416,4.0354,0.6589,0.2365,0.1616,3.7244,5.4801,318872.2696,318872.2696,197477.4222,1712344.0878,1712344.0878,6.14,5.02,12.005
600782,新钢股份,普钢,江西,19961225,600782.SH,20211104,5.7,5.73,5.52,5.58,5.72,-0.14,-2.4476,633734.8,353520.7,1.9874,3.2092,0.81,6.5896,4.1932,0.6846,0.2457,0.168,3.5842,5.2739,318872.2696,318872.2696,197477.4222,1779307.2644,1779307.2644,6.29,5.15,12.005
600782,新钢股份,普钢,江西,19961225,600782.SH,20211103,5.66,5.77,5.6,5.72,5.67,0.05,0.8818,657274.8,373424.812,2.0612,3.3284,0.84,6.7549,4.2984,0.7018,0.2519,0.1722,3.4965,5.1448,318872.2696,318872.2696,197477.4222,1823949.3821,1823949.3821,6.24,5.1,12.005
600782,新钢股份,普钢,江西,19961225,600782.SH,20211102,5.9,5.96,5.55,5.67,5.93,-0.26,-4.3845,1110250.07,635673.996,3.4818,5.6311,1.65,6.6959,4.2608,0.6957,0.2497,0.1707,3.5273,5.1902,318872.2696,318872.2696,197162.4464,1808005.7686,1808005.7686,6.52,5.34,12.005
600782,新钢股份,普钢,江西,19961225,600782.SH,20211101,5.85,6.0,5.81,5.93,5.91,0.02,0.3384,772993.07,457630.484,2.4241,3.9206,1.11,7.0029,4.4562,0.7276,0.2611,0.1785,3.3727,4.9626,318872.2696,318872.2696,197162.4464,1890912.5587,1890912.5587,6.5,5.32,12.005
600782,新钢股份,普钢,江西,19961225,600782.SH,20211029,5.88,6.02,5.86,5.91,5.85,0.06,1.0256,519500.98,307187.467,1.6292,3.4991,0.55,6.9793,4.698,0.7549,0.2603,0.1981,3.3841,4.9794,318872.2696,318872.2696,148467.7076,1884535.1133,1884535.1133,6.44,5.27,12.005
600782,新钢股份,普钢,江西,19961225,600782.SH,20211028,5.95,5.99,5.76,5.85,5.98,-0.13,-2.1739,857092.52,501956.219,2.6879,5.7729,0.9,6.9084,4.6503,0.7473,0.2576,0.1961,3.4188,5.0305,318872.2696,318872.2696,148467.7076,1865402.7772,1865402.7772,6.58,5.38,12.005
600782,新钢股份,普钢,江西,19961225,600782.SH,20211027,6.15,6.22,5.96,5.98,6.16,-0.18,-2.9221,639078.53,386953.174,2.0042,4.3045,0.63,7.0619,4.7537,0.7639,0.2633,0.2004,3.3445,4.9211,318872.2696,318872.2696,148467.7076,1906856.1722,1906856.1722,6.78,5.54,12.005
600782,新钢股份,普钢,江西,19961225,600782.SH,20211026,6.19,6.35,6.13,6.16,6.22,-0.06,-0.9646,576516.05,358868.267,1.808,3.8831,0.54,7.2745,4.8967,0.7869,0.2713,0.2065,3.2468,4.7773,318872.2696,318872.2696,148467.7076,1964253.1807,1964253.1807,6.84,5.6,12.005
600782,新钢股份,普钢,江西,19961225,600782.SH,20211025,6.09,6.25,5.97,6.22,6.06,0.16,2.6403,905275.96,558099.701,2.839,6.0975,0.89,7.3454,4.9444,0.7945,0.2739,0.2085,3.2154,4.7312,318872.2696,318872.2696,148467.7076,1983385.5169,1983385.5169,6.67,5.45,12.005
600782,新钢股份,普钢,江西,19961225,600782.SH,20211022,6.54,6.62,6.02,6.06,6.53,-0.47,-7.1975,1722656.57,1070981.196,5.4023,11.6029,2.15,7.1564,4.8173,0.7741,0.2669,0.2031,3.3003,4.8561,318872.2696,318872.2696,148467.7076,1932365.9538,1932365.9538,7.18,5.88,12.005
600782,新钢股份,普钢,江西,19961225,600782.SH,20211021,6.6,6.75,6.48,6.53,6.55,-0.02,-0.3053,941789.23,626207.027,2.9535,6.3434,1.32,7.7115,5.1909,0.8341,0.2876,0.2189,3.0628,4.5066,318872.2696,318872.2696,148467.7076,2082235.9205,2082235.9205,7.21,5.9,12.005
600782,新钢股份,普钢,江西,19961225,600782.SH,20211020,6.52,6.66,6.25,6.55,6.69,-0.14,-2.0927,895122.94,583287.465,2.8072,6.0291,1.34,7.7351,5.2068,0.8367,0.2884,0.2195,3.0534,4.4929,318872.2696,318872.2696,148467.7076,2088613.3659,2088613.3659,7.36,6.02,12.005
600782,新钢股份,普钢,江西,19961225,600782.SH,20211019,6.56,6.72,6.4,6.69,6.57,0.12,1.8265,868084.55,570405.772,2.7224,5.847,1.24,7.9004,5.3181,0.8546,0.2946,0.2242,2.9895,4.3988,318872.2696,318872.2696,148467.7076,2133255.4836,2133255.4836,7.23,5.91,12.005
600782,新钢股份,普钢,江西,19961225,600782.SH,20211018,6.49,6.68,6.43,6.57,6.51,0.06,0.9217,655765.73,430263.109,2.0565,4.4169,0.93,7.7587,5.2227,0.8393,0.2893,0.2202,3.0441,4.4792,318872.2696,318872.2696,148467.7076,2094990.8113,2094990.8113,7.16,5.86,12.005
600782,新钢股份,普钢,江西,19961225,600782.SH,20211015,6.66,6.66,6.39,6.51,6.62,-0.11,-1.6616,639684.15,415984.067,2.0061,4.3086,0.92,7.6878,5.175,0.8316,0.2867,0.2182,3.0722,4.5205,318872.2696,318872.2696,148467.7076,2075858.4751,2075858.4751,7.28,5.96,12.005
600782,新钢股份,普钢,江西,19961225,600782.SH,20211014,6.61,6.7,6.51,6.62,6.61,0.01,0.1513,501462.9,332098.244,1.5726,3.3776,0.65,7.8177,5.2624,0.8456,0.2915,0.2219,3.0211,4.4454,318872.2696,318872.2696,148467.7076,2110934.4248,2110934.4248,7.27,5.95,12.005
600782,新钢股份,普钢,江西,19961225,600782.SH,20211013,6.63,6.77,6.41,6.61,6.64,-0.03,-0.4518,669662.03,440198.094,2.1001,4.5105,0.81,7.8059,5.2545,0.8444,0.2911,0.2215,3.0257,4.4521,318872.2696,318872.2696,148467.7076,2107745.7021,2107745.7021,7.3,5.98,12.005
600782,新钢股份,普钢,江西,19961225,600782.SH,20211012,6.97,7.04,6.45,6.64,6.99,-0.35,-5.0072,1044065.74,695219.042,3.2742,7.0323,1.28,7.8414,5.2783,0.8482,0.2924,0.2225,3.012,4.432,318872.2696,318872.2696,148467.7076,2117311.8701,2117311.8701,7.69,6.29,12.005
600782,新钢股份,普钢,江西,19961225,600782.SH,20211011,6.98,7.05,6.71,6.99,7.03,-0.04,-0.569,663277.65,458530.325,2.0801,4.4675,0.69,8.2547,5.5565,0.8929,0.3078,0.2343,2.8612,4.2101,318872.2696,318872.2696,148467.7076,2228917.1645,2228917.1645,7.73,6.33,12.005
600782,新钢股份,普钢,江西,19961225,600782.SH,20211008,7.24,7.27,6.93,7.03,7.13,-0.1,-1.4025,600671.66,422843.46,1.8837,4.0458,0.59,8.3019,5.5883,0.898,0.3096,0.2356,2.845,4.1861,318872.2696,318872.2696,148467.7076,2241672.0553,2241672.0553,7.84,6.42,12.005
600782,新钢股份,普钢,江西,19961225,600782.SH,20210930,7.04,7.2,6.94,7.13,7.01,0.12,1.7118,886628.4,626546.661,2.7805,5.9719,0.87,8.42,5.6678,0.9108,0.314,0.239,2.805,4.1274,318872.2696,318872.2696,148467.7076,2273559.2822,2273559.2822,7.71,6.31,12.005
600782,新钢股份,普钢,江西,19961225,600782.SH,20210929,7.49,7.53,6.96,7.01,7.55,-0.54,-7.1523,934012.92,668384.012,2.9291,6.291,0.96,8.2783,5.5724,0.8955,0.3087,0.2349,2.8531,4.198,318872.2696,318872.2696,148467.7076,2235294.6099,2235294.6099,8.31,6.8,12.005
600782,新钢股份,普钢,江西,19961225,600782.SH,20210928,7.8,7.86,7.48,7.55,7.8,-0.25,-3.2051,993967.63,756418.427,3.1171,6.6948,1.01,8.916,6.0017,0.9644,0.3325,0.253,2.649,3.8978,318872.2696,318872.2696,148467.7076,2407485.6355,2407485.6355,8.58,7.02,12.005
600782,新钢股份,普钢,江西,19961225,600782.SH,20210927,8.2,8.41,7.65,7.8,8.26,-0.46,-5.569,1404721.33,1102243.529,4.4053,9.4615,1.56,9.2112,6.2004,0.9964,0.3435,0.2614,2.5641,3.7729,318872.2696,318872.2696,148467.7076,2487203.7029,2487203.7029,9.09,7.43,12.005
600782,新钢股份,普钢,江西,19961225,600782.SH,20210924,8.72,8.83,8.23,8.26,8.8,-0.54,-6.1364,841043.49,712723.573,2.6376,5.6648,0.96,9.7545,6.5661,1.0551,0.3637,0.2768,2.4213,3.5627,318872.2696,318872.2696,148467.7076,2633884.9469,2633884.9469,9.68,7.92,12.005
600782,新钢股份,普钢,江西,19961225,600782.SH,20210923,9.01,9.29,8.7,8.8,8.94,-0.14,-1.566,897708.04,799876.223,2.8153,6.0465,1.01,10.3922,6.9954,1.1241,0.3875,0.2949,2.2727,3.3441,318872.2696,318872.2696,148467.7076,2806075.9725,2806075.9725,9.83,8.05,12.005
600782,新钢股份,普钢,江西,19961225,600782.SH,20210922,9.04,9.06,8.68,8.94,9.04,-0.1,-1.1062,726726.53,644105.564,2.2791,4.8948,0.79,10.5575,7.1066,1.142,0.3937,0.2996,2.2371,3.2918,318872.2696,318872.2696,148467.7076,2850718.0902,2850718.0902,9.94,8.14,12.005
600782,新钢股份,普钢,江西,19961225,600782.SH,20210917,9.95,9.96,8.78,9.04,9.75,-0.71,-7.2821,1030629.01,949406.39,3.2321,6.9418,1.12,10.6756,7.1861,1.1548,0.3981,0.303,2.2124,3.2553,318872.2696,318872.2696,148467.7076,2882605.3172,2882605.3172,10.73,8.78,12.005
600782,新钢股份,普钢,江西,19961225,600782.SH,20210916,9.8,10.35,9.73,9.75,9.66,0.09,0.9317,1017795.16,1022288.151,3.1919,6.8553,1.04,11.514,7.7505,1.2455,0.4293,0.3268,2.0513,3.0183,318872.2696,318872.2696,148467.7076,3109004.6286,3109004.6286,10.63,8.69,12.005
600782,新钢股份,普钢,江西,19961225,600782.SH,20210915,9.5,9.94,9.38,9.66,9.58,0.08,0.8351,729178.68,703149.947,2.2867,4.9114,0.73,11.4078,7.679,1.234,0.4254,0.3238,2.0704,3.0464,318872.2696,318872.2696,148467.7076,3080306.1243,3080306.1243,10.54,8.62,12.005
600782,新钢股份,普钢,江西,19961225,600782.SH,20210914,10.0,10.12,9.54,9.58,10.28,-0.7,-6.8093,955332.98,929292.306,2.996,6.4346,0.93,11.3133,7.6154,1.2238,0.4219,0.3211,2.0877,3.0718,318872.2696,318872.2696,148467.7076,3054796.3428,3054796.3428,11.31,9.25,12.005
600782,新钢股份,普钢,江西,19961225,600782.SH,20210913,10.19,10.58,10.03,10.28,10.1,0.18,1.7822,852575.81,873494.288,2.6737,5.7425,0.77,12.1399,8.1718,1.3132,0.4527,0.3445,1.9455,2.8627,318872.2696,318872.2696,148467.7076,3278006.9315,3278006.9315,11.11,9.09,12.005
600782,新钢股份,普钢,江西,19961225,600782.SH,20210910,10.22,10.78,10.01,10.1,10.42,-0.32,-3.071,1048358.09,1074957.311,3.2877,7.0612,0.94,11.9274,8.0288,1.2902,0.4448,0.3385,1.9802,2.9137,318872.2696,318872.2696,148467.7076,3220609.923,3220609.923,11.46,9.38,12.005
600782,新钢股份,普钢,江西,19961225,600782.SH,20210909,9.6,10.49,9.58,10.42,9.54,0.88,9.2243,1288239.35,1305331.231,4.04,8.6769,1.22,12.3053,8.2831,1.3311,0.4589,0.3492,1.9194,2.8242,318872.2696,318872.2696,148467.7076,3322649.0492,3322649.0492,10.49,8.59,12.005
600782,新钢股份,普钢,江西,19961225,600782.SH,20210908,9.64,9.85,9.41,9.54,9.81,-0.27,-2.7523,871808.67,835694.659,2.734,5.872,0.71,11.266,7.5836,1.2186,0.4201,0.3197,2.0964,3.0847,318872.2696,318872.2696,148467.7076,3042041.452,3042041.452,10.79,8.83,12.005
600782,新钢股份,普钢,江西,19961225,600782.SH,20210907,9.1,9.97,9.08,9.81,9.16,0.65,7.0961,1098891.35,1068959.114,3.4462,7.4016,0.84,11.5849,7.7982,1.2531,0.432,0.3288,2.0387,2.9998,318872.2696,318872.2696,148467.7076,3128136.9648,3128136.9648,10.08,8.24,12.005
600782,新钢股份,普钢,江西,19961225,600782.SH,20210906,8.45,9.2,8.45,9.16,8.5,0.66,7.7647,1205156.48,1070705.974,3.7794,8.1173,1.01,10.8173,7.2815,1.1701,0.4034,0.307,2.1834,3.2127,318872.2696,318872.2696,148467.7076,2920869.9895,2920869.9895,9.35,7.65,12.005
600782,新钢股份,普钢,江西,19961225,600782.SH,20210903,8.83,8.91,8.25,8.5,8.83,-0.33,-3.7373,1084987.34,927535.055,3.4026,7.3079,1.0,10.0379,6.7569,1.0858,0.3743,0.2849,2.3529,3.4621,318872.2696,318872.2696,148467.7076,2710414.2916,2710414.2916,9.71,7.95,12.005
600782,新钢股份,普钢,江西,19961225,600782.SH,20210902,8.6,8.93,8.35,8.83,8.51,0.32,3.7603,1032147.2,894823.245,3.2369,6.952,0.96,10.4276,7.0192,1.1279,0.3888,0.2959,2.265,3.3328,318872.2696,318872.2696,148467.7076,2815642.1406,2815642.1406,9.36,7.66,12.005
600782,新钢股份,普钢,江西,19961225,600782.SH,20210901,8.71,9.1,8.45,8.51,8.79,-0.28,-3.1854,1718528.34,1514901.013,5.3894,11.5751,2.03,10.0497,6.7648,1.0871,0.3747,0.2852,2.3502,3.4581,318872.2696,318872.2696,148467.7076,2713603.0143,2713603.0143,9.67,7.91,12.005
600782,新钢股份,普钢,江西,19961225,600782.SH,20210831,7.92,8.79,7.91,8.79,7.99,0.8,10.0125,1505326.9,1305247.469,4.7208,10.1391,2.14,10.3804,6.9874,1.1228,0.3871,0.2946,2.2753,3.3479,318872.2696,318872.2696,148467.7076,2802887.2498,2802887.2498,8.79,7.19,12.005
600782,新钢股份,普钢,江西,19961225,600782.SH,20210830,8.07,8.27,7.75,7.99,7.96,0.03,0.3769,650954.87,518087.42,2.0414,4.3845,0.88,9.4356,6.3515,1.0206,0.3518,0.2678,2.5031,3.6831,318872.2696,318872.2696,148467.7076,2547789.4341,2547789.4341,8.76,7.16,12.005
600782,新钢股份,普钢,江西,19961225,600782.SH,20210827,7.95,8.05,7.85,7.96,8.17,-0.21,-2.5704,524355.13,415451.152,1.6444,3.5318,0.64,9.4002,6.3276,1.0168,0.3505,0.2668,2.5126,3.697,318872.2696,318872.2696,148467.7076,2538223.266,2538223.266,8.99,7.35,12.005
600782,新钢股份,普钢,江西,19961225,600782.SH,20210826,7.94,8.24,7.82,8.17,7.87,0.3,3.8119,955785.12,770541.271,2.9974,6.4377,1.16,9.6482,6.4946,1.0436,0.3598,0.2738,2.448,3.602,318872.2696,318872.2696,148467.7076,2605186.4426,2605186.4426,8.66,7.08,12.005
600782,新钢股份,普钢,江西,19961225,600782.SH,20210825,7.94,7.99,7.63,7.87,7.94,-0.07,-0.8816,606429.69,473837.501,1.9018,4.0846,0.73,9.2939,6.2561,1.0053,0.3466,0.2638,2.5413,3.7393,318872.2696,318872.2696,148467.7076,2509524.7618,2509524.7618,8.73,7.15,12.005
600782,新钢股份,普钢,江西,19961225,600782.SH,20210824,7.65,8.13,7.6,7.94,7.61,0.33,4.3364,786603.45,623545.428,2.4668,5.2981,1.05,9.3766,6.3117,1.0143,0.3496,0.2661,2.5189,3.7063,318872.2696,318872.2696,148467.7076,2531845.8206,2531845.8206,8.37,6.85,12.005
600782,新钢股份,普钢,江西,19961225,600782.SH,20210823,7.8,7.88,7.41,7.61,7.79,-0.18,-2.3107,816956.29,619046.899,2.562,5.5026,1.16,8.9869,6.0494,0.9721,0.3351,0.255,2.6281,3.8671,318872.2696,318872.2696,148467.7076,2426617.9717,2426617.9717,8.57,7.01,12.005
600782,新钢股份,普钢,江西,19961225,600782.SH,20210820,7.52,7.87,7.52,7.79,7.57,0.22,2.9062,930555.82,716766.499,2.9183,4.7197,1.48,9.1994,6.1925,0.9951,0.343,0.2611,2.5674,3.7777,318872.2696,318872.2696,197162.4464,2484014.9802,2484014.9802,8.33,6.81,12.005
600782,新钢股份,普钢,江西,19961225,600782.SH,20210819,7.45,7.71,7.11,7.57,7.64,-0.07,-0.9162,977276.63,724767.219,3.0648,4.9567,1.59,8.9396,7.6464,1.0258,0.3334,0.2912,2.642,3.8875,318872.2696,318872.2696,197162.4464,2413863.0809,2413863.0809,8.4,6.88,12.005
600782,新钢股份,普钢,江西,19961225,600782.SH,20210818,7.7,7.86,7.53,7.64,7.67,-0.03,-0.3911,668087.59,511883.108,2.0952,3.3885,1.1,9.0223,7.7171,1.0352,0.3364,0.2939,2.6178,3.8519,318872.2696,318872.2696,197162.4464,2436184.1397,2436184.1397,8.44,6.9,12.005
600782,新钢股份,普钢,江西,19961225,600782.SH,20210817,7.85,8.02,7.6,7.67,7.88,-0.21,-2.665,361305.77,281105.44,1.1331,1.8325,0.57,9.0577,7.7474,1.0393,0.3378,0.295,2.6076,3.8368,318872.2696,318872.2696,197162.4464,2445750.3078,2445750.3078,8.67,7.09,12.005
600782,新钢股份,普钢,江西,19961225,600782.SH,20210816,7.97,8.11,7.72,7.88,7.93,-0.05,-0.6305,574563.51,454862.028,1.8019,2.9142,0.89,9.3057,7.9595,1.0678,0.347,0.3031,2.5381,3.7346,318872.2696,318872.2696,197162.4464,2512713.4844,2512713.4844,8.72,7.14,12.005
600782,新钢股份,普钢,江西,19961225,600782.SH,20210813,8.1,8.26,7.9,7.93,8.25,-0.32,-3.8788,558263.13,448955.932,1.7507,2.8315,0.79,9.3648,8.01,1.0745,0.3492,0.305,2.5221,3.711,318872.2696,318872.2696,197162.4464,2528657.0979,2528657.0979,9.08,7.43,12.005
600782,新钢股份,普钢,江西,19961225,600782.SH,20210812,8.03,8.77,7.87,8.25,8.1,0.15,1.8519,908607.48,758207.281,2.8494,4.6084,1.34,9.7427,8.3333,1.1179,0.3633,0.3173,2.4242,3.5671,318872.2696,318872.2696,197162.4464,2630696.2242,2630696.2242,8.91,7.29,12.005
600782,新钢股份,普钢,江西,19961225,600782.SH,20210811,7.86,8.18,7.74,8.1,7.81,0.29,3.7132,639011.33,510228.023,2.004,3.241,0.87,9.5655,8.1818,1.0976,0.3567,0.3116,2.4691,3.6331,318872.2696,318872.2696,197162.4464,2582865.3838,2582865.3838,8.59,7.03,12.005
600782,新钢股份,普钢,江西,19961225,600782.SH,20210810,7.74,7.89,7.57,7.81,7.63,0.18,2.3591,485904.68,375796.416,1.5238,2.4645,0.59,9.223,7.8888,1.0583,0.3439,0.3004,2.5608,3.768,318872.2696,318872.2696,197162.4464,2490392.4256,2490392.4256,8.39,6.87,12.005
600782,新钢股份,普钢,江西,19961225,600782.SH,20210809,7.56,7.81,7.31,7.63,7.54,0.09,1.1936,639764.07,488562.589,2.0063,3.2449,0.67,9.0105,7.707,1.0339,0.336,0.2935,2.6212,3.8569,318872.2696,318872.2696,197162.4464,2432995.417,2432995.417,8.29,6.79,12.005
600782,新钢股份,普钢,江西,19961225,600782.SH,20210806,7.2,7.63,7.17,7.54,7.22,0.32,4.4321,849602.93,633501.198,2.6644,4.3092,0.84,8.9042,7.6161,1.0217,0.332,0.29,2.6525,3.903,318872.2696,318872.2696,197162.4464,2404296.9128,2404296.9128,7.94,6.5,12.005
600782,新钢股份,普钢,江西,19961225,600782.SH,20210805,7.22,7.36,6.96,7.22,7.26,-0.04,-0.551,764548.4,546886.22,2.3977,3.8778,0.78,8.5263,7.2929,0.9783,0.3179,0.2777,2.7701,4.0759,318872.2696,318872.2696,197162.4464,2302257.7865,2302257.7865,7.99,6.53,12.005
600782,新钢股份,普钢,江西,19961225,600782.SH,20210804,6.79,7.26,6.7,7.26,6.6,0.66,10.0,942082.77,656936.802,2.9544,4.7782,1.02,8.5735,7.3333,0.9838,0.3197,0.2792,2.7548,4.0535,318872.2696,318872.2696,197162.4464,2315012.6773,2315012.6773,7.26,5.94,12.005
600782,新钢股份,普钢,江西,19961225,600782.SH,20210803,6.9,7.06,6.58,6.6,7.08,-0.48,-6.7797,936492.97,632315.884,2.9369,4.7499,1.03,7.7941,6.6666,0.8943,0.2906,0.2539,3.0303,4.4588,318872.2696,318872.2696,197162.4464,2104556.9794,2104556.9794,7.79,6.37,12.005
600782,新钢股份,普钢,江西,19961225,600782.SH,20210802,7.4,7.4,7.07,7.08,7.85,-0.77,-9.8089,1279950.48,909365.055,4.014,6.4919,1.49,8.361,7.1515,0.9594,0.3118,0.2723,2.8249,4.1565,318872.2696,318872.2696,197162.4464,2257615.6688,2257615.6688,8.64,7.07,12.005
600782,新钢股份,普钢,江西,19961225,600782.SH,20210730,7.26,7.87,7.23,7.85,7.15,0.7,9.7902,1121738.43,857735.136,3.5178,5.6894,1.3,9.2703,7.9292,1.0637,0.3457,0.3019,2.5478,3.7488,318872.2696,318872.2696,197162.4464,2503147.3164,2503147.3164,7.87,6.44,12.005
600782,新钢股份,普钢,江西,19961225,600782.SH,20210729,7.18,7.2,6.8,7.15,7.09,0.06,0.8463,630473.77,444225.989,1.9772,3.1977,0.71,8.4436,7.2222,0.9689,0.3149,0.275,2.7972,4.1158,318872.2696,318872.2696,197162.4464,2279936.7276,2279936.7276,7.8,6.38,12.005
600782,新钢股份,普钢,江西,19961225,600782.SH,20210728,7.03,7.36,6.9,7.09,7.05,0.04,0.5674,658202.5,470259.636,2.0642,3.3384,0.77,8.3728,7.1616,0.9607,0.3122,0.2727,2.8209,4.1507,318872.2696,318872.2696,197162.4464,2260804.3915,2260804.3915,7.76,6.35,12.005
600782,新钢股份,普钢,江西,19961225,600782.SH,20210727,7.54,7.58,7.05,7.05,7.5,-0.45,-6.0,845709.54,619311.414,2.6522,4.2894,1.05,8.3255,7.1212,0.9553,0.3105,0.2712,2.8369,4.1742,318872.2696,318872.2696,197162.4464,2248049.5007,2248049.5007,8.25,6.75,12.005
600782,新钢股份,普钢,江西,19961225,600782.SH,20210726,7.88,7.96,7.24,7.5,7.75,-0.25,-3.2258,1035973.82,774127.034,3.2489,5.2544,1.42,8.857,7.5757,1.0163,0.3303,0.2885,2.6667,3.9238,318872.2696,318872.2696,197162.4464,2391542.022,2391542.022,8.53,6.98,12.005
600782,新钢股份,普钢,江西,19961225,600782.SH,20210723,7.44,8.19,7.44,7.75,7.46,0.29,3.8874,1138361.17,895003.92,3.57,5.7737,1.59,9.1522,7.8282,1.0502,0.3413,0.2981,2.5806,3.7972,318872.2696,318872.2696,197162.4464,2471260.0894,2471260.0894,8.21,6.71,12.005
600782,新钢股份,普钢,江西,19961225,600782.SH,20210722,6.94,7.52,6.94,7.46,6.92,0.54,7.8035,769074.23,565733.95,2.4119,3.9007,0.98,8.8097,7.5353,1.0109,0.3285,0.2869,2.681,3.9448,318872.2696,318872.2696,197162.4464,2378787.1312,2378787.1312,7.61,6.23,12.005
600782,新钢股份,普钢,江西,19961225,600782.SH,20210721,6.98,7.04,6.79,6.92,6.85,0.07,1.0219,488540.77,337958.858,1.5321,2.4779,0.59,8.172,6.9898,0.9377,0.3047,0.2662,2.8902,4.2526,318872.2696,318872.2696,197162.4464,2206596.1056,2206596.1056,7.54,6.17,12.005
600782,新钢股份,普钢,江西,19961225,600782.SH,20210720,7.0,7.0,6.7,6.85,7.0,-0.15,-2.1429,612477.31,418308.075,1.9208,3.1065,0.73,8.0894,6.9191,0.9282,0.3016,0.2635,2.9197,4.2961,318872.2696,318872.2696,197162.4464,2184275.0468,2184275.0468,7.7,6.3,12.005
600782,新钢股份,普钢,江西,19961225,600782.SH,20210719,7.33,7.39,6.99,7.0,7.26,-0.26,-3.5813,629818.62,448828.849,1.9751,3.1944,0.62,8.2665,7.0707,0.9485,0.3083,0.2692,2.8571,4.204,318872.2696,318872.2696,197162.4464,2232105.8872,2232105.8872,7.99,6.53,12.005
600782,新钢股份,普钢,江西,19961225,600782.SH,20210716,7.1,7.55,7.03,7.26,7.15,0.11,1.5385,1082456.73,796994.59,3.3946,5.4902,1.13,8.5735,7.3333,0.9838,0.3197,0.2792,2.7548,4.0535,318872.2696,318872.2696,197162.4464,2315012.6773,2315012.6773,7.87,6.44,12.005
600782,新钢股份,普钢,江西,19961225,600782.SH,20210715,6.54,7.2,6.54,7.15,6.57,0.58,8.828,1090639.91,756883.182,3.4203,5.5317,1.26,8.4436,7.2222,0.9689,0.3149,0.275,2.7972,4.1158,318872.2696,318872.2696,197162.4464,2279936.7276,2279936.7276,7.23,5.91,12.005
600782,新钢股份,普钢,江西,19961225,600782.SH,20210714,6.5,6.8,6.46,6.57,6.52,0.05,0.7669,715705.96,473751.085,2.2445,3.63,0.89,7.7587,6.6363,0.8903,0.2893,0.2527,3.0441,4.4792,318872.2696,318872.2696,197162.4464,2094990.8113,2094990.8113,7.17,5.87,12.005
600782,新钢股份,普钢,江西,19961225,600782.SH,20210713,6.45,6.62,6.32,6.52,6.52,0.0,0.0,687903.32,446380.392,2.1573,3.489,0.93,7.6996,6.5858,0.8835,0.2871,0.2508,3.0675,4.5135,318872.2696,318872.2696,197162.4464,2079047.1978,2079047.1978,7.17,5.87,12.005
600782,新钢股份,普钢,江西,19961225,600782.SH,20210712,6.09,6.69,6.09,6.52,6.08,0.44,7.2368,1481074.84,966197.625,4.6447,7.512,2.87,7.6996,6.5858,0.8835,0.2871,0.2508,3.0675,4.5135,318872.2696,318872.2696,197162.4464,2079047.1978,2079047.1978,6.69,5.47,12.005
600782,新钢股份,普钢,江西,19961225,600782.SH,20210709,5.75,6.15,5.65,6.08,5.83,0.25,4.2882,834534.35,496390.051,2.6171,4.2327,1.98,7.18,6.1414,0.8239,0.2677,0.2339,3.2895,4.8402,318872.2696,318872.2696,197162.4464,1938743.3992,1938743.3992,6.41,5.25,12.005
600782,新钢股份,普钢,江西,19961225,600782.SH,20210708,5.77,5.93,5.73,5.83,5.76,0.07,1.2153,596799.39,348700.164,1.8716,3.0269,1.42,6.8848,5.8888,0.79,0.2567,0.2242,3.4305,5.0477,318872.2696,318872.2696,197162.4464,1859025.3318,1859025.3318,6.34,5.18,12.005
600782,新钢股份,普钢,江西,19961225,600782.SH,20210707,5.59,5.77,5.56,5.76,5.6,0.16,2.8571,442453.46,252102.128,1.3876,2.2441,1.1,6.8021,5.8181,0.7805,0.2536,0.2215,3.4722,5.1091,318872.2696,318872.2696,197162.4464,1836704.2729,1836704.2729,6.16,5.04,12.005
600782,新钢股份,普钢,江西,19961225,600782.SH,20210706,5.64,5.69,5.56,5.6,5.62,-0.02,-0.3559,327907.0,184050.835,1.0283,1.6631,0.73,6.6132,5.6565,0.7588,0.2466,0.2154,3.5714,5.255,318872.2696,318872.2696,197162.4464,1785684.7098,1785684.7098,6.18,5.06,12.005
600782,新钢股份,普钢,江西,19961225,600782.SH,20210705,5.63,5.66,5.49,5.62,5.6,0.02,0.3571,376711.3,209935.242,1.1814,1.9107,0.75,6.6368,5.6767,0.7615,0.2475,0.2162,3.5587,5.2363,318872.2696,318872.2696,197162.4464,1792062.1552,1792062.1552,6.16,5.04,12.005
600782,新钢股份,普钢,江西,19961225,600782.SH,20210702,5.65,5.67,5.55,5.6,5.66,-0.06,-1.0601,362518.18,203080.176,1.1369,1.8387,0.59,6.6132,5.6565,0.7588,0.2466,0.2154,3.5714,5.255,318872.2696,318872.2696,197162.4464,1785684.7098,1785684.7098,6.23,5.09,12.005
600782,新钢股份,普钢,江西,19961225,600782.SH,20210701,5.63,5.75,5.58,5.66,5.58,0.08,1.4337,596016.22,338420.722,1.8691,3.023,1.02,6.684,5.7171,0.767,0.2492,0.2177,3.5336,5.1993,318872.2696,318872.2696,197162.4464,1804817.0459,1804817.0459,6.14,5.02,12.005
600782,新钢股份,普钢,江西,19961225,600782.SH,20210630,5.6,5.69,5.53,5.58,5.54,0.04,0.722,350119.54,196046.14,1.098,1.7758,0.57,6.5896,5.6363,0.7561,0.2457,0.2146,3.5842,5.2739,318872.2696,318872.2696,197162.4464,1779307.2644,1779307.2644,6.09,4.99,12.005
600782,新钢股份,普钢,江西,19961225,600782.SH,20210629,5.6,5.69,5.51,5.54,5.58,-0.04,-0.7168,571874.6,320776.442,1.7934,2.9005,1.02,6.5423,5.5959,0.7507,0.244,0.2131,3.6101,5.312,318872.2696,318872.2696,197162.4464,1766552.3736,1766552.3736,6.14,5.02,12.005
600782,新钢股份,普钢,江西,19961225,600782.SH,20210628,5.58,5.63,5.49,5.58,5.55,0.03,0.5405,641627.58,356445.476,2.0122,3.2543,1.23,6.5896,5.6363,0.7561,0.2457,0.2146,3.5842,5.2739,318872.2696,318872.2696,197162.4464,1779307.2644,1779307.2644,6.11,5.0,12.005
600782,新钢股份,普钢,江西,19961225,600782.SH,20210625,5.61,5.87,5.56,5.84,5.58,0.26,4.6595,894068.22,512989.162,2.8038,4.5347,2.13,6.8966,5.8989,0.761,0.2572,0.2246,3.4247,,318872.2696,318872.2696,197162.4464,1862214.0545,1862214.0545,6.14,5.02,11.409
600782,新钢股份,普钢,江西,19961225,600782.SH,20210624,5.65,5.66,5.47,5.58,5.64,-0.06,-1.0638,470467.33,261422.534,1.4754,2.3862,1.19,6.5896,5.6363,0.7271,0.2457,0.2146,3.5842,,318872.2696,318872.2696,197162.4464,1779307.2644,1779307.2644,6.2,5.08,11.409
600782,新钢股份,普钢,江西,19961225,600782.SH,20210623,5.65,5.72,5.55,5.64,5.65,-0.01,-0.177,480868.91,270838.026,1.508,2.4389,1.27,6.6604,5.6969,0.7349,0.2484,0.2169,3.5461,,318872.2696,318872.2696,197162.4464,1798439.6005,1798439.6005,6.22,5.09,11.409
600782,新钢股份,普钢,江西,19961225,600782.SH,20210622,5.8,5.8,5.62,5.65,5.77,-0.12,-2.0797,326083.11,185329.795,1.0226,1.6539,0.84,6.6722,5.707,0.7362,0.2488,0.2173,3.5398,,318872.2696,318872.2696,197162.4464,1801628.3232,1801628.3232,6.35,5.19,11.409
600782,新钢股份,普钢,江西,19961225,600782.SH,20210621,5.75,5.9,5.73,5.77,5.68,0.09,1.5845,429034.3,249202.132,1.3455,2.176,1.1,6.814,5.8282,0.7519,0.2541,0.2219,3.4662,,318872.2696,318872.2696,197162.4464,1839892.9956,1839892.9956,6.25,5.11,11.409
600782,新钢股份,普钢,江西,19961225,600782.SH,20210618,5.64,5.74,5.53,5.68,5.64,0.04,0.7092,391984.59,221247.977,1.2293,1.9881,0.95,6.7077,5.7373,0.7401,0.2501,0.2185,3.5211,,318872.2696,318872.2696,197162.4464,1811194.4913,1811194.4913,6.2,5.08,11.409
600782,新钢股份,普钢,江西,19961225,600782.SH,20210617,5.71,5.78,5.62,5.64,5.74,-0.1,-1.7422,355665.76,202525.369,1.1154,1.8039,0.86,6.6604,5.6969,0.7349,0.2484,0.2169,3.5461,,318872.2696,318872.2696,197162.4464,1798439.6005,1798439.6005,6.31,5.17,11.409
600782,新钢股份,普钢,江西,19961225,600782.SH,20210616,5.94,5.96,5.7,5.74,5.95,-0.21,-3.5294,383829.99,223531.699,1.2037,1.9468,0.97,6.7785,5.7979,0.748,0.2528,0.2208,3.4843,,318872.2696,318872.2696,197162.4464,1830326.8275,1830326.8275,6.55,5.36,11.409
600782,新钢股份,普钢,江西,19961225,600782.SH,20210615,6.06,6.1,5.9,5.95,6.1,-0.15,-2.459,374873.01,223796.68,1.1756,1.9013,0.99,7.0265,6.0101,0.7753,0.262,0.2289,3.3613,,318872.2696,318872.2696,197162.4464,1897290.0041,1897290.0041,6.71,5.49,11.409
600782,新钢股份,普钢,江西,19961225,600782.SH,20210611,6.02,6.17,6.0,6.1,6.01,0.09,1.4975,442123.87,269737.452,1.3865,2.2424,1.26,7.2037,6.1616,0.7949,0.2686,0.2346,3.2787,3.2787,318872.2696,318872.2696,197162.4464,1945120.8446,1945120.8446,6.61,5.41,11.409
600782,新钢股份,普钢,江西,19961225,600782.SH,20210610,5.91,6.08,5.91,6.01,5.91,0.1,1.692,505721.22,303676.096,1.586,2.565,1.41,7.0974,6.0707,0.7831,0.2647,0.2312,3.3278,3.3278,318872.2696,318872.2696,197162.4464,1916422.3403,1916422.3403,6.5,5.32,11.409
600782,新钢股份,普钢,江西,19961225,600782.SH,20210609,5.81,5.94,5.78,5.91,5.79,0.12,2.0725,359527.91,211530.998,1.1275,1.8235,1.0,6.9793,5.9697,0.7701,0.2603,0.2273,3.3841,3.3841,318872.2696,318872.2696,197162.4464,1884535.1133,1884535.1133,6.37,5.21,11.409
600782,新钢股份,普钢,江西,19961225,600782.SH,20210608,5.74,5.84,5.7,5.79,5.75,0.04,0.6957,288965.02,166827.428,0.9062,1.4656,0.64,6.8376,5.8484,0.7545,0.255,0.2227,3.4542,3.4542,318872.2696,318872.2696,197162.4464,1846270.441,1846270.441,6.33,5.18,11.409
600782,新钢股份,普钢,江西,19961225,600782.SH,20210607,5.85,5.89,5.72,5.75,5.85,-0.1,-1.7094,297837.9,172279.84,0.934,1.5106,0.65,6.7903,5.808,0.7493,0.2532,0.2212,3.4783,3.4783,318872.2696,318872.2696,197162.4464,1833515.5502,1833515.5502,6.44,5.27,11.409
600782,新钢股份,普钢,江西,19961225,600782.SH,20210604,5.83,5.94,5.76,5.85,5.88,-0.03,-0.5102,307343.92,179534.276,0.9638,1.5588,0.64,6.9084,5.909,0.7623,0.2576,0.225,3.4188,3.4188,318872.2696,318872.2696,197162.4464,1865402.7772,1865402.7772,6.47,5.29,11.409
600782,新钢股份,普钢,江西,19961225,600782.SH,20210603,5.75,5.98,5.72,5.88,5.73,0.15,2.6178,543114.92,318965.555,1.7032,2.7547,1.17,6.9439,5.9394,0.7662,0.2589,0.2262,3.4014,3.4014,318872.2696,318872.2696,197162.4464,1874968.9452,1874968.9452,6.3,5.16,11.409
600782,新钢股份,普钢,江西,19961225,600782.SH,20210602,5.81,5.83,5.7,5.73,5.83,-0.1,-1.7153,364848.47,210259.876,1.1442,1.8505,0.78,6.7667,5.7878,0.7467,0.2523,0.2204,3.4904,3.4904,318872.2696,318872.2696,197162.4464,1827138.1048,1827138.1048,6.41,5.25,11.409
600782,新钢股份,普钢,江西,19961225,600782.SH,20210601,5.76,5.85,5.6,5.83,5.87,-0.04,-0.6814,755413.83,432469.871,2.369,3.8314,1.93,6.8848,5.8888,0.7597,0.2567,0.2242,3.4305,3.4305,318872.2696,318872.2696,197162.4464,1859025.3318,1859025.3318,6.46,5.28,11.409
600782,新钢股份,普钢,江西,19961225,600782.SH,20210531,5.99,6.01,5.85,5.87,5.9,-0.03,-0.5085,312827.1,184369.586,0.981,1.5866,0.65,6.932,5.9292,0.7649,0.2585,0.2258,3.4072,3.4072,318872.2696,318872.2696,197162.4464,1871780.2226,1871780.2226,6.49,5.31,11.409
600782,新钢股份,普钢,江西,19961225,600782.SH,20210528,6.06,6.07,5.89,5.9,5.9,0.0,0.0,436852.86,261781.414,1.37,2.2157,0.85,6.9675,5.9596,0.7688,0.2598,0.2269,3.3898,3.3898,318872.2696,318872.2696,197162.4464,1881346.3906,1881346.3906,6.49,5.31,11.409
600782,新钢股份,普钢,江西,19961225,600782.SH,20210527,5.87,5.93,5.78,5.9,5.82,0.08,1.3746,442868.52,259344.97,1.3889,2.2462,0.73,6.9675,5.9596,0.7688,0.2598,0.2269,3.3898,3.3898,318872.2696,318872.2696,197162.4464,1881346.3906,1881346.3906,6.4,5.24,11.409
600782,新钢股份,普钢,江西,19961225,600782.SH,20210526,5.82,5.9,5.77,5.82,5.87,-0.05,-0.8518,384130.66,223994.882,1.2047,1.9483,0.6,6.873,5.8787,0.7584,0.2563,0.2239,3.4364,3.4364,318872.2696,318872.2696,197162.4464,1855836.6091,1855836.6091,6.46,5.28,11.409
600782,新钢股份,普钢,江西,19961225,600782.SH,20210525,5.9,5.95,5.73,5.87,5.82,0.05,0.8591,382859.14,223732.215,1.2007,1.9418,0.61,6.932,5.9292,0.7649,0.2585,0.2258,3.4072,3.4072,318872.2696,318872.2696,197162.4464,1871780.2226,1871780.2226,6.4,5.24,11.409
600782,新钢股份,普钢,江西,19961225,600782.SH,20210524,5.67,6.1,5.64,5.82,5.83,-0.01,-0.1715,763831.33,448420.936,2.3954,3.8741,1.33,6.873,5.8787,0.7584,0.2563,0.2239,3.4364,3.4364,318872.2696,318872.2696,197162.4464,1855836.6091,1855836.6091,6.41,5.25,11.409
600782,新钢股份,普钢,江西,19961225,600782.SH,20210521,5.81,5.91,5.65,5.83,5.75,0.08,1.3913,597745.57,346994.12,1.8746,3.0317,1.0,6.8848,5.8888,0.7597,0.2567,0.2242,3.4305,3.4305,318872.2696,318872.2696,197162.4464,1859025.3318,1859025.3318,6.33,5.18,11.409
600782,新钢股份,普钢,江西,19961225,600782.SH,20210520,5.78,5.78,5.52,5.75,6.06,-0.31,-5.1155,904937.55,510647.286,2.8379,4.5898,1.6,6.7903,5.808,0.7493,0.2532,0.2212,3.4783,3.4783,318872.2696,318872.2696,197162.4464,1833515.5502,1833515.5502,6.67,5.45,11.409
600782,新钢股份,普钢,江西,19961225,600782.SH,20210519,6.21,6.22,6.0,6.06,6.29,-0.23,-3.6566,546791.57,333735.654,1.7148,2.7733,0.94,7.1564,6.1212,0.7897,0.2669,0.2331,3.3003,3.3003,318872.2696,318872.2696,197162.4464,1932365.9538,1932365.9538,6.92,5.66,11.409
600782,新钢股份,普钢,江西,19961225,600782.SH,20210518,6.29,6.33,6.24,6.29,6.23,0.06,0.9631,299578.26,188332.962,0.9395,1.5194,0.43,7.428,6.3535,0.8196,0.277,0.2419,3.1797,3.1797,318872.2696,318872.2696,197162.4464,2005706.5758,2005706.5758,6.85,5.61,11.409
600782,新钢股份,普钢,江西,19961225,600782.SH,20210517,6.26,6.33,6.14,6.23,6.28,-0.05,-0.7962,515285.35,321606.819,1.616,2.6135,0.64,7.3572,6.2929,0.8118,0.2743,0.2396,3.2103,3.2103,318872.2696,318872.2696,197162.4464,1986574.2396,1986574.2396,6.91,5.65,11.409
600782,新钢股份,普钢,江西,19961225,600782.SH,20210514,6.45,6.57,6.14,6.28,6.49,-0.21,-3.2357,724481.82,456642.265,2.272,3.6745,0.87,7.4162,6.3434,0.8183,0.2765,0.2415,3.1847,3.1847,318872.2696,318872.2696,197162.4464,2002517.8531,2002517.8531,7.14,5.84,11.409
600782,新钢股份,普钢,江西,19961225,600782.SH,20210513,6.83,6.83,6.46,6.49,6.99,-0.5,-7.1531,735297.44,486352.189,2.3059,3.7294,0.84,7.6642,6.5555,0.8457,0.2858,0.2496,3.0817,3.0817,318872.2696,318872.2696,197162.4464,2069481.0297,2069481.0297,7.69,6.29,11.409
600782,新钢股份,普钢,江西,19961225,600782.SH,20210512,6.81,7.05,6.77,6.99,6.86,0.13,1.895,629603.96,436438.142,1.9745,3.1933,0.74,8.2547,7.0606,0.9109,0.3078,0.2689,2.8612,2.8612,318872.2696,318872.2696,197162.4464,2228917.1645,2228917.1645,7.55,6.17,11.409
600782,新钢股份,普钢,江西,19961225,600782.SH,20210511,7.06,7.06,6.58,6.86,7.25,-0.39,-5.3793,910425.19,623363.841,2.8551,4.6176,1.1,8.1012,6.9292,0.8939,0.3021,0.2639,2.9155,2.9155,318872.2696,318872.2696,197162.4464,2187463.7695,2187463.7695,7.98,6.53,11.409
600782,新钢股份,普钢,江西,19961225,600782.SH,20210510,7.25,7.3,6.97,7.25,6.99,0.26,3.7196,1010562.44,721636.362,3.1692,5.1255,1.3,8.5617,7.3232,0.9447,0.3193,0.2789,2.7586,2.7586,318872.2696,318872.2696,197162.4464,2311823.9546,2311823.9546,7.69,6.29,11.409
600782,新钢股份,普钢,江西,19961225,600782.SH,20210507,7.1,7.18,6.84,6.99,7.01,-0.02,-0.2853,888349.59,624300.432,2.7859,4.5057,1.27,8.2547,7.0606,0.9109,0.3078,0.2689,2.8612,2.8612,318872.2696,318872.2696,197162.4464,2228917.1645,2228917.1645,7.71,6.31,11.409
600782,新钢股份,普钢,江西,19961225,600782.SH,20210506,6.73,7.06,6.73,7.01,6.56,0.45,6.8598,948287.25,659741.178,2.9739,4.8097,1.37,8.2783,7.0808,0.9135,0.3087,0.2696,2.8531,2.8531,318872.2696,318872.2696,197162.4464,2235294.6099,2235294.6099,7.22,5.9,11.409
600782,新钢股份,普钢,江西,19961225,600782.SH,20210430,6.67,6.78,6.5,6.56,6.74,-0.18,-2.6706,495589.36,327702.883,1.5542,2.5136,0.66,7.7469,6.6262,0.8548,0.2889,0.2523,3.0488,3.0488,318872.2696,318872.2696,197162.4464,2091802.0886,2091802.0886,7.41,6.07,11.409
600782,新钢股份,普钢,江西,19961225,600782.SH,20210429,6.74,6.81,6.35,6.74,6.68,0.06,0.8982,778155.92,511466.839,2.4403,3.9468,0.99,7.9594,6.808,0.8783,0.2968,0.2592,2.9674,2.9674,318872.2696,318872.2696,197162.4464,2149199.0971,2149199.0971,7.35,6.01,11.409
600782,新钢股份,普钢,江西,19961225,600782.SH,20210428,6.6,6.81,6.53,6.68,6.85,-0.17,-2.4818,779165.29,522117.362,2.4435,5.5002,1.06,7.8886,6.7474,0.8705,0.2942,0.2569,2.994,2.994,318872.2696,318872.2696,141662.4464,2130066.7609,2130066.7609,7.54,6.17,11.409
600782,新钢股份,普钢,江西,19961225,600782.SH,20210427,6.82,6.95,6.67,6.85,6.76,0.09,1.3314,506015.89,343121.373,1.5869,3.572,0.63,8.0894,8.0894,0.9295,0.3016,0.3016,2.9197,2.9197,318872.2696,318872.2696,141662.4464,2184275.0468,2184275.0468,7.44,6.08,11.409
600782,新钢股份,普钢,江西,19961225,600782.SH,20210426,7.01,7.3,6.74,6.76,6.91,-0.15,-2.1708,905087.52,633378.452,2.8384,6.389,1.26,7.9831,7.9831,0.9173,0.2977,0.2977,2.9586,2.9586,318872.2696,318872.2696,141662.4464,2155576.5425,2155576.5425,7.6,6.22,11.409
600782,新钢股份,普钢,江西,19961225,600782.SH,20210423,6.69,6.93,6.66,6.91,6.68,0.23,3.4431,813269.91,554603.533,2.5505,5.7409,1.23,8.1602,8.1602,0.9377,0.3043,0.3043,2.8944,2.8944,318872.2696,318872.2696,141662.4464,2203407.3829,2203407.3829,7.35,6.01,11.409
600782,新钢股份,普钢,江西,19961225,600782.SH,20210422,6.48,6.75,6.46,6.68,6.41,0.27,4.2122,909267.43,605929.226,2.8515,6.4185,1.57,7.8886,7.8886,0.9065,0.2942,0.2942,2.994,2.994,318872.2696,318872.2696,141662.4464,2130066.7609,2130066.7609,7.05,5.77,11.409
600782,新钢股份,普钢,江西,19961225,600782.SH,20210421,6.52,6.55,6.21,6.41,6.56,-0.15,-2.2866,545992.16,347149.49,1.7123,3.8542,0.95,7.5697,7.5697,0.8698,0.2823,0.2823,3.1201,3.1201,318872.2696,318872.2696,141662.4464,2043971.2481,2043971.2481,7.22,5.9,11.409
600782,新钢股份,普钢,江西,19961225,600782.SH,20210420,6.4,6.61,6.33,6.56,6.46,0.1,1.548,826899.88,537235.559,2.5932,5.8371,1.47,7.7469,7.7469,0.8902,0.2889,0.2889,3.0488,3.0488,318872.2696,318872.2696,141662.4464,2091802.0886,2091802.0886,7.11,5.81,11.409
600782,新钢股份,普钢,江西,19961225,600782.SH,20210419,6.41,6.56,6.3,6.46,6.43,0.03,0.4666,510483.79,329190.019,1.6009,2.5892,0.8,6.0338,7.7614,0.9077,0.3557,0.3007,3.096,3.096,318872.2696,318872.2696,197162.4464,2059914.8616,2059914.8616,7.07,5.79,11.409
600782,新钢股份,普钢,江西,19961225,600782.SH,20210416,6.48,6.54,6.39,6.43,6.48,-0.05,-0.7716,513560.21,332069.111,1.6106,2.6048,0.75,6.0058,7.7254,0.9035,0.3541,0.2993,3.1104,3.1104,318872.2696,318872.2696,197162.4464,2050348.6935,2050348.6935,7.13,5.83,11.409
600782,新钢股份,普钢,江西,19961225,600782.SH,20210415,6.48,6.59,6.34,6.48,6.54,-0.06,-0.9174,495928.27,320388.883,1.5553,2.5153,0.59,6.0525,7.7855,0.9105,0.3569,0.3016,3.0864,3.0864,318872.2696,318872.2696,197162.4464,2066292.307,2066292.307,7.19,5.89,11.409
600782,新钢股份,普钢,江西,19961225,600782.SH,20210414,6.42,6.66,6.4,6.54,6.52,0.02,0.3067,538673.52,351985.393,1.6893,2.7321,0.51,6.1085,7.8576,0.919,0.3602,0.3044,3.0581,3.0581,318872.2696,318872.2696,197162.4464,2085424.6432,2085424.6432,7.17,5.87,11.409
600782,新钢股份,普钢,江西,19961225,600782.SH,20210413,6.55,6.64,6.35,6.52,6.7,-0.18,-2.6866,756656.65,491795.817,2.3729,3.8377,0.64,6.0899,7.8335,0.9161,0.3591,0.3035,3.0675,3.0675,318872.2696,318872.2696,197162.4464,2079047.1978,2079047.1978,7.37,6.03,11.409
600782,新钢股份,普钢,江西,19961225,600782.SH,20210412,6.66,6.8,6.43,6.7,6.72,-0.02,-0.2976,903247.27,604462.152,2.8326,4.5812,0.73,6.258,8.0498,0.9414,0.369,0.3119,2.9851,2.9851,318872.2696,318872.2696,197162.4464,2136444.2063,2136444.2063,7.39,6.05,11.409
600782,新钢股份,普钢,江西,19961225,600782.SH,20210409,6.89,6.95,6.61,6.72,6.78,-0.06,-0.885,713415.51,480468.452,2.2373,3.6184,0.54,6.2767,8.0738,0.9442,0.3701,0.3128,2.9762,2.9762,318872.2696,318872.2696,197162.4464,2142821.6517,2142821.6517,7.46,6.1,11.409
600782,新钢股份,普钢,江西,19961225,600782.SH,20210408,6.72,7.04,6.61,6.78,6.83,-0.05,-0.7321,1318784.87,895927.871,4.1358,6.6888,1.07,6.3327,8.1459,0.9527,0.3734,0.3156,2.9499,2.9499,318872.2696,318872.2696,197162.4464,2161953.9879,2161953.9879,7.51,6.15,11.409
600782,新钢股份,普钢,江西,19961225,600782.SH,20210407,6.36,6.97,6.32,6.83,6.4,0.43,6.7188,1570378.13,1049914.854,4.9248,7.9649,1.36,6.3794,8.206,0.9597,0.3761,0.3179,2.9283,2.9283,318872.2696,318872.2696,197162.4464,2177897.6014,2177897.6014,7.04,5.76,11.409
600782,新钢股份,普钢,江西,19961225,600782.SH,20210406,6.2,6.58,6.16,6.4,6.1,0.3,4.918,1419766.51,908221.7,4.4525,7.201,1.16,5.9778,7.6893,0.8993,0.3524,0.2979,3.125,3.125,318872.2696,318872.2696,197162.4464,2040782.5254,2040782.5254,6.71,5.49,11.409
600782,新钢股份,普钢,江西,19961225,600782.SH,20210402,6.32,6.32,5.98,6.1,6.31,-0.21,-3.3281,1163469.53,711346.909,3.6487,5.9011,1.03,5.6976,7.3289,0.8571,0.3359,0.2839,3.2787,3.2787,318872.2696,318872.2696,197162.4464,1945120.8446,1945120.8446,6.94,5.68,11.409
600782,新钢股份,普钢,江西,19961225,600782.SH,20210401,5.7,6.31,5.65,6.31,5.74,0.57,9.9303,1110732.7,678438.365,3.4833,5.6336,1.06,5.8937,7.5812,0.8866,0.3475,0.2937,3.1696,3.1696,318872.2696,318872.2696,197162.4464,2012084.0212,2012084.0212,6.31,5.17,11.409
600782,新钢股份,普钢,江西,19961225,600782.SH,20210331,5.7,5.95,5.6,5.74,5.75,-0.01,-0.1739,885948.93,510143.389,2.7784,4.4935,0.81,5.3613,6.8964,0.8065,0.3161,0.2672,3.4843,3.4843,318872.2696,318872.2696,197162.4464,1830326.8275,1830326.8275,6.33,5.18,11.409
600782,新钢股份,普钢,江西,19961225,600782.SH,20210330,5.45,5.78,5.37,5.75,5.57,0.18,3.2316,1191675.34,662986.2,3.7372,6.0441,1.19,5.3707,6.9084,0.8079,0.3166,0.2676,3.4783,3.4783,318872.2696,318872.2696,197162.4464,1833515.5502,1833515.5502,6.13,5.01,11.409
600782,新钢股份,普钢,江西,19961225,600782.SH,20210329,5.48,5.85,5.35,5.57,5.32,0.25,4.6992,1750173.74,989166.079,5.4886,8.8768,1.87,5.2025,6.6921,0.7827,0.3067,0.2593,3.5907,3.5907,318872.2696,318872.2696,197162.4464,1776118.5417,1776118.5417,5.85,4.79,11.409
600782,新钢股份,普钢,江西,19961225,600782.SH,20210326,5.28,5.36,5.23,5.32,5.31,0.01,0.1883,725602.49,384714.708,2.2755,3.6802,0.72,4.969,6.3918,0.7475,0.293,0.2476,3.7594,3.7594,318872.2696,318872.2696,197162.4464,1696400.4743,1696400.4743,5.84,4.78,11.409
600782,新钢股份,普钢,江西,19961225,600782.SH,20210325,5.34,5.44,5.26,5.31,5.36,-0.05,-0.9328,670694.29,357123.92,2.1033,3.4017,0.65,4.9597,6.3798,0.7461,0.2924,0.2472,3.7665,3.7665,318872.2696,318872.2696,197162.4464,1693211.7516,1693211.7516,5.9,4.82,11.409
600782,新钢股份,普钢,江西,19961225,600782.SH,20210324,5.66,5.71,5.29,5.36,5.75,-0.39,-6.7826,1097583.3,597003.114,3.4421,5.5669,1.07,5.0064,6.4398,0.7531,0.2952,0.2495,3.7313,3.7313,318872.2696,318872.2696,197162.4464,1709155.3651,1709155.3651,6.33,5.18,11.409
600782,新钢股份,普钢,江西,19961225,600782.SH,20210323,5.89,6.02,5.69,5.75,6.01,-0.26,-4.3261,780928.64,454554.92,2.449,3.9608,0.72,5.3707,6.9084,0.8079,0.3166,0.2676,3.4783,3.4783,318872.2696,318872.2696,197162.4464,1833515.5502,1833515.5502,6.61,5.41,11.409
600782,新钢股份,普钢,江西,19961225,600782.SH,20210322,6.16,6.37,5.92,6.01,5.95,0.06,1.0084,1416588.97,869417.71,4.4425,7.1849,1.27,5.6135,7.2208,0.8445,0.331,0.2797,3.3278,3.3278,318872.2696,318872.2696,197162.4464,1916422.3403,1916422.3403,6.55,5.36,11.409
600782,新钢股份,普钢,江西,19961225,600782.SH,20210319,5.67,6.05,5.61,5.95,5.81,0.14,2.4096,1090006.42,641469.116,3.4183,5.5285,0.77,5.5575,7.1487,0.836,0.3277,0.2769,3.3613,3.3613,318872.2696,318872.2696,197162.4464,1897290.0041,1897290.0041,6.39,5.23,11.409
600782,新钢股份,普钢,江西,19961225,600782.SH,20210318,5.73,5.96,5.71,5.81,5.78,0.03,0.519,802795.57,467825.311,2.5176,4.0717,0.52,5.4267,6.9805,0.8164,0.32,0.2704,3.4423,3.4423,318872.2696,318872.2696,197162.4464,1852647.8864,1852647.8864,6.36,5.2,11.409
600782,新钢股份,普钢,江西,19961225,600782.SH,20210317,5.88,5.88,5.49,5.78,5.93,-0.15,-2.5295,1057741.17,600525.258,3.3171,5.3648,0.65,5.3987,6.9444,0.8122,0.3183,0.269,3.4602,3.4602,318872.2696,318872.2696,197162.4464,1843081.7183,1843081.7183,6.52,5.34,11.409
600782,新钢股份,普钢,江西,19961225,600782.SH,20210316,5.78,5.98,5.7,5.93,5.87,0.06,1.0221,1059852.68,619959.643,3.3238,5.3755,0.57,5.5388,7.1247,0.8332,0.3266,0.276,3.3727,3.3727,318872.2696,318872.2696,197162.4464,1890912.5587,1890912.5587,6.46,5.28,11.409
600782,新钢股份,普钢,江西,19961225,600782.SH,20210315,6.09,6.19,5.77,5.87,5.9,-0.03,-0.5085,1553250.16,927933.22,4.8711,7.878,0.8,5.4827,7.0526,0.8248,0.3233,0.2732,3.4072,3.4072,318872.2696,318872.2696,197162.4464,1871780.2226,1871780.2226,6.49,5.31,11.409
600782,新钢股份,普钢,江西,19961225,600782.SH,20210312,5.87,6.19,5.83,5.9,5.65,0.25,4.4248,2589720.96,1546404.916,8.1215,13.135,1.34,5.5108,7.0886,0.829,0.3249,0.2746,3.3898,3.3898,318872.2696,318872.2696,197162.4464,1881346.3906,1881346.3906,6.22,5.09,11.409
600782,新钢股份,普钢,江西,19961225,600782.SH,20210311,5.17,5.65,5.16,5.65,5.14,0.51,9.9222,1402527.4,764407.798,4.3984,7.1136,0.64,5.2773,6.7883,0.7939,0.3111,0.263,3.5398,3.5398,318872.2696,318872.2696,197162.4464,1801628.3232,1801628.3232,5.65,4.63,11.409
600782,新钢股份,普钢,江西,19961225,600782.SH,20210310,5.08,5.48,5.01,5.14,5.25,-0.11,-2.0952,1515102.05,792019.306,4.7514,7.6845,0.74,4.8009,6.1755,0.7222,0.2831,0.2392,3.8911,3.8911,318872.2696,318872.2696,197162.4464,1639003.4657,1639003.4657,5.78,4.73,11.409
600782,新钢股份,普钢,江西,19961225,600782.SH,20210309,5.01,5.46,4.87,5.25,5.06,0.19,3.7549,2308732.31,1204567.784,7.2403,11.7098,1.34,4.9037,6.3077,0.7377,0.2891,0.2444,3.8095,3.8095,318872.2696,318872.2696,197162.4464,1674079.4154,1674079.4154,5.57,4.55,11.409
600782,新钢股份,普钢,江西,19961225,600782.SH,20210308,5.3,5.46,5.01,5.06,5.01,0.05,0.998,1941101.06,1021104.763,6.0874,9.8452,1.34,4.7262,6.0794,0.711,0.2787,0.2355,3.9526,3.9526,318872.2696,318872.2696,197162.4464,1613493.6842,1613493.6842,5.51,4.51,11.409
600782,新钢股份,普钢,江西,19961225,600782.SH,20210305,5.18,5.3,5.01,5.01,5.57,-0.56,-10.0539,2530638.34,1290435.72,7.9362,12.8353,2.52,4.6795,6.0193,0.704,0.2759,0.2332,3.992,3.992,318872.2696,318872.2696,197162.4464,1597550.0707,1597550.0707,6.13,5.01,11.409
600782,新钢股份,普钢,江西,19961225,600782.SH,20210304,5.41,5.57,5.33,5.57,5.06,0.51,10.0791,2689043.33,1483747.429,8.433,13.6387,4.68,5.2025,6.6921,0.7827,0.3067,0.2593,3.5907,3.5907,318872.2696,318872.2696,197162.4464,1776118.5417,1776118.5417,5.57,4.55,11.409
600782,新钢股份,普钢,江西,19961225,600782.SH,20210303,4.73,5.06,4.73,5.06,4.6,0.46,10.0,713465.16,356568.568,2.2375,3.6187,1.42,4.7262,6.0794,0.711,0.2787,0.2355,3.9526,3.9526,318872.2696,318872.2696,197162.4464,1613493.6842,1613493.6842,5.06,4.14,11.409
600782,新钢股份,普钢,江西,19961225,600782.SH,20210302,4.57,4.72,4.57,4.6,4.59,0.01,0.2179,753285.88,350165.688,2.3623,3.8206,1.69,4.2965,5.5267,0.6464,0.2533,0.2141,4.3478,4.3478,318872.2696,318872.2696,197162.4464,1466812.4402,1466812.4402,5.05,4.13,11.409
600782,新钢股份,普钢,江西,19961225,600782.SH,20210301,4.44,4.64,4.41,4.59,4.41,0.18,4.0816,569620.35,258002.21,1.7864,2.8891,1.13,4.2872,5.5147,0.645,0.2528,0.2136,4.3573,4.3573,318872.2696,318872.2696,197162.4464,1463623.7175,1463623.7175,4.85,3.97,11.409
600782,新钢股份,普钢,江西,19961225,600782.SH,20210226,4.46,4.51,4.4,4.41,4.55,-0.14,-3.0769,302835.73,134876.844,0.9497,1.536,0.6,4.1191,5.2984,0.6197,0.2429,0.2053,4.5351,4.5351,318872.2696,318872.2696,197162.4464,1406226.7089,1406226.7089,5.01,4.1,11.409
600782,新钢股份,普钢,江西,19961225,600782.SH,20210225,4.51,4.61,4.5,4.55,4.46,0.09,2.0179,534105.65,243596.631,1.675,2.709,1.13,4.2498,5.4666,0.6393,0.2506,0.2118,4.3956,4.3956,318872.2696,318872.2696,197162.4464,1450868.8267,1450868.8267,4.91,4.01,11.409
600782,新钢股份,普钢,江西,19961225,600782.SH,20210224,4.49,4.56,4.41,4.46,4.51,-0.05,-1.1086,353848.93,158157.396,1.1097,1.7947,0.8,4.1658,5.3585,0.6267,0.2456,0.2076,4.4843,4.4843,318872.2696,318872.2696,197162.4464,1422170.3224,1422170.3224,4.96,4.06,11.409
600782,新钢股份,普钢,江西,19961225,600782.SH,20210223,4.51,4.58,4.46,4.51,4.53,-0.02,-0.4415,473683.7,214222.767,1.4855,2.4025,1.24,4.2125,5.4186,0.6337,0.2484,0.2099,4.4346,4.4346,318872.2696,318872.2696,197162.4464,1438113.9359,1438113.9359,4.98,4.08,11.409
600782,新钢股份,普钢,江西,19961225,600782.SH,20210222,4.27,4.64,4.26,4.53,4.22,0.31,7.346,866007.52,388366.238,2.7158,4.3924,3.63,4.2312,5.4426,0.6365,0.2495,0.2109,4.415,4.415,318872.2696,318872.2696,197162.4464,1444491.3813,1444491.3813,4.64,3.8,11.409
600782,新钢股份,普钢,江西,19961225,600782.SH,20210219,4.11,4.24,4.09,4.22,4.12,0.1,2.4272,315101.24,131998.353,0.9882,1.5982,1.43,3.9416,5.0702,0.593,0.2324,0.1964,4.7393,4.7393,318872.2696,318872.2696,197162.4464,1345640.9777,1345640.9777,4.53,3.71,11.409
600782,新钢股份,普钢,江西,19961225,600782.SH,20210218,4.04,4.14,4.04,4.12,3.99,0.13,3.2581,359382.02,146981.08,1.127,1.8228,1.92,3.8482,4.95,0.5789,0.2269,0.1918,4.8544,4.8544,318872.2696,318872.2696,197162.4464,1313753.7508,1313753.7508,4.39,3.59,11.409
600782,新钢股份,普钢,江西,19961225,600782.SH,20210210,4.0,4.01,3.97,3.99,4.0,-0.01,-0.25,198980.39,79357.483,0.624,1.0092,1.01,3.7268,4.7938,0.5606,0.2197,0.1857,5.0125,5.0125,318872.2696,318872.2696,197162.4464,1272300.3557,1272300.3557,4.4,3.6,11.409
600782,新钢股份,普钢,江西,19961225,600782.SH,20210209,3.97,4.01,3.97,4.0,3.98,0.02,0.5025,173261.18,69174.791,0.5434,0.8788,0.84,3.7361,4.8058,0.562,0.2203,0.1862,5.0,5.0,318872.2696,318872.2696,197162.4464,1275489.0784,1275489.0784,4.38,3.58,11.409
600782,新钢股份,普钢,江西,19961225,600782.SH,20210208,3.97,4.02,3.95,3.98,3.96,0.02,0.5051,147170.24,58742.967,0.4615,0.7464,0.67,3.7174,4.7818,0.5592,0.2192,0.1853,5.0251,5.0251,318872.2696,318872.2696,197162.4464,1269111.633,1269111.633,4.36,3.56,11.409
600782,新钢股份,普钢,江西,19961225,600782.SH,20210205,4.01,4.04,3.94,3.96,4.01,-0.05,-1.2469,221144.91,88309.164,0.6935,1.1216,1.01,3.6988,4.7578,0.5564,0.2181,0.1843,5.0505,5.0505,318872.2696,318872.2696,197162.4464,1262734.1876,1262734.1876,4.41,3.61,11.409
600782,新钢股份,普钢,江西,19961225,600782.SH,20210204,3.99,4.02,3.96,4.01,4.0,0.01,0.25,194728.19,77671.943,0.6107,0.9877,0.9,3.7455,4.8179,0.5635,0.2208,0.1867,4.9875,4.9875,318872.2696,318872.2696,197162.4464,1278677.8011,1278677.8011,4.4,3.6,11.409
600782,新钢股份,普钢,江西,19961225,600782.SH,20210203,4.02,4.04,3.94,4.0,4.01,-0.01,-0.2494,247542.1,98479.022,0.7763,1.2555,1.19,3.7361,4.8058,0.562,0.2203,0.1862,5.0,5.0,318872.2696,318872.2696,197162.4464,1275489.0784,1275489.0784,4.41,3.61,11.409
600782,新钢股份,普钢,江西,19961225,600782.SH,20210202,4.03,4.07,4.01,4.01,4.03,-0.02,-0.4963,216938.45,87371.233,0.6803,1.1003,1.08,3.7455,4.8179,0.5635,0.2208,0.1867,4.9875,4.9875,318872.2696,318872.2696,197162.4464,1278677.8011,1278677.8011,4.43,3.63,11.409
600782,新钢股份,普钢,江西,19961225,600782.SH,20210201,4.06,4.08,4.01,4.03,4.06,-0.03,-0.7389,219341.68,88570.584,0.6879,1.1125,1.08,3.7641,4.8419,0.5663,0.2219,0.1876,4.9628,4.9628,318872.2696,318872.2696,197162.4464,1285055.2465,1285055.2465,4.47,3.65,11.409
600782,新钢股份,普钢,江西,19961225,600782.SH,20210129,4.14,4.15,4.03,4.06,4.14,-0.08,-1.9324,217074.16,88857.645,0.6808,1.101,1.04,3.7922,4.8779,0.5705,0.2236,0.189,4.9261,4.9261,318872.2696,318872.2696,197162.4464,1294621.4146,1294621.4146,4.55,3.73,11.409
600782,新钢股份,普钢,江西,19961225,600782.SH,20210128,4.17,4.19,4.12,4.14,4.19,-0.05,-1.1933,181427.41,75197.068,0.569,0.9202,0.8,3.8669,4.974,0.5817,0.228,0.1927,4.8309,4.8309,318872.2696,318872.2696,197162.4464,1320131.1961,1320131.1961,4.61,3.77,11.409
600782,新钢股份,普钢,江西,19961225,600782.SH,20210127,4.2,4.27,4.18,4.19,4.21,-0.02,-0.4751,201600.79,85153.212,0.6322,1.0225,0.76,3.9136,5.0341,0.5887,0.2307,0.195,4.7733,4.7733,318872.2696,318872.2696,197162.4464,1336074.8096,1336074.8096,4.63,3.79,11.409
600782,新钢股份,普钢,江西,19961225,600782.SH,20210126,4.21,4.24,4.18,4.21,4.22,-0.01,-0.237,185160.49,77750.684,0.5807,0.9391,0.69,3.9323,5.0581,0.5916,0.2318,0.196,4.7506,4.7506,318872.2696,318872.2696,197162.4464,1342452.255,1342452.255,4.64,3.8,11.409
600782,新钢股份,普钢,江西,19961225,600782.SH,20210125,4.3,4.31,4.19,4.22,4.3,-0.08,-1.8605,227941.76,96503.939,0.7148,1.1561,0.81,3.9416,5.0702,0.593,0.2324,0.1964,4.7393,4.7393,318872.2696,318872.2696,197162.4464,1345640.9777,1345640.9777,4.73,3.87,11.409
600782,新钢股份,普钢,江西,19961225,600782.SH,20210122,4.41,4.42,4.28,4.3,4.42,-0.12,-2.7149,250196.5,108260.265,0.7846,1.269,0.88,4.0163,5.1663,0.6042,0.2368,0.2001,4.6512,4.6512,318872.2696,318872.2696,197162.4464,1371150.7593,1371150.7593,4.86,3.98,11.409
600782,新钢股份,普钢,江西,19961225,600782.SH,20210121,4.44,4.48,4.4,4.42,4.44,-0.02,-0.4505,262556.29,116462.777,0.8234,1.3317,0.97,4.1284,5.3105,0.6211,0.2434,0.2057,4.5249,4.5249,318872.2696,318872.2696,197162.4464,1409415.4316,1409415.4316,4.88,4.0,11.409
600782,新钢股份,普钢,江西,19961225,600782.SH,20210120,4.43,4.54,4.41,4.44,4.38,0.06,1.3699,408124.84,182432.106,1.2799,2.07,1.79,4.1471,5.3345,0.6239,0.2445,0.2067,4.5045,4.5045,318872.2696,318872.2696,197162.4464,1415792.877,1415792.877,4.82,3.94,11.409
600782,新钢股份,普钢,江西,19961225,600782.SH,20210119,4.41,4.42,4.35,4.38,4.42,-0.04,-0.905,198504.78,86869.277,0.6225,1.0068,0.87,4.091,5.2624,0.6154,0.2412,0.2039,4.5662,4.5662,318872.2696,318872.2696,197162.4464,1396660.5408,1396660.5408,4.86,3.98,11.409
600782,新钢股份,普钢,江西,19961225,600782.SH,20210118,4.36,4.45,4.33,4.42,4.36,0.06,1.3761,284753.59,125068.666,0.893,1.4443,1.24,4.1284,5.3105,0.6211,0.2434,0.2057,4.5249,4.5249,318872.2696,318872.2696,197162.4464,1409415.4316,1409415.4316,4.8,3.92,11.409
600782,新钢股份,普钢,江西,19961225,600782.SH,20210115,4.45,4.48,4.35,4.36,4.47,-0.11,-2.4609,261485.66,115140.998,0.82,1.3262,1.02,4.0724,5.2384,0.6126,0.2401,0.2029,4.5872,4.5872,318872.2696,318872.2696,197162.4464,1390283.0955,1390283.0955,4.92,4.02,11.409
600782,新钢股份,普钢,江西,19961225,600782.SH,20210114,4.43,4.5,4.42,4.47,4.45,0.02,0.4494,196480.62,87577.411,0.6162,0.9965,0.71,4.1751,5.3705,0.6281,0.2462,0.2081,4.4743,4.4743,318872.2696,318872.2696,197162.4464,1425359.0451,1425359.0451,4.9,4.01,11.409
600782,新钢股份,普钢,江西,19961225,600782.SH,20210113,4.5,4.51,4.42,4.45,4.53,-0.08,-1.766,201408.23,89769.118,0.6316,1.0215,0.73,4.1564,5.3465,0.6253,0.2451,0.2071,4.4944,4.4944,318872.2696,318872.2696,197162.4464,1418981.5997,1418981.5997,4.98,4.08,11.409
600782,新钢股份,普钢,江西,19961225,600782.SH,20210112,4.45,4.53,4.44,4.53,4.48,0.05,1.1161,193502.81,86757.561,0.6068,0.9814,0.66,4.2312,5.4426,0.6365,0.2495,0.2109,4.415,4.415,318872.2696,318872.2696,197162.4464,1444491.3813,1444491.3813,4.93,4.03,11.409
600782,新钢股份,普钢,江西,19961225,600782.SH,20210111,4.63,4.64,4.47,4.48,4.64,-0.16,-3.4483,296420.43,134917.237,0.9296,1.5034,1.02,4.1844,5.3825,0.6295,0.2467,0.2085,4.4643,4.4643,318872.2696,318872.2696,197162.4464,1428547.7678,1428547.7678,5.1,4.18,11.409
600782,新钢股份,普钢,江西,19961225,600782.SH,20210108,4.56,4.65,4.48,4.64,4.57,0.07,1.5317,389723.0,178929.59,1.2222,1.9767,1.52,4.3339,5.5748,0.652,0.2555,0.216,4.3103,4.3103,318872.2696,318872.2696,197162.4464,1479567.3309,1479567.3309,5.03,4.11,11.409
600782,新钢股份,普钢,江西,19961225,600782.SH,20210107,4.52,4.61,4.49,4.57,4.49,0.08,1.7817,308346.05,140734.295,0.967,1.5639,1.22,4.2685,5.4907,0.6421,0.2517,0.2127,4.3764,4.3764,318872.2696,318872.2696,197162.4464,1457246.2721,1457246.2721,4.94,4.04,11.409
600782,新钢股份,普钢,江西,19961225,600782.SH,20210106,4.51,4.54,4.47,4.49,4.52,-0.03,-0.6637,182922.99,82256.814,0.5737,0.9278,0.69,4.1938,5.3946,0.6309,0.2473,0.209,4.4543,4.4543,318872.2696,318872.2696,197162.4464,1431736.4905,1431736.4905,4.97,4.07,11.4089
600782,新钢股份,普钢,江西,19961225,600782.SH,20210105,4.6,4.62,4.47,4.52,4.63,-0.11,-2.3758,295173.69,133491.469,0.9257,1.4971,1.14,4.2218,5.4306,0.6351,0.2489,0.2104,4.4248,4.4248,318872.2696,318872.2696,197162.4464,1441302.6586,1441302.6586,5.09,4.17,11.4089
600782,新钢股份,普钢,江西,19961225,600782.SH,20210104,4.62,4.64,4.54,4.63,4.59,0.04,0.8715,282566.3,129863.407,0.8861,1.4332,1.16,4.3246,5.5628,0.6506,0.255,0.2155,4.3197,4.3197,318872.2696,318872.2696,197162.4464,1476378.6082,1476378.6082,5.05,4.13,11.4089
600782,新钢股份,普钢,江西,19961225,600782.SH,20201231,4.55,4.62,4.53,4.59,4.59,0.0,0.0,210500.04,96344.538,0.6601,1.0676,0.89,4.2872,5.5147,0.645,0.2528,0.2136,4.3573,4.3573,318872.2696,318872.2696,197162.4464,1463623.7175,1463623.7175,5.05,4.13,11.4089
600782,新钢股份,普钢,江西,19961225,600782.SH,20201230,4.53,4.62,4.52,4.59,4.51,0.08,1.7738,289309.0,132449.924,0.9073,1.4674,1.31,4.2872,5.5147,0.645,0.2528,0.2136,4.3573,4.3573,318872.2696,318872.2696,197162.4464,1463623.7175,1463623.7175,4.96,4.06,11.4089
600782,新钢股份,普钢,江西,19961225,600782.SH,20201229,4.51,4.57,4.49,4.51,4.51,0.0,0.0,239553.01,108253.45,0.7513,1.215,1.0,4.2125,5.4186,0.6337,0.2484,0.2099,4.4346,4.4346,318872.2696,318872.2696,197162.4464,1438113.9359,1438113.9359,4.96,4.06,11.4089
600782,新钢股份,普钢,江西,19961225,600782.SH,20201228,4.54,4.59,4.47,4.51,4.55,-0.04,-0.8791,278000.39,125172.199,0.8718,1.41,1.15,4.2125,5.4186,0.6337,0.2484,0.2099,4.4346,4.4346,318872.2696,318872.2696,197162.4464,1438113.9359,1438113.9359,5.01,4.1,11.4089
600782,新钢股份,普钢,江西,19961225,600782.SH,20201225,4.42,4.58,4.41,4.55,4.46,0.09,2.0179,197475.29,89425.206,0.6193,1.0016,0.64,4.2498,5.4666,0.6393,0.2506,0.2118,4.3956,4.3956,318872.2696,318872.2696,197162.4464,1450868.8267,1450868.8267,4.91,4.01,11.4089
600782,新钢股份,普钢,江西,19961225,600782.SH,20201224,4.56,4.56,4.45,4.46,4.53,-0.07,-1.5453,179528.19,80535.415,0.563,0.9106,0.54,4.1658,5.3585,0.6267,0.2456,0.2076,4.4843,4.4843,318872.2696,318872.2696,197162.4464,1422170.3224,1422170.3224,4.98,4.08,11.4089
600782,新钢股份,普钢,江西,19961225,600782.SH,20201223,4.48,4.59,4.47,4.53,4.49,0.04,0.8909,213854.74,97100.719,0.6707,1.0847,0.62,4.2312,5.4426,0.6365,0.2495,0.2109,4.415,4.415,318872.2696,318872.2696,197162.4464,1444491.3813,1444491.3813,4.94,4.04,11.4089
600782,新钢股份,普钢,江西,19961225,600782.SH,20201222,4.68,4.69,4.49,4.49,4.67,-0.18,-3.8544,332273.81,152191.736,1.042,1.6853,1.0,4.1938,5.3946,0.6309,0.2473,0.209,4.4543,4.4543,318872.2696,318872.2696,197162.4464,1431736.4905,1431736.4905,5.14,4.2,11.4089
600782,新钢股份,普钢,江西,19961225,600782.SH,20201221,4.72,4.73,4.65,4.67,4.65,0.02,0.4301,280654.83,131376.52,0.8801,1.4235,0.71,4.3619,5.6108,0.6562,0.2572,0.2174,4.2827,4.2827,318872.2696,318872.2696,197162.4464,1489133.499,1489133.499,5.12,4.19,11.4089
600782,新钢股份,普钢,江西,19961225,600782.SH,20201218,4.5,4.72,4.49,4.65,4.48,0.17,3.7946,534887.45,246723.424,1.6774,2.7129,1.3,4.3432,5.5868,0.6534,0.2561,0.2164,4.3011,4.3011,318872.2696,318872.2696,197162.4464,1482756.0536,1482756.0536,4.93,4.03,11.4089
600782,新钢股份,普钢,江西,19961225,600782.SH,20201217,4.37,4.5,4.34,4.48,4.37,0.11,2.5172,287621.95,127442.19,0.902,1.4588,0.52,4.1844,5.3825,0.6295,0.2467,0.2085,4.4643,4.4643,318872.2696,318872.2696,197162.4464,1428547.7678,1428547.7678,4.81,3.93,11.4089
600782,新钢股份,普钢,江西,19961225,600782.SH,20201216,4.38,4.45,4.33,4.37,4.37,0.0,0.0,278133.38,121805.934,0.8722,1.4107,0.5,4.0817,5.2504,0.614,0.2407,0.2034,4.5767,4.5767,318872.2696,318872.2696,197162.4464,1393471.8182,1393471.8182,4.81,3.93,11.4089
600782,新钢股份,普钢,江西,19961225,600782.SH,20201215,4.38,4.38,4.29,4.37,4.35,0.02,0.4598,284916.21,123678.742,0.8935,1.4451,0.49,4.0817,5.2504,0.614,0.2407,0.2034,4.5767,4.5767,318872.2696,318872.2696,197162.4464,1393471.8182,1393471.8182,4.79,3.92,11.4089
600782,新钢股份,普钢,江西,19961225,600782.SH,20201214,4.51,4.53,4.31,4.35,4.55,-0.2,-4.3956,597569.68,261329.086,1.874,3.0308,1.1,4.063,5.2264,0.6112,0.2396,0.2025,4.5977,4.5977,318872.2696,318872.2696,197162.4464,1387094.3728,1387094.3728,5.01,4.1,11.4089
600782,新钢股份,普钢,江西,19961225,600782.SH,20201211,4.78,4.82,4.52,4.55,4.74,-0.19,-4.0084,605651.3,281546.477,1.8994,3.0718,1.27,4.2498,5.4666,0.6393,0.2506,0.2118,4.3956,4.3956,318872.2696,318872.2696,197162.4464,1450868.8267,1450868.8267,5.21,4.27,11.4089
600782,新钢股份,普钢,江西,19961225,600782.SH,20201210,4.55,4.8,4.54,4.74,4.51,0.23,5.0998,1020636.25,481639.263,3.2008,5.1766,2.96,4.4273,5.6949,0.666,0.261,0.2206,4.2194,4.2194,318872.2696,318872.2696,197162.4464,1511454.5579,1511454.5579,4.96,4.06,11.4089
600782,新钢股份,普钢,江西,19961225,600782.SH,20201209,4.49,4.57,4.49,4.51,4.5,0.01,0.2222,275869.42,125111.806,0.8651,1.3992,0.74,4.2125,5.4186,0.6337,0.2484,0.2099,4.4346,4.4346,318872.2696,318872.2696,197162.4464,1438113.9359,1438113.9359,4.95,4.05,11.4089
600782,新钢股份,普钢,江西,19961225,600782.SH,20201208,4.61,4.62,4.49,4.5,4.65,-0.15,-3.2258,422365.89,191353.721,1.3246,2.1422,1.19,4.2031,5.4066,0.6323,0.2478,0.2095,4.4444,4.4444,318872.2696,318872.2696,197162.4464,1434925.2132,1434925.2132,5.12,4.19,11.4089
600782,新钢股份,普钢,江西,19961225,600782.SH,20201207,4.63,4.71,4.6,4.65,4.63,0.02,0.432,381074.29,177356.783,1.1951,1.9328,1.01,4.3432,5.5868,0.6534,0.2561,0.2164,4.3011,4.3011,318872.2696,318872.2696,197162.4464,1482756.0536,1482756.0536,5.09,4.17,11.4089
600782,新钢股份,普钢,江西,19961225,600782.SH,20201204,4.61,4.65,4.54,4.63,4.59,0.04,0.8715,285144.26,131462.875,0.8942,1.4462,0.69,4.3246,5.5628,0.6506,0.255,0.2155,4.3197,4.3197,318872.2696,318872.2696,197162.4464,1476378.6082,1476378.6082,5.05,4.13,11.4089
600782,新钢股份,普钢,江西,19961225,600782.SH,20201203,4.66,4.68,4.57,4.59,4.66,-0.07,-1.5021,362027.09,166879.552,1.1353,1.8362,0.85,4.2872,5.5147,0.645,0.2528,0.2136,4.3573,4.3573,318872.2696,318872.2696,197162.4464,1463623.7175,1463623.7175,5.13,4.19,11.4089
600782,新钢股份,普钢,江西,19961225,600782.SH,20201202,4.64,4.72,4.63,4.66,4.63,0.03,0.6479,402447.11,188143.72,1.2621,2.0412,0.86,4.3526,5.5988,0.6548,0.2566,0.2169,4.2918,4.2918,318872.2696,318872.2696,197162.4464,1485944.7763,1485944.7763,5.09,4.17,11.4089
600782,新钢股份,普钢,江西,19961225,600782.SH,20201201,4.61,4.66,4.56,4.63,4.62,0.01,0.2165,338436.82,156304.905,1.0614,1.7165,0.67,4.3246,5.5628,0.6506,0.255,0.2155,4.3197,4.3197,318872.2696,318872.2696,197162.4464,1476378.6082,1476378.6082,5.08,4.16,11.4089
600782,新钢股份,普钢,江西,19961225,600782.SH,20201130,4.7,4.79,4.62,4.62,4.72,-0.1,-2.1186,491190.95,231413.186,1.5404,2.4913,0.85,4.3152,5.5507,0.6492,0.2544,0.215,4.329,4.329,318872.2696,318872.2696,197162.4464,1473189.8856,1473189.8856,5.19,4.25,11.4089
600782,新钢股份,普钢,江西,19961225,600782.SH,20201127,4.73,4.86,4.61,4.72,4.72,0.0,0.0,473692.91,223626.847,1.4855,2.4026,0.81,4.4086,5.6709,0.6632,0.2599,0.2197,4.2373,4.2373,318872.2696,318872.2696,197162.4464,1505077.1125,1505077.1125,5.19,4.25,11.4089
600782,新钢股份,普钢,江西,19961225,600782.SH,20201126,4.71,4.73,4.62,4.72,4.71,0.01,0.2123,427287.29,200078.714,1.34,2.1672,0.72,4.4086,5.6709,0.6632,0.2599,0.2197,4.2373,4.2373,318872.2696,318872.2696,197162.4464,1505077.1125,1505077.1125,5.18,4.24,11.4089
600782,新钢股份,普钢,江西,19961225,600782.SH,20201125,4.8,4.87,4.7,4.71,4.76,-0.05,-1.0504,597381.73,286500.55,1.8734,3.0299,1.04,4.3993,5.6589,0.6618,0.2594,0.2192,4.2463,4.2463,318872.2696,318872.2696,197162.4464,1501888.3898,1501888.3898,5.24,4.28,11.4089
600782,新钢股份,普钢,江西,19961225,600782.SH,20201124,4.69,4.8,4.67,4.76,4.69,0.07,1.4925,528406.6,251055.299,1.6571,2.6801,0.85,4.446,5.719,0.6688,0.2621,0.2216,4.2017,4.2017,318872.2696,318872.2696,197162.4464,1517832.0033,1517832.0033,5.16,4.22,11.4089
600782,新钢股份,普钢,江西,19961225,600782.SH,20201123,4.75,4.81,4.67,4.69,4.74,-0.05,-1.0549,851852.15,404468.137,2.6715,4.3206,1.54,4.3806,5.6349,0.659,0.2583,0.2183,4.2644,4.2644,318872.2696,318872.2696,197162.4464,1495510.9444,1495510.9444,5.21,4.27,11.4089
600782,新钢股份,普钢,江西,19961225,600782.SH,20201120,4.63,4.75,4.59,4.74,4.62,0.12,2.5974,507658.84,238298.46,1.592,2.5748,0.93,4.4273,5.6949,0.666,0.261,0.2206,4.2194,4.2194,318872.2696,318872.2696,197162.4464,1511454.5579,1511454.5579,5.08,4.16,11.4089
600782,新钢股份,普钢,江西,19961225,600782.SH,20201119,4.68,4.75,4.59,4.62,4.72,-0.1,-2.1186,484164.73,224499.259,1.5184,2.4557,0.93,4.3152,5.5507,0.6492,0.2544,0.215,4.329,4.329,318872.2696,318872.2696,197162.4464,1473189.8856,1473189.8856,5.19,4.25,11.4089
600782,新钢股份,普钢,江西,19961225,600782.SH,20201118,4.75,4.78,4.65,4.72,4.77,-0.05,-1.0482,486447.83,229469.984,1.5255,2.4672,0.82,4.4086,5.6709,0.6632,0.2599,0.2197,4.2373,4.2373,318872.2696,318872.2696,197162.4464,1505077.1125,1505077.1125,5.25,4.29,11.4089
600782,新钢股份,普钢,江西,19961225,600782.SH,20201117,4.64,4.77,4.63,4.77,4.62,0.15,3.2468,795071.17,375275.357,2.4934,4.0326,1.55,4.4553,5.731,0.6702,0.2627,0.222,4.1929,4.1929,318872.2696,318872.2696,197162.4464,1521020.726,1521020.726,5.08,4.16,11.4089
600782,新钢股份,普钢,江西,19961225,600782.SH,20201116,4.5,4.64,4.5,4.62,4.49,0.13,2.8953,492120.91,226361.223,1.5433,2.496,0.89,4.3152,5.5507,0.6492,0.2544,0.215,4.329,4.329,318872.2696,318872.2696,197162.4464,1473189.8856,1473189.8856,4.94,4.04,11.4089
600782,新钢股份,普钢,江西,19961225,600782.SH,20201113,4.52,4.57,4.43,4.49,4.55,-0.06,-1.3187,464137.49,208921.039,1.4556,2.3541,0.82,4.1938,5.3946,0.6309,0.2473,0.209,4.4543,4.4543,318872.2696,318872.2696,197162.4464,1431736.4905,1431736.4905,5.01,4.1,11.4089
600782,新钢股份,普钢,江西,19961225,600782.SH,20201112,4.5,4.57,4.47,4.55,4.53,0.02,0.4415,375812.24,170358.389,1.1786,1.9061,0.57,4.2498,5.4666,0.6393,0.2506,0.2118,4.3956,4.3956,318872.2696,318872.2696,197162.4464,1450868.8267,1450868.8267,4.98,4.08,11.4089
600782,新钢股份,普钢,江西,19961225,600782.SH,20201111,4.39,4.64,4.38,4.53,4.38,0.15,3.4247,850649.96,385512.821,2.6677,4.3145,1.55,4.2312,5.4426,0.6365,0.2495,0.2109,4.415,4.415,318872.2696,318872.2696,197162.4464,1444491.3813,1444491.3813,4.82,3.94,11.4089
600782,新钢股份,普钢,江西,19961225,600782.SH,20201110,4.44,4.5,4.36,4.38,4.43,-0.05,-1.1287,388370.09,171277.72,1.2179,1.9698,0.74,4.091,5.2624,0.6154,0.2412,0.2039,4.5662,4.5662,318872.2696,318872.2696,197162.4464,1396660.5408,1396660.5408,4.87,3.99,11.4089
600782,新钢股份,普钢,江西,19961225,600782.SH,20201109,4.4,4.52,4.39,4.43,4.34,0.09,2.0737,671835.74,299275.254,2.1069,3.4075,1.5,4.1377,5.3225,0.6225,0.244,0.2062,4.5147,4.5147,318872.2696,318872.2696,197162.4464,1412604.1543,1412604.1543,4.77,3.91,11.4089
600782,新钢股份,普钢,江西,19961225,600782.SH,20201106,4.35,4.39,4.27,4.34,4.36,-0.02,-0.4587,535129.5,232225.962,1.6782,2.7142,1.38,4.0537,5.2143,0.6098,0.239,0.202,4.6083,4.6083,318872.2696,318872.2696,197162.4464,1383905.6501,1383905.6501,4.8,3.92,11.4089
600782,新钢股份,普钢,江西,19961225,600782.SH,20201105,4.19,4.38,4.18,4.36,4.17,0.19,4.5564,846340.49,364344.67,2.6542,4.2926,3.41,4.0724,5.2384,0.6126,0.2401,0.2029,4.5872,4.5872,318872.2696,318872.2696,197162.4464,1390283.0955,1390283.0955,4.59,3.75,11.4089
600782,新钢股份,普钢,江西,19961225,600782.SH,20201104,4.12,4.19,4.11,4.17,4.12,0.05,1.2136,301205.54,124936.833,0.9446,1.5277,1.34,3.8949,5.0101,0.5859,0.2296,0.1941,4.7962,4.7962,318872.2696,318872.2696,197162.4464,1329697.3642,1329697.3642,4.53,3.71,11.4089
600782,新钢股份,普钢,江西,19961225,600782.SH,20201103,4.1,4.14,4.09,4.12,4.09,0.03,0.7335,273516.23,112614.768,0.8578,1.3873,1.43,3.8482,4.95,0.5789,0.2269,0.1918,4.8544,4.8544,318872.2696,318872.2696,197162.4464,1313753.7508,1313753.7508,4.5,3.68,11.4089
600782,新钢股份,普钢,江西,19961225,600782.SH,20201102,4.15,4.17,4.08,4.09,4.15,-0.06,-1.4458,284052.53,116535.161,0.8908,1.4407,1.87,3.8202,4.914,0.5747,0.2252,0.1904,4.89,4.89,318872.2696,318872.2696,197162.4464,1304187.5827,1304187.5827,4.57,3.74,11.4089
600782,新钢股份,普钢,江西,19961225,600782.SH,20201030,4.15,4.2,4.14,4.15,4.15,0.0,0.0,236498.78,98473.026,0.7417,1.1995,1.83,3.8762,4.959,0.5997,0.2285,0.2087,4.8193,4.8193,318872.2696,318872.2696,197162.4464,1323319.9188,1323319.9188,4.57,3.74,11.4089
600782,新钢股份,普钢,江西,19961225,600782.SH,20201029,4.12,4.16,4.1,4.15,4.16,-0.01,-0.2404,147170.38,60754.627,0.4615,0.7464,1.18,3.8762,4.959,0.5997,0.2285,0.2087,4.8193,4.8193,318872.2696,318872.2696,197162.4464,1323319.9188,1323319.9188,4.58,3.74,11.4089
600782,新钢股份,普钢,江西,19961225,600782.SH,20201028,4.12,4.17,4.1,4.16,4.12,0.04,0.9709,186839.19,77275.008,0.5859,0.9476,1.43,3.8856,4.9709,0.6011,0.2291,0.2092,4.8077,4.8077,318872.2696,318872.2696,197162.4464,1326508.6415,1326508.6415,4.53,3.71,11.4089
600782,新钢股份,普钢,江西,19961225,600782.SH,20201027,4.09,4.12,4.08,4.12,4.11,0.01,0.2433,102354.41,41967.413,0.321,0.5191,0.79,3.8482,4.9231,0.5953,0.2269,0.2072,4.8544,4.8544,318872.2696,318872.2696,197162.4464,1313753.7508,1313753.7508,4.52,3.7,11.4089
600782,新钢股份,普钢,江西,19961225,600782.SH,20201026,4.11,4.12,4.09,4.11,4.13,-0.02,-0.4843,86179.06,35393.28,0.2703,0.4371,0.57,3.8389,4.9112,0.5939,0.2263,0.2067,4.8662,4.8662,318872.2696,318872.2696,197162.4464,1310565.0281,1310565.0281,4.54,3.72,11.4089
600782,新钢股份,普钢,江西,19961225,600782.SH,20201023,4.12,4.13,4.09,4.13,4.11,0.02,0.4866,122850.47,50499.099,0.3853,0.6231,0.77,3.8575,4.9351,0.5968,0.2274,0.2077,4.8426,4.8426,318872.2696,318872.2696,197162.4464,1316942.4734,1316942.4734,4.52,3.7,11.4089
600782,新钢股份,普钢,江西,19961225,600782.SH,20201022,4.1,4.14,4.09,4.11,4.13,-0.02,-0.4843,126443.71,52107.511,0.3965,0.6413,0.75,3.8389,4.9112,0.5939,0.2263,0.2067,4.8662,4.8662,318872.2696,318872.2696,197162.4464,1310565.0281,1310565.0281,4.54,3.72,11.4089
600782,新钢股份,普钢,江西,19961225,600782.SH,20201021,4.16,4.19,4.1,4.13,4.1,0.03,0.7317,216206.0,89366.563,0.678,1.0966,1.39,3.8575,4.9351,0.5968,0.2274,0.2077,4.8426,4.8426,318872.2696,318872.2696,197162.4464,1316942.4734,1316942.4734,4.51,3.69,11.4089
600782,新钢股份,普钢,江西,19961225,600782.SH,20201020,4.09,4.11,4.07,4.1,4.1,0.0,0.0,99479.19,40653.968,0.312,0.5046,0.57,3.8295,4.8992,0.5924,0.2258,0.2062,4.878,4.878,318872.2696,318872.2696,197162.4464,1307376.3054,1307376.3054,4.51,3.69,11.4089
600782,新钢股份,普钢,江西,19961225,600782.SH,20201019,4.13,4.18,4.08,4.1,4.13,-0.03,-0.7264,192801.71,79613.549,0.6046,0.9779,1.1,3.8295,4.8992,0.5924,0.2258,0.2062,4.878,4.878,318872.2696,318872.2696,197162.4464,1307376.3054,1307376.3054,4.54,3.72,11.4089
600782,新钢股份,普钢,江西,19961225,600782.SH,20201016,4.08,4.14,4.08,4.13,4.09,0.04,0.978,161302.89,66407.415,0.5059,0.8181,0.92,3.8575,4.9351,0.5968,0.2274,0.2077,4.8426,4.8426,318872.2696,318872.2696,197162.4464,1316942.4734,1316942.4734,4.5,3.68,11.4089
600782,新钢股份,普钢,江西,19961225,600782.SH,20201015,4.07,4.13,4.06,4.09,4.07,0.02,0.4914,172077.98,70415.392,0.5396,0.8728,0.98,3.8202,4.8873,0.591,0.2252,0.2057,4.89,4.89,318872.2696,318872.2696,197162.4464,1304187.5827,1304187.5827,4.48,3.66,11.4089
600782,新钢股份,普钢,江西,19961225,600782.SH,20201014,4.09,4.09,4.05,4.07,4.09,-0.02,-0.489,151624.52,61620.209,0.4755,0.769,0.89,3.8015,4.8634,0.5881,0.2241,0.2047,4.914,4.914,318872.2696,318872.2696,197162.4464,1297810.1373,1297810.1373,4.5,3.68,11.4089
600782,新钢股份,普钢,江西,19961225,600782.SH,20201013,4.14,4.14,4.08,4.09,4.14,-0.05,-1.2077,194895.49,79854.689,0.6112,0.9885,1.25,3.8202,4.8873,0.591,0.2252,0.2057,4.89,4.89,318872.2696,318872.2696,197162.4464,1304187.5827,1304187.5827,4.55,3.73,11.4089
600782,新钢股份,普钢,江西,19961225,600782.SH,20201012,4.09,4.15,4.09,4.14,4.09,0.05,1.2225,193539.26,79880.301,0.6069,0.9816,1.37,3.8669,4.947,0.5982,0.228,0.2082,4.8309,4.8309,318872.2696,318872.2696,197162.4464,1320131.1961,1320131.1961,4.5,3.68,11.4089
600782,新钢股份,普钢,江西,19961225,600782.SH,20201009,4.07,4.11,4.06,4.09,4.02,0.07,1.7413,161459.44,66064.188,0.5063,0.8189,1.17,3.8202,4.8873,0.591,0.2252,0.2057,4.89,4.89,318872.2696,318872.2696,197162.4464,1304187.5827,1304187.5827,4.42,3.62,11.4089
600782,新钢股份,普钢,江西,19961225,600782.SH,20200930,4.07,4.08,4.02,4.02,4.07,-0.05,-1.2285,178557.19,72314.737,0.56,0.9056,1.31,3.7548,4.8036,0.5809,0.2214,0.2022,4.9751,4.9751,318872.2696,318872.2696,197162.4464,1281866.5238,1281866.5238,4.48,3.66,11.4089
600782,新钢股份,普钢,江西,19961225,600782.SH,20200929,4.05,4.09,4.04,4.07,4.04,0.03,0.7426,120553.81,49092.812,0.3781,0.6114,0.85,3.8015,4.8634,0.5881,0.2241,0.2047,4.914,4.914,318872.2696,318872.2696,197162.4464,1297810.1373,1297810.1373,4.44,3.64,11.4089
600782,新钢股份,普钢,江西,19961225,600782.SH,20200928,4.03,4.06,4.02,4.04,4.04,0.0,0.0,124673.91,50350.285,0.391,0.6323,0.83,3.7735,4.8275,0.5838,0.2225,0.2032,4.9505,4.9505,318872.2696,318872.2696,197162.4464,1288243.9692,1288243.9692,4.44,3.64,11.4089
600782,新钢股份,普钢,江西,19961225,600782.SH,20200925,4.05,4.08,4.01,4.04,4.03,0.01,0.2481,122043.24,49310.617,0.3827,0.619,0.73,3.7735,4.8275,0.5838,0.2225,0.2032,4.9505,4.9505,318872.2696,318872.2696,197162.4464,1288243.9692,1288243.9692,4.43,3.63,11.4089
600782,新钢股份,普钢,江西,19961225,600782.SH,20200924,4.09,4.09,4.03,4.03,4.09,-0.06,-1.467,146314.43,59245.677,0.4588,0.7421,0.89,3.7641,4.8156,0.5823,0.2219,0.2027,4.9628,4.9628,318872.2696,318872.2696,197162.4464,1285055.2465,1285055.2465,4.5,3.68,11.4089
600782,新钢股份,普钢,江西,19961225,600782.SH,20200923,4.12,4.13,4.08,4.09,4.12,-0.03,-0.7282,166860.11,68461.683,0.5233,0.8463,1.06,3.8202,4.8873,0.591,0.2252,0.2057,4.89,4.89,318872.2696,318872.2696,197162.4464,1304187.5827,1304187.5827,4.53,3.71,11.4089
600782,新钢股份,普钢,江西,19961225,600782.SH,20200922,4.14,4.18,4.11,4.12,4.16,-0.04,-0.9615,148021.75,61314.38,0.4642,0.7508,0.9,3.8482,4.9231,0.5953,0.2269,0.2072,4.8544,4.8544,318872.2696,318872.2696,197162.4464,1313753.7508,1313753.7508,4.58,3.74,11.4089
600782,新钢股份,普钢,江西,19961225,600782.SH,20200921,4.22,4.22,4.15,4.16,4.21,-0.05,-1.1876,171011.0,71484.512,0.5363,0.8674,1.03,3.8856,4.9709,0.6011,0.2291,0.2092,4.8077,4.8077,318872.2696,318872.2696,197162.4464,1326508.6415,1326508.6415,4.63,3.79,11.4089
600782,新钢股份,普钢,江西,19961225,600782.SH,20200918,4.15,4.22,4.13,4.21,4.14,0.07,1.6908,205124.28,85692.526,0.6433,1.0404,1.29,3.9323,5.0307,0.6083,0.2318,0.2117,4.7506,4.7506,318872.2696,318872.2696,197162.4464,1342452.255,1342452.255,4.55,3.73,11.4089
600782,新钢股份,普钢,江西,19961225,600782.SH,20200917,4.13,4.16,4.11,4.14,4.14,0.0,0.0,134696.42,55732.997,0.4224,0.6832,0.66,3.8669,4.947,0.5982,0.228,0.2082,4.8309,4.8309,318872.2696,318872.2696,197162.4464,1320131.1961,1320131.1961,4.55,3.73,11.4089
600782,新钢股份,普钢,江西,19961225,600782.SH,20200916,4.12,4.16,4.1,4.14,4.12,0.02,0.4854,128338.66,53037.212,0.4025,0.6509,0.48,3.8669,4.947,0.5982,0.228,0.2082,4.8309,4.8309,318872.2696,318872.2696,197162.4464,1320131.1961,1320131.1961,4.53,3.71,11.4089
600782,新钢股份,普钢,江西,19961225,600782.SH,20200915,4.14,4.15,4.11,4.12,4.14,-0.02,-0.4831,179338.89,73920.049,0.5624,0.9096,0.65,3.8482,4.9231,0.5953,0.2269,0.2072,4.8544,4.8544,318872.2696,318872.2696,197162.4464,1313753.7508,1313753.7508,4.55,3.73,11.4089
600782,新钢股份,普钢,江西,19961225,600782.SH,20200914,4.15,4.18,4.11,4.14,4.15,-0.01,-0.241,179312.93,74195.993,0.5623,0.9095,0.62,3.8669,4.947,0.5982,0.228,0.2082,4.8309,4.8309,318872.2696,318872.2696,197162.4464,1320131.1961,1320131.1961,4.57,3.74,11.4089
600782,新钢股份,普钢,江西,19961225,600782.SH,20200911,4.16,4.18,4.12,4.15,4.17,-0.02,-0.4796,172313.81,71531.442,0.5404,0.874,0.6,3.8762,4.959,0.5997,0.2285,0.2087,4.8193,4.8193,318872.2696,318872.2696,197162.4464,1323319.9188,1323319.9188,4.59,3.75,11.4089
600782,新钢股份,普钢,江西,19961225,600782.SH,20200910,4.29,4.3,4.16,4.17,4.28,-0.11,-2.5701,367844.25,155214.437,1.1536,1.8657,1.46,3.8949,4.9829,0.6025,0.2296,0.2097,4.7962,4.7962,318872.2696,318872.2696,197162.4464,1329697.3642,1329697.3642,4.71,3.85,11.4089
600782,新钢股份,普钢,江西,19961225,600782.SH,20200909,4.2,4.31,4.19,4.28,4.24,0.04,0.9434,438458.58,187220.073,1.375,2.2238,2.08,3.9976,5.1143,0.6184,0.2357,0.2152,4.6729,4.6729,318872.2696,318872.2696,197162.4464,1364773.3139,1364773.3139,4.66,3.82,11.4089
600782,新钢股份,普钢,江西,19961225,600782.SH,20200908,4.19,4.26,4.19,4.24,4.2,0.04,0.9524,230950.85,97626.794,0.7243,1.1714,1.14,3.9603,5.0665,0.6127,0.2335,0.2132,4.717,4.717,318872.2696,318872.2696,197162.4464,1352018.4231,1352018.4231,4.62,3.78,11.4089
600782,新钢股份,普钢,江西,19961225,600782.SH,20200907,4.23,4.3,4.18,4.2,4.22,-0.02,-0.4739,231368.5,98112.116,0.7256,1.1735,1.1,3.9229,5.0187,0.6069,0.2313,0.2112,4.7619,4.7619,318872.2696,318872.2696,197162.4464,1339263.5323,1339263.5323,4.64,3.8,11.4089
600782,新钢股份,普钢,江西,19961225,600782.SH,20200904,4.21,4.23,4.19,4.22,4.26,-0.04,-0.939,161888.2,68187.016,0.5077,0.8211,0.67,3.9416,5.0426,0.6098,0.2324,0.2122,4.7393,4.7393,318872.2696,318872.2696,197162.4464,1345640.9777,1345640.9777,4.69,3.83,11.4089
600782,新钢股份,普钢,江西,19961225,600782.SH,20200903,4.27,4.31,4.24,4.26,4.26,0.0,0.0,195988.04,83721.851,0.6146,0.994,0.82,3.979,5.0904,0.6156,0.2346,0.2142,4.6948,4.6948,318872.2696,318872.2696,197162.4464,1358395.8685,1358395.8685,4.69,3.83,11.4089
600782,新钢股份,普钢,江西,19961225,600782.SH,20200902,4.3,4.31,4.24,4.26,4.29,-0.03,-0.6993,232000.32,98911.491,0.7276,1.1767,0.91,3.979,5.0904,0.6156,0.2346,0.2142,4.6948,4.6948,318872.2696,318872.2696,197162.4464,1358395.8685,1358395.8685,4.72,3.86,11.4089
600782,新钢股份,普钢,江西,19961225,600782.SH,20200901,4.31,4.32,4.27,4.29,4.3,-0.01,-0.2326,194076.51,83202.752,0.6086,0.9843,0.73,4.007,5.1263,0.6199,0.2362,0.2157,4.662,4.662,318872.2696,318872.2696,197162.4464,1367962.0366,1367962.0366,4.73,3.87,11.4089
600782,新钢股份,普钢,江西,19961225,600782.SH,20200831,4.36,4.39,4.3,4.3,4.37,-0.07,-1.6018,270999.85,117983.553,0.8499,1.3745,0.92,4.0163,5.1382,0.6213,0.2368,0.2163,4.6512,4.6512,318872.2696,318872.2696,197162.4464,1371150.7593,1371150.7593,4.81,3.93,11.4089
600782,新钢股份,普钢,江西,19961225,600782.SH,20200828,4.3,4.41,4.28,4.37,4.31,0.06,1.3921,311091.64,135618.205,0.9756,1.5778,1.09,4.0817,5.2219,0.6314,0.2407,0.2198,4.5767,4.5767,318872.2696,318872.2696,197162.4464,1393471.8182,1393471.8182,4.74,3.88,11.4089
600782,新钢股份,普钢,江西,19961225,600782.SH,20200827,4.34,4.35,4.28,4.31,4.33,-0.02,-0.4619,187214.27,80631.443,0.5871,0.9495,0.57,4.0257,5.1502,0.6228,0.2373,0.2168,4.6404,4.6404,318872.2696,318872.2696,197162.4464,1374339.482,1374339.482,4.76,3.9,11.4089
600782,新钢股份,普钢,江西,19961225,600782.SH,20200826,4.35,4.36,4.29,4.33,4.35,-0.02,-0.4598,310755.23,134136.587,0.9745,1.5761,0.93,4.0443,5.1741,0.6257,0.2385,0.2178,4.6189,4.6189,318872.2696,318872.2696,197162.4464,1380716.9274,1380716.9274,4.79,3.92,11.4089
600782,新钢股份,普钢,江西,19961225,600782.SH,20200825,4.36,4.38,4.34,4.35,4.36,-0.01,-0.2294,247962.89,108182.373,0.7776,1.7504,0.69,4.063,5.198,0.6286,0.2396,0.2188,4.5977,4.5977,318872.2696,318872.2696,141662.4464,1387094.3728,1387094.3728,4.8,3.92,11.4089
600782,新钢股份,普钢,江西,19961225,600782.SH,20200824,4.4,4.41,4.34,4.36,4.45,-0.09,-2.0225,421804.73,184405.413,1.3228,2.9775,1.17,4.0724,5.2099,0.63,0.2401,0.2193,4.5872,4.5872,318872.2696,318872.2696,141662.4464,1390283.0955,1390283.0955,4.9,4.01,11.4089
600782,新钢股份,普钢,江西,19961225,600782.SH,20200821,4.46,4.48,4.42,4.45,4.46,-0.01,-0.2242,264811.95,117573.11,0.8305,1.3431,0.76,4.1564,4.4641,0.6572,0.2451,0.2396,4.4944,4.4944,318872.2696,318872.2696,197162.4464,1418981.5997,1418981.5997,4.91,4.01,11.4089
600782,新钢股份,普钢,江西,19961225,600782.SH,20200820,4.49,4.52,4.42,4.46,4.48,-0.02,-0.4464,406653.33,181890.352,1.2753,2.0625,1.26,4.1658,4.4741,0.6587,0.2456,0.2402,4.4843,4.4843,318872.2696,318872.2696,197162.4464,1422170.3224,1422170.3224,4.93,4.03,11.4089
600782,新钢股份,普钢,江西,19961225,600782.SH,20200819,4.49,4.54,4.44,4.48,4.49,-0.01,-0.2227,335400.27,150881.662,1.0518,1.7011,1.07,4.1844,4.4942,0.6616,0.2467,0.2413,4.4643,4.4643,318872.2696,318872.2696,197162.4464,1428547.7678,1428547.7678,4.94,4.04,11.4089
600782,新钢股份,普钢,江西,19961225,600782.SH,20200818,4.49,4.54,4.46,4.49,4.48,0.01,0.2232,356646.59,160642.153,1.1185,1.8089,1.22,4.1938,4.5042,0.6631,0.2473,0.2418,4.4543,4.4543,318872.2696,318872.2696,197162.4464,1431736.4905,1431736.4905,4.93,4.03,11.4089
600782,新钢股份,普钢,江西,19961225,600782.SH,20200817,4.43,4.5,4.39,4.48,4.41,0.07,1.5873,444561.21,198541.335,1.3942,2.2548,1.76,4.1844,4.4942,0.6616,0.2467,0.2413,4.4643,4.4643,318872.2696,318872.2696,197162.4464,1428547.7678,1428547.7678,4.85,3.97,11.4089
600782,新钢股份,普钢,江西,19961225,600782.SH,20200814,4.41,4.42,4.35,4.41,4.4,0.01,0.2273,189175.02,83046.632,0.5933,0.9595,0.65,4.1191,4.4239,0.6513,0.2429,0.2375,4.5351,4.5351,318872.2696,318872.2696,197162.4464,1406226.7089,1406226.7089,4.84,3.96,11.4089
600782,新钢股份,普钢,江西,19961225,600782.SH,20200813,4.38,4.46,4.37,4.4,4.37,0.03,0.6865,282167.02,124706.321,0.8849,1.4311,0.99,4.1097,4.4139,0.6498,0.2423,0.2369,4.5455,4.5455,318872.2696,318872.2696,197162.4464,1403037.9862,1403037.9862,4.81,3.93,11.4089
600782,新钢股份,普钢,江西,19961225,600782.SH,20200812,4.37,4.39,4.31,4.37,4.38,-0.01,-0.2283,293783.02,127759.876,0.9213,1.4901,1.08,4.0817,4.3838,0.6454,0.2407,0.2353,4.5767,4.5767,318872.2696,318872.2696,197162.4464,1393471.8182,1393471.8182,4.82,3.94,11.4089
600782,新钢股份,普钢,江西,19961225,600782.SH,20200811,4.49,4.5,4.36,4.38,4.47,-0.09,-2.0134,247195.91,109778.383,0.7752,1.2538,0.87,4.091,4.3938,0.6469,0.2412,0.2359,4.5662,4.5662,318872.2696,318872.2696,197162.4464,1396660.5408,1396660.5408,4.92,4.02,11.4089
600782,新钢股份,普钢,江西,19961225,600782.SH,20200810,4.45,4.49,4.4,4.47,4.46,0.01,0.2242,250852.78,111889.891,0.7867,1.2723,0.85,4.1751,4.4841,0.6602,0.2462,0.2407,4.4743,4.4743,318872.2696,318872.2696,197162.4464,1425359.0451,1425359.0451,4.91,4.01,11.4089
600782,新钢股份,普钢,江西,19961225,600782.SH,20200807,4.45,4.49,4.4,4.46,4.44,0.02,0.4505,385829.48,171597.254,1.21,1.9569,1.36,4.1658,4.4741,0.6587,0.2456,0.2402,4.4843,4.4843,318872.2696,318872.2696,197162.4464,1422170.3224,1422170.3224,4.88,4.0,11.4089
600782,新钢股份,普钢,江西,19961225,600782.SH,20200806,4.44,4.46,4.37,4.44,4.43,0.01,0.2257,243079.62,107452.959,0.7623,1.2329,0.86,4.1471,4.454,0.6557,0.2445,0.2391,4.5045,4.5045,318872.2696,318872.2696,197162.4464,1415792.877,1415792.877,4.87,3.99,11.4089
600782,新钢股份,普钢,江西,19961225,600782.SH,20200805,4.44,4.46,4.39,4.43,4.46,-0.03,-0.6726,233484.33,103065.167,0.7322,1.1842,0.82,4.1377,4.444,0.6543,0.244,0.2386,4.5147,4.5147,318872.2696,318872.2696,197162.4464,1412604.1543,1412604.1543,4.91,4.01,11.4089
600782,新钢股份,普钢,江西,19961225,600782.SH,20200804,4.49,4.5,4.42,4.46,4.49,-0.03,-0.6682,302935.09,134800.975,0.95,1.5365,1.09,4.1658,4.4741,0.6587,0.2456,0.2402,4.4843,4.4843,318872.2696,318872.2696,197162.4464,1422170.3224,1422170.3224,4.94,4.04,11.4089
600782,新钢股份,普钢,江西,19961225,600782.SH,20200803,4.45,4.5,4.44,4.49,4.42,0.07,1.5837,309026.97,138135.893,0.9691,1.5674,1.14,4.1938,4.5042,0.6631,0.2473,0.2418,4.4543,4.4543,318872.2696,318872.2696,197162.4464,1431736.4905,1431736.4905,4.86,3.98,11.4089
600782,新钢股份,普钢,江西,19961225,600782.SH,20200731,4.38,4.44,4.36,4.42,4.39,0.03,0.6834,331887.26,146116.889,1.0408,1.6833,1.18,4.1284,4.434,0.6528,0.2434,0.238,4.5249,4.5249,318872.2696,318872.2696,197162.4464,1409415.4316,1409415.4316,4.83,3.95,11.4089
600782,新钢股份,普钢,江西,19961225,600782.SH,20200730,4.39,4.43,4.35,4.39,4.39,0.0,0.0,240650.34,105523.65,0.7547,1.2206,0.79,4.1004,4.4039,0.6483,0.2418,0.2364,4.5558,4.5558,318872.2696,318872.2696,197162.4464,1399849.2635,1399849.2635,4.83,3.95,11.4089
600782,新钢股份,普钢,江西,19961225,600782.SH,20200729,4.34,4.39,4.27,4.39,4.34,0.05,1.1521,237106.51,103131.787,0.7436,1.2026,0.7,4.1004,4.4039,0.6483,0.2418,0.2364,4.5558,4.5558,318872.2696,318872.2696,197162.4464,1399849.2635,1399849.2635,4.77,3.91,11.4089
600782,新钢股份,普钢,江西,19961225,600782.SH,20200728,4.32,4.41,4.3,4.34,4.3,0.04,0.9302,277020.55,120700.141,0.8688,1.405,0.77,4.0537,4.3537,0.641,0.239,0.2337,4.6083,4.6083,318872.2696,318872.2696,197162.4464,1383905.6501,1383905.6501,4.73,3.87,11.4089
600782,新钢股份,普钢,江西,19961225,600782.SH,20200727,4.33,4.35,4.26,4.3,4.29,0.01,0.2331,265961.91,114241.706,0.8341,1.3489,0.62,4.0163,4.3136,0.6351,0.2368,0.2316,4.6512,4.6512,318872.2696,318872.2696,197162.4464,1371150.7593,1371150.7593,4.72,3.86,11.4089
600782,新钢股份,普钢,江西,19961225,600782.SH,20200724,4.45,4.47,4.26,4.29,4.46,-0.17,-3.8117,385524.5,167985.578,1.209,1.9554,0.95,4.007,4.3036,0.6336,0.2362,0.231,4.662,4.662,318872.2696,318872.2696,197162.4464,1367962.0366,1367962.0366,4.91,4.01,11.4089
600782,新钢股份,普钢,江西,19961225,600782.SH,20200723,4.45,4.47,4.35,4.46,4.48,-0.02,-0.4464,367020.45,162239.543,1.151,1.8615,0.88,4.1658,4.4741,0.6587,0.2456,0.2402,4.4843,4.4843,318872.2696,318872.2696,197162.4464,1422170.3224,1422170.3224,4.93,4.03,11.4089
600782,新钢股份,普钢,江西,19961225,600782.SH,20200722,4.56,4.59,4.46,4.48,4.53,-0.05,-1.1038,408406.22,185053.677,1.2808,2.0714,0.92,4.1844,4.4942,0.6616,0.2467,0.2413,4.4643,4.4643,318872.2696,318872.2696,197162.4464,1428547.7678,1428547.7678,4.98,4.08,11.4089
600782,新钢股份,普钢,江西,19961225,600782.SH,20200721,4.55,4.6,4.48,4.53,4.55,-0.02,-0.4396,364698.24,165266.013,1.1437,1.8497,0.74,4.2312,4.5443,0.669,0.2495,0.244,4.415,4.415,318872.2696,318872.2696,197162.4464,1444491.3813,1444491.3813,5.01,4.1,11.4089
600782,新钢股份,普钢,江西,19961225,600782.SH,20200720,4.34,4.58,4.33,4.55,4.3,0.25,5.814,615801.1,275931.303,1.9312,3.1233,1.3,4.2498,4.5644,0.672,0.2506,0.245,4.3956,4.3956,318872.2696,318872.2696,197162.4464,1450868.8267,1450868.8267,4.73,3.87,11.4089
600782,新钢股份,普钢,江西,19961225,600782.SH,20200717,4.35,4.38,4.27,4.3,4.34,-0.04,-0.9217,271076.45,117231.152,0.8501,1.3749,0.52,4.0163,4.3136,0.6351,0.2368,0.2316,4.6512,4.6512,318872.2696,318872.2696,197162.4464,1371150.7593,1371150.7593,4.77,3.91,11.4089
600782,新钢股份,普钢,江西,19961225,600782.SH,20200716,4.49,4.55,4.34,4.34,4.48,-0.14,-3.125,428771.53,190689.819,1.3446,2.1747,0.7,4.0537,4.3537,0.641,0.239,0.2337,4.6083,4.6083,318872.2696,318872.2696,197162.4464,1383905.6501,1383905.6501,4.93,4.03,11.4089
600782,新钢股份,普钢,江西,19961225,600782.SH,20200715,4.65,4.69,4.47,4.48,4.64,-0.16,-3.4483,533125.79,242319.0,1.6719,2.704,0.78,4.1844,4.4942,0.6616,0.2467,0.2413,4.4643,4.4643,318872.2696,318872.2696,197162.4464,1428547.7678,1428547.7678,5.1,4.18,11.4089
600782,新钢股份,普钢,江西,19961225,600782.SH,20200714,4.65,4.8,4.56,4.64,4.66,-0.02,-0.4292,600167.76,279944.636,1.8822,3.044,0.82,4.3339,4.6547,0.6853,0.2555,0.2499,4.3103,4.3103,318872.2696,318872.2696,197162.4464,1479567.3309,1479567.3309,5.13,4.19,11.4089
600782,新钢股份,普钢,江西,19961225,600782.SH,20200713,4.52,4.68,4.51,4.66,4.52,0.14,3.0973,530023.01,244531.508,1.6622,2.6883,0.65,4.3526,4.6747,0.6882,0.2566,0.251,4.2918,4.2918,318872.2696,318872.2696,197162.4464,1485944.7763,1485944.7763,4.97,4.07,11.4089
600782,新钢股份,普钢,江西,19961225,600782.SH,20200710,4.63,4.65,4.51,4.52,4.7,-0.18,-3.8298,537320.67,246320.381,1.6851,2.7253,0.67,4.2218,4.5343,0.6675,0.2489,0.2434,4.4248,4.4248,318872.2696,318872.2696,197162.4464,1441302.6586,1441302.6586,5.17,4.23,11.4089
600782,新钢股份,普钢,江西,19961225,600782.SH,20200709,4.63,4.76,4.57,4.7,4.65,0.05,1.0753,869780.37,404159.714,2.7277,4.4115,1.26,4.3899,4.7149,0.6941,0.2588,0.2531,4.2553,4.2553,318872.2696,318872.2696,197162.4464,1498699.6671,1498699.6671,5.12,4.19,11.4089
600782,新钢股份,普钢,江西,19961225,600782.SH,20200708,4.45,4.69,4.44,4.65,4.48,0.17,3.7946,891947.18,409817.794,2.7972,4.5239,1.62,4.3432,4.6647,0.6867,0.2561,0.2504,4.3011,4.3011,318872.2696,318872.2696,197162.4464,1482756.0536,1482756.0536,4.93,4.03,11.4089
600782,新钢股份,普钢,江西,19961225,600782.SH,20200707,4.63,4.67,4.47,4.48,4.55,-0.07,-1.5385,835389.03,380794.231,2.6198,4.2371,2.03,4.1844,4.4942,0.6616,0.2467,0.2413,4.4643,4.4643,318872.2696,318872.2696,197162.4464,1428547.7678,1428547.7678,5.01,4.1,11.4089
600782,新钢股份,普钢,江西,19961225,600782.SH,20200706,4.32,4.56,4.3,4.55,4.27,0.28,6.5574,949820.36,422072.491,2.9787,4.8175,3.58,4.2498,4.5644,0.672,0.2506,0.245,4.3956,4.3956,318872.2696,318872.2696,197162.4464,1450868.8267,1450868.8267,4.7,3.84,11.4089
600782,新钢股份,普钢,江西,19961225,600782.SH,20200703,4.22,4.31,4.21,4.27,4.2,0.07,1.6667,468568.0,199600.868,1.4695,2.3766,2.29,3.9883,4.2835,0.6306,0.2351,0.2299,4.6838,4.6838,318872.2696,318872.2696,197162.4464,1361584.5912,1361584.5912,4.62,3.78,11.4089
600782,新钢股份,普钢,江西,19961225,600782.SH,20200702,4.11,4.22,4.11,4.2,4.13,0.07,1.6949,294636.63,122935.306,0.924,1.4944,1.48,3.9229,4.2133,0.6203,0.2313,0.2262,4.7619,4.7619,318872.2696,318872.2696,197162.4464,1339263.5323,1339263.5323,4.54,3.72,11.4089
600782,新钢股份,普钢,江西,19961225,600782.SH,20200701,4.08,4.14,4.06,4.13,4.08,0.05,1.2255,200596.21,82255.035,0.6291,1.0174,0.95,3.8575,4.1431,0.6099,0.2274,0.2224,4.8426,4.8426,318872.2696,318872.2696,197162.4464,1316942.4734,1316942.4734,4.49,3.67,11.4089
600782,新钢股份,普钢,江西,19961225,600782.SH,20200630,4.08,4.11,4.07,4.08,4.07,0.01,0.2457,139128.19,56919.385,0.4363,0.7057,0.48,3.8108,4.0929,0.6026,0.2247,0.2197,4.902,4.902,318872.2696,318872.2696,197162.4464,1300998.86,1300998.86,4.48,3.66,11.4089
600782,新钢股份,普钢,江西,19961225,600782.SH,20200629,4.12,4.13,4.05,4.07,4.15,-0.08,-1.9277,225288.28,91839.09,0.7065,1.1427,0.55,3.8015,4.0829,0.6011,0.2241,0.2192,4.914,4.914,318872.2696,318872.2696,197162.4464,1297810.1373,1297810.1373,4.57,3.74,11.4089
600782,新钢股份,普钢,江西,19961225,600782.SH,20200624,4.14,4.17,4.12,4.15,4.13,0.02,0.4843,165620.95,68623.074,0.5194,0.84,0.35,3.8762,4.1631,0.6129,0.2285,0.2235,4.8193,9.6386,318872.2696,318872.2696,197162.4464,1323319.9188,1323319.9188,4.54,3.72,11.4089
600782,新钢股份,普钢,江西,19961225,600782.SH,20200623,4.18,4.18,4.11,4.13,4.17,-0.04,-0.9592,261765.06,108262.995,0.8209,1.3277,0.53,3.8575,4.1431,0.6099,0.2274,0.2224,4.8426,9.6852,318872.2696,318872.2696,197162.4464,1316942.4734,1316942.4734,4.59,3.75,11.4089
600782,新钢股份,普钢,江西,19961225,600782.SH,20200622,4.2,4.21,4.16,4.17,4.19,-0.02,-0.4773,265577.38,111113.317,0.8329,1.347,0.53,3.8949,4.1832,0.6159,0.2296,0.2246,4.7962,9.5923,318872.2696,318872.2696,197162.4464,1329697.3642,1329697.3642,4.61,3.77,11.4089
600782,新钢股份,普钢,江西,19961225,600782.SH,20200619,4.26,4.28,4.15,4.19,4.3,-0.11,-2.5581,539316.97,226475.974,1.6913,2.7354,1.17,3.9136,4.2032,0.6188,0.2307,0.2256,4.7733,9.5465,318872.2696,318872.2696,197162.4464,1336074.8096,1336074.8096,4.73,3.87,11.4089
600782,新钢股份,普钢,江西,19961225,600782.SH,20200618,4.27,4.42,4.23,4.3,4.25,0.05,1.1765,798646.4,345611.424,2.5046,4.0507,2.27,4.0163,4.3136,0.6351,0.2368,0.2316,4.6512,9.3023,318872.2696,318872.2696,197162.4464,1371150.7593,1371150.7593,4.68,3.83,11.4089
600782,新钢股份,普钢,江西,19961225,600782.SH,20200617,4.25,4.33,4.21,4.25,4.22,0.03,0.7109,486005.17,207461.042,1.5241,2.465,1.56,3.9696,4.2634,0.6277,0.234,0.2289,4.7059,9.4118,318872.2696,318872.2696,197162.4464,1355207.1458,1355207.1458,4.64,3.8,11.4089
600782,新钢股份,普钢,江西,19961225,600782.SH,20200616,4.18,4.28,4.14,4.22,4.13,0.09,2.1792,401979.18,169045.566,1.2606,2.0388,1.4,3.9416,4.2333,0.6232,0.2324,0.2273,4.7393,9.4787,318872.2696,318872.2696,197162.4464,1345640.9777,1345640.9777,4.54,3.72,11.4089
600782,新钢股份,普钢,江西,19961225,600782.SH,20200615,4.11,4.17,4.07,4.13,4.11,0.02,0.4866,283076.79,116753.723,0.8877,1.4358,1.03,3.8575,4.1431,0.6099,0.2274,0.2224,4.8426,9.6852,318872.2696,318872.2696,197162.4464,1316942.4734,1316942.4734,4.52,3.7,11.4089
600782,新钢股份,普钢,江西,19961225,600782.SH,20200612,4.04,4.14,4.01,4.11,4.04,0.07,1.7327,329669.95,134949.483,1.0339,1.6721,1.39,3.8389,4.123,0.607,0.2263,0.2213,4.8662,9.7324,318872.2696,318872.2696,197162.4464,1310565.0281,1310565.0281,4.44,3.64,11.4089
600782,新钢股份,普钢,江西,19961225,600782.SH,20200611,4.3,4.3,4.22,4.24,4.28,-0.04,-0.9346,261253.0,111380.866,0.8193,1.3251,1.2,3.9603,4.2534,0.6082,0.2335,0.2283,4.717,4.717,318872.2696,318872.2696,197162.4464,1352018.4231,1352018.4231,4.71,3.85,10.8707
600782,新钢股份,普钢,江西,19961225,600782.SH,20200610,4.24,4.31,4.22,4.28,4.24,0.04,0.9434,283570.8,121304.024,0.8893,1.4383,1.24,3.9976,4.2935,0.614,0.2357,0.2305,4.6729,4.6729,318872.2696,318872.2696,197162.4464,1364773.3139,1364773.3139,4.66,3.82,10.8707
600782,新钢股份,普钢,江西,19961225,600782.SH,20200609,4.32,4.32,4.24,4.24,4.33,-0.09,-2.0785,275596.75,117680.924,0.8643,1.3978,1.06,3.9603,4.2534,0.6082,0.2335,0.2283,4.717,4.717,318872.2696,318872.2696,197162.4464,1352018.4231,1352018.4231,4.76,3.9,10.8707
600782,新钢股份,普钢,江西,19961225,600782.SH,20200608,4.25,4.33,4.25,4.33,4.26,0.07,1.6432,219613.45,94588.458,0.6887,1.1139,0.75,4.0443,4.3437,0.6211,0.2385,0.2332,4.6189,4.6189,318872.2696,318872.2696,197162.4464,1380716.9274,1380716.9274,4.69,3.83,10.8707
600782,新钢股份,普钢,江西,19961225,600782.SH,20200605,4.27,4.28,4.22,4.26,4.26,0.0,0.0,142002.56,60410.823,0.4453,0.7202,0.43,3.979,4.2735,0.6111,0.2346,0.2294,4.6948,4.6948,318872.2696,318872.2696,197162.4464,1358395.8685,1358395.8685,4.69,3.83,10.8707
600782,新钢股份,普钢,江西,19961225,600782.SH,20200604,4.33,4.33,4.26,4.26,4.29,-0.03,-0.6993,168616.64,72316.235,0.5288,0.8552,0.49,3.979,4.2735,0.6111,0.2346,0.2294,4.6948,4.6948,318872.2696,318872.2696,197162.4464,1358395.8685,1358395.8685,4.72,3.86,10.8707
600782,新钢股份,普钢,江西,19961225,600782.SH,20200603,4.35,4.36,4.26,4.29,4.31,-0.02,-0.464,339736.08,146469.534,1.0654,1.7231,1.04,4.007,4.3036,0.6154,0.2362,0.231,4.662,4.662,318872.2696,318872.2696,197162.4464,1367962.0366,1367962.0366,4.74,3.88,10.8707
600782,新钢股份,普钢,江西,19961225,600782.SH,20200602,4.2,4.34,4.18,4.31,4.2,0.11,2.619,430166.48,183336.706,1.349,2.1818,1.5,4.0257,4.3236,0.6183,0.2373,0.2321,4.6404,4.6404,318872.2696,318872.2696,197162.4464,1374339.482,1374339.482,4.62,3.78,10.8707
600782,新钢股份,普钢,江西,19961225,600782.SH,20200601,4.12,4.21,4.1,4.2,4.08,0.12,2.9412,385874.73,160590.617,1.2101,1.9571,1.43,3.9229,4.2133,0.6025,0.2313,0.2262,4.7619,4.7619,318872.2696,318872.2696,197162.4464,1339263.5323,1339263.5323,4.49,3.67,10.8707
600782,新钢股份,普钢,江西,19961225,600782.SH,20200529,4.19,4.2,4.08,4.08,4.2,-0.12,-2.8571,344112.37,142469.506,1.0792,1.7453,1.3,3.8108,4.0929,0.5853,0.2247,0.2197,4.902,4.902,318872.2696,318872.2696,197162.4464,1300998.86,1300998.86,4.62,3.78,10.8707
600782,新钢股份,普钢,江西,19961225,600782.SH,20200528,4.19,4.26,4.18,4.2,4.19,0.01,0.2387,235674.64,99227.795,0.7391,1.1953,0.89,3.9229,4.2133,0.6025,0.2313,0.2262,4.7619,4.7619,318872.2696,318872.2696,197162.4464,1339263.5323,1339263.5323,4.61,3.77,10.8707
600782,新钢股份,普钢,江西,19961225,600782.SH,20200527,4.18,4.23,4.17,4.19,4.17,0.02,0.4796,241984.0,101436.449,0.7589,1.2273,1.02,3.9136,4.2032,0.6011,0.2307,0.2256,4.7733,4.7733,318872.2696,318872.2696,197162.4464,1336074.8096,1336074.8096,4.59,3.75,10.8707
600782,新钢股份,普钢,江西,19961225,600782.SH,20200526,4.21,4.22,4.16,4.17,4.21,-0.04,-0.9501,225828.25,94457.109,0.7082,1.1454,1.03,3.8949,4.1832,0.5982,0.2296,0.2246,4.7962,4.7962,318872.2696,318872.2696,197162.4464,1329697.3642,1329697.3642,4.63,3.79,10.8707
600782,新钢股份,普钢,江西,19961225,600782.SH,20200525,4.13,4.22,4.12,4.21,4.13,0.08,1.937,301132.16,125626.223,0.9444,1.5273,1.52,3.9323,4.2233,0.6039,0.2318,0.2267,4.7506,4.7506,318872.2696,318872.2696,197162.4464,1342452.255,1342452.255,4.54,3.72,10.8707
600782,新钢股份,普钢,江西,19961225,600782.SH,20200522,4.1,4.16,4.08,4.13,4.1,0.03,0.7317,321981.93,132387.322,1.0098,1.6331,1.97,3.8575,4.1431,0.5924,0.2274,0.2224,4.8426,4.8426,318872.2696,318872.2696,197162.4464,1316942.4734,1316942.4734,4.51,3.69,10.8707
600782,新钢股份,普钢,江西,19961225,600782.SH,20200521,4.11,4.14,4.08,4.1,4.09,0.01,0.2445,228185.44,93559.566,0.7156,1.1573,1.41,3.8295,4.113,0.5881,0.2258,0.2208,4.878,4.878,318872.2696,318872.2696,197162.4464,1307376.3054,1307376.3054,4.5,3.68,10.8707
600782,新钢股份,普钢,江西,19961225,600782.SH,20200520,4.11,4.13,4.08,4.09,4.13,-0.04,-0.9685,109749.8,44956.335,0.3442,0.5566,0.63,3.8202,4.1029,0.5867,0.2252,0.2203,4.89,4.89,318872.2696,318872.2696,197162.4464,1304187.5827,1304187.5827,4.54,3.72,10.8707
600782,新钢股份,普钢,江西,19961225,600782.SH,20200519,4.15,4.16,4.11,4.13,4.11,0.02,0.4866,135057.15,55844.172,0.4235,0.685,0.72,3.8575,4.1431,0.5924,0.2274,0.2224,4.8426,4.8426,318872.2696,318872.2696,197162.4464,1316942.4734,1316942.4734,4.52,3.7,10.8707
600782,新钢股份,普钢,江西,19961225,600782.SH,20200518,4.12,4.15,4.09,4.11,4.09,0.02,0.489,197928.94,81645.236,0.6207,1.0039,0.93,3.8389,4.123,0.5896,0.2263,0.2213,4.8662,4.8662,318872.2696,318872.2696,197162.4464,1310565.0281,1310565.0281,4.5,3.68,10.8707
600782,新钢股份,普钢,江西,19961225,600782.SH,20200515,4.11,4.12,4.07,4.09,4.11,-0.02,-0.4866,146837.65,60094.641,0.4605,0.7448,0.64,3.8202,4.1029,0.5867,0.2252,0.2203,4.89,4.89,318872.2696,318872.2696,197162.4464,1304187.5827,1304187.5827,4.52,3.7,10.8707
600782,新钢股份,普钢,江西,19961225,600782.SH,20200514,4.18,4.19,4.09,4.11,4.2,-0.09,-2.1429,217257.0,89541.237,0.6813,1.1019,0.97,3.8389,4.123,0.5896,0.2263,0.2213,4.8662,4.8662,318872.2696,318872.2696,197162.4464,1310565.0281,1310565.0281,4.62,3.78,10.8707
600782,新钢股份,普钢,江西,19961225,600782.SH,20200513,4.16,4.22,4.15,4.2,4.18,0.02,0.4785,167766.91,70241.017,0.5261,0.8509,0.65,3.9229,4.2133,0.6025,0.2313,0.2262,4.7619,4.7619,318872.2696,318872.2696,197162.4464,1339263.5323,1339263.5323,4.6,3.76,10.8707
600782,新钢股份,普钢,江西,19961225,600782.SH,20200512,4.21,4.23,4.16,4.18,4.2,-0.02,-0.4762,208242.0,87078.379,0.6531,1.0562,0.78,3.9042,4.1932,0.5996,0.2302,0.2251,4.7847,4.7847,318872.2696,318872.2696,197162.4464,1332886.0869,1332886.0869,4.62,3.78,10.8707
600782,新钢股份,普钢,江西,19961225,600782.SH,20200511,4.15,4.24,4.15,4.2,4.15,0.05,1.2048,321827.72,135061.345,1.0093,1.6323,1.35,3.9229,4.2133,0.6025,0.2313,0.2262,4.7619,4.7619,318872.2696,318872.2696,197162.4464,1339263.5323,1339263.5323,4.57,3.74,10.8707
600782,新钢股份,普钢,江西,19961225,600782.SH,20200508,4.11,4.16,4.11,4.15,4.1,0.05,1.2195,236380.14,97939.36,0.7413,1.1989,0.93,3.8762,4.1631,0.5953,0.2285,0.2235,4.8193,4.8193,318872.2696,318872.2696,197162.4464,1323319.9188,1323319.9188,4.51,3.69,10.8707
600782,新钢股份,普钢,江西,19961225,600782.SH,20200507,4.1,4.12,4.08,4.1,4.1,0.0,0.0,180173.42,73885.122,0.565,0.9138,0.73,3.8295,4.113,0.5881,0.2258,0.2208,4.878,4.878,318872.2696,318872.2696,197162.4464,1307376.3054,1307376.3054,4.51,3.69,10.8707
600782,新钢股份,普钢,江西,19961225,600782.SH,20200506,4.06,4.12,4.03,4.1,4.04,0.06,1.4851,336770.25,137753.504,1.0561,1.7081,1.54,3.8295,4.113,0.5881,0.2258,0.2208,4.878,4.878,318872.2696,318872.2696,197162.4464,1307376.3054,1307376.3054,4.44,3.64,10.8707
600782,新钢股份,普钢,江西,19961225,600782.SH,20200430,3.98,4.05,3.98,4.04,3.97,0.07,1.7632,267661.3,107640.983,0.8394,1.3576,1.35,3.7735,4.0528,0.5795,0.2225,0.2176,4.9505,4.9505,318872.2696,318872.2696,197162.4464,1288243.9692,1288243.9692,4.37,3.57,10.8707
600782,新钢股份,普钢,江西,19961225,600782.SH,20200429,3.93,3.98,3.93,3.97,3.94,0.03,0.7614,172019.09,68110.784,0.5395,0.8725,0.87,3.7081,3.9826,0.5695,0.2186,0.2138,5.0378,5.0378,318872.2696,318872.2696,197162.4464,1265922.9103,1265922.9103,4.33,3.55,10.8707
600782,新钢股份,普钢,江西,19961225,600782.SH,20200428,4.02,4.03,3.88,3.94,4.02,-0.08,-1.99,309343.0,122264.385,0.9701,1.569,1.56,3.6801,3.9525,0.5652,0.217,0.2122,5.0761,5.0761,318872.2696,318872.2696,197162.4464,1256356.7422,1256356.7422,4.42,3.62,10.8707
600782,新钢股份,普钢,江西,19961225,600782.SH,20200427,4.02,4.04,4.01,4.02,4.01,0.01,0.2494,154206.96,62102.966,0.4836,0.7821,0.69,3.7548,3.7548,0.5904,0.2214,0.2214,4.9751,4.9751,318872.2696,318872.2696,197162.4464,1281866.5238,1281866.5238,4.41,3.61,10.8707
600782,新钢股份,普钢,江西,19961225,600782.SH,20200424,4.04,4.05,4.01,4.01,4.04,-0.03,-0.7426,192604.96,77507.995,0.604,0.9769,0.79,3.7455,3.7455,0.5889,0.2208,0.2208,4.9875,4.9875,318872.2696,318872.2696,197162.4464,1278677.8011,1278677.8011,4.44,3.64,10.8707
600782,新钢股份,普钢,江西,19961225,600782.SH,20200423,4.06,4.07,4.04,4.04,4.06,-0.02,-0.4926,161912.0,65640.924,0.5078,0.8212,0.63,3.7735,3.7735,0.5933,0.2225,0.2225,4.9505,4.9505,318872.2696,318872.2696,197162.4464,1288243.9692,1288243.9692,4.47,3.65,10.8707
600782,新钢股份,普钢,江西,19961225,600782.SH,20200422,4.04,4.08,4.03,4.06,4.06,0.0,0.0,172276.2,69899.571,0.5403,0.8738,0.68,3.7922,3.7922,0.5963,0.2236,0.2236,4.9261,4.9261,318872.2696,318872.2696,197162.4464,1294621.4146,1294621.4146,4.47,3.65,10.8707
600782,新钢股份,普钢,江西,19961225,600782.SH,20200421,4.13,4.13,4.04,4.06,4.14,-0.08,-1.9324,309533.06,126031.105,0.9707,1.5699,1.37,3.7922,3.7922,0.5963,0.2236,0.2236,4.9261,4.9261,318872.2696,318872.2696,197162.4464,1294621.4146,1294621.4146,4.55,3.73,10.8707
600782,新钢股份,普钢,江西,19961225,600782.SH,20200420,4.1,4.14,4.08,4.14,4.11,0.03,0.7299,288557.31,118548.88,0.9049,1.4636,1.39,2.2356,2.8676,0.6289,0.2318,0.2296,4.8309,4.8309,318872.2696,318872.2696,197162.4464,1320131.1961,1320131.1961,4.52,3.7,10.8707
600782,新钢股份,普钢,江西,19961225,600782.SH,20200417,4.09,4.12,4.07,4.11,4.07,0.04,0.9828,287670.78,117815.35,0.9022,1.4591,1.56,2.2194,2.8468,0.6244,0.2301,0.2279,4.8662,4.8662,318872.2696,318872.2696,197162.4464,1310565.0281,1310565.0281,4.48,3.66,10.8707
600782,新钢股份,普钢,江西,19961225,600782.SH,20200416,4.07,4.08,4.04,4.07,4.09,-0.02,-0.489,221222.97,89821.208,0.6938,1.122,1.19,2.1978,2.8191,0.6183,0.2278,0.2257,4.914,4.914,318872.2696,318872.2696,197162.4464,1297810.1373,1297810.1373,4.5,3.68,10.8707
600782,新钢股份,普钢,江西,19961225,600782.SH,20200415,4.11,4.11,4.07,4.09,4.11,-0.02,-0.4866,156734.0,64149.074,0.4915,0.7949,0.77,2.2086,2.8329,0.6213,0.229,0.2268,4.89,4.89,318872.2696,318872.2696,197162.4464,1304187.5827,1304187.5827,4.52,3.7,10.8707
600782,新钢股份,普钢,江西,19961225,600782.SH,20200414,4.09,4.11,4.07,4.11,4.09,0.02,0.489,179599.07,73530.478,0.5632,0.9109,0.79,2.2194,2.8468,0.6244,0.2301,0.2279,4.8662,4.8662,318872.2696,318872.2696,197162.4464,1310565.0281,1310565.0281,4.5,3.68,10.8707
600782,新钢股份,普钢,江西,19961225,600782.SH,20200413,4.04,4.1,4.03,4.09,4.06,0.03,0.7389,190021.6,77470.54,0.5959,0.9638,0.82,2.2086,2.8329,0.6213,0.229,0.2268,4.89,4.89,318872.2696,318872.2696,197162.4464,1304187.5827,1304187.5827,4.47,3.65,10.8707
600782,新钢股份,普钢,江西,19961225,600782.SH,20200410,4.11,4.12,4.04,4.06,4.11,-0.05,-1.2165,174880.08,71109.891,0.5484,0.887,0.74,2.1924,2.8122,0.6168,0.2273,0.2252,4.9261,4.9261,318872.2696,318872.2696,197162.4464,1294621.4146,1294621.4146,4.52,3.7,10.8707
600782,新钢股份,普钢,江西,19961225,600782.SH,20200409,4.11,4.13,4.1,4.11,4.09,0.02,0.489,226820.0,93305.155,0.7113,1.1504,0.98,2.2194,2.8468,0.6244,0.2301,0.2279,4.8662,4.8662,318872.2696,318872.2696,197162.4464,1310565.0281,1310565.0281,4.5,3.68,10.8707
600782,新钢股份,普钢,江西,19961225,600782.SH,20200408,4.06,4.11,4.04,4.09,4.07,0.02,0.4914,249073.76,101614.358,0.7811,1.2633,1.1,2.2086,2.8329,0.6213,0.229,0.2268,4.89,4.89,318872.2696,318872.2696,197162.4464,1304187.5827,1304187.5827,4.48,3.66,10.8707
600782,新钢股份,普钢,江西,19961225,600782.SH,20200407,4.06,4.08,4.04,4.07,4.02,0.05,1.2438,290279.39,117947.306,0.9103,1.4723,1.26,2.1978,2.8191,0.6183,0.2278,0.2257,4.914,4.914,318872.2696,318872.2696,197162.4464,1297810.1373,1297810.1373,4.42,3.62,10.8707
600782,新钢股份,普钢,江西,19961225,600782.SH,20200403,4.07,4.07,4.01,4.02,4.08,-0.06,-1.4706,215975.0,87153.079,0.6773,1.0954,0.81,2.1708,2.7845,0.6107,0.225,0.2229,4.9751,4.9751,318872.2696,318872.2696,197162.4464,1281866.5238,1281866.5238,4.49,3.67,10.8707
600782,新钢股份,普钢,江西,19961225,600782.SH,20200402,4.02,4.08,4.02,4.08,4.05,0.03,0.7407,202549.99,82026.324,0.6352,1.0273,0.76,2.2032,2.826,0.6198,0.2284,0.2263,4.902,4.902,318872.2696,318872.2696,197162.4464,1300998.86,1300998.86,4.46,3.65,10.8707
600782,新钢股份,普钢,江西,19961225,600782.SH,20200401,4.06,4.1,4.03,4.05,4.07,-0.02,-0.4914,204668.29,83260.177,0.6419,1.0381,0.71,2.187,2.8052,0.6153,0.2267,0.2246,4.9383,4.9383,318872.2696,318872.2696,197162.4464,1291432.6919,1291432.6919,4.48,3.66,10.8707
600782,新钢股份,普钢,江西,19961225,600782.SH,20200331,4.11,4.12,4.04,4.07,4.08,-0.01,-0.2451,218310.92,89149.657,0.6846,1.1073,0.72,2.1978,2.8191,0.6183,0.2278,0.2257,4.914,4.914,318872.2696,318872.2696,197162.4464,1297810.1373,1297810.1373,4.49,3.67,10.8707
600782,新钢股份,普钢,江西,19961225,600782.SH,20200330,4.06,4.11,4.01,4.08,4.1,-0.02,-0.4878,310157.95,125802.192,0.9727,1.5731,1.03,2.2032,2.826,0.6198,0.2284,0.2263,4.902,4.902,318872.2696,318872.2696,197162.4464,1300998.86,1300998.86,4.51,3.69,10.8707
600782,新钢股份,普钢,江西,19961225,600782.SH,20200327,4.1,4.16,4.06,4.1,4.07,0.03,0.7371,394219.09,162108.846,1.2363,1.9995,1.49,2.214,2.8399,0.6229,0.2295,0.2274,4.878,4.878,318872.2696,318872.2696,197162.4464,1307376.3054,1307376.3054,4.48,3.66,10.8707
600782,新钢股份,普钢,江西,19961225,600782.SH,20200326,4.1,4.11,4.06,4.07,4.13,-0.06,-1.4528,207676.0,84906.467,0.6513,1.0533,0.7,2.1978,2.8191,0.6183,0.2278,0.2257,4.914,4.914,318872.2696,318872.2696,197162.4464,1297810.1373,1297810.1373,4.54,3.72,10.8707
600782,新钢股份,普钢,江西,19961225,600782.SH,20200325,4.14,4.16,4.08,4.13,4.06,0.07,1.7241,307845.95,126740.135,0.9654,1.5614,0.98,2.2302,2.8606,0.6274,0.2312,0.229,4.8426,4.8426,318872.2696,318872.2696,197162.4464,1316942.4734,1316942.4734,4.47,3.65,10.8707
600782,新钢股份,普钢,江西,19961225,600782.SH,20200324,4.05,4.08,4.0,4.06,4.0,0.06,1.5,295867.1,119609.276,0.9279,1.5006,0.91,2.1924,2.8122,0.6168,0.2273,0.2252,4.9261,4.9261,318872.2696,318872.2696,197162.4464,1294621.4146,1294621.4146,4.4,3.6,10.8707
600782,新钢股份,普钢,江西,19961225,600782.SH,20200323,4.06,4.07,4.0,4.0,4.16,-0.16,-3.8462,295243.32,119023.083,0.9259,1.4975,0.79,2.16,2.7706,0.6077,0.2239,0.2218,5.0,5.0,318872.2696,318872.2696,197162.4464,1275489.0784,1275489.0784,4.58,3.74,10.8707
600782,新钢股份,普钢,江西,19961225,600782.SH,20200320,4.14,4.17,4.09,4.16,4.11,0.05,1.2165,217609.7,89975.841,0.6824,1.1037,0.52,2.2464,2.8814,0.632,0.2329,0.2307,4.8077,4.8077,318872.2696,318872.2696,197162.4464,1326508.6415,1326508.6415,4.52,3.7,10.8707
600782,新钢股份,普钢,江西,19961225,600782.SH,20200319,4.11,4.16,4.03,4.11,4.13,-0.02,-0.4843,365671.7,149506.913,1.1468,1.8547,0.87,2.2194,2.8468,0.6244,0.2301,0.2279,4.8662,4.8662,318872.2696,318872.2696,197162.4464,1310565.0281,1310565.0281,4.54,3.72,10.8707
600782,新钢股份,普钢,江西,19961225,600782.SH,20200318,4.19,4.27,4.13,4.13,4.16,-0.03,-0.7212,399100.14,168035.503,1.2516,2.0242,0.94,2.2302,2.8606,0.6274,0.2312,0.229,4.8426,4.8426,318872.2696,318872.2696,197162.4464,1316942.4734,1316942.4734,4.58,3.74,10.8707
600782,新钢股份,普钢,江西,19961225,600782.SH,20200317,4.17,4.22,4.09,4.16,4.17,-0.01,-0.2398,349099.35,144995.129,1.0948,1.7706,0.8,2.2464,2.8814,0.632,0.2329,0.2307,4.8077,4.8077,318872.2696,318872.2696,197162.4464,1326508.6415,1326508.6415,4.59,3.75,10.8707
600782,新钢股份,普钢,江西,19961225,600782.SH,20200316,4.33,4.34,4.15,4.17,4.31,-0.14,-3.2483,527196.4,224285.845,1.6533,2.6739,1.13,2.2518,2.8883,0.6335,0.2334,0.2313,4.7962,4.7962,318872.2696,318872.2696,197162.4464,1329697.3642,1329697.3642,4.74,3.88,10.8707
600782,新钢股份,普钢,江西,19961225,600782.SH,20200313,4.19,4.35,4.15,4.31,4.38,-0.07,-1.5982,432868.0,183931.783,1.3575,2.1955,0.92,2.3274,2.9853,0.6548,0.2413,0.239,4.6404,4.6404,318872.2696,318872.2696,197162.4464,1374339.482,1374339.482,4.82,3.94,10.8707
600782,新钢股份,普钢,江西,19961225,600782.SH,20200312,4.4,4.45,4.35,4.38,4.45,-0.07,-1.573,394067.36,172838.05,1.2358,1.9987,0.73,2.3652,3.0338,0.6654,0.2452,0.2429,4.5662,4.5662,318872.2696,318872.2696,197162.4464,1396660.5408,1396660.5408,4.9,4.01,10.8707
600782,新钢股份,普钢,江西,19961225,600782.SH,20200311,4.47,4.51,4.44,4.45,4.48,-0.03,-0.6696,427628.41,191458.29,1.3411,2.1689,0.7,2.403,3.0823,0.676,0.2491,0.2468,4.4944,4.4944,318872.2696,318872.2696,197162.4464,1418981.5997,1418981.5997,4.93,4.03,10.8707
600782,新钢股份,普钢,江西,19961225,600782.SH,20200310,4.37,4.48,4.33,4.48,4.41,0.07,1.5873,410420.65,181520.424,1.2871,2.0816,0.62,2.4192,3.1031,0.6806,0.2508,0.2484,4.4643,4.4643,318872.2696,318872.2696,197162.4464,1428547.7678,1428547.7678,4.85,3.97,10.8707
600782,新钢股份,普钢,江西,19961225,600782.SH,20200309,4.53,4.53,4.39,4.41,4.61,-0.2,-4.3384,660137.0,293903.058,2.0702,3.3482,0.99,2.3814,3.0546,0.67,0.2469,0.2446,4.5351,4.5351,318872.2696,318872.2696,197162.4464,1406226.7089,1406226.7089,5.07,4.15,10.8707
600782,新钢股份,普钢,江西,19961225,600782.SH,20200306,4.61,4.66,4.59,4.61,4.68,-0.07,-1.4957,451353.34,208615.108,1.4155,2.2892,0.63,2.4894,3.1931,0.7003,0.2581,0.2557,4.3384,4.3384,318872.2696,318872.2696,197162.4464,1470001.1629,1470001.1629,5.15,4.21,10.8707
600782,新钢股份,普钢,江西,19961225,600782.SH,20200305,4.66,4.76,4.64,4.68,4.63,0.05,1.0799,745382.66,350073.16,2.3376,3.7806,1.17,2.5272,3.2416,0.711,0.262,0.2595,4.2735,4.2735,318872.2696,318872.2696,197162.4464,1492322.2217,1492322.2217,5.09,4.17,10.8707
600782,新钢股份,普钢,江西,19961225,600782.SH,20200304,4.48,4.63,4.45,4.63,4.5,0.13,2.8889,799179.89,363876.655,2.5063,4.0534,1.35,2.5002,3.207,0.7034,0.2592,0.2568,4.3197,4.3197,318872.2696,318872.2696,197162.4464,1476378.6082,1476378.6082,4.95,4.05,10.8707
600782,新钢股份,普钢,江西,19961225,600782.SH,20200303,4.56,4.61,4.46,4.5,4.49,0.01,0.2227,645850.94,291986.581,2.0254,3.2757,1.16,2.43,3.1169,0.6836,0.2519,0.2496,4.4444,4.4444,318872.2696,318872.2696,197162.4464,1434925.2132,1434925.2132,4.94,4.04,10.8707
600782,新钢股份,普钢,江西,19961225,600782.SH,20200302,4.3,4.55,4.29,4.49,4.26,0.23,5.3991,708692.87,316037.116,2.2225,3.5945,1.43,2.4246,3.11,0.6821,0.2513,0.249,4.4543,4.4543,318872.2696,318872.2696,197162.4464,1431736.4905,1431736.4905,4.69,3.83,10.8707
600782,新钢股份,普钢,江西,19961225,600782.SH,20200228,4.37,4.42,4.25,4.26,4.49,-0.23,-5.1225,669418.26,289472.461,2.0993,3.3953,1.52,2.3004,2.9507,0.6472,0.2385,0.2362,4.6948,4.6948,318872.2696,318872.2696,197162.4464,1358395.8685,1358395.8685,4.94,4.04,10.8707
600782,新钢股份,普钢,江西,19961225,600782.SH,20200227,4.49,4.56,4.47,4.49,4.5,-0.01,-0.2222,363850.7,164040.592,1.1411,1.8454,0.84,2.4246,3.11,0.6821,0.2513,0.249,4.4543,4.4543,318872.2696,318872.2696,197162.4464,1431736.4905,1431736.4905,4.95,4.05,10.8707
600782,新钢股份,普钢,江西,19961225,600782.SH,20200226,4.38,4.57,4.36,4.5,4.42,0.08,1.81,578682.12,260468.099,1.8148,2.9351,1.55,2.43,3.1169,0.6836,0.2519,0.2496,4.4444,4.4444,318872.2696,318872.2696,197162.4464,1434925.2132,1434925.2132,4.86,3.98,10.8707
600782,新钢股份,普钢,江西,19961225,600782.SH,20200225,4.42,4.45,4.36,4.42,4.51,-0.09,-1.9956,454130.36,199922.609,1.4242,2.3033,1.32,2.3868,3.0615,0.6715,0.2474,0.2451,4.5249,4.5249,318872.2696,318872.2696,197162.4464,1409415.4316,1409415.4316,4.96,4.06,10.8707
600782,新钢股份,普钢,江西,19961225,600782.SH,20200224,4.55,4.55,4.48,4.51,4.58,-0.07,-1.5284,416077.21,187482.515,1.3048,2.1103,1.25,2.4354,3.1238,0.6851,0.2525,0.2501,4.4346,4.4346,318872.2696,318872.2696,197162.4464,1438113.9359,1438113.9359,5.04,4.12,10.8707
600782,新钢股份,普钢,江西,19961225,600782.SH,20200221,4.55,4.59,4.52,4.58,4.56,0.02,0.4386,385353.03,175347.593,1.2085,1.9545,1.28,2.4732,3.1723,0.6958,0.2564,0.254,4.3668,4.3668,318872.2696,318872.2696,197162.4464,1460434.9948,1460434.9948,5.02,4.1,10.8707
600782,新钢股份,普钢,江西,19961225,600782.SH,20200220,4.5,4.57,4.46,4.56,4.48,0.08,1.7857,335495.46,151589.673,1.0521,1.7016,1.16,2.4624,3.1585,0.6927,0.2553,0.2529,4.386,4.386,318872.2696,318872.2696,197162.4464,1454057.5494,1454057.5494,4.93,4.03,10.8707
600782,新钢股份,普钢,江西,19961225,600782.SH,20200219,4.52,4.56,4.46,4.48,4.52,-0.04,-0.885,275011.63,123978.685,0.8625,1.3948,0.92,2.4192,3.1031,0.6806,0.2508,0.2484,4.4643,4.4643,318872.2696,318872.2696,197162.4464,1428547.7678,1428547.7678,4.97,4.07,10.8707
600782,新钢股份,普钢,江西,19961225,600782.SH,20200218,4.51,4.55,4.49,4.52,4.51,0.01,0.2217,310441.26,140261.155,0.9736,1.5745,0.89,2.4408,3.1308,0.6867,0.253,0.2507,4.4248,4.4248,318872.2696,318872.2696,197162.4464,1441302.6586,1441302.6586,4.96,4.06,10.8707
600782,新钢股份,普钢,江西,19961225,600782.SH,20200217,4.41,4.53,4.41,4.51,4.43,0.08,1.8059,361246.98,161879.6,1.1329,1.8322,0.97,2.4354,3.1238,0.6851,0.2525,0.2501,4.4346,4.4346,318872.2696,318872.2696,197162.4464,1438113.9359,1438113.9359,4.87,3.99,10.8707
600782,新钢股份,普钢,江西,19961225,600782.SH,20200214,4.38,4.45,4.37,4.43,4.39,0.04,0.9112,217820.4,96163.927,0.6831,1.1048,0.53,2.3922,3.0684,0.673,0.248,0.2457,4.5147,4.5147,318872.2696,318872.2696,197162.4464,1412604.1543,1412604.1543,4.83,3.95,10.8707
600782,新钢股份,普钢,江西,19961225,600782.SH,20200213,4.46,4.5,4.39,4.39,4.47,-0.08,-1.7897,285409.22,126766.221,0.8951,1.4476,0.67,2.3706,3.0407,0.6669,0.2457,0.2435,4.5558,4.5558,318872.2696,318872.2696,197162.4464,1399849.2635,1399849.2635,4.92,4.02,10.8707
600782,新钢股份,普钢,江西,19961225,600782.SH,20200212,4.44,4.5,4.4,4.47,4.46,0.01,0.2242,321613.77,142881.556,1.0086,1.6312,0.71,2.4138,3.0961,0.6791,0.2502,0.2479,4.4743,4.4743,318872.2696,318872.2696,197162.4464,1425359.0451,1425359.0451,4.91,4.01,10.8707
600782,新钢股份,普钢,江西,19961225,600782.SH,20200211,4.45,4.64,4.44,4.46,4.43,0.03,0.6772,558502.72,252634.248,1.7515,2.8327,1.26,2.4084,3.0892,0.6776,0.2497,0.2473,4.4843,4.4843,318872.2696,318872.2696,197162.4464,1422170.3224,1422170.3224,4.87,3.99,10.8707
600782,新钢股份,普钢,江西,19961225,600782.SH,20200210,4.28,4.45,4.26,4.43,4.31,0.12,2.7842,475549.92,207488.764,1.4913,2.412,1.19,2.3922,3.0684,0.673,0.248,0.2457,4.5147,4.5147,318872.2696,318872.2696,197162.4464,1412604.1543,1412604.1543,4.74,3.88,10.8707
600782,新钢股份,普钢,江西,19961225,600782.SH,20200207,4.33,4.34,4.26,4.31,4.36,-0.05,-1.1468,416888.85,179034.824,1.3074,2.1144,1.13,2.3274,2.9853,0.6548,0.2413,0.239,4.6404,4.6404,318872.2696,318872.2696,197162.4464,1374339.482,1374339.482,4.8,3.92,10.8707
600782,新钢股份,普钢,江西,19961225,600782.SH,20200206,4.36,4.39,4.3,4.36,4.36,0.0,0.0,373169.64,162150.219,1.1703,1.8927,1.11,2.3544,3.02,0.6624,0.2441,0.2418,4.5872,4.5872,318872.2696,318872.2696,197162.4464,1390283.0955,1390283.0955,4.8,3.92,10.8707
600782,新钢股份,普钢,江西,19961225,600782.SH,20200205,4.29,4.44,4.27,4.36,4.32,0.04,0.9259,443354.07,193674.116,1.3904,2.2487,1.39,2.3544,3.02,0.6624,0.2441,0.2418,4.5872,4.5872,318872.2696,318872.2696,197162.4464,1390283.0955,1390283.0955,4.75,3.89,10.8707
600782,新钢股份,普钢,江西,19961225,600782.SH,20200204,4.12,4.35,4.12,4.32,4.24,0.08,1.8868,500237.94,212670.367,1.5688,2.5372,2.04,2.3328,2.9922,0.6563,0.2418,0.2396,4.6296,4.6296,318872.2696,318872.2696,197162.4464,1377528.2047,1377528.2047,4.66,3.82,10.8707
600782,新钢股份,普钢,江西,19961225,600782.SH,20200203,4.24,4.28,4.24,4.24,4.71,-0.47,-9.9788,260840.21,110664.274,0.818,1.323,1.17,2.2896,2.9368,0.6441,0.2373,0.2351,4.717,4.717,318872.2696,318872.2696,197162.4464,1352018.4231,1352018.4231,5.18,4.24,10.8707
600782,新钢股份,普钢,江西,19961225,600782.SH,20200123,4.85,4.87,4.7,4.71,4.9,-0.19,-3.8776,271788.0,129766.054,0.8523,1.3785,1.31,2.5434,3.2624,0.7155,0.2637,0.2612,4.2463,4.2463,318872.2696,318872.2696,197162.4464,1501888.3898,1501888.3898,5.39,4.41,10.8707
600782,新钢股份,普钢,江西,19961225,600782.SH,20200122,4.86,4.92,4.8,4.9,4.88,0.02,0.4098,210910.11,102325.698,0.6614,1.0697,0.99,2.646,3.394,0.7444,0.2743,0.2717,4.0816,4.0816,318872.2696,318872.2696,197162.4464,1562474.121,1562474.121,5.37,4.39,10.8707
600782,新钢股份,普钢,江西,19961225,600782.SH,20200121,5.02,5.02,4.88,4.88,5.03,-0.15,-2.9821,345658.0,169895.736,1.084,1.7532,1.83,2.6352,3.3801,0.7414,0.2732,0.2706,4.0984,4.0984,318872.2696,318872.2696,197162.4464,1556096.6756,1556096.6756,5.53,4.53,10.8707
600782,新钢股份,普钢,江西,19961225,600782.SH,20200120,5.01,5.04,4.98,5.03,5.02,0.01,0.1992,137308.36,68722.005,0.4306,0.6964,0.65,2.7162,3.484,0.7641,0.2816,0.2789,3.9761,3.9761,318872.2696,318872.2696,197162.4464,1603927.5161,1603927.5161,5.52,4.52,10.8707
600782,新钢股份,普钢,江西,19961225,600782.SH,20200117,5.02,5.07,4.99,5.02,5.01,0.01,0.1996,151388.92,76047.98,0.4748,0.7678,0.69,2.7108,3.4771,0.7626,0.281,0.2784,3.9841,3.9841,318872.2696,318872.2696,197162.4464,1600738.7934,1600738.7934,5.51,4.51,10.8707
600782,新钢股份,普钢,江西,19961225,600782.SH,20200116,5.08,5.09,5.0,5.01,5.07,-0.06,-1.1834,188292.26,94747.579,0.5905,0.955,0.8,2.7054,3.4702,0.7611,0.2805,0.2778,3.992,3.992,318872.2696,318872.2696,197162.4464,1597550.0707,1597550.0707,5.58,4.56,10.8707
600782,新钢股份,普钢,江西,19961225,600782.SH,20200115,5.13,5.13,5.05,5.07,5.14,-0.07,-1.3619,237824.46,120817.384,0.7458,1.2062,0.91,2.7378,3.5117,0.7702,0.2838,0.2812,3.9448,3.9448,318872.2696,318872.2696,197162.4464,1616682.4069,1616682.4069,5.65,4.63,10.8707
600782,新钢股份,普钢,江西,19961225,600782.SH,20200114,5.12,5.18,5.12,5.14,5.13,0.01,0.1949,231734.19,119397.17,0.7267,1.1753,0.73,2.7756,3.5602,0.7809,0.2877,0.285,3.8911,3.8911,318872.2696,318872.2696,197162.4464,1639003.4657,1639003.4657,5.64,4.62,10.8707
600782,新钢股份,普钢,江西,19961225,600782.SH,20200113,5.08,5.13,5.04,5.13,5.09,0.04,0.7859,238962.47,121424.544,0.7494,1.212,0.69,2.7702,3.5533,0.7793,0.2872,0.2845,3.8986,3.8986,318872.2696,318872.2696,197162.4464,1635814.743,1635814.743,5.6,4.58,10.8707
600782,新钢股份,普钢,江西,19961225,600782.SH,20200110,5.13,5.13,5.06,5.09,5.11,-0.02,-0.3914,205281.62,104529.888,0.6438,1.0412,0.52,2.7486,3.5256,0.7733,0.2849,0.2823,3.9293,3.9293,318872.2696,318872.2696,197162.4464,1623059.8523,1623059.8523,5.62,4.6,10.8707
600782,新钢股份,普钢,江西,19961225,600782.SH,20200109,5.13,5.14,5.07,5.11,5.08,0.03,0.5906,257769.16,131466.185,0.8084,1.3074,0.57,2.7594,3.5394,0.7763,0.2861,0.2834,3.9139,3.9139,318872.2696,318872.2696,197162.4464,1629437.2977,1629437.2977,5.59,4.57,10.8707
600782,新钢股份,普钢,江西,19961225,600782.SH,20200108,5.17,5.21,5.07,5.08,5.2,-0.12,-2.3077,374536.08,192182.339,1.1746,1.8996,0.78,2.7432,3.5187,0.7717,0.2844,0.2817,3.937,3.937,318872.2696,318872.2696,197162.4464,1619871.1296,1619871.1296,5.72,4.68,10.8707
600782,新钢股份,普钢,江西,19961225,600782.SH,20200107,5.09,5.21,5.08,5.2,5.07,0.13,2.5641,501541.21,258798.771,1.5729,2.5438,1.11,2.808,3.6018,0.79,0.2911,0.2884,3.8462,3.8462,318872.2696,318872.2696,197162.4464,1658135.8019,1658135.8019,5.58,4.56,10.8707
600782,新钢股份,普钢,江西,19961225,600782.SH,20200106,5.09,5.14,5.04,5.07,5.12,-0.05,-0.9766,394507.68,200756.416,1.2372,2.0009,0.9,2.7378,3.5117,0.7702,0.2838,0.2812,3.9448,3.9448,318872.2696,318872.2696,197162.4464,1616682.4069,1616682.4069,5.63,4.61,10.8707
600782,新钢股份,普钢,江西,19961225,600782.SH,20200103,5.21,5.23,5.1,5.12,5.19,-0.07,-1.3487,463956.33,238823.813,1.455,2.3532,1.2,2.7648,3.5464,0.7778,0.2866,0.2839,3.9063,3.9063,318872.2696,318872.2696,197162.4464,1632626.0204,1632626.0204,5.71,4.67,10.8707
600782,新钢股份,普钢,江西,19961225,600782.SH,20200102,5.18,5.28,5.17,5.19,5.13,0.06,1.1696,533519.66,278054.5,1.6731,2.706,1.64,2.8026,3.5949,0.7885,0.2905,0.2878,3.8536,3.8536,318872.2696,318872.2696,197162.4464,1654947.0792,1654947.0792,5.64,4.62,10.8707
600782,新钢股份,普钢,江西,19961225,600782.SH,20191231,5.05,5.16,5.04,5.13,5.05,0.08,1.5842,494319.72,252294.055,1.5502,2.5072,1.86,2.7702,3.5533,0.7793,0.2872,0.2845,1.7544,3.8986,318872.2696,318872.2696,197162.4464,1635814.743,1635814.743,5.56,4.55,10.871
600782,新钢股份,普钢,江西,19961225,600782.SH,20191230,4.96,5.05,4.96,5.05,4.97,0.08,1.6097,363111.67,182425.209,1.1387,1.8417,1.46,2.727,3.4979,0.7672,0.2827,0.2801,1.7822,3.9604,318872.2696,318872.2696,197162.4464,1610304.9615,1610304.9615,5.47,4.47,10.871
600782,新钢股份,普钢,江西,19961225,600782.SH,20191227,4.97,5.04,4.95,4.97,4.96,0.01,0.2016,328338.8,163543.931,1.0297,1.6653,1.39,2.6838,3.4425,0.755,0.2782,0.2756,1.8109,4.0241,318872.2696,318872.2696,197162.4464,1584795.1799,1584795.1799,5.46,4.46,10.871
600782,新钢股份,普钢,江西,19961225,600782.SH,20191226,4.9,4.97,4.88,4.96,4.9,0.06,1.2245,217001.91,107200.985,0.6805,1.1006,0.88,2.6784,3.4355,0.7535,0.2777,0.2751,1.8145,4.0323,318872.2696,318872.2696,197162.4464,1581606.4572,1581606.4572,5.39,4.41,10.871
600782,新钢股份,普钢,江西,19961225,600782.SH,20191225,4.94,4.94,4.85,4.9,4.94,-0.04,-0.8097,223784.51,109760.642,0.7018,1.135,0.86,2.646,3.394,0.7444,0.2743,0.2717,1.8367,4.0816,318872.2696,318872.2696,197162.4464,1562474.121,1562474.121,5.43,4.45,10.871
600782,新钢股份,普钢,江西,19961225,600782.SH,20191224,4.93,4.96,4.9,4.94,4.93,0.01,0.2028,196670.65,96898.632,0.6168,0.9975,0.64,2.6676,3.4217,0.7505,0.2765,0.274,1.8219,4.0486,318872.2696,318872.2696,197162.4464,1575229.0118,1575229.0118,5.42,4.44,10.871
600782,新钢股份,普钢,江西,19961225,600782.SH,20191223,5.0,5.03,4.9,4.93,4.99,-0.06,-1.2024,274261.64,136782.998,0.8601,1.391,0.89,2.6622,3.4148,0.749,0.276,0.2734,1.8256,4.0568,318872.2696,318872.2696,197162.4464,1572040.2891,1572040.2891,5.49,4.49,10.871
600782,新钢股份,普钢,江西,19961225,600782.SH,20191220,5.06,5.06,4.98,4.99,5.06,-0.07,-1.3834,271112.14,136229.294,0.8502,1.3751,0.86,2.6946,3.4563,0.7581,0.2793,0.2767,1.8036,4.008,318872.2696,318872.2696,197162.4464,1591172.6253,1591172.6253,5.57,4.55,10.871
600782,新钢股份,普钢,江西,19961225,600782.SH,20191219,5.01,5.07,5.0,5.06,5.02,0.04,0.7968,270094.15,136044.34,0.847,1.3699,0.88,2.7324,3.5048,0.7687,0.2833,0.2806,1.7787,3.9526,318872.2696,318872.2696,197162.4464,1613493.6842,1613493.6842,5.52,4.52,10.871
600782,新钢股份,普钢,江西,19961225,600782.SH,20191218,5.04,5.07,5.01,5.02,5.05,-0.03,-0.5941,296322.8,149199.849,0.9293,1.5029,0.91,2.7108,3.4771,0.7626,0.281,0.2784,1.7928,3.9841,318872.2696,318872.2696,197162.4464,1600738.7934,1600738.7934,5.56,4.55,10.871
600782,新钢股份,普钢,江西,19961225,600782.SH,20191217,5.03,5.09,4.97,5.05,5.02,0.03,0.5976,426343.33,214408.11,1.337,2.1624,1.45,2.727,3.4979,0.7672,0.2827,0.2801,1.7822,3.9604,318872.2696,318872.2696,197162.4464,1610304.9615,1610304.9615,5.52,4.52,10.871
600782,新钢股份,普钢,江西,19961225,600782.SH,20191216,5.03,5.07,4.97,5.02,5.01,0.01,0.1996,280182.13,140634.858,0.8787,1.4211,0.84,2.7108,3.4771,0.7626,0.281,0.2784,1.7928,3.9841,318872.2696,318872.2696,197162.4464,1600738.7934,1600738.7934,5.51,4.51,10.871
600782,新钢股份,普钢,江西,19961225,600782.SH,20191213,4.99,5.03,4.95,5.01,4.95,0.06,1.2121,300378.57,149848.906,0.942,1.5235,0.99,2.7054,3.4702,0.7611,0.2805,0.2778,1.7964,3.992,318872.2696,318872.2696,197162.4464,1597550.0707,1597550.0707,5.45,4.46,10.871
600782,新钢股份,普钢,江西,19961225,600782.SH,20191212,4.96,4.97,4.91,4.95,4.98,-0.03,-0.6024,230661.0,113917.208,0.7234,1.1699,0.77,2.673,3.4286,0.752,0.2771,0.2745,1.8182,4.0404,318872.2696,318872.2696,197162.4464,1578417.7345,1578417.7345,5.48,4.48,10.871
600782,新钢股份,普钢,江西,19961225,600782.SH,20191211,4.95,5.07,4.95,4.98,4.94,0.04,0.8097,382898.88,191616.43,1.2008,1.942,1.44,2.6892,3.4494,0.7565,0.2788,0.2762,1.8072,4.0161,318872.2696,318872.2696,197162.4464,1587983.9026,1587983.9026,5.43,4.45,10.871
600782,新钢股份,普钢,江西,19961225,600782.SH,20191210,4.93,4.98,4.9,4.94,4.96,-0.02,-0.4032,271683.19,133898.169,0.852,1.378,1.09,2.6676,3.4217,0.7505,0.2765,0.274,1.8219,4.0486,318872.2696,318872.2696,197162.4464,1575229.0118,1575229.0118,5.46,4.46,10.871
600782,新钢股份,普钢,江西,19961225,600782.SH,20191209,4.86,4.98,4.83,4.96,4.82,0.14,2.9046,489596.98,240973.085,1.5354,2.4832,2.22,2.6784,3.4355,0.7535,0.2777,0.2751,1.8145,4.0323,318872.2696,318872.2696,197162.4464,1581606.4572,1581606.4572,5.3,4.34,10.871
600782,新钢股份,普钢,江西,19961225,600782.SH,20191206,4.8,4.82,4.77,4.82,4.81,0.01,0.2079,146459.32,70187.881,0.4593,0.7428,0.55,2.6028,3.3386,0.7322,0.2698,0.2673,1.8672,4.1494,318872.2696,318872.2696,197162.4464,1536964.3395,1536964.3395,5.29,4.33,10.871
600782,新钢股份,普钢,江西,19961225,600782.SH,20191205,4.77,4.81,4.76,4.81,4.76,0.05,1.0504,211028.79,100962.141,0.6618,1.0703,0.7,2.5974,3.3316,0.7307,0.2693,0.2667,1.8711,4.158,318872.2696,318872.2696,197162.4464,1533775.6168,1533775.6168,5.24,4.28,10.871
600782,新钢股份,普钢,江西,19961225,600782.SH,20191204,4.8,4.82,4.74,4.76,4.84,-0.08,-1.6529,214680.33,102457.124,0.6732,1.0889,0.54,2.5704,3.297,0.7231,0.2665,0.264,1.8908,4.2017,318872.2696,318872.2696,197162.4464,1517832.0033,1517832.0033,5.32,4.36,10.871
600782,新钢股份,普钢,江西,19961225,600782.SH,20191203,4.84,4.86,4.78,4.84,4.87,-0.03,-0.616,185563.27,89442.854,0.5819,0.9412,0.34,2.6136,3.3524,0.7353,0.2709,0.2684,1.8595,4.1322,318872.2696,318872.2696,197162.4464,1543341.7849,1543341.7849,5.36,4.38,10.871
600782,新钢股份,普钢,江西,19961225,600782.SH,20191202,4.79,4.87,4.79,4.87,4.8,0.07,1.4583,344419.88,166725.731,1.0801,1.7469,0.46,2.6298,3.3732,0.7398,0.2726,0.2701,1.848,4.1068,318872.2696,318872.2696,197162.4464,1552907.953,1552907.953,5.28,4.32,10.871
600782,新钢股份,普钢,江西,19961225,600782.SH,20191129,4.8,4.88,4.75,4.8,4.78,0.02,0.4184,375976.86,181280.155,1.1791,1.9069,0.46,2.592,3.3247,0.7292,0.2687,0.2662,1.875,4.1667,318872.2696,318872.2696,197162.4464,1530586.8941,1530586.8941,5.26,4.3,10.871
600782,新钢股份,普钢,江西,19961225,600782.SH,20191128,4.86,4.87,4.74,4.78,4.89,-0.11,-2.2495,395979.08,189614.715,1.2418,2.0084,0.5,2.5812,3.3109,0.7262,0.2676,0.2651,1.8828,4.1841,318872.2696,318872.2696,197162.4464,1524209.4487,1524209.4487,5.38,4.4,10.871
600782,新钢股份,普钢,江西,19961225,600782.SH,20191127,4.84,4.93,4.83,4.89,4.78,0.11,2.3013,692086.4,337684.904,2.1704,3.5102,0.95,2.6406,3.3871,0.7429,0.2737,0.2712,1.8405,4.09,318872.2696,318872.2696,197162.4464,1559285.3983,1559285.3983,5.26,4.3,10.871
600782,新钢股份,普钢,江西,19961225,600782.SH,20191126,5.0,5.02,4.78,4.78,5.04,-0.26,-5.1587,945224.64,463606.897,2.9643,4.7941,1.5,2.5812,3.3109,0.7262,0.2676,0.2651,1.8828,4.1841,318872.2696,318872.2696,197162.4464,1524209.4487,1524209.4487,5.54,4.54,10.871
600782,新钢股份,普钢,江西,19961225,600782.SH,20191125,4.85,5.11,4.85,5.04,4.78,0.26,5.4393,1324722.2,660705.323,4.1544,6.7189,2.91,2.7216,3.491,0.7657,0.2821,0.2795,1.7857,3.9683,318872.2696,318872.2696,197162.4464,1607116.2388,1607116.2388,5.26,4.3,10.871
600782,新钢股份,普钢,江西,19961225,600782.SH,20191122,4.67,4.79,4.66,4.78,4.67,0.11,2.3555,731421.15,346314.004,2.2938,3.7097,2.06,2.5812,3.3109,0.7262,0.2676,0.2651,1.8828,4.1841,318872.2696,318872.2696,197162.4464,1524209.4487,1524209.4487,5.14,4.2,10.871
600782,新钢股份,普钢,江西,19961225,600782.SH,20191121,4.65,4.68,4.62,4.67,4.67,0.0,0.0,276162.4,128435.659,0.8661,1.4007,0.82,2.5218,3.2347,0.7095,0.2614,0.259,1.9272,4.2827,318872.2696,318872.2696,197162.4464,1489133.499,1489133.499,5.14,4.2,10.871
600782,新钢股份,普钢,江西,19961225,600782.SH,20191120,4.7,4.72,4.65,4.67,4.68,-0.01,-0.2137,354553.03,165976.895,1.1119,1.7983,1.11,2.5218,3.2347,0.7095,0.2614,0.259,1.9272,4.2827,318872.2696,318872.2696,197162.4464,1489133.499,1489133.499,5.15,4.21,10.871
600782,新钢股份,普钢,江西,19961225,600782.SH,20191119,4.63,4.69,4.61,4.68,4.61,0.07,1.5184,461214.61,214748.156,1.4464,2.3393,1.77,2.5272,3.2416,0.711,0.262,0.2595,1.9231,4.2735,318872.2696,318872.2696,197162.4464,1492322.2217,1492322.2217,5.07,4.15,10.871
600782,新钢股份,普钢,江西,19961225,600782.SH,20191118,4.52,4.67,4.52,4.61,4.52,0.09,1.9912,454860.56,210153.791,1.4265,2.307,2.22,2.4894,3.1931,0.7003,0.2581,0.2557,1.9523,4.3384,318872.2696,318872.2696,197162.4464,1470001.1629,1470001.1629,4.97,4.07,10.871
600782,新钢股份,普钢,江西,19961225,600782.SH,20191115,4.54,4.57,4.5,4.52,4.52,0.0,0.0,228163.39,103481.038,0.7155,1.1572,1.2,2.4408,3.1308,0.6867,0.253,0.2507,1.9912,4.4248,318872.2696,318872.2696,197162.4464,1441302.6586,1441302.6586,4.97,4.07,10.871
600782,新钢股份,普钢,江西,19961225,600782.SH,20191114,4.5,4.54,4.47,4.52,4.49,0.03,0.6682,178466.69,80524.503,0.5597,0.9052,0.92,2.4408,3.1308,0.6867,0.253,0.2507,1.9912,4.4248,318872.2696,318872.2696,197162.4464,1441302.6586,1441302.6586,4.94,4.04,10.871
600782,新钢股份,普钢,江西,19961225,600782.SH,20191113,4.55,4.55,4.46,4.49,4.54,-0.05,-1.1013,270360.63,121891.965,0.8479,1.3713,1.26,2.4246,3.11,0.6821,0.2513,0.249,2.0045,4.4543,318872.2696,318872.2696,197162.4464,1431736.4905,1431736.4905,4.99,4.09,10.871
600782,新钢股份,普钢,江西,19961225,600782.SH,20191112,4.56,4.58,4.51,4.54,4.54,0.0,0.0,170705.15,77415.126,0.5353,0.8658,0.77,2.4516,3.1446,0.6897,0.2541,0.2518,1.9824,4.4053,318872.2696,318872.2696,197162.4464,1447680.104,1447680.104,4.99,4.09,10.871
600782,新钢股份,普钢,江西,19961225,600782.SH,20191111,4.6,4.6,4.53,4.54,4.62,-0.08,-1.7316,178854.25,81539.427,0.5609,0.9071,0.83,2.4516,3.1446,0.6897,0.2541,0.2518,1.9824,4.4053,318872.2696,318872.2696,197162.4464,1447680.104,1447680.104,5.08,4.16,10.871
600782,新钢股份,普钢,江西,19961225,600782.SH,20191108,4.68,4.69,4.61,4.62,4.63,-0.01,-0.216,148469.46,68886.427,0.4656,0.753,0.71,2.4948,3.2,0.7019,0.2586,0.2562,1.9481,4.329,318872.2696,318872.2696,197162.4464,1473189.8856,1473189.8856,5.09,4.17,10.871
600782,新钢股份,普钢,江西,19961225,600782.SH,20191107,4.63,4.69,4.6,4.63,4.62,0.01,0.2165,202033.79,93825.607,0.6336,1.0247,1.08,2.5002,3.207,0.7034,0.2592,0.2568,1.9438,4.3197,318872.2696,318872.2696,197162.4464,1476378.6082,1476378.6082,5.08,4.16,10.871
600782,新钢股份,普钢,江西,19961225,600782.SH,20191106,4.55,4.69,4.54,4.62,4.56,0.06,1.3158,376174.45,173621.099,1.1797,1.9079,2.73,2.4948,3.2,0.7019,0.2586,0.2562,1.9481,4.329,318872.2696,318872.2696,197162.4464,1473189.8856,1473189.8856,5.02,4.1,10.871
600782,新钢股份,普钢,江西,19961225,600782.SH,20191105,4.51,4.56,4.48,4.56,4.5,0.06,1.3333,204742.64,92791.853,0.6421,1.0384,1.71,2.4624,3.1585,0.6927,0.2553,0.2529,1.9737,4.386,318872.2696,318872.2696,197162.4464,1454057.5494,1454057.5494,4.95,4.05,10.871
600782,新钢股份,普钢,江西,19961225,600782.SH,20191104,4.51,4.53,4.49,4.5,4.5,0.0,0.0,144707.28,65254.103,0.4538,0.7339,1.23,2.43,3.1169,0.6836,0.2519,0.2496,2.0,4.4444,318872.2696,318872.2696,197162.4464,1434925.2132,1434925.2132,4.95,4.05,10.871
600782,新钢股份,普钢,江西,19961225,600782.SH,20191101,4.47,4.52,4.44,4.5,4.46,0.04,0.8969,120390.65,53965.202,0.3776,0.6106,1.1,2.43,3.1169,0.6836,0.2519,0.2496,2.0,4.4444,318872.2696,318872.2696,197162.4464,1434925.2132,1434925.2132,4.91,4.01,10.871
600782,新钢股份,普钢,江西,19961225,600782.SH,20191031,4.51,4.53,4.45,4.46,4.5,-0.04,-0.8889,88474.59,39684.511,0.2775,0.4487,0.8,2.4084,3.0892,0.6776,0.2497,0.2473,2.0179,4.4843,318872.2696,318872.2696,197162.4464,1422170.3224,1422170.3224,4.95,4.05,10.871
600782,新钢股份,普钢,江西,19961225,600782.SH,20191030,4.53,4.54,4.47,4.5,4.53,-0.03,-0.6623,131034.53,58977.83,0.4109,0.925,1.19,2.43,3.1169,0.6836,0.2519,0.2496,2.0,4.4444,318872.2696,318872.2696,141662.4464,1434925.2132,1434925.2132,4.98,4.08,10.871
600782,新钢股份,普钢,江西,19961225,600782.SH,20191029,4.57,4.57,4.5,4.53,4.57,-0.04,-0.8753,114312.56,51705.997,0.3585,0.8069,0.98,2.4462,2.5861,0.7159,0.2536,0.2484,1.9868,4.415,318872.2696,318872.2696,141662.4464,1444491.3813,1444491.3813,5.03,4.11,10.871
600782,新钢股份,普钢,江西,19961225,600782.SH,20191028,4.55,4.58,4.54,4.57,4.55,0.02,0.4396,134058.1,61124.526,0.4204,0.9463,1.05,2.4678,2.609,0.7222,0.2558,0.2506,1.9694,4.3764,318872.2696,318872.2696,141662.4464,1457246.2721,1457246.2721,5.01,4.1,10.871
600782,新钢股份,普钢,江西,19961225,600782.SH,20191025,4.52,4.55,4.5,4.55,4.52,0.03,0.6637,80769.95,36572.589,0.2533,0.5702,0.56,2.457,2.5976,0.7191,0.2547,0.2495,1.978,4.3956,318872.2696,318872.2696,141662.4464,1450868.8267,1450868.8267,4.97,4.07,10.871
600782,新钢股份,普钢,江西,19961225,600782.SH,20191024,4.5,4.54,4.48,4.52,4.5,0.02,0.4444,94663.35,42685.26,0.2969,0.6682,0.63,2.4408,2.5804,0.7143,0.253,0.2479,1.9912,4.4248,318872.2696,318872.2696,141662.4464,1441302.6586,1441302.6586,4.95,4.05,10.871
600782,新钢股份,普钢,江西,19961225,600782.SH,20191023,4.56,4.57,4.49,4.5,4.57,-0.07,-1.5317,125874.62,56891.294,0.3947,0.8886,0.78,2.43,2.569,0.7112,0.2519,0.2468,2.0,4.4444,318872.2696,318872.2696,141662.4464,1434925.2132,1434925.2132,5.03,4.11,10.871
600782,新钢股份,普钢,江西,19961225,600782.SH,20191022,4.54,4.57,4.51,4.57,4.53,0.04,0.883,147955.11,67135.986,0.464,1.0444,0.91,2.4678,2.609,0.7222,0.2558,0.2506,1.9694,4.3764,318872.2696,318872.2696,141662.4464,1457246.2721,1457246.2721,4.98,4.08,10.871
600782,新钢股份,普钢,江西,19961225,600782.SH,20191021,4.46,4.54,4.42,4.53,4.45,0.08,1.7978,189895.68,85034.057,0.5955,1.3405,1.03,2.4462,2.5861,0.7159,0.2536,0.2484,1.9868,4.415,318872.2696,318872.2696,141662.4464,1444491.3813,1444491.3813,4.9,4.01,10.871
600782,新钢股份,普钢,江西,19961225,600782.SH,20191018,4.52,4.53,4.45,4.45,4.51,-0.06,-1.3304,164649.3,73987.922,0.5163,1.1623,0.9,2.403,2.5405,0.7033,0.2491,0.244,2.0225,4.4944,318872.2696,318872.2696,141662.4464,1418981.5997,1418981.5997,4.96,4.06,10.871
600782,新钢股份,普钢,江西,19961225,600782.SH,20191017,4.53,4.54,4.5,4.51,4.53,-0.02,-0.4415,127467.93,57580.52,0.3997,0.8998,0.69,2.4354,2.5747,0.7127,0.2525,0.2473,1.9956,4.4346,318872.2696,318872.2696,141662.4464,1438113.9359,1438113.9359,4.98,4.08,10.871
600782,新钢股份,普钢,江西,19961225,600782.SH,20191016,4.59,4.63,4.52,4.53,4.59,-0.06,-1.3072,174625.0,79897.944,0.5476,1.2327,0.99,2.4462,2.5861,0.7159,0.2536,0.2484,1.9868,4.415,318872.2696,318872.2696,141662.4464,1444491.3813,1444491.3813,5.05,4.13,10.871
600782,新钢股份,普钢,江西,19961225,600782.SH,20191015,4.61,4.62,4.58,4.59,4.62,-0.03,-0.6494,157059.23,72150.003,0.4925,1.1087,0.84,2.4786,2.6204,0.7254,0.2569,0.2517,1.9608,4.3573,318872.2696,318872.2696,141662.4464,1463623.7175,1463623.7175,5.08,4.16,10.871
600782,新钢股份,普钢,江西,19961225,600782.SH,20191014,4.56,4.65,4.55,4.62,4.55,0.07,1.5385,297256.29,136920.32,0.9322,2.0983,1.9,2.4948,2.6375,0.7301,0.2586,0.2534,1.9481,4.329,318872.2696,318872.2696,141662.4464,1473189.8856,1473189.8856,5.01,4.1,10.871
600782,新钢股份,普钢,江西,19961225,600782.SH,20191011,4.57,4.58,4.52,4.55,4.56,-0.01,-0.2193,158853.0,72316.107,0.4982,1.1213,1.05,2.457,2.5976,0.7191,0.2547,0.2495,1.978,4.3956,318872.2696,318872.2696,141662.4464,1450868.8267,1450868.8267,5.02,4.1,10.871
600782,新钢股份,普钢,江西,19961225,600782.SH,20191010,4.54,4.58,4.52,4.56,4.54,0.02,0.4405,131541.62,59877.77,0.4125,0.9286,0.85,2.4624,2.6033,0.7206,0.2553,0.2501,1.9737,4.386,318872.2696,318872.2696,141662.4464,1454057.5494,1454057.5494,4.99,4.09,10.871
600782,新钢股份,普钢,江西,19961225,600782.SH,20191009,4.5,4.55,4.47,4.54,4.52,0.02,0.4425,138515.42,62590.184,0.4344,0.9778,0.83,2.4516,2.5919,0.7175,0.2541,0.249,1.9824,4.4053,318872.2696,318872.2696,141662.4464,1447680.104,1447680.104,4.97,4.07,10.871
600782,新钢股份,普钢,江西,19961225,600782.SH,20191008,4.46,4.52,4.44,4.52,4.45,0.07,1.573,203499.29,91335.778,0.6382,1.4365,1.18,2.4408,2.5804,0.7143,0.253,0.2479,1.9912,4.4248,318872.2696,318872.2696,141662.4464,1441302.6586,1441302.6586,4.9,4.01,10.871
600782,新钢股份,普钢,江西,19961225,600782.SH,20190930,4.52,4.53,4.45,4.45,4.49,-0.04,-0.8909,148755.26,66635.205,0.4665,1.0501,0.82,2.403,2.5405,0.7033,0.2491,0.244,2.0225,4.4944,318872.2696,318872.2696,141662.4464,1418981.5997,1418981.5997,4.94,4.04,10.871
600782,新钢股份,普钢,江西,19961225,600782.SH,20190927,4.5,4.53,4.48,4.49,4.5,-0.01,-0.2222,133396.93,60040.145,0.4183,0.9417,0.68,2.4246,2.5633,0.7096,0.2513,0.2462,2.0045,4.4543,318872.2696,318872.2696,141662.4464,1431736.4905,1431736.4905,4.95,4.05,10.871
600782,新钢股份,普钢,江西,19961225,600782.SH,20190926,4.55,4.56,4.5,4.5,4.53,-0.03,-0.6623,154042.46,69750.753,0.4831,1.0874,0.74,2.43,2.569,0.7112,0.2519,0.2468,2.0,4.4444,318872.2696,318872.2696,141662.4464,1434925.2132,1434925.2132,4.98,4.08,10.871
600782,新钢股份,普钢,江西,19961225,600782.SH,20190925,4.59,4.64,4.52,4.53,4.6,-0.07,-1.5217,193967.4,88653.606,0.6083,1.3692,0.88,2.4462,2.5861,0.7159,0.2536,0.2484,1.9868,4.415,318872.2696,318872.2696,141662.4464,1444491.3813,1444491.3813,5.06,4.14,10.871
600782,新钢股份,普钢,江西,19961225,600782.SH,20190924,4.64,4.66,4.6,4.6,4.63,-0.03,-0.6479,229767.02,106364.532,0.7206,1.6219,0.83,2.484,2.6261,0.727,0.2575,0.2523,1.9565,4.3478,318872.2696,318872.2696,141662.4464,1466812.4402,1466812.4402,5.09,4.17,10.871
600782,新钢股份,普钢,江西,19961225,600782.SH,20190923,4.69,4.69,4.6,4.63,4.7,-0.07,-1.4894,193836.53,89605.601,0.6079,1.3683,0.57,2.5002,2.6432,0.7317,0.2592,0.2539,1.9438,4.3197,318872.2696,318872.2696,141662.4464,1476378.6082,1476378.6082,5.17,4.23,10.871
600782,新钢股份,普钢,江西,19961225,600782.SH,20190920,4.71,4.73,4.66,4.7,4.73,-0.03,-0.6342,212782.03,99650.405,0.6673,1.502,0.52,2.538,2.6832,0.7428,0.2631,0.2578,1.9149,4.2553,318872.2696,318872.2696,141662.4464,1498699.6671,1498699.6671,5.2,4.26,10.871
600782,新钢股份,普钢,江西,19961225,600782.SH,20190919,4.77,4.77,4.7,4.73,4.75,-0.02,-0.4211,207531.12,98114.371,0.6508,1.465,0.5,2.5542,2.7003,0.7475,0.2648,0.2594,1.9027,4.2283,318872.2696,318872.2696,141662.4464,1508265.8352,1508265.8352,5.23,4.28,10.871
600782,新钢股份,普钢,江西,19961225,600782.SH,20190918,4.73,4.8,4.72,4.75,4.72,0.03,0.6356,257205.8,122427.907,0.8066,1.8156,0.61,2.565,2.7117,0.7507,0.2659,0.2605,1.8947,4.2105,318872.2696,318872.2696,141662.4464,1514643.2806,1514643.2806,5.19,4.25,10.871
600782,新钢股份,普钢,江西,19961225,600782.SH,20190917,4.88,4.89,4.68,4.72,4.86,-0.14,-2.8807,517634.0,245715.912,1.6233,3.654,1.38,2.5488,2.6946,0.7459,0.2642,0.2588,1.9068,4.2373,318872.2696,318872.2696,141662.4464,1505077.1125,1505077.1125,5.35,4.37,10.871
600782,新钢股份,普钢,江西,19961225,600782.SH,20190916,4.85,4.93,4.83,4.86,4.88,-0.02,-0.4098,516545.27,252589.446,1.6199,3.6463,1.67,2.6244,2.7745,0.768,0.2721,0.2665,1.8519,4.1152,318872.2696,318872.2696,141662.4464,1549719.2303,1549719.2303,5.37,4.39,10.871
600782,新钢股份,普钢,江西,19961225,600782.SH,20190912,4.74,4.97,4.73,4.88,4.71,0.17,3.6093,564355.29,273421.534,1.7698,3.9838,2.07,2.6352,2.786,0.7712,0.2732,0.2676,1.8443,4.0984,318872.2696,318872.2696,141662.4464,1556096.6756,1556096.6756,5.18,4.24,10.871
600782,新钢股份,普钢,江西,19961225,600782.SH,20190911,4.75,4.76,4.7,4.71,4.74,-0.03,-0.6329,229013.58,108245.095,0.7182,1.6166,0.79,2.5434,2.6889,0.7443,0.2637,0.2583,1.9108,4.2463,318872.2696,318872.2696,141662.4464,1501888.3898,1501888.3898,5.21,4.27,10.871
600782,新钢股份,普钢,江西,19961225,600782.SH,20190910,4.66,4.74,4.64,4.74,4.66,0.08,1.7167,290568.75,136354.409,0.9112,2.0511,1.09,2.5596,2.706,0.7491,0.2653,0.2599,1.8987,4.2194,318872.2696,318872.2696,141662.4464,1511454.5579,1511454.5579,5.13,4.19,10.871
600782,新钢股份,普钢,江西,19961225,600782.SH,20190909,4.61,4.66,4.57,4.66,4.57,0.09,1.9694,277892.17,128529.924,0.8715,1.9617,1.1,2.5164,2.6604,0.7364,0.2609,0.2556,1.9313,4.2918,318872.2696,318872.2696,141662.4464,1485944.7763,1485944.7763,5.03,4.11,10.871
600782,新钢股份,普钢,江西,19961225,600782.SH,20190906,4.59,4.62,4.55,4.57,4.59,-0.02,-0.4357,187443.47,85829.094,0.5878,1.3232,0.75,2.4678,2.609,0.7222,0.2558,0.2506,1.9694,4.3764,318872.2696,318872.2696,141662.4464,1457246.2721,1457246.2721,5.05,4.13,10.871
600782,新钢股份,普钢,江西,19961225,600782.SH,20190905,4.63,4.64,4.58,4.59,4.58,0.01,0.2183,377518.41,174167.146,1.1839,2.6649,1.9,2.4786,2.6204,0.7254,0.2569,0.2517,1.9608,4.3573,318872.2696,318872.2696,141662.4464,1463623.7175,1463623.7175,5.04,4.12,10.871
600782,新钢股份,普钢,江西,19961225,600782.SH,20190904,4.47,4.58,4.46,4.58,4.48,0.1,2.2321,323972.08,147125.17,1.016,2.2869,1.91,2.4732,2.6147,0.7238,0.2564,0.2512,1.9651,4.3668,318872.2696,318872.2696,141662.4464,1460434.9948,1460434.9948,4.93,4.03,10.871
600782,新钢股份,普钢,江西,19961225,600782.SH,20190903,4.47,4.5,4.45,4.48,4.47,0.01,0.2237,164309.0,73505.797,0.5153,1.1599,0.89,2.4192,2.5576,0.708,0.2508,0.2457,2.0089,4.4643,318872.2696,318872.2696,141662.4464,1428547.7678,1428547.7678,4.92,4.02,10.871
600782,新钢股份,普钢,江西,19961225,600782.SH,20190902,4.39,4.49,4.38,4.47,4.39,0.08,1.8223,209996.68,93550.459,0.6586,1.4824,1.16,2.4138,2.5519,0.7064,0.2502,0.2451,2.0134,4.4743,318872.2696,318872.2696,141662.4464,1425359.0451,1425359.0451,4.83,3.95,10.871
600782,新钢股份,普钢,江西,19961225,600782.SH,20190830,4.46,4.47,4.37,4.39,4.43,-0.04,-0.9029,171943.0,75859.788,0.5392,1.2138,0.99,2.3706,2.5062,0.6938,0.2457,0.2408,2.0501,4.5558,318872.2696,318872.2696,141662.4464,1399849.2635,1399849.2635,4.87,3.99,10.871
600782,新钢股份,普钢,江西,19961225,600782.SH,20190829,4.48,4.48,4.43,4.43,4.47,-0.04,-0.8949,120792.22,53745.853,0.3788,0.8527,0.67,2.3922,2.5291,0.7001,0.248,0.2429,2.0316,4.5147,318872.2696,318872.2696,141662.4464,1412604.1543,1412604.1543,4.92,4.02,10.871
600782,新钢股份,普钢,江西,19961225,600782.SH,20190828,4.44,4.49,4.43,4.47,4.45,0.02,0.4494,182454.94,81407.825,0.5722,1.288,1.08,2.4138,2.5519,0.7064,0.2502,0.2451,2.0134,4.4743,318872.2696,318872.2696,141662.4464,1425359.0451,1425359.0451,4.9,4.01,10.871
600782,新钢股份,普钢,江西,19961225,600782.SH,20190827,4.41,4.47,4.4,4.45,4.39,0.06,1.3667,234204.88,104042.002,0.7345,1.6533,1.26,2.403,2.5405,0.7033,0.2491,0.244,2.0225,4.4944,318872.2696,318872.2696,141662.4464,1418981.5997,1418981.5997,4.83,3.95,10.871
600782,新钢股份,普钢,江西,19961225,600782.SH,20190826,4.41,4.43,4.37,4.39,4.5,-0.11,-2.4444,197471.41,86804.637,0.6193,1.394,1.02,2.3706,2.5062,0.6938,0.2457,0.2408,2.0501,4.5558,318872.2696,318872.2696,141662.4464,1399849.2635,1399849.2635,4.95,4.05,10.871
600782,新钢股份,普钢,江西,19961225,600782.SH,20190823,4.52,4.55,4.48,4.5,4.52,-0.02,-0.4425,136916.58,61734.011,0.4294,0.9665,0.72,2.43,2.569,0.7112,0.2519,0.2468,2.0,4.4444,318872.2696,318872.2696,141662.4464,1434925.2132,1434925.2132,4.97,4.07,10.871
600782,新钢股份,普钢,江西,19961225,600782.SH,20190822,4.58,4.59,4.49,4.52,4.56,-0.04,-0.8772,156403.75,70759.439,0.4905,0.7933,0.79,2.4408,2.5804,0.7143,0.253,0.2479,1.9912,4.4248,318872.2696,318872.2696,197162.4464,1441302.6586,1441302.6586,5.02,4.1,10.871
600782,新钢股份,普钢,江西,19961225,600782.SH,20190821,4.59,4.61,4.55,4.56,4.59,-0.03,-0.6536,122984.97,56244.818,0.3857,0.8682,0.65,2.4624,2.6033,0.7206,0.2553,0.2501,1.9737,4.386,318872.2696,318872.2696,141662.4464,1454057.5494,1454057.5494,5.05,4.13,10.871
600782,新钢股份,普钢,江西,19961225,600782.SH,20190820,4.62,4.7,4.58,4.59,4.53,0.06,1.3245,317930.19,147193.888,0.997,2.2443,2.28,2.4786,2.6204,0.7254,0.2569,0.2517,1.9608,4.3573,318872.2696,318872.2696,141662.4464,1463623.7175,1463623.7175,4.98,4.08,10.871
600782,新钢股份,普钢,江西,19961225,600782.SH,20190819,4.41,4.53,4.41,4.53,4.4,0.13,2.9545,231543.91,103532.596,0.7261,1.6345,1.98,2.4462,2.4971,0.7569,0.2536,0.2492,1.9868,4.415,318872.2696,318872.2696,141662.4464,1444491.3813,1444491.3813,4.84,3.96,10.871
600782,新钢股份,普钢,江西,19961225,600782.SH,20190816,4.41,4.42,4.39,4.4,4.41,-0.01,-0.2268,120467.66,53030.003,0.3778,0.8504,0.98,2.376,2.4254,0.7352,0.2463,0.2421,2.0455,4.5455,318872.2696,318872.2696,141662.4464,1403037.9862,1403037.9862,4.85,3.97,10.871
600782,新钢股份,普钢,江西,19961225,600782.SH,20190815,4.3,4.47,4.27,4.41,4.39,0.02,0.4556,197845.21,86740.421,0.6205,1.3966,1.84,2.3814,2.431,0.7369,0.2469,0.2426,2.0408,4.5351,318872.2696,318872.2696,141662.4464,1406226.7089,1406226.7089,4.83,3.95,10.871
600782,新钢股份,普钢,江西,19961225,600782.SH,20190814,4.42,4.43,4.39,4.39,4.37,0.02,0.4577,78449.0,34601.616,0.246,0.5538,0.7,2.3706,2.4199,0.7335,0.2457,0.2415,2.0501,4.5558,318872.2696,318872.2696,141662.4464,1399849.2635,1399849.2635,4.81,3.93,10.871
600782,新钢股份,普钢,江西,19961225,600782.SH,20190813,4.37,4.39,4.35,4.37,4.41,-0.04,-0.907,70305.74,30718.457,0.2205,0.4963,0.45,2.3598,2.4089,0.7302,0.2446,0.2404,2.0595,4.5767,318872.2696,318872.2696,141662.4464,1393471.8182,1393471.8182,4.85,3.97,10.871
600782,新钢股份,普钢,江西,19961225,600782.SH,20190812,4.38,4.41,4.35,4.41,4.37,0.04,0.9153,116860.0,51225.019,0.3665,0.8249,0.66,2.3814,2.431,0.7369,0.2469,0.2426,2.0408,4.5351,318872.2696,318872.2696,141662.4464,1406226.7089,1406226.7089,4.81,3.93,10.871
600782,新钢股份,普钢,江西,19961225,600782.SH,20190809,4.39,4.44,4.35,4.37,4.37,0.0,0.0,152768.71,67097.632,0.4791,1.0784,0.81,2.3598,2.4089,0.7302,0.2446,0.2404,2.0595,4.5767,318872.2696,318872.2696,141662.4464,1393471.8182,1393471.8182,4.81,3.93,10.871
600782,新钢股份,普钢,江西,19961225,600782.SH,20190808,4.37,4.42,4.37,4.37,4.36,0.01,0.2294,117977.14,51880.775,0.37,0.8328,0.62,2.3598,2.4089,0.7302,0.2446,0.2404,2.0595,4.5767,318872.2696,318872.2696,141662.4464,1393471.8182,1393471.8182,4.8,3.92,10.871
600782,新钢股份,普钢,江西,19961225,600782.SH,20190807,4.38,4.39,4.33,4.36,4.37,-0.01,-0.2288,105968.0,46255.09,0.3323,0.748,0.51,2.3544,2.4034,0.7285,0.2441,0.2399,2.0642,4.5872,318872.2696,318872.2696,141662.4464,1390283.0955,1390283.0955,4.81,3.93,10.871
600782,新钢股份,普钢,江西,19961225,600782.SH,20190806,4.39,4.4,4.22,4.37,4.46,-0.09,-2.0179,284053.78,122868.036,0.8908,2.0051,1.58,2.3598,2.4089,0.7302,0.2446,0.2404,2.0595,4.5767,318872.2696,318872.2696,141662.4464,1393471.8182,1393471.8182,4.91,4.01,10.871
600782,新钢股份,普钢,江西,19961225,600782.SH,20190805,4.54,4.56,4.45,4.46,4.56,-0.1,-2.193,221024.22,99584.579,0.6931,1.5602,1.44,2.4084,2.4585,0.7452,0.2497,0.2454,2.0179,4.4843,318872.2696,318872.2696,141662.4464,1422170.3224,1422170.3224,5.02,4.1,10.871
600782,新钢股份,普钢,江西,19961225,600782.SH,20190802,4.6,4.61,4.51,4.56,4.67,-0.11,-2.3555,210750.44,96417.499,0.6609,1.4877,1.61,2.4624,2.5136,0.7619,0.2553,0.2509,1.9737,4.386,318872.2696,318872.2696,141662.4464,1454057.5494,1454057.5494,5.14,4.2,10.871
600782,新钢股份,普钢,江西,19961225,600782.SH,20190801,4.68,4.69,4.66,4.67,4.69,-0.02,-0.4264,122266.07,57101.502,0.3834,0.8631,0.95,2.5218,2.5743,0.7803,0.2614,0.2569,1.9272,4.2827,318872.2696,318872.2696,141662.4464,1489133.499,1489133.499,5.16,4.22,10.871
600782,新钢股份,普钢,江西,19961225,600782.SH,20190731,4.75,4.75,4.69,4.69,4.75,-0.06,-1.2632,205181.71,96590.482,0.6435,1.4484,1.82,2.5326,2.5853,0.7836,0.2625,0.258,1.919,4.2644,318872.2696,318872.2696,141662.4464,1495510.9444,1495510.9444,5.23,4.28,10.871
600782,新钢股份,普钢,江西,19961225,600782.SH,20190730,4.73,4.77,4.73,4.75,4.74,0.01,0.211,137928.44,65539.601,0.4326,0.9736,1.36,2.565,2.6184,0.7937,0.2659,0.2613,1.8947,4.2105,318872.2696,318872.2696,141662.4464,1514643.2806,1514643.2806,5.21,4.27,10.871
600782,新钢股份,普钢,江西,19961225,600782.SH,20190729,4.77,4.78,4.73,4.74,4.78,-0.04,-0.8368,91510.85,43480.255,0.287,0.646,0.82,2.5596,2.6129,0.792,0.2653,0.2608,1.8987,4.2194,318872.2696,318872.2696,141662.4464,1511454.5579,1511454.5579,5.26,4.3,10.871
600782,新钢股份,普钢,江西,19961225,600782.SH,20190726,4.78,4.79,4.75,4.78,4.79,-0.01,-0.2088,99184.24,47289.871,0.311,0.7001,0.91,2.5812,2.6349,0.7987,0.2676,0.263,1.8828,4.1841,318872.2696,318872.2696,141662.4464,1524209.4487,1524209.4487,5.27,4.31,10.871
600782,新钢股份,普钢,江西,19961225,600782.SH,20190725,4.8,4.8,4.76,4.79,4.79,0.0,0.0,109094.05,52151.703,0.3421,0.7701,0.96,2.5866,2.6404,0.8003,0.2681,0.2635,1.8789,4.1754,318872.2696,318872.2696,141662.4464,1527398.1714,1527398.1714,5.27,4.31,10.871
600782,新钢股份,普钢,江西,19961225,600782.SH,20190724,4.77,4.82,4.76,4.79,4.77,0.02,0.4193,126854.53,60833.07,0.3978,0.8955,1.12,2.5866,2.6404,0.8003,0.2681,0.2635,1.8789,4.1754,318872.2696,318872.2696,141662.4464,1527398.1714,1527398.1714,5.25,4.29,10.871
600782,新钢股份,普钢,江西,19961225,600782.SH,20190723,4.77,4.78,4.74,4.77,4.75,0.02,0.4211,82216.0,39145.302,0.2578,0.5804,0.56,2.5758,2.6294,0.797,0.267,0.2624,1.8868,4.1929,318872.2696,318872.2696,141662.4464,1521020.726,1521020.726,5.23,4.28,10.871
600782,新钢股份,普钢,江西,19961225,600782.SH,20190722,4.83,4.83,4.72,4.75,4.81,-0.06,-1.2474,140694.47,66946.347,0.4412,0.9932,0.9,2.565,2.6184,0.7937,0.2659,0.2613,1.8947,4.2105,318872.2696,318872.2696,141662.4464,1514643.2806,1514643.2806,5.29,4.33,10.871
600782,新钢股份,普钢,江西,19961225,600782.SH,20190719,4.8,4.87,4.79,4.81,4.79,0.02,0.4175,88276.59,42656.312,0.2768,0.6231,0.54,2.5974,2.6515,0.8037,0.2693,0.2646,1.8711,4.158,318872.2696,318872.2696,141662.4464,1533775.6168,1533775.6168,5.27,4.31,10.871
600782,新钢股份,普钢,江西,19961225,600782.SH,20190718,4.84,4.87,4.77,4.79,4.87,-0.08,-1.6427,129593.0,62314.408,0.4064,0.9148,0.79,2.5866,2.6404,0.8003,0.2681,0.2635,1.8789,4.1754,318872.2696,318872.2696,141662.4464,1527398.1714,1527398.1714,5.36,4.38,10.871
600782,新钢股份,普钢,江西,19961225,600782.SH,20190717,4.9,4.91,4.85,4.87,4.9,-0.03,-0.6122,125473.67,61154.767,0.3935,0.8857,0.69,2.6298,2.6845,0.8137,0.2726,0.2679,1.848,4.1068,318872.2696,318872.2696,141662.4464,1552907.953,1552907.953,5.39,4.41,10.871
600782,新钢股份,普钢,江西,19961225,600782.SH,20190716,4.8,4.92,4.8,4.9,4.82,0.08,1.6598,252631.83,123308.144,0.7923,1.7833,1.34,2.646,2.7011,0.8187,0.2743,0.2696,1.8367,4.0816,318872.2696,318872.2696,141662.4464,1562474.121,1562474.121,5.3,4.34,10.871
600782,新钢股份,普钢,江西,19961225,600782.SH,20190715,4.76,4.84,4.72,4.82,4.77,0.05,1.0482,183637.56,87800.66,0.5759,1.2963,0.89,2.6028,2.657,0.8054,0.2698,0.2652,1.8672,4.1494,318872.2696,318872.2696,141662.4464,1536964.3395,1536964.3395,5.25,4.29,10.871
600782,新钢股份,普钢,江西,19961225,600782.SH,20190712,4.76,4.78,4.72,4.77,4.75,0.02,0.4211,132217.37,62884.567,0.4146,0.9333,0.65,2.5758,2.6294,0.797,0.267,0.2624,1.8868,4.1929,318872.2696,318872.2696,141662.4464,1521020.726,1521020.726,5.23,4.28,10.871
600782,新钢股份,普钢,江西,19961225,600782.SH,20190711,4.77,4.8,4.73,4.75,4.75,0.0,0.0,128576.04,61197.398,0.4032,0.9076,0.62,2.565,2.6184,0.7937,0.2659,0.2613,1.8947,4.2105,318872.2696,318872.2696,141662.4464,1514643.2806,1514643.2806,5.23,4.28,10.871
600782,新钢股份,普钢,江西,19961225,600782.SH,20190710,4.82,4.83,4.73,4.75,4.82,-0.07,-1.4523,217096.95,103353.465,0.6808,1.5325,1.01,2.565,2.6184,0.7937,0.2659,0.2613,1.8947,4.2105,318872.2696,318872.2696,141662.4464,1514643.2806,1514643.2806,5.3,4.34,10.871
600782,新钢股份,普钢,江西,19961225,600782.SH,20190709,4.88,4.92,4.78,4.82,4.88,-0.06,-1.2295,281146.04,135498.739,0.8817,1.9846,1.36,2.6028,2.657,0.8054,0.2698,0.2652,1.8672,4.1494,318872.2696,318872.2696,141662.4464,1536964.3395,1536964.3395,5.37,4.39,10.871
600782,新钢股份,普钢,江西,19961225,600782.SH,20190708,5.02,5.02,4.85,4.88,5.03,-0.15,-2.9821,272495.74,133779.651,0.8546,1.9236,1.27,2.6352,2.69,0.8154,0.2732,0.2685,1.8443,4.0984,318872.2696,318872.2696,141662.4464,1556096.6756,1556096.6756,5.53,4.53,10.871
600782,新钢股份,普钢,江西,19961225,600782.SH,20190705,5.02,5.04,4.99,5.03,5.02,0.01,0.1992,122862.6,61589.252,0.3853,0.8673,0.51,2.7162,2.7727,0.8404,0.2816,0.2767,1.7893,3.9761,318872.2696,318872.2696,141662.4464,1603927.5161,1603927.5161,5.52,4.52,10.871
600782,新钢股份,普钢,江西,19961225,600782.SH,20190704,5.02,5.05,5.0,5.02,5.01,0.01,0.1996,142664.22,71660.08,0.4474,1.0071,0.52,2.7108,2.7672,0.8388,0.281,0.2762,1.7928,3.9841,318872.2696,318872.2696,141662.4464,1600738.7934,1600738.7934,5.51,4.51,10.871
600782,新钢股份,普钢,江西,19961225,600782.SH,20190703,5.07,5.08,4.99,5.01,5.08,-0.07,-1.378,250801.55,125702.757,0.7865,1.7704,0.93,2.7054,2.7617,0.8371,0.2805,0.2756,1.7964,3.992,318872.2696,318872.2696,141662.4464,1597550.0707,1597550.0707,5.59,4.57,10.871
600782,新钢股份,普钢,江西,19961225,600782.SH,20190702,5.11,5.11,5.06,5.08,5.11,-0.03,-0.5871,245562.79,124818.311,0.7701,1.7334,0.8,2.7432,2.8003,0.8488,0.2844,0.2795,1.7717,3.937,318872.2696,318872.2696,141662.4464,1619871.1296,1619871.1296,5.62,4.6,10.871
600782,新钢股份,普钢,江西,19961225,600782.SH,20190701,5.1,5.13,5.05,5.11,5.0,0.11,2.2,314249.98,160073.78,0.9855,2.2183,0.81,2.7594,2.8168,0.8538,0.2861,0.2811,1.7613,3.9139,318872.2696,318872.2696,141662.4464,1629437.2977,1629437.2977,5.5,4.5,10.871
600782,新钢股份,普钢,江西,19961225,600782.SH,20190628,5.08,5.08,4.97,5.0,5.06,-0.06,-1.1858,242643.55,121691.936,0.7609,1.7128,0.6,2.7,2.7562,0.8354,0.2799,0.2751,1.8,4.0,318872.2696,318872.2696,141662.4464,1594361.348,1594361.348,5.57,4.55,10.871
600782,新钢股份,普钢,江西,19961225,600782.SH,20190627,5.31,5.36,5.26,5.26,5.3,-0.04,-0.7547,322923.79,171151.945,1.0127,2.2795,0.8,2.8404,2.8995,0.8505,0.2944,0.2894,1.711,,318872.2696,318872.2696,141662.4464,1677268.1381,1677268.1381,5.83,4.77,10.457
600782,新钢股份,普钢,江西,19961225,600782.SH,20190626,5.28,5.39,5.27,5.3,5.34,-0.04,-0.7491,225460.12,119904.653,0.7071,1.5915,0.56,2.862,2.9216,0.8569,0.2967,0.2916,1.6981,,318872.2696,318872.2696,141662.4464,1690023.0289,1690023.0289,5.87,4.81,10.457
600782,新钢股份,普钢,江西,19961225,600782.SH,20190625,5.31,5.38,5.24,5.34,5.31,0.03,0.565,430282.52,228899.191,1.3494,3.0374,1.28,2.8836,2.9436,0.8634,0.2989,0.2938,1.6854,,318872.2696,318872.2696,141662.4464,1702777.9197,1702777.9197,5.84,4.78,10.457
600782,新钢股份,普钢,江西,19961225,600782.SH,20190624,5.24,5.45,5.23,5.31,5.15,0.16,3.1068,721417.64,385124.0,2.2624,5.0925,3.27,2.8674,2.9271,0.8585,0.2972,0.2921,1.6949,1.6949,318872.2696,318872.2696,141662.4464,1693211.7516,1693211.7516,5.67,4.64,10.457
600782,新钢股份,普钢,江西,19961225,600782.SH,20190621,5.1,5.18,5.09,5.15,5.1,0.05,0.9804,315353.12,162092.799,0.989,2.2261,1.66,2.781,2.8389,0.8327,0.2883,0.2833,1.7476,1.7476,318872.2696,318872.2696,141662.4464,1642192.1884,1642192.1884,5.61,4.59,10.457
600782,新钢股份,普钢,江西,19961225,600782.SH,20190620,5.01,5.11,5.01,5.1,5.01,0.09,1.7964,331461.05,168211.749,1.0395,2.3398,2.13,2.754,2.8113,0.8246,0.2855,0.2806,1.7647,1.7647,318872.2696,318872.2696,141662.4464,1626248.575,1626248.575,5.51,4.51,10.457
600782,新钢股份,普钢,江西,19961225,600782.SH,20190619,5.04,5.09,5.0,5.01,4.96,0.05,1.0081,211649.87,106616.887,0.6637,1.494,1.28,2.7054,2.7617,0.81,0.2805,0.2756,1.7964,1.7964,318872.2696,318872.2696,141662.4464,1597550.0707,1597550.0707,5.46,4.46,10.457
600782,新钢股份,普钢,江西,19961225,600782.SH,20190618,4.99,5.0,4.94,4.96,4.98,-0.02,-0.4016,96417.76,47874.827,0.3024,0.6806,0.43,2.6784,2.7341,0.8019,0.2777,0.2729,1.8145,1.8145,318872.2696,318872.2696,141662.4464,1581606.4572,1581606.4572,5.48,4.48,10.457
600782,新钢股份,普钢,江西,19961225,600782.SH,20190617,4.98,5.02,4.95,4.98,4.99,-0.01,-0.2004,147784.78,73588.033,0.4635,1.0432,0.66,2.6892,2.7452,0.8052,0.2788,0.274,1.8072,1.8072,318872.2696,318872.2696,141662.4464,1587983.9026,1587983.9026,5.49,4.49,10.457
600782,新钢股份,普钢,江西,19961225,600782.SH,20190614,5.05,5.05,4.99,4.99,5.04,-0.05,-0.9921,162033.4,81349.452,0.5081,1.1438,0.72,2.6946,2.7507,0.8068,0.2793,0.2745,1.8036,1.8036,318872.2696,318872.2696,141662.4464,1591172.6253,1591172.6253,5.54,4.54,10.457
600782,新钢股份,普钢,江西,19961225,600782.SH,20190613,5.05,5.06,4.99,5.04,5.05,-0.01,-0.198,159129.22,79976.68,0.499,1.1233,0.71,2.7216,2.7782,0.8149,0.2821,0.2773,1.7857,1.7857,318872.2696,318872.2696,141662.4464,1607116.2388,1607116.2388,5.56,4.55,10.457
600782,新钢股份,普钢,江西,19961225,600782.SH,20190612,5.11,5.13,5.03,5.05,5.12,-0.07,-1.3672,262423.7,133051.329,0.823,1.8525,1.3,2.727,2.7838,0.8165,0.2827,0.2778,1.7822,1.7822,318872.2696,318872.2696,141662.4464,1610304.9615,1610304.9615,5.63,4.61,10.457
600782,新钢股份,普钢,江西,19961225,600782.SH,20190611,4.94,5.13,4.94,5.12,4.93,0.19,3.854,400614.43,202934.806,1.2563,2.828,2.47,2.7648,2.8223,0.8278,0.2866,0.2817,1.7578,1.7578,318872.2696,318872.2696,141662.4464,1632626.0204,1632626.0204,5.42,4.44,10.457
600782,新钢股份,普钢,江西,19961225,600782.SH,20190610,4.93,4.95,4.87,4.93,4.91,0.02,0.4073,133449.18,65640.093,0.4185,0.942,0.82,2.6622,2.7176,0.7971,0.276,0.2712,1.8256,1.8256,318872.2696,318872.2696,141662.4464,1572040.2891,1572040.2891,5.4,4.42,10.457
600782,新钢股份,普钢,江西,19961225,600782.SH,20190606,4.97,4.98,4.9,4.91,4.98,-0.07,-1.4056,165253.22,81520.25,0.5182,1.1665,0.97,2.6514,2.7066,0.7939,0.2749,0.2701,1.833,1.833,318872.2696,318872.2696,141662.4464,1565662.8437,1565662.8437,5.48,4.48,10.457
600782,新钢股份,普钢,江西,19961225,600782.SH,20190605,5.0,5.02,4.97,4.98,4.96,0.02,0.4032,155115.41,77425.05,0.4864,1.095,0.88,2.6892,2.7452,0.8052,0.2788,0.274,1.8072,1.8072,318872.2696,318872.2696,141662.4464,1587983.9026,1587983.9026,5.46,4.46,10.457
600782,新钢股份,普钢,江西,19961225,600782.SH,20190604,5.0,5.02,4.94,4.96,5.01,-0.05,-0.998,155123.45,77108.158,0.4865,1.095,0.75,2.6784,2.7341,0.8019,0.2777,0.2729,1.8145,1.8145,318872.2696,318872.2696,141662.4464,1581606.4572,1581606.4572,5.51,4.51,10.457
600782,新钢股份,普钢,江西,19961225,600782.SH,20190603,5.08,5.09,4.99,5.01,5.07,-0.06,-1.1834,201117.74,101029.103,0.6307,1.4197,0.9,2.7054,2.7617,0.81,0.2805,0.2756,1.7964,1.7964,318872.2696,318872.2696,141662.4464,1597550.0707,1597550.0707,5.58,4.56,10.457
600782,新钢股份,普钢,江西,19961225,600782.SH,20190531,5.08,5.12,5.06,5.07,5.09,-0.02,-0.3929,132882.4,67533.18,0.4167,0.938,0.56,2.7378,2.7948,0.8197,0.2838,0.2789,1.7751,1.7751,318872.2696,318872.2696,141662.4464,1616682.4069,1616682.4069,5.6,4.58,10.457
600782,新钢股份,普钢,江西,19961225,600782.SH,20190530,5.12,5.12,5.04,5.09,5.11,-0.02,-0.3914,211948.43,107505.507,0.6647,1.4962,0.84,2.7486,2.8058,0.823,0.2849,0.28,1.7682,1.7682,318872.2696,318872.2696,141662.4464,1623059.8523,1623059.8523,5.62,4.6,10.457
600782,新钢股份,普钢,江西,19961225,600782.SH,20190529,5.11,5.16,5.09,5.11,5.11,0.0,0.0,178654.78,91540.251,0.5603,1.2611,0.62,2.7594,2.8168,0.8262,0.2861,0.2811,1.7613,1.7613,318872.2696,318872.2696,141662.4464,1629437.2977,1629437.2977,5.62,4.6,10.457
600782,新钢股份,普钢,江西,19961225,600782.SH,20190528,5.13,5.19,5.09,5.11,5.15,-0.04,-0.7767,303822.73,156346.344,0.9528,2.1447,1.07,2.7594,2.8168,0.8262,0.2861,0.2811,1.7613,1.7613,318872.2696,318872.2696,141662.4464,1629437.2977,1629437.2977,5.67,4.64,10.457
600782,新钢股份,普钢,江西,19961225,600782.SH,20190527,5.07,5.17,5.01,5.15,5.06,0.09,1.7787,289844.69,147845.446,0.909,2.046,1.03,2.781,2.8389,0.8327,0.2883,0.2833,1.7476,1.7476,318872.2696,318872.2696,141662.4464,1642192.1884,1642192.1884,5.57,4.55,10.457
600782,新钢股份,普钢,江西,19961225,600782.SH,20190524,5.1,5.15,5.05,5.06,5.11,-0.05,-0.9785,206642.54,105233.229,0.648,1.4587,0.67,2.7324,2.7893,0.8181,0.2833,0.2784,1.7787,1.7787,318872.2696,318872.2696,141662.4464,1613493.6842,1613493.6842,5.62,4.6,10.457
600782,新钢股份,普钢,江西,19961225,600782.SH,20190523,5.18,5.22,5.1,5.11,5.22,-0.11,-2.1073,285691.09,146970.659,0.8959,2.0167,0.84,2.7594,2.8168,0.8262,0.2861,0.2811,1.7613,1.7613,318872.2696,318872.2696,141662.4464,1629437.2977,1629437.2977,5.74,4.7,10.457
600782,新钢股份,普钢,江西,19961225,600782.SH,20190522,5.24,5.34,5.18,5.22,5.25,-0.03,-0.5714,343454.68,180361.015,1.0771,2.4245,0.99,2.8188,2.8775,0.844,0.2922,0.2872,1.7241,1.7241,318872.2696,318872.2696,141662.4464,1664513.2473,1664513.2473,5.78,4.73,10.457
600782,新钢股份,普钢,江西,19961225,600782.SH,20190521,5.07,5.25,5.06,5.25,5.07,0.18,3.5503,299969.38,155246.978,0.9407,2.1175,0.83,2.835,2.894,0.8488,0.2939,0.2888,1.7143,1.7143,318872.2696,318872.2696,141662.4464,1674079.4154,1674079.4154,5.58,4.56,10.457
600782,新钢股份,普钢,江西,19961225,600782.SH,20190520,5.13,5.14,4.96,5.07,5.14,-0.07,-1.3619,273408.37,137730.858,0.8574,1.93,0.73,2.7378,2.7948,0.8197,0.2838,0.2789,1.7751,1.7751,318872.2696,318872.2696,141662.4464,1616682.4069,1616682.4069,5.65,4.63,10.457
600782,新钢股份,普钢,江西,19961225,600782.SH,20190517,5.32,5.32,5.12,5.14,5.31,-0.17,-3.2015,350154.56,182497.149,1.0981,2.4718,0.91,2.7756,2.8334,0.8311,0.2877,0.2828,1.751,1.751,318872.2696,318872.2696,141662.4464,1639003.4657,1639003.4657,5.84,4.78,10.457
600782,新钢股份,普钢,江西,19961225,600782.SH,20190516,5.25,5.35,5.22,5.31,5.24,0.07,1.3359,438574.72,232549.328,1.3754,3.0959,1.25,2.8674,2.9271,0.8585,0.2972,0.2921,1.6949,1.6949,318872.2696,318872.2696,141662.4464,1693211.7516,1693211.7516,5.76,4.72,10.457
600782,新钢股份,普钢,江西,19961225,600782.SH,20190515,5.19,5.26,5.18,5.24,5.15,0.09,1.7476,373196.92,194500.921,1.1704,2.6344,1.04,2.8296,2.8885,0.8472,0.2933,0.2883,1.7176,1.7176,318872.2696,318872.2696,141662.4464,1670890.6927,1670890.6927,5.67,4.64,10.457
600782,新钢股份,普钢,江西,19961225,600782.SH,20190514,5.14,5.19,5.11,5.15,5.22,-0.07,-1.341,364967.06,187873.234,1.1446,2.5763,0.92,2.781,2.8389,0.8327,0.2883,0.2833,1.7476,1.7476,318872.2696,318872.2696,141662.4464,1642192.1884,1642192.1884,5.74,4.7,10.457
600782,新钢股份,普钢,江西,19961225,600782.SH,20190513,5.3,5.3,5.2,5.22,5.35,-0.13,-2.4299,352020.21,184666.899,1.104,2.4849,0.78,2.8188,2.8775,0.844,0.2922,0.2872,1.7241,1.7241,318872.2696,318872.2696,141662.4464,1664513.2473,1664513.2473,5.89,4.82,10.457
600782,新钢股份,普钢,江西,19961225,600782.SH,20190510,5.27,5.36,5.14,5.35,5.23,0.12,2.2945,404367.58,214236.266,1.2681,2.8544,0.92,2.889,2.9491,0.865,0.2995,0.2943,1.6822,1.6822,318872.2696,318872.2696,141662.4464,1705966.6424,1705966.6424,5.75,4.71,10.457
600782,新钢股份,普钢,江西,19961225,600782.SH,20190509,5.23,5.29,5.18,5.23,5.28,-0.05,-0.947,260643.33,136418.502,0.8174,1.8399,0.54,2.8242,2.883,0.8456,0.2928,0.2877,1.7208,1.7208,318872.2696,318872.2696,141662.4464,1667701.97,1667701.97,5.81,4.75,10.457
600782,新钢股份,普钢,江西,19961225,600782.SH,20190508,5.25,5.36,5.2,5.28,5.35,-0.07,-1.3084,406627.7,215179.9,1.2752,2.8704,0.75,2.8512,2.9105,0.8537,0.2956,0.2905,1.7045,1.7045,318872.2696,318872.2696,141662.4464,1683645.5835,1683645.5835,5.89,4.82,10.457
600782,新钢股份,普钢,江西,19961225,600782.SH,20190507,5.46,5.48,5.27,5.35,5.41,-0.06,-1.1091,569523.06,305992.752,1.7861,4.0203,1.05,2.889,2.9491,0.865,0.2995,0.2943,1.6822,1.6822,318872.2696,318872.2696,141662.4464,1705966.6424,1705966.6424,5.95,4.87,10.457
600782,新钢股份,普钢,江西,19961225,600782.SH,20190506,5.73,5.73,5.35,5.41,5.94,-0.53,-8.9226,607804.8,335921.576,1.9061,4.2905,1.17,2.9214,2.9822,0.8747,0.3028,0.2976,1.6636,1.6636,318872.2696,318872.2696,141662.4464,1725098.9785,1725098.9785,6.53,5.35,10.457
600782,新钢股份,普钢,江西,19961225,600782.SH,20190430,5.84,5.97,5.84,5.94,5.87,0.07,1.1925,345193.9,204075.365,1.0825,2.4367,0.55,3.2076,3.2744,0.9604,0.3325,0.3268,1.5152,1.5152,318872.2696,318872.2696,141662.4464,1894101.2814,1894101.2814,6.46,5.28,10.457
600782,新钢股份,普钢,江西,19961225,600782.SH,20190429,5.95,6.0,5.81,5.87,5.9,-0.03,-0.5085,494610.51,292179.256,1.5511,3.4915,0.76,3.1698,3.2358,0.9491,0.3286,0.3229,1.5332,1.5332,318872.2696,318872.2696,141662.4464,1871780.2226,1871780.2226,6.49,5.31,10.457
600782,新钢股份,普钢,江西,19961225,600782.SH,20190426,6.05,6.1,5.85,5.9,6.12,-0.22,-3.5948,700146.69,414904.596,2.1957,4.9424,1.1,3.186,3.186,0.9915,0.3303,0.3303,1.5254,1.5254,318872.2696,318872.2696,141662.4464,1881346.3906,1881346.3906,6.73,5.51,10.457
600782,新钢股份,普钢,江西,19961225,600782.SH,20190425,6.35,6.35,6.09,6.12,6.39,-0.27,-4.2254,571547.11,354592.164,1.7924,4.0346,0.92,3.3048,3.3048,1.0284,0.3426,0.3426,1.4706,1.4706,318872.2696,318872.2696,141662.4464,1951498.29,1951498.29,7.03,5.75,10.457
600782,新钢股份,普钢,江西,19961225,600782.SH,20190424,6.39,6.43,6.26,6.39,6.42,-0.03,-0.4673,482901.71,306270.515,1.5144,3.4088,0.78,3.4506,3.4506,1.0738,0.3577,0.3577,1.4085,1.4085,318872.2696,318872.2696,141662.4464,2037593.8027,2037593.8027,7.06,5.78,10.457
600782,新钢股份,普钢,江西,19961225,600782.SH,20190423,6.4,6.48,6.34,6.42,6.76,-0.34,-5.0296,876046.42,561045.788,2.7473,6.184,1.57,3.4668,3.4668,1.0788,0.3594,0.3594,1.4019,1.4019,318872.2696,318872.2696,141662.4464,2047159.9708,2047159.9708,7.44,6.08,10.457
600782,新钢股份,普钢,江西,19961225,600782.SH,20190422,6.92,6.92,6.62,6.76,6.89,-0.13,-1.8868,614294.75,415185.476,1.9265,4.3363,1.12,6.9297,3.7926,1.2665,0.4314,0.3902,1.3314,1.3314,318872.2696,318872.2696,141662.4464,2155576.5425,2155576.5425,7.58,6.2,10.457
600782,新钢股份,普钢,江西,19961225,600782.SH,20190419,6.71,6.93,6.66,6.89,6.7,0.19,2.8358,647475.46,440097.88,2.0305,4.5706,1.09,7.063,3.8655,1.2908,0.4397,0.3977,1.3062,1.3062,318872.2696,318872.2696,141662.4464,2197029.9375,2197029.9375,7.37,6.03,10.457
600782,新钢股份,普钢,江西,19961225,600782.SH,20190418,6.58,6.8,6.55,6.7,6.59,0.11,1.6692,495681.75,331767.617,1.5545,3.499,0.78,6.8682,3.7589,1.2552,0.4276,0.3867,1.3433,1.3433,318872.2696,318872.2696,141662.4464,2136444.2063,2136444.2063,7.25,5.93,10.457
600782,新钢股份,普钢,江西,19961225,600782.SH,20190417,6.62,6.67,6.56,6.59,6.65,-0.06,-0.9023,445447.66,294343.455,1.3969,3.1444,0.66,6.7555,3.6972,1.2346,0.4206,0.3804,1.3657,1.3657,318872.2696,318872.2696,141662.4464,2101368.2567,2101368.2567,7.32,5.99,10.457
600782,新钢股份,普钢,江西,19961225,600782.SH,20190416,6.43,6.65,6.34,6.65,6.45,0.2,3.1008,588777.75,383138.158,1.8464,4.1562,0.76,6.817,3.7309,1.2459,0.4244,0.3838,1.3534,1.3534,318872.2696,318872.2696,141662.4464,2120500.5928,2120500.5928,7.1,5.81,10.457
600782,新钢股份,普钢,江西,19961225,600782.SH,20190415,6.56,6.63,6.44,6.45,6.48,-0.03,-0.463,555296.48,363367.781,1.7414,3.9199,0.53,6.6119,3.6187,1.2084,0.4116,0.3723,1.3953,1.3953,318872.2696,318872.2696,141662.4464,2056726.1389,2056726.1389,7.13,5.83,10.457
600782,新钢股份,普钢,江西,19961225,600782.SH,20190412,6.56,6.57,6.42,6.48,6.67,-0.19,-2.8486,874996.66,567637.614,2.744,6.1766,0.83,6.6427,3.6355,1.214,0.4135,0.374,1.3889,1.3889,318872.2696,318872.2696,141662.4464,2066292.307,2066292.307,7.34,6.0,10.457
600782,新钢股份,普钢,江西,19961225,600782.SH,20190411,6.9,6.91,6.62,6.67,6.89,-0.22,-3.193,726123.07,489018.195,2.2772,5.1257,0.67,6.8375,3.7421,1.2496,0.4257,0.385,1.3493,1.3493,318872.2696,318872.2696,141662.4464,2126878.0382,2126878.0382,7.58,6.2,10.457
600782,新钢股份,普钢,江西,19961225,600782.SH,20190410,6.9,6.97,6.81,6.89,7.02,-0.13,-1.8519,631444.15,434633.54,1.9802,4.4574,0.57,7.063,3.8655,1.2908,0.4397,0.3977,1.3062,1.3062,318872.2696,318872.2696,141662.4464,2197029.9375,2197029.9375,7.72,6.32,10.457
600782,新钢股份,普钢,江西,19961225,600782.SH,20190409,7.18,7.18,6.94,7.02,7.26,-0.24,-3.3058,1067246.25,751076.001,3.3469,7.5337,0.98,7.1963,3.9384,1.3152,0.448,0.4052,1.2821,1.2821,318872.2696,318872.2696,141662.4464,2238483.3326,2238483.3326,7.99,6.53,10.457
600782,新钢股份,普钢,江西,19961225,600782.SH,20190408,6.7,7.28,6.7,7.26,6.63,0.63,9.5023,1901538.5,1324578.272,5.9633,13.423,2.23,7.4423,4.0731,1.3602,0.4633,0.419,1.2397,1.2397,318872.2696,318872.2696,141662.4464,2315012.6773,2315012.6773,7.29,5.97,10.457
600782,新钢股份,普钢,江西,19961225,600782.SH,20190404,6.51,6.71,6.49,6.63,6.47,0.16,2.473,944878.96,624245.118,2.9632,6.6699,1.23,6.7965,3.7196,1.2421,0.4231,0.3827,1.3575,1.3575,318872.2696,318872.2696,141662.4464,2114123.1474,2114123.1474,7.12,5.82,10.457
600782,新钢股份,普钢,江西,19961225,600782.SH,20190403,6.32,6.55,6.29,6.47,6.33,0.14,2.2117,880797.78,568609.064,2.7622,6.2176,1.27,6.6324,3.6299,1.2122,0.4129,0.3734,1.391,1.391,318872.2696,318872.2696,141662.4464,2063103.5843,2063103.5843,6.96,5.7,10.457
600782,新钢股份,普钢,江西,19961225,600782.SH,20190402,6.33,6.36,6.26,6.33,6.29,0.04,0.6359,775694.69,488813.657,2.4326,5.4757,1.2,6.4889,3.5513,1.1859,0.404,0.3654,1.4218,1.4218,318872.2696,318872.2696,141662.4464,2018461.4666,2018461.4666,6.92,5.66,10.457
600782,新钢股份,普钢,江西,19961225,600782.SH,20190401,6.16,6.33,6.15,6.29,6.08,0.21,3.4539,957715.52,598860.441,3.0034,6.7605,1.77,6.4479,3.5289,1.1784,0.4014,0.3631,1.4308,1.4308,318872.2696,318872.2696,141662.4464,2005706.5758,2005706.5758,6.69,5.47,10.457
600782,新钢股份,普钢,江西,19961225,600782.SH,20190329,5.93,6.1,5.9,6.08,5.9,0.18,3.0508,708134.66,427384.145,2.2207,4.9987,1.41,6.2327,3.4111,1.1391,0.388,0.3509,1.4803,1.4803,318872.2696,318872.2696,141662.4464,1938743.3992,1938743.3992,6.49,5.31,10.457
600782,新钢股份,普钢,江西,19961225,600782.SH,20190328,6.03,6.04,5.88,5.9,6.09,-0.19,-3.1199,521068.04,310250.402,1.6341,3.6782,1.04,6.0481,3.3101,1.1054,0.3765,0.3405,1.5254,1.5254,318872.2696,318872.2696,141662.4464,1881346.3906,1881346.3906,6.7,5.48,10.457
600782,新钢股份,普钢,江西,19961225,600782.SH,20190327,6.03,6.1,5.97,6.09,6.0,0.09,1.5,497604.45,299561.975,1.5605,3.5126,0.96,6.2429,3.4167,1.141,0.3886,0.3515,1.4778,1.4778,318872.2696,318872.2696,141662.4464,1941932.1219,1941932.1219,6.6,5.4,10.457
600782,新钢股份,普钢,江西,19961225,600782.SH,20190326,6.19,6.2,5.96,6.0,6.16,-0.16,-2.5974,545148.02,330331.427,1.7096,3.8482,0.99,6.1506,3.3662,1.1241,0.3829,0.3463,1.5,1.5,318872.2696,318872.2696,141662.4464,1913233.6176,1913233.6176,6.78,5.54,10.457
600782,新钢股份,普钢,江西,19961225,600782.SH,20190325,6.21,6.23,6.16,6.16,6.3,-0.14,-2.2222,425880.83,263881.407,1.3356,3.0063,0.6,6.3147,3.456,1.1541,0.3931,0.3556,1.461,1.461,318872.2696,318872.2696,141662.4464,1964253.1807,1964253.1807,6.93,5.67,10.457
600782,新钢股份,普钢,江西,19961225,600782.SH,20190322,6.28,6.32,6.15,6.3,6.28,0.02,0.3185,528485.93,329301.34,1.6574,3.7306,0.72,6.4582,3.5345,1.1803,0.402,0.3636,1.4286,1.4286,318872.2696,318872.2696,141662.4464,2008895.2985,2008895.2985,6.91,5.65,10.457
600782,新钢股份,普钢,江西,19961225,600782.SH,20190321,6.33,6.35,6.25,6.28,6.32,-0.04,-0.6329,502894.09,316980.342,1.5771,3.5499,0.66,6.4377,3.5233,1.1766,0.4008,0.3625,1.4331,1.4331,318872.2696,318872.2696,141662.4464,2002517.8531,2002517.8531,6.95,5.69,10.457
600782,新钢股份,普钢,江西,19961225,600782.SH,20190320,6.31,6.37,6.2,6.32,6.32,0.0,0.0,586664.24,369301.893,1.8398,4.1413,0.79,6.4787,3.5457,1.1841,0.4033,0.3648,1.4241,1.4241,318872.2696,318872.2696,141662.4464,2015272.7439,2015272.7439,6.95,5.69,10.457
600782,新钢股份,普钢,江西,19961225,600782.SH,20190319,6.39,6.41,6.27,6.32,6.43,-0.11,-1.7107,717495.55,453704.086,2.2501,5.0648,0.99,6.4787,3.5457,1.1841,0.4033,0.3648,1.4241,1.4241,318872.2696,318872.2696,141662.4464,2015272.7439,2015272.7439,7.07,5.79,10.457
600782,新钢股份,普钢,江西,19961225,600782.SH,20190318,6.16,6.53,6.15,6.43,6.12,0.31,5.0654,1203351.56,759202.117,3.7738,8.4945,2.04,6.5914,3.6074,1.2047,0.4103,0.3711,1.3997,1.3997,318872.2696,318872.2696,141662.4464,2050348.6935,2050348.6935,6.73,5.51,10.457
600782,新钢股份,普钢,江西,19961225,600782.SH,20190315,6.07,6.15,6.03,6.12,6.06,0.06,0.9901,640864.71,390609.514,2.0098,4.5239,0.95,6.2737,3.4335,1.1466,0.3906,0.3532,1.4706,1.4706,318872.2696,318872.2696,141662.4464,1951498.29,1951498.29,6.67,5.45,10.457
600782,新钢股份,普钢,江西,19961225,600782.SH,20190314,5.99,6.18,5.98,6.06,6.01,0.05,0.8319,662359.25,403287.558,2.0772,4.6756,0.91,6.2122,3.3999,1.1353,0.3867,0.3498,1.4851,1.4851,318872.2696,318872.2696,141662.4464,1932365.9538,1932365.9538,6.61,5.41,10.457
600782,新钢股份,普钢,江西,19961225,600782.SH,20190313,6.06,6.09,5.95,6.01,6.05,-0.04,-0.6612,487797.26,293344.652,1.5298,3.4434,0.55,6.1609,3.3718,1.126,0.3835,0.3469,1.4975,1.4975,318872.2696,318872.2696,141662.4464,1916422.3403,1916422.3403,6.66,5.45,10.457
600782,新钢股份,普钢,江西,19961225,600782.SH,20190312,6.03,6.1,5.98,6.05,5.98,0.07,1.1706,617889.58,373613.867,1.9377,4.3617,0.67,6.2019,3.3942,1.1335,0.3861,0.3492,1.4876,1.4876,318872.2696,318872.2696,141662.4464,1929177.2311,1929177.2311,6.58,5.38,10.457
600782,新钢股份,普钢,江西,19961225,600782.SH,20190311,5.86,5.99,5.86,5.98,5.88,0.1,1.7007,547544.51,324413.518,1.7171,3.8651,0.51,6.1301,3.355,1.1204,0.3816,0.3452,1.505,1.505,318872.2696,318872.2696,141662.4464,1906856.1722,1906856.1722,6.47,5.29,10.457
600782,新钢股份,普钢,江西,19961225,600782.SH,20190308,6.15,6.15,5.85,5.88,6.25,-0.37,-5.92,1059468.44,638064.568,3.3225,7.4788,1.0,6.0276,3.2989,1.1016,0.3752,0.3394,1.5306,1.5306,318872.2696,318872.2696,141662.4464,1874968.9452,1874968.9452,6.88,5.63,10.457
600782,新钢股份,普钢,江西,19961225,600782.SH,20190307,6.25,6.35,6.2,6.25,6.28,-0.03,-0.4777,945534.85,590513.425,2.9652,6.6746,0.94,6.4069,3.5065,1.1709,0.3989,0.3607,1.44,1.44,318872.2696,318872.2696,141662.4464,1992951.685,1992951.685,6.91,5.65,10.457
600782,新钢股份,普钢,江西,19961225,600782.SH,20190306,6.19,6.35,6.15,6.28,6.14,0.14,2.2801,1253893.18,784147.65,3.9323,8.8513,1.29,6.4377,3.5233,1.1766,0.4008,0.3625,1.4331,1.4331,318872.2696,318872.2696,141662.4464,2002517.8531,2002517.8531,6.75,5.53,10.457
600782,新钢股份,普钢,江西,19961225,600782.SH,20190305,6.16,6.18,6.09,6.14,6.19,-0.05,-0.8078,798494.71,488344.399,2.5041,5.6366,0.68,6.2942,3.4447,1.1503,0.3918,0.3544,1.4658,1.4658,318872.2696,318872.2696,141662.4464,1957875.7353,1957875.7353,6.81,5.57,10.457
600782,新钢股份,普钢,江西,19961225,600782.SH,20190304,6.17,6.32,6.14,6.19,6.11,0.08,1.3093,1288802.68,800112.846,4.0418,9.0977,1.09,6.3454,3.4728,1.1597,0.395,0.3573,1.454,1.454,318872.2696,318872.2696,141662.4464,1973819.3488,1973819.3488,6.72,5.5,10.457
600782,新钢股份,普钢,江西,19961225,600782.SH,20190301,6.05,6.14,5.99,6.11,6.02,0.09,1.495,989914.84,600389.419,3.1044,6.9878,0.9,6.2634,3.4279,1.1447,0.3899,0.3527,1.473,1.473,318872.2696,318872.2696,141662.4464,1948309.5673,1948309.5673,6.62,5.42,10.457
600782,新钢股份,普钢,江西,19961225,600782.SH,20190228,5.91,6.04,5.9,6.02,5.92,0.1,1.6892,683883.94,408323.78,2.1447,4.8276,0.62,6.1711,3.3774,1.1278,0.3842,0.3475,1.495,1.495,318872.2696,318872.2696,141662.4464,1919611.063,1919611.063,6.51,5.33,10.457
600782,新钢股份,普钢,江西,19961225,600782.SH,20190227,5.95,6.08,5.86,5.92,6.01,-0.09,-1.4975,1095665.1,654778.406,3.4361,7.7343,1.12,6.0686,3.3213,1.1091,0.3778,0.3417,1.5203,1.5203,318872.2696,318872.2696,141662.4464,1887723.836,1887723.836,6.61,5.41,10.457
600782,新钢股份,普钢,江西,19961225,600782.SH,20190226,5.9,6.22,5.83,6.01,5.88,0.13,2.2109,1794247.43,1080371.47,5.6269,12.6657,2.39,6.1609,3.3718,1.126,0.3835,0.3469,1.4975,1.4975,318872.2696,318872.2696,141662.4464,1916422.3403,1916422.3403,6.47,5.29,10.457
600782,新钢股份,普钢,江西,19961225,600782.SH,20190225,5.78,5.95,5.65,5.88,5.65,0.23,4.0708,1369964.97,793421.493,4.2963,9.6706,2.27,6.0276,3.2989,1.1016,0.3752,0.3394,1.5306,1.5306,318872.2696,318872.2696,141662.4464,1874968.9452,1874968.9452,6.22,5.09,10.457
600782,新钢股份,普钢,江西,19961225,600782.SH,20190222,5.6,5.66,5.55,5.65,5.55,0.1,1.8018,562511.71,314811.319,1.7641,3.9708,0.93,5.7919,3.1698,1.0585,0.3606,0.3261,1.5929,1.5929,318872.2696,318872.2696,141662.4464,1801628.3232,1801628.3232,6.11,5.0,10.457
600782,新钢股份,普钢,江西,19961225,600782.SH,20190221,5.63,5.68,5.53,5.55,5.64,-0.09,-1.5957,661813.9,370959.075,2.0755,4.6718,1.11,5.6893,3.1137,1.0398,0.3542,0.3203,1.6216,1.6216,318872.2696,318872.2696,141662.4464,1769741.0963,1769741.0963,6.2,5.08,10.457
600782,新钢股份,普钢,江西,19961225,600782.SH,20190220,5.59,5.7,5.58,5.64,5.62,0.02,0.3559,523780.98,295424.004,1.6426,3.6974,0.77,5.7816,3.1642,1.0567,0.3599,0.3255,1.5957,1.5957,318872.2696,318872.2696,141662.4464,1798439.6005,1798439.6005,6.18,5.06,10.457
600782,新钢股份,普钢,江西,19961225,600782.SH,20190219,5.64,5.71,5.58,5.62,5.64,-0.02,-0.3546,634686.63,357982.123,1.9904,4.4803,0.92,5.7611,3.153,1.0529,0.3586,0.3244,1.6014,1.6014,318872.2696,318872.2696,141662.4464,1792062.1552,1792062.1552,6.2,5.08,10.457
600782,新钢股份,普钢,江西,19961225,600782.SH,20190218,5.54,5.65,5.54,5.64,5.52,0.12,2.1739,640528.44,358666.84,2.0087,4.5215,0.86,5.7816,3.1642,1.0567,0.3599,0.3255,1.5957,1.5957,318872.2696,318872.2696,141662.4464,1798439.6005,1798439.6005,6.07,4.97,10.457
600782,新钢股份,普钢,江西,19961225,600782.SH,20190215,5.57,5.58,5.51,5.52,5.6,-0.08,-1.4286,574852.36,318895.987,1.8028,4.0579,0.78,5.6586,3.0969,1.0342,0.3523,0.3186,1.6304,1.6304,318872.2696,318872.2696,141662.4464,1760174.9282,1760174.9282,6.16,5.04,10.457
600782,新钢股份,普钢,江西,19961225,600782.SH,20190214,5.62,5.69,5.59,5.6,5.64,-0.04,-0.7092,609549.84,342989.101,1.9116,4.3028,0.8,5.7406,3.1418,1.0492,0.3574,0.3232,1.6071,1.6071,318872.2696,318872.2696,141662.4464,1785684.7098,1785684.7098,6.2,5.08,10.457
600782,新钢股份,普钢,江西,19961225,600782.SH,20190213,5.56,5.73,5.51,5.64,5.56,0.08,1.4388,920379.66,514907.047,2.8864,6.497,1.21,5.7816,3.1642,1.0567,0.3599,0.3255,1.5957,1.5957,318872.2696,318872.2696,141662.4464,1798439.6005,1798439.6005,6.12,5.0,10.457
600782,新钢股份,普钢,江西,19961225,600782.SH,20190212,5.56,5.6,5.51,5.56,5.6,-0.04,-0.7143,717050.95,397713.512,2.2487,5.0617,0.81,5.6996,3.1193,1.0417,0.3548,0.3209,1.6187,1.6187,318872.2696,318872.2696,141662.4464,1772929.819,1772929.819,6.16,5.04,10.457
600782,新钢股份,普钢,江西,19961225,600782.SH,20190211,5.52,5.62,5.5,5.6,5.5,0.1,1.8182,885231.34,492000.487,2.7761,6.2489,1.17,5.7406,3.1418,1.0492,0.3574,0.3232,1.6071,1.6071,318872.2696,318872.2696,141662.4464,1785684.7098,1785684.7098,6.05,4.95,10.457
600782,新钢股份,普钢,江西,19961225,600782.SH,20190201,5.47,5.53,5.42,5.5,5.43,0.07,1.2891,565253.23,309038.772,1.7727,3.9901,0.79,5.6381,3.0857,1.0304,0.351,0.3175,1.6364,1.6364,318872.2696,318872.2696,141662.4464,1753797.4828,1753797.4828,5.97,4.89,10.457
600782,新钢股份,普钢,江西,19961225,600782.SH,20190131,5.52,5.54,5.37,5.43,5.51,-0.08,-1.4519,726228.76,395470.808,2.2775,5.1265,1.16,5.5663,3.0464,1.0173,0.3465,0.3134,1.6575,1.6575,318872.2696,318872.2696,141662.4464,1731476.4239,1731476.4239,6.06,4.96,10.457
600782,新钢股份,普钢,江西,19961225,600782.SH,20190130,5.58,5.64,5.47,5.51,5.63,-0.12,-2.1314,901066.24,500029.074,2.8258,6.3607,1.84,5.6483,3.0913,1.0323,0.3516,0.318,1.6334,1.6334,318872.2696,318872.2696,141662.4464,1756986.2055,1756986.2055,6.19,5.07,10.457
600782,新钢股份,普钢,江西,19961225,600782.SH,20190129,5.44,5.68,5.34,5.63,5.24,0.39,7.4427,1348890.54,742371.945,4.2302,9.5219,4.71,5.7714,3.1586,1.0548,0.3593,0.325,1.5986,1.5986,318872.2696,318872.2696,141662.4464,1795250.8778,1795250.8778,5.76,4.72,10.457
600782,新钢股份,普钢,江西,19961225,600782.SH,20190128,5.32,5.33,5.2,5.24,5.27,-0.03,-0.5693,250616.68,132055.74,0.7859,1.7691,0.74,5.3716,2.9398,0.9817,0.3344,0.3025,1.7176,1.7176,318872.2696,318872.2696,141662.4464,1670890.6927,1670890.6927,5.8,4.74,10.457
600782,新钢股份,普钢,江西,19961225,600782.SH,20190125,5.26,5.33,5.26,5.27,5.23,0.04,0.7648,341270.5,180659.812,1.0702,2.409,0.76,5.4023,2.9566,0.9873,0.3363,0.3042,1.7078,1.7078,318872.2696,318872.2696,141662.4464,1680456.8608,1680456.8608,5.75,4.71,10.457
600782,新钢股份,普钢,江西,19961225,600782.SH,20190124,5.24,5.26,5.17,5.23,5.25,-0.02,-0.381,292610.04,152572.181,0.9176,2.0655,0.62,5.3613,2.9342,0.9798,0.3338,0.3019,1.7208,1.7208,318872.2696,318872.2696,141662.4464,1667701.97,1667701.97,5.78,4.73,10.457
600782,新钢股份,普钢,江西,19961225,600782.SH,20190123,5.24,5.28,5.21,5.25,5.26,-0.01,-0.1901,220093.64,115293.548,0.6902,1.5536,0.47,5.3818,2.9454,0.9836,0.335,0.303,1.7143,1.7143,318872.2696,318872.2696,141662.4464,1674079.4154,1674079.4154,5.79,4.73,10.457
600782,新钢股份,普钢,江西,19961225,600782.SH,20190122,5.36,5.38,5.23,5.26,5.37,-0.11,-2.0484,327102.51,173157.094,1.0258,2.309,0.7,5.3921,2.951,0.9855,0.3357,0.3036,1.711,1.711,318872.2696,318872.2696,141662.4464,1677268.1381,1677268.1381,5.91,4.83,10.457
600782,新钢股份,普钢,江西,19961225,600782.SH,20190121,5.4,5.4,5.32,5.37,5.39,-0.02,-0.3711,502811.8,269203.793,1.5768,3.5494,1.08,5.5048,3.0127,1.0061,0.3427,0.31,1.676,1.676,318872.2696,318872.2696,141662.4464,1712344.0878,1712344.0878,5.93,4.85,10.457
600782,新钢股份,普钢,江西,19961225,600782.SH,20190118,5.2,5.46,5.18,5.39,5.18,0.21,4.0541,910779.1,486156.487,2.8563,6.4292,2.73,5.5253,3.024,1.0098,0.344,0.3111,1.6698,1.6698,318872.2696,318872.2696,141662.4464,1718721.5331,1718721.5331,5.7,4.66,10.457
600782,新钢股份,普钢,江西,19961225,600782.SH,20190117,5.16,5.24,5.15,5.18,5.13,0.05,0.9747,398436.34,207084.079,1.2495,2.8126,1.25,5.3101,2.9061,0.9705,0.3306,0.299,1.7375,1.7375,318872.2696,318872.2696,141662.4464,1651758.3565,1651758.3565,5.64,4.62,10.457
600782,新钢股份,普钢,江西,19961225,600782.SH,20190116,5.17,5.17,5.11,5.13,5.16,-0.03,-0.5814,223421.03,114704.717,0.7007,1.5771,0.61,5.2588,2.8781,0.9611,0.3274,0.2961,1.7544,1.7544,318872.2696,318872.2696,141662.4464,1635814.743,1635814.743,5.68,4.64,10.457
600782,新钢股份,普钢,江西,19961225,600782.SH,20190115,5.14,5.16,5.1,5.16,5.17,-0.01,-0.1934,304173.26,156049.859,0.9539,2.1472,0.84,5.2896,2.8949,0.9667,0.3293,0.2978,1.7442,1.7442,318872.2696,318872.2696,141662.4464,1645380.9111,1645380.9111,5.69,4.65,10.457
600782,新钢股份,普钢,江西,19961225,600782.SH,20190114,5.07,5.21,5.05,5.17,5.06,0.11,2.1739,489549.79,252443.141,1.5353,3.4557,1.47,5.2998,2.9005,0.9686,0.3299,0.2984,1.7408,1.7408,318872.2696,318872.2696,141662.4464,1648569.6338,1648569.6338,5.57,4.55,10.457
600782,新钢股份,普钢,江西,19961225,600782.SH,20190111,5.06,5.08,5.02,5.06,5.05,0.01,0.198,251897.03,127266.507,0.79,1.7781,0.75,5.187,2.8388,0.948,0.3229,0.2921,1.7787,1.7787,318872.2696,318872.2696,141662.4464,1613493.6842,1613493.6842,5.56,4.55,10.457
600782,新钢股份,普钢,江西,19961225,600782.SH,20190110,5.11,5.12,5.04,5.05,5.12,-0.07,-1.3672,322221.78,163652.847,1.0105,2.2746,1.02,5.1768,2.8332,0.9461,0.3223,0.2915,1.7822,1.7822,318872.2696,318872.2696,141662.4464,1610304.9615,1610304.9615,5.63,4.61,10.457
600782,新钢股份,普钢,江西,19961225,600782.SH,20190109,5.02,5.25,5.02,5.12,5.01,0.11,2.1956,475677.14,244442.125,1.4917,3.3578,1.79,5.2486,2.8725,0.9592,0.3267,0.2955,1.7578,1.7578,318872.2696,318872.2696,141662.4464,1632626.0204,1632626.0204,5.51,4.51,10.457
600782,新钢股份,普钢,江西,19961225,600782.SH,20190108,5.07,5.07,5.01,5.01,5.09,-0.08,-1.5717,279026.24,140327.759,0.875,1.9697,1.03,5.1358,2.8108,0.9386,0.3197,0.2892,1.7964,1.7964,318872.2696,318872.2696,141662.4464,1597550.0707,1597550.0707,5.6,4.58,10.457
600782,新钢股份,普钢,江西,19961225,600782.SH,20190107,5.07,5.11,5.03,5.09,5.06,0.03,0.5929,339373.21,171958.847,1.0643,2.3956,1.37,5.2178,2.8557,0.9536,0.3248,0.2938,1.7682,1.7682,318872.2696,318872.2696,141662.4464,1623059.8523,1623059.8523,5.57,4.55,10.457
600782,新钢股份,普钢,江西,19961225,600782.SH,20190104,4.94,5.07,4.88,5.06,4.99,0.07,1.4028,256846.84,128312.676,0.8055,1.8131,1.02,5.187,2.8388,0.948,0.3229,0.2921,1.7787,1.7787,318872.2696,318872.2696,141662.4464,1613493.6842,1613493.6842,5.49,4.49,10.457
600782,新钢股份,普钢,江西,19961225,600782.SH,20190103,4.98,5.04,4.91,4.99,4.98,0.01,0.2008,232616.85,115765.213,0.7295,1.6421,0.85,5.1153,2.7996,0.9349,0.3184,0.288,1.8036,1.8036,318872.2696,318872.2696,141662.4464,1591172.6253,1591172.6253,5.48,4.48,10.457
600782,新钢股份,普钢,江西,19961225,600782.SH,20190102,5.09,5.11,4.94,4.98,5.09,-0.11,-2.1611,223465.75,111624.442,0.7008,1.5775,0.83,5.105,2.7939,0.933,0.3178,0.2874,1.8072,1.8072,318872.2696,318872.2696,141662.4464,1587983.9026,1587983.9026,5.6,4.58,10.457
600782,新钢股份,普钢,江西,19961225,600782.SH,20181228,5.13,5.16,4.98,5.09,5.16,-0.07,-1.3566,305236.47,154629.779,0.9572,2.1547,1.19,5.2178,2.8557,0.9536,0.3248,0.2938,0.3434,1.7682,318872.2696,318872.2696,141662.4464,1623059.8523,1623059.8523,5.68,4.64,10.457
600782,新钢股份,普钢,江西,19961225,600782.SH,20181227,5.3,5.33,5.11,5.16,5.23,-0.07,-1.3384,223881.57,116758.914,0.7021,1.5804,0.85,5.2896,2.8949,0.9667,0.3293,0.2978,0.3388,1.7442,318872.2696,318872.2696,141662.4464,1645380.9111,1645380.9111,5.75,4.71,10.457
600782,新钢股份,普钢,江西,19961225,600782.SH,20181226,5.11,5.26,5.09,5.23,5.11,0.12,2.3483,276018.55,143111.021,0.8656,1.9484,1.04,5.3613,2.9342,0.9798,0.3338,0.3019,0.3342,1.7208,318872.2696,318872.2696,141662.4464,1667701.97,1667701.97,5.62,4.6,10.457
600782,新钢股份,普钢,江西,19961225,600782.SH,20181225,5.25,5.27,5.01,5.11,5.3,-0.19,-3.5849,340533.26,173764.266,1.0679,2.4038,1.34,5.2383,2.8669,0.9574,0.3261,0.2949,0.3421,1.7613,318872.2696,318872.2696,141662.4464,1629437.2977,1629437.2977,5.83,4.77,10.457
600782,新钢股份,普钢,江西,19961225,600782.SH,20181224,5.22,5.3,5.2,5.3,5.24,0.06,1.145,206862.72,109121.556,0.6487,1.4603,0.76,5.4331,2.9735,0.993,0.3382,0.3059,0.3298,1.6981,318872.2696,318872.2696,141662.4464,1690023.0289,1690023.0289,5.76,4.72,10.457
600782,新钢股份,普钢,江西,19961225,600782.SH,20181221,5.28,5.3,5.19,5.24,5.28,-0.04,-0.7576,232646.5,122198.873,0.7296,1.6423,0.81,5.3716,2.9398,0.9817,0.3344,0.3025,0.3336,1.7176,318872.2696,318872.2696,141662.4464,1670890.6927,1670890.6927,5.81,4.75,10.457
600782,新钢股份,普钢,江西,19961225,600782.SH,20181220,5.23,5.3,5.2,5.28,5.23,0.05,0.956,263934.38,138471.355,0.8277,1.8631,0.86,5.4126,2.9623,0.9892,0.337,0.3048,0.3311,1.7045,318872.2696,318872.2696,141662.4464,1683645.5835,1683645.5835,5.75,4.71,10.457
600782,新钢股份,普钢,江西,19961225,600782.SH,20181219,5.23,5.28,5.21,5.23,5.2,0.03,0.5769,280323.11,147184.151,0.8791,1.9788,0.84,5.3613,2.9342,0.9798,0.3338,0.3019,0.3342,1.7208,318872.2696,318872.2696,141662.4464,1667701.97,1667701.97,5.72,4.68,10.457
600782,新钢股份,普钢,江西,19961225,600782.SH,20181218,5.23,5.28,5.13,5.2,5.24,-0.04,-0.7634,286349.18,149122.08,0.898,2.0213,0.88,5.3306,2.9174,0.9742,0.3318,0.3001,0.3361,1.7308,318872.2696,318872.2696,141662.4464,1658135.8019,1658135.8019,5.76,4.72,10.457
600782,新钢股份,普钢,江西,19961225,600782.SH,20181217,5.12,5.27,5.11,5.24,5.13,0.11,2.1442,305859.69,159861.838,0.9592,2.1591,0.98,5.3716,2.9398,0.9817,0.3344,0.3025,0.3336,1.7176,318872.2696,318872.2696,141662.4464,1670890.6927,1670890.6927,5.64,4.62,10.457
600782,新钢股份,普钢,江西,19961225,600782.SH,20181214,5.29,5.31,5.13,5.13,5.28,-0.15,-2.8409,308522.35,161291.134,0.9675,2.1779,1.04,5.2588,2.8781,0.9611,0.3274,0.2961,0.3407,1.7544,318872.2696,318872.2696,141662.4464,1635814.743,1635814.743,5.81,4.75,10.457
600782,新钢股份,普钢,江西,19961225,600782.SH,20181213,5.25,5.32,5.2,5.28,5.23,0.05,0.956,346475.31,182747.935,1.0866,2.4458,1.18,5.4126,2.9623,0.9892,0.337,0.3048,0.3311,1.7045,318872.2696,318872.2696,141662.4464,1683645.5835,1683645.5835,5.75,4.71,10.457
600782,新钢股份,普钢,江西,19961225,600782.SH,20181212,5.14,5.26,5.12,5.23,5.11,0.12,2.3483,429308.57,224095.043,1.3463,3.0305,1.39,5.3613,2.9342,0.9798,0.3338,0.3019,0.3342,1.7208,318872.2696,318872.2696,141662.4464,1667701.97,1667701.97,5.62,4.6,10.457
600782,新钢股份,普钢,江西,19961225,600782.SH,20181211,5.07,5.12,5.05,5.11,5.05,0.06,1.1881,237392.64,120864.857,0.7445,1.6758,0.64,5.2383,2.8669,0.9574,0.3261,0.2949,0.3421,1.7613,318872.2696,318872.2696,141662.4464,1629437.2977,1629437.2977,5.56,4.55,10.457
600782,新钢股份,普钢,江西,19961225,600782.SH,20181210,5.04,5.1,5.02,5.05,5.06,-0.01,-0.1976,244311.47,123612.232,0.7662,1.7246,0.57,5.1768,2.8332,0.9461,0.3223,0.2915,0.3461,1.7822,318872.2696,318872.2696,141662.4464,1610304.9615,1610304.9615,5.57,4.55,10.457
600782,新钢股份,普钢,江西,19961225,600782.SH,20181207,5.05,5.09,5.03,5.06,5.03,0.03,0.5964,226183.75,114474.833,0.7093,1.5966,0.52,5.187,2.8388,0.948,0.3229,0.2921,0.3454,1.7787,318872.2696,318872.2696,141662.4464,1613493.6842,1613493.6842,5.53,4.53,10.457
600782,新钢股份,普钢,江西,19961225,600782.SH,20181206,5.12,5.14,5.03,5.03,5.17,-0.14,-2.7079,330192.0,167567.91,1.0355,2.3308,0.77,5.1563,2.822,0.9424,0.321,0.2903,0.3475,1.7893,318872.2696,318872.2696,141662.4464,1603927.5161,1603927.5161,5.69,4.65,10.457
600782,新钢股份,普钢,江西,19961225,600782.SH,20181205,5.04,5.19,5.02,5.17,5.13,0.04,0.7797,506135.92,258825.693,1.5873,3.5728,1.23,5.2998,2.9005,0.9686,0.3299,0.2984,0.3381,1.7408,318872.2696,318872.2696,141662.4464,1648569.6338,1648569.6338,5.64,4.62,10.457
600782,新钢股份,普钢,江西,19961225,600782.SH,20181204,4.99,5.15,4.97,5.13,4.99,0.14,2.8056,560001.3,284983.891,1.7562,3.9531,1.6,5.2588,2.8781,0.9611,0.3274,0.2961,0.3407,1.7544,318872.2696,318872.2696,141662.4464,1635814.743,1635814.743,5.49,4.49,10.457
600782,新钢股份,普钢,江西,19961225,600782.SH,20181203,5.03,5.06,4.95,4.99,4.88,0.11,2.2541,505052.75,253082.561,1.5839,3.5652,1.46,5.1153,2.7996,0.9349,0.3184,0.288,0.3503,1.8036,318872.2696,318872.2696,141662.4464,1591172.6253,1591172.6253,5.37,4.39,10.457
600782,新钢股份,普钢,江西,19961225,600782.SH,20181130,4.77,4.89,4.77,4.88,4.81,0.07,1.4553,272974.75,132222.305,0.8561,1.9269,0.68,5.0025,2.7378,0.9143,0.3114,0.2817,0.3582,1.8443,318872.2696,318872.2696,141662.4464,1556096.6756,1556096.6756,5.29,4.33,10.457
600782,新钢股份,普钢,江西,19961225,600782.SH,20181129,4.93,4.98,4.81,4.81,4.9,-0.09,-1.8367,312303.66,153193.958,0.9794,2.2046,0.78,4.9308,2.6986,0.9012,0.307,0.2776,0.3634,1.8711,318872.2696,318872.2696,141662.4464,1533775.6168,1533775.6168,5.39,4.41,10.457
600782,新钢股份,普钢,江西,19961225,600782.SH,20181128,4.87,4.94,4.73,4.9,4.9,0.0,0.0,407263.55,197629.278,1.2772,2.8749,0.98,5.023,2.7491,0.918,0.3127,0.2828,0.3567,1.8367,318872.2696,318872.2696,141662.4464,1562474.121,1562474.121,5.39,4.41,10.457
600782,新钢股份,普钢,江西,19961225,600782.SH,20181127,4.94,4.94,4.86,4.9,4.87,0.03,0.616,248469.85,121575.043,0.7792,1.754,0.54,5.023,2.7491,0.918,0.3127,0.2828,0.3567,1.8367,318872.2696,318872.2696,141662.4464,1562474.121,1562474.121,5.36,4.38,10.457
600782,新钢股份,普钢,江西,19961225,600782.SH,20181126,4.99,5.04,4.83,4.87,5.08,-0.21,-4.1339,485706.29,239885.7,1.5232,3.4286,1.12,4.9923,2.7322,0.9124,0.3108,0.2811,0.3589,1.848,318872.2696,318872.2696,141662.4464,1552907.953,1552907.953,5.59,4.57,10.457
600782,新钢股份,普钢,江西,19961225,600782.SH,20181123,5.34,5.35,5.07,5.08,5.33,-0.25,-4.6904,556107.88,288422.057,1.744,3.9256,1.32,5.2075,2.85,0.9517,0.3242,0.2932,0.3441,1.7717,318872.2696,318872.2696,141662.4464,1619871.1296,1619871.1296,5.86,4.8,10.457
600782,新钢股份,普钢,江西,19961225,600782.SH,20181122,5.42,5.42,5.32,5.33,5.41,-0.08,-1.4787,302681.33,162066.596,0.9492,2.1366,0.65,5.4638,2.9903,0.9986,0.3401,0.3076,0.3279,1.6886,318872.2696,318872.2696,141662.4464,1699589.197,1699589.197,5.95,4.87,10.457
600782,新钢股份,普钢,江西,19961225,600782.SH,20181121,5.33,5.48,5.31,5.41,5.43,-0.02,-0.3683,488844.32,262758.461,1.533,3.4508,0.88,5.5458,3.0352,1.0136,0.3452,0.3123,0.3231,1.6636,318872.2696,318872.2696,141662.4464,1725098.9785,1725098.9785,5.97,4.89,10.457
600782,新钢股份,普钢,江西,19961225,600782.SH,20181120,5.48,5.57,5.41,5.43,5.52,-0.09,-1.6304,446753.8,245636.312,1.401,3.1537,0.68,5.5663,3.0464,1.0173,0.3465,0.3134,0.3219,1.6575,318872.2696,318872.2696,141662.4464,1731476.4239,1731476.4239,6.07,4.97,10.457
600782,新钢股份,普钢,江西,19961225,600782.SH,20181119,5.5,5.52,5.44,5.52,5.53,-0.01,-0.1808,382622.26,209593.859,1.1999,2.7009,0.47,5.6586,3.0969,1.0342,0.3523,0.3186,0.3167,1.6304,318872.2696,318872.2696,141662.4464,1760174.9282,1760174.9282,6.08,4.98,10.457
600782,新钢股份,普钢,江西,19961225,600782.SH,20181116,5.59,5.61,5.52,5.53,5.57,-0.04,-0.7181,484813.01,268679.762,1.5204,3.4223,0.63,5.6688,3.1025,1.036,0.3529,0.3192,0.3161,1.6275,318872.2696,318872.2696,141662.4464,1763363.6509,1763363.6509,6.13,5.01,10.457
600782,新钢股份,普钢,江西,19961225,600782.SH,20181115,5.55,5.58,5.51,5.57,5.59,-0.02,-0.3578,510701.37,282993.765,1.6016,3.6051,0.66,5.7098,3.125,1.0435,0.3555,0.3215,0.3138,1.6158,318872.2696,318872.2696,141662.4464,1776118.5417,1776118.5417,6.15,5.03,10.457
600782,新钢股份,普钢,江西,19961225,600782.SH,20181114,5.43,5.64,5.42,5.59,5.45,0.14,2.5688,938969.62,522615.976,2.9447,6.6282,1.36,5.7304,3.1362,1.0473,0.3567,0.3227,0.3127,1.61,318872.2696,318872.2696,141662.4464,1782495.9871,1782495.9871,6.0,4.91,10.457
600782,新钢股份,普钢,江西,19961225,600782.SH,20181113,5.3,5.52,5.27,5.45,5.4,0.05,0.9259,961829.62,522111.637,3.0163,6.7896,1.63,5.5868,3.0576,1.0211,0.3478,0.3146,0.3207,1.6514,318872.2696,318872.2696,141662.4464,1737853.8693,1737853.8693,5.94,4.86,10.457
600782,新钢股份,普钢,江西,19961225,600782.SH,20181112,5.42,5.42,5.23,5.4,5.48,-0.08,-1.4599,1154552.69,614755.445,3.6207,8.15,2.41,5.5356,3.0296,1.0117,0.3446,0.3117,0.3237,1.6667,318872.2696,318872.2696,141662.4464,1721910.2558,1721910.2558,6.03,4.93,10.457
600782,新钢股份,普钢,江西,19961225,600782.SH,20181109,5.5,5.57,5.47,5.48,5.52,-0.04,-0.7246,305289.33,168820.259,1.0954,3.0084,0.55,5.6176,3.0745,1.0267,0.3497,0.3163,0.319,1.6423,318872.2696,278689.6212,101479.798,1747420.0374,1527219.1242,6.07,4.97,10.457
600782,新钢股份,普钢,江西,19961225,600782.SH,20181108,5.61,5.63,5.46,5.52,5.56,-0.04,-0.7194,487837.12,270274.545,1.7505,4.8072,0.82,5.6586,3.0969,1.0342,0.3523,0.3186,0.3167,1.6304,318872.2696,278689.6212,101479.798,1760174.9282,1538366.709,6.12,5.0,10.457
600782,新钢股份,普钢,江西,19961225,600782.SH,20181107,5.65,5.69,5.55,5.56,5.71,-0.15,-2.627,533257.94,299140.652,1.9134,5.2548,0.82,5.6996,3.1193,1.0417,0.3548,0.3209,0.3144,1.6187,318872.2696,278689.6212,101479.798,1772929.819,1549514.2939,6.28,5.14,10.457
600782,新钢股份,普钢,江西,19961225,600782.SH,20181106,5.73,5.76,5.65,5.71,5.82,-0.11,-1.89,474648.29,270369.189,1.7031,4.6773,0.73,5.8534,3.2035,1.0698,0.3644,0.3296,0.3061,1.5762,318872.2696,278689.6212,101479.798,1820760.6594,1591317.7371,6.4,5.24,10.457
600782,新钢股份,普钢,江西,19961225,600782.SH,20181105,5.9,5.95,5.74,5.82,5.96,-0.14,-2.349,590713.28,344767.668,2.1196,5.821,0.98,5.9661,3.2652,1.0904,0.3714,0.3359,0.3003,1.5464,318872.2696,278689.6212,101479.798,1855836.6091,1621973.5954,6.56,5.36,10.457
600782,新钢股份,普钢,江西,19961225,600782.SH,20181102,5.92,5.96,5.83,5.96,5.86,0.1,1.7065,685213.22,403957.79,2.4587,6.7522,1.13,6.1096,3.3438,1.1166,0.3803,0.344,0.2933,1.5101,318872.2696,278689.6212,101479.798,1900478.7268,1660990.1424,6.45,5.27,10.457
600782,新钢股份,普钢,江西,19961225,600782.SH,20181101,6.03,6.08,5.84,5.86,5.96,-0.1,-1.6779,696538.53,415660.868,2.4993,6.8638,1.24,6.0071,3.2876,1.0979,0.374,0.3382,0.2983,1.5358,318872.2696,278689.6212,101479.798,1868591.4999,1633121.1802,6.56,5.36,10.457
600782,新钢股份,普钢,江西,19961225,600782.SH,20181031,5.9,6.04,5.79,5.96,5.91,0.05,0.846,789075.46,469395.138,2.8314,7.7757,1.6,6.1096,3.3438,1.1166,0.3803,0.344,0.2933,1.5101,318872.2696,278689.6212,101479.798,1900478.7268,1660990.1424,6.5,5.32,10.457
600782,新钢股份,普钢,江西,19961225,600782.SH,20181030,5.96,5.99,5.76,5.91,5.94,-0.03,-0.5051,484723.48,285381.31,1.7393,4.7766,0.95,6.0584,3.3157,1.1072,0.3772,0.3411,0.2958,1.5228,318872.2696,278689.6212,101479.798,1884535.1133,1647055.6613,6.53,5.35,10.457
600782,新钢股份,普钢,江西,19961225,600782.SH,20181029,5.96,5.99,5.86,5.94,6.01,-0.07,-1.1647,369548.62,218651.701,1.326,3.6416,0.62,6.0891,4.0322,1.2443,0.3791,0.3605,0.2943,1.5152,318872.2696,278689.6212,101479.798,1894101.2814,1655416.3499,6.61,5.41,10.457
600782,新钢股份,普钢,江西,19961225,600782.SH,20181026,6.03,6.18,5.96,6.01,5.98,0.03,0.5017,690685.13,417591.464,2.4783,6.8061,1.22,6.1609,4.0797,1.2589,0.3835,0.3647,0.2908,1.4975,318872.2696,278689.6212,101479.798,1916422.3403,1674924.6234,6.58,5.38,10.457
600782,新钢股份,普钢,江西,19961225,600782.SH,20181025,5.73,5.99,5.68,5.98,5.91,0.07,1.1844,465204.83,271090.895,1.6693,4.5842,0.82,6.1301,4.0593,1.2526,0.3816,0.3629,0.2923,1.505,318872.2696,278689.6212,101479.798,1906856.1722,1666563.9348,6.5,5.32,10.457
600782,新钢股份,普钢,江西,19961225,600782.SH,20181024,5.81,5.99,5.76,5.91,5.85,0.06,1.0256,457050.2,268370.665,1.64,4.5039,0.75,6.0584,4.0118,1.238,0.3772,0.3586,0.2958,1.5228,318872.2696,278689.6212,101479.798,1884535.1133,1647055.6613,6.44,5.27,10.457
600782,新钢股份,普钢,江西,19961225,600782.SH,20181023,6.02,6.1,5.77,5.85,6.05,-0.2,-3.3058,571016.27,338437.59,2.0489,5.6269,0.94,5.9969,3.9711,1.2254,0.3733,0.355,0.2988,1.5385,318872.2696,278689.6212,101479.798,1865402.7772,1630334.284,6.66,5.45,10.457
600782,新钢股份,普钢,江西,19961225,600782.SH,20181022,5.85,6.15,5.8,6.05,5.77,0.28,4.8527,796349.07,477879.452,2.8575,7.8474,1.52,6.2019,4.1068,1.2673,0.3861,0.3671,0.2889,1.4876,318872.2696,278689.6212,101479.798,1929177.2311,1686072.2083,6.35,5.19,10.457
600782,新钢股份,普钢,江西,19961225,600782.SH,20181019,5.45,5.82,5.41,5.77,5.63,0.14,2.4867,542030.46,306950.078,1.9449,5.3413,0.97,5.9149,3.9168,1.2086,0.3682,0.3501,0.3029,1.5598,318872.2696,278689.6212,101479.798,1839892.9956,1608039.1143,6.19,5.07,10.457
600782,新钢股份,普钢,江西,19961225,600782.SH,20181018,5.83,5.84,5.58,5.63,5.89,-0.26,-4.4143,474672.06,270435.09,1.7032,4.6775,0.85,5.7714,3.8217,1.1793,0.3593,0.3416,0.3105,1.5986,318872.2696,278689.6212,101479.798,1795250.8778,1569022.5674,6.48,5.3,10.457
600782,新钢股份,普钢,江西,19961225,600782.SH,20181017,5.63,5.91,5.58,5.89,5.54,0.35,6.3177,659154.68,377776.818,2.3652,6.4954,1.28,6.0379,3.9982,1.2338,0.3759,0.3574,0.2968,1.528,318872.2696,278689.6212,101479.798,1878157.6679,1641481.8689,6.09,4.99,10.457
600782,新钢股份,普钢,江西,19961225,600782.SH,20181016,5.69,5.71,5.5,5.54,5.49,0.05,0.9107,555706.99,312983.941,1.994,5.476,1.2,5.6791,3.7606,1.1605,0.3535,0.3362,0.3155,1.6245,318872.2696,278689.6212,101479.798,1766552.3736,1543940.5014,6.04,4.94,10.457
600782,新钢股份,普钢,江西,19961225,600782.SH,20181015,5.64,5.65,5.38,5.49,5.63,-0.14,-2.4867,386937.23,212626.794,1.3884,3.8129,0.82,5.6278,3.7267,1.15,0.3504,0.3331,0.3184,1.6393,318872.2696,278689.6212,101479.798,1750608.7601,1530006.0204,6.19,5.07,10.457
600782,新钢股份,普钢,江西,19961225,600782.SH,20181012,5.61,5.73,5.3,5.63,5.62,0.01,0.1779,721422.69,399026.437,2.5886,7.109,1.78,5.7714,3.8217,1.1793,0.3593,0.3416,0.3105,1.5986,318872.2696,278689.6212,101479.798,1795250.8778,1569022.5674,6.18,5.06,10.457
600782,新钢股份,普钢,江西,19961225,600782.SH,20181011,5.79,5.82,5.53,5.62,5.99,-0.37,-6.177,460756.67,261792.94,1.6533,4.5404,1.24,5.7611,3.815,1.1772,0.3586,0.341,0.311,1.6014,318872.2696,278689.6212,101479.798,1792062.1552,1566235.6711,6.59,5.39,10.457
600782,新钢股份,普钢,江西,19961225,600782.SH,20181010,5.84,6.02,5.81,5.99,5.8,0.19,3.2759,447175.65,266070.943,1.6046,4.4065,1.36,6.1404,4.0661,1.2547,0.3823,0.3635,0.2918,1.5025,318872.2696,278689.6212,101479.798,1910044.8949,1669350.831,6.38,5.22,10.457
600782,新钢股份,普钢,江西,19961225,600782.SH,20181009,5.84,5.9,5.74,5.8,5.84,-0.04,-0.6849,303685.5,176388.669,1.0897,2.9926,0.95,5.9456,3.9371,1.2149,0.3701,0.352,0.3014,1.5517,318872.2696,278689.6212,101479.798,1849459.1637,1616399.803,6.42,5.26,10.457
600782,新钢股份,普钢,江西,19961225,600782.SH,20181008,5.8,5.96,5.75,5.84,5.9,-0.06,-1.0169,415991.64,244665.692,1.4927,4.0993,1.38,5.9866,3.9643,1.2233,0.3727,0.3544,0.2993,1.5411,318872.2696,278689.6212,101479.798,1862214.0545,1627547.3878,6.49,5.31,10.457
600782,新钢股份,普钢,江西,19961225,600782.SH,20180928,5.9,5.93,5.73,5.9,6.0,-0.1,-1.6667,393199.38,229928.333,1.4109,3.8747,1.46,6.0481,4.005,1.2359,0.3765,0.358,0.2963,1.5254,318872.2696,278689.6212,101479.798,1881346.3906,1644268.7651,6.6,5.4,10.457
600782,新钢股份,普钢,江西,19961225,600782.SH,20180927,6.01,6.1,5.97,6.0,6.01,-0.01,-0.1664,293135.87,176951.127,1.0518,2.8886,0.98,6.1506,4.0729,1.2568,0.3829,0.3641,0.2913,1.5,318872.2696,278689.6212,101479.798,1913233.6176,1672137.7272,6.61,5.41,10.457
600782,新钢股份,普钢,江西,19961225,600782.SH,20180926,6.01,6.09,5.98,6.01,5.98,0.03,0.5017,243503.32,147048.162,0.8737,2.3995,0.7,6.1609,4.0797,1.2589,0.3835,0.3647,0.2908,1.4975,318872.2696,278689.6212,101479.798,1916422.3403,1674924.6234,6.58,5.38,10.457
600782,新钢股份,普钢,江西,19961225,600782.SH,20180925,6.0,6.03,5.95,5.98,6.07,-0.09,-1.4827,247942.02,148602.328,0.8897,2.4433,0.73,6.1301,4.0593,1.2526,0.3816,0.3629,0.2923,1.505,318872.2696,278689.6212,101479.798,1906856.1722,1666563.9348,6.68,5.46,10.457
600782,新钢股份,普钢,江西,19961225,600782.SH,20180921,5.93,6.11,5.86,6.07,5.93,0.14,2.3609,331953.88,199047.25,1.1911,3.2711,1.03,6.2224,4.1204,1.2715,0.3874,0.3683,0.288,1.4827,318872.2696,278689.6212,101479.798,1935554.6765,1691646.0007,6.52,5.34,10.457
600782,新钢股份,普钢,江西,19961225,600782.SH,20180920,5.92,5.98,5.86,5.93,5.9,0.03,0.5085,230002.56,136480.358,0.8253,2.2665,0.64,6.0789,4.0254,1.2422,0.3784,0.3598,0.2948,1.5177,318872.2696,278689.6212,101479.798,1890912.5587,1652629.4537,6.49,5.31,10.457
600782,新钢股份,普钢,江西,19961225,600782.SH,20180919,5.89,6.02,5.82,5.9,5.86,0.04,0.6826,437737.74,259391.892,1.5707,4.3135,1.14,6.0481,4.005,1.2359,0.3765,0.358,0.2963,1.5254,318872.2696,278689.6212,101479.798,1881346.3906,1644268.7651,6.45,5.27,10.457
600782,新钢股份,普钢,江西,19961225,600782.SH,20180918,5.55,5.87,5.51,5.86,5.54,0.32,5.7762,500623.22,287237.421,1.7963,4.9332,1.07,6.0071,3.9779,1.2275,0.374,0.3556,0.2983,1.5358,318872.2696,278689.6212,101479.798,1868591.4999,1633121.1802,6.09,4.99,10.457
600782,新钢股份,普钢,江西,19961225,600782.SH,20180917,5.7,5.73,5.52,5.54,5.69,-0.15,-2.6362,196286.69,110005.26,0.7043,1.9342,0.41,5.6791,3.7606,1.1605,0.3535,0.3362,0.3155,1.6245,318872.2696,278689.6212,101479.798,1766552.3736,1543940.5014,6.26,5.12,10.457
600782,新钢股份,普钢,江西,19961225,600782.SH,20180914,5.66,5.78,5.63,5.69,5.67,0.02,0.3527,247681.89,141160.05,0.8887,2.4407,0.5,5.8329,3.8625,1.1919,0.3631,0.3453,0.3072,1.5817,318872.2696,278689.6212,101479.798,1814383.214,1585743.9446,6.24,5.1,10.457
600782,新钢股份,普钢,江西,19961225,600782.SH,20180913,5.68,5.74,5.59,5.67,5.59,0.08,1.4311,420592.68,237522.169,1.5092,4.1446,0.95,5.8124,3.8489,1.1877,0.3618,0.3441,0.3083,1.5873,318872.2696,278689.6212,101479.798,1808005.7686,1580170.1522,6.15,5.03,10.457
600782,新钢股份,普钢,江西,19961225,600782.SH,20180912,5.67,5.7,5.57,5.59,5.69,-0.1,-1.7575,552625.82,312045.011,1.9829,5.4457,1.46,5.7304,3.7946,1.1709,0.3567,0.3392,0.3127,1.61,318872.2696,278689.6212,101479.798,1782495.9871,1557874.9825,6.26,5.12,10.457
600782,新钢股份,普钢,江西,19961225,600782.SH,20180911,6.18,6.18,5.65,5.69,6.28,-0.59,-9.3949,931581.42,539045.281,3.3427,9.18,3.89,5.8329,3.8625,1.1919,0.3631,0.3453,0.3072,1.5817,318872.2696,278689.6212,101479.798,1814383.214,1585743.9446,6.91,5.65,10.457
600782,新钢股份,普钢,江西,19961225,600782.SH,20180910,6.42,6.46,6.25,6.28,6.37,-0.09,-1.4129,223879.98,141836.725,0.8033,2.2062,0.89,6.4377,4.263,1.3155,0.4008,0.3811,0.2783,1.4331,318872.2696,278689.6212,101479.798,2002517.8531,1750170.8211,7.01,5.73,10.457
600782,新钢股份,普钢,江西,19961225,600782.SH,20180907,6.3,6.5,6.27,6.37,6.19,0.18,2.9079,326407.97,208574.002,1.1712,3.2165,1.3,6.5299,4.3241,1.3343,0.4065,0.3865,0.2744,1.4129,318872.2696,278689.6212,101479.798,2031216.3574,1775252.887,6.81,5.57,10.457
600782,新钢股份,普钢,江西,19961225,600782.SH,20180906,6.15,6.31,6.13,6.19,6.15,0.04,0.6504,181683.16,112844.747,0.6519,1.7903,0.62,6.3454,4.2019,1.2966,0.395,0.3756,0.2824,1.454,318872.2696,278689.6212,101479.798,1973819.3488,1725088.7552,6.77,5.54,10.457
600782,新钢股份,普钢,江西,19961225,600782.SH,20180905,6.37,6.38,6.14,6.15,6.41,-0.26,-4.0562,231009.11,144106.354,0.8289,2.2764,0.8,6.3044,4.1747,1.2882,0.3925,0.3732,0.2842,1.4634,318872.2696,278689.6212,101479.798,1961064.458,1713941.1704,7.05,5.77,10.457
600782,新钢股份,普钢,江西,19961225,600782.SH,20180904,6.35,6.49,6.26,6.41,6.3,0.11,1.746,234751.03,149475.667,0.8423,2.3133,0.8,6.5709,4.3512,1.3427,0.4091,0.389,0.2727,1.4041,318872.2696,278689.6212,101479.798,2043971.2481,1786400.4719,6.93,5.67,10.457
600782,新钢股份,普钢,江西,19961225,600782.SH,20180903,6.4,6.45,6.16,6.3,6.41,-0.11,-1.7161,277286.27,174106.83,0.995,2.7324,0.97,6.4582,4.2765,1.3197,0.402,0.3823,0.2775,1.4286,318872.2696,278689.6212,101479.798,2008895.2985,1755744.6136,7.05,5.77,10.457
600782,新钢股份,普钢,江西,19961225,600782.SH,20180831,5.93,6.57,5.93,6.41,6.59,-0.18,-2.7314,334911.23,216987.204,1.2017,3.3003,1.3,6.5709,4.3512,1.3427,0.4091,0.389,0.2727,1.4041,318872.2696,278689.6212,101479.798,2043971.2481,1786400.4719,7.25,5.93,10.457
600782,新钢股份,普钢,江西,19961225,600782.SH,20180830,6.85,6.88,6.56,6.59,6.9,-0.31,-4.4928,393885.93,262831.929,1.4133,3.8814,1.59,6.7555,4.4734,1.3804,0.4206,0.3999,0.2652,1.3657,318872.2696,278689.6212,101479.798,2101368.2567,1836564.6037,7.59,6.21,10.457
600782,新钢股份,普钢,江西,19961225,600782.SH,20180829,6.98,7.04,6.89,6.9,7.02,-0.12,-1.7094,195972.9,136251.54,0.7032,1.9312,0.75,7.0732,4.6838,1.4453,0.4403,0.4187,0.2533,1.3043,318872.2696,278689.6212,101479.798,2200218.6602,1922958.3863,7.72,6.32,10.457
600782,新钢股份,普钢,江西,19961225,600782.SH,20180828,6.92,7.05,6.86,7.02,6.91,0.11,1.5919,269971.27,188198.629,0.9687,2.6603,0.98,7.1963,4.7653,1.4705,0.448,0.426,0.249,1.2821,318872.2696,278689.6212,101479.798,2238483.3326,1956401.1408,7.6,6.22,10.457
600782,新钢股份,普钢,江西,19961225,600782.SH,20180827,6.83,6.92,6.78,6.91,6.8,0.11,1.6176,241107.13,165239.471,0.8651,2.3759,0.83,7.0835,4.6906,1.4474,0.441,0.4193,0.253,1.3025,318872.2696,278689.6212,101479.798,2203407.3829,1925745.2825,7.48,6.12,10.457
600782,新钢股份,普钢,江西,19961225,600782.SH,20180824,6.82,6.86,6.74,6.8,6.82,-0.02,-0.2933,185258.97,126079.706,0.6648,1.8256,0.6,6.9707,4.616,1.4244,0.434,0.4126,0.2571,1.3235,318872.2696,278689.6212,101479.798,2168331.4333,1895089.4242,7.5,6.14,10.457
600782,新钢股份,普钢,江西,19961225,600782.SH,20180823,6.99,7.01,6.68,6.82,6.99,-0.17,-2.432,345726.34,235970.45,1.2405,3.4068,1.16,6.9912,4.6295,1.4286,0.4352,0.4139,0.2563,1.3196,318872.2696,278689.6212,101479.798,2174708.8787,1900663.2166,7.69,6.29,10.457
600782,新钢股份,普钢,江西,19961225,600782.SH,20180822,7.01,7.16,6.98,6.99,7.02,-0.03,-0.4274,268938.09,189982.958,0.965,2.6502,0.8,7.1655,4.7449,1.4642,0.4461,0.4242,0.2501,1.2876,318872.2696,278689.6212,101479.798,2228917.1645,1948040.4522,7.72,6.32,10.457
600782,新钢股份,普钢,江西,19961225,600782.SH,20180821,7.03,7.13,6.97,7.02,7.12,-0.1,-1.4045,340126.55,239467.482,1.2204,3.3517,0.92,7.1963,4.7653,1.4705,0.448,0.426,0.249,1.2821,318872.2696,278689.6212,101479.798,2238483.3326,1956401.1408,7.83,6.41,10.457
600782,新钢股份,普钢,江西,19961225,600782.SH,20180820,6.98,7.14,6.85,7.12,6.99,0.13,1.8598,305918.24,214407.487,1.0977,3.0146,0.72,7.2988,6.1222,1.63,0.4544,0.4333,0.2455,1.264,318872.2696,278689.6212,101479.798,2270370.5596,1984270.1029,7.69,6.29,10.457
600782,新钢股份,普钢,江西,19961225,600782.SH,20180817,7.08,7.11,6.85,6.99,7.02,-0.03,-0.4274,275142.04,192542.397,0.9873,2.7113,0.61,7.1655,6.0104,1.6002,0.4461,0.4253,0.2501,1.2876,318872.2696,278689.6212,101479.798,2228917.1645,1948040.4522,7.72,6.32,10.457
600782,新钢股份,普钢,江西,19961225,600782.SH,20180816,6.84,7.08,6.75,7.02,7.01,0.01,0.1427,296677.33,206512.767,1.0645,2.9235,0.62,7.1963,6.0362,1.6071,0.448,0.4272,0.249,1.2821,318872.2696,278689.6212,101479.798,2238483.3326,1956401.1408,7.71,6.31,10.457
600782,新钢股份,普钢,江西,19961225,600782.SH,20180815,7.26,7.34,6.94,7.01,7.26,-0.25,-3.4435,473048.65,336549.099,1.6974,4.6615,0.97,7.186,6.0276,1.6048,0.4474,0.4266,0.2494,1.2839,318872.2696,278689.6212,101479.798,2235294.6099,1953614.2446,7.99,6.53,10.457
600782,新钢股份,普钢,江西,19961225,600782.SH,20180814,7.46,7.51,7.23,7.26,7.51,-0.25,-3.3289,495392.88,363991.908,1.7776,4.8817,1.0,7.4423,6.2426,1.662,0.4633,0.4418,0.2408,1.2397,318872.2696,278689.6212,101479.798,2315012.6773,2023286.6499,8.26,6.76,10.457
600782,新钢股份,普钢,江西,19961225,600782.SH,20180813,7.21,7.54,7.2,7.51,7.27,0.24,3.3012,571374.43,419741.151,2.0502,5.6304,1.21,7.6986,6.4576,1.7193,0.4793,0.457,0.2328,1.1984,318872.2696,278689.6212,101479.798,2394730.7447,2092959.0552,8.0,6.54,10.457
600782,新钢股份,普钢,江西,19961225,600782.SH,20180810,7.32,7.39,7.23,7.27,7.32,-0.05,-0.6831,413292.97,301699.487,1.483,4.0727,0.8,7.4525,6.2512,1.6643,0.4639,0.4424,0.2404,1.238,318872.2696,278689.6212,101479.798,2318201.4,2026073.5461,8.05,6.59,10.457
600782,新钢股份,普钢,江西,19961225,600782.SH,20180809,7.13,7.42,7.12,7.32,7.29,0.03,0.4115,428293.08,311217.72,1.5368,4.2205,0.76,7.5038,6.2942,1.6758,0.4671,0.4454,0.2388,1.2295,318872.2696,278689.6212,101479.798,2334145.0135,2040008.0272,8.02,6.56,10.457
600782,新钢股份,普钢,江西,19961225,600782.SH,20180808,7.4,7.58,7.22,7.29,7.44,-0.15,-2.0161,541610.56,400977.686,1.9434,5.3371,0.93,7.473,6.2684,1.6689,0.4652,0.4436,0.2398,1.2346,318872.2696,278689.6212,101479.798,2324578.8454,2031647.3385,8.18,6.7,10.457
600782,新钢股份,普钢,江西,19961225,600782.SH,20180807,7.23,7.48,7.03,7.44,7.22,0.22,3.0471,522553.17,380113.13,1.875,5.1493,0.94,7.6268,6.3974,1.7032,0.4748,0.4527,0.2349,1.2097,318872.2696,278689.6212,101479.798,2372409.6858,2073450.7817,7.94,6.5,10.457
600782,新钢股份,普钢,江西,19961225,600782.SH,20180806,7.15,7.31,6.92,7.22,7.18,0.04,0.5571,459193.95,327547.861,1.6477,4.525,0.76,7.4013,6.2082,1.6529,0.4608,0.4393,0.2421,1.2465,318872.2696,278689.6212,101479.798,2302257.7865,2012139.0651,7.9,6.46,10.457
600782,新钢股份,普钢,江西,19961225,600782.SH,20180803,7.17,7.51,7.13,7.18,7.18,0.0,0.0,629319.99,461626.51,2.2581,6.2014,1.03,7.3603,6.1738,1.6437,0.4582,0.4369,0.2434,1.2535,318872.2696,278689.6212,101479.798,2289502.8957,2000991.4802,7.9,6.46,10.457
600782,新钢股份,普钢,江西,19961225,600782.SH,20180802,7.12,7.26,6.86,7.18,7.15,0.03,0.4196,668634.82,474275.374,2.3992,6.5888,1.21,7.3603,6.1738,1.6437,0.4582,0.4369,0.2434,1.2535,318872.2696,278689.6212,101479.798,2289502.8957,2000991.4802,7.87,6.44,10.457
600782,新钢股份,普钢,江西,19961225,600782.SH,20180801,7.68,7.74,7.11,7.15,7.54,-0.39,-5.1724,644132.26,473492.479,2.3113,6.3474,1.15,7.3295,6.148,1.6368,0.4563,0.4351,0.2445,1.2587,318872.2696,278689.6212,101479.798,2279936.7276,1992630.7916,8.29,6.79,10.457
600782,新钢股份,普钢,江西,19961225,600782.SH,20180731,7.46,7.62,7.36,7.54,7.54,0.0,0.0,379811.59,284826.997,1.3628,3.7427,0.52,7.7293,6.4834,1.7261,0.4812,0.4588,0.2318,1.1936,318872.2696,278689.6212,101479.798,2404296.9128,2101319.7438,8.29,6.79,10.457
600782,新钢股份,普钢,江西,19961225,600782.SH,20180730,7.33,7.84,7.33,7.54,7.33,0.21,2.8649,693226.78,523977.31,2.4875,6.8312,0.9,7.7293,6.4834,1.7261,0.4812,0.4588,0.2318,1.1936,318872.2696,278689.6212,101479.798,2404296.9128,2101319.7438,8.06,6.6,10.457
600782,新钢股份,普钢,江西,19961225,600782.SH,20180727,7.29,7.44,7.13,7.33,7.1,0.23,3.2394,656025.96,479783.61,2.354,6.4646,0.81,7.514,6.3028,1.6781,0.4678,0.446,0.2385,1.2278,318872.2696,278689.6212,101479.798,2337333.7362,2042794.9234,7.81,6.39,10.457
600782,新钢股份,普钢,江西,19961225,600782.SH,20180726,7.19,7.23,6.99,7.1,7.23,-0.13,-1.7981,396538.42,281305.256,1.4229,3.9076,0.47,7.2783,6.105,1.6254,0.4531,0.432,0.2462,1.2676,318872.2696,278689.6212,101479.798,2263993.1142,1978696.3105,7.95,6.51,10.457
600782,新钢股份,普钢,江西,19961225,600782.SH,20180725,7.1,7.37,7.02,7.23,7.05,0.18,2.5532,666846.5,479536.924,2.3928,6.5712,0.88,7.4115,6.2168,1.6552,0.4614,0.4399,0.2418,1.2448,318872.2696,278689.6212,101479.798,2305446.5092,2014925.9613,7.76,6.35,10.457
600782,新钢股份,普钢,江西,19961225,600782.SH,20180724,7.35,7.55,6.97,7.05,7.04,0.01,0.142,1228517.17,894712.908,4.4082,12.106,2.06,7.227,6.062,1.614,0.4499,0.429,0.2479,1.2766,318872.2696,278689.6212,101479.798,2248049.5007,1964761.8295,7.74,6.34,10.457
600782,新钢股份,普钢,江西,19961225,600782.SH,20180723,6.36,7.05,6.31,7.04,6.42,0.62,9.6573,921086.73,621654.58,3.3051,9.0766,1.96,7.2168,6.0534,1.6117,0.4493,0.4284,0.2483,1.2784,318872.2696,278689.6212,101479.798,2244860.778,1961974.9332,7.06,5.78,10.457
600782,新钢股份,普钢,江西,19961225,600782.SH,20180720,6.13,6.44,6.1,6.42,6.14,0.28,4.5603,822781.02,513336.527,2.9523,8.1078,1.98,6.5812,5.5203,1.4697,0.4097,0.3907,0.2723,1.4019,318872.2696,278689.6212,101479.798,2047159.9708,1789187.3681,6.75,5.53,10.457
600782,新钢股份,普钢,江西,19961225,600782.SH,20180719,6.06,6.23,6.04,6.14,5.93,0.21,3.54,594388.03,365733.013,2.1328,5.8572,1.48,6.2942,5.2795,1.4056,0.3918,0.3736,0.2847,1.4658,318872.2696,278689.6212,101479.798,1957875.7353,1711154.2742,6.52,5.34,10.457
600782,新钢股份,普钢,江西,19961225,600782.SH,20180718,6.03,6.06,5.92,5.93,6.01,-0.08,-1.33,234076.75,140341.505,0.8399,2.3066,0.55,6.0789,5.099,1.3575,0.3784,0.3608,0.2948,1.5177,318872.2696,278689.6212,101479.798,1890912.5587,1652629.4537,6.61,5.41,10.457
600782,新钢股份,普钢,江西,19961225,600782.SH,20180717,6.18,6.19,5.9,6.01,6.23,-0.22,-3.53,411979.37,246985.57,1.4783,4.0597,0.98,6.1609,5.1678,1.3759,0.3835,0.3657,0.2908,1.4975,318872.2696,278689.6212,101479.798,1916422.3403,1674924.6234,6.85,5.61,10.457
600782,新钢股份,普钢,江西,19961225,600782.SH,20180716,6.23,6.34,6.13,6.23,6.25,-0.02,-0.32,288555.43,179764.169,1.0354,2.8435,0.65,6.3864,5.3569,1.4262,0.3976,0.3791,0.2806,1.4446,318872.2696,278689.6212,101479.798,1986574.2396,1736236.3401,6.88,5.63,10.457
600782,新钢股份,普钢,江西,19961225,600782.SH,20180713,6.18,6.37,6.0,6.25,6.17,0.08,1.3,553297.87,343251.397,1.9854,5.4523,1.4,6.4069,5.3741,1.4308,0.3989,0.3803,0.2797,1.44,318872.2696,278689.6212,101479.798,1992951.685,1741810.1325,6.79,5.55,10.457
600782,新钢股份,普钢,江西,19961225,600782.SH,20180712,6.02,6.23,6.02,6.17,5.94,0.23,3.87,520836.73,320718.696,1.8689,5.1324,1.47,6.3249,5.3053,1.4125,0.3937,0.3754,0.2833,1.4587,318872.2696,278689.6212,101479.798,1967441.9034,1719514.9628,6.53,5.35,10.457
600782,新钢股份,普钢,江西,19961225,600782.SH,20180711,5.79,5.98,5.69,5.94,5.97,-0.03,-0.5,340620.5,199262.299,1.2222,3.3565,0.9,6.0891,5.1076,1.3598,0.3791,0.3614,0.2943,1.5152,318872.2696,278689.6212,101479.798,1894101.2814,1655416.3499,6.57,5.37,10.457
600782,新钢股份,普钢,江西,19961225,600782.SH,20180710,5.83,6.07,5.83,5.97,5.77,0.2,3.47,404123.26,239988.848,1.4501,3.9823,1.18,6.1199,5.1334,1.3667,0.381,0.3633,0.2928,1.5075,318872.2696,278689.6212,101479.798,1903667.4495,1663777.0386,6.35,5.19,10.457
600782,新钢股份,普钢,江西,19961225,600782.SH,20180709,5.65,5.78,5.57,5.77,5.51,0.26,4.72,388426.02,220112.57,1.3938,3.8276,1.15,5.9149,4.9614,1.3209,0.3682,0.3511,0.3029,1.5598,318872.2696,278689.6212,101479.798,1839892.9956,1608039.1143,6.06,4.96,10.457
600782,新钢股份,普钢,江西,19961225,600782.SH,20180706,5.37,5.6,5.3,5.51,5.38,0.13,2.42,320940.68,176264.606,1.1516,3.1626,0.94,5.6483,4.7378,1.2614,0.3516,0.3353,0.3172,1.6334,318872.2696,278689.6212,101479.798,1756986.2055,1535579.8128,5.92,4.84,10.457
600782,新钢股份,普钢,江西,19961225,600782.SH,20180705,5.5,5.6,5.37,5.38,5.56,-0.18,-3.24,313682.98,171213.891,1.1256,3.0911,0.86,5.5151,4.6261,1.2316,0.3433,0.3274,0.3249,1.6729,318872.2696,278689.6212,101479.798,1715532.8104,1499350.1621,6.12,5.0,10.457
600782,新钢股份,普钢,江西,19961225,600782.SH,20180704,5.53,5.68,5.51,5.56,5.43,0.13,2.39,460278.25,257707.515,1.6516,4.5357,1.34,5.6996,4.7808,1.2728,0.3548,0.3383,0.3144,1.6187,318872.2696,278689.6212,101479.798,1772929.819,1549514.2939,5.97,4.89,10.457
600782,新钢股份,普钢,江西,19961225,600782.SH,20180703,5.4,5.46,5.3,5.43,5.47,-0.04,-0.73,228502.41,123257.187,0.8199,2.2517,0.53,5.5663,4.669,1.2431,0.3465,0.3304,0.3219,1.6575,318872.2696,278689.6212,101479.798,1731476.4239,1513284.6431,6.02,4.92,10.457
600782,新钢股份,普钢,江西,19961225,600782.SH,20180702,5.53,5.56,5.32,5.47,5.58,-0.11,-1.97,363375.15,197740.083,1.3039,3.5808,0.82,5.6073,4.7034,1.2522,0.3491,0.3328,0.3196,1.6453,318872.2696,278689.6212,101479.798,1744231.3147,1524432.228,6.14,5.02,10.457
600782,新钢股份,普钢,江西,19961225,600782.SH,20180629,5.48,5.6,5.37,5.58,5.44,0.14,2.57,332450.12,182913.664,1.1929,3.276,0.68,5.7201,4.798,1.2774,0.3561,0.3395,0.3133,1.9262,318872.2696,278689.6212,101479.798,1779307.2644,1555088.0863,5.98,4.9,10.457
600782,新钢股份,普钢,江西,19961225,600782.SH,20180628,5.53,5.63,5.33,5.44,5.47,-0.03,-0.55,431782.4,237339.104,1.5493,4.2549,0.81,5.5766,4.6776,1.2454,0.3472,0.331,0.3213,1.9757,318872.2696,278689.6212,101479.798,1734665.1466,1516071.5393,6.02,4.92,10.457
600782,新钢股份,普钢,江西,19961225,600782.SH,20180627,5.66,5.68,5.45,5.47,5.66,-0.19,-3.36,355397.04,196917.144,1.2752,3.5021,0.61,5.6073,4.7034,1.2522,0.3491,0.3328,0.3196,1.9649,318872.2696,278689.6212,101479.798,1744231.3147,1524432.228,6.23,5.09,10.457
600782,新钢股份,普钢,江西,19961225,600782.SH,20180626,5.79,5.79,5.41,5.66,5.95,-0.29,-4.87,689139.12,384171.579,2.4728,6.7909,1.1,5.8021,4.8668,1.2957,0.3612,0.3444,0.3088,1.8989,318872.2696,278689.6212,101479.798,1804817.0459,1577383.256,6.55,5.36,10.457
600782,新钢股份,普钢,江西,19961225,600782.SH,20180625,6.17,6.18,5.93,5.95,6.17,-0.22,-3.57,406408.82,244851.617,1.4583,4.0048,0.6,6.0994,5.1162,1.3621,0.3797,0.3621,0.2938,1.8064,318872.2696,278689.6212,101479.798,1897290.0041,1658203.2461,6.79,5.55,10.457
600782,新钢股份,普钢,江西,19961225,600782.SH,20180622,6.06,6.33,5.92,6.26,6.18,0.08,1.29,561030.71,345488.685,2.0131,5.5285,0.81,6.4172,5.3827,1.4042,0.3995,0.3809,0.2792,0.2792,318872.2696,278689.6212,101479.798,1996140.4077,1744597.0287,6.8,5.56,10.307
600782,新钢股份,普钢,江西,19961225,600782.SH,20180621,6.34,6.58,6.09,6.18,6.34,-0.16,-2.52,638539.03,406226.238,2.2912,6.2923,0.91,6.3352,5.3139,1.3862,0.3944,0.3761,0.2828,0.2828,318872.2696,278689.6212,101479.798,1970630.6261,1722301.859,6.97,5.71,10.307
600782,新钢股份,普钢,江西,19961225,600782.SH,20180620,6.0,6.43,6.0,6.34,6.02,0.32,5.32,619967.21,384210.747,2.2246,6.1093,0.93,6.4992,5.4515,1.4221,0.4046,0.3858,0.2757,0.2757,318872.2696,278689.6212,101479.798,2021650.1893,1766892.1984,6.62,5.42,10.307
600782,新钢股份,普钢,江西,19961225,600782.SH,20180619,6.44,6.5,5.89,6.02,6.54,-0.52,-7.95,911723.03,555076.749,3.2715,8.9843,1.52,6.1711,5.1764,1.3503,0.3842,0.3663,0.2904,0.2904,318872.2696,278689.6212,101479.798,1919611.063,1677711.5196,7.19,5.89,10.307
600782,新钢股份,普钢,江西,19961225,600782.SH,20180615,6.45,6.77,6.43,6.54,6.52,0.02,0.31,671493.84,442922.069,2.4095,6.617,1.18,6.7042,5.6235,1.467,0.4174,0.398,0.2673,0.2673,318872.2696,278689.6212,101479.798,2085424.6432,1822630.1226,7.17,5.87,10.307
600782,新钢股份,普钢,江西,19961225,600782.SH,20180614,6.3,6.55,6.21,6.52,6.28,0.24,3.82,630734.1,401633.183,2.2632,6.2154,0.99,6.6837,5.6063,1.4625,0.4161,0.3967,0.2681,0.2681,318872.2696,278689.6212,101479.798,2079047.1978,1817056.3302,6.91,5.65,10.307
600782,新钢股份,普钢,江西,19961225,600782.SH,20180613,6.18,6.44,6.14,6.28,6.18,0.1,1.62,681303.24,432048.838,2.4447,6.7137,1.15,6.4377,5.3999,1.4087,0.4008,0.3821,0.2783,0.2783,318872.2696,278689.6212,101479.798,2002517.8531,1750170.8211,6.8,5.56,10.307
600782,新钢股份,普钢,江西,19961225,600782.SH,20180612,6.1,6.29,6.08,6.18,6.12,0.06,0.98,422907.9,261090.656,1.5175,4.1674,0.75,6.3352,5.3139,1.3862,0.3944,0.3761,0.2828,0.2828,318872.2696,278689.6212,101479.798,1970630.6261,1722301.859,6.73,5.51,10.307
600782,新钢股份,普钢,江西,19961225,600782.SH,20180611,5.97,6.22,5.86,6.12,5.99,0.13,2.17,597956.7,364653.904,2.1456,5.8924,1.15,6.2737,5.2623,1.3728,0.3906,0.3724,0.2856,0.2856,318872.2696,278689.6212,101479.798,1951498.29,1705580.4817,6.59,5.39,10.307
600782,新钢股份,普钢,江西,19961225,600782.SH,20180608,6.04,6.15,5.95,5.99,6.07,-0.08,-1.32,502038.39,302747.893,1.8014,4.9472,0.94,6.1404,5.1506,1.3436,0.3823,0.3645,0.2918,0.2918,318872.2696,278689.6212,101479.798,1910044.8949,1669350.831,6.68,5.46,10.307
600782,新钢股份,普钢,江西,19961225,600782.SH,20180607,5.84,6.12,5.84,6.07,5.76,0.31,5.38,975579.68,585216.089,3.5006,9.6135,2.4,6.2224,5.2194,1.3615,0.3874,0.3694,0.288,0.288,318872.2696,278689.6212,101479.798,1935554.6765,1691646.0007,6.34,5.18,10.307
600782,新钢股份,普钢,江西,19961225,600782.SH,20180606,5.62,5.8,5.58,5.76,5.61,0.15,2.67,474376.58,272121.825,1.7022,4.6746,1.19,5.9046,4.9528,1.292,0.3676,0.3505,0.3035,0.3035,318872.2696,278689.6212,101479.798,1836704.2729,1605252.2181,6.17,5.05,10.307
600782,新钢股份,普钢,江西,19961225,600782.SH,20180605,5.64,5.64,5.51,5.61,5.63,-0.02,-0.36,266592.21,148663.864,0.9566,2.627,0.54,5.7509,4.8238,1.2584,0.358,0.3414,0.3116,0.3116,318872.2696,278689.6212,101479.798,1788873.4325,1563448.7749,6.19,5.07,10.307
600782,新钢股份,普钢,江西,19961225,600782.SH,20180604,5.56,5.68,5.56,5.63,5.55,0.08,1.44,375386.33,211242.294,1.347,3.6991,0.79,5.7714,4.841,1.2629,0.3593,0.3426,0.3105,0.3105,318872.2696,278689.6212,101479.798,1795250.8778,1569022.5674,6.11,5.0,10.307
600782,新钢股份,普钢,江西,19961225,600782.SH,20180601,5.47,5.71,5.46,5.55,5.46,0.09,1.65,591764.55,331916.839,2.1234,5.8314,1.5,5.6893,4.7722,1.2449,0.3542,0.3377,0.3149,0.3149,318872.2696,278689.6212,101479.798,1769741.0963,1546727.3977,6.01,4.91,10.307
600782,新钢股份,普钢,江西,19961225,600782.SH,20180531,5.46,5.53,5.33,5.46,5.38,0.08,1.49,324962.81,176883.884,1.166,3.2022,0.88,5.5971,4.6948,1.2247,0.3484,0.3322,0.3201,0.3201,318872.2696,278689.6212,101479.798,1741042.592,1521645.3318,5.92,4.84,10.307
600782,新钢股份,普钢,江西,19961225,600782.SH,20180530,5.5,5.58,5.34,5.38,5.65,-0.27,-4.78,435391.09,237346.685,1.5623,4.2904,1.2,5.5151,4.6261,1.2068,0.3433,0.3274,0.3249,0.3249,318872.2696,278689.6212,101479.798,1715532.8104,1499350.1621,6.22,5.09,10.307
600782,新钢股份,普钢,江西,19961225,600782.SH,20180529,5.25,5.74,5.15,5.65,5.27,0.38,7.21,720925.84,394761.674,2.5868,7.1041,2.7,5.7919,4.8582,1.2673,0.3606,0.3438,0.3094,0.3094,318872.2696,278689.6212,101479.798,1801628.3232,1574596.3598,5.8,4.74,10.307
600782,新钢股份,普钢,江西,19961225,600782.SH,20180528,5.42,5.44,5.26,5.27,5.43,-0.16,-2.95,310828.96,165164.803,1.1153,3.063,1.16,5.4023,4.5315,1.1821,0.3363,0.3207,0.3317,0.3317,318872.2696,278689.6212,101479.798,1680456.8608,1468694.3037,5.97,4.89,10.307
600782,新钢股份,普钢,江西,19961225,600782.SH,20180525,5.46,5.46,5.37,5.43,5.43,0.0,0.0,185292.14,100114.758,0.6649,1.8259,0.67,5.5663,4.669,1.218,0.3465,0.3304,0.3219,0.3219,318872.2696,278689.6212,101479.798,1731476.4239,1513284.6431,5.97,4.89,10.307
600782,新钢股份,普钢,江西,19961225,600782.SH,20180524,5.48,5.52,5.4,5.43,5.49,-0.06,-1.09,200881.06,109308.665,0.7208,1.9795,0.69,5.5663,4.669,1.218,0.3465,0.3304,0.3219,0.3219,318872.2696,278689.6212,101479.798,1731476.4239,1513284.6431,6.04,4.94,10.307
600782,新钢股份,普钢,江西,19961225,600782.SH,20180523,5.67,5.67,5.48,5.49,5.69,-0.2,-3.51,390094.95,216034.86,1.3997,3.8441,1.4,5.6278,4.7206,1.2314,0.3504,0.3341,0.3184,0.3184,318872.2696,278689.6212,101479.798,1750608.7601,1530006.0204,6.26,5.12,10.307
600782,新钢股份,普钢,江西,19961225,600782.SH,20180522,5.73,5.75,5.64,5.69,5.75,-0.06,-1.04,247071.9,140256.893,0.8865,2.4347,0.79,5.8329,4.8926,1.2763,0.3631,0.3462,0.3072,0.3072,318872.2696,278689.6212,101479.798,1814383.214,1585743.9446,6.33,5.18,10.307
600782,新钢股份,普钢,江西,19961225,600782.SH,20180521,5.83,5.86,5.73,5.75,5.73,0.02,0.35,311303.53,179951.486,1.117,3.0676,1.0,5.8944,4.9442,1.2898,0.3669,0.3499,0.304,0.304,318872.2696,278689.6212,101479.798,1833515.5502,1602465.3219,6.3,5.16,10.307
600782,新钢股份,普钢,江西,19961225,600782.SH,20180518,5.7,5.75,5.64,5.73,5.72,0.01,0.17,237935.7,135412.553,0.8538,2.3447,0.66,5.8739,4.927,1.2853,0.3657,0.3487,0.3051,0.3051,318872.2696,278689.6212,101479.798,1827138.1048,1596891.5295,6.29,5.15,10.307
600782,新钢股份,普钢,江西,19961225,600782.SH,20180517,5.69,5.75,5.65,5.72,5.7,0.02,0.35,263463.49,150278.15,0.9454,2.5962,0.7,5.8636,4.9184,1.283,0.365,0.3481,0.3056,0.3056,318872.2696,278689.6212,101479.798,1823949.3821,1594104.6333,6.27,5.13,10.307
600782,新钢股份,普钢,江西,19961225,600782.SH,20180516,5.78,5.78,5.67,5.7,5.81,-0.11,-1.89,336665.11,192341.689,1.208,3.3176,0.81,5.8431,4.9012,1.2786,0.3638,0.3468,0.3067,0.3067,318872.2696,278689.6212,101479.798,1817571.9367,1588530.8408,6.39,5.23,10.307
600782,新钢股份,普钢,江西,19961225,600782.SH,20180515,5.9,5.92,5.68,5.81,5.87,-0.06,-1.02,409074.54,236404.82,1.4678,4.0311,1.01,5.9559,4.9958,1.3032,0.3708,0.3535,0.3009,0.3009,318872.2696,278689.6212,101479.798,1852647.8864,1619186.6992,6.46,5.28,10.307
600782,新钢股份,普钢,江西,19961225,600782.SH,20180514,5.96,5.96,5.83,5.87,5.94,-0.07,-1.18,312687.35,183826.954,1.122,3.0813,0.74,6.0174,5.0474,1.3167,0.3746,0.3572,0.2978,0.2978,318872.2696,278689.6212,101479.798,1871780.2226,1635908.0764,6.53,5.35,10.307
600782,新钢股份,普钢,江西,19961225,600782.SH,20180511,5.86,5.95,5.8,5.94,5.81,0.13,2.24,483678.81,284870.391,1.7355,4.7663,1.21,6.0891,5.1076,1.3324,0.3791,0.3614,0.2943,0.2943,318872.2696,278689.6212,101479.798,1894101.2814,1655416.3499,6.39,5.23,10.307
600782,新钢股份,普钢,江西,19961225,600782.SH,20180510,5.83,5.85,5.75,5.81,5.8,0.01,0.17,344701.06,199720.717,1.2369,3.3967,0.74,5.9559,4.9958,1.3032,0.3708,0.3535,0.3009,0.3009,318872.2696,278689.6212,101479.798,1852647.8864,1619186.6992,6.38,5.22,10.307
600782,新钢股份,普钢,江西,19961225,600782.SH,20180509,5.96,5.97,5.76,5.8,6.0,-0.2,-3.33,527734.99,307892.974,1.8936,5.2004,1.14,5.9456,4.9872,1.301,0.3701,0.3529,0.3014,0.3014,318872.2696,278689.6212,101479.798,1849459.1637,1616399.803,6.6,5.4,10.307
600782,新钢股份,普钢,江西,19961225,600782.SH,20180508,6.04,6.09,5.97,6.0,6.03,-0.03,-0.5,356448.29,214926.393,1.279,3.5125,0.69,6.1506,5.1592,1.3458,0.3829,0.3651,0.2913,0.2913,318872.2696,278689.6212,101479.798,1913233.6176,1672137.7272,6.63,5.43,10.307
600782,新钢股份,普钢,江西,19961225,600782.SH,20180507,5.98,6.09,5.91,6.03,5.96,0.07,1.17,397659.22,238901.138,1.4269,3.9186,0.76,6.1814,5.185,1.3526,0.3848,0.3669,0.2899,0.2899,318872.2696,278689.6212,101479.798,1922799.7857,1680498.4158,6.56,5.36,10.307
600782,新钢股份,普钢,江西,19961225,600782.SH,20180504,5.95,6.08,5.91,5.96,6.0,-0.04,-0.67,367984.73,220304.961,1.3204,3.6262,0.7,6.1096,5.1248,1.3369,0.3803,0.3627,0.2933,0.2933,318872.2696,278689.6212,101479.798,1900478.7268,1660990.1424,6.6,5.4,10.307
600782,新钢股份,普钢,江西,19961225,600782.SH,20180503,6.02,6.12,5.93,6.0,5.97,0.03,0.5,667036.11,403695.81,2.3935,6.5731,1.23,6.1506,5.1592,1.3458,0.3829,0.3651,0.2913,0.2913,318872.2696,278689.6212,101479.798,1913233.6176,1672137.7272,6.57,5.37,10.307
600782,新钢股份,普钢,江西,19961225,600782.SH,20180502,5.74,5.99,5.68,5.97,5.72,0.25,4.37,523229.53,303656.975,1.8775,5.156,1.03,6.1199,5.1334,1.3391,0.381,0.3633,0.2928,0.2928,318872.2696,278689.6212,101479.798,1903667.4495,1663777.0386,6.29,5.15,10.307
600782,新钢股份,普钢,江西,19961225,600782.SH,20180427,5.87,5.93,5.62,5.72,5.92,-0.2,-3.38,628878.68,362643.665,2.2566,6.1971,1.34,5.8636,4.9184,1.283,0.365,0.3481,0.3056,0.3056,318872.2696,278689.6212,101479.798,1823949.3821,1594104.6333,6.51,5.33,10.307
600782,新钢股份,普钢,江西,19961225,600782.SH,20180426,6.11,6.11,5.87,5.92,6.12,-0.2,-3.27,427009.07,254319.212,1.5322,4.2078,0.83,6.0686,6.0686,1.4139,0.3778,0.3778,0.2953,0.2953,318872.2696,278689.6212,101479.798,1887723.836,1649842.5575,6.73,5.51,10.307
600782,新钢股份,普钢,江西,19961225,600782.SH,20180425,6.09,6.15,6.04,6.12,6.17,-0.05,-0.81,379555.36,230832.787,1.3619,3.7402,0.68,6.2737,6.2737,1.4617,0.3906,0.3906,0.2856,0.2856,318872.2696,278689.6212,101479.798,1951498.29,1705580.4817,6.79,5.55,10.307
600782,新钢股份,普钢,江西,19961225,600782.SH,20180424,6.02,6.21,6.0,6.17,5.91,0.26,4.4,755478.63,464181.215,2.7108,7.4446,1.6,6.3249,6.3249,1.4736,0.3937,0.3937,0.2833,0.2833,318872.2696,278689.6212,101479.798,1967441.9034,1719514.9628,6.5,5.32,10.307
600782,新钢股份,普钢,江西,19961225,600782.SH,20180423,5.98,6.08,5.83,5.91,5.92,-0.01,-0.17,353597.71,210146.46,1.2688,3.4844,0.7,6.0584,6.0584,1.4115,0.3772,0.3772,0.2958,0.2958,318872.2696,278689.6212,101479.798,1884535.1133,1647055.6613,6.51,5.33,10.307
600782,新钢股份,普钢,江西,19961225,600782.SH,20180420,6.08,6.12,5.9,5.92,6.14,-0.22,-3.58,430442.27,259316.016,1.5445,4.2417,0.88,6.0686,6.0686,1.4139,0.3778,0.3778,0.2953,0.2953,318872.2696,278689.6212,101479.798,1887723.836,1649842.5575,6.75,5.53,10.307
600782,新钢股份,普钢,江西,19961225,600782.SH,20180419,5.89,6.17,5.86,6.14,5.91,0.23,3.89,657616.52,399533.435,2.3597,6.4803,1.56,6.2942,6.2942,1.4665,0.3918,0.3918,0.2847,0.2847,318872.2696,278689.6212,101479.798,1957875.7353,1711154.2742,6.5,5.32,10.307
600782,新钢股份,普钢,江西,19961225,600782.SH,20180418,5.87,5.95,5.75,5.91,5.75,0.16,2.78,593107.42,347736.983,2.1282,5.8446,1.4,6.0584,6.0584,1.4115,0.3772,0.3772,0.2958,0.2958,318872.2696,278689.6212,101479.798,1884535.1133,1647055.6613,6.33,5.18,10.307
600782,新钢股份,普钢,江西,19961225,600782.SH,20180417,5.78,5.9,5.72,5.75,5.81,-0.06,-1.03,327534.49,190242.138,1.1753,3.2276,0.68,5.8944,5.8944,1.3733,0.3669,0.3669,0.304,0.304,318872.2696,278689.6212,101479.798,1833515.5502,1602465.3219,6.39,5.23,10.307
600782,新钢股份,普钢,江西,19961225,600782.SH,20180416,6.03,6.03,5.68,5.81,6.07,-0.26,-4.28,515260.75,299438.824,1.8489,5.0775,1.08,5.9559,5.9559,1.3877,0.3708,0.3708,0.3009,0.3009,318872.2696,278689.6212,101479.798,1852647.8864,1619186.6992,6.68,5.46,10.307
600782,新钢股份,普钢,江西,19961225,600782.SH,20180413,6.06,6.12,5.98,6.07,6.02,0.05,0.83,348907.6,211055.766,1.252,3.4382,0.7,6.2224,6.2224,1.4498,0.3874,0.3874,0.288,0.288,318872.2696,278689.6212,101479.798,1935554.6765,1691646.0007,6.62,5.42,10.307
600782,新钢股份,普钢,江西,19961225,600782.SH,20180412,5.97,6.06,5.94,6.02,6.03,-0.01,-0.17,322994.27,193971.213,1.159,3.1828,0.6,6.1711,6.1711,1.4378,0.3842,0.3842,0.2904,0.2904,318872.2696,278689.6212,101479.798,1919611.063,1677711.5196,6.63,5.43,10.307
600782,新钢股份,普钢,江西,19961225,600782.SH,20180411,6.3,6.36,6.0,6.03,6.13,-0.1,-1.63,596761.85,365673.659,2.1413,5.8806,1.12,6.1814,6.1814,1.4402,0.3848,0.3848,0.2899,0.2899,318872.2696,278689.6212,101479.798,1922799.7857,1680498.4158,6.74,5.52,10.307
600782,新钢股份,普钢,江西,19961225,600782.SH,20180410,5.87,6.14,5.87,6.13,5.84,0.29,4.97,636661.94,386063.137,2.2845,6.2738,1.28,6.2839,6.2839,1.4641,0.3912,0.3912,0.2852,0.2852,318872.2696,278689.6212,101479.798,1954687.0126,1708367.378,6.42,5.26,10.307
600782,新钢股份,普钢,江西,19961225,600782.SH,20180409,5.68,5.87,5.66,5.84,5.69,0.15,2.64,488055.56,281966.401,1.7513,4.8094,0.86,5.9866,5.9866,1.3948,0.3727,0.3727,0.2993,0.2993,318872.2696,278689.6212,101479.798,1862214.0545,1627547.3878,6.26,5.12,10.307
600782,新钢股份,普钢,江西,19961225,600782.SH,20180404,5.8,5.88,5.66,5.69,5.75,-0.06,-1.04,455870.23,264301.104,1.6358,4.4922,0.81,5.8329,5.8329,1.359,0.3631,0.3631,0.3072,0.3072,318872.2696,278689.6212,101479.798,1814383.214,1585743.9446,6.33,5.18,10.307
600782,新钢股份,普钢,江西,19961225,600782.SH,20180403,5.78,5.91,5.68,5.75,5.98,-0.23,-3.85,503332.98,291749.353,1.8061,4.9599,0.89,5.8944,5.8944,1.3733,0.3669,0.3669,0.304,0.304,318872.2696,278689.6212,101479.798,1833515.5502,1602465.3219,6.58,5.38,10.307
600782,新钢股份,普钢,江西,19961225,600782.SH,20180402,6.0,6.18,5.92,5.98,5.94,0.04,0.67,580912.89,351374.941,2.0844,5.7244,0.98,37.9155,11.9014,1.6412,0.626,0.4282,0.2923,0.2923,318872.2696,278689.6212,101479.798,1906856.1722,1666563.9348,6.53,5.35,10.307
600782,新钢股份,普钢,江西,19961225,600782.SH,20180330,5.9,5.99,5.83,5.94,5.92,0.02,0.34,455522.34,268812.683,1.6345,4.4888,0.65,37.6619,11.8218,1.6303,0.6218,0.4254,0.2943,0.2943,318872.2696,278689.6212,101479.798,1894101.2814,1655416.3499,6.51,5.33,10.307
600782,新钢股份,普钢,江西,19961225,600782.SH,20180329,5.7,6.0,5.51,5.92,5.58,0.34,6.09,837774.06,484239.697,3.0061,8.2556,1.39,37.5351,11.782,1.6248,0.6197,0.4239,0.2953,0.2953,318872.2696,278689.6212,101479.798,1887723.836,1649842.5575,6.14,5.02,10.307
600782,新钢股份,普钢,江西,19961225,600782.SH,20180328,5.47,5.76,5.4,5.58,5.62,-0.04,-0.71,421207.85,236292.324,1.5114,4.1507,0.68,35.3793,11.1053,1.5315,0.5841,0.3996,0.3133,0.3133,318872.2696,278689.6212,101479.798,1779307.2644,1555088.0863,6.18,5.06,10.307
600782,新钢股份,普钢,江西,19961225,600782.SH,20180327,5.58,5.74,5.55,5.62,5.47,0.15,2.74,525309.9,296947.45,1.8849,5.1765,0.88,35.633,11.185,1.5424,0.5883,0.4024,0.311,0.311,318872.2696,278689.6212,101479.798,1792062.1552,1566235.6711,6.02,4.92,10.307
600782,新钢股份,普钢,江西,19961225,600782.SH,20180326,5.42,5.49,5.16,5.47,5.55,-0.08,-1.44,738456.96,394201.544,2.6497,7.2769,1.24,34.6819,10.8864,1.5013,0.5726,0.3917,0.3196,0.3196,318872.2696,278689.6212,101479.798,1744231.3147,1524432.228,6.11,5.0,10.307
600782,新钢股份,普钢,江西,19961225,600782.SH,20180323,5.71,5.82,5.55,5.55,6.17,-0.62,-10.05,954592.49,539119.738,3.4253,9.4067,1.89,35.1891,11.0456,1.5232,0.581,0.3974,0.3149,0.3149,318872.2696,278689.6212,101479.798,1769741.0963,1546727.3977,6.79,5.55,10.307
600782,新钢股份,普钢,江西,19961225,600782.SH,20180322,6.32,6.36,6.15,6.17,6.31,-0.14,-2.22,369029.61,229711.538,1.3242,3.6365,0.69,39.1202,12.2796,1.6934,0.6459,0.4418,0.2833,0.2833,318872.2696,278689.6212,101479.798,1967441.9034,1719514.9628,6.94,5.68,10.307
600782,新钢股份,普钢,江西,19961225,600782.SH,20180321,6.52,6.58,6.22,6.31,6.49,-0.18,-2.77,491133.78,315209.656,1.7623,4.8397,0.8,40.0078,12.5582,1.7318,0.6605,0.4519,0.277,0.277,318872.2696,278689.6212,101479.798,2012084.0212,1758531.5098,7.14,5.84,10.307
600782,新钢股份,普钢,江西,19961225,600782.SH,20180320,6.4,6.59,6.35,6.49,6.49,0.0,0.0,431815.55,279696.255,1.5494,4.2552,0.69,41.1491,12.9164,1.7812,0.6794,0.4647,0.2693,0.2693,318872.2696,278689.6212,101479.798,2069481.0297,1808695.6416,7.14,5.84,10.307
600782,新钢股份,普钢,江西,19961225,600782.SH,20180319,6.7,6.72,6.44,6.49,6.88,-0.39,-5.67,725591.09,476613.218,2.6036,7.1501,1.21,41.1491,12.9164,1.7812,0.6794,0.4647,0.2693,0.2693,318872.2696,278689.6212,101479.798,2069481.0297,1808695.6416,7.57,6.19,10.307
600782,新钢股份,普钢,江西,19961225,600782.SH,20180316,7.15,7.15,6.85,6.88,7.08,-0.2,-2.82,501387.56,349430.559,1.7991,4.9408,0.75,43.6218,13.6926,1.8882,0.7202,0.4927,0.2541,0.2541,318872.2696,278689.6212,101479.798,2193841.2148,1917384.5939,7.79,6.37,10.307
600782,新钢股份,普钢,江西,19961225,600782.SH,20180315,7.07,7.16,6.97,7.08,7.14,-0.06,-0.84,534011.75,376014.261,1.9162,5.2622,0.78,44.8899,14.0907,1.9431,0.7411,0.507,0.2469,0.2469,318872.2696,278689.6212,101479.798,2257615.6688,1973122.5181,7.85,6.43,10.307
600782,新钢股份,普钢,江西,19961225,600782.SH,20180314,6.82,7.18,6.76,7.14,6.87,0.27,3.93,888256.86,623372.927,3.1873,8.753,1.38,45.2703,14.2101,1.9596,0.7474,0.5113,0.2448,0.2448,318872.2696,278689.6212,101479.798,2276748.0049,1989843.8954,7.56,6.18,10.307
600782,新钢股份,普钢,江西,19961225,600782.SH,20180313,6.85,7.04,6.83,6.87,6.91,-0.04,-0.58,470395.33,325721.662,1.6879,4.6354,0.65,43.5584,13.6727,1.8855,0.7192,0.492,0.2544,0.2544,318872.2696,278689.6212,101479.798,2190652.4922,1914597.6976,7.6,6.22,10.307
600782,新钢股份,普钢,江西,19961225,600782.SH,20180312,6.8,6.95,6.72,6.91,6.78,0.13,1.92,610260.37,417927.743,2.1897,6.0136,0.78,43.8121,13.7523,1.8965,0.7233,0.4948,0.253,0.253,318872.2696,278689.6212,101479.798,2203407.3829,1925745.2825,7.46,6.1,10.307
600782,新钢股份,普钢,江西,19961225,600782.SH,20180309,6.91,6.94,6.64,6.78,6.95,-0.17,-2.45,850170.0,573657.284,3.0506,8.3777,1.07,42.9878,13.4936,1.8608,0.7097,0.4855,0.2578,0.2578,318872.2696,278689.6212,101479.798,2161953.9879,1889515.6317,7.65,6.26,10.307
600782,新钢股份,普钢,江西,19961225,600782.SH,20180308,6.94,7.07,6.89,6.95,7.02,-0.07,-1.0,611608.29,426033.894,2.1946,6.0269,0.75,44.0657,13.8319,1.9075,0.7275,0.4977,0.2515,0.2515,318872.2696,278689.6212,101479.798,2216162.2737,1936892.8673,7.72,6.32,10.307
600782,新钢股份,普钢,江西,19961225,600782.SH,20180307,7.21,7.29,6.95,7.02,7.3,-0.28,-3.84,681817.25,484490.419,2.4465,6.7187,0.83,44.5095,13.9712,1.9267,0.7349,0.5027,0.249,0.249,318872.2696,278689.6212,101479.798,2238483.3326,1956401.1408,8.03,6.57,10.307
600782,新钢股份,普钢,江西,19961225,600782.SH,20180306,7.07,7.31,6.91,7.3,7.01,0.29,4.14,848125.09,603873.374,3.0433,8.3576,1.06,46.2848,14.5285,2.0035,0.7642,0.5227,0.2394,0.2394,318872.2696,278689.6212,101479.798,2327767.5681,2034434.2348,7.71,6.31,10.307
600782,新钢股份,普钢,江西,19961225,600782.SH,20180305,7.3,7.41,6.84,7.01,7.28,-0.27,-3.71,904736.56,643884.162,3.2464,8.9154,1.13,44.4461,13.9513,1.9239,0.7338,0.502,0.2494,0.2494,318872.2696,278689.6212,101479.798,2235294.6099,1953614.2446,8.01,6.55,10.307
600782,新钢股份,普钢,江西,19961225,600782.SH,20180302,7.53,7.53,7.24,7.28,7.78,-0.5,-6.43,915023.88,676099.891,3.2833,9.0168,1.17,46.158,14.4887,1.998,0.7621,0.5213,0.2401,0.2401,318872.2696,278689.6212,101479.798,2321390.1227,2028860.4423,8.56,7.0,10.307
600782,新钢股份,普钢,江西,19961225,600782.SH,20180301,7.7,7.93,7.65,7.78,7.83,-0.05,-0.64,742975.08,578213.594,2.666,7.3214,0.95,49.3282,15.4838,2.1353,0.8144,0.5571,0.2247,0.2247,318872.2696,278689.6212,101479.798,2480826.2575,2168205.2529,8.61,7.05,10.307
600782,新钢股份,普钢,江西,19961225,600782.SH,20180228,7.69,7.84,7.53,7.83,7.72,0.11,1.42,708573.44,547467.082,2.5425,6.9824,0.89,49.6452,15.5833,2.149,0.8196,0.5607,0.2232,0.2232,318872.2696,278689.6212,101479.798,2496769.871,2182139.734,8.49,6.95,10.307
600782,新钢股份,普钢,江西,19961225,600782.SH,20180227,7.91,8.04,7.69,7.72,8.01,-0.29,-3.62,740741.71,578764.612,2.6579,7.2994,0.95,48.9478,15.3644,2.1188,0.8081,0.5528,0.2264,0.2264,318872.2696,278689.6212,101479.798,2461693.9213,2151483.8757,8.81,7.21,10.307
600782,新钢股份,普钢,江西,19961225,600782.SH,20180226,8.12,8.2,7.86,8.01,7.89,0.12,1.52,901330.44,723804.558,3.2342,8.8819,1.27,50.7865,15.9415,2.1984,0.8385,0.5736,0.2182,0.2182,318872.2696,278689.6212,101479.798,2554166.8795,2232303.8658,8.68,7.1,10.307
600782,新钢股份,普钢,江西,19961225,600782.SH,20180223,7.7,7.99,7.5,7.89,7.72,0.17,2.2,825028.89,636206.687,2.9604,8.13,1.08,50.0256,15.7027,2.1654,0.8259,0.565,0.2215,0.2215,318872.2696,278689.6212,101479.798,2515902.2071,2198861.1113,8.49,6.95,10.307
600782,新钢股份,普钢,江西,19961225,600782.SH,20180222,7.62,7.73,7.46,7.72,7.54,0.18,2.39,745627.88,567372.631,2.6755,7.3475,0.91,48.9478,15.3644,2.1188,0.8081,0.5528,0.2264,0.2264,318872.2696,278689.6212,101479.798,2461693.9213,2151483.8757,8.29,6.79,10.307
600782,新钢股份,普钢,江西,19961225,600782.SH,20180214,7.15,7.58,7.07,7.54,7.18,0.36,5.01,753462.84,555500.945,2.7036,7.4248,0.82,47.8065,15.0061,2.0694,0.7893,0.5399,0.2318,0.2318,318872.2696,278689.6212,101479.798,2404296.9128,2101319.7438,7.9,6.46,10.307
600782,新钢股份,普钢,江西,19961225,600782.SH,20180213,7.32,7.44,7.17,7.18,7.16,0.02,0.28,654179.87,476159.109,2.3473,6.4464,0.65,45.524,14.2897,1.9706,0.7516,0.5142,0.2434,0.2434,318872.2696,278689.6212,101479.798,2289502.8957,2000991.4802,7.88,6.44,10.307
600782,新钢股份,普钢,江西,19961225,600782.SH,20180212,7.08,7.19,6.9,7.16,6.97,0.19,2.73,566875.67,400265.186,2.0341,5.5861,0.48,45.3971,14.2499,1.9651,0.7495,0.5127,0.2441,0.2441,318872.2696,278689.6212,101479.798,2283125.4503,1995417.6878,7.67,6.27,10.307
600782,新钢股份,普钢,江西,19961225,600782.SH,20180209,7.45,7.59,6.83,6.97,7.59,-0.62,-8.17,1106997.09,792078.45,3.9722,10.9085,0.88,44.1925,13.8717,1.9129,0.7296,0.4991,0.2508,0.2508,318872.2696,278689.6212,101479.798,2222539.7191,1942466.6598,8.35,6.83,10.307
600782,新钢股份,普钢,江西,19961225,600782.SH,20180208,7.7,7.84,7.27,7.59,7.72,-0.13,-1.68,1016493.35,771856.855,3.6474,10.0167,0.7,48.1235,15.1057,2.0831,0.7945,0.5435,0.2303,0.2303,318872.2696,278689.6212,101479.798,2420240.5263,2115254.2249,8.49,6.95,10.307
600782,新钢股份,普钢,江西,19961225,600782.SH,20180207,8.22,8.48,7.65,7.72,7.93,-0.21,-2.65,1238810.79,1007472.468,4.4451,12.2075,0.89,48.9478,15.3644,2.1188,0.8081,0.5528,0.2264,0.2264,318872.2696,278689.6212,101479.798,2461693.9213,2151483.8757,8.72,7.14,10.307
600782,新钢股份,普钢,江西,19961225,600782.SH,20180206,8.31,8.63,7.9,7.93,8.58,-0.65,-7.58,1103631.01,910120.221,3.9601,10.8754,0.74,50.2792,15.7823,2.1764,0.8301,0.5679,0.2204,0.2204,318872.2696,278689.6212,101479.798,2528657.0979,2210008.6961,9.44,7.72,10.307
600782,新钢股份,普钢,江西,19961225,600782.SH,20180205,8.05,8.86,8.05,8.58,8.24,0.34,4.13,1430349.7,1206716.466,5.1324,14.0949,0.98,54.4005,17.076,2.3548,0.8982,0.6144,0.2037,0.2037,318872.2696,278689.6212,101479.798,2735924.0732,2391156.9499,9.06,7.42,10.307
600782,新钢股份,普钢,江西,19961225,600782.SH,20180202,7.75,8.4,7.41,8.24,7.94,0.3,3.78,1496536.18,1197242.159,5.3699,14.7471,1.14,52.2448,16.3993,2.2615,0.8626,0.5901,0.2121,0.2121,318872.2696,278689.6212,101479.798,2627507.5015,2296402.4787,8.73,7.15,10.307
600782,新钢股份,普钢,江西,19961225,600782.SH,20180201,7.68,8.31,7.68,7.94,7.55,0.39,5.17,1950298.83,1564709.911,6.9981,19.2186,1.8,50.3426,15.8022,2.1792,0.8312,0.5686,0.2201,0.2201,318872.2696,278689.6212,101479.798,2531845.8206,2212795.5923,8.31,6.8,10.307
600782,新钢股份,普钢,江西,19961225,600782.SH,20180131,7.29,7.73,7.25,7.55,7.45,0.1,1.34,958027.6,719288.593,3.4376,9.4406,0.94,47.8699,15.0261,2.0721,0.7903,0.5406,0.2315,0.2315,318872.2696,278689.6212,101479.798,2407485.6355,2104106.6401,8.2,6.71,10.307
600782,新钢股份,普钢,江西,19961225,600782.SH,20180130,8.0,8.17,7.42,7.45,8.01,-0.56,-6.99,1579479.55,1219012.996,5.6675,15.5645,1.82,47.2359,14.827,2.0447,0.7799,0.5335,0.2346,0.2346,318872.2696,278689.6212,101479.798,2375598.4085,2076237.6779,8.81,7.21,10.307
600782,新钢股份,普钢,江西,19961225,600782.SH,20180129,7.68,8.03,7.53,8.01,7.53,0.48,6.37,1346397.8,1050747.87,4.8312,13.2676,1.67,50.7865,15.9415,2.1984,0.8385,0.5736,0.2182,0.2182,318872.2696,278689.6212,101479.798,2554166.8795,2232303.8658,8.28,6.78,10.307
600782,新钢股份,普钢,江西,19961225,600782.SH,20180126,7.31,7.61,7.17,7.53,7.36,0.17,2.31,748565.75,555463.14,2.686,7.3765,0.89,47.7431,14.9862,2.0666,0.7882,0.5392,0.2321,0.2321,318872.2696,278689.6212,101479.798,2401108.1901,2098532.8476,8.1,6.62,10.307
600782,新钢股份,普钢,江西,19961225,600782.SH,20180125,7.49,7.6,7.25,7.36,7.52,-0.16,-2.13,782783.29,577686.303,2.8088,7.7137,0.94,46.6652,14.6479,2.02,0.7704,0.527,0.2375,0.2375,318872.2696,278689.6212,101479.798,2346899.9043,2051155.612,8.27,6.77,10.307
600782,新钢股份,普钢,江西,19961225,600782.SH,20180124,7.55,7.69,7.35,7.52,7.65,-0.13,-1.7,638725.93,478911.507,2.2919,6.2941,0.73,47.6797,14.9663,2.0639,0.7872,0.5385,0.2324,0.2324,318872.2696,278689.6212,101479.798,2397919.4674,2095745.9514,8.42,6.89,10.307
600782,新钢股份,普钢,江西,19961225,600782.SH,20180123,7.37,7.72,7.22,7.65,7.54,0.11,1.46,830220.63,622549.89,2.979,8.1811,1.02,48.5039,15.2251,2.0996,0.8008,0.5478,0.2285,0.2285,318872.2696,278689.6212,101479.798,2439372.8624,2131975.6022,8.29,6.79,10.307
600782,新钢股份,普钢,江西,19961225,600782.SH,20180122,7.2,7.65,7.19,7.54,7.09,0.45,6.35,1030121.69,766807.949,3.6963,10.151,1.34,47.8065,15.0061,2.0694,0.7893,0.5399,0.2318,0.2318,318872.2696,278689.6212,101479.798,2404296.9128,2101319.7438,7.8,6.38,10.307
600782,新钢股份,普钢,江西,19961225,600782.SH,20180119,6.92,7.22,6.91,7.09,6.91,0.18,2.6,917314.26,648950.785,3.2915,9.0394,1.21,44.9533,14.1106,1.9459,0.7422,0.5077,0.2465,0.2465,318872.2696,278689.6212,101479.798,2260804.3915,1975909.4143,7.6,6.22,10.307
600782,新钢股份,普钢,江西,19961225,600782.SH,20180118,6.63,6.96,6.63,6.91,6.67,0.24,3.6,735939.0,502178.133,2.6407,7.2521,0.98,43.8121,13.7523,1.8965,0.7233,0.4948,0.253,0.253,318872.2696,278689.6212,101479.798,2203407.3829,1925745.2825,7.34,6.0,10.307
600782,新钢股份,普钢,江西,19961225,600782.SH,20180117,6.5,6.84,6.35,6.67,6.53,0.14,2.14,838384.98,556557.736,3.0083,8.2616,1.05,42.2904,13.2747,1.8306,0.6982,0.4776,0.2621,0.2621,318872.2696,278689.6212,101479.798,2126878.0382,1858859.7734,7.18,5.88,10.307
600782,新钢股份,普钢,江西,19961225,600782.SH,20180116,6.47,6.62,6.38,6.53,6.46,0.07,1.08,566031.32,367042.587,2.031,5.5778,0.68,41.4027,12.996,1.7922,0.6836,0.4676,0.2677,0.2677,318872.2696,278689.6212,101479.798,2082235.9205,1819843.2264,7.11,5.81,10.307
600782,新钢股份,普钢,江西,19961225,600782.SH,20180115,6.76,6.84,6.38,6.46,6.99,-0.53,-7.58,775675.92,508983.025,2.7833,7.6436,0.88,40.9589,12.8567,1.773,0.6762,0.4626,0.2706,0.2706,318872.2696,278689.6212,101479.798,2059914.8616,1800334.953,7.69,6.29,10.307
600782,新钢股份,普钢,江西,19961225,600782.SH,20180112,7.1,7.4,6.92,6.99,7.14,-0.15,-2.1,870752.87,618864.093,3.1245,8.5806,1.05,44.3193,13.9115,1.9184,0.7317,0.5005,0.2501,0.2501,318872.2696,278689.6212,101479.798,2228917.1645,1948040.4522,7.85,6.43,10.307
600782,新钢股份,普钢,江西,19961225,600782.SH,20180111,7.35,7.41,7.12,7.14,7.49,-0.35,-4.67,707058.12,511346.579,2.5371,6.9675,0.84,45.2703,14.2101,1.9596,0.7474,0.5113,0.2448,0.2448,318872.2696,278689.6212,101479.798,2276748.0049,1989843.8954,8.24,6.74,10.307
600782,新钢股份,普钢,江西,19961225,600782.SH,20180110,7.08,7.5,6.91,7.49,7.16,0.33,4.61,1084765.63,784864.808,3.8924,10.6895,1.38,47.4895,14.9066,2.0557,0.7841,0.5364,0.2334,0.2334,318872.2696,278689.6212,101479.798,2388353.2993,2087385.2628,7.88,6.44,10.307
600782,新钢股份,普钢,江西,19961225,600782.SH,20180109,7.15,7.33,7.05,7.16,7.14,0.02,0.28,747372.66,535746.509,2.6817,7.3647,0.94,45.3971,14.2499,1.9651,0.7495,0.5127,0.2441,0.2441,318872.2696,278689.6212,101479.798,2283125.4503,1995417.6878,7.85,6.43,10.307
600782,新钢股份,普钢,江西,19961225,600782.SH,20180108,6.87,7.28,6.78,7.14,6.75,0.39,5.78,1019564.48,719386.462,3.6584,10.047,1.48,45.2703,14.2101,1.9596,0.7474,0.5113,0.2448,0.2448,318872.2696,278689.6212,101479.798,2276748.0049,1989843.8954,7.43,6.08,10.307
600782,新钢股份,普钢,江西,19961225,600782.SH,20180105,6.79,6.96,6.74,6.75,6.85,-0.1,-1.46,568875.37,388275.329,2.0413,5.6058,0.79,42.7976,13.4339,1.8526,0.7066,0.4834,0.259,0.259,318872.2696,278689.6212,101479.798,2152387.8198,1881154.9431,7.54,6.17,10.307
600782,新钢股份,普钢,江西,19961225,600782.SH,20180104,6.74,7.06,6.74,6.85,6.8,0.05,0.74,783465.37,539503.314,2.8112,7.7204,1.14,43.4316,13.6329,1.88,0.7171,0.4905,0.2552,0.2552,318872.2696,278689.6212,101479.798,2184275.0468,1909023.9052,7.48,6.12,10.307
600782,新钢股份,普钢,江西,19961225,600782.SH,20180103,6.87,7.12,6.76,6.8,6.92,-0.12,-1.73,818695.87,567028.125,2.9377,8.0676,1.25,43.1146,13.5334,1.8663,0.7118,0.4869,0.2571,0.2571,318872.2696,278689.6212,101479.798,2168331.4333,1895089.4242,7.61,6.23,10.307
600782,新钢股份,普钢,江西,19961225,600782.SH,20180102,6.58,6.95,6.47,6.92,6.58,0.34,5.17,800337.6,542930.138,2.8718,7.8867,1.34,43.8755,13.7722,1.8992,0.7244,0.4955,0.2526,0.2526,318872.2696,278689.6212,101479.798,2206596.1056,1928532.1787,7.24,5.92,10.307
600782,新钢股份,普钢,江西,19961225,600782.SH,20171229,6.58,6.66,6.46,6.58,6.58,0.0,0.0,462501.03,303401.435,1.6596,4.5576,0.67,41.7197,13.0956,1.8059,0.6888,0.4712,0.1992,0.2656,318872.2696,278689.6212,101479.798,2098179.534,1833777.7075,7.24,5.92,10.307
600782,新钢股份,普钢,江西,19961225,600782.SH,20171228,6.34,6.6,6.25,6.58,6.4,0.18,2.81,720336.03,465894.621,2.5847,7.0983,1.04,41.7197,13.0956,1.8059,0.6888,0.4712,0.1992,0.2656,318872.2696,278689.6212,101479.798,2098179.534,1833777.7075,7.04,5.76,10.307
600782,新钢股份,普钢,江西,19961225,600782.SH,20171227,6.48,6.62,6.36,6.4,6.48,-0.08,-1.23,641805.47,416096.093,2.3029,6.3245,0.93,40.5785,12.7373,1.7565,0.67,0.4583,0.2048,0.2731,318872.2696,278689.6212,101479.798,2040782.5254,1783613.5757,7.13,5.83,10.307
600782,新钢股份,普钢,江西,19961225,600782.SH,20171226,6.1,6.49,6.06,6.48,6.19,0.29,4.69,654053.8,413587.022,2.3469,6.4452,1.01,41.0857,12.8965,1.7785,0.6783,0.464,0.2023,0.2697,318872.2696,278689.6212,101479.798,2066292.307,1805908.7454,6.81,5.57,10.307
600782,新钢股份,普钢,江西,19961225,600782.SH,20171225,6.39,6.39,6.15,6.19,6.42,-0.23,-3.58,515789.5,321040.544,1.8508,5.0827,0.76,39.247,12.3194,1.6989,0.648,0.4433,0.2118,0.2824,318872.2696,278689.6212,101479.798,1973819.3488,1725088.7552,7.06,5.78,10.307
600782,新钢股份,普钢,江西,19961225,600782.SH,20171222,6.28,6.57,6.27,6.42,6.22,0.2,3.22,935258.53,600937.145,3.3559,9.2162,1.39,40.7053,12.7771,1.762,0.672,0.4597,0.2042,0.2723,318872.2696,278689.6212,101479.798,2047159.9708,1789187.3681,6.84,5.6,10.307
600782,新钢股份,普钢,江西,19961225,600782.SH,20171221,5.93,6.24,5.9,6.22,5.9,0.32,5.42,717924.03,436956.269,2.5761,7.0746,1.12,39.4372,12.3791,1.7071,0.6511,0.4454,0.2108,0.281,318872.2696,278689.6212,101479.798,1983385.5169,1733449.4439,6.49,5.31,10.307
600782,新钢股份,普钢,江西,19961225,600782.SH,20171220,6.13,6.15,5.86,5.9,6.11,-0.21,-3.44,625432.06,371113.345,2.2442,6.1631,1.0,37.4083,11.7422,1.6193,0.6176,0.4225,0.2222,0.2963,318872.2696,278689.6212,101479.798,1881346.3906,1644268.7651,6.72,5.5,10.307
600782,新钢股份,普钢,江西,19961225,600782.SH,20171219,6.18,6.18,6.08,6.11,6.2,-0.09,-1.45,431446.98,263759.119,1.5481,4.2516,0.64,38.7397,12.1602,1.6769,0.6396,0.4375,0.2146,0.2861,318872.2696,278689.6212,101479.798,1948309.5673,1702793.5855,6.82,5.58,10.307
600782,新钢股份,普钢,江西,19961225,600782.SH,20171218,6.26,6.31,6.08,6.2,6.17,0.03,0.49,662988.42,409349.625,2.3789,6.5332,1.01,39.3104,12.3393,1.7016,0.649,0.444,0.2114,0.2819,318872.2696,278689.6212,101479.798,1977008.0715,1727875.6514,6.79,5.55,10.307
600782,新钢股份,普钢,江西,19961225,600782.SH,20171215,6.46,6.5,6.08,6.17,6.55,-0.38,-5.8,934050.78,581716.275,3.3516,9.2043,1.37,39.1202,12.2796,1.6934,0.6459,0.4418,0.2125,0.2833,318872.2696,278689.6212,101479.798,1967441.9034,1719514.9628,7.21,5.9,10.307
600782,新钢股份,普钢,江西,19961225,600782.SH,20171214,6.64,6.72,6.45,6.55,6.7,-0.15,-2.24,562617.1,369904.462,2.0188,5.5441,0.82,41.5295,13.0358,1.7977,0.6857,0.469,0.2001,0.2669,318872.2696,278689.6212,101479.798,2088613.3659,1825417.0189,7.37,6.03,10.307
600782,新钢股份,普钢,江西,19961225,600782.SH,20171213,6.56,6.71,6.41,6.7,6.65,0.05,0.75,520958.53,342330.242,1.8693,5.1336,0.68,42.4806,13.3344,1.8388,0.7014,0.4798,0.1957,0.2609,318872.2696,278689.6212,101479.798,2136444.2063,1867220.462,7.32,5.99,10.307
600782,新钢股份,普钢,江西,19961225,600782.SH,20171212,6.65,6.91,6.58,6.65,6.63,0.02,0.3,691020.53,465652.728,2.4795,6.8094,0.9,42.1636,13.2349,1.8251,0.6961,0.4762,0.1971,0.2629,318872.2696,278689.6212,101479.798,2120500.5928,1853285.981,7.29,5.97,10.307
600782,新钢股份,普钢,江西,19961225,600782.SH,20171211,6.65,6.73,6.5,6.63,6.68,-0.05,-0.75,579329.84,382722.968,2.0788,5.7088,0.73,42.0367,13.1951,1.8196,0.694,0.4748,0.1977,0.2636,318872.2696,278689.6212,101479.798,2114123.1474,1847712.1886,7.35,6.01,10.307
600782,新钢股份,普钢,江西,19961225,600782.SH,20171208,6.44,6.69,6.16,6.68,6.44,0.24,3.73,1062580.55,684793.722,3.8128,10.4709,1.5,42.3538,13.2946,1.8334,0.6993,0.4783,0.1963,0.2617,318872.2696,278689.6212,101479.798,2130066.7609,1861646.6696,7.08,5.8,10.307
600782,新钢股份,普钢,江西,19961225,600782.SH,20171207,6.68,6.74,6.41,6.44,6.73,-0.29,-4.31,570096.83,374837.869,2.0456,5.6178,0.72,40.8321,12.8169,1.7675,0.6741,0.4612,0.2036,0.2714,318872.2696,278689.6212,101479.798,2053537.4162,1794761.1605,7.4,6.06,10.307
600782,新钢股份,普钢,江西,19961225,600782.SH,20171206,6.9,6.95,6.46,6.73,6.99,-0.26,-3.72,919774.56,614864.458,3.3004,9.0636,1.05,42.6708,13.3941,1.8471,0.7045,0.4819,0.1948,0.2597,318872.2696,278689.6212,101479.798,2146010.3744,1875581.1507,7.69,6.29,10.307
600782,新钢股份,普钢,江西,19961225,600782.SH,20171205,7.24,7.32,6.74,6.99,7.2,-0.21,-2.92,690748.72,487920.697,2.4786,6.8068,0.72,44.3193,13.9115,1.9184,0.7317,0.5005,0.1876,0.2501,318872.2696,278689.6212,101479.798,2228917.1645,1948040.4522,7.92,6.48,10.307
600782,新钢股份,普钢,江西,19961225,600782.SH,20171204,7.52,7.68,7.18,7.2,7.51,-0.31,-4.13,735014.52,543472.88,2.6374,7.243,0.75,45.6508,14.3295,1.9761,0.7537,0.5156,0.1821,0.2428,318872.2696,278689.6212,101479.798,2295880.3411,2006565.2726,8.26,6.76,10.307
600782,新钢股份,普钢,江西,19961225,600782.SH,20171201,7.51,7.55,7.25,7.51,7.5,0.01,0.13,627844.4,464490.477,2.2528,6.1869,0.65,47.6163,14.9464,2.0611,0.7861,0.5378,0.1746,0.2328,318872.2696,278689.6212,101479.798,2394730.7447,2092959.0552,8.25,6.75,10.307
600782,新钢股份,普钢,江西,19961225,600782.SH,20171130,7.68,7.78,7.39,7.5,7.58,-0.08,-1.06,965165.65,731105.257,3.4632,9.5109,1.08,47.5529,14.9265,2.0584,0.7851,0.5371,0.1748,0.2331,318872.2696,278689.6212,101479.798,2391542.022,2090172.159,8.34,6.82,10.307
600782,新钢股份,普钢,江西,19961225,600782.SH,20171129,7.2,7.95,7.1,7.58,7.23,0.35,4.84,1357105.41,1024387.35,4.8696,13.3732,1.73,48.0601,15.0858,2.0804,0.7935,0.5428,0.173,0.2306,318872.2696,278689.6212,101479.798,2417051.8036,2112467.3287,7.95,6.51,10.307
600782,新钢股份,普钢,江西,19961225,600782.SH,20171128,6.52,7.24,6.43,7.23,6.59,0.64,9.71,1120227.94,771304.972,4.0196,11.0389,1.61,45.841,14.3892,1.9843,0.7568,0.5177,0.1813,0.2418,318872.2696,278689.6212,101479.798,2305446.5092,2014925.9613,7.25,5.93,10.307
600782,新钢股份,普钢,江西,19961225,600782.SH,20171127,6.54,6.75,6.42,6.59,6.38,0.21,3.29,852501.88,561423.807,3.059,8.4007,1.31,41.7831,13.1155,1.8087,0.6898,0.4719,0.1989,0.2652,318872.2696,278689.6212,101479.798,2101368.2567,1836564.6037,7.02,5.74,10.307
600782,新钢股份,普钢,江西,19961225,600782.SH,20171124,6.11,6.39,6.06,6.38,6.28,0.1,1.59,506421.17,317311.984,1.8172,4.9904,0.69,40.4516,12.6975,1.751,0.6679,0.4569,0.2055,0.274,318872.2696,278689.6212,101479.798,2034405.08,1778039.7833,6.91,5.65,10.307
600782,新钢股份,普钢,江西,19961225,600782.SH,20171123,6.55,6.64,6.23,6.28,6.5,-0.22,-3.38,620105.02,400766.611,2.2251,6.1106,0.81,39.8176,12.4985,1.7236,0.6574,0.4497,0.2088,0.2783,318872.2696,278689.6212,101479.798,2002517.8531,1750170.8211,7.15,5.85,10.307
600782,新钢股份,普钢,江西,19961225,600782.SH,20171122,6.45,6.53,6.26,6.5,6.32,0.18,2.85,830207.95,534649.503,2.979,8.181,1.14,41.2125,12.9363,1.784,0.6804,0.4655,0.2017,0.2689,318872.2696,278689.6212,101479.798,2072669.7524,1811482.5378,6.95,5.69,10.307
600782,新钢股份,普钢,江西,19961225,600782.SH,20171121,6.43,6.66,6.24,6.32,6.48,-0.16,-2.47,672421.59,434068.044,2.4128,6.6262,0.83,40.0712,12.5781,1.7345,0.6616,0.4526,0.2074,0.2766,318872.2696,278689.6212,101479.798,2015272.7439,1761318.406,7.13,5.83,10.307
600782,新钢股份,普钢,江西,19961225,600782.SH,20171120,6.14,6.55,6.05,6.48,6.39,0.09,1.41,626467.55,397258.226,2.2479,6.1733,0.7,41.0857,12.8965,1.7785,0.6783,0.464,0.2023,0.2697,318872.2696,278689.6212,101479.798,2066292.307,1805908.7454,7.03,5.75,10.307
600782,新钢股份,普钢,江西,19961225,600782.SH,20171117,6.68,6.68,6.14,6.39,6.82,-0.43,-6.31,914253.76,589795.126,3.2805,9.0092,1.08,40.5151,12.7174,1.7538,0.6689,0.4576,0.2052,0.2735,318872.2696,278689.6212,101479.798,2037593.8027,1780826.6795,7.5,6.14,10.307
600782,新钢股份,普钢,江西,19961225,600782.SH,20171116,6.6,6.94,6.5,6.82,6.61,0.21,3.18,763972.69,514158.357,2.7413,7.5283,0.89,37.7924,11.8628,1.9228,0.624,0.4268,0.2199,0.2933,278689.6212,278689.6212,101479.798,1900663.2166,1900663.2166,7.27,5.95,10.307
600782,新钢股份,普钢,江西,19961225,600782.SH,20171115,6.58,6.69,6.41,6.61,6.78,-0.17,-2.51,659092.96,432248.707,2.365,6.4948,0.73,36.6287,11.4975,1.8636,0.6047,0.4137,0.2269,0.3026,278689.6212,278689.6212,101479.798,1842138.3961,1842138.3961,7.46,6.1,10.307
600782,新钢股份,普钢,江西,19961225,600782.SH,20171114,6.58,7.06,6.55,6.78,6.49,0.29,4.47,1077262.89,737573.875,3.8655,10.6155,1.14,37.5707,11.7932,1.9115,0.6203,0.4243,0.2212,0.295,278689.6212,278689.6212,101479.798,1889515.6317,1889515.6317,7.14,5.84,10.307
600782,新钢股份,普钢,江西,19961225,600782.SH,20171113,6.16,6.5,6.1,6.49,6.16,0.33,5.36,1056327.23,668909.39,3.7903,10.4092,1.15,35.9637,11.2888,1.8298,0.5938,0.4062,0.2311,0.3082,278689.6212,278689.6212,101479.798,1808695.6416,1808695.6416,6.78,5.54,10.307
600782,新钢股份,普钢,江西,19961225,600782.SH,20171110,6.21,6.23,6.0,6.16,6.15,0.01,0.16,672412.23,408318.212,2.4128,6.6261,0.75,34.135,10.7148,1.7367,0.5636,0.3855,0.2435,0.3247,278689.6212,278689.6212,101479.798,1716728.0666,1716728.0666,6.77,5.53,10.307
600782,新钢股份,普钢,江西,19961225,600782.SH,20171109,6.14,6.45,6.04,6.15,6.07,0.08,1.32,830968.48,519514.85,2.9817,8.1885,1.0,34.0796,10.6974,1.7339,0.5627,0.3849,0.2439,0.3252,278689.6212,278689.6212,101479.798,1713941.1704,1713941.1704,6.68,5.46,10.307
600782,新钢股份,普钢,江西,19961225,600782.SH,20171108,5.85,6.14,5.73,6.07,5.91,0.16,2.71,898202.69,540733.355,3.2229,8.851,1.2,33.6363,10.5582,1.7113,0.5553,0.3799,0.2471,0.3295,278689.6212,278689.6212,101479.798,1691646.0007,1691646.0007,6.5,5.32,10.307
600782,新钢股份,普钢,江西,19961225,600782.SH,20171107,5.44,6.05,5.42,5.91,5.5,0.41,7.45,1251581.0,726045.248,4.4909,12.3333,2.19,32.7497,10.2799,1.6662,0.5407,0.3699,0.2538,0.3384,278689.6212,278689.6212,101479.798,1647055.6613,1647055.6613,6.05,4.95,10.307
600782,新钢股份,普钢,江西,19961225,600782.SH,20171106,5.18,5.53,5.1,5.5,5.1,0.4,7.84,939519.05,497049.218,3.3712,9.2582,1.94,30.4777,9.5668,1.5506,0.5032,0.3442,0.2727,0.3636,278689.6212,278689.6212,101479.798,1532792.9166,1532792.9166,5.61,4.59,10.307
600782,新钢股份,普钢,江西,19961225,600782.SH,20171103,5.35,5.4,5.02,5.1,5.35,-0.25,-4.67,585653.16,302595.84,2.1015,5.7711,1.27,28.2611,8.871,1.4379,0.4666,0.3192,0.2941,0.3922,278689.6212,278689.6212,101479.798,1421317.0681,1421317.0681,5.89,4.82,10.307
600782,新钢股份,普钢,江西,19961225,600782.SH,20171102,5.45,5.55,5.33,5.35,5.44,-0.09,-1.65,484571.89,264146.784,1.7388,4.7751,1.05,29.6465,9.3058,1.5083,0.4895,0.3348,0.2804,0.3738,278689.6212,278689.6212,101479.798,1490989.4734,1490989.4734,5.98,4.9,10.307
600782,新钢股份,普钢,江西,19961225,600782.SH,20171101,5.57,5.6,5.43,5.44,5.54,-0.1,-1.81,489244.64,269536.066,1.7555,4.8211,1.13,30.1452,9.4624,1.5337,0.4977,0.3405,0.2757,0.3676,278689.6212,278689.6212,101479.798,1516071.5393,1516071.5393,6.09,4.99,10.307
600782,新钢股份,普钢,江西,19961225,600782.SH,20171031,5.49,5.62,5.46,5.54,5.5,0.04,0.73,352387.1,195030.75,1.2644,3.4725,0.83,30.6994,9.6363,1.5619,0.5068,0.3467,0.2708,0.361,278689.6212,278689.6212,101479.798,1543940.5014,1543940.5014,6.05,4.95,10.307
600782,新钢股份,普钢,江西,19961225,600782.SH,20171030,5.88,5.9,5.42,5.5,5.87,-0.37,-6.3,510914.13,285621.438,1.8333,4.0229,1.37,30.4777,15.9,1.6871,0.5032,0.376,0.2727,0.3636,278689.6212,278689.6212,127002.5486,1532792.9166,1532792.9166,6.46,5.28,10.307
600782,新钢股份,普钢,江西,19961225,600782.SH,20171027,6.04,6.07,5.84,5.87,6.1,-0.23,-3.77,467377.05,277929.558,1.6771,3.6801,1.35,32.528,16.9696,1.8006,0.537,0.4013,0.2555,0.3407,278689.6212,278689.6212,127002.5486,1635908.0764,1635908.0764,6.71,5.49,10.307
600782,新钢股份,普钢,江西,19961225,600782.SH,20171026,6.07,6.19,5.95,6.1,6.11,-0.01,-0.16,493039.78,299022.073,1.7691,3.8821,1.55,33.8025,17.6345,1.8711,0.5581,0.417,0.2459,0.3279,278689.6212,278689.6212,127002.5486,1700006.6893,1700006.6893,6.72,5.5,10.307
600782,新钢股份,普钢,江西,19961225,600782.SH,20171025,6.17,6.3,6.05,6.11,6.17,-0.06,-0.97,347689.86,212548.844,1.2476,2.7377,1.03,33.858,17.6635,1.8742,0.559,0.4177,0.2455,0.3273,278689.6212,278689.6212,127002.5486,1702793.5855,1702793.5855,6.79,5.55,10.307
600782,新钢股份,普钢,江西,19961225,600782.SH,20171024,6.21,6.35,6.11,6.17,6.18,-0.01,-0.16,299851.22,186459.623,1.0759,2.361,0.83,34.1904,17.8369,1.8926,0.5645,0.4218,0.2431,0.3241,278689.6212,278689.6212,127002.5486,1719514.9628,1719514.9628,6.8,5.56,10.307
600782,新钢股份,普钢,江西,19961225,600782.SH,20171023,6.25,6.25,6.12,6.18,6.28,-0.1,-1.59,252564.86,155978.669,0.9063,1.9887,0.58,34.2459,17.8658,1.8957,0.5654,0.4225,0.2427,0.3236,278689.6212,278689.6212,127002.5486,1722301.859,1722301.859,6.91,5.65,10.307
600782,新钢股份,普钢,江西,19961225,600782.SH,20171020,6.04,6.29,6.04,6.28,6.08,0.2,3.29,334488.75,207114.782,1.2002,2.6337,0.64,34.8,18.1549,1.9263,0.5746,0.4293,0.2389,0.3185,278689.6212,278689.6212,127002.5486,1750170.8211,1750170.8211,6.69,5.47,10.307
600782,新钢股份,普钢,江西,19961225,600782.SH,20171019,5.99,6.17,5.92,6.08,6.12,-0.04,-0.65,357155.63,216502.367,1.2816,2.8122,0.61,33.6917,17.5767,1.865,0.5563,0.4157,0.2467,0.3289,278689.6212,278689.6212,127002.5486,1694432.8969,1694432.8969,6.73,5.51,10.307
600782,新钢股份,普钢,江西,19961225,600782.SH,20171018,6.29,6.42,6.04,6.12,6.36,-0.24,-3.77,449032.56,280322.016,1.6112,3.5356,0.76,33.9134,17.6924,1.8773,0.5599,0.4184,0.2451,0.3268,278689.6212,278689.6212,127002.5486,1705580.4817,1705580.4817,7.0,5.72,10.307
600782,新钢股份,普钢,江西,19961225,600782.SH,20171017,6.4,6.45,6.3,6.36,6.54,-0.18,-2.75,422053.13,268557.465,1.5144,3.3232,0.64,35.2433,18.3862,1.9509,0.5819,0.4348,0.2358,0.3145,278689.6212,278689.6212,127002.5486,1772465.9908,1772465.9908,7.19,5.89,10.307
600782,新钢股份,普钢,江西,19961225,600782.SH,20171016,6.5,6.67,6.36,6.54,6.45,0.09,1.4,628273.87,409781.488,2.2544,4.9469,0.98,36.2408,18.9065,2.0061,0.5983,0.4471,0.2294,0.3058,278689.6212,278689.6212,127002.5486,1822630.1226,1822630.1226,7.1,5.81,10.307
600782,新钢股份,普钢,江西,19961225,600782.SH,20171013,6.4,6.57,6.29,6.45,6.38,0.07,1.1,755066.24,486883.764,2.7093,5.9453,1.29,35.742,18.6464,1.9785,0.5901,0.441,0.2326,0.3101,278689.6212,278689.6212,127002.5486,1797548.0567,1797548.0567,7.02,5.74,10.307
600782,新钢股份,普钢,江西,19961225,600782.SH,20171012,6.09,6.51,6.01,6.38,6.07,0.31,5.11,678977.14,422827.739,2.4363,5.3462,1.22,35.3541,18.444,1.957,0.5837,0.4362,0.2351,0.3135,278689.6212,278689.6212,127002.5486,1778039.7833,1778039.7833,6.68,5.46,10.307
600782,新钢股份,普钢,江西,19961225,600782.SH,20171011,6.04,6.25,5.91,6.07,6.11,-0.04,-0.65,486410.33,294947.957,1.7453,3.8299,0.73,33.6363,17.5478,1.8619,0.5553,0.415,0.2471,0.3295,278689.6212,278689.6212,127002.5486,1691646.0007,1691646.0007,6.72,5.5,10.307
600782,新钢股份,普钢,江西,19961225,600782.SH,20171010,6.36,6.36,6.05,6.11,6.43,-0.32,-4.98,740604.1,454536.937,2.6575,5.8314,1.19,33.858,17.6635,1.8742,0.559,0.4177,0.2455,0.3273,278689.6212,278689.6212,127002.5486,1702793.5855,1702793.5855,7.07,5.79,10.307
600782,新钢股份,普钢,江西,19961225,600782.SH,20171009,6.52,6.68,6.42,6.43,6.3,0.13,2.06,560855.71,365733.944,2.0125,4.4161,0.93,35.6312,18.5885,1.9724,0.5883,0.4396,0.2333,0.311,278689.6212,278689.6212,127002.5486,1791974.2643,1791974.2643,6.93,5.67,10.307
600782,新钢股份,普钢,江西,19961225,600782.SH,20170929,6.26,6.44,6.2,6.3,6.24,0.06,0.96,459200.06,289740.101,1.6477,3.6157,0.65,34.9108,18.2127,1.9325,0.5764,0.4307,0.2381,0.3175,278689.6212,278689.6212,127002.5486,1755744.6136,1755744.6136,6.86,5.62,10.307
600782,新钢股份,普钢,江西,19961225,600782.SH,20170928,6.36,6.36,6.21,6.24,6.4,-0.16,-2.5,535207.06,335596.637,1.9204,4.2141,0.71,34.5783,18.0393,1.9141,0.5709,0.4266,0.2404,0.3205,278689.6212,278689.6212,127002.5486,1739023.2363,1739023.2363,7.04,5.76,10.307
600782,新钢股份,普钢,江西,19961225,600782.SH,20170927,6.12,6.45,6.08,6.4,5.99,0.41,6.84,1049848.65,661880.857,3.7671,8.2664,1.36,35.465,18.5018,1.9632,0.5855,0.4375,0.2344,0.3125,278689.6212,278689.6212,127002.5486,1783613.5757,1783613.5757,6.59,5.39,10.307
600782,新钢股份,普钢,江西,19961225,600782.SH,20170926,5.85,6.09,5.81,5.99,5.85,0.14,2.39,517216.98,309956.956,1.8559,4.0725,0.64,33.193,17.3165,1.8374,0.548,0.4095,0.2504,0.3339,278689.6212,278689.6212,127002.5486,1669350.831,1669350.831,6.44,5.27,10.307
600782,新钢股份,普钢,江西,19961225,600782.SH,20170925,5.91,6.0,5.83,5.85,6.0,-0.15,-2.5,461649.65,273390.273,1.6565,3.635,0.49,32.4172,16.9118,1.7944,0.5352,0.3999,0.2564,0.3419,278689.6212,278689.6212,127002.5486,1630334.284,1630334.284,6.6,5.4,10.307
600782,新钢股份,普钢,江西,19961225,600782.SH,20170922,5.71,6.15,5.6,6.0,6.15,-0.15,-2.44,942272.65,559875.695,3.3811,7.4193,0.9,33.2484,17.3455,1.8405,0.5489,0.4102,0.25,0.3333,278689.6212,278689.6212,127002.5486,1672137.7272,1672137.7272,6.77,5.54,10.307
600782,新钢股份,普钢,江西,19961225,600782.SH,20170921,6.24,6.41,6.12,6.15,6.24,-0.09,-1.44,802446.61,499771.657,2.8794,6.3184,0.74,34.0796,17.7791,1.8865,0.5627,0.4204,0.2439,0.3252,278689.6212,278689.6212,127002.5486,1713941.1704,1713941.1704,6.86,5.62,10.307
600782,新钢股份,普钢,江西,19961225,600782.SH,20170920,6.12,6.25,5.92,6.24,5.93,0.31,5.23,1122319.52,683473.596,4.0271,8.837,0.99,34.5783,18.0393,1.9141,0.5709,0.4266,0.2404,0.3205,278689.6212,278689.6212,127002.5486,1739023.2363,1739023.2363,6.52,5.34,10.307
600782,新钢股份,普钢,江西,19961225,600782.SH,20170919,5.93,6.11,5.9,5.93,5.99,-0.06,-1.0,708787.32,425577.818,2.5433,5.5809,0.59,32.8605,17.1431,1.819,0.5425,0.4054,0.253,0.3373,278689.6212,278689.6212,127002.5486,1652629.4537,1652629.4537,6.59,5.39,10.307
600782,新钢股份,普钢,江西,19961225,600782.SH,20170918,5.96,6.01,5.71,5.99,6.12,-0.13,-2.12,1091352.22,640448.026,3.916,8.5932,0.95,33.193,17.3165,1.8374,0.548,0.4095,0.2504,0.3339,278689.6212,278689.6212,127002.5486,1669350.831,1669350.831,6.73,5.51,10.307
600782,新钢股份,普钢,江西,19961225,600782.SH,20170915,6.7,6.7,6.11,6.12,6.79,-0.67,-9.87,1526653.97,957303.607,5.478,12.0207,1.48,33.9134,17.6924,1.8773,0.5599,0.4184,0.2451,0.3268,278689.6212,278689.6212,127002.5486,1705580.4817,1705580.4817,7.47,6.11,10.307
600782,新钢股份,普钢,江西,19961225,600782.SH,20170914,7.09,7.2,6.7,6.79,7.15,-0.36,-5.04,1002928.64,693374.787,3.5987,7.8969,1.02,37.6261,19.6293,2.0828,0.6212,0.4642,0.2209,0.2946,278689.6212,278689.6212,127002.5486,1892302.5279,1892302.5279,7.87,6.44,10.307
600782,新钢股份,普钢,江西,19961225,600782.SH,20170913,6.71,7.21,6.67,7.15,6.77,0.38,5.61,1330066.57,929502.881,4.7726,10.4728,1.43,39.621,20.67,2.1932,0.6541,0.4888,0.2098,0.2797,278689.6212,278689.6212,127002.5486,1992630.7916,1992630.7916,7.45,6.09,10.307
600782,新钢股份,普钢,江西,19961225,600782.SH,20170912,6.94,7.1,6.72,6.77,6.89,-0.12,-1.74,1081466.85,742579.41,3.8805,8.5153,1.2,37.5153,19.5715,2.0766,0.6194,0.4628,0.2216,0.2954,278689.6212,278689.6212,127002.5486,1886728.7355,1886728.7355,7.58,6.2,10.307
600782,新钢股份,普钢,江西,19961225,600782.SH,20170911,6.68,6.9,6.44,6.89,6.77,0.12,1.77,817514.42,545057.747,2.9334,6.437,0.86,38.1803,19.9184,2.1135,0.6304,0.471,0.2177,0.2903,278689.6212,278689.6212,127002.5486,1920171.4901,1920171.4901,7.45,6.09,10.307
600782,新钢股份,普钢,江西,19961225,600782.SH,20170908,6.95,7.06,6.65,6.77,6.95,-0.18,-2.59,913962.11,625478.268,3.2795,7.1964,0.87,37.5153,19.5715,2.0766,0.6194,0.4628,0.2216,0.2954,278689.6212,278689.6212,127002.5486,1886728.7355,1886728.7355,7.65,6.26,10.307
600782,新钢股份,普钢,江西,19961225,600782.SH,20170907,7.21,7.25,6.82,6.95,7.28,-0.33,-4.53,791586.85,555756.996,2.8404,6.2328,0.68,38.5127,20.0918,2.1319,0.6358,0.4751,0.2158,0.2878,278689.6212,278689.6212,127002.5486,1936892.8673,1936892.8673,8.01,6.55,10.307
600782,新钢股份,普钢,江西,19961225,600782.SH,20170906,6.72,7.36,6.62,7.28,6.86,0.42,6.12,1041343.22,737069.264,3.7366,8.1994,0.81,40.3414,21.0458,2.2331,0.666,0.4977,0.206,0.2747,278689.6212,278689.6212,127002.5486,2028860.4423,2028860.4423,7.55,6.17,10.307
600782,新钢股份,普钢,江西,19961225,600782.SH,20170905,6.92,7.12,6.4,6.86,6.98,-0.12,-1.72,937900.09,633130.706,3.3654,7.3849,0.75,38.014,19.8316,2.1043,0.6276,0.469,0.2187,0.2915,278689.6212,278689.6212,127002.5486,1911810.8014,1911810.8014,7.68,6.28,10.307
600782,新钢股份,普钢,江西,19961225,600782.SH,20170904,7.18,7.39,6.75,6.98,6.96,0.02,0.29,1092274.52,771772.764,3.9193,8.6004,0.94,38.679,20.1785,2.1411,0.6386,0.4772,0.2149,0.2865,278689.6212,278689.6212,127002.5486,1945253.556,1945253.556,7.66,6.26,10.307
600782,新钢股份,普钢,江西,19961225,600782.SH,20170901,6.57,7.28,6.49,6.96,6.68,0.28,4.19,1375543.18,956164.694,4.9358,10.8308,1.31,38.5682,20.1207,2.1349,0.6368,0.4758,0.2155,0.2874,278689.6212,278689.6212,127002.5486,1939679.7636,1939679.7636,7.35,6.01,10.307
600782,新钢股份,普钢,江西,19961225,600782.SH,20170831,6.15,6.78,6.11,6.68,6.17,0.51,8.27,1389427.95,896049.89,4.9856,10.9402,1.64,37.0166,19.3113,2.049,0.6111,0.4567,0.2246,0.2994,278689.6212,278689.6212,127002.5486,1861646.6696,1861646.6696,6.79,5.55,10.307
600782,新钢股份,普钢,江西,19961225,600782.SH,20170830,5.61,6.17,5.61,6.17,5.61,0.56,9.98,1632947.41,972859.513,5.8594,12.8576,2.58,34.1904,17.8369,1.8926,0.5645,0.4218,0.2431,0.3241,278689.6212,278689.6212,127002.5486,1719514.9628,1719514.9628,6.17,5.05,10.307
600782,新钢股份,普钢,江西,19961225,600782.SH,20170829,5.53,5.94,5.49,5.61,5.56,0.05,0.9,762808.38,431902.588,2.7371,6.0062,1.29,31.0873,16.218,1.7208,0.5133,0.3835,0.2674,0.3565,278689.6212,278689.6212,127002.5486,1563448.7749,1563448.7749,6.12,5.0,10.307
600782,新钢股份,普钢,江西,19961225,600782.SH,20170828,5.36,5.6,5.31,5.56,5.45,0.11,2.02,628104.63,343358.43,2.2538,4.9456,0.93,30.8102,16.0735,1.7055,0.5087,0.3801,0.2698,0.3597,278689.6212,278689.6212,127002.5486,1549514.2939,1549514.2939,6.0,4.91,10.307
600782,新钢股份,普钢,江西,19961225,600782.SH,20170825,5.25,5.65,5.25,5.45,5.16,0.29,5.62,837887.94,457608.252,3.0065,6.5974,1.43,30.2006,15.7555,1.6717,0.4986,0.3726,0.2752,0.367,278689.6212,278689.6212,127002.5486,1518858.4355,1518858.4355,5.68,4.64,10.307
600782,新钢股份,普钢,江西,19961225,600782.SH,20170824,5.27,5.34,5.12,5.16,5.23,-0.07,-1.34,363263.14,190652.111,1.3035,2.8603,0.56,28.5936,16.5904,1.6362,0.4721,0.4125,0.2907,0.3876,278689.6212,278689.6212,127002.5486,1438038.4454,1438038.4454,5.75,4.71,10.307
600782,新钢股份,普钢,江西,19961225,600782.SH,20170823,5.4,5.4,5.2,5.23,5.59,-0.36,-6.44,568911.41,300192.712,2.0414,4.4795,0.91,28.9815,16.8154,1.6584,0.4785,0.4181,0.2868,0.3824,278689.6212,278689.6212,127002.5486,1457546.7189,1457546.7189,6.15,5.03,10.307
600782,新钢股份,普钢,江西,19961225,600782.SH,20170822,5.64,5.72,5.51,5.59,5.72,-0.13,-2.27,553002.82,309532.253,1.9843,4.3543,0.9,30.9764,17.9729,1.7725,0.5114,0.4468,0.2683,0.3578,278689.6212,278689.6212,127002.5486,1557874.9825,1557874.9825,6.29,5.15,10.307
600782,新钢股份,普钢,江西,19961225,600782.SH,20170821,5.29,5.73,5.28,5.72,5.23,0.49,9.37,1045213.17,573185.793,3.7505,8.2299,1.92,31.6968,18.3909,1.8138,0.5233,0.4572,0.2622,0.3497,278689.6212,278689.6212,127002.5486,1594104.6333,1594104.6333,5.75,4.71,10.307
600782,新钢股份,普钢,江西,19961225,600782.SH,20170818,5.2,5.26,5.1,5.23,5.3,-0.07,-1.32,394848.1,204497.852,1.4168,3.109,0.64,28.9815,16.8154,1.6584,0.4785,0.4181,0.2868,0.3824,278689.6212,278689.6212,127002.5486,1457546.7189,1457546.7189,5.83,4.77,10.307
600782,新钢股份,普钢,江西,19961225,600782.SH,20170817,5.32,5.5,5.15,5.3,5.16,0.14,2.71,670015.53,354376.675,2.4042,5.2756,1.12,29.3694,17.0405,1.6806,0.4849,0.4237,0.283,0.3774,278689.6212,278689.6212,127002.5486,1477054.9924,1477054.9924,5.68,4.64,10.307
600782,新钢股份,普钢,江西,19961225,600782.SH,20170816,5.22,5.32,5.01,5.16,5.16,0.0,0.0,459228.88,238458.953,1.6478,3.6159,0.64,28.5936,16.5904,1.6362,0.4721,0.4125,0.2907,0.3876,278689.6212,278689.6212,127002.5486,1438038.4454,1438038.4454,5.68,4.64,10.307
600782,新钢股份,普钢,江西,19961225,600782.SH,20170815,5.18,5.26,4.94,5.16,5.2,-0.04,-0.77,516479.52,263676.907,1.8532,4.0667,0.65,28.5936,16.5904,1.6362,0.4721,0.4125,0.2907,0.3876,278689.6212,278689.6212,127002.5486,1438038.4454,1438038.4454,5.72,4.68,10.307
600782,新钢股份,普钢,江西,19961225,600782.SH,20170814,5.1,5.33,4.94,5.2,5.08,0.12,2.36,677359.11,349704.104,2.4305,5.3334,0.76,28.8153,16.719,1.6489,0.4757,0.4157,0.2885,0.3846,278689.6212,278689.6212,127002.5486,1449186.0302,1449186.0302,5.59,4.57,10.307
600782,新钢股份,普钢,江西,19961225,600782.SH,20170811,5.49,5.49,5.08,5.08,5.64,-0.56,-9.93,783837.27,412700.812,2.8126,6.1718,0.84,28.1503,16.3331,1.6108,0.4648,0.4061,0.2953,0.3937,278689.6212,278689.6212,127002.5486,1415743.2757,1415743.2757,6.2,5.08,10.307
600782,新钢股份,普钢,江西,19961225,600782.SH,20170810,5.7,5.87,5.61,5.64,5.87,-0.23,-3.92,566969.43,324817.8,2.0344,4.4642,0.55,31.2535,18.1336,1.7884,0.516,0.4508,0.266,0.3546,278689.6212,278689.6212,127002.5486,1571809.4636,1571809.4636,6.46,5.28,10.307
600782,新钢股份,普钢,江西,19961225,600782.SH,20170809,5.75,6.0,5.43,5.87,5.73,0.14,2.44,1037508.77,590374.36,3.7228,8.1692,1.06,32.528,18.8731,1.8613,0.537,0.4692,0.2555,0.3407,278689.6212,278689.6212,127002.5486,1635908.0764,1635908.0764,6.3,5.16,10.307
600782,新钢股份,普钢,江西,19961225,600782.SH,20170808,5.88,6.04,5.67,5.73,5.88,-0.15,-2.55,919902.59,535807.535,3.3008,7.2432,0.96,31.7522,18.423,1.8169,0.5242,0.458,0.2618,0.349,278689.6212,278689.6212,127002.5486,1596891.5295,1596891.5295,6.47,5.29,10.307
600782,新钢股份,普钢,江西,19961225,600782.SH,20170807,5.9,6.0,5.39,5.88,5.51,0.37,6.72,1125127.53,645817.396,4.0372,8.8591,1.12,32.5834,18.9053,1.8645,0.538,0.47,0.2551,0.3401,278689.6212,278689.6212,127002.5486,1638694.9727,1638694.9727,6.06,4.96,10.307
600782,新钢股份,普钢,江西,19961225,600782.SH,20170804,5.61,6.08,5.5,5.51,5.71,-0.2,-3.5,1038798.85,609175.874,3.7274,8.1794,1.13,30.5331,17.7157,1.7472,0.5041,0.4404,0.2722,0.363,278689.6212,278689.6212,127002.5486,1535579.8128,1535579.8128,6.28,5.14,10.307
600782,新钢股份,普钢,江西,19961225,600782.SH,20170803,5.26,5.73,5.2,5.71,5.26,0.45,8.56,1053700.71,580439.142,3.7809,8.2967,1.19,31.6414,18.3587,1.8106,0.5224,0.4564,0.2627,0.3503,278689.6212,278689.6212,127002.5486,1591317.7371,1591317.7371,5.79,4.73,10.307
600782,新钢股份,普钢,江西,19961225,600782.SH,20170802,4.99,5.5,4.93,5.26,5.02,0.24,4.78,771017.49,409270.65,2.7666,6.0709,0.89,29.1478,16.9119,1.6679,0.4812,0.4205,0.2852,0.3802,278689.6212,278689.6212,127002.5486,1465907.4075,1465907.4075,5.52,4.52,10.307
600782,新钢股份,普钢,江西,19961225,600782.SH,20170801,4.99,5.08,4.89,5.02,4.96,0.06,1.21,804229.63,400693.321,2.8858,6.3324,0.9,27.8178,16.1402,1.5918,0.4593,0.4013,0.2988,0.3984,278689.6212,278689.6212,127002.5486,1399021.8984,1399021.8984,5.46,4.46,10.307
600782,新钢股份,普钢,江西,19961225,600782.SH,20170731,4.6,4.98,4.6,4.96,4.53,0.43,9.49,1370802.12,667609.304,4.9187,10.7935,1.71,27.4853,15.9473,1.5728,0.4538,0.3965,0.3024,0.4032,278689.6212,278689.6212,127002.5486,1382300.5212,1382300.5212,4.98,4.08,10.307
600782,新钢股份,普钢,江西,19961225,600782.SH,20170728,4.42,4.56,4.35,4.53,4.42,0.11,2.49,590794.16,264393.91,2.1199,4.6518,0.64,25.1025,14.5648,1.4364,0.4144,0.3621,0.3311,0.4415,278689.6212,278689.6212,127002.5486,1262463.984,1262463.984,4.86,3.98,10.307
600782,新钢股份,普钢,江西,19961225,600782.SH,20170727,4.55,4.69,4.36,4.42,4.63,-0.21,-4.54,876494.6,393311.792,3.1451,6.9014,0.93,24.493,14.2111,1.4015,0.4044,0.3533,0.3394,0.4525,278689.6212,278689.6212,127002.5486,1231808.1257,1231808.1257,5.09,4.17,10.307
600782,新钢股份,普钢,江西,19961225,600782.SH,20170726,4.61,4.78,4.59,4.63,4.59,0.04,0.87,667625.87,312332.761,2.3956,5.2568,0.63,25.6567,14.8863,1.4681,0.4236,0.3701,0.324,0.432,278689.6212,278689.6212,127002.5486,1290332.9462,1290332.9462,5.05,4.13,10.307
600782,新钢股份,普钢,江西,19961225,600782.SH,20170725,4.69,4.69,4.49,4.59,4.67,-0.08,-1.71,958479.17,437233.665,3.4392,7.5469,0.91,25.435,14.7577,1.4554,0.4199,0.3669,0.3268,0.4357,278689.6212,278689.6212,127002.5486,1279185.3613,1279185.3613,5.14,4.2,10.307
600782,新钢股份,普钢,江西,19961225,600782.SH,20170724,4.73,4.91,4.63,4.67,4.81,-0.14,-2.91,910184.39,432439.706,3.2659,7.1667,0.86,25.8783,15.0149,1.4808,0.4273,0.3733,0.3212,0.4283,278689.6212,278689.6212,127002.5486,1301480.531,1301480.531,5.29,4.33,10.307
600782,新钢股份,普钢,江西,19961225,600782.SH,20170721,4.66,4.83,4.53,4.81,4.74,0.07,1.48,1213784.12,564014.565,4.3553,9.5572,1.35,26.6541,15.465,1.5252,0.4401,0.3845,0.3119,0.4158,278689.6212,278689.6212,127002.5486,1340497.078,1340497.078,5.21,4.27,10.307
600782,新钢股份,普钢,江西,19961225,600782.SH,20170720,4.88,4.95,4.68,4.74,4.86,-0.12,-2.47,940641.41,450925.4,3.3752,7.4065,1.02,26.2662,15.24,1.503,0.4337,0.3789,0.3165,0.4219,278689.6212,278689.6212,127002.5486,1320988.8045,1320988.8045,5.35,4.37,10.307
600782,新钢股份,普钢,江西,19961225,600782.SH,20170719,4.53,4.98,4.53,4.86,4.53,0.33,7.28,1314077.57,627814.261,4.7152,10.3469,1.72,26.9312,15.6258,1.5411,0.4446,0.3885,0.3086,0.4115,278689.6212,278689.6212,127002.5486,1354431.559,1354431.559,4.98,4.08,10.307
600782,新钢股份,普钢,江西,19961225,600782.SH,20170718,4.19,4.56,4.17,4.53,4.23,0.3,7.09,901898.59,397106.824,3.2362,7.1014,1.25,25.1025,14.5648,1.4364,0.4144,0.3621,0.3311,0.4415,278689.6212,278689.6212,127002.5486,1262463.984,1262463.984,4.65,3.81,10.307
600782,新钢股份,普钢,江西,19961225,600782.SH,20170717,4.15,4.36,3.9,4.23,4.17,0.06,1.44,909210.5,382443.575,3.2624,7.159,1.27,23.4401,13.6002,1.3413,0.387,0.3381,0.3546,0.4728,278689.6212,278689.6212,127002.5486,1178857.0977,1178857.0977,4.59,3.75,10.307
600782,新钢股份,普钢,江西,19961225,600782.SH,20170714,4.14,4.22,4.08,4.17,4.19,-0.02,-0.48,436692.86,180823.44,1.567,3.4385,0.6,23.1076,13.4073,1.3223,0.3815,0.3333,0.3597,0.4796,278689.6212,278689.6212,127002.5486,1162135.7204,1162135.7204,4.61,3.77,10.307
600782,新钢股份,普钢,江西,19961225,600782.SH,20170713,3.99,4.23,3.98,4.19,3.96,0.23,5.81,1053060.08,434486.735,3.7786,8.2916,1.68,23.2185,13.4716,1.3286,0.3833,0.3349,0.358,0.4773,278689.6212,278689.6212,127002.5486,1167709.5128,1167709.5128,4.36,3.56,10.307
600782,新钢股份,普钢,江西,19961225,600782.SH,20170712,3.96,4.07,3.87,3.96,3.98,-0.02,-0.5,514494.34,203614.729,1.8461,4.0511,0.84,21.9439,12.7321,1.2557,0.3623,0.3165,0.3788,0.5051,278689.6212,278689.6212,127002.5486,1103610.9,1103610.9,4.38,3.58,10.307
600782,新钢股份,普钢,江西,19961225,600782.SH,20170711,4.02,4.13,3.93,3.98,4.04,-0.06,-1.49,696952.22,280048.162,2.5008,5.4877,1.24,22.0548,12.7964,1.262,0.3641,0.3181,0.3769,0.5025,278689.6212,278689.6212,127002.5486,1109184.6924,1109184.6924,4.44,3.64,10.307
600782,新钢股份,普钢,江西,19961225,600782.SH,20170710,3.93,4.15,3.9,4.04,3.97,0.07,1.76,864410.47,348053.344,3.1017,6.8062,1.53,22.3873,12.9893,1.281,0.3696,0.3229,0.3713,0.495,278689.6212,278689.6212,127002.5486,1125906.0696,1125906.0696,4.37,3.57,10.307
600782,新钢股份,普钢,江西,19961225,600782.SH,20170707,3.84,3.99,3.79,3.97,3.86,0.11,2.85,505364.52,196171.809,1.8134,3.9792,0.95,21.9994,12.7643,1.2588,0.3632,0.3173,0.3778,0.5038,278689.6212,278689.6212,127002.5486,1106397.7962,1106397.7962,4.25,3.47,10.307
600782,新钢股份,普钢,江西,19961225,600782.SH,20170706,3.8,3.89,3.79,3.86,3.81,0.05,1.31,550161.46,211110.274,1.9741,4.3319,1.09,21.3898,12.4106,1.224,0.3531,0.3085,0.3886,0.9067,278689.6212,278689.6212,127002.5486,1075741.9378,1075741.9378,4.19,3.43,10.307
600782,新钢股份,普钢,江西,19961225,600782.SH,20170705,3.78,3.85,3.76,3.81,3.78,0.03,0.79,455187.99,173251.713,1.6333,3.5841,0.76,21.1127,12.2499,1.2081,0.3486,0.3046,0.3937,0.9186,278689.6212,278689.6212,127002.5486,1061807.4568,1061807.4568,4.16,3.4,10.307
600782,新钢股份,普钢,江西,19961225,600782.SH,20170704,3.88,3.89,3.76,3.78,3.87,-0.09,-2.33,435031.41,165264.796,1.561,3.4254,0.65,20.9465,12.1534,1.1986,0.3458,0.3022,0.3968,0.9259,278689.6212,278689.6212,127002.5486,1053446.7681,1053446.7681,4.26,3.48,10.307
600782,新钢股份,普钢,江西,19961225,600782.SH,20170703,3.65,3.92,3.65,3.87,3.65,0.22,6.03,874822.14,334871.037,3.1391,6.8882,1.5,21.4452,12.4428,1.2271,0.3541,0.3093,0.3876,0.9044,278689.6212,278689.6212,127002.5486,1078528.834,1078528.834,4.02,3.29,10.307
600782,新钢股份,普钢,江西,19961225,600782.SH,20170630,3.64,3.69,3.6,3.65,3.66,-0.01,-0.27,352397.33,128661.091,1.2645,2.7747,0.62,20.2261,11.7354,1.1574,0.3339,0.2918,0.411,0.9589,278689.6212,278689.6212,127002.5486,1017217.1174,1017217.1174,4.03,3.29,10.307
600782,新钢股份,普钢,江西,19961225,600782.SH,20170629,3.65,3.7,3.62,3.68,3.64,0.04,1.1,409766.79,149923.207,1.4703,3.2264,0.75,20.3924,11.8319,1.1595,0.3367,0.2942,0.4076,0.4076,278689.6212,278689.6212,127002.5486,1025577.806,1025577.806,4.0,3.28,10.251
600782,新钢股份,普钢,江西,19961225,600782.SH,20170628,3.56,3.78,3.55,3.64,3.59,0.05,1.39,922846.78,340460.612,3.3114,7.2664,2.11,20.1707,11.7033,1.1469,0.333,0.291,0.4121,0.4121,278689.6212,278689.6212,127002.5486,1014430.2212,1014430.2212,3.95,3.23,10.251
600782,新钢股份,普钢,江西,19961225,600782.SH,20170627,3.48,3.63,3.46,3.59,3.48,0.11,3.16,806272.68,287294.522,2.8931,6.3485,2.05,19.8936,11.5425,1.1312,0.3284,0.287,0.4178,0.4178,278689.6212,278689.6212,127002.5486,1000495.7401,1000495.7401,3.83,3.13,10.251
600782,新钢股份,普钢,江西,19961225,600782.SH,20170626,3.4,3.49,3.39,3.48,3.4,0.08,2.35,420005.1,144877.953,1.5071,3.3071,1.08,19.2841,11.1888,1.0965,0.3184,0.2782,0.431,0.431,278689.6212,278689.6212,127002.5486,969839.8818,969839.8818,3.74,3.06,10.251
600782,新钢股份,普钢,江西,19961225,600782.SH,20170623,3.36,3.43,3.34,3.4,3.37,0.03,0.89,286405.45,96758.445,1.0277,2.2551,0.77,18.8408,10.9316,1.0713,0.3111,0.2718,0.4412,0.4412,278689.6212,278689.6212,127002.5486,947544.7121,947544.7121,3.71,3.03,10.251
600782,新钢股份,普钢,江西,19961225,600782.SH,20170622,3.45,3.47,3.35,3.37,3.45,-0.08,-2.32,306852.0,104663.859,1.1011,2.4161,0.85,18.6745,10.8352,1.0619,0.3083,0.2694,0.4451,0.4451,278689.6212,278689.6212,127002.5486,939184.0234,939184.0234,3.8,3.11,10.251
600782,新钢股份,普钢,江西,19961225,600782.SH,20170621,3.43,3.51,3.4,3.45,3.44,0.01,0.29,372223.02,128395.311,1.3356,2.9308,1.11,19.1178,11.0924,1.0871,0.3156,0.2758,0.4348,0.4348,278689.6212,278689.6212,127002.5486,961479.1931,961479.1931,3.78,3.1,10.251
600782,新钢股份,普钢,江西,19961225,600782.SH,20170620,3.39,3.51,3.36,3.44,3.38,0.06,1.78,583864.54,201708.026,2.095,4.5973,2.26,19.0624,11.0602,1.0839,0.3147,0.275,0.436,0.436,278689.6212,278689.6212,127002.5486,958692.2969,958692.2969,3.72,3.04,10.251
600782,新钢股份,普钢,江西,19961225,600782.SH,20170619,3.3,3.39,3.28,3.38,3.29,0.09,2.74,402754.52,135348.637,1.4452,3.1712,1.82,18.7299,10.8673,1.065,0.3092,0.2702,0.4438,0.4438,278689.6212,278689.6212,127002.5486,941970.9197,941970.9197,3.62,2.96,10.251
600782,新钢股份,普钢,江西,19961225,600782.SH,20170616,3.32,3.35,3.29,3.29,3.33,-0.04,-1.2,205890.99,68323.042,0.7388,1.6212,0.88,18.2312,10.578,1.0367,0.301,0.263,0.4559,0.4559,278689.6212,278689.6212,127002.5486,916888.8537,916888.8537,3.66,3.0,10.251
600782,新钢股份,普钢,江西,19961225,600782.SH,20170615,3.28,3.33,3.28,3.33,3.3,0.03,0.91,232805.45,77093.675,0.8354,1.8331,1.0,18.4529,10.7066,1.0493,0.3047,0.2662,0.4505,0.4505,278689.6212,278689.6212,127002.5486,928036.4386,928036.4386,3.63,2.97,10.251
600782,新钢股份,普钢,江西,19961225,600782.SH,20170614,3.27,3.33,3.26,3.3,3.28,0.02,0.61,255057.45,83907.708,0.9152,2.0083,1.05,18.2866,10.6101,1.0398,0.3019,0.2638,0.4545,0.4545,278689.6212,278689.6212,127002.5486,919675.75,919675.75,3.61,2.95,10.251
600782,新钢股份,普钢,江西,19961225,600782.SH,20170613,3.21,3.29,3.21,3.28,3.23,0.05,1.55,196011.86,63964.692,0.7033,1.5434,0.8,18.1758,10.5458,1.0335,0.3001,0.2622,0.4573,0.4573,278689.6212,278689.6212,127002.5486,914101.9575,914101.9575,3.55,2.91,10.251
600782,新钢股份,普钢,江西,19961225,600782.SH,20170612,3.27,3.29,3.21,3.23,3.29,-0.06,-1.82,217228.6,70808.244,0.7795,1.7104,0.92,17.8987,10.385,1.0177,0.2955,0.2582,0.4644,0.4644,278689.6212,278689.6212,127002.5486,900167.4765,900167.4765,3.62,2.96,10.251
600782,新钢股份,普钢,江西,19961225,600782.SH,20170609,3.3,3.31,3.24,3.29,3.31,-0.02,-0.6,265441.77,86740.886,0.9525,2.0901,1.03,18.2312,10.578,1.0367,0.301,0.263,0.4559,0.4559,278689.6212,278689.6212,127002.5486,916888.8537,916888.8537,3.64,2.98,10.251
600782,新钢股份,普钢,江西,19961225,600782.SH,20170608,3.3,3.33,3.27,3.31,3.31,0.0,0.0,232871.74,76736.101,0.8356,1.8336,0.88,18.342,10.6423,1.043,0.3028,0.2646,0.4532,0.4532,278689.6212,278689.6212,127002.5486,922462.6462,922462.6462,3.64,2.98,10.251
600782,新钢股份,普钢,江西,19961225,600782.SH,20170607,3.23,3.32,3.22,3.31,3.24,0.07,2.16,307346.96,100870.655,1.1028,2.42,1.26,18.342,10.6423,1.043,0.3028,0.2646,0.4532,0.4532,278689.6212,278689.6212,127002.5486,922462.6462,922462.6462,3.56,2.92,10.251
600782,新钢股份,普钢,江西,19961225,600782.SH,20170606,3.21,3.24,3.18,3.24,3.23,0.01,0.31,199956.24,64168.035,0.7175,1.5744,0.7,17.9541,10.4172,1.0209,0.2964,0.259,0.463,0.463,278689.6212,278689.6212,127002.5486,902954.3727,902954.3727,3.55,2.91,10.251
600782,新钢股份,普钢,江西,19961225,600782.SH,20170605,3.24,3.25,3.21,3.23,3.24,-0.01,-0.31,177647.77,57363.388,0.6374,1.3988,0.51,17.8987,10.385,1.0177,0.2955,0.2582,0.4644,0.4644,278689.6212,278689.6212,127002.5486,900167.4765,900167.4765,3.56,2.92,10.251
600782,新钢股份,普钢,江西,19961225,600782.SH,20170602,3.19,3.25,3.12,3.24,3.21,0.03,0.93,369209.54,117328.415,1.3248,2.9071,1.1,17.9541,10.4172,1.0209,0.2964,0.259,0.463,0.463,278689.6212,278689.6212,127002.5486,902954.3727,902954.3727,3.53,2.89,10.251
600782,新钢股份,普钢,江西,19961225,600782.SH,20170601,3.26,3.29,3.2,3.21,3.29,-0.08,-2.43,268117.95,86955.014,0.9621,2.1111,0.78,17.7879,10.3207,1.0114,0.2937,0.2566,0.4673,0.4673,278689.6212,278689.6212,127002.5486,894593.6841,894593.6841,3.62,2.96,10.251
600782,新钢股份,普钢,江西,19961225,600782.SH,20170531,3.35,3.38,3.27,3.29,3.32,-0.03,-0.9,206403.58,68524.477,0.7406,1.6252,0.48,18.2312,10.578,1.0367,0.301,0.263,0.4559,0.4559,278689.6212,278689.6212,127002.5486,916888.8537,916888.8537,3.65,2.99,10.251
600782,新钢股份,普钢,江西,19961225,600782.SH,20170526,3.32,3.41,3.3,3.32,3.34,-0.02,-0.6,413036.83,138871.084,1.4821,3.2522,1.04,18.3975,10.6744,1.0461,0.3037,0.2654,0.4518,0.4518,278689.6212,278689.6212,127002.5486,925249.5424,925249.5424,3.67,3.01,10.251
600782,新钢股份,普钢,江西,19961225,600782.SH,20170525,3.17,3.35,3.16,3.34,3.19,0.15,4.7,471728.33,154162.394,1.6927,3.7143,1.23,18.5083,10.7387,1.0524,0.3056,0.267,0.4491,0.4491,278689.6212,278689.6212,127002.5486,930823.3348,930823.3348,3.51,2.87,10.251
600782,新钢股份,普钢,江西,19961225,600782.SH,20170524,3.22,3.23,3.11,3.19,3.22,-0.03,-0.93,324893.87,102888.867,1.1658,2.5582,0.87,17.6771,10.2564,1.0051,0.2919,0.255,0.4702,0.4702,278689.6212,278689.6212,127002.5486,889019.8916,889019.8916,3.54,2.9,10.251
600782,新钢股份,普钢,江西,19961225,600782.SH,20170523,3.32,3.35,3.21,3.22,3.32,-0.1,-3.01,294400.73,96748.669,1.0564,2.3181,0.8,17.8433,10.3529,1.0146,0.2946,0.2574,0.4658,0.4658,278689.6212,278689.6212,127002.5486,897380.5803,897380.5803,3.65,2.99,10.251
600782,新钢股份,普钢,江西,19961225,600782.SH,20170522,3.31,3.44,3.29,3.32,3.27,0.05,1.53,628114.62,211715.633,2.2538,4.9457,2.31,18.3975,10.6744,1.0461,0.3037,0.2654,0.4518,0.4518,278689.6212,278689.6212,127002.5486,925249.5424,925249.5424,3.6,2.94,10.251
600782,新钢股份,普钢,江西,19961225,600782.SH,20170519,3.24,3.27,3.22,3.27,3.22,0.05,1.55,268381.2,87264.56,0.963,2.1132,1.05,18.1204,10.5137,1.0304,0.2992,0.2614,0.4587,0.4587,278689.6212,278689.6212,127002.5486,911315.0613,911315.0613,3.54,2.9,10.251
600782,新钢股份,普钢,江西,19961225,600782.SH,20170518,3.16,3.28,3.14,3.22,3.19,0.03,0.94,403590.92,130489.807,1.4482,3.1778,1.61,17.8433,10.3529,1.0146,0.2946,0.2574,0.4658,0.4658,278689.6212,278689.6212,127002.5486,897380.5803,897380.5803,3.51,2.87,10.251
600782,新钢股份,普钢,江西,19961225,600782.SH,20170517,3.14,3.22,3.13,3.19,3.15,0.04,1.27,271573.44,86599.552,0.9745,2.1383,1.12,17.6771,10.2564,1.0051,0.2919,0.255,0.4702,0.4702,278689.6212,278689.6212,127002.5486,889019.8916,889019.8916,3.47,2.84,10.251
600782,新钢股份,普钢,江西,19961225,600782.SH,20170516,3.07,3.16,3.04,3.15,3.08,0.07,2.27,273678.43,84605.461,0.982,2.1549,1.16,17.4554,10.1278,0.9925,0.2882,0.2518,0.4762,0.4762,278689.6212,278689.6212,127002.5486,877872.3068,877872.3068,3.39,2.77,10.251
600782,新钢股份,普钢,江西,19961225,600782.SH,20170515,3.07,3.1,3.06,3.08,3.06,0.02,0.65,142708.44,44024.299,0.5121,1.1237,0.54,17.0675,9.9028,0.9705,0.2818,0.2462,0.487,0.487,278689.6212,278689.6212,127002.5486,858364.0333,858364.0333,3.37,2.75,10.251
600782,新钢股份,普钢,江西,19961225,600782.SH,20170512,3.06,3.08,3.02,3.06,3.06,0.0,0.0,192248.68,58727.965,0.6898,1.5137,0.68,16.9567,9.8385,0.9642,0.28,0.2446,0.4902,0.4902,278689.6212,278689.6212,127002.5486,852790.2409,852790.2409,3.37,2.75,10.251
600782,新钢股份,普钢,江西,19961225,600782.SH,20170511,3.09,3.12,2.98,3.06,3.12,-0.06,-1.92,369565.24,112244.661,1.3261,2.9099,1.31,16.9567,9.8385,0.9642,0.28,0.2446,0.4902,0.4902,278689.6212,278689.6212,127002.5486,852790.2409,852790.2409,3.43,2.81,10.251
600782,新钢股份,普钢,江西,19961225,600782.SH,20170510,3.23,3.25,3.11,3.12,3.23,-0.11,-3.41,232270.67,74114.369,0.8334,1.8289,0.8,17.2892,10.0314,0.9831,0.2854,0.2494,0.4808,0.4808,278689.6212,278689.6212,127002.5486,869511.6181,869511.6181,3.55,2.91,10.251
600782,新钢股份,普钢,江西,19961225,600782.SH,20170509,3.22,3.24,3.15,3.23,3.25,-0.02,-0.62,243527.4,77953.2,0.8738,1.9175,0.78,17.8987,10.385,1.0177,0.2955,0.2582,0.4644,0.4644,278689.6212,278689.6212,127002.5486,900167.4765,900167.4765,3.58,2.93,10.251
600782,新钢股份,普钢,江西,19961225,600782.SH,20170508,3.22,3.27,3.2,3.25,3.24,0.01,0.31,278110.83,90172.131,0.9979,2.1898,0.77,18.0096,10.4494,1.024,0.2973,0.2598,0.4615,0.4615,278689.6212,278689.6212,127002.5486,905741.2689,905741.2689,3.56,2.92,10.251
600782,新钢股份,普钢,江西,19961225,600782.SH,20170505,3.27,3.29,3.21,3.24,3.31,-0.07,-2.11,300198.69,97627.851,1.0772,2.3637,0.82,17.9541,10.4172,1.0209,0.2964,0.259,0.463,0.463,278689.6212,278689.6212,127002.5486,902954.3727,902954.3727,3.64,2.98,10.251
600782,新钢股份,普钢,江西,19961225,600782.SH,20170504,3.33,3.38,3.28,3.31,3.37,-0.06,-1.78,355615.95,118372.459,1.276,2.8001,1.01,18.342,10.6423,1.043,0.3028,0.2646,0.4532,0.4532,278689.6212,278689.6212,127002.5486,922462.6462,922462.6462,3.71,3.03,10.251
600782,新钢股份,普钢,江西,19961225,600782.SH,20170503,3.4,3.4,3.33,3.37,3.41,-0.04,-1.17,281873.83,94646.61,1.0114,2.2194,0.82,18.6745,10.8352,1.0619,0.3083,0.2694,0.4451,0.4451,278689.6212,278689.6212,127002.5486,939184.0234,939184.0234,3.75,3.07,10.251
600782,新钢股份,普钢,江西,19961225,600782.SH,20170502,3.39,3.45,3.37,3.41,3.4,0.01,0.29,348036.36,118926.498,1.2488,2.7404,1.07,18.8962,10.9638,1.0745,0.312,0.2726,0.4399,0.4399,278689.6212,278689.6212,127002.5486,950331.6083,950331.6083,3.74,3.06,10.251
600782,新钢股份,普钢,江西,19961225,600782.SH,20170428,3.25,3.41,3.24,3.4,3.27,0.13,3.98,510813.88,171368.003,1.8329,4.0221,1.7,18.8408,10.9316,1.0713,0.3111,0.2718,0.4412,0.4412,278689.6212,278689.6212,127002.5486,947544.7121,947544.7121,3.6,2.94,10.251
600782,新钢股份,普钢,江西,19961225,600782.SH,20170427,3.25,3.27,3.11,3.27,3.25,0.02,0.62,339372.62,108145.421,1.2177,2.6722,1.18,18.1204,18.1204,1.0629,0.2992,0.2992,0.4587,0.4587,278689.6212,278689.6212,127002.5486,911315.0613,911315.0613,3.58,2.93,10.251
600782,新钢股份,普钢,江西,19961225,600782.SH,20170426,3.28,3.32,3.25,3.25,3.29,-0.04,-1.22,273408.05,89818.826,0.981,2.1528,0.88,18.0096,18.0096,1.0564,0.2973,0.2973,0.4615,0.4615,278689.6212,278689.6212,127002.5486,905741.2689,905741.2689,3.62,2.96,10.251
600782,新钢股份,普钢,江西,19961225,600782.SH,20170425,3.29,3.32,3.26,3.29,3.3,-0.01,-0.3,241040.14,79299.477,0.8649,1.8979,0.69,18.2312,18.2312,1.0694,0.301,0.301,0.4559,0.4559,278689.6212,278689.6212,127002.5486,916888.8537,916888.8537,3.63,2.97,10.251
600782,新钢股份,普钢,江西,19961225,600782.SH,20170424,3.37,3.38,3.25,3.3,3.39,-0.09,-2.65,256467.04,84722.605,0.9203,2.0194,0.68,18.2866,18.2866,1.0727,0.3019,0.3019,0.4545,0.4545,278689.6212,278689.6212,127002.5486,919675.75,919675.75,3.73,3.05,10.251
600782,新钢股份,普钢,江西,19961225,600782.SH,20170421,3.33,3.41,3.31,3.39,3.31,0.08,2.42,393236.26,132283.94,1.411,3.0963,1.12,18.7853,18.7853,1.1019,0.3101,0.3101,0.4425,0.4425,278689.6212,278689.6212,127002.5486,944757.8159,944757.8159,3.64,2.98,10.251
600782,新钢股份,普钢,江西,19961225,600782.SH,20170420,3.28,3.36,3.26,3.31,3.29,0.02,0.61,270609.48,89518.323,0.971,2.1307,0.79,18.342,18.342,1.0759,0.3028,0.3028,0.4532,0.4532,278689.6212,278689.6212,127002.5486,922462.6462,922462.6462,3.62,2.96,10.251
600782,新钢股份,普钢,江西,19961225,600782.SH,20170419,3.37,3.38,3.24,3.29,3.39,-0.1,-2.95,396547.4,130224.275,1.4229,3.1224,1.13,18.2312,18.2312,1.0694,0.301,0.301,0.4559,0.4559,278689.6212,278689.6212,127002.5486,916888.8537,916888.8537,3.73,3.05,10.251
600782,新钢股份,普钢,江西,19961225,600782.SH,20170418,3.5,3.5,3.38,3.39,3.49,-0.1,-2.87,436041.47,149625.106,1.5646,3.4333,1.27,18.7853,18.7853,1.1019,0.3101,0.3101,0.4425,0.4425,278689.6212,278689.6212,127002.5486,944757.8159,944757.8159,3.84,3.14,10.251
600782,新钢股份,普钢,江西,19961225,600782.SH,20170417,3.58,3.58,3.41,3.49,3.58,-0.09,-2.51,401343.05,140681.833,1.4401,3.1601,1.17,160.6066,16.7296,1.1662,0.3834,0.3385,0.4298,0.4298,278689.6212,278689.6212,127002.5486,972626.778,972626.778,3.94,3.22,10.251
600782,新钢股份,普钢,江西,19961225,600782.SH,20170414,3.59,3.64,3.57,3.58,3.6,-0.02,-0.56,243547.06,87612.078,0.8739,1.9177,0.63,164.7483,17.161,1.1963,0.3932,0.3472,0.419,0.419,278689.6212,278689.6212,127002.5486,997708.8439,997708.8439,3.96,3.24,10.251
600782,新钢股份,普钢,江西,19961225,600782.SH,20170413,3.58,3.62,3.56,3.6,3.59,0.01,0.28,242542.56,87231.712,0.8703,1.9097,0.6,165.6687,17.2569,1.203,0.3954,0.3492,0.4167,0.4167,278689.6212,278689.6212,127002.5486,1003282.6363,1003282.6363,3.95,3.23,10.251
600782,新钢股份,普钢,江西,19961225,600782.SH,20170412,3.66,3.66,3.57,3.59,3.69,-0.1,-2.71,432887.42,155922.624,1.5533,3.4085,1.11,165.2085,17.2089,1.1996,0.3943,0.3482,0.4178,0.4178,278689.6212,278689.6212,127002.5486,1000495.7401,1000495.7401,4.06,3.32,10.251
600782,新钢股份,普钢,江西,19961225,600782.SH,20170411,3.7,3.72,3.62,3.69,3.71,-0.02,-0.54,391749.99,143694.821,1.4057,3.0846,1.04,169.8104,17.6883,1.233,0.4053,0.3579,0.4065,0.4065,278689.6212,278689.6212,127002.5486,1028364.7022,1028364.7022,4.08,3.34,10.251
600782,新钢股份,普钢,江西,19961225,600782.SH,20170410,3.71,3.74,3.68,3.71,3.73,-0.02,-0.54,407261.04,150734.591,1.4613,3.2067,1.12,170.7308,17.7842,1.2397,0.4075,0.3598,0.4043,0.4043,278689.6212,278689.6212,127002.5486,1033938.4947,1033938.4947,4.1,3.36,10.251
600782,新钢股份,普钢,江西,19961225,600782.SH,20170407,3.77,3.79,3.7,3.73,3.81,-0.08,-2.1,444887.04,166113.443,1.5964,3.503,1.24,171.6512,17.88,1.2464,0.4097,0.3618,0.4021,0.4021,278689.6212,278689.6212,127002.5486,1039512.2871,1039512.2871,4.19,3.43,10.251
600782,新钢股份,普钢,江西,19961225,600782.SH,20170406,3.85,3.86,3.77,3.81,3.84,-0.03,-0.78,341862.09,129929.849,1.2267,2.6918,1.0,175.3327,18.2635,1.2731,0.4185,0.3695,0.3937,0.3937,278689.6212,278689.6212,127002.5486,1061807.4568,1061807.4568,4.22,3.46,10.251
600782,新钢股份,普钢,江西,19961225,600782.SH,20170405,3.75,3.84,3.72,3.84,3.72,0.12,3.23,362544.82,137135.132,1.3009,2.8546,1.07,176.7133,18.4073,1.2832,0.4218,0.3724,0.3906,0.3906,278689.6212,278689.6212,127002.5486,1070168.1454,1070168.1454,4.09,3.35,10.251
600782,新钢股份,普钢,江西,19961225,600782.SH,20170331,3.77,3.79,3.68,3.72,3.78,-0.06,-1.59,330737.09,123117.501,1.1868,2.6042,0.92,171.191,17.8321,1.2431,0.4086,0.3608,0.4032,0.4032,278689.6212,278689.6212,127002.5486,1036725.3909,1036725.3909,4.16,3.4,10.251
600782,新钢股份,普钢,江西,19961225,600782.SH,20170330,3.82,3.87,3.73,3.78,3.82,-0.04,-1.05,338575.69,128709.673,1.2149,2.6659,0.9,173.9521,18.1197,1.2631,0.4152,0.3666,0.3968,0.3968,278689.6212,278689.6212,127002.5486,1053446.7681,1053446.7681,4.2,3.44,10.251
600782,新钢股份,普钢,江西,19961225,600782.SH,20170329,3.77,3.87,3.75,3.82,3.77,0.05,1.33,418473.69,159837.08,1.5016,3.295,0.97,175.7929,18.3114,1.2765,0.4196,0.3705,0.3927,0.3927,278689.6212,278689.6212,127002.5486,1064594.353,1064594.353,4.15,3.39,10.251
600782,新钢股份,普钢,江西,19961225,600782.SH,20170328,3.73,3.78,3.68,3.77,3.73,0.04,1.07,263936.67,98680.704,0.9471,2.0782,0.54,173.4919,18.0718,1.2598,0.4141,0.3657,0.3979,0.3979,278689.6212,278689.6212,127002.5486,1050659.8719,1050659.8719,4.1,3.36,10.251
600782,新钢股份,普钢,江西,19961225,600782.SH,20170327,3.77,3.77,3.71,3.73,3.79,-0.06,-1.58,342410.62,127694.982,1.2286,2.6961,0.66,171.6512,17.88,1.2464,0.4097,0.3618,0.4021,0.4021,278689.6212,278689.6212,127002.5486,1039512.2871,1039512.2871,4.17,3.41,10.251
600782,新钢股份,普钢,江西,19961225,600782.SH,20170324,3.76,3.8,3.69,3.79,3.77,0.02,0.53,441029.82,165001.634,1.5825,3.4726,0.79,174.4123,18.1676,1.2664,0.4163,0.3676,0.3958,0.3958,278689.6212,278689.6212,127002.5486,1056233.6643,1056233.6643,4.15,3.39,10.251
600782,新钢股份,普钢,江西,19961225,600782.SH,20170323,3.73,3.82,3.7,3.77,3.74,0.03,0.8,415659.83,156418.691,1.4915,3.2728,0.75,173.4919,18.0718,1.2598,0.4141,0.3657,0.3979,0.3979,278689.6212,278689.6212,127002.5486,1050659.8719,1050659.8719,4.11,3.37,10.251
600782,新钢股份,普钢,江西,19961225,600782.SH,20170322,3.86,3.86,3.71,3.74,3.88,-0.14,-3.61,694009.44,261117.998,2.4903,5.4645,1.43,172.1114,17.928,1.2497,0.4108,0.3627,0.4011,0.4011,278689.6212,278689.6212,127002.5486,1042299.1833,1042299.1833,4.27,3.49,10.251
600782,新钢股份,普钢,江西,19961225,600782.SH,20170321,3.97,3.98,3.85,3.88,3.98,-0.1,-2.51,559939.85,218463.586,2.0092,4.4089,1.23,178.554,18.5991,1.2965,0.4262,0.3763,0.3866,0.3866,278689.6212,278689.6212,127002.5486,1081315.7303,1081315.7303,4.38,3.58,10.251
600782,新钢股份,普钢,江西,19961225,600782.SH,20170320,4.06,4.07,3.94,3.98,4.06,-0.08,-1.97,476919.15,189902.099,1.7113,3.7552,1.09,183.1559,19.0784,1.3299,0.4372,0.386,0.3769,0.3769,278689.6212,278689.6212,127002.5486,1109184.6924,1109184.6924,4.47,3.65,10.251
600782,新钢股份,普钢,江西,19961225,600782.SH,20170317,4.23,4.23,4.02,4.06,4.23,-0.17,-4.02,635344.01,261332.604,2.2798,5.0026,1.57,186.8375,19.4619,1.3567,0.446,0.3938,0.3695,0.3695,278689.6212,278689.6212,127002.5486,1131479.8621,1131479.8621,4.65,3.81,10.251
600782,新钢股份,普钢,江西,19961225,600782.SH,20170316,4.25,4.29,4.18,4.23,4.25,-0.02,-0.47,409366.33,172401.656,1.4689,3.2233,1.03,194.6607,20.2768,1.4135,0.4646,0.4103,0.3546,0.3546,278689.6212,278689.6212,127002.5486,1178857.0977,1178857.0977,4.68,3.83,10.251
600782,新钢股份,普钢,江西,19961225,600782.SH,20170315,4.21,4.3,4.2,4.25,4.2,0.05,1.19,352424.82,150166.267,1.2646,2.7749,0.92,195.5811,20.3727,1.4202,0.4668,0.4122,0.3529,0.3529,278689.6212,278689.6212,127002.5486,1184430.8901,1184430.8901,4.62,3.78,10.251
600782,新钢股份,普钢,江西,19961225,600782.SH,20170314,4.13,4.22,4.11,4.2,4.13,0.07,1.69,407278.73,170632.506,1.4614,3.2069,1.01,193.2801,20.133,1.4034,0.4614,0.4074,0.3571,0.3571,278689.6212,278689.6212,127002.5486,1170496.409,1170496.409,4.54,3.72,10.251
600782,新钢股份,普钢,江西,19961225,600782.SH,20170313,4.1,4.14,4.04,4.13,4.1,0.03,0.73,375474.72,153440.479,1.3473,2.9564,0.98,190.0588,19.7975,1.3801,0.4537,0.4006,0.3632,0.3632,278689.6212,278689.6212,127002.5486,1150988.1356,1150988.1356,4.51,3.69,10.251
600782,新钢股份,普钢,江西,19961225,600782.SH,20170310,4.06,4.16,4.06,4.1,4.06,0.04,0.99,485242.67,199549.24,1.7412,3.8207,1.17,188.6782,19.6537,1.37,0.4504,0.3977,0.3659,0.3659,278689.6212,278689.6212,127002.5486,1142627.4469,1142627.4469,4.47,3.65,10.251
600782,新钢股份,普钢,江西,19961225,600782.SH,20170309,4.0,4.07,3.93,4.06,4.02,0.04,1.0,360479.88,143972.148,1.2935,2.8384,0.89,186.8375,19.4619,1.3567,0.446,0.3938,0.3695,0.3695,278689.6212,278689.6212,127002.5486,1131479.8621,1131479.8621,4.42,3.62,10.251
600782,新钢股份,普钢,江西,19961225,600782.SH,20170308,4.0,4.02,3.93,4.02,4.0,0.02,0.5,294062.07,116842.715,1.0552,2.3154,0.71,184.9967,19.2702,1.3433,0.4416,0.3899,0.3731,0.3731,278689.6212,278689.6212,127002.5486,1120332.2772,1120332.2772,4.4,3.6,10.251
600782,新钢股份,普钢,江西,19961225,600782.SH,20170307,4.11,4.13,3.97,4.0,4.11,-0.11,-2.68,496666.56,199387.263,1.7821,3.9107,1.3,184.0763,19.1743,1.3366,0.4394,0.388,0.375,0.375,278689.6212,278689.6212,127002.5486,1114758.4848,1114758.4848,4.52,3.7,10.251
600782,新钢股份,普钢,江西,19961225,600782.SH,20170306,4.05,4.13,4.05,4.11,4.04,0.07,1.73,288414.19,117833.661,1.0349,2.2709,0.69,189.1384,19.7016,1.3734,0.4515,0.3986,0.365,0.365,278689.6212,278689.6212,127002.5486,1145414.3431,1145414.3431,4.44,3.64,10.251
600782,新钢股份,普钢,江西,19961225,600782.SH,20170303,4.14,4.17,4.02,4.04,4.19,-0.15,-3.58,636687.01,259093.817,2.2846,5.0132,1.74,185.9171,19.366,1.35,0.4438,0.3918,0.3713,0.3713,278689.6212,278689.6212,127002.5486,1125906.0696,1125906.0696,4.61,3.77,10.251
600782,新钢股份,普钢,江西,19961225,600782.SH,20170302,4.24,4.3,4.18,4.19,4.24,-0.05,-1.18,305740.02,129704.474,1.0971,2.4074,0.75,192.8199,20.0851,1.4001,0.4603,0.4064,0.358,0.358,278689.6212,278689.6212,127002.5486,1167709.5128,1167709.5128,4.66,3.82,10.251
600782,新钢股份,普钢,江西,19961225,600782.SH,20170301,4.23,4.28,4.17,4.24,4.24,0.0,0.0,340396.53,143924.312,1.2214,2.6802,0.79,195.1209,20.3248,1.4168,0.4657,0.4112,0.3538,0.3538,278689.6212,278689.6212,127002.5486,1181643.9939,1181643.9939,4.66,3.82,10.251
600782,新钢股份,普钢,江西,19961225,600782.SH,20170228,4.2,4.3,4.2,4.24,4.24,0.0,0.0,340099.67,144318.044,1.2204,2.6779,0.73,195.1209,20.3248,1.4168,0.4657,0.4112,0.3538,0.3538,278689.6212,278689.6212,127002.5486,1181643.9939,1181643.9939,4.66,3.82,10.251
600782,新钢股份,普钢,江西,19961225,600782.SH,20170227,4.42,4.44,4.21,4.24,4.4,-0.16,-3.64,480087.8,207049.339,1.7227,3.7801,0.93,195.1209,20.3248,1.4168,0.4657,0.4112,0.3538,0.3538,278689.6212,278689.6212,127002.5486,1181643.9939,1181643.9939,4.84,3.96,10.251
600782,新钢股份,普钢,江西,19961225,600782.SH,20170224,4.41,4.43,4.32,4.4,4.49,-0.09,-2.0,367158.59,160448.574,1.3174,2.891,0.69,202.484,21.0917,1.4703,0.4833,0.4268,0.3409,0.3409,278689.6212,278689.6212,127002.5486,1226234.3333,1226234.3333,4.94,4.04,10.251
600782,新钢股份,普钢,江西,19961225,600782.SH,20170223,4.59,4.63,4.38,4.49,4.57,-0.08,-1.75,497506.7,225020.277,1.7852,3.9173,0.87,206.6257,21.5231,1.5004,0.4932,0.4355,0.3341,0.3341,278689.6212,278689.6212,127002.5486,1251316.3992,1251316.3992,5.03,4.11,10.251
600782,新钢股份,普钢,江西,19961225,600782.SH,20170222,4.49,4.57,4.42,4.57,4.5,0.07,1.56,459022.04,206074.635,1.6471,3.6143,0.79,210.3072,21.9066,1.5271,0.502,0.4432,0.3282,0.3282,278689.6212,278689.6212,127002.5486,1273611.5689,1273611.5689,4.95,4.05,10.251
600782,新钢股份,普钢,江西,19961225,600782.SH,20170221,4.43,4.53,4.4,4.5,4.4,0.1,2.27,535115.28,239733.882,1.9201,4.2134,0.93,207.0859,21.5711,1.5037,0.4943,0.4365,0.3333,0.3333,278689.6212,278689.6212,127002.5486,1254103.2954,1254103.2954,4.84,3.96,10.251
600782,新钢股份,普钢,江西,19961225,600782.SH,20170220,4.2,4.45,4.2,4.4,4.24,0.16,3.77,724996.34,316984.919,2.6014,5.7085,1.31,202.484,21.0917,1.4703,0.4833,0.4268,0.3409,0.3409,278689.6212,278689.6212,127002.5486,1226234.3333,1226234.3333,4.66,3.82,10.251
600782,新钢股份,普钢,江西,19961225,600782.SH,20170217,4.36,4.42,4.21,4.24,4.36,-0.12,-2.75,450627.49,193569.759,1.617,3.5482,0.74,195.1209,20.3248,1.4168,0.4657,0.4112,0.3538,0.3538,278689.6212,278689.6212,127002.5486,1181643.9939,1181643.9939,4.8,3.92,10.251
600782,新钢股份,普钢,江西,19961225,600782.SH,20170216,4.4,4.54,4.27,4.36,4.4,-0.04,-0.91,677062.91,294570.356,2.4295,5.3311,1.12,200.6432,20.9,1.4569,0.4789,0.4229,0.344,0.344,278689.6212,278689.6212,127002.5486,1215086.7484,1215086.7484,4.84,3.96,10.251
600782,新钢股份,普钢,江西,19961225,600782.SH,20170215,4.4,4.56,4.33,4.4,4.46,-0.06,-1.35,504807.3,222782.267,1.8114,3.9748,0.83,202.484,21.0917,1.4703,0.4833,0.4268,0.3409,0.3409,278689.6212,278689.6212,127002.5486,1226234.3333,1226234.3333,4.91,4.01,10.251
600782,新钢股份,普钢,江西,19961225,600782.SH,20170214,4.22,4.5,4.21,4.46,4.24,0.22,5.19,520090.58,227668.957,1.8662,4.0951,0.94,205.2451,21.3793,1.4903,0.4899,0.4326,0.3363,0.3363,278689.6212,278689.6212,127002.5486,1242955.7106,1242955.7106,4.66,3.82,10.251
600782,新钢股份,普钢,江西,19961225,600782.SH,20170213,4.26,4.41,4.2,4.24,4.19,0.05,1.19,612263.19,261267.156,2.1969,4.8209,1.22,195.1209,20.3248,1.4168,0.4657,0.4112,0.3538,0.3538,278689.6212,278689.6212,127002.5486,1181643.9939,1181643.9939,4.61,3.77,10.251
600782,新钢股份,普钢,江西,19961225,600782.SH,20170210,3.98,4.33,3.97,4.19,3.99,0.2,5.01,724819.67,299444.007,2.6008,5.7071,1.66,192.8199,20.0851,1.4001,0.4603,0.4064,0.358,0.358,278689.6212,278689.6212,127002.5486,1167709.5128,1167709.5128,4.39,3.59,10.251
600782,新钢股份,普钢,江西,19961225,600782.SH,20170209,3.83,4.03,3.83,3.99,3.85,0.14,3.64,663317.14,262694.692,2.3801,5.2229,1.87,183.6161,19.1264,1.3333,0.4383,0.387,0.3759,0.3759,278689.6212,278689.6212,127002.5486,1111971.5886,1111971.5886,4.24,3.47,10.251
600782,新钢股份,普钢,江西,19961225,600782.SH,20170208,3.87,3.88,3.76,3.85,3.89,-0.04,-1.03,502735.15,192101.93,1.8039,3.9585,1.64,177.1735,18.4553,1.2865,0.4229,0.3734,0.3896,0.3896,278689.6212,278689.6212,127002.5486,1072955.0416,1072955.0416,4.28,3.5,10.251
600782,新钢股份,普钢,江西,19961225,600782.SH,20170207,3.88,3.94,3.85,3.89,3.91,-0.02,-0.51,271473.51,105609.548,0.9741,2.1375,0.77,179.0142,18.647,1.2999,0.4273,0.3773,0.3856,0.3856,278689.6212,278689.6212,127002.5486,1084102.6265,1084102.6265,4.3,3.52,10.251
600782,新钢股份,普钢,江西,19961225,600782.SH,20170206,3.9,3.94,3.83,3.91,3.94,-0.03,-0.76,350806.56,135629.394,1.2588,2.7622,0.94,179.9346,18.7429,1.3065,0.4295,0.3792,0.3836,0.3836,278689.6212,278689.6212,127002.5486,1089676.4189,1089676.4189,4.33,3.55,10.251
600782,新钢股份,普钢,江西,19961225,600782.SH,20170203,3.99,4.01,3.81,3.94,4.01,-0.07,-1.75,396621.44,155335.04,1.4232,3.1229,1.02,181.3152,18.8867,1.3166,0.4328,0.3821,0.3807,0.3807,278689.6212,278689.6212,127002.5486,1098037.1075,1098037.1075,4.41,3.61,10.251
600782,新钢股份,普钢,江西,19961225,600782.SH,20170126,3.92,4.02,3.92,4.01,3.91,0.1,2.56,249185.59,98855.114,0.8941,1.9621,0.51,184.5365,19.2222,1.34,0.4405,0.3889,0.3741,0.3741,278689.6212,278689.6212,127002.5486,1117545.381,1117545.381,4.3,3.52,10.251
600782,新钢股份,普钢,江西,19961225,600782.SH,20170125,3.95,3.98,3.87,3.91,3.91,0.0,0.0,267341.0,104772.611,0.9593,2.105,0.38,179.9346,18.7429,1.3065,0.4295,0.3792,0.3836,0.3836,278689.6212,278689.6212,127002.5486,1089676.4189,1089676.4189,4.3,3.52,10.251
600782,新钢股份,普钢,江西,19961225,600782.SH,20170124,3.9,4.08,3.87,3.91,3.87,0.04,1.03,491016.62,193939.301,1.7619,3.8662,0.72,179.9346,18.7429,1.3065,0.4295,0.3792,0.3836,0.3836,278689.6212,278689.6212,127002.5486,1089676.4189,1089676.4189,4.26,3.48,10.251
600782,新钢股份,普钢,江西,19961225,600782.SH,20170123,3.83,3.92,3.8,3.87,3.83,0.04,1.04,456851.0,177209.298,1.6393,3.5972,0.69,178.0938,18.5511,1.2932,0.4251,0.3754,0.3876,0.3876,278689.6212,278689.6212,127002.5486,1078528.834,1078528.834,4.21,3.45,10.251
600782,新钢股份,普钢,江西,19961225,600782.SH,20170120,3.83,3.95,3.81,3.83,3.82,0.01,0.26,473754.17,183278.195,1.6999,3.7303,0.76,176.2531,18.3594,1.2798,0.4207,0.3715,0.3916,0.3916,278689.6212,278689.6212,127002.5486,1067381.2492,1067381.2492,4.2,3.44,10.251
600782,新钢股份,普钢,江西,19961225,600782.SH,20170119,3.92,3.93,3.8,3.82,3.97,-0.15,-3.78,746341.93,287612.643,2.678,5.8766,1.33,175.7929,18.3114,1.2765,0.4196,0.3705,0.3927,0.3927,278689.6212,278689.6212,127002.5486,1064594.353,1064594.353,4.37,3.57,10.251
600782,新钢股份,普钢,江西,19961225,600782.SH,20170118,3.59,3.98,3.59,3.97,3.62,0.35,9.67,1373284.72,527196.167,4.9276,10.813,3.01,182.6958,19.0305,1.3266,0.4361,0.385,0.3778,0.3778,278689.6212,278689.6212,127002.5486,1106397.7962,1106397.7962,3.98,3.26,10.251
600782,新钢股份,普钢,江西,19961225,600782.SH,20170117,3.51,3.63,3.46,3.62,3.52,0.1,2.84,359268.47,127149.982,1.2891,2.8288,0.67,166.5891,17.3527,1.2096,0.3976,0.3511,0.4144,0.4144,278689.6212,278689.6212,127002.5486,1008856.4287,1008856.4287,3.87,3.17,10.251
600782,新钢股份,普钢,江西,19961225,600782.SH,20170116,3.55,3.6,3.35,3.52,3.54,-0.02,-0.57,359663.18,126822.678,1.2906,2.8319,0.65,161.9872,16.8734,1.1762,0.3867,0.3414,0.4261,0.4261,278689.6212,278689.6212,127002.5486,980987.4666,980987.4666,3.89,3.19,10.251
600782,新钢股份,普钢,江西,19961225,600782.SH,20170113,3.56,3.63,3.52,3.54,3.56,-0.02,-0.56,267621.92,95312.71,0.9603,2.1072,0.43,162.9075,16.9692,1.1829,0.3889,0.3433,0.4237,0.4237,278689.6212,278689.6212,127002.5486,986561.259,986561.259,3.92,3.2,10.251
600782,新钢股份,普钢,江西,19961225,600782.SH,20170112,3.65,3.73,3.56,3.56,3.65,-0.09,-2.47,444623.36,161892.228,1.5954,3.5009,0.76,163.8279,17.0651,1.1896,0.3911,0.3453,0.4213,0.4213,278689.6212,278689.6212,127002.5486,992135.0515,992135.0515,4.02,3.29,10.251
600782,新钢股份,普钢,江西,19961225,600782.SH,20170111,3.68,3.83,3.61,3.65,3.64,0.01,0.27,851739.53,316927.169,3.0562,6.7065,1.76,167.9696,17.4965,1.2197,0.4009,0.354,0.411,0.411,278689.6212,278689.6212,127002.5486,1017217.1174,1017217.1174,4.0,3.28,10.251
600782,新钢股份,普钢,江西,19961225,600782.SH,20170110,3.51,3.78,3.51,3.64,3.54,0.1,2.82,774231.24,283324.035,2.7781,6.0962,2.07,167.5095,17.4486,1.2163,0.3998,0.353,0.4121,0.4121,278689.6212,278689.6212,127002.5486,1014430.2212,1014430.2212,3.89,3.19,10.251
600782,新钢股份,普钢,江西,19961225,600782.SH,20170109,3.46,3.55,3.4,3.54,3.46,0.08,2.31,437628.07,152666.367,1.5703,3.4458,1.18,162.9075,16.9692,1.1829,0.3889,0.3433,0.4237,0.4237,278689.6212,278689.6212,127002.5486,986561.259,986561.259,3.81,3.11,10.251
600782,新钢股份,普钢,江西,19961225,600782.SH,20170106,3.43,3.57,3.41,3.46,3.42,0.04,1.17,581010.62,203395.283,2.0848,4.5748,1.85,159.226,16.5858,1.1562,0.3801,0.3356,0.4335,0.4335,278689.6212,278689.6212,127002.5486,964266.0894,964266.0894,3.76,3.08,10.251
600782,新钢股份,普钢,江西,19961225,600782.SH,20170105,3.41,3.45,3.39,3.42,3.41,0.01,0.29,296980.34,101660.238,1.0656,2.3384,0.96,157.3853,16.394,1.1428,0.3757,0.3317,0.4386,0.4386,278689.6212,278689.6212,127002.5486,953118.5045,953118.5045,3.75,3.07,10.251
600782,新钢股份,普钢,江西,19961225,600782.SH,20170104,3.35,3.41,3.33,3.41,3.36,0.05,1.49,324389.11,109513.726,1.164,2.5542,1.05,156.9251,16.3461,1.1395,0.3746,0.3307,0.4399,0.4399,278689.6212,278689.6212,127002.5486,950331.6083,950331.6083,3.7,3.02,10.251
600782,新钢股份,普钢,江西,19961225,600782.SH,20170103,3.34,3.37,3.32,3.36,3.34,0.02,0.6,225789.42,75493.084,0.8102,1.7778,0.55,154.6241,16.1064,1.1228,0.3691,0.3259,0.4464,0.4464,278689.6212,278689.6212,127002.5486,936397.1272,936397.1272,3.67,3.01,10.251
600782,新钢股份,普钢,江西,19961225,600782.SH,20161230,3.28,3.36,3.26,3.34,3.29,0.05,1.52,421039.21,140695.453,1.5108,3.3152,1.07,153.7037,16.0105,1.1161,0.3669,0.3239,0.0,0.4491,278689.6212,278689.6212,127002.5486,930823.3348,930823.3348,3.62,2.96,10.251
600782,新钢股份,普钢,江西,19961225,600782.SH,20161229,3.25,3.33,3.25,3.29,3.29,0.0,0.0,304782.13,100332.991,1.0936,2.3998,0.77,151.4028,15.7709,1.0994,0.3614,0.3191,0.0,0.4559,278689.6212,278689.6212,127002.5486,916888.8537,916888.8537,3.62,2.96,10.251
600782,新钢股份,普钢,江西,19961225,600782.SH,20161228,3.3,3.34,3.26,3.29,3.28,0.01,0.3,266322.65,87849.686,0.9556,2.097,0.61,151.4028,15.7709,1.0994,0.3614,0.3191,0.0,0.4559,278689.6212,278689.6212,127002.5486,916888.8537,916888.8537,3.61,2.95,10.251
600782,新钢股份,普钢,江西,19961225,600782.SH,20161227,3.29,3.32,3.26,3.28,3.3,-0.02,-0.61,324110.17,106444.761,1.163,2.552,0.61,150.9426,15.7229,1.096,0.3603,0.3181,0.0,0.4573,278689.6212,278689.6212,127002.5486,914101.9575,914101.9575,3.63,2.97,10.251
600782,新钢股份,普钢,江西,19961225,600782.SH,20161226,3.36,3.37,3.22,3.3,3.41,-0.11,-3.23,720454.21,235462.195,2.5851,5.6728,1.51,151.863,15.8188,1.1027,0.3625,0.3201,0.0,0.4545,278689.6212,278689.6212,127002.5486,919675.75,919675.75,3.75,3.07,10.251
600782,新钢股份,普钢,江西,19961225,600782.SH,20161223,3.47,3.48,3.4,3.41,3.5,-0.09,-2.57,344290.6,118182.305,1.2354,2.7109,0.63,156.9251,16.3461,1.1395,0.3746,0.3307,0.0,0.4399,278689.6212,278689.6212,127002.5486,950331.6083,950331.6083,3.85,3.15,10.251
600782,新钢股份,普钢,江西,19961225,600782.SH,20161222,3.48,3.51,3.45,3.5,3.51,-0.01,-0.28,312629.09,108748.408,1.1218,2.4616,0.48,161.0668,16.7775,1.1695,0.3845,0.3395,0.0,0.4286,278689.6212,278689.6212,127002.5486,975413.6742,975413.6742,3.86,3.16,10.251
600782,新钢股份,普钢,江西,19961225,600782.SH,20161221,3.46,3.54,3.42,3.51,3.45,0.06,1.74,472938.81,164095.306,1.697,3.7239,0.6,161.527,16.8254,1.1729,0.3856,0.3404,0.0,0.4274,278689.6212,278689.6212,127002.5486,978200.5704,978200.5704,3.8,3.11,10.251
600782,新钢股份,普钢,江西,19961225,600782.SH,20161220,3.6,3.6,3.41,3.45,3.63,-0.18,-4.96,789163.98,274661.015,2.8317,6.2138,0.84,158.7658,16.5378,1.1528,0.379,0.3346,0.0,0.4348,278689.6212,278689.6212,127002.5486,961479.1931,961479.1931,3.99,3.27,10.251
600782,新钢股份,普钢,江西,19961225,600782.SH,20161219,3.63,3.65,3.49,3.63,3.63,0.0,0.0,467402.96,167618.286,1.6771,3.6803,0.44,167.0493,17.4007,1.213,0.3987,0.3521,0.0,0.4132,278689.6212,278689.6212,127002.5486,1011643.325,1011643.325,3.99,3.27,10.251
600782,新钢股份,普钢,江西,19961225,600782.SH,20161216,3.65,3.8,3.61,3.63,3.7,-0.07,-1.89,711315.19,262951.012,2.5524,5.6008,0.67,167.0493,17.4007,1.213,0.3987,0.3521,0.0,0.4132,278689.6212,278689.6212,127002.5486,1011643.325,1011643.325,4.07,3.33,10.251
600782,新钢股份,普钢,江西,19961225,600782.SH,20161215,3.56,3.74,3.53,3.7,3.64,0.06,1.65,817649.13,296686.481,2.9339,6.4381,0.72,170.2706,17.7362,1.2364,0.4064,0.3589,0.0,0.4054,278689.6212,278689.6212,127002.5486,1031151.5984,1031151.5984,4.0,3.28,10.251
600782,新钢股份,普钢,江西,19961225,600782.SH,20161214,3.71,3.82,3.6,3.64,3.8,-0.16,-4.21,1152425.24,428062.198,4.1352,9.074,0.97,167.5095,17.4486,1.2163,0.3998,0.353,0.0,0.4121,278689.6212,278689.6212,127002.5486,1014430.2212,1014430.2212,4.18,3.42,10.251
600782,新钢股份,普钢,江西,19961225,600782.SH,20161213,3.43,3.83,3.36,3.8,3.48,0.32,9.2,1574283.91,573037.27,5.6489,12.3957,1.67,174.8725,18.2156,1.2698,0.4174,0.3686,0.0,0.3947,278689.6212,278689.6212,127002.5486,1059020.5606,1059020.5606,3.83,3.13,10.251
600782,新钢股份,普钢,江西,19961225,600782.SH,20161212,3.55,3.69,3.47,3.48,3.53,-0.05,-1.42,1086679.01,389574.182,3.8992,8.5564,1.34,160.1464,16.6816,1.1629,0.3823,0.3375,0.0,0.431,278689.6212,278689.6212,127002.5486,969839.8818,969839.8818,3.88,3.18,10.251
600782,新钢股份,普钢,江西,19961225,600782.SH,20161209,3.49,3.56,3.41,3.53,3.48,0.05,1.44,658664.53,229753.957,2.3634,5.1862,0.78,162.4474,16.9213,1.1796,0.3878,0.3424,0.0,0.4249,278689.6212,278689.6212,127002.5486,983774.3628,983774.3628,3.83,3.13,10.251
600782,新钢股份,普钢,江西,19961225,600782.SH,20161208,3.5,3.63,3.44,3.48,3.5,-0.02,-0.57,1173158.42,414602.747,4.2096,9.2373,1.63,160.1464,16.6816,1.1629,0.3823,0.3375,0.0,0.431,278689.6212,278689.6212,127002.5486,969839.8818,969839.8818,3.85,3.15,10.251
600782,新钢股份,普钢,江西,19961225,600782.SH,20161207,3.29,3.5,3.28,3.5,3.27,0.23,7.03,1437658.66,490771.846,5.1586,11.3199,2.37,161.0668,16.7775,1.1695,0.3845,0.3395,0.0,0.4286,278689.6212,278689.6212,127002.5486,975413.6742,975413.6742,3.6,2.94,10.251
600782,新钢股份,普钢,江西,19961225,600782.SH,20161206,3.29,3.33,3.23,3.27,3.28,-0.01,-0.3,348646.88,114021.127,1.251,2.7452,0.41,150.4824,15.675,1.0927,0.3592,0.3172,0.0,0.4587,278689.6212,278689.6212,127002.5486,911315.0613,911315.0613,3.61,2.95,10.251
600782,新钢股份,普钢,江西,19961225,600782.SH,20161205,3.28,3.34,3.23,3.28,3.33,-0.05,-1.5,438767.56,144016.418,1.5744,3.4548,0.46,150.9426,15.7229,1.096,0.3603,0.3181,0.0,0.4573,278689.6212,278689.6212,127002.5486,914101.9575,914101.9575,3.66,3.0,10.251
600782,新钢股份,普钢,江西,19961225,600782.SH,20161202,3.41,3.49,3.26,3.33,3.45,-0.12,-3.48,800095.77,269042.98,2.8709,6.2998,0.72,153.2435,15.9626,1.1127,0.3658,0.323,0.0,0.4505,278689.6212,278689.6212,127002.5486,928036.4386,928036.4386,3.8,3.11,10.251
600782,新钢股份,普钢,江西,19961225,600782.SH,20161201,3.33,3.48,3.33,3.45,3.35,0.1,2.99,578159.6,196331.72,2.0746,4.5523,0.48,158.7658,16.5378,1.1528,0.379,0.3346,0.0,0.4348,278689.6212,278689.6212,127002.5486,961479.1931,961479.1931,3.69,3.02,10.251
600782,新钢股份,普钢,江西,19961225,600782.SH,20161130,3.45,3.45,3.32,3.35,3.51,-0.16,-4.56,869893.83,293205.332,3.1214,6.8494,0.73,154.1639,16.0585,1.1194,0.368,0.3249,0.0,0.4478,278689.6212,278689.6212,127002.5486,933610.231,933610.231,3.86,3.16,10.251
600782,新钢股份,普钢,江西,19961225,600782.SH,20161129,3.43,3.67,3.42,3.51,3.45,0.06,1.74,1560126.06,556165.444,5.5981,12.2842,1.46,161.527,16.8254,1.1729,0.3856,0.3404,0.0,0.4274,278689.6212,278689.6212,127002.5486,978200.5704,978200.5704,3.8,3.11,10.251
600782,新钢股份,普钢,江西,19961225,600782.SH,20161128,3.52,3.53,3.42,3.45,3.52,-0.07,-1.99,989960.49,343256.918,3.5522,7.7948,1.02,158.7658,16.5378,1.1528,0.379,0.3346,0.0,0.4348,278689.6212,278689.6212,127002.5486,961479.1931,961479.1931,3.87,3.17,10.251
600782,新钢股份,普钢,江西,19961225,600782.SH,20161125,3.34,3.55,3.3,3.52,3.33,0.19,5.71,1589694.77,544656.703,5.7042,12.517,2.11,161.9872,16.8734,1.1762,0.3867,0.3414,0.0,0.4261,278689.6212,278689.6212,127002.5486,980987.4666,980987.4666,3.66,3.0,10.251
600782,新钢股份,普钢,江西,19961225,600782.SH,20161124,3.25,3.38,3.19,3.33,3.27,0.06,1.83,951654.58,312036.869,3.4147,7.4932,1.45,153.2435,15.9626,1.1127,0.3658,0.323,0.0,0.4505,278689.6212,278689.6212,127002.5486,928036.4386,928036.4386,3.6,2.94,10.251
600782,新钢股份,普钢,江西,19961225,600782.SH,20161123,3.33,3.43,3.24,3.27,3.3,-0.03,-0.91,838654.66,278996.235,3.0093,6.6034,1.47,150.4824,15.675,1.0927,0.3592,0.3172,0.0,0.4587,278689.6212,278689.6212,127002.5486,911315.0613,911315.0613,3.63,2.97,10.251
600782,新钢股份,普钢,江西,19961225,600782.SH,20161122,3.18,3.33,3.16,3.3,3.17,0.13,4.1,982772.96,322602.105,3.5264,7.7382,1.96,151.863,15.8188,1.1027,0.3625,0.3201,0.0,0.4545,278689.6212,278689.6212,127002.5486,919675.75,919675.75,3.49,2.85,10.251
600782,新钢股份,普钢,江西,19961225,600782.SH,20161121,3.13,3.2,3.12,3.17,3.15,0.02,0.63,475241.85,150509.35,1.7053,3.742,0.75,145.8805,15.1956,1.0593,0.3482,0.3075,0.0,0.4732,278689.6212,278689.6212,127002.5486,883446.0992,883446.0992,3.47,2.84,10.251
600782,新钢股份,普钢,江西,19961225,600782.SH,20161118,3.22,3.25,3.12,3.15,3.24,-0.09,-2.78,518933.04,164937.972,1.862,4.086,0.68,144.9601,15.0998,1.0526,0.346,0.3055,0.0,0.4762,278689.6212,278689.6212,127002.5486,877872.3068,877872.3068,3.56,2.92,10.251
600782,新钢股份,普钢,江西,19961225,600782.SH,20161117,3.18,3.29,3.18,3.24,3.2,0.04,1.25,471780.09,152427.873,1.6929,3.7147,0.57,149.1018,15.5312,1.0827,0.3559,0.3142,0.0,0.463,278689.6212,278689.6212,127002.5486,902954.3727,902954.3727,3.52,2.88,10.251
600782,新钢股份,普钢,江西,19961225,600782.SH,20161116,3.22,3.24,3.15,3.2,3.22,-0.02,-0.62,411902.7,130996.727,1.478,3.2433,0.46,147.2611,15.3394,1.0693,0.3515,0.3104,0.0,0.4688,278689.6212,278689.6212,127002.5486,891806.7878,891806.7878,3.54,2.9,10.251
600782,新钢股份,普钢,江西,19961225,600782.SH,20161115,3.3,3.32,3.2,3.22,3.31,-0.09,-2.72,633588.19,205834.944,2.2735,4.9888,0.76,148.1814,15.4353,1.076,0.3537,0.3123,0.0,0.4658,278689.6212,278689.6212,127002.5486,897380.5803,897380.5803,3.64,2.98,10.251
600782,新钢股份,普钢,江西,19961225,600782.SH,20161114,3.23,3.42,3.21,3.31,3.29,0.02,0.61,1125937.05,372033.804,4.0401,8.8655,1.63,152.3232,15.8667,1.1061,0.3636,0.321,0.0,0.4532,278689.6212,278689.6212,127002.5486,922462.6462,922462.6462,3.62,2.96,10.251
600782,新钢股份,普钢,江西,19961225,600782.SH,20161111,3.1,3.38,3.08,3.29,3.1,0.19,6.13,1174832.39,380338.962,4.2156,9.2505,2.38,151.4028,15.7709,1.0994,0.3614,0.3191,0.0,0.4559,278689.6212,278689.6212,127002.5486,916888.8537,916888.8537,3.41,2.79,10.251
600782,新钢股份,普钢,江西,19961225,600782.SH,20161110,3.06,3.21,3.06,3.1,3.03,0.07,2.31,813883.29,253905.604,2.9204,6.4084,2.2,142.6592,14.8601,1.0359,0.3405,0.3007,0.0,0.4839,278689.6212,278689.6212,127002.5486,863937.8257,863937.8257,3.33,2.73,10.251
600782,新钢股份,普钢,江西,19961225,600782.SH,20161109,2.98,3.05,2.96,3.03,2.97,0.06,2.02,738684.5,222579.069,2.6506,5.8163,2.77,139.4378,14.5245,1.0125,0.3328,0.2939,0.0,0.495,278689.6212,278689.6212,127002.5486,844429.5522,844429.5522,3.27,2.67,10.251
600782,新钢股份,普钢,江西,19961225,600782.SH,20161108,2.99,3.0,2.95,2.97,3.0,-0.03,-1.0,314999.23,93644.837,1.1303,2.4803,1.29,136.6767,14.2369,0.9924,0.3262,0.2881,0.0,0.5051,278689.6212,278689.6212,127002.5486,827708.175,827708.175,3.3,2.7,10.251
600782,新钢股份,普钢,江西,19961225,600782.SH,20161107,2.94,3.0,2.93,3.0,2.93,0.07,2.39,408058.23,120940.261,1.4642,3.213,1.86,138.0572,14.3807,1.0025,0.3295,0.291,0.0,0.5,278689.6212,278689.6212,127002.5486,836068.8636,836068.8636,3.22,2.64,10.251
600782,新钢股份,普钢,江西,19961225,600782.SH,20161104,2.95,2.96,2.93,2.93,2.95,-0.02,-0.68,191159.16,56248.891,0.6859,1.5052,0.88,134.8359,14.0452,0.9791,0.3218,0.2842,0.0,0.5119,278689.6212,278689.6212,127002.5486,816560.5901,816560.5901,3.25,2.66,10.251
600782,新钢股份,普钢,江西,19961225,600782.SH,20161103,2.92,2.96,2.92,2.95,2.93,0.02,0.68,194094.14,57044.46,0.6965,1.5283,0.85,135.7563,14.141,0.9858,0.324,0.2861,0.0,0.5085,278689.6212,278689.6212,127002.5486,822134.3825,822134.3825,3.22,2.64,10.251
600782,新钢股份,普钢,江西,19961225,600782.SH,20161102,2.96,2.97,2.93,2.93,2.97,-0.04,-1.35,224689.83,66111.555,0.8062,1.7692,0.85,134.8359,14.0452,0.9791,0.3218,0.2842,0.0,0.5119,278689.6212,278689.6212,127002.5486,816560.5901,816560.5901,3.27,2.67,10.251
600782,新钢股份,普钢,江西,19961225,600782.SH,20161101,2.95,2.97,2.94,2.97,2.95,0.02,0.68,199663.0,59096.584,0.7164,1.5721,0.59,136.6767,14.2369,0.9924,0.3262,0.2881,0.0,0.5051,278689.6212,278689.6212,127002.5486,827708.175,827708.175,3.25,2.66,10.251
600782,新钢股份,普钢,江西,19961225,600782.SH,20161031,2.98,2.98,2.93,2.95,2.97,-0.02,-0.67,287563.75,84909.831,1.0318,2.2642,0.82,135.7563,14.141,0.9858,0.324,0.2861,0.0,0.5085,278689.6212,278689.6212,127002.5486,822134.3825,822134.3825,3.27,2.67,10.251
600782,新钢股份,普钢,江西,19961225,600782.SH,20161028,2.99,3.01,2.97,2.97,2.99,-0.02,-0.67,180340.88,53826.166,0.6471,1.42,0.48,136.6767,26.8101,1.0126,0.3262,0.3259,0.0,0.5051,278689.6212,278689.6212,127002.5486,827708.175,827708.175,3.29,2.69,10.251
600782,新钢股份,普钢,江西,19961225,600782.SH,20161027,3.01,3.02,2.97,2.99,3.02,-0.03,-0.99,250323.07,74897.758,0.8982,1.971,0.58,137.5971,26.9906,1.0194,0.3284,0.3281,0.0,0.5017,278689.6212,278689.6212,127002.5486,833281.9674,833281.9674,3.32,2.72,10.251
600782,新钢股份,普钢,江西,19961225,600782.SH,20161026,3.05,3.07,2.99,3.02,3.07,-0.05,-1.63,411431.21,124176.247,1.4763,3.2396,1.05,138.9776,27.2614,1.0296,0.3317,0.3314,0.0,0.4967,278689.6212,278689.6212,127002.5486,841642.656,841642.656,3.38,2.76,10.251
600782,新钢股份,普钢,江西,19961225,600782.SH,20161025,3.01,3.11,2.97,3.07,3.01,0.06,1.99,562266.81,170394.869,2.0175,4.4272,1.75,141.2786,27.7128,1.0466,0.3372,0.3369,0.0,0.4886,278689.6212,278689.6212,127002.5486,855577.1371,855577.1371,3.31,2.71,10.251
600782,新钢股份,普钢,江西,19961225,600782.SH,20161024,2.98,3.04,2.96,3.01,2.97,0.04,1.35,346238.94,104086.072,1.2424,2.7262,1.12,138.5174,27.1712,1.0262,0.3306,0.3303,0.0,0.4983,278689.6212,278689.6212,127002.5486,838855.7598,838855.7598,3.27,2.67,10.251
600782,新钢股份,普钢,江西,19961225,600782.SH,20161021,3.02,3.03,2.95,2.97,3.04,-0.07,-2.3,315244.98,93892.464,1.1312,2.4822,0.95,136.6767,26.8101,1.0126,0.3262,0.3259,0.0,0.5051,278689.6212,278689.6212,127002.5486,827708.175,827708.175,3.34,2.74,10.251
600782,新钢股份,普钢,江西,19961225,600782.SH,20161020,2.95,3.07,2.94,3.04,2.95,0.09,3.05,516104.14,155444.26,1.8519,4.0637,1.87,139.898,27.442,1.0364,0.3339,0.3336,0.0,0.4934,278689.6212,278689.6212,127002.5486,847216.4484,847216.4484,3.25,2.66,10.251
600782,新钢股份,普钢,江西,19961225,600782.SH,20161019,2.94,2.97,2.92,2.95,2.93,0.02,0.68,212577.93,62690.056,0.7628,1.6738,0.78,135.7563,26.6295,1.0057,0.324,0.3237,0.0,0.5085,278689.6212,278689.6212,127002.5486,822134.3825,822134.3825,3.22,2.64,10.251
600782,新钢股份,普钢,江西,19961225,600782.SH,20161018,2.91,2.94,2.89,2.93,2.9,0.03,1.03,213016.21,62114.443,0.7643,1.6773,0.76,134.8359,26.449,0.9989,0.3218,0.3215,0.0,0.5119,278689.6212,278689.6212,127002.5486,816560.5901,816560.5901,3.19,2.61,10.251
600782,新钢股份,普钢,江西,19961225,600782.SH,20161017,2.92,2.94,2.89,2.9,2.92,-0.02,-0.68,282409.18,82499.392,1.0133,2.2236,1.01,133.4553,26.1782,0.9887,0.3186,0.3182,0.0,0.5172,278689.6212,278689.6212,127002.5486,808199.9015,808199.9015,3.21,2.63,10.251
600782,新钢股份,普钢,江西,19961225,600782.SH,20161014,2.97,2.98,2.89,2.92,3.01,-0.09,-2.99,435641.18,127060.19,1.5632,3.4302,2.01,134.3757,26.3587,0.9955,0.3207,0.3204,0.0,0.5137,278689.6212,278689.6212,127002.5486,813773.6939,813773.6939,3.31,2.71,10.251
600782,新钢股份,普钢,江西,19961225,600782.SH,20161013,2.99,3.02,2.97,3.01,2.99,0.02,0.67,238991.59,71816.311,1.7151,3.7636,1.17,138.5174,27.1712,1.0262,0.3306,0.3303,0.0,0.4983,278689.6212,139344.8106,63501.2743,838855.7598,419427.8799,3.29,2.69,10.251
600782,新钢股份,普钢,江西,19961225,600782.SH,20161012,6.06,6.07,5.95,5.97,6.06,-0.09,-1.49,200823.35,120209.892,1.4412,3.1625,1.12,137.367,26.9455,1.0177,0.3279,0.3276,0.0,0.5025,139344.8106,139344.8106,63501.2743,831888.5193,831888.5193,6.67,5.45,5.134
600782,新钢股份,普钢,江西,19961225,600782.SH,20161011,6.05,6.07,5.99,6.06,6.07,-0.01,-0.16,242826.53,146106.446,1.7426,3.824,1.64,139.4378,27.3517,1.033,0.3328,0.3325,0.0,0.495,139344.8106,139344.8106,63501.2743,844429.5522,844429.5522,6.68,5.46,5.134
600782,新钢股份,普钢,江西,19961225,600782.SH,20161010,6.15,6.17,5.99,6.07,6.08,-0.01,-0.16,277717.36,167678.207,1.993,4.3734,2.32,139.6679,27.3968,1.0347,0.3334,0.333,0.0,0.4942,139344.8106,139344.8106,63501.2743,845823.0003,845823.0003,6.69,5.47,5.134
600782,新钢股份,普钢,江西,19961225,600782.SH,20160930,6.08,6.1,5.98,6.08,6.07,0.01,0.16,121056.32,73222.562,0.8688,1.9064,1.07,139.898,27.442,1.0364,0.3339,0.3336,0.0,0.4934,139344.8106,139344.8106,63501.2743,847216.4484,847216.4484,6.68,5.46,5.134
600782,新钢股份,普钢,江西,19961225,600782.SH,20160929,6.06,6.22,6.03,6.07,6.04,0.03,0.5,180138.56,109876.079,1.2928,2.8368,1.75,139.6679,27.3968,1.0347,0.3334,0.333,0.0,0.4942,139344.8106,139344.8106,63501.2743,845823.0003,845823.0003,6.64,5.44,5.134
600782,新钢股份,普钢,江西,19961225,600782.SH,20160928,6.08,6.08,6.0,6.04,6.1,-0.06,-0.98,72336.19,43608.811,0.5191,1.1391,0.55,138.9776,27.2614,1.0296,0.3317,0.3314,0.0,0.4967,139344.8106,139344.8106,63501.2743,841642.656,841642.656,6.71,5.49,5.134
600782,新钢股份,普钢,江西,19961225,600782.SH,20160927,6.02,6.1,5.97,6.1,6.04,0.06,0.99,88370.31,53171.489,0.6342,1.3916,0.65,140.3582,27.5322,1.0398,0.335,0.3347,0.0,0.4918,139344.8106,139344.8106,63501.2743,850003.3447,850003.3447,6.64,5.44,5.134
600782,新钢股份,普钢,江西,19961225,600782.SH,20160926,6.23,6.26,6.01,6.04,6.25,-0.21,-3.36,137275.51,83874.178,0.9851,2.1618,1.11,138.9776,27.2614,1.0296,0.3317,0.3314,0.0,0.4967,139344.8106,139344.8106,63501.2743,841642.656,841642.656,6.88,5.63,5.134
600782,新钢股份,普钢,江西,19961225,600782.SH,20160923,6.3,6.33,6.24,6.25,6.27,-0.02,-0.32,86028.9,54072.948,0.6174,1.3548,0.71,143.8096,28.2093,1.0654,0.3433,0.3429,0.0,0.48,139344.8106,139344.8106,63501.2743,870905.0663,870905.0663,6.9,5.64,5.134
600782,新钢股份,普钢,江西,19961225,600782.SH,20160922,6.31,6.34,6.21,6.27,6.27,0.0,0.0,131638.67,82568.952,0.9447,2.073,1.09,144.2698,28.2995,1.0688,0.3444,0.344,0.0,0.4785,139344.8106,139344.8106,63501.2743,873691.9625,873691.9625,6.9,5.64,5.134
600782,新钢股份,普钢,江西,19961225,600782.SH,20160921,6.26,6.5,6.22,6.27,6.25,0.02,0.32,216225.91,136955.396,1.5517,3.4051,1.77,144.2698,28.2995,1.0688,0.3444,0.344,0.0,0.4785,139344.8106,139344.8106,63501.2743,873691.9625,873691.9625,6.88,5.63,5.134
600782,新钢股份,普钢,江西,19961225,600782.SH,20160920,6.27,6.33,6.2,6.25,6.26,-0.01,-0.16,110112.56,68796.659,0.7902,1.734,0.83,143.8096,28.2093,1.0654,0.3433,0.3429,0.0,0.48,139344.8106,139344.8106,63501.2743,870905.0663,870905.0663,6.89,5.63,5.134
600782,新钢股份,普钢,江西,19961225,600782.SH,20160919,6.22,6.27,6.19,6.26,6.19,0.07,1.13,73725.31,46057.175,0.5291,1.161,0.47,144.0397,28.2544,1.0671,0.3438,0.3435,0.0,0.4792,139344.8106,139344.8106,63501.2743,872298.5144,872298.5144,6.81,5.57,5.134
600782,新钢股份,普钢,江西,19961225,600782.SH,20160914,6.2,6.27,6.13,6.19,6.25,-0.06,-0.96,75891.67,46966.319,0.5446,1.1951,0.37,142.4291,27.9384,1.0552,0.34,0.3396,0.0,0.4847,139344.8106,139344.8106,63501.2743,862544.3776,862544.3776,6.88,5.63,5.134
600782,新钢股份,普钢,江西,19961225,600782.SH,20160913,6.19,6.27,6.12,6.25,6.15,0.1,1.63,125158.22,77624.207,0.8982,1.971,0.56,143.8096,28.2093,1.0654,0.3433,0.3429,0.0,0.48,139344.8106,139344.8106,63501.2743,870905.0663,870905.0663,6.77,5.54,5.134
600782,新钢股份,普钢,江西,19961225,600782.SH,20160912,6.34,6.42,6.08,6.15,6.46,-0.31,-4.8,227145.77,141093.576,1.6301,3.577,0.92,141.5087,27.7579,1.0483,0.3378,0.3374,0.0,0.4878,139344.8106,139344.8106,63501.2743,856970.5852,856970.5852,7.11,5.81,5.134
600782,新钢股份,普钢,江西,19961225,600782.SH,20160909,6.61,6.64,6.44,6.46,6.65,-0.19,-2.86,165217.01,107829.508,1.1857,2.6018,0.68,148.6416,29.1571,1.1012,0.3548,0.3544,0.0,0.4644,139344.8106,139344.8106,63501.2743,900167.4765,900167.4765,7.32,5.99,5.134
600782,新钢股份,普钢,江西,19961225,600782.SH,20160908,6.5,6.66,6.42,6.65,6.52,0.13,1.99,196672.87,128500.918,1.4114,3.0971,0.76,153.0134,30.0147,1.1336,0.3652,0.3649,0.0,0.4511,139344.8106,139344.8106,63501.2743,926642.9905,926642.9905,7.17,5.87,5.134
600782,新钢股份,普钢,江西,19961225,600782.SH,20160907,6.45,6.72,6.43,6.52,6.47,0.05,0.77,304898.57,201518.317,2.1881,4.8015,1.19,150.0222,29.4279,1.1114,0.3581,0.3577,0.0,0.4601,139344.8106,139344.8106,63501.2743,908528.1651,908528.1651,7.12,5.82,5.134
600782,新钢股份,普钢,江西,19961225,600782.SH,20160906,6.4,6.56,6.32,6.47,6.43,0.04,0.62,229260.06,147748.32,1.6453,3.6103,0.75,148.8717,29.2022,1.1029,0.3554,0.355,0.0,0.4637,139344.8106,139344.8106,63501.2743,901560.9246,901560.9246,7.07,5.79,5.134
600782,新钢股份,普钢,江西,19961225,600782.SH,20160905,6.2,6.53,6.18,6.43,6.18,0.25,4.05,337592.46,215776.991,2.4227,5.3163,1.07,147.9513,29.0217,1.0961,0.3532,0.3528,0.0,0.4666,139344.8106,139344.8106,63501.2743,895987.1322,895987.1322,6.8,5.56,5.134
600782,新钢股份,普钢,江西,19961225,600782.SH,20160902,6.15,6.24,6.11,6.18,6.15,0.03,0.49,153475.46,94827.084,1.1014,2.4169,0.41,142.199,27.8933,1.0535,0.3394,0.3391,0.0,0.4854,139344.8106,139344.8106,63501.2743,861150.9295,861150.9295,6.77,5.54,5.134
600782,新钢股份,普钢,江西,19961225,600782.SH,20160901,6.36,6.36,6.11,6.15,6.34,-0.19,-3.0,268950.4,166579.835,1.9301,4.2354,0.63,141.5087,27.7579,1.0483,0.3378,0.3374,0.0,0.4878,139344.8106,139344.8106,63501.2743,856970.5852,856970.5852,6.97,5.71,5.134
600782,新钢股份,普钢,江西,19961225,600782.SH,20160831,6.65,6.65,6.28,6.34,6.59,-0.25,-3.79,294948.91,189063.889,2.1167,4.6448,0.69,145.8805,28.6155,1.1085,0.3482,0.3479,0.0,0.4732,139344.8106,139344.8106,63501.2743,883446.0992,883446.0992,7.25,5.93,5.134
600782,新钢股份,普钢,江西,19961225,600782.SH,20160830,6.57,6.68,6.09,6.59,6.5,0.09,1.38,482642.48,308083.287,3.4637,7.6005,1.31,151.6329,105.9781,1.1523,0.3619,0.3705,0.0,0.4552,139344.8106,139344.8106,63501.2743,918282.3019,918282.3019,7.15,5.85,5.134
600782,新钢股份,普钢,江西,19961225,600782.SH,20160829,6.58,6.87,6.48,6.5,6.59,-0.09,-1.37,382620.34,255647.81,2.7459,6.0254,1.13,149.562,104.5307,1.1365,0.357,0.3655,0.0,0.4615,139344.8106,139344.8106,63501.2743,905741.2689,905741.2689,7.25,5.93,5.134
600782,新钢股份,普钢,江西,19961225,600782.SH,20160826,6.39,6.69,6.25,6.59,6.42,0.17,2.65,455033.06,298421.889,3.2655,7.1657,1.55,151.6329,105.9781,1.1523,0.3619,0.3705,0.0,0.4552,139344.8106,139344.8106,63501.2743,918282.3019,918282.3019,7.06,5.78,5.134
600782,新钢股份,普钢,江西,19961225,600782.SH,20160825,6.17,6.62,6.16,6.42,6.23,0.19,3.05,520122.59,335320.767,3.7326,8.1907,2.17,147.7213,103.2442,1.1225,0.3526,0.361,0.0,0.4673,139344.8106,139344.8106,63501.2743,894593.6841,894593.6841,6.85,5.61,5.134
600782,新钢股份,普钢,江西,19961225,600782.SH,20160824,6.01,6.34,5.97,6.23,6.02,0.21,3.49,298031.14,184373.373,2.1388,4.6933,1.07,143.3494,100.1887,1.0893,0.3422,0.3503,0.0,0.4815,139344.8106,139344.8106,63501.2743,868118.17,868118.17,6.62,5.42,5.134
600782,新钢股份,普钢,江西,19961225,600782.SH,20160823,6.09,6.13,5.9,6.02,6.07,-0.05,-0.82,191090.89,114875.421,1.3714,3.0092,0.61,138.5174,96.8115,1.0526,0.3306,0.3385,0.0,0.4983,139344.8106,139344.8106,63501.2743,838855.7598,838855.7598,6.68,5.46,5.134
600782,新钢股份,普钢,江西,19961225,600782.SH,20160822,6.09,6.18,6.01,6.07,6.11,-0.04,-0.65,224774.88,137038.909,1.6131,3.5397,0.71,139.6679,97.6156,1.0613,0.3334,0.3413,0.0,0.4942,139344.8106,139344.8106,63501.2743,845823.0003,845823.0003,6.72,5.5,5.134
600782,新钢股份,普钢,江西,19961225,600782.SH,20160819,6.25,6.27,6.0,6.11,6.29,-0.18,-2.86,232013.57,141504.525,1.665,3.6537,0.77,140.5883,98.2589,1.0683,0.3356,0.3435,0.0,0.491,139344.8106,139344.8106,63501.2743,851396.7928,851396.7928,6.92,5.66,5.134
600782,新钢股份,普钢,江西,19961225,600782.SH,20160818,6.3,6.33,6.16,6.29,6.35,-0.06,-0.94,251763.39,157132.241,1.8068,3.9647,0.84,144.73,101.1536,1.0998,0.3455,0.3537,0.0,0.4769,139344.8106,139344.8106,63501.2743,876478.8587,876478.8587,6.99,5.72,5.134
600782,新钢股份,普钢,江西,19961225,600782.SH,20160817,6.07,6.67,6.07,6.35,6.12,0.23,3.76,493098.68,317309.659,3.5387,7.7652,1.7,146.1106,102.1185,1.1103,0.3488,0.357,0.0,0.4724,139344.8106,139344.8106,63501.2743,884839.5473,884839.5473,6.73,5.51,5.134
600782,新钢股份,普钢,江西,19961225,600782.SH,20160816,5.85,6.2,5.85,6.12,5.88,0.24,4.08,365582.55,220591.27,2.6236,5.7571,1.23,140.8184,98.4197,1.0701,0.3361,0.3441,0.0,0.4902,139344.8106,139344.8106,63501.2743,852790.2409,852790.2409,6.47,5.29,5.134
600782,新钢股份,普钢,江西,19961225,600782.SH,20160815,5.79,5.92,5.78,5.88,5.78,0.1,1.73,229944.36,134730.066,1.6502,3.6211,0.69,135.2961,94.5601,1.0281,0.3229,0.3306,0.0,0.5102,139344.8106,139344.8106,63501.2743,819347.4863,819347.4863,6.36,5.2,5.134
600782,新钢股份,普钢,江西,19961225,600782.SH,20160812,5.63,5.81,5.63,5.78,5.7,0.08,1.4,165630.18,95137.748,1.1886,2.6083,0.51,132.9951,92.9519,1.0106,0.3175,0.325,0.0,0.519,139344.8106,139344.8106,63501.2743,805413.0053,805413.0053,6.27,5.13,5.134
600782,新钢股份,普钢,江西,19961225,600782.SH,20160811,5.77,5.97,5.61,5.7,5.84,-0.14,-2.4,252000.78,145055.201,1.8085,3.9684,0.85,131.1544,91.6654,0.9966,0.3131,0.3205,0.0,0.5263,139344.8106,139344.8106,63501.2743,794265.4204,794265.4204,6.42,5.26,5.134
600782,新钢股份,普钢,江西,19961225,600782.SH,20160810,5.76,6.13,5.71,5.84,5.76,0.08,1.39,439913.03,262543.615,3.157,6.9276,1.85,134.3757,93.9168,1.0211,0.3207,0.3284,0.0,0.5137,139344.8106,139344.8106,63501.2743,813773.6939,813773.6939,6.34,5.18,5.134
600782,新钢股份,普钢,江西,19961225,600782.SH,20160809,5.66,5.83,5.66,5.76,5.74,0.02,0.35,397915.8,227813.917,2.8556,6.2663,2.22,132.535,92.6303,1.0071,0.3164,0.3239,0.0,0.5208,139344.8106,139344.8106,63501.2743,802626.1091,802626.1091,6.31,5.17,5.134
600782,新钢股份,普钢,江西,19961225,600782.SH,20160808,5.46,5.78,5.46,5.74,5.46,0.28,5.13,410173.35,232037.625,2.9436,6.4593,3.27,132.0748,92.3087,1.0036,0.3153,0.3227,0.0,0.5226,139344.8106,139344.8106,63501.2743,799839.2128,799839.2128,6.01,4.91,5.134
600782,新钢股份,普钢,江西,19961225,600782.SH,20160805,5.4,5.49,5.39,5.46,5.43,0.03,0.55,133321.38,72574.984,0.9568,2.0995,1.03,125.6321,87.8058,0.9547,0.2999,0.307,0.0,0.5495,139344.8106,139344.8106,63501.2743,760822.6659,760822.6659,5.97,4.89,5.134
600782,新钢股份,普钢,江西,19961225,600782.SH,20160804,5.39,5.44,5.33,5.43,5.39,0.04,0.74,100805.56,54212.603,0.7234,1.5875,0.72,124.9418,87.3234,0.9494,0.2982,0.3053,0.0,0.5525,139344.8106,139344.8106,63501.2743,756642.3216,756642.3216,5.93,4.85,5.134
600782,新钢股份,普钢,江西,19961225,600782.SH,20160803,5.28,5.51,5.26,5.39,5.3,0.09,1.7,146626.38,78706.488,1.0523,2.309,0.86,124.0214,86.6801,0.9424,0.296,0.3031,0.0,0.5566,139344.8106,139344.8106,63501.2743,751068.5291,751068.5291,5.83,4.77,5.134
600782,新钢股份,普钢,江西,19961225,600782.SH,20160802,5.24,5.33,5.21,5.3,5.24,0.06,1.15,105694.12,55763.788,0.7585,1.6644,0.58,121.9506,85.2327,0.9267,0.2911,0.298,0.0,0.566,139344.8106,139344.8106,63501.2743,738527.4962,738527.4962,5.76,4.72,5.134
600782,新钢股份,普钢,江西,19961225,600782.SH,20160801,5.25,5.27,5.14,5.24,5.27,-0.03,-0.57,140405.39,73096.439,1.0076,2.2111,0.77,120.57,84.2678,0.9162,0.2878,0.2946,0.0,0.5725,139344.8106,139344.8106,63501.2743,730166.8075,730166.8075,5.8,4.74,5.134
600782,新钢股份,普钢,江西,19961225,600782.SH,20160729,5.36,5.38,5.25,5.27,5.39,-0.12,-2.23,153414.7,81332.994,1.101,2.4159,0.74,121.2603,84.7503,0.9215,0.2894,0.2963,0.0,0.5693,139344.8106,139344.8106,63501.2743,734347.1519,734347.1519,5.93,4.85,5.134
600782,新钢股份,普钢,江西,19961225,600782.SH,20160728,5.28,5.4,5.26,5.39,5.32,0.07,1.32,150897.91,80441.865,1.0829,2.3763,0.65,124.0214,86.6801,0.9424,0.296,0.3031,0.0,0.5566,139344.8106,139344.8106,63501.2743,751068.5291,751068.5291,5.85,4.79,5.134
600782,新钢股份,普钢,江西,19961225,600782.SH,20160727,5.65,5.74,5.23,5.32,5.61,-0.29,-5.17,304319.31,166248.608,2.1839,4.7923,1.42,122.4108,85.5544,0.9302,0.2922,0.2991,0.0,0.5639,139344.8106,139344.8106,63501.2743,741314.3924,741314.3924,6.17,5.05,5.134
600782,新钢股份,普钢,江西,19961225,600782.SH,20160726,5.5,5.64,5.46,5.61,5.5,0.11,2.0,160965.56,89881.875,1.1552,2.5348,0.61,129.0835,90.2181,0.9809,0.3081,0.3154,0.0,0.5348,139344.8106,139344.8106,63501.2743,781724.3875,781724.3875,6.05,4.95,5.134
600782,新钢股份,普钢,江西,19961225,600782.SH,20160725,5.49,5.52,5.39,5.5,5.49,0.01,0.18,139340.08,76071.98,1.0,2.1943,0.5,126.5525,88.4491,0.9617,0.3021,0.3092,0.0,0.5455,139344.8106,139344.8106,63501.2743,766396.4583,766396.4583,6.04,4.94,5.134
600782,新钢股份,普钢,江西,19961225,600782.SH,20160722,5.57,5.58,5.41,5.49,5.59,-0.1,-1.79,283372.24,155531.859,2.0336,4.4625,1.05,126.3224,88.2883,0.9599,0.3015,0.3087,0.0,0.5464,139344.8106,139344.8106,63501.2743,765003.0102,765003.0102,6.15,5.03,5.134
600782,新钢股份,普钢,江西,19961225,600782.SH,20160721,5.54,5.69,5.54,5.59,5.54,0.05,0.9,266451.42,149534.226,1.9122,4.196,1.0,128.6233,89.8964,0.9774,0.307,0.3143,0.0,0.5367,139344.8106,139344.8106,63501.2743,778937.4913,778937.4913,6.09,4.99,5.134
600782,新钢股份,普钢,江西,19961225,600782.SH,20160720,5.58,5.65,5.51,5.54,5.59,-0.05,-0.89,223222.27,124035.994,1.6019,3.5152,0.76,127.4729,89.0923,0.9687,0.3043,0.3115,0.0,0.5415,139344.8106,139344.8106,63501.2743,771970.2507,771970.2507,6.15,5.03,5.134
600782,新钢股份,普钢,江西,19961225,600782.SH,20160719,5.71,5.77,5.48,5.59,5.79,-0.2,-3.45,400334.79,222965.311,2.873,6.3044,1.19,128.6233,89.8964,0.9774,0.307,0.3143,0.0,0.5367,139344.8106,139344.8106,63501.2743,778937.4913,778937.4913,6.37,5.21,5.134
600782,新钢股份,普钢,江西,19961225,600782.SH,20160718,5.92,5.92,5.72,5.79,5.99,-0.2,-3.34,211465.05,122678.414,1.5176,3.3301,0.64,133.2252,93.1127,1.0124,0.318,0.3255,0.0,0.5181,139344.8106,139344.8106,63501.2743,806806.4534,806806.4534,6.59,5.39,5.134
600782,新钢股份,普钢,江西,19961225,600782.SH,20160715,5.96,6.18,5.9,5.99,5.98,0.01,0.17,243711.92,146820.375,1.749,3.8379,0.79,137.8271,96.3291,1.0473,0.329,0.3368,0.0,0.5008,139344.8106,139344.8106,63501.2743,834675.4155,834675.4155,6.58,5.38,5.134
600782,新钢股份,普钢,江西,19961225,600782.SH,20160714,6.1,6.15,5.91,5.98,6.19,-0.21,-3.39,250596.11,150312.967,1.7984,3.9463,0.79,137.5971,96.1683,1.0456,0.3284,0.3362,0.0,0.5017,139344.8106,139344.8106,63501.2743,833281.9674,833281.9674,6.81,5.57,5.134
600782,新钢股份,普钢,江西,19961225,600782.SH,20160713,6.2,6.42,6.01,6.19,6.18,0.01,0.16,360378.71,223017.31,2.5862,5.6751,1.31,142.4291,99.5454,1.0823,0.34,0.348,0.0,0.4847,139344.8106,139344.8106,63501.2743,862544.3776,862544.3776,6.8,5.56,5.134
600782,新钢股份,普钢,江西,19961225,600782.SH,20160712,5.63,6.18,5.6,6.18,5.62,0.56,9.96,616475.7,370105.67,4.4241,9.7081,2.67,142.199,99.3846,1.0806,0.3394,0.3475,0.0,0.4854,139344.8106,139344.8106,63501.2743,861150.9295,861150.9295,6.18,5.06,5.134
600782,新钢股份,普钢,江西,19961225,600782.SH,20160711,5.63,5.72,5.49,5.62,5.61,0.01,0.18,190716.87,107011.391,1.3687,3.0034,0.72,129.3136,90.3789,0.9827,0.3087,0.316,0.0,0.5338,139344.8106,139344.8106,63501.2743,783117.8356,783117.8356,6.17,5.05,5.134
600782,新钢股份,普钢,江西,19961225,600782.SH,20160708,5.76,5.79,5.57,5.61,5.76,-0.15,-2.6,122895.03,69204.754,0.8819,1.9353,0.47,129.0835,90.2181,0.9809,0.3081,0.3154,0.0,0.5348,139344.8106,139344.8106,63501.2743,781724.3875,781724.3875,6.34,5.18,5.134
600782,新钢股份,普钢,江西,19961225,600782.SH,20160707,5.7,6.03,5.69,5.76,5.69,0.07,1.23,290129.47,170033.817,2.0821,4.5689,1.27,132.535,92.6303,1.0071,0.3164,0.3239,0.0,0.5208,139344.8106,139344.8106,63501.2743,802626.1091,802626.1091,6.26,5.12,5.134
600782,新钢股份,普钢,江西,19961225,600782.SH,20160706,5.75,5.83,5.6,5.72,5.84,-0.12,-2.05,158307.83,90319.426,1.1361,2.493,0.68,131.6146,91.987,0.9949,0.3142,0.3216,0.0,,139344.8106,139344.8106,63501.2743,797052.3166,797052.3166,6.42,5.26,5.107
600782,新钢股份,普钢,江西,19961225,600782.SH,20160705,5.61,6.0,5.58,5.84,5.6,0.24,4.29,393519.97,229035.852,2.8241,6.197,1.76,134.3757,93.9168,1.0158,0.3207,0.3284,0.0,,139344.8106,139344.8106,63501.2743,813773.6939,813773.6939,6.16,5.04,5.107
600782,新钢股份,普钢,江西,19961225,600782.SH,20160704,5.24,5.84,5.24,5.6,5.32,0.28,5.26,361026.76,200911.028,2.5909,5.6853,1.6,128.8534,90.0572,0.974,0.3076,0.3149,0.0,,139344.8106,139344.8106,63501.2743,780330.9394,780330.9394,5.85,4.79,5.107
600782,新钢股份,普钢,江西,19961225,600782.SH,20160701,5.36,5.36,5.26,5.32,5.33,-0.01,-0.19,100053.55,53238.208,0.718,1.5756,0.43,122.4108,85.5544,0.9253,0.2922,0.2991,0.0,,139344.8106,139344.8106,63501.2743,741314.3924,741314.3924,5.86,4.8,5.107
600782,新钢股份,普钢,江西,19961225,600782.SH,20160630,5.37,5.4,5.26,5.33,5.35,-0.02,-0.37,132198.32,70371.412,0.9487,2.0818,0.53,122.6409,85.7152,0.9271,0.2927,0.2997,0.0,,139344.8106,139344.8106,63501.2743,742707.8405,742707.8405,5.89,4.82,5.107
600782,新钢股份,普钢,江西,19961225,600782.SH,20160629,5.35,5.42,5.3,5.35,5.37,-0.02,-0.37,169928.44,90901.522,1.2195,2.676,0.71,123.101,86.0368,0.9306,0.2938,0.3008,0.0,,139344.8106,139344.8106,63501.2743,745494.7367,745494.7367,5.91,4.83,5.107
600782,新钢股份,普钢,江西,19961225,600782.SH,20160628,5.45,5.47,5.2,5.37,5.51,-0.14,-2.54,353746.25,188747.503,2.5386,5.5707,1.62,123.5612,86.3585,0.934,0.2949,0.3019,0.0,,139344.8106,139344.8106,63501.2743,748281.6329,748281.6329,6.06,4.96,5.107
600782,新钢股份,普钢,江西,19961225,600782.SH,20160627,5.08,5.51,5.08,5.51,5.01,0.5,9.98,369383.27,201316.248,2.6509,5.8169,2.01,126.7826,88.6099,0.9584,0.3026,0.3098,0.0,,139344.8106,139344.8106,63501.2743,767789.9064,767789.9064,5.51,4.51,5.107
600782,新钢股份,普钢,江西,19961225,600782.SH,20160624,5.06,5.14,4.83,5.01,5.13,-0.12,-2.34,129951.32,65226.007,0.9326,2.0464,0.68,115.2778,80.5691,0.8714,0.2752,0.2817,0.0,,139344.8106,139344.8106,63501.2743,698117.5011,698117.5011,5.64,4.62,5.107
600782,新钢股份,普钢,江西,19961225,600782.SH,20160623,4.98,5.29,4.94,5.13,4.96,0.17,3.43,226904.42,116565.507,1.6284,3.5732,1.22,118.0389,82.4989,0.8923,0.2818,0.2884,0.0,,139344.8106,139344.8106,63501.2743,714838.8784,714838.8784,5.46,4.46,5.107
600782,新钢股份,普钢,江西,19961225,600782.SH,20160622,4.86,5.0,4.83,4.96,4.88,0.08,1.64,118134.99,58319.977,0.8478,1.8604,0.59,114.1273,79.765,0.8627,0.2724,0.2789,0.0,,139344.8106,139344.8106,63501.2743,691150.2606,691150.2606,5.37,4.39,5.107
600782,新钢股份,普钢,江西,19961225,600782.SH,20160621,5.11,5.11,4.8,4.88,5.12,-0.24,-4.69,249328.37,122869.853,1.7893,3.9264,1.36,112.2866,78.4784,0.8488,0.268,0.2744,0.0,,139344.8106,139344.8106,63501.2743,680002.6757,680002.6757,5.63,4.61,5.107
600782,新钢股份,普钢,江西,19961225,600782.SH,20160620,5.31,5.31,4.91,5.12,5.27,-0.15,-2.85,195932.25,99447.398,1.4061,3.0855,1.2,117.8088,82.338,0.8906,0.2812,0.2879,0.0,,139344.8106,139344.8106,63501.2743,713445.4303,713445.4303,5.8,4.74,5.107
600782,新钢股份,普钢,江西,19961225,600782.SH,20160603,5.24,5.38,5.16,5.27,5.2,0.07,1.35,169822.93,89392.838,1.2187,2.6743,1.07,121.2603,84.7503,0.9166,0.2894,0.2963,0.0,,139344.8106,139344.8106,63501.2743,734347.1519,734347.1519,,,5.107
600782,新钢股份,普钢,江西,19961225,600782.SH,20160602,5.07,5.28,5.07,5.2,5.09,0.11,2.16,196889.02,102452.455,1.413,3.1006,1.28,119.6496,83.6246,0.9045,0.2856,0.2924,0.0,,139344.8106,139344.8106,63501.2743,724593.0151,724593.0151,,,5.107
600782,新钢股份,普钢,江西,19961225,600782.SH,20160601,5.0,5.12,4.98,5.09,5.01,0.08,1.6,196527.7,99690.089,1.4104,3.0949,1.5,117.1186,81.8556,0.8853,0.2796,0.2862,0.0,,139344.8106,139344.8106,63501.2743,709265.086,709265.086,,,5.107
600782,新钢股份,普钢,江西,19961225,600782.SH,20160531,4.81,5.02,4.81,5.01,4.82,0.19,3.94,157244.46,77788.479,1.1285,2.4762,1.08,115.2778,80.5691,0.8714,0.2752,0.2817,0.0,,139344.8106,139344.8106,63501.2743,698117.5011,698117.5011,5.8,4.74,5.107
600782,新钢股份,普钢,江西,19961225,600782.SH,20160530,4.84,4.9,4.76,4.82,4.9,-0.08,-1.63,95567.68,46087.279,0.6858,1.505,0.64,110.906,77.5135,0.8384,0.2647,0.271,0.0,,139344.8106,139344.8106,63501.2743,671641.9871,671641.9871,,,5.107
600782,新钢股份,普钢,江西,19961225,600782.SH,20160527,4.86,4.99,4.79,4.9,4.88,0.02,0.41,149929.61,73197.914,1.076,2.361,1.1,112.7467,78.8001,0.8523,0.2691,0.2755,0.0,,139344.8106,139344.8106,63501.2743,682789.5719,682789.5719,,,5.107
600782,新钢股份,普钢,江西,19961225,600782.SH,20160526,4.92,5.01,4.75,4.88,4.92,-0.04,-0.81,168369.14,81474.253,1.2083,2.6514,1.29,112.2866,78.4784,0.8488,0.268,0.2744,0.0,,139344.8106,139344.8106,63501.2743,680002.6757,680002.6757,,,5.107
600782,新钢股份,普钢,江西,19961225,600782.SH,20160525,4.94,4.98,4.88,4.92,4.94,-0.02,-0.4,85660.86,42268.619,0.6147,1.349,0.59,113.2069,79.1217,0.8558,0.2702,0.2766,0.0,,139344.8106,139344.8106,63501.2743,685576.4682,685576.4682,,,5.107
600782,新钢股份,普钢,江西,19961225,600782.SH,20160524,5.15,5.15,4.83,4.94,5.15,-0.21,-4.08,229854.62,114090.643,1.6495,3.6197,1.3,113.6671,79.4433,0.8593,0.2713,0.2777,0.0,,139344.8106,139344.8106,63501.2743,688363.3644,688363.3644,5.72,4.68,5.107
600782,新钢股份,普钢,江西,19961225,600782.SH,20160523,5.15,5.21,5.09,5.15,5.14,0.01,0.19,109667.63,56482.081,0.787,1.727,0.57,118.4991,82.8205,0.8958,0.2829,0.2896,0.0,,139344.8106,139344.8106,63501.2743,717625.7746,717625.7746,,,5.107
600782,新钢股份,普钢,江西,19961225,600782.SH,20160520,5.05,5.15,5.01,5.14,5.12,0.02,0.39,89128.01,45360.866,0.6396,1.4036,0.4,118.269,82.6597,0.894,0.2823,0.289,0.0,,139344.8106,139344.8106,63501.2743,716232.3265,716232.3265,,,5.107
600782,新钢股份,普钢,江西,19961225,600782.SH,20160519,5.13,5.3,5.1,5.12,5.11,0.01,0.2,136015.6,70718.996,0.9761,2.1419,0.6,117.8088,82.338,0.8906,0.2812,0.2879,0.0,,139344.8106,139344.8106,63501.2743,713445.4303,713445.4303,,,5.107
600782,新钢股份,普钢,江西,19961225,600782.SH,20160518,5.14,5.2,4.99,5.11,5.25,-0.14,-2.67,165361.84,84077.071,1.1867,2.6041,0.73,117.5788,82.1772,0.8888,0.2807,0.2873,0.0,,139344.8106,139344.8106,63501.2743,712051.9822,712051.9822,,,5.107
600782,新钢股份,普钢,江西,19961225,600782.SH,20160517,5.21,5.45,5.19,5.25,5.18,0.07,1.35,384000.26,204962.866,2.7558,6.0471,1.92,120.8001,84.4287,0.9132,0.2883,0.2952,0.0,,139344.8106,139344.8106,63501.2743,731560.2557,731560.2557,,,5.107
600782,新钢股份,普钢,江西,19961225,600782.SH,20160516,5.2,5.24,5.02,5.18,5.27,-0.09,-1.71,186261.05,95483.873,1.3367,2.9332,0.83,119.1894,83.3029,0.901,0.2845,0.2912,0.0,,139344.8106,139344.8106,63501.2743,721806.1189,721806.1189,,,5.107
600782,新钢股份,普钢,江西,19961225,600782.SH,20160513,5.12,5.43,5.09,5.27,5.19,0.08,1.54,251302.1,133126.087,1.8035,3.9574,1.19,121.2603,84.7503,0.9166,0.2894,0.2963,0.0,,139344.8106,139344.8106,63501.2743,734347.1519,734347.1519,5.43,4.45,5.107
600782,新钢股份,普钢,江西,19961225,600782.SH,20160512,5.02,5.27,4.97,5.19,5.13,0.06,1.17,146952.93,75160.25,1.0546,2.3142,0.66,119.4195,83.4638,0.9027,0.285,0.2918,0.0,,139344.8106,139344.8106,63501.2743,723199.567,723199.567,5.67,4.64,5.107
600782,新钢股份,普钢,江西,19961225,600782.SH,20160511,5.24,5.27,5.1,5.13,5.27,-0.14,-2.66,170814.08,88241.359,1.2258,2.6899,0.74,118.0389,82.4989,0.8923,0.2818,0.2884,0.0,,139344.8106,139344.8106,63501.2743,714838.8784,714838.8784,,,5.107
600782,新钢股份,普钢,江西,19961225,600782.SH,20160510,5.2,5.34,5.05,5.27,5.23,0.04,0.76,242321.35,125408.23,1.739,3.816,1.17,121.2603,84.7503,0.9166,0.2894,0.2963,0.0,,139344.8106,139344.8106,63501.2743,734347.1519,734347.1519,,,5.107
600782,新钢股份,普钢,江西,19961225,600782.SH,20160509,5.72,5.72,5.22,5.23,5.8,-0.57,-9.83,306071.83,165044.665,2.1965,4.8199,1.74,120.3399,84.107,0.9097,0.2872,0.2941,0.0,,139344.8106,139344.8106,63501.2743,728773.3594,728773.3594,,,5.107
600782,新钢股份,普钢,江西,19961225,600782.SH,20160506,6.1,6.15,5.79,5.8,6.18,-0.38,-6.15,193578.19,115400.249,1.3892,3.0484,1.16,133.4553,93.2736,1.0088,0.3186,0.3261,0.0,,139344.8106,139344.8106,63501.2743,808199.9015,808199.9015,,,5.107
600782,新钢股份,普钢,江西,19961225,600782.SH,20160505,6.26,6.27,6.06,6.18,6.27,-0.09,-1.44,200444.98,122622.009,1.4385,3.1566,1.21,142.199,99.3846,1.0749,0.3394,0.3475,0.0,,139344.8106,139344.8106,63501.2743,861150.9295,861150.9295,,,5.107
600782,新钢股份,普钢,江西,19961225,600782.SH,20160504,6.37,6.4,6.17,6.27,6.41,-0.14,-2.18,212883.28,133262.506,1.5277,3.3524,1.45,144.2698,100.8319,1.0906,0.3444,0.3525,0.0,,139344.8106,139344.8106,63501.2743,873691.9625,873691.9625,,,5.107
600782,新钢股份,普钢,江西,19961225,600782.SH,20160503,6.35,6.47,6.23,6.41,6.36,0.05,0.79,122900.39,78380.64,0.882,1.9354,0.71,147.4912,103.0834,1.1149,0.3521,0.3604,0.0,,139344.8106,139344.8106,63501.2743,893200.2359,893200.2359,,,5.107
600782,新钢股份,普钢,江西,19961225,600782.SH,20160429,6.28,6.57,6.2,6.36,6.3,0.06,0.95,148722.51,95724.271,1.0673,4.4393,0.71,146.3407,146.3407,1.0936,0.3493,0.3493,0.0,,139344.8106,139344.8106,33501.2743,886232.9954,886232.9954,,,5.107
600782,新钢股份,普钢,江西,19961225,600782.SH,20160428,6.23,6.38,6.08,6.3,6.34,-0.04,-0.63,149136.52,92308.361,1.0703,4.4517,0.48,144.9601,144.9601,1.0833,0.346,0.346,0.0,,139344.8106,139344.8106,33501.2743,877872.3068,877872.3068,,,5.107
600782,新钢股份,普钢,江西,19961225,600782.SH,20160427,6.4,6.48,6.18,6.34,6.34,0.0,0.0,194123.82,123033.768,1.3931,5.7945,0.51,145.8805,145.8805,1.0902,0.3482,0.3482,0.0,,139344.8106,139344.8106,33501.2743,883446.0992,883446.0992,,,5.107
600782,新钢股份,普钢,江西,19961225,600782.SH,20160426,6.31,6.41,6.2,6.34,6.44,-0.1,-1.55,120310.1,75828.201,0.8634,3.5912,0.28,145.8805,145.8805,1.0902,0.3482,0.3482,0.0,,139344.8106,139344.8106,33501.2743,883446.0992,883446.0992,,,5.107
600782,新钢股份,普钢,江西,19961225,600782.SH,20160425,6.33,6.49,6.12,6.44,6.31,0.13,2.06,254510.36,160944.597,1.8265,7.597,0.55,148.1814,148.1814,1.1074,0.3537,0.3537,0.0,,139344.8106,139344.8106,33501.2743,897380.5803,897380.5803,,,5.107
600782,新钢股份,普钢,江西,19961225,600782.SH,20160422,6.46,6.65,6.2,6.31,6.88,-0.57,-8.28,329964.51,211743.564,2.368,9.8493,0.67,145.1902,145.1902,1.085,0.3466,0.3466,0.0,,139344.8106,139344.8106,33501.2743,879265.7549,879265.7549,,,5.107
600782,新钢股份,普钢,江西,19961225,600782.SH,20160421,6.71,7.22,6.67,6.88,6.67,0.21,3.15,649681.35,450903.801,4.6624,19.3927,1.33,158.3056,158.3056,1.1831,0.3779,0.3779,0.0,,139344.8106,139344.8106,33501.2743,958692.2969,958692.2969,7.05,5.77,5.107
600782,新钢股份,普钢,江西,19961225,600782.SH,20160420,6.85,6.86,6.29,6.67,6.7,-0.03,-0.45,563171.41,372537.98,4.0416,16.8104,1.13,153.4736,153.4736,1.1469,0.3663,0.3663,0.0,,139344.8106,139344.8106,33501.2743,929429.8867,929429.8867,7.0,5.72,5.107
600782,新钢股份,普钢,江西,19961225,600782.SH,20160419,6.76,6.81,6.56,6.7,6.74,-0.04,-0.59,360704.15,240989.89,2.5886,10.7669,0.65,154.1639,154.1639,1.1521,0.368,0.368,0.0,,139344.8106,139344.8106,33501.2743,933610.231,933610.231,,,5.107
600782,新钢股份,普钢,江西,19961225,600782.SH,20160418,6.79,6.86,6.56,6.74,6.79,-0.05,-0.74,426251.02,285793.07,3.059,12.7234,0.86,23.1082,361.721,1.2046,0.2901,0.3954,0.0,,139344.8106,139344.8106,33501.2743,939184.0234,939184.0234,,,5.107
600782,新钢股份,普钢,江西,19961225,600782.SH,20160415,6.92,7.02,6.65,6.79,7.06,-0.27,-3.82,453799.28,308828.698,3.2567,13.5457,1.02,23.2796,364.4044,1.2135,0.2923,0.3983,0.0,,139344.8106,139344.8106,33501.2743,946151.264,946151.264,,,5.107
600782,新钢股份,普钢,江西,19961225,600782.SH,20160414,7.38,7.44,6.81,7.06,7.32,-0.26,-3.55,642478.47,452650.632,4.6107,19.1777,1.8,24.2053,378.8947,1.2618,0.3039,0.4142,0.0,,139344.8106,139344.8106,33501.2743,983774.3628,983774.3628,,,5.107
600782,新钢股份,普钢,江西,19961225,600782.SH,20160413,6.72,7.32,6.55,7.32,6.65,0.67,10.08,597861.2,424384.412,4.2905,17.8459,2.19,25.0967,392.8483,1.3083,0.3151,0.4294,0.0,,139344.8106,139344.8106,33501.2743,1020004.0136,1020004.0136,6.94,5.68,5.107
600782,新钢股份,普钢,江西,19961225,600782.SH,20160412,6.22,6.81,6.22,6.65,6.19,0.46,7.43,651484.22,433483.614,4.6753,19.4466,3.48,22.7996,356.8909,1.1885,0.2863,0.3901,0.0,,139344.8106,139344.8106,33501.2743,926642.9905,926642.9905,,,5.107
600782,新钢股份,普钢,江西,19961225,600782.SH,20160411,5.78,6.19,5.78,6.19,5.63,0.56,9.95,122856.79,75538.854,0.8817,3.6672,0.5,21.2225,332.2037,1.1063,0.2665,0.3631,0.0,,139344.8106,139344.8106,33501.2743,862544.3776,862544.3776,,,5.107
600782,新钢股份,普钢,江西,19961225,600782.SH,20160408,5.46,5.89,5.4,5.63,5.55,0.08,1.44,205346.54,116972.631,1.4737,6.1295,0.82,19.3025,302.1497,1.0062,0.2424,0.3303,0.0,,139344.8106,139344.8106,33501.2743,784511.2837,784511.2837,,,5.107
600782,新钢股份,普钢,江西,19961225,600782.SH,20160407,5.53,5.66,5.44,5.55,5.5,0.05,0.91,209804.83,116597.095,1.5057,6.2626,0.88,19.0282,297.8563,0.9919,0.2389,0.3256,0.0,,139344.8106,139344.8106,33501.2743,773363.6988,773363.6988,,,5.107
600782,新钢股份,普钢,江西,19961225,600782.SH,20160406,5.5,5.53,5.34,5.5,5.55,-0.05,-0.9,176398.8,96025.586,1.2659,5.2654,0.78,18.8568,295.1729,0.983,0.2368,0.3227,0.0,,139344.8106,139344.8106,33501.2743,766396.4583,766396.4583,,,5.107
600782,新钢股份,普钢,江西,19961225,600782.SH,20160405,5.39,5.59,5.31,5.55,5.41,0.14,2.59,222468.78,122141.795,1.5965,6.6406,1.09,19.0282,297.8563,0.9919,0.2389,0.3256,0.0,,139344.8106,139344.8106,33501.2743,773363.6988,773363.6988,,,5.107
600782,新钢股份,普钢,江西,19961225,600782.SH,20160401,5.14,5.6,5.12,5.41,5.18,0.23,4.44,404039.37,218222.935,2.8996,12.0604,2.81,18.5483,290.3428,0.9669,0.2329,0.3174,0.0,,139344.8106,139344.8106,33501.2743,753855.4253,753855.4253,,,5.107
600782,新钢股份,普钢,江西,19961225,600782.SH,20160331,5.1,5.27,5.04,5.18,5.1,0.08,1.57,241380.18,123844.655,1.7323,7.2051,1.77,17.7597,277.9992,0.9258,0.223,0.3039,0.0,,139344.8106,139344.8106,33501.2743,721806.1189,721806.1189,,,5.107
600782,新钢股份,普钢,江西,19961225,600782.SH,20160330,5.1,5.11,5.0,5.1,5.01,0.09,1.8,147501.05,74732.567,1.0585,4.4028,1.01,17.4854,273.7058,0.9115,0.2195,0.2992,0.0,,139344.8106,139344.8106,33501.2743,710658.5341,710658.5341,,,5.107
600782,新钢股份,普钢,江西,19961225,600782.SH,20160329,4.92,5.05,4.91,5.01,4.93,0.08,1.62,116510.75,58172.505,0.8361,3.4778,0.7,17.1768,268.8757,0.8954,0.2157,0.2939,0.0,,139344.8106,139344.8106,33501.2743,698117.5011,698117.5011,,,5.107
600782,新钢股份,普钢,江西,19961225,600782.SH,20160328,4.96,5.06,4.9,4.93,4.96,-0.03,-0.6,112373.52,56130.748,0.8064,3.3543,0.58,16.9026,264.5823,0.8811,0.2122,0.2892,0.0,,139344.8106,139344.8106,33501.2743,686969.9163,686969.9163,,,5.107
600782,新钢股份,普钢,江西,19961225,600782.SH,20160325,4.9,4.96,4.88,4.96,4.89,0.07,1.43,100691.45,49444.402,0.7226,3.0056,0.45,17.0054,266.1923,0.8865,0.2135,0.291,0.0,,139344.8106,139344.8106,33501.2743,691150.2606,691150.2606,,,5.107
600782,新钢股份,普钢,江西,19961225,600782.SH,20160324,5.03,5.05,4.88,4.89,5.1,-0.21,-4.12,203682.89,101175.114,1.4617,6.0799,0.93,16.7654,262.4356,0.874,0.2105,0.2869,0.0,,139344.8106,139344.8106,33501.2743,681396.1238,681396.1238,6.11,5.0,5.107
600782,新钢股份,普钢,江西,19961225,600782.SH,20160323,5.04,5.16,5.0,5.1,5.03,0.07,1.39,195689.2,99670.566,1.4044,5.8412,0.99,17.4854,273.7058,0.9115,0.2195,0.2992,0.0,,139344.8106,139344.8106,33501.2743,710658.5341,710658.5341,,,5.107
600782,新钢股份,普钢,江西,19961225,600782.SH,20160322,5.05,5.07,4.93,5.03,5.09,-0.06,-1.18,216901.66,108609.049,1.5566,6.4744,1.17,17.2454,269.9491,0.899,0.2165,0.2951,0.0,,139344.8106,139344.8106,33501.2743,700904.3973,700904.3973,,,5.107
600782,新钢股份,普钢,江西,19961225,600782.SH,20160321,5.01,5.12,4.98,5.09,4.99,0.1,2.0,255875.32,129112.076,1.8363,7.6378,1.57,17.4511,273.1691,0.9097,0.2191,0.2986,0.0,,139344.8106,139344.8106,33501.2743,709265.086,709265.086,,,5.107
600782,新钢股份,普钢,江西,19961225,600782.SH,20160318,4.88,5.1,4.81,4.99,4.83,0.16,3.31,243493.38,120717.972,1.7474,7.2682,1.92,17.1083,267.8023,0.8918,0.2148,0.2927,0.0,,139344.8106,139344.8106,33501.2743,695330.6049,695330.6049,,,5.107
600782,新钢股份,普钢,江西,19961225,600782.SH,20160317,4.77,4.91,4.65,4.83,4.75,0.08,1.68,183942.11,88502.2,1.32,5.4906,1.6,16.5597,259.2155,0.8632,0.2079,0.2834,0.0,,139344.8106,139344.8106,33501.2743,673035.4352,673035.4352,,,5.107
600782,新钢股份,普钢,江西,19961225,600782.SH,20160316,4.9,4.92,4.75,4.75,4.86,-0.11,-2.26,92192.42,44484.226,0.6616,2.7519,0.67,16.2854,254.9221,0.8489,0.2045,0.2787,0.0,,139344.8106,139344.8106,33501.2743,661887.8504,661887.8504,,,5.107
600782,新钢股份,普钢,江西,19961225,600782.SH,20160315,5.01,5.09,4.8,4.86,5.07,-0.21,-4.14,153711.76,74989.501,1.1031,4.5882,0.87,16.6626,260.8255,0.8686,0.2092,0.2851,0.0,,139344.8106,139344.8106,33501.2743,677215.7795,677215.7795,,,5.107
600782,新钢股份,普钢,江西,19961225,600782.SH,20160314,4.97,5.11,4.97,5.07,4.95,0.12,2.42,139174.45,70444.207,0.9988,4.1543,0.69,17.3826,272.0958,0.9061,0.2182,0.2974,0.0,,139344.8106,139344.8106,33501.2743,706478.1897,706478.1897,,,5.107
600782,新钢股份,普钢,江西,19961225,600782.SH,20160311,4.92,5.01,4.85,4.95,4.94,0.01,0.2,64641.62,31946.127,0.4639,1.9295,0.28,16.9711,265.6556,0.8847,0.2131,0.2904,0.0,,139344.8106,139344.8106,33501.2743,689756.8125,689756.8125,,,5.107
600782,新钢股份,普钢,江西,19961225,600782.SH,20160310,5.12,5.18,4.9,4.94,5.09,-0.15,-2.95,126036.95,63516.337,0.9045,3.7622,0.5,16.9369,265.119,0.8829,0.2127,0.2898,0.0,,139344.8106,139344.8106,33501.2743,688363.3644,688363.3644,5.6,4.58,5.107
600782,新钢股份,普钢,江西,19961225,600782.SH,20160309,5.18,5.22,4.93,5.09,5.39,-0.3,-5.57,209035.2,106839.727,1.5001,6.2396,0.78,17.4511,273.1691,0.9097,0.2191,0.2986,0.0,,139344.8106,139344.8106,33501.2743,709265.086,709265.086,,,5.107
600782,新钢股份,普钢,江西,19961225,600782.SH,20160308,5.63,5.72,5.34,5.39,5.44,-0.05,-0.92,343563.3,188854.596,2.4656,10.2552,1.4,18.4797,289.2695,0.9633,0.232,0.3162,0.0,,139344.8106,139344.8106,33501.2743,751068.5291,751068.5291,,,5.107
600782,新钢股份,普钢,江西,19961225,600782.SH,20160307,5.5,5.69,5.23,5.44,5.22,0.22,4.21,262222.64,141017.163,1.8818,7.8272,1.12,18.6511,291.9529,0.9723,0.2342,0.3191,0.0,,139344.8106,139344.8106,33501.2743,758035.7697,758035.7697,,,5.107
600782,新钢股份,普钢,江西,19961225,600782.SH,20160304,5.16,5.47,4.94,5.22,5.22,0.0,0.0,219086.3,115567.931,1.5723,6.5396,0.85,17.8968,280.1459,0.9329,0.2247,0.3062,0.0,,139344.8106,139344.8106,33501.2743,727379.9113,727379.9113,,,5.107
600782,新钢股份,普钢,江西,19961225,600782.SH,20160303,5.33,5.59,5.19,5.22,5.38,-0.16,-2.97,225142.55,120432.813,1.6157,6.7204,0.9,17.8968,280.1459,0.9329,0.2247,0.3062,0.0,,139344.8106,139344.8106,33501.2743,727379.9113,727379.9113,,,5.107
600782,新钢股份,普钢,江西,19961225,600782.SH,20160302,5.08,5.57,4.95,5.38,5.07,0.31,6.11,289639.97,154587.284,2.0786,8.6456,1.26,18.4454,288.7328,0.9615,0.2316,0.3156,0.0,,139344.8106,139344.8106,33501.2743,749675.081,749675.081,,,5.107
600782,新钢股份,普钢,江西,19961225,600782.SH,20160301,5.05,5.22,4.86,5.07,5.0,0.07,1.4,227422.86,115847.548,1.6321,6.7885,0.88,17.3826,272.0958,0.9061,0.2182,0.2974,0.0,,139344.8106,139344.8106,33501.2743,706478.1897,706478.1897,,,5.107
600782,新钢股份,普钢,江西,19961225,600782.SH,20160229,4.95,5.18,4.56,5.0,5.06,-0.06,-1.19,210276.66,103083.852,1.509,6.2767,0.78,17.1426,268.339,0.8936,0.2152,0.2933,0.0,,139344.8106,139344.8106,33501.2743,696724.053,696724.053,5.6,4.58,5.107
600782,新钢股份,普钢,江西,19961225,600782.SH,20160226,4.7,5.06,4.58,5.06,4.6,0.46,10.0,334764.98,161825.586,2.4024,9.9926,1.52,17.3483,271.5591,0.9043,0.2178,0.2969,0.0,,139344.8106,139344.8106,33501.2743,705084.7416,705084.7416,,,5.107
600782,新钢股份,普钢,江西,19961225,600782.SH,20160225,5.01,5.03,4.54,4.6,5.04,-0.44,-8.73,183851.7,88341.966,1.3194,5.4879,0.83,15.7712,246.8719,0.8221,0.198,0.2699,0.0,,139344.8106,139344.8106,33501.2743,640986.1288,640986.1288,,,5.107
600782,新钢股份,普钢,江西,19961225,600782.SH,20160224,5.09,5.1,4.87,5.04,5.17,-0.13,-2.51,196811.8,98213.909,1.4124,5.8748,0.92,17.2797,270.4857,0.9008,0.217,0.2957,0.0,,139344.8106,139344.8106,33501.2743,702297.8454,702297.8454,5.74,4.7,5.107
600782,新钢股份,普钢,江西,19961225,600782.SH,20160223,5.12,5.34,4.95,5.17,4.98,0.19,3.82,365022.31,186310.368,2.6196,10.8958,2.05,17.7254,277.4625,0.924,0.2226,0.3033,0.0,,139344.8106,139344.8106,33501.2743,720412.6708,720412.6708,,,5.107
600782,新钢股份,普钢,江西,19961225,600782.SH,20160222,4.55,4.98,4.55,4.98,4.53,0.45,9.93,264315.48,128128.298,1.8968,7.8897,1.74,17.074,267.2657,0.89,0.2144,0.2922,0.0,,139344.8106,139344.8106,33501.2743,693937.1568,693937.1568,,,5.107
600782,新钢股份,普钢,江西,19961225,600782.SH,20160219,4.44,4.55,4.41,4.53,4.48,0.05,1.12,94306.92,42339.756,0.6768,2.815,0.55,15.5312,243.1152,0.8096,0.195,0.2658,0.0,,139344.8106,139344.8106,33501.2743,631231.992,631231.992,,,5.107
600782,新钢股份,普钢,江西,19961225,600782.SH,20160218,4.55,4.68,4.46,4.48,4.53,-0.05,-1.1,182237.82,83516.215,1.3078,5.4397,1.09,15.3597,240.4318,0.8007,0.1929,0.2628,0.0,,139344.8106,139344.8106,33501.2743,624264.7515,624264.7515,,,5.107
600782,新钢股份,普钢,江西,19961225,600782.SH,20160217,4.42,4.55,4.41,4.53,4.45,0.08,1.8,164376.81,73721.208,1.1796,4.9066,1.02,15.5312,243.1152,0.8096,0.195,0.2658,0.0,,139344.8106,139344.8106,33501.2743,631231.992,631231.992,,,5.107
600782,新钢股份,普钢,江西,19961225,600782.SH,20160216,4.3,4.5,4.28,4.45,4.29,0.16,3.73,184951.72,81515.47,1.3273,5.5207,1.13,15.2569,238.8217,0.7953,0.1916,0.2611,0.0,,139344.8106,139344.8106,33501.2743,620084.4072,620084.4072,,,5.107
600782,新钢股份,普钢,江西,19961225,600782.SH,20160215,4.2,4.34,4.17,4.29,4.38,-0.09,-2.05,131651.97,55784.576,0.9448,3.9298,0.73,14.7083,230.2349,0.7667,0.1847,0.2517,0.0,,139344.8106,139344.8106,33501.2743,597789.2375,597789.2375,,,5.107
600782,新钢股份,普钢,江西,19961225,600782.SH,20160205,4.46,4.55,4.34,4.38,4.42,-0.04,-0.91,186821.73,82765.494,1.3407,5.5766,1.04,15.0169,235.065,0.7828,0.1885,0.257,0.0,,139344.8106,139344.8106,33501.2743,610330.2704,610330.2704,,,5.107
600782,新钢股份,普钢,江西,19961225,600782.SH,20160204,4.38,4.49,4.35,4.42,4.37,0.05,1.14,169738.81,74891.048,1.2181,5.0666,0.97,15.154,237.2117,0.79,0.1903,0.2593,0.0,,139344.8106,139344.8106,33501.2743,615904.0629,615904.0629,,,5.107
600782,新钢股份,普钢,江西,19961225,600782.SH,20160203,4.3,4.4,4.22,4.37,4.37,0.0,0.0,130116.28,56257.957,0.9338,3.8839,0.6,14.9826,234.5283,0.781,0.1881,0.2564,0.0,,139344.8106,139344.8106,33501.2743,608936.8223,608936.8223,,,5.107
600782,新钢股份,普钢,江西,19961225,600782.SH,20160202,4.17,4.41,4.11,4.37,4.14,0.23,5.56,196508.61,83611.823,1.4102,5.8657,0.91,14.9826,234.5283,0.781,0.1881,0.2564,0.0,,139344.8106,139344.8106,33501.2743,608936.8223,608936.8223,4.93,4.03,5.107
600782,新钢股份,普钢,江西,19961225,600782.SH,20160201,4.53,4.69,4.14,4.14,4.6,-0.46,-10.0,220163.21,95291.068,1.58,6.5718,1.07,14.194,222.1847,0.7399,0.1782,0.2429,0.0,,139344.8106,139344.8106,33501.2743,576887.5159,576887.5159,,,5.107
600782,新钢股份,普钢,江西,19961225,600782.SH,20160129,4.57,4.72,4.46,4.6,4.58,0.02,0.44,180650.19,83014.139,1.2964,5.3923,0.91,15.7712,246.8719,0.8221,0.198,0.2699,0.0,,139344.8106,139344.8106,33501.2743,640986.1288,640986.1288,,,5.107
600782,新钢股份,普钢,江西,19961225,600782.SH,20160128,4.81,4.96,4.46,4.58,4.96,-0.38,-7.66,145143.43,68782.913,1.0416,4.3325,0.7,15.7026,245.7985,0.8186,0.1972,0.2687,0.0,,139344.8106,139344.8106,33501.2743,638199.2325,638199.2325,,,5.107
600782,新钢股份,普钢,江西,19961225,600782.SH,20160127,4.81,5.1,4.44,4.96,4.76,0.2,4.2,343402.12,166415.427,2.4644,10.2504,1.8,17.0054,266.1923,0.8865,0.2135,0.291,0.0,,139344.8106,139344.8106,33501.2743,691150.2606,691150.2606,,,5.107
600782,新钢股份,普钢,江西,19961225,600782.SH,20160126,5.17,5.2,4.76,4.76,5.29,-0.53,-10.02,186115.95,92783.362,1.3357,5.5555,0.93,16.3197,255.4587,0.8507,0.2049,0.2793,0.0,,139344.8106,139344.8106,33501.2743,663281.2985,663281.2985,,,5.107
600782,新钢股份,普钢,江西,19961225,600782.SH,20160125,5.2,5.5,5.18,5.29,5.12,0.17,3.32,177108.16,94294.94,1.271,5.2866,0.77,18.1368,283.9027,0.9455,0.2277,0.3103,0.0,,139344.8106,139344.8106,33501.2743,737134.0481,737134.0481,,,5.107
600782,新钢股份,普钢,江西,19961225,600782.SH,20160122,5.07,5.24,4.99,5.12,4.98,0.14,2.81,143830.64,73528.381,1.0322,4.2933,0.52,17.554,274.7792,0.9151,0.2204,0.3004,0.0,,139344.8106,139344.8106,33501.2743,713445.4303,713445.4303,,,5.107
600782,新钢股份,普钢,江西,19961225,600782.SH,20160121,5.37,5.45,4.95,4.98,5.41,-0.43,-7.95,184273.76,96822.761,1.3224,5.5005,0.55,17.074,267.2657,0.89,0.2144,0.2922,0.0,,139344.8106,139344.8106,33501.2743,693937.1568,693937.1568,,,5.107
600782,新钢股份,普钢,江西,19961225,600782.SH,20160120,5.6,5.6,5.3,5.41,5.66,-0.25,-4.42,262797.32,142863.442,1.8859,7.8444,0.7,18.5483,290.3428,0.9669,0.2329,0.3174,0.0,,139344.8106,139344.8106,33501.2743,753855.4253,753855.4253,,,5.107
600782,新钢股份,普钢,江西,19961225,600782.SH,20160119,5.52,5.73,5.37,5.66,5.57,0.09,1.62,230443.76,128526.504,1.6538,6.8787,0.62,19.4054,303.7598,1.0116,0.2436,0.3321,0.0,,139344.8106,139344.8106,33501.2743,788691.628,788691.628,,,5.107
600782,新钢股份,普钢,江西,19961225,600782.SH,20160118,5.7,5.85,5.36,5.57,5.96,-0.39,-6.54,329169.8,183303.216,2.3623,9.8256,0.77,19.0968,298.9297,0.9955,0.2398,0.3268,0.0,,139344.8106,139344.8106,33501.2743,776150.595,776150.595,,,5.107
600782,新钢股份,普钢,江西,19961225,600782.SH,20160115,6.44,6.58,5.95,5.96,6.61,-0.65,-9.83,384440.53,236198.685,2.7589,11.4754,0.87,20.4339,319.8601,1.0652,0.2566,0.3497,0.0,,139344.8106,139344.8106,33501.2743,830495.0712,830495.0712,,,5.107
600782,新钢股份,普钢,江西,19961225,600782.SH,20160114,5.98,6.78,5.9,6.61,6.44,0.17,2.64,456203.5,294061.116,3.2739,13.6175,1.17,22.6625,354.7442,1.1814,0.2845,0.3878,0.0,,139344.8106,139344.8106,33501.2743,921069.1981,921069.1981,,,5.107
600782,新钢股份,普钢,江西,19961225,600782.SH,20160113,5.95,6.71,5.93,6.44,6.1,0.34,5.57,485505.02,318978.14,3.4842,14.4921,1.43,22.0796,345.6207,1.151,0.2772,0.3778,0.0,,139344.8106,139344.8106,33501.2743,897380.5803,897380.5803,,,5.107
600782,新钢股份,普钢,江西,19961225,600782.SH,20160112,6.05,6.29,5.71,6.1,6.29,-0.19,-3.02,204668.29,122991.24,1.4688,6.1093,0.63,20.9139,327.3736,1.0902,0.2626,0.3579,0.0,,139344.8106,139344.8106,33501.2743,850003.3447,850003.3447,,,5.107
600782,新钢股份,普钢,江西,19961225,600782.SH,20160111,6.15,6.64,5.96,6.29,6.09,0.2,3.28,612722.48,383130.509,4.3972,18.2895,2.76,21.5653,337.5705,1.1242,0.2708,0.369,0.0,,139344.8106,139344.8106,33501.2743,876478.8587,876478.8587,,,5.107
600782,新钢股份,普钢,江西,19961225,600782.SH,20160108,5.81,6.09,5.65,6.09,5.54,0.55,9.93,440699.65,264621.446,3.1627,13.1547,2.97,20.8796,326.8369,1.0884,0.2622,0.3573,0.0,,139344.8106,139344.8106,33501.2743,848609.8966,848609.8966,,,5.107
600782,新钢股份,普钢,江西,19961225,600782.SH,20160107,5.91,6.03,5.3,5.54,5.81,-0.27,-4.65,200858.98,117988.162,1.4415,5.9956,1.62,18.994,297.3196,0.9901,0.2385,0.325,0.0,,139344.8106,139344.8106,33501.2743,771970.2507,771970.2507,6.13,5.01,5.107
600782,新钢股份,普钢,江西,19961225,600782.SH,20160106,5.23,5.81,5.23,5.81,5.28,0.53,10.04,237452.4,136039.027,1.7041,7.0879,2.46,19.9197,311.8099,1.0384,0.2501,0.3409,0.0,,139344.8106,139344.8106,33501.2743,809593.3496,809593.3496,,,5.107
600782,新钢股份,普钢,江西,19961225,600782.SH,20160105,4.99,5.42,4.91,5.28,5.12,0.16,3.13,142547.32,74103.064,1.023,4.255,1.53,18.1025,283.366,0.9437,0.2273,0.3098,0.0,,139344.8106,139344.8106,33501.2743,735740.6,735740.6,,,5.107
600782,新钢股份,普钢,江西,19961225,600782.SH,20160104,5.63,5.68,5.09,5.12,5.65,-0.53,-9.38,89632.0,49207.85,0.6432,2.6755,1.0,17.554,274.7792,0.9151,0.2204,0.3004,0.0,,139344.8106,139344.8106,33501.2743,713445.4303,713445.4303,,,5.107
600782,新钢股份,普钢,江西,19961225,600782.SH,20151231,5.67,5.73,5.6,5.65,5.65,0.0,0.0,70922.81,40240.235,0.509,2.117,0.79,19.3711,303.2231,1.0098,0.2432,0.3315,0.0,,139344.8106,139344.8106,33501.2743,787298.1799,787298.1799,,,5.107
600782,新钢股份,普钢,江西,19961225,600782.SH,20151230,5.7,5.79,5.63,5.65,5.68,-0.03,-0.53,79992.9,45584.251,0.5741,2.3878,0.82,19.3711,303.2231,1.0098,0.2432,0.3315,0.0,,139344.8106,139344.8106,33501.2743,787298.1799,787298.1799,,,5.107
600782,新钢股份,普钢,江西,19961225,600782.SH,20151229,5.53,5.73,5.44,5.68,5.52,0.16,2.9,100344.08,56308.054,0.7201,2.9952,1.03,19.4739,304.8331,1.0152,0.2445,0.3332,0.0,,139344.8106,139344.8106,33501.2743,791478.5242,791478.5242,,,5.107
600782,新钢股份,普钢,江西,19961225,600782.SH,20151228,5.73,5.78,5.5,5.52,5.73,-0.21,-3.66,125396.92,70650.701,0.8999,3.743,1.21,18.9254,296.2463,0.9866,0.2376,0.3238,0.0,,139344.8106,139344.8106,33501.2743,769183.3545,769183.3545,,,5.107
600782,新钢股份,普钢,江西,19961225,600782.SH,20151225,5.73,5.8,5.7,5.73,5.75,-0.02,-0.35,72976.01,41945.388,0.5237,2.1783,0.61,19.6454,307.5165,1.0241,0.2467,0.3362,0.0,,139344.8106,139344.8106,33501.2743,798445.7647,798445.7647,,,5.107
600782,新钢股份,普钢,江西,19961225,600782.SH,20151224,5.8,5.82,5.67,5.75,5.83,-0.08,-1.37,71880.81,41219.784,0.5158,2.1456,0.56,19.7139,308.5899,1.0277,0.2475,0.3373,0.0,,139344.8106,139344.8106,33501.2743,801232.661,801232.661,,,5.107
600782,新钢股份,普钢,江西,19961225,600782.SH,20151223,5.9,5.96,5.8,5.83,5.86,-0.03,-0.51,118156.07,69467.709,0.8479,3.5269,1.03,19.9882,312.8833,1.042,0.251,0.342,0.0,,139344.8106,139344.8106,33501.2743,812380.2458,812380.2458,,,5.107
600782,新钢股份,普钢,江西,19961225,600782.SH,20151222,5.79,5.92,5.75,5.86,5.86,0.0,0.0,100363.85,58660.926,0.7203,2.9958,0.93,20.0911,314.4933,1.0473,0.2523,0.3438,0.0,,139344.8106,139344.8106,33501.2743,816560.5901,816560.5901,,,5.107
600782,新钢股份,普钢,江西,19961225,600782.SH,20151221,5.83,5.94,5.74,5.86,5.8,0.06,1.03,155550.22,90698.249,1.1163,4.6431,1.77,20.0911,314.4933,1.0473,0.2523,0.3438,0.0,,139344.8106,139344.8106,33501.2743,816560.5901,816560.5901,,,5.107
600782,新钢股份,普钢,江西,19961225,600782.SH,20151218,5.62,5.82,5.6,5.8,5.64,0.16,2.84,155287.04,88700.511,1.1144,4.6353,2.36,19.8854,311.2733,1.0366,0.2497,0.3403,0.0,,139344.8106,139344.8106,33501.2743,808199.9015,808199.9015,6.25,5.11,5.107
600782,新钢股份,普钢,江西,19961225,600782.SH,20151217,5.55,5.76,5.54,5.64,5.54,0.1,1.81,109993.91,62055.568,0.7894,3.2833,2.02,19.3368,302.6864,1.008,0.2428,0.3309,0.0,,139344.8106,139344.8106,33501.2743,785904.7318,785904.7318,6.07,4.97,5.107
600782,新钢股份,普钢,江西,19961225,600782.SH,20151216,5.52,5.58,5.48,5.54,5.52,0.02,0.36,52527.52,29046.652,0.377,1.5679,0.98,18.994,297.3196,0.9901,0.2385,0.325,0.0,,139344.8106,139344.8106,33501.2743,771970.2507,771970.2507,,,5.107
600782,新钢股份,普钢,江西,19961225,600782.SH,20151215,5.51,5.61,5.46,5.52,5.51,0.01,0.18,63736.96,35128.307,0.4574,1.9025,1.07,18.9254,296.2463,0.9866,0.2376,0.3238,0.0,,139344.8106,139344.8106,33501.2743,769183.3545,769183.3545,,,5.107
600782,新钢股份,普钢,江西,19961225,600782.SH,20151214,5.32,5.52,5.3,5.51,5.37,0.14,2.61,57868.2,31492.613,0.4153,1.7273,0.95,18.8911,295.7096,0.9848,0.2372,0.3233,0.0,,139344.8106,139344.8106,33501.2743,767789.9064,767789.9064,6.41,5.25,5.107
600782,新钢股份,普钢,江西,19961225,600782.SH,20151211,5.42,5.43,5.3,5.37,5.4,-0.03,-0.56,44816.73,24033.267,0.3216,1.3378,0.62,18.4111,288.1961,0.9597,0.2312,0.315,0.0,,139344.8106,139344.8106,33501.2743,748281.6329,748281.6329,6.45,5.27,5.107
600782,新钢股份,普钢,江西,19961225,600782.SH,20151210,5.43,5.48,5.37,5.4,5.39,0.01,0.19,53795.34,29242.459,0.3861,1.6058,0.64,18.514,289.8061,0.9651,0.2325,0.3168,0.0,,139344.8106,139344.8106,33501.2743,752461.9772,752461.9772,6.45,5.27,5.107
600782,新钢股份,普钢,江西,19961225,600782.SH,20151209,5.43,5.47,5.35,5.39,5.4,-0.01,-0.19,48841.67,26440.658,0.3505,1.4579,0.54,18.4797,289.2695,0.9633,0.232,0.3162,0.0,,139344.8106,139344.8106,33501.2743,751068.5291,751068.5291,,,5.107
600782,新钢股份,普钢,江西,19961225,600782.SH,20151208,5.63,5.64,5.38,5.4,5.64,-0.24,-4.26,91248.66,49866.03,0.6548,2.7237,0.99,18.514,289.8061,0.9651,0.2325,0.3168,0.0,,139344.8106,139344.8106,33501.2743,752461.9772,752461.9772,6.2,5.08,5.107
600782,新钢股份,普钢,江西,19961225,600782.SH,20151207,5.63,5.68,5.59,5.64,5.62,0.02,0.36,66157.25,37308.921,0.4748,1.9748,0.7,19.3368,302.6864,1.008,0.2428,0.3309,0.0,,139344.8106,139344.8106,33501.2743,785904.7318,785904.7318,,,5.107
600782,新钢股份,普钢,江西,19961225,600782.SH,20151204,5.7,5.82,5.58,5.62,5.7,-0.08,-1.4,101499.91,57861.413,0.7284,3.0297,0.99,19.2682,301.6131,1.0044,0.2419,0.3297,0.0,,139344.8106,139344.8106,33501.2743,783117.8356,783117.8356,,,5.107
600782,新钢股份,普钢,江西,19961225,600782.SH,20151203,5.6,5.79,5.53,5.7,5.62,0.08,1.42,113594.86,64495.978,0.8152,3.3908,1.13,19.5425,305.9065,1.0187,0.2454,0.3344,0.0,,139344.8106,139344.8106,33501.2743,794265.4204,794265.4204,,,5.107
600782,新钢股份,普钢,江西,19961225,600782.SH,20151202,5.39,5.67,5.36,5.62,5.42,0.2,3.69,83371.68,45746.276,0.5983,2.4886,0.81,19.2682,301.6131,1.0044,0.2419,0.3297,0.0,,139344.8106,139344.8106,33501.2743,783117.8356,783117.8356,5.91,4.83,5.107
600782,新钢股份,普钢,江西,19961225,600782.SH,20151201,5.28,5.55,5.24,5.42,5.28,0.14,2.65,96940.03,52180.033,0.6957,2.8936,0.85,18.5825,290.8795,0.9687,0.2333,0.318,0.0,,139344.8106,139344.8106,33501.2743,755248.8735,755248.8735,,,5.107
600782,新钢股份,普钢,江西,19961225,600782.SH,20151130,5.35,5.42,5.11,5.28,5.32,-0.04,-0.75,78232.95,41175.511,0.5614,2.3352,0.55,18.1025,283.366,0.9437,0.2273,0.3098,0.0,,139344.8106,139344.8106,33501.2743,735740.6,735740.6,,,5.107
600782,新钢股份,普钢,江西,19961225,600782.SH,20151127,5.73,5.81,5.24,5.32,5.74,-0.42,-7.32,141030.99,78703.319,1.0121,4.2097,1.04,18.2397,285.5127,0.9508,0.229,0.3121,0.0,,139344.8106,139344.8106,33501.2743,741314.3924,741314.3924,,,5.107
600782,新钢股份,普钢,江西,19961225,600782.SH,20151126,5.75,5.83,5.68,5.74,5.74,0.0,0.0,104840.77,60371.233,0.7524,3.1295,0.75,19.6797,308.0532,1.0259,0.2471,0.3367,0.0,,139344.8106,139344.8106,33501.2743,799839.2128,799839.2128,,,5.107
600782,新钢股份,普钢,江西,19961225,600782.SH,20151125,5.65,5.78,5.64,5.74,5.73,0.01,0.17,95019.35,54466.214,0.6819,2.8363,0.68,19.6797,308.0532,1.0259,0.2471,0.3367,0.0,,139344.8106,139344.8106,33501.2743,799839.2128,799839.2128,,,5.107
600782,新钢股份,普钢,江西,19961225,600782.SH,20151124,5.85,5.85,5.57,5.73,5.8,-0.07,-1.21,150996.17,85948.579,1.0836,4.5072,1.08,19.6454,307.5165,1.0241,0.2467,0.3362,0.0,,139344.8106,139344.8106,33501.2743,798445.7647,798445.7647,,,5.107
600782,新钢股份,普钢,江西,19961225,600782.SH,20151123,5.56,5.88,5.56,5.8,5.6,0.2,3.57,224402.42,128743.649,1.6104,6.6983,1.77,19.8854,311.2733,1.0366,0.2497,0.3403,0.0,,139344.8106,139344.8106,33501.2743,808199.9015,808199.9015,6.18,5.06,5.107
600782,新钢股份,普钢,江西,19961225,600782.SH,20151120,5.62,5.65,5.57,5.6,5.61,-0.01,-0.18,102247.41,57332.068,0.7338,3.052,0.75,19.1997,300.5397,1.0009,0.2411,0.3285,0.0,,139344.8106,139344.8106,33501.2743,780330.9394,780330.9394,,,5.107
600782,新钢股份,普钢,江西,19961225,600782.SH,20151119,5.51,5.65,5.49,5.61,5.51,0.1,1.81,124717.11,69520.138,0.895,3.7228,0.85,19.234,301.0764,1.0026,0.2415,0.3291,0.0,,139344.8106,139344.8106,33501.2743,781724.3875,781724.3875,5.81,4.75,5.107
600782,新钢股份,普钢,江西,19961225,600782.SH,20151118,5.5,5.54,5.45,5.51,5.5,0.01,0.18,97102.73,53393.128,0.6969,2.8985,0.5,18.8911,295.7096,0.9848,0.2372,0.3233,0.0,,139344.8106,139344.8106,33501.2743,767789.9064,767789.9064,,,5.107
600782,新钢股份,普钢,江西,19961225,600782.SH,20151117,5.61,5.65,5.49,5.5,5.59,-0.09,-1.61,153122.51,85268.715,1.0989,4.5706,0.73,18.8568,295.1729,0.983,0.2368,0.3227,0.0,,139344.8106,139344.8106,33501.2743,766396.4583,766396.4583,,,5.107
600782,新钢股份,普钢,江西,19961225,600782.SH,20151116,5.43,5.62,5.39,5.59,5.48,0.11,2.01,155355.32,86026.123,1.1149,4.6373,0.66,19.1654,300.003,0.9991,0.2406,0.3279,0.0,,139344.8106,139344.8106,33501.2743,778937.4913,778937.4913,,,5.107
600782,新钢股份,普钢,江西,19961225,600782.SH,20151113,5.44,5.57,5.38,5.48,5.47,0.01,0.18,147671.08,80802.805,1.0598,4.4079,0.6,18.7882,294.0996,0.9794,0.2359,0.3215,0.0,,139344.8106,139344.8106,33501.2743,763609.5621,763609.5621,,,5.107
600782,新钢股份,普钢,江西,19961225,600782.SH,20151112,5.58,5.6,5.41,5.47,5.65,-0.18,-3.19,182635.1,100573.572,1.3107,5.4516,0.66,18.754,293.5629,0.9776,0.2355,0.3209,0.0,,139344.8106,139344.8106,33501.2743,762216.114,762216.114,,,5.107
600782,新钢股份,普钢,江西,19961225,600782.SH,20151111,5.7,5.86,5.49,5.65,5.69,-0.04,-0.7,326241.16,183520.639,2.3413,9.7382,1.31,19.3711,303.2231,1.0098,0.2432,0.3315,0.0,,139344.8106,139344.8106,33501.2743,787298.1799,787298.1799,,,5.107
600782,新钢股份,普钢,江西,19961225,600782.SH,20151110,5.41,5.7,5.41,5.69,5.47,0.22,4.02,238736.7,133385.14,1.7133,7.1262,1.12,19.5082,305.3698,1.0169,0.2449,0.3338,0.0,,139344.8106,139344.8106,33501.2743,792871.9723,792871.9723,,,5.107
600782,新钢股份,普钢,江西,19961225,600782.SH,20151109,5.32,5.53,5.29,5.47,5.31,0.16,3.01,276853.64,149939.272,1.9868,8.264,1.58,18.754,293.5629,0.9776,0.2355,0.3209,0.0,,139344.8106,139344.8106,33501.2743,762216.114,762216.114,,,5.107
600782,新钢股份,普钢,江西,19961225,600782.SH,20151106,5.22,5.35,5.22,5.31,5.29,0.02,0.38,212123.84,112189.001,1.5223,6.3318,1.35,18.2054,284.976,0.949,0.2286,0.3115,0.0,,139344.8106,139344.8106,33501.2743,739920.9443,739920.9443,,,5.107
600782,新钢股份,普钢,江西,19961225,600782.SH,20151105,5.18,5.44,5.11,5.29,5.2,0.09,1.73,322390.59,169206.942,2.3136,9.6232,2.37,18.1368,283.9027,0.9455,0.2277,0.3103,0.0,,139344.8106,139344.8106,33501.2743,737134.0481,737134.0481,,,5.107
600782,新钢股份,普钢,江西,19961225,600782.SH,20151104,4.92,5.24,4.92,5.2,4.88,0.32,6.56,191074.38,98035.13,1.3712,5.7035,1.57,17.8283,279.0726,0.9294,0.2238,0.3051,0.0,,139344.8106,139344.8106,33501.2743,724593.0151,724593.0151,,,5.107
600782,新钢股份,普钢,江西,19961225,600782.SH,20151103,4.92,4.97,4.8,4.88,4.92,-0.04,-0.81,65351.76,31914.837,0.469,1.9507,0.48,16.7311,261.8989,0.8722,0.2101,0.2863,0.0,,139344.8106,139344.8106,33501.2743,680002.6757,680002.6757,,,5.107
600782,新钢股份,普钢,江西,19961225,600782.SH,20151102,4.91,5.05,4.91,4.92,5.1,-0.18,-3.53,85859.7,42708.468,0.6162,2.5629,0.58,16.8683,264.0456,0.8793,0.2118,0.2886,0.0,,139344.8106,139344.8106,33501.2743,685576.4682,685576.4682,,,5.107
600782,新钢股份,普钢,江西,19961225,600782.SH,20151030,5.17,5.22,5.05,5.1,5.22,-0.12,-2.3,119101.7,60870.761,0.8547,3.5551,0.73,17.4854,24.6709,0.8995,0.2195,0.2509,0.0,,139344.8106,139344.8106,33501.2743,710658.5341,710658.5341,6.26,5.12,5.107
600782,新钢股份,普钢,江西,19961225,600782.SH,20151029,5.09,5.32,5.03,5.22,5.09,0.13,2.55,218272.43,112994.927,1.5664,6.5153,1.43,17.8968,25.2514,0.9206,0.2247,0.2568,0.0,,139344.8106,139344.8106,33501.2743,727379.9113,727379.9113,,,5.107
600782,新钢股份,普钢,江西,19961225,600782.SH,20151028,5.12,5.25,5.06,5.09,5.12,-0.03,-0.59,119471.09,61554.751,0.8574,3.5662,0.66,17.4511,24.6226,0.8977,0.2191,0.2504,0.0,,139344.8106,139344.8106,33501.2743,709265.086,709265.086,,,5.107
600782,新钢股份,普钢,江西,19961225,600782.SH,20151027,5.16,5.19,4.9,5.12,5.18,-0.06,-1.16,133246.09,67727.799,0.9562,3.9773,0.65,17.554,24.7677,0.903,0.2204,0.2518,0.0,,139344.8106,139344.8106,33501.2743,713445.4303,713445.4303,,,5.107
600782,新钢股份,普钢,江西,19961225,600782.SH,20151026,5.2,5.25,5.14,5.18,5.2,-0.02,-0.38,151459.85,78626.847,1.0869,4.521,0.67,17.7597,25.0579,0.9136,0.223,0.2548,0.0,,139344.8106,139344.8106,33501.2743,721806.1189,721806.1189,5.72,4.68,5.107
600782,新钢股份,普钢,江西,19961225,600782.SH,20151023,5.09,5.32,5.05,5.2,5.08,0.12,2.36,195708.32,101577.333,1.4045,5.8418,0.86,17.8283,25.1547,0.9171,0.2238,0.2558,0.0,,139344.8106,139344.8106,33501.2743,724593.0151,724593.0151,5.37,4.39,5.107
600782,新钢股份,普钢,江西,19961225,600782.SH,20151022,4.92,5.09,4.9,5.08,4.91,0.17,3.46,162926.55,81606.356,1.1692,4.8633,0.67,17.4168,24.5742,0.8959,0.2187,0.2499,0.0,,139344.8106,139344.8106,33501.2743,707871.6378,707871.6378,5.41,4.43,5.107
600782,新钢股份,普钢,江西,19961225,600782.SH,20151021,5.38,5.52,4.89,4.91,5.43,-0.52,-9.58,257294.84,134386.238,1.8465,7.6802,1.08,16.834,23.7518,0.8659,0.2114,0.2415,0.0,,139344.8106,139344.8106,33501.2743,684183.02,684183.02,,,5.107
600782,新钢股份,普钢,江西,19961225,600782.SH,20151020,5.35,5.55,5.32,5.43,5.37,0.06,1.12,261985.59,143048.664,1.8801,7.8202,1.09,18.6168,26.2673,0.9577,0.2337,0.2671,0.0,,139344.8106,139344.8106,33501.2743,756642.3216,756642.3216,,,5.107
600782,新钢股份,普钢,江西,19961225,600782.SH,20151019,5.34,5.49,5.32,5.37,5.33,0.04,0.75,249869.85,134495.28,1.7932,7.4585,0.86,18.4111,25.977,0.9471,0.2312,0.2641,0.0,,139344.8106,139344.8106,33501.2743,748281.6329,748281.6329,5.6,4.58,5.107
600782,新钢股份,普钢,江西,19961225,600782.SH,20151016,5.35,5.36,5.26,5.33,5.32,0.01,0.19,211006.09,112198.478,1.5143,6.2984,0.63,18.274,25.7835,0.94,0.2294,0.2622,0.0,,139344.8106,139344.8106,33501.2743,742707.8405,742707.8405,5.63,4.61,5.107
600782,新钢股份,普钢,江西,19961225,600782.SH,20151015,5.19,5.33,5.18,5.32,5.21,0.11,2.11,242281.64,127891.464,1.7387,7.232,0.65,18.2397,25.7352,0.9383,0.229,0.2617,0.0,,139344.8106,139344.8106,33501.2743,741314.3924,741314.3924,5.7,4.66,5.107
600782,新钢股份,普钢,江西,19961225,600782.SH,20151014,5.26,5.33,5.2,5.21,5.27,-0.06,-1.14,221673.03,116613.914,1.5908,6.6169,0.57,17.8625,25.203,0.9189,0.2243,0.2563,0.0,,139344.8106,139344.8106,33501.2743,725986.4632,725986.4632,,,5.107
600782,新钢股份,普钢,江西,19961225,600782.SH,20151013,5.25,5.33,5.18,5.27,5.36,-0.09,-1.68,280295.33,146965.818,2.0115,8.3667,0.7,18.0683,25.4933,0.9294,0.2269,0.2592,0.0,,139344.8106,139344.8106,33501.2743,734347.1519,734347.1519,5.59,4.57,5.107
600782,新钢股份,普钢,江西,19961225,600782.SH,20151012,5.14,5.45,5.12,5.36,5.17,0.19,3.68,502397.73,265505.416,3.6054,14.9964,1.48,18.3768,25.9287,0.9453,0.2307,0.2636,0.0,,139344.8106,139344.8106,33501.2743,746888.1848,746888.1848,5.4,4.42,5.107
600782,新钢股份,普钢,江西,19961225,600782.SH,20151009,5.29,5.29,5.02,5.17,5.37,-0.2,-3.72,424001.91,217805.305,3.0428,12.6563,1.56,17.7254,25.0095,0.9118,0.2226,0.2543,0.0,,139344.8106,139344.8106,33501.2743,720412.6708,720412.6708,,,5.107
600782,新钢股份,普钢,江西,19961225,600782.SH,20151008,5.5,5.54,5.21,5.37,5.45,-0.08,-1.47,423729.73,224848.653,3.0409,12.6482,2.11,18.4111,25.977,0.9471,0.2312,0.2641,0.0,,139344.8106,139344.8106,33501.2743,748281.6329,748281.6329,,,5.107
600782,新钢股份,普钢,江西,19961225,600782.SH,20150930,5.01,5.58,4.9,5.45,5.08,0.37,7.28,314502.78,165850.558,2.257,9.3878,2.01,18.6854,26.364,0.9612,0.2346,0.2681,0.0,,139344.8106,139344.8106,33501.2743,759429.2178,759429.2178,,,5.107
600782,新钢股份,普钢,江西,19961225,600782.SH,20150929,4.76,5.21,4.71,5.08,4.92,0.16,3.25,343673.36,172274.384,2.4664,10.2585,2.98,17.4168,24.5742,0.8959,0.2187,0.2499,0.0,,139344.8106,139344.8106,33501.2743,707871.6378,707871.6378,,,5.107
600782,新钢股份,普钢,江西,19961225,600782.SH,20150928,4.53,4.99,4.47,4.92,4.55,0.37,8.13,195205.4,92900.958,1.4009,5.8268,1.9,16.8683,23.8002,0.8677,0.2118,0.242,0.0,,139344.8106,139344.8106,33501.2743,685576.4682,685576.4682,,,5.107
600782,新钢股份,普钢,江西,19961225,600782.SH,20150925,4.66,4.67,4.45,4.55,4.63,-0.08,-1.73,80594.06,36833.518,0.5784,2.4057,0.75,15.5997,22.0103,0.8025,0.1959,0.2238,0.0,,139344.8106,139344.8106,33501.2743,634018.8882,634018.8882,,,5.107
600782,新钢股份,普钢,江西,19961225,600782.SH,20150924,4.58,4.65,4.54,4.63,4.54,0.09,1.98,71594.95,32948.105,0.5138,2.1371,0.56,15.874,22.3973,0.8166,0.1993,0.2277,0.0,,139344.8106,139344.8106,33501.2743,645166.4731,645166.4731,,,5.107
600782,新钢股份,普钢,江西,19961225,600782.SH,20150923,4.65,4.66,4.51,4.54,4.73,-0.19,-4.02,93075.14,42651.551,0.6679,2.7783,0.61,15.5654,21.962,0.8007,0.1954,0.2233,0.0,,139344.8106,139344.8106,33501.2743,632625.4401,632625.4401,5.69,4.65,5.107
600782,新钢股份,普钢,江西,19961225,600782.SH,20150922,4.67,4.78,4.6,4.73,4.68,0.05,1.07,135437.4,63683.931,0.972,4.0428,0.87,16.2169,22.8811,0.8342,0.2036,0.2327,0.0,,139344.8106,139344.8106,33501.2743,659100.9541,659100.9541,,,5.107
600782,新钢股份,普钢,江西,19961225,600782.SH,20150921,4.52,4.71,4.49,4.68,4.61,0.07,1.52,131787.51,60760.24,0.9458,3.9338,0.78,16.0454,22.6392,0.8254,0.2015,0.2302,0.0,,139344.8106,139344.8106,33501.2743,652133.7136,652133.7136,,,5.107
600782,新钢股份,普钢,江西,19961225,600782.SH,20150918,4.62,4.65,4.41,4.61,4.57,0.04,0.88,105435.85,47954.692,0.7567,3.1472,0.57,15.8054,22.3006,0.813,0.1984,0.2268,0.0,,139344.8106,139344.8106,33501.2743,642379.5769,642379.5769,,,5.107
600782,新钢股份,普钢,江西,19961225,600782.SH,20150917,4.67,4.81,4.55,4.57,4.71,-0.14,-2.97,175506.85,82190.586,1.2595,5.2388,0.87,15.6683,22.1071,0.806,0.1967,0.2248,0.0,,139344.8106,139344.8106,33501.2743,636805.7844,636805.7844,,,5.107
600782,新钢股份,普钢,江西,19961225,600782.SH,20150916,4.3,4.71,4.3,4.71,4.28,0.43,10.05,212358.12,95883.564,1.524,6.3388,0.94,16.1483,22.7843,0.8307,0.2028,0.2317,0.0,,139344.8106,139344.8106,33501.2743,656314.0579,656314.0579,,,5.107
600782,新钢股份,普钢,江西,19961225,600782.SH,20150915,4.56,4.66,4.24,4.28,4.71,-0.43,-9.13,149945.05,67118.845,1.0761,4.4758,0.63,14.674,20.7042,0.7548,0.1842,0.2105,0.0,,139344.8106,139344.8106,33501.2743,596395.7894,596395.7894,,,5.107
600782,新钢股份,普钢,江西,19961225,600782.SH,20150914,5.29,5.32,4.7,4.71,5.22,-0.51,-9.77,205400.94,100768.285,1.474,6.1311,0.84,16.1483,22.7843,0.8307,0.2028,0.2317,0.0,,139344.8106,139344.8106,33501.2743,656314.0579,656314.0579,,,5.107
600782,新钢股份,普钢,江西,19961225,600782.SH,20150911,5.3,5.39,5.12,5.22,5.33,-0.11,-2.06,173907.45,91224.05,1.248,5.1911,0.54,17.8968,25.2514,0.9206,0.2247,0.2568,0.0,,139344.8106,139344.8106,33501.2743,727379.9113,727379.9113,,,5.107
600782,新钢股份,普钢,江西,19961225,600782.SH,20150910,5.23,5.54,5.13,5.33,5.37,-0.04,-0.74,270774.54,143889.046,1.9432,8.0825,0.72,18.274,25.7835,0.94,0.2294,0.2622,0.0,,139344.8106,139344.8106,33501.2743,742707.8405,742707.8405,,,5.107
600782,新钢股份,普钢,江西,19961225,600782.SH,20150909,5.11,5.51,5.03,5.37,5.1,0.27,5.29,329877.5,173684.424,2.3673,9.8467,0.96,18.4111,25.977,0.9471,0.2312,0.2641,0.0,,139344.8106,139344.8106,33501.2743,748281.6329,748281.6329,,,5.107
600782,新钢股份,普钢,江西,19961225,600782.SH,20150908,4.95,5.14,4.82,5.1,4.87,0.23,4.72,213846.42,106633.28,1.5347,6.3832,0.57,17.4854,24.6709,0.8995,0.2195,0.2509,0.0,,139344.8106,139344.8106,33501.2743,710658.5341,710658.5341,,,5.107
600782,新钢股份,普钢,江西,19961225,600782.SH,20150907,4.88,5.09,4.83,4.87,4.87,0.0,0.0,231907.65,115114.291,1.6643,6.9224,0.57,16.6969,23.5583,0.8589,0.2096,0.2395,0.0,,139344.8106,139344.8106,33501.2743,678609.2276,678609.2276,,,5.107
600782,新钢股份,普钢,江西,19961225,600782.SH,20150902,4.94,5.43,4.85,4.87,5.39,-0.52,-9.65,560870.51,279147.529,4.0251,16.7418,1.68,16.6969,23.5583,0.8589,0.2096,0.2395,0.0,,139344.8106,139344.8106,33501.2743,678609.2276,678609.2276,,,5.107
600782,新钢股份,普钢,江西,19961225,600782.SH,20150901,4.99,5.39,4.96,5.39,4.9,0.49,10.0,533659.33,285988.18,3.8298,15.9295,2.08,18.4797,26.0738,0.9506,0.232,0.2651,0.0,,139344.8106,139344.8106,33501.2743,751068.5291,751068.5291,5.18,4.24,5.107
600782,新钢股份,普钢,江西,19961225,600782.SH,20150831,5.16,5.16,4.9,4.9,5.26,-0.36,-6.84,170334.41,85289.445,1.2224,5.0844,0.69,16.7997,23.7034,0.8642,0.2109,0.241,0.0,,139344.8106,139344.8106,33501.2743,682789.5719,682789.5719,5.74,4.7,5.107
600782,新钢股份,普钢,江西,19961225,600782.SH,20150828,5.06,5.32,4.85,5.26,4.97,0.29,5.84,380868.11,193311.783,2.7333,12.9484,1.86,18.034,23.5886,0.9253,0.2264,0.2436,0.0,,139344.8106,139344.8106,29414.3166,732953.7038,732953.7038,,,5.107
600782,新钢股份,普钢,江西,19961225,600782.SH,20150827,4.6,4.97,4.6,4.97,4.52,0.45,9.96,396468.68,195254.997,2.8452,13.4788,2.33,17.0397,22.2881,0.8743,0.2139,0.2302,0.0,,139344.8106,139344.8106,29414.3166,692543.7087,692543.7087,,,5.107
600782,新钢股份,普钢,江西,19961225,600782.SH,20150826,4.76,4.99,4.33,4.52,4.73,-0.21,-4.44,186593.84,87843.254,1.3391,6.3436,0.96,15.4969,20.2701,0.7952,0.1946,0.2093,0.0,,139344.8106,139344.8106,29414.3166,629838.5439,629838.5439,,,5.107
600782,新钢股份,普钢,江西,19961225,600782.SH,20150825,4.74,4.9,4.73,4.73,5.26,-0.53,-10.08,149093.83,71143.443,1.07,5.0688,0.64,16.2169,21.2118,0.8321,0.2036,0.219,0.0,,139344.8106,139344.8106,29414.3166,659100.9541,659100.9541,,,5.107
600782,新钢股份,普钢,江西,19961225,600782.SH,20150824,5.51,5.58,5.26,5.26,5.84,-0.58,-9.93,125423.0,66628.164,0.9001,4.264,0.44,18.034,23.5886,0.9253,0.2264,0.2436,0.0,,139344.8106,139344.8106,29414.3166,732953.7038,732953.7038,,,5.107
600782,新钢股份,普钢,江西,19961225,600782.SH,20150821,6.18,6.35,5.79,5.84,6.36,-0.52,-8.18,164245.9,99300.034,1.1787,5.5839,0.53,20.0225,26.1896,1.0274,0.2514,0.2704,0.0,,139344.8106,139344.8106,29414.3166,813773.6939,813773.6939,,,5.107
600782,新钢股份,普钢,江西,19961225,600782.SH,20150820,6.3,6.49,6.18,6.36,6.47,-0.11,-1.7,224186.25,142080.973,1.6089,7.6217,0.67,21.8053,28.5216,1.1189,0.2738,0.2945,0.0,,139344.8106,139344.8106,29414.3166,886232.9954,886232.9954,,,5.107
600782,新钢股份,普钢,江西,19961225,600782.SH,20150819,6.0,6.55,5.73,6.47,6.26,0.21,3.35,308658.73,191725.904,2.2151,10.4935,0.9,22.1825,29.0149,1.1382,0.2785,0.2996,0.0,,139344.8106,139344.8106,29414.3166,901560.9246,901560.9246,,,5.107
600782,新钢股份,普钢,江西,19961225,600782.SH,20150818,6.8,6.88,6.26,6.26,6.96,-0.7,-10.06,350067.21,229750.417,2.5122,11.9013,0.99,21.4625,28.0731,1.1013,0.2695,0.2899,0.0,,139344.8106,139344.8106,29414.3166,872298.5144,872298.5144,,,5.107
600782,新钢股份,普钢,江西,19961225,600782.SH,20150817,6.52,7.12,6.4,6.96,6.6,0.36,5.45,380963.21,256778.946,2.734,12.9516,0.97,23.8624,31.2123,1.2244,0.2996,0.3223,0.0,,139344.8106,139344.8106,29414.3166,969839.8818,969839.8818,,,5.107
600782,新钢股份,普钢,江西,19961225,600782.SH,20150814,6.66,6.69,6.46,6.6,6.62,-0.02,-0.3,285793.49,188527.011,2.051,9.7161,0.68,22.6282,29.5979,1.1611,0.2841,0.3056,0.0,,139344.8106,139344.8106,29414.3166,919675.75,919675.75,,,5.107
600782,新钢股份,普钢,江西,19961225,600782.SH,20150813,6.41,6.64,6.32,6.62,6.52,0.1,1.53,345594.16,224500.703,2.4801,11.7492,0.93,22.6968,29.6876,1.1646,0.285,0.3066,0.0,,139344.8106,139344.8106,29414.3166,922462.6462,922462.6462,,,5.107
600782,新钢股份,普钢,江西,19961225,600782.SH,20150812,6.2,6.79,6.17,6.52,6.33,0.19,3.0,361581.58,232787.193,2.5949,12.2927,1.06,22.3539,29.2391,1.147,0.2807,0.3019,0.0,,139344.8106,139344.8106,29414.3166,908528.1651,908528.1651,,,5.107
600782,新钢股份,普钢,江西,19961225,600782.SH,20150811,6.29,6.54,6.2,6.33,6.42,-0.09,-1.4,399871.6,253767.13,2.8697,13.5945,1.3,21.7025,28.3871,1.1136,0.2725,0.2931,0.0,,139344.8106,139344.8106,29414.3166,882052.6511,882052.6511,,,5.107
600782,新钢股份,普钢,江西,19961225,600782.SH,20150810,6.16,6.57,5.97,6.42,6.03,0.39,6.47,569774.22,352698.052,4.089,19.3706,2.5,22.011,28.7907,1.1294,0.2764,0.2973,0.0,,139344.8106,139344.8106,29414.3166,894593.6841,894593.6841,,,5.107
600782,新钢股份,普钢,江西,19961225,600782.SH,20150807,5.65,6.03,5.51,6.03,5.48,0.55,10.04,426404.8,250022.767,3.0601,14.4965,2.63,20.6739,27.0417,1.0608,0.2596,0.2792,0.0,,139344.8106,139344.8106,29414.3166,840249.2079,840249.2079,,,5.107
600782,新钢股份,普钢,江西,19961225,600782.SH,20150806,5.45,5.57,5.38,5.48,5.58,-0.1,-1.79,93449.22,51304.496,0.6706,3.177,0.54,18.7882,24.5752,0.964,0.2359,0.2538,0.0,,139344.8106,139344.8106,29414.3166,763609.5621,763609.5621,,,5.107
600782,新钢股份,普钢,江西,19961225,600782.SH,20150805,5.73,5.75,5.47,5.58,5.74,-0.16,-2.79,212218.74,119363.06,1.523,7.2148,1.31,19.1311,25.0237,0.9816,0.2402,0.2584,0.0,,139344.8106,139344.8106,29414.3166,777544.0431,777544.0431,,,5.107
600782,新钢股份,普钢,江西,19961225,600782.SH,20150804,5.43,5.75,5.38,5.74,5.46,0.28,5.13,239509.71,132990.495,1.7188,8.1426,1.54,19.6797,25.7412,1.0098,0.2471,0.2658,0.0,,139344.8106,139344.8106,29414.3166,799839.2128,799839.2128,,,5.107
600782,新钢股份,普钢,江西,19961225,600782.SH,20150803,5.47,5.62,5.15,5.46,5.48,-0.02,-0.37,170108.32,91916.468,1.2208,5.7832,1.03,18.7197,24.4855,0.9605,0.235,0.2528,0.0,,139344.8106,139344.8106,29414.3166,760822.6659,760822.6659,,,5.107
600782,新钢股份,普钢,江西,19961225,600782.SH,20150731,5.42,5.61,5.36,5.48,5.42,0.06,1.11,96821.11,53159.667,0.6948,3.2916,0.49,18.7882,24.5752,0.964,0.2359,0.2538,0.0,,139344.8106,139344.8106,29414.3166,763609.5621,763609.5621,,,5.107
600782,新钢股份,普钢,江西,19961225,600782.SH,20150730,5.5,5.84,5.38,5.42,5.5,-0.08,-1.45,148521.2,83693.541,1.0659,5.0493,0.68,18.5825,24.3061,0.9535,0.2333,0.251,0.0,,139344.8106,139344.8106,29414.3166,755248.8735,755248.8735,,,5.107
600782,新钢股份,普钢,江西,19961225,600782.SH,20150729,5.3,5.51,5.1,5.5,5.17,0.33,6.38,152184.19,80290.33,1.0921,5.1738,0.68,18.8568,24.6649,0.9676,0.2368,0.2547,0.0,,139344.8106,139344.8106,29414.3166,766396.4583,766396.4583,,,5.107
600782,新钢股份,普钢,江西,19961225,600782.SH,20150728,5.03,5.55,4.95,5.17,5.44,-0.27,-4.96,211642.29,109940.448,1.5188,7.1952,0.93,17.7254,23.185,0.9095,0.2226,0.2394,0.0,,139344.8106,139344.8106,29414.3166,720412.6708,720412.6708,6.03,4.93,5.107
600782,新钢股份,普钢,江西,19961225,600782.SH,20150727,5.89,6.0,5.44,5.44,6.04,-0.6,-9.93,216875.94,124267.962,1.5564,7.3731,0.95,18.6511,24.3958,0.957,0.2342,0.2519,0.0,,139344.8106,139344.8106,29414.3166,758035.7697,758035.7697,,,5.107
600782,新钢股份,普钢,江西,19961225,600782.SH,20150724,6.15,6.32,6.0,6.04,6.2,-0.16,-2.58,265020.67,163339.838,1.9019,9.0099,1.25,20.7082,27.0865,1.0626,0.26,0.2797,0.0,,139344.8106,139344.8106,29414.3166,841642.656,841642.656,,,5.107
600782,新钢股份,普钢,江西,19961225,600782.SH,20150723,5.99,6.26,5.95,6.2,6.0,0.2,3.33,244108.06,149950.179,1.7518,8.299,1.2,21.2568,27.8041,1.0907,0.2669,0.2871,0.0,,139344.8106,139344.8106,29414.3166,863937.8257,863937.8257,,,5.107
600782,新钢股份,普钢,江西,19961225,600782.SH,20150722,5.83,6.05,5.78,6.0,5.96,0.04,0.67,186399.22,110629.398,1.3377,6.337,0.89,20.5711,26.9072,1.0555,0.2583,0.2778,0.0,,139344.8106,139344.8106,29414.3166,836068.8636,836068.8636,,,5.107
600782,新钢股份,普钢,江西,19961225,600782.SH,20150721,5.88,6.1,5.75,5.96,5.94,0.02,0.34,219637.81,131339.934,1.5762,7.467,0.88,20.4339,26.7278,1.0485,0.2566,0.276,0.0,,139344.8106,139344.8106,29414.3166,830495.0712,830495.0712,,,5.107
600782,新钢股份,普钢,江西,19961225,600782.SH,20150720,5.89,6.14,5.8,5.94,5.88,0.06,1.02,221938.03,132236.428,1.5927,7.5452,0.86,20.3654,26.6381,1.045,0.2557,0.2751,0.0,,139344.8106,139344.8106,29414.3166,827708.175,827708.175,,,5.107
600782,新钢股份,普钢,江西,19961225,600782.SH,20150717,5.61,5.95,5.61,5.88,5.55,0.33,5.95,185164.82,107404.741,1.3288,6.2951,0.75,20.1597,26.369,1.0344,0.2531,0.2723,0.0,,139344.8106,139344.8106,29414.3166,819347.4863,819347.4863,,,5.107
600782,新钢股份,普钢,江西,19961225,600782.SH,20150716,5.16,5.79,4.96,5.55,5.46,0.09,1.65,202901.77,110982.075,1.4561,6.8981,0.78,19.0282,24.8891,0.9764,0.2389,0.257,0.0,,139344.8106,139344.8106,29414.3166,773363.6988,773363.6988,5.98,4.9,5.107
600782,新钢股份,普钢,江西,19961225,600782.SH,20150715,5.9,5.9,5.46,5.46,6.07,-0.61,-10.05,211803.46,119309.412,1.52,7.2007,0.84,18.7197,24.4855,0.9605,0.235,0.2528,0.0,,139344.8106,139344.8106,29414.3166,760822.6659,760822.6659,6.64,5.44,5.107
600782,新钢股份,普钢,江西,19961225,600782.SH,20150714,5.9,6.25,5.72,6.07,5.69,0.38,6.68,425041.78,257006.886,3.0503,14.4502,2.0,20.8111,27.2211,1.0678,0.2613,0.2811,0.0,,139344.8106,139344.8106,29414.3166,845823.0003,845823.0003,6.82,5.58,5.107
600782,新钢股份,普钢,江西,19961225,600782.SH,20150713,5.64,5.69,5.48,5.69,5.17,0.52,10.06,272735.4,153474.276,1.9573,9.2722,1.28,19.5082,25.517,1.001,0.2449,0.2635,0.0,,139344.8106,139344.8106,29414.3166,792871.9723,792871.9723,,,5.107
600782,新钢股份,普钢,江西,19961225,600782.SH,20150710,5.0,5.17,4.81,5.17,4.7,0.47,10.0,128530.37,65630.843,0.9224,4.3697,0.55,17.7254,23.185,0.9095,0.2226,0.2394,0.0,,139344.8106,139344.8106,29414.3166,720412.6708,720412.6708,,,5.107
600782,新钢股份,普钢,江西,19961225,600782.SH,20150709,4.05,4.7,4.05,4.7,4.27,0.43,10.07,259723.43,116678.173,1.8639,8.8298,1.15,16.114,21.0773,0.8268,0.2023,0.2176,0.0,,139344.8106,139344.8106,29414.3166,654920.6098,654920.6098,,,5.107
600782,新钢股份,普钢,江西,19961225,600782.SH,20150708,4.27,4.38,4.27,4.27,4.74,-0.47,-9.92,173109.23,74074.735,1.2423,5.8852,0.72,14.6397,19.1489,0.7512,0.1838,0.1977,0.0,,139344.8106,139344.8106,29414.3166,595002.3413,595002.3413,,,5.107
600782,新钢股份,普钢,江西,19961225,600782.SH,20150707,5.05,5.16,4.74,4.74,5.27,-0.53,-10.06,227863.92,110016.288,1.6353,7.7467,0.91,16.2511,21.2567,0.8339,0.204,0.2195,0.0,,139344.8106,139344.8106,29414.3166,660494.4022,660494.4022,,,5.107
600782,新钢股份,普钢,江西,19961225,600782.SH,20150706,6.07,6.09,5.0,5.27,5.54,-0.27,-4.87,277510.52,153680.774,1.9915,9.4345,1.11,18.0683,23.6335,0.9271,0.2269,0.244,0.0,,139344.8106,139344.8106,29414.3166,734347.1519,734347.1519,,,5.107
600782,新钢股份,普钢,江西,19961225,600782.SH,20150703,5.89,6.15,5.54,5.54,6.16,-0.62,-10.06,231612.83,132599.535,1.6622,7.8742,0.93,18.994,24.8443,0.9746,0.2385,0.2565,0.0,,139344.8106,139344.8106,29414.3166,771970.2507,771970.2507,,,5.107
600782,新钢股份,普钢,江西,19961225,600782.SH,20150702,6.96,6.97,6.16,6.16,6.84,-0.68,-9.94,217652.44,140426.189,1.562,7.3995,0.86,21.1196,27.6247,1.0837,0.2652,0.2853,0.0,,139344.8106,139344.8106,29414.3166,858364.0333,858364.0333,,,5.107
600782,新钢股份,普钢,江西,19961225,600782.SH,20150701,7.46,7.67,6.81,6.84,7.57,-0.73,-9.64,241665.09,177801.329,1.7343,8.2159,0.95,23.451,30.6742,1.2033,0.2944,0.3167,0.0,,139344.8106,139344.8106,29414.3166,953118.5045,953118.5045,,,5.107
600782,新钢股份,普钢,江西,19961225,600782.SH,20150630,6.98,7.61,6.37,7.57,7.08,0.49,6.92,285270.81,197996.36,2.0472,9.6984,1.18,25.9538,33.9479,1.3317,0.3259,0.3506,0.0,,139344.8106,139344.8106,29414.3166,1054840.2162,1054840.2162,,,5.107
600782,新钢股份,普钢,江西,19961225,600782.SH,20150629,8.03,8.11,7.08,7.08,7.87,-0.79,-10.04,272590.02,204492.058,1.9562,9.2673,1.13,24.2739,31.7505,1.2455,0.3048,0.3279,0.0,,139344.8106,139344.8106,29414.3166,986561.259,986561.259,,,5.107
600782,新钢股份,普钢,江西,19961225,600782.SH,20150626,8.45,8.56,7.87,7.87,8.74,-0.87,-9.95,228687.22,185987.19,1.6412,7.7747,0.83,26.9824,35.2932,1.3845,0.3388,0.3644,0.0,,139344.8106,139344.8106,29414.3166,1096643.6594,1096643.6594,,,5.107
600782,新钢股份,普钢,江西,19961225,600782.SH,20150625,9.25,9.25,8.56,8.74,9.24,-0.5,-5.41,234224.92,210395.517,1.6809,7.963,0.77,29.9652,39.1948,1.5375,0.3762,0.4047,0.0,,139344.8106,139344.8106,29414.3166,1217873.6446,1217873.6446,,,5.107
600782,新钢股份,普钢,江西,19961225,600782.SH,20150624,9.0,9.39,9.0,9.24,8.97,0.27,3.01,257123.5,235818.797,1.8452,8.7414,0.75,31.6795,41.437,1.6255,0.3978,0.4279,0.0,,139344.8106,139344.8106,29414.3166,1287546.0499,1287546.0499,,,5.107
600782,新钢股份,普钢,江西,19961225,600782.SH,20150623,8.6,8.99,8.1,8.97,8.9,0.07,0.79,213002.75,184846.472,1.5286,7.2415,0.5,30.7538,40.2262,1.578,0.3861,0.4154,0.0,,139344.8106,139344.8106,29414.3166,1249922.9511,1249922.9511,,,5.107
600782,新钢股份,普钢,江西,19961225,600782.SH,20150619,9.5,9.7,8.9,8.9,9.89,-0.99,-10.01,271092.54,250041.342,1.9455,9.2163,0.58,30.5138,39.9123,1.5657,0.3831,0.4121,0.0,,139344.8106,139344.8106,29414.3166,1240168.8143,1240168.8143,,,5.107
600782,新钢股份,普钢,江西,19961225,600782.SH,20150618,9.8,10.48,9.68,9.89,9.89,0.0,0.0,407556.4,411530.717,2.9248,13.8557,0.93,33.908,44.352,1.7399,0.4257,0.458,0.0,,139344.8106,139344.8106,29414.3166,1378120.1768,1378120.1768,,,5.107
600782,新钢股份,普钢,江西,19961225,600782.SH,20150617,9.74,10.0,9.28,9.89,9.74,0.15,1.54,364146.31,352333.011,2.6133,12.3799,0.85,33.908,44.352,1.7399,0.4257,0.458,0.0,,139344.8106,139344.8106,29414.3166,1378120.1768,1378120.1768,,,5.107
600782,新钢股份,普钢,江西,19961225,600782.SH,20150616,10.4,10.43,9.66,9.74,10.45,-0.71,-6.79,455579.19,454763.476,3.2694,15.4883,1.18,33.3937,43.6793,1.7135,0.4193,0.451,0.0,,139344.8106,139344.8106,29414.3166,1357218.4552,1357218.4552,,,5.107
600782,新钢股份,普钢,江西,19961225,600782.SH,20150615,9.55,10.45,9.55,10.45,9.5,0.95,10.0,650301.37,663399.957,4.6669,22.1083,1.99,35.828,46.8633,1.8384,0.4498,0.4839,0.0,,139344.8106,139344.8106,29414.3166,1456153.2708,1456153.2708,,,5.107
600782,新钢股份,普钢,江西,19961225,600782.SH,20150612,9.42,9.62,9.28,9.5,9.4,0.1,1.06,444009.42,418522.212,3.1864,15.095,1.22,32.5709,42.603,1.6712,0.4089,0.4399,0.0,,139344.8106,139344.8106,29414.3166,1323775.7007,1323775.7007,,,5.107
600782,新钢股份,普钢,江西,19961225,600782.SH,20150611,9.25,9.47,9.22,9.4,9.25,0.15,1.62,287653.6,268782.219,2.0643,9.7794,0.78,32.228,42.1546,1.6537,0.4046,0.4353,0.0,,139344.8106,139344.8106,29414.3166,1309841.2196,1309841.2196,,,5.107
600782,新钢股份,普钢,江西,19961225,600782.SH,20150610,9.21,9.44,9.11,9.25,9.32,-0.07,-0.75,308863.05,287754.597,2.2165,10.5004,0.79,31.7137,41.4819,1.6273,0.3982,0.4283,0.0,,139344.8106,139344.8106,29414.3166,1288939.4981,1288939.4981,9.79,8.01,5.107
600782,新钢股份,普钢,江西,19961225,600782.SH,20150609,9.56,9.58,9.21,9.32,9.57,-0.25,-2.61,239279.68,224602.841,1.7172,8.1348,0.54,31.9537,41.7958,1.6396,0.4012,0.4316,0.0,,139344.8106,139344.8106,29414.3166,1298693.6348,1298693.6348,,,5.107
600782,新钢股份,普钢,江西,19961225,600782.SH,20150608,9.5,9.77,9.37,9.57,9.7,-0.13,-1.34,350271.35,334270.317,2.5137,11.9082,0.76,32.8109,42.9169,1.6836,0.412,0.4432,0.0,,139344.8106,139344.8106,29414.3166,1333529.8374,1333529.8374,,,5.107
600782,新钢股份,普钢,江西,19961225,600782.SH,20150605,9.22,10.0,9.02,9.7,9.18,0.52,5.66,630592.4,596913.727,4.5254,21.4383,1.64,33.2566,43.4999,1.7064,0.4176,0.4492,0.0,,139344.8106,139344.8106,29414.3166,1351644.6628,1351644.6628,,,5.107
600782,新钢股份,普钢,江西,19961225,600782.SH,20150604,9.15,9.2,8.31,9.18,9.23,-0.05,-0.54,303398.99,268189.993,2.1773,10.3147,0.71,31.4737,41.168,1.615,0.3952,0.4251,0.0,,139344.8106,139344.8106,29414.3166,1279185.3613,1279185.3613,,,5.107
600782,新钢股份,普钢,江西,19961225,600782.SH,20150603,9.3,9.38,8.89,9.23,9.48,-0.25,-2.64,426541.99,388947.305,3.0611,14.5012,1.07,31.6452,41.3922,1.6237,0.3973,0.4274,0.0,,139344.8106,139344.8106,29414.3166,1286152.6018,1286152.6018,10.45,8.55,5.107
600782,新钢股份,普钢,江西,19961225,600782.SH,20150602,9.2,9.73,8.95,9.48,9.09,0.39,4.29,515022.69,474102.808,3.696,17.5093,1.44,32.5023,42.5133,1.6677,0.4081,0.439,0.0,,139344.8106,139344.8106,29414.3166,1320988.8045,1320988.8045,,,5.107
600782,新钢股份,普钢,江西,19961225,600782.SH,20150601,8.7,9.12,8.7,9.09,8.71,0.38,4.36,417839.8,375223.71,2.9986,14.2053,1.28,31.1652,40.7644,1.5991,0.3913,0.4209,0.0,,139344.8106,139344.8106,29414.3166,1266644.3284,1266644.3284,,,5.107
600782,新钢股份,普钢,江西,19961225,600782.SH,20150529,8.66,8.88,8.31,8.71,8.63,0.08,0.93,258856.47,223734.449,1.8577,8.8004,0.82,29.8623,39.0602,1.5323,0.3749,0.4033,0.0,,139344.8106,139344.8106,29414.3166,1213693.3003,1213693.3003,,,5.107
600782,新钢股份,普钢,江西,19961225,600782.SH,20150528,9.1,9.18,8.61,8.63,9.09,-0.46,-5.06,504088.94,449738.196,3.6176,17.1375,1.98,29.5881,38.7015,1.5182,0.3715,0.3996,0.0,,139344.8106,139344.8106,29414.3166,1202545.7155,1202545.7155,,,5.107
600782,新钢股份,普钢,江西,19961225,600782.SH,20150527,8.9,9.19,8.72,9.09,8.91,0.18,2.02,289116.49,258998.85,2.0748,9.8291,1.21,31.1652,40.7644,1.5991,0.3913,0.4209,0.0,,139344.8106,139344.8106,29414.3166,1266644.3284,1266644.3284,10.67,8.73,5.107
600782,新钢股份,普钢,江西,19961225,600782.SH,20150526,8.72,9.07,8.54,8.91,8.68,0.23,2.65,319810.04,283320.792,2.2951,10.8726,1.64,30.548,39.9571,1.5675,0.3835,0.4126,0.0,,139344.8106,139344.8106,29414.3166,1241562.2624,1241562.2624,,,5.107
600782,新钢股份,普钢,江西,19961225,600782.SH,20150525,8.5,8.78,8.41,8.68,8.56,0.12,1.4,254227.1,219630.759,1.8244,8.643,1.55,29.7595,38.9257,1.527,0.3736,0.402,0.0,,139344.8106,139344.8106,29414.3166,1209512.956,1209512.956,,,5.107
600782,新钢股份,普钢,江西,19961225,600782.SH,20150522,8.56,8.7,8.41,8.56,8.51,0.05,0.59,202505.39,173754.975,1.4533,6.8846,1.42,29.3481,38.3876,1.5059,0.3685,0.3964,0.0,,139344.8106,139344.8106,29414.3166,1192791.5787,1192791.5787,,,5.107
600782,新钢股份,普钢,江西,19961225,600782.SH,20150521,8.13,8.54,8.01,8.51,8.14,0.37,4.55,207484.5,172822.624,1.489,7.0539,1.69,29.1766,38.1633,1.4971,0.3663,0.3941,0.0,,139344.8106,139344.8106,29414.3166,1185824.3382,1185824.3382,,,5.107
600782,新钢股份,普钢,江西,19961225,600782.SH,20150520,7.93,8.2,7.77,8.14,7.83,0.31,3.96,206486.92,164958.71,1.4818,7.0199,1.93,27.9081,36.5041,1.432,0.3504,0.3769,0.0,,139344.8106,139344.8106,29414.3166,1134266.7583,1134266.7583,,,5.107
600782,新钢股份,普钢,江西,19961225,600782.SH,20150519,7.64,7.84,7.61,7.83,7.64,0.19,2.49,107168.92,82981.451,0.7691,3.6434,1.0,26.8453,35.1138,1.3775,0.3371,0.3626,0.0,,139344.8106,139344.8106,29414.3166,1091069.867,1091069.867,,,5.107
600782,新钢股份,普钢,江西,19961225,600782.SH,20150518,7.56,7.66,7.52,7.64,7.56,0.08,1.06,95260.7,72358.636,0.6836,3.2386,0.79,26.1938,34.2618,1.344,0.3289,0.3538,0.0,,139344.8106,139344.8106,29414.3166,1064594.353,1064594.353,,,5.107
600782,新钢股份,普钢,江西,19961225,600782.SH,20150515,7.68,7.79,7.48,7.56,7.69,-0.13,-1.69,97390.68,74141.171,0.6989,3.311,0.82,25.9196,33.903,1.33,0.3254,0.3501,0.0,,139344.8106,139344.8106,29414.3166,1053446.7681,1053446.7681,,,5.107
600782,新钢股份,普钢,江西,19961225,600782.SH,20150514,7.83,7.86,7.58,7.69,7.82,-0.13,-1.66,107507.7,82758.762,0.7715,3.6549,0.9,26.3653,34.486,1.3528,0.331,0.3561,0.0,,139344.8106,139344.8106,29414.3166,1071561.5935,1071561.5935,,,5.107
600782,新钢股份,普钢,江西,19961225,600782.SH,20150513,7.88,8.03,7.75,7.82,7.84,-0.02,-0.26,127335.99,100385.102,0.9138,4.329,1.07,26.811,35.069,1.3757,0.3366,0.3621,0.0,,139344.8106,139344.8106,29414.3166,1089676.4189,1089676.4189,9.42,7.7,5.107
600782,新钢股份,普钢,江西,19961225,600782.SH,20150512,7.89,7.93,7.75,7.84,7.9,-0.06,-0.76,109249.63,85432.966,0.784,3.7142,0.84,26.8795,35.1587,1.3792,0.3375,0.3631,0.0,,139344.8106,139344.8106,29414.3166,1092463.3151,1092463.3151,,,5.107
600782,新钢股份,普钢,江西,19961225,600782.SH,20150511,7.86,7.93,7.73,7.9,7.79,0.11,1.41,158572.9,124028.451,1.138,5.391,1.25,27.0852,35.4278,1.3898,0.3401,0.3658,0.0,,139344.8106,139344.8106,29414.3206,1100824.0037,1100824.0037,,,5.107
600782,新钢股份,普钢,江西,19961225,600782.SH,20150508,7.7,7.82,7.58,7.79,7.6,0.19,2.5,90215.05,69447.288,0.6474,3.067,0.64,26.7081,34.9345,1.3704,0.3353,0.3607,0.0,,139344.8106,139344.8106,29414.3206,1085496.0746,1085496.0746,,,5.107
600782,新钢股份,普钢,江西,19961225,600782.SH,20150507,7.54,7.68,7.28,7.6,7.54,0.06,0.8,111143.69,82764.379,0.7976,3.7786,0.76,26.0567,34.0824,1.337,0.3272,0.3519,0.0,,139344.8106,139344.8106,29414.3206,1059020.5606,1059020.5606,,,5.107
600782,新钢股份,普钢,江西,19961225,600782.SH,20150506,7.91,8.12,7.43,7.54,7.91,-0.37,-4.68,124474.41,96719.28,0.8933,4.2318,0.78,25.851,33.8133,1.3264,0.3246,0.3492,0.0,,139344.8106,139344.8106,29414.3206,1050659.8719,1050659.8719,8.32,6.8,5.107
600782,新钢股份,普钢,江西,19961225,600782.SH,20150505,8.56,8.6,7.9,7.91,8.56,-0.65,-7.59,167784.32,137928.989,1.2041,5.7042,0.96,27.1195,35.4726,1.3915,0.3405,0.3663,0.0,,139344.8106,139344.8106,29414.3206,1102217.4518,1102217.4518,,,5.107
600782,新钢股份,普钢,江西,19961225,600782.SH,20150504,8.48,8.68,8.4,8.56,8.48,0.08,0.94,142410.19,122118.3,1.022,4.8415,0.75,29.3481,38.3876,1.5059,0.3685,0.3964,0.0,,139344.8106,139344.8106,29414.3206,1192791.5787,1192791.5787,,,5.107
600782,新钢股份,普钢,江西,19961225,600782.SH,20150430,8.65,8.68,8.4,8.48,8.74,-0.26,-2.97,160008.79,136025.158,1.1483,5.4398,0.68,29.0738,38.0288,1.4918,0.365,0.3927,0.0,,139344.8106,139344.8106,29414.3206,1181643.9939,1181643.9939,,,5.107
600782,新钢股份,普钢,江西,19961225,600782.SH,20150429,8.51,8.86,8.4,8.74,8.56,0.18,2.1,141034.39,122834.389,1.0121,4.7948,0.55,29.9652,29.9652,1.515,0.3762,0.3762,0.0,,139344.8106,139344.8106,29414.3206,1217873.6446,1217873.6446,,,5.107
600782,新钢股份,普钢,江西,19961225,600782.SH,20150428,8.9,8.93,8.55,8.56,8.94,-0.38,-4.25,188233.83,163991.027,1.3508,6.3994,0.71,29.3481,29.3481,1.4838,0.3685,0.3685,0.0,,139344.8106,139344.8106,29414.3206,1192791.5787,1192791.5787,,,5.107
600782,新钢股份,普钢,江西,19961225,600782.SH,20150427,8.72,9.09,8.58,8.94,8.72,0.22,2.52,246071.61,217330.626,1.7659,8.3657,0.9,30.6509,30.6509,1.5497,0.3848,0.3848,0.0,,139344.8106,139344.8106,29414.3206,1245742.6068,1245742.6068,,,5.107
600782,新钢股份,普钢,江西,19961225,600782.SH,20150424,9.0,9.0,8.59,8.72,9.11,-0.39,-4.28,216485.21,190541.465,1.5536,7.3599,0.78,29.8966,29.8966,1.5116,0.3754,0.3754,0.0,,139344.8106,139344.8106,29414.3206,1215086.7484,1215086.7484,,,5.107
600782,新钢股份,普钢,江西,19961225,600782.SH,20150423,8.53,9.3,8.48,9.11,8.5,0.61,7.18,381621.19,341837.729,2.7387,12.974,1.6,31.2337,31.2337,1.5792,0.3922,0.3922,0.0,,139344.8106,139344.8106,29414.3206,1269431.2246,1269431.2246,,,5.107
600782,新钢股份,普钢,江西,19961225,600782.SH,20150422,8.41,8.7,8.41,8.5,8.39,0.11,1.31,248321.86,211895.807,1.7821,8.4422,1.03,29.1424,29.1424,1.4734,0.3659,0.3659,0.0,,139344.8106,139344.8106,29414.3206,1184430.8901,1184430.8901,,,5.107
600782,新钢股份,普钢,江西,19961225,600782.SH,20150421,7.96,8.49,7.9,8.39,7.97,0.42,5.27,233645.33,192036.754,1.6767,7.9433,1.01,28.7652,28.7652,1.4544,0.3612,0.3612,0.0,,139344.8106,139344.8106,29414.3206,1169102.9609,1169102.9609,,,5.107
600782,新钢股份,普钢,江西,19961225,600782.SH,20150420,8.08,8.32,7.85,7.97,8.19,-0.22,-2.69,290315.85,234507.242,2.0834,9.8699,1.23,101.331,26.4517,1.4293,0.3294,0.3162,0.0,,139344.8106,139344.8106,29414.3206,1110578.1405,1110578.1405,,,5.107
600782,新钢股份,普钢,江西,19961225,600782.SH,20150417,8.16,8.4,8.07,8.19,8.15,0.04,0.49,238395.8,196071.419,1.7108,8.1048,0.94,104.1281,27.1819,1.4687,0.3385,0.3249,0.0,,139344.8106,139344.8106,29414.3206,1141233.9988,1141233.9988,,,5.107
600782,新钢股份,普钢,江西,19961225,600782.SH,20150416,7.9,8.19,7.72,8.15,8.01,0.14,1.75,181541.52,144190.259,1.3028,6.1719,0.68,103.6196,27.0491,1.4616,0.3369,0.3233,0.0,,139344.8106,139344.8106,29414.3206,1135660.2064,1135660.2064,,,5.107
600782,新钢股份,普钢,江西,19961225,600782.SH,20150415,8.6,8.68,7.98,8.01,8.64,-0.63,-7.29,263013.02,216002.022,1.8875,8.9417,1.02,101.8396,26.5844,1.4364,0.3311,0.3178,0.0,,139344.8106,139344.8106,29414.3206,1116151.9329,1116151.9329,,,5.107
600782,新钢股份,普钢,江西,19961225,600782.SH,20150414,8.71,8.89,8.49,8.64,8.76,-0.12,-1.37,185475.5,160433.761,1.3311,6.3056,0.68,109.8495,28.6754,1.5494,0.3571,0.3428,0.0,,139344.8106,139344.8106,29414.3206,1203939.1636,1203939.1636,,,5.107
600782,新钢股份,普钢,江西,19961225,600782.SH,20150413,8.67,8.95,8.5,8.76,8.69,0.07,0.81,308928.6,270097.795,2.217,10.5027,1.14,111.3752,29.0736,1.5709,0.3621,0.3475,0.0,,139344.8106,139344.8106,29414.3206,1220660.5409,1220660.5409,,,5.107
600782,新钢股份,普钢,江西,19961225,600782.SH,20150410,7.82,8.69,7.78,8.69,7.9,0.79,10.0,326606.31,269343.93,2.3439,11.1036,1.4,110.4852,28.8413,1.5584,0.3592,0.3447,0.0,,139344.8106,139344.8106,29414.3206,1210906.4041,1210906.4041,,,5.107
600782,新钢股份,普钢,江西,19961225,600782.SH,20150409,7.81,8.02,7.52,7.9,7.75,0.15,1.94,260599.76,203267.304,1.8702,8.8596,1.24,100.4411,26.2194,1.4167,0.3265,0.3134,0.0,,139344.8106,139344.8106,29414.3206,1100824.0037,1100824.0037,,,5.107
600782,新钢股份,普钢,江西,19961225,600782.SH,20150408,7.62,7.76,7.38,7.75,7.61,0.14,1.84,212260.24,160847.947,1.5233,7.2162,1.06,98.534,25.7215,1.3898,0.3203,0.3074,0.0,,139344.8106,139344.8106,29414.3206,1079922.2822,1079922.2822,,,5.107
600782,新钢股份,普钢,江西,19961225,600782.SH,20150407,7.71,7.78,7.55,7.61,7.61,0.0,0.0,257781.04,196480.381,1.85,8.7638,1.44,96.754,25.2569,1.3647,0.3146,0.3019,0.0,,139344.8106,139344.8106,29414.3206,1060414.0087,1060414.0087,,,5.107
600782,新钢股份,普钢,江西,19961225,600782.SH,20150403,7.23,7.63,7.18,7.61,7.26,0.35,4.82,294204.78,218990.116,2.1113,10.0021,2.11,96.754,25.2569,1.3647,0.3146,0.3019,0.0,,139344.8106,139344.8106,29414.3206,1060414.0087,1060414.0087,,,5.107
600782,新钢股份,普钢,江西,19961225,600782.SH,20150402,7.23,7.31,7.17,7.26,7.22,0.04,0.55,141946.27,102768.532,1.0187,4.8258,0.95,92.3041,24.0953,1.3019,0.3001,0.288,0.0,,139344.8106,139344.8106,29414.3206,1011643.325,1011643.325,,,5.107
600782,新钢股份,普钢,江西,19961225,600782.SH,20150401,7.2,7.28,7.15,7.22,7.24,-0.02,-0.28,144030.67,103614.994,1.0336,4.8966,0.96,91.7955,23.9625,1.2948,0.2984,0.2864,0.0,,139344.8106,139344.8106,29414.3206,1006069.5325,1006069.5325,,,5.107
600782,新钢股份,普钢,江西,19961225,600782.SH,20150331,7.29,7.41,7.18,7.24,7.3,-0.06,-0.82,159926.37,116482.055,1.1477,5.437,0.9,92.0498,24.0289,1.2984,0.2993,0.2872,0.0,,139344.8106,139344.8106,29414.3206,1008856.4287,1008856.4287,,,5.107
600782,新钢股份,普钢,江西,19961225,600782.SH,20150330,7.21,7.36,7.17,7.3,7.16,0.14,1.96,152889.95,110884.589,1.0972,5.1978,0.76,92.8126,24.228,1.3091,0.3017,0.2896,0.0,,139344.8106,139344.8106,29414.3206,1017217.1174,1017217.1174,,,5.107
600782,新钢股份,普钢,江西,19961225,600782.SH,20150327,7.1,7.23,7.01,7.16,7.09,0.07,0.99,98720.16,70378.285,0.7085,3.3562,0.48,91.0327,23.7634,1.284,0.296,0.284,0.0,,139344.8106,139344.8106,29414.3206,997708.8439,997708.8439,8.53,6.98,5.107
600782,新钢股份,普钢,江西,19961225,600782.SH,20150326,7.2,7.25,6.85,7.09,7.24,-0.15,-2.07,189354.05,133563.425,1.3589,6.4375,0.91,90.1427,23.5311,1.2715,0.2931,0.2813,0.0,,139344.8106,139344.8106,29414.3206,987954.7072,987954.7072,,,5.107
600782,新钢股份,普钢,江西,19961225,600782.SH,20150325,7.51,7.51,7.22,7.24,7.54,-0.3,-3.98,151835.28,111227.31,1.0896,5.162,0.63,92.0498,24.0289,1.2984,0.2993,0.2872,0.0,,139344.8106,139344.8106,29414.3206,1008856.4287,1008856.4287,,,5.107
600782,新钢股份,普钢,江西,19961225,600782.SH,20150324,7.25,7.65,7.12,7.54,7.24,0.3,4.14,296738.81,220563.177,2.1295,10.0882,1.37,95.864,25.0246,1.3522,0.3117,0.2991,0.0,,139344.8106,139344.8106,29414.3206,1050659.8719,1050659.8719,7.99,6.53,5.107
600782,新钢股份,普钢,江西,19961225,600782.SH,20150323,7.03,7.36,6.93,7.24,6.97,0.27,3.87,268734.94,193431.84,1.9286,9.1362,1.38,92.0498,24.0289,1.2984,0.2993,0.2872,0.0,,139344.8106,139344.8106,29414.3206,1008856.4287,1008856.4287,,,5.107
600782,新钢股份,普钢,江西,19961225,600782.SH,20150320,6.99,7.03,6.9,6.97,7.03,-0.06,-0.85,132202.76,91864.94,0.9487,4.4945,0.7,88.617,23.1328,1.2499,0.2881,0.2765,0.0,,139344.8106,139344.8106,29414.3206,971233.3299,971233.3299,,,5.107
600782,新钢股份,普钢,江西,19961225,600782.SH,20150319,7.15,7.18,6.96,7.03,7.2,-0.17,-2.36,192566.56,135659.518,1.3819,6.5467,1.11,89.3798,23.3319,1.2607,0.2906,0.2789,0.0,,139344.8106,139344.8106,29414.3206,979594.0185,979594.0185,,,5.107
600782,新钢股份,普钢,江西,19961225,600782.SH,20150318,6.97,7.3,6.88,7.2,6.87,0.33,4.8,316181.42,224365.403,2.2691,10.7492,2.5,91.5412,23.8961,1.2912,0.2976,0.2856,0.0,,139344.8106,139344.8106,29414.3206,1003282.6363,1003282.6363,,,5.107
600782,新钢股份,普钢,江西,19961225,600782.SH,20150317,6.78,7.07,6.75,6.87,6.78,0.09,1.33,169824.97,117365.08,1.2187,5.7735,1.46,87.3456,22.8009,1.232,0.284,0.2725,0.0,,139344.8106,139344.8106,29414.3206,957298.8488,957298.8488,,,5.107
600782,新钢股份,普钢,江西,19961225,600782.SH,20150316,6.72,6.83,6.63,6.78,6.7,0.08,1.19,164159.6,110432.163,1.1781,5.5809,1.57,86.2013,22.5022,1.2159,0.2803,0.269,0.0,,139344.8106,139344.8106,29414.3206,944757.8159,944757.8159,,,5.107
600782,新钢股份,普钢,江西,19961225,600782.SH,20150313,6.7,6.73,6.63,6.7,6.7,0.0,0.0,100613.71,67308.112,0.722,3.4206,0.95,85.1842,22.2367,1.2015,0.2769,0.2658,0.0,,139344.8106,139344.8106,29414.3206,933610.231,933610.231,,,5.107
600782,新钢股份,普钢,江西,19961225,600782.SH,20150312,6.59,6.74,6.48,6.7,6.59,0.11,1.67,115394.63,76471.609,0.8281,3.9231,1.02,85.1842,22.2367,1.2015,0.2769,0.2658,0.0,,139344.8106,139344.8106,29414.3206,933610.231,933610.231,,,5.107
600782,新钢股份,普钢,江西,19961225,600782.SH,20150311,6.69,6.74,6.52,6.59,6.62,-0.03,-0.45,82158.95,54425.373,0.5896,2.7932,0.7,83.7856,21.8716,1.1818,0.2724,0.2614,0.0,,139344.8106,139344.8106,29414.3206,918282.3019,918282.3019,,,5.107
600782,新钢股份,普钢,江西,19961225,600782.SH,20150310,6.55,6.75,6.51,6.62,6.58,0.04,0.61,118689.2,79154.667,0.8518,4.0351,0.99,84.1671,21.9712,1.1872,0.2736,0.2626,0.0,,139344.8106,139344.8106,29414.3206,922462.6462,922462.6462,,,5.107
600782,新钢股份,普钢,江西,19961225,600782.SH,20150309,6.4,6.65,6.33,6.58,6.42,0.16,2.49,105571.3,68533.865,0.7576,3.5891,0.82,83.6585,21.8384,1.18,0.272,0.261,0.0,,139344.8106,139344.8106,29414.3206,916888.8537,916888.8537,,,5.107
600782,新钢股份,普钢,江西,19961225,600782.SH,20150306,6.41,6.45,6.3,6.42,6.47,-0.05,-0.77,109067.96,69419.881,0.7827,3.708,0.87,81.6243,21.3074,1.1513,0.2654,0.2547,0.0,,139344.8106,139344.8106,29414.3206,894593.6841,894593.6841,,,5.107
600782,新钢股份,普钢,江西,19961225,600782.SH,20150305,6.58,6.58,6.3,6.47,6.59,-0.12,-1.82,147804.99,94636.416,1.0607,5.0249,1.37,82.26,21.4733,1.1603,0.2674,0.2567,0.0,,139344.8106,139344.8106,29414.3206,901560.9246,901560.9246,,,5.107
600782,新钢股份,普钢,江西,19961225,600782.SH,20150304,6.51,6.69,6.43,6.59,6.49,0.1,1.54,103501.23,67761.966,0.7428,3.5187,1.05,83.7856,21.8716,1.1818,0.2724,0.2614,0.0,,139344.8106,139344.8106,29414.3206,918282.3019,918282.3019,,,5.107
600782,新钢股份,普钢,江西,19961225,600782.SH,20150303,6.76,6.76,6.48,6.49,6.78,-0.29,-4.28,130599.54,86114.64,0.9372,4.44,1.48,82.5142,21.5397,1.1639,0.2683,0.2575,0.0,,139344.8106,139344.8106,29414.3206,904347.8208,904347.8208,,,5.107
600782,新钢股份,普钢,江西,19961225,600782.SH,20150302,6.7,6.97,6.59,6.78,6.59,0.19,2.88,151959.18,102667.762,1.0905,5.1662,2.03,86.2013,22.5022,1.2159,0.2803,0.269,0.0,,139344.8106,139344.8106,29414.3206,944757.8159,944757.8159,7.25,5.93,5.107
600782,新钢股份,普钢,江西,19961225,600782.SH,20150227,6.47,6.61,6.42,6.59,6.45,0.14,2.17,93292.81,61292.483,0.6695,3.1717,1.23,83.7856,21.8716,1.1818,0.2724,0.2614,0.0,,139344.8106,139344.8106,29414.3206,918282.3019,918282.3019,,,5.107
600782,新钢股份,普钢,江西,19961225,600782.SH,20150226,6.44,6.48,6.35,6.45,6.38,0.07,1.1,59147.15,38038.265,0.4245,2.0108,0.78,82.0057,21.407,1.1567,0.2666,0.2559,0.0,,139344.8106,139344.8106,29414.3206,898774.0284,898774.0284,,,5.107
600782,新钢股份,普钢,江西,19961225,600782.SH,20150225,6.44,6.48,6.35,6.38,6.44,-0.06,-0.93,57241.01,36630.568,0.4108,1.946,0.75,81.1157,21.1746,1.1441,0.2637,0.2531,0.0,,139344.8106,139344.8106,29414.3206,889019.8916,889019.8916,7.06,5.78,5.107
600782,新钢股份,普钢,江西,19961225,600782.SH,20150217,6.47,6.55,6.37,6.44,6.43,0.01,0.16,79552.25,51438.448,0.5709,2.7045,1.16,81.8785,21.3738,1.1549,0.2662,0.2555,0.0,,139344.8106,139344.8106,29414.3206,897380.5803,897380.5803,7.12,5.82,5.107
600782,新钢股份,普钢,江西,19961225,600782.SH,20150216,6.37,6.48,6.32,6.43,6.39,0.04,0.63,84578.46,54329.569,0.607,2.8754,1.3,81.7514,21.3406,1.1531,0.2658,0.2551,0.0,,139344.8106,139344.8106,29414.3206,895987.1322,895987.1322,,,5.107
600782,新钢股份,普钢,江西,19961225,600782.SH,20150213,6.29,6.47,6.22,6.39,6.2,0.19,3.06,99944.76,63720.386,0.7172,3.3978,1.61,81.2428,21.2078,1.1459,0.2641,0.2535,0.0,,139344.8106,139344.8106,29414.3206,890413.3397,890413.3397,,,5.107
600782,新钢股份,普钢,江西,19961225,600782.SH,20150212,6.15,6.25,6.1,6.2,6.14,0.06,0.98,59227.21,36629.502,0.425,2.0136,0.83,78.8272,20.5772,1.1119,0.2563,0.246,0.0,,139344.8106,139344.8106,29414.3206,863937.8257,863937.8257,,,5.107
600782,新钢股份,普钢,江西,19961225,600782.SH,20150211,5.99,6.16,5.96,6.14,5.98,0.16,2.68,56147.32,34108.452,0.4029,1.9088,0.65,78.0643,20.3781,1.1011,0.2538,0.2436,0.0,,139344.8106,139344.8106,29414.3206,855577.1371,855577.1371,,,5.107
600782,新钢股份,普钢,江西,19961225,600782.SH,20150210,5.85,6.05,5.85,5.98,5.95,0.03,0.5,43077.14,25693.021,0.3091,1.4645,0.43,76.0301,19.8471,1.0724,0.2472,0.2372,0.0,,139344.8106,139344.8106,29414.3206,833281.9674,833281.9674,7.1,5.81,5.107
600782,新钢股份,普钢,江西,19961225,600782.SH,20150209,5.97,6.15,5.84,5.95,5.99,-0.04,-0.67,66784.21,40024.192,0.4793,2.2705,0.61,75.6486,19.7475,1.067,0.2459,0.236,0.0,,139344.8106,139344.8106,29414.3206,829101.6231,829101.6231,,,5.107
600782,新钢股份,普钢,江西,19961225,600782.SH,20150206,6.06,6.09,5.85,5.99,6.05,-0.06,-0.99,84281.98,50122.187,0.6048,2.8653,0.67,76.1572,19.8803,1.0742,0.2476,0.2376,0.0,,139344.8106,139344.8106,29414.3206,834675.4155,834675.4155,,,5.107
600782,新钢股份,普钢,江西,19961225,600782.SH,20150205,6.35,6.41,6.02,6.05,6.24,-0.19,-3.04,105295.65,65347.523,0.7556,3.5797,0.7,76.9201,20.0794,1.085,0.2501,0.24,0.0,,139344.8106,139344.8106,29414.3206,843036.1041,843036.1041,,,5.107
600782,新钢股份,普钢,江西,19961225,600782.SH,20150204,6.2,6.49,6.12,6.24,6.24,0.0,0.0,135521.15,86021.405,0.9726,4.6073,0.94,79.3357,20.71,1.119,0.2579,0.2475,0.0,,139344.8106,139344.8106,29414.3206,869511.6181,869511.6181,,,5.107
600782,新钢股份,普钢,江西,19961225,600782.SH,20150203,6.05,6.27,5.99,6.24,6.04,0.2,3.31,106392.24,65266.845,0.7635,3.617,0.67,79.3357,20.71,1.119,0.2579,0.2475,0.0,,139344.8106,139344.8106,29414.3206,869511.6181,869511.6181,,,5.107
600782,新钢股份,普钢,江西,19961225,600782.SH,20150202,6.28,6.28,6.01,6.04,6.36,-0.32,-5.03,111524.2,68234.561,0.8003,3.7915,0.6,76.7929,20.0462,1.0832,0.2497,0.2396,0.0,,139344.8106,139344.8106,29414.3206,841642.656,841642.656,,,5.107
600782,新钢股份,普钢,江西,19961225,600782.SH,20150130,6.5,6.65,6.23,6.36,6.56,-0.2,-3.05,172551.09,111046.974,1.2383,5.8662,0.97,80.8614,21.1083,1.1405,0.2629,0.2523,0.0,,139344.8106,139344.8106,29414.3206,886232.9954,886232.9954,,,5.107
600782,新钢股份,普钢,江西,19961225,600782.SH,20150129,6.42,6.75,6.32,6.56,6.32,0.24,3.8,225357.43,147783.255,1.6173,7.6615,1.25,83.4042,21.772,1.1764,0.2712,0.2602,0.0,,139344.8106,139344.8106,29414.3206,914101.9575,914101.9575,,,5.107
600782,新钢股份,普钢,江西,19961225,600782.SH,20150128,6.28,6.4,6.16,6.32,6.32,0.0,0.0,105691.14,66216.998,0.7585,3.5932,0.48,80.3528,20.9755,1.1334,0.2612,0.2507,0.0,,139344.8106,139344.8106,29414.3206,880659.203,880659.203,6.59,5.39,5.107
600782,新钢股份,普钢,江西,19961225,600782.SH,20150127,6.33,6.45,6.12,6.32,6.32,0.0,0.0,175848.23,110501.751,1.262,5.9783,0.82,80.3528,20.9755,1.1334,0.2612,0.2507,0.0,,139344.8106,139344.8106,29414.3206,880659.203,880659.203,6.66,5.45,5.107
600782,新钢股份,普钢,江西,19961225,600782.SH,20150126,5.85,6.34,5.8,6.32,5.83,0.49,8.4,247326.66,151850.226,1.7749,8.4084,1.25,80.3528,20.9755,1.1334,0.2612,0.2507,0.0,,139344.8106,139344.8106,29414.3206,880659.203,880659.203,,,5.107
600782,新钢股份,普钢,江西,19961225,600782.SH,20150123,5.86,6.11,5.82,5.83,5.83,0.0,0.0,136898.15,81311.004,0.9824,4.6541,0.73,74.123,19.3492,1.0455,0.241,0.2313,0.0,,139344.8106,139344.8106,29414.3206,812380.2458,812380.2458,,,5.107
600782,新钢股份,普钢,江西,19961225,600782.SH,20150122,5.88,6.02,5.78,5.83,5.82,0.01,0.17,237002.6,140048.994,1.7008,8.0574,1.49,74.123,19.3492,1.0455,0.241,0.2313,0.0,,139344.8106,139344.8106,29414.3206,812380.2458,812380.2458,,,5.107
600782,新钢股份,普钢,江西,19961225,600782.SH,20150121,5.3,5.82,5.28,5.82,5.29,0.53,10.02,301299.37,170725.708,2.1623,10.2433,2.7,73.9958,19.316,1.0437,0.2406,0.2309,0.0,,139344.8106,139344.8106,29414.3206,810986.7977,810986.7977,,,5.107
600782,新钢股份,普钢,江西,19961225,600782.SH,20150120,5.15,5.36,5.14,5.29,5.22,0.07,1.34,146669.57,77319.147,1.0526,4.9863,1.47,67.2574,17.557,0.9487,0.2187,0.2099,0.0,,139344.8106,139344.8106,29414.3206,737134.0481,737134.0481,,,5.107
600782,新钢股份,普钢,江西,19961225,600782.SH,20150119,5.54,5.66,5.22,5.22,5.8,-0.58,-10.0,168920.52,91004.538,1.2122,5.7428,1.85,66.3674,17.3247,0.9361,0.2158,0.2071,0.0,,139344.8106,139344.8106,29414.3206,727379.9113,727379.9113,6.95,5.69,5.107
600782,新钢股份,普钢,江西,19961225,600782.SH,20150116,5.8,5.87,5.69,5.8,5.81,-0.01,-0.17,89922.99,52016.881,0.6453,3.0571,0.74,73.7415,19.2497,1.0401,0.2397,0.2301,0.0,,139344.8106,139344.8106,29414.3206,808199.9015,808199.9015,6.95,5.69,5.107
600782,新钢股份,普钢,江西,19961225,600782.SH,20150115,5.62,5.84,5.58,5.81,5.63,0.18,3.2,89284.72,50950.975,0.6407,3.0354,0.5,73.8687,19.2829,1.0419,0.2402,0.2305,0.0,,139344.8106,139344.8106,29414.3206,809593.3496,809593.3496,,,5.107
600782,新钢股份,普钢,江西,19961225,600782.SH,20150114,5.61,5.68,5.58,5.63,5.59,0.04,0.72,63975.75,35912.292,0.4591,2.175,0.33,71.5801,18.6854,1.0096,0.2327,0.2233,0.0,,139344.8106,139344.8106,29414.3206,784511.2837,784511.2837,,,5.107
600782,新钢股份,普钢,江西,19961225,600782.SH,20150113,5.6,5.72,5.58,5.59,5.61,-0.02,-0.36,85656.48,48247.328,0.6147,2.9121,0.41,71.0716,18.5527,1.0025,0.2311,0.2218,0.0,,139344.8106,139344.8106,29414.3206,778937.4913,778937.4913,,,5.107
600782,新钢股份,普钢,江西,19961225,600782.SH,20150112,5.68,5.75,5.52,5.61,5.79,-0.18,-3.11,128595.43,71863.596,0.9229,4.3719,0.56,71.3259,18.6191,1.0061,0.2319,0.2226,0.0,,139344.8106,139344.8106,29414.3206,781724.3875,781724.3875,6.4,5.24,5.107
600782,新钢股份,普钢,江西,19961225,600782.SH,20150109,5.72,5.95,5.51,5.79,5.76,0.03,0.52,236667.82,136237.484,1.6984,8.046,1.03,73.6144,19.2165,1.0383,0.2393,0.2297,0.0,,139344.8106,139344.8106,29414.3206,806806.4534,806806.4534,,,5.107
600782,新钢股份,普钢,江西,19961225,600782.SH,20150108,6.34,6.38,5.72,5.76,6.36,-0.6,-9.43,376107.04,223345.749,2.6991,12.7865,1.96,73.233,19.1169,1.033,0.2381,0.2285,0.0,,139344.8106,139344.8106,29414.3206,802626.1091,802626.1091,,,5.107
600782,新钢股份,普钢,江西,19961225,600782.SH,20150107,6.33,6.48,6.2,6.36,6.33,0.03,0.47,130702.12,82680.568,0.938,4.4435,0.61,80.8614,21.1083,1.1405,0.2629,0.2523,0.0,,139344.8106,139344.8106,29414.3206,886232.9954,886232.9954,,,5.107
600782,新钢股份,普钢,江西,19961225,600782.SH,20150106,6.3,6.52,6.2,6.33,6.39,-0.06,-0.94,165543.01,105158.947,1.188,5.628,0.73,80.48,21.0087,1.1352,0.2617,0.2511,0.0,,139344.8106,139344.8106,29414.3206,882052.6511,882052.6511,,,5.107
600782,新钢股份,普钢,江西,19961225,600782.SH,20150105,6.29,6.48,6.06,6.39,6.29,0.1,1.59,231919.79,146021.062,1.6644,7.8846,0.97,81.2428,21.2078,1.1459,0.2641,0.2535,0.0,,139344.8106,139344.8106,29414.3206,890413.3397,890413.3397,,,5.107
600782,新钢股份,普钢,江西,19961225,600782.SH,20141231,6.55,6.65,6.1,6.29,6.51,-0.22,-3.38,242512.18,153387.634,1.7404,8.2447,0.98,79.9714,20.8759,1.128,0.26,0.2495,0.0,,139344.8106,139344.8106,29414.3206,876478.8587,876478.8587,,,5.107
600782,新钢股份,普钢,江西,19961225,600782.SH,20141230,6.6,6.72,6.4,6.51,6.61,-0.1,-1.51,187927.54,122928.721,1.3487,6.389,0.7,82.7685,21.6061,1.1674,0.2691,0.2583,0.0,,139344.8106,139344.8106,29414.3206,907134.717,907134.717,,,5.107
600782,新钢股份,普钢,江西,19961225,600782.SH,20141229,6.39,6.8,6.15,6.61,6.43,0.18,2.8,248508.14,162292.189,1.7834,8.4485,0.82,84.0399,21.938,1.1854,0.2732,0.2622,0.0,,139344.8106,139344.8106,29414.3206,921069.1981,921069.1981,,,5.107
600782,新钢股份,普钢,江西,19961225,600782.SH,20141226,6.3,6.48,6.06,6.43,6.31,0.12,1.9,226584.93,142994.624,1.6261,7.7032,0.67,81.7514,21.3406,1.1531,0.2658,0.2551,0.0,,139344.8106,139344.8106,29414.3206,895987.1322,895987.1322,,,5.107
600782,新钢股份,普钢,江西,19961225,600782.SH,20141225,5.72,6.31,5.7,6.31,5.74,0.57,9.93,288855.08,173667.485,2.073,9.8202,0.88,80.2257,20.9423,1.1316,0.2608,0.2503,0.0,,139344.8106,139344.8106,29414.3206,879265.7549,879265.7549,,,5.107
600782,新钢股份,普钢,江西,19961225,600782.SH,20141224,5.69,5.85,5.5,5.74,5.75,-0.01,-0.17,290861.59,164136.366,2.0874,9.8884,0.9,72.9787,19.0505,1.0294,0.2373,0.2277,0.0,,139344.8106,139344.8106,29414.3206,799839.2128,799839.2128,,,5.107
600782,新钢股份,普钢,江西,19961225,600782.SH,20141223,6.31,6.31,5.75,5.75,6.39,-0.64,-10.02,281684.66,167451.228,2.0215,9.5764,0.88,73.1058,19.0837,1.0312,0.2377,0.2281,0.0,,139344.8106,139344.8106,29414.3206,801232.661,801232.661,7.03,5.75,5.107
600782,新钢股份,普钢,江西,19961225,600782.SH,20141222,7.02,7.6,6.36,6.39,6.97,-0.58,-8.32,422811.13,293930.976,3.0343,14.3743,1.57,81.2428,21.2078,1.1459,0.2641,0.2535,0.0,,139344.8106,139344.8106,29414.3206,890413.3397,890413.3397,,,5.107
600782,新钢股份,普钢,江西,19961225,600782.SH,20141219,6.39,6.97,6.25,6.97,6.34,0.63,9.94,411895.87,281053.505,2.9559,14.0032,1.64,88.617,23.1328,1.2499,0.2881,0.2765,0.0,,139344.8106,139344.8106,29414.3206,971233.3299,971233.3299,,,5.107
600782,新钢股份,普钢,江西,19961225,600782.SH,20141218,6.03,6.5,5.98,6.34,6.05,0.29,4.79,239613.07,149586.185,1.7196,8.1461,0.96,80.6071,21.0419,1.137,0.2621,0.2515,0.0,,139344.8106,139344.8106,29414.3206,883446.0992,883446.0992,7.27,5.95,5.107
600782,新钢股份,普钢,江西,19961225,600782.SH,20141217,5.78,6.35,5.67,6.05,5.84,0.21,3.6,261855.68,157951.166,1.8792,8.9023,1.12,76.9201,20.0794,1.085,0.2501,0.24,0.0,,139344.8106,139344.8106,29414.3206,843036.1041,843036.1041,,,5.107
600782,新钢股份,普钢,江西,19961225,600782.SH,20141216,5.66,5.95,5.57,5.84,5.7,0.14,2.46,261210.13,150598.913,1.8746,8.8804,1.05,74.2501,19.3824,1.0473,0.2414,0.2317,0.0,,139344.8106,139344.8106,29414.3206,813773.6939,813773.6939,,,5.107
600782,新钢股份,普钢,江西,19961225,600782.SH,20141215,5.92,6.0,5.6,5.7,5.91,-0.21,-3.55,174083.74,99283.719,1.2493,5.9183,0.68,72.4701,18.9178,1.0222,0.2356,0.2261,0.0,,139344.8106,139344.8106,29414.3206,794265.4204,794265.4204,,,5.107
600782,新钢股份,普钢,江西,19961225,600782.SH,20141212,5.78,6.09,5.56,5.91,5.73,0.18,3.14,321534.73,187591.188,2.3075,10.9312,1.39,75.1401,19.6147,1.0598,0.2443,0.2345,0.0,,139344.8106,139344.8106,29414.3206,823527.8306,823527.8306,6.33,5.18,5.107
600782,新钢股份,普钢,江西,19961225,600782.SH,20141211,5.18,5.73,5.15,5.73,5.21,0.52,9.98,233351.47,127122.796,1.6746,7.9333,1.08,72.8516,19.0173,1.0276,0.2369,0.2273,0.0,,139344.8106,139344.8106,29414.3206,798445.7647,798445.7647,,,5.107
600782,新钢股份,普钢,江西,19961225,600782.SH,20141210,4.88,5.25,4.84,5.21,4.9,0.31,6.33,177944.66,90531.403,1.277,6.0496,0.69,66.2402,17.2915,0.9343,0.2154,0.2067,0.0,,139344.8106,139344.8106,29414.3206,725986.4632,725986.4632,,,5.107
600782,新钢股份,普钢,江西,19961225,600782.SH,20141209,5.0,5.48,4.88,4.9,4.98,-0.08,-1.61,340531.32,175613.409,2.4438,11.5771,1.34,62.2989,16.2626,0.8787,0.2025,0.1944,0.0,,139344.8106,139344.8106,29414.3206,682789.5719,682789.5719,,,5.107
600782,新钢股份,普钢,江西,19961225,600782.SH,20141208,4.78,5.06,4.76,4.98,4.76,0.22,4.62,213605.23,105839.785,1.5329,7.2619,0.84,63.316,16.5282,0.8931,0.2059,0.1976,0.0,,139344.8106,139344.8106,29414.3206,693937.1568,693937.1568,,,5.107
600782,新钢股份,普钢,江西,19961225,600782.SH,20141205,5.07,5.11,4.71,4.76,5.09,-0.33,-6.48,188654.69,92051.449,1.3539,6.4137,0.8,60.5189,15.798,0.8536,0.1968,0.1888,0.0,,139344.8106,139344.8106,29414.3206,663281.2985,663281.2985,,,5.107
600782,新钢股份,普钢,江西,19961225,600782.SH,20141204,4.98,5.1,4.94,5.09,5.01,0.08,1.6,164423.49,82339.502,1.18,5.5899,0.74,64.7146,16.8932,0.9128,0.2104,0.2019,0.0,,139344.8106,139344.8106,29414.3206,709265.086,709265.086,,,5.107
600782,新钢股份,普钢,江西,19961225,600782.SH,20141203,4.87,5.25,4.85,5.01,4.87,0.14,2.87,374848.9,189036.928,2.6901,12.7438,2.27,63.6974,16.6277,0.8985,0.2071,0.1987,0.0,,139344.8106,139344.8106,29414.3206,698117.5011,698117.5011,,,5.107
600782,新钢股份,普钢,江西,19961225,600782.SH,20141202,4.86,5.05,4.75,4.87,4.88,-0.01,-0.2,325713.78,158135.657,2.3375,11.0733,2.58,61.9175,16.1631,0.8733,0.2013,0.1932,0.0,,139344.8106,139344.8106,29414.3206,678609.2276,678609.2276,,,5.107
600782,新钢股份,普钢,江西,19961225,600782.SH,20141201,4.73,4.96,4.73,4.88,4.73,0.15,3.17,211939.14,102596.963,1.521,7.2053,1.82,62.0446,16.1963,0.8751,0.2017,0.1936,0.0,,139344.8106,139344.8106,29414.3206,680002.6757,680002.6757,,,5.107
600782,新钢股份,普钢,江西,19961225,600782.SH,20141128,4.73,4.76,4.61,4.73,4.7,0.03,0.64,106979.62,50200.194,0.7677,3.637,0.98,60.1375,15.6984,0.8482,0.1955,0.1876,0.0,,139344.8106,139344.8106,29414.3206,659100.9541,659100.9541,,,5.107
600782,新钢股份,普钢,江西,19961225,600782.SH,20141127,4.75,4.83,4.65,4.7,4.76,-0.06,-1.26,95301.14,45099.035,0.6839,3.24,0.92,59.7561,15.5989,0.8429,0.1943,0.1865,0.0,,139344.8106,139344.8106,29414.3206,654920.6098,654920.6098,,,5.107
600782,新钢股份,普钢,江西,19961225,600782.SH,20141126,4.85,4.88,4.74,4.76,4.85,-0.09,-1.86,86657.46,41518.117,0.6219,2.9461,0.85,60.5189,15.798,0.8536,0.1968,0.1888,0.0,,139344.8106,139344.8106,29414.3206,663281.2985,663281.2985,,,5.107
600782,新钢股份,普钢,江西,19961225,600782.SH,20141125,4.61,4.87,4.61,4.85,4.65,0.2,4.3,131168.58,62881.691,0.9413,4.4593,1.38,61.6632,16.0967,0.8698,0.2005,0.1924,0.0,,139344.8106,139344.8106,29414.3206,675822.3314,675822.3314,5.6,4.58,5.107
600782,新钢股份,普钢,江西,19961225,600782.SH,20141124,4.5,4.76,4.46,4.65,4.44,0.21,4.73,160575.1,74270.105,1.1524,5.4591,1.82,59.1204,15.4329,0.8339,0.1922,0.1845,0.0,,139344.8106,139344.8106,29414.3206,647953.3693,647953.3693,,,5.107
600782,新钢股份,普钢,江西,19961225,600782.SH,20141121,4.35,4.44,4.29,4.44,4.34,0.1,2.3,72533.74,31743.889,0.5205,2.4659,0.75,56.4504,14.7359,0.7962,0.1835,0.1761,0.0,,139344.8106,139344.8106,29414.3206,618690.9591,618690.9591,,,5.107
600782,新钢股份,普钢,江西,19961225,600782.SH,20141120,4.43,4.45,4.3,4.34,4.46,-0.12,-2.69,69111.41,30285.171,0.496,2.3496,0.53,55.179,14.4041,0.7783,0.1794,0.1722,0.0,,139344.8106,139344.8106,29414.3206,604756.478,604756.478,5.37,4.39,5.107
600782,新钢股份,普钢,江西,19961225,600782.SH,20141119,4.45,4.51,4.39,4.46,4.44,0.02,0.45,74606.09,33246.569,0.5354,2.5364,0.54,56.7047,14.8023,0.7998,0.1844,0.1769,0.0,,139344.8106,139344.8106,29414.3206,621477.8553,621477.8553,,,5.107
600782,新钢股份,普钢,江西,19961225,600782.SH,20141118,4.49,4.53,4.4,4.44,4.5,-0.06,-1.33,97791.06,43489.125,0.7018,3.3246,0.52,56.4504,14.7359,0.7962,0.1835,0.1761,0.0,,139344.8106,139344.8106,29414.3206,618690.9591,618690.9591,,,5.107
600782,新钢股份,普钢,江西,19961225,600782.SH,20141117,4.61,4.66,4.44,4.5,4.61,-0.11,-2.39,126095.72,57172.498,0.9049,4.2869,0.59,57.2133,14.9351,0.807,0.186,0.1785,0.0,,139344.8106,139344.8106,29414.3206,627051.6477,627051.6477,,,5.107
600782,新钢股份,普钢,江西,19961225,600782.SH,20141114,4.75,4.75,4.55,4.61,4.77,-0.16,-3.35,116749.95,54142.434,0.8378,3.9692,0.55,58.6118,15.3002,0.8267,0.1906,0.1829,0.0,,139344.8106,139344.8106,29414.3206,642379.5769,642379.5769,,,5.107
600782,新钢股份,普钢,江西,19961225,600782.SH,20141113,4.47,4.94,4.31,4.77,4.49,0.28,6.24,236610.56,109848.164,1.698,8.0441,1.22,60.6461,15.8312,0.8554,0.1972,0.1892,0.0,,139344.8106,139344.8106,29414.3206,664674.7466,664674.7466,,,5.107
600782,新钢股份,普钢,江西,19961225,600782.SH,20141112,4.31,4.49,4.28,4.49,4.41,0.08,1.81,111930.33,49038.73,0.8033,3.8053,0.56,57.0861,14.9019,0.8052,0.1856,0.1781,0.0,,139344.8106,139344.8106,29414.3206,625658.1996,625658.1996,4.88,4.0,5.107
600782,新钢股份,普钢,江西,19961225,600782.SH,20141111,4.33,4.7,4.32,4.41,4.31,0.1,2.32,347131.69,155799.181,2.4912,11.8015,1.87,56.069,14.6364,0.7909,0.1823,0.1749,0.0,,139344.8106,139344.8106,29414.3206,614510.6147,614510.6147,4.77,3.91,5.107
600782,新钢股份,普钢,江西,19961225,600782.SH,20141110,4.05,4.32,3.99,4.31,4.04,0.27,6.68,264752.98,110451.249,1.9,9.0008,1.34,54.7976,14.3045,0.7729,0.1782,0.171,0.0,,139344.8106,139344.8106,29414.3206,600576.1337,600576.1337,,,5.107
600782,新钢股份,普钢,江西,19961225,600782.SH,20141107,4.12,4.15,4.03,4.04,4.09,-0.05,-1.22,108947.14,44640.369,0.7819,3.7039,0.44,51.3648,13.4084,0.7245,0.167,0.1603,0.0,,139344.8106,139344.8106,29414.3206,562953.0348,562953.0348,4.88,4.0,5.107
600782,新钢股份,普钢,江西,19961225,600782.SH,20141106,4.15,4.23,4.06,4.09,4.18,-0.09,-2.15,136427.95,56324.215,0.9791,4.6381,0.55,52.0005,13.5743,0.7335,0.1691,0.1623,0.0,,139344.8106,139344.8106,29414.3206,569920.2754,569920.2754,,,5.107
600782,新钢股份,普钢,江西,19961225,600782.SH,20141105,4.2,4.27,4.12,4.18,4.22,-0.04,-0.95,133982.06,56286.353,0.9615,4.555,0.55,53.1448,13.873,0.7496,0.1728,0.1658,0.0,,139344.8106,139344.8106,29414.3206,582461.3083,582461.3083,5.07,4.15,5.107
600782,新钢股份,普钢,江西,19961225,600782.SH,20141104,4.18,4.27,4.06,4.22,4.17,0.05,1.2,285569.03,119264.211,2.0494,9.7085,1.33,53.6533,14.0058,0.7568,0.1744,0.1674,0.0,,139344.8106,139344.8106,29414.3206,588035.1007,588035.1007,,,5.107
600782,新钢股份,普钢,江西,19961225,600782.SH,20141103,3.94,4.25,3.91,4.17,3.96,0.21,5.3,323409.98,132821.151,2.3209,10.995,2.07,53.0176,13.8398,0.7478,0.1724,0.1654,0.0,,139344.8106,139344.8106,29414.3206,581067.8602,581067.8602,,,5.107
600782,新钢股份,普钢,江西,19961225,600782.SH,20141031,3.89,4.22,3.89,3.96,3.84,0.12,3.13,347485.41,141701.409,2.4937,11.8135,3.69,50.3477,13.1429,0.7102,0.1637,0.1571,0.0,,139344.8106,139344.8106,29414.3206,551805.45,551805.45,,,5.107
600782,新钢股份,普钢,江西,19961225,600782.SH,20141030,3.75,3.85,3.72,3.84,3.73,0.11,2.95,150490.78,57092.027,1.08,5.1162,2.06,48.822,16.8695,0.7026,0.1587,0.1619,0.0,,139344.8106,139344.8106,29414.3206,535084.0727,535084.0727,,,5.107
600782,新钢股份,普钢,江西,19961225,600782.SH,20141029,3.66,3.77,3.63,3.73,3.66,0.07,1.91,119365.34,44290.541,0.8566,4.0581,1.93,47.4234,16.3862,0.6825,0.1542,0.1573,0.0,,139344.8106,139344.8106,29414.3206,519756.1435,519756.1435,4.44,3.64,5.107
600782,新钢股份,普钢,江西,19961225,600782.SH,20141028,3.55,3.67,3.55,3.66,3.55,0.11,3.1,130966.69,47374.354,0.9399,4.4525,2.8,46.5335,16.0787,0.6697,0.1513,0.1543,0.0,,139344.8106,139344.8106,29414.3206,510002.0068,510002.0068,,,5.107
600782,新钢股份,普钢,江西,19961225,600782.SH,20141027,3.48,3.56,3.45,3.55,3.49,0.06,1.72,33270.05,11729.081,0.2388,1.1311,0.6,45.1349,15.5955,0.6495,0.1467,0.1497,0.0,,139344.8106,139344.8106,29414.3206,494674.0776,494674.0776,,,5.107
600782,新钢股份,普钢,江西,19961225,600782.SH,20141024,3.59,3.59,3.45,3.49,3.57,-0.08,-2.24,37371.07,13209.742,0.2682,1.2705,0.55,44.3721,15.3319,0.6386,0.1443,0.1472,0.0,,139344.8106,139344.8106,29414.3206,486313.389,486313.389,,,5.107
600782,新钢股份,普钢,江西,19961225,600782.SH,20141023,3.7,3.7,3.56,3.57,3.73,-0.16,-4.29,44930.45,16281.977,0.3224,1.5275,0.52,45.3892,15.6833,0.6532,0.1476,0.1505,0.0,,139344.8106,139344.8106,29414.3206,497460.9738,497460.9738,,,5.107
600782,新钢股份,普钢,江西,19961225,600782.SH,20141022,3.77,3.77,3.55,3.73,3.75,-0.02,-0.53,63023.78,23496.883,0.4523,2.1426,0.58,47.4234,16.3862,0.6825,0.1542,0.1573,0.0,,139344.8106,139344.8106,29414.3206,519756.1435,519756.1435,,,5.107
600782,新钢股份,普钢,江西,19961225,600782.SH,20141021,3.84,3.84,3.74,3.75,3.8,-0.05,-1.32,55239.23,20861.342,0.3964,1.878,0.43,47.6777,16.4741,0.6861,0.155,0.1581,0.0,,139344.8106,139344.8106,29414.3206,522543.0398,522543.0398,4.22,3.46,5.107
600782,新钢股份,普钢,江西,19961225,600782.SH,20141020,3.8,3.85,3.77,3.8,3.78,0.02,0.53,77005.71,29351.117,0.5526,2.618,0.55,48.3134,16.6937,0.6953,0.1571,0.1602,0.0,,139344.8106,139344.8106,29414.3206,529510.2803,529510.2803,,,5.107
600782,新钢股份,普钢,江西,19961225,600782.SH,20141017,3.91,3.91,3.73,3.78,3.87,-0.09,-2.33,101123.17,38570.771,0.7257,3.4379,0.72,48.0591,16.6059,0.6916,0.1562,0.1594,0.0,,139344.8106,139344.8106,29414.3206,526723.3841,526723.3841,4.03,3.29,5.107
600782,新钢股份,普钢,江西,19961225,600782.SH,20141016,3.96,3.99,3.86,3.87,3.98,-0.11,-2.76,133221.15,52692.248,0.9561,4.5291,0.96,49.2034,17.0013,0.7081,0.16,0.1632,0.0,,139344.8106,139344.8106,29414.3206,539264.417,539264.417,,,5.107
600782,新钢股份,普钢,江西,19961225,600782.SH,20141015,3.9,4.04,3.85,3.98,3.87,0.11,2.84,179987.95,71141.467,1.2917,6.1191,1.5,50.602,17.4845,0.7282,0.1645,0.1678,0.0,,139344.8106,139344.8106,29414.3206,554592.3462,554592.3462,,,5.107
600782,新钢股份,普钢,江西,19961225,600782.SH,20141014,3.88,3.93,3.86,3.87,3.86,0.01,0.26,156173.61,60864.083,1.1208,5.3094,1.41,49.2034,17.0013,0.7081,0.16,0.1632,0.0,,139344.8106,139344.8106,29414.3206,539264.417,539264.417,,,5.107
600782,新钢股份,普钢,江西,19961225,600782.SH,20141013,3.88,3.9,3.82,3.86,3.9,-0.04,-1.03,124560.47,48084.5,0.8939,4.2347,1.09,49.0763,16.9573,0.7063,0.1596,0.1628,0.0,,139344.8106,139344.8106,29414.3206,537870.9689,537870.9689,4.1,3.36,5.107
600782,新钢股份,普钢,江西,19961225,600782.SH,20141010,3.9,3.97,3.88,3.9,3.9,0.0,0.0,113143.03,44214.173,0.812,3.8465,1.02,49.5848,17.1331,0.7136,0.1612,0.1645,0.0,,139344.8106,139344.8106,29414.3206,543444.7613,543444.7613,4.13,3.38,5.107
600782,新钢股份,普钢,江西,19961225,600782.SH,20141009,3.95,3.95,3.88,3.9,3.94,-0.04,-1.02,120666.12,47056.569,0.866,4.1023,1.23,49.5848,17.1331,0.7136,0.1612,0.1645,0.0,,139344.8106,139344.8106,29414.3206,543444.7613,543444.7613,4.18,3.42,5.107
600782,新钢股份,普钢,江西,19961225,600782.SH,20141008,3.94,3.96,3.89,3.94,3.94,0.0,0.0,85019.78,33306.875,0.6101,2.8904,0.89,50.0934,17.3088,0.7209,0.1629,0.1661,0.0,,139344.8106,139344.8106,29414.3206,549018.5538,549018.5538,4.16,3.4,5.107
600782,新钢股份,普钢,江西,19961225,600782.SH,20140930,3.97,3.97,3.88,3.94,3.93,0.01,0.25,109920.56,43091.096,0.7888,3.737,1.32,50.0934,17.3088,0.7209,0.1629,0.1661,0.0,,139344.8106,139344.8106,29414.3206,549018.5538,549018.5538,,,5.107
600782,新钢股份,普钢,江西,19961225,600782.SH,20140929,3.95,3.98,3.9,3.93,3.93,0.0,0.0,140354.15,55184.918,1.0072,4.7716,1.97,49.9662,17.2648,0.7191,0.1624,0.1657,0.0,,139344.8106,139344.8106,29414.3206,547625.1057,547625.1057,,,5.107
600782,新钢股份,普钢,江西,19961225,600782.SH,20140926,3.92,3.97,3.88,3.93,3.92,0.01,0.26,99649.83,39103.808,0.7151,3.3878,1.25,49.9662,17.2648,0.7191,0.1624,0.1657,0.0,,139344.8106,139344.8106,29414.3206,547625.1057,547625.1057,4.26,3.48,5.107
600782,新钢股份,普钢,江西,19961225,600782.SH,20140925,3.92,3.96,3.89,3.92,3.93,-0.01,-0.25,56445.38,22202.041,0.4051,1.919,0.62,49.8391,17.2209,0.7172,0.162,0.1653,0.0,,139344.8106,139344.8106,29414.3206,546231.6576,546231.6576,,,5.107
600782,新钢股份,普钢,江西,19961225,600782.SH,20140924,3.88,3.95,3.88,3.93,3.9,0.03,0.77,73770.45,28901.427,0.5294,2.508,0.7,49.9662,17.2648,0.7191,0.1624,0.1657,0.0,,139344.8106,139344.8106,29414.3206,547625.1057,547625.1057,4.29,3.51,5.107
600782,新钢股份,普钢,江西,19961225,600782.SH,20140923,3.89,3.96,3.85,3.9,3.92,-0.02,-0.51,45370.92,17720.597,0.3256,1.5425,0.35,49.5848,17.1331,0.7136,0.1612,0.1645,0.0,,139344.8106,139344.8106,29414.3206,543444.7613,543444.7613,4.29,3.51,5.107
600782,新钢股份,普钢,江西,19961225,600782.SH,20140922,3.84,3.93,3.81,3.92,3.89,0.03,0.77,81376.22,31472.328,0.584,2.7666,0.6,49.8391,17.2209,0.7172,0.162,0.1653,0.0,,139344.8106,139344.8106,29414.3206,546231.6576,546231.6576,4.33,3.55,5.107
600782,新钢股份,普钢,江西,19961225,600782.SH,20140919,3.98,3.99,3.8,3.89,3.96,-0.07,-1.77,142622.4,55060.124,1.0235,4.8487,1.19,49.4577,17.0891,0.7118,0.1608,0.164,0.0,,139344.8106,139344.8106,29414.3206,542051.3132,542051.3132,4.33,3.55,5.107
600782,新钢股份,普钢,江西,19961225,600782.SH,20140918,3.99,4.1,3.86,3.96,3.97,-0.01,-0.25,112644.12,45007.017,0.8084,3.8296,0.95,50.3477,17.3966,0.7246,0.1637,0.167,0.0,,139344.8106,139344.8106,29414.3206,551805.45,551805.45,4.32,3.54,5.107
600782,新钢股份,普钢,江西,19961225,600782.SH,20140917,3.79,4.03,3.77,3.97,3.82,0.15,3.93,141431.06,55616.609,1.015,4.8082,1.2,50.4748,17.4406,0.7264,0.1641,0.1674,0.0,,139344.8106,139344.8106,29414.3206,553198.8981,553198.8981,,,5.107
600782,新钢股份,普钢,江西,19961225,600782.SH,20140916,3.87,4.08,3.77,3.82,3.8,0.02,0.53,166738.81,64710.677,1.1966,5.6686,1.51,48.5677,16.7816,0.699,0.1579,0.1611,0.0,,139344.8106,139344.8106,29414.3206,532297.1765,532297.1765,,,5.107
600782,新钢股份,普钢,江西,19961225,600782.SH,20140915,3.64,3.84,3.64,3.8,3.65,0.15,4.11,111994.85,42144.546,0.8037,3.8075,1.14,48.3134,16.6937,0.6953,0.1571,0.1602,0.0,,139344.8106,139344.8106,29414.3206,529510.2803,529510.2803,,,5.107
600782,新钢股份,普钢,江西,19961225,600782.SH,20140912,3.59,3.67,3.56,3.65,3.61,0.04,1.11,64030.7,23194.685,0.4595,2.1769,0.67,46.4063,16.0348,0.6678,0.1509,0.1539,0.0,,139344.8106,139344.8106,29414.3206,508608.5587,508608.5587,4.29,3.51,5.107
600782,新钢股份,普钢,江西,19961225,600782.SH,20140911,3.74,3.77,3.58,3.61,3.73,-0.12,-3.22,106711.22,39085.027,0.7658,3.6279,1.24,45.8978,15.8591,0.6605,0.1492,0.1522,0.0,,139344.8106,139344.8106,29414.3206,503034.7663,503034.7663,,,5.107
600782,新钢股份,普钢,江西,19961225,600782.SH,20140910,3.59,3.88,3.55,3.73,3.62,0.11,3.04,139489.41,51814.621,1.001,4.7422,2.01,47.4234,16.3862,0.6825,0.1542,0.1573,0.0,,139344.8106,139344.8106,29414.3206,519756.1435,519756.1435,,,5.107
600782,新钢股份,普钢,江西,19961225,600782.SH,20140909,3.49,3.62,3.46,3.62,3.49,0.13,3.72,131169.67,46843.927,0.9413,4.4594,2.46,46.0249,15.903,0.6624,0.1496,0.1527,0.0,,139344.8106,139344.8106,29414.3206,504428.2144,504428.2144,,,5.107
600782,新钢股份,普钢,江西,19961225,600782.SH,20140905,3.5,3.54,3.43,3.49,3.5,-0.01,-0.29,49871.75,17347.24,0.3579,1.6955,1.0,44.3721,15.3319,0.6386,0.1443,0.1472,0.0,,139344.8106,139344.8106,29414.3206,486313.389,486313.389,,,5.107
600782,新钢股份,普钢,江西,19961225,600782.SH,20140904,3.47,3.52,3.45,3.5,3.48,0.02,0.57,47791.18,16632.175,0.343,1.6248,1.03,44.4992,15.3758,0.6404,0.1447,0.1476,0.0,,139344.8106,139344.8106,29414.3206,487706.8371,487706.8371,4.2,3.44,5.107
600782,新钢股份,普钢,江西,19961225,600782.SH,20140903,3.43,3.51,3.42,3.48,3.43,0.05,1.46,62892.46,21843.437,0.4513,2.1382,1.63,44.2449,15.288,0.6367,0.1438,0.1467,0.0,,139344.8106,139344.8106,29414.3206,484919.9409,484919.9409,,,5.107
600782,新钢股份,普钢,江西,19961225,600782.SH,20140902,3.38,3.43,3.37,3.43,3.37,0.06,1.78,55877.72,19051.305,0.401,1.8997,1.52,43.6092,15.0683,0.6276,0.1418,0.1446,0.0,,139344.8106,139344.8106,29414.3206,477952.7004,477952.7004,4.02,3.29,5.107
600782,新钢股份,普钢,江西,19961225,600782.SH,20140901,3.34,3.4,3.31,3.37,3.35,0.02,0.6,49639.18,16669.463,0.3562,1.6876,1.26,42.8464,14.8047,0.6166,0.1393,0.1421,0.0,,139344.8106,139344.8106,29414.3206,469592.0117,469592.0117,3.97,3.25,5.107
600782,新钢股份,普钢,江西,19961225,600782.SH,20140829,3.28,3.36,3.28,3.35,3.29,0.06,1.82,33029.73,10919.105,0.237,1.1229,0.73,42.5921,22.9354,0.6132,0.1385,0.139,0.0,,139344.8106,139344.8106,29414.3206,466805.1155,466805.1155,,,5.107
600782,新钢股份,普钢,江西,19961225,600782.SH,20140828,3.32,3.35,3.28,3.29,3.31,-0.02,-0.6,30551.29,10117.304,0.2192,1.0387,0.66,41.8293,22.5246,0.6022,0.136,0.1365,0.0,,139344.8106,139344.8106,29414.3206,458444.4269,458444.4269,3.98,3.26,5.107
600782,新钢股份,普钢,江西,19961225,600782.SH,20140827,3.31,3.35,3.29,3.31,3.3,0.01,0.3,24135.75,7989.675,0.1732,0.8205,0.45,42.0835,22.6615,0.6059,0.1368,0.1373,0.0,,139344.8106,139344.8106,29414.3206,461231.3231,461231.3231,,,5.107
600782,新钢股份,普钢,江西,19961225,600782.SH,20140826,3.38,3.42,3.27,3.3,3.39,-0.09,-2.65,45925.75,15374.981,0.3296,1.5613,0.73,41.9564,22.5931,0.6041,0.1364,0.1369,0.0,,139344.8106,139344.8106,29414.3206,459837.875,459837.875,,,5.107
600782,新钢股份,普钢,江西,19961225,600782.SH,20140825,3.43,3.44,3.33,3.39,3.42,-0.03,-0.88,63103.82,21426.216,0.4529,2.1453,1.05,43.1007,23.2093,0.6205,0.1401,0.1407,0.0,,139344.8106,139344.8106,29414.3206,472378.9079,472378.9079,,,5.107
600782,新钢股份,普钢,江西,19961225,600782.SH,20140822,3.38,3.48,3.37,3.42,3.38,0.04,1.18,63479.76,21691.691,0.4556,2.1581,1.09,43.4821,23.4146,0.626,0.1414,0.1419,0.0,,139344.8106,139344.8106,29414.3206,476559.2523,476559.2523,3.77,3.09,5.107
600782,新钢股份,普钢,江西,19961225,600782.SH,20140821,3.4,3.41,3.33,3.38,3.39,-0.01,-0.3,36378.82,12261.229,0.2611,1.2368,0.56,42.9735,23.1408,0.6187,0.1397,0.1402,0.0,,139344.8106,139344.8106,29414.3206,470985.4598,470985.4598,3.71,3.03,5.107
600782,新钢股份,普钢,江西,19961225,600782.SH,20140820,3.4,3.46,3.37,3.39,3.41,-0.02,-0.59,61532.69,20978.505,0.4416,2.0919,0.99,43.1007,23.2093,0.6205,0.1401,0.1407,0.0,,139344.8106,139344.8106,29414.3206,472378.9079,472378.9079,,,5.107
600782,新钢股份,普钢,江西,19961225,600782.SH,20140819,3.36,3.42,3.33,3.41,3.39,0.02,0.59,89212.03,30161.705,0.6402,3.0329,1.71,43.3549,23.3462,0.6242,0.141,0.1415,0.0,,139344.8106,139344.8106,29414.3206,475165.8041,475165.8041,,,5.107
600782,新钢股份,普钢,江西,19961225,600782.SH,20140818,3.35,3.39,3.34,3.39,3.36,0.03,0.89,50478.62,16996.004,0.3623,1.7161,0.97,43.1007,23.2093,0.6205,0.1401,0.1407,0.0,,139344.8106,139344.8106,29414.3206,472378.9079,472378.9079,,,5.107
600782,新钢股份,普钢,江西,19961225,600782.SH,20140815,3.3,3.37,3.29,3.36,3.32,0.04,1.2,53299.94,17791.886,0.3825,1.812,0.98,42.7192,23.0039,0.615,0.1389,0.1394,0.0,,139344.8106,139344.8106,29414.3206,468198.5636,468198.5636,3.63,2.97,5.107
600782,新钢股份,普钢,江西,19961225,600782.SH,20140814,3.33,3.36,3.28,3.32,3.33,-0.01,-0.3,69533.16,23179.307,0.499,2.3639,1.18,42.2107,22.73,0.6077,0.1372,0.1378,0.0,,139344.8106,139344.8106,29414.3206,462624.7712,462624.7712,,,5.107
600782,新钢股份,普钢,江西,19961225,600782.SH,20140813,3.31,3.35,3.26,3.33,3.32,0.01,0.3,48900.64,16154.376,0.3509,1.6625,0.73,42.3378,22.7985,0.6096,0.1376,0.1382,0.0,,139344.8106,139344.8106,29414.3206,464018.2193,464018.2193,,,5.107
600782,新钢股份,普钢,江西,19961225,600782.SH,20140812,3.35,3.35,3.3,3.32,3.35,-0.03,-0.9,39301.41,13030.982,0.282,1.3361,0.48,42.2107,22.73,0.6077,0.1372,0.1378,0.0,,139344.8106,139344.8106,29414.3206,462624.7712,462624.7712,3.72,3.04,5.107
600782,新钢股份,普钢,江西,19961225,600782.SH,20140811,3.33,3.36,3.31,3.35,3.3,0.05,1.52,48559.61,16221.627,0.3485,1.6509,0.5,42.5921,22.9354,0.6132,0.1385,0.139,0.0,,139344.8106,139344.8106,29414.3206,466805.1155,466805.1155,,,5.107
600782,新钢股份,普钢,江西,19961225,600782.SH,20140808,3.33,3.37,3.29,3.3,3.36,-0.06,-1.79,66516.81,22111.74,0.4774,2.2614,0.52,41.9564,22.5931,0.6041,0.1364,0.1369,0.0,,139344.8106,139344.8106,29414.3206,459837.875,459837.875,3.75,3.07,5.107
600782,新钢股份,普钢,江西,19961225,600782.SH,20140807,3.42,3.48,3.36,3.36,3.42,-0.06,-1.75,90168.37,30730.294,0.6471,3.0655,0.67,42.7192,23.0039,0.615,0.1389,0.1394,0.0,,139344.8106,139344.8106,29414.3206,468198.5636,468198.5636,3.73,3.05,5.107
600782,新钢股份,普钢,江西,19961225,600782.SH,20140806,3.38,3.48,3.31,3.42,3.42,0.0,0.0,90055.57,30529.028,0.6463,3.0616,0.6,43.4821,23.4146,0.626,0.1414,0.1419,0.0,,139344.8106,139344.8106,29414.3206,476559.2523,476559.2523,,,5.107
600782,新钢股份,普钢,江西,19961225,600782.SH,20140805,3.38,3.52,3.34,3.42,3.4,0.02,0.59,118148.55,40655.358,0.8479,4.0167,0.77,43.4821,23.4146,0.626,0.1414,0.1419,0.0,,139344.8106,139344.8106,29414.3206,476559.2523,476559.2523,,,5.107
600782,新钢股份,普钢,江西,19961225,600782.SH,20140804,3.31,3.42,3.27,3.4,3.35,0.05,1.49,122964.45,41311.85,0.8824,4.1804,0.7,43.2278,23.2777,0.6224,0.1405,0.1411,0.0,,139344.8106,139344.8106,29414.3206,473772.356,473772.356,3.66,3.0,5.107
600782,新钢股份,普钢,江西,19961225,600782.SH,20140801,3.26,3.45,3.23,3.35,3.26,0.09,2.76,213930.93,71679.666,1.5353,7.273,1.28,42.5921,22.9354,0.6132,0.1385,0.139,0.0,,139344.8106,139344.8106,29414.3206,466805.1155,466805.1155,,,5.107
600782,新钢股份,普钢,江西,19961225,600782.SH,20140731,3.27,3.29,3.19,3.26,3.3,-0.04,-1.21,131746.9,42548.526,0.9455,4.479,0.81,41.4478,22.3192,0.5967,0.1348,0.1353,0.0,,139344.8106,139344.8106,29414.3206,454264.0826,454264.0826,,,5.107
600782,新钢股份,普钢,江西,19961225,600782.SH,20140730,3.24,3.37,3.22,3.3,3.25,0.05,1.54,159662.32,52660.757,1.1458,5.428,1.14,41.9564,22.5931,0.6041,0.1364,0.1369,0.0,,139344.8106,139344.8106,29414.3206,459837.875,459837.875,3.63,2.97,5.107
600782,新钢股份,普钢,江西,19961225,600782.SH,20140729,3.24,3.28,3.2,3.25,3.29,-0.04,-1.22,136886.35,44259.015,0.9824,4.6537,1.14,41.3207,22.2508,0.5949,0.1343,0.1349,0.0,,139344.8106,139344.8106,29414.3206,452870.6345,452870.6345,,,5.107
600782,新钢股份,普钢,江西,19961225,600782.SH,20140728,3.35,3.53,3.24,3.29,3.31,-0.02,-0.6,241956.5,80335.904,1.7364,8.2258,3.06,41.8293,22.5246,0.6022,0.136,0.1365,0.0,,139344.8106,139344.8106,29414.3206,458444.4269,458444.4269,,,5.107
600782,新钢股份,普钢,江西,19961225,600782.SH,20140725,3.01,3.31,3.01,3.31,3.01,0.3,9.97,167498.43,54605.163,1.202,5.6945,3.04,42.0835,22.6615,0.6059,0.1368,0.1373,0.0,,139344.8106,139344.8106,29414.3206,461231.3231,461231.3231,,,5.107
600782,新钢股份,普钢,江西,19961225,600782.SH,20140724,2.93,3.1,2.92,3.01,2.92,0.09,3.08,102597.16,31010.471,0.7363,3.488,2.3,38.2693,20.6076,0.551,0.1244,0.1249,0.0,,139344.8106,139344.8106,29414.3206,419427.8799,419427.8799,,,5.107
600782,新钢股份,普钢,江西,19961225,600782.SH,20140723,2.89,2.93,2.88,2.92,2.89,0.03,1.04,51613.31,14997.412,0.3704,1.7547,1.23,37.1251,19.9915,0.5345,0.1207,0.1212,0.0,,139344.8106,139344.8106,29414.3206,406886.847,406886.847,,,5.107
600782,新钢股份,普钢,江西,19961225,600782.SH,20140722,2.86,2.91,2.85,2.89,2.87,0.02,0.7,38480.13,11109.854,0.2762,1.3082,0.82,36.7436,19.7861,0.529,0.1195,0.1199,0.0,,139344.8106,139344.8106,29414.3206,402706.5026,402706.5026,,,5.107
600782,新钢股份,普钢,江西,19961225,600782.SH,20140721,2.91,2.91,2.85,2.87,2.9,-0.03,-1.03,35480.99,10206.796,0.2546,1.2062,0.75,36.4893,19.6491,0.5254,0.1186,0.1191,0.0,,139344.8106,139344.8106,29414.3206,399919.6064,399919.6064,,,5.107
600782,新钢股份,普钢,江西,19961225,600782.SH,20140718,2.89,2.94,2.86,2.9,2.93,-0.03,-1.02,46900.29,13607.335,0.3366,1.5945,0.96,36.8708,19.8545,0.5308,0.1199,0.1203,0.0,,139344.8106,139344.8106,29414.3206,404099.9507,404099.9507,,,5.107
600782,新钢股份,普钢,江西,19961225,600782.SH,20140717,2.84,2.95,2.81,2.93,2.85,0.08,2.81,50483.39,14475.376,0.3623,1.7163,1.18,37.2522,20.0599,0.5363,0.1211,0.1216,0.0,,139344.8106,139344.8106,29414.3206,408280.2951,408280.2951,,,5.107
600782,新钢股份,普钢,江西,19961225,600782.SH,20140716,2.88,2.9,2.84,2.85,2.88,-0.03,-1.04,38861.88,11141.214,0.2789,1.3212,0.95,36.2351,19.5122,0.5217,0.1178,0.1183,0.0,,139344.8106,139344.8106,29414.3206,397132.7102,397132.7102,,,5.107
600782,新钢股份,普钢,江西,19961225,600782.SH,20140715,2.82,2.89,2.81,2.88,2.82,0.06,2.13,62532.43,17869.255,0.4488,2.1259,1.9,36.6165,19.7176,0.5272,0.119,0.1195,0.0,,139344.8106,139344.8106,29414.3206,401313.0545,401313.0545,,,5.107
600782,新钢股份,普钢,江西,19961225,600782.SH,20140714,2.79,2.83,2.78,2.82,2.79,0.03,1.08,38866.88,10914.227,0.2789,1.3214,1.24,35.8536,19.3068,0.5162,0.1166,0.117,0.0,,139344.8106,139344.8106,29414.3206,392952.3659,392952.3659,,,5.107
600782,新钢股份,普钢,江西,19961225,600782.SH,20140711,2.76,2.82,2.74,2.79,2.76,0.03,1.09,52417.93,14647.986,0.3762,1.7821,1.96,35.4722,19.1014,0.5107,0.1153,0.1158,0.0,,139344.8106,139344.8106,29414.3206,388772.0216,388772.0216,,,5.107
600782,新钢股份,普钢,江西,19961225,600782.SH,20140710,2.76,2.77,2.73,2.76,2.74,0.02,0.73,21709.37,5969.729,0.1558,0.7381,0.69,35.0908,18.896,0.5052,0.1141,0.1145,0.0,,139344.8106,139344.8106,29414.3206,384591.6773,384591.6773,,,5.107
600782,新钢股份,普钢,江西,19961225,600782.SH,20140709,2.77,2.79,2.73,2.74,2.78,-0.04,-1.44,29086.0,8043.335,0.2087,0.9888,0.88,34.8365,18.7591,0.5016,0.1133,0.1137,0.0,,139344.8106,139344.8106,29414.3206,381804.781,381804.781,,,5.107
600782,新钢股份,普钢,江西,19961225,600782.SH,20140708,2.77,2.78,2.74,2.78,2.77,0.01,0.36,22334.48,6163.209,0.1603,0.7593,0.59,35.3451,19.033,0.5089,0.1149,0.1154,0.0,,139344.8106,139344.8106,29414.3206,387378.5735,387378.5735,,,5.107
600782,新钢股份,普钢,江西,19961225,600782.SH,20140707,2.78,2.79,2.74,2.77,2.78,-0.01,-0.36,31023.88,8566.264,0.2226,1.0547,0.76,35.2179,18.9645,0.507,0.1145,0.1149,0.0,,139344.8106,139344.8106,29414.3206,385985.1254,385985.1254,,,5.107
600782,新钢股份,普钢,江西,19961225,600782.SH,20140704,2.8,2.81,2.76,2.78,2.8,-0.02,-0.71,29583.71,8235.475,0.2123,1.0058,0.64,35.3451,19.033,0.5089,0.1149,0.1154,0.0,,139344.8106,139344.8106,29414.3206,387378.5735,387378.5735,,,5.107
600782,新钢股份,普钢,江西,19961225,600782.SH,20140703,2.78,2.81,2.75,2.8,2.77,0.03,1.08,45060.78,12532.566,0.3234,1.5319,1.02,35.5994,19.1699,0.5125,0.1157,0.1162,0.0,,139344.8106,139344.8106,29414.3206,390165.4697,390165.4697,,,5.107
600782,新钢股份,普钢,江西,19961225,600782.SH,20140702,2.77,2.8,2.75,2.77,2.77,0.0,0.0,37434.63,10402.573,0.2686,1.2727,0.92,35.2179,18.9645,0.507,0.1145,0.1149,0.0,,139344.8106,139344.8106,29414.3206,385985.1254,385985.1254,3.07,2.51,5.107
600782,新钢股份,普钢,江西,19961225,600782.SH,20140701,2.74,2.79,2.72,2.77,2.74,0.03,1.09,44683.96,12346.735,0.3207,1.5191,1.11,35.2179,18.9645,0.507,0.1145,0.1149,0.0,,139344.8106,139344.8106,29414.3206,385985.1254,385985.1254,3.04,2.48,5.107
600782,新钢股份,普钢,江西,19961225,600782.SH,20140630,2.76,2.78,2.74,2.74,2.73,0.01,0.37,46619.66,12857.656,0.3346,1.5849,1.21,34.8365,18.7591,0.5016,0.1133,0.1137,0.0,,139344.8106,139344.8106,29414.3206,381804.781,381804.781,3.01,2.47,5.107
600782,新钢股份,普钢,江西,19961225,600782.SH,20140627,2.69,2.75,2.68,2.73,2.7,0.03,1.11,58512.32,15982.16,0.4199,1.9892,1.8,34.7094,18.6906,0.4997,0.1128,0.1133,0.0,,139344.8106,139344.8106,29414.3206,380411.3329,380411.3329,,,5.107
600782,新钢股份,普钢,江西,19961225,600782.SH,20140626,2.67,2.72,2.66,2.7,2.67,0.03,1.12,32796.85,8825.802,0.2354,1.115,0.92,34.328,18.4852,0.4942,0.1116,0.112,0.0,,139344.8106,139344.8106,29414.3206,376230.9886,376230.9886,,,5.107
600782,新钢股份,普钢,江西,19961225,600782.SH,20140625,2.66,2.67,2.64,2.67,2.67,0.0,0.0,21904.2,5823.636,0.1572,0.7447,0.58,33.9465,18.2799,0.4887,0.1104,0.1108,0.0,,139344.8106,139344.8106,29414.3206,372050.6443,372050.6443,,,5.107
600782,新钢股份,普钢,江西,19961225,600782.SH,20140624,2.67,2.67,2.64,2.67,2.67,0.0,0.0,40733.26,10798.811,0.2923,1.3848,0.99,33.9465,18.2799,0.4887,0.1104,0.1108,0.0,,139344.8106,139344.8106,29414.3206,372050.6443,372050.6443,,,5.107
600782,新钢股份,普钢,江西,19961225,600782.SH,20140623,2.64,2.68,2.63,2.67,2.64,0.03,1.14,39037.88,10349.368,0.2802,1.3272,0.99,33.9465,18.2799,0.4887,0.1104,0.1108,0.0,,139344.8106,139344.8106,29414.3206,372050.6443,372050.6443,,,5.107
600782,新钢股份,普钢,江西,19961225,600782.SH,20140620,2.61,2.64,2.6,2.64,2.62,0.02,0.76,28147.04,7370.286,0.202,0.9569,0.69,33.5651,18.0745,0.4833,0.1091,0.1095,0.0,,139344.8106,139344.8106,29414.3206,367870.3,367870.3,,,5.107
600782,新钢股份,普钢,江西,19961225,600782.SH,20140619,2.7,2.71,2.61,2.62,2.69,-0.07,-2.6,48375.64,12845.253,0.3472,1.6446,1.19,33.3108,17.9375,0.4796,0.1083,0.1087,0.0,,139344.8106,139344.8106,29414.3206,365083.4038,365083.4038,3.01,2.47,5.107
600782,新钢股份,普钢,江西,19961225,600782.SH,20140618,2.7,2.71,2.67,2.69,2.7,-0.01,-0.37,31141.1,8378.195,0.2235,1.0587,0.71,34.2008,18.4168,0.4924,0.1112,0.1116,0.0,,139344.8106,139344.8106,29414.3206,374837.5405,374837.5405,3.0,2.46,5.107
600782,新钢股份,普钢,江西,19961225,600782.SH,20140617,2.75,2.75,2.68,2.7,2.76,-0.06,-2.17,58672.16,15903.104,0.4211,1.9947,1.42,34.328,18.4852,0.4942,0.1116,0.112,0.0,,139344.8106,139344.8106,29414.3206,376230.9886,376230.9886,,,5.107
600782,新钢股份,普钢,江西,19961225,600782.SH,20140616,2.74,2.77,2.73,2.76,2.75,0.01,0.36,31522.25,8666.719,0.2262,1.0717,0.72,35.0908,18.896,0.5052,0.1141,0.1145,0.0,,139344.8106,139344.8106,29414.3206,384591.6773,384591.6773,,,5.107
600782,新钢股份,普钢,江西,19961225,600782.SH,20140613,2.75,2.76,2.72,2.75,2.75,0.0,0.0,35087.81,9614.633,0.2518,1.1929,0.68,34.9637,18.8276,0.5034,0.1137,0.1141,0.0,,139344.8106,139344.8106,29414.3206,383198.2292,383198.2292,,,5.107
600782,新钢股份,普钢,江西,19961225,600782.SH,20140612,2.74,2.77,2.71,2.75,2.75,0.0,0.0,47488.2,13018.397,0.3408,1.6145,0.78,34.9637,18.8276,0.5034,0.1137,0.1141,0.0,,139344.8106,139344.8106,29414.3206,383198.2292,383198.2292,,,5.107
600782,新钢股份,普钢,江西,19961225,600782.SH,20140611,2.74,2.76,2.71,2.75,2.74,0.01,0.37,46030.64,12561.094,0.3303,1.5649,0.61,34.9637,18.8276,0.5034,0.1137,0.1141,0.0,,139344.8106,139344.8106,29414.3206,383198.2292,383198.2292,2.9,2.38,5.107
600782,新钢股份,普钢,江西,19961225,600782.SH,20140610,2.72,2.75,2.7,2.74,2.73,0.01,0.37,46988.34,12815.392,0.3372,1.5975,0.47,34.8365,18.7591,0.5016,0.1133,0.1137,0.0,,139344.8106,139344.8106,29414.3206,381804.781,381804.781,2.88,2.36,5.107
600782,新钢股份,普钢,江西,19961225,600782.SH,20140609,2.74,2.75,2.71,2.73,2.75,-0.02,-0.73,42667.72,11658.215,0.3062,1.4506,0.33,34.7094,18.6906,0.4997,0.1128,0.1133,0.0,,139344.8106,139344.8106,29414.3206,380411.3329,380411.3329,,,5.107
600782,新钢股份,普钢,江西,19961225,600782.SH,20140606,2.79,2.8,2.73,2.75,2.8,-0.05,-1.79,73789.6,20327.508,0.5295,2.5086,0.59,34.9637,18.8276,0.5034,0.1137,0.1141,0.0,,139344.8106,139344.8106,29414.3206,383198.2292,383198.2292,2.97,2.43,5.107
600782,新钢股份,普钢,江西,19961225,600782.SH,20140605,2.85,2.86,2.77,2.8,2.85,-0.05,-1.75,94950.47,26636.205,0.6814,3.228,0.85,35.5994,19.1699,0.5125,0.1157,0.1162,0.0,,139344.8106,139344.8106,29414.3206,390165.4697,390165.4697,3.04,2.48,5.107
600782,新钢股份,普钢,江西,19961225,600782.SH,20140604,2.96,2.99,2.83,2.85,3.07,-0.22,-7.17,121809.08,35347.968,0.8742,4.1411,1.3,36.2351,19.5122,0.5217,0.1178,0.1183,0.0,,139344.8106,139344.8106,29414.3206,397132.7102,397132.7102,,,5.107
600782,新钢股份,普钢,江西,19961225,600782.SH,20140603,2.95,3.15,2.95,3.07,3.28,-0.21,-6.4,163045.06,48892.59,1.1701,5.5431,2.34,39.0322,21.0184,0.562,0.1269,0.1274,0.0,,139344.8106,139344.8106,29414.3206,427788.5685,427788.5685,,,5.107
600782,新钢股份,普钢,江西,19961225,600782.SH,20140212,3.01,3.31,3.0,3.28,3.01,0.27,8.97,183239.71,58968.021,1.315,6.2296,5.11,,,0.6218,0.1283,0.1348,,,139344.8106,139344.8106,29414.3206,457050.9788,457050.9788,,,5.107
600782,新钢股份,普钢,江西,19961225,600782.SH,20140211,2.91,3.03,2.89,3.01,2.92,0.09,3.08,61917.32,18362.246,0.4443,2.105,2.28,,,0.5706,0.1178,0.1237,,,139344.8106,139344.8106,29414.3206,419427.8799,419427.8799,,,5.107
600782,新钢股份,普钢,江西,19961225,600782.SH,20140210,2.85,2.93,2.84,2.92,2.86,0.06,2.1,27550.11,7972.728,0.1977,0.9366,1.06,,,0.5535,0.1142,0.12,,,139344.8106,139344.8106,29414.3206,406886.847,406886.847,3.0,2.46,5.107
600782,新钢股份,普钢,江西,19961225,600782.SH,20140207,2.81,2.88,2.79,2.86,2.89,-0.03,-1.04,31527.53,8869.441,0.2263,1.0718,1.14,,,0.5422,0.1119,0.1175,,,139344.8106,139344.8106,29414.3206,398526.1583,398526.1583,3.03,2.48,5.107
600782,新钢股份,普钢,江西,19961225,600782.SH,20140130,2.82,3.02,2.82,2.89,2.81,0.08,2.85,44559.1,12962.131,0.3198,1.5149,2.0,,,0.5479,0.1131,0.1188,,,139344.8106,139344.8106,29414.3206,402706.5026,402706.5026,3.08,2.52,5.107
600782,新钢股份,普钢,江西,19961225,600782.SH,20140129,2.8,2.85,2.79,2.81,2.8,0.01,0.36,13874.59,3918.674,0.0996,0.4717,0.6,,,0.5327,0.1099,0.1155,,,139344.8106,139344.8106,29414.3206,391558.9178,391558.9178,,,5.107
600782,新钢股份,普钢,江西,19961225,600782.SH,20140128,2.79,2.84,2.76,2.8,2.77,0.03,1.08,18300.3,5158.61,0.1313,0.6222,0.75,,,0.5308,0.1095,0.1151,,,139344.8106,139344.8106,29414.3206,390165.4697,390165.4697,,,5.107
600782,新钢股份,普钢,江西,19961225,600782.SH,20140127,2.8,2.82,2.76,2.77,2.83,-0.06,-2.12,21272.09,5939.934,0.1527,0.7232,0.95,,,0.5251,0.1084,0.1138,,,139344.8106,139344.8106,29414.3206,385985.1254,385985.1254,,,5.107
600782,新钢股份,普钢,江西,19961225,600782.SH,20140124,2.78,2.89,2.78,2.83,2.75,0.08,2.91,39721.24,11230.017,0.2851,1.3504,1.84,,,0.5365,0.1107,0.1163,,,139344.8106,139344.8106,29414.3206,394345.814,394345.814,,,5.107
600782,新钢股份,普钢,江西,19961225,600782.SH,20140123,2.77,2.78,2.72,2.75,2.76,-0.01,-0.36,18131.51,4968.393,0.1301,0.6164,0.9,,,0.5213,0.1076,0.113,,,139344.8106,139344.8106,29414.3206,383198.2292,383198.2292,,,5.107
600782,新钢股份,普钢,江西,19961225,600782.SH,20140122,2.7,2.77,2.69,2.76,2.71,0.05,1.85,18918.84,5194.649,0.1358,0.6432,1.04,,,0.5232,0.108,0.1134,,,139344.8106,139344.8106,29414.3206,384591.6773,384591.6773,,,5.107
600782,新钢股份,普钢,江西,19961225,600782.SH,20140121,2.66,2.71,2.64,2.71,2.67,0.04,1.5,24732.22,6601.84,0.1775,0.8408,1.49,,,0.5137,0.106,0.1114,,,139344.8106,139344.8106,29414.3206,377624.4367,377624.4367,,,5.107
600782,新钢股份,普钢,江西,19961225,600782.SH,20140120,2.66,2.69,2.65,2.67,2.69,-0.02,-0.74,10022.45,2676.596,0.0719,0.3407,0.57,,,0.5062,0.1045,0.1097,,,139344.8106,139344.8106,29414.3206,372050.6443,372050.6443,,,5.107
600782,新钢股份,普钢,江西,19961225,600782.SH,20140117,2.77,2.77,2.69,2.69,2.79,-0.1,-3.58,35870.67,9722.16,0.2574,1.2195,2.57,,,0.5099,0.1052,0.1105,,,139344.8106,139344.8106,29414.3206,374837.5405,374837.5405,,,5.107
600782,新钢股份,普钢,江西,19961225,600782.SH,20140116,2.77,2.8,2.76,2.79,2.77,0.02,0.72,11711.45,3252.216,0.084,0.3982,0.73,,,0.5289,0.1092,0.1147,,,139344.8106,139344.8106,29414.3206,388772.0216,388772.0216,,,5.107
600782,新钢股份,普钢,江西,19961225,600782.SH,20140115,2.78,2.8,2.76,2.77,2.79,-0.02,-0.72,8477.19,2351.984,0.0608,0.2882,0.47,,,0.5251,0.1084,0.1138,,,139344.8106,139344.8106,29414.3206,385985.1254,385985.1254,,,5.107
600782,新钢股份,普钢,江西,19961225,600782.SH,20140114,2.75,2.79,2.73,2.79,2.77,0.02,0.72,17146.08,4739.885,0.123,0.5829,1.05,,,0.5289,0.1092,0.1147,,,139344.8106,139344.8106,29414.3206,388772.0216,388772.0216,,,5.107
600782,新钢股份,普钢,江西,19961225,600782.SH,20140113,2.78,2.8,2.75,2.77,2.78,-0.01,-0.36,14683.08,4068.097,0.1054,0.4992,0.89,,,0.5251,0.1084,0.1138,,,139344.8106,139344.8106,29414.3206,385985.1254,385985.1254,,,5.107
600782,新钢股份,普钢,江西,19961225,600782.SH,20140110,2.84,2.87,2.75,2.78,2.84,-0.06,-2.11,17856.41,4979.11,0.1281,0.6071,1.14,,,0.527,0.1088,0.1142,,,139344.8106,139344.8106,29414.3206,387378.5735,387378.5735,,,5.107
600782,新钢股份,普钢,江西,19961225,600782.SH,20140109,2.9,2.93,2.83,2.84,2.9,-0.06,-2.07,21821.54,6299.735,0.1566,0.7419,1.65,,,0.5384,0.1111,0.1167,,,139344.8106,139344.8106,29414.3206,395739.2621,395739.2621,,,5.107
600782,新钢股份,普钢,江西,19961225,600782.SH,20140108,2.94,2.99,2.89,2.9,2.96,-0.06,-2.03,18793.47,5498.969,0.1349,0.6389,1.62,,,0.5498,0.1135,0.1192,,,139344.8106,139344.8106,29414.3206,404099.9507,404099.9507,,,5.107
600782,新钢股份,普钢,江西,19961225,600782.SH,20140107,2.93,2.96,2.9,2.96,2.95,0.01,0.34,8384.27,2463.723,0.0602,0.285,0.63,,,0.5611,0.1158,0.1216,,,139344.8106,139344.8106,29414.3206,412460.6394,412460.6394,,,5.107
600782,新钢股份,普钢,江西,19961225,600782.SH,20140106,3.03,3.06,2.94,2.95,3.04,-0.09,-2.96,15970.24,4751.312,0.1146,0.5429,1.38,,,0.5592,0.1154,0.1212,,,139344.8106,139344.8106,29414.3206,411067.1913,411067.1913,3.61,2.95,5.107
600782,新钢股份,普钢,江西,19961225,600782.SH,20140103,3.09,3.09,3.03,3.04,3.09,-0.05,-1.62,13039.69,3966.355,0.0936,0.4433,1.24,,,0.5763,0.1189,0.1249,,,139344.8106,139344.8106,29414.3206,423608.2242,423608.2242,,,5.107
600782,新钢股份,普钢,江西,19961225,600782.SH,20140102,3.11,3.11,3.06,3.09,3.1,-0.01,-0.32,9988.81,3080.271,0.0717,0.3396,1.01,,,0.5858,0.1209,0.127,,,139344.8106,139344.8106,29414.3206,430575.4648,430575.4648,,,5.107
600782,新钢股份,普钢,江西,19961225,600782.SH,20131231,3.1,3.12,3.06,3.1,3.1,0.0,0.0,10504.1,3243.79,0.0754,0.3571,1.07,,,0.5877,0.1213,0.1274,0.9677,,139344.8106,139344.8106,29414.3206,431968.9129,431968.9129,,,5.107
600782,新钢股份,普钢,江西,19961225,600782.SH,20131230,3.07,3.13,3.07,3.1,3.06,0.04,1.31,17369.27,5384.105,0.1246,0.5905,1.88,,,0.5877,0.1213,0.1274,0.9677,,139344.8106,139344.8106,29414.3206,431968.9129,431968.9129,,,5.107
600782,新钢股份,普钢,江西,19961225,600782.SH,20131227,3.04,3.07,3.02,3.06,3.03,0.03,0.99,6879.56,2098.378,0.0494,0.2339,0.57,,,0.5801,0.1197,0.1258,0.9804,,139344.8106,139344.8106,29414.3206,426395.1204,426395.1204,3.61,2.95,5.107
600782,新钢股份,普钢,江西,19961225,600782.SH,20131226,3.07,3.07,3.01,3.03,3.07,-0.04,-1.3,7849.0,2382.383,0.0563,0.2668,0.59,,,0.5744,0.1185,0.1245,0.9901,,139344.8106,139344.8106,29414.3206,422214.7761,422214.7761,,,5.107
600782,新钢股份,普钢,江西,19961225,600782.SH,20131225,3.06,3.09,3.04,3.07,3.07,0.0,0.0,6620.16,2028.8,0.0475,0.2251,0.48,,,0.582,0.1201,0.1262,0.9772,,139344.8106,139344.8106,29414.3206,427788.5685,427788.5685,,,5.107
600782,新钢股份,普钢,江西,19961225,600782.SH,20131224,3.06,3.08,3.03,3.07,3.05,0.02,0.66,10240.23,3130.559,0.0735,0.3481,0.69,,,0.582,0.1201,0.1262,0.9772,,139344.8106,139344.8106,29414.3206,427788.5685,427788.5685,,,5.107
600782,新钢股份,普钢,江西,19961225,600782.SH,20131223,3.08,3.08,3.0,3.05,3.06,-0.01,-0.33,14728.0,4470.272,0.1057,0.5007,0.81,,,0.5782,0.1193,0.1253,0.9836,,139344.8106,139344.8106,29414.3206,425001.6723,425001.6723,,,5.107
600782,新钢股份,普钢,江西,19961225,600782.SH,20131220,3.13,3.16,3.06,3.06,3.13,-0.07,-2.24,20392.0,6355.184,0.1463,0.6933,1.02,,,0.5801,0.1197,0.1258,0.9804,,139344.8106,139344.8106,29414.3206,426395.1204,426395.1204,,,5.107
600782,新钢股份,普钢,江西,19961225,600782.SH,20131219,3.16,3.18,3.12,3.13,3.15,-0.02,-0.63,14389.01,4530.96,0.1033,0.4892,0.65,,,0.5934,0.1225,0.1286,0.9585,,139344.8106,139344.8106,29414.3206,436149.2572,436149.2572,,,5.107
600782,新钢股份,普钢,江西,19961225,600782.SH,20131218,3.17,3.18,3.13,3.15,3.15,0.0,0.0,9705.1,3063.24,0.0696,0.3299,0.36,,,0.5971,0.1232,0.1295,0.9524,,139344.8106,139344.8106,29414.3206,438936.1534,438936.1534,,,5.107
600782,新钢股份,普钢,江西,19961225,600782.SH,20131217,3.19,3.2,3.12,3.15,3.18,-0.03,-0.94,14627.0,4615.014,0.105,0.4973,0.32,,,0.5971,0.1232,0.1295,0.9524,,139344.8106,139344.8106,29414.3206,438936.1534,438936.1534,,,5.107
600782,新钢股份,普钢,江西,19961225,600782.SH,20131216,3.26,3.28,3.16,3.18,3.25,-0.07,-2.15,32140.03,10348.815,0.2307,1.0927,0.74,,,0.6028,0.1244,0.1307,0.9434,,139344.8106,139344.8106,29414.3206,443116.4977,443116.4977,3.61,2.95,5.107
600782,新钢股份,普钢,江西,19961225,600782.SH,20131213,3.25,3.27,3.23,3.25,3.27,-0.02,-0.61,28656.14,9315.218,0.2056,0.9742,0.68,,,0.6161,0.1272,0.1336,0.9231,,139344.8106,139344.8106,29414.3206,452870.6345,452870.6345,3.61,2.95,5.107
600782,新钢股份,普钢,江西,19961225,600782.SH,20131212,3.29,3.29,3.25,3.27,3.31,-0.04,-1.21,24990.61,8178.039,0.1793,0.8496,0.54,,,0.6199,0.1279,0.1344,0.9174,,139344.8106,139344.8106,29414.3206,455657.5307,455657.5307,3.61,2.95,5.107
600782,新钢股份,普钢,江西,19961225,600782.SH,20131211,3.36,3.36,3.26,3.31,3.37,-0.06,-1.78,32564.0,10773.851,0.2337,1.1071,0.67,,,0.6275,0.1295,0.136,0.9063,,139344.8106,139344.8106,29414.3206,461231.3231,461231.3231,,,5.107
600782,新钢股份,普钢,江西,19961225,600782.SH,20131210,3.25,3.4,3.25,3.37,3.25,0.12,3.69,112154.96,37337.397,0.8049,3.8129,3.14,,,0.6388,0.1318,0.1385,0.8902,,139344.8106,139344.8106,29414.3206,469592.0117,469592.0117,3.61,2.95,5.107
600782,新钢股份,普钢,江西,19961225,600782.SH,20131209,3.27,3.29,3.25,3.25,3.26,-0.01,-0.31,19879.26,6483.865,0.1427,0.6758,0.5,,,0.6161,0.1272,0.1336,0.9231,,139344.8106,139344.8106,29414.3206,452870.6345,452870.6345,3.61,2.95,5.107
600782,新钢股份,普钢,江西,19961225,600782.SH,20131206,3.27,3.31,3.24,3.26,3.27,-0.01,-0.31,22299.38,7272.662,0.16,0.7581,0.56,,,0.618,0.1275,0.134,0.9202,,139344.8106,139344.8106,29414.3206,454264.0826,454264.0826,3.61,2.95,5.107
600782,新钢股份,普钢,江西,19961225,600782.SH,20131205,3.28,3.38,3.26,3.27,3.29,-0.02,-0.61,43586.3,14443.69,0.3128,1.4818,1.09,,,0.6199,0.1279,0.1344,0.9174,,139344.8106,139344.8106,29414.3206,455657.5307,455657.5307,3.61,2.95,5.107
600782,新钢股份,普钢,江西,19961225,600782.SH,20131204,3.22,3.31,3.18,3.29,3.2,0.09,2.81,46581.75,15238.46,0.3343,1.5836,1.24,,,0.6237,0.1287,0.1352,0.9118,,139344.8106,139344.8106,29414.3206,458444.4269,458444.4269,,,5.107
600782,新钢股份,普钢,江西,19961225,600782.SH,20131203,3.12,3.22,3.11,3.2,3.13,0.07,2.24,46441.69,14785.027,0.3333,1.5789,1.35,,,0.6066,0.1252,0.1315,0.9375,,139344.8106,139344.8106,29414.3206,445903.3939,445903.3939,,,5.107
600782,新钢股份,普钢,江西,19961225,600782.SH,20131202,3.2,3.23,3.11,3.13,3.26,-0.13,-3.99,39781.84,12591.536,0.2855,1.3525,1.08,,,0.5934,0.1225,0.1286,0.9585,,139344.8106,139344.8106,29414.3206,436149.2572,436149.2572,3.61,2.95,5.107
600782,新钢股份,普钢,江西,19961225,600782.SH,20131129,3.28,3.28,3.26,3.26,3.28,-0.02,-0.61,23965.84,7835.499,0.172,0.8148,0.66,,,0.618,0.1275,0.134,0.9202,,139344.8106,139344.8106,29414.3206,454264.0826,454264.0826,3.61,2.95,5.107
600782,新钢股份,普钢,江西,19961225,600782.SH,20131128,3.23,3.28,3.21,3.28,3.23,0.05,1.55,42977.19,14010.38,0.3084,1.4611,1.3,,,0.6218,0.1283,0.1348,0.9146,,139344.8106,139344.8106,29414.3206,457050.9788,457050.9788,,,5.107
600782,新钢股份,普钢,江西,19961225,600782.SH,20131127,3.22,3.24,3.17,3.23,3.22,0.01,0.31,35141.82,11318.746,0.2522,1.1947,1.11,,,0.6123,0.1264,0.1327,0.9288,,139344.8106,139344.8106,29414.3206,450083.7382,450083.7382,,,5.107
600782,新钢股份,普钢,江西,19961225,600782.SH,20131126,3.22,3.24,3.19,3.22,3.22,0.0,0.0,30295.84,9762.011,0.2174,1.03,0.81,,,0.6104,0.126,0.1323,0.9317,,139344.8106,139344.8106,29414.3206,448690.2901,448690.2901,,,5.107
600782,新钢股份,普钢,江西,19961225,600782.SH,20131125,3.17,3.22,3.15,3.22,3.17,0.05,1.58,52108.11,16676.078,0.374,1.7715,1.59,,,0.6104,0.126,0.1323,0.9317,,139344.8106,139344.8106,29414.3206,448690.2901,448690.2901,,,5.107
600782,新钢股份,普钢,江西,19961225,600782.SH,20131122,3.18,3.19,3.15,3.17,3.18,-0.01,-0.31,21388.7,6777.417,0.1535,0.7272,0.64,,,0.6009,0.124,0.1303,0.9464,,139344.8106,139344.8106,29414.3206,441723.0496,441723.0496,,,5.107
600782,新钢股份,普钢,江西,19961225,600782.SH,20131121,3.2,3.2,3.15,3.18,3.21,-0.03,-0.93,25858.59,8195.24,0.1856,0.8791,0.87,,,0.6028,0.1244,0.1307,0.9434,,139344.8106,139344.8106,29414.3206,443116.4977,443116.4977,,,5.107
600782,新钢股份,普钢,江西,19961225,600782.SH,20131120,3.18,3.22,3.16,3.21,3.19,0.02,0.63,29252.15,9313.923,0.2099,0.9945,1.05,,,0.6085,0.1256,0.1319,0.9346,,139344.8106,139344.8106,29414.3206,447296.842,447296.842,,,5.107
600782,新钢股份,普钢,江西,19961225,600782.SH,20131119,3.15,3.45,3.15,3.19,3.15,0.04,1.27,58010.46,18697.678,0.4163,1.9722,2.79,,,0.6047,0.1248,0.1311,0.9404,,139344.8106,139344.8106,29414.3206,444509.9458,444509.9458,,,5.107
600782,新钢股份,普钢,江西,19961225,600782.SH,20131118,3.1,3.15,3.09,3.15,3.1,0.05,1.61,29857.12,9345.369,0.2143,1.0151,1.69,,,0.5971,0.1232,0.1295,0.9524,,139344.8106,139344.8106,29414.3206,438936.1534,438936.1534,,,5.107
600782,新钢股份,普钢,江西,19961225,600782.SH,20131115,3.06,3.14,3.05,3.1,3.05,0.05,1.64,24313.9,7572.161,0.1745,0.8266,1.42,,,0.5877,0.1213,0.1274,0.9677,,139344.8106,139344.8106,29414.3206,431968.9129,431968.9129,,,5.107
600782,新钢股份,普钢,江西,19961225,600782.SH,20131114,3.08,3.08,3.03,3.05,3.07,-0.02,-0.6515,7222.59,2207.419,0.0518,0.2455,0.37,,,0.5782,0.1193,0.1253,0.9836,,139344.8106,139344.8106,29414.3206,425001.6723,425001.6723,,,5.107
600782,新钢股份,普钢,江西,19961225,600782.SH,20131113,3.12,3.12,3.06,3.07,3.13,-0.06,-1.92,19243.54,5928.657,0.1381,0.6542,0.89,,,0.582,0.1201,0.1262,0.9772,,139344.8106,139344.8106,29414.3206,427788.5685,427788.5685,,,5.107
600782,新钢股份,普钢,江西,19961225,600782.SH,20131112,3.07,3.14,3.05,3.13,3.07,0.06,1.95,23413.97,7247.943,0.168,0.796,1.04,,,0.5934,0.1225,0.1286,0.9585,,139344.8106,139344.8106,29414.3206,436149.2572,436149.2572,,,5.107
600782,新钢股份,普钢,江西,19961225,600782.SH,20131111,3.05,3.08,3.03,3.07,3.04,0.03,0.99,14380.6,4389.721,0.1032,0.4889,0.62,,,0.582,0.1201,0.1262,0.9772,,139344.8106,139344.8106,29414.3206,427788.5685,427788.5685,3.61,2.95,5.107
600782,新钢股份,普钢,江西,19961225,600782.SH,20131108,3.08,3.09,3.02,3.04,3.09,-0.05,-1.62,21507.73,6572.893,0.1543,0.7312,0.89,,,0.5763,0.1189,0.1249,0.9868,,139344.8106,139344.8106,29414.3206,423608.2242,423608.2242,,,5.107
600782,新钢股份,普钢,江西,19961225,600782.SH,20131107,3.13,3.15,3.09,3.09,3.14,-0.05,-1.59,18884.1,5881.399,0.1355,0.642,0.82,,,0.5858,0.1209,0.127,0.9709,,139344.8106,139344.8106,29414.3206,430575.4648,430575.4648,,,5.107
600782,新钢股份,普钢,江西,19961225,600782.SH,20131106,3.1,3.16,3.1,3.14,3.12,0.02,0.64,29992.96,9412.054,0.2152,1.0197,1.5,,,0.5952,0.1228,0.129,0.9554,,139344.8106,139344.8106,29414.3206,437542.7053,437542.7053,,,5.107
600782,新钢股份,普钢,江西,19961225,600782.SH,20131105,3.11,3.12,3.06,3.12,3.13,-0.01,-0.32,27577.61,8558.342,0.1979,0.9376,1.21,,,0.5915,0.1221,0.1282,0.9615,,139344.8106,139344.8106,29414.3206,434755.8091,434755.8091,,,5.107
600782,新钢股份,普钢,江西,19961225,600782.SH,20131104,3.11,3.13,3.1,3.13,3.13,0.0,0.0,18009.53,5613.315,0.1292,0.6123,0.8,,,0.5934,0.1225,0.1286,0.9585,,139344.8106,139344.8106,29414.3206,436149.2572,436149.2572,,,5.107
600782,新钢股份,普钢,江西,19961225,600782.SH,20131101,3.12,3.25,3.1,3.13,3.12,0.01,0.32,25804.2,8100.373,0.1852,0.8773,1.15,,,0.5934,0.1225,0.1286,0.9585,,139344.8106,139344.8106,29414.3206,436149.2572,436149.2572,,,5.107
600782,新钢股份,普钢,江西,19961225,600782.SH,20131031,3.1,3.14,3.07,3.12,3.11,0.01,0.32,13380.71,4162.766,0.096,0.4549,0.53,,,0.5915,0.1221,0.1282,0.9615,,139344.8106,139344.8106,29414.3206,434755.8091,434755.8091,,,5.107
600782,新钢股份,普钢,江西,19961225,600782.SH,20131030,3.05,3.13,3.01,3.11,3.07,0.04,1.3,14923.04,4609.837,0.1071,0.5073,0.55,,,0.5938,0.1217,0.1248,0.9646,,139344.8106,139344.8106,29414.3206,433362.361,433362.361,,,5.107
600782,新钢股份,普钢,江西,19961225,600782.SH,20131029,3.12,3.21,3.0,3.07,3.14,-0.07,-2.23,41721.76,12934.683,0.2994,1.4184,1.71,,,0.5861,0.1201,0.1232,0.9772,,139344.8106,139344.8106,29414.3206,427788.5685,427788.5685,,,5.107
600782,新钢股份,普钢,江西,19961225,600782.SH,20131028,3.13,3.15,3.1,3.14,3.17,-0.03,-0.95,16138.19,5049.944,0.1158,0.5487,0.56,,,0.5995,0.1228,0.1261,0.9554,,139344.8106,139344.8106,29414.3206,437542.7053,437542.7053,,,5.107
600782,新钢股份,普钢,江西,19961225,600782.SH,20131025,3.18,3.21,3.11,3.17,3.19,-0.02,-0.63,26318.21,8277.282,0.1889,0.8947,0.99,,,0.6052,0.124,0.1273,0.9464,,139344.8106,139344.8106,29414.3206,441723.0496,441723.0496,,,5.107
600782,新钢股份,普钢,江西,19961225,600782.SH,20131024,3.25,3.25,3.17,3.19,3.25,-0.06,-1.85,26779.15,8582.139,0.1922,0.9104,0.99,,,0.609,0.1248,0.1281,0.9404,,139344.8106,139344.8106,29414.3206,444509.9458,444509.9458,3.61,2.95,5.107
600782,新钢股份,普钢,江西,19961225,600782.SH,20131023,3.33,3.35,3.25,3.25,3.33,-0.08,-2.4,24378.0,8032.258,0.1749,0.8288,0.78,,,0.6205,0.1272,0.1305,0.9231,,139344.8106,139344.8106,29414.3206,452870.6345,452870.6345,,,5.107
600782,新钢股份,普钢,江西,19961225,600782.SH,20131022,3.35,3.35,3.31,3.33,3.35,-0.02,-0.6,28379.4,9446.184,0.2037,0.9648,0.87,,,0.6358,0.1303,0.1337,0.9009,,139344.8106,139344.8106,29414.3206,464018.2193,464018.2193,,,5.107
600782,新钢股份,普钢,江西,19961225,600782.SH,20131021,3.35,3.37,3.29,3.35,3.34,0.01,0.3,37524.72,12492.053,0.2693,1.2757,1.2,,,0.6396,0.1311,0.1345,0.8955,,139344.8106,139344.8106,29414.3206,466805.1155,466805.1155,,,5.107
600782,新钢股份,普钢,江西,19961225,600782.SH,20131018,3.32,3.35,3.31,3.34,3.32,0.02,0.6,16241.86,5413.702,0.1166,0.5522,0.45,,,0.6377,0.1307,0.1341,0.8982,,139344.8106,139344.8106,29414.3206,465411.6674,465411.6674,3.61,2.95,5.107
600782,新钢股份,普钢,江西,19961225,600782.SH,20131017,3.36,3.37,3.3,3.32,3.33,-0.01,-0.3,28848.82,9623.242,0.207,0.9808,0.79,,,0.6338,0.1299,0.1333,0.9036,,139344.8106,139344.8106,29414.3206,462624.7712,462624.7712,,,5.107
600782,新钢股份,普钢,江西,19961225,600782.SH,20131016,3.35,3.44,3.32,3.33,3.36,-0.03,-0.89,45929.03,15486.328,0.3296,1.5615,1.42,,,0.6358,0.1303,0.1337,0.9009,,139344.8106,139344.8106,29414.3206,464018.2193,464018.2193,,,5.107
600782,新钢股份,普钢,江西,19961225,600782.SH,20131015,3.37,3.39,3.31,3.36,3.38,-0.02,-0.59,34418.41,11508.862,0.247,1.1701,1.15,,,0.6415,0.1315,0.1349,0.8928,,139344.8106,139344.8106,29414.3206,468198.5636,468198.5636,,,5.107
600782,新钢股份,普钢,江西,19961225,600782.SH,20131014,3.38,3.39,3.35,3.38,3.38,0.0,0.0,30837.78,10404.114,0.2213,1.0484,1.1,,,0.6453,0.1322,0.1357,0.8876,,139344.8106,139344.8106,29414.3206,470985.4598,470985.4598,,,5.107
600782,新钢股份,普钢,江西,19961225,600782.SH,20131011,3.3,3.39,3.3,3.38,3.3,0.08,2.42,42427.43,14205.971,0.3045,1.4424,1.71,,,0.6453,0.1322,0.1357,0.8876,,139344.8106,139344.8106,29414.3206,470985.4598,470985.4598,,,5.107
600782,新钢股份,普钢,江西,19961225,600782.SH,20131010,3.28,3.32,3.26,3.3,3.3,0.0,0.0,29213.58,9587.926,0.2096,0.9932,1.11,,,0.63,0.1291,0.1325,0.9091,,139344.8106,139344.8106,29414.3206,459837.875,459837.875,,,5.107
600782,新钢股份,普钢,江西,19961225,600782.SH,20131009,3.28,3.31,3.26,3.3,3.29,0.01,0.3,24634.85,8084.994,0.1768,0.8375,0.81,,,0.63,0.1291,0.1325,0.9091,,139344.8106,139344.8106,29414.3206,459837.875,459837.875,,,5.107
600782,新钢股份,普钢,江西,19961225,600782.SH,20131008,3.26,3.3,3.22,3.29,3.27,0.02,0.61,23112.65,7550.191,0.1659,0.7858,0.68,,,0.6281,0.1287,0.1321,0.9118,,139344.8106,139344.8106,29414.3206,458444.4269,458444.4269,,,5.107
600782,新钢股份,普钢,江西,19961225,600782.SH,20130930,3.24,3.28,3.24,3.27,3.24,0.03,0.93,20737.56,6760.378,0.1488,0.705,0.57,,,0.6243,0.1279,0.1313,0.9174,,139344.8106,139344.8106,29414.3206,455657.5307,455657.5307,,,5.107
600782,新钢股份,普钢,江西,19961225,600782.SH,20130927,3.24,3.26,3.2,3.24,3.24,0.0,0.0,26125.68,8433.869,0.1875,0.8882,0.74,,,0.6186,0.1268,0.1301,0.9259,,139344.8106,139344.8106,29414.3206,451477.1863,451477.1863,,,5.107
600782,新钢股份,普钢,江西,19961225,600782.SH,20130926,3.33,3.33,3.2,3.24,3.34,-0.1,-2.99,36510.62,11955.821,0.262,1.2413,0.97,,,0.6186,0.1268,0.1301,0.9259,,139344.8106,139344.8106,29414.3206,451477.1863,451477.1863,,,5.107
600782,新钢股份,普钢,江西,19961225,600782.SH,20130925,3.38,3.41,3.33,3.34,3.37,-0.03,-0.89,46042.25,15506.262,0.3304,1.5653,1.34,,,0.6377,0.1307,0.1341,0.8982,,139344.8106,139344.8106,29414.3206,465411.6674,465411.6674,,,5.107
600782,新钢股份,普钢,江西,19961225,600782.SH,20130924,3.37,3.37,3.27,3.37,3.38,-0.01,-0.3,40379.61,13457.62,0.2898,1.3728,1.04,,,0.6434,0.1318,0.1353,0.8902,,139344.8106,139344.8106,29414.3206,469592.0117,469592.0117,,,5.107
600782,新钢股份,普钢,江西,19961225,600782.SH,20130923,3.32,3.38,3.31,3.38,3.32,0.06,1.81,31381.28,10483.814,0.2252,1.0669,0.66,,,0.6453,0.1322,0.1357,0.8876,,139344.8106,139344.8106,29414.3206,470985.4598,470985.4598,,,5.107
600782,新钢股份,普钢,江西,19961225,600782.SH,20130918,3.3,3.32,3.26,3.32,3.31,0.01,0.3,23397.11,7703.078,0.1679,0.7954,0.31,,,0.6338,0.1299,0.1333,0.9036,,139344.8106,139344.8106,29414.3206,462624.7712,462624.7712,,,5.107
600782,新钢股份,普钢,江西,19961225,600782.SH,20130917,3.38,3.39,3.25,3.31,3.39,-0.08,-2.36,47074.74,15596.598,0.3378,1.6004,0.55,,,0.6319,0.1295,0.1329,0.9063,,139344.8106,139344.8106,29414.3206,461231.3231,461231.3231,,,5.107
600782,新钢股份,普钢,江西,19961225,600782.SH,20130916,3.41,3.46,3.35,3.39,3.39,0.0,0.0,29913.49,10146.606,0.2147,1.017,0.32,,,0.6472,0.1326,0.1361,0.8849,,139344.8106,139344.8106,29414.3206,472378.9079,472378.9079,,,5.107
600782,新钢股份,普钢,江西,19961225,600782.SH,20130913,3.48,3.48,3.39,3.39,3.5,-0.11,-3.14,62882.57,21529.146,0.4513,2.1378,0.73,,,0.6472,0.1326,0.1361,0.8849,,139344.8106,139344.8106,29414.3206,472378.9079,472378.9079,,,5.107
600782,新钢股份,普钢,江西,19961225,600782.SH,20130912,3.57,3.57,3.42,3.5,3.57,-0.07,-1.96,73228.11,25615.676,0.5255,2.4895,0.91,,,0.6682,0.1369,0.1405,0.8571,,139344.8106,139344.8106,29414.3206,487706.8371,487706.8371,,,5.107
600782,新钢股份,普钢,江西,19961225,600782.SH,20130911,3.46,3.77,3.44,3.57,3.47,0.1,2.88,169516.23,61011.824,1.2165,5.7631,2.51,,,0.6816,0.1397,0.1433,0.8403,,139344.8106,139344.8106,29414.3206,497460.9738,497460.9738,,,5.107
600782,新钢股份,普钢,江西,19961225,600782.SH,20130910,3.33,3.49,3.33,3.47,3.33,0.14,4.2,93650.9,31752.331,0.6721,3.1839,1.47,,,0.6625,0.1358,0.1393,0.8645,,139344.8106,139344.8106,29414.3206,483526.4928,483526.4928,,,5.107
600782,新钢股份,普钢,江西,19961225,600782.SH,20130909,3.29,3.35,3.25,3.33,3.29,0.04,1.22,61380.93,20331.616,0.4405,2.0868,1.02,,,0.6358,0.1303,0.1337,0.9009,,139344.8106,139344.8106,29414.3206,464018.2193,464018.2193,,,5.107
600782,新钢股份,普钢,江西,19961225,600782.SH,20130906,3.29,3.31,3.25,3.29,3.3,-0.01,-0.3,33756.42,11074.655,0.2423,1.1476,0.53,,,0.6281,0.1287,0.1321,0.9118,,139344.8106,139344.8106,29414.3206,458444.4269,458444.4269,,,5.107
600782,新钢股份,普钢,江西,19961225,600782.SH,20130905,3.36,3.38,3.29,3.3,3.39,-0.09,-2.65,43756.97,14558.34,0.314,1.4876,0.71,,,0.63,0.1291,0.1325,0.9091,,139344.8106,139344.8106,29414.3206,459837.875,459837.875,,,5.107
600782,新钢股份,普钢,江西,19961225,600782.SH,20130904,3.3,3.43,3.3,3.39,3.31,0.08,2.42,104521.19,35190.271,0.7501,3.5534,2.1,,,0.6472,0.1326,0.1361,0.8849,,139344.8106,139344.8106,29414.3206,472378.9079,472378.9079,,,5.107
600782,新钢股份,普钢,江西,19961225,600782.SH,20130903,3.24,3.38,3.24,3.31,3.26,0.05,1.53,76082.46,25182.805,0.546,2.5866,1.8,,,0.6319,0.1295,0.1329,0.9063,,139344.8106,139344.8106,29414.3206,461231.3231,461231.3231,,,5.107
600782,新钢股份,普钢,江西,19961225,600782.SH,20130902,3.24,3.27,3.2,3.26,3.24,0.02,0.62,42999.52,13919.971,0.3086,1.4619,1.03,,,0.6224,0.1275,0.1309,0.9202,,139344.8106,139344.8106,29414.3206,454264.0826,454264.0826,,,5.107
600782,新钢股份,普钢,江西,19961225,600782.SH,20130830,3.21,3.27,3.17,3.24,3.23,0.01,0.31,52073.77,16767.466,0.3737,1.7704,1.31,,,0.6094,0.1268,0.1268,0.9259,,139344.8106,139344.8106,29414.3166,451477.1863,451477.1863,3.4,2.78,5.107
600782,新钢股份,普钢,江西,19961225,600782.SH,20130829,3.26,3.27,3.21,3.23,3.26,-0.03,-0.92,33111.18,10706.703,0.2376,1.1257,0.82,,,0.6075,0.1264,0.1264,0.9288,,139344.8106,139344.8106,29414.3166,450083.7382,450083.7382,3.41,2.79,5.107
600782,新钢股份,普钢,江西,19961225,600782.SH,20130828,3.26,3.3,3.22,3.26,3.27,-0.01,-0.31,44667.12,14574.868,0.3206,1.5186,1.15,,,0.6131,0.1275,0.1276,0.9202,,139344.8106,139344.8106,29414.3166,454264.0826,454264.0826,3.41,2.79,5.107
600782,新钢股份,普钢,江西,19961225,600782.SH,20130827,3.25,3.3,3.24,3.27,3.25,0.02,0.62,38337.39,12522.63,0.2751,1.3034,0.98,,,0.615,0.1279,0.1279,0.9174,,139344.8106,139344.8106,29414.3166,455657.5307,455657.5307,3.37,2.75,5.107
600782,新钢股份,普钢,江西,19961225,600782.SH,20130826,3.16,3.25,3.16,3.25,3.15,0.1,3.17,40754.78,13095.431,0.2925,1.3855,1.03,,,0.6112,0.1272,0.1272,0.9231,,139344.8106,139344.8106,29414.3166,452870.6345,452870.6345,3.33,2.73,5.107
600782,新钢股份,普钢,江西,19961225,600782.SH,20130823,3.15,3.21,3.11,3.15,3.16,-0.01,-0.32,42541.64,13474.652,0.3053,1.4463,0.84,,,0.5924,0.1232,0.1232,0.9524,,139344.8106,139344.8106,29414.3166,438936.1534,438936.1534,,,5.107
600782,新钢股份,普钢,江西,19961225,600782.SH,20130822,3.16,3.19,3.12,3.16,3.17,-0.01,-0.32,36232.8,11435.812,0.26,1.2318,0.61,,,0.5943,0.1236,0.1236,0.9494,,139344.8106,139344.8106,29414.3166,440329.6015,440329.6015,,,5.107
600782,新钢股份,普钢,江西,19961225,600782.SH,20130821,3.21,3.21,3.16,3.17,3.19,-0.02,-0.63,35521.13,11284.499,0.2549,1.2077,0.5,,,0.5962,0.124,0.124,0.9464,,139343.1101,139343.1101,29412.6161,441717.659,441717.659,3.36,2.75,5.107
600782,新钢股份,普钢,江西,19961225,600782.SH,20130820,3.26,3.26,3.17,3.19,3.24,-0.05,-1.54,39777.85,12730.111,0.2855,1.3524,0.4,,,0.6,0.1248,0.1248,0.9404,,139343.1101,139343.1101,29412.6161,444504.5212,444504.5212,3.37,2.75,5.107
600782,新钢股份,普钢,江西,19961225,600782.SH,20130819,3.16,3.25,3.15,3.24,3.19,0.05,1.57,44367.91,14210.637,0.3184,1.5085,0.41,,,0.6094,0.1268,0.1268,0.9259,,139343.1101,139343.1101,29412.6161,451471.6767,451471.6767,,,5.107
600782,新钢股份,普钢,江西,19961225,600782.SH,20130816,3.25,3.33,3.14,3.19,3.28,-0.09,-2.74,96124.9,31030.962,0.6898,3.2682,0.98,,,0.6,0.1248,0.1248,0.9404,,139343.1101,139343.1101,29412.6161,444504.5212,444504.5212,3.47,2.84,5.107
600782,新钢股份,普钢,江西,19961225,600782.SH,20130815,3.33,3.42,3.28,3.28,3.33,-0.05,-1.5,81030.0,27183.467,0.5815,2.7549,0.91,,,0.6169,0.1283,0.1283,0.9146,,139343.1101,139343.1101,29412.6161,457045.4011,457045.4011,3.47,2.84,5.107
600782,新钢股份,普钢,江西,19961225,600782.SH,20130814,3.32,3.39,3.26,3.33,3.31,0.02,0.6,95316.09,31686.219,0.684,3.2407,1.14,,,0.6263,0.1303,0.1303,0.9009,,139343.1101,139343.1101,29412.6161,464012.5566,464012.5566,3.5,2.86,5.107
600782,新钢股份,普钢,江西,19961225,600782.SH,20130813,3.23,3.5,3.21,3.31,3.23,0.08,2.48,179240.64,60256.974,1.2863,6.094,3.15,,,0.6225,0.1295,0.1295,0.9063,,139343.1101,139343.1101,29412.6161,461225.6944,461225.6944,3.58,2.93,5.107
600782,新钢股份,普钢,江西,19961225,600782.SH,20130812,3.13,3.24,3.12,3.23,3.13,0.1,3.19,82998.93,26377.783,0.5956,2.8219,1.78,,,0.6075,0.1264,0.1264,0.9288,,139343.1101,139343.1101,29412.6161,450078.2456,450078.2456,,,5.107
600782,新钢股份,普钢,江西,19961225,600782.SH,20130809,3.11,3.15,3.09,3.13,3.1,0.03,0.97,50487.48,15715.858,0.3623,1.7165,1.15,,,0.5887,0.1225,0.1225,0.9585,,139343.1101,139343.1101,29412.6161,436143.9346,436143.9346,,,5.107
600782,新钢股份,普钢,江西,19961225,600782.SH,20130808,3.11,3.14,3.09,3.1,3.12,-0.02,-0.64,39502.39,12279.69,0.2835,1.343,0.91,,,0.583,0.1213,0.1213,0.9677,,139343.1101,139343.1101,29412.6161,431963.6413,431963.6413,3.71,3.03,5.107
600782,新钢股份,普钢,江西,19961225,600782.SH,20130807,3.1,3.17,3.09,3.12,3.11,0.01,0.32,64536.9,20217.453,0.4632,2.1942,1.88,,,0.5868,0.1221,0.1221,0.9615,,139343.1101,139343.1101,29412.6161,434750.5035,434750.5035,,,5.107
600782,新钢股份,普钢,江西,19961225,600782.SH,20130806,3.07,3.12,3.05,3.11,3.07,0.04,1.3,46692.34,14443.263,0.3351,1.5875,1.54,,,0.5849,0.1217,0.1217,0.9646,,139343.1101,139343.1101,29412.6161,433357.0724,433357.0724,,,5.107
600782,新钢股份,普钢,江西,19961225,600782.SH,20130805,3.05,3.08,3.02,3.07,3.05,0.02,0.66,31646.8,9664.306,0.2271,1.076,1.13,,,0.5774,0.1201,0.1201,0.9772,,139343.1101,139343.1101,29412.6161,427783.348,427783.348,,,5.107
600782,新钢股份,普钢,江西,19961225,600782.SH,20130802,3.1,3.11,3.01,3.05,3.09,-0.04,-1.29,37178.75,11386.122,0.2668,1.264,1.39,,,0.5736,0.1193,0.1193,0.9836,,139343.1101,139343.1101,29412.6161,424996.4858,424996.4858,,,5.107
600782,新钢股份,普钢,江西,19961225,600782.SH,20130801,3.05,3.1,3.04,3.09,3.06,0.03,0.98,37190.12,11441.551,0.2669,1.2644,1.29,,,0.5811,0.1209,0.1209,0.9709,,139343.1101,139343.1101,29412.6161,430570.2102,430570.2102,,,5.107
600782,新钢股份,普钢,江西,19961225,600782.SH,20130731,3.05,3.08,3.04,3.06,3.05,0.01,0.33,18713.71,5720.404,0.1343,0.6362,0.59,,,0.5755,0.1197,0.1197,0.9804,,139343.1101,139343.1101,29412.6161,426389.9169,426389.9169,,,5.107
600782,新钢股份,普钢,江西,19961225,600782.SH,20130730,3.03,3.09,3.0,3.05,3.03,0.02,0.66,27088.6,8249.319,0.1944,0.921,0.78,,,0.5736,0.1193,0.1193,0.9836,,139343.1101,139343.1101,29412.6161,424996.4858,424996.4858,3.59,2.93,5.107
600782,新钢股份,普钢,江西,19961225,600782.SH,20130729,3.03,3.05,2.98,3.03,3.05,-0.02,-0.66,20387.83,6143.997,0.1463,0.6932,0.58,,,0.5699,0.1185,0.1186,0.9901,,139343.1101,139343.1101,29412.6161,422209.6236,422209.6236,,,5.107
600782,新钢股份,普钢,江西,19961225,600782.SH,20130726,3.09,3.1,3.01,3.05,3.09,-0.04,-1.29,30279.25,9292.3,0.2173,1.0295,0.72,,,0.5736,0.1193,0.1193,0.9836,,139343.1101,139343.1101,29412.6161,424996.4858,424996.4858,,,5.107
600782,新钢股份,普钢,江西,19961225,600782.SH,20130725,3.06,3.14,3.03,3.09,3.05,0.04,1.31,47617.07,14710.903,0.3417,1.6189,1.19,,,0.5811,0.1209,0.1209,0.9709,,139343.1101,139343.1101,29412.6161,430570.2102,430570.2102,,,5.107
600782,新钢股份,普钢,江西,19961225,600782.SH,20130724,3.05,3.06,3.01,3.05,3.06,-0.01,-0.33,33394.14,10117.846,0.2397,1.1354,0.77,,,0.5736,0.1193,0.1193,0.9836,,139343.1101,139343.1101,29412.6161,424996.4858,424996.4858,,,5.107
600782,新钢股份,普钢,江西,19961225,600782.SH,20130723,2.99,3.07,2.98,3.06,2.99,0.07,2.34,41379.92,12561.579,0.297,1.4069,0.86,,,0.5755,0.1197,0.1197,0.9804,,139343.1101,139343.1101,29412.6161,426389.9169,426389.9169,,,5.107
600782,新钢股份,普钢,江西,19961225,600782.SH,20130722,2.95,3.0,2.91,2.99,3.0,-0.01,-0.33,22344.35,6623.017,0.1604,0.7597,0.43,,,0.5623,0.117,0.117,1.0033,,139343.1101,139343.1101,29412.6161,416635.8992,416635.8992,,,5.107
600782,新钢股份,普钢,江西,19961225,600782.SH,20130719,3.08,3.09,2.98,3.0,3.1,-0.1,-3.23,66258.18,20022.708,0.4755,2.2527,1.35,,,0.5642,0.1174,0.1174,1.0,,139343.1101,139343.1101,29412.6161,418029.3303,418029.3303,,,5.107
600782,新钢股份,普钢,江西,19961225,600782.SH,20130718,3.17,3.17,3.09,3.1,3.17,-0.07,-2.21,37520.12,11678.101,0.2693,1.2756,0.67,,,0.583,0.1213,0.1213,0.9677,,139343.1101,139343.1101,29412.6161,431963.6413,431963.6413,3.51,2.87,5.107
600782,新钢股份,普钢,江西,19961225,600782.SH,20130717,3.23,3.29,3.16,3.17,3.25,-0.08,-2.46,48882.54,15764.498,0.3508,1.662,0.88,,,0.5962,0.124,0.124,0.9464,,139343.1101,139343.1101,29412.6161,441717.659,441717.659,,,5.107
600782,新钢股份,普钢,江西,19961225,600782.SH,20130716,3.14,3.28,3.11,3.25,3.16,0.09,2.85,65002.04,20776.269,0.4665,2.21,1.22,,,0.6112,0.1271,0.1272,0.9231,,139343.1101,139343.1101,29412.6161,452865.1078,452865.1078,,,5.107
600782,新钢股份,普钢,江西,19961225,600782.SH,20130715,3.1,3.17,3.08,3.16,3.1,0.06,1.94,41278.75,12934.912,0.2962,1.4034,0.77,,,0.5943,0.1236,0.1236,0.9494,,139343.1101,139343.1101,29412.6161,440324.2279,440324.2279,,,5.107
600782,新钢股份,普钢,江西,19961225,600782.SH,20130712,3.16,3.21,3.07,3.1,3.15,-0.05,-1.59,52519.93,16530.71,0.3769,1.7856,1.02,,,0.583,0.1213,0.1213,0.9677,,139343.1101,139343.1101,29412.6161,431963.6413,431963.6413,,,5.107
600782,新钢股份,普钢,江西,19961225,600782.SH,20130711,3.0,3.22,3.0,3.15,3.03,0.12,3.96,70768.75,22055.914,0.5079,2.4061,1.57,,,0.5924,0.1232,0.1232,0.9524,,139343.1101,139343.1101,29412.6161,438930.7968,438930.7968,,,5.107
600782,新钢股份,普钢,江西,19961225,600782.SH,20130710,2.92,3.04,2.91,3.03,2.93,0.1,3.41,47403.65,14073.929,0.3402,1.6117,1.08,,,0.5699,0.1185,0.1186,0.9901,,139343.1101,139343.1101,29412.6161,422209.6236,422209.6236,,,5.107
600782,新钢股份,普钢,江西,19961225,600782.SH,20130709,3.0,3.03,2.9,2.93,3.02,-0.09,-2.98,54409.6,16053.256,0.3905,1.8499,1.11,,,0.5511,0.1146,0.1146,1.0239,,139343.1101,139343.1101,29412.6161,408275.3126,408275.3126,3.34,2.74,5.107
600782,新钢股份,普钢,江西,19961225,600782.SH,20130708,3.14,3.14,3.02,3.02,3.17,-0.15,-4.73,43058.85,13153.067,0.309,1.464,0.88,,,0.568,0.1182,0.1182,0.9934,,139343.1101,139343.1101,29412.6161,420816.1925,420816.1925,,,5.107
600782,新钢股份,普钢,江西,19961225,600782.SH,20130705,3.16,3.25,3.13,3.17,3.13,0.04,1.28,42585.59,13544.108,0.3056,1.4479,0.76,,,0.5962,0.124,0.124,0.9464,,139343.1101,139343.1101,29412.6161,441717.659,441717.659,3.45,2.83,5.107
600782,新钢股份,普钢,江西,19961225,600782.SH,20130704,3.12,3.19,3.04,3.13,3.11,0.02,0.64,37363.08,11648.632,0.2681,1.2703,0.55,,,0.5887,0.1225,0.1225,0.9585,,139343.1101,139343.1101,29412.6161,436143.9346,436143.9346,3.43,2.81,5.107
600782,新钢股份,普钢,江西,19961225,600782.SH,20130703,3.2,3.21,3.1,3.11,3.21,-0.1,-3.12,41259.8,13001.567,0.2961,1.4028,0.48,,,0.5849,0.1217,0.1217,0.9646,,139343.0733,139343.0733,29412.5793,433356.958,433356.958,,,5.107
600782,新钢股份,普钢,江西,19961225,600782.SH,20130702,3.08,3.23,3.06,3.21,3.09,0.12,3.88,80769.03,25715.098,0.5796,2.7461,0.88,,,0.6037,0.1256,0.1256,0.9346,,139343.0733,139343.0733,29412.5793,447291.2653,447291.2653,3.44,2.82,5.107
600782,新钢股份,普钢,江西,19961225,600782.SH,20130701,3.08,3.12,3.0,3.09,3.08,0.01,0.32,41789.36,12803.142,0.2999,1.4208,0.45,,,0.5811,0.1209,0.1209,0.9709,,139343.0733,139343.0733,29412.5793,430570.0965,430570.0965,3.43,2.81,5.107
600782,新钢股份,普钢,江西,19961225,600782.SH,20130628,3.11,3.18,3.02,3.08,3.16,-0.08,-2.53,77227.84,23937.924,0.5542,2.6257,0.9,,,0.5793,0.1205,0.1205,0.974,,139343.0733,139343.0733,29412.5793,429176.6658,429176.6658,,,5.107
600782,新钢股份,普钢,江西,19961225,600782.SH,20130627,3.16,3.29,3.1,3.16,3.17,-0.01,-0.32,101104.31,32028.11,0.7256,3.4375,1.34,,,0.5943,0.1236,0.1236,0.9494,,139343.0733,139343.0733,29412.5793,440324.1116,440324.1116,,,5.107
600782,新钢股份,普钢,江西,19961225,600782.SH,20130626,3.15,3.21,3.08,3.17,3.22,-0.05,-1.55,126663.2,39674.657,0.909,4.3064,1.83,,,0.5962,0.124,0.124,0.9464,,139343.0733,139343.0733,29412.5793,441717.5424,441717.5424,,,5.107
600782,新钢股份,普钢,江西,19961225,600782.SH,20130625,3.37,3.37,3.07,3.22,3.41,-0.19,-5.57,110362.47,35339.892,0.792,3.7522,2.08,,,0.6056,0.126,0.126,0.9317,,139343.0733,139343.0733,29412.5793,448684.696,448684.696,,,5.107
600782,新钢股份,普钢,江西,19961225,600782.SH,20130624,3.74,3.74,3.38,3.41,3.75,-0.34,-9.07,49744.55,17610.627,0.357,1.6913,0.96,,,0.6413,0.1334,0.1334,0.8798,0.8798,139343.0733,139343.0733,29412.5793,475159.88,475159.88,,,5.107
600782,新钢股份,普钢,江西,19961225,600782.SH,20130621,3.78,3.78,3.66,3.75,3.81,-0.06,-1.57,41122.23,15299.748,0.2951,1.3981,0.75,,,0.7053,0.1467,0.1467,0.8,0.8,139343.0733,139343.0733,29412.5793,522536.5249,522536.5249,,,5.107
600782,新钢股份,普钢,江西,19961225,600782.SH,20130620,3.9,3.9,3.79,3.81,3.97,-0.16,-4.03,48714.73,18675.756,0.3496,1.6563,0.9,,,0.7166,0.1491,0.1491,0.7874,0.7874,139343.0733,139343.0733,29412.5793,530897.1093,530897.1093,,,5.107
600782,新钢股份,普钢,江西,19961225,600782.SH,20130619,4.07,4.07,3.77,3.97,4.08,-0.11,-2.7,96816.73,37827.715,0.6948,3.2917,2.34,,,0.7466,0.1553,0.1553,0.7557,0.7557,139343.0733,139343.0733,29412.5793,553192.001,553192.001,,,5.107
600782,新钢股份,普钢,江西,19961225,600782.SH,20130618,4.05,4.09,4.01,4.08,4.07,0.01,0.25,28815.09,11680.543,0.2068,0.9797,0.6,,,0.7673,0.1596,0.1596,0.7353,0.7353,139343.0733,139343.0733,29412.5793,568519.7391,568519.7391,,,5.107
600782,新钢股份,普钢,江西,19961225,600782.SH,20130617,4.19,4.19,4.05,4.07,4.2,-0.13,-3.1,43426.69,17760.76,0.3117,1.4765,0.75,,,0.7655,0.1592,0.1592,0.7371,0.7371,139343.0733,139343.0733,29412.5793,567126.3083,567126.3083,,,5.107
600782,新钢股份,普钢,江西,19961225,600782.SH,20130614,4.21,4.25,4.04,4.2,4.21,-0.01,-0.24,56760.67,23568.339,0.4073,1.9298,0.98,,,0.7899,0.1643,0.1643,0.7143,0.7143,139343.0733,139343.0733,29412.5793,585240.9079,585240.9079,,,5.107
600782,新钢股份,普钢,江西,19961225,600782.SH,20130613,4.5,4.5,4.07,4.21,4.52,-0.31,-6.86,44619.28,19111.521,0.3202,1.517,0.73,,,0.7918,0.1647,0.1647,0.7126,0.7126,139343.0733,139343.0733,29412.5793,586634.3386,586634.3386,,,5.107
600782,新钢股份,普钢,江西,19961225,600782.SH,20130607,4.51,4.61,4.48,4.52,4.49,0.03,0.67,33691.46,15269.363,0.2418,1.1455,0.53,,,0.8501,0.1768,0.1769,0.6637,0.6637,139343.0733,139343.0733,29412.5793,629830.6913,629830.6913,,,5.107
600782,新钢股份,普钢,江西,19961225,600782.SH,20130606,4.64,4.67,4.47,4.49,4.67,-0.18,-3.85,60044.34,27365.294,0.4309,2.0415,0.97,,,0.8444,0.1757,0.1757,0.6682,0.6682,139343.0733,139343.0733,29412.5793,625650.3991,625650.3991,,,5.107
600782,新钢股份,普钢,江西,19961225,600782.SH,20130605,4.57,4.7,4.56,4.67,4.56,0.11,2.41,94561.61,44037.776,0.6786,3.215,1.65,,,0.8783,0.1827,0.1827,0.6424,0.6424,139343.0733,139343.0733,29412.5793,650732.1523,650732.1523,,,5.107
600782,新钢股份,普钢,江西,19961225,600782.SH,20130604,4.69,4.7,4.5,4.56,4.69,-0.13,-2.77,56058.55,25753.778,0.4023,1.9059,0.73,,,0.8576,0.1784,0.1784,0.6579,0.6579,139343.0733,139343.0733,29412.5793,635404.4142,635404.4142,,,5.107
600782,新钢股份,普钢,江西,19961225,600782.SH,20130603,4.79,4.8,4.66,4.69,4.76,-0.07,-1.47,60112.15,28296.048,0.4314,2.0438,0.87,,,0.8821,0.1835,0.1835,0.6397,0.6397,139343.0733,139343.0733,29412.5793,653519.0138,653519.0138,,,5.107
600782,新钢股份,普钢,江西,19961225,600782.SH,20130531,4.8,4.84,4.74,4.76,4.77,-0.01,-0.21,48484.11,23169.728,0.3479,1.6484,0.76,,,0.8952,0.1862,0.1862,0.6303,0.6303,139343.0733,139343.0733,29412.5793,663273.0289,663273.0289,,,5.107
600782,新钢股份,普钢,江西,19961225,600782.SH,20130530,4.82,4.85,4.74,4.77,4.8,-0.03,-0.63,50854.94,24312.785,0.365,1.729,0.84,,,0.8971,0.1866,0.1866,0.6289,0.6289,139343.0733,139343.0733,29412.5793,664666.4596,664666.4596,,,5.107
600782,新钢股份,普钢,江西,19961225,600782.SH,20130529,4.81,4.87,4.78,4.8,4.87,-0.07,-1.44,71491.55,34351.685,0.5131,2.4306,1.24,,,0.9027,0.1878,0.1878,0.625,0.625,139343.0733,139343.0733,29412.5793,668846.7518,668846.7518,,,5.107
600782,新钢股份,普钢,江西,19961225,600782.SH,20130528,5.17,5.17,4.73,4.87,5.15,-0.28,-5.44,152173.25,74429.084,1.0921,5.1737,4.3,,,0.9159,0.1905,0.1905,0.616,0.616,139343.0733,139343.0733,29412.5793,678600.767,678600.767,,,5.107
600782,新钢股份,普钢,江西,19961225,600782.SH,20130527,5.21,5.28,5.13,5.15,5.19,-0.04,-0.77,21422.09,11124.853,0.1537,0.7283,0.52,,,0.9686,0.2015,0.2015,0.5825,0.5825,139343.0733,139343.0733,29412.5793,717616.8275,717616.8275,,,5.107
600782,新钢股份,普钢,江西,19961225,600782.SH,20130524,5.15,5.22,5.13,5.19,5.12,0.07,1.37,23452.77,12131.348,0.1683,0.7974,0.47,,,0.9761,0.203,0.2031,0.578,0.578,139343.0733,139343.0733,29412.5793,723190.5504,723190.5504,,,5.107
600782,新钢股份,普钢,江西,19961225,600782.SH,20130523,5.13,5.18,5.1,5.12,5.15,-0.03,-0.58,33953.82,17416.483,0.2437,1.1544,0.59,,,0.9629,0.2003,0.2003,0.5859,0.5859,139343.0733,139343.0733,29412.5793,713436.5353,713436.5353,,,5.107
600782,新钢股份,普钢,江西,19961225,600782.SH,20130522,5.28,5.32,5.1,5.15,5.26,-0.11,-2.09,56997.75,29511.538,0.409,1.9379,1.0,,,0.9686,0.2015,0.2015,0.5825,0.5825,139343.0733,139343.0733,29412.5793,717616.8275,717616.8275,,,5.107
600782,新钢股份,普钢,江西,19961225,600782.SH,20130521,5.27,5.38,5.24,5.26,5.26,0.0,0.0,41170.67,21821.271,0.2955,1.3998,0.74,,,0.9893,0.2058,0.2058,0.5703,0.5703,139343.0733,139343.0733,29412.5793,732944.5656,732944.5656,,,5.107
600782,新钢股份,普钢,江西,19961225,600782.SH,20130520,5.28,5.29,5.22,5.26,5.24,0.02,0.38,48557.73,25466.658,0.3485,1.6509,0.92,,,0.9893,0.2058,0.2058,0.5703,0.5703,139343.0733,139343.0733,29412.5793,732944.5656,732944.5656,,,5.107
600782,新钢股份,普钢,江西,19961225,600782.SH,20130517,5.25,5.35,5.18,5.24,5.25,-0.01,-0.19,69779.05,36717.617,0.5008,2.3724,1.44,,,0.9855,0.205,0.205,0.5725,0.5725,139343.0733,139343.0733,29412.5793,730157.7041,730157.7041,,,5.107
600782,新钢股份,普钢,江西,19961225,600782.SH,20130516,5.0,5.35,4.97,5.25,5.0,0.25,5.0,72437.19,37436.957,0.5198,2.4628,1.83,,,0.9874,0.2054,0.2054,0.5714,0.5714,139343.0733,139343.0733,29412.5793,731551.1348,731551.1348,,,5.107
600782,新钢股份,普钢,江西,19961225,600782.SH,20130515,4.92,5.03,4.89,5.0,4.94,0.06,1.21,52711.63,26270.15,0.3783,1.7921,1.42,,,0.9404,0.1956,0.1956,0.6,0.6,139343.0733,139343.0733,29412.5793,696715.3665,696715.3665,,,5.107
600782,新钢股份,普钢,江西,19961225,600782.SH,20130514,4.87,4.94,4.84,4.94,4.87,0.07,1.44,33256.44,16279.779,0.2387,1.1307,0.77,,,0.9291,0.1933,0.1933,0.6073,0.6073,139343.0733,139343.0733,29412.5793,688354.7821,688354.7821,,,5.107
600782,新钢股份,普钢,江西,19961225,600782.SH,20130513,4.8,4.91,4.77,4.87,4.8,0.07,1.46,34479.86,16748.139,0.2474,1.1723,0.84,,,0.9159,0.1905,0.1905,0.616,0.616,139343.0733,139343.0733,29412.5793,678600.767,678600.767,,,5.107
600782,新钢股份,普钢,江西,19961225,600782.SH,20130510,4.91,4.95,4.76,4.8,4.91,-0.11,-2.24,49759.39,23986.377,0.3571,1.6918,1.42,,,0.9027,0.1878,0.1878,0.625,0.625,139343.0733,139343.0733,29412.5793,668846.7518,668846.7518,,,5.107
600782,新钢股份,普钢,江西,19961225,600782.SH,20130509,4.9,4.92,4.85,4.91,4.91,0.0,0.0,28161.97,13753.359,0.2021,0.9575,0.8,,,0.9234,0.1921,0.1921,0.611,0.611,139343.0733,139343.0733,29412.5793,684174.4899,684174.4899,,,5.107
600782,新钢股份,普钢,江西,19961225,600782.SH,20130508,4.96,5.03,4.9,4.91,4.96,-0.05,-1.01,39321.77,19478.706,0.2822,1.3369,1.28,,,0.9234,0.1921,0.1921,0.611,0.611,139343.0733,139343.0733,29412.5793,684174.4899,684174.4899,,,5.107
600782,新钢股份,普钢,江西,19961225,600782.SH,20130507,4.79,4.97,4.75,4.96,4.75,0.21,4.42,63421.02,31026.308,0.4551,2.1563,2.91,,,0.9328,0.1941,0.1941,0.6048,0.6048,139343.0733,139343.0733,29412.5793,691141.6436,691141.6436,,,5.107
600782,新钢股份,普钢,江西,19961225,600782.SH,20130506,4.73,4.79,4.69,4.75,4.72,0.03,0.64,23577.2,11188.998,0.1692,0.8016,0.82,,,0.8933,0.1858,0.1859,0.6316,0.6316,139343.0733,139343.0733,29412.5793,661879.5982,661879.5982,,,5.107
600782,新钢股份,普钢,江西,19961225,600782.SH,20130503,4.7,4.77,4.67,4.72,4.66,0.06,1.29,21054.17,9954.291,0.1511,0.7158,0.76,,,0.8877,0.1847,0.1847,0.6356,0.6356,139343.0733,139343.0733,29412.5793,657699.306,657699.306,,,5.107
600782,新钢股份,普钢,江西,19961225,600782.SH,20130502,4.63,4.75,4.63,4.66,4.69,-0.03,-0.64,27976.17,13103.621,0.2008,0.9512,1.05,,,0.8764,0.1823,0.1823,0.6438,0.6438,139343.0733,139343.0733,29412.5793,649338.7216,649338.7216,,,5.107
600782,新钢股份,普钢,江西,19961225,600782.SH,20130426,4.71,4.83,4.67,4.69,4.71,-0.02,-0.42,17600.94,8349.097,0.1263,0.5984,0.64,,,0.8684,0.1835,0.1835,0.6397,0.6397,139343.0733,139343.0733,29412.5833,653519.0138,653519.0138,,,5.107
600782,新钢股份,普钢,江西,19961225,600782.SH,20130425,4.75,4.83,4.68,4.71,4.79,-0.08,-1.67,18597.98,8822.973,0.1335,0.6323,0.65,,,0.8722,0.1843,0.1843,0.6369,0.6369,139343.0733,139343.0733,29412.5833,656305.8752,656305.8752,,,5.107
600782,新钢股份,普钢,江西,19961225,600782.SH,20130424,4.51,4.85,4.48,4.79,4.53,0.26,5.74,57924.74,27427.529,0.4157,1.9694,2.78,,,0.887,0.1874,0.1874,0.6263,0.6263,139343.0733,139343.0733,29412.5833,667453.3211,667453.3211,,,5.107
600782,新钢股份,普钢,江西,19961225,600782.SH,20130423,4.63,4.64,4.51,4.53,4.62,-0.09,-1.95,16880.98,7662.94,0.1211,0.5739,0.57,,,0.8388,0.1772,0.1772,0.6623,0.6623,139343.0733,139343.0733,29412.5833,631224.122,631224.122,,,5.107
600782,新钢股份,普钢,江西,19961225,600782.SH,20130422,4.67,4.76,4.55,4.62,4.71,-0.09,-1.91,21587.24,9986.212,0.1549,0.7339,0.59,,,0.8555,0.1807,0.1807,0.6494,0.6494,139343.0733,139343.0733,29412.5833,643764.9986,643764.9986,,,5.107
600782,新钢股份,普钢,江西,19961225,600782.SH,20130419,4.62,4.72,4.62,4.71,4.62,0.09,1.95,21765.45,10198.518,0.1562,0.74,0.58,,,0.8722,0.1843,0.1843,0.6369,0.6369,139343.0733,139343.0733,29412.5833,656305.8752,656305.8752,,,5.107
600782,新钢股份,普钢,江西,19961225,600782.SH,20130418,4.58,4.67,4.56,4.62,4.61,0.01,0.22,25826.61,11944.989,0.1853,0.8781,0.64,,,0.8555,0.1807,0.1807,0.6494,0.6494,139343.0733,139343.0733,29412.5833,643764.9986,643764.9986,,,5.107
600782,新钢股份,普钢,江西,19961225,600782.SH,20130417,4.53,4.62,4.5,4.61,4.57,0.04,0.88,18144.49,8278.435,0.1302,0.6169,0.32,,,0.8536,0.1804,0.1804,0.6508,0.6508,139343.0733,139343.0733,29412.5833,642371.5679,642371.5679,,,5.107
600782,新钢股份,普钢,江西,19961225,600782.SH,20130416,4.42,4.61,4.38,4.57,4.65,-0.08,-1.72,61643.83,27756.573,0.4424,2.0958,1.05,,,0.8462,0.1788,0.1788,0.6565,0.6565,139343.0733,139343.0733,29412.5833,636797.845,636797.845,,,5.107
600782,新钢股份,普钢,江西,19961225,600782.SH,20130415,4.88,4.96,4.57,4.65,4.88,-0.23,-4.71,56434.07,26728.059,0.405,1.9187,1.09,38.0228,,0.8311,0.1611,0.1743,0.6452,0.6452,139343.0733,139343.0733,29412.5793,647945.2908,647945.2908,,,5.107
600782,新钢股份,普钢,江西,19961225,600782.SH,20130412,4.85,4.9,4.78,4.88,4.85,0.03,0.62,26615.94,12865.97,0.191,0.9049,0.52,39.9034,,0.8722,0.169,0.1829,0.6148,0.6148,139343.0733,139343.0733,29412.5793,679994.1977,679994.1977,,,5.107
600782,新钢股份,普钢,江西,19961225,600782.SH,20130411,4.89,4.95,4.73,4.85,4.92,-0.07,-1.42,37674.53,18182.588,0.2704,1.2809,0.7,39.6581,,0.8668,0.168,0.1818,0.6186,0.6186,139343.0733,139343.0733,29412.5793,675813.9055,675813.9055,,,5.107
600782,新钢股份,普钢,江西,19961225,600782.SH,20130410,4.74,5.0,4.67,4.92,4.76,0.16,3.36,103385.77,50456.741,0.742,3.515,2.44,40.2305,,0.8793,0.1704,0.1844,0.6098,0.6098,139343.0733,139343.0733,29412.5793,685567.9206,685567.9206,,,5.107
600782,新钢股份,普钢,江西,19961225,600782.SH,20130409,4.43,4.84,4.38,4.76,4.44,0.32,7.21,69018.72,32038.977,0.4953,2.3466,2.04,38.9222,,0.8508,0.1649,0.1784,0.6303,0.6303,139343.0733,139343.0733,29412.5793,663273.0289,663273.0289,,,5.107
600782,新钢股份,普钢,江西,19961225,600782.SH,20130408,4.4,4.47,4.26,4.44,4.45,-0.01,-0.22,22766.0,9958.55,0.1634,0.774,0.6,36.3056,,0.7936,0.1538,0.1664,0.6757,0.6757,139343.0733,139343.0733,29412.5793,618683.2455,618683.2455,,,5.107
600782,新钢股份,普钢,江西,19961225,600782.SH,20130403,4.46,4.55,4.39,4.45,4.55,-0.1,-2.2,22125.96,9837.497,0.1588,0.7523,0.55,36.3874,,0.7953,0.1541,0.1668,0.6742,0.6742,139343.0733,139343.0733,29412.5793,620076.6762,620076.6762,,,5.107
600782,新钢股份,普钢,江西,19961225,600782.SH,20130402,4.41,4.64,4.41,4.55,4.46,0.09,2.02,53354.06,24154.696,0.3829,1.814,1.21,37.2051,,0.8132,0.1576,0.1705,0.6593,0.6593,139343.0733,139343.0733,29412.5793,634010.9835,634010.9835,,,5.107
600782,新钢股份,普钢,江西,19961225,600782.SH,20130401,4.73,4.74,4.43,4.46,4.73,-0.27,-5.71,44528.62,20329.989,0.3196,1.5139,0.86,36.4691,,0.7971,0.1545,0.1672,0.6726,0.6726,139343.0733,139343.0733,29412.5793,621470.1069,621470.1069,,,5.107
600782,新钢股份,普钢,江西,19961225,600782.SH,20130329,4.7,4.77,4.67,4.73,4.7,0.03,0.64,26680.02,12593.703,0.1915,0.9071,0.48,38.6769,,0.8454,0.1638,0.1773,0.6342,0.6342,139343.0733,139343.0733,29412.5793,659092.7367,659092.7367,,,5.107
600782,新钢股份,普钢,江西,19961225,600782.SH,20130328,4.74,4.74,4.61,4.7,4.79,-0.09,-1.88,41681.34,19487.248,0.2991,1.4171,0.81,38.4316,,0.84,0.1628,0.1762,0.6383,0.6383,139343.0733,139343.0733,29412.5793,654912.4445,654912.4445,,,5.107
600782,新钢股份,普钢,江西,19961225,600782.SH,20130327,4.79,4.85,4.69,4.79,4.79,0.0,0.0,33281.97,15861.541,0.2388,1.1316,0.68,39.1675,,0.8561,0.1659,0.1795,0.6263,0.6263,139343.0733,139343.0733,29412.5793,667453.3211,667453.3211,,,5.107
600782,新钢股份,普钢,江西,19961225,600782.SH,20130326,4.75,4.9,4.61,4.79,4.78,0.01,0.21,74311.95,35517.977,0.5333,2.5265,2.03,39.1675,,0.8561,0.1659,0.1795,0.6263,0.6263,139343.0733,139343.0733,29412.5793,667453.3211,667453.3211,,,5.107
600782,新钢股份,普钢,江西,19961225,600782.SH,20130325,4.4,4.88,4.4,4.78,4.44,0.34,7.66,82722.11,38625.778,0.5937,2.8125,3.6,39.0858,,0.8543,0.1656,0.1792,0.6276,0.6276,139343.0733,139343.0733,29412.5793,666059.8904,666059.8904,,,5.107
600782,新钢股份,普钢,江西,19961225,600782.SH,20130322,4.24,4.52,4.21,4.44,4.25,0.19,4.47,46311.73,20451.754,0.3324,1.5746,2.93,36.3056,,0.7936,0.1538,0.1664,0.6757,0.6757,139343.0733,139343.0733,29412.5793,618683.2455,618683.2455,,,5.107
600782,新钢股份,普钢,江西,19961225,600782.SH,20130321,4.18,4.26,4.16,4.25,4.19,0.06,1.43,22246.67,9362.231,0.1597,0.7564,1.69,34.752,,0.7596,0.1472,0.1593,0.7059,0.7059,139343.0733,139343.0733,29412.5793,592208.0615,592208.0615,,,5.107
600782,新钢股份,普钢,江西,19961225,600782.SH,20130320,4.14,4.2,4.12,4.19,4.14,0.05,1.21,18248.05,7595.151,0.131,0.6204,1.46,34.2614,,0.7489,0.1451,0.157,0.716,0.716,139343.0733,139343.0733,29412.5793,583847.4771,583847.4771,,,5.107
600782,新钢股份,普钢,江西,19961225,600782.SH,20130319,4.1,4.14,4.07,4.14,4.08,0.06,1.47,13365.55,5477.084,0.0959,0.4544,1.01,33.8525,,0.7399,0.1434,0.1552,0.7246,0.7246,139343.0733,139343.0733,29412.5793,576880.3235,576880.3235,,,5.107
600782,新钢股份,普钢,江西,19961225,600782.SH,20130318,4.21,4.21,4.02,4.08,4.24,-0.16,-3.77,14728.88,6122.518,0.1057,0.5008,1.18,33.3619,,0.7292,0.1413,0.1529,0.7353,0.7353,139343.0733,139343.0733,29412.5793,568519.7391,568519.7391,,,5.107
600782,新钢股份,普钢,江西,19961225,600782.SH,20130315,4.23,4.27,4.18,4.24,4.24,0.0,0.0,10380.3,4387.953,0.0745,0.3529,0.75,34.6702,,0.7578,0.1469,0.1589,0.7075,0.7075,139343.0733,139343.0733,29412.5793,590814.6308,590814.6308,,,5.107
600782,新钢股份,普钢,江西,19961225,600782.SH,20130314,4.27,4.3,4.21,4.24,4.27,-0.03,-0.7,9073.62,3849.886,0.0651,0.3085,0.6,34.6702,,0.7578,0.1469,0.1589,0.7075,0.7075,139343.0733,139343.0733,29412.5793,590814.6308,590814.6308,,,5.107
600782,新钢股份,普钢,江西,19961225,600782.SH,20130313,4.21,4.28,4.2,4.27,4.24,0.03,0.71,14839.16,6294.666,0.1065,0.5045,0.94,34.9155,,0.7632,0.1479,0.16,0.7026,0.7026,139343.0733,139343.0733,29412.5793,594994.923,594994.923,,,5.107
600782,新钢股份,普钢,江西,19961225,600782.SH,20130312,4.34,4.36,4.19,4.24,4.33,-0.09,-2.08,16966.84,7235.701,0.1218,0.5769,1.07,34.6702,,0.7578,0.1469,0.1589,0.7075,0.7075,139343.0733,139343.0733,29412.5793,590814.6308,590814.6308,,,5.107
600782,新钢股份,普钢,江西,19961225,600782.SH,20130311,4.36,4.37,4.29,4.33,4.36,-0.03,-0.69,11003.01,4762.497,0.079,0.3741,0.52,35.4061,,0.7739,0.15,0.1623,0.6928,0.6928,139343.0733,139343.0733,29412.5793,603355.5074,603355.5074,,,5.107
600782,新钢股份,普钢,江西,19961225,600782.SH,20130308,4.38,4.47,4.32,4.36,4.38,-0.02,-0.46,17326.0,7619.591,0.1243,0.5891,0.8,35.6514,,0.7793,0.151,0.1634,0.6881,0.6881,139343.0733,139343.0733,29412.5793,607535.7996,607535.7996,,,5.107
600782,新钢股份,普钢,江西,19961225,600782.SH,20130307,4.44,4.44,4.34,4.38,4.44,-0.06,-1.35,15916.01,6974.367,0.1142,0.5411,0.65,35.815,,0.7828,0.1517,0.1642,0.6849,0.6849,139343.0733,139343.0733,29412.5793,610322.6611,610322.6611,,,5.107
600782,新钢股份,普钢,江西,19961225,600782.SH,20130306,4.43,4.49,4.41,4.44,4.44,0.0,0.0,17753.74,7884.644,0.1274,0.6036,0.65,36.3056,,0.7936,0.1538,0.1664,0.6757,0.6757,139343.0733,139343.0733,29412.5793,618683.2455,618683.2455,,,5.107
600782,新钢股份,普钢,江西,19961225,600782.SH,20130305,4.38,4.48,4.32,4.44,4.36,0.08,1.83,17299.11,7643.624,0.1241,0.5882,0.54,36.3056,,0.7936,0.1538,0.1664,0.6757,0.6757,139343.0733,139343.0733,29412.5793,618683.2455,618683.2455,,,5.107
600782,新钢股份,普钢,江西,19961225,600782.SH,20130304,4.59,4.6,4.33,4.36,4.62,-0.26,-5.63,37602.53,16635.826,0.2699,1.2785,1.01,35.6514,,0.7793,0.151,0.1634,0.6881,0.6881,139343.0733,139343.0733,29412.5793,607535.7996,607535.7996,,,5.107
600782,新钢股份,普钢,江西,19961225,600782.SH,20130301,4.67,4.67,4.57,4.62,4.65,-0.03,-0.65,19658.18,9051.219,0.1411,0.6684,0.5,37.7774,,0.8257,0.16,0.1732,0.6494,0.6494,139343.0733,139343.0733,29412.5793,643764.9986,643764.9986,,,5.107
600782,新钢股份,普钢,江西,19961225,600782.SH,20130228,4.61,4.7,4.59,4.65,4.61,0.04,0.87,30463.77,14135.588,0.2186,1.0357,0.68,38.0228,,0.8311,0.1611,0.1743,0.6452,0.6452,139343.0733,139343.0733,29412.5793,647945.2908,647945.2908,,,5.107
600782,新钢股份,普钢,江西,19961225,600782.SH,20130227,4.56,4.72,4.48,4.61,4.54,0.07,1.54,30699.58,14113.215,0.2203,1.0438,0.61,37.6957,,0.8239,0.1597,0.1728,0.6508,0.6508,139343.0733,139343.0733,29412.5793,642371.5679,642371.5679,,,5.107
600782,新钢股份,普钢,江西,19961225,600782.SH,20130226,4.73,4.73,4.49,4.54,4.74,-0.2,-4.22,40796.33,18788.189,0.2928,1.387,0.87,37.1233,,0.8114,0.1573,0.1702,0.6608,0.6608,139343.0733,139343.0733,29412.5793,632617.5528,632617.5528,,,5.107
600782,新钢股份,普钢,江西,19961225,600782.SH,20130225,4.88,5.02,4.7,4.74,4.87,-0.13,-2.67,64903.95,31455.735,0.4658,2.2067,1.66,38.7587,,0.8472,0.1642,0.1777,0.6329,0.6329,139343.0733,139343.0733,29412.5793,660486.1674,660486.1674,,,5.107
600782,新钢股份,普钢,江西,19961225,600782.SH,20130222,4.81,4.91,4.8,4.87,4.82,0.05,1.04,28739.27,13994.511,0.2062,0.9771,0.64,39.8217,,0.8704,0.1687,0.1825,0.616,0.616,139343.0733,139343.0733,29412.5793,678600.767,678600.767,,,5.107
600782,新钢股份,普钢,江西,19961225,600782.SH,20130221,4.91,5.11,4.81,4.82,4.92,-0.1,-2.03,59852.66,29675.662,0.4295,2.0349,1.73,39.4128,,0.8615,0.167,0.1807,0.6224,0.6224,139343.0733,139343.0733,29412.5793,671633.6133,671633.6133,,,5.107
600782,新钢股份,普钢,江西,19961225,600782.SH,20130220,4.71,5.07,4.66,4.92,4.66,0.26,5.58,57383.12,27802.186,0.4118,1.951,2.2,40.2305,,0.8793,0.1704,0.1844,0.6098,0.6098,139343.0733,139343.0733,29412.5793,685567.9206,685567.9206,,,5.107
600782,新钢股份,普钢,江西,19961225,600782.SH,20130219,4.64,4.72,4.6,4.66,4.66,0.0,0.0,23848.38,11096.177,0.1711,0.8108,0.92,38.1045,,0.8329,0.1614,0.1747,0.6438,0.6438,139343.0733,139343.0733,29412.5793,649338.7216,649338.7216,,,5.107
600782,新钢股份,普钢,江西,19961225,600782.SH,20130218,4.72,4.77,4.63,4.66,4.72,-0.06,-1.27,25737.43,12081.825,0.1847,0.875,0.92,38.1045,,0.8329,0.1614,0.1747,0.6438,0.6438,139343.0733,139343.0733,29412.5793,649338.7216,649338.7216,,,5.107
600782,新钢股份,普钢,江西,19961225,600782.SH,20130208,4.37,4.77,4.37,4.72,4.4,0.32,7.27,58194.88,26945.93,0.4176,1.9786,3.07,38.5951,,0.8436,0.1635,0.1769,0.6356,0.6356,139343.0733,139343.0733,29412.5793,657699.306,657699.306,,,5.107
600782,新钢股份,普钢,江西,19961225,600782.SH,20130207,4.35,4.4,4.34,4.4,4.36,0.04,0.92,8088.23,3540.104,0.058,0.275,0.38,35.9785,,0.7864,0.1524,0.1649,0.6818,0.6818,139343.0733,139343.0733,29412.5793,613109.5225,613109.5225,,,5.107
600782,新钢股份,普钢,江西,19961225,600782.SH,20130206,4.39,4.42,4.34,4.36,4.41,-0.05,-1.13,14510.1,6345.139,0.1041,0.4933,0.68,35.6514,,0.7793,0.151,0.1634,0.6881,0.6881,139343.0733,139343.0733,29412.5793,607535.7996,607535.7996,,,5.107
600782,新钢股份,普钢,江西,19961225,600782.SH,20130205,4.37,4.48,4.34,4.41,4.4,0.01,0.23,22894.15,10071.698,0.1643,0.7784,1.03,36.0603,,0.7882,0.1528,0.1653,0.6803,0.6803,139343.0733,139343.0733,29412.5793,614502.9533,614502.9533,,,5.107
600782,新钢股份,普钢,江西,19961225,600782.SH,20130204,4.27,4.44,4.23,4.4,4.25,0.15,3.53,36556.56,15885.748,0.2623,1.2429,2.15,35.9785,,0.7864,0.1524,0.1649,0.6818,0.6818,139343.0733,139343.0733,29412.5793,613109.5225,613109.5225,,,5.107
600782,新钢股份,普钢,江西,19961225,600782.SH,20130201,4.23,4.27,4.22,4.25,4.25,0.0,0.0,12855.95,5457.905,0.0923,0.4371,0.78,34.752,,0.7596,0.1472,0.1593,0.7059,0.7059,139343.0733,139343.0733,29412.5793,592208.0615,592208.0615,4.63,3.79,5.107
600782,新钢股份,普钢,江西,19961225,600782.SH,20130131,4.26,4.26,4.2,4.25,4.27,-0.02,-0.47,18238.62,7712.495,0.1309,0.6201,1.07,34.752,,0.7596,0.1472,0.1593,0.7059,0.7059,139343.0733,139343.0733,29412.5793,592208.0615,592208.0615,,,5.107
600782,新钢股份,普钢,江西,19961225,600782.SH,20130130,4.21,4.28,4.19,4.27,4.21,0.06,1.43,15981.97,6769.186,0.1147,0.5434,0.94,34.9155,,0.7632,0.1479,0.16,0.7026,0.7026,139343.0733,139343.0733,29412.5793,594994.923,594994.923,,,5.107
600782,新钢股份,普钢,江西,19961225,600782.SH,20130129,4.19,4.26,4.19,4.21,4.21,0.0,0.0,27086.06,11416.429,0.1944,0.9209,1.63,34.4249,,0.7525,0.1458,0.1578,0.7126,0.7126,139343.0733,139343.0733,29412.5793,586634.3386,586634.3386,,,5.107
600782,新钢股份,普钢,江西,19961225,600782.SH,20130128,4.16,4.21,4.14,4.21,4.16,0.05,1.2,10689.17,4472.457,0.0767,0.3634,0.58,34.4249,,0.7525,0.1458,0.1578,0.7126,0.7126,139343.0733,139343.0733,29412.5793,586634.3386,586634.3386,5.02,4.1,5.107
600782,新钢股份,普钢,江西,19961225,600782.SH,20130125,4.22,4.22,4.16,4.16,4.22,-0.06,-1.42,10378.88,4336.009,0.0745,0.3529,0.51,34.0161,,0.7435,0.1441,0.1559,0.7212,0.7212,139343.0733,139343.0733,29412.5793,579667.1849,579667.1849,,,5.107
600782,新钢股份,普钢,江西,19961225,600782.SH,20130124,4.25,4.36,4.22,4.22,4.25,-0.03,-0.71,21162.5,9066.897,0.1519,0.7195,0.96,34.5067,,0.7542,0.1462,0.1582,0.7109,0.7109,139343.0733,139343.0733,29412.5793,588027.7693,588027.7693,,,5.107
600782,新钢股份,普钢,江西,19961225,600782.SH,20130123,4.22,4.29,4.22,4.25,4.22,0.03,0.71,15902.25,6775.888,0.1141,0.5407,0.73,34.752,,0.7596,0.1472,0.1593,0.7059,0.7059,139343.0733,139343.0733,29412.5793,592208.0615,592208.0615,,,5.107
600782,新钢股份,普钢,江西,19961225,600782.SH,20130122,4.29,4.29,4.19,4.22,4.29,-0.07,-1.63,24965.19,10534.747,0.1792,0.8488,0.89,34.5067,,0.7542,0.1462,0.1582,0.7109,0.7109,139343.0733,139343.0733,29412.5793,588027.7693,588027.7693,,,5.107
600782,新钢股份,普钢,江西,19961225,600782.SH,20130121,4.31,4.32,4.26,4.29,4.26,0.03,0.7,19257.45,8259.436,0.1382,0.6547,0.66,35.0791,,0.7667,0.1486,0.1608,0.6993,0.6993,139343.0733,139343.0733,29412.5793,597781.7845,597781.7845,,,5.107
600782,新钢股份,普钢,江西,19961225,600782.SH,20130118,4.2,4.29,4.2,4.26,4.21,0.05,1.19,20673.59,8798.821,0.1484,0.7029,0.7,34.8337,,0.7614,0.1476,0.1597,0.7042,0.7042,139343.0733,139343.0733,29412.5793,593601.4923,593601.4923,,,5.107
600782,新钢股份,普钢,江西,19961225,600782.SH,20130117,4.2,4.32,4.18,4.21,4.18,0.03,0.72,29141.28,12372.885,0.2091,0.9908,1.0,34.4249,,0.7525,0.1458,0.1578,0.7126,0.7126,139343.0733,139343.0733,29412.5793,586634.3386,586634.3386,,,5.107
600782,新钢股份,普钢,江西,19961225,600782.SH,20130116,4.19,4.2,4.15,4.18,4.21,-0.03,-0.71,15047.97,6280.521,0.108,0.5116,0.51,34.1796,,0.7471,0.1448,0.1567,0.7177,0.7177,139343.0733,139343.0733,29412.5793,582454.0464,582454.0464,,,5.107
600782,新钢股份,普钢,江西,19961225,600782.SH,20130115,4.12,4.22,4.11,4.21,4.12,0.09,2.18,55684.68,23282.498,0.3996,1.8932,2.37,34.4249,,0.7525,0.1458,0.1578,0.7126,0.7126,139343.0733,139343.0733,29412.5793,586634.3386,586634.3386,,,5.107
600782,新钢股份,普钢,江西,19961225,600782.SH,20130114,4.06,4.13,4.04,4.12,4.06,0.06,1.48,25107.1,10275.587,0.1802,0.8536,1.07,33.689,,0.7364,0.1427,0.1544,0.7282,0.7282,139343.0733,139343.0733,29412.5793,574093.462,574093.462,,,5.107
600782,新钢股份,普钢,江西,19961225,600782.SH,20130111,4.14,4.14,4.05,4.06,4.14,-0.08,-1.93,22925.07,9377.644,0.1645,0.7794,0.82,33.1984,,0.7256,0.1406,0.1522,0.7389,0.7389,139343.0733,139343.0733,29412.5793,565732.8776,565732.8776,,,5.107
600782,新钢股份,普钢,江西,19961225,600782.SH,20130110,4.12,4.18,4.1,4.14,4.12,0.02,0.49,26770.65,11089.505,0.1921,0.9102,0.91,33.8525,,0.7399,0.1434,0.1552,0.7246,0.7246,139343.0733,139343.0733,29412.5793,576880.3235,576880.3235,,,5.107
600782,新钢股份,普钢,江西,19961225,600782.SH,20130109,4.13,4.14,4.11,4.12,4.13,-0.01,-0.24,16818.5,6932.281,0.1207,0.5718,0.41,33.689,,0.7364,0.1427,0.1544,0.7282,0.7282,139343.0733,139343.0733,29412.5793,574093.462,574093.462,,,5.107
600782,新钢股份,普钢,江西,19961225,600782.SH,20130108,4.15,4.16,4.1,4.13,4.15,-0.02,-0.48,25917.48,10695.225,0.186,0.8812,0.61,33.7707,,0.7382,0.1431,0.1548,0.7264,0.7264,139343.0733,139343.0733,29412.5793,575486.8927,575486.8927,,,5.107
600782,新钢股份,普钢,江西,19961225,600782.SH,20130107,4.15,4.16,4.11,4.15,4.16,-0.01,-0.24,25117.49,10381.215,0.1803,0.854,0.57,33.9343,,0.7417,0.1437,0.1555,0.7229,0.7229,139343.0733,139343.0733,29412.5793,578273.7542,578273.7542,,,5.107
600782,新钢股份,普钢,江西,19961225,600782.SH,20130104,4.16,4.24,4.13,4.16,4.12,0.04,0.97,44421.17,18533.301,0.3188,1.5103,1.04,34.0161,,0.7435,0.1441,0.1559,0.7212,0.7212,139343.0733,139343.0733,29412.5793,579667.1849,579667.1849,,,5.107
600782,新钢股份,普钢,江西,19961225,600782.SH,20121231,4.11,4.14,4.08,4.12,4.12,0.0,0.0,34287.36,14084.408,0.2461,1.1657,0.9,33.689,,0.7364,0.1427,0.1544,1.4563,0.7282,139343.0733,139343.0733,29412.5793,574093.462,574093.462,,,5.107
600782,新钢股份,普钢,江西,19961225,600782.SH,20121228,4.13,4.15,4.08,4.12,4.12,0.0,0.0,73812.29,30289.958,0.5297,2.5095,2.94,33.689,,0.7364,0.1427,0.1544,1.4563,0.7282,139343.0733,139343.0733,29412.5793,574093.462,574093.462,,,5.107
600782,新钢股份,普钢,江西,19961225,600782.SH,20121227,4.15,4.22,4.09,4.12,4.12,0.0,0.0,34896.27,14483.71,0.2504,1.1864,1.67,33.689,,0.7364,0.1427,0.1544,1.4563,0.7282,139343.0733,139343.0733,29412.5793,574093.462,574093.462,,,5.107
600782,新钢股份,普钢,江西,19961225,600782.SH,20121226,4.12,4.18,4.09,4.12,4.1,0.02,0.49,34175.43,14130.943,0.2453,1.1619,1.99,33.689,,0.7364,0.1427,0.1544,1.4563,0.7282,139343.0733,139343.0733,29412.5793,574093.462,574093.462,,,5.107
600782,新钢股份,普钢,江西,19961225,600782.SH,20121225,4.06,4.14,4.04,4.1,4.07,0.03,0.74,36546.55,15001.985,0.2623,1.2425,2.67,33.5254,,0.7328,0.142,0.1537,1.4634,0.7317,139343.0733,139343.0733,29412.5793,571306.6005,571306.6005,,,5.107
600782,新钢股份,普钢,江西,19961225,600782.SH,20121224,4.06,4.09,4.04,4.07,4.08,-0.01,-0.25,10536.78,4273.64,0.0756,0.3582,0.6,33.2801,,0.7274,0.141,0.1526,1.4742,0.7371,139343.0733,139343.0733,29412.5793,567126.3083,567126.3083,,,5.107
600782,新钢股份,普钢,江西,19961225,600782.SH,20121221,4.09,4.1,4.06,4.08,4.1,-0.02,-0.49,9288.45,3782.163,0.0667,0.3158,0.41,33.3619,,0.7292,0.1413,0.1529,1.4706,0.7353,139343.0733,139343.0733,29412.5793,568519.7391,568519.7391,,,5.107
600782,新钢股份,普钢,江西,19961225,600782.SH,20121220,4.06,4.1,4.05,4.1,4.08,0.02,0.49,13764.3,5611.996,0.0988,0.468,0.65,33.5254,,0.7328,0.142,0.1537,1.4634,0.7317,139343.0733,139343.0733,29412.5793,571306.6005,571306.6005,,,5.107
600782,新钢股份,普钢,江西,19961225,600782.SH,20121219,4.09,4.11,4.05,4.08,4.09,-0.01,-0.24,15591.91,6344.613,0.1119,0.5301,0.71,33.3619,,0.7292,0.1413,0.1529,1.4706,0.7353,139343.0733,139343.0733,29412.5793,568519.7391,568519.7391,,,5.107
600782,新钢股份,普钢,江西,19961225,600782.SH,20121218,4.15,4.15,4.06,4.09,4.13,-0.04,-0.97,19237.91,7874.485,0.1381,0.6541,0.88,33.4437,,0.731,0.1417,0.1533,1.467,0.7335,139343.0733,139343.0733,29412.5793,569913.1698,569913.1698,,,5.107
600782,新钢股份,普钢,江西,19961225,600782.SH,20121217,4.08,4.16,4.07,4.13,4.1,0.03,0.73,29920.72,12335.529,0.2147,0.9936,1.48,33.7707,,0.7382,0.1431,0.1548,1.4528,0.7264,139343.0733,139343.0733,30112.9029,575486.8927,575486.8927,,,5.107
600782,新钢股份,普钢,江西,19961225,600782.SH,20121214,3.98,4.12,3.98,4.1,4.0,0.1,2.5,34542.13,13994.999,0.2479,1.1471,1.74,33.5254,,0.7328,0.142,0.1537,1.4634,0.7317,139343.0733,139343.0733,30112.9029,571306.6005,571306.6005,,,5.107
600782,新钢股份,普钢,江西,19961225,600782.SH,20121213,4.0,4.03,3.99,4.0,4.03,-0.03,-0.74,6848.7,2742.271,0.0491,0.2274,0.33,32.7077,,0.7149,0.1386,0.1499,1.5,0.75,139343.0733,139343.0733,30112.9029,557372.2932,557372.2932,,,5.107
600782,新钢股份,普钢,江西,19961225,600782.SH,20121212,4.07,4.09,3.97,4.03,4.12,-0.09,-2.18,19836.94,7998.239,0.1424,0.6588,0.95,32.9531,,0.7203,0.1396,0.1511,1.4888,0.7444,139343.0733,139343.0733,30112.9029,561552.5854,561552.5854,,,5.107
600782,新钢股份,普钢,江西,19961225,600782.SH,20121211,4.08,4.13,4.05,4.12,4.08,0.04,0.98,18524.64,7575.96,0.1329,0.6152,0.95,33.689,,0.7364,0.1427,0.1544,1.4563,0.7282,139343.0733,139343.0733,30112.9029,574093.462,574093.462,,,5.107
600782,新钢股份,普钢,江西,19961225,600782.SH,20121210,4.04,4.1,4.01,4.08,4.07,0.01,0.25,21244.29,8626.849,0.1525,0.7055,1.0,33.3619,,0.7292,0.1413,0.1529,1.4706,0.7353,139343.0733,139343.0733,30112.9029,568519.7391,568519.7391,,,5.107
600782,新钢股份,普钢,江西,19961225,600782.SH,20121207,3.96,4.08,3.95,4.07,3.98,0.09,2.26,32834.21,13287.223,0.2356,1.0904,1.28,33.2801,,0.7274,0.141,0.1526,1.4742,0.7371,139343.0733,139343.0733,30112.9029,567126.3083,567126.3083,,,5.107
600782,新钢股份,普钢,江西,19961225,600782.SH,20121206,3.95,3.98,3.94,3.98,3.96,0.02,0.51,11493.96,4557.954,0.0825,0.3817,0.13,32.5442,,0.7113,0.1379,0.1492,1.5075,0.7538,139343.0733,139343.0733,30112.9029,554585.4317,554585.4317,,,5.107
600782,新钢股份,普钢,江西,19961225,600782.SH,20121205,3.9,4.01,3.88,3.96,3.91,0.05,1.28,20713.65,8209.134,0.1487,0.6879,0.23,32.3807,,0.7078,0.1372,0.1484,1.5152,0.7576,139343.0733,139343.0733,30112.9029,551798.5703,551798.5703,,,5.107
600782,新钢股份,普钢,江西,19961225,600782.SH,20121204,3.87,3.91,3.85,3.91,3.88,0.03,0.77,11561.93,4476.858,0.083,0.384,0.13,31.9718,,0.6988,0.1354,0.1466,1.5345,0.7673,139343.0733,139343.0733,30112.9029,544831.4166,544831.4166,,,5.107
600782,新钢股份,普钢,江西,19961225,600782.SH,20121203,3.97,3.97,3.88,3.88,4.04,-0.16,-3.96,29312.0,11458.516,0.2104,0.9734,0.33,31.7265,,0.6935,0.1344,0.1454,1.5464,0.7732,139343.0733,139343.0733,30112.9029,540651.1244,540651.1244,,,5.107
600782,新钢股份,普钢,江西,19961225,600782.SH,20121130,3.91,4.05,3.9,4.04,4.12,-0.08,-1.94,54719.52,21606.967,0.3927,1.8171,0.69,33.0348,,0.7221,0.1399,0.1514,1.4851,0.7426,139343.0733,139343.0733,30112.9029,562946.0161,562946.0161,,,5.107
600782,新钢股份,普钢,江西,19961225,600782.SH,20121129,3.95,4.14,3.84,4.12,3.95,0.17,4.3,335143.24,137050.677,2.4052,11.1296,22.88,33.689,,0.7364,0.1427,0.1544,1.4563,0.7282,139343.0733,139343.0733,30112.9029,574093.462,574093.462,,,5.107
600782,新钢股份,普钢,江西,19961225,600782.SH,20121128,3.96,3.97,3.92,3.95,3.98,-0.03,-0.75,21198.11,8362.818,0.1521,0.704,1.53,32.2989,,0.706,0.1368,0.1481,1.519,0.7595,139343.0733,139343.0733,30112.9029,550405.1395,550405.1395,,,5.107
600782,新钢股份,普钢,江西,19961225,600782.SH,20121127,3.99,4.0,3.93,3.98,4.0,-0.02,-0.5,19920.76,7908.138,0.143,0.6615,1.61,32.5442,,0.7113,0.1379,0.1492,1.5075,0.7538,139343.0733,139343.0733,30112.9029,554585.4317,554585.4317,,,5.107
600782,新钢股份,普钢,江西,19961225,600782.SH,20121126,4.0,4.01,3.98,4.0,4.0,0.0,0.0,12340.1,4923.383,0.0886,0.4098,0.81,32.7077,,0.7149,0.1386,0.1499,1.5,0.75,139343.0733,139343.0733,30112.9029,557372.2932,557372.2932,,,5.107
600782,新钢股份,普钢,江西,19961225,600782.SH,20121123,3.98,4.0,3.97,4.0,3.98,0.02,0.5,10485.86,4177.162,0.0753,0.3482,0.64,32.7077,,0.7149,0.1386,0.1499,1.5,0.75,139343.0733,139343.0733,30112.9029,557372.2932,557372.2932,,,5.107
600782,新钢股份,普钢,江西,19961225,600782.SH,20121122,3.98,3.99,3.95,3.98,4.01,-0.03,-0.75,9291.46,3687.797,0.0667,0.3086,0.46,32.5442,,0.7113,0.1379,0.1492,1.5075,0.7538,139343.0733,139343.0733,30112.9029,554585.4317,554585.4317,,,5.107
600782,新钢股份,普钢,江西,19961225,600782.SH,20121121,3.98,4.02,3.92,4.01,3.97,0.04,1.01,17349.23,6874.68,0.1245,0.5761,0.84,32.7895,,0.7167,0.1389,0.1503,1.4963,0.7481,139343.0733,139343.0733,30112.9029,558765.7239,558765.7239,,,5.107
600782,新钢股份,普钢,江西,19961225,600782.SH,20121120,4.01,4.01,3.97,3.97,4.01,-0.04,-1.0,12521.16,4984.024,0.0899,0.4158,0.58,32.4624,,0.7096,0.1375,0.1488,1.5113,0.7557,139343.0733,139343.0733,30112.9029,553192.001,553192.001,,,5.107
600782,新钢股份,普钢,江西,19961225,600782.SH,20121119,3.92,4.01,3.91,4.01,3.94,0.07,1.78,26285.4,10430.51,0.1886,0.8729,1.14,32.7895,,0.7167,0.1389,0.1503,1.4963,0.7481,139343.0733,139343.0733,30112.9029,558765.7239,558765.7239,,,5.107
600782,新钢股份,普钢,江西,19961225,600782.SH,20121116,3.89,3.95,3.84,3.94,3.88,0.06,1.55,16337.95,6333.921,0.1172,0.5426,0.53,32.2171,,0.7042,0.1365,0.1477,1.5228,0.7614,139343.0733,139343.0733,30112.9029,549011.7088,549011.7088,4.68,3.83,5.107
600782,新钢股份,普钢,江西,19961225,600782.SH,20121115,3.85,3.92,3.83,3.88,3.86,0.02,0.52,28784.39,11193.152,0.2066,0.9559,0.79,31.7265,,0.6935,0.1344,0.1454,1.5464,0.7732,139343.0733,139343.0733,30112.9029,540651.1244,540651.1244,4.61,3.77,5.107
600782,新钢股份,普钢,江西,19961225,600782.SH,20121114,3.78,3.86,3.78,3.86,3.79,0.07,1.85,19284.27,7364.772,0.1384,0.6404,0.5,31.563,,0.6899,0.1337,0.1447,1.5544,0.7772,139343.0733,139343.0733,30112.9029,537864.2629,537864.2629,4.55,3.73,5.107
600782,新钢股份,普钢,江西,19961225,600782.SH,20121113,3.76,3.79,3.72,3.79,3.77,0.02,0.53,17728.38,6660.134,0.1272,0.5887,0.41,30.9906,,0.6774,0.1313,0.1421,1.5831,0.7916,139343.0733,139343.0733,30112.9029,528110.2478,528110.2478,4.49,3.67,5.107
600782,新钢股份,普钢,江西,19961225,600782.SH,20121112,3.75,3.79,3.73,3.77,3.79,-0.02,-0.53,33374.64,12523.269,0.2395,1.1083,0.82,30.827,,0.6738,0.1306,0.1413,1.5915,0.7958,139343.0733,139343.0733,30112.9029,525323.3863,525323.3863,,,5.107
600782,新钢股份,普钢,江西,19961225,600782.SH,20121109,3.88,3.89,3.71,3.79,3.9,-0.11,-2.82,54622.02,20764.809,0.392,1.8139,1.68,30.9906,,0.6774,0.1313,0.1421,1.5831,0.7916,139343.0733,139343.0733,30112.9029,528110.2478,528110.2478,4.66,3.82,5.107
600782,新钢股份,普钢,江西,19961225,600782.SH,20121108,4.0,4.0,3.89,3.9,4.02,-0.12,-2.99,56958.25,22389.767,0.4088,1.8915,2.27,31.8901,,0.697,0.1351,0.1462,1.5385,0.7692,139343.0733,139343.0733,30112.9029,543437.9859,543437.9859,,,5.107
600782,新钢股份,普钢,江西,19961225,600782.SH,20121107,4.03,4.03,4.0,4.02,4.03,-0.01,-0.25,30427.99,12216.09,0.2184,1.0105,1.27,32.8713,,0.7185,0.1392,0.1507,1.4925,0.7463,139343.0733,139343.0733,30112.9029,560159.1547,560159.1547,,,5.107
600782,新钢股份,普钢,江西,19961225,600782.SH,20121106,4.05,4.06,4.01,4.03,4.06,-0.03,-0.74,40834.82,16461.391,0.2931,1.3561,1.96,32.9531,,0.7203,0.1396,0.1511,1.4888,0.7444,139343.0733,139343.0733,30112.9029,561552.5854,561552.5854,,,5.107
600782,新钢股份,普钢,江西,19961225,600782.SH,20121105,4.06,4.07,4.04,4.06,4.07,-0.01,-0.25,20968.5,8492.361,0.1505,0.6963,1.08,33.1984,,0.7256,0.1406,0.1522,1.4778,0.7389,139343.0733,139343.0733,30112.9029,565732.8776,565732.8776,,,5.107
600782,新钢股份,普钢,江西,19961225,600782.SH,20121102,4.08,4.08,4.05,4.07,4.07,0.0,0.0,13806.94,5610.044,0.0991,0.4585,0.49,33.2801,,0.7274,0.141,0.1526,1.4742,0.7371,139343.0733,139343.0733,30112.9029,567126.3083,567126.3083,,,5.107
600782,新钢股份,普钢,江西,19961225,600782.SH,20121101,4.05,4.08,4.04,4.07,4.05,0.02,0.49,19591.62,7965.458,0.1406,0.6506,0.48,33.2801,,0.7274,0.141,0.1526,1.4742,0.7371,139343.0733,139343.0733,30112.9029,567126.3083,567126.3083,4.88,4.0,5.107
600782,新钢股份,普钢,江西,19961225,600782.SH,20121031,4.05,4.06,4.04,4.05,4.05,0.0,0.0,24957.73,10102.131,0.1791,0.8278,0.57,33.1166,,0.7239,0.1403,0.1518,1.4815,0.7407,139343.0733,139343.0733,30149.4829,564339.4469,564339.4469,4.88,4.0,5.107
600782,新钢股份,普钢,江西,19961225,600782.SH,20121030,4.06,4.08,4.02,4.05,4.06,-0.01,-0.25,24940.46,10109.436,0.179,0.8272,0.59,33.1166,,0.6899,0.1403,0.1478,1.4815,0.7407,139343.0733,139343.0733,30149.4829,564339.4469,564339.4469,,,5.107
600782,新钢股份,普钢,江西,19961225,600782.SH,20121029,4.06,4.08,4.06,4.06,4.07,-0.01,-0.25,13641.66,5544.791,0.0979,0.4525,0.32,33.1984,,0.6916,0.1406,0.1482,1.4778,0.7389,139343.0733,139343.0733,30149.4829,565732.8776,565732.8776,,,5.107
600782,新钢股份,普钢,江西,19961225,600782.SH,20121026,4.12,4.13,4.06,4.07,4.15,-0.08,-1.93,56744.72,23131.17,0.4072,1.8821,1.55,33.2801,,0.6933,0.141,0.1486,1.4742,0.7371,139343.0733,139343.0733,30149.4829,567126.3083,567126.3083,,,5.107
600782,新钢股份,普钢,江西,19961225,600782.SH,20121025,4.11,4.27,4.1,4.15,4.1,0.05,1.22,84906.72,35613.907,0.6093,2.8162,3.58,33.9343,,0.707,0.1437,0.1515,1.4458,0.7229,139343.0733,139343.0733,30149.4829,578273.7542,578273.7542,,,5.107
600782,新钢股份,普钢,江西,19961225,600782.SH,20121024,4.08,4.15,4.07,4.1,4.09,0.01,0.24,38500.13,15837.159,0.2763,1.277,2.1,33.5254,,0.6985,0.142,0.1497,1.4634,0.7317,139343.0733,139343.0733,30149.4829,571306.6005,571306.6005,,,5.107
600782,新钢股份,普钢,江西,19961225,600782.SH,20121023,4.1,4.1,4.07,4.09,4.09,0.0,0.0,18458.46,7540.341,0.1325,0.6122,1.08,33.4437,,0.6968,0.1417,0.1493,1.467,0.7335,139343.0733,139343.0733,30149.4829,569913.1698,569913.1698,,,5.107
600782,新钢股份,普钢,江西,19961225,600782.SH,20121022,4.08,4.1,4.07,4.09,4.09,0.0,0.0,16223.79,6624.769,0.1164,0.5381,0.94,33.4437,,0.6968,0.1417,0.1493,1.467,0.7335,139343.0733,139343.0733,30149.4829,569913.1698,569913.1698,,,5.107
600782,新钢股份,普钢,江西,19961225,600782.SH,20121019,4.11,4.13,4.09,4.09,4.1,-0.01,-0.24,25202.28,10348.365,0.1809,0.8359,1.34,33.4437,,0.6968,0.1417,0.1493,1.467,0.7335,139343.0733,139343.0733,30149.4829,569913.1698,569913.1698,,,5.107
600782,新钢股份,普钢,江西,19961225,600782.SH,20121018,4.07,4.11,4.07,4.1,4.06,0.04,0.99,20090.12,8218.889,0.1442,0.6664,0.99,33.5254,,0.6985,0.142,0.1497,1.4634,0.7317,139343.0733,139343.0733,30149.4829,571306.6005,571306.6005,,,5.107
600782,新钢股份,普钢,江西,19961225,600782.SH,20121017,4.06,4.07,4.05,4.06,4.06,0.0,0.0,11498.41,4668.256,0.0825,0.3814,0.35,33.1984,,0.6916,0.1406,0.1482,1.4778,0.7389,139343.0733,139343.0733,30149.4829,565732.8776,565732.8776,,,5.107
600782,新钢股份,普钢,江西,19961225,600782.SH,20121016,4.07,4.08,4.05,4.06,4.07,-0.01,-0.25,12057.84,4900.181,0.0865,0.3999,0.32,33.1984,,0.6916,0.1406,0.1482,1.4778,0.7389,139343.0733,139343.0733,30149.4829,565732.8776,565732.8776,,,5.107
600782,新钢股份,普钢,江西,19961225,600782.SH,20121015,4.08,4.08,4.05,4.07,4.08,-0.01,-0.25,17677.18,7176.19,0.1269,0.5863,0.48,33.2801,,0.6933,0.141,0.1486,1.4742,0.7371,139343.0733,139343.0733,30149.4829,567126.3083,567126.3083,,,5.107
600782,新钢股份,普钢,江西,19961225,600782.SH,20121012,4.1,4.11,4.06,4.08,4.09,-0.01,-0.24,32922.04,13408.678,0.2363,1.092,0.95,33.3619,,0.6951,0.1413,0.1489,1.4706,0.7353,139343.0733,139343.0733,30149.4829,568519.7391,568519.7391,,,5.107
600782,新钢股份,普钢,江西,19961225,600782.SH,20121011,4.14,4.15,4.08,4.09,4.17,-0.08,-1.92,27394.0,11272.444,0.1966,0.9086,0.82,33.4437,,0.6968,0.1417,0.1493,1.467,0.7335,139343.0733,139343.0733,30149.4829,569913.1698,569913.1698,,,5.107
600782,新钢股份,普钢,江西,19961225,600782.SH,20121010,4.11,4.24,4.09,4.17,4.11,0.06,1.46,72069.9,29910.065,0.5172,2.3904,3.2,34.0978,,0.7104,0.1444,0.1522,1.4388,0.7194,139343.0733,139343.0733,30149.4829,581060.6157,581060.6157,,,5.107
600782,新钢股份,普钢,江西,19961225,600782.SH,20121009,4.09,4.12,4.08,4.11,4.09,0.02,0.49,39809.05,16349.587,0.2857,1.3204,2.55,33.6072,,0.7002,0.1424,0.15,1.4599,0.7299,139343.0733,139343.0733,30149.4829,572700.0313,572700.0313,,,5.107
600782,新钢股份,普钢,江西,19961225,600782.SH,20121008,4.1,4.1,4.07,4.09,4.1,-0.01,-0.24,11907.35,4864.345,0.0855,0.3949,0.76,33.4437,,0.6968,0.1417,0.1493,1.467,0.7335,139343.0733,139343.0733,30149.4829,569913.1698,569913.1698,,,5.107
600782,新钢股份,普钢,江西,19961225,600782.SH,20120928,4.07,4.11,4.06,4.1,4.07,0.03,0.74,22829.86,9332.196,0.1638,0.7572,1.63,33.5254,,0.6985,0.142,0.1497,1.4634,0.7317,139343.0733,139343.0733,30149.4829,571306.6005,571306.6005,,,5.107
600782,新钢股份,普钢,江西,19961225,600782.SH,20120927,4.06,4.09,4.05,4.07,4.06,0.01,0.25,20139.87,8192.516,0.1445,0.668,1.47,33.2801,,0.6933,0.141,0.1486,1.4742,0.7371,139343.0733,139343.0733,30149.4829,567126.3083,567126.3083,,,5.107
600782,新钢股份,普钢,江西,19961225,600782.SH,20120926,4.05,4.06,4.05,4.06,4.05,0.01,0.25,17800.1,7211.32,0.1277,0.5904,1.34,33.1984,,0.6916,0.1406,0.1482,1.4778,0.7389,139343.0733,139343.0733,30149.4829,565732.8776,565732.8776,,,5.107
600782,新钢股份,普钢,江西,19961225,600782.SH,20120925,4.05,4.08,4.05,4.05,4.06,-0.01,-0.25,5440.9,2211.586,0.039,0.1805,0.35,33.1166,,0.6899,0.1403,0.1478,1.4815,0.7407,139343.0733,139343.0733,30149.4829,564339.4469,564339.4469,,,5.107
600782,新钢股份,普钢,江西,19961225,600782.SH,20120924,4.05,4.06,4.04,4.06,4.05,0.01,0.25,12584.08,5097.592,0.0903,0.4174,0.8,33.1984,,0.6916,0.1406,0.1482,1.4778,0.7389,139343.0733,139343.0733,30149.4829,565732.8776,565732.8776,,,5.107
600782,新钢股份,普钢,江西,19961225,600782.SH,20120921,4.06,4.08,4.05,4.05,4.05,0.0,0.0,14210.73,5772.456,0.102,0.4713,0.84,33.1166,,0.6899,0.1403,0.1478,1.4815,0.7407,139343.0733,139343.0733,30149.4829,564339.4469,564339.4469,,,5.107
600782,新钢股份,普钢,江西,19961225,600782.SH,20120920,4.1,4.1,4.05,4.05,4.13,-0.08,-1.94,18356.29,7474.787,0.1317,0.6088,1.01,33.1166,,0.6899,0.1403,0.1478,1.4815,0.7407,139343.0733,139343.0733,30149.4829,564339.4469,564339.4469,,,5.107
600782,新钢股份,普钢,江西,19961225,600782.SH,20120919,4.11,4.13,4.09,4.13,4.1,0.03,0.73,16030.59,6591.652,0.115,0.5317,0.86,33.7707,,0.7036,0.1431,0.1507,1.4528,0.7264,139343.0733,139343.0733,30149.4829,575486.8927,575486.8927,,,5.107
600782,新钢股份,普钢,江西,19961225,600782.SH,20120918,4.12,4.15,4.09,4.1,4.14,-0.04,-0.97,15874.65,6530.591,0.1139,0.5265,0.85,33.5254,,0.6985,0.142,0.1497,1.4634,0.7317,139343.0733,139343.0733,30149.4829,571306.6005,571306.6005,,,5.107
600782,新钢股份,普钢,江西,19961225,600782.SH,20120917,4.24,4.24,4.11,4.14,4.25,-0.11,-2.59,14495.08,6038.357,0.104,0.4808,0.67,33.8525,,0.7053,0.1434,0.1511,1.4493,0.7246,139343.0733,139343.0733,30149.4829,576880.3235,576880.3235,4.69,3.83,5.107
600782,新钢股份,普钢,江西,19961225,600782.SH,20120914,4.28,4.28,4.23,4.25,4.27,-0.02,-0.47,20209.11,8593.142,0.145,0.6703,0.7,34.752,,0.724,0.1472,0.1551,1.4118,0.7059,139343.0733,139343.0733,30149.4829,592208.0615,592208.0615,,,5.107
600782,新钢股份,普钢,江西,19961225,600782.SH,20120913,4.25,4.32,4.22,4.27,4.26,0.01,0.23,23818.74,10183.866,0.1709,0.79,0.91,34.9155,,0.7274,0.1479,0.1559,1.4052,0.7026,139343.0733,139343.0733,30149.4829,594994.923,594994.923,,,5.107
600782,新钢股份,普钢,江西,19961225,600782.SH,20120912,4.24,4.28,4.23,4.26,4.24,0.02,0.47,18450.11,7843.104,0.1324,0.612,0.74,34.8337,,0.7257,0.1476,0.1555,1.4085,0.7042,139343.0733,139343.0733,30149.4829,593601.4923,593601.4923,4.63,3.79,5.107
600782,新钢股份,普钢,江西,19961225,600782.SH,20120911,4.25,4.25,4.2,4.24,4.26,-0.02,-0.47,16107.96,6798.928,0.1156,0.5343,0.64,34.6702,,0.7223,0.1469,0.1548,1.4151,0.7075,139343.0733,139343.0733,30149.4829,590814.6308,590814.6308,,,5.107
600782,新钢股份,普钢,江西,19961225,600782.SH,20120910,4.29,4.29,4.23,4.26,4.3,-0.04,-0.93,29279.93,12439.508,0.2101,0.9712,1.22,34.8337,,0.7257,0.1476,0.1555,1.4085,0.7042,139343.0733,139343.0733,30149.4829,593601.4923,593601.4923,4.47,3.65,5.107
600782,新钢股份,普钢,江西,19961225,600782.SH,20120907,4.23,4.35,4.18,4.3,4.2,0.1,2.38,56094.4,23921.349,0.4026,1.8605,2.31,35.1608,,0.7325,0.1489,0.157,1.3953,0.6977,139343.0733,139343.0733,30149.4829,599175.2152,599175.2152,,,5.107
600782,新钢股份,普钢,江西,19961225,600782.SH,20120906,4.19,4.23,4.17,4.2,4.16,0.04,0.96,11497.99,4829.901,0.0825,0.3814,0.23,34.3431,,0.7155,0.1455,0.1533,1.4286,0.7143,139343.0733,139343.0733,30149.4829,585240.9079,585240.9079,4.53,3.71,5.107
600782,新钢股份,普钢,江西,19961225,600782.SH,20120905,4.14,4.19,4.14,4.16,4.19,-0.03,-0.72,11478.98,4774.29,0.0824,0.3618,0.13,34.0161,,0.7087,0.1441,0.1518,1.4423,0.7212,139343.0733,139343.0733,31723.9678,579667.1849,579667.1849,,,5.107
600782,新钢股份,普钢,江西,19961225,600782.SH,20120904,4.23,4.26,4.16,4.19,4.24,-0.05,-1.18,16866.26,7109.603,0.121,0.5317,0.18,34.2614,,0.7138,0.1451,0.1529,1.432,0.716,139343.0733,139343.0733,31723.9678,583847.4771,583847.4771,,,5.107
600782,新钢股份,普钢,江西,19961225,600782.SH,20120903,4.32,4.32,4.22,4.24,4.35,-0.11,-2.53,24273.72,10339.198,0.1742,0.7652,0.25,34.6702,,0.7223,0.1469,0.1548,1.4151,0.7075,139343.0733,139343.0733,31723.9678,590814.6308,590814.6308,4.58,3.74,5.107
600782,新钢股份,普钢,江西,19961225,600782.SH,20120831,4.46,4.48,4.34,4.35,4.6,-0.25,-5.43,57102.57,25109.79,0.4098,1.8,0.65,35.5697,,0.741,0.1507,0.1588,1.3793,0.6897,139343.0733,139343.0733,31723.9678,606142.3689,606142.3689,,,5.107
600782,新钢股份,普钢,江西,19961225,600782.SH,20120830,4.51,4.65,4.45,4.6,4.52,0.08,1.77,140357.69,63548.565,1.0073,4.4243,2.23,37.6139,,0.7717,0.1593,0.1626,1.3043,0.6522,139343.0733,139343.0733,31723.9678,640978.1372,640978.1372,,,5.107
600782,新钢股份,普钢,江西,19961225,600782.SH,20120829,4.47,4.53,4.43,4.52,4.48,0.04,0.89,217785.54,98280.234,1.5629,6.865,9.76,36.9598,,0.7583,0.1566,0.1597,1.3274,0.6637,139343.0733,139343.0733,31723.9678,629830.6913,629830.6913,,,5.107
600782,新钢股份,普钢,江西,19961225,600782.SH,20120828,4.43,4.49,4.41,4.48,4.43,0.05,1.13,30529.65,13616.18,0.2191,0.9624,1.75,36.6327,,0.7515,0.1552,0.1583,1.3393,0.6696,139343.0733,139343.0733,31723.9678,624256.9684,624256.9684,,,5.107
600782,新钢股份,普钢,江西,19961225,600782.SH,20120827,4.46,4.46,4.3,4.43,4.46,-0.03,-0.67,32201.93,14172.009,0.2311,1.0151,2.38,36.2238,,0.7432,0.1534,0.1565,1.3544,0.6772,139343.0733,139343.0733,31723.9678,617289.8147,617289.8147,,,5.107
600782,新钢股份,普钢,江西,19961225,600782.SH,20120824,4.47,4.47,4.45,4.46,4.47,-0.01,-0.22,20942.72,9337.764,0.1503,0.6602,1.91,36.4691,,0.7482,0.1545,0.1576,1.3453,0.6726,139343.0733,139343.0733,31723.9678,621470.1069,621470.1069,,,5.107
600782,新钢股份,普钢,江西,19961225,600782.SH,20120823,4.48,4.48,4.46,4.47,4.46,0.01,0.22,13699.67,6123.47,0.0983,0.4318,1.42,36.5509,,0.7499,0.1548,0.158,1.3423,0.6711,139343.0733,139343.0733,31723.9678,622863.5377,622863.5377,,,5.107
600782,新钢股份,普钢,江西,19961225,600782.SH,20120822,4.46,4.48,4.46,4.46,4.46,0.0,0.0,14197.64,6335.194,0.1019,0.4475,1.69,36.4691,,0.7482,0.1545,0.1576,1.3453,0.6726,139343.0733,139343.0733,31723.9678,621470.1069,621470.1069,,,5.107
600782,新钢股份,普钢,江西,19961225,600782.SH,20120821,4.47,4.48,4.46,4.46,4.46,0.0,0.0,6402.48,2861.027,0.0459,0.2018,0.67,36.4691,,0.7482,0.1545,0.1576,1.3453,0.6726,139343.0733,139343.0733,31723.9678,621470.1069,621470.1069,,,5.107
600782,新钢股份,普钢,江西,19961225,600782.SH,20120820,4.44,4.46,4.43,4.46,4.46,0.0,0.0,12407.69,5515.797,0.089,0.3911,1.35,36.4691,,0.7482,0.1545,0.1576,1.3453,0.6726,139343.0733,139343.0733,31723.9678,621470.1069,621470.1069,,,5.107
600782,新钢股份,普钢,江西,19961225,600782.SH,20120817,4.43,4.46,4.43,4.46,4.44,0.02,0.45,8112.12,3603.575,0.0582,0.2557,0.94,36.4691,,0.7482,0.1545,0.1576,1.3453,0.6726,139343.0733,139343.0733,31723.9678,621470.1069,621470.1069,,,5.107
600782,新钢股份,普钢,江西,19961225,600782.SH,20120816,4.43,4.45,4.43,4.44,4.43,0.01,0.23,7128.83,3160.132,0.0512,0.2247,0.85,36.3056,,0.7448,0.1538,0.1569,1.3514,0.6757,139343.0733,139343.0733,31723.9678,618683.2455,618683.2455,,,5.107
600782,新钢股份,普钢,江西,19961225,600782.SH,20120815,4.45,4.45,4.43,4.43,4.46,-0.03,-0.67,7920.3,3513.315,0.0568,0.2497,0.93,36.2238,,0.7432,0.1534,0.1565,1.3544,0.6772,139343.0733,139343.0733,31723.9678,617289.8147,617289.8147,,,5.107
600782,新钢股份,普钢,江西,19961225,600782.SH,20120814,4.44,4.47,4.42,4.46,4.44,0.02,0.45,12310.32,5460.433,0.0883,0.388,1.4,36.4691,,0.7482,0.1545,0.1576,1.3453,0.6726,139343.0733,139343.0733,31723.9678,621470.1069,621470.1069,,,5.107
600782,新钢股份,普钢,江西,19961225,600782.SH,20120813,4.48,4.48,4.43,4.44,4.48,-0.04,-0.89,10455.45,4656.413,0.075,0.3296,1.25,36.3056,,0.7448,0.1538,0.1569,1.3514,0.6757,139343.0733,139343.0733,31723.9678,618683.2455,618683.2455,,,5.107
600782,新钢股份,普钢,江西,19961225,600782.SH,20120810,4.46,4.48,4.45,4.48,4.46,0.02,0.45,5153.0,2300.501,0.037,0.1624,0.53,36.6327,,0.7515,0.1552,0.1583,1.3393,0.6696,139343.0733,139343.0733,31723.9678,624256.9684,624256.9684,,,5.107
600782,新钢股份,普钢,江西,19961225,600782.SH,20120809,4.46,4.47,4.43,4.46,4.45,0.01,0.22,5914.76,2632.617,0.0424,0.1864,0.42,36.4691,,0.7482,0.1545,0.1576,1.3453,0.6726,139343.0733,139343.0733,31723.9678,621470.1069,621470.1069,,,5.107
600782,新钢股份,普钢,江西,19961225,600782.SH,20120808,4.46,4.46,4.43,4.45,4.48,-0.03,-0.67,8812.17,3919.158,0.0632,0.2778,0.61,36.3874,,0.7465,0.1541,0.1573,1.3483,0.6742,139343.0733,139343.0733,31723.9678,620076.6762,620076.6762,,,5.107
600782,新钢股份,普钢,江西,19961225,600782.SH,20120807,4.45,4.5,4.44,4.48,4.46,0.02,0.45,13511.17,6042.943,0.097,0.4259,0.95,36.6327,,0.7515,0.1552,0.1583,1.3393,0.6696,139343.0733,139343.0733,31723.9678,624256.9684,624256.9684,,,5.107
600782,新钢股份,普钢,江西,19961225,600782.SH,20120806,4.42,4.47,4.42,4.46,4.45,0.01,0.22,8543.0,3800.86,0.0613,0.2693,0.53,36.4691,,0.7482,0.1545,0.1576,1.3453,0.6726,139343.0733,139343.0733,31723.9678,621470.1069,621470.1069,,,5.107
600782,新钢股份,普钢,江西,19961225,600782.SH,20120803,4.4,4.46,4.4,4.45,4.41,0.04,0.91,12248.33,5420.972,0.0879,0.3861,0.72,36.3874,,0.7465,0.1541,0.1573,1.3483,0.6742,139343.0733,139343.0733,31723.9678,620076.6762,620076.6762,,,5.107
600782,新钢股份,普钢,江西,19961225,600782.SH,20120802,4.39,4.52,4.38,4.41,4.38,0.03,0.68,27854.12,12382.653,0.1999,0.878,2.01,36.0603,,0.7398,0.1528,0.1558,1.3605,0.6803,139343.0733,139343.0733,31723.9678,614502.9533,614502.9533,,,5.107
600782,新钢股份,普钢,江西,19961225,600782.SH,20120801,4.38,4.4,4.37,4.38,4.38,0.0,0.0,10572.64,4638.038,0.0759,0.3333,0.73,35.815,,0.7348,0.1517,0.1548,1.3699,0.6849,139343.0733,139343.0733,31723.9678,610322.6611,610322.6611,,,5.107
600782,新钢股份,普钢,江西,19961225,600782.SH,20120731,4.38,4.4,4.38,4.38,4.38,0.0,0.0,12248.34,5371.458,0.0879,0.3861,0.82,35.815,,0.7348,0.1517,0.1548,1.3699,0.6849,139343.0733,139343.0733,31723.9678,610322.6611,610322.6611,,,5.107
600782,新钢股份,普钢,江西,19961225,600782.SH,20120730,4.38,4.45,4.38,4.38,4.38,0.0,0.0,18313.22,8041.101,0.1314,0.5773,0.61,35.815,,0.7348,0.1517,0.1548,1.3699,0.6849,139343.0733,139343.0733,31723.9678,610322.6611,610322.6611,,,5.107
600782,新钢股份,普钢,江西,19961225,600782.SH,20120727,4.45,4.45,4.38,4.38,4.43,-0.05,-1.13,16307.58,7184.123,0.117,0.514,0.54,35.815,,0.7348,0.1517,0.1548,1.3699,0.6849,139343.0733,139343.0733,31723.9678,610322.6611,610322.6611,,,5.107
600782,新钢股份,普钢,江西,19961225,600782.SH,20120726,4.41,4.46,4.4,4.43,4.42,0.01,0.23,11742.0,5201.552,0.0843,0.3701,0.38,36.2238,,0.7432,0.1534,0.1565,1.3544,0.6772,139343.0733,139343.0733,31723.9678,617289.8147,617289.8147,,,5.107
600782,新钢股份,普钢,江西,19961225,600782.SH,20120725,4.48,4.48,4.41,4.42,4.49,-0.07,-1.56,13732.34,6094.079,0.0986,0.4329,0.45,36.1421,,0.7415,0.1531,0.1562,1.3575,0.6787,139343.0733,139343.0733,31723.9678,615896.384,615896.384,,,5.107
600782,新钢股份,普钢,江西,19961225,600782.SH,20120724,4.45,4.53,4.45,4.49,4.53,-0.04,-0.88,14433.83,6480.37,0.1036,0.455,0.5,36.7144,,0.7532,0.1555,0.1587,1.3363,0.6682,139343.0733,139343.0733,31723.9678,625650.3991,625650.3991,,,5.107
600782,新钢股份,普钢,江西,19961225,600782.SH,20120723,4.42,4.54,4.39,4.53,4.44,0.09,2.03,93621.51,42232.344,0.6719,2.9511,7.34,37.0415,,0.7599,0.1569,0.1601,1.3245,0.6623,139343.0733,139343.0733,31723.9678,631224.122,631224.122,,,5.107
600782,新钢股份,普钢,江西,19961225,600782.SH,20120720,4.41,4.46,4.37,4.44,4.44,0.0,0.0,16656.96,7345.487,0.1195,0.5251,1.46,36.3056,,0.7448,0.1538,0.1569,1.3514,0.6757,139343.0733,139343.0733,31723.9678,618683.2455,618683.2455,,,5.107
600782,新钢股份,普钢,江西,19961225,600782.SH,20120719,4.37,4.46,4.37,4.44,4.38,0.06,1.37,16498.71,7282.396,0.1184,0.5201,1.32,36.3056,,0.7448,0.1538,0.1569,1.3514,0.6757,139343.0733,139343.0733,31723.9678,618683.2455,618683.2455,,,5.107
600782,新钢股份,普钢,江西,19961225,600782.SH,20120718,4.39,4.42,4.36,4.38,4.38,0.0,0.0,12463.99,5464.356,0.0894,0.3929,0.97,35.815,,0.7348,0.1517,0.1548,1.3699,0.6849,139343.0733,139343.0733,31723.9678,610322.6611,610322.6611,,,5.107
600782,新钢股份,普钢,江西,19961225,600782.SH,20120717,4.36,4.42,4.36,4.38,4.36,0.02,0.46,5761.23,2523.203,0.0413,0.1816,0.42,35.815,,0.7348,0.1517,0.1548,1.3699,0.6849,139343.0733,139343.0733,31723.9678,610322.6611,610322.6611,,,5.107
600782,新钢股份,普钢,江西,19961225,600782.SH,20120716,4.38,4.38,4.33,4.36,4.34,0.02,0.46,12365.02,5371.967,0.0887,0.3898,0.99,35.6514,,0.7314,0.151,0.1541,1.3761,0.6881,139343.0733,139343.0733,31723.9678,607535.7996,607535.7996,,,5.107
600782,新钢股份,普钢,江西,19961225,600782.SH,20120713,4.38,4.41,4.34,4.34,4.38,-0.04,-0.91,10045.99,4387.392,0.0721,0.3167,0.75,35.4879,,0.7281,0.1503,0.1534,1.3825,0.6912,139343.0733,139343.0733,31723.9678,604748.9381,604748.9381,,,5.107
600782,新钢股份,普钢,江西,19961225,600782.SH,20120712,4.42,4.42,4.35,4.38,4.43,-0.05,-1.13,21986.26,9626.377,0.1578,0.693,1.35,35.815,,0.7348,0.1517,0.1548,1.3699,0.6849,139343.0733,139343.0733,31723.9678,610322.6611,610322.6611,,,5.107
600782,新钢股份,普钢,江西,19961225,600782.SH,20120711,4.44,4.46,4.4,4.43,4.45,-0.02,-0.45,14389.68,6373.149,0.1033,0.4536,0.96,36.2238,,0.7432,0.1534,0.1565,1.3544,0.6772,139343.0733,139343.0733,31723.9678,617289.8147,617289.8147,,,5.107
600782,新钢股份,普钢,江西,19961225,600782.SH,20120710,4.47,4.48,4.44,4.45,4.48,-0.03,-0.67,10456.0,4653.468,0.075,0.3296,0.66,36.3874,,0.7465,0.1541,0.1573,1.3483,0.6742,139343.0733,139343.0733,31723.9678,620076.6762,620076.6762,,,5.107
600782,新钢股份,普钢,江西,19961225,600782.SH,20120709,4.51,4.52,4.47,4.48,4.55,-0.07,-1.54,5872.2,2641.295,0.0421,0.1851,0.36,36.6327,,0.7515,0.1552,0.1583,1.3393,0.6696,139343.0733,139343.0733,31723.9678,624256.9684,624256.9684,,,5.107
600782,新钢股份,普钢,江西,19961225,600782.SH,20120706,4.51,4.55,4.46,4.55,4.54,0.01,0.22,14609.35,6599.442,0.1048,0.4605,0.95,37.2051,,0.7633,0.1576,0.1608,1.3187,0.6593,139343.0733,139343.0733,31723.9678,634010.9835,634010.9835,,,5.107
600782,新钢股份,普钢,江西,19961225,600782.SH,20120705,4.52,4.56,4.14,4.54,4.49,0.05,1.11,36360.1,16311.378,0.2609,1.1461,3.68,37.1233,,0.7616,0.1573,0.1604,1.3216,0.6608,139343.0733,139343.0733,31723.9678,632617.5528,632617.5528,,,5.107
600782,新钢股份,普钢,江西,19961225,600782.SH,20120704,4.5,4.5,4.47,4.49,4.51,-0.02,-0.44,7462.38,3347.814,0.0536,0.2352,0.72,36.7144,,0.7532,0.1555,0.1587,1.3363,0.6682,139343.0733,139343.0733,31723.9678,625650.3991,625650.3991,,,5.107
600782,新钢股份,普钢,江西,19961225,600782.SH,20120703,4.46,4.53,4.42,4.51,4.47,0.04,0.89,15350.06,6910.614,0.1102,0.4839,1.79,36.878,,0.7566,0.1562,0.1594,1.3304,0.6652,139343.0733,139343.0733,31723.9678,628437.2606,628437.2606,,,5.107
600782,新钢股份,普钢,江西,19961225,600782.SH,20120702,4.5,4.51,4.44,4.47,4.47,0.0,0.0,8605.18,3843.122,0.0618,0.2713,0.99,36.5509,,0.7499,0.1548,0.158,1.3423,0.6711,139343.0733,139343.0733,31723.9678,622863.5377,622863.5377,,,5.107
600782,新钢股份,普钢,江西,19961225,600782.SH,20120629,4.46,4.48,4.41,4.47,4.46,0.01,0.22,9426.75,4186.084,0.0677,0.2971,0.89,36.5509,,0.7499,0.1548,0.158,1.3423,2.0134,139343.0733,139343.0733,31723.9678,622863.5377,622863.5377,,,5.107
600782,新钢股份,普钢,江西,19961225,600782.SH,20120628,4.5,4.51,4.42,4.46,4.45,0.01,0.22,8614.47,3840.388,0.0618,0.2715,0.82,36.4691,,0.7482,0.1545,0.1576,1.3453,2.0179,139343.0733,139343.0733,31723.9678,621470.1069,621470.1069,,,5.107
600782,新钢股份,普钢,江西,19961225,600782.SH,20120627,4.5,4.56,4.43,4.45,4.52,-0.07,-1.55,10073.02,4531.067,0.0723,0.3175,1.05,36.3874,,0.7465,0.1541,0.1573,1.3483,2.0225,139343.0733,139343.0733,31723.9678,620076.6762,620076.6762,,,5.107
600782,新钢股份,普钢,江西,19961225,600782.SH,20120626,4.52,4.53,4.48,4.52,4.49,0.03,0.67,6203.82,2792.253,0.0445,0.1956,0.61,36.9598,,0.7583,0.1566,0.1597,1.3274,1.9912,139343.0733,139343.0733,31723.9678,629830.6913,629830.6913,,,5.107
600782,新钢股份,普钢,江西,19961225,600782.SH,20120625,4.55,4.55,4.48,4.49,4.54,-0.05,-1.1,9270.01,4175.006,0.0665,0.2922,0.86,36.7144,,0.7532,0.1555,0.1587,1.3363,2.0045,139343.0733,139343.0733,31723.9678,625650.3991,625650.3991,,,5.107
600782,新钢股份,普钢,江西,19961225,600782.SH,20120621,4.61,4.62,4.57,4.57,4.6,-0.03,-0.65,18771.08,8612.266,0.1347,0.5917,1.98,37.3686,,0.7628,0.1583,0.1615,1.3129,1.3129,139343.0733,139343.0733,31723.9678,636797.845,636797.845,,,5.107
600782,新钢股份,普钢,江西,19961225,600782.SH,20120620,4.62,4.63,4.59,4.6,4.61,-0.01,-0.22,8066.18,3717.045,0.0579,0.2543,0.81,37.6139,,0.7678,0.1593,0.1626,1.3043,1.3043,139343.0733,139343.0733,31723.9678,640978.1372,640978.1372,,,5.107
600782,新钢股份,普钢,江西,19961225,600782.SH,20120619,4.64,4.64,4.6,4.61,4.64,-0.03,-0.65,5531.39,2549.408,0.0397,0.1744,0.48,37.6957,,0.7695,0.1597,0.1629,1.3015,1.3015,139343.0733,139343.0733,31723.9678,642371.5679,642371.5679,,,5.107
600782,新钢股份,普钢,江西,19961225,600782.SH,20120618,4.64,4.66,4.61,4.64,4.63,0.01,0.22,8988.99,4171.022,0.0645,0.2834,0.74,37.941,,0.7745,0.1607,0.164,1.2931,1.2931,139343.0733,139343.0733,31723.9678,646551.8601,646551.8601,,,5.107
600782,新钢股份,普钢,江西,19961225,600782.SH,20120615,4.6,4.63,4.59,4.63,4.61,0.02,0.43,12304.3,5668.407,0.0883,0.3879,1.05,37.8592,,0.7728,0.1604,0.1636,1.2959,1.2959,139343.0733,139343.0733,31723.9678,645158.4294,645158.4294,,,5.107
600782,新钢股份,普钢,江西,19961225,600782.SH,20120614,4.61,4.65,4.59,4.61,4.61,0.0,0.0,12520.81,5783.171,0.0899,0.3947,1.15,37.6957,,0.7695,0.1597,0.1629,1.3015,1.3015,139343.0733,139343.0733,31723.9678,642371.5679,642371.5679,,,5.107
600782,新钢股份,普钢,江西,19961225,600782.SH,20120613,4.58,4.62,4.58,4.61,4.57,0.04,0.88,10472.04,4814.353,0.0752,0.3301,0.8,37.6957,,0.7695,0.1597,0.1629,1.3015,1.3015,139343.0733,139343.0733,31723.9678,642371.5679,642371.5679,,,5.107
600782,新钢股份,普钢,江西,19961225,600782.SH,20120612,4.62,4.62,4.57,4.57,4.62,-0.05,-1.08,13880.83,6365.526,0.0996,0.4376,1.1,37.3686,,0.7628,0.1583,0.1615,1.3129,1.3129,139343.0733,139343.0733,31723.9678,636797.845,636797.845,,,5.107
600782,新钢股份,普钢,江西,19961225,600782.SH,20120611,4.6,4.64,4.59,4.62,4.6,0.02,0.43,11525.25,5309.88,0.0827,0.3633,0.76,37.7774,,0.7711,0.16,0.1633,1.2987,1.2987,139343.0733,139343.0733,31723.9678,643764.9986,643764.9986,,,5.107
600782,新钢股份,普钢,江西,19961225,600782.SH,20120608,4.63,4.65,4.57,4.6,4.59,0.01,0.22,9978.97,4596.493,0.0716,0.3146,0.64,37.6139,,0.7678,0.1593,0.1626,1.3043,1.3043,139343.0733,139343.0733,31723.9678,640978.1372,640978.1372,,,5.107
600782,新钢股份,普钢,江西,19961225,600782.SH,20120607,4.64,4.64,4.58,4.59,4.6,-0.01,-0.22,8802.48,4051.834,0.0632,0.2775,0.55,37.5321,,0.7661,0.159,0.1622,1.3072,1.3072,139343.0733,139343.0733,31723.9678,639584.7064,639584.7064,,,5.107
600782,新钢股份,普钢,江西,19961225,600782.SH,20120606,4.68,4.68,4.59,4.6,4.66,-0.06,-1.29,21603.14,9972.01,0.155,0.681,1.4,37.6139,,0.7678,0.1593,0.1626,1.3043,1.3043,139343.0733,139343.0733,31723.9678,640978.1372,640978.1372,,,5.107
600782,新钢股份,普钢,江西,19961225,600782.SH,20120605,4.71,4.71,4.64,4.66,4.68,-0.02,-0.43,11426.2,5336.681,0.082,0.3602,0.63,38.1045,,0.7778,0.1614,0.1647,1.2876,1.2876,139343.0733,139343.0733,31723.9678,649338.7216,649338.7216,,,5.107
600782,新钢股份,普钢,江西,19961225,600782.SH,20120604,4.72,4.73,4.65,4.68,4.76,-0.08,-1.68,23923.8,11196.733,0.1717,0.7541,1.23,38.2681,,0.7812,0.1621,0.1654,1.2821,1.2821,139343.0733,139343.0733,31723.9678,652125.583,652125.583,,,5.107
600782,新钢股份,普钢,江西,19961225,600782.SH,20120601,4.77,4.79,4.75,4.76,4.77,-0.01,-0.21,12285.01,5853.868,0.0882,0.3872,0.53,38.9222,,0.7945,0.1649,0.1682,1.2605,1.2605,139343.0733,139343.0733,31723.9678,663273.0289,663273.0289,,,5.107
600782,新钢股份,普钢,江西,19961225,600782.SH,20120531,4.77,4.8,4.75,4.77,4.81,-0.04,-0.83,10079.12,4807.355,0.0723,0.3177,0.42,39.004,,0.7962,0.1652,0.1686,1.2579,1.2579,139343.0733,139343.0733,31723.9678,664666.4596,664666.4596,,,5.107
600782,新钢股份,普钢,江西,19961225,600782.SH,20120530,4.82,4.86,4.8,4.81,4.83,-0.02,-0.41,19200.0,9263.77,0.1378,0.6052,0.86,39.3311,,0.8029,0.1666,0.17,1.2474,1.2474,139343.0733,139343.0733,31723.9678,670240.1826,670240.1826,,,5.107
600782,新钢股份,普钢,江西,19961225,600782.SH,20120529,4.83,4.86,4.75,4.83,4.82,0.01,0.21,24788.92,11949.313,0.1779,0.7814,1.27,39.4946,,0.8062,0.1673,0.1707,1.2422,1.2422,139343.0733,139343.0733,31723.9678,673027.044,673027.044,,,5.107
600782,新钢股份,普钢,江西,19961225,600782.SH,20120528,4.71,4.83,4.7,4.82,4.74,0.08,1.69,30902.47,14796.358,0.2218,0.9741,1.98,39.4128,,0.8045,0.167,0.1703,1.2448,1.2448,139343.0733,139343.0733,31723.9678,671633.6133,671633.6133,,,5.107
600782,新钢股份,普钢,江西,19961225,600782.SH,20120525,4.72,4.83,4.63,4.74,4.74,0.0,0.0,30733.23,14512.388,0.2206,0.9688,2.54,38.7587,,0.7912,0.1642,0.1675,1.2658,1.2658,139343.0733,139343.0733,31723.9678,660486.1674,660486.1674,,,5.107
600782,新钢股份,普钢,江西,19961225,600782.SH,20120524,4.75,4.75,4.7,4.74,4.75,-0.01,-0.21,14056.5,6638.904,0.1009,0.4431,1.21,38.7587,,0.7912,0.1642,0.1675,1.2658,1.2658,139343.0733,139343.0733,31723.9678,660486.1674,660486.1674,,,5.107
600782,新钢股份,普钢,江西,19961225,600782.SH,20120523,4.79,4.81,4.72,4.75,4.79,-0.04,-0.84,10965.4,5215.23,0.0787,0.3457,0.91,38.8404,,0.7928,0.1645,0.1679,1.2632,1.2632,139343.0733,139343.0733,31723.9678,661879.5982,661879.5982,,,5.107
600782,新钢股份,普钢,江西,19961225,600782.SH,20120522,4.79,4.81,4.78,4.79,4.78,0.01,0.21,10905.89,5227.448,0.0783,0.3438,0.83,39.1675,,0.7995,0.1659,0.1693,1.2526,1.2526,139343.0733,139343.0733,31723.9678,667453.3211,667453.3211,,,5.107
600782,新钢股份,普钢,江西,19961225,600782.SH,20120521,4.8,4.82,4.76,4.78,4.78,0.0,0.0,11571.35,5531.805,0.083,0.3648,0.81,39.0858,,0.7979,0.1656,0.1689,1.2552,1.2552,139343.0733,139343.0733,31723.9678,666059.8904,666059.8904,,,5.107
600782,新钢股份,普钢,江西,19961225,600782.SH,20120518,4.79,4.84,4.77,4.78,4.79,-0.01,-0.21,12928.3,6200.808,0.0928,0.4075,0.9,39.0858,,0.7979,0.1656,0.1689,1.2552,1.2552,139343.0733,139343.0733,31723.9678,666059.8904,666059.8904,,,5.107
600782,新钢股份,普钢,江西,19961225,600782.SH,20120517,4.79,4.82,4.76,4.79,4.77,0.02,0.42,11564.19,5537.858,0.083,0.3645,0.73,39.1675,,0.7995,0.1659,0.1693,1.2526,1.2526,139343.0733,139343.0733,31723.9678,667453.3211,667453.3211,,,5.107
600782,新钢股份,普钢,江西,19961225,600782.SH,20120516,4.8,4.85,4.76,4.77,4.82,-0.05,-1.04,13064.0,6266.637,0.0938,0.4118,0.72,39.004,,0.7962,0.1652,0.1686,1.2579,1.2579,139343.0733,139343.0733,31723.9678,664666.4596,664666.4596,,,5.107
600782,新钢股份,普钢,江西,19961225,600782.SH,20120515,4.86,4.87,4.75,4.82,4.88,-0.06,-1.23,16343.5,7884.788,0.1173,0.5152,0.9,39.4128,,0.8045,0.167,0.1703,1.2448,1.2448,139343.0733,139343.0733,31723.9678,671633.6133,671633.6133,,,5.107
600782,新钢股份,普钢,江西,19961225,600782.SH,20120514,4.96,4.96,4.87,4.88,4.92,-0.04,-0.81,17304.01,8517.516,0.1242,0.5455,0.86,39.9034,,0.8145,0.169,0.1724,1.2295,1.2295,139343.0733,139343.0733,31723.9678,679994.1977,679994.1977,,,5.107
600782,新钢股份,普钢,江西,19961225,600782.SH,20120511,4.95,4.98,4.91,4.92,4.95,-0.03,-0.61,13206.92,6497.854,0.0948,0.4163,0.44,40.2305,,0.8212,0.1704,0.1739,1.2195,1.2195,139343.0733,139343.0733,31723.9678,685567.9206,685567.9206,,,5.107
600782,新钢股份,普钢,江西,19961225,600782.SH,20120510,4.9,5.0,4.9,4.95,4.9,0.05,1.02,19475.62,9646.898,0.1398,0.6139,0.48,40.4758,,0.8262,0.1715,0.1749,1.2121,1.2121,139343.0733,139343.0733,31723.9678,689748.2128,689748.2128,,,5.107
600782,新钢股份,普钢,江西,19961225,600782.SH,20120509,4.96,4.97,4.9,4.9,4.97,-0.07,-1.41,23887.83,11746.298,0.1714,0.753,0.58,40.067,,0.8179,0.1697,0.1732,1.2245,1.2245,139343.0733,139343.0733,31723.9678,682781.0592,682781.0592,,,5.107
600782,新钢股份,普钢,江西,19961225,600782.SH,20120508,4.95,4.98,4.94,4.97,4.97,0.0,0.0,16779.6,8313.477,0.1204,0.5289,0.37,40.6394,,0.8296,0.1722,0.1756,1.2072,1.2072,139343.0733,139343.0733,31723.9678,692535.0743,692535.0743,,,5.107
600782,新钢股份,普钢,江西,19961225,600782.SH,20120507,5.01,5.01,4.94,4.97,5.04,-0.07,-1.39,26784.47,13283.039,0.1922,0.8443,0.63,40.6394,,0.8296,0.1722,0.1756,1.2072,1.2072,139343.0733,139343.0733,31723.9678,692535.0743,692535.0743,,,5.107
600782,新钢股份,普钢,江西,19961225,600782.SH,20120504,5.09,5.15,4.99,5.04,5.11,-0.07,-1.37,62200.88,31317.007,0.4464,1.9607,1.75,41.2118,,0.8413,0.1746,0.1781,1.1905,1.1905,139343.0733,139343.0733,31723.9678,702289.0894,702289.0894,,,5.107
600782,新钢股份,普钢,江西,19961225,600782.SH,20120502,5.05,5.15,4.94,5.11,5.05,0.06,1.19,75144.99,37886.466,0.5393,2.3687,2.96,41.7841,,0.8529,0.177,0.1806,1.1742,1.1742,139343.0733,139343.0733,31723.9678,712043.1046,712043.1046,,,5.107
600782,新钢股份,普钢,江西,19961225,600782.SH,20120427,5.04,5.16,5.01,5.05,5.05,0.0,0.0,26424.71,13434.118,0.1896,0.833,1.07,41.2935,41.2935,0.8174,0.1749,0.1749,1.1881,1.1881,139343.0733,139343.0733,31723.9678,703682.5202,703682.5202,,,5.107
600782,新钢股份,普钢,江西,19961225,600782.SH,20120426,4.98,5.07,4.91,5.05,4.95,0.1,2.02,34375.55,17232.087,0.2467,1.0836,1.35,41.2935,41.2935,0.8174,0.1749,0.1749,1.1881,1.1881,139343.0733,139343.0733,31723.9678,703682.5202,703682.5202,,,5.107
600782,新钢股份,普钢,江西,19961225,600782.SH,20120425,4.9,5.0,4.9,4.95,4.92,0.03,0.61,15290.97,7569.61,0.1097,0.482,0.54,40.4758,40.4758,0.8012,0.1715,0.1715,1.2121,1.2121,139343.0733,139343.0733,31723.9678,689748.2128,689748.2128,,,5.107
600782,新钢股份,普钢,江西,19961225,600782.SH,20120424,4.97,5.03,4.84,4.92,5.01,-0.09,-1.8,26255.47,12935.557,0.1884,0.8276,0.93,40.2305,40.2305,0.7964,0.1704,0.1704,1.2195,1.2195,139343.0733,139343.0733,31723.9678,685567.9206,685567.9206,,,5.107
600782,新钢股份,普钢,江西,19961225,600782.SH,20120423,5.02,5.04,4.96,5.01,5.03,-0.02,-0.4,24530.12,12276.202,0.176,0.7732,0.87,40.9665,40.9665,0.811,0.1735,0.1735,1.1976,1.1976,139343.0733,139343.0733,31723.9678,698108.7972,698108.7972,,,5.107
600782,新钢股份,普钢,江西,19961225,600782.SH,20120420,5.01,5.05,4.99,5.03,5.01,0.02,0.4,23500.69,11800.48,0.1687,0.7408,0.81,41.13,41.13,0.8142,0.1742,0.1742,1.1928,1.1928,139343.0733,139343.0733,31723.9678,700895.6587,700895.6587,,,5.107
600782,新钢股份,普钢,江西,19961225,600782.SH,20120419,5.07,5.07,4.99,5.01,5.08,-0.07,-1.38,37850.88,18967.133,0.2716,1.1931,1.46,40.9665,40.9665,0.811,0.1735,0.1735,1.1976,1.1976,139343.0733,139343.0733,31723.9678,698108.7972,698108.7972,,,5.107
600782,新钢股份,普钢,江西,19961225,600782.SH,20120418,4.98,5.09,4.96,5.08,4.95,0.13,2.63,30555.29,15334.886,0.2193,0.9632,1.41,41.5388,41.5388,0.8223,0.176,0.176,1.1811,1.1811,139343.0733,139343.0733,31723.9678,707862.8124,707862.8124,,,5.107
600782,新钢股份,普钢,江西,19961225,600782.SH,20120417,5.04,5.08,4.94,4.95,5.04,-0.09,-1.79,24328.81,12188.293,0.1746,0.7669,1.21,40.4758,40.4758,0.8012,0.1715,0.1715,1.2121,1.2121,139343.0733,139343.0733,31723.9678,689748.2128,689748.2128,,,5.107
600782,新钢股份,普钢,江西,19961225,600782.SH,20120416,5.03,5.07,4.98,5.04,5.07,-0.03,-0.59,24648.18,12370.331,0.1769,0.777,1.41,41.2118,41.2118,0.8158,0.1746,0.1746,1.1905,1.1905,139343.0733,139343.0733,31723.9678,702289.0894,702289.0894,,,5.107
600782,新钢股份,普钢,江西,19961225,600782.SH,20120413,5.05,5.1,5.03,5.07,5.03,0.04,0.8,28203.97,14283.413,0.2024,0.889,1.98,41.4571,41.4571,0.8207,0.1756,0.1756,1.1834,1.1834,139343.0733,139343.0733,31723.9678,706469.3816,706469.3816,,,5.107
600782,新钢股份,普钢,江西,19961225,600782.SH,20120412,4.96,5.05,4.95,5.03,4.99,0.04,0.8,21549.74,10803.703,0.1547,0.6793,1.66,41.13,41.13,0.8142,0.1742,0.1742,1.1928,1.1928,139343.0733,139343.0733,31723.9678,700895.6587,700895.6587,,,5.107
600782,新钢股份,普钢,江西,19961225,600782.SH,20120411,5.0,5.02,4.94,4.99,5.02,-0.03,-0.6,9319.49,4635.889,0.0669,0.2938,0.68,40.8029,40.8029,0.8077,0.1728,0.1728,1.2024,1.2024,139343.0733,139343.0733,31723.9678,695321.9358,695321.9358,,,5.107
600782,新钢股份,普钢,江西,19961225,600782.SH,20120410,5.0,5.04,4.88,5.02,5.04,-0.02,-0.4,17060.08,8430.504,0.1224,0.5378,1.25,41.0482,41.0482,0.8126,0.1739,0.1739,1.1952,1.1952,139343.0733,139343.0733,31723.9678,699502.228,699502.228,,,5.107
600782,新钢股份,普钢,江西,19961225,600782.SH,20120409,5.04,5.1,5.0,5.04,5.04,0.0,0.0,10997.51,5548.405,0.0789,0.3461,0.68,19.1842,18.8047,0.803,0.1994,0.1762,1.1905,1.1905,139343.0733,139343.0733,31778.0288,702289.0894,702289.0894,,,5.107
600782,新钢股份,普钢,江西,19961225,600782.SH,20120406,4.97,5.04,4.97,5.04,5.03,0.01,0.2,12212.88,6114.49,0.0876,0.3843,0.77,19.1842,18.8047,0.803,0.1994,0.1762,1.1905,1.1905,139343.0733,139343.0733,31778.0288,702289.0894,702289.0894,,,5.107
600782,新钢股份,普钢,江西,19961225,600782.SH,20120405,4.84,5.05,4.84,5.03,4.89,0.14,2.86,15508.52,7665.97,0.1113,0.488,1.04,19.1461,18.7674,0.8014,0.199,0.1759,1.1928,1.1928,139343.0733,139343.0733,31778.0288,700895.6587,700895.6587,,,5.107
600782,新钢股份,普钢,江西,19961225,600782.SH,20120330,4.92,4.94,4.85,4.89,4.92,-0.03,-0.61,12317.98,6002.615,0.0884,0.3876,0.78,18.6132,18.245,0.7791,0.1935,0.171,1.227,1.227,139343.0733,139343.0733,31778.0288,681387.6284,681387.6284,,,5.107
600782,新钢股份,普钢,江西,19961225,600782.SH,20120329,4.91,4.96,4.82,4.92,4.92,0.0,0.0,17058.46,8356.854,0.1224,0.5368,1.13,18.7274,18.357,0.7839,0.1947,0.172,1.2195,1.2195,139343.0733,139343.0733,31778.0288,685567.9206,685567.9206,,,5.107
600782,新钢股份,普钢,江西,19961225,600782.SH,20120328,5.09,5.13,4.89,4.92,5.08,-0.16,-3.15,23956.42,11907.028,0.1719,0.7539,1.25,18.7274,18.357,0.7839,0.1947,0.172,1.2195,1.2195,139343.0733,139343.0733,31778.0288,685567.9206,685567.9206,,,5.107
600782,新钢股份,普钢,江西,19961225,600782.SH,20120327,5.14,5.14,5.07,5.08,5.1,-0.02,-0.39,10485.76,5357.03,0.0753,0.33,0.31,19.3365,18.9539,0.8094,0.201,0.1776,1.1811,1.1811,139343.0733,139343.0733,31778.0288,707862.8124,707862.8124,,,5.107
600782,新钢股份,普钢,江西,19961225,600782.SH,20120326,5.15,5.17,5.08,5.1,5.13,-0.03,-0.58,10774.39,5511.011,0.0773,0.3391,0.3,19.4126,19.0286,0.8125,0.2018,0.1783,1.1765,1.1765,139343.0733,139343.0733,31778.0288,710649.6738,710649.6738,,,5.107
600782,新钢股份,普钢,江西,19961225,600782.SH,20120323,5.15,5.2,5.12,5.13,5.2,-0.07,-1.35,16199.25,8359.137,0.1163,0.5098,0.41,19.5268,19.1405,0.8173,0.203,0.1793,1.1696,1.1696,139343.0733,139343.0733,31778.0288,714829.966,714829.966,,,5.107
600782,新钢股份,普钢,江西,19961225,600782.SH,20120322,5.19,5.21,5.12,5.2,5.2,0.0,0.0,14367.82,7418.198,0.1031,0.4521,0.33,19.7932,19.4017,0.8285,0.2058,0.1818,1.1538,1.1538,139343.0733,139343.0733,31778.0288,724583.9812,724583.9812,,,5.107
600782,新钢股份,普钢,江西,19961225,600782.SH,20120321,5.28,5.31,5.11,5.2,5.26,-0.06,-1.14,43840.11,22659.908,0.3146,1.3796,0.86,19.7932,19.4017,0.8285,0.2058,0.1818,1.1538,1.1538,139343.0733,139343.0733,31778.0288,724583.9812,724583.9812,,,5.107
600782,新钢股份,普钢,江西,19961225,600782.SH,20120320,5.14,5.5,5.11,5.26,5.15,0.11,2.14,81735.38,43576.995,0.5866,2.5721,2.02,20.0216,19.6255,0.838,0.2081,0.1839,1.1407,1.1407,139343.0733,139343.0733,31778.0288,732944.5656,732944.5656,,,5.107
600782,新钢股份,普钢,江西,19961225,600782.SH,20120319,5.12,5.18,5.07,5.15,5.15,0.0,0.0,22799.2,11672.902,0.1636,0.7175,0.53,19.6029,19.2151,0.8205,0.2038,0.18,1.165,1.165,139343.0733,139343.0733,31778.0288,717616.8275,717616.8275,,,5.107
600782,新钢股份,普钢,江西,19961225,600782.SH,20120316,5.05,5.16,5.02,5.15,5.03,0.12,2.39,33861.78,17237.511,0.243,1.0656,0.77,19.6029,19.2151,0.8205,0.2038,0.18,1.165,1.165,139343.0733,139343.0733,31778.0288,717616.8275,717616.8275,,,5.107
600782,新钢股份,普钢,江西,19961225,600782.SH,20120315,5.17,5.22,5.03,5.03,5.17,-0.14,-2.71,38207.13,19578.639,0.2742,1.2023,0.77,19.1461,18.7674,0.8014,0.199,0.1759,1.1928,1.1928,139343.0733,139343.0733,31778.0288,700895.6587,700895.6587,,,5.107
600782,新钢股份,普钢,江西,19961225,600782.SH,20120314,5.34,5.44,5.15,5.17,5.33,-0.16,-3.0,79450.63,42185.45,0.5702,2.5002,1.95,19.679,19.2897,0.8237,0.2046,0.1807,1.1605,1.1605,139343.0733,139343.0733,31778.0288,720403.689,720403.689,,,5.107
600782,新钢股份,普钢,江西,19961225,600782.SH,20120313,5.28,5.34,5.28,5.33,5.31,0.02,0.38,28446.72,15101.886,0.2041,0.8952,0.71,20.2881,19.8867,0.8492,0.2109,0.1863,1.1257,1.1257,139343.0733,139343.0733,31778.0288,742698.5807,742698.5807,,,5.107
600782,新钢股份,普钢,江西,19961225,600782.SH,20120312,5.37,5.41,5.3,5.31,5.36,-0.05,-0.93,36083.26,19300.096,0.259,1.1355,0.86,20.2119,19.8121,0.846,0.2101,0.1856,1.1299,1.1299,139343.0733,139343.0733,31778.0288,739911.7192,739911.7192,,,5.107
600782,新钢股份,普钢,江西,19961225,600782.SH,20120309,5.32,5.38,5.27,5.36,5.32,0.04,0.75,38692.07,20603.04,0.2777,1.2176,0.92,20.4022,19.9987,0.854,0.2121,0.1874,1.1194,1.1194,139343.0733,139343.0733,31778.0288,746878.8729,746878.8729,,,5.107
600782,新钢股份,普钢,江西,19961225,600782.SH,20120308,5.28,5.34,5.22,5.32,5.22,0.1,1.92,66283.88,35090.564,0.4757,2.0858,2.05,20.25,19.8494,0.8476,0.2105,0.186,1.1278,1.1278,139343.0733,139343.0733,31778.0288,741305.15,741305.15,,,5.107
600782,新钢股份,普钢,江西,19961225,600782.SH,20120307,5.2,5.34,5.18,5.22,5.24,-0.02,-0.38,34014.98,17829.423,0.2441,1.0704,1.06,19.8694,19.4763,0.8317,0.2066,0.1825,1.1494,1.1494,139343.0733,139343.0733,31778.0288,727370.8426,727370.8426,,,5.107
600782,新钢股份,普钢,江西,19961225,600782.SH,20120306,5.32,5.33,5.22,5.24,5.31,-0.07,-1.32,23900.47,12563.618,0.1715,0.7521,0.59,19.9455,19.5509,0.8348,0.2074,0.1832,1.145,1.145,139343.0733,139343.0733,31778.0288,730157.7041,730157.7041,,,5.107
600782,新钢股份,普钢,江西,19961225,600782.SH,20120305,5.46,5.46,5.31,5.31,5.47,-0.16,-2.93,45809.81,24640.966,0.3288,1.4416,1.07,20.2119,19.8121,0.846,0.2101,0.1856,1.1299,1.1299,139343.0733,139343.0733,31778.0288,739911.7192,739911.7192,,,5.107
600782,新钢股份,普钢,江西,19961225,600782.SH,20120302,5.32,5.48,5.32,5.47,5.32,0.15,2.82,40271.33,21677.374,0.289,1.2673,0.81,20.821,20.4091,0.8715,0.2165,0.1912,1.0969,1.0969,139343.0733,139343.0733,31778.0288,762206.611,762206.611,,,5.107
600782,新钢股份,普钢,江西,19961225,600782.SH,20120301,5.28,5.34,5.28,5.32,5.31,0.01,0.19,17893.4,9507.77,0.1284,0.5631,0.23,20.25,19.8494,0.8476,0.2105,0.186,1.1278,1.1278,139343.0733,139343.0733,31778.0288,741305.15,741305.15,,,5.107
600782,新钢股份,普钢,江西,19961225,600782.SH,20120229,5.43,5.45,5.29,5.31,5.48,-0.17,-3.1,31888.96,17134.404,0.2289,1.0035,0.4,20.2119,19.8121,0.846,0.2101,0.1856,1.1299,1.1299,139343.0733,139343.0733,31778.0288,739911.7192,739911.7192,,,5.107
600782,新钢股份,普钢,江西,19961225,600782.SH,20120228,5.37,5.49,5.23,5.48,5.37,0.11,2.05,66899.33,35824.012,0.4801,2.1052,0.94,20.859,20.4464,0.8731,0.2169,0.1916,1.0949,1.0949,139343.0733,139343.0733,31778.0288,763600.0417,763600.0417,,,5.107
600782,新钢股份,普钢,江西,19961225,600782.SH,20120227,5.35,5.43,5.31,5.37,5.35,0.02,0.37,57918.59,31190.583,0.4157,1.8226,0.91,20.4403,20.036,0.8556,0.2125,0.1877,1.1173,1.1173,139343.0733,139343.0733,31778.0288,748272.3036,748272.3036,,,5.107
600782,新钢股份,普钢,江西,19961225,600782.SH,20120224,5.21,5.36,5.21,5.35,5.28,0.07,1.33,73357.18,38849.337,0.5265,2.3084,1.32,20.3642,19.9613,0.8524,0.2117,0.187,1.1215,1.1215,139343.0733,139343.0733,31778.0288,745485.4422,745485.4422,,,5.107
600782,新钢股份,普钢,江西,19961225,600782.SH,20120223,5.06,5.33,5.05,5.28,5.07,0.21,4.14,153407.1,79850.83,1.1009,4.8275,4.69,20.0977,19.7002,0.8412,0.2089,0.1846,1.1364,1.1364,139343.0733,139343.0733,31778.0288,735731.427,735731.427,,,5.107
600782,新钢股份,普钢,江西,19961225,600782.SH,20120222,4.99,5.07,4.97,5.07,4.99,0.08,1.6,44681.33,22484.869,0.3207,1.406,1.28,19.2984,18.9166,0.8078,0.2006,0.1772,1.1834,1.1834,139343.0733,139343.0733,31778.0288,706469.3816,706469.3816,,,5.107
600782,新钢股份,普钢,江西,19961225,600782.SH,20120221,4.96,4.99,4.92,4.99,4.97,0.02,0.4,24755.11,12265.881,0.1777,0.779,0.72,18.9939,18.6182,0.795,0.1975,0.1745,1.2024,1.2024,139343.0733,139343.0733,31778.0288,695321.9358,695321.9358,,,5.107
600782,新钢股份,普钢,江西,19961225,600782.SH,20120220,5.02,5.03,4.96,4.97,4.96,0.01,0.2,23144.35,11567.79,0.1661,0.7283,0.63,18.9178,18.5435,0.7918,0.1967,0.1738,1.2072,1.2072,139343.0733,139343.0733,31778.0288,692535.0743,692535.0743,,,5.074
600782,新钢股份,普钢,江西,19961225,600782.SH,20120217,5.01,5.04,4.94,4.96,5.0,-0.04,-0.8,31372.28,15629.705,0.2251,0.9872,0.79,18.8797,18.5062,0.7902,0.1963,0.1734,1.2097,1.2097,139343.0733,139343.0733,31778.0288,691141.6436,691141.6436,,,5.074
600782,新钢股份,普钢,江西,19961225,600782.SH,20120216,5.05,5.07,4.96,5.0,5.07,-0.07,-1.38,39478.9,19833.487,0.2833,1.2423,1.03,19.0319,18.6555,0.7966,0.1979,0.1748,1.2,1.2,139343.0733,139343.0733,31778.0288,696715.3665,696715.3665,,,5.074
600782,新钢股份,普钢,江西,19961225,600782.SH,20120215,5.01,5.13,5.0,5.07,5.02,0.05,1.0,55673.75,28206.765,0.3995,1.752,1.72,19.2984,18.9166,0.8078,0.2006,0.1772,1.1834,1.1834,139343.0733,139343.0733,31778.0288,706469.3816,706469.3816,,,5.074
600782,新钢股份,普钢,江西,19961225,600782.SH,20120214,5.01,5.06,5.0,5.02,5.02,0.0,0.0,21460.73,10778.601,0.154,0.6753,0.65,19.1081,18.7301,0.7998,0.1987,0.1755,1.1952,1.1952,139343.0733,139343.0733,31778.0288,699502.228,699502.228,,,5.074
600782,新钢股份,普钢,江西,19961225,600782.SH,20120213,5.01,5.06,4.97,5.02,5.05,-0.03,-0.59,36988.15,18561.292,0.2654,1.164,1.24,19.1081,18.7301,0.7998,0.1987,0.1755,1.1952,1.1952,139343.0733,139343.0733,31778.0288,699502.228,699502.228,,,5.074
600782,新钢股份,普钢,江西,19961225,600782.SH,20120210,5.04,5.13,5.01,5.05,5.03,0.02,0.4,44027.0,22305.694,0.316,1.3855,1.74,19.2223,18.842,0.8046,0.1998,0.1766,1.1881,1.1881,139343.0733,139343.0733,31778.0288,703682.5202,703682.5202,,,5.074
600782,新钢股份,普钢,江西,19961225,600782.SH,20120209,4.98,5.04,4.95,5.03,4.98,0.05,1.0,32802.39,16431.876,0.2354,1.0322,1.45,19.1461,18.7674,0.8014,0.199,0.1759,1.1928,1.1928,139343.0733,139343.0733,31778.0288,700895.6587,700895.6587,,,5.074
600782,新钢股份,普钢,江西,19961225,600782.SH,20120208,4.91,4.99,4.86,4.98,4.9,0.08,1.63,26853.76,13236.839,0.1927,0.845,1.34,18.9558,18.5808,0.7934,0.1971,0.1741,1.2048,1.2048,139343.0733,139343.0733,31778.0288,693928.505,693928.505,,,5.074
600782,新钢股份,普钢,江西,19961225,600782.SH,20120207,4.93,4.98,4.88,4.9,4.94,-0.04,-0.81,24846.91,12264.008,0.1783,0.7819,1.2,18.6513,18.2824,0.7807,0.1939,0.1713,1.2245,1.2245,139343.0733,139343.0733,31778.0288,682781.0592,682781.0592,,,5.074
600782,新钢股份,普钢,江西,19961225,600782.SH,20120206,4.93,4.96,4.9,4.94,4.93,0.01,0.2,20858.56,10285.188,0.1497,0.6564,1.07,18.8036,18.4316,0.787,0.1955,0.1727,1.2146,1.2146,139343.0733,139343.0733,31778.0288,688354.7821,688354.7821,,,5.074
600782,新钢股份,普钢,江西,19961225,600782.SH,20120203,4.89,4.94,4.86,4.93,4.89,0.04,0.82,20906.93,10242.072,0.15,0.6579,1.12,18.7655,18.3943,0.7855,0.1951,0.1724,1.217,1.217,139343.0733,139343.0733,31778.0288,686961.3514,686961.3514,5.13,4.19,5.074
600782,新钢股份,普钢,江西,19961225,600782.SH,20120202,4.81,4.9,4.8,4.89,4.82,0.07,1.45,19648.46,9535.902,0.141,0.6183,0.97,18.6132,18.245,0.7791,0.1935,0.171,1.227,1.227,139343.0733,139343.0733,31778.0288,681387.6284,681387.6284,,,5.074
600782,新钢股份,普钢,江西,19961225,600782.SH,20120201,4.85,4.88,4.8,4.82,4.84,-0.02,-0.41,14306.71,6931.341,0.1027,0.4502,0.55,18.3468,17.9839,0.7679,0.1907,0.1685,1.2448,1.2448,139343.0733,139343.0733,31778.0288,671633.6133,671633.6133,,,5.074
600782,新钢股份,普钢,江西,19961225,600782.SH,20120131,4.97,4.97,4.81,4.84,4.98,-0.14,-2.81,27891.7,13559.056,0.2002,0.8777,0.9,18.4229,18.0585,0.7711,0.1915,0.1692,1.2397,1.2397,139343.0733,139343.0733,31778.0288,674420.4748,674420.4748,5.25,4.29,5.074
600782,新钢股份,普钢,江西,19961225,600782.SH,20120130,5.02,5.04,4.97,4.98,5.02,-0.04,-0.8,15077.0,7551.559,0.1082,0.4744,0.48,18.9558,18.5808,0.7934,0.1971,0.1741,1.2048,1.2048,139343.0733,139343.0733,31778.0288,693928.505,693928.505,5.29,4.33,5.074
600782,新钢股份,普钢,江西,19961225,600782.SH,20120120,4.99,5.03,4.95,5.02,4.97,0.05,1.01,16746.73,8380.591,0.1202,0.527,0.52,19.1081,18.7301,0.7998,0.1987,0.1755,1.1952,1.1952,139343.0733,139343.0733,31778.0288,699502.228,699502.228,,,5.074
600782,新钢股份,普钢,江西,19961225,600782.SH,20120119,4.95,5.05,4.91,4.97,4.95,0.02,0.4,27600.2,13770.333,0.1981,0.8685,0.84,18.9178,18.5435,0.7918,0.1967,0.1738,1.2072,1.2072,139343.0733,139343.0733,31778.0288,692535.0743,692535.0743,,,5.074
600782,新钢股份,普钢,江西,19961225,600782.SH,20120118,5.1,5.11,4.94,4.95,5.08,-0.13,-2.56,43309.39,21751.533,0.3108,1.3629,1.29,18.8416,18.4689,0.7886,0.1959,0.1731,1.2121,1.2121,139343.0733,139343.0733,31778.0288,689748.2128,689748.2128,,,5.074
600782,新钢股份,普钢,江西,19961225,600782.SH,20120117,4.86,5.1,4.85,5.08,4.85,0.23,4.74,52760.17,26461.376,0.3786,1.6603,1.53,19.3365,18.9539,0.8094,0.201,0.1776,1.1811,1.1811,139343.0733,139343.0733,31778.0288,707862.8124,707862.8124,,,5.074
600782,新钢股份,普钢,江西,19961225,600782.SH,20120116,4.87,4.93,4.85,4.85,4.88,-0.03,-0.61,16015.31,7828.902,0.1149,0.504,0.42,18.461,18.0958,0.7727,0.1919,0.1696,1.2371,1.2371,139343.0733,139343.0733,31778.0288,675813.9055,675813.9055,,,5.074
600782,新钢股份,普钢,江西,19961225,600782.SH,20120113,4.93,4.95,4.83,4.88,4.93,-0.05,-1.01,21966.0,10712.239,0.1576,0.6912,0.57,18.5752,18.2077,0.7775,0.1931,0.1706,1.2295,1.2295,139343.0733,139343.0733,31778.0288,679994.1977,679994.1977,,,5.074
600782,新钢股份,普钢,江西,19961225,600782.SH,20120112,4.93,5.04,4.92,4.93,5.01,-0.08,-1.6,30684.5,15223.604,0.2202,0.9656,0.81,18.7655,18.3943,0.7855,0.1951,0.1724,1.217,1.217,139343.0733,139343.0733,31778.0288,686961.3514,686961.3514,5.26,4.3,5.074
600782,新钢股份,普钢,江西,19961225,600782.SH,20120111,5.01,5.15,4.97,5.01,5.05,-0.04,-0.79,47034.49,23767.196,0.3375,1.4801,1.49,19.07,18.6928,0.7982,0.1983,0.1752,1.1976,1.1976,139343.0733,139343.0733,31778.0288,698108.7972,698108.7972,5.26,4.3,5.074
600782,新钢股份,普钢,江西,19961225,600782.SH,20120110,4.97,5.08,4.88,5.05,4.97,0.08,1.61,57251.86,28507.045,0.4109,1.8016,2.46,19.2223,18.842,0.8046,0.1998,0.1766,1.1881,1.1881,139343.0733,139343.0733,31778.0288,703682.5202,703682.5202,,,5.074
600782,新钢股份,普钢,江西,19961225,600782.SH,20120109,4.8,5.0,4.75,4.97,4.81,0.16,3.33,32500.38,15912.87,0.2332,1.0227,1.61,18.9178,18.5435,0.7918,0.1967,0.1738,1.2072,1.2072,139343.0733,139343.0733,31778.0288,692535.0743,692535.0743,5.25,4.29,5.074
600782,新钢股份,普钢,江西,19961225,600782.SH,20120106,4.61,4.84,4.59,4.81,4.64,0.17,3.66,24753.6,11646.127,0.1776,0.779,1.11,18.3087,17.9466,0.7663,0.1903,0.1682,1.2474,1.2474,139343.0733,139343.0733,31778.0288,670240.1826,670240.1826,,,5.074
600782,新钢股份,普钢,江西,19961225,600782.SH,20120105,4.61,4.67,4.55,4.64,4.64,0.0,0.0,27338.32,12593.092,0.1962,0.8603,1.3,17.6616,17.3123,0.7393,0.1836,0.1622,1.2931,1.2931,139343.0733,139343.0733,31778.0288,646551.8601,646551.8601,,,5.074
600782,新钢股份,普钢,江西,19961225,600782.SH,20120104,4.78,4.81,4.62,4.64,4.76,-0.12,-2.52,15713.58,7410.097,0.1128,0.4945,0.67,17.6616,17.3123,0.7393,0.1836,0.1622,1.2931,1.2931,139343.0733,139343.0733,31778.0288,646551.8601,646551.8601,,,5.074
600782,新钢股份,普钢,江西,19961225,600782.SH,20111230,4.7,4.79,4.7,4.76,4.71,0.05,1.06,16094.89,7652.106,0.1155,0.5065,0.63,18.1184,17.76,0.7584,0.1884,0.1664,1.2605,1.2605,139343.0733,139343.0733,31778.0288,663273.0289,663273.0289,,,5.074
600782,新钢股份,普钢,江西,19961225,600782.SH,20111229,4.69,4.77,4.68,4.71,4.74,-0.03,-0.63,17099.96,8096.084,0.1227,0.5381,0.34,17.9281,17.5734,0.7504,0.1864,0.1647,1.2739,1.2739,139343.0733,139343.0733,31778.0288,656305.8752,656305.8752,,,5.074
600782,新钢股份,普钢,江西,19961225,600782.SH,20111228,4.68,4.76,4.56,4.74,4.73,0.01,0.21,35097.49,16364.526,0.2519,1.1045,0.53,18.0423,17.6854,0.7552,0.1876,0.1657,1.2658,1.2658,139343.0733,139343.0733,31778.0288,660486.1674,660486.1674,,,5.074
600782,新钢股份,普钢,江西,19961225,600782.SH,20111227,4.86,4.89,4.72,4.73,4.9,-0.17,-3.47,21055.1,10141.256,0.1511,0.6626,0.28,18.0042,17.6481,0.7536,0.1872,0.1654,1.2685,1.2685,139343.0733,139343.0733,31778.0288,659092.7367,659092.7367,,,5.074
600782,新钢股份,普钢,江西,19961225,600782.SH,20111226,5.02,5.03,4.89,4.9,5.02,-0.12,-2.39,27098.08,13423.054,0.1945,0.8527,0.32,18.6513,18.2824,0.7807,0.1939,0.1713,1.2245,1.2245,139343.0733,139343.0733,31778.0288,682781.0592,682781.0592,5.54,4.54,5.074
600782,新钢股份,普钢,江西,19961225,600782.SH,20111223,5.0,5.09,4.95,5.02,5.09,-0.07,-1.38,27275.89,13702.244,0.1957,0.8583,0.32,19.1081,18.7301,0.7998,0.1987,0.1755,1.1952,1.1952,139343.0733,139343.0733,31778.0288,699502.228,699502.228,5.62,4.6,5.074
600782,新钢股份,普钢,江西,19961225,600782.SH,20111222,4.91,5.13,4.74,5.09,5.09,0.0,0.0,140577.07,70375.854,1.0089,4.4237,2.26,19.3745,18.9913,0.8109,0.2014,0.1779,1.1788,1.1788,139343.0733,139343.0733,31778.0288,709256.2431,709256.2431,5.62,4.6,5.074
600782,新钢股份,普钢,江西,19961225,600782.SH,20111220,4.98,5.1,4.88,5.09,4.98,0.11,2.21,113821.62,56746.778,0.8168,3.5818,2.55,19.3745,18.9913,0.8109,0.2014,0.1779,1.1788,1.1788,139343.0733,139343.0733,31778.0288,709256.2431,709256.2431,,,5.074
600782,新钢股份,普钢,江西,19961225,600782.SH,20111219,4.76,5.1,4.62,4.98,4.73,0.25,5.29,73764.35,35374.254,0.5294,2.3212,2.28,18.9558,18.5808,0.7934,0.1971,0.1741,1.2048,1.2048,139343.0733,139343.0733,31778.0288,693928.505,693928.505,,,5.074
600782,新钢股份,普钢,江西,19961225,600782.SH,20111216,4.51,4.75,4.5,4.73,4.49,0.24,5.35,66717.59,30739.932,0.4788,2.0833,2.69,18.0042,17.6481,0.7536,0.1872,0.1654,1.2685,1.2685,139343.0733,139343.0733,32024.1915,659092.7367,659092.7367,,,5.074
600782,新钢股份,普钢,江西,19961225,600782.SH,20111215,4.55,4.56,4.49,4.49,4.56,-0.07,-1.54,35960.9,16249.648,0.2581,1.1229,1.59,17.0907,16.7526,0.7154,0.1777,0.157,1.3363,1.3363,139343.0733,139343.0733,32024.1915,625650.3991,625650.3991,,,5.074
600782,新钢股份,普钢,江西,19961225,600782.SH,20111214,4.53,4.56,4.53,4.56,4.53,0.03,0.66,20697.74,9414.07,0.1485,0.6463,0.91,17.3571,17.0138,0.7265,0.1804,0.1594,1.3158,1.3158,139343.0733,139343.0733,32024.1915,635404.4142,635404.4142,,,5.074
600782,新钢股份,普钢,江西,19961225,600782.SH,20111213,4.62,4.62,4.52,4.53,4.63,-0.1,-2.16,26370.88,12007.212,0.1893,0.8235,1.17,17.2429,16.9018,0.7217,0.1793,0.1584,1.3245,1.3245,139343.0733,139343.0733,32024.1915,631224.122,631224.122,5.53,4.53,5.074
600782,新钢股份,普钢,江西,19961225,600782.SH,20111212,4.67,4.67,4.61,4.63,4.67,-0.04,-0.86,11786.21,5461.392,0.0846,0.368,0.46,17.6236,17.275,0.7377,0.1832,0.1619,1.2959,1.2959,139343.0733,139343.0733,32024.1915,645158.4294,645158.4294,,,5.074
600782,新钢股份,普钢,江西,19961225,600782.SH,20111209,4.72,4.73,4.58,4.67,4.77,-0.1,-2.1,29317.66,13665.667,0.2104,0.9155,1.18,17.7758,17.4242,0.744,0.1848,0.1633,1.2848,1.2848,139343.0733,139343.0733,32024.1915,650732.1523,650732.1523,,,5.074
600782,新钢股份,普钢,江西,19961225,600782.SH,20111208,4.81,4.82,4.71,4.77,4.78,-0.01,-0.21,25003.84,11917.855,0.1794,0.7808,0.75,18.1565,17.7973,0.76,0.1888,0.1668,1.2579,1.2579,139343.0733,139343.0733,32024.1915,664666.4596,664666.4596,,,5.074
600782,新钢股份,普钢,江西,19961225,600782.SH,20111207,4.79,4.85,4.76,4.78,4.79,-0.01,-0.21,20741.7,9963.441,0.1489,0.6477,0.52,18.1945,17.8346,0.7616,0.1892,0.1671,1.2552,1.2552,139343.0733,139343.0733,32024.1915,666059.8904,666059.8904,,,5.074
600782,新钢股份,普钢,江西,19961225,600782.SH,20111206,4.75,4.83,4.72,4.79,4.81,-0.02,-0.42,25455.55,12209.52,0.1827,0.7949,0.65,18.2326,17.8719,0.7631,0.1895,0.1675,1.2526,1.2526,139343.0733,139343.0733,32024.1915,667453.3211,667453.3211,,,5.074
600782,新钢股份,普钢,江西,19961225,600782.SH,20111205,4.88,4.94,4.76,4.81,4.88,-0.07,-1.43,26260.09,12687.825,0.1885,0.82,0.66,18.3087,17.9466,0.7663,0.1903,0.1682,1.2474,1.2474,139343.0733,139343.0733,32024.1915,670240.1826,670240.1826,,,5.074
600782,新钢股份,普钢,江西,19961225,600782.SH,20111202,5.01,5.01,4.85,4.88,5.01,-0.13,-2.59,27039.05,13266.69,0.194,0.8443,0.73,18.5752,18.2077,0.7775,0.1931,0.1706,1.2295,1.2295,139343.0733,139343.0733,32024.1915,679994.1977,679994.1977,5.49,4.49,5.074
600782,新钢股份,普钢,江西,19961225,600782.SH,20111201,5.11,5.17,4.98,5.01,5.01,0.0,0.0,66501.05,33765.147,0.4772,2.0766,2.22,19.07,18.6928,0.7982,0.1983,0.1752,1.1976,1.1976,139343.0733,139343.0733,32024.1915,698108.7972,698108.7972,5.52,4.52,5.074
600782,新钢股份,普钢,江西,19961225,600782.SH,20111130,5.3,5.3,4.88,5.01,5.29,-0.28,-5.29,55723.08,28575.214,0.3999,1.74,2.54,19.07,18.6928,0.7982,0.1983,0.1752,1.1976,1.1976,139343.0733,139343.0733,32024.1915,698108.7972,698108.7972,5.54,4.54,5.074
600782,新钢股份,普钢,江西,19961225,600782.SH,20111129,5.27,5.3,5.2,5.29,5.25,0.04,0.76,21712.7,11395.652,0.1558,0.678,1.02,20.1358,19.7375,0.8428,0.2093,0.1849,1.1342,1.1342,139343.0733,139343.0733,32024.1915,737124.8578,737124.8578,5.54,4.54,5.074
600782,新钢股份,普钢,江西,19961225,600782.SH,20111128,5.3,5.3,5.18,5.25,5.28,-0.03,-0.57,26595.84,13918.705,0.1909,0.8305,1.34,19.9835,19.5882,0.8364,0.2078,0.1835,1.1429,1.1429,139343.0733,139343.0733,32024.1915,731551.1348,731551.1348,5.53,4.53,5.074
600782,新钢股份,普钢,江西,19961225,600782.SH,20111125,5.3,5.33,5.25,5.28,5.33,-0.05,-0.94,14626.0,7734.469,0.105,0.4567,0.58,20.0977,19.7002,0.8412,0.2089,0.1846,1.1364,1.1364,139343.0733,139343.0733,32024.1915,735731.427,735731.427,,,5.074
600782,新钢股份,普钢,江西,19961225,600782.SH,20111124,5.34,5.36,5.23,5.33,5.32,0.01,0.19,30933.6,16346.217,0.222,0.9659,1.22,20.2881,19.8867,0.8492,0.2109,0.1863,1.1257,1.1257,139343.0733,139343.0733,32024.1915,742698.5807,742698.5807,,,5.074
600782,新钢股份,普钢,江西,19961225,600782.SH,20111123,5.36,5.4,5.32,5.32,5.36,-0.04,-0.75,15979.92,8541.854,0.1147,0.499,0.51,20.25,19.8494,0.8476,0.2105,0.186,1.1278,1.1278,139343.0733,139343.0733,32024.1915,741305.15,741305.15,,,5.074
600782,新钢股份,普钢,江西,19961225,600782.SH,20111122,5.35,5.37,5.31,5.36,5.36,0.0,0.0,18722.74,9996.347,0.1344,0.5846,0.49,20.4022,19.9987,0.854,0.2121,0.1874,1.1194,1.1194,139343.0733,139343.0733,32024.1915,746878.8729,746878.8729,5.59,4.57,5.074
600782,新钢股份,普钢,江西,19961225,600782.SH,20111121,5.33,5.37,5.3,5.36,5.33,0.03,0.56,18767.09,10002.136,0.1347,0.586,0.39,20.4022,19.9987,0.854,0.2121,0.1874,1.1194,1.1194,139343.0733,139343.0733,32024.1915,746878.8729,746878.8729,5.61,4.59,5.074
600782,新钢股份,普钢,江西,19961225,600782.SH,20111118,5.43,5.44,5.29,5.33,5.43,-0.1,-1.84,41218.49,22129.77,0.2958,1.2871,0.85,20.2881,19.8867,0.8492,0.2109,0.1863,1.1257,1.1257,139343.0733,139343.0733,32024.1915,742698.5807,742698.5807,,,5.074
600782,新钢股份,普钢,江西,19961225,600782.SH,20111117,5.42,5.47,5.41,5.43,5.42,0.01,0.18,31582.3,17168.096,0.2267,0.9862,0.5,20.6687,20.2598,0.8651,0.2149,0.1898,1.105,1.105,139343.0733,139343.0733,32024.1915,756632.888,756632.888,5.72,4.68,5.074
600782,新钢股份,普钢,江西,19961225,600782.SH,20111116,5.58,5.58,5.4,5.42,5.58,-0.16,-2.87,47182.56,25889.333,0.3386,1.4733,0.77,20.6306,20.2225,0.8635,0.2145,0.1895,1.107,1.107,139343.0733,139343.0733,32024.1915,755239.4573,755239.4573,,,5.074
600782,新钢股份,普钢,江西,19961225,600782.SH,20111115,5.58,5.61,5.54,5.58,5.59,-0.01,-0.18,52698.79,29310.929,0.3782,1.6456,0.86,21.2397,20.8195,0.889,0.2208,0.1951,1.0753,1.0753,139343.0733,139343.0733,32024.1915,777534.349,777534.349,,,5.074
600782,新钢股份,普钢,江西,19961225,600782.SH,20111114,5.57,5.6,5.53,5.59,5.54,0.05,0.9,66808.0,37183.543,0.4794,2.0862,1.12,21.2777,20.8568,0.8906,0.2212,0.1954,1.0733,1.0733,139343.0733,139343.0733,32024.1915,778927.7797,778927.7797,,,5.074
600782,新钢股份,普钢,江西,19961225,600782.SH,20111111,5.66,5.75,5.53,5.54,5.66,-0.12,-2.12,43640.68,24349.275,0.3132,1.3627,0.66,21.0874,20.6703,0.8826,0.2192,0.1937,1.083,1.083,139343.0733,139343.0733,32024.1915,771960.6261,771960.6261,,,5.074
600782,新钢股份,普钢,江西,19961225,600782.SH,20111110,5.61,5.76,5.57,5.66,5.66,0.0,0.0,103533.46,58939.047,0.743,3.233,1.72,21.5442,21.118,0.9018,0.224,0.1979,1.0601,1.0601,139343.0733,139343.0733,32024.1915,788681.7949,788681.7949,,,5.074
600782,新钢股份,普钢,江西,19961225,600782.SH,20111109,5.61,5.67,5.56,5.66,5.68,-0.02,-0.35,40696.86,22817.976,0.2921,1.2708,0.68,21.5442,21.118,0.9018,0.224,0.1979,1.0601,1.0601,139343.0733,139343.0733,32024.1915,788681.7949,788681.7949,,,5.074
600782,新钢股份,普钢,江西,19961225,600782.SH,20111108,5.62,5.7,5.53,5.68,5.62,0.06,1.07,52766.75,29512.322,0.3787,1.6477,0.99,21.6203,21.1926,0.9049,0.2248,0.1986,1.0563,1.0563,139343.0733,139343.0733,32024.1915,791468.6563,791468.6563,5.86,4.8,5.074
600782,新钢股份,普钢,江西,19961225,600782.SH,20111107,5.6,5.7,5.57,5.62,5.59,0.03,0.54,58325.65,32827.244,0.4186,1.8213,1.07,21.3919,20.9687,0.8954,0.2224,0.1965,1.0676,1.0676,139343.0733,139343.0733,32024.1915,783108.0719,783108.0719,5.84,4.78,5.074
600782,新钢股份,普钢,江西,19961225,600782.SH,20111104,5.58,5.64,5.53,5.59,5.55,0.04,0.72,75381.61,42076.331,0.541,2.3539,1.63,21.2777,20.8568,0.8906,0.2212,0.1954,1.0733,1.0733,139343.0733,139343.0733,32024.1915,778927.7797,778927.7797,,,5.074
600782,新钢股份,普钢,江西,19961225,600782.SH,20111103,5.49,5.63,5.49,5.55,5.49,0.06,1.09,74155.83,41350.177,0.5322,2.3156,1.92,21.1255,20.7076,0.8842,0.2196,0.194,1.0811,1.0811,139343.0733,139343.0733,32024.1915,773354.0568,773354.0568,,,5.074
600782,新钢股份,普钢,江西,19961225,600782.SH,20111102,5.37,5.49,5.36,5.49,5.45,0.04,0.73,36810.88,19940.017,0.2642,1.1495,1.0,20.8971,20.4837,0.8747,0.2173,0.1919,1.0929,1.0929,139343.0733,139343.0733,32024.1915,764993.4724,764993.4724,5.74,4.7,5.074
600782,新钢股份,普钢,江西,19961225,600782.SH,20111101,5.4,5.47,5.39,5.45,5.45,0.0,0.0,22315.95,12133.378,0.1602,0.6968,0.6,20.7448,20.3345,0.8683,0.2157,0.1905,1.1009,1.1009,139343.0733,139343.0733,32024.1915,759419.7495,759419.7495,5.76,4.72,5.074
600782,新钢股份,普钢,江西,19961225,600782.SH,20111031,5.54,5.58,5.39,5.45,5.52,-0.07,-1.27,63590.71,34728.646,0.4564,1.9857,2.35,20.7448,20.3345,0.8683,0.2157,0.1905,1.1009,1.1009,139343.0733,139343.0733,32024.1915,759419.7495,759419.7495,5.84,4.78,5.074
600782,新钢股份,普钢,江西,19961225,600782.SH,20111027,5.47,5.55,5.41,5.52,5.48,0.04,0.73,34834.78,19099.142,0.25,1.0878,1.39,21.0113,24.5183,0.8881,0.2184,0.1994,1.087,1.087,139343.0733,139343.0733,32024.1915,769173.7646,769173.7646,6.02,4.92,5.074
600782,新钢股份,普钢,江西,19961225,600782.SH,20111026,5.43,5.51,5.39,5.48,5.44,0.04,0.74,35600.62,19446.364,0.2555,1.1117,1.61,20.859,24.3406,0.8817,0.2169,0.198,1.0949,1.0949,139343.0733,139343.0733,32024.1915,763600.0417,763600.0417,,,5.074
600782,新钢股份,普钢,江西,19961225,600782.SH,20111025,5.34,5.46,5.32,5.44,5.36,0.08,1.49,27375.4,14771.272,0.1965,0.8548,1.26,20.7068,24.1629,0.8753,0.2153,0.1965,1.1029,1.1029,139343.0733,139343.0733,32024.1915,758026.3188,758026.3188,,,5.074
600782,新钢股份,普钢,江西,19961225,600782.SH,20111024,5.29,5.36,5.2,5.36,5.26,0.1,1.9,26045.09,13787.135,0.1869,0.8133,1.26,20.4022,23.8076,0.8624,0.2121,0.1937,1.1194,1.1194,139343.0733,139343.0733,32024.1915,746878.8729,746878.8729,,,5.074
600782,新钢股份,普钢,江西,19961225,600782.SH,20111021,5.33,5.35,5.26,5.26,5.33,-0.07,-1.31,11668.5,6189.832,0.0837,0.3644,0.48,20.0216,23.3634,0.8463,0.2081,0.19,1.1407,1.1407,139343.0733,139343.0733,32024.1915,732944.5656,732944.5656,5.91,4.83,5.074
600782,新钢股份,普钢,江西,19961225,600782.SH,20111020,5.52,5.52,5.29,5.33,5.49,-0.16,-2.91,24179.83,13022.705,0.1735,0.755,0.75,20.2881,23.6744,0.8576,0.2109,0.1926,1.1257,1.1257,139343.0733,139343.0733,32024.1915,742698.5807,742698.5807,,,5.074
600782,新钢股份,普钢,江西,19961225,600782.SH,20111019,5.53,5.57,5.48,5.49,5.53,-0.04,-0.72,21511.55,11869.039,0.1544,0.6717,0.39,20.8971,24.385,0.8833,0.2173,0.1984,1.0929,1.0929,139343.0733,139343.0733,32024.1915,764993.4724,764993.4724,5.81,4.75,5.074
600782,新钢股份,普钢,江西,19961225,600782.SH,20111018,5.66,5.67,5.52,5.53,5.7,-0.17,-2.98,24915.0,13925.73,0.1788,0.778,0.41,21.0493,24.5627,0.8898,0.2188,0.1998,1.085,1.085,139343.0733,139343.0733,32024.1915,770567.1953,770567.1953,,,5.074
600782,新钢股份,普钢,江西,19961225,600782.SH,20111017,5.7,5.87,5.65,5.7,5.7,0.0,0.0,20942.91,11995.283,0.1503,0.654,0.35,21.6964,25.3178,0.9171,0.2256,0.2059,1.0526,1.0526,139343.0733,139343.0733,32024.1915,794255.5178,794255.5178,,,5.074
600782,新钢股份,普钢,江西,19961225,600782.SH,20111014,5.73,5.79,5.66,5.7,5.79,-0.09,-1.55,30448.87,17413.72,0.2185,0.9508,0.51,21.6964,25.3178,0.9171,0.2256,0.2059,1.0526,1.0526,139343.0733,139343.0733,32024.1915,794255.5178,794255.5178,,,5.074
600782,新钢股份,普钢,江西,19961225,600782.SH,20111013,5.79,5.93,5.72,5.79,5.8,-0.01,-0.17,62916.42,36538.065,0.4515,1.9647,1.17,22.039,25.7175,0.9316,0.2291,0.2092,1.0363,1.0363,139343.0733,139343.0733,32024.1915,806796.3944,806796.3944,,,5.074
600782,新钢股份,普钢,江西,19961225,600782.SH,20111012,5.57,5.84,5.53,5.8,5.61,0.19,3.39,134620.17,76819.833,0.9661,4.2037,4.24,22.0771,25.762,0.9332,0.2295,0.2096,1.0345,1.0345,139343.0733,139343.0733,32024.1915,808189.8251,808189.8251,,,5.074
600782,新钢股份,普钢,江西,19961225,600782.SH,20111011,5.63,5.79,5.55,5.61,5.57,0.04,0.72,55848.68,31478.273,0.4008,1.744,2.13,21.3538,24.918,0.9026,0.222,0.2027,1.0695,1.0695,139343.0609,139343.0609,32024.1791,781714.5716,781714.5716,,,5.074
600782,新钢股份,普钢,江西,19961225,600782.SH,20111010,5.56,5.63,5.51,5.57,5.56,0.01,0.18,13591.65,7546.397,0.0975,0.4244,0.51,21.2016,24.7404,0.8962,0.2204,0.2012,1.0772,1.0772,139343.0609,139343.0609,32024.1791,776140.8492,776140.8492,,,5.074
600782,新钢股份,普钢,江西,19961225,600782.SH,20110930,5.57,5.76,5.51,5.56,5.55,0.01,0.18,29063.67,16382.535,0.2086,0.9076,1.05,21.1635,24.6959,0.8946,0.22,0.2009,1.0791,1.0791,139343.0609,139343.0609,32024.1791,774747.4186,774747.4186,,,5.074
600782,新钢股份,普钢,江西,19961225,600782.SH,20110929,5.6,5.6,5.44,5.55,5.59,-0.04,-0.72,36881.28,20341.664,0.2647,1.1517,1.29,21.1255,24.6515,0.893,0.2196,0.2005,1.0811,1.0811,139343.0609,139343.0609,32024.1791,773353.988,773353.988,,,5.074
600782,新钢股份,普钢,江西,19961225,600782.SH,20110928,5.66,5.67,5.58,5.59,5.62,-0.03,-0.53,23400.82,13148.301,0.1679,0.7307,0.72,21.2777,24.8292,0.8994,0.2212,0.202,1.0733,1.0733,139343.0609,139343.0609,32024.1791,778927.7104,778927.7104,,,5.074
600782,新钢股份,普钢,江西,19961225,600782.SH,20110927,5.62,5.65,5.57,5.62,5.56,0.06,1.08,28299.23,15914.657,0.2031,0.8837,0.78,21.3919,24.9624,0.9042,0.2224,0.203,1.0676,1.0676,139343.0609,139343.0609,32024.1791,783108.0023,783108.0023,,,5.074
600782,新钢股份,普钢,江西,19961225,600782.SH,20110926,5.63,5.67,5.54,5.56,5.63,-0.07,-1.24,15813.48,8851.317,0.1135,0.4938,0.38,21.1635,24.6959,0.8946,0.22,0.2009,1.0791,1.0791,139343.0609,139343.0609,32024.1791,774747.4186,774747.4186,,,5.074
600782,新钢股份,普钢,江西,19961225,600782.SH,20110923,5.66,5.69,5.59,5.63,5.72,-0.09,-1.57,33780.89,19033.054,0.2424,1.0549,0.75,21.43,25.0069,0.9058,0.2228,0.2034,1.0657,1.0657,139343.0609,139343.0609,32024.1791,784501.4329,784501.4329,,,5.074
600782,新钢股份,普钢,江西,19961225,600782.SH,20110922,5.99,5.99,5.71,5.72,6.03,-0.31,-5.14,41215.14,24108.987,0.2958,1.287,0.64,21.7725,25.4066,0.9203,0.2264,0.2067,1.049,1.049,139343.0609,139343.0609,32024.1791,797042.3083,797042.3083,,,5.074
600782,新钢股份,普钢,江西,19961225,600782.SH,20110921,5.92,6.06,5.85,6.03,5.92,0.11,1.86,44404.07,26548.754,0.3187,1.3866,0.55,22.9525,26.7836,0.9702,0.2386,0.2179,0.995,0.995,139343.0609,139343.0609,32024.1791,840238.6572,840238.6572,,,5.074
600782,新钢股份,普钢,江西,19961225,600782.SH,20110920,5.9,5.95,5.83,5.92,5.91,0.01,0.17,45838.69,27066.361,0.329,1.4314,0.54,22.5338,26.295,0.9525,0.2343,0.2139,1.0135,1.0135,139343.0609,139343.0609,32024.1791,824910.9205,824910.9205,,,5.074
600782,新钢股份,普钢,江西,19961225,600782.SH,20110919,6.1,6.1,5.9,5.91,6.13,-0.22,-3.59,41182.37,24621.946,0.2955,1.286,0.5,22.4958,26.2505,0.9509,0.2339,0.2135,1.0152,1.0152,139343.0609,139343.0609,32024.1791,823517.4899,823517.4899,,,5.074
600782,新钢股份,普钢,江西,19961225,600782.SH,20110916,6.26,6.3,6.1,6.13,6.31,-0.18,-2.85,53950.52,33315.202,0.3872,1.6847,0.67,23.3332,27.2277,0.9863,0.2426,0.2215,0.9788,0.9788,139343.0609,139343.0609,32024.1791,854172.9633,854172.9633,,,5.074
600782,新钢股份,普钢,江西,19961225,600782.SH,20110915,6.44,6.44,6.27,6.31,6.42,-0.11,-1.71,137982.53,86871.182,0.9902,4.3087,2.41,24.0183,28.0272,1.0153,0.2497,0.228,0.9509,0.9509,139343.0609,139343.0609,32024.1791,879254.7143,879254.7143,,,5.074
600782,新钢股份,普钢,江西,19961225,600782.SH,20110914,6.27,6.44,6.2,6.42,6.26,0.16,2.56,125878.84,79690.282,0.9034,3.9307,3.58,24.437,28.5158,1.033,0.2541,0.232,0.9346,0.9346,139343.0609,139343.0609,32024.1791,894582.451,894582.451,,,5.074
600782,新钢股份,普钢,江西,19961225,600782.SH,20110913,6.0,6.28,5.99,6.26,6.1,0.16,2.62,66032.67,40769.14,0.4739,2.062,2.57,23.828,27.8051,1.0072,0.2477,0.2262,0.9585,0.9585,139343.0609,139343.0609,32024.1791,872287.5612,872287.5612,,,5.074
600782,新钢股份,普钢,江西,19961225,600782.SH,20110909,6.1,6.18,6.03,6.1,6.12,-0.02,-0.33,30995.66,18958.08,0.2224,0.9679,1.3,23.219,27.0945,0.9815,0.2414,0.2204,0.9836,0.9836,139343.0609,139343.0609,32024.1791,849992.6715,849992.6715,,,5.074
600782,新钢股份,普钢,江西,19961225,600782.SH,20110908,6.14,6.19,6.09,6.12,6.09,0.03,0.49,40240.22,24707.975,0.2888,1.2566,1.92,23.2951,27.1833,0.9847,0.2422,0.2211,0.9804,0.9804,139343.0609,139343.0609,32024.1791,852779.5327,852779.5327,,,5.074
600782,新钢股份,普钢,江西,19961225,600782.SH,20110907,6.06,6.11,6.02,6.09,6.02,0.07,1.16,23672.58,14376.455,0.1699,0.7392,1.25,23.1809,27.0501,0.9799,0.241,0.22,0.9852,0.9852,139343.0609,139343.0609,32024.1791,848599.2409,848599.2409,,,5.074
600782,新钢股份,普钢,江西,19961225,600782.SH,20110906,6.0,6.04,5.94,6.02,6.01,0.01,0.17,14896.22,8934.907,0.1069,0.4652,0.69,22.9145,26.7391,0.9686,0.2382,0.2175,0.9967,0.9967,139343.0609,139343.0609,32024.1791,838845.2266,838845.2266,,,5.074
600782,新钢股份,普钢,江西,19961225,600782.SH,20110905,6.16,6.17,6.01,6.01,6.16,-0.15,-2.44,18549.28,11252.929,0.1331,0.5792,0.78,22.8764,26.6947,0.967,0.2378,0.2171,0.9983,0.9983,139343.0609,139343.0609,32024.1791,837451.796,837451.796,,,5.074
600782,新钢股份,普钢,江西,19961225,600782.SH,20110902,6.28,6.33,6.15,6.16,6.27,-0.11,-1.75,21594.75,13402.574,0.155,0.6743,0.79,23.4474,27.361,0.9911,0.2438,0.2226,0.974,0.974,139343.0609,139343.0609,32024.1791,858353.2551,858353.2551,,,5.074
600782,新钢股份,普钢,江西,19961225,600782.SH,20110901,6.38,6.39,6.26,6.27,6.38,-0.11,-1.72,26214.0,16589.624,0.1881,0.8186,0.87,23.8661,27.8496,1.0088,0.2481,0.2265,0.9569,0.9569,139343.0609,139343.0609,32024.1791,873680.9918,873680.9918,,,5.074
600782,新钢股份,普钢,江西,19961225,600782.SH,20110831,6.39,6.42,6.31,6.38,6.35,0.03,0.47,13688.97,8700.367,0.0982,0.4275,0.42,24.2848,28.3382,1.0265,0.2525,0.2305,0.9404,0.9404,139343.0609,139343.0609,32024.1791,889008.7285,889008.7285,,,5.074
600782,新钢股份,普钢,江西,19961225,600782.SH,20110830,6.43,6.48,6.34,6.35,6.38,-0.03,-0.47,28279.97,18110.665,0.203,0.8831,0.83,24.1706,28.2049,1.0217,0.2513,0.2294,0.9449,0.9449,139343.0609,139343.0609,32024.1791,884828.4367,884828.4367,,,5.074
600782,新钢股份,普钢,江西,19961225,600782.SH,20110829,6.48,6.51,6.37,6.38,6.53,-0.15,-2.3,29888.53,19190.463,0.2145,0.9333,0.81,24.2848,24.475,1.0266,0.2525,0.2384,0.9404,0.9404,139343.0609,139343.0609,32024.1791,889008.7285,889008.7285,,,5.074
600782,新钢股份,普钢,江西,19961225,600782.SH,20110826,6.54,6.56,6.45,6.53,6.56,-0.03,-0.46,38147.22,24817.226,0.2738,1.1912,0.82,24.8557,25.0504,1.0507,0.2584,0.244,0.9188,0.9188,139343.0609,139343.0609,32024.1791,909910.1877,909910.1877,,,5.074
600782,新钢股份,普钢,江西,19961225,600782.SH,20110825,6.41,6.59,6.41,6.56,6.42,0.14,2.18,40786.63,26599.587,0.2927,1.2736,0.87,24.9699,25.1655,1.0556,0.2596,0.2451,0.9146,0.9146,139343.0609,139343.0609,32024.1791,914090.4795,914090.4795,,,5.074
600782,新钢股份,普钢,江西,19961225,600782.SH,20110824,6.5,6.52,6.4,6.42,6.47,-0.05,-0.77,24733.84,15970.432,0.1775,0.7723,0.48,24.437,24.6284,1.033,0.2541,0.2399,0.9346,0.9346,139343.0609,139343.0609,32024.1791,894582.451,894582.451,,,5.074
600782,新钢股份,普钢,江西,19961225,600782.SH,20110823,6.43,6.47,6.39,6.47,6.4,0.07,1.09,35855.29,23082.635,0.2573,1.1196,0.64,24.6273,24.8203,1.0411,0.256,0.2418,0.9274,0.9274,139343.0609,139343.0609,32024.1791,901549.604,901549.604,,,5.074
600782,新钢股份,普钢,江西,19961225,600782.SH,20110822,6.6,6.6,6.35,6.4,6.57,-0.17,-2.59,45755.65,29469.801,0.3284,1.4288,0.85,24.3609,24.5517,1.0298,0.2533,0.2391,0.9375,0.9375,139343.0609,139343.0609,32024.1791,891795.5898,891795.5898,,,5.074
600782,新钢股份,普钢,江西,19961225,600782.SH,20110819,6.37,6.9,6.34,6.57,6.52,0.05,0.77,84527.1,56194.832,0.6066,2.6395,1.91,25.008,25.2039,1.0572,0.26,0.2455,0.9132,0.9132,139343.0609,139343.0609,32024.1791,915483.9101,915483.9101,,,5.074
600782,新钢股份,普钢,江西,19961225,600782.SH,20110818,6.53,6.57,6.44,6.52,6.5,0.02,0.31,42277.78,27501.039,0.3034,1.3202,0.99,24.8177,25.0121,1.0491,0.258,0.2436,0.9202,0.9202,139343.0609,139343.0609,32024.1791,908516.7571,908516.7571,,,5.074
600782,新钢股份,普钢,江西,19961225,600782.SH,20110817,6.62,6.65,6.48,6.5,6.64,-0.14,-2.11,49917.78,32678.183,0.3582,1.5588,1.27,24.7415,24.9353,1.0459,0.2572,0.2429,0.9231,0.9231,139343.0609,139343.0609,32024.1791,905729.8959,905729.8959,,,5.074
600782,新钢股份,普钢,江西,19961225,600782.SH,20110816,6.8,6.81,6.6,6.64,6.78,-0.14,-2.06,56656.71,37887.572,0.4066,1.7692,1.47,25.2744,25.4724,1.0684,0.2628,0.2481,0.9036,0.9036,139343.0609,139343.0609,32024.1791,925237.9244,925237.9244,,,5.074
600782,新钢股份,普钢,江西,19961225,600782.SH,20110815,6.81,6.82,6.69,6.78,6.69,0.09,1.35,34875.11,23517.777,0.2503,1.089,0.75,25.8073,26.0095,1.091,0.2683,0.2533,0.885,0.885,139343.0609,139343.0609,32024.1791,944745.9529,944745.9529,,,5.074
600782,新钢股份,普钢,江西,19961225,600782.SH,20110812,6.67,6.78,6.64,6.69,6.63,0.06,0.91,37826.79,25413.264,0.2715,1.1812,0.72,25.4647,25.6642,1.0765,0.2647,0.25,0.8969,0.8969,139343.0609,139343.0609,32024.1791,932205.0774,932205.0774,,,5.074
600782,新钢股份,普钢,江西,19961225,600782.SH,20110811,6.5,6.68,6.45,6.63,6.61,0.02,0.3,33344.91,21908.931,0.2393,1.0412,0.63,25.2364,25.434,1.0668,0.2624,0.2477,0.905,0.905,139343.0609,139343.0609,32024.1791,923844.4938,923844.4938,,,5.074
600782,新钢股份,普钢,江西,19961225,600782.SH,20110810,6.65,6.72,6.6,6.61,6.56,0.05,0.76,33721.6,22456.557,0.242,1.053,0.58,25.1602,25.3573,1.0636,0.2616,0.247,0.9077,0.9077,139343.0609,139343.0609,32024.1791,921057.6325,921057.6325,,,5.074
600782,新钢股份,普钢,江西,19961225,600782.SH,20110809,6.48,6.62,6.36,6.56,6.6,-0.04,-0.61,53468.8,34737.164,0.3837,1.6696,0.89,24.9699,25.1655,1.0556,0.2596,0.2451,0.9146,0.9146,139343.0609,139343.0609,32024.1791,914090.4795,914090.4795,,,5.074
600782,新钢股份,普钢,江西,19961225,600782.SH,20110808,6.87,6.9,6.42,6.6,6.95,-0.35,-5.04,75308.89,50453.362,0.5405,2.3516,1.23,25.1222,25.319,1.062,0.2612,0.2466,0.9091,0.9091,139343.0609,139343.0609,32024.1791,919664.2019,919664.2019,,,5.074
600782,新钢股份,普钢,江西,19961225,600782.SH,20110805,6.83,7.13,6.78,6.95,7.04,-0.09,-1.28,68653.95,47444.211,0.4927,2.1438,1.17,26.4544,26.6616,1.1183,0.275,0.2597,0.8633,0.8633,139343.0609,139343.0609,32024.1791,968434.2733,968434.2733,,,5.074
600782,新钢股份,普钢,江西,19961225,600782.SH,20110804,7.06,7.11,7.01,7.04,7.07,-0.03,-0.42,34249.43,24100.977,0.2458,1.0695,0.58,26.797,27.0069,1.1328,0.2786,0.2631,0.8523,0.8523,139343.0609,139343.0609,32024.1791,980975.1487,980975.1487,,,5.074
600782,新钢股份,普钢,江西,19961225,600782.SH,20110803,7.13,7.2,7.03,7.07,7.09,-0.02,-0.28,58434.23,41634.561,0.4194,1.8247,1.07,26.9112,27.122,1.1376,0.2798,0.2642,0.8487,0.8487,139343.0609,139343.0609,32024.1791,985155.4406,985155.4406,,,5.074
600782,新钢股份,普钢,江西,19961225,600782.SH,20110802,7.03,7.14,6.96,7.09,7.1,-0.01,-0.14,64836.22,45733.859,0.4653,2.0246,1.39,26.9873,27.1987,1.1409,0.2806,0.2649,0.8463,0.8463,139343.0609,139343.0609,32024.1791,987942.3018,987942.3018,,,5.074
600782,新钢股份,普钢,江西,19961225,600782.SH,20110801,6.96,7.25,6.86,7.1,6.96,0.14,2.01,79028.43,56238.736,0.5672,2.4678,1.7,27.0254,27.2371,1.1425,0.281,0.2653,0.8451,0.8451,139343.0609,139343.0609,32024.1791,989335.7324,989335.7324,,,5.074
600782,新钢股份,普钢,江西,19961225,600782.SH,20110729,6.86,7.03,6.81,6.96,6.89,0.07,1.02,56665.69,39171.51,0.4067,1.7695,1.19,26.4925,26.7,1.1199,0.2754,0.2601,0.8621,0.8621,139343.0609,139343.0609,32024.1791,969827.7039,969827.7039,,,5.074
600782,新钢股份,普钢,江西,19961225,600782.SH,20110728,6.83,6.96,6.8,6.89,6.92,-0.03,-0.43,38803.28,26638.728,0.2785,1.2117,0.64,26.226,26.4315,1.1087,0.2727,0.2575,0.8708,0.8708,139343.0609,139343.0609,32024.1791,960073.6896,960073.6896,,,5.074
600782,新钢股份,普钢,江西,19961225,600782.SH,20110727,6.88,6.94,6.8,6.92,6.88,0.04,0.58,33808.92,23262.306,0.2426,1.0557,0.5,26.3402,26.5465,1.1135,0.2738,0.2586,0.8671,0.8671,139343.0609,139343.0609,32024.1791,964253.9814,964253.9814,,,5.074
600782,新钢股份,普钢,江西,19961225,600782.SH,20110726,6.8,6.89,6.75,6.88,6.81,0.07,1.03,24132.53,16474.17,0.1732,0.7536,0.32,26.188,26.3931,1.1071,0.2723,0.2571,0.8721,0.8721,139343.0609,139343.0609,32024.1791,958680.259,958680.259,,,5.074
600782,新钢股份,普钢,江西,19961225,600782.SH,20110725,7.07,7.14,6.7,6.81,7.09,-0.28,-3.95,79349.29,54912.525,0.5695,2.4778,1.02,25.9215,26.1246,1.0958,0.2695,0.2545,0.8811,0.8811,139343.0609,139343.0609,32024.1791,948926.2447,948926.2447,,,5.074
600782,新钢股份,普钢,江西,19961225,600782.SH,20110722,7.03,7.15,6.99,7.09,7.0,0.09,1.29,61215.85,43266.657,0.4393,1.9116,0.75,26.9873,27.1987,1.1409,0.2806,0.2649,0.8463,0.8463,139343.0609,139343.0609,32024.1791,987942.3018,987942.3018,,,5.074
600782,新钢股份,普钢,江西,19961225,600782.SH,20110721,7.23,7.26,6.96,7.0,7.23,-0.23,-3.18,104448.35,74202.779,0.7496,3.2615,1.37,26.6447,26.8534,1.1264,0.277,0.2616,0.8571,0.8571,139343.0609,139343.0609,32024.1791,975401.4263,975401.4263,,,5.074
600782,新钢股份,普钢,江西,19961225,600782.SH,20110720,7.33,7.37,7.16,7.23,7.31,-0.08,-1.09,68934.85,49955.985,0.4947,2.1526,0.78,27.5202,27.7358,1.1634,0.2861,0.2702,0.8299,0.8299,139343.0609,139343.0609,32024.1791,1007450.3303,1007450.3303,,,5.074
600782,新钢股份,普钢,江西,19961225,600782.SH,20110719,7.52,7.52,7.28,7.31,7.5,-0.19,-2.53,67688.11,49698.841,0.4858,2.1137,0.57,27.8247,28.0427,1.1763,0.2893,0.2731,0.8208,0.8208,139343.0609,139343.0609,32024.1791,1018597.7752,1018597.7752,,,5.074
600782,新钢股份,普钢,江西,19961225,600782.SH,20110718,7.63,7.69,7.43,7.5,7.63,-0.13,-1.7,84921.5,64051.184,0.6094,2.6518,0.67,28.5479,28.7715,1.2068,0.2968,0.2802,0.8,0.8,139343.0609,139343.0609,32024.1791,1045072.9568,1045072.9568,,,5.074
600782,新钢股份,普钢,江西,19961225,600782.SH,20110715,7.57,7.77,7.53,7.63,7.61,0.02,0.26,82235.53,62841.001,0.5902,2.5679,0.68,29.0428,29.2703,1.2277,0.3019,0.2851,0.7864,0.7864,139343.0609,139343.0609,32024.1791,1063187.5547,1063187.5547,,,5.074
600782,新钢股份,普钢,江西,19961225,600782.SH,20110714,7.66,7.69,7.53,7.61,7.67,-0.06,-0.78,77359.27,58732.256,0.5552,2.4157,0.64,28.9666,29.1935,1.2245,0.3011,0.2844,0.7884,0.7884,139343.0609,139343.0609,32024.1791,1060400.6934,1060400.6934,,,5.074
600782,新钢股份,普钢,江西,19961225,600782.SH,20110713,7.48,7.7,7.41,7.67,7.57,0.1,1.32,131061.3,99647.063,0.9406,4.0926,1.21,29.195,29.4237,1.2342,0.3035,0.2866,0.7823,0.7823,139343.0609,139343.0609,32024.1791,1068761.2771,1068761.2771,,,5.074
600782,新钢股份,普钢,江西,19961225,600782.SH,20110712,7.27,7.87,7.22,7.57,7.34,0.23,3.13,213264.72,160889.491,1.5305,6.6595,2.6,28.8144,29.0401,1.2181,0.2996,0.2829,0.7926,0.7926,139343.0609,139343.0609,32024.1791,1054826.971,1054826.971,,,5.074
600782,新钢股份,普钢,江西,19961225,600782.SH,20110711,7.13,7.35,7.11,7.34,7.16,0.18,2.51,125597.45,91332.155,0.9014,3.922,1.48,27.9389,28.1578,1.1811,0.2905,0.2743,0.8174,0.8174,139343.0609,139343.0609,32024.1791,1022778.067,1022778.067,,,5.074
600782,新钢股份,普钢,江西,19961225,600782.SH,20110708,7.11,7.17,7.08,7.16,7.13,0.03,0.42,58254.9,41498.964,0.4181,1.8191,0.51,27.2537,27.4672,1.1521,0.2833,0.2675,0.838,0.838,139343.0609,139343.0609,32024.1791,997696.316,997696.316,,,5.074
600782,新钢股份,普钢,江西,19961225,600782.SH,20110707,7.17,7.22,7.09,7.13,7.19,-0.06,-0.83,77062.53,55088.051,0.553,2.4064,0.67,27.1396,27.3521,1.1473,0.2821,0.2664,0.8415,0.8415,139343.0609,139343.0609,32024.1791,993516.0242,993516.0242,,,5.074
600782,新钢股份,普钢,江西,19961225,600782.SH,20110706,7.25,7.26,7.11,7.19,7.25,-0.06,-0.83,69177.87,49550.607,0.4965,2.1602,0.59,27.3679,27.5823,1.1569,0.2845,0.2687,0.8345,0.8345,139343.0609,139343.0609,32024.1791,1001876.6079,1001876.6079,,,5.074
600782,新钢股份,普钢,江西,19961225,600782.SH,20110705,7.26,7.31,7.2,7.25,7.29,-0.04,-0.55,79531.56,57625.543,0.5708,2.4835,0.6,27.5963,27.8125,1.1666,0.2869,0.2709,0.8276,0.8276,139343.0609,139343.0609,32024.1791,1010237.1915,1010237.1915,,,5.074
600782,新钢股份,普钢,江西,19961225,600782.SH,20110704,7.21,7.29,7.15,7.29,7.21,0.08,1.11,139961.12,100999.404,1.0044,4.3705,0.96,27.7486,27.9659,1.173,0.2885,0.2724,0.823,0.823,139343.0609,139343.0609,32024.1791,1015810.914,1015810.914,,,5.074
600782,新钢股份,普钢,江西,19961225,600782.SH,20110701,6.96,7.36,6.93,7.21,6.95,0.26,3.74,210833.07,151138.385,1.5131,6.5836,1.19,27.4441,27.659,1.1602,0.2853,0.2694,0.8322,0.8322,139343.0609,139343.0609,32024.1791,1004663.4691,1004663.4691,,,5.074
600782,新钢股份,普钢,江西,19961225,600782.SH,20110630,6.94,7.07,6.94,7.01,6.96,0.05,0.72,79873.35,55966.882,0.5732,2.4942,0.31,26.6828,26.8918,1.128,0.2774,0.2619,0.8559,,139343.0609,139343.0609,32024.1791,976794.8569,976794.8569,,,5.074
600782,新钢股份,普钢,江西,19961225,600782.SH,20110629,7.05,7.11,6.92,6.96,7.1,-0.14,-1.97,73753.54,51757.042,0.5293,2.3031,0.29,26.4925,26.7,1.1199,0.2754,0.2601,0.8621,,139343.0609,139343.0609,32024.1791,969827.7039,969827.7039,,,5.074
600782,新钢股份,普钢,江西,19961225,600782.SH,20110628,7.17,7.19,6.99,7.1,7.21,-0.11,-1.53,155168.96,110009.495,1.1136,4.8454,0.65,27.0254,27.2371,1.1425,0.281,0.2653,0.8451,,139343.0609,139343.0609,32024.1791,989335.7324,989335.7324,,,5.074
600782,新钢股份,普钢,江西,19961225,600782.SH,20110627,7.02,7.24,7.02,7.21,7.07,0.14,1.98,212550.47,151351.533,1.5254,6.6372,0.99,27.4441,27.659,1.1602,0.2853,0.2694,0.8322,,139343.0609,139343.0609,32024.1791,1004663.4691,1004663.4691,,,5.074
600782,新钢股份,普钢,江西,19961225,600782.SH,20110624,7.1,7.28,6.8,7.07,7.11,-0.04,-0.56,363114.03,255905.393,2.6059,11.3387,2.44,26.9112,27.122,1.1376,0.2798,0.2642,0.8487,,139343.0609,139343.0609,32024.1791,985155.4406,985155.4406,,,5.074
600782,新钢股份,普钢,江西,19961225,600782.SH,20110623,7.6,7.6,6.97,7.11,6.92,0.19,2.75,465037.85,335994.519,3.3374,14.5215,7.32,27.0634,27.2754,1.1441,0.2814,0.2657,0.8439,,139343.0609,139343.0609,32024.1791,990729.163,990729.163,,,5.074
600782,新钢股份,普钢,江西,19961225,600782.SH,20110615,6.94,7.15,6.9,6.92,6.98,-0.06,-0.86,83831.77,58789.1,0.6016,2.6178,1.57,26.3402,26.5465,1.1135,0.2738,0.2586,0.8671,0.8671,139343.0609,139343.0609,32024.1791,964253.9814,964253.9814,,,5.074
600782,新钢股份,普钢,江西,19961225,600782.SH,20110614,6.97,7.02,6.87,6.98,6.99,-0.01,-0.14,70998.16,49405.426,0.5095,2.217,1.39,26.5686,26.7767,1.1232,0.2762,0.2608,0.8596,0.8596,139343.0609,139343.0609,32024.1791,972614.5651,972614.5651,,,5.074
600782,新钢股份,普钢,江西,19961225,600782.SH,20110613,6.88,7.03,6.84,6.99,6.93,0.06,0.87,92065.43,64113.403,0.6607,2.8749,2.39,26.6067,26.8151,1.1248,0.2766,0.2612,0.8584,0.8584,139343.0609,139343.0609,32024.1791,974007.9957,974007.9957,,,5.074
600782,新钢股份,普钢,江西,19961225,600782.SH,20110610,6.78,6.94,6.71,6.93,6.79,0.14,2.06,33532.38,22879.397,0.2406,1.0471,0.82,26.3783,26.5849,1.1151,0.2742,0.2589,0.8658,0.8658,139343.0609,139343.0609,32024.1791,965647.412,965647.412,,,5.074
600782,新钢股份,普钢,江西,19961225,600782.SH,20110609,6.85,6.92,6.76,6.79,6.85,-0.06,-0.88,37369.85,25557.235,0.2682,1.1669,0.99,25.8454,26.0478,1.0926,0.2687,0.2537,0.8837,0.8837,139343.0609,139343.0609,32024.1791,946139.3835,946139.3835,,,5.074
600782,新钢股份,普钢,江西,19961225,600782.SH,20110608,6.83,6.88,6.74,6.85,6.89,-0.04,-0.58,33591.31,22889.575,0.2411,1.0489,0.9,26.0738,26.278,1.1022,0.2711,0.256,0.8759,0.8759,139343.0609,139343.0609,32024.1791,954499.9672,954499.9672,,,5.074
600782,新钢股份,普钢,江西,19961225,600782.SH,20110607,6.67,6.91,6.6,6.89,6.67,0.22,3.3,58359.64,39554.048,0.4188,1.8224,1.77,26.226,26.4315,1.1087,0.2727,0.2575,0.8708,0.8708,139343.0609,139343.0609,32024.1791,960073.6896,960073.6896,,,5.074
600782,新钢股份,普钢,江西,19961225,600782.SH,20110603,6.65,6.73,6.59,6.67,6.65,0.02,0.3,29695.25,19768.483,0.2131,0.9273,0.82,25.3886,25.5875,1.0733,0.2639,0.2492,0.8995,0.8995,139343.0609,139343.0609,32024.1791,929418.2162,929418.2162,,,5.074
600782,新钢股份,普钢,江西,19961225,600782.SH,20110602,6.66,6.79,6.48,6.65,6.69,-0.04,-0.6,46513.24,30888.693,0.3338,1.4524,1.29,25.3125,25.5108,1.0701,0.2632,0.2485,0.9023,0.9023,139343.0609,139343.0609,32024.1791,926631.355,926631.355,,,5.074
600782,新钢股份,普钢,江西,19961225,600782.SH,20110601,6.7,6.72,6.65,6.69,6.73,-0.04,-0.59,20228.03,13527.524,0.1452,0.6316,0.42,25.4647,25.6642,1.0765,0.2647,0.25,0.8969,0.8969,139343.0609,139343.0609,32024.1791,932205.0774,932205.0774,,,5.074
600782,新钢股份,普钢,江西,19961225,600782.SH,20110531,6.58,6.74,6.51,6.73,6.59,0.14,2.12,31799.87,21095.05,0.2282,0.993,0.62,25.617,25.8177,1.0829,0.2663,0.2515,0.8915,0.8915,139343.0609,139343.0609,32024.1791,937778.7999,937778.7999,,,5.074
600782,新钢股份,普钢,江西,19961225,600782.SH,20110530,6.68,6.72,6.48,6.59,6.65,-0.06,-0.9,36364.79,24088.982,0.261,1.1355,0.63,25.0841,25.2806,1.0604,0.2608,0.2462,0.9105,0.9105,139343.0609,139343.0609,32024.1791,918270.7713,918270.7713,,,5.074
600782,新钢股份,普钢,江西,19961225,600782.SH,20110527,6.72,6.91,6.64,6.65,6.78,-0.13,-1.92,47082.6,31722.789,0.3379,1.4702,0.76,25.3125,25.5108,1.0701,0.2632,0.2485,0.9023,0.9023,139343.0609,139343.0609,32024.1791,926631.355,926631.355,,,5.074
600782,新钢股份,普钢,江西,19961225,600782.SH,20110526,6.93,7.03,6.76,6.78,6.89,-0.11,-1.6,45336.65,31287.675,0.3254,1.4157,0.7,25.8073,26.0095,1.091,0.2683,0.2533,0.885,0.885,139343.0609,139343.0609,32024.1791,944745.9529,944745.9529,,,5.074
600782,新钢股份,普钢,江西,19961225,600782.SH,20110525,6.88,7.25,6.85,6.89,6.91,-0.02,-0.29,81881.49,57542.561,0.5876,2.5569,1.45,26.226,26.4315,1.1087,0.2727,0.2575,0.8708,0.8708,139343.0609,139343.0609,32024.1791,960073.6896,960073.6896,,,5.074
600782,新钢股份,普钢,江西,19961225,600782.SH,20110524,6.8,6.93,6.74,6.91,6.84,0.07,1.02,45906.7,31395.373,0.3295,1.4335,0.83,26.3022,26.5082,1.1119,0.2734,0.2582,0.8683,0.8683,139343.0609,139343.0609,32024.1791,962860.5508,962860.5508,,,5.074
600782,新钢股份,普钢,江西,19961225,600782.SH,20110523,7.13,7.15,6.82,6.84,7.14,-0.3,-4.2,68007.99,47024.249,0.4881,2.1236,1.29,26.0357,26.2396,1.1006,0.2707,0.2556,0.8772,0.8772,139343.0609,139343.0609,32024.1791,953106.5366,953106.5366,,,5.074
600782,新钢股份,普钢,江西,19961225,600782.SH,20110520,7.21,7.38,7.09,7.14,7.24,-0.1,-1.38,67565.67,48933.776,0.4849,2.1098,1.28,27.1776,27.3905,1.1489,0.2825,0.2668,0.8403,0.8403,139343.0609,139343.0609,32024.1791,994909.4548,994909.4548,,,5.074
600782,新钢股份,普钢,江西,19961225,600782.SH,20110519,7.17,7.25,7.07,7.24,7.16,0.08,1.12,61774.73,44247.424,0.4433,1.929,1.21,27.5583,27.7741,1.165,0.2865,0.2705,0.8287,0.8287,139343.0609,139343.0609,32024.1791,1008843.7609,1008843.7609,,,5.074
600782,新钢股份,普钢,江西,19961225,600782.SH,20110518,7.06,7.24,7.04,7.16,7.05,0.11,1.56,38455.52,27565.658,0.276,1.2008,0.68,27.2537,27.4672,1.1521,0.2833,0.2675,0.838,0.838,139343.0609,139343.0609,32024.1791,997696.316,997696.316,,,5.074
600782,新钢股份,普钢,江西,19961225,600782.SH,20110517,7.02,7.12,6.93,7.05,7.04,0.01,0.14,40530.98,28491.892,0.2909,1.2656,0.69,26.835,27.0453,1.1344,0.279,0.2634,0.8511,0.8511,139343.0609,139343.0609,32024.1791,982368.5793,982368.5793,,,5.074
600782,新钢股份,普钢,江西,19961225,600782.SH,20110516,7.08,7.08,6.96,7.04,7.09,-0.05,-0.71,55321.08,38710.553,0.397,1.7275,0.91,26.797,27.0069,1.1328,0.2786,0.2631,0.8523,0.8523,139343.0609,139343.0609,32024.1791,980975.1487,980975.1487,,,5.074
600782,新钢股份,普钢,江西,19961225,600782.SH,20110513,7.09,7.2,6.9,7.09,7.06,0.03,0.42,67876.85,47694.464,0.4871,2.1196,1.05,26.9873,27.1987,1.1409,0.2806,0.2649,0.8463,0.8463,139343.0609,139343.0609,32024.1791,987942.3018,987942.3018,,,5.074
600782,新钢股份,普钢,江西,19961225,600782.SH,20110512,7.2,7.29,7.0,7.06,7.28,-0.22,-3.02,52191.31,37369.343,0.3746,1.6297,0.57,26.8731,27.0836,1.136,0.2794,0.2638,0.8499,0.8499,139343.0609,139343.0609,32024.1791,983762.01,983762.01,,,5.074
600782,新钢股份,普钢,江西,19961225,600782.SH,20110511,7.3,7.39,7.16,7.28,7.29,-0.01,-0.14,67879.69,49525.19,0.4871,2.1196,0.65,27.7105,27.9276,1.1714,0.2881,0.272,0.8242,0.8242,139343.0609,139343.0609,32024.1791,1014417.4834,1014417.4834,,,5.074
600782,新钢股份,普钢,江西,19961225,600782.SH,20110509,7.35,7.38,7.28,7.29,7.36,-0.07,-0.95,49331.08,36178.23,0.354,1.5404,0.47,27.7486,27.9659,1.173,0.2885,0.2724,0.823,0.823,139343.0609,139343.0609,32024.1791,1015810.914,1015810.914,,,5.074
600782,新钢股份,普钢,江西,19961225,600782.SH,20110506,7.4,7.42,7.2,7.36,7.47,-0.11,-1.47,67546.99,49293.102,0.4848,2.1092,0.6,28.015,28.2345,1.1843,0.2912,0.275,0.8152,0.8152,139343.0609,139343.0609,32024.1791,1025564.9282,1025564.9282,,,5.074
600782,新钢股份,普钢,江西,19961225,600782.SH,20110505,7.28,7.58,7.17,7.47,7.28,0.19,2.61,86589.89,64089.631,0.6214,2.7039,0.8,28.4337,28.6565,1.202,0.2956,0.2791,0.8032,0.8032,139343.0609,139343.0609,32024.1791,1040892.6649,1040892.6649,,,5.074
600782,新钢股份,普钢,江西,19961225,600782.SH,20110504,7.43,7.73,7.18,7.28,7.51,-0.23,-3.06,183577.05,137790.83,1.3174,5.7325,1.91,27.7105,27.9276,1.1714,0.2881,0.272,0.8242,0.8242,139343.0609,139343.0609,32024.1791,1014417.4834,1014417.4834,,,5.074
600782,新钢股份,普钢,江西,19961225,600782.SH,20110503,7.0,7.53,6.8,7.51,7.01,0.5,7.13,131847.85,95637.778,0.9462,4.1171,1.41,28.586,28.8099,1.2084,0.2972,0.2806,0.7989,0.7989,139343.0609,139343.0609,32024.1791,1046466.3874,1046466.3874,,,5.074
600782,新钢股份,普钢,江西,19961225,600782.SH,20110429,6.81,7.02,6.77,7.01,6.79,0.22,3.24,49810.39,34368.331,0.3575,1.5554,0.38,26.6828,26.8918,1.128,0.2774,0.2619,0.8559,0.8559,139343.0609,139343.0609,32024.1791,976794.8569,976794.8569,,,5.074
600782,新钢股份,普钢,江西,19961225,600782.SH,20110428,7.2,7.3,6.74,6.79,7.17,-0.38,-5.3,110194.32,76869.279,0.7908,3.441,0.82,25.8454,26.0478,1.0926,0.2687,0.2537,0.8837,0.8837,139343.0609,139343.0609,32024.1791,946139.3835,946139.3835,,,5.074
600782,新钢股份,普钢,江西,19961225,600782.SH,20110427,7.18,7.31,6.99,7.17,7.18,-0.01,-0.14,67091.41,48139.073,0.4815,2.095,0.47,27.2918,27.5056,1.1537,0.2837,0.2679,0.8368,0.8368,139343.0609,139343.0609,32024.1791,999089.7467,999089.7467,,,5.074
600782,新钢股份,普钢,江西,19961225,600782.SH,20110426,7.43,7.6,7.11,7.18,7.57,-0.39,-5.15,121986.78,89239.35,0.8754,3.8092,0.83,27.3299,27.3299,1.1739,0.2841,0.2841,0.8357,0.8357,139343.0609,139343.0609,32024.1791,1000483.1773,1000483.1773,,,5.074
600782,新钢股份,普钢,江西,19961225,600782.SH,20110425,7.6,7.79,7.49,7.57,7.64,-0.07,-0.92,120040.67,91573.132,0.8615,3.7484,0.83,28.8144,28.8144,1.2376,0.2996,0.2996,0.7926,0.7926,139343.0609,139343.0609,32024.1791,1054826.971,1054826.971,,,5.074
600782,新钢股份,普钢,江西,19961225,600782.SH,20110422,7.5,7.99,7.42,7.64,7.49,0.15,2.0,241540.43,187758.61,1.7334,7.5424,1.96,29.0808,29.0808,1.2491,0.3023,0.3023,0.7853,0.7853,139343.0609,139343.0609,32024.1791,1064580.9853,1064580.9853,,,5.074
600782,新钢股份,普钢,江西,19961225,600782.SH,20110421,7.35,7.69,7.32,7.49,7.28,0.21,2.88,117773.92,88614.22,0.8452,3.6777,0.88,28.5099,28.5099,1.2245,0.2964,0.2964,0.8011,0.8011,139343.0609,139343.0609,32024.1791,1043679.5261,1043679.5261,,,5.074
600782,新钢股份,普钢,江西,19961225,600782.SH,20110420,7.49,7.62,7.26,7.28,7.53,-0.25,-3.32,118438.97,87564.476,0.85,3.6984,0.74,27.7105,27.7105,1.1902,0.2881,0.2881,0.8242,0.8242,139343.0609,139343.0609,32024.1791,1014417.4834,1014417.4834,,,5.074
600782,新钢股份,普钢,江西,19961225,600782.SH,20110419,7.63,7.95,7.48,7.53,7.7,-0.17,-2.21,137101.69,105316.972,0.9839,4.2812,0.72,28.6621,28.6621,1.2311,0.298,0.298,0.7968,0.7968,139343.0609,139343.0609,32024.1791,1049253.2486,1049253.2486,,,5.074
600782,新钢股份,普钢,江西,19961225,600782.SH,20110418,7.47,7.77,7.45,7.7,7.53,0.17,2.26,108144.35,82330.937,0.7761,3.377,0.47,59.5138,32.3084,1.2688,0.4912,0.3358,0.7792,0.7792,139343.0609,139343.0609,32024.1791,1072941.5689,1072941.5689,,,5.074
600782,新钢股份,普钢,江西,19961225,600782.SH,20110415,7.65,7.65,7.38,7.53,7.7,-0.17,-2.21,134875.99,101505.398,0.9679,4.2117,0.54,58.1999,31.5951,1.2408,0.4803,0.3284,0.7968,0.7968,139343.0609,139343.0609,32024.1791,1049253.2486,1049253.2486,,,5.074
600782,新钢股份,普钢,江西,19961225,600782.SH,20110414,7.69,7.88,7.56,7.7,7.72,-0.02,-0.26,170464.9,131671.059,1.2233,5.323,0.6,59.5138,32.3084,1.2688,0.4912,0.3358,0.7792,0.7792,139343.0609,139343.0609,32024.1791,1072941.5689,1072941.5689,,,5.074
600782,新钢股份,普钢,江西,19961225,600782.SH,20110413,7.6,7.94,7.55,7.72,7.64,0.08,1.05,251266.12,195407.779,1.8032,7.8461,0.97,59.6684,32.3923,1.2721,0.4925,0.3367,0.7772,0.7772,139343.0609,139343.0609,32024.1791,1075728.4301,1075728.4301,,,5.074
600782,新钢股份,普钢,江西,19961225,600782.SH,20110412,7.45,7.97,7.35,7.64,7.47,0.17,2.28,288310.89,222166.283,2.0691,9.0029,1.27,59.0501,32.0566,1.259,0.4874,0.3332,0.7853,0.7853,139343.0609,139343.0609,32024.1791,1064580.9853,1064580.9853,,,5.074
600782,新钢股份,普钢,江西,19961225,600782.SH,20110411,7.37,7.74,7.26,7.47,7.37,0.1,1.36,294102.37,223148.018,2.1106,9.1838,1.34,57.7361,31.3433,1.2309,0.4765,0.3258,0.8032,0.8032,139343.0609,139343.0609,32024.1791,1040892.6649,1040892.6649,,,5.074
600782,新钢股份,普钢,江西,19961225,600782.SH,20110408,7.15,7.62,7.1,7.37,7.23,0.14,1.94,249452.99,184959.233,1.7902,7.7895,0.86,56.9632,30.9237,1.2145,0.4701,0.3214,0.8141,0.8141,139343.0609,139343.0609,32024.1791,1026958.3588,1026958.3588,,,5.074
600782,新钢股份,普钢,江西,19961225,600782.SH,20110407,6.83,7.45,6.76,7.23,6.83,0.4,5.86,327485.91,234633.228,2.3502,10.2262,1.23,55.8812,30.3363,1.1914,0.4612,0.3153,0.8299,0.8299,139343.0609,139343.0609,32024.1791,1007450.3303,1007450.3303,7.46,6.1,5.074
600782,新钢股份,普钢,江西,19961225,600782.SH,20110406,6.75,6.89,6.67,6.83,6.82,0.01,0.15,140966.23,95745.663,1.0116,4.4019,0.52,52.7895,28.6579,1.1255,0.4357,0.2979,0.8785,0.8785,139343.0609,139343.0609,32024.1791,951713.1059,951713.1059,,,5.074
600782,新钢股份,普钢,江西,19961225,600782.SH,20110401,6.64,6.85,6.54,6.82,6.7,0.12,1.79,126032.41,84942.909,0.9045,3.9355,0.48,52.7123,28.616,1.1238,0.435,0.2974,0.8798,0.8798,139343.0609,139343.0609,32024.1791,950319.6753,950319.6753,,,5.074
600782,新钢股份,普钢,江西,19961225,600782.SH,20110331,6.97,7.05,6.68,6.7,7.17,-0.47,-6.56,252162.42,172293.242,1.8097,7.8741,1.1,51.7848,28.1125,1.1041,0.4274,0.2922,0.8955,0.8955,139343.0609,139343.0609,32024.1791,933598.508,933598.508,,,5.074
600782,新钢股份,普钢,江西,19961225,600782.SH,20110330,7.2,7.48,7.06,7.17,6.99,0.18,2.58,606787.9,438883.901,4.3546,18.9478,4.58,55.4174,30.0845,1.1815,0.4574,0.3127,0.8368,0.8368,139343.0609,139343.0609,32024.1791,999089.7467,999089.7467,,,5.074
600782,新钢股份,普钢,江西,19961225,600782.SH,20110329,6.41,6.99,6.41,6.99,6.35,0.64,10.08,209437.04,143682.073,1.503,6.54,2.07,54.0262,29.3293,1.1518,0.4459,0.3048,0.8584,0.8584,139343.0609,139343.0609,32024.1791,974007.9957,974007.9957,,,5.074
600782,新钢股份,普钢,江西,19961225,600782.SH,20110328,6.27,6.42,6.24,6.35,6.25,0.1,1.6,151633.15,96401.234,1.0882,4.735,1.92,49.0796,26.6439,1.0464,0.4051,0.2769,0.9449,0.9449,139343.0609,139343.0609,32024.1791,884828.4367,884828.4367,,,5.074
600782,新钢股份,普钢,江西,19961225,600782.SH,20110325,6.16,6.28,6.16,6.25,6.17,0.08,1.3,85762.9,53366.614,0.6155,2.6781,1.19,48.3067,26.2243,1.0299,0.3987,0.2726,0.96,0.96,139343.0609,139343.0609,32024.1791,870894.1306,870894.1306,,,5.074
600782,新钢股份,普钢,江西,19961225,600782.SH,20110324,6.23,6.23,6.14,6.17,6.23,-0.06,-0.96,90789.2,56016.705,0.6516,2.835,1.36,47.6884,25.8887,1.0167,0.3936,0.2691,0.9724,0.9724,139343.0609,139343.0609,32024.1791,859746.6858,859746.6858,,,5.074
600782,新钢股份,普钢,江西,19961225,600782.SH,20110323,6.23,6.24,6.12,6.23,6.23,0.0,0.0,125440.0,77578.564,0.9002,3.917,1.93,48.1521,26.1404,1.0266,0.3974,0.2717,0.9631,0.9631,139343.0609,139343.0609,32024.1791,868107.2694,868107.2694,,,5.074
600782,新钢股份,普钢,江西,19961225,600782.SH,20110322,6.28,6.33,6.16,6.23,6.29,-0.06,-0.95,51569.54,32033.558,0.3701,1.6103,0.65,48.1521,26.1404,1.0266,0.3974,0.2717,0.9631,0.9631,139343.0609,139343.0609,32024.1791,868107.2694,868107.2694,,,5.074
600782,新钢股份,普钢,江西,19961225,600782.SH,20110321,6.37,6.41,6.27,6.29,6.37,-0.08,-1.26,40792.54,25793.257,0.2927,1.2738,0.47,48.6158,26.3922,1.0365,0.4012,0.2743,0.9539,0.9539,139343.0609,139343.0609,32024.1791,876467.8531,876467.8531,7.66,6.26,5.074
600782,新钢股份,普钢,江西,19961225,600782.SH,20110318,6.34,6.47,6.31,6.37,6.29,0.08,1.27,52311.52,33369.152,0.3754,1.6335,0.59,49.2342,26.7278,1.0497,0.4063,0.2778,0.9419,0.9419,139343.0609,139343.0609,32024.1791,887615.2979,887615.2979,7.58,6.2,5.074
600782,新钢股份,普钢,江西,19961225,600782.SH,20110317,6.38,6.42,6.29,6.29,6.46,-0.17,-2.63,64430.59,40987.809,0.4624,2.0119,0.7,48.6158,26.3922,1.0365,0.4012,0.2743,0.9539,0.9539,139343.0609,139343.0609,32024.1791,876467.8531,876467.8531,,,5.074
600782,新钢股份,普钢,江西,19961225,600782.SH,20110316,6.35,6.51,6.27,6.46,6.36,0.1,1.57,116072.5,74147.759,0.833,3.6245,1.49,49.9298,27.1055,1.0645,0.4121,0.2817,0.9288,0.9288,139343.0609,139343.0609,32024.1791,900156.1734,900156.1734,,,5.074
600782,新钢股份,普钢,江西,19961225,600782.SH,20110315,6.28,6.37,6.1,6.36,6.27,0.09,1.44,121680.66,76123.498,0.8732,3.7996,1.73,49.1569,26.6859,1.048,0.4057,0.2774,0.9434,0.9434,139343.0609,139343.0609,32024.1791,886221.8673,886221.8673,7.49,6.13,5.074
600782,新钢股份,普钢,江西,19961225,600782.SH,20110314,6.3,6.34,6.25,6.27,6.23,0.04,0.64,79170.55,49816.816,0.5682,2.4722,0.99,48.4613,26.3082,1.0332,0.4,0.2734,0.9569,0.9569,139343.0609,139343.0609,32024.1791,873680.9918,873680.9918,,,5.074
600782,新钢股份,普钢,江西,19961225,600782.SH,20110311,6.29,6.33,6.21,6.23,6.3,-0.07,-1.11,64363.87,40290.806,0.4619,2.0099,0.71,48.1521,26.1404,1.0266,0.3974,0.2717,0.9631,0.9631,139343.0609,139343.0609,32024.1791,868107.2694,868107.2694,,,5.074
600782,新钢股份,普钢,江西,19961225,600782.SH,20110310,6.43,6.43,6.29,6.3,6.42,-0.12,-1.87,79238.01,50151.993,0.5687,2.4743,0.97,48.6931,26.4341,1.0381,0.4019,0.2748,0.9524,0.9524,139343.0609,139343.0609,32024.1791,877861.2837,877861.2837,,,5.074
600782,新钢股份,普钢,江西,19961225,600782.SH,20110309,6.44,6.46,6.35,6.42,6.45,-0.03,-0.47,44116.51,28282.988,0.3166,1.3776,0.54,49.6206,26.9376,1.0579,0.4095,0.28,0.9346,0.9346,139343.0609,139343.0609,32024.1791,894582.451,894582.451,,,5.074
600782,新钢股份,普钢,江西,19961225,600782.SH,20110308,6.51,6.52,6.39,6.45,6.52,-0.07,-1.07,85285.97,54857.848,0.6121,2.6632,1.17,49.8525,27.0635,1.0629,0.4114,0.2813,0.9302,0.9302,139343.0609,139343.0609,32024.1791,898762.7428,898762.7428,,,5.074
600782,新钢股份,普钢,江西,19961225,600782.SH,20110307,6.47,6.56,6.33,6.52,6.46,0.06,0.93,125274.89,80929.247,0.899,3.9119,2.26,50.3935,27.3572,1.0744,0.4159,0.2843,0.9202,0.9202,139343.0609,139343.0609,32024.1791,908516.7571,908516.7571,,,5.074
600782,新钢股份,普钢,江西,19961225,600782.SH,20110304,6.18,6.47,6.18,6.46,6.2,0.26,4.19,119199.32,75886.958,0.8554,3.7222,2.9,49.9298,27.1055,1.0645,0.4121,0.2817,0.9288,0.9288,139343.0609,139343.0609,32024.1791,900156.1734,900156.1734,,,5.074
600782,新钢股份,普钢,江西,19961225,600782.SH,20110303,6.21,6.27,6.18,6.2,6.23,-0.03,-0.48,35181.96,21881.427,0.2525,1.0986,0.79,47.9202,26.0145,1.0217,0.3955,0.2704,0.9677,0.9677,139343.0609,139343.0609,32024.1791,863926.9776,863926.9776,,,5.074
600782,新钢股份,普钢,江西,19961225,600782.SH,20110302,6.23,6.25,6.11,6.23,6.26,-0.03,-0.48,41939.43,25909.613,0.301,1.3096,0.96,48.1521,26.1404,1.0266,0.3974,0.2717,0.9631,0.9631,139343.0609,139343.0609,32024.1791,868107.2694,868107.2694,,,5.074
600782,新钢股份,普钢,江西,19961225,600782.SH,20110301,6.23,6.27,6.19,6.26,6.23,0.03,0.48,43799.36,27296.252,0.3143,1.3677,0.92,48.384,26.2663,1.0316,0.3993,0.273,0.9585,0.9585,139343.0609,139343.0609,32024.1791,872287.5612,872287.5612,,,5.074
600782,新钢股份,普钢,江西,19961225,600782.SH,20110228,6.12,6.24,6.1,6.23,6.14,0.09,1.47,37064.66,22945.008,0.266,1.1574,0.79,48.1521,26.1404,1.0266,0.3974,0.2717,0.9631,0.9631,139343.0609,139343.0609,32024.1791,868107.2694,868107.2694,,,5.074
600782,新钢股份,普钢,江西,19961225,600782.SH,20110225,6.19,6.19,6.08,6.14,6.18,-0.04,-0.65,47563.48,29107.393,0.3413,1.4852,1.01,47.4565,25.7628,1.0118,0.3917,0.2678,0.9772,0.9772,139343.0609,139343.0609,32024.1791,855566.3939,855566.3939,,,5.074
600782,新钢股份,普钢,江西,19961225,600782.SH,20110224,6.2,6.23,6.15,6.18,6.19,-0.01,-0.16,51273.21,31707.089,0.368,1.6011,1.1,47.7656,25.9306,1.0184,0.3942,0.2695,0.9709,0.9709,139343.0609,139343.0609,32024.1791,861140.1164,861140.1164,,,5.074
600782,新钢股份,普钢,江西,19961225,600782.SH,20110223,6.17,6.24,6.13,6.19,6.18,0.01,0.16,37701.49,23356.237,0.2706,1.1773,0.58,47.8429,25.9726,1.02,0.3949,0.27,0.9693,0.9693,139343.0609,139343.0609,32024.1791,862533.547,862533.547,,,5.074
600782,新钢股份,普钢,江西,19961225,600782.SH,20110222,6.46,6.48,6.16,6.18,6.46,-0.28,-4.33,63462.0,39856.773,0.4554,1.9817,0.97,47.7656,25.9306,1.0184,0.3942,0.2695,0.9709,0.9709,139343.0609,139343.0609,32024.1791,861140.1164,861140.1164,,,5.074
600782,新钢股份,普钢,江西,19961225,600782.SH,20110221,6.39,6.46,6.33,6.46,6.41,0.05,0.78,35171.02,22567.876,0.2524,1.0983,0.37,49.9298,27.1055,1.0645,0.4121,0.2817,0.9288,0.9288,139343.0609,139343.0609,32024.1791,900156.1734,900156.1734,,,5.074
600782,新钢股份,普钢,江西,19961225,600782.SH,20110218,6.55,6.55,6.35,6.41,6.55,-0.14,-2.14,48580.11,31180.235,0.3486,1.517,0.51,49.5433,26.8957,1.0563,0.4089,0.2796,0.936,0.936,139343.0609,139343.0609,32024.1791,893189.0204,893189.0204,,,5.074
600782,新钢股份,普钢,江西,19961225,600782.SH,20110217,6.59,6.62,6.46,6.55,6.57,-0.02,-0.3,48395.3,31599.868,0.3473,1.5112,0.51,50.6254,27.4831,1.0793,0.4178,0.2857,0.916,0.916,139343.0609,139343.0609,32024.1791,912697.0489,912697.0489,,,5.03
600782,新钢股份,普钢,江西,19961225,600782.SH,20110216,6.31,6.63,6.31,6.57,6.35,0.22,3.46,129139.71,84722.694,0.9268,4.0326,1.71,50.78,27.567,1.0826,0.4191,0.2865,0.9132,0.9132,139343.0609,139343.0609,32024.1791,915483.9101,915483.9101,,,5.03
600782,新钢股份,普钢,江西,19961225,600782.SH,20110215,6.39,6.47,6.34,6.35,6.43,-0.08,-1.24,64371.45,41232.155,0.462,2.0101,0.93,49.0796,26.6439,1.0464,0.4051,0.2769,0.9449,0.9449,139343.0609,139343.0609,32024.1791,884828.4367,884828.4367,,,5.03
600782,新钢股份,普钢,江西,19961225,600782.SH,20110214,6.19,6.57,6.19,6.43,6.16,0.27,4.38,185794.39,118804.315,1.3334,5.8017,4.46,49.6979,26.9796,1.0596,0.4102,0.2804,0.9331,0.9331,139343.0609,139343.0609,32024.1791,895975.8816,895975.8816,,,5.03
600782,新钢股份,普钢,江西,19961225,600782.SH,20110211,6.12,6.22,6.12,6.16,6.16,0.0,0.0,46928.23,28989.674,0.3368,1.4654,1.24,47.6111,25.8467,1.0151,0.3929,0.2686,0.974,0.974,139343.0609,139343.0609,32024.1791,858353.2551,858353.2551,,,5.03
600782,新钢股份,普钢,江西,19961225,600782.SH,20110210,6.01,6.17,5.99,6.16,6.01,0.15,2.5,50795.26,30991.091,0.3645,1.5862,1.29,47.6111,25.8467,1.0151,0.3929,0.2686,0.974,0.974,139343.0609,139343.0609,32024.1791,858353.2551,858353.2551,,,5.03
600782,新钢股份,普钢,江西,19961225,600782.SH,20110209,6.04,6.15,5.99,6.01,6.09,-0.08,-1.31,29136.16,17636.268,0.2091,0.9098,0.7,46.4517,25.2173,0.9904,0.3834,0.2621,0.9983,0.9983,139343.0609,139343.0609,32024.1791,837451.796,837451.796,,,5.03
600782,新钢股份,普钢,江西,19961225,600782.SH,20110201,6.16,6.19,6.05,6.09,6.16,-0.07,-1.14,32445.58,19775.595,0.2328,1.0132,0.71,47.07,25.553,1.0035,0.3885,0.2656,0.9852,0.9852,139343.0609,139343.0609,32024.1791,848599.2409,848599.2409,,,5.03
600782,新钢股份,普钢,江西,19961225,600782.SH,20110131,6.06,6.18,6.05,6.16,6.07,0.09,1.48,48949.29,30027.021,0.3513,1.5285,1.09,47.6111,25.8467,1.0151,0.3929,0.2686,0.974,0.974,139343.0609,139343.0609,32024.1791,858353.2551,858353.2551,,,5.03
600782,新钢股份,普钢,江西,19961225,600782.SH,20110128,6.12,6.12,6.01,6.07,6.09,-0.02,-0.33,27470.24,16629.761,0.1971,0.8578,0.43,46.9155,25.4691,1.0002,0.3872,0.2647,0.9885,0.9885,139343.0609,139343.0609,32024.1791,845812.3797,845812.3797,,,5.03
600782,新钢股份,普钢,江西,19961225,600782.SH,20110127,6.01,6.15,5.93,6.09,6.04,0.05,0.83,59546.08,35993.912,0.4273,1.8594,0.75,47.07,25.553,1.0035,0.3885,0.2656,0.9852,0.9852,139343.0609,139343.0609,32024.1791,848599.2409,848599.2409,,,5.03
600782,新钢股份,普钢,江西,19961225,600782.SH,20110126,6.03,6.05,5.9,6.04,6.02,0.02,0.33,40770.64,24465.207,0.2926,1.2731,0.49,46.6836,25.3432,0.9953,0.3853,0.2634,0.9934,0.9934,139343.0609,139343.0609,32024.1791,841632.0878,841632.0878,,,5.03
600782,新钢股份,普钢,江西,19961225,600782.SH,20110125,6.08,6.23,6.02,6.02,6.08,-0.06,-0.99,50468.38,30856.573,0.3622,1.5759,0.64,46.529,25.2593,0.992,0.384,0.2625,0.9967,0.9967,139343.0609,139343.0609,32024.1791,838845.2266,838845.2266,,,5.03
600782,新钢股份,普钢,江西,19961225,600782.SH,20110124,6.07,6.14,6.01,6.08,6.09,-0.01,-0.16,46946.38,28497.986,0.3369,1.466,0.63,46.9927,25.511,1.0019,0.3878,0.2652,0.9868,0.9868,139343.0609,139343.0609,32024.1791,847205.8103,847205.8103,,,5.03
600782,新钢股份,普钢,江西,19961225,600782.SH,20110121,6.0,6.28,5.98,6.09,6.11,-0.02,-0.33,119426.38,72970.697,0.8571,3.7293,2.12,47.07,25.553,1.0035,0.3885,0.2656,0.9852,0.9852,139343.0609,139343.0609,32024.1791,848599.2409,848599.2409,,,5.03
600782,新钢股份,普钢,江西,19961225,600782.SH,20110120,5.99,6.49,5.86,6.11,5.95,0.16,2.69,138695.97,84497.588,0.9954,4.331,4.14,47.2246,25.6369,1.0068,0.3898,0.2665,0.982,0.982,139343.0609,139343.0609,32024.1791,851386.1021,851386.1021,,,5.03
600782,新钢股份,普钢,江西,19961225,600782.SH,20110119,5.77,5.98,5.74,5.95,5.78,0.17,2.94,61012.0,35915.504,0.4379,1.9052,1.99,45.988,24.9656,0.9805,0.3796,0.2595,1.0084,1.0084,139343.0609,139343.0609,32024.1791,829091.2124,829091.2124,,,5.03
600782,新钢股份,普钢,江西,19961225,600782.SH,20110118,5.68,5.79,5.65,5.78,5.7,0.08,1.4,25788.05,14751.299,0.1851,0.8053,0.8,44.674,24.2523,0.9525,0.3687,0.2521,1.0381,1.0381,139343.0609,139343.0609,32024.1791,805402.892,805402.892,,,5.03
600782,新钢股份,普钢,江西,19961225,600782.SH,20110117,5.83,5.86,5.68,5.7,5.87,-0.17,-2.9,29335.89,16892.667,0.2105,0.9161,0.9,44.0557,23.9166,0.9393,0.3636,0.2486,1.0526,1.0526,139343.0609,139343.0609,32024.1791,794255.4471,794255.4471,,,5.03
600782,新钢股份,普钢,江西,19961225,600782.SH,20110114,5.9,5.9,5.81,5.87,5.91,-0.04,-0.68,26428.9,15485.163,0.1897,0.8253,0.68,45.3696,24.6299,0.9673,0.3744,0.256,1.0221,1.0221,139343.0609,139343.0609,32024.1791,817943.7675,817943.7675,,,5.03
600782,新钢股份,普钢,江西,19961225,600782.SH,20110113,5.96,5.98,5.9,5.91,5.95,-0.04,-0.67,24843.54,14752.279,0.1783,0.7758,0.62,45.6788,24.7977,0.9739,0.377,0.2577,1.0152,1.0152,139343.0609,139343.0609,32024.1791,823517.4899,823517.4899,,,5.03
600782,新钢股份,普钢,江西,19961225,600782.SH,20110112,5.86,6.01,5.85,5.95,5.85,0.1,1.71,46976.56,27894.347,0.3371,1.4669,1.23,45.988,24.9656,0.9805,0.3796,0.2595,1.0084,1.0084,139343.0609,139343.0609,32024.1791,829091.2124,829091.2124,,,5.03
600782,新钢股份,普钢,江西,19961225,600782.SH,20110111,5.87,5.87,5.76,5.85,5.85,0.0,0.0,33717.9,19589.626,0.242,1.0529,0.93,45.2151,24.546,0.964,0.3732,0.2551,1.0256,1.0256,139343.0609,139343.0609,32024.1791,815156.9063,815156.9063,,,5.03
600782,新钢股份,普钢,江西,19961225,600782.SH,20110110,5.98,5.98,5.83,5.85,5.94,-0.09,-1.52,30234.03,17807.265,0.217,0.9441,0.87,45.2151,24.546,0.964,0.3732,0.2551,1.0256,1.0256,139343.0609,139343.0609,32024.1791,815156.9063,815156.9063,,,5.03
600782,新钢股份,普钢,江西,19961225,600782.SH,20110107,5.87,6.02,5.84,5.94,5.87,0.07,1.19,58876.72,35003.932,0.4225,1.8385,2.23,45.9107,24.9236,0.9788,0.3789,0.2591,1.0101,1.0101,139343.0609,139343.0609,32024.1791,827697.7817,827697.7817,,,5.03
600782,新钢股份,普钢,江西,19961225,600782.SH,20110106,5.83,5.88,5.82,5.87,5.87,0.0,0.0,30353.11,17768.884,0.2178,0.9478,1.16,45.3696,24.6299,0.9673,0.3744,0.256,1.0221,1.0221,139343.0609,139343.0609,32024.1791,817943.7675,817943.7675,,,5.03
600782,新钢股份,普钢,江西,19961225,600782.SH,20110104,5.78,5.88,5.73,5.87,5.75,0.12,2.09,37253.57,21733.61,0.2674,1.1633,1.48,45.3696,24.6299,0.9673,0.3744,0.256,1.0221,1.0221,139343.0609,139343.0609,32024.1791,817943.7675,817943.7675,,,5.03
600782,新钢股份,普钢,江西,19961225,600782.SH,20101231,5.69,5.75,5.65,5.75,5.67,0.08,1.41,23940.02,13657.188,0.1718,0.7476,0.89,44.4421,24.1264,0.9475,0.3668,0.2508,1.0435,1.0435,139343.0609,139343.0609,32024.1791,801222.6002,801222.6002,,,5.03
600782,新钢股份,普钢,江西,19961225,600782.SH,20101230,5.7,5.72,5.64,5.67,5.69,-0.02,-0.35,22380.93,12701.806,0.1606,0.6989,0.71,43.8238,23.7907,0.9343,0.3617,0.2473,1.0582,1.0582,139343.0609,139343.0609,32024.1791,790075.1553,790075.1553,,,5.03
600782,新钢股份,普钢,江西,19961225,600782.SH,20101229,5.66,5.73,5.65,5.69,5.65,0.04,0.71,18045.0,10256.927,0.1295,0.5635,0.42,43.9784,23.8746,0.9376,0.363,0.2482,1.0545,1.0545,139343.0609,139343.0609,32024.1791,792862.0165,792862.0165,,,5.03
600782,新钢股份,普钢,江西,19961225,600782.SH,20101228,5.76,5.79,5.64,5.65,5.8,-0.15,-2.59,29544.27,16863.427,0.212,0.9226,0.67,43.6692,23.7068,0.931,0.3604,0.2464,1.0619,1.0619,139343.0609,139343.0609,32024.1791,787288.2941,787288.2941,,,5.03
600782,新钢股份,普钢,江西,19961225,600782.SH,20101227,5.92,5.96,5.76,5.8,5.9,-0.1,-1.69,31933.13,18769.019,0.2292,0.9972,0.68,44.8286,24.3362,0.9558,0.37,0.2529,1.0345,1.0345,139343.0609,139343.0609,32024.1791,808189.7532,808189.7532,,,5.03
600782,新钢股份,普钢,江西,19961225,600782.SH,20101224,5.91,5.95,5.85,5.9,5.93,-0.03,-0.51,32911.87,19432.349,0.2362,1.0277,0.71,45.6015,24.7558,0.9722,0.3764,0.2573,1.0169,1.0169,139343.0609,139343.0609,32024.1791,822124.0593,822124.0593,,,5.03
600782,新钢股份,普钢,江西,19961225,600782.SH,20101223,6.04,6.04,5.9,5.93,6.03,-0.1,-1.66,46280.96,27547.335,0.3321,1.4452,1.02,45.8334,24.8816,0.9772,0.3783,0.2586,1.0118,1.0118,139343.0609,139343.0609,32024.1791,826304.3511,826304.3511,,,5.03
600782,新钢股份,普钢,江西,19961225,600782.SH,20101222,6.01,6.17,6.0,6.03,6.02,0.01,0.17,73673.57,44771.722,0.5287,2.3006,1.75,46.6063,25.3012,0.9937,0.3847,0.263,0.995,0.995,139343.0609,139343.0609,32024.1791,840238.6572,840238.6572,,,5.03
600782,新钢股份,普钢,江西,19961225,600782.SH,20101221,5.9,6.03,5.87,6.02,5.91,0.11,1.86,35526.03,21209.915,0.255,1.1094,0.72,46.529,25.2593,0.992,0.384,0.2625,0.9967,0.9967,139343.0609,139343.0609,32024.1791,838845.2266,838845.2266,,,5.03
600782,新钢股份,普钢,江西,19961225,600782.SH,20101220,6.08,6.08,5.85,5.91,6.04,-0.13,-2.15,45016.27,26728.646,0.3231,1.4057,0.85,45.6788,24.7977,0.9739,0.377,0.2577,1.0152,1.0152,139343.0609,139343.0609,32024.1791,823517.4899,823517.4899,,,5.03
600782,新钢股份,普钢,江西,19961225,600782.SH,20101217,6.01,6.08,5.96,6.04,6.0,0.04,0.67,31321.94,18845.716,0.2248,0.9781,0.59,46.6836,25.3432,0.9953,0.3853,0.2634,0.9934,0.9934,139343.0609,139343.0609,32024.1791,841632.0878,841632.0878,,,5.03
600782,新钢股份,普钢,江西,19961225,600782.SH,20101216,6.0,6.03,5.94,6.0,6.01,-0.01,-0.17,40354.56,24109.93,0.2896,1.2601,0.7,46.3744,25.1754,0.9887,0.3827,0.2617,1.0,1.0,139343.0609,139343.0609,32024.1791,836058.3654,836058.3654,,,5.03
600782,新钢股份,普钢,江西,19961225,600782.SH,20101215,6.05,6.08,5.97,6.01,6.08,-0.07,-1.15,58675.07,35254.38,0.4211,1.8322,1.08,46.4517,25.2173,0.9904,0.3834,0.2621,0.9983,0.9983,139343.0609,139343.0609,32024.1791,837451.796,837451.796,,,5.03
600782,新钢股份,普钢,江西,19961225,600782.SH,20101214,6.03,6.13,6.02,6.08,5.99,0.09,1.5,72030.03,43747.632,0.5169,2.2492,1.5,46.9927,25.511,1.0019,0.3878,0.2652,0.9868,0.9868,139343.0609,139343.0609,32024.1791,847205.8103,847205.8103,,,5.03
600782,新钢股份,普钢,江西,19961225,600782.SH,20101213,5.93,6.02,5.9,5.99,5.91,0.08,1.35,61546.7,36713.556,0.4417,1.9219,1.48,46.2971,25.1334,0.9871,0.3821,0.2612,1.0017,1.0017,139343.0609,139343.0609,32024.1791,834664.9348,834664.9348,,,5.03
600782,新钢股份,普钢,江西,19961225,600782.SH,20101210,5.82,5.92,5.78,5.91,5.85,0.06,1.03,33956.32,19869.801,0.2437,1.0603,0.82,45.6788,24.7977,0.9739,0.377,0.2577,1.0152,1.0152,139343.0609,139343.0609,32024.1791,823517.4899,823517.4899,,,5.03
600782,新钢股份,普钢,江西,19961225,600782.SH,20101209,5.91,6.03,5.82,5.85,5.9,-0.05,-0.85,60805.55,36215.706,0.4364,1.8987,1.54,45.2151,24.546,0.964,0.3732,0.2551,1.0256,1.0256,139343.0609,139343.0609,32024.1791,815156.9063,815156.9063,,,5.03
600782,新钢股份,普钢,江西,19961225,600782.SH,20101208,5.88,5.92,5.85,5.9,5.88,0.02,0.34,44155.54,26025.59,0.3169,1.3788,1.13,45.6015,24.7558,0.9722,0.3764,0.2573,1.0169,1.0169,139343.0609,139343.0609,32024.1791,822124.0593,822124.0593,,,5.03
600782,新钢股份,普钢,江西,19961225,600782.SH,20101207,5.77,5.89,5.7,5.88,5.78,0.1,1.73,40034.74,23269.475,0.2873,1.2501,0.89,45.4469,24.6718,0.9689,0.3751,0.2564,1.0204,1.0204,139343.0609,139343.0609,32024.1791,819337.1981,819337.1981,,,5.03
600782,新钢股份,普钢,江西,19961225,600782.SH,20101206,5.82,5.87,5.71,5.78,5.82,-0.04,-0.69,28903.7,16743.462,0.2074,0.9026,0.58,44.674,24.2523,0.9525,0.3687,0.2521,1.0381,1.0381,139343.0609,139343.0609,32024.1791,805402.892,805402.892,,,5.03
600782,新钢股份,普钢,江西,19961225,600782.SH,20101203,5.83,5.84,5.74,5.82,5.81,0.01,0.17,33523.76,19417.017,0.2406,1.0468,0.63,44.9832,24.4201,0.959,0.3713,0.2538,1.0309,1.0309,139343.0609,139343.0609,32024.1791,810976.6144,810976.6144,,,5.03
600782,新钢股份,普钢,江西,19961225,600782.SH,20101202,5.84,5.9,5.78,5.81,5.79,0.02,0.35,50533.36,29514.73,0.3627,1.578,0.92,44.9059,24.3781,0.9574,0.3706,0.2534,1.0327,1.0327,139343.0609,139343.0609,32024.1791,809583.1838,809583.1838,,,5.03
600782,新钢股份,普钢,江西,19961225,600782.SH,20101201,5.77,5.83,5.75,5.79,5.78,0.01,0.17,42014.33,24300.541,0.3015,1.312,0.77,44.7513,24.2942,0.9541,0.3693,0.2525,1.0363,1.0363,139343.0609,139343.0609,32024.1791,806796.3226,806796.3226,,,5.03
600782,新钢股份,普钢,江西,19961225,600782.SH,20101130,5.98,6.05,5.66,5.78,5.97,-0.19,-3.18,69836.59,40867.074,0.5012,2.1807,1.29,44.674,24.2523,0.9525,0.3687,0.2521,1.0381,1.0381,139343.0609,139343.0609,32024.1791,805402.892,805402.892,,,5.03
600782,新钢股份,普钢,江西,19961225,600782.SH,20101129,6.03,6.07,5.93,5.97,6.05,-0.08,-1.32,53919.94,32248.215,0.387,1.6837,1.0,46.1425,25.0495,0.9838,0.3808,0.2604,1.005,1.005,139343.0609,139343.0609,32024.1791,831878.0736,831878.0736,,,5.03
600782,新钢股份,普钢,江西,19961225,600782.SH,20101126,6.15,6.15,6.02,6.05,6.15,-0.1,-1.63,49356.55,29911.479,0.3542,1.5412,0.9,46.7609,25.3851,0.997,0.3859,0.2639,0.9917,0.9917,139343.0609,139343.0609,32024.1791,843025.5184,843025.5184,,,5.03
600782,新钢股份,普钢,江西,19961225,600782.SH,20101125,6.05,6.18,6.04,6.15,6.05,0.1,1.65,60153.71,36752.042,0.4317,1.8784,1.11,47.5338,25.8047,1.0134,0.3923,0.2682,0.9756,0.9756,139343.0609,139343.0609,32024.1791,856959.8245,856959.8245,,,5.03
600782,新钢股份,普钢,江西,19961225,600782.SH,20101124,5.95,6.05,5.91,6.05,5.96,0.09,1.51,38779.14,23302.582,0.2783,1.2109,0.7,46.7609,25.3851,0.997,0.3859,0.2639,0.9917,0.9917,139343.0609,139343.0609,32024.1791,843025.5184,843025.5184,,,5.03
600782,新钢股份,普钢,江西,19961225,600782.SH,20101123,6.18,6.18,5.87,5.96,6.18,-0.22,-3.56,69184.55,41643.61,0.4965,2.1604,1.22,46.0653,25.0075,0.9821,0.3802,0.2599,1.0067,1.0067,139343.0609,139343.0609,32024.1791,830484.643,830484.643,,,5.03
600782,新钢股份,普钢,江西,19961225,600782.SH,20101122,6.15,6.21,6.12,6.18,6.21,-0.03,-0.48,52509.49,32431.464,0.3768,1.6397,0.86,47.7656,25.9306,1.0184,0.3942,0.2695,0.9709,0.9709,139343.0609,139343.0609,32024.1791,861140.1164,861140.1164,,,5.03
600782,新钢股份,普钢,江西,19961225,600782.SH,20101119,6.23,6.23,6.06,6.21,6.21,0.0,0.0,53561.23,32990.688,0.3844,1.6725,0.66,47.9975,26.0565,1.0233,0.3961,0.2708,0.9662,0.9662,139343.0609,139343.0609,32024.1791,865320.4082,865320.4082,,,5.03
600782,新钢股份,普钢,江西,19961225,600782.SH,20101118,6.27,6.29,6.12,6.21,6.2,0.01,0.16,56021.76,34680.317,0.402,1.7494,0.58,47.9975,26.0565,1.0233,0.3961,0.2708,0.9662,0.9662,139343.0609,139343.0609,32024.1791,865320.4082,865320.4082,,,5.03
600782,新钢股份,普钢,江西,19961225,600782.SH,20101117,6.24,6.33,6.15,6.2,6.28,-0.08,-1.27,45873.53,28600.655,0.3292,1.4325,0.4,47.9202,26.0145,1.0217,0.3955,0.2704,0.9677,0.9677,139343.0609,139343.0609,32024.1791,863926.9776,863926.9776,7.5,6.14,5.03
600782,新钢股份,普钢,江西,19961225,600782.SH,20101116,6.52,6.58,6.25,6.28,6.52,-0.24,-3.68,75060.22,48170.215,0.5387,2.3439,0.59,48.5386,26.3502,1.0349,0.4006,0.2739,0.9554,0.9554,139343.0609,139343.0609,32024.1791,875074.4225,875074.4225,,,5.03
600782,新钢股份,普钢,江西,19961225,600782.SH,20101115,6.53,6.58,6.37,6.52,6.51,0.01,0.15,75233.81,48561.748,0.5399,2.3493,0.48,50.3935,27.3572,1.0744,0.4159,0.2843,0.9202,0.9202,139343.0609,139343.0609,32024.1791,908516.7571,908516.7571,,,5.03
600782,新钢股份,普钢,江西,19961225,600782.SH,20101112,6.94,6.97,6.42,6.51,7.0,-0.49,-7.0,151561.5,101852.87,1.0877,4.7327,0.96,50.3162,27.3153,1.0728,0.4153,0.2839,0.9217,0.9217,139343.0609,139343.0609,32024.1791,907123.3265,907123.3265,7.69,6.29,5.03
600782,新钢股份,普钢,江西,19961225,600782.SH,20101111,7.0,7.09,6.96,7.0,6.99,0.01,0.14,134681.23,94865.369,0.9665,4.2056,0.85,54.1035,29.3712,1.1535,0.4465,0.3053,0.8571,0.8571,139343.0609,139343.0609,32024.1791,975401.4263,975401.4263,,,5.03
600782,新钢股份,普钢,江西,19961225,600782.SH,20101110,7.1,7.1,6.97,6.99,7.11,-0.12,-1.69,139966.27,98210.862,1.0045,4.3706,0.9,54.0262,29.3293,1.1518,0.4459,0.3048,0.8584,0.8584,139343.0609,139343.0609,32024.1791,974007.9957,974007.9957,,,5.03
600782,新钢股份,普钢,江西,19961225,600782.SH,20101109,7.21,7.21,7.0,7.11,7.21,-0.1,-1.39,138285.0,97992.324,0.9924,4.3181,0.8,54.9537,29.8328,1.1716,0.4535,0.3101,0.8439,0.8439,139343.0609,139343.0609,32024.1791,990729.163,990729.163,,,5.03
600782,新钢股份,普钢,江西,19961225,600782.SH,20101108,6.98,7.23,6.94,7.21,6.94,0.27,3.89,214834.3,151630.868,1.5418,6.7085,1.36,55.7266,30.2524,1.1881,0.4599,0.3144,0.8322,0.8322,139343.0609,139343.0609,32024.1791,1004663.4691,1004663.4691,,,5.03
600782,新钢股份,普钢,江西,19961225,600782.SH,20101105,6.93,7.02,6.86,6.94,6.87,0.07,1.02,160184.31,111174.088,1.1496,5.002,1.03,53.6397,29.1195,1.1436,0.4427,0.3027,0.8646,0.8646,139343.0609,139343.0609,32024.1791,967040.8426,967040.8426,,,5.03
600782,新钢股份,普钢,江西,19961225,600782.SH,20101104,6.86,6.91,6.75,6.87,6.81,0.06,0.88,142698.08,97202.021,1.0241,4.4559,0.92,53.0987,28.8258,1.1321,0.4382,0.2996,0.8734,0.8734,139343.0609,139343.0609,32024.1791,957286.8284,957286.8284,,,5.03
600782,新钢股份,普钢,江西,19961225,600782.SH,20101103,6.97,7.03,6.8,6.81,6.96,-0.15,-2.16,125047.31,85776.953,0.8974,3.9048,0.71,52.635,28.574,1.1222,0.4344,0.297,0.8811,0.8811,139343.0609,139343.0609,32024.1791,948926.2447,948926.2447,,,5.03
600782,新钢股份,普钢,江西,19961225,600782.SH,20101102,6.9,7.14,6.83,6.96,6.91,0.05,0.72,217055.24,152118.69,1.5577,6.7779,1.32,53.7943,29.2034,1.1469,0.444,0.3035,0.8621,0.8621,139343.0609,139343.0609,32024.1791,969827.7039,969827.7039,,,5.03
600782,新钢股份,普钢,江西,19961225,600782.SH,20101101,6.65,6.92,6.65,6.91,6.7,0.21,3.13,142007.01,97017.401,4.4344,4.4344,0.9,53.4079,28.9936,1.1387,0.4408,0.3014,0.8683,0.8683,139343.0609,32024.1791,32024.1791,962860.5508,221287.0776,,,5.03
600782,新钢股份,普钢,江西,19961225,600782.SH,20101029,6.83,6.86,6.59,6.7,6.86,-0.16,-2.33,153138.5,102262.282,4.782,4.782,1.06,51.7848,28.1125,1.1041,0.4274,0.2922,0.8955,0.8955,139343.0609,32024.1791,32024.1791,933598.508,214562.0,,,5.03
600782,新钢股份,普钢,江西,19961225,600782.SH,20101028,6.92,7.1,6.82,6.86,6.98,-0.12,-1.72,139416.01,96753.473,4.3535,4.3535,0.98,53.0214,23.2223,1.1339,0.4376,0.3275,0.8746,0.8746,139343.0609,32024.1791,32024.1791,955893.3978,219685.8686,,,5.03
600782,新钢股份,普钢,江西,19961225,600782.SH,20101027,6.83,7.15,6.76,6.98,6.84,0.14,2.05,233405.57,162832.392,7.2884,7.2884,1.76,53.9489,23.6286,1.1537,0.4453,0.3332,0.8596,0.8596,139343.0609,32024.1791,32024.1791,972614.5651,223528.7701,,,5.03
600782,新钢股份,普钢,江西,19961225,600782.SH,20101026,6.77,6.94,6.72,6.84,6.77,0.07,1.03,152679.01,104315.228,4.7676,4.7676,1.08,52.8668,23.1546,1.1306,0.4363,0.3265,0.8772,0.8772,139343.0609,32024.1791,32024.1791,953106.5366,219045.385,,,5.03
600782,新钢股份,普钢,江西,19961225,600782.SH,20101025,6.66,6.78,6.6,6.77,6.7,0.07,1.04,110657.06,74154.203,3.4554,3.4554,0.54,52.3258,22.9177,1.119,0.4319,0.3232,0.8863,0.8863,139343.0609,32024.1791,32024.1791,943352.5223,216803.6925,7.06,5.78,5.03
600782,新钢股份,普钢,江西,19961225,600782.SH,20101022,6.78,6.79,6.66,6.7,6.82,-0.12,-1.76,83678.32,56232.818,2.613,2.613,0.37,51.7848,22.6807,1.1074,0.4274,0.3199,0.8955,0.8955,139343.0609,32024.1791,32024.1791,933598.508,214562.0,,,5.03
600782,新钢股份,普钢,江西,19961225,600782.SH,20101021,6.67,6.83,6.56,6.82,6.65,0.17,2.56,131869.29,87825.78,4.1178,4.1178,0.57,52.7123,23.0869,1.1273,0.435,0.3256,0.8798,0.8798,139343.0609,32024.1791,32024.1791,950319.6753,218404.9015,,,5.03
600782,新钢股份,普钢,江西,19961225,600782.SH,20101020,6.78,6.88,6.62,6.65,6.99,-0.34,-4.86,184443.41,124505.502,5.7595,5.7595,0.81,51.3983,22.5115,1.0992,0.4242,0.3175,0.9023,0.9023,139343.0609,32024.1791,32024.1791,926631.355,212960.791,,,5.03
600782,新钢股份,普钢,江西,19961225,600782.SH,20101019,7.02,7.02,6.74,6.99,6.98,0.01,0.14,195375.41,133749.746,6.1009,6.1009,0.87,54.0262,23.6624,1.1554,0.4459,0.3337,0.8584,0.8584,139343.0609,32024.1791,32024.1791,974007.9957,223849.0119,,,5.03
600782,新钢股份,普钢,江西,19961225,600782.SH,20101018,6.77,7.28,6.77,6.98,6.74,0.24,3.56,429277.44,303648.804,13.4048,13.4048,2.36,53.9489,23.6286,1.1537,0.4453,0.3332,0.8596,0.8596,139343.0609,32024.1791,32024.1791,972614.5651,223528.7701,,,5.03
600782,新钢股份,普钢,江西,19961225,600782.SH,20101015,6.46,6.76,6.46,6.74,6.5,0.24,3.69,180868.67,119472.709,5.6479,5.6479,1.01,52.0939,22.8161,1.1141,0.4299,0.3218,0.8902,0.8902,139343.0609,32024.1791,32024.1791,939172.2305,215842.9671,,,5.03
600782,新钢股份,普钢,江西,19961225,600782.SH,20101014,6.72,6.76,6.49,6.5,6.7,-0.2,-2.99,159263.57,105020.033,4.9732,4.9732,0.92,50.239,22.0037,1.0744,0.4146,0.3103,0.9231,0.9231,139343.0609,32024.1791,32024.1791,905729.8959,208157.1642,,,5.03
600782,新钢股份,普钢,江西,19961225,600782.SH,20101013,6.69,6.87,6.65,6.7,6.7,0.0,0.0,168984.73,113718.724,5.2768,5.2768,1.05,51.7848,22.6807,1.1074,0.4274,0.3199,0.8955,0.8955,139343.0609,32024.1791,32024.1791,933598.508,214562.0,,,5.03
600782,新钢股份,普钢,江西,19961225,600782.SH,20101012,6.79,6.79,6.62,6.7,6.8,-0.1,-1.47,180276.73,120402.958,5.6294,5.6294,1.3,51.7848,22.6807,1.1074,0.4274,0.3199,0.8955,0.8955,139343.0609,32024.1791,32024.1791,933598.508,214562.0,,,5.03
600782,新钢股份,普钢,江西,19961225,600782.SH,20101011,6.68,6.89,6.63,6.8,6.67,0.13,1.95,221227.67,149473.738,6.9081,6.9081,2.22,52.5577,23.0192,1.124,0.4338,0.3246,0.8824,0.8824,139343.0609,32024.1791,32024.1791,947532.8141,217764.4179,,,5.03
600782,新钢股份,普钢,江西,19961225,600782.SH,20101008,6.61,6.74,6.52,6.67,6.6,0.07,1.06,165006.66,109841.202,5.1526,5.1526,2.11,51.5529,22.5792,1.1025,0.4255,0.3184,0.8995,0.8995,139343.0609,32024.1791,32024.1791,929418.2162,213601.2746,,,5.03
600782,新钢股份,普钢,江西,19961225,600782.SH,20100930,6.47,6.7,6.44,6.6,6.51,0.09,1.38,130333.45,85254.209,4.0698,4.0698,1.92,51.0119,22.3422,1.0909,0.421,0.3151,0.9091,0.9091,139343.0609,32024.1791,32024.1791,919664.2019,211359.5821,7.11,5.81,5.03
600782,新钢股份,普钢,江西,19961225,600782.SH,20100929,6.4,6.59,6.25,6.51,6.44,0.07,1.09,105232.73,67603.267,3.286,3.286,1.65,50.3162,22.0375,1.076,0.4153,0.3108,0.9217,0.9217,139343.0609,32024.1791,32024.1791,907123.3265,208477.4059,7.05,5.77,5.03
600782,新钢股份,普钢,江西,19961225,600782.SH,20100928,6.27,6.48,6.22,6.44,6.28,0.16,2.55,69748.98,44025.296,2.178,2.178,1.07,49.7752,21.8006,1.0645,0.4108,0.3074,0.9317,0.9317,139343.0609,32024.1791,32024.1791,897369.3122,206235.7134,,,5.03
600782,新钢股份,普钢,江西,19961225,600782.SH,20100927,6.3,6.32,6.18,6.28,6.22,0.06,0.96,27449.12,17168.262,0.8571,0.8571,0.36,48.5386,21.2589,1.038,0.4006,0.2998,0.9554,0.9554,139343.0609,32024.1791,32024.1791,875074.4225,201111.8447,,,5.03
600782,新钢股份,普钢,江西,19961225,600782.SH,20100921,6.14,6.27,6.13,6.22,6.17,0.05,0.81,58293.51,36210.446,1.8203,1.8203,0.74,48.0748,21.0558,1.0281,0.3968,0.2969,0.9646,0.9646,139343.0609,32024.1791,32024.1791,866713.8388,199190.394,,,5.03
600782,新钢股份,普钢,江西,19961225,600782.SH,20100920,6.23,6.25,5.98,6.17,6.24,-0.07,-1.12,78371.65,47981.77,2.4473,2.4473,1.05,47.6884,20.8866,1.0198,0.3936,0.2946,0.9724,0.9724,139343.0609,32024.1791,32024.1791,859746.6858,197589.185,,,5.03
600782,新钢股份,普钢,江西,19961225,600782.SH,20100917,6.32,6.35,6.22,6.24,6.33,-0.09,-1.42,85606.91,53627.539,2.6732,2.6732,1.23,48.2294,21.1235,1.0314,0.3981,0.2979,0.9615,0.9615,139343.0609,32024.1791,32024.1791,869500.7,199830.8776,,,5.03
600782,新钢股份,普钢,江西,19961225,600782.SH,20100916,6.44,6.5,6.25,6.33,6.45,-0.12,-1.86,76858.93,49022.512,2.4,2.4,1.03,48.925,21.4282,1.0463,0.4038,0.3022,0.9479,0.9479,139343.0609,32024.1791,32024.1791,882041.5755,202713.0537,6.78,5.54,5.03
600782,新钢股份,普钢,江西,19961225,600782.SH,20100915,6.57,6.64,6.42,6.45,6.57,-0.12,-1.83,83328.96,54109.948,2.6021,2.6021,1.05,49.8525,21.8344,1.0661,0.4114,0.3079,0.9302,0.9302,139343.0609,32024.1791,32024.1791,898762.7428,206555.9552,,,5.03
600782,新钢股份,普钢,江西,19961225,600782.SH,20100914,6.66,6.73,6.55,6.57,6.67,-0.1,-1.5,67504.94,44685.882,2.1079,2.1079,0.65,50.78,22.2406,1.086,0.4191,0.3136,0.9132,0.9132,139343.0609,32024.1791,32024.1791,915483.9101,210398.8567,,,5.03
600782,新钢股份,普钢,江西,19961225,600782.SH,20100913,6.63,6.71,6.56,6.67,6.61,0.06,0.91,59803.4,39748.727,1.8674,1.8674,0.45,51.5529,22.5792,1.1025,0.4255,0.3184,0.8995,0.8995,139343.0609,32024.1791,32024.1791,929418.2162,213601.2746,,,5.03
600782,新钢股份,普钢,江西,19961225,600782.SH,20100910,6.57,6.65,6.43,6.61,6.57,0.04,0.61,59335.19,38940.556,1.8528,1.8528,0.39,51.0891,22.376,1.0926,0.4217,0.3156,0.9077,0.9077,139343.0609,32024.1791,32024.1791,921057.6325,211679.8239,,,5.03
600782,新钢股份,普钢,江西,19961225,600782.SH,20100909,6.79,6.79,6.53,6.57,6.8,-0.23,-3.38,103942.16,69159.357,3.2457,3.2457,0.67,50.78,22.2406,1.086,0.4191,0.3136,0.9132,0.9132,139343.0609,32024.1791,32024.1791,915483.9101,210398.8567,,,5.03
600782,新钢股份,普钢,江西,19961225,600782.SH,20100908,6.83,6.87,6.66,6.8,6.86,-0.06,-0.87,107005.36,71933.637,3.3414,3.3414,0.65,52.5577,23.0192,1.124,0.4338,0.3246,0.8824,0.8824,139343.0609,32024.1791,32024.1791,947532.8141,217764.4179,,,5.03
600782,新钢股份,普钢,江西,19961225,600782.SH,20100907,6.91,7.15,6.8,6.86,6.87,-0.01,-0.15,192333.47,133816.997,6.0059,6.0059,1.37,53.0214,23.2223,1.1339,0.4376,0.3275,0.8746,0.8746,139343.0609,32024.1791,32024.1791,955893.3978,219685.8686,,,5.03
600782,新钢股份,普钢,江西,19961225,600782.SH,20100906,6.78,6.98,6.76,6.87,6.7,0.17,2.54,206983.63,142042.307,6.4634,6.4634,1.81,53.0987,23.2562,1.1355,0.4382,0.328,0.8734,0.8734,139343.0609,32024.1791,32024.1791,957286.8284,220006.1104,,,5.03
600782,新钢股份,普钢,江西,19961225,600782.SH,20100903,6.55,6.77,6.49,6.7,6.54,0.16,2.45,151766.59,100446.49,4.7391,4.7391,1.58,51.7848,22.6807,1.1074,0.4274,0.3199,0.8955,0.8955,139343.0609,32024.1791,32024.1791,933598.508,214562.0,,,5.03
600782,新钢股份,普钢,江西,19961225,600782.SH,20100902,6.5,6.59,6.45,6.54,6.42,0.12,1.87,121561.23,79162.978,3.7959,3.7959,1.37,50.5481,22.1391,1.081,0.4172,0.3122,0.9174,0.9174,139343.0609,32024.1791,32024.1791,911303.6183,209438.1313,6.72,5.5,5.03
600782,新钢股份,普钢,江西,19961225,600782.SH,20100901,6.35,6.65,6.33,6.42,6.37,0.05,0.78,144481.78,93488.932,4.5116,4.5116,1.53,49.6206,21.7329,1.0612,0.4095,0.3065,0.9346,0.9346,139343.0609,32024.1791,32024.1791,894582.451,205595.2298,,,5.03
600782,新钢股份,普钢,江西,19961225,600782.SH,20100831,6.45,6.45,6.33,6.37,6.46,-0.09,-1.39,74980.64,47756.611,2.3414,2.3414,0.55,49.2342,21.5636,1.0529,0.4063,0.3041,0.9419,0.9419,139343.0609,32024.1791,32024.1791,887615.2979,203994.0209,,,5.03
600782,新钢股份,普钢,江西,19961225,600782.SH,20100830,6.39,6.49,6.34,6.46,6.37,0.09,1.41,79258.06,50910.059,2.4749,2.4749,0.53,49.9298,21.8683,1.0678,0.4121,0.3084,0.9288,0.9288,139343.0609,32024.1791,32024.1791,900156.1734,206876.197,,,5.03
600782,新钢股份,普钢,江西,19961225,600782.SH,20100827,6.37,6.38,6.25,6.37,6.38,-0.01,-0.16,60634.04,38291.347,1.8934,1.8934,0.34,49.2342,30.2168,1.0592,0.4063,0.3622,0.9419,0.9419,139343.0242,32024.1424,32024.1424,887615.0642,203993.7871,,,5.03
600782,新钢股份,普钢,江西,19961225,600782.SH,20100826,6.44,6.5,6.3,6.38,6.42,-0.04,-0.62,82700.2,53004.983,2.5824,2.5824,0.46,49.3114,30.2642,1.0609,0.407,0.3628,0.9404,0.9404,139343.0242,32024.1424,32024.1424,889008.4944,204314.0285,,,5.03
600782,新钢股份,普钢,江西,19961225,600782.SH,20100825,6.73,6.78,6.41,6.42,6.83,-0.41,-6.0,174713.06,115000.273,5.4557,5.4557,1.09,49.6206,30.454,1.0675,0.4095,0.3651,0.9346,0.9346,139343.0242,32024.1424,32024.1424,894582.2154,205594.9942,,,5.03
600782,新钢股份,普钢,江西,19961225,600782.SH,20100824,6.61,7.04,6.52,6.83,6.63,0.2,3.02,283377.13,193158.973,8.8489,8.8489,2.37,52.7895,32.3988,1.1357,0.4357,0.3884,0.8785,0.8785,139343.0242,32024.1424,32024.1424,951712.8553,218724.8926,,,5.03
600782,新钢股份,普钢,江西,19961225,600782.SH,20100823,6.53,6.64,6.45,6.63,6.49,0.14,2.16,146853.25,95875.794,4.5857,4.5857,1.37,51.2437,31.4501,1.1024,0.4229,0.377,0.905,0.905,139343.0242,32024.1424,32024.1424,923844.2504,212320.0641,,,5.03
600782,新钢股份,普钢,江西,19961225,600782.SH,20100820,6.4,6.67,6.35,6.49,6.42,0.07,1.09,197967.22,128742.163,6.1818,6.1818,2.55,50.1616,30.786,1.0792,0.414,0.369,0.9245,0.9245,139343.0242,32024.1424,32024.1424,904336.2271,207836.6842,,,5.03
600782,新钢股份,普钢,江西,19961225,600782.SH,20100819,6.34,6.48,6.28,6.42,6.35,0.07,1.1,101264.36,64827.474,3.1621,3.1621,1.33,49.6206,30.454,1.0675,0.4095,0.3651,0.9346,0.9346,139343.0242,32024.1424,32024.1424,894582.2154,205594.9942,,,5.03
600782,新钢股份,普钢,江西,19961225,600782.SH,20100818,6.43,6.44,6.27,6.35,6.43,-0.08,-1.24,72960.85,46312.558,2.2783,2.2783,0.96,49.0796,30.1219,1.0559,0.4051,0.3611,0.9449,0.9449,139343.0242,32024.1424,32024.1424,884828.2037,203353.3042,,,5.03
600782,新钢股份,普钢,江西,19961225,600782.SH,20100817,6.45,6.49,6.35,6.43,6.39,0.04,0.63,79212.16,50852.015,2.4735,2.4735,0.9,49.6979,30.5014,1.0692,0.4102,0.3656,0.9331,0.9331,139343.0242,32024.1424,32024.1424,895975.6456,205915.2356,,,5.03
600782,新钢股份,普钢,江西,19961225,600782.SH,20100816,6.2,6.4,6.17,6.39,6.22,0.17,2.73,85644.27,54033.614,2.6744,2.6744,0.94,49.3887,30.3116,1.0625,0.4076,0.3634,0.939,0.939,139343.0242,32024.1424,32024.1424,890401.9246,204634.2699,,,5.03
600782,新钢股份,普钢,江西,19961225,600782.SH,20100813,6.13,6.23,6.09,6.22,6.13,0.09,1.47,49055.21,30247.484,1.5318,1.5318,0.5,48.0748,29.5052,1.0343,0.3968,0.3537,0.9646,0.9646,139343.0242,32024.1424,32024.1424,866713.6105,199190.1657,,,5.03
600782,新钢股份,普钢,江西,19961225,600782.SH,20100812,6.29,6.31,6.1,6.13,6.35,-0.22,-3.46,94924.19,59010.737,2.9641,2.9641,0.94,47.3792,29.0783,1.0193,0.391,0.3486,0.9788,0.9788,139343.0242,32024.1424,32024.1424,854172.7383,196307.9929,,,5.03
600782,新钢股份,普钢,江西,19961225,600782.SH,20100811,6.3,6.41,6.22,6.35,6.35,0.0,0.0,69270.76,43683.172,2.1631,2.1631,0.65,49.0796,30.1219,1.0559,0.4051,0.3611,0.9449,0.9449,139343.0242,32024.1424,32024.1424,884828.2037,203353.3042,,,5.03
600782,新钢股份,普钢,江西,19961225,600782.SH,20100810,6.47,6.6,6.34,6.35,6.47,-0.12,-1.85,142354.13,92286.642,4.4452,4.4452,1.36,49.0796,30.1219,1.0559,0.4051,0.3611,0.9449,0.9449,139343.0242,32024.1424,32024.1424,884828.2037,203353.3042,,,5.03
600782,新钢股份,普钢,江西,19961225,600782.SH,20100809,6.39,6.52,6.35,6.47,6.38,0.09,1.41,99576.55,64117.649,3.1094,3.1094,0.93,50.0071,30.6911,1.0758,0.4127,0.3679,0.9274,0.9274,139343.0242,32024.1424,32024.1424,901549.3666,207196.2013,,,5.03
600782,新钢股份,普钢,江西,19961225,600782.SH,20100806,6.22,6.38,6.17,6.38,6.24,0.14,2.24,83012.68,52135.305,2.5922,2.5922,0.71,49.3114,30.2642,1.0609,0.407,0.3628,0.9404,0.9404,139343.0242,32024.1424,32024.1424,889008.4944,204314.0285,6.52,5.34,5.03
600782,新钢股份,普钢,江西,19961225,600782.SH,20100805,6.33,6.33,6.19,6.24,6.34,-0.1,-1.58,108677.19,67852.444,3.3936,3.3936,0.81,48.2294,29.6001,1.0376,0.3981,0.3548,0.9615,0.9615,139343.0242,32024.1424,32024.1424,869500.471,199830.6486,6.63,5.43,5.03
600782,新钢股份,普钢,江西,19961225,600782.SH,20100804,6.3,6.39,6.16,6.34,6.35,-0.01,-0.16,98052.08,61386.554,3.0618,3.0618,0.64,49.0023,30.0745,1.0542,0.4044,0.3605,0.9464,0.9464,139343.0242,32024.1424,32024.1424,883434.7734,203033.0628,6.62,5.42,5.03
600782,新钢股份,普钢,江西,19961225,600782.SH,20100803,6.45,6.58,6.34,6.35,6.43,-0.08,-1.24,132832.55,85994.039,4.1479,4.1479,0.93,49.0796,30.1219,1.0559,0.4051,0.3611,0.9449,0.9449,139343.0242,32024.1424,32024.1424,884828.2037,203353.3042,,,5.03
600782,新钢股份,普钢,江西,19961225,600782.SH,20100802,6.33,6.46,6.28,6.43,6.34,0.09,1.42,114712.75,73226.392,3.5821,3.5821,0.78,49.6979,30.5014,1.0692,0.4102,0.3656,0.9331,0.9331,139343.0242,32024.1424,32024.1424,895975.6456,205915.2356,6.64,5.44,5.03
600782,新钢股份,普钢,江西,19961225,600782.SH,20100730,6.4,6.43,6.25,6.34,6.46,-0.12,-1.86,127471.21,80753.997,3.9805,3.9805,0.81,49.0023,30.0745,1.0542,0.4044,0.3605,0.9464,0.9464,139343.0242,32024.1424,32024.1424,883434.7734,203033.0628,,,5.03
600782,新钢股份,普钢,江西,19961225,600782.SH,20100729,6.43,6.75,6.33,6.46,6.39,0.07,1.1,201604.3,131184.814,6.2954,6.2954,1.41,49.9298,30.6437,1.0742,0.4121,0.3673,0.9288,0.9288,139343.0242,32024.1424,32024.1424,900155.9363,206875.9599,,,5.03
600782,新钢股份,普钢,江西,19961225,600782.SH,20100728,6.25,6.44,6.23,6.39,6.27,0.12,1.91,188515.76,119822.793,5.8867,5.8867,1.31,49.3887,30.3116,1.0625,0.4076,0.3634,0.939,0.939,139343.0242,32024.1424,32024.1424,890401.9246,204634.2699,,,5.03
600782,新钢股份,普钢,江西,19961225,600782.SH,20100727,6.3,6.34,6.23,6.27,6.35,-0.08,-1.26,83470.21,52421.611,2.6065,2.6065,0.47,48.4613,29.7424,1.0426,0.4,0.3565,0.9569,0.9569,139343.0242,32024.1424,32024.1424,873680.7617,200791.3728,,,5.03
600782,新钢股份,普钢,江西,19961225,600782.SH,20100726,6.31,6.45,6.21,6.35,6.34,0.01,0.16,130975.12,82833.181,4.0899,4.0899,0.63,49.0796,30.1219,1.0559,0.4051,0.3611,0.9449,0.9449,139343.0242,32024.1424,32024.1424,884828.2037,203353.3042,,,5.03
600782,新钢股份,普钢,江西,19961225,600782.SH,20100723,6.37,6.37,6.16,6.34,6.38,-0.04,-0.63,183947.43,114997.985,5.744,5.744,0.84,49.0023,30.0745,1.0542,0.4044,0.3605,0.9464,0.9464,139343.0242,32024.1424,32024.1424,883434.7734,203033.0628,,,5.03
600782,新钢股份,普钢,江西,19961225,600782.SH,20100722,6.37,6.45,6.25,6.38,6.39,-0.01,-0.16,126266.96,80122.793,3.9429,3.9429,0.54,49.3114,30.2642,1.0609,0.407,0.3628,0.9404,0.9404,139343.0242,32024.1424,32024.1424,889008.4944,204314.0285,,,5.03
600782,新钢股份,普钢,江西,19961225,600782.SH,20100721,6.25,6.5,6.21,6.39,6.27,0.12,1.91,195627.08,123826.618,6.1087,6.1087,0.89,49.3887,30.3116,1.0625,0.4076,0.3634,0.939,0.939,139343.0242,32024.1424,32024.1424,890401.9246,204634.2699,,,5.03
600782,新钢股份,普钢,江西,19961225,600782.SH,20100720,6.15,6.38,6.11,6.27,6.19,0.08,1.29,249731.52,155698.269,7.7982,7.7982,1.29,48.4613,29.7424,1.0426,0.4,0.3565,0.9569,0.9569,139343.0242,32024.1424,32024.1424,873680.7617,200791.3728,,,5.03
600782,新钢股份,普钢,江西,19961225,600782.SH,20100719,5.85,6.2,5.81,6.19,5.91,0.28,4.74,277920.09,168021.143,8.6785,8.6785,1.62,47.8429,29.3629,1.0293,0.3949,0.352,0.9693,0.9693,139343.0242,32024.1424,32024.1424,862533.3198,198229.4415,,,5.03
600782,新钢股份,普钢,江西,19961225,600782.SH,20100716,5.66,6.04,5.61,5.91,5.69,0.22,3.87,242320.27,142031.412,7.5668,7.5668,1.41,45.6788,28.0347,0.9827,0.377,0.3361,1.0152,1.0152,139343.0242,32024.1424,32024.1424,823517.273,189262.6816,,,5.03
600782,新钢股份,普钢,江西,19961225,600782.SH,20100715,5.64,5.85,5.55,5.69,5.66,0.03,0.53,195420.84,112379.892,6.1023,6.1023,1.31,43.9784,26.9911,0.9461,0.363,0.3236,1.0545,1.0545,139343.0242,32024.1424,32024.1424,792861.8077,182217.3703,,,5.03
600782,新钢股份,普钢,江西,19961225,600782.SH,20100714,5.55,5.67,5.53,5.66,5.55,0.11,1.98,129259.46,72692.919,4.0363,4.0363,0.91,43.7465,26.8488,0.9411,0.3611,0.3218,1.0601,1.0601,139343.0242,32024.1424,32024.1424,788681.517,181256.646,,,5.03
600782,新钢股份,普钢,江西,19961225,600782.SH,20100713,5.65,5.65,5.49,5.55,5.72,-0.17,-2.97,125310.7,69474.854,3.913,3.913,0.86,42.8963,26.327,0.9229,0.354,0.3156,1.0811,1.0811,139343.0242,32024.1424,32024.1424,773353.7843,177733.9903,,,5.03
600782,新钢股份,普钢,江西,19961225,600782.SH,20100712,5.64,5.74,5.57,5.72,5.65,0.07,1.24,167330.12,94742.604,5.2251,5.2251,1.23,44.2103,27.1334,0.9511,0.3649,0.3253,1.049,1.049,139343.0242,32024.1424,32024.1424,797042.0984,183178.0945,,,5.03
600782,新钢股份,普钢,江西,19961225,600782.SH,20100709,5.4,5.75,5.37,5.65,5.4,0.25,4.63,243678.23,136447.943,7.6092,7.6092,2.28,43.6692,26.8014,0.9395,0.3604,0.3213,1.0619,1.0619,139343.0242,32024.1424,32024.1424,787288.0867,180936.4046,,,5.03
600782,新钢股份,普钢,江西,19961225,600782.SH,20100708,5.5,5.52,5.37,5.4,5.46,-0.06,-1.1,82331.82,44747.707,2.5709,2.5709,0.63,41.737,25.6155,0.8979,0.3445,0.3071,1.1111,1.1111,139343.0242,32024.1424,32024.1424,752452.3307,172930.369,,,5.03
600782,新钢股份,普钢,江西,19961225,600782.SH,20100707,5.49,5.5,5.38,5.46,5.46,0.0,0.0,93821.92,51045.898,2.9297,2.9297,0.74,42.2007,25.9001,0.9079,0.3483,0.3105,1.0989,1.0989,139343.0242,32024.1424,32024.1424,760812.9121,174851.8175,6.56,5.36,5.03
600782,新钢股份,普钢,江西,19961225,600782.SH,20100706,5.28,5.48,5.28,5.46,5.37,0.09,1.68,141827.21,76862.519,4.4288,4.4288,1.29,42.2007,25.9001,0.9079,0.3483,0.3105,1.0989,1.0989,139343.0242,32024.1424,32024.1424,760812.9121,174851.8175,,,5.03
600782,新钢股份,普钢,江西,19961225,600782.SH,20100705,5.29,5.47,5.11,5.37,5.31,0.06,1.13,118409.12,62456.925,3.6975,3.6975,1.28,41.5051,25.4732,0.8929,0.3426,0.3054,1.1173,1.1173,139343.0242,32024.1424,32024.1424,748272.04,171969.6447,,,5.03
600782,新钢股份,普钢,江西,19961225,600782.SH,20100702,5.28,5.33,5.08,5.31,5.29,0.02,0.38,98236.3,51300.726,3.0676,3.0676,1.19,41.0413,25.1886,0.8829,0.3387,0.3019,1.1299,1.1299,139343.0242,32024.1424,32024.1424,739911.4585,170048.1961,,,5.03
600782,新钢股份,普钢,江西,19961225,600782.SH,20100701,5.09,5.55,5.06,5.29,5.06,0.23,4.55,199731.28,105459.631,6.2369,6.2369,3.48,40.8868,25.0937,0.8796,0.3374,0.3008,1.1342,1.1342,139343.0242,32024.1424,32024.1424,737124.598,169407.7133,,,5.03
600782,新钢股份,普钢,江西,19961225,600782.SH,20100630,5.11,5.2,5.02,5.06,5.11,-0.05,-0.98,72313.33,36932.707,2.2581,2.2581,1.11,39.1091,24.0027,0.8414,0.3228,0.2877,1.1858,1.1858,139343.0242,32024.1424,32024.1424,705075.7025,162042.1605,,,5.03
600782,新钢股份,普钢,江西,19961225,600782.SH,20100629,5.45,5.46,5.01,5.11,5.46,-0.35,-6.41,59205.19,31175.062,1.8488,1.8488,0.87,39.4955,24.2398,0.8497,0.326,0.2906,1.1742,1.1742,139343.0242,32024.1424,32024.1424,712042.8537,163643.3677,,,5.03
600782,新钢股份,普钢,江西,19961225,600782.SH,20100628,5.44,5.49,5.38,5.46,5.47,-0.01,-0.18,34497.68,18745.748,1.0772,1.0772,0.44,42.2007,25.9001,0.9079,0.3483,0.3105,1.0989,1.0989,139343.0242,32024.1424,32024.1424,760812.9121,174851.8175,,,5.03
600782,新钢股份,普钢,江西,19961225,600782.SH,20100625,5.54,5.56,5.38,5.47,5.57,-0.1,-1.8,47730.12,26023.183,1.4904,1.4904,0.61,42.278,25.9475,0.9095,0.3489,0.311,1.0969,1.0969,139343.0242,32024.1424,32024.1424,762206.3424,175172.0589,,,5.03
600782,新钢股份,普钢,江西,19961225,600782.SH,20100624,5.62,5.66,5.54,5.57,5.65,-0.08,-1.42,73240.57,40984.239,2.287,2.287,1.01,43.0509,26.4219,0.9262,0.3553,0.3167,1.0772,1.0772,139343.0242,32024.1424,32024.1424,776140.6448,178374.4732,,,5.03
600782,新钢股份,普钢,江西,19961225,600782.SH,20100623,5.56,5.78,5.53,5.65,5.63,0.02,0.36,110905.84,62827.155,3.4632,3.4632,1.67,43.6692,26.8014,0.9395,0.3604,0.3213,1.0619,1.0619,139343.0242,32024.1424,32024.1424,787288.0867,180936.4046,,,5.03
600782,新钢股份,普钢,江西,19961225,600782.SH,20100622,5.51,5.63,5.49,5.63,5.54,0.09,1.62,75423.32,41958.995,2.3552,2.3552,1.18,43.5146,26.7065,0.9362,0.3591,0.3201,1.0657,1.0657,139343.0242,32024.1424,32024.1424,784501.2262,180295.9217,,,5.03
600782,新钢股份,普钢,江西,19961225,600782.SH,20100621,5.48,5.55,5.32,5.54,5.36,0.18,3.36,81447.47,44525.958,2.5433,2.5433,1.2,42.819,26.2796,0.9212,0.3534,0.315,1.083,1.083,139343.0242,32024.1424,32024.1424,771960.3541,177413.7489,,,5.03
600782,新钢股份,普钢,江西,19961225,600782.SH,20100618,5.53,5.55,5.35,5.36,5.51,-0.15,-2.72,52572.94,28745.655,1.6417,1.6417,0.79,41.4278,25.4257,0.8913,0.3419,0.3048,1.1194,1.1194,139343.0242,32024.1424,32024.1424,746878.6097,171649.4033,,,5.03
600782,新钢股份,普钢,江西,19961225,600782.SH,20100617,5.67,5.67,5.57,5.57,5.63,-0.06,-1.07,43121.54,24186.624,1.3465,1.3465,0.59,43.0509,26.4219,0.9262,0.3553,0.3167,1.0772,,139343.0242,32024.1424,32024.1424,776140.6448,178374.4732,,,5.03
600782,新钢股份,普钢,江西,19961225,600782.SH,20100611,5.56,5.7,5.52,5.63,5.54,0.09,1.62,80482.71,45115.209,2.5132,2.5132,1.14,43.5146,26.7065,0.9362,0.3591,0.3201,1.0657,1.0657,139343.0242,32024.1424,32024.1424,784501.2262,180295.9217,,,5.03
600782,新钢股份,普钢,江西,19961225,600782.SH,20100610,5.57,5.59,5.51,5.54,5.62,-0.08,-1.42,61890.68,34300.344,1.9326,1.9326,0.8,42.819,26.2796,0.9212,0.3534,0.315,1.083,1.083,139343.0242,32024.1424,32024.1424,771960.3541,177413.7489,,,5.03
600782,新钢股份,普钢,江西,19961225,600782.SH,20100609,5.47,5.66,5.39,5.62,5.47,0.15,2.74,101791.65,56228.582,3.1786,3.1786,1.38,43.4374,26.6591,0.9345,0.3585,0.3196,1.0676,1.0676,139343.0242,32024.1424,32024.1424,783107.796,179975.6803,,,5.03
600782,新钢股份,普钢,江西,19961225,600782.SH,20100608,5.4,5.5,5.36,5.47,5.41,0.06,1.11,44180.04,23935.072,1.3796,1.3796,0.57,42.278,25.9475,0.9095,0.3489,0.311,1.0969,1.0969,139343.0242,32024.1424,32024.1424,762206.3424,175172.0589,,,5.03
600782,新钢股份,普钢,江西,19961225,600782.SH,20100607,5.42,5.43,5.3,5.41,5.52,-0.11,-1.99,77462.56,41493.079,2.4189,2.4189,1.03,41.8143,25.6629,0.8996,0.3451,0.3076,1.1091,1.1091,139343.0242,32024.1424,32024.1424,753845.7609,173250.6104,,,5.03
600782,新钢股份,普钢,江西,19961225,600782.SH,20100604,5.46,5.53,5.42,5.52,5.51,0.01,0.18,67295.1,36852.331,2.1014,2.1014,0.89,42.6645,26.1847,0.9179,0.3521,0.3139,1.087,1.087,139343.0242,32024.1424,32024.1424,769173.4936,176773.266,,,5.03
600782,新钢股份,普钢,江西,19961225,600782.SH,20100603,5.61,5.64,5.5,5.51,5.57,-0.06,-1.08,97748.38,54389.94,3.0523,3.0523,1.46,42.5872,26.1373,0.9162,0.3515,0.3133,1.0889,1.0889,139343.0242,32024.1424,32024.1424,767780.0633,176453.0246,,,5.03
600782,新钢股份,普钢,江西,19961225,600782.SH,20100602,5.54,5.58,5.38,5.57,5.57,0.0,0.0,83337.75,45560.811,2.6023,2.6023,1.36,43.0509,26.4219,0.9262,0.3553,0.3167,1.0772,1.0772,139343.0242,32024.1424,32024.1424,776140.6448,178374.4732,,,5.03
600782,新钢股份,普钢,江西,19961225,600782.SH,20100601,5.72,5.72,5.45,5.57,5.74,-0.17,-2.96,63862.8,35606.339,1.9942,1.9942,1.0,43.0509,26.4219,0.9262,0.3553,0.3167,1.0772,1.0772,139343.0242,32024.1424,32024.1424,776140.6448,178374.4732,,,5.03
600782,新钢股份,普钢,江西,19961225,600782.SH,20100531,5.9,5.96,5.72,5.74,5.96,-0.22,-3.69,65209.23,38126.628,2.0363,2.0363,0.92,44.3648,27.2283,0.9544,0.3662,0.3264,1.0453,1.0453,139343.0242,32024.1424,32024.1424,799828.9589,183818.5774,,,5.03
600782,新钢股份,普钢,江西,19961225,600782.SH,20100528,6.09,6.09,5.89,5.96,6.0,-0.04,-0.67,69595.47,41587.52,2.1732,2.1732,0.9,46.0652,28.2719,0.991,0.3802,0.3389,1.0067,1.0067,139343.0242,32024.1424,32024.1424,830484.4242,190863.8887,,,5.03
600782,新钢股份,普钢,江西,19961225,600782.SH,20100527,5.88,6.02,5.79,6.0,5.9,0.1,1.69,53021.54,31414.081,1.6557,1.6557,0.62,46.3744,28.4616,0.9977,0.3827,0.3412,1.0,1.0,139343.0242,32024.1424,32024.1424,836058.1452,192144.8544,,,5.03
600782,新钢股份,普钢,江西,19961225,600782.SH,20100526,5.89,5.97,5.79,5.9,5.91,-0.01,-0.17,55623.56,32764.601,1.7369,1.7369,0.61,45.6015,27.9873,0.981,0.3764,0.3355,1.0169,1.0169,139343.0242,32024.1424,32024.1424,822123.8428,188942.4402,,,5.03
600782,新钢股份,普钢,江西,19961225,600782.SH,20100525,6.04,6.07,5.88,5.91,6.09,-0.18,-2.96,75973.18,45309.453,2.3724,2.3724,0.78,45.6788,28.0347,0.9827,0.377,0.3361,1.0152,1.0152,139343.0242,32024.1424,32024.1424,823517.273,189262.6816,,,5.03
600782,新钢股份,普钢,江西,19961225,600782.SH,20100524,5.91,6.13,5.89,6.09,5.87,0.22,3.75,100216.2,60682.294,3.1294,3.1294,1.14,47.07,28.8886,1.0126,0.3885,0.3463,0.9852,0.9852,139343.0242,32024.1424,32024.1424,848599.0174,195027.0272,,,5.03
600782,新钢股份,普钢,江西,19961225,600782.SH,20100521,5.62,5.91,5.58,5.87,5.84,0.03,0.51,101933.51,58605.973,3.183,3.183,1.29,45.3696,27.845,0.9761,0.3744,0.3338,1.0221,1.0221,139343.0242,32024.1424,32024.1424,817943.5521,187981.7159,,,5.03
600782,新钢股份,普钢,江西,19961225,600782.SH,20100520,5.8,6.02,5.7,5.84,5.89,-0.05,-0.85,91647.53,53479.295,2.8618,2.8618,1.3,45.1378,27.7027,0.9711,0.3725,0.3321,1.0274,1.0274,139343.0242,32024.1424,32024.1424,813763.2613,187020.9916,,,5.03
600782,新钢股份,普钢,江西,19961225,600782.SH,20100519,5.93,6.07,5.76,5.89,6.11,-0.22,-3.6,85621.58,50778.859,2.6737,2.6737,1.43,45.5242,27.9398,0.9794,0.3757,0.3349,1.0187,1.0187,139343.0242,32024.1424,32024.1424,820730.4125,188622.1987,7.34,6.0,5.03
600782,新钢股份,普钢,江西,19961225,600782.SH,20100518,5.91,6.2,5.6,6.11,6.02,0.09,1.5,108134.24,63304.036,3.3766,3.3766,1.81,47.2246,28.9834,1.016,0.3898,0.3474,0.982,0.982,139343.0242,32024.1424,32024.1424,851385.8779,195667.5101,7.26,5.94,5.03
600782,新钢股份,普钢,江西,19961225,600782.SH,20100517,6.48,6.48,6.0,6.02,6.54,-0.52,-7.95,53745.08,33179.556,1.6783,1.6783,0.87,46.529,28.5565,1.001,0.384,0.3423,0.9967,0.9967,139343.0242,32024.1424,32024.1424,838845.0057,192785.3372,7.16,5.86,5.03
600782,新钢股份,普钢,江西,19961225,600782.SH,20100514,6.6,6.68,6.48,6.54,6.69,-0.15,-2.24,56975.23,37240.692,1.7791,1.7791,0.74,50.5481,31.0232,1.0875,0.4172,0.3719,0.9174,0.9174,139343.0242,32024.1424,32024.1424,911303.3783,209437.8913,,,5.03
600782,新钢股份,普钢,江西,19961225,600782.SH,20100513,6.6,6.7,6.48,6.69,6.59,0.1,1.52,48872.26,32264.369,1.5261,1.5261,0.54,51.7075,31.7347,1.1124,0.4268,0.3804,0.8969,0.8969,139343.0242,32024.1424,32024.1424,932204.8319,214241.5127,6.91,5.65,5.03
600782,新钢股份,普钢,江西,19961225,600782.SH,20100512,6.55,6.61,6.4,6.59,6.61,-0.02,-0.3,31870.52,20752.221,0.9952,0.9952,0.33,50.9346,31.2604,1.0958,0.4204,0.3747,0.9105,0.9105,139343.0242,32024.1424,32024.1424,918270.5295,211039.0984,,,5.03
600782,新钢股份,普钢,江西,19961225,600782.SH,20100511,6.75,6.88,6.58,6.61,6.62,-0.01,-0.15,107568.4,72384.437,3.359,3.359,1.26,51.0891,31.3552,1.0991,0.4217,0.3759,0.9077,0.9077,139343.0242,32024.1424,32024.1424,921057.39,211679.5813,,,5.03
600782,新钢股份,普钢,江西,19961225,600782.SH,20100510,6.66,6.7,6.41,6.62,6.72,-0.1,-1.49,63104.06,41279.634,1.9705,1.9705,0.75,51.1664,31.4027,1.1008,0.4223,0.3764,0.9063,0.9063,139343.0242,32024.1424,32024.1424,922450.8202,211999.8227,,,5.03
600782,新钢股份,普钢,江西,19961225,600782.SH,20100507,6.99,7.03,6.64,6.72,7.38,-0.66,-8.94,134871.26,90951.553,4.2115,4.2115,1.95,51.9393,31.877,1.1174,0.4287,0.3821,0.8929,0.8929,139343.0242,32024.1424,32024.1424,936385.1226,215202.2369,,,5.03
600782,新钢股份,普钢,江西,19961225,600782.SH,20100506,8.2,8.2,7.38,7.38,8.2,-0.82,-10.0,115009.69,89636.702,3.5913,3.5913,2.19,57.0405,35.0078,1.2271,0.4708,0.4197,0.813,0.813,139343.0242,32024.1424,32024.1424,1028351.5186,236338.1709,,,5.03
600782,新钢股份,普钢,江西,19961225,600782.SH,20100505,8.05,8.27,7.92,8.2,8.15,0.05,0.61,64368.76,52282.223,2.01,2.01,1.27,63.3784,38.8976,1.3635,0.5231,0.4663,0.7317,0.7317,139343.0242,32024.1424,32024.1424,1142612.7984,262597.9677,,,5.03
600782,新钢股份,普钢,江西,19961225,600782.SH,20100504,7.99,8.19,7.85,8.15,8.03,0.12,1.49,48862.93,39612.043,1.5258,1.5258,0.92,62.9919,38.6604,1.3552,0.5199,0.4634,0.7362,0.7362,139343.0242,32024.1424,32024.1424,1135645.6472,260996.7606,,,5.03
600782,新钢股份,普钢,江西,19961225,600782.SH,20100430,7.99,8.17,7.69,8.03,7.98,0.05,0.63,56123.61,44885.241,1.7525,1.7525,0.96,62.0644,38.0912,1.3352,0.5122,0.4566,0.7472,0.7472,139343.0242,32024.1424,32024.1424,1118924.4843,257153.8635,,,5.03
600782,新钢股份,普钢,江西,19961225,600782.SH,20100429,7.98,8.24,7.95,7.98,7.95,0.03,0.38,61420.56,49903.34,1.9179,1.9179,0.84,61.678,37.854,1.3269,0.509,0.4538,0.7519,0.7519,139343.0242,32024.1424,32024.1424,1111957.3331,255552.6564,,,5.03
600782,新钢股份,普钢,江西,19961225,600782.SH,20100428,8.07,8.13,7.91,7.95,8.08,-0.13,-1.61,31921.59,25527.829,0.9968,0.9968,0.37,61.4461,37.7117,1.3219,0.5071,0.4521,0.7547,0.7547,139343.0242,32024.1424,32024.1424,1107777.0424,254591.9321,,,5.03
600782,新钢股份,普钢,江西,19961225,600782.SH,20100427,8.1,8.18,7.84,8.08,8.17,-0.09,-1.1,56073.35,44667.668,1.751,1.751,0.63,62.4509,38.3283,1.3435,0.5154,0.4595,0.7426,0.7426,139343.0242,32024.1424,32024.1424,1125891.6355,258755.0706,,,5.03
600782,新钢股份,普钢,江西,19961225,600782.SH,20100426,8.33,8.49,8.1,8.17,8.35,-0.18,-2.16,61250.55,51016.671,1.9126,1.9126,0.66,63.1465,38.7553,1.3585,0.5212,0.4646,0.7344,0.7344,139343.0242,32024.1424,32024.1424,1138432.5077,261637.2434,,,5.03
600782,新钢股份,普钢,江西,19961225,600782.SH,20100423,8.4,8.43,8.19,8.35,8.39,-0.04,-0.48,80908.1,67445.482,2.5265,2.5265,0.69,64.5377,64.5377,1.4119,0.5326,0.5326,0.7186,0.7186,139343.0242,32024.1424,32024.1424,1163514.2521,267401.589,,,5.03
600782,新钢股份,普钢,江西,19961225,600782.SH,20100422,7.95,8.41,7.8,8.39,8.04,0.35,4.35,133654.39,108643.136,4.1736,4.1736,1.32,64.8469,64.8469,1.4187,0.5352,0.5352,0.7151,0.7151,139343.0242,32024.1424,32024.1424,1169087.973,268682.5547,,,5.03
600782,新钢股份,普钢,江西,19961225,600782.SH,20100421,8.0,8.06,7.61,8.04,8.03,0.01,0.12,100664.85,79006.874,3.1434,3.1434,1.1,62.1417,62.1417,1.3595,0.5129,0.5129,0.7463,0.7463,139343.0242,32024.1424,32024.1424,1120317.9146,257474.1049,,,5.03
600782,新钢股份,普钢,江西,19961225,600782.SH,20100419,8.19,8.23,8.0,8.03,8.31,-0.28,-3.37,68285.98,55178.295,2.1323,2.1323,0.79,62.0644,62.0644,1.3578,0.5122,0.5122,0.7472,0.7472,139343.0242,32024.1424,32024.1424,1118924.4843,257153.8635,,,5.03
600782,新钢股份,普钢,江西,19961225,600782.SH,20100416,8.51,8.51,8.28,8.31,8.52,-0.21,-2.46,80125.99,67008.007,2.502,2.502,0.96,64.2285,64.2285,1.4052,0.5301,0.5301,0.722,0.722,139343.0242,32024.1424,32024.1424,1157940.5311,266120.6233,,,5.03
600782,新钢股份,普钢,江西,19961225,600782.SH,20100415,8.2,8.64,8.2,8.52,8.15,0.37,4.54,206828.24,174988.624,6.4585,6.4585,3.91,65.8517,65.8517,1.4407,0.5435,0.5435,0.7042,0.7042,139343.0242,32024.1424,32024.1424,1187202.5662,272845.6932,,,5.03
600782,新钢股份,普钢,江西,19961225,600782.SH,20100414,8.03,8.16,7.97,8.15,8.01,0.14,1.75,48557.83,39186.687,1.5163,1.5163,0.89,62.9919,62.9919,1.3781,0.5199,0.5199,0.7362,0.7362,139343.0242,32024.1424,32024.1424,1135645.6472,260996.7606,,,5.03
600782,新钢股份,普钢,江西,19961225,600782.SH,20100413,8.12,8.15,7.91,8.01,8.12,-0.11,-1.35,55826.28,44793.424,1.7433,1.7433,1.04,61.9098,61.9098,1.3544,0.511,0.511,0.7491,0.7491,139343.0242,32024.1424,32024.1424,1116137.6238,256513.3806,,,5.03
600782,新钢股份,普钢,江西,19961225,600782.SH,20100412,8.14,8.16,8.0,8.12,8.15,-0.03,-0.37,41733.78,33716.444,1.3032,1.3032,0.73,62.76,62.76,1.373,0.518,0.518,0.7389,0.7389,139343.0242,32024.1424,32024.1424,1131465.3565,260036.0363,,,5.03
600782,新钢股份,普钢,江西,19961225,600782.SH,20100409,8.11,8.22,8.09,8.15,8.11,0.04,0.49,64575.42,52420.862,2.0165,2.0165,1.05,62.9919,62.9919,1.3781,0.5199,0.5199,0.7362,0.7362,139343.0242,32024.1424,32024.1424,1135645.6472,260996.7606,,,5.03
600782,新钢股份,普钢,江西,19961225,600782.SH,20100408,8.31,8.31,7.99,8.11,8.31,-0.2,-2.41,53838.52,43980.308,1.6812,1.6812,0.84,62.6827,62.6827,1.3714,0.5173,0.5173,0.7398,0.7398,139343.0242,32024.1424,32024.1424,1130071.9263,259715.7949,,,5.03
600782,新钢股份,普钢,江西,19961225,600782.SH,20100407,8.36,8.39,8.27,8.31,8.36,-0.05,-0.6,56156.33,46688.95,1.7536,1.7536,0.88,64.2285,64.2285,1.4052,0.5301,0.5301,0.722,0.722,139343.0242,32024.1424,32024.1424,1157940.5311,266120.6233,,,5.03
600782,新钢股份,普钢,江西,19961225,600782.SH,20100406,8.38,8.41,8.32,8.36,8.36,0.0,0.0,52864.59,44242.312,1.6508,1.6508,0.79,64.615,64.615,1.4136,0.5333,0.5333,0.7177,0.7177,139343.0242,32024.1424,32024.1424,1164907.6823,267721.8305,,,5.03
600782,新钢股份,普钢,江西,19961225,600782.SH,20100402,8.34,8.39,8.29,8.36,8.33,0.03,0.36,60182.86,50212.692,1.8793,1.8793,1.0,64.615,64.615,1.4136,0.5333,0.5333,0.7177,0.7177,139343.0242,32024.1424,32024.1424,1164907.6823,267721.8305,,,5.03
600782,新钢股份,普钢,江西,19961225,600782.SH,20100401,8.1,8.39,8.08,8.33,8.11,0.22,2.71,83630.34,68769.118,2.6115,2.6115,1.56,64.3831,64.3831,1.4086,0.5314,0.5314,0.7203,0.7203,139343.0242,32024.1424,32024.1424,1160727.3916,266761.1062,,,5.03
600782,新钢股份,普钢,江西,19961225,600782.SH,20100331,8.12,8.15,8.05,8.11,8.16,-0.05,-0.61,66379.78,53744.798,2.0728,2.0728,1.33,62.6827,62.6827,1.3714,0.5173,0.5173,0.7398,0.7398,139343.0242,32024.1424,32024.1424,1130071.9263,259715.7949,,,5.03
600782,新钢股份,普钢,江西,19961225,600782.SH,20100330,8.09,8.18,8.06,8.16,8.11,0.05,0.62,56231.69,45639.204,1.7559,1.8048,1.0,16.2958,70.4581,1.3986,0.4148,0.5224,0.7353,0.7353,139343.0242,32024.1424,31156.205,1137039.0775,261317.002,,,5.03
600782,新钢股份,普钢,江西,19961225,600782.SH,20100329,8.0,8.12,7.96,8.11,7.96,0.15,1.88,69890.88,56388.786,2.1824,2.2432,1.33,16.196,70.0264,1.39,0.4123,0.5192,0.7398,0.7398,139343.0242,32024.1424,31156.205,1130071.9263,259715.7949,,,5.03
600782,新钢股份,普钢,江西,19961225,600782.SH,20100326,7.89,7.98,7.82,7.96,7.89,0.07,0.89,25823.62,20450.931,0.8064,0.8288,0.43,15.8964,68.7312,1.3643,0.4046,0.5096,0.7538,0.7538,139343.0242,32024.1424,31156.205,1109170.4726,254912.1735,,,5.03
600782,新钢股份,普钢,江西,19961225,600782.SH,20100325,8.02,8.05,7.85,7.89,8.05,-0.16,-1.99,49714.67,39476.241,1.5524,1.5957,0.82,15.7566,68.1268,1.3523,0.4011,0.5051,0.7605,0.7605,139343.0242,32024.1424,31156.205,1099416.4609,252670.4835,,,5.03
600782,新钢股份,普钢,江西,19961225,600782.SH,20100324,8.08,8.14,8.0,8.05,8.14,-0.09,-1.11,47175.78,37980.671,1.4731,1.5142,0.8,16.0762,69.5083,1.3798,0.4092,0.5154,0.7453,0.7453,139343.0242,32024.1424,31156.205,1121711.3448,257794.3463,,,5.03
600782,新钢股份,普钢,江西,19961225,600782.SH,20100323,8.04,8.15,7.95,8.14,8.05,0.09,1.12,87989.96,70938.376,2.7476,2.8242,1.73,16.2559,70.2854,1.3952,0.4138,0.5211,0.7371,0.7371,139343.0242,32024.1424,31156.205,1134252.217,260676.5191,,,5.03
600782,新钢股份,普钢,江西,19961225,600782.SH,20100322,8.02,8.13,8.01,8.05,8.02,0.03,0.37,51584.63,41552.154,1.6108,1.6557,1.07,16.0762,69.5083,1.3798,0.4092,0.5154,0.7453,0.7453,139343.0242,32024.1424,31156.205,1121711.3448,257794.3463,,,5.03
600782,新钢股份,普钢,江西,19961225,600782.SH,20100319,8.05,8.07,7.87,8.02,8.04,-0.02,-0.25,65490.03,52257.655,2.045,2.102,1.42,16.0163,69.2493,1.3746,0.4077,0.5135,0.7481,0.7481,139343.0242,32024.1424,31156.205,1117531.0541,256833.622,,,5.03
600782,新钢股份,普钢,江西,19961225,600782.SH,20100318,8.1,8.15,8.01,8.04,8.09,-0.05,-0.62,49208.68,39673.371,1.5366,1.5794,0.87,16.0562,69.422,1.378,0.4087,0.5147,0.7463,0.7463,139343.0242,32024.1424,31156.205,1120317.9146,257474.1049,,,5.03
600782,新钢股份,普钢,江西,19961225,600782.SH,20100317,7.94,8.09,7.9,8.09,7.92,0.17,2.15,40896.46,32785.453,1.2771,1.3126,0.65,16.1561,69.8537,1.3866,0.4112,0.5179,0.7417,0.7417,139343.0242,32024.1424,31156.205,1127285.0658,259075.312,,,5.03
600782,新钢股份,普钢,江西,19961225,600782.SH,20100316,7.98,8.07,7.82,7.92,7.98,-0.06,-0.75,46423.13,36707.978,1.4496,1.49,0.74,15.8166,68.3858,1.3575,0.4026,0.5071,0.7576,0.7576,139343.0242,32024.1424,31156.205,1103596.7517,253631.2078,,,5.03
600782,新钢股份,普钢,江西,19961225,600782.SH,20100315,8.18,8.25,7.92,7.98,8.21,-0.23,-2.8,39529.52,31764.871,1.2344,1.2688,0.65,15.9364,68.9039,1.3678,0.4057,0.5109,0.7519,0.7519,139343.0242,32024.1424,31156.205,1111957.3331,255552.6564,,,5.03
600782,新钢股份,普钢,江西,19961225,600782.SH,20100312,8.55,8.55,8.2,8.21,8.54,-0.33,-3.86,55061.45,46158.708,1.7194,1.7673,0.95,16.3957,70.8898,1.4072,0.4173,0.5256,0.7308,0.7308,139343.0242,32024.1424,31156.205,1144006.2287,262918.2091,,,5.03
600782,新钢股份,普钢,江西,19961225,600782.SH,20100311,8.34,8.57,8.28,8.54,8.34,0.2,2.4,99730.7,83982.036,3.1142,3.201,2.11,17.0547,73.7393,1.4637,0.4341,0.5467,0.7026,0.7026,139343.0242,32024.1424,31156.205,1189989.4267,273486.1761,,,5.03
600782,新钢股份,普钢,江西,19961225,600782.SH,20100310,8.28,8.45,8.19,8.34,8.3,0.04,0.48,71813.61,59698.866,2.2425,2.305,1.74,16.6553,72.0123,1.4295,0.424,0.5339,0.7194,0.7194,139343.0242,32024.1424,31156.205,1162120.8218,267081.3476,,,5.03
600782,新钢股份,普钢,江西,19961225,600782.SH,20100309,8.25,8.39,8.1,8.3,8.27,0.03,0.36,47224.94,39021.254,1.4747,1.5157,1.12,16.5754,71.667,1.4226,0.4219,0.5314,0.7229,0.7229,139343.0242,32024.1424,31156.205,1156547.1009,265800.3819,,,5.03
600782,新钢股份,普钢,江西,19961225,600782.SH,20100308,8.21,8.32,8.2,8.27,8.2,0.07,0.85,32269.43,26689.148,1.0077,1.0357,0.69,16.5155,71.4079,1.4175,0.4204,0.5295,0.7255,0.7255,139343.0242,32024.1424,31156.205,1152366.8101,264839.6576,,,5.03
600782,新钢股份,普钢,江西,19961225,600782.SH,20100305,8.25,8.33,8.15,8.2,8.23,-0.03,-0.36,37612.44,30935.524,1.1745,1.2072,0.78,16.3757,70.8035,1.4055,0.4168,0.525,0.7317,0.7317,139343.0242,32024.1424,31156.205,1142612.7984,262597.9677,,,5.03
600782,新钢股份,普钢,江西,19961225,600782.SH,20100304,8.49,8.6,8.15,8.23,8.49,-0.26,-3.06,47144.37,39525.514,1.4722,1.5132,0.93,16.4356,71.0625,1.4106,0.4184,0.5269,0.729,0.729,139343.0242,32024.1424,31156.205,1146793.0892,263558.692,,,5.03
600782,新钢股份,普钢,江西,19961225,600782.SH,20100303,8.4,8.53,8.3,8.49,8.4,0.09,1.07,41795.98,35188.035,1.3051,1.3415,0.81,16.9549,73.3075,1.4552,0.4316,0.5435,0.7067,0.7067,139343.0242,32024.1424,31156.205,1183022.2755,271884.969,,,5.03
600782,新钢股份,普钢,江西,19961225,600782.SH,20100302,8.53,8.54,8.35,8.4,8.53,-0.13,-1.52,52308.62,44082.139,1.6334,1.6789,1.07,16.7751,72.5304,1.4397,0.427,0.5378,0.7143,0.7143,139343.0242,32024.1424,31156.205,1170481.4033,269002.7962,,,5.03
600782,新钢股份,普钢,江西,19961225,600782.SH,20100301,8.4,8.54,8.37,8.53,8.42,0.11,1.31,54553.79,46304.198,1.7035,1.751,1.28,17.0348,73.6529,1.462,0.4336,0.5461,0.7034,0.7034,139343.0242,32024.1424,31156.205,1188595.9964,273165.9347,,,5.03
600782,新钢股份,普钢,江西,19961225,600782.SH,20100226,8.39,8.48,8.3,8.42,8.4,0.02,0.24,46210.54,38848.922,1.443,1.4832,1.2,16.8151,72.7031,1.4432,0.428,0.5391,0.7126,0.7126,139343.0242,32024.1424,31156.205,1173268.2638,269643.279,,,5.03
600782,新钢股份,普钢,江西,19961225,600782.SH,20100225,8.22,8.45,8.22,8.4,8.29,0.11,1.33,57774.12,48290.918,1.8041,1.8543,1.61,16.7751,72.5304,1.4397,0.427,0.5378,0.7143,0.7143,139343.0242,32024.1424,31156.205,1170481.4033,269002.7962,,,5.03
600782,新钢股份,普钢,江西,19961225,600782.SH,20100224,8.11,8.33,8.0,8.29,8.14,0.15,1.84,47301.18,38626.321,1.477,1.5182,1.45,16.5555,71.5806,1.4209,0.4214,0.5307,0.7238,0.7238,139343.0242,32024.1424,31156.205,1155153.6706,265480.1405,,,5.03
600782,新钢股份,普钢,江西,19961225,600782.SH,20100223,8.27,8.27,8.0,8.14,8.29,-0.15,-1.81,38925.73,31468.792,1.2155,1.2494,1.22,16.2559,70.2854,1.3952,0.4138,0.5211,0.7371,0.7371,139343.0242,32024.1424,31156.205,1134252.217,260676.5191,,,5.03
600782,新钢股份,普钢,江西,19961225,600782.SH,20100222,8.3,8.39,8.24,8.29,8.32,-0.03,-0.36,22494.96,18702.654,0.7024,0.722,0.7,16.5555,71.5806,1.4209,0.4214,0.5307,0.7238,0.7238,139343.0242,32024.1424,31156.205,1155153.6706,265480.1405,,,5.03
600782,新钢股份,普钢,江西,19961225,600782.SH,20100212,8.35,8.37,8.25,8.32,8.34,-0.02,-0.24,25483.5,21142.351,0.7958,0.8179,0.71,16.6154,71.8396,1.426,0.4229,0.5327,0.7212,0.7212,139343.0242,32024.1424,31156.205,1159333.9613,266440.8648,,,5.03
600782,新钢股份,普钢,江西,19961225,600782.SH,20100211,8.12,8.44,8.08,8.34,8.18,0.16,1.96,45077.91,37673.591,1.4076,1.4468,1.3,16.6553,72.0123,1.4295,0.424,0.5339,0.7194,0.7194,139343.0242,32024.1424,31156.205,1162120.8218,267081.3476,,,5.03
600782,新钢股份,普钢,江西,19961225,600782.SH,20100210,8.1,8.23,8.1,8.18,8.06,0.12,1.49,30706.34,25090.358,0.9588,0.9856,0.78,16.3358,70.6308,1.402,0.4158,0.5237,0.7335,0.7335,139343.0242,32024.1424,31156.205,1139825.938,261957.4848,,,5.03
600782,新钢股份,普钢,江西,19961225,600782.SH,20100209,7.94,8.11,7.85,8.06,7.92,0.14,1.77,35132.68,28127.392,1.0971,1.1276,0.91,16.0961,69.5947,1.3815,0.4097,0.516,0.7444,0.7444,139343.0242,32024.1424,31156.205,1123104.7751,258114.5877,,,5.03
600782,新钢股份,普钢,江西,19961225,600782.SH,20100208,7.85,7.94,7.78,7.92,7.89,0.03,0.38,24768.63,19476.276,0.7734,0.795,0.58,15.8166,68.3858,1.3575,0.4026,0.5071,0.7576,0.7576,139343.0242,32024.1424,31156.205,1103596.7517,253631.2078,,,5.03
600782,新钢股份,普钢,江西,19961225,600782.SH,20100205,7.91,8.05,7.8,7.89,8.07,-0.18,-2.23,42818.37,33830.393,1.3371,1.3743,0.98,15.7566,68.1268,1.3523,0.4011,0.5051,0.7605,0.7605,139343.0242,32024.1424,31156.205,1099416.4609,252670.4835,,,5.03
600782,新钢股份,普钢,江西,19961225,600782.SH,20100204,8.1,8.21,8.04,8.07,8.09,-0.02,-0.25,40356.83,32787.86,1.2602,1.2953,0.93,16.1161,69.681,1.3832,0.4102,0.5167,0.7435,0.7435,139343.0242,32024.1424,31156.205,1124498.2053,258434.8292,,,5.03
600782,新钢股份,普钢,江西,19961225,600782.SH,20100203,7.84,8.15,7.57,8.09,7.82,0.27,3.45,54896.67,43709.882,1.7142,1.762,1.35,16.1561,69.8537,1.3866,0.4112,0.5179,0.7417,0.7417,139343.0242,32024.1424,31156.205,1127285.0658,259075.312,,,5.03
600782,新钢股份,普钢,江西,19961225,600782.SH,20100202,7.88,8.04,7.78,7.82,7.8,0.02,0.26,30930.99,24518.533,0.9659,0.9928,0.72,15.6169,67.5224,1.3403,0.3975,0.5007,0.7673,0.7673,139343.0242,32024.1424,31156.205,1089662.4492,250428.7936,,,5.03
600782,新钢股份,普钢,江西,19961225,600782.SH,20100201,7.96,8.01,7.62,7.8,8.01,-0.21,-2.62,42980.16,33416.29,1.3421,1.3795,0.95,15.5769,67.3497,1.3369,0.3965,0.4994,0.7692,0.7692,139343.0242,32024.1424,31156.205,1086875.5888,249788.3107,,,5.03
600782,新钢股份,普钢,江西,19961225,600782.SH,20100129,8.0,8.23,8.0,8.01,8.1,-0.09,-1.11,50186.93,40638.439,1.5672,1.6108,0.89,15.9963,69.1629,1.3729,0.4072,0.5128,0.7491,0.7491,139343.0242,32024.1424,31156.205,1116137.6238,256513.3806,,,5.03
600782,新钢股份,普钢,江西,19961225,600782.SH,20100128,7.97,8.2,7.93,8.1,8.0,0.1,1.25,37453.34,30248.403,1.1695,1.2021,0.5,16.176,69.94,1.3883,0.4118,0.5186,0.7407,0.7407,139343.0242,32024.1424,31156.205,1128678.496,259395.5534,,,5.03
600782,新钢股份,普钢,江西,19961225,600782.SH,20100127,7.88,8.26,7.88,8.0,7.94,0.06,0.76,42070.03,33988.182,1.3137,1.3503,0.45,15.9763,69.0766,1.3712,0.4067,0.5122,0.75,0.75,139343.0242,32024.1424,31156.205,1114744.1936,256193.1392,,,5.03
600782,新钢股份,普钢,江西,19961225,600782.SH,20100126,8.02,8.12,7.75,7.94,8.05,-0.11,-1.37,42577.4,33667.702,1.3295,1.3666,0.37,15.8565,68.5585,1.3609,0.4036,0.5083,0.7557,0.7557,139343.0242,32024.1424,31156.205,1106383.6121,254271.6907,,,5.03
600782,新钢股份,普钢,江西,19961225,600782.SH,20100125,8.2,8.45,8.01,8.05,8.31,-0.26,-3.13,55092.08,45140.98,1.7203,1.7683,0.46,16.0762,69.5083,1.3798,0.4092,0.5154,0.7453,0.7453,139343.0242,32024.1424,31156.205,1121711.3448,257794.3463,,,4.976
600782,新钢股份,普钢,江西,19961225,600782.SH,20100122,8.72,8.72,8.17,8.31,8.86,-0.55,-6.21,103879.97,87730.341,3.2438,3.3342,0.87,16.5954,71.7533,1.4243,0.4224,0.532,0.722,0.722,139343.0242,32024.1424,31156.205,1157940.5311,266120.6233,,,4.976
600782,新钢股份,普钢,江西,19961225,600782.SH,20100121,9.2,9.35,8.8,8.86,9.28,-0.42,-4.53,133799.99,121205.459,4.1781,4.2945,1.19,17.6938,76.5023,1.5186,0.4504,0.5672,0.6772,0.6772,139343.0242,32024.1424,31156.205,1234579.1944,283733.9017,,,4.976
600782,新钢股份,普钢,江西,19961225,600782.SH,20100120,9.45,9.54,9.17,9.28,9.42,-0.14,-1.49,127374.68,119038.757,3.9775,4.0883,1.1,18.5325,80.1288,1.5906,0.4717,0.5941,0.6466,0.6466,139343.0242,32024.1424,31156.205,1293103.2646,297184.0415,,,4.976
600782,新钢股份,普钢,江西,19961225,600782.SH,20100119,9.16,9.54,9.07,9.42,9.16,0.26,2.84,153876.23,143719.688,4.805,4.9389,1.41,18.8121,81.3377,1.6146,0.4789,0.6031,0.6369,0.6369,139343.0242,32024.1424,31156.205,1312611.288,301667.4214,,,4.976
600782,新钢股份,普钢,江西,19961225,600782.SH,20100118,9.0,9.17,8.91,9.16,9.0,0.16,1.78,81417.9,74032.662,2.5424,2.6132,0.77,18.2929,79.0927,1.57,0.4656,0.5864,0.655,0.655,139343.0242,32024.1424,31156.205,1276382.1017,293341.1444,,,4.976
600782,新钢股份,普钢,江西,19961225,600782.SH,20100115,9.01,9.12,8.87,9.0,8.94,0.06,0.67,101974.98,91737.506,3.1843,3.273,0.97,17.9734,77.7112,1.5426,0.4575,0.5762,0.6667,0.6667,139343.0242,32024.1424,31156.205,1254087.2178,288217.2816,,,4.976
600782,新钢股份,普钢,江西,19961225,600782.SH,20100114,8.54,8.94,8.5,8.94,8.53,0.41,4.81,96439.01,84285.709,3.0114,3.0953,0.94,17.8535,77.1931,1.5323,0.4545,0.5724,0.6711,0.6711,139343.0242,32024.1424,31156.205,1245726.6363,286295.8331,,,4.976
600782,新钢股份,普钢,江西,19961225,600782.SH,20100113,8.7,8.85,8.46,8.53,8.9,-0.37,-4.16,146590.4,127066.786,4.5775,4.705,1.53,17.0348,73.6529,1.462,0.4336,0.5461,0.7034,0.7034,139343.0242,32024.1424,31156.205,1188595.9964,273165.9347,,,4.976
600782,新钢股份,普钢,江西,19961225,600782.SH,20100112,8.59,8.94,8.52,8.9,8.58,0.32,3.73,118304.19,104108.232,3.6942,3.7971,1.32,17.7737,76.8477,1.5254,0.4524,0.5698,0.6742,0.6742,139343.0242,32024.1424,31156.205,1240152.9154,285014.8674,,,4.976
600782,新钢股份,普钢,江西,19961225,600782.SH,20100111,8.66,8.75,8.45,8.58,8.6,-0.02,-0.23,63413.42,54298.575,1.9802,2.0353,0.71,17.1346,74.0846,1.4706,0.4362,0.5493,0.6993,0.6993,139343.0242,32024.1424,31156.205,1195563.1476,274767.1418,,,4.976
600782,新钢股份,普钢,江西,19961225,600782.SH,20100108,8.7,8.7,8.35,8.6,8.78,-0.18,-2.05,100577.57,85677.091,3.1407,3.2282,1.04,17.1745,74.2573,1.474,0.4372,0.5506,0.6977,0.6977,139343.0242,32024.1424,31156.205,1198350.0081,275407.6246,,,4.976
600782,新钢股份,普钢,江西,19961225,600782.SH,20100107,9.05,9.16,8.68,8.78,9.07,-0.29,-3.2,85429.86,76461.532,2.6677,2.742,0.74,17.534,75.8116,1.5049,0.4463,0.5621,0.6834,0.6834,139343.0242,32024.1424,31156.205,1223431.7525,281171.9703,,,4.976
600782,新钢股份,普钢,江西,19961225,600782.SH,20100106,8.88,9.31,8.74,9.07,8.94,0.13,1.45,112461.51,102718.708,3.5118,3.6096,0.92,18.1132,78.3156,1.5546,0.4611,0.5807,0.6615,0.6615,139343.0242,32024.1424,31156.205,1263841.2295,290458.9716,,,4.976
600782,新钢股份,普钢,江西,19961225,600782.SH,20100105,8.82,8.99,8.56,8.94,8.82,0.12,1.36,85314.1,74993.307,2.6641,2.7383,0.62,17.8535,77.1931,1.5323,0.4545,0.5724,0.6711,0.6711,139343.0242,32024.1424,31156.205,1245726.6363,286295.8331,,,4.976
600782,新钢股份,普钢,江西,19961225,600782.SH,20100104,9.0,9.03,8.78,8.82,8.96,-0.14,-1.56,62403.43,55292.571,1.9486,2.0029,0.39,17.6139,76.1569,1.5117,0.4484,0.5647,0.6803,0.6803,139343.0242,32024.1424,31156.205,1229005.4734,282452.936,,,4.976
600782,新钢股份,普钢,江西,19961225,600782.SH,20091231,8.82,9.05,8.74,8.96,8.79,0.17,1.934,137754.79,122881.698,4.3016,4.4214,0.84,17.8935,77.3658,1.5357,0.4555,0.5736,0.8929,0.6696,139343.0242,32024.1424,31156.205,1248513.4968,286936.3159,,,4.976
600782,新钢股份,普钢,江西,19961225,600782.SH,20091229,8.46,8.96,8.38,8.79,8.54,0.25,2.9274,176376.75,154241.313,5.5076,5.661,1.26,17.554,75.8979,1.5066,0.4468,0.5628,0.9101,0.6826,139343.0242,32024.1424,31156.205,1224825.1827,281492.2117,,,4.976
600782,新钢股份,普钢,江西,19961225,600782.SH,20091228,8.09,8.55,8.01,8.54,8.12,0.42,5.1724,149826.28,125976.262,4.6785,4.8089,1.26,17.0547,73.7393,1.4637,0.4341,0.5467,0.9368,0.7026,139343.0242,32024.1424,31156.205,1189989.4267,273486.1761,,,4.976
600782,新钢股份,普钢,江西,19961225,600782.SH,20091225,7.9,8.5,7.86,8.12,7.92,0.2,2.5253,158125.2,129547.697,4.9377,5.0752,1.63,16.216,70.1127,1.3918,0.4128,0.5199,0.9852,0.7389,139343.0242,32024.1424,31156.205,1131465.3565,260036.0363,,,4.976
600782,新钢股份,普钢,江西,19961225,600782.SH,20091224,7.5,7.96,7.4,7.92,7.53,0.39,5.1793,186035.55,144626.992,5.8092,5.9711,2.7,15.8166,68.3858,1.3575,0.4026,0.5071,1.0101,0.7576,139343.0242,32024.1424,31156.205,1103596.7517,253631.2078,,,4.976
600782,新钢股份,普钢,江西,19961225,600782.SH,20091223,7.57,7.6,7.27,7.53,7.54,-0.01,-0.1326,151855.69,112832.734,4.7419,4.874,3.21,15.0377,65.0183,1.2906,0.3828,0.4821,1.0624,0.7968,139343.0242,32024.1424,31156.205,1049252.9722,241141.7923,,,4.976
600782,新钢股份,普钢,江西,19961225,600782.SH,20091222,8.02,8.05,7.4,7.54,8.0,-0.46,-5.75,51413.58,39772.686,1.6055,1.6502,1.18,15.0577,65.1047,1.2923,0.3833,0.4827,1.061,0.7958,139343.0242,32024.1424,31156.205,1050646.4025,241462.0337,,,4.976
600782,新钢股份,普钢,江西,19961225,600782.SH,20091221,7.99,8.07,7.8,8.0,7.99,0.01,0.1252,48556.29,38396.509,1.5162,1.5585,1.09,15.9763,69.0766,1.3712,0.4067,0.5122,1.0,0.75,139343.0242,32024.1424,31156.205,1114744.1936,256193.1392,,,4.976
600782,新钢股份,普钢,江西,19961225,600782.SH,20091218,8.19,8.27,7.98,7.99,8.26,-0.27,-3.2688,46725.86,37887.755,1.4591,1.4997,1.03,15.9564,68.9902,1.3695,0.4062,0.5115,1.0013,0.7509,139343.0242,32024.1424,31156.205,1113350.7634,255872.8978,,,4.976
600782,新钢股份,普钢,江西,19961225,600782.SH,20091217,8.51,8.63,8.19,8.26,8.54,-0.28,-3.2787,45790.74,38303.785,1.4299,1.4697,1.0,16.4956,71.3216,1.4158,0.4199,0.5288,0.9685,0.7264,139343.0242,32024.1424,31156.205,1150973.3799,264519.4162,,,4.976
600782,新钢股份,普钢,江西,19961225,600782.SH,20091216,8.62,8.7,8.46,8.54,8.69,-0.15,-1.7261,43930.26,37678.621,1.3718,1.41,0.98,17.0547,73.7393,1.4637,0.4341,0.5467,0.9368,0.7026,139343.0242,32024.1424,31156.205,1189989.4267,273486.1761,,,4.976
600782,新钢股份,普钢,江西,19961225,600782.SH,20091215,8.74,8.79,8.62,8.69,8.72,-0.03,-0.344,32144.08,28001.029,1.0037,1.0317,0.65,17.3543,75.0344,1.4895,0.4417,0.5564,0.9206,0.6904,139343.0242,32024.1424,31156.205,1210890.8803,278289.7975,,,4.976
600782,新钢股份,普钢,江西,19961225,600782.SH,20091214,8.72,8.8,8.44,8.72,8.73,-0.01,-0.1145,54264.12,46669.031,1.6945,1.7417,1.07,17.4142,75.2935,1.4946,0.4433,0.5583,0.9174,0.6881,139343.0242,32024.1424,31156.205,1215071.171,279250.5217,,,4.976
600782,新钢股份,普钢,江西,19961225,600782.SH,20091211,8.94,8.95,8.7,8.73,8.81,-0.08,-0.9081,50993.48,44976.062,1.5923,1.6367,0.75,17.4342,75.3798,1.4963,0.4438,0.5589,0.9164,0.6873,139343.0242,32024.1424,31156.205,1216464.6013,279570.7632,,,4.976
600782,新钢股份,普钢,江西,19961225,600782.SH,20091210,8.93,9.08,8.68,8.81,8.89,-0.08,-0.8999,48753.43,42907.958,1.5224,1.5648,0.52,17.5939,76.0706,1.51,0.4478,0.564,0.9081,0.681,139343.0242,32024.1424,31156.205,1227612.0432,282132.6945,,,4.976
600782,新钢股份,普钢,江西,19961225,600782.SH,20091209,8.9,9.06,8.85,8.89,9.1,-0.21,-2.3077,36888.74,33008.882,1.1519,1.184,0.33,17.7537,76.7614,1.5237,0.4519,0.5692,0.8999,0.6749,139343.0242,32024.1424,31156.205,1238759.4851,284694.6259,,,4.976
600782,新钢股份,普钢,江西,19961225,600782.SH,20091208,9.13,9.2,8.97,9.1,9.17,-0.07,-0.7634,57530.0,52105.046,1.7965,1.8465,0.5,18.1731,78.5746,1.5597,0.4626,0.5826,0.8791,0.6593,139343.0242,32024.1424,31156.205,1268021.5202,291419.6958,,,4.976
600782,新钢股份,普钢,江西,19961225,600782.SH,20091207,8.98,9.17,8.85,9.17,9.02,0.15,1.663,58540.49,52856.707,1.828,1.8789,0.5,18.3129,79.179,1.5717,0.4661,0.5871,0.8724,0.6543,139343.0242,32024.1424,31156.205,1277775.5319,293661.3858,,,4.976
600782,新钢股份,普钢,江西,19961225,600782.SH,20091204,9.18,9.37,8.72,9.02,9.15,-0.13,-1.4208,140178.28,128105.335,4.3773,4.4992,1.35,18.0133,77.8838,1.546,0.4585,0.5775,0.8869,0.6652,139343.0242,32024.1424,31156.205,1256874.0783,288857.7644,,,4.976
600782,新钢股份,普钢,江西,19961225,600782.SH,20091203,8.85,9.17,8.7,9.15,8.88,0.27,3.0405,177138.12,159216.382,5.5314,5.6855,1.96,18.2729,79.0063,1.5683,0.4651,0.5858,0.8743,0.6557,139343.0242,32024.1424,31156.205,1274988.6714,293020.903,,,4.976
600782,新钢股份,普钢,江西,19961225,600782.SH,20091202,8.81,8.93,8.63,8.88,8.76,0.12,1.3699,120992.44,106422.043,3.7782,3.8834,1.18,17.7337,76.675,1.522,0.4514,0.5685,0.9009,0.6757,139343.0242,32024.1424,31156.205,1237366.0549,284374.3845,,,4.976
600782,新钢股份,普钢,江西,19961225,600782.SH,20091201,8.52,8.8,8.41,8.76,8.55,0.21,2.4561,83942.04,72710.999,2.6212,2.6942,0.69,17.4941,75.6389,1.5014,0.4453,0.5608,0.9132,0.6849,139343.0242,32024.1424,31156.205,1220644.892,280531.4874,,,4.976
600782,新钢股份,普钢,江西,19961225,600782.SH,20091130,8.25,8.56,8.2,8.55,8.2,0.35,4.2683,63863.43,53714.423,1.9942,2.0498,0.52,17.0747,73.8256,1.4655,0.4346,0.5474,0.9357,0.7018,139343.0242,32024.1424,31156.205,1191382.8569,273806.4175,,,4.976
600782,新钢股份,普钢,江西,19961225,600782.SH,20091127,8.6,8.7,8.2,8.2,8.82,-0.62,-7.0295,71772.87,60552.596,2.2412,2.3036,0.52,16.3757,70.8035,1.4055,0.4168,0.525,0.9756,0.7317,139343.0242,32024.1424,31156.205,1142612.7984,262597.9677,,,4.976
600782,新钢股份,普钢,江西,19961225,600782.SH,20091126,9.52,9.55,8.7,8.82,9.5,-0.68,-7.1579,111666.33,102376.262,3.4869,3.5841,0.84,17.6139,76.1569,1.5117,0.4484,0.5647,0.907,0.6803,139343.0242,32024.1424,31156.205,1229005.4734,282452.936,,,4.976
600782,新钢股份,普钢,江西,19961225,600782.SH,20091125,8.94,9.53,8.74,9.5,9.14,0.36,3.9387,180957.89,166700.016,5.6507,5.8081,1.67,18.9719,82.0284,1.6283,0.4829,0.6082,0.8421,0.6316,139343.0242,32024.1424,31156.205,1323758.7299,304229.3528,,,4.976
600782,新钢股份,普钢,江西,19961225,600782.SH,20091124,9.0,9.49,8.52,9.14,8.95,0.19,2.1229,178205.23,162590.571,5.5647,5.7197,2.04,18.2529,78.92,1.5666,0.4646,0.5852,0.8753,0.6565,139343.0242,32024.1424,31156.205,1273595.2412,292700.6615,,,4.976
600782,新钢股份,普钢,江西,19961225,600782.SH,20091123,8.94,9.05,8.8,8.95,8.92,0.03,0.3363,76309.96,67993.061,2.3829,2.4493,0.72,17.8735,77.2794,1.534,0.455,0.573,0.8939,0.6704,139343.0242,32024.1424,31156.205,1247120.0666,286616.0745,,,4.976
600782,新钢股份,普钢,江西,19961225,600782.SH,20091120,8.73,9.12,8.65,8.92,8.75,0.17,1.9429,137621.75,123145.527,4.2974,4.4172,1.4,17.8136,77.0204,1.5289,0.4534,0.5711,0.8969,0.6726,139343.0242,32024.1424,31156.205,1242939.7759,285655.3502,,,4.976
600782,新钢股份,普钢,江西,19961225,600782.SH,20091119,8.55,8.78,8.49,8.75,8.48,0.27,3.184,94095.96,81378.366,2.9383,3.0201,1.01,17.4741,75.5525,1.4997,0.4448,0.5602,0.9143,0.6857,139343.0242,32024.1424,31156.205,1219251.4618,280211.246,8.92,7.3,4.976
600782,新钢股份,普钢,江西,19961225,600782.SH,20091118,8.49,8.6,8.38,8.48,8.54,-0.06,-0.7026,54908.83,46485.227,1.7146,1.7624,0.56,16.9349,73.2212,1.4535,0.4311,0.5429,0.9434,0.7075,139343.0242,32024.1424,31156.205,1181628.8452,271564.7276,,,4.976
600782,新钢股份,普钢,江西,19961225,600782.SH,20091117,8.63,8.7,8.49,8.54,8.63,-0.09,-1.0429,73113.18,62742.867,2.2831,2.3467,0.72,17.0547,73.7393,1.4637,0.4341,0.5467,0.9368,0.7026,139343.0242,32024.1424,31156.205,1189989.4267,273486.1761,,,4.976
600782,新钢股份,普钢,江西,19961225,600782.SH,20091116,8.22,8.69,8.12,8.63,8.22,0.41,4.9878,171555.86,144610.106,5.3571,5.5063,1.93,17.2345,74.5164,1.4792,0.4387,0.5525,0.927,0.6952,139343.0242,32024.1424,31156.205,1202530.2988,276368.3489,,,4.976
600782,新钢股份,普钢,江西,19961225,600782.SH,20091113,8.1,8.31,7.82,8.22,8.15,0.07,0.8589,97558.89,78179.853,3.0464,3.1313,1.11,16.4157,70.9762,1.4089,0.4179,0.5263,0.9732,0.7299,139343.0242,32024.1424,31156.205,1145399.6589,263238.4505,,,4.976
600782,新钢股份,普钢,江西,19961225,600782.SH,20091112,8.06,8.21,8.0,8.15,8.0,0.15,1.875,70731.17,57366.98,2.2087,2.2702,0.82,16.2759,70.3718,1.3969,0.4143,0.5218,0.9816,0.7362,139343.0242,32024.1424,31156.205,1135645.6472,260996.7606,,,4.976
600782,新钢股份,普钢,江西,19961225,600782.SH,20091111,8.09,8.16,7.9,8.0,8.16,-0.16,-1.9608,72990.29,58660.841,2.2792,2.3427,0.86,15.9763,69.0766,1.3712,0.4067,0.5122,1.0,0.75,139343.0242,32024.1424,31156.205,1114744.1936,256193.1392,8.98,7.34,4.976
600782,新钢股份,普钢,江西,19961225,600782.SH,20091110,8.2,8.45,8.1,8.16,8.15,0.01,0.1227,98442.84,81606.089,3.074,3.1597,1.21,16.2958,70.4581,1.3986,0.4148,0.5224,0.9804,0.7353,139343.0242,32024.1424,31156.205,1137039.0775,261317.002,,,4.976
600782,新钢股份,普钢,江西,19961225,600782.SH,20091109,7.91,8.25,7.8,8.15,7.91,0.24,3.0341,104394.67,84491.745,3.2599,3.3507,1.47,16.2759,70.3718,1.3969,0.4143,0.5218,0.9816,0.7362,139343.0242,32024.1424,31156.205,1135645.6472,260996.7606,,,4.976
600782,新钢股份,普钢,江西,19961225,600782.SH,20091106,7.88,8.11,7.86,7.91,7.85,0.06,0.7643,94800.54,75732.459,2.9603,3.0427,1.43,15.7966,68.2995,1.3558,0.4021,0.5064,1.0114,0.7585,139343.0242,32024.1424,31156.205,1102203.3214,253310.9664,8.68,7.1,4.976
600782,新钢股份,普钢,江西,19961225,600782.SH,20091105,7.81,7.86,7.65,7.85,7.81,0.04,0.5122,62569.69,48610.115,1.9538,2.0083,1.04,15.6768,67.7814,1.3455,0.399,0.5026,1.0191,0.7643,139343.0242,32024.1424,31156.205,1093842.74,251389.5178,,,4.976
600782,新钢股份,普钢,江西,19961225,600782.SH,20091104,7.8,7.88,7.63,7.81,7.69,0.12,1.5605,65469.59,50949.101,2.0444,2.1013,1.22,15.5969,67.436,1.3386,0.397,0.5,1.0243,0.7682,139343.0242,32024.1424,31156.205,1088269.019,250108.5521,,,4.976
600782,新钢股份,普钢,江西,19961225,600782.SH,20091103,7.53,7.82,7.53,7.69,7.5,0.19,2.5333,80731.81,62180.737,2.521,2.5912,1.64,15.3572,66.3999,1.3181,0.3909,0.4923,1.0403,0.7802,139343.0242,32024.1424,31156.205,1071547.8561,246265.6551,,,4.976
600782,新钢股份,普钢,江西,19961225,600782.SH,20091102,7.23,7.53,7.06,7.5,7.35,0.15,2.0408,51349.99,37731.619,1.6035,1.6481,1.08,14.9778,64.7593,1.2855,0.3813,0.4802,1.0667,0.8,139343.0242,32024.1424,31156.205,1045072.6815,240181.068,8.82,7.22,4.976
600782,新钢股份,普钢,江西,19961225,600782.SH,20091030,7.18,7.81,7.12,7.35,7.1,0.25,3.5211,71793.68,53023.55,2.2419,2.3043,1.53,14.6782,38.1966,1.2763,0.3736,0.4491,1.0884,0.8163,139343.0242,32024.1424,31156.205,1024171.2279,235377.4466,,,4.976
600782,新钢股份,普钢,江西,19961225,600782.SH,20091029,7.2,7.22,7.05,7.1,7.33,-0.23,-3.1378,30230.24,21575.347,0.944,0.9703,0.57,14.179,36.8974,1.2329,0.3609,0.4338,1.1268,0.8451,139343.0242,32024.1424,31156.205,989335.4718,227371.411,,,4.976
600782,新钢股份,普钢,江西,19961225,600782.SH,20091028,7.43,7.45,7.16,7.33,7.43,-0.1,-1.3459,34918.09,25505.305,1.0904,1.1207,0.61,14.6383,38.0927,1.2728,0.3726,0.4479,1.0914,0.8186,139343.0242,32024.1424,31156.205,1021384.3674,234736.9638,,,4.976
600782,新钢股份,普钢,江西,19961225,600782.SH,20091027,7.63,7.68,7.4,7.43,7.71,-0.28,-3.6316,57324.28,43387.12,1.79,1.8399,1.04,14.838,38.6124,1.2902,0.3777,0.454,1.0767,0.8075,139343.0242,32024.1424,31156.205,1035318.6698,237939.378,,,4.976
600782,新钢股份,普钢,江西,19961225,600782.SH,20091026,7.73,7.84,7.62,7.71,7.69,0.02,0.2601,42937.87,33184.555,1.3408,1.3781,0.72,15.3972,40.0675,1.3388,0.3919,0.4711,1.0376,0.7782,139343.0242,32024.1424,31156.205,1074334.7166,246906.1379,,,4.976
600782,新钢股份,普钢,江西,19961225,600782.SH,20091023,7.51,7.78,7.5,7.69,7.55,0.14,1.8543,69763.07,53397.783,2.2391,2.2391,1.32,15.3572,39.9635,1.3354,0.3909,0.4699,1.0403,0.7802,139343.0242,31156.2783,31156.205,1071547.8561,239591.7801,,,4.976
600782,新钢股份,普钢,江西,19961225,600782.SH,20091022,7.65,7.78,7.54,7.55,7.58,-0.03,-0.3958,60419.49,46280.427,1.9392,1.9392,1.2,15.0777,39.236,1.311,0.3838,0.4613,1.0596,0.7947,139343.0242,31156.2783,31156.205,1052039.8327,235229.9012,,,4.976
600782,新钢股份,普钢,江西,19961225,600782.SH,20091021,7.56,7.65,7.43,7.58,7.56,0.02,0.2646,54715.96,41265.618,1.7562,1.7562,0.97,15.1376,39.3919,1.3163,0.3853,0.4631,1.0554,0.7916,139343.0242,31156.2783,31156.205,1056220.1234,236164.5895,,,4.976
600782,新钢股份,普钢,江西,19961225,600782.SH,20091020,7.53,7.6,7.47,7.56,7.54,0.02,0.2653,47335.62,35590.702,1.5193,1.5193,0.77,15.0976,39.2879,1.3128,0.3843,0.4619,1.0582,0.7937,139343.0242,31156.2783,31156.205,1053433.263,235541.4639,,,4.976
600782,新钢股份,普钢,江西,19961225,600782.SH,20091019,7.31,7.61,7.24,7.54,7.3,0.24,3.2877,67369.42,50311.111,2.1623,2.1623,1.22,15.0577,39.184,1.3093,0.3833,0.4607,1.061,0.7958,139342.9509,31156.205,31156.205,1050645.8498,234917.7857,,,4.976
600782,新钢股份,普钢,江西,19961225,600782.SH,20091016,7.36,7.39,7.11,7.3,7.36,-0.06,-0.8152,34938.35,25191.766,1.1214,1.1214,0.6,14.5784,37.9368,1.2676,0.3711,0.446,1.0959,0.8219,139342.9509,31156.205,31156.205,1017203.5416,227440.2965,,,4.976
600782,新钢股份,普钢,江西,19961225,600782.SH,20091015,7.33,7.54,7.3,7.36,7.31,0.05,0.684,46918.1,34880.611,1.5059,1.5059,0.88,14.6982,38.2486,1.2781,0.3741,0.4497,1.087,0.8152,139342.9509,31156.205,31156.205,1025564.1186,229309.6688,,,4.976
600782,新钢股份,普钢,江西,19961225,600782.SH,20091014,7.19,7.43,7.15,7.31,7.21,0.1,1.387,86797.5,63436.678,2.7859,2.7859,2.01,14.5984,37.9887,1.2694,0.3716,0.4466,1.0944,0.8208,139342.9509,31156.205,31156.205,1018596.9711,227751.8586,,,4.976
600782,新钢股份,普钢,江西,19961225,600782.SH,20091013,7.02,7.24,6.99,7.21,7.0,0.21,3.0,73195.76,52146.576,2.3493,2.3493,2.25,14.3987,37.469,1.252,0.3665,0.4405,1.1096,0.8322,139342.9509,31156.205,31156.205,1004662.676,224636.2381,,,4.976
600782,新钢股份,普钢,江西,19961225,600782.SH,20091012,7.04,7.08,6.89,7.0,7.04,-0.04,-0.5682,33784.87,23571.499,1.0844,1.0844,1.13,13.9793,36.3777,1.2155,0.3558,0.4277,1.1429,0.8571,139342.9509,31156.205,31156.205,975400.6563,218093.435,,,4.976
600782,新钢股份,普钢,江西,19961225,600782.SH,20091009,6.79,7.08,6.78,7.04,6.69,0.35,5.2317,50682.58,35198.717,1.6267,1.6267,1.84,14.0592,36.5856,1.2225,0.3579,0.4301,1.1364,0.8523,139342.9509,31156.205,31156.205,980974.3743,219339.6832,,,4.976
600782,新钢股份,普钢,江西,19961225,600782.SH,20090930,6.7,6.82,6.67,6.69,6.65,0.04,0.6015,21299.37,14325.447,0.6836,0.6836,0.66,13.3602,34.7667,1.1617,0.3401,0.4088,1.1958,0.8969,139342.9509,31156.205,31156.205,932204.3415,208435.0115,,,4.976
600782,新钢股份,普钢,江西,19961225,600782.SH,20090929,6.92,6.99,6.52,6.65,6.89,-0.24,-3.4833,37068.14,24712.478,1.1898,1.1898,0.86,13.2803,34.5588,1.1548,0.338,0.4063,1.203,0.9023,139342.9509,31156.205,31156.205,926630.6235,207188.7633,,,4.976
600782,新钢股份,普钢,江西,19961225,600782.SH,20090928,7.24,7.35,6.87,6.89,7.23,-0.34,-4.7026,19491.57,13874.997,0.6256,0.6256,0.31,13.7596,35.8061,1.1964,0.3502,0.421,1.1611,0.8708,139342.9509,31156.205,31156.205,960072.9317,214666.2525,,,4.976
600782,新钢股份,普钢,江西,19961225,600782.SH,20090925,7.35,7.4,7.17,7.23,7.32,-0.09,-1.2295,21399.05,15537.669,0.6868,0.6868,0.26,14.4386,37.573,1.2555,0.3675,0.4418,1.1065,0.8299,139342.9509,31156.205,31156.205,1007449.535,225259.3622,,,4.976
600782,新钢股份,普钢,江西,19961225,600782.SH,20090924,7.43,7.55,7.23,7.32,7.49,-0.17,-2.2697,38560.76,28453.208,1.2377,1.2377,0.43,14.6183,38.0407,1.2711,0.3721,0.4473,1.0929,0.8197,139342.9509,31156.205,31156.205,1019990.4006,228063.4206,,,4.976
600782,新钢股份,普钢,江西,19961225,600782.SH,20090923,7.7,7.93,7.48,7.49,7.79,-0.3,-3.8511,45981.79,35105.834,1.4758,1.4758,0.49,14.9578,38.9241,1.3006,0.3807,0.4576,1.0681,0.8011,139342.9509,31156.205,31156.205,1043678.7022,233359.9755,,,4.976
600782,新钢股份,普钢,江西,19961225,600782.SH,20090922,8.16,8.27,7.77,7.79,8.1,-0.31,-3.8272,89844.78,71827.267,2.8837,2.8837,0.97,15.5569,40.4832,1.3527,0.396,0.476,1.027,0.7702,139342.9509,31156.205,31156.205,1085481.5875,242706.837,8.87,7.25,4.976
600782,新钢股份,普钢,江西,19961225,600782.SH,20090921,8.14,8.56,7.69,8.1,8.07,0.03,0.3717,115414.5,92523.761,3.7044,3.7044,1.49,16.176,42.0942,1.4066,0.4118,0.4949,0.9877,0.7407,139342.9509,31156.205,31156.205,1128677.9023,252365.2605,,,4.976
600782,新钢股份,普钢,江西,19961225,600782.SH,20090918,8.24,8.59,7.85,8.07,8.19,-0.12,-1.4652,122964.87,100055.126,3.9467,3.9467,1.98,16.1161,41.9383,1.4013,0.4102,0.4931,0.9913,0.7435,139342.9509,31156.205,31156.205,1124497.6138,251430.5744,,,4.976
600782,新钢股份,普钢,江西,19961225,600782.SH,20090917,7.89,8.26,7.88,8.19,7.87,0.32,4.0661,78948.32,63586.124,2.534,2.534,1.36,16.3558,42.5619,1.4222,0.4163,0.5004,0.9768,0.7326,139342.9509,31156.205,31156.205,1141218.7679,255169.319,,,4.976
600782,新钢股份,普钢,江西,19961225,600782.SH,20090916,8.11,8.15,7.73,7.87,8.11,-0.24,-2.9593,57304.78,45399.457,1.8393,1.8393,0.9,15.7167,40.8989,1.3666,0.4001,0.4809,1.0165,0.7624,139342.9509,31156.205,31156.205,1096629.0236,245199.3334,8.9,7.28,4.976
600782,新钢股份,普钢,江西,19961225,600782.SH,20090915,7.92,8.29,7.84,8.11,7.88,0.23,2.9188,89372.04,72250.292,2.8685,2.8685,1.58,16.196,42.1462,1.4083,0.4123,0.4955,0.9864,0.7398,139342.9509,31156.205,31156.205,1130071.3318,252676.8226,,,4.976
600782,新钢股份,普钢,江西,19961225,600782.SH,20090914,7.77,7.94,7.75,7.88,7.77,0.11,1.4157,37484.56,29383.998,1.2031,1.2031,0.63,15.7367,40.9509,1.3683,0.4006,0.4815,1.0152,0.7614,139342.9509,31156.205,31156.205,1098022.4531,245510.8954,8.58,7.02,4.976
600782,新钢股份,普钢,江西,19961225,600782.SH,20090911,7.7,7.87,7.62,7.77,7.72,0.05,0.6477,48069.23,37249.321,1.5428,1.5428,0.8,15.517,40.3793,1.3492,0.395,0.4747,1.0296,0.7722,139342.9509,31156.205,31156.205,1082694.7285,242083.7129,,,4.976
600782,新钢股份,普钢,江西,19961225,600782.SH,20090910,7.87,7.95,7.7,7.72,7.92,-0.2,-2.5253,57523.17,44972.191,1.8463,1.8463,0.94,15.4171,40.1194,1.3406,0.3924,0.4717,1.0363,0.7772,139342.9509,31156.205,31156.205,1075727.5809,240525.9026,,,4.976
600782,新钢股份,普钢,江西,19961225,600782.SH,20090909,7.74,7.95,7.53,7.92,7.72,0.2,2.5907,84513.31,65367.774,2.7126,2.7126,1.7,15.8166,41.1588,1.3753,0.4026,0.4839,1.0101,0.7576,139342.9509,31156.205,31156.205,1103596.1711,246757.1436,,,4.976
600782,新钢股份,普钢,江西,19961225,600782.SH,20090908,7.41,7.73,7.21,7.72,7.46,0.26,3.4853,55716.63,41800.995,1.7883,1.7883,1.2,15.4171,40.1194,1.3406,0.3924,0.4717,1.0363,0.7772,139342.9509,31156.205,31156.205,1075727.5809,240525.9026,,,4.976
600782,新钢股份,普钢,江西,19961225,600782.SH,20090907,7.47,7.62,7.41,7.46,7.44,0.02,0.2688,49832.18,37483.056,1.5994,1.5994,1.14,14.8979,38.7682,1.2954,0.3792,0.4558,1.0724,0.8043,139342.9509,31156.205,31156.205,1039498.4137,232425.2893,,,4.976
600782,新钢股份,普钢,江西,19961225,600782.SH,20090904,7.48,7.5,7.3,7.44,7.44,0.0,0.0,51095.34,37867.687,1.64,1.64,1.22,14.858,38.6643,1.2919,0.3782,0.4546,1.0753,0.8065,139342.9509,31156.205,31156.205,1036711.5547,231802.1652,,,4.976
600782,新钢股份,普钢,江西,19961225,600782.SH,20090903,6.97,7.58,6.91,7.44,6.93,0.51,7.3593,64771.42,47295.854,2.0789,2.0789,1.76,14.858,38.6643,1.2919,0.3782,0.4546,1.0753,0.8065,139342.9509,31156.205,31156.205,1036711.5547,231802.1652,,,4.976
600782,新钢股份,普钢,江西,19961225,600782.SH,20090902,6.86,7.05,6.8,6.93,6.93,0.0,0.0,27364.15,18916.096,0.8783,0.8783,0.67,13.8395,36.0139,1.2034,0.3523,0.4234,1.1544,0.8658,139342.9509,31156.205,31156.205,965646.6497,215912.5007,,,4.976
600782,新钢股份,普钢,江西,19961225,600782.SH,20090901,7.0,7.2,6.78,6.93,7.12,-0.19,-2.6685,38480.13,26884.243,1.2351,1.2351,0.88,13.8395,36.0139,1.2034,0.3523,0.4234,1.1544,0.8658,139342.9509,31156.205,31156.205,965646.6497,215912.5007,,,4.976
600782,新钢股份,普钢,江西,19961225,600782.SH,20090831,7.74,7.74,7.12,7.12,7.91,-0.79,-9.9874,37780.07,27501.917,1.2126,1.2126,0.74,14.2189,37.0013,1.2364,0.3619,0.435,1.1236,0.8427,139342.9509,31156.205,31156.205,992121.8104,221832.1796,,,4.976
600782,新钢股份,普钢,江西,19961225,600782.SH,20090828,8.24,8.27,7.84,7.91,8.22,-0.31,-3.7713,41517.32,33038.376,1.3326,1.3326,0.75,15.7966,20.7425,1.3631,0.4021,0.4192,1.0114,0.7585,139342.9509,31156.205,31156.205,1102202.7416,246445.5816,9.9,8.1,4.976
600782,新钢股份,普钢,江西,19961225,600782.SH,20090827,8.1,8.3,8.0,8.22,8.15,0.07,0.8589,38963.2,31802.773,1.2506,1.2506,0.62,16.4157,21.5555,1.4165,0.4179,0.4356,0.9732,0.7299,139342.9509,31156.205,31156.205,1145399.0564,256104.0051,,,4.976
600782,新钢股份,普钢,江西,19961225,600782.SH,20090826,8.05,8.24,8.0,8.15,7.97,0.18,2.2585,48031.36,39057.789,1.5416,1.5416,0.72,16.2759,21.3719,1.4044,0.4143,0.4319,0.9816,0.7362,139342.9509,31156.205,31156.205,1135645.0498,253923.0708,,,4.976
600782,新钢股份,普钢,江西,19961225,600782.SH,20090825,8.43,8.43,7.77,7.97,8.47,-0.5,-5.9032,52356.16,41996.157,1.6804,1.6804,0.73,15.9164,20.8999,1.3734,0.4051,0.4224,1.0038,0.7528,139342.9509,31156.205,31156.205,1110563.3187,248314.9539,,,4.976
600782,新钢股份,普钢,江西,19961225,600782.SH,20090824,8.25,8.6,8.06,8.47,8.26,0.21,2.5424,76040.56,63812.772,2.4406,2.4406,0.92,16.9149,22.211,1.4596,0.4306,0.4489,0.9445,0.7084,139342.9509,31156.205,31156.205,1180234.7941,263893.0564,,,4.976
600782,新钢股份,普钢,江西,19961225,600782.SH,20090821,8.09,8.4,8.0,8.26,8.1,0.16,1.9753,60408.01,49716.818,1.9389,1.9389,0.67,16.4955,21.6603,1.4234,0.4199,0.4378,0.9685,0.7264,139342.9509,31156.205,31156.205,1150972.7744,257350.2533,,,4.976
600782,新钢股份,普钢,江西,19961225,600782.SH,20090820,7.85,8.17,7.78,8.1,7.91,0.19,2.402,75103.78,59984.813,2.4106,2.4106,0.81,16.176,21.2408,1.3958,0.4118,0.4293,0.9877,0.7407,139342.9509,31156.205,31156.205,1128677.9023,252365.2605,,,4.976
600782,新钢股份,普钢,江西,19961225,600782.SH,20090819,8.5,8.55,7.8,7.91,8.61,-0.7,-8.1301,69537.48,56737.395,2.2319,2.2319,0.74,15.7966,20.7425,1.3631,0.4021,0.4192,1.0114,0.7585,139342.9509,31156.205,31156.205,1102202.7416,246445.5816,,,4.976
600782,新钢股份,普钢,江西,19961225,600782.SH,20090818,8.11,8.72,7.86,8.61,8.3,0.31,3.7349,78595.77,66301.161,2.5226,2.5226,0.77,17.1945,22.5782,1.4837,0.4377,0.4563,0.9292,0.6969,139342.9509,31156.205,31156.205,1199742.8072,268254.9251,,,4.976
600782,新钢股份,普钢,江西,19961225,600782.SH,20090817,9.09,9.39,8.26,8.3,9.09,-0.79,-8.6909,130454.85,118039.201,4.1871,4.1871,1.28,16.5754,21.7652,1.4303,0.4219,0.4399,0.9639,0.7229,139342.9509,31156.205,31156.205,1156546.4925,258596.5015,,,4.976
600782,新钢股份,普钢,江西,19961225,600782.SH,20090814,9.19,9.26,8.88,9.09,9.17,-0.08,-0.8724,93801.18,85161.343,3.0107,3.0107,0.91,18.1531,23.8369,1.5664,0.4621,0.4817,0.8801,0.6601,139342.9509,31156.205,31156.205,1266627.4237,283209.9035,,,4.976
600782,新钢股份,普钢,江西,19961225,600782.SH,20090813,8.82,9.22,8.61,9.17,8.9,0.27,3.0337,88431.33,79138.898,2.8383,2.8383,0.87,18.3128,24.0467,1.5802,0.4661,0.486,0.8724,0.6543,139342.9509,31156.205,31156.205,1277774.8598,285702.3999,,,4.976
600782,新钢股份,普钢,江西,19961225,600782.SH,20090812,9.1,9.11,8.77,8.9,9.17,-0.27,-2.9444,75938.62,67883.059,2.4374,2.4374,0.7,17.7736,23.3386,1.5337,0.4524,0.4717,0.8989,0.6742,139342.9509,31156.205,31156.205,1240152.263,277290.2245,9.67,7.91,4.976
600782,新钢股份,普钢,江西,19961225,600782.SH,20090811,8.94,9.2,8.86,9.17,8.92,0.25,2.8027,119599.52,108031.051,3.8387,3.8387,1.06,18.3128,24.0467,1.5802,0.4661,0.486,0.8724,0.6543,139342.9509,31156.205,31156.205,1277774.8598,285702.3999,9.39,7.69,4.976
600782,新钢股份,普钢,江西,19961225,600782.SH,20090810,9.18,9.3,8.7,8.92,9.09,-0.17,-1.8702,133010.73,119229.116,4.2692,4.2692,1.15,17.8136,23.3911,1.5371,0.4534,0.4727,0.8969,0.6726,139342.9509,31156.205,31156.205,1242939.122,277913.3486,,,4.976
600782,新钢股份,普钢,江西,19961225,600782.SH,20090807,9.6,9.75,9.06,9.09,9.64,-0.55,-5.7054,96901.51,90585.776,3.1102,3.1102,0.77,18.1531,23.8369,1.5664,0.4621,0.4817,0.8801,0.6601,139342.9509,31156.205,31156.205,1266627.4237,283209.9035,,,4.976
600782,新钢股份,普钢,江西,19961225,600782.SH,20090806,10.08,10.08,9.45,9.64,10.13,-0.49,-4.8371,82183.23,79515.153,2.6378,2.6378,0.59,19.2515,25.2791,1.6612,0.49,0.5109,0.8299,0.6224,139342.9509,31156.205,31156.205,1343266.0467,300345.8162,,,4.976
600782,新钢股份,普钢,江西,19961225,600782.SH,20090805,10.47,10.48,9.88,10.13,10.53,-0.4,-3.7987,112058.45,113455.497,3.5967,3.5967,0.7,20.23,26.5641,1.7457,0.5149,0.5369,0.7897,0.5923,139342.9509,31156.205,31156.205,1411544.0926,315612.3567,,,4.976
600782,新钢股份,普钢,江西,19961225,600782.SH,20090804,10.78,10.85,10.36,10.53,10.75,-0.22,-2.0465,139272.31,146703.392,4.4701,4.4701,0.81,21.0288,27.613,1.8146,0.5353,0.5581,0.7597,0.5698,139342.9509,31156.205,31156.205,1467281.273,328074.8387,,,4.976
600782,新钢股份,普钢,江西,19961225,600782.SH,20090803,10.68,10.99,10.44,10.75,10.57,0.18,1.7029,149107.77,159411.023,4.7858,4.7858,0.89,21.4682,28.1899,1.8525,0.5465,0.5697,0.7442,0.5581,139342.9509,31156.205,31156.205,1497936.7222,334929.2038,,,4.976
600782,新钢股份,普钢,江西,19961225,600782.SH,20090731,10.42,10.65,10.2,10.57,10.39,0.18,1.7324,146721.21,153686.353,4.7092,4.7092,0.98,21.1087,27.7179,1.8215,0.5373,0.5602,0.7569,0.5676,139342.9509,31156.205,31156.205,1472854.991,329321.0869,,,4.976
600782,新钢股份,普钢,江西,19961225,600782.SH,20090730,10.16,10.47,9.93,10.39,10.03,0.36,3.5892,151103.99,155088.574,4.8499,4.8499,1.17,20.7492,27.2459,1.7905,0.5282,0.5506,0.77,0.5775,139342.9509,31156.205,31156.205,1447773.2599,323712.97,,,4.976
600782,新钢股份,普钢,江西,19961225,600782.SH,20090729,10.05,10.62,9.45,10.03,10.0,0.03,0.3,211345.96,213189.691,6.7834,6.7834,2.11,20.0303,26.3019,1.7284,0.5099,0.5316,0.7976,0.5982,139342.9509,31156.205,31156.205,1397609.7975,312496.7362,,,4.976
600782,新钢股份,普钢,江西,19961225,600782.SH,20090728,9.55,10.0,9.45,10.0,9.45,0.55,5.8201,204866.31,200585.979,6.5755,6.5755,2.73,19.9704,26.2232,1.7232,0.5083,0.53,0.8,0.6,139342.9509,31156.205,31156.205,1393429.509,311562.05,,,4.976
600782,新钢股份,普钢,江西,19961225,600782.SH,20090727,9.18,9.49,9.18,9.45,9.18,0.27,2.9412,122123.24,114932.825,3.9197,3.9197,1.73,18.872,24.7809,1.6285,0.4804,0.5008,0.8466,0.6349,139342.9509,31156.205,31156.205,1316790.886,294426.1373,9.6,7.86,4.976
600782,新钢股份,普钢,江西,19961225,600782.SH,20090724,9.29,9.34,9.0,9.18,9.2,-0.02,-0.2174,56130.87,51208.263,1.8016,1.8016,0.77,18.3328,24.0729,1.5819,0.4667,0.4865,0.8715,0.6536,139342.9509,31156.205,31156.205,1279168.2893,286013.9619,9.69,7.93,4.976
600782,新钢股份,普钢,江西,19961225,600782.SH,20090723,9.24,9.25,9.0,9.2,9.25,-0.05,-0.5405,50589.68,46113.85,1.6237,1.6237,0.64,18.3728,24.1253,1.5854,0.4677,0.4876,0.8696,0.6522,139342.9509,31156.205,31156.205,1281955.1483,286637.086,,,4.976
600782,新钢股份,普钢,江西,19961225,600782.SH,20090722,9.1,9.5,9.1,9.25,9.09,0.16,1.7602,67224.37,62461.215,2.1577,2.1577,0.76,18.4726,24.2564,1.594,0.4702,0.4902,0.8649,0.6486,139342.9509,31156.205,31156.205,1288922.2958,288194.8963,10.01,8.19,4.976
600782,新钢股份,普钢,江西,19961225,600782.SH,20090721,9.58,9.63,9.07,9.09,9.54,-0.45,-4.717,78882.76,73244.314,2.5318,2.5318,0.91,18.1531,23.8369,1.5664,0.4621,0.4817,0.8801,0.6601,139342.9509,31156.205,31156.205,1266627.4237,283209.9035,,,4.976
600782,新钢股份,普钢,江西,19961225,600782.SH,20090720,9.3,9.6,9.25,9.54,9.25,0.29,3.1351,100164.02,94924.141,3.2149,3.2149,1.21,19.0518,25.0169,1.644,0.485,0.5056,0.8386,0.6289,139342.9509,31156.205,31156.205,1329331.7516,297230.1957,,,4.976
600782,新钢股份,普钢,江西,19961225,600782.SH,20090717,9.24,9.35,9.08,9.25,9.22,0.03,0.3254,66376.33,60862.852,2.1304,2.1304,0.75,18.4726,24.2564,1.594,0.4702,0.4902,0.8649,0.6486,139342.9509,31156.205,31156.205,1288922.2958,288194.8963,,,4.976
600782,新钢股份,普钢,江西,19961225,600782.SH,20090716,9.42,9.48,9.17,9.22,9.41,-0.19,-2.0191,80374.2,74535.444,2.5797,2.5797,0.8,18.4127,24.1778,1.5888,0.4687,0.4886,0.8677,0.6508,139342.9509,31156.205,31156.205,1284742.0073,287260.2101,,,4.976
600782,新钢股份,普钢,江西,19961225,600782.SH,20090715,9.19,9.67,9.19,9.41,9.19,0.22,2.3939,115840.17,110005.169,3.718,3.718,1.25,18.7921,24.676,1.6216,0.4783,0.4987,0.8502,0.6376,139342.9509,31156.205,31156.205,1311217.168,293179.8891,9.64,7.88,4.976
600782,新钢股份,普钢,江西,19961225,600782.SH,20090714,8.95,9.27,8.93,9.19,9.01,0.18,1.9978,69410.6,63461.98,2.2278,2.2278,0.7,18.3528,24.0991,1.5837,0.4672,0.487,0.8705,0.6529,139342.9509,31156.205,31156.205,1280561.7188,286325.524,,,4.976
600782,新钢股份,普钢,江西,19961225,600782.SH,20090713,9.1,9.18,8.88,9.01,9.22,-0.21,-2.2777,81175.56,73193.218,2.6054,2.6054,0.7,17.9933,23.6271,1.5526,0.458,0.4775,0.8879,0.6659,139342.9509,31156.205,31156.205,1255479.9876,280717.4071,,,4.976
600782,新钢股份,普钢,江西,19961225,600782.SH,20090710,9.13,9.35,9.12,9.22,9.13,0.09,0.9858,95632.02,88279.533,3.0694,3.0694,0.75,18.4127,24.1778,1.5888,0.4687,0.4886,0.8677,0.6508,139342.9509,31156.205,31156.205,1284742.0073,287260.2101,,,4.976
600782,新钢股份,普钢,江西,19961225,600782.SH,20090709,9.16,9.31,8.97,9.13,9.15,-0.02,-0.2186,138902.36,126639.188,4.4583,4.4583,1.02,18.233,23.9418,1.5733,0.4641,0.4839,0.8762,0.6572,139342.9509,31156.205,31156.205,1272201.1417,284456.1517,,,4.976
600782,新钢股份,普钢,江西,19961225,600782.SH,20090708,9.2,9.34,8.82,9.15,9.33,-0.18,-1.9293,78816.48,71647.36,2.5297,2.5297,0.5,18.2729,23.9942,1.5768,0.4651,0.4849,0.8743,0.6557,139342.9509,31156.205,31156.205,1274988.0007,285079.2758,,,4.976
600782,新钢股份,普钢,江西,19961225,600782.SH,20090707,9.5,9.8,9.27,9.33,9.53,-0.2,-2.0986,104704.73,98878.461,3.3606,3.3606,0.63,18.6324,24.4662,1.6078,0.4743,0.4945,0.8574,0.6431,139342.9509,31156.205,31156.205,1300069.7319,290687.3927,,,4.976
600782,新钢股份,普钢,江西,19961225,600782.SH,20090706,9.31,9.85,9.09,9.53,9.31,0.22,2.3631,161962.93,155416.068,5.1984,5.1984,0.82,19.0318,24.9907,1.6423,0.4844,0.5051,0.8395,0.6296,139342.9509,31156.205,31156.205,1327938.3221,296918.6337,9.81,8.03,4.976
600782,新钢股份,普钢,江西,19961225,600782.SH,20090703,8.71,9.5,8.58,9.31,8.8,0.51,5.7955,155248.98,142765.848,4.9829,4.9829,0.7,18.5924,24.4138,1.6043,0.4733,0.4934,0.8593,0.6445,139342.9509,31156.205,31156.205,1297282.8729,290064.2686,9.63,7.88,4.976
600782,新钢股份,普钢,江西,19961225,600782.SH,20090702,8.73,9.08,8.6,8.8,8.71,0.09,1.0333,182508.49,160731.885,5.8579,5.8579,0.88,17.5739,23.0764,1.5165,0.4473,0.4664,0.9091,0.6818,139342.9509,31156.205,31156.205,1226217.9679,274174.604,,,4.976
600782,新钢股份,普钢,江西,19961225,600782.SH,20090701,8.15,8.92,8.08,8.71,8.19,0.52,6.3492,180890.75,157138.143,5.8059,5.8059,0.89,17.3942,22.8404,1.5009,0.4428,0.4616,0.9185,0.6889,139342.9509,31156.205,31156.205,1213677.1023,271370.5456,,,4.976
600782,新钢股份,普钢,江西,19961225,600782.SH,20090630,8.56,8.56,8.05,8.19,8.56,-0.37,-4.3224,148279.33,122382.368,4.7592,4.7592,0.72,16.3558,21.4768,1.4113,0.4163,0.434,0.9768,0.7326,139342.9509,31156.205,31156.205,1141218.7679,255169.319,,,4.976
600782,新钢股份,普钢,江西,19961225,600782.SH,20090629,7.75,8.56,7.75,8.56,7.78,0.78,10.0257,324057.2,266163.748,10.401,10.401,1.93,17.0947,22.447,1.4751,0.4351,0.4537,0.9346,0.7009,139342.9509,31156.205,31156.205,1192775.6597,266697.1148,,,4.976
600782,新钢股份,普钢,江西,19961225,600782.SH,20090626,7.43,7.85,7.4,7.78,7.37,0.41,5.5631,275421.2,212021.121,8.84,8.84,1.95,15.537,20.4016,1.3407,0.3955,0.4123,1.0283,0.7712,139342.9509,31156.205,31156.205,1084088.158,242395.2749,,,4.976
600782,新钢股份,普钢,江西,19961225,600782.SH,20090625,7.24,7.48,7.21,7.37,7.34,0.03,0.4087,113818.58,83611.825,3.6532,3.6532,0.87,14.7182,19.3265,1.27,0.3746,0.3906,1.0855,0.8141,139342.9509,31156.205,31156.205,1026957.5481,229621.2309,8.8,7.2,4.976
600782,新钢股份,普钢,江西,19961225,600782.SH,20090624,7.29,7.6,7.25,7.34,7.29,0.05,0.6859,154241.74,114540.064,4.9506,4.9506,1.32,14.6583,19.2478,1.2649,0.3731,0.389,1.0899,0.8174,139342.9509,31156.205,31156.205,1022777.2596,228686.5447,,,4.976
600782,新钢股份,普钢,江西,19961225,600782.SH,20090623,7.01,7.39,7.01,7.29,7.16,0.13,1.8156,162758.96,118609.875,5.224,5.224,1.37,14.5584,19.1167,1.2562,0.3706,0.3863,1.0974,0.823,139342.9509,31156.205,31156.205,1015810.1121,227128.7345,,,4.976
600782,新钢股份,普钢,江西,19961225,600782.SH,20090622,7.21,7.35,7.13,7.16,7.17,-0.01,-0.1395,134853.04,97861.987,4.3283,4.3283,1.33,14.2988,18.7758,1.2338,0.364,0.3795,1.1173,0.838,139342.9509,31156.205,31156.205,997695.5284,223078.4278,,,4.976
600782,新钢股份,普钢,江西,19961225,600782.SH,20090619,7.07,7.23,6.95,7.17,7.04,0.13,1.8466,140491.87,99896.299,4.5093,4.5093,1.59,14.3188,18.802,1.2356,0.3645,0.38,1.1158,0.8368,139342.9509,31156.205,31156.205,999088.958,223389.9899,,,4.976
600782,新钢股份,普钢,江西,19961225,600782.SH,20090618,7.09,7.15,7.01,7.04,7.09,-0.05,-0.7052,59409.07,41895.23,1.9068,1.9068,0.64,14.0592,18.4611,1.2132,0.3579,0.3731,1.1364,0.8523,139342.9509,31156.205,31156.205,980974.3743,219339.6832,,,4.976
600782,新钢股份,普钢,江西,19961225,600782.SH,20090617,7.06,7.13,6.93,7.09,7.06,0.03,0.4249,86539.35,60933.635,2.7776,2.7776,0.93,14.159,18.5922,1.2218,0.3604,0.3757,1.1283,0.8463,139342.9509,31156.205,31156.205,987941.5219,220897.4935,8.46,6.92,4.976
600782,新钢股份,普钢,江西,19961225,600782.SH,20090616,6.8,7.17,6.73,7.06,6.8,0.26,3.8235,171243.36,120285.025,5.4963,5.4963,2.28,14.0991,18.5136,1.2166,0.3589,0.3742,1.1331,0.8499,139342.9509,31156.205,31156.205,983761.2334,219962.8073,,,4.976
600782,新钢股份,普钢,江西,19961225,600782.SH,20090615,6.65,6.83,6.65,6.8,6.62,0.18,2.719,50601.78,34175.471,1.6241,1.6241,0.6,13.5799,17.8318,1.1718,0.3457,0.3604,1.1765,0.8824,139342.9509,31156.205,31156.205,947532.0661,211862.194,,,4.976
600782,新钢股份,普钢,江西,19961225,600782.SH,20090612,6.8,6.86,6.64,6.68,6.8,-0.12,-1.7647,73869.77,49997.533,2.3709,2.3709,0.63,13.3402,17.5171,1.1511,0.3396,0.354,1.1976,,139342.9509,31156.205,31156.205,930810.912,208123.4494,,,4.976
600782,新钢股份,普钢,江西,19961225,600782.SH,20090611,6.98,7.04,6.77,6.8,6.96,-0.16,-2.2989,80163.35,55149.449,2.5729,2.5729,0.42,13.5799,17.8318,1.1718,0.3457,0.3604,1.1765,,139342.9509,31156.205,31156.205,947532.0661,211862.194,,,4.976
600782,新钢股份,普钢,江西,19961225,600782.SH,20090610,6.93,7.03,6.81,6.96,6.9,0.06,0.8696,87461.17,60566.205,2.8072,2.8072,0.37,13.8994,18.2513,1.1994,0.3538,0.3689,1.1494,,139342.9509,31156.205,31156.205,969826.9383,216847.1868,,,4.976
600782,新钢股份,普钢,江西,19961225,600782.SH,20090609,6.9,6.98,6.75,6.9,6.89,0.01,0.1451,84108.74,57541.521,2.6996,2.6996,0.31,13.7796,18.094,1.189,0.3508,0.3657,1.1594,,139342.9509,31156.205,31156.205,961466.3612,214977.8145,,,4.976
600782,新钢股份,普钢,江西,19961225,600782.SH,20090608,6.99,7.1,6.8,6.89,7.03,-0.14,-1.9915,95942.13,66597.257,3.0794,3.0794,0.32,13.7596,18.0678,1.1873,0.3502,0.3652,1.1611,,139342.9509,31156.205,31156.205,960072.9317,214666.2525,8.46,6.92,4.976
600782,新钢股份,普钢,江西,19961225,600782.SH,20090605,7.11,7.39,6.98,7.03,7.25,-0.22,-3.0345,242310.7,174126.896,7.7773,7.7773,0.82,14.0392,18.4349,1.2114,0.3574,0.3726,1.138,,139342.9509,31156.205,31156.205,979580.9448,219028.1212,,,4.976
600782,新钢股份,普钢,江西,19961225,600782.SH,20090604,6.98,7.34,6.79,7.25,7.03,0.22,3.1294,441093.37,314270.952,14.1575,14.1575,1.8,14.4785,19.0118,1.2494,0.3685,0.3842,1.1034,,139342.9509,31156.205,31156.205,1010236.394,225882.4863,,,4.976
600782,新钢股份,普钢,江西,19961225,600782.SH,20090603,7.0,7.09,6.89,7.03,6.99,0.04,0.5722,320244.19,223834.358,10.2787,10.2787,1.59,14.0392,18.4349,1.2114,0.3574,0.3726,1.138,,139342.9509,31156.205,31156.205,979580.9448,219028.1212,,,4.976
600782,新钢股份,普钢,江西,19961225,600782.SH,20090602,7.06,7.32,6.92,6.99,7.01,-0.02,-0.2853,257188.24,181332.62,8.2548,8.2548,1.6,13.9593,18.33,1.2046,0.3553,0.3704,1.1445,,139342.9509,31156.205,31156.205,974007.2268,217781.873,,,4.976
600782,新钢股份,普钢,江西,19961225,600782.SH,20090601,6.84,7.1,6.77,7.01,6.85,0.16,2.3358,244752.68,170741.043,7.8557,7.8557,1.85,13.9992,18.3824,1.208,0.3563,0.3715,1.1412,1.1412,139342.9509,31156.205,31156.205,976794.0858,218404.9971,,,4.976
600782,新钢股份,普钢,江西,19961225,600782.SH,20090527,6.76,6.88,6.74,6.85,6.75,0.1,1.4815,216791.45,147927.041,6.9582,6.9582,1.91,13.6797,17.9629,1.1804,0.3482,0.363,1.1679,1.1679,139342.9509,31156.205,31156.205,954499.2137,213420.0043,8.1,6.62,4.976
600782,新钢股份,普钢,江西,19961225,600782.SH,20090526,6.62,6.9,6.6,6.75,6.63,0.12,1.81,185240.4,125312.016,5.9455,5.9455,1.67,13.48,17.7006,1.1632,0.3431,0.3577,1.1852,1.1852,139342.9509,31156.205,31156.205,940564.9186,210304.3838,,,4.976
600782,新钢股份,普钢,江西,19961225,600782.SH,20090525,6.25,6.66,6.2,6.63,6.41,0.22,3.4321,102308.05,66080.316,3.2837,3.2837,0.74,13.2404,17.386,1.1425,0.337,0.3514,1.2066,1.2066,139342.9509,31156.205,31156.205,923843.7645,206565.6392,,,4.976
600782,新钢股份,普钢,江西,19961225,600782.SH,20090522,6.4,6.47,6.34,6.41,6.42,-0.01,-0.1558,56089.97,35956.653,1.8003,1.8003,0.37,12.801,16.8091,1.1046,0.3258,0.3397,1.248,1.248,139342.9509,31156.205,31156.205,893188.3153,199711.2741,7.7,6.3,4.976
600782,新钢股份,普钢,江西,19961225,600782.SH,20090521,6.6,6.7,6.4,6.42,6.62,-0.2,-3.0211,99644.98,65137.239,3.1982,3.1982,0.66,12.821,16.8353,1.1063,0.3264,0.3402,1.2461,1.2461,139342.9509,31156.205,31156.205,894581.7448,200022.8361,,,4.976
600782,新钢股份,普钢,江西,19961225,600782.SH,20090520,6.84,6.84,6.6,6.62,6.86,-0.24,-3.4985,123813.2,83095.005,3.9739,3.9739,0.77,13.2204,17.3597,1.1408,0.3365,0.3508,1.2085,1.2085,139342.9509,31156.205,31156.205,922450.335,206254.0771,,,4.976
600782,新钢股份,普钢,江西,19961225,600782.SH,20090519,6.89,6.94,6.8,6.86,6.86,0.0,0.0,171723.62,117893.312,5.5117,5.5117,1.18,13.6997,17.9891,1.1821,0.3487,0.3636,1.1662,1.1662,139342.9509,31156.205,31156.205,955892.6432,213731.5663,,,4.976
600782,新钢股份,普钢,江西,19961225,600782.SH,20090518,6.81,6.88,6.68,6.86,6.71,0.15,2.2355,244640.35,165743.895,7.8521,7.8521,1.93,13.6997,17.9891,1.1821,0.3487,0.3636,1.1662,1.1662,139342.9509,31156.205,31156.205,955892.6432,213731.5663,,,4.976
600782,新钢股份,普钢,江西,19961225,600782.SH,20090515,6.6,6.74,6.57,6.71,6.61,0.1,1.5129,113619.34,75799.366,3.6468,3.6468,0.81,13.4001,17.5958,1.1563,0.3411,0.3556,1.1923,1.1923,139342.9509,31156.205,31156.205,934991.2005,209058.1356,7.95,6.51,4.976
600782,新钢股份,普钢,江西,19961225,600782.SH,20090514,6.68,6.7,6.5,6.61,6.76,-0.15,-2.2189,100219.59,66165.641,3.2167,3.2167,0.68,13.2004,17.3335,1.1391,0.336,0.3503,1.2103,1.2103,139342.9509,31156.205,31156.205,921056.9054,205942.5151,,,4.976
600782,新钢股份,普钢,江西,19961225,600782.SH,20090513,6.6,6.82,6.59,6.76,6.61,0.15,2.2693,177144.26,119607.309,5.6857,5.6857,1.26,13.5,17.7269,1.1649,0.3436,0.3583,1.1834,1.1834,139342.9509,31156.205,31156.205,941958.3481,210615.9458,,,4.976
600782,新钢股份,普钢,江西,19961225,600782.SH,20090512,6.39,6.62,6.35,6.61,6.46,0.15,2.322,94067.29,61201.131,3.0192,3.0192,0.66,13.2004,17.3335,1.1391,0.336,0.3503,1.2103,1.2103,139342.9509,31156.205,31156.205,921056.9054,205942.5151,,,4.976
600782,新钢股份,普钢,江西,19961225,600782.SH,20090511,6.68,6.84,6.45,6.46,6.66,-0.2,-3.003,149251.33,99390.953,4.7904,4.7904,1.06,12.9009,16.9402,1.1132,0.3284,0.3424,1.2384,1.2384,139342.9509,31156.205,31156.205,900155.4628,201269.0843,,,4.976
600782,新钢股份,普钢,江西,19961225,600782.SH,20090508,6.44,6.66,6.38,6.66,6.5,0.16,2.4615,179637.38,117186.889,5.7657,5.7657,1.48,13.3003,17.4646,1.1477,0.3386,0.353,1.2012,1.2012,139342.9509,31156.205,31156.205,928024.053,207500.3253,,,4.976
600782,新钢股份,普钢,江西,19961225,600782.SH,20090507,6.6,6.69,6.4,6.5,6.51,-0.01,-0.1536,139210.94,91165.314,4.4682,4.4682,1.27,12.9808,17.0451,1.1201,0.3304,0.3445,1.2308,1.2308,139342.9509,31156.205,31156.205,905729.1809,202515.3325,,,4.976
600782,新钢股份,普钢,江西,19961225,600782.SH,20090506,6.46,6.59,6.38,6.51,6.45,0.06,0.9302,140654.78,90856.804,4.5145,4.5145,1.5,13.0007,17.0713,1.1218,0.3309,0.345,1.2289,1.2289,139342.9509,31156.205,31156.205,907122.6104,202826.8946,,,4.976
600782,新钢股份,普钢,江西,19961225,600782.SH,20090505,6.51,6.58,6.38,6.45,6.46,-0.01,-0.1548,101129.14,65300.815,3.2459,3.2459,0.9,12.8809,16.914,1.1115,0.3279,0.3418,1.2403,1.2403,139342.9509,31156.205,31156.205,898762.0333,200957.5223,,,4.976
600782,新钢股份,普钢,江西,19961225,600782.SH,20090504,6.23,6.48,6.23,6.46,6.19,0.27,4.3619,141871.64,91130.264,4.5536,4.5536,1.34,12.9009,16.9402,1.1132,0.3284,0.3424,1.2384,1.2384,139342.9509,31156.205,31156.205,900155.4628,201269.0843,,,4.976
600782,新钢股份,普钢,江西,19961225,600782.SH,20090430,6.2,6.27,6.14,6.19,6.24,-0.05,-0.8013,85714.31,53105.221,2.7511,2.7511,0.72,12.3617,16.2321,1.0667,0.3147,0.3281,1.2924,1.2924,139342.9509,31156.205,31156.205,862532.8661,192856.909,,,4.976
600782,新钢股份,普钢,江西,19961225,600782.SH,20090429,6.19,6.26,6.08,6.24,6.13,0.11,1.7945,80619.32,49957.488,2.5876,2.5876,0.54,12.4615,12.4615,1.078,0.3172,0.3172,1.2821,1.2821,139342.9509,31156.205,31156.205,869500.0136,194414.7192,,,4.976
600782,新钢股份,普钢,江西,19961225,600782.SH,20090428,6.03,6.14,6.01,6.13,6.08,0.05,0.8224,57979.45,35269.306,1.8609,1.8609,0.31,12.2419,12.2419,1.059,0.3116,0.3116,1.3051,1.3051,139342.9509,31156.205,31156.205,854172.289,190987.5367,,,4.976
600782,新钢股份,普钢,江西,19961225,600782.SH,20090427,6.48,6.48,6.0,6.08,6.53,-0.45,-6.8913,197710.94,120906.878,6.3458,6.3458,1.13,12.142,12.142,1.0504,0.3091,0.3091,1.3158,1.3158,139342.9509,31156.205,31156.205,847205.1415,189429.7264,,,4.976
600782,新钢股份,普钢,江西,19961225,600782.SH,20090424,6.73,6.74,6.51,6.53,6.74,-0.21,-3.1157,109187.02,71979.208,3.5045,3.5045,0.53,13.0407,13.0407,1.1281,0.3319,0.3319,1.2251,1.2251,139342.9509,31156.205,31156.205,909909.4694,203450.0187,,,4.976
600782,新钢股份,普钢,江西,19961225,600782.SH,20090423,6.89,6.89,6.52,6.74,6.89,-0.15,-2.1771,150383.56,100412.379,4.8268,4.8268,0.71,13.46,13.46,1.1644,0.3426,0.3426,1.1869,1.1869,139342.9509,31156.205,31156.205,939171.4891,209992.8217,,,4.976
600782,新钢股份,普钢,江西,19961225,600782.SH,20090422,6.95,7.06,6.77,6.89,6.89,0.0,0.0,233957.88,163090.5,7.5092,7.5092,1.19,13.7596,13.7596,1.1903,0.3502,0.3502,1.1611,1.1611,139342.9509,31156.205,31156.205,960072.9317,214666.2525,,,4.976
600782,新钢股份,普钢,江西,19961225,600782.SH,20090421,6.76,7.09,6.74,6.89,6.69,0.2,2.9895,233800.14,161869.22,7.5041,7.5041,1.12,13.7596,13.7596,1.1903,0.3502,0.3502,1.1611,1.1611,139342.9509,31156.205,31156.205,960072.9317,214666.2525,,,4.976
600782,新钢股份,普钢,江西,19961225,600782.SH,20090417,6.9,6.94,6.63,6.69,6.97,-0.28,-4.0172,150113.58,101289.856,4.8181,4.8181,0.67,13.3602,13.3602,1.1558,0.3401,0.3401,1.1958,1.1958,139342.9509,31156.205,31156.205,932204.3415,208435.0115,7.62,6.24,4.976
600782,新钢股份,普钢,江西,19961225,600782.SH,20090416,6.71,7.15,6.64,6.97,6.72,0.25,3.7202,264609.94,184008.35,8.493,8.493,1.13,13.9194,13.9194,1.2042,0.3543,0.3543,1.1478,1.1478,139342.9509,31156.205,31156.205,971220.3678,217158.7489,,,4.976
600782,新钢股份,普钢,江西,19961225,600782.SH,20090415,6.8,6.82,6.55,6.72,6.79,-0.07,-1.0309,179416.45,119838.819,5.7586,5.7586,0.64,13.4201,13.4201,1.161,0.3416,0.3416,1.1905,1.1905,139342.9509,31156.205,31156.205,936384.63,209369.6976,,,4.976
600782,新钢股份,普钢,江西,19961225,600782.SH,20090414,6.87,6.88,6.71,6.79,6.89,-0.1,-1.4514,157133.08,106575.195,5.0434,5.0434,0.57,13.5599,13.5599,1.1731,0.3452,0.3452,1.1782,1.1782,139342.9509,31156.205,31156.205,946138.6366,211550.632,,,4.976
600782,新钢股份,普钢,江西,19961225,600782.SH,20090413,6.7,7.0,6.58,6.89,6.69,0.2,2.9895,290490.49,197307.92,9.3237,9.3237,1.18,13.7596,13.7596,1.1903,0.3502,0.3502,1.1611,1.1611,139342.9509,31156.205,31156.205,960072.9317,214666.2525,,,4.976
600782,新钢股份,普钢,江西,19961225,600782.SH,20090410,6.71,6.73,6.54,6.69,6.64,0.05,0.753,227246.68,150959.646,7.2938,7.2938,0.92,13.3602,13.3602,1.1558,0.3401,0.3401,1.1958,1.1958,139342.9509,31156.205,31156.205,932204.3415,208435.0115,,,4.976
600782,新钢股份,普钢,江西,19961225,600782.SH,20090409,6.36,6.69,6.17,6.64,6.37,0.27,4.2386,315460.32,205507.121,10.1251,10.1251,1.5,13.2603,13.2603,1.1471,0.3375,0.3375,1.2048,1.2048,139342.9509,31156.205,31156.205,925237.194,206877.2012,,,4.976
600782,新钢股份,普钢,江西,19961225,600782.SH,20090408,6.34,6.54,6.32,6.37,6.3,0.07,1.1111,417448.93,268329.369,13.3986,13.3986,2.74,12.7211,12.7211,1.1005,0.3238,0.3238,1.2559,1.2559,139342.9509,31156.205,31156.205,887614.5972,198465.0259,,,4.976
600782,新钢股份,普钢,江西,19961225,600782.SH,20090407,6.16,6.34,6.09,6.3,6.19,0.11,1.7771,118719.55,73609.281,3.8105,3.8105,0.72,12.5813,12.5813,1.0884,0.3203,0.3203,1.2698,1.2698,139342.9509,31156.205,31156.205,877860.5907,196284.0915,,,4.976
600782,新钢股份,普钢,江西,19961225,600782.SH,20090403,6.39,6.43,6.14,6.19,6.34,-0.15,-2.3659,156054.82,97798.326,5.0088,5.0088,0.85,12.3617,12.3617,1.0694,0.3147,0.3147,1.2924,1.2924,139342.9509,31156.205,31156.205,862532.8661,192856.909,,,4.976
600782,新钢股份,普钢,江西,19961225,600782.SH,20090402,6.26,6.43,6.26,6.34,6.2,0.14,2.2581,221687.13,140300.618,7.1153,7.1153,1.39,12.6612,12.6612,1.0953,0.3223,0.3223,1.2618,1.2618,139342.9509,31156.205,31156.205,883434.3087,197530.3397,,,4.976
600782,新钢股份,普钢,江西,19961225,600782.SH,20090401,6.12,6.25,6.12,6.2,6.13,0.07,1.1419,141110.77,87244.324,4.5291,4.5291,0.9,12.3816,12.3816,1.0711,0.3152,0.3152,1.2903,1.2903,139342.9509,31156.205,31156.205,863926.2956,193168.471,,,4.976
600782,新钢股份,普钢,江西,19961225,600782.SH,20090331,6.05,6.14,5.91,6.13,6.15,-0.02,-0.3252,125347.27,75542.006,4.0232,4.0232,0.76,12.2419,12.2419,1.059,0.3116,0.3116,1.3051,1.3051,139342.9509,31156.205,31156.205,854172.289,190987.5367,,,4.976
600782,新钢股份,普钢,江西,19961225,600782.SH,20090330,6.26,6.29,6.11,6.15,6.41,-0.26,-4.0562,176554.74,109045.04,5.6668,5.6668,1.08,12.2818,12.2818,1.0625,0.3126,0.3126,1.3008,1.3008,139342.9509,31156.205,31156.205,856959.148,191610.6608,,,4.976
600782,新钢股份,普钢,江西,19961225,600782.SH,20090327,6.2,6.47,6.11,6.41,6.11,0.3,4.91,248112.91,157194.766,7.9635,26.1828,1.59,35.456,9.9582,1.1101,1.1747,0.3218,1.248,1.248,139342.9509,31156.205,9476.1644,893188.3153,199711.2741,,,4.976
600782,新钢股份,普钢,江西,19961225,600782.SH,20090326,5.89,6.12,5.89,6.11,5.92,0.19,3.2095,107767.22,64880.54,3.4589,11.3725,0.68,33.7966,9.4922,1.0582,1.1198,0.3067,1.3093,1.3093,139342.9509,31156.205,9476.1644,851385.43,190364.4126,,,4.976
600782,新钢股份,普钢,江西,19961225,600782.SH,20090325,6.22,6.22,5.91,5.92,6.25,-0.33,-5.28,129258.95,78736.29,4.1487,13.6404,0.82,32.7456,9.197,1.0253,1.0849,0.2972,1.3514,1.3514,139342.9509,31156.205,9476.1644,824910.2693,184444.7336,,,4.976
600782,新钢股份,普钢,江西,19961225,600782.SH,20090324,6.2,6.29,6.06,6.25,6.12,0.13,2.1242,164328.01,101629.557,5.2743,17.3412,1.19,34.571,9.7097,1.0824,1.1454,0.3138,1.28,1.28,139342.9509,31156.205,9476.1644,870893.4431,194726.2813,,,4.976
600782,新钢股份,普钢,江西,19961225,600782.SH,20090323,6.1,6.3,6.07,6.12,6.05,0.07,1.157,170447.96,105355.252,5.4708,17.987,1.52,33.8519,9.5077,1.0599,1.1216,0.3072,1.3072,1.3072,139342.9509,31156.205,9476.1644,852778.8595,190675.9746,,,4.976
600782,新钢股份,普钢,江西,19961225,600782.SH,20090320,5.95,6.14,5.86,6.05,5.95,0.1,1.6807,209440.01,126585.029,6.7223,22.1018,2.56,33.4647,9.3989,1.0478,1.1088,0.3037,1.3223,1.3223,139342.9509,31156.205,9476.1644,843024.8529,188495.0403,,,4.976
600782,新钢股份,普钢,江西,19961225,600782.SH,20090319,5.9,5.95,5.8,5.95,5.86,0.09,1.5358,119372.89,70232.117,3.8314,12.5972,1.67,32.9116,9.2436,1.0305,1.0904,0.2987,1.3445,1.3445,139342.9509,31156.205,9476.1644,829090.5579,185379.4198,,,4.976
600782,新钢股份,普钢,江西,19961225,600782.SH,20090318,5.82,5.99,5.78,5.86,5.77,0.09,1.5598,120875.93,71455.038,3.8797,12.7558,1.81,32.4137,9.1038,1.0149,1.0739,0.2942,1.3652,1.3652,139342.9509,31156.205,9476.1644,816549.6923,182575.3613,,,4.976
600782,新钢股份,普钢,江西,19961225,600782.SH,20090317,5.62,5.8,5.54,5.77,5.57,0.2,3.5907,71282.78,40721.692,2.2879,7.5223,1.13,31.9159,8.964,0.9993,1.0575,0.2897,1.3865,1.3865,139342.9509,31156.205,9476.1644,804008.8267,179771.3029,,,4.976
600782,新钢股份,普钢,江西,19961225,600782.SH,20090316,5.48,5.58,5.4,5.57,5.47,0.1,1.8282,41009.67,22584.15,1.3163,4.3277,0.55,30.8096,8.6532,0.9647,1.0208,0.2796,1.4363,1.4363,139342.9509,31156.205,9476.1644,776140.2365,173540.0619,,,4.976
600782,新钢股份,普钢,江西,19961225,600782.SH,20090313,5.55,5.58,5.43,5.47,5.52,-0.05,-0.9058,55979.19,30783.706,1.7967,5.9074,0.67,30.2565,8.4979,0.9473,1.0025,0.2746,1.4625,1.4625,139342.9509,31156.205,9476.1644,762205.9414,170424.4414,,,4.976
600782,新钢股份,普钢,江西,19961225,600782.SH,20090312,5.53,5.57,5.39,5.52,5.6,-0.08,-1.4286,67474.16,36963.974,2.1657,7.1204,0.57,30.5331,8.5756,0.956,1.0116,0.2771,1.4493,1.4493,139342.9509,31156.205,9476.1644,769173.089,171982.2516,,,4.976
600782,新钢股份,普钢,江西,19961225,600782.SH,20090311,5.75,5.88,5.59,5.6,5.63,-0.03,-0.5329,97594.1,55942.925,3.1324,10.2989,0.73,30.9756,8.6999,0.9699,1.0263,0.2811,1.4286,1.4286,139342.9509,31156.205,9476.1644,780320.525,174474.748,,,4.976
600782,新钢股份,普钢,江西,19961225,600782.SH,20090310,5.4,5.64,5.37,5.63,5.5,0.13,2.3636,52941.61,29189.549,1.6992,5.5868,0.38,31.1415,8.7465,0.9751,1.0318,0.2826,1.421,1.421,139342.9509,31156.205,9476.1644,784500.8136,175409.4342,,,4.976
600782,新钢股份,普钢,江西,19961225,600782.SH,20090309,5.89,5.99,5.47,5.5,5.88,-0.38,-6.4626,97773.36,55971.502,3.1382,10.3178,0.73,30.4224,8.5445,0.9525,1.008,0.2761,1.4545,1.4545,139342.9509,31156.205,9476.1644,766386.23,171359.1275,,,4.976
600782,新钢股份,普钢,江西,19961225,600782.SH,20090306,5.9,6.03,5.81,5.88,6.03,-0.15,-2.4876,101473.55,60085.989,3.2569,10.7083,0.76,32.5244,9.1348,1.0184,1.0776,0.2952,1.3605,1.3605,139342.9509,31156.205,9476.1644,819336.5513,183198.4854,,,4.976
600782,新钢股份,普钢,江西,19961225,600782.SH,20090305,6.12,6.15,5.88,6.03,5.98,0.05,0.8361,245699.21,148848.385,7.886,25.9281,2.33,33.3541,9.3679,1.0443,1.1051,0.3027,1.3267,1.3267,139342.9509,31156.205,9476.1644,840237.9939,187871.9162,,,4.976
600782,新钢股份,普钢,江西,19961225,600782.SH,20090304,5.52,5.99,5.52,5.98,5.52,0.46,8.3333,166241.71,95834.637,5.3357,17.5431,1.74,33.0775,9.2902,1.0357,1.0959,0.3002,1.3378,1.3378,139342.9509,31156.205,9476.1644,833270.8464,186314.1059,,,4.976
600782,新钢股份,普钢,江西,19961225,600782.SH,20090303,5.3,5.64,5.2,5.52,5.45,0.07,1.2844,83959.43,45640.351,2.6948,8.8601,0.77,30.5331,8.5756,0.956,1.0116,0.2771,1.4493,1.4493,139342.9509,31156.205,9476.1644,769173.089,171982.2516,,,4.976
600782,新钢股份,普钢,江西,19961225,600782.SH,20090302,5.27,5.48,5.22,5.45,5.33,0.12,2.2514,68651.27,37148.212,2.2035,7.2446,0.54,30.1459,8.4668,0.9439,0.9988,0.2736,1.4679,1.4679,139342.9509,31156.205,9476.1644,759419.0824,169801.3173,,,4.976
600782,新钢股份,普钢,江西,19961225,600782.SH,20090227,5.36,5.45,5.13,5.33,5.46,-0.13,-2.381,104749.12,55348.171,3.3621,11.054,0.81,29.4821,8.2804,0.9231,0.9768,0.2676,1.5009,1.5009,139342.9509,31156.205,9476.1644,742697.9283,166062.5727,,,4.976
600782,新钢股份,普钢,江西,19961225,600782.SH,20090226,5.79,5.9,5.41,5.46,5.81,-0.35,-6.0241,103740.32,59378.442,3.3297,10.9475,0.74,30.2012,8.4824,0.9456,1.0006,0.2741,1.4652,1.4652,139342.9509,31156.205,9476.1644,760812.5119,170112.8793,,,4.976
600782,新钢股份,普钢,江西,19961225,600782.SH,20090225,5.87,5.95,5.64,5.81,5.81,0.0,0.0,115690.24,66818.567,3.7132,12.2086,0.69,32.1372,9.0261,1.0062,1.0648,0.2917,1.3769,1.3769,139342.9509,31156.205,9476.1644,809582.5447,181017.5511,,,4.976
600782,新钢股份,普钢,江西,19961225,600782.SH,20090224,6.17,6.22,5.8,5.81,6.22,-0.41,-6.5916,154753.29,92804.594,4.967,16.3308,0.8,32.1372,9.0261,1.0062,1.0648,0.2917,1.3769,1.3769,139342.9509,31156.205,9476.1644,809582.5447,181017.5511,,,4.976
600782,新钢股份,普钢,江西,19961225,600782.SH,20090223,5.97,6.23,5.94,6.22,6.04,0.18,2.9801,152244.87,92755.142,4.8865,16.0661,0.65,34.405,9.6631,1.0772,1.1399,0.3123,1.2862,1.2862,139342.9509,31156.205,9476.1644,866713.1546,193791.5951,,,4.976
600782,新钢股份,普钢,江西,19961225,600782.SH,20090220,5.92,6.04,5.81,6.04,5.86,0.18,3.0717,119269.64,70840.42,3.8281,12.5863,0.46,33.4094,9.3834,1.0461,1.1069,0.3032,1.3245,1.3245,139342.9509,31156.205,9476.1644,841631.4234,188183.4782,,,4.976
600782,新钢股份,普钢,江西,19961225,600782.SH,20090219,5.78,6.0,5.77,5.86,5.71,0.15,2.627,161706.48,94907.027,5.1902,17.0645,0.59,32.4137,9.1038,1.0149,1.0739,0.2942,1.3652,1.3652,139342.9509,31156.205,9476.1644,816549.6923,182575.3613,,,4.976
600782,新钢股份,普钢,江西,19961225,600782.SH,20090218,6.15,6.15,5.7,5.71,6.22,-0.51,-8.1994,248944.13,146285.404,7.9902,26.2706,0.88,31.584,8.8707,0.9889,1.0465,0.2867,1.4011,1.4011,139342.9509,31156.205,9476.1644,795648.2496,177901.9306,,,4.976
600782,新钢股份,普钢,江西,19961225,600782.SH,20090217,6.7,6.7,6.2,6.22,6.73,-0.51,-7.578,284249.93,182277.963,9.1234,29.9963,1.03,34.405,9.6631,1.0772,1.1399,0.3123,1.2862,1.2862,139342.9509,31156.205,9476.1644,866713.1546,193791.5951,,,4.976
600782,新钢股份,普钢,江西,19961225,600782.SH,20090216,6.19,6.75,6.19,6.73,6.15,0.58,9.4309,355265.97,226824.272,11.4027,37.4905,1.4,37.226,10.4554,1.1656,1.2334,0.3379,1.1887,1.1887,139342.9509,31156.205,9476.1644,937778.0596,209681.2597,,,4.976
600782,新钢股份,普钢,江西,19961225,600782.SH,20090213,5.96,6.2,5.87,6.15,6.0,0.15,2.5,248909.71,149774.201,7.9891,26.2669,0.97,34.0178,9.5543,1.0651,1.1271,0.3088,1.3008,1.3008,139342.9509,31156.205,9476.1644,856959.148,191610.6608,,,4.976
600782,新钢股份,普钢,江西,19961225,600782.SH,20090212,6.05,6.16,5.72,6.0,5.99,0.01,0.1669,233849.42,139456.263,7.5057,24.6776,0.9,33.1881,9.3213,1.0391,1.0996,0.3012,1.3333,1.3333,139342.9509,31156.205,9476.1644,836057.7054,186937.23,,,4.976
600782,新钢股份,普钢,江西,19961225,600782.SH,20090211,5.61,6.08,5.55,5.99,5.71,0.28,4.9037,291908.08,170710.058,9.3692,30.8045,1.21,33.1328,9.3057,1.0374,1.0978,0.3007,1.3356,1.3356,139342.9509,31156.205,9476.1644,834664.2759,186625.668,,,4.976
600782,新钢股份,普钢,江西,19961225,600782.SH,20090210,5.61,5.72,5.43,5.71,5.6,0.11,1.9643,245203.22,137120.813,7.8701,25.8758,1.11,31.584,8.8707,0.9889,1.0465,0.2867,1.4011,1.4011,139342.9509,31156.205,9476.1644,795648.2496,177901.9306,,,4.976
600782,新钢股份,普钢,江西,19961225,600782.SH,20090209,5.5,5.61,5.4,5.6,5.35,0.25,4.6729,252307.27,139326.833,8.0981,26.6255,1.33,30.9756,8.6999,0.9699,1.0263,0.2811,1.4286,1.4286,139342.9509,31156.205,9476.1644,780320.525,174474.748,,,4.976
600782,新钢股份,普钢,江西,19961225,600782.SH,20090206,5.18,5.36,5.13,5.35,5.13,0.22,4.2885,265169.25,138756.273,8.511,27.9828,1.65,29.5927,8.3115,0.9266,0.9805,0.2686,1.4953,1.4953,139342.9509,31156.205,9476.1644,745484.7873,166685.6968,,,4.976
600782,新钢股份,普钢,江西,19961225,600782.SH,20090205,5.29,5.48,5.09,5.13,5.25,-0.12,-2.2857,243252.4,129374.828,7.8075,25.6699,1.94,28.3758,7.9697,0.8885,0.9402,0.2575,1.5595,1.5595,139342.9509,31156.205,9476.1644,714829.3381,159831.3317,,,4.976
600782,新钢股份,普钢,江西,19961225,600782.SH,20090204,5.05,5.25,5.01,5.25,5.02,0.23,4.5817,197169.62,101629.888,6.3284,20.8069,1.86,29.0396,8.1561,0.9092,0.9622,0.2636,1.5238,1.5238,139342.9509,31156.205,9476.1644,731550.4922,163570.0763,,,4.976
600782,新钢股份,普钢,江西,19961225,600782.SH,20090203,4.94,5.05,4.79,5.02,4.95,0.07,1.4141,142367.65,70503.805,4.5695,15.0238,1.47,27.7674,7.7988,0.8694,0.92,0.252,1.5936,1.5936,139342.9509,31156.205,9476.1644,699501.6135,156404.1491,,,4.976
600782,新钢股份,普钢,江西,19961225,600782.SH,20090202,4.85,4.97,4.82,4.95,4.82,0.13,2.6971,101596.19,49940.927,3.2609,10.7212,1.03,27.3802,7.69,0.8573,0.9072,0.2485,1.6162,1.6162,139342.9509,31156.205,9476.1644,689747.607,154223.2148,,,4.976
600782,新钢股份,普钢,江西,19961225,600782.SH,20090123,4.7,4.84,4.69,4.82,4.66,0.16,3.4335,119270.26,56928.918,3.8281,12.5863,1.27,26.6611,7.4881,0.8348,0.8833,0.242,1.6598,1.6598,139342.9509,31156.205,9476.1644,671633.0233,150172.9081,,,4.976
600782,新钢股份,普钢,江西,19961225,600782.SH,20090121,4.67,4.75,4.6,4.66,4.74,-0.08,-1.6878,66209.44,31042.914,2.1251,6.9869,0.66,25.7761,7.2395,0.8071,0.854,0.2339,1.7167,1.7167,139342.9509,31156.205,9476.1644,649338.1512,145187.9153,,,4.976
600782,新钢股份,普钢,江西,19961225,600782.SH,20090120,4.67,4.78,4.63,4.74,4.69,0.05,1.0661,101437.03,47758.091,3.2558,10.7044,1.05,26.2186,7.3638,0.8209,0.8687,0.238,1.6878,1.6878,139342.9509,31156.205,9476.1644,660485.5873,147680.4117,,,4.976
600782,新钢股份,普钢,江西,19961225,600782.SH,20090119,4.67,4.77,4.61,4.69,4.59,0.1,2.1786,95460.97,44886.355,3.0639,10.0738,1.05,25.942,7.2861,0.8123,0.8595,0.2355,1.7058,1.7058,139342.9509,31156.205,9476.1644,653518.4397,146122.6015,,,4.976
600782,新钢股份,普钢,江西,19961225,600782.SH,20090116,4.59,4.72,4.58,4.59,4.57,0.02,0.4376,110102.46,51380.154,3.5339,11.6189,1.38,25.3889,7.1308,0.7949,0.8412,0.2304,1.7429,1.7429,139342.9509,31156.205,9476.1644,639584.1446,143006.981,,,4.931
600782,新钢股份,普钢,江西,19961225,600782.SH,20090115,4.59,4.68,4.54,4.57,4.62,-0.05,-1.0823,96320.49,44332.748,3.0915,10.1645,1.29,25.2783,7.0997,0.7915,0.8375,0.2294,1.7505,1.7505,139342.9509,31156.205,9476.1644,636797.2856,142383.8569,,,4.931
600782,新钢股份,普钢,江西,19961225,600782.SH,20090114,4.47,4.63,4.42,4.62,4.44,0.18,4.0541,97581.88,44188.151,3.132,10.2976,1.3,25.5549,7.1774,0.8001,0.8467,0.2319,1.7316,1.7316,139342.9509,31156.205,9476.1644,643764.4332,143941.6671,,,4.931
600782,新钢股份,普钢,江西,19961225,600782.SH,20090113,4.38,4.54,4.35,4.44,4.41,0.03,0.6803,82493.0,36920.93,2.6477,8.7053,1.05,24.5592,6.8977,0.769,0.8137,0.2229,1.8018,1.8018,139342.9509,31156.205,9476.1644,618682.702,138333.5502,,,4.931
600782,新钢股份,普钢,江西,19961225,600782.SH,20090112,4.38,4.51,4.35,4.41,4.34,0.07,1.6129,68237.33,30251.928,2.1902,7.2009,0.89,24.3933,6.8511,0.7638,0.8082,0.2214,1.8141,1.8141,139342.9509,31156.205,9476.1644,614502.4135,137398.8641,,,4.931
600782,新钢股份,普钢,江西,19961225,600782.SH,20090109,4.24,4.34,4.22,4.34,4.23,0.11,2.6005,54583.42,23487.098,1.7519,5.7601,0.75,24.0061,6.7424,0.7516,0.7954,0.2179,1.8433,1.8433,139342.9509,31156.205,9476.1644,604748.4069,135217.9297,,,4.931
600782,新钢股份,普钢,江西,19961225,600782.SH,20090108,4.31,4.37,4.18,4.23,4.43,-0.2,-4.5147,71360.82,30453.539,2.2904,7.5306,1.04,23.3976,6.5715,0.7326,0.7752,0.2124,1.8913,1.8913,139342.9509,31156.205,9476.1644,589420.6823,131790.7472,,,4.931
600782,新钢股份,普钢,江西,19961225,600782.SH,20090107,4.54,4.61,4.41,4.43,4.52,-0.09,-1.9912,98685.5,44170.426,3.1674,10.4141,1.64,24.5039,6.8822,0.7672,0.8119,0.2224,1.8059,1.8059,139342.9509,31156.205,9476.1644,617289.2725,138021.9882,,,4.931
600782,新钢股份,普钢,江西,19961225,600782.SH,20090106,4.27,4.54,4.24,4.52,4.3,0.22,5.1163,100147.38,44067.751,3.2144,10.5683,2.1,25.0017,7.022,0.7828,0.8284,0.2269,1.7699,1.7699,139342.9509,31156.205,9476.1644,629830.1381,140826.0466,,,4.931
600782,新钢股份,普钢,江西,19961225,600782.SH,20090105,4.13,4.35,4.13,4.3,4.04,0.26,6.4356,57271.33,24397.058,1.8382,6.0437,1.17,23.7848,6.6802,0.7447,0.788,0.2159,1.8605,1.8605,139342.9509,31156.205,9476.1644,599174.6889,133971.6815,,,4.931
600782,新钢股份,普钢,江西,19961225,600782.SH,20081231,4.15,4.2,4.02,4.04,4.16,-0.12,-2.88,36448.33,15044.55,1.1699,3.8463,0.56,22.3467,6.2763,0.6997,0.7404,0.2028,0.4771,1.9802,139342.9509,31156.205,9476.1644,562945.5216,125871.0682,,,4.931
600782,新钢股份,普钢,江西,19961225,600782.SH,20081230,4.28,4.36,4.13,4.16,4.28,-0.12,-2.8,48942.71,20633.285,1.5709,5.1648,0.56,23.0104,6.4627,0.7205,0.7624,0.2088,0.4633,1.9231,139342.9509,31156.205,9476.1644,579666.6757,129609.8128,,,4.931
600782,新钢股份,普钢,江西,19961225,600782.SH,20081229,4.31,4.35,4.12,4.28,4.38,-0.1,-2.28,58015.59,24461.358,1.8621,6.1223,0.45,23.6742,6.6492,0.7413,0.7844,0.2149,0.4503,1.8692,139342.9509,31156.205,9476.1644,596387.8299,133348.5574,,,4.931
600782,新钢股份,普钢,江西,19961225,600782.SH,20081226,4.42,4.47,4.35,4.38,4.42,-0.04,-0.91,38268.94,16879.433,1.2283,4.0384,0.22,24.2273,6.8045,0.7586,0.8027,0.2199,0.4401,1.8265,139342.9509,31156.205,9476.1644,610322.1249,136464.1779,,,4.931
600782,新钢股份,普钢,江西,19961225,600782.SH,20081225,4.5,4.58,4.37,4.42,4.5,-0.08,-1.78,62848.22,27946.005,2.0172,6.6322,0.36,24.4486,6.8667,0.7655,0.81,0.2219,0.4361,1.81,139342.9509,31156.205,9476.1644,615895.843,137710.4261,,,4.931
600782,新钢股份,普钢,江西,19961225,600782.SH,20081224,4.5,4.61,4.39,4.5,4.65,-0.15,-3.23,114760.94,51524.118,3.6834,12.1105,0.67,24.8911,6.991,0.7794,0.8247,0.2259,0.4283,1.7778,139342.9509,31156.205,9476.1644,627043.2791,140202.9225,,,4.931
600782,新钢股份,普钢,江西,19961225,600782.SH,20081223,5.0,5.02,4.54,4.65,5.03,-0.38,-7.55,165581.27,78514.847,5.3146,17.4734,1.06,25.7208,7.224,0.8053,0.8522,0.2334,0.4145,1.7204,139342.9509,31156.205,9476.1644,647944.7217,144876.3533,,,4.931
600782,新钢股份,普钢,江西,19961225,600782.SH,20081222,5.22,5.3,5.0,5.03,5.16,-0.13,-2.52,261666.55,133935.852,8.3985,27.6131,2.2,27.8227,7.8143,0.8711,0.9218,0.2525,0.3832,1.5905,139342.9509,31156.205,9476.1644,700895.043,156715.7112,,,4.931
600782,新钢股份,普钢,江西,19961225,600782.SH,20081219,4.76,5.23,4.72,5.16,4.76,0.4,8.4,252967.26,127169.226,8.1193,26.6951,2.73,28.5418,8.0163,0.8937,0.9457,0.2591,0.3735,1.5504,139342.9509,31156.205,9476.1644,719009.6266,160766.0178,,,4.931
600782,新钢股份,普钢,江西,19961225,600782.SH,20081218,4.68,4.77,4.6,4.76,4.68,0.08,1.71,66195.03,31009.311,2.1246,6.9854,0.64,26.3292,7.3949,0.8244,0.8724,0.239,0.4049,1.6807,139342.9509,31156.205,9476.1644,663272.4463,148303.5358,,,4.931
600782,新钢股份,普钢,江西,19961225,600782.SH,20081217,4.65,4.85,4.61,4.68,4.61,0.07,1.52,114703.57,54424.342,3.6816,12.1044,1.03,25.8867,7.2706,0.8105,0.8577,0.235,0.4118,1.7094,139342.9509,31156.205,9476.1644,652125.0102,145811.0394,,,4.931
600782,新钢股份,普钢,江西,19961225,600782.SH,20081216,4.52,4.62,4.35,4.61,4.58,0.03,0.66,81874.12,36746.286,2.6279,8.64,0.62,25.4995,7.1618,0.7984,0.8449,0.2314,0.4181,1.7354,139342.9509,31156.205,9476.1644,642371.0036,143630.1051,,,4.931
600782,新钢股份,普钢,江西,19961225,600782.SH,20081215,4.59,4.65,4.45,4.58,4.51,0.07,1.55,78931.28,35955.473,2.5334,8.3295,0.5,25.3336,7.1152,0.7932,0.8394,0.2299,0.4208,1.7467,139342.9509,31156.205,9476.1644,638190.7151,142695.4189,,,4.931
600782,新钢股份,普钢,江西,19961225,600782.SH,20081212,4.85,4.87,4.42,4.51,4.9,-0.39,-7.96,121627.18,56268.358,3.9038,12.8351,0.72,24.9464,7.0065,0.7811,0.8265,0.2264,0.4274,1.7738,139342.9509,31156.205,9476.1644,628436.7086,140514.4846,,,4.931
600782,新钢股份,普钢,江西,19961225,600782.SH,20081211,5.15,5.15,4.87,4.9,5.16,-0.26,-5.04,123534.0,61967.151,3.965,13.0363,0.69,27.1036,7.6124,0.8486,0.898,0.246,0.3934,1.6327,139342.9509,31156.205,9476.1644,682780.4594,152665.4045,,,4.931
600782,新钢股份,普钢,江西,19961225,600782.SH,20081210,5.13,5.18,4.91,5.16,5.18,-0.02,-0.39,149791.24,75960.405,4.8077,15.8072,0.88,28.5418,8.0163,0.8937,0.9457,0.2591,0.3735,1.5504,139342.9509,31156.205,9476.1644,719009.6266,160766.0178,,,4.931
600782,新钢股份,普钢,江西,19961225,600782.SH,20081209,5.38,5.5,5.16,5.18,5.34,-0.16,-3.0,185656.4,98571.583,5.9589,19.5919,1.29,28.6524,8.0474,0.8971,0.9493,0.2601,0.3721,1.5444,139342.9509,31156.205,9476.1644,721796.4857,161389.1419,,,4.931
600782,新钢股份,普钢,江西,19961225,600782.SH,20081208,5.28,5.35,5.15,5.34,5.19,0.15,2.89,208709.78,109407.937,6.6988,22.0247,1.86,29.5374,8.2959,0.9248,0.9786,0.2681,0.3609,1.4981,139342.9509,31156.205,9476.1644,744091.3578,166374.1347,,,4.931
600782,新钢股份,普钢,江西,19961225,600782.SH,20081205,5.0,5.26,4.95,5.19,5.04,0.15,2.98,172366.26,88589.901,5.5323,18.1895,1.98,28.7077,8.0629,0.8989,0.9512,0.2606,0.3714,1.5414,139342.9509,31156.205,9476.1644,723189.9152,161700.704,,,4.931
600782,新钢股份,普钢,江西,19961225,600782.SH,20081204,4.98,5.37,4.88,5.04,4.88,0.16,3.28,177074.26,90076.738,5.6834,18.6863,2.61,27.878,7.8299,0.8729,0.9237,0.253,0.3824,1.5873,139342.9509,31156.205,9476.1644,702288.4725,157027.2732,,,4.931
600782,新钢股份,普钢,江西,19961225,600782.SH,20081203,4.58,4.88,4.58,4.88,4.55,0.33,7.25,104174.64,49567.429,3.3436,10.9933,1.79,26.993,7.5813,0.8452,0.8943,0.245,0.395,1.6393,139342.9509,31156.205,9476.1644,679993.6004,152042.2804,,,4.931
600782,新钢股份,普钢,江西,19961225,600782.SH,20081202,4.5,4.65,4.4,4.55,4.64,-0.09,-1.94,56399.92,25554.424,5.0555,5.9518,1.08,25.1677,7.0686,0.788,0.8339,0.2284,0.4236,1.7582,139342.9509,11156.205,9476.1644,634010.4266,50760.7328,,,4.931
600782,新钢股份,普钢,江西,19961225,600782.SH,20081201,4.71,4.71,4.32,4.64,4.71,-0.07,-1.49,52350.43,23696.278,4.6925,5.5244,1.08,25.6655,7.2085,0.8036,0.8504,0.2329,0.4154,1.7241,139342.9509,11156.205,9476.1644,646551.2922,51764.7912,,,4.931
600782,新钢股份,普钢,江西,19961225,600782.SH,20081128,4.69,4.95,4.63,4.71,4.8,-0.09,-1.88,44363.29,21115.242,3.9766,4.6816,0.88,26.0527,7.3172,0.8157,0.8632,0.2365,0.4092,1.6985,139342.9509,11156.205,9476.1644,656305.2987,52545.7256,,,4.931
600782,新钢股份,普钢,江西,19961225,600782.SH,20081127,5.17,5.17,4.78,4.8,4.7,0.1,2.13,81629.07,40622.993,7.3169,8.6141,1.8,26.5505,7.457,0.8313,0.8797,0.241,0.4016,1.6667,139342.9509,11156.205,9476.1644,668846.1643,53549.784,,,4.931
600782,新钢股份,普钢,江西,19961225,600782.SH,20081126,4.4,4.86,4.38,4.7,4.43,0.27,6.09,55535.74,25982.569,4.978,5.8606,1.19,25.9974,7.3017,0.814,0.8614,0.236,0.4101,1.7021,139342.9509,11156.205,9476.1644,654911.8692,52434.1635,,,4.931
600782,新钢股份,普钢,江西,19961225,600782.SH,20081125,4.44,4.45,4.3,4.43,4.31,0.12,2.78,26738.33,11687.052,2.3967,2.8216,0.45,24.5039,6.8822,0.7672,0.8119,0.2224,0.4351,1.8059,139342.9509,11156.205,9476.1644,617289.2725,49421.9882,,,4.931
600782,新钢股份,普钢,江西,19961225,600782.SH,20081124,4.63,4.75,4.3,4.31,4.7,-0.39,-8.3,33133.19,14942.469,2.9699,3.4965,0.47,23.8401,6.6958,0.7464,0.7899,0.2164,0.4472,1.8561,139342.9509,11156.205,9476.1644,600568.1184,48083.2436,,,4.931
600782,新钢股份,普钢,江西,19961225,600782.SH,20081121,4.7,4.88,4.4,4.7,4.79,-0.09,-1.88,55173.52,25564.085,4.9455,5.8223,0.72,25.9974,7.3017,0.814,0.8614,0.236,0.4101,1.7021,139342.9509,11156.205,9476.1644,654911.8692,52434.1635,,,4.931
600782,新钢股份,普钢,江西,19961225,600782.SH,20081120,4.89,5.05,4.71,4.79,5.02,-0.23,-4.58,56027.22,27227.645,5.0221,5.9124,0.68,26.4952,7.4415,0.8296,0.8779,0.2405,0.4024,1.6701,139342.9509,11156.205,9476.1644,667452.7348,53438.222,,,4.931
600782,新钢股份,普钢,江西,19961225,600782.SH,20081119,4.52,5.05,4.46,5.02,4.64,0.38,8.19,61402.98,29059.705,5.5039,6.4797,0.76,27.7674,7.7988,0.8694,0.92,0.252,0.384,1.5936,139342.9509,11156.205,9476.1644,699501.6135,56004.1491,,,4.931
600782,新钢股份,普钢,江西,19961225,600782.SH,20081118,5.15,5.33,4.64,4.64,5.15,-0.51,-9.9,90894.84,44955.061,8.1475,9.5919,1.1,25.6655,7.2085,0.8036,0.8504,0.2329,0.4154,1.7241,139342.9509,11156.205,9476.1644,646551.2922,51764.7912,,,4.931
600782,新钢股份,普钢,江西,19961225,600782.SH,20081117,4.66,5.15,4.56,5.15,4.68,0.47,10.04,89433.21,42781.435,8.0165,9.4377,1.09,28.4865,8.0008,0.8919,0.9438,0.2585,0.3743,1.5534,139342.9509,11156.205,9476.1644,717616.1971,57454.4558,,,4.931
600782,新钢股份,普钢,江西,19961225,600782.SH,20081114,4.61,4.73,4.46,4.68,4.6,0.08,1.74,83672.88,38473.814,7.5001,8.8298,1.05,25.8867,7.2706,0.8105,0.8577,0.235,0.4118,1.7094,139342.9509,11156.205,9476.1644,652125.0102,52211.0394,,,4.931
600782,新钢股份,普钢,江西,19961225,600782.SH,20081113,4.39,4.67,4.23,4.6,4.36,0.24,5.5,88469.73,39600.098,7.9301,9.336,1.06,25.4442,7.1463,0.7967,0.843,0.2309,0.419,1.7391,139342.9509,11156.205,9476.1644,640977.5741,51318.543,,,4.931
600782,新钢股份,普钢,江西,19961225,600782.SH,20081112,4.2,4.4,4.1,4.36,4.23,0.13,3.07,52513.72,22326.487,4.7071,5.5417,0.61,24.1167,6.7735,0.7551,0.799,0.2189,0.4421,1.8349,139342.9509,11156.205,9476.1644,607535.2659,48641.0538,,,4.931
600782,新钢股份,普钢,江西,19961225,600782.SH,20081111,4.23,4.48,4.15,4.23,4.21,0.02,0.48,99576.47,43067.127,8.9257,10.5081,1.47,23.3976,6.5715,0.7326,0.7752,0.2124,0.4557,1.8913,139342.9509,11156.205,9476.1644,589420.6823,47190.7472,,,4.931
600782,新钢股份,普钢,江西,19961225,600782.SH,20081110,3.9,4.21,3.9,4.21,3.83,0.38,9.92,86255.75,35429.099,7.7316,9.1024,1.64,23.287,6.5404,0.7291,0.7716,0.2114,0.4578,1.9002,139342.9509,11156.205,9476.1644,586633.8233,46967.6231,,,4.931
600782,新钢股份,普钢,江西,19961225,600782.SH,20081107,3.7,3.88,3.68,3.83,3.86,-0.03,-0.78,71446.25,26958.519,6.4042,7.5396,1.72,21.1851,5.9501,0.6633,0.7019,0.1923,0.5033,2.0888,139342.9509,11156.205,9476.1644,533683.5019,42728.2652,,,4.931
600782,新钢股份,普钢,江西,19961225,600782.SH,20081106,3.63,3.98,3.57,3.86,3.63,0.23,6.34,106199.25,39772.481,9.5193,11.207,4.29,21.351,5.9967,0.6685,0.7074,0.1938,0.4993,2.0725,139342.9509,11156.205,9476.1644,537863.7905,43062.9513,,,4.931
600782,新钢股份,普钢,江西,19961225,600782.SH,20081105,3.36,3.63,3.34,3.63,3.3,0.33,10.0,65897.08,23702.204,5.9068,6.954,3.85,20.0788,5.6394,0.6287,0.6653,0.1822,0.531,2.2039,139342.9509,11156.205,9476.1644,505814.9118,40497.0242,,,4.931
600782,新钢股份,普钢,江西,19961225,600782.SH,20081104,3.36,3.41,3.26,3.3,3.35,-0.05,-1.49,8324.45,2761.335,0.7462,0.8785,0.41,18.2535,5.1267,0.5715,0.6048,0.1657,0.5841,2.4242,139342.9509,11156.205,9476.1644,459831.738,36815.4765,,,4.931
600782,新钢股份,普钢,江西,19961225,600782.SH,20081103,3.38,3.44,3.32,3.35,3.38,-0.03,-0.89,10343.38,3507.971,0.9271,1.0915,0.43,18.53,5.2044,0.5802,0.6139,0.1682,0.5754,2.3881,139342.9509,11156.205,9476.1644,466798.8855,37373.2868,,,4.931
600782,新钢股份,普钢,江西,19961225,600782.SH,20081031,3.53,3.53,3.37,3.38,3.54,-0.16,-4.52,17102.53,5887.298,1.533,1.8048,0.65,18.696,5.251,0.5854,0.6194,0.1697,0.5703,2.3669,139342.9509,11156.205,9476.1644,470979.174,37707.9729,,,4.931
600782,新钢股份,普钢,江西,19961225,600782.SH,20081030,3.54,3.59,3.42,3.54,3.5,0.04,1.14,22133.51,7793.203,1.984,2.3357,0.76,19.581,5.4996,0.6131,0.6488,0.1777,0.5445,2.2599,139342.9509,11156.205,9476.1644,493274.0462,39492.9657,,,4.931
600782,新钢股份,普钢,江西,19961225,600782.SH,20081029,3.68,3.71,3.49,3.5,3.6,-0.1,-2.78,27675.75,10038.84,2.4807,2.9206,0.86,19.3597,5.4374,0.6062,0.6414,0.1757,0.5507,2.2857,139342.9509,11156.205,9476.1644,487700.3282,39046.7175,,,4.931
600782,新钢股份,普钢,江西,19961225,600782.SH,20081028,3.58,3.66,3.39,3.6,3.59,0.01,0.28,25237.01,8890.017,2.2622,2.6632,0.76,19.9129,5.5928,0.6235,0.6598,0.1807,0.5354,2.2222,139342.9509,11156.205,9476.1644,501634.6232,40162.338,,,4.931
600782,新钢股份,普钢,江西,19961225,600782.SH,20081027,3.91,3.94,3.59,3.59,3.99,-0.4,-10.03,27697.9,10249.445,2.4827,2.9229,0.9,19.8576,5.5772,0.6217,0.6579,0.1802,0.5369,2.2284,139342.9509,11156.205,9476.1644,500241.1937,40050.776,,,4.931
600782,新钢股份,普钢,江西,19961225,600782.SH,20081024,3.92,4.05,3.88,3.99,3.95,0.04,1.01,29340.15,11605.582,2.6299,3.0962,1.08,22.0701,7.9287,0.7578,0.7312,0.2654,0.4831,2.005,139342.9509,11156.205,9476.1644,555978.3741,44513.258,,,4.931
600782,新钢股份,普钢,江西,19961225,600782.SH,20081023,3.87,4.0,3.86,3.95,4.02,-0.07,-1.74,35140.02,13787.976,3.7083,3.7083,1.62,21.8488,7.8492,0.7502,0.7239,0.2628,0.488,2.0253,139342.9509,9476.1644,9476.1644,550404.6561,37430.8494,,,4.931
600782,新钢股份,普钢,江西,19961225,600782.SH,20081022,3.79,4.03,3.7,4.02,3.86,0.16,4.15,42721.84,16397.194,4.5083,4.5083,2.7,22.236,7.9883,0.7635,0.7367,0.2674,0.4795,1.99,139342.9509,9476.1644,9476.1644,560158.6626,38094.1809,,,4.931
600782,新钢股份,普钢,江西,19961225,600782.SH,20081021,3.9,4.07,3.79,3.86,3.92,-0.06,-1.53,30151.59,11776.627,3.1818,3.1818,2.53,21.351,7.6704,0.7331,0.7074,0.2568,0.4993,2.0725,139342.9509,9476.1644,9476.1644,537863.7905,36577.9946,,,4.931
600782,新钢股份,普钢,江西,19961225,600782.SH,20081020,3.87,3.94,3.65,3.92,3.81,0.11,2.89,16166.55,6120.788,1.706,1.706,1.46,21.6829,7.7896,0.7445,0.7184,0.2608,0.4917,2.0408,139342.9509,9476.1644,9476.1644,546224.3675,37146.5644,,,4.931
600782,新钢股份,普钢,江西,19961225,600782.SH,20081017,3.84,3.96,3.78,3.81,3.79,0.02,0.53,11719.1,4501.432,1.2367,1.2367,1.14,21.0745,7.571,0.7236,0.6982,0.2534,0.5059,2.0997,139342.9509,9476.1644,9476.1644,530896.6429,36104.1864,,,4.931
600782,新钢股份,普钢,江西,19961225,600782.SH,20081016,4.04,4.04,3.78,3.79,4.15,-0.36,-8.67,7832.0,3070.38,0.8265,0.8265,0.77,20.9638,7.5313,0.7198,0.6946,0.2521,0.5086,2.1108,139342.9509,9476.1644,9476.1644,528109.7839,35914.6631,,,4.931
600782,新钢股份,普钢,江西,19961225,600782.SH,20081015,4.1,4.17,3.99,4.15,4.19,-0.04,-0.95,13270.76,5367.02,1.4004,1.4004,1.6,22.9551,8.2467,0.7882,0.7606,0.2761,0.4644,1.9277,139342.9509,9476.1644,9476.1644,578273.2462,39326.0823,,,4.931
600782,新钢股份,普钢,江西,19961225,600782.SH,20081014,4.47,4.57,4.15,4.19,4.4,-0.21,-4.77,10483.26,4608.208,1.1063,1.1063,1.42,23.1764,8.3262,0.7958,0.7679,0.2787,0.46,1.9093,139342.9509,9476.1644,9476.1644,583846.9643,39705.1288,,,4.931
600782,新钢股份,普钢,江西,19961225,600782.SH,20081013,4.21,4.45,4.06,4.4,4.43,-0.03,-0.68,12180.74,5147.62,1.2854,1.2854,1.8,24.338,8.7435,0.8357,0.8064,0.2927,0.4381,1.8182,139342.9509,9476.1644,9476.1644,613108.984,41695.1234,,,4.931
600782,新钢股份,普钢,江西,19961225,600782.SH,20081010,4.6,4.64,4.4,4.43,4.87,-0.44,-9.03,7685.22,3470.92,0.811,0.811,0.86,24.5039,8.8031,0.8414,0.8119,0.2947,0.4351,1.8059,139342.9509,9476.1644,9476.1644,617289.2725,41979.4083,,,4.931
600782,新钢股份,普钢,江西,19961225,600782.SH,20081009,5.19,5.19,4.87,4.87,4.96,-0.09,-1.81,7261.98,3607.891,0.7663,0.7663,0.68,26.9377,9.6774,0.925,0.8925,0.324,0.3958,1.6427,139342.9509,9476.1644,9476.1644,678600.1709,46148.9206,6.0,4.91,4.931
600782,新钢股份,普钢,江西,19961225,600782.SH,20081008,5.03,5.03,4.91,4.96,5.06,-0.1,-1.98,3987.31,1977.956,0.4208,0.4208,0.35,27.4355,9.8563,0.9421,0.909,0.3299,0.3886,1.6129,139342.9509,9476.1644,9476.1644,691141.0365,47001.7754,,,4.931
600782,新钢股份,普钢,江西,19961225,600782.SH,20081007,4.97,5.14,4.86,5.06,5.16,-0.1,-1.94,5678.24,2847.979,0.5992,0.5992,0.44,27.9886,10.055,0.9611,0.9273,0.3366,0.3809,1.581,139342.9509,9476.1644,9476.1644,705075.3316,47949.3919,,,4.931
600782,新钢股份,普钢,江西,19961225,600782.SH,20081006,5.5,5.5,5.16,5.16,5.54,-0.38,-6.86,9160.24,4799.263,0.9667,0.9667,0.57,28.5418,10.2537,0.9801,0.9457,0.3432,0.3735,1.5504,139342.9509,9476.1644,9476.1644,719009.6266,48897.0083,,,4.931
600782,新钢股份,普钢,江西,19961225,600782.SH,20080926,5.7,5.71,5.38,5.54,5.64,-0.1,-1.77,18417.78,10139.305,1.9436,1.9436,1.21,30.6437,11.0088,1.0522,1.0153,0.3685,0.3479,1.444,139342.9509,9476.1644,9476.1644,771959.948,52497.9508,,,4.931
600782,新钢股份,普钢,江西,19961225,600782.SH,20080925,5.52,5.73,5.52,5.64,5.49,0.15,2.73,16415.96,9279.163,1.7323,1.7323,1.18,31.1968,11.2075,1.0712,1.0336,0.3752,0.3417,1.4184,139342.9509,9476.1644,9476.1644,785894.2431,53445.5672,,,4.931
600782,新钢股份,普钢,江西,19961225,600782.SH,20080924,5.31,5.5,5.24,5.49,5.45,0.04,0.73,6858.19,3717.824,0.7237,0.7237,0.51,30.3671,10.9095,1.0427,1.0061,0.3652,0.3511,1.4572,139342.9509,9476.1644,9476.1644,764992.8004,52024.1426,,,4.931
600782,新钢股份,普钢,江西,19961225,600782.SH,20080923,5.4,5.8,5.4,5.45,5.74,-0.29,-5.05,13714.74,7631.262,1.4473,1.4473,1.11,30.1459,10.83,1.0351,0.9988,0.3625,0.3537,1.4679,139342.9509,9476.1644,9476.1644,759419.0824,51645.096,,,4.931
600782,新钢股份,普钢,江西,19961225,600782.SH,20080922,6.0,6.1,5.6,5.74,5.58,0.16,2.87,25279.42,14699.098,2.6677,2.6677,3.19,31.75,11.4062,1.0902,1.052,0.3818,0.3358,1.3937,139342.9509,9476.1644,9476.1644,799828.5382,54393.1837,,,4.931
600782,新钢股份,普钢,江西,19961225,600782.SH,20080919,5.57,5.58,5.36,5.58,5.07,0.51,10.06,13796.43,7674.943,1.4559,1.4559,1.94,30.8649,11.0883,1.0598,1.0226,0.3712,0.3454,1.4337,139342.9509,9476.1644,9476.1644,777533.666,52876.9974,,,4.931
600782,新钢股份,普钢,江西,19961225,600782.SH,20080918,5.2,5.2,4.82,5.07,5.36,-0.29,-5.41,10197.3,5052.791,1.0761,1.0761,1.46,28.044,10.0749,0.963,0.9292,0.3373,0.3802,1.5779,139342.9509,9476.1644,9476.1644,706468.7611,48044.1535,,,4.931
600782,新钢股份,普钢,江西,19961225,600782.SH,20080917,5.45,5.45,5.3,5.36,5.36,0.0,0.0,4369.63,2342.497,0.4611,0.4611,0.59,29.6481,10.6511,1.018,0.9823,0.3566,0.3596,1.4925,139342.9509,9476.1644,9476.1644,746878.2168,50792.2412,,,4.931
600782,新钢股份,普钢,江西,19961225,600782.SH,20080916,5.7,5.7,5.35,5.36,5.65,-0.29,-5.13,7875.99,4279.323,0.8311,0.8311,1.12,29.6481,10.6511,1.018,0.9823,0.3566,0.3596,1.4925,139342.9509,9476.1644,9476.1644,746878.2168,50792.2412,,,4.931
600782,新钢股份,普钢,江西,19961225,600782.SH,20080912,5.68,5.73,5.58,5.65,5.68,-0.03,-0.53,3381.14,1910.737,0.3568,0.3568,0.44,31.2521,11.2274,1.0731,1.0355,0.3758,0.3411,1.4159,139342.9509,9476.1644,9476.1644,787287.6726,53540.3289,,,4.931
600782,新钢股份,普钢,江西,19961225,600782.SH,20080911,5.84,5.84,5.6,5.68,5.67,0.01,0.18,9761.9,5582.581,1.0302,1.0302,1.38,31.4181,11.287,1.0788,1.041,0.3778,0.3393,1.4085,139342.9509,9476.1644,9476.1644,791467.9611,53824.6138,6.28,5.14,4.931
600782,新钢股份,普钢,江西,19961225,600782.SH,20080910,5.66,5.8,5.52,5.67,5.64,0.03,0.53,9552.92,5435.953,1.0081,1.0081,1.35,31.3628,11.2671,1.0769,1.0391,0.3772,0.3399,1.4109,139342.9509,9476.1644,9476.1644,790074.5316,53729.8521,6.16,5.04,4.931
600782,新钢股份,普钢,江西,19961225,600782.SH,20080909,5.5,5.65,5.35,5.64,5.41,0.23,4.25,6731.58,3714.592,0.7104,0.7104,1.0,31.1968,11.2075,1.0712,1.0336,0.3752,0.3417,1.4184,139342.9509,9476.1644,9476.1644,785894.2431,53445.5672,,,4.931
600782,新钢股份,普钢,江西,19961225,600782.SH,20080908,5.79,5.85,5.3,5.41,5.79,-0.38,-6.56,5595.7,3124.838,0.5905,0.5905,0.75,29.9246,10.7505,1.0275,0.9915,0.3599,0.3563,1.4787,139342.9509,9476.1644,9476.1644,753845.3644,51266.0494,,,4.931
600782,新钢股份,普钢,江西,19961225,600782.SH,20080905,5.9,5.99,5.78,5.79,6.1,-0.31,-5.08,6647.34,3890.318,0.7015,0.7015,0.77,32.0265,11.5056,1.0997,1.0611,0.3852,0.3329,1.3817,139342.9509,9476.1644,9476.1644,806795.6857,54866.9919,,,4.931
600782,新钢股份,普钢,江西,19961225,600782.SH,20080904,6.0,6.16,5.97,6.1,6.0,0.1,1.67,6926.94,4203.369,0.731,0.731,0.86,33.7413,12.1216,1.1586,1.1179,0.4058,0.316,1.3115,139342.9509,9476.1644,9476.1644,849992.0005,57804.6028,,,4.931
600782,新钢股份,普钢,江西,19961225,600782.SH,20080903,6.17,6.3,5.96,6.0,6.22,-0.22,-3.54,9365.71,5672.777,0.9883,0.9883,1.16,33.1881,11.9229,1.1396,1.0996,0.3991,0.3212,1.3333,139342.9509,9476.1644,9476.1644,836057.7054,56856.9864,,,4.931
600782,新钢股份,普钢,江西,19961225,600782.SH,20080902,6.29,6.36,6.1,6.22,6.39,-0.17,-2.66,5137.77,3191.616,0.5422,0.5422,0.62,34.405,12.3601,1.1814,1.1399,0.4138,0.3099,1.2862,139342.9509,9476.1644,9476.1644,866713.1546,58941.7426,,,4.931
600782,新钢股份,普钢,江西,19961225,600782.SH,20080901,6.34,6.45,6.16,6.39,6.46,-0.07,-1.08,9446.1,5885.049,0.9968,0.9968,1.15,35.3453,12.6979,1.2137,1.1711,0.4251,0.3016,1.252,139342.9509,9476.1644,9476.1644,890401.4563,60552.6905,,,4.931
600782,新钢股份,普钢,江西,19961225,600782.SH,20080829,6.11,6.47,5.92,6.46,6.0,0.46,7.67,12171.34,7670.827,1.2844,1.2844,1.29,35.7325,20.5904,1.2755,1.1839,0.6811,0.2984,1.2384,139342.9509,9476.1644,9476.1644,900155.4628,61216.022,,,4.931
600782,新钢股份,普钢,江西,19961225,600782.SH,20080828,5.91,6.17,5.88,6.0,5.97,0.03,0.5,4167.5,2497.677,0.4398,0.4398,0.39,33.1881,19.1242,1.1847,1.0996,0.6326,0.3212,1.3333,139342.9509,9476.1644,9476.1644,836057.7054,56856.9864,,,4.931
600782,新钢股份,普钢,江西,19961225,600782.SH,20080827,5.84,6.09,5.65,5.97,5.96,0.01,0.17,9549.17,5624.795,1.0077,1.0077,0.83,33.0222,19.0286,1.1788,1.0941,0.6294,0.3229,1.34,139342.9509,9476.1644,9476.1644,831877.4169,56572.7015,,,4.931
600782,新钢股份,普钢,江西,19961225,600782.SH,20080826,6.37,6.37,5.81,5.96,6.38,-0.42,-6.58,6211.46,3729.946,0.6555,0.6555,0.56,32.9669,18.9967,1.1768,1.0923,0.6284,0.3234,1.3423,139342.9509,9476.1644,9476.1644,830483.9874,56477.9398,,,4.931
600782,新钢股份,普钢,江西,19961225,600782.SH,20080825,6.16,6.52,6.16,6.38,6.35,0.03,0.47,8824.97,5633.505,0.9313,0.9313,0.8,35.29,20.3354,1.2597,1.1692,0.6726,0.3021,1.2539,139342.9509,9476.1644,9476.1644,889008.0267,60457.9289,,,4.931
600782,新钢股份,普钢,江西,19961225,600782.SH,20080822,6.6,6.6,6.1,6.35,6.68,-0.33,-4.94,18431.98,11614.399,1.9451,1.9451,1.82,35.1241,20.2398,1.2538,1.1637,0.6695,0.3035,1.2598,139342.9509,9476.1644,9476.1644,884827.7382,60173.6439,,,4.931
600782,新钢股份,普钢,江西,19961225,600782.SH,20080821,7.0,7.12,6.6,6.68,7.12,-0.44,-6.18,9895.5,6820.05,1.0443,1.0443,0.9,36.9494,21.2916,1.3189,1.2242,0.7043,0.2885,1.1976,139342.9509,9476.1644,9476.1644,930810.912,63300.7782,,,4.931
600782,新钢股份,普钢,江西,19961225,600782.SH,20080820,6.46,7.12,6.3,7.12,6.47,0.65,10.05,13880.27,9502.177,1.4648,1.4648,1.15,39.3832,22.694,1.4058,1.3049,0.7507,0.2707,1.1236,139342.9509,9476.1644,9476.1644,992121.8104,67470.2905,,,4.931
600782,新钢股份,普钢,江西,19961225,600782.SH,20080819,6.79,6.9,6.3,6.47,6.5,-0.03,-0.46,4512.71,2919.361,0.4762,0.4762,0.33,35.7879,20.6223,1.2775,1.1857,0.6821,0.2979,1.2365,139342.9509,9476.1644,9476.1644,901548.8923,61310.7837,,,4.931
600782,新钢股份,普钢,江西,19961225,600782.SH,20080818,7.03,7.09,6.4,6.5,7.04,-0.54,-7.67,8235.23,5474.354,0.869,0.869,0.49,35.9538,20.7179,1.2834,1.1912,0.6853,0.2965,1.2308,139342.9509,9476.1644,9476.1644,905729.1809,61595.0686,,,4.931
600782,新钢股份,普钢,江西,19961225,600782.SH,20080815,6.9,7.18,6.9,7.04,6.91,0.13,1.88,13979.1,9883.272,1.4752,1.4752,0.86,38.9407,22.439,1.39,1.2902,0.7422,0.2738,1.1364,139342.9509,9476.1644,9476.1644,980974.3743,66712.1974,,,4.931
600782,新钢股份,普钢,江西,19961225,600782.SH,20080814,7.21,7.24,6.9,6.91,7.3,-0.39,-5.34,14321.19,10074.454,1.5113,1.5113,0.94,38.2216,22.0247,1.3644,1.2664,0.7285,0.2789,1.1577,139342.9509,9476.1644,9476.1644,962859.7907,65480.296,,,4.931
600782,新钢股份,普钢,江西,19961225,600782.SH,20080813,7.3,7.4,6.96,7.3,7.54,-0.24,-3.18,19095.85,13731.68,2.0151,2.0151,1.36,40.3789,23.2678,1.4414,1.3379,0.7696,0.264,1.0959,139342.9509,9476.1644,9476.1644,1017203.5416,69176.0001,,,4.931
600782,新钢股份,普钢,江西,19961225,600782.SH,20080812,7.38,7.68,7.1,7.54,7.36,0.18,2.45,13750.77,10341.422,1.4511,1.4511,1.03,41.7064,24.0327,1.4888,1.3818,0.7949,0.2556,1.061,139342.9509,9476.1644,9476.1644,1050645.8498,71450.2796,,,4.931
600782,新钢股份,普钢,江西,19961225,600782.SH,20080811,7.5,7.62,7.11,7.36,7.41,-0.05,-0.67,22292.63,16493.435,2.3525,2.3525,1.88,40.7108,23.459,1.4532,1.3488,0.776,0.2619,1.087,139342.9509,9476.1644,9476.1644,1025564.1186,69744.57,,,4.931
600782,新钢股份,普钢,江西,19961225,600782.SH,20080808,8.36,8.36,7.41,7.41,8.23,-0.82,-9.96,11664.48,9027.468,1.2309,1.2309,0.84,40.9873,23.6184,1.4631,1.358,0.7812,0.2601,1.0796,139342.9509,9476.1644,9476.1644,1032531.2662,70218.3782,,,4.931
600782,新钢股份,普钢,江西,19961225,600782.SH,20080807,8.2,8.43,8.11,8.23,8.11,0.12,1.48,9119.87,7520.529,0.9624,0.9624,0.61,45.523,26.232,1.625,1.5083,0.8677,0.2342,0.9721,139342.9509,9476.1644,9476.1644,1146792.4859,77988.833,,,4.931
600782,新钢股份,普钢,江西,19961225,600782.SH,20080806,8.28,8.28,8.06,8.11,8.2,-0.09,-1.1,13205.07,10779.577,1.3935,1.3935,0.73,44.8593,25.8495,1.6013,1.4863,0.855,0.2377,0.9864,139342.9509,9476.1644,9476.1644,1130071.3318,76851.6933,,,4.931
600782,新钢股份,普钢,江西,19961225,600782.SH,20080805,8.2,8.5,8.12,8.2,8.35,-0.15,-1.8,10211.34,8380.222,1.0776,1.0776,0.45,45.3571,26.1364,1.6191,1.5028,0.8645,0.2351,0.9756,139342.9509,9476.1644,9476.1644,1142612.1974,77704.5481,,,4.931
600782,新钢股份,普钢,江西,19961225,600782.SH,20080804,8.55,8.7,8.21,8.35,8.7,-0.35,-4.02,15093.54,12794.227,1.5928,1.5928,0.64,46.1868,26.6145,1.6487,1.5303,0.8803,0.2308,0.9581,139342.9509,9476.1644,9476.1644,1163513.64,79125.9727,,,4.931
600782,新钢股份,普钢,江西,19961225,600782.SH,20080801,8.48,8.91,8.01,8.7,8.5,0.2,2.35,21767.47,18358.066,2.2971,2.2971,0.85,48.1228,27.7301,1.7178,1.5944,0.9172,0.2215,0.9195,139342.9509,9476.1644,9476.1644,1212283.6728,82442.6303,,,4.931
600782,新钢股份,普钢,江西,19961225,600782.SH,20080731,8.66,8.66,8.4,8.5,8.53,-0.03,-0.35,14974.21,12708.848,1.5802,1.5802,0.55,47.0165,27.0926,1.6783,1.5578,0.8962,0.2268,0.9412,139342.9509,9476.1644,9476.1644,1184415.0827,80547.3974,,,4.931
600782,新钢股份,普钢,江西,19961225,600782.SH,20080730,8.92,8.95,8.35,8.53,8.8,-0.27,-3.07,28247.05,24105.714,2.9809,2.9809,1.1,47.1824,27.1882,1.6842,1.5633,0.8993,0.226,0.9379,139342.9509,9476.1644,9476.1644,1188595.3712,80831.6823,,,4.931
600782,新钢股份,普钢,江西,19961225,600782.SH,20080729,8.85,9.04,8.72,8.8,8.89,-0.09,-1.01,34047.23,30131.688,3.5929,3.5929,1.34,48.6759,28.0488,1.7375,1.6128,0.9278,0.219,0.9091,139342.9509,9476.1644,9476.1644,1226217.9679,83390.2467,,,4.931
600782,新钢股份,普钢,江西,19961225,600782.SH,20080728,8.82,8.96,8.7,8.89,8.78,0.11,1.25,19458.61,17218.536,2.0534,2.0534,0.76,49.1737,28.3357,1.7553,1.6292,0.9373,0.2168,0.8999,139342.9509,9476.1644,9476.1644,1238758.8335,84243.1015,,,4.931
600782,新钢股份,普钢,江西,19961225,600782.SH,20080725,8.61,9.0,8.53,8.78,8.65,0.13,1.5,31975.22,28139.753,3.3743,3.3743,1.38,48.5653,27.9851,1.7336,1.6091,0.9257,0.2195,0.9112,139342.9509,9476.1644,9476.1644,1223431.1089,83200.7234,,,4.931
600782,新钢股份,普钢,江西,19961225,600782.SH,20080724,8.56,8.76,8.47,8.65,8.53,0.12,1.41,22684.56,19560.564,2.3939,2.3939,0.98,47.8462,27.5707,1.7079,1.5853,0.912,0.2228,0.9249,139342.9509,9476.1644,9476.1644,1205316.5253,81968.8221,,,4.931
600782,新钢股份,普钢,江西,19961225,600782.SH,20080723,8.6,8.7,8.42,8.53,8.58,-0.05,-0.58,20417.21,17449.69,2.1546,2.1546,0.8,47.1824,27.1882,1.6842,1.5633,0.8993,0.226,0.9379,139342.9509,9476.1644,9476.1644,1188595.3712,80831.6823,,,4.931
600782,新钢股份,普钢,江西,19961225,600782.SH,20080722,8.4,8.7,8.3,8.58,8.34,0.24,2.88,32388.89,27712.919,3.4179,3.4179,0.98,47.459,27.3476,1.6941,1.5724,0.9046,0.2246,0.9324,139342.9509,9476.1644,9476.1644,1195562.5187,81305.4906,,,4.931
600782,新钢股份,普钢,江西,19961225,600782.SH,20080721,7.94,8.4,7.78,8.34,7.94,0.4,5.04,20735.94,16938.359,2.1882,2.1882,0.59,46.1315,26.5826,1.6467,1.5285,0.8793,0.2311,0.9592,139342.9509,9476.1644,9476.1644,1162120.2105,79031.2111,,,4.931
600782,新钢股份,普钢,江西,19961225,600782.SH,20080718,7.83,8.04,7.41,7.94,7.69,0.25,3.25,19597.88,15059.487,2.0681,2.0681,0.55,43.9189,25.3077,1.5677,1.4551,0.8371,0.2428,1.0076,139342.9509,9476.1644,9476.1644,1106383.0301,75240.7453,,,4.931
600782,新钢股份,普钢,江西,19961225,600782.SH,20080717,8.27,8.27,7.6,7.69,8.07,-0.38,-4.71,22045.75,17382.61,2.3264,2.3264,0.56,42.5361,24.5108,1.5184,1.4093,0.8108,0.2506,1.0403,139342.9509,9476.1644,9476.1644,1071547.2924,72871.7042,,,4.931
600782,新钢股份,普钢,江西,19961225,600782.SH,20080716,8.6,8.69,7.94,8.07,8.82,-0.75,-8.5,32651.05,26828.386,3.4456,3.4456,0.77,44.638,25.722,1.5934,1.479,0.8508,0.2388,0.9913,139342.9509,9476.1644,9476.1644,1124497.6138,76472.6467,,,4.931
600782,新钢股份,普钢,江西,19961225,600782.SH,20080715,8.65,9.16,8.6,8.82,8.49,0.33,3.89,71053.77,63336.544,7.4982,7.4982,1.88,48.7865,28.1126,1.7415,1.6164,0.9299,0.2185,0.907,139342.9509,9476.1644,9476.1644,1229004.8269,83579.77,,,4.931
600782,新钢股份,普钢,江西,19961225,600782.SH,20080714,8.28,8.5,8.17,8.49,8.32,0.17,2.04,29407.38,24489.357,3.1033,3.1033,0.82,46.9612,27.0607,1.6763,1.5559,0.8951,0.227,0.9423,139342.9509,9476.1644,9476.1644,1183021.6531,80452.6358,,,4.931
600782,新钢股份,普钢,江西,19961225,600782.SH,20080711,8.47,8.65,8.23,8.32,8.65,-0.33,-3.82,24061.44,20111.058,2.5392,2.5392,0.74,46.0209,26.5189,1.6428,1.5248,0.8772,0.2317,0.9615,139342.9509,9476.1644,9476.1644,1159333.3515,78841.6878,,,4.931
600782,新钢股份,普钢,江西,19961225,600782.SH,20080710,8.76,9.0,8.6,8.65,8.88,-0.23,-2.59,39958.03,34973.295,4.2167,4.2167,1.43,47.8462,27.5707,1.7079,1.5853,0.912,0.2228,0.9249,139342.9509,9476.1644,9476.1644,1205316.5253,81968.8221,,,4.931
600782,新钢股份,普钢,江西,19961225,600782.SH,20080709,8.54,8.89,8.43,8.88,8.53,0.35,4.1,48689.51,42262.045,5.1381,5.1381,2.31,49.1184,28.3038,1.7533,1.6274,0.9362,0.2171,0.9009,139342.9509,9476.1644,9476.1644,1237365.404,84148.3399,,,4.931
600782,新钢股份,普钢,江西,19961225,600782.SH,20080708,8.65,8.76,8.16,8.53,8.5,0.03,0.35,46730.93,39074.119,4.9314,4.9314,3.25,47.1824,27.1882,1.6842,1.5633,0.8993,0.226,0.9379,139342.9509,9476.1644,9476.1644,1188595.3712,80831.6823,,,4.931
600782,新钢股份,普钢,江西,19961225,600782.SH,20080707,7.88,8.56,7.88,8.5,7.87,0.63,8.01,18868.3,15688.664,1.9911,1.9911,1.34,47.0165,27.0926,1.6783,1.5578,0.8962,0.2268,0.9412,139342.9509,9476.1644,9476.1644,1184415.0827,80547.3974,,,4.931
600782,新钢股份,普钢,江西,19961225,600782.SH,20080704,8.0,8.13,7.75,7.87,8.0,-0.13,-1.63,8835.41,7025.472,0.9324,0.9324,0.55,43.5317,25.0846,1.5539,1.4423,0.8297,0.2449,1.0165,139342.9509,9476.1644,9476.1644,1096629.0236,74577.4138,,,4.931
600782,新钢股份,普钢,江西,19961225,600782.SH,20080703,7.5,8.15,7.42,8.0,7.74,0.26,3.36,16546.28,13061.114,1.7461,1.7461,0.96,44.2508,25.4989,1.5796,1.4661,0.8434,0.2409,1.0,139342.9509,9476.1644,9476.1644,1114743.6072,75809.3152,,,4.931
600782,新钢股份,普钢,江西,19961225,600782.SH,20080702,7.4,7.75,7.4,7.74,7.52,0.22,2.93,14352.0,10919.666,1.5145,1.5145,0.77,42.8127,24.6702,1.5282,1.4185,0.816,0.249,1.0336,139342.9509,9476.1644,9476.1644,1078514.44,73345.5125,,,4.931
600782,新钢股份,普钢,江西,19961225,600782.SH,20080701,8.05,8.07,7.45,7.52,7.99,-0.47,-5.88,13351.7,10311.962,1.409,1.409,0.76,41.5958,23.969,1.4848,1.3782,0.7928,0.2563,1.0638,139342.9509,9476.1644,9476.1644,1047858.9908,71260.7563,,,4.931
600782,新钢股份,普钢,江西,19961225,600782.SH,20080630,8.45,8.6,7.96,7.99,8.51,-0.52,-6.11,17479.91,14212.156,1.8446,1.8446,1.11,44.1955,25.467,1.5776,1.4643,0.8424,0.2412,1.0013,139342.9509,9476.1644,9476.1644,1113350.1777,75714.5536,,,4.931
600782,新钢股份,普钢,江西,19961225,600782.SH,20080627,9.02,9.17,8.49,8.51,9.43,-0.92,-9.76,19226.96,16822.057,2.029,2.029,1.44,47.0718,27.1245,1.6803,1.5596,0.8972,0.2265,1.1666,139342.9509,9476.1644,9476.1644,1185808.5122,80642.159,,,4.931
600782,新钢股份,普钢,江西,19961225,600782.SH,20080626,9.34,9.5,9.05,9.43,9.34,0.09,0.96,21844.73,20277.105,2.3052,2.3052,2.1,52.1607,30.0569,1.8619,1.7282,0.9942,0.2044,1.0528,139342.9509,9476.1644,9476.1644,1314004.027,89360.2303,,,4.931
600782,新钢股份,普钢,江西,19961225,600782.SH,20080625,8.92,9.4,8.8,9.34,8.81,0.53,6.02,20901.86,19056.531,2.2057,2.2057,2.32,51.6628,29.77,1.8442,1.7117,0.9847,0.2064,1.0629,139342.9509,9476.1644,9476.1644,1301463.1614,88507.3755,,,4.931
600782,新钢股份,普钢,江西,19961225,600782.SH,20080624,8.88,9.18,8.61,8.81,8.95,-0.14,-1.56,8467.98,7516.668,0.8936,0.8936,0.97,48.7312,28.0807,1.7395,1.6146,0.9288,0.2188,1.1268,139342.9509,9476.1644,9476.1644,1227611.3974,83485.0084,,,4.931
600782,新钢股份,普钢,江西,19961225,600782.SH,20080623,9.5,9.5,8.88,8.95,9.5,-0.55,-5.79,8025.49,7329.271,0.8469,0.8469,0.97,49.5056,28.5269,1.7672,1.6402,0.9436,0.2154,1.1092,139342.9509,9476.1644,9476.1644,1247119.4106,84811.6714,,,4.931
600782,新钢股份,普钢,江西,19961225,600782.SH,20080620,9.3,9.96,9.1,9.5,9.52,-0.02,-0.21,7314.1,6984.255,0.7718,0.7718,0.84,52.5479,30.28,1.8758,1.741,1.0016,0.2029,1.045,139342.9509,9476.1644,9476.1644,1323758.0336,90023.5618,,,4.931
600782,新钢股份,普钢,江西,19961225,600782.SH,20080619,10.55,10.55,9.52,9.52,10.58,-1.06,-10.02,7378.16,7336.813,0.7786,0.7786,0.83,52.6585,30.3437,1.8797,1.7447,1.0037,0.2025,1.0428,139342.9509,9476.1644,9476.1644,1326544.8926,90213.0851,,,4.931
600782,新钢股份,普钢,江西,19961225,600782.SH,20080618,9.8,10.6,9.3,10.58,9.91,0.67,6.76,13862.83,14199.352,1.4629,1.4629,1.61,58.5217,33.7223,2.089,1.939,1.1155,0.1822,0.9383,139342.9509,9476.1644,9476.1644,1474248.4205,100257.8194,,,4.931
600782,新钢股份,普钢,江西,19961225,600782.SH,20080617,10.38,10.5,9.46,9.91,10.35,-0.44,-4.25,7190.82,7117.819,0.7588,0.7588,0.83,54.8157,31.5868,1.9567,1.8162,1.0448,0.1945,1.0018,139342.9509,9476.1644,9476.1644,1380888.6434,93908.7892,,,4.931
600782,新钢股份,普钢,江西,19961225,600782.SH,20080616,10.58,10.64,10.16,10.35,10.39,-0.04,-0.39,5757.75,5990.773,0.6076,0.6076,0.7,57.2495,32.9892,2.0436,1.8968,1.0912,0.1862,0.9592,139342.9509,9476.1644,9476.1644,1442199.5418,98078.3015,,,4.931
600782,新钢股份,普钢,江西,19961225,600782.SH,20080613,10.9,11.16,10.3,10.39,10.81,-0.42,-3.89,9386.06,10046.736,0.9905,0.9905,1.18,57.4708,33.1167,2.0515,1.9041,1.0954,0.1855,0.9555,139342.9509,9476.1644,9476.1644,1447773.2599,98457.3481,,,4.931
600782,新钢股份,普钢,江西,19961225,600782.SH,20080612,10.89,11.2,10.62,10.81,10.84,-0.03,-0.28,8415.88,9107.536,0.8881,0.8881,1.08,59.7939,34.4554,2.1344,1.9811,1.1397,0.1783,0.9184,139342.9509,9476.1644,9476.1644,1506297.2992,102437.3372,,,4.931
600782,新钢股份,普钢,江西,19961225,600782.SH,20080611,10.9,11.19,10.7,10.84,11.06,-0.22,-1.99,12182.24,13274.762,1.2856,1.2856,1.97,59.9599,34.551,2.1403,1.9866,1.1429,0.1778,0.9158,139342.9509,9476.1644,9476.1644,1510477.5878,102721.6221,,,4.931
600782,新钢股份,普钢,江西,19961225,600782.SH,20080610,11.95,11.95,11.06,11.06,12.29,-1.23,-10.01,7615.8,8572.512,0.8037,0.8037,1.43,61.1768,35.2523,2.1838,2.0269,1.1661,0.1743,0.8976,139342.9509,9476.1644,9476.1644,1541133.037,104806.3783,,,4.931
600782,新钢股份,普钢,江西,19961225,600782.SH,20080606,12.45,12.6,12.16,12.29,12.3,-0.01,-0.08,3376.49,4172.997,0.3563,0.3563,0.6,67.9803,39.1727,2.4266,2.2524,1.2957,0.1568,0.8078,139342.9509,9476.1644,9476.1644,1712524.8666,116462.0605,,,4.931
600782,新钢股份,普钢,江西,19961225,600782.SH,20080605,12.83,12.93,12.28,12.3,12.91,-0.61,-4.73,8092.14,10109.762,0.8539,0.8539,1.43,68.0356,39.2046,2.4286,2.2542,1.2968,0.1567,0.8071,139342.9509,9476.1644,9476.1644,1713918.2961,116556.8221,,,4.931
600782,新钢股份,普钢,江西,19961225,600782.SH,20080604,13.6,13.6,12.88,12.91,13.59,-0.68,-5.0,7734.3,10078.8,0.8162,0.8162,1.24,71.4098,41.1489,2.549,2.366,1.3611,0.1493,0.769,139342.9509,9476.1644,9476.1644,1798917.4961,122337.2824,,,4.931
600782,新钢股份,普钢,江西,19961225,600782.SH,20080603,13.97,13.97,13.53,13.59,13.77,-0.18,-1.31,4086.39,5596.158,0.4312,0.4312,0.57,75.1711,43.3163,2.6833,2.4906,1.4328,0.1418,0.7305,139342.9509,9476.1644,9476.1644,1893670.7027,128781.0742,,,4.931
600782,新钢股份,普钢,江西,19961225,600782.SH,20080602,13.99,13.99,13.5,13.77,13.73,0.04,0.29,3312.92,4538.119,0.3496,0.3496,0.38,76.1667,43.89,2.7189,2.5236,1.4518,0.14,0.7209,139342.9509,9476.1644,9476.1644,1918752.4339,130486.7838,,,4.931
600782,新钢股份,普钢,江西,19961225,600782.SH,20080530,13.68,13.88,13.44,13.81,13.66,0.15,1.1,5003.73,6837.188,0.528,0.528,0.51,76.388,44.0175,2.6843,2.5309,1.456,0.1396,0.1396,139342.9509,9476.1644,9476.1644,1924326.1519,130865.8304,,,4.931
600782,新钢股份,普钢,江西,19961225,600782.SH,20080529,13.89,14.0,13.65,13.66,14.0,-0.34,-2.43,8082.79,11129.846,0.853,0.853,0.73,75.5583,43.5394,2.6552,2.5034,1.4402,0.1411,0.1411,139342.9509,9476.1644,9476.1644,1903424.7093,129444.4057,,,4.931
600782,新钢股份,普钢,江西,19961225,600782.SH,20080528,13.21,14.08,13.1,14.0,13.18,0.82,6.22,10805.23,14747.052,1.1403,1.1403,0.79,77.4389,44.6231,2.7213,2.5657,1.476,0.1377,0.1377,139342.9509,9476.1644,9476.1644,1950801.3126,132666.3016,,,4.931
600782,新钢股份,普钢,江西,19961225,600782.SH,20080527,13.4,13.5,13.03,13.18,13.36,-0.18,-1.35,8737.02,11555.182,0.922,0.922,0.54,72.9032,42.0095,2.5619,2.4155,1.3896,0.1462,0.1462,139342.9509,9476.1644,9476.1644,1836540.0929,124895.8468,,,4.931
600782,新钢股份,普钢,江西,19961225,600782.SH,20080526,13.47,13.58,13.06,13.36,13.36,0.0,0.0,10449.83,13991.97,1.1027,1.1027,0.63,73.8989,42.5832,2.5969,2.4485,1.4086,0.1443,0.1443,139342.9509,9476.1644,9476.1644,1861621.824,126601.5564,,,4.931
600782,新钢股份,普钢,江西,19961225,600782.SH,20080523,14.1,14.37,13.31,13.36,13.98,-0.62,-4.43,10743.12,14741.796,1.1337,1.1337,0.61,73.8989,42.5832,2.5969,2.4485,1.4086,0.1443,0.1443,139342.9509,9476.1644,9476.1644,1861621.824,126601.5564,,,4.931
600782,新钢股份,普钢,江西,19961225,600782.SH,20080522,14.65,14.95,13.88,13.98,14.71,-0.73,-4.96,14691.6,21183.403,1.5504,1.5504,0.75,77.3283,44.5594,2.7174,2.5621,1.4739,0.1379,0.1379,139342.9509,9476.1644,9476.1644,1948014.4536,132476.7783,,,4.931
600782,新钢股份,普钢,江西,19961225,600782.SH,20080521,14.28,15.1,13.0,14.71,14.42,0.29,2.01,23773.93,33198.001,2.5088,2.5088,1.3,81.3662,46.8861,2.8593,2.6959,1.5509,0.131,0.131,139342.9509,9476.1644,9476.1644,2049734.8077,139394.3783,,,4.931
600782,新钢股份,普钢,江西,19961225,600782.SH,20080520,15.0,15.59,14.25,14.42,14.98,-0.56,-3.74,20998.35,31792.055,2.2159,2.2159,1.1,79.7621,45.9618,2.8029,2.6427,1.5203,0.1337,0.1337,139342.9509,9476.1644,9476.1644,2009325.352,136646.2906,,,4.931
600782,新钢股份,普钢,江西,19961225,600782.SH,20080519,15.03,15.08,14.72,14.98,14.89,0.09,0.6,12179.46,18131.205,1.2853,1.2853,0.57,82.8597,47.7467,2.9118,2.7453,1.5793,0.1287,0.1287,139342.9509,9476.1644,9476.1644,2087357.4045,141952.9427,,,4.931
600782,新钢股份,普钢,江西,19961225,600782.SH,20080516,14.7,15.0,14.38,14.89,14.83,0.06,0.4,17048.51,24868.152,1.7991,1.7991,0.74,82.3618,47.4599,2.8943,2.7289,1.5699,0.1294,0.1294,139342.9509,9476.1644,9476.1644,2074816.5389,141100.0879,,,4.931
600782,新钢股份,普钢,江西,19961225,600782.SH,20080515,14.69,15.21,14.65,14.83,14.65,0.18,1.23,23607.09,35289.193,2.4912,2.4912,1.01,82.03,47.2686,2.8826,2.7179,1.5635,0.13,0.13,139342.9509,9476.1644,9476.1644,2066455.9618,140531.5181,,,4.931
600782,新钢股份,普钢,江西,19961225,600782.SH,20080514,14.16,14.84,14.16,14.65,14.34,0.31,2.16,17403.66,25377.354,1.8366,1.8366,0.67,81.0343,46.6949,2.8476,2.6849,1.5446,0.1316,0.1316,139342.9509,9476.1644,9476.1644,2041374.2307,138825.8085,,,4.931
600782,新钢股份,普钢,江西,19961225,600782.SH,20080513,13.98,14.93,13.8,14.34,14.42,-0.08,-0.55,25149.79,36367.693,2.654,2.654,0.91,79.3196,45.7068,2.7874,2.6281,1.5119,0.1344,0.1344,139342.9509,9476.1644,9476.1644,1998177.9159,135888.1975,,,4.931
600782,新钢股份,普钢,江西,19961225,600782.SH,20080512,14.15,14.8,13.95,14.42,14.57,-0.15,-1.03,22912.82,33136.462,2.4179,2.4179,0.83,79.7621,45.9618,2.8029,2.6427,1.5203,0.1337,0.1337,139342.9509,9476.1644,9476.1644,2009325.352,136646.2906,,,4.931
600782,新钢股份,普钢,江西,19961225,600782.SH,20080509,14.59,15.17,14.11,14.57,14.53,0.04,0.28,26242.78,38606.918,2.7693,2.7693,1.0,80.5918,46.4399,2.8321,2.6702,1.5361,0.1323,0.1323,139342.9509,9476.1644,9476.1644,2030226.7946,138067.7153,,,4.931
600782,新钢股份,普钢,江西,19961225,600782.SH,20080508,13.79,14.55,13.42,14.53,13.96,0.57,4.08,25299.94,35782.835,2.6699,2.6699,1.1,80.3706,46.3124,2.8243,2.6629,1.5319,0.1327,0.1327,139342.9509,9476.1644,9476.1644,2024653.0766,137688.6687,,,4.931
600782,新钢股份,普钢,江西,19961225,600782.SH,20080507,14.1,14.36,13.79,13.96,14.31,-0.35,-2.45,30618.12,43136.605,3.2311,3.2311,1.54,77.2177,44.4956,2.7135,2.5584,1.4718,0.1381,0.1381,139342.9509,9476.1644,9476.1644,1945227.5946,132287.255,,,4.931
600782,新钢股份,普钢,江西,19961225,600782.SH,20080506,13.6,14.38,13.3,14.31,13.76,0.55,4.0,32756.84,46044.013,3.4568,3.4568,1.74,79.1537,45.6112,2.7815,2.6226,1.5087,0.1347,0.1347,139342.9509,9476.1644,9476.1644,1993997.6274,135603.9126,,,4.931
600782,新钢股份,普钢,江西,19961225,600782.SH,20080505,13.2,13.79,13.02,13.76,13.01,0.75,5.76,22689.73,30616.52,2.3944,2.3944,1.06,76.1114,43.8581,2.6746,2.5218,1.4507,0.1401,0.1401,139342.9509,9476.1644,9476.1644,1917359.0044,130392.0221,,,4.931
600782,新钢股份,普钢,江西,19961225,600782.SH,20080430,12.77,13.18,12.4,13.01,12.54,0.47,3.75,20502.39,26532.847,2.1636,2.1636,1.01,71.9629,41.4676,2.5288,2.3843,1.3717,0.1482,0.1482,139342.9509,9476.1644,9476.1644,1812851.7912,123284.8988,,,4.931
600782,新钢股份,普钢,江西,19961225,600782.SH,20080429,12.5,12.77,12.4,12.54,12.5,0.04,0.32,8633.81,10873.516,0.9111,0.9111,0.42,69.3632,39.9696,2.4375,2.2982,1.3221,0.1537,0.1537,139342.9509,9476.1644,9476.1644,1747360.6043,118831.1016,,,4.931
600782,新钢股份,普钢,江西,19961225,600782.SH,20080428,12.92,12.92,12.49,12.5,12.92,-0.42,-3.25,14879.44,18728.822,1.5702,1.5702,0.78,69.1419,39.8421,2.4297,2.2908,1.3179,0.1542,0.1542,139342.9509,9476.1644,9476.1644,1741786.8863,118452.055,,,4.931
600782,新钢股份,普钢,江西,19961225,600782.SH,20080425,13.12,13.35,12.74,12.92,12.74,0.18,1.41,27383.5,35936.032,2.8897,2.8897,1.81,71.4651,41.1808,2.5114,2.3678,1.3622,0.1492,0.1492,139342.9509,9476.1644,9476.1644,1800310.9256,122432.044,,,4.931
600782,新钢股份,普钢,江西,19961225,600782.SH,20080424,12.5,12.74,12.1,12.74,11.58,1.16,10.02,35765.27,45234.449,3.7742,3.7742,3.82,70.4694,40.607,2.4764,2.3348,1.3432,0.1513,0.1513,139342.9509,9476.1644,9476.1644,1775229.1945,120726.3345,,,4.931
600782,新钢股份,普钢,江西,19961225,600782.SH,20080423,10.64,11.59,10.5,11.58,10.56,1.02,9.66,15239.85,17043.092,1.6082,1.6082,1.79,64.0531,36.9097,2.2509,2.1222,1.2209,0.1664,0.1664,139342.9509,9476.1644,9476.1644,1613591.3714,109733.9838,,,4.931
600782,新钢股份,普钢,江西,19961225,600782.SH,20080422,10.82,10.98,10.18,10.56,10.99,-0.43,-3.91,8712.07,9136.218,0.9194,0.9194,0.97,58.4111,33.6586,2.0526,1.9353,1.1133,0.1825,0.1825,139342.9509,9476.1644,9476.1644,1471461.5615,100068.2961,,,4.931
600782,新钢股份,普钢,江西,19961225,600782.SH,20080418,11.24,11.3,10.69,10.99,11.24,-0.25,-2.22,8835.79,9702.551,0.9324,0.9324,0.93,60.7896,60.7896,2.1951,2.0141,2.0141,0.1754,0.1754,139342.9509,9476.1644,9476.1644,1531379.0304,104143.0468,,,4.931
600782,新钢股份,普钢,江西,19961225,600782.SH,20080417,11.7,12.03,11.0,11.24,11.7,-0.46,-3.93,7251.95,8318.542,0.7653,0.7653,0.65,62.1724,62.1724,2.2451,2.0599,2.0599,0.1715,0.1715,139342.9509,9476.1644,9476.1644,1566214.7681,106512.0879,,,4.931
600782,新钢股份,普钢,江西,19961225,600782.SH,20080416,12.1,12.2,11.65,11.7,12.02,-0.32,-2.66,6768.82,8059.867,0.7143,0.7143,0.5,64.7168,64.7168,2.3369,2.1442,2.1442,0.1647,0.1647,139342.9509,9476.1644,9476.1644,1630312.5255,110871.1235,,,4.931
600782,新钢股份,普钢,江西,19961225,600782.SH,20080415,11.6,12.28,11.38,12.02,11.65,0.37,3.18,10959.43,12979.169,1.1565,1.1565,0.71,66.4869,66.4869,2.4009,2.2029,2.2029,0.1604,0.1604,139342.9509,9476.1644,9476.1644,1674902.2698,113903.4961,,,4.931
600782,新钢股份,普钢,江西,19961225,600782.SH,20080414,12.2,12.57,11.56,11.65,12.62,-0.97,-7.69,11148.6,13332.563,1.1765,1.1765,0.56,64.4403,64.4403,2.327,2.1351,2.1351,0.1654,0.1654,139342.9509,9476.1644,9476.1644,1623345.378,110397.3153,,,4.931
600782,新钢股份,普钢,江西,19961225,600782.SH,20080411,12.55,12.95,12.3,12.62,12.44,0.18,1.45,11313.14,14267.821,1.1939,1.1939,0.47,69.8057,69.8057,2.5207,2.3128,2.3128,0.1527,0.1527,139342.9509,9476.1644,9476.1644,1758508.0404,119589.1947,,,4.931
600782,新钢股份,普钢,江西,19961225,600782.SH,20080410,11.68,12.5,11.55,12.44,11.95,0.49,4.1,15503.57,19022.423,1.6361,1.6361,0.56,68.81,68.81,2.4848,2.2798,2.2798,0.1549,0.1549,139342.9509,9476.1644,9476.1644,1733426.3092,117883.4851,,,4.931
600782,新钢股份,普钢,江西,19961225,600782.SH,20080409,12.86,13.5,11.85,11.95,12.89,-0.94,-7.29,19226.51,24783.175,2.0289,2.0289,0.66,66.0997,66.0997,2.3869,2.19,2.19,0.1613,0.1613,139342.9509,9476.1644,9476.1644,1665148.2633,113240.1646,,,4.931
600782,新钢股份,普钢,江西,19961225,600782.SH,20080408,12.35,12.9,12.01,12.89,12.57,0.32,2.55,19707.49,24906.436,2.0797,2.0797,0.7,71.2991,71.2991,2.5746,2.3623,2.3623,0.1495,0.1495,139342.9509,9476.1644,9476.1644,1796130.6371,122147.7591,,,4.931
600782,新钢股份,普钢,江西,19961225,600782.SH,20080407,11.7,12.61,11.6,12.57,11.5,1.07,9.3,33710.0,41167.131,3.5573,3.5573,1.32,69.5291,69.5291,2.5107,2.3037,2.3037,0.1533,0.1533,139342.9509,9476.1644,9476.1644,1751540.8928,119115.3865,,,4.931
600782,新钢股份,普钢,江西,19961225,600782.SH,20080402,10.93,11.7,10.19,11.5,11.22,0.28,2.5,33046.21,36977.133,3.4873,3.4873,1.48,63.6106,63.6106,2.297,2.1076,2.1076,0.1676,0.1676,139342.9509,9476.1644,9476.1644,1602443.9354,108975.8906,,,4.931
600782,新钢股份,普钢,江西,19961225,600782.SH,20080401,12.47,12.62,11.22,11.22,12.47,-1.25,-10.02,32936.87,37696.047,3.4758,3.4758,1.58,62.0618,62.0618,2.2411,2.0563,2.0563,0.1718,0.1718,139342.9509,9476.1644,9476.1644,1563427.9091,106322.5646,,,4.931
600782,新钢股份,普钢,江西,19961225,600782.SH,20080331,13.5,13.5,12.47,12.47,13.86,-1.39,-10.03,26266.6,33817.256,2.7719,2.7719,1.09,68.976,68.976,2.4907,2.2853,2.2853,0.1546,0.1546,139342.9509,9476.1644,9476.1644,1737606.5977,118167.7701,,,4.931
600782,新钢股份,普钢,江西,19961225,600782.SH,20080328,12.5,14.0,12.5,13.86,13.82,0.04,0.29,15766.63,21291.404,1.6638,1.6638,0.59,76.6646,76.6646,2.7684,2.5401,2.5401,0.1391,0.1391,139342.9509,9476.1644,9476.1644,1931293.2995,131339.6386,,,4.931
600782,新钢股份,普钢,江西,19961225,600782.SH,20080327,14.22,14.55,13.51,13.82,14.58,-0.76,-5.21,19760.07,27448.358,2.0852,2.6455,0.7,342.9032,60.9957,2.7524,9.9926,2.5328,0.1395,0.1395,139342.9509,9476.1644,7469.28,1925719.5814,130960.592,,,4.931
600782,新钢股份,普钢,江西,19961225,600782.SH,20080326,14.51,15.15,14.15,14.58,14.5,0.08,0.55,17145.58,25359.186,1.8093,2.2955,0.53,361.7604,64.3501,2.9037,10.5421,2.672,0.1322,0.1322,139342.9509,9476.1644,7469.28,2031620.2241,138162.477,,,4.931
600782,新钢股份,普钢,江西,19961225,600782.SH,20080325,13.9,14.8,13.15,14.5,14.21,0.29,2.04,25382.01,36174.294,2.6785,3.3982,0.81,359.7754,63.997,2.8878,10.4842,2.6574,0.1329,0.1329,139342.9509,9476.1644,7469.28,2020472.7881,137404.3838,,,4.931
600782,新钢股份,普钢,江西,19961225,600782.SH,20080324,15.9,15.92,14.0,14.21,15.49,-1.28,-8.26,42446.97,63259.036,4.4793,5.6829,1.42,352.5799,62.717,2.8301,10.2745,2.6042,0.1356,0.1356,139342.9509,9476.1644,7469.28,1980063.3323,134656.2961,,,4.931
600782,新钢股份,普钢,江西,19961225,600782.SH,20080321,14.5,15.8,14.0,15.49,14.5,0.99,6.83,29975.76,46032.271,3.1633,4.0132,1.13,384.3394,68.3664,3.085,11.2,2.8388,0.1244,0.1244,139342.9509,9476.1644,7469.28,2158422.3094,146785.7866,,,4.931
600782,新钢股份,普钢,江西,19961225,600782.SH,20080320,14.15,14.81,13.01,14.5,14.14,0.36,2.55,25938.16,36869.394,2.7372,3.4726,0.92,359.7754,63.997,2.8878,10.4842,2.6574,0.1329,0.1329,139342.9509,9476.1644,7469.28,2020472.7881,137404.3838,,,4.931
600782,新钢股份,普钢,江西,19961225,600782.SH,20080319,13.0,14.14,13.0,14.14,12.85,1.29,10.04,36585.42,51273.07,3.8608,4.8981,1.24,350.8431,62.4081,2.8161,10.2239,2.5914,0.1363,0.1363,139342.9509,9476.1644,7469.28,1970309.3257,133992.9646,,,4.931
600782,新钢股份,普钢,江西,19961225,600782.SH,20080318,13.5,14.5,12.84,12.85,14.27,-1.42,-9.95,22631.24,30164.757,2.3882,3.0299,0.74,318.8355,56.7146,2.5592,9.2912,2.355,0.15,0.15,139342.9509,9476.1644,7469.28,1790556.9191,121768.7125,,,4.931
600782,新钢股份,普钢,江西,19961225,600782.SH,20080317,16.17,16.5,14.27,14.27,15.86,-1.59,-10.03,34042.19,52375.371,3.5924,4.5576,1.09,354.0687,62.9818,2.842,10.3179,2.6152,0.1351,0.1351,139342.9509,9476.1644,7469.28,1988423.9093,135224.866,,,4.931
600782,新钢股份,普钢,江西,19961225,600782.SH,20080314,15.71,16.19,15.22,15.86,15.98,-0.12,-0.75,13261.05,20912.163,1.3994,1.7754,0.37,393.5199,69.9994,3.1587,11.4676,2.9066,0.1215,0.1215,139342.9509,9476.1644,7469.28,2209979.2013,150291.9674,,,4.931
600782,新钢股份,普钢,江西,19961225,600782.SH,20080313,17.09,17.2,15.7,15.98,17.19,-1.21,-7.04,33692.32,55850.849,3.5555,4.5108,0.79,396.4974,70.5291,3.1826,11.5543,2.9286,0.1206,0.1206,139342.9509,9476.1644,7469.28,2226700.3554,151429.1071,,,4.931
600782,新钢股份,普钢,江西,19961225,600782.SH,20080312,17.7,17.7,16.89,17.19,17.1,0.09,0.53,43866.63,75849.781,4.6292,5.8729,0.97,426.52,75.8695,3.4236,12.4292,3.1504,0.1121,0.1121,139342.9509,9476.1644,7469.28,2395305.326,162895.266,,,4.931
600782,新钢股份,普钢,江西,19961225,600782.SH,20080311,16.4,17.28,15.68,17.1,16.7,0.4,2.4,28571.58,47047.051,3.0151,3.8252,0.54,424.2869,75.4723,3.4056,12.3642,3.1339,0.1127,0.1127,139342.9509,9476.1644,7469.28,2382764.4604,162042.4112,,,4.931
600782,新钢股份,普钢,江西,19961225,600782.SH,20080310,16.8,16.99,16.38,16.7,17.07,-0.37,-2.17,37258.51,62010.644,3.9318,4.9882,0.64,414.3621,73.7069,3.326,12.0749,3.0606,0.1154,0.1154,139342.9509,9476.1644,7469.28,2327027.28,158251.9455,,,4.931
600782,新钢股份,普钢,江西,19961225,600782.SH,20080307,18.01,18.01,16.8,17.07,18.01,-0.94,-5.22,37321.23,64013.747,3.9384,4.9966,0.61,423.5425,75.3399,3.3997,12.3425,3.1284,0.1129,0.1129,139342.9509,9476.1644,7469.28,2378584.1719,161758.1263,,,4.931
600782,新钢股份,普钢,江西,19961225,600782.SH,20080306,17.8,18.25,17.48,18.01,17.79,0.22,1.24,67247.29,120969.583,7.0965,9.0032,1.21,446.8659,79.4887,3.5869,13.0221,3.3006,0.107,0.107,139342.9509,9476.1644,7469.28,2509566.5457,170665.7208,,,4.931
600782,新钢股份,普钢,江西,19961225,600782.SH,20080305,17.33,17.9,16.78,17.79,17.36,0.43,2.48,55165.05,95482.737,5.8215,7.3856,1.05,441.4073,78.5177,3.5431,12.8631,3.2603,0.1083,0.1083,139342.9509,9476.1644,7469.28,2478911.0965,168580.9647,,,4.931
600782,新钢股份,普钢,江西,19961225,600782.SH,20080304,17.36,18.04,16.7,17.36,17.33,0.03,0.17,68396.16,120302.372,7.2177,9.157,1.65,430.7381,76.6198,3.4574,12.5522,3.1815,0.111,0.111,139342.9509,9476.1644,7469.28,2418993.6276,164506.214,,,4.931
600782,新钢股份,普钢,江西,19961225,600782.SH,20080303,16.35,17.81,16.0,17.33,16.2,1.13,6.98,60942.49,104818.654,6.4311,8.1591,1.9,429.9937,76.4874,3.4514,12.5305,3.176,0.1112,0.1112,139342.9509,9476.1644,7469.28,2414813.3391,164221.9291,,,4.931
600782,新钢股份,普钢,江西,19961225,600782.SH,20080229,15.41,16.28,15.41,16.2,15.2,1.0,6.58,53321.29,85242.269,5.6269,7.1387,2.18,401.956,71.5001,3.2264,11.7134,2.9689,0.119,0.119,139342.9509,9476.1644,7469.28,2257355.8046,153513.8633,,,4.931
600782,新钢股份,普钢,江西,19961225,600782.SH,20080228,15.6,15.94,14.68,15.2,15.06,0.14,0.93,39130.55,60298.757,4.1294,5.2389,1.95,377.1439,67.0865,3.0272,10.9904,2.7857,0.1268,0.1268,139342.9509,9476.1644,7469.28,2118012.8537,144037.6989,,,4.931
600782,新钢股份,普钢,江西,19961225,600782.SH,20080227,13.85,15.06,13.3,15.06,13.69,1.37,10.01,40915.1,59549.402,4.3177,5.4778,2.63,373.6702,354.9852,2.3248,10.8891,19.4957,0.128,0.128,139342.9509,9476.1644,7469.28,2098504.8406,142711.0359,,,4.931
600782,新钢股份,普钢,江西,19961225,600782.SH,20080226,13.99,14.33,13.2,13.69,14.01,-0.32,-2.28,13263.78,18093.283,1.3997,1.7758,0.84,339.6776,322.6924,2.1133,9.8986,17.7222,0.1408,0.1408,139342.9509,9476.1644,7469.28,1907604.9978,129728.6906,,,4.931
600782,新钢股份,普钢,江西,19961225,600782.SH,20080222,14.01,14.23,13.88,14.01,14.23,-0.22,-1.55,13615.55,19059.158,1.4368,1.8229,0.92,347.6175,330.2353,2.1627,10.1299,18.1364,0.1376,0.1376,139342.9509,9476.1644,7469.28,1952194.7421,132761.0632,,,4.931
600782,新钢股份,普钢,江西,19961225,600782.SH,20080221,14.35,14.5,13.82,14.23,14.48,-0.25,-1.73,15130.36,21520.546,1.5967,2.0257,1.11,353.0762,335.421,2.1967,10.289,18.4212,0.1354,0.1354,139342.9509,9476.1644,7469.28,1982850.1913,134845.8194,,,4.931
600782,新钢股份,普钢,江西,19961225,600782.SH,20080220,14.82,15.11,14.47,14.48,14.89,-0.41,-2.75,17384.7,25648.597,1.8346,2.3275,1.31,359.2792,341.3138,2.2352,10.4698,18.7449,0.1331,0.1331,139342.9509,9476.1644,7469.28,2017685.929,137214.8605,,,4.931
600782,新钢股份,普钢,江西,19961225,600782.SH,20080219,14.78,14.98,14.4,14.89,14.45,0.44,3.05,18323.42,26993.499,1.9336,2.4532,1.02,369.4522,350.9781,2.2985,10.7662,19.2756,0.1294,0.1294,139342.9509,9476.1644,7469.28,2074816.5389,141100.0879,,,4.931
600782,新钢股份,普钢,江西,19961225,600782.SH,20080218,14.11,14.46,14.0,14.45,14.0,0.45,3.21,14280.4,20380.957,1.507,1.9119,0.72,358.5348,340.6067,2.2306,10.4481,18.706,0.1334,0.1334,139342.9509,9476.1644,7469.28,2013505.6405,136930.5756,,,4.931
600782,新钢股份,普钢,江西,19961225,600782.SH,20080215,14.4,14.4,13.71,14.0,14.39,-0.39,-2.71,9261.2,12961.707,0.9773,1.2399,0.44,347.3694,329.9996,2.1612,10.1227,18.1235,0.1377,0.1377,139342.9509,9476.1644,7469.28,1950801.3126,132666.3016,,,4.931
600782,新钢股份,普钢,江西,19961225,600782.SH,20080214,14.57,14.6,14.32,14.39,14.35,0.04,0.28,8857.16,12807.1,0.9347,1.1858,0.41,357.0461,339.1924,2.2214,10.4047,18.6284,0.1339,0.1339,139342.9509,9476.1644,7469.28,2005145.0635,136362.0057,,,4.931
600782,新钢股份,普钢,江西,19961225,600782.SH,20080213,15.18,15.18,14.21,14.35,15.11,-0.76,-5.03,15699.24,22734.461,1.6567,2.1018,0.78,356.0536,338.2496,2.2152,10.3758,18.5766,0.1343,0.1343,139342.9509,9476.1644,7469.28,1999571.3454,135982.9591,,,4.931
600782,新钢股份,普钢,江西,19961225,600782.SH,20080205,15.0,15.52,15.0,15.11,14.84,0.27,1.82,41553.35,63465.163,4.385,5.5632,3.01,374.9108,356.1638,2.3325,10.9253,19.5604,0.1276,0.1276,139342.9509,9476.1644,7469.28,2105471.9881,143184.8441,,,4.931
600782,新钢股份,普钢,江西,19961225,600782.SH,20080204,13.7,14.84,13.7,14.84,13.49,1.35,10.01,23791.06,34407.896,2.5106,3.1852,1.79,368.2116,349.7995,2.2908,10.7301,19.2109,0.1299,0.1299,139342.9509,9476.1644,7469.28,2067849.3914,140626.2797,,,4.931
600782,新钢股份,普钢,江西,19961225,600782.SH,20080201,13.21,13.55,12.05,13.49,13.21,0.28,2.12,15080.27,19394.713,1.5914,2.019,1.08,334.7152,317.9782,2.0824,9.7539,17.4633,0.1429,0.1429,139342.9509,9476.1644,7469.28,1879736.4076,127833.4578,,,4.931
600782,新钢股份,普钢,江西,19961225,600782.SH,20080131,13.32,13.6,13.06,13.21,13.21,0.0,0.0,11558.2,15589.926,1.2197,1.5474,0.7,327.7678,311.3782,2.0392,9.5515,17.1008,0.1459,0.1459,139342.9509,9476.1644,7469.28,1840720.3814,125180.1317,,,4.931
600782,新钢股份,普钢,江西,19961225,600782.SH,20080130,13.6,13.62,12.88,13.21,13.28,-0.07,-0.53,9265.2,12306.414,0.9777,1.2404,0.48,327.7678,311.3782,2.0392,9.5515,17.1008,0.1459,0.1459,139342.9509,9476.1644,7469.28,1840720.3814,125180.1317,,,4.931
600782,新钢股份,普钢,江西,19961225,600782.SH,20080129,13.0,13.54,12.63,13.28,12.93,0.35,2.71,9355.24,12245.995,0.9872,1.2525,0.41,329.5047,313.0282,2.05,9.6021,17.1914,0.1451,0.1451,139342.9509,9476.1644,7469.28,1850474.388,125843.4632,,,4.931
600782,新钢股份,普钢,江西,19961225,600782.SH,20080128,14.36,14.4,12.89,12.93,14.32,-1.39,-9.71,21159.08,28517.746,2.2329,2.8328,0.84,320.8204,304.7782,1.996,9.349,16.7383,0.1491,0.1491,139342.9509,9476.1644,7469.28,1801704.3551,122526.8057,,,4.931
600782,新钢股份,普钢,江西,19961225,600782.SH,20080125,14.18,14.5,13.84,14.32,14.19,0.13,0.92,18514.03,26321.433,1.9537,2.4787,0.71,355.3093,337.5424,2.2106,10.3541,18.5377,0.1346,0.1346,139342.9509,9476.1644,7469.28,1995391.0569,135698.6742,,,4.931
600782,新钢股份,普钢,江西,19961225,600782.SH,20080124,14.47,14.47,13.8,14.19,14.18,0.01,0.07,23968.47,33930.251,2.5293,3.2089,0.77,352.0837,334.4781,2.1905,10.2601,18.3694,0.1358,0.1358,139342.9509,9476.1644,7469.28,1977276.4733,134466.7728,,,4.931
600782,新钢股份,普钢,江西,19961225,600782.SH,20080123,13.7,14.5,13.31,14.18,13.8,0.38,2.75,24512.1,34287.522,2.5867,3.2817,0.8,351.8356,334.2424,2.1889,10.2529,18.3565,0.1359,0.1359,139342.9509,9476.1644,7469.28,1975883.0438,134372.0112,,,4.931
600782,新钢股份,普钢,江西,19961225,600782.SH,20080122,14.38,15.12,13.8,13.8,15.33,-1.53,-9.98,25692.5,36497.048,2.7113,3.4398,0.75,342.407,325.2853,2.1303,9.9781,17.8646,0.1397,0.1397,139342.9509,9476.1644,7469.28,1922932.7224,130771.0687,,,4.931
600782,新钢股份,普钢,江西,19961225,600782.SH,20080121,16.88,16.98,15.3,15.33,16.85,-1.52,-9.02,32879.06,52363.952,3.4697,4.4019,0.92,380.3695,361.3495,2.3665,11.0844,19.8452,0.1257,0.1257,139342.9509,9476.1644,7469.28,2136127.4373,145269.6003,,,4.931
600782,新钢股份,普钢,江西,19961225,600782.SH,20080118,16.68,16.88,16.02,16.85,16.66,0.19,1.14,22442.57,37174.452,2.3683,3.0046,0.56,418.0839,397.1781,2.6011,12.1834,21.8129,0.1144,0.1144,139342.9509,9476.1644,7469.28,2347928.7227,159673.3701,,,4.931
600782,新钢股份,普钢,江西,19961225,600782.SH,20080117,17.2,17.6,15.8,16.66,17.55,-0.89,-5.07,49599.07,82110.368,5.2341,6.6404,1.19,413.3696,392.6995,2.5718,12.046,21.567,0.1157,0.1157,139342.9509,9476.1644,7469.28,2321453.562,157872.8989,,,4.931
600782,新钢股份,普钢,江西,19961225,600782.SH,20080116,17.9,17.9,17.0,17.55,17.93,-0.38,-2.12,22749.88,39707.327,2.4007,3.0458,0.46,435.4523,413.678,2.7092,12.6895,22.7191,0.1098,0.1098,139342.9509,9476.1644,7469.28,2445468.7883,166306.6852,,,4.931
600782,新钢股份,普钢,江西,19961225,600782.SH,20080115,18.31,18.47,17.8,17.93,18.3,-0.37,-2.02,43974.74,79440.793,4.6406,5.8874,0.91,444.8809,422.6352,2.7678,12.9643,23.211,0.1075,0.1075,139342.9509,9476.1644,7469.28,2498419.1096,169907.6277,,,4.931
600782,新钢股份,普钢,江西,19961225,600782.SH,20080114,18.99,19.0,18.2,18.3,18.95,-0.65,-3.43,40066.35,74134.899,4.2281,5.3642,0.81,454.0614,431.3566,2.8249,13.2318,23.69,0.1053,0.1053,139342.9509,9476.1644,7469.28,2549976.0015,173413.8085,,,4.931
600782,新钢股份,普钢,江西,19961225,600782.SH,20080111,18.76,19.1,18.0,18.95,18.74,0.21,1.12,42411.71,78947.559,4.4756,5.6782,0.91,470.1893,446.678,2.9253,13.7018,24.5314,0.1017,0.1017,139342.9509,9476.1644,7469.28,2640548.9196,179573.3154,,,4.931
600782,新钢股份,普钢,江西,19961225,600782.SH,20080110,18.71,19.44,18.4,18.74,18.69,0.05,0.27,60002.75,113981.729,6.332,8.0333,1.45,464.9787,441.728,2.8929,13.55,24.2596,0.1029,0.1029,139342.9509,9476.1644,7469.28,2611286.8999,177583.3209,,,4.931
600782,新钢股份,普钢,江西,19961225,600782.SH,20080109,17.8,18.7,17.7,18.69,17.75,0.94,5.3,59849.26,109073.65,6.3158,8.0127,1.74,463.7381,440.5494,2.8851,13.5138,24.1949,0.1031,0.1031,139342.9509,9476.1644,7469.28,2604319.7523,177109.5126,,,4.931
600782,新钢股份,普钢,江西,19961225,600782.SH,20080108,17.8,18.1,17.46,17.75,17.71,0.04,0.23,38751.21,68921.959,4.0893,5.1881,1.12,440.4148,418.3923,2.74,12.8341,22.978,0.1086,0.1086,139342.9509,9476.1644,7469.28,2473337.3785,168201.9181,,,4.931
600782,新钢股份,普钢,江西,19961225,600782.SH,20080107,17.9,18.26,17.38,17.71,17.92,-0.21,-1.17,46388.87,81735.456,4.8953,6.2106,1.51,439.4223,417.4495,2.7339,12.8052,22.9262,0.1088,0.1088,139342.9509,9476.1644,7469.28,2467763.6604,167822.8715,,,4.931
600782,新钢股份,普钢,江西,19961225,600782.SH,20080104,18.1,18.68,17.91,17.92,18.07,-0.15,-0.83,28626.25,52338.513,3.0209,3.8325,0.89,444.6328,422.3994,2.7663,12.9571,23.1981,0.1076,0.1076,139342.9509,9476.1644,7469.28,2497025.6801,169812.866,,,4.931
600782,新钢股份,普钢,江西,19961225,600782.SH,20080103,17.29,18.15,17.0,18.07,17.27,0.8,4.63,33264.89,58598.224,3.5104,4.4536,1.03,448.3546,425.9352,2.7894,13.0655,23.3922,0.1067,0.1067,139342.9509,9476.1644,7469.28,2517927.1228,171234.2907,,,4.931
600782,新钢股份,普钢,江西,19961225,600782.SH,20080102,17.05,17.68,17.03,17.27,16.96,0.31,1.83,24981.91,43422.451,2.6363,3.3446,0.72,428.505,407.078,2.6659,12.4871,22.3566,0.1116,0.1116,139342.9509,9476.1644,7469.28,2406452.762,163653.3592,,,4.903
600782,新钢股份,普钢,江西,19961225,600782.SH,20071228,16.9,17.56,16.65,16.96,16.91,0.05,0.3,39501.96,67770.122,4.1686,5.2886,1.16,420.8132,399.7709,2.6181,12.2629,21.9553,0.0981,0.1136,139342.9509,9476.1644,7469.28,2363256.4473,160715.7482,,,4.903
600782,新钢股份,普钢,江西,19961225,600782.SH,20071227,17.2,17.3,16.85,16.91,17.13,-0.22,-1.28,26763.42,45469.275,2.8243,3.5831,0.84,419.5726,398.5923,2.6104,12.2268,21.8906,0.0984,0.114,139342.9509,9476.1644,7469.28,2356289.2997,160241.94,,,4.903
600782,新钢股份,普钢,江西,19961225,600782.SH,20071226,16.6,17.16,16.6,17.13,16.59,0.54,3.26,36616.94,61921.667,3.8641,4.9023,1.22,425.0313,403.778,2.6443,12.3858,22.1754,0.0971,0.1125,139342.9509,9476.1644,7469.28,2386944.7489,162326.6962,,,4.903
600782,新钢股份,普钢,江西,19961225,600782.SH,20071225,16.3,16.9,16.15,16.59,16.29,0.3,1.84,34148.07,56837.162,3.6036,4.5718,1.3,411.6327,391.0495,2.561,11.9954,21.4763,0.1003,0.1162,139342.9509,9476.1644,7469.28,2311699.5554,157209.5674,,,4.903
600782,新钢股份,普钢,江西,19961225,600782.SH,20071224,16.06,16.5,15.8,16.29,16.13,0.16,0.99,37040.92,59890.533,3.9089,4.9591,1.5,404.1891,383.9781,2.5147,11.7785,21.088,0.1021,0.1183,139342.9509,9476.1644,7469.28,2269896.6702,154366.7181,,,4.903
600782,新钢股份,普钢,江西,19961225,600782.SH,20071221,15.2,16.24,15.02,16.13,15.41,0.72,4.67,35451.69,56332.453,3.7411,4.7463,1.44,400.2192,380.2066,2.49,11.6628,20.8808,0.1032,0.1195,139342.9509,9476.1644,7469.28,2247601.798,152850.5318,16.18,13.24,4.903
600782,新钢股份,普钢,江西,19961225,600782.SH,20071220,15.67,15.78,15.26,15.41,15.53,-0.12,-0.77,15174.51,23427.859,1.6013,2.0316,0.52,382.3545,363.2352,2.3788,11.1422,19.9488,0.108,0.1251,139342.9509,9476.1644,7469.28,2147274.8734,146027.6934,,,4.903
600782,新钢股份,普钢,江西,19961225,600782.SH,20071219,15.0,15.57,14.87,15.53,14.95,0.58,3.88,28185.47,43027.618,2.9744,3.7735,0.98,385.3319,366.0638,2.3973,11.229,20.1041,0.1071,0.1241,139342.9509,9476.1644,7469.28,2163996.0275,147164.8331,16.48,13.48,4.903
600782,新钢股份,普钢,江西,19961225,600782.SH,20071218,14.88,14.98,14.5,14.95,14.78,0.17,1.15,15513.18,22862.543,1.6371,2.0769,0.45,370.9409,352.3924,2.3078,10.8096,19.3533,0.1113,0.1289,139342.9509,9476.1644,7469.28,2083177.116,141668.6578,,,4.903
600782,新钢股份,普钢,江西,19961225,600782.SH,20071217,15.6,15.84,14.75,14.78,15.78,-1.0,-6.34,29188.5,43954.98,3.0802,3.9078,0.78,366.7228,348.3853,2.2816,10.6867,19.1332,0.1126,0.1304,139342.9509,9476.1644,7469.28,2059488.8143,140057.7098,,,4.903
600782,新钢股份,普钢,江西,19961225,600782.SH,20071214,16.3,16.3,15.25,15.78,16.3,-0.52,-3.19,34869.21,54736.309,3.6797,4.6683,0.92,391.5349,371.9567,2.4359,11.4097,20.4278,0.1054,0.1221,139342.9509,9476.1644,7469.28,2198831.7652,149533.8742,,,4.903
600782,新钢股份,普钢,江西,19961225,600782.SH,20071213,16.51,16.51,15.8,16.3,16.39,-0.09,-0.55,38814.24,62629.066,4.096,5.1965,1.12,404.4372,384.2138,2.5162,11.7857,21.1009,0.1021,0.1182,139342.9509,9476.1644,7469.28,2271290.0997,154461.4797,,,4.903
600782,新钢股份,普钢,江西,19961225,600782.SH,20071212,16.18,16.48,15.94,16.39,16.24,0.15,0.92,25309.89,41138.613,2.6709,3.3885,0.68,406.6703,386.3352,2.5301,11.8508,21.2174,0.1015,0.1176,139342.9509,9476.1644,7469.28,2283830.9653,155314.3345,,,4.903
600782,新钢股份,普钢,江西,19961225,600782.SH,20071211,16.11,17.0,16.02,16.24,16.02,0.22,1.37,43265.54,71060.949,4.5657,5.7925,1.37,402.9485,382.7995,2.5069,11.7423,21.0232,0.1025,0.1187,139342.9509,9476.1644,7469.28,2262929.5226,153892.9099,,,4.903
600782,新钢股份,普钢,江西,19961225,600782.SH,20071210,15.3,16.19,15.2,16.02,15.8,0.22,1.39,43885.7,69268.774,4.6312,5.8755,1.72,397.4898,377.6138,2.473,11.5833,20.7384,0.1039,0.1203,139342.9509,9476.1644,7469.28,2232274.0734,151808.1537,,,4.903
600782,新钢股份,普钢,江西,19961225,600782.SH,20071207,15.35,15.85,15.2,15.8,15.39,0.41,2.66,37616.53,58648.008,3.9696,5.0362,1.56,392.0312,372.4281,2.439,11.4242,20.4537,0.1053,0.122,139342.9509,9476.1644,7469.28,2201618.6242,149723.3975,,,4.903
600782,新钢股份,普钢,江西,19961225,600782.SH,20071206,15.64,15.64,15.08,15.39,15.57,-0.18,-1.16,23676.8,36086.633,2.4986,3.1699,1.14,381.8582,362.7638,2.3757,11.1277,19.9229,0.1081,0.1252,139342.9509,9476.1644,7469.28,2144488.0144,145838.1701,,,4.903
600782,新钢股份,普钢,江西,19961225,600782.SH,20071205,15.0,15.9,14.84,15.57,14.92,0.65,4.36,36874.91,56821.378,3.8913,4.9369,2.5,386.3244,367.0067,2.4035,11.2579,20.1559,0.1069,0.1238,139342.9509,9476.1644,7469.28,2169569.7455,147543.8797,,,4.903
600782,新钢股份,普钢,江西,19961225,600782.SH,20071204,15.0,15.47,14.8,14.92,14.9,0.02,0.13,16318.01,24651.499,1.722,2.1847,1.19,317.0619,301.2076,2.5168,9.2395,16.5422,0.1302,0.1508,119342.9509,9476.1644,7469.28,1780596.8274,141384.3728,,,4.903
600782,新钢股份,普钢,江西,19961225,600782.SH,20071203,14.86,15.22,14.5,14.9,15.09,-0.19,-1.26,12968.36,19350.708,1.3685,1.7362,0.99,316.6369,300.8038,2.5134,9.2271,16.5201,0.1304,0.151,119342.9509,9476.1644,7469.28,1778209.9684,141194.8496,,,4.903
600782,新钢股份,普钢,江西,19961225,600782.SH,20071130,15.28,16.0,15.0,15.09,14.58,0.51,3.5,30956.45,47890.883,3.2668,4.1445,2.37,320.6746,304.6396,2.5454,9.3448,16.7307,0.1288,0.1491,119342.9509,9476.1644,7469.28,1800885.1291,142995.3208,,,4.903
600782,新钢股份,普钢,江西,19961225,600782.SH,20071128,14.65,14.75,14.45,14.58,14.59,-0.01,-0.07,6544.8,9546.094,0.6907,0.8762,0.34,309.8367,294.3436,2.4594,9.029,16.1653,0.1333,0.1544,119342.9509,9476.1644,7469.28,1740020.2241,138162.477,,,4.903
600782,新钢股份,普钢,江西,19961225,600782.SH,20071127,14.65,14.95,14.5,14.59,14.75,-0.16,-1.08,6986.97,10259.444,0.7373,0.9354,0.26,310.0492,294.5455,2.4611,9.0352,16.1764,0.1332,0.1542,119342.9509,9476.1644,7469.28,1741213.6536,138257.2386,,,4.903
600782,新钢股份,普钢,江西,19961225,600782.SH,20071126,15.5,15.72,14.71,14.75,15.26,-0.51,-3.34,11344.25,17324.235,1.1971,1.5188,0.42,313.4493,297.7756,2.4881,9.1342,16.3538,0.1317,0.1526,119342.9509,9476.1644,7469.28,1760308.5258,139773.4249,,,4.903
600782,新钢股份,普钢,江西,19961225,600782.SH,20071123,14.61,15.28,14.6,15.26,14.89,0.37,2.48,9762.84,14578.692,1.0303,1.3071,0.36,324.2872,308.0716,2.5741,9.4501,16.9192,0.1273,0.1475,119342.9509,9476.1644,7469.28,1821173.4307,144606.2687,,,4.903
600782,新钢股份,普钢,江西,19961225,600782.SH,20071122,15.95,15.95,14.88,14.89,16.15,-1.26,-7.8,30614.19,46876.998,3.2307,4.0987,1.21,316.4244,300.602,2.5117,9.2209,16.509,0.1305,0.1511,119342.9509,9476.1644,7469.28,1777016.5389,141100.0879,,,4.903
600782,新钢股份,普钢,江西,19961225,600782.SH,20071121,17.05,17.2,16.1,16.15,16.81,-0.66,-3.93,36856.66,61084.209,3.8894,4.9344,1.7,343.2004,326.0391,2.7242,10.0012,17.906,0.1203,0.1393,119342.9509,9476.1644,7469.28,1927388.657,153040.0551,,,4.903
600782,新钢股份,普钢,江西,19961225,600782.SH,20071120,15.3,16.81,15.05,16.81,15.28,1.53,10.01,44355.01,72658.648,4.6807,5.9383,2.48,357.2259,339.3633,2.8356,10.4099,18.6377,0.1156,0.1339,119342.9509,9476.1644,7469.28,2006155.0046,159294.3236,,,4.903
600782,新钢股份,普钢,江西,19961225,600782.SH,20071119,14.9,15.55,14.6,15.28,14.76,0.52,3.52,13334.92,20322.868,1.4072,1.7853,0.63,324.7122,308.4753,2.5775,9.4624,16.9414,0.1271,0.1473,119342.9509,9476.1644,7469.28,1823560.2898,144795.792,,,4.903
600782,新钢股份,普钢,江西,19961225,600782.SH,20071116,14.88,15.0,14.3,14.76,15.06,-0.3,-1.99,12342.21,18002.94,1.3024,1.6524,0.57,313.6618,297.9775,2.4898,9.1404,16.3648,0.1316,0.1525,119342.9509,9476.1644,7469.28,1761501.9553,139868.1865,,,4.903
600782,新钢股份,普钢,江西,19961225,600782.SH,20071115,15.35,15.68,14.95,15.06,15.38,-0.32,-2.08,19101.18,29471.639,2.0157,2.5573,0.81,320.037,304.0339,2.5404,9.3262,16.6975,0.129,0.1494,119342.9509,9476.1644,7469.28,1797304.8406,142711.0359,,,4.903
600782,新钢股份,普钢,江西,19961225,600782.SH,20071114,14.56,15.45,14.55,15.38,14.48,0.9,6.22,19425.6,28997.505,2.0499,2.6007,0.72,326.8373,310.4942,2.5944,9.5244,17.0523,0.1263,0.1463,119342.9509,9476.1644,7469.28,1835494.5848,145743.4085,,,4.903
600782,新钢股份,普钢,江西,19961225,600782.SH,20071113,14.4,14.77,13.9,14.48,14.32,0.16,1.12,25320.9,36602.425,2.6721,3.39,1.06,307.7116,292.3248,2.4425,8.967,16.0544,0.1342,0.1554,119342.9509,9476.1644,7469.28,1728085.929,137214.8605,,,4.903
600782,新钢股份,普钢,江西,19961225,600782.SH,20071112,15.62,15.62,14.21,14.32,15.79,-1.47,-9.31,29021.19,41898.229,3.0625,3.8854,1.42,304.3115,289.0947,2.4155,8.8679,15.877,0.1357,0.1572,119342.9509,9476.1644,7469.28,1708991.0569,135698.6742,,,4.903
600782,新钢股份,普钢,江西,19961225,600782.SH,20071109,15.75,16.3,15.29,15.79,15.75,0.04,0.25,15169.25,23982.437,1.6008,2.0309,0.66,335.5501,318.7713,2.6635,9.7783,17.5068,0.123,0.1425,119342.9509,9476.1644,7469.28,1884425.1947,149628.6359,,,4.903
600782,新钢股份,普钢,江西,19961225,600782.SH,20071108,16.29,16.3,15.53,15.75,16.48,-0.73,-4.43,28764.59,45396.986,3.0355,3.8511,1.17,334.7001,317.9638,2.6568,9.7535,17.4625,0.1234,0.1429,119342.9509,9476.1644,7469.28,1879651.4767,149249.5893,,,4.903
600782,新钢股份,普钢,江西,19961225,600782.SH,20071107,18.0,18.36,16.26,16.48,18.07,-1.59,-8.8,36250.32,60830.652,3.8254,4.8533,1.52,350.2132,332.7012,2.7799,10.2056,18.2719,0.1179,0.1366,119342.9509,9476.1644,7469.28,1966771.8308,156167.1893,,,4.903
600782,新钢股份,普钢,江西,19961225,600782.SH,20071106,18.0,18.33,17.7,18.07,17.98,0.09,0.5,9836.68,17698.423,1.038,1.317,0.37,384.002,364.8004,3.0481,11.1902,20.0347,0.1075,0.1245,119342.9509,9476.1644,7469.28,2156527.1228,171234.2907,,,4.903
600782,新钢股份,普钢,江西,19961225,600782.SH,20071105,18.0,18.59,17.54,17.98,17.9,0.08,0.45,12345.63,22332.074,1.3028,1.6529,0.39,382.0894,362.9834,3.0329,11.1345,19.935,0.1081,0.1252,119342.9509,9476.1644,7469.28,2145786.2572,170381.4359,,,4.903
600782,新钢股份,普钢,江西,19961225,600782.SH,20071102,18.21,18.3,17.28,17.9,18.81,-0.91,-4.84,28446.07,50503.99,3.0019,3.8084,0.93,61.5863,58.5068,9.5134,1.7947,3.2132,0.6704,0.7765,19322.0374,9476.1644,7469.28,345864.4695,169623.3428,,,4.903
600782,新钢股份,普钢,江西,19961225,600782.SH,20071101,20.48,20.7,18.8,18.81,20.48,-1.67,-8.15,36026.75,70125.021,3.8018,4.8233,1.19,64.7173,61.4812,9.997,1.8859,3.3765,0.638,0.739,19322.0374,9476.1644,7469.28,363447.5235,178246.6524,,,4.903
600782,新钢股份,普钢,江西,19961225,600782.SH,20071031,20.3,21.25,19.8,20.48,20.26,0.22,1.09,32240.19,66447.603,3.4022,4.3164,1.13,70.463,66.9396,10.8846,2.0534,3.6763,0.5859,0.6787,19322.0374,9476.1644,7469.28,395715.326,194071.8469,,,4.903
600782,新钢股份,普钢,江西,19961225,600782.SH,20071030,20.16,20.75,19.57,20.26,20.16,0.1,0.5,22989.81,46096.823,2.4261,3.0779,0.86,69.7061,66.2205,10.7676,2.0313,3.6368,0.5923,0.6861,19322.0374,9476.1644,7469.28,391464.4777,191987.0907,,,4.903
600782,新钢股份,普钢,江西,19961225,600782.SH,20071029,18.95,20.7,18.3,20.16,18.88,1.28,6.78,36982.07,72618.969,3.9026,4.9512,1.72,69.3621,65.8937,10.7145,2.0213,3.6189,0.5952,0.6895,19322.0374,9476.1644,7469.28,389532.274,191039.4743,,,4.903
600782,新钢股份,普钢,江西,19961225,600782.SH,20071026,18.7,19.5,17.82,18.88,18.84,0.04,0.21,24372.39,46026.936,2.572,3.263,1.12,64.9581,61.71,10.0342,1.8929,3.3891,0.6356,0.7362,19322.0374,9476.1644,7469.28,364800.0661,178909.9839,,,4.903
600782,新钢股份,普钢,江西,19961225,600782.SH,20071025,18.47,19.6,17.7,18.84,18.45,0.39,2.11,34835.31,66315.621,3.6761,4.6638,1.64,64.8205,61.5792,10.013,1.8889,3.3819,0.6369,0.7378,19322.0374,9476.1644,7469.28,364027.1846,178530.9373,,,4.903
600782,新钢股份,普钢,江西,19961225,600782.SH,20071024,17.99,18.73,17.78,18.45,17.8,0.65,3.65,23248.97,42580.028,2.4534,3.1126,1.12,63.4787,63.6657,10.2662,1.8498,3.3714,0.6504,0.7534,19322.0374,9476.1644,7469.28,356491.59,174835.2332,,,4.903
600782,新钢股份,普钢,江西,19961225,600782.SH,20071023,18.36,18.88,16.9,17.8,18.39,-0.59,-3.21,14576.38,25806.888,1.9515,1.9515,0.56,61.2423,61.4228,9.9045,1.7847,3.2526,0.6742,0.7809,19322.0374,7469.28,7469.28,343932.2657,132953.184,,,4.903
600782,新钢股份,普钢,江西,19961225,600782.SH,20071022,19.35,19.35,18.31,18.39,19.37,-0.98,-5.06,10770.11,20154.131,1.4419,1.4419,0.34,63.2722,63.4587,10.2328,1.8438,3.3604,0.6525,0.7558,19322.0374,7469.28,7469.28,355332.2678,137360.0592,,,4.903
600782,新钢股份,普钢,江西,19961225,600782.SH,20071019,18.67,19.87,18.0,19.37,18.66,0.71,3.8,24928.16,47448.721,3.3374,3.3374,0.65,66.644,66.8404,10.7781,1.9421,3.5395,0.6195,0.7176,19322.0374,7469.28,7469.28,374267.8644,144679.9536,,,4.903
600782,新钢股份,普钢,江西,19961225,600782.SH,20071018,20.0,20.0,18.4,18.66,20.08,-1.42,-7.07,32968.27,62317.472,4.4138,4.4138,0.88,64.2012,64.3904,10.3831,1.8709,3.4098,0.6431,0.7449,19322.0374,7469.28,7469.28,360549.2179,139376.7648,,,4.903
600782,新钢股份,普钢,江西,19961225,600782.SH,20071017,20.4,20.9,19.88,20.08,20.81,-0.73,-3.51,20727.67,41941.813,2.7751,2.7751,0.5,69.0868,69.2904,11.1732,2.0133,3.6692,0.5976,0.6922,19322.0374,7469.28,7469.28,387986.511,149983.1424,,,4.903
600782,新钢股份,普钢,江西,19961225,600782.SH,20071016,20.89,22.34,20.0,20.81,20.58,0.23,1.12,40059.87,86029.075,5.3633,5.3633,1.02,71.5984,71.8094,11.5794,2.0865,3.8026,0.5766,0.6679,19322.0374,7469.28,7469.28,402091.5983,155435.7168,,,4.903
600782,新钢股份,普钢,江西,19961225,600782.SH,20071015,20.18,21.3,19.01,20.58,20.46,0.12,0.59,41207.99,82857.694,5.517,5.517,1.06,70.8071,71.0158,11.4514,2.0634,3.7606,0.5831,0.6754,19322.0374,7469.28,7469.28,397647.5297,153717.7824,,,4.903
600782,新钢股份,普钢,江西,19961225,600782.SH,20071012,21.51,21.81,19.29,20.46,21.41,-0.95,-4.44,56367.57,113848.358,7.5466,7.5466,1.41,70.3942,70.6017,11.3847,2.0514,3.7387,0.5865,0.6794,19322.0374,7469.28,7469.28,395328.8852,152821.4688,,,4.903
600782,新钢股份,普钢,江西,19961225,600782.SH,20071011,22.23,22.7,21.2,21.41,22.23,-0.82,-3.69,29474.51,63880.914,3.9461,3.9461,0.63,73.6628,73.8799,11.9133,2.1466,3.9123,0.5605,0.6492,19322.0374,7469.28,7469.28,413684.8207,159917.2848,,,4.903
600782,新钢股份,普钢,江西,19961225,600782.SH,20071010,22.47,23.21,22.0,22.23,22.14,0.09,0.41,41332.97,93909.442,5.5337,5.5337,0.83,76.4841,76.7094,12.3695,2.2288,4.0621,0.5398,0.6253,19322.0374,7469.28,7469.28,429528.8914,166042.0944,,,4.903
600782,新钢股份,普钢,江西,19961225,600782.SH,20071009,22.1,22.5,21.12,22.14,22.18,-0.04,-0.18,27273.67,59063.126,3.6514,3.6514,0.44,76.1744,76.3989,12.3195,2.2198,4.0457,0.542,0.6278,19322.0374,7469.28,7469.28,427789.908,165369.8592,,,4.903
600782,新钢股份,普钢,江西,19961225,600782.SH,20071008,23.35,23.5,22.02,22.18,22.96,-0.78,-3.4,40697.99,91881.636,5.4487,5.4487,0.6,76.312,76.5369,12.3417,2.2238,4.053,0.541,0.6267,19322.0374,7469.28,7469.28,428562.7895,165668.6304,,,4.903
600782,新钢股份,普钢,江西,19961225,600782.SH,20070928,22.34,24.0,21.8,22.96,22.32,0.64,2.87,61073.48,139909.238,8.1766,8.1766,0.86,78.9957,79.2285,12.7757,2.302,4.1955,0.5226,0.6054,19322.0374,7469.28,7469.28,443633.9787,171494.6688,,,4.903
600782,新钢股份,普钢,江西,19961225,600782.SH,20070927,21.1,22.75,21.0,22.32,20.68,1.64,7.93,64653.86,142894.966,8.656,8.656,0.81,76.7937,77.02,12.4196,2.2378,4.0785,0.5376,0.6228,19322.0374,7469.28,7469.28,431267.8748,166714.3296,,,4.903
600782,新钢股份,普钢,江西,19961225,600782.SH,20070926,22.78,22.8,20.68,20.68,22.98,-2.3,-10.01,56559.54,122384.444,7.5723,7.5723,0.61,71.1512,71.3608,11.5071,2.0734,3.7789,0.5803,0.6721,19322.0374,7469.28,7469.28,399579.7334,154464.7104,,,4.903
600782,新钢股份,普钢,江西,19961225,600782.SH,20070925,22.0,23.6,21.4,22.98,21.89,1.09,4.98,89937.99,203451.989,12.0411,12.0411,0.76,79.0645,79.2975,12.7869,2.304,4.1992,0.5222,0.6049,19322.0374,7469.28,7469.28,444020.4195,171644.0544,,,4.903
600782,新钢股份,普钢,江西,19961225,600782.SH,20070924,22.0,22.5,21.12,21.89,21.71,0.18,0.83,67923.94,149419.259,9.0938,9.0938,0.58,75.3143,75.5362,12.1804,2.1947,4.0,0.5482,0.635,19322.0374,7469.28,7469.28,422959.3987,163502.5392,,,4.903
600782,新钢股份,普钢,江西,19961225,600782.SH,20070921,21.8,22.88,20.68,21.71,22.01,-0.3,-1.36,76401.46,164211.204,10.2288,10.2288,0.56,74.695,74.9151,12.0802,2.1767,3.9671,0.5527,0.6403,19322.0374,7469.28,7469.28,419481.432,162158.0688,,,4.903
600782,新钢股份,普钢,江西,19961225,600782.SH,20070920,22.39,23.77,21.5,22.01,22.01,0.0,0.0,107713.05,242985.881,14.4208,14.4208,0.81,75.7271,75.9503,12.2471,2.2068,4.0219,0.5452,0.6315,19322.0374,7469.28,7469.28,425278.0432,164398.8528,,,4.903
600782,新钢股份,普钢,江西,19961225,600782.SH,20070919,20.25,22.01,20.05,22.01,20.01,2.0,10.0,121046.85,257087.524,16.206,16.206,1.04,75.7271,75.9503,12.2471,2.2068,4.0219,0.5452,0.6315,19322.0374,7469.28,7469.28,425278.0432,164398.8528,,,4.903
600782,新钢股份,普钢,江西,19961225,600782.SH,20070918,19.91,20.34,18.91,20.01,18.49,1.52,8.22,215799.06,431475.067,28.8915,28.8915,2.59,68.846,69.0489,11.1343,2.0062,3.6564,0.5997,0.6947,19322.0374,7469.28,7469.28,386633.9684,149460.2928,,,4.903
600782,新钢股份,普钢,江西,19961225,600782.SH,20070917,17.5,18.49,17.5,18.49,16.81,1.68,9.99,62921.24,114259.411,8.424,8.424,0.73,63.6163,63.8038,10.2885,1.8538,3.3787,0.649,0.7518,19322.0374,7469.28,7469.28,357264.4715,138106.9872,,,4.903
600782,新钢股份,普钢,江西,19961225,600782.SH,20070914,16.68,16.81,15.66,16.81,15.28,1.53,10.01,176150.16,288298.39,23.5833,23.5833,3.0,57.8361,58.0066,9.3537,1.6854,3.0717,0.7139,0.8269,19322.0374,7469.28,7469.28,324803.4487,125558.5968,,,4.903
600782,新钢股份,普钢,江西,19961225,600782.SH,20070912,13.8,15.28,13.5,15.28,13.89,1.39,10.01,90079.66,133351.604,12.06,12.06,1.82,52.572,52.727,8.5023,1.532,2.7921,0.7853,0.9097,19322.0374,7469.28,7469.28,295240.7315,114130.5984,,,4.903
600782,新钢股份,普钢,江西,19961225,600782.SH,20070911,14.8,15.21,13.63,13.89,14.79,-0.9,-6.09,39229.87,57775.332,5.2522,5.2522,0.69,47.7896,47.9305,7.7289,1.3926,2.5381,0.8639,1.0007,19322.0374,7469.28,7469.28,268383.0995,103748.2992,,,4.903
600782,新钢股份,普钢,江西,19961225,600782.SH,20070910,14.79,14.95,14.02,14.79,14.79,0.0,0.0,47502.77,68479.211,6.3598,6.3598,0.82,50.8862,51.0361,8.2297,1.4829,2.7026,0.8114,0.9398,19322.0374,7469.28,7469.28,285772.9331,110470.6512,,,4.903
600782,新钢股份,普钢,江西,19961225,600782.SH,20070907,15.72,15.8,14.4,14.79,15.92,-1.13,-7.1,75939.93,114214.412,10.167,10.167,1.32,50.8862,51.0361,8.2297,1.4829,2.7026,0.8114,0.9398,19322.0374,7469.28,7469.28,285772.9331,110470.6512,,,4.903
600782,新钢股份,普钢,江西,19961225,600782.SH,20070906,15.9,16.25,15.68,15.92,15.96,-0.04,-0.25,41165.19,65467.699,5.5113,5.5113,0.68,54.774,54.9354,8.8584,1.5962,2.9091,0.7538,0.8731,19322.0374,7469.28,7469.28,307606.8354,118910.9376,,,4.903
600782,新钢股份,普钢,江西,19961225,600782.SH,20070905,16.0,16.16,15.53,15.96,15.93,0.03,0.19,43561.81,69264.631,5.8321,5.8321,0.74,54.9116,55.0735,8.8807,1.6002,2.9164,0.7519,0.8709,19322.0374,7469.28,7469.28,308379.7169,119209.7088,,,4.903
600782,新钢股份,普钢,江西,19961225,600782.SH,20070904,15.2,16.18,15.2,15.93,15.21,0.72,4.73,77880.11,123436.091,10.4267,10.4267,1.46,54.8084,54.9699,8.864,1.5972,2.9109,0.7533,0.8726,19322.0374,7469.28,7469.28,307800.0558,118985.6304,,,4.903
600782,新钢股份,普钢,江西,19961225,600782.SH,20070903,15.14,15.6,14.68,15.21,15.14,0.07,0.46,52654.42,79603.816,7.0495,7.0495,0.98,52.3312,52.4854,8.4634,1.525,2.7793,0.789,0.9139,19322.0374,7469.28,7469.28,293888.1889,113607.7488,,,4.903
600782,新钢股份,普钢,江西,19961225,600782.SH,20070831,15.4,16.1,15.01,15.14,15.1,0.04,0.26,73325.48,114809.237,9.8169,9.8169,1.45,52.0904,52.2439,8.4244,1.518,2.7665,0.7926,0.9181,19322.0374,7469.28,7469.28,292535.6462,113084.8992,,,4.903
600782,新钢股份,普钢,江西,19961225,600782.SH,20070830,14.41,15.18,14.25,15.1,14.33,0.77,5.37,55441.36,81911.954,7.4226,7.4226,0.95,51.9527,52.1058,8.4022,1.514,2.7592,0.7947,0.9205,19322.0374,7469.28,7469.28,291762.7647,112786.128,,,4.903
600782,新钢股份,普钢,江西,19961225,600782.SH,20070829,14.68,14.8,14.2,14.33,14.69,-0.36,-2.45,34650.09,49841.798,4.639,4.639,0.47,49.3035,49.4488,7.9737,1.4368,2.6185,0.8374,0.97,19322.0374,7469.28,7469.28,276884.7959,107034.7824,,,4.903
600782,新钢股份,普钢,江西,19961225,600782.SH,20070828,14.21,14.9,14.21,14.69,14.21,0.48,3.38,50762.73,73812.925,6.7962,6.7962,0.67,50.5421,50.691,8.174,1.4728,2.6843,0.8169,0.9462,19322.0374,7469.28,7469.28,283840.7294,109723.7232,15.61,12.77,4.903
600782,新钢股份,普钢,江西,19961225,600782.SH,20070827,14.63,14.98,14.1,14.21,14.62,-0.41,-2.8,53428.55,77762.373,7.1531,7.1531,0.61,48.8906,49.0347,7.9069,1.4247,2.5966,0.8445,0.9782,19322.0374,7469.28,7469.28,274566.1515,106138.4688,,,4.903
600782,新钢股份,普钢,江西,19961225,600782.SH,20070824,14.84,15.17,14.36,14.62,14.84,-0.22,-1.48,58596.36,85879.222,7.845,7.845,0.61,50.3013,50.4495,8.1351,1.4658,2.6715,0.8208,0.9508,19322.0374,7469.28,7469.28,282488.1868,109200.8736,,,4.903
600782,新钢股份,普钢,江西,19961225,600782.SH,20070823,15.0,15.5,14.61,14.84,14.83,0.01,0.07,93653.49,140534.919,12.5385,12.5385,0.95,51.0582,51.2086,8.2575,1.4879,2.7117,0.8086,0.9367,19322.0374,7469.28,7469.28,286739.035,110844.1152,,,4.903
600782,新钢股份,普钢,江西,19961225,600782.SH,20070822,13.41,14.83,13.41,14.83,13.48,1.35,10.01,110217.55,159084.824,14.7561,14.7561,1.29,51.0238,51.1741,8.2519,1.4869,2.7099,0.8092,0.9373,19322.0374,7469.28,7469.28,286545.8146,110769.4224,,,4.903
600782,新钢股份,普钢,江西,19961225,600782.SH,20070821,14.0,14.0,13.44,13.48,13.8,-0.32,-2.32,60562.7,82528.923,8.1082,8.1082,0.77,46.379,46.5157,7.5007,1.3515,2.4632,0.8902,1.0312,19322.0374,7469.28,7469.28,260461.0642,100685.8944,,,4.903
600782,新钢股份,普钢,江西,19961225,600782.SH,20070820,13.0,14.2,13.0,13.8,12.91,0.89,6.89,112741.06,156374.733,15.094,15.094,1.85,47.48,47.6199,7.6788,1.3836,2.5217,0.8696,1.0072,19322.0374,7469.28,7469.28,266644.1161,103076.064,,,4.903
600782,新钢股份,普钢,江西,19961225,600782.SH,20070817,12.5,13.5,12.45,12.91,12.67,0.24,1.89,105560.73,139132.218,14.1327,14.1327,2.29,44.4179,44.5488,7.1836,1.2944,2.3591,0.9295,1.0767,19322.0374,7469.28,7469.28,249447.5028,96428.4048,,,4.903
600782,新钢股份,普钢,江西,19961225,600782.SH,20070816,11.85,12.85,11.51,12.67,11.76,0.91,7.74,102781.69,127191.085,13.7606,13.7606,3.32,43.5921,43.7206,7.05,1.2703,2.3152,0.9471,1.0971,19322.0374,7469.28,7469.28,244810.2139,94635.7776,,,4.903
600782,新钢股份,普钢,江西,19961225,600782.SH,20070815,11.48,11.83,10.92,11.76,11.39,0.37,3.25,47174.68,54371.488,6.3158,6.3158,1.55,40.4612,40.5804,6.5437,1.1791,2.1489,1.0204,1.182,19322.0374,7469.28,7469.28,227227.1598,87838.7328,,,4.903
600782,新钢股份,普钢,江西,19961225,600782.SH,20070814,11.16,11.42,10.9,11.39,11.05,0.34,3.08,24399.7,27332.937,3.2667,3.2667,0.57,39.1882,39.3037,6.3378,1.142,2.0813,1.0536,1.2204,19322.0374,7469.28,7469.28,220078.006,85075.0992,,,4.903
600782,新钢股份,普钢,江西,19961225,600782.SH,20070813,11.33,11.48,10.61,11.05,11.18,-0.13,-1.16,23967.77,26239.577,3.2088,3.2088,0.42,38.0184,38.1304,6.1486,1.1079,2.0192,1.086,1.2579,19322.0374,7469.28,7469.28,213508.5133,82535.544,,,4.903
600782,新钢股份,普钢,江西,19961225,600782.SH,20070810,11.48,11.76,10.36,11.18,11.45,-0.27,-2.36,31840.99,35563.375,4.2629,4.2629,0.53,38.4657,38.579,6.2209,1.1209,2.0429,1.0733,1.2433,19322.0374,7469.28,7469.28,216020.3781,83506.5504,,,4.903
600782,新钢股份,普钢,江西,19961225,600782.SH,20070809,11.47,11.72,11.28,11.45,11.47,-0.02,-0.17,27257.45,31302.275,3.6493,3.6493,0.45,39.3946,39.5107,6.3712,1.148,2.0923,1.048,1.214,19322.0374,7469.28,7469.28,221237.3282,85523.256,,,4.903
600782,新钢股份,普钢,江西,19961225,600782.SH,20070808,11.89,11.89,11.02,11.47,11.94,-0.47,-3.94,44551.91,51004.996,5.9647,5.9647,0.73,39.4634,39.5797,6.3823,1.15,2.0959,1.0462,1.2119,19322.0374,7469.28,7469.28,221623.769,85672.6416,,,4.903
600782,新钢股份,普钢,江西,19961225,600782.SH,20070807,12.1,12.45,11.88,11.94,11.99,-0.05,-0.42,87366.31,105990.865,11.6968,11.6968,1.69,41.0805,41.2016,6.6438,1.1971,2.1818,1.005,1.1642,19322.0374,7469.28,7469.28,230705.1266,89183.2032,,,4.903
600782,新钢股份,普钢,江西,19961225,600782.SH,20070806,10.97,11.99,10.71,11.99,10.9,1.09,10.0,94428.44,109848.029,12.6422,12.6422,2.31,41.2525,41.3741,6.6717,1.2021,2.1909,1.0008,1.1593,19322.0374,7469.28,7469.28,231671.2284,89556.6672,,,4.903
600782,新钢股份,普钢,江西,19961225,600782.SH,20070803,10.68,10.96,10.41,10.9,10.65,0.25,2.35,45007.8,48099.868,6.0257,6.0257,1.12,37.5023,37.702,6.3422,1.0929,2.0563,1.1009,1.2752,19322.0374,7469.28,7469.28,210610.2077,81415.152,,,4.903
600782,新钢股份,普钢,江西,19961225,600782.SH,20070802,10.3,10.86,10.24,10.65,10.24,0.41,4.0,31499.15,33214.325,4.2172,4.2172,0.75,36.6422,36.8373,6.1967,1.0678,2.0092,1.1268,1.3052,19322.0374,7469.28,7469.28,205779.6983,79547.832,,,4.903
600782,新钢股份,普钢,江西,19961225,600782.SH,20070801,11.35,11.38,10.15,10.24,11.22,-0.98,-8.73,45424.86,48781.542,6.0816,6.0816,1.1,35.2315,35.4191,5.9582,1.0267,1.9318,1.1719,1.3574,19322.0374,7469.28,7469.28,197857.663,76485.4272,,,4.903
600782,新钢股份,普钢,江西,19961225,600782.SH,20070731,11.09,11.38,10.8,11.22,11.08,0.14,1.26,42334.97,47067.7,5.6679,5.6679,0.96,38.6033,38.8089,6.5284,1.1249,2.1167,1.0695,1.2389,19322.0374,7469.28,7469.28,216793.2596,83805.3216,,,4.903
600782,新钢股份,普钢,江西,19961225,600782.SH,20070730,11.06,11.46,10.68,11.08,10.86,0.22,2.03,40124.66,44860.514,5.372,5.372,0.83,38.1216,38.3246,6.4469,1.1109,2.0903,1.083,1.2545,19322.0374,7469.28,7469.28,214088.1744,82759.6224,,,4.903
600782,新钢股份,普钢,江西,19961225,600782.SH,20070727,10.3,11.2,10.13,10.86,10.41,0.45,4.32,41966.78,45459.632,5.6186,5.6186,0.91,37.3647,37.5637,6.3189,1.0888,2.0488,1.105,1.2799,19322.0374,7469.28,7469.28,209837.3262,81116.3808,,,4.903
600782,新钢股份,普钢,江西,19961225,600782.SH,20070726,10.3,10.5,10.05,10.41,10.3,0.11,1.07,39647.05,40890.493,5.308,5.308,0.98,35.8164,36.0072,6.0571,1.0437,1.9639,1.1527,1.3353,19322.0374,7469.28,7469.28,201142.4093,77755.2048,,,4.903
600782,新钢股份,普钢,江西,19961225,600782.SH,20070725,9.66,10.59,9.63,10.3,9.66,0.64,6.63,42933.18,43915.313,5.748,5.748,1.18,35.438,35.6267,5.9931,1.0327,1.9431,1.165,1.3495,19322.0374,7469.28,7469.28,199016.9852,76933.584,,,4.903
600782,新钢股份,普钢,江西,19961225,600782.SH,20070724,10.24,10.25,9.61,9.66,9.92,-0.26,-2.62,55071.72,55183.06,7.3731,7.3731,1.86,33.236,33.413,5.6207,0.9685,1.8224,1.2422,1.4389,19322.0374,7469.28,7469.28,186650.8813,72153.2448,,,4.903
600782,新钢股份,普钢,江西,19961225,600782.SH,20070723,9.0,9.92,9.0,9.92,9.02,0.9,9.98,63264.6,60532.588,8.47,8.47,3.01,34.1305,34.3123,5.772,0.9946,1.8714,1.2097,1.4012,19322.0374,7469.28,7469.28,191674.611,74095.2576,,,4.903
600782,新钢股份,普钢,江西,19961225,600782.SH,20070720,8.64,9.1,8.45,9.02,8.65,0.37,4.28,29247.32,25989.665,3.9157,3.9157,1.55,31.034,31.1993,5.2483,0.9044,1.7017,1.3304,1.541,19322.0374,7469.28,7469.28,174284.7773,67372.9056,,,4.903
600782,新钢股份,普钢,江西,19961225,600782.SH,20070719,8.88,8.88,8.62,8.65,8.81,-0.16,-1.82,12616.15,11020.479,1.6891,1.6891,0.58,29.761,29.9195,5.033,0.8673,1.6318,1.3873,1.6069,19322.0374,7469.28,7469.28,167135.6235,64609.272,,,4.903
600782,新钢股份,普钢,江西,19961225,600782.SH,20070718,8.9,9.07,8.7,8.81,8.87,-0.06,-0.68,21256.7,18933.824,2.8459,2.8459,0.85,30.3115,30.4729,5.1261,0.8833,1.662,1.3621,1.5778,19322.0374,7469.28,7469.28,170227.1495,65804.3568,,,4.903
600782,新钢股份,普钢,江西,19961225,600782.SH,20070717,8.4,8.9,8.3,8.87,8.5,0.37,4.35,21811.7,18959.718,2.9202,2.9202,0.66,30.5179,30.6804,5.161,0.8893,1.6734,1.3529,1.5671,19322.0374,7469.28,7469.28,171386.4717,66252.5136,,,4.903
600782,新钢股份,普钢,江西,19961225,600782.SH,20070716,8.83,8.98,8.39,8.5,8.94,-0.44,-4.92,20117.88,17356.529,2.6934,2.6934,0.52,29.2449,29.4007,4.9457,0.8522,1.6036,1.4118,1.6353,19322.0374,7469.28,7469.28,164237.3179,63488.88,,,4.903
600782,新钢股份,普钢,江西,19961225,600782.SH,20070713,9.16,9.16,8.75,8.94,9.09,-0.15,-1.65,18840.5,16722.85,2.5224,2.5224,0.41,30.7588,30.9226,5.2018,0.8963,1.6866,1.3423,1.5548,19322.0374,7469.28,7469.28,172739.0144,66775.3632,,,4.903
600782,新钢股份,普钢,江西,19961225,600782.SH,20070712,9.25,9.42,8.87,9.09,9.32,-0.23,-2.47,26495.32,24289.382,3.5472,3.5472,0.54,31.2749,31.4414,5.289,0.9114,1.7149,1.3201,1.5292,19322.0374,7469.28,7469.28,175637.32,67895.7552,,,4.903
600782,新钢股份,普钢,江西,19961225,600782.SH,20070711,9.22,9.67,9.01,9.32,9.35,-0.03,-0.32,37124.36,34900.554,4.9703,4.9703,0.76,32.0662,32.237,5.4229,0.9344,1.7582,1.2876,1.4914,19322.0374,7469.28,7469.28,180081.3886,69613.6896,,,4.903
600782,新钢股份,普钢,江西,19961225,600782.SH,20070710,9.14,9.68,8.69,9.35,9.16,0.19,2.07,62580.1,58196.573,8.3783,8.3783,1.49,32.1694,32.3407,5.4403,0.9374,1.7639,1.2834,1.4866,19322.0374,7469.28,7469.28,180661.0497,69837.768,,,4.903
600782,新钢股份,普钢,江西,19961225,600782.SH,20070709,9.05,9.36,8.6,9.16,9.1,0.06,0.66,48742.37,44162.622,6.5257,6.5257,1.14,31.5157,31.6835,5.3298,0.9184,1.7281,1.31,1.5175,19322.0374,7469.28,7469.28,176989.8626,68418.6048,,,4.903
600782,新钢股份,普钢,江西,19961225,600782.SH,20070706,8.2,9.16,7.74,9.1,8.36,0.74,8.85,55243.05,46912.089,7.396,7.396,1.3,31.3093,31.476,5.2949,0.9124,1.7167,1.3187,1.5275,19322.0374,7469.28,7469.28,175830.5403,67970.448,,,4.903
600782,新钢股份,普钢,江西,19961225,600782.SH,20070705,9.0,9.0,8.36,8.36,9.29,-0.93,-10.01,43925.38,37316.644,5.8808,5.8808,1.02,28.7632,28.9164,4.8643,0.8382,1.5771,1.4354,1.6627,19322.0374,7469.28,7469.28,161532.2327,62443.1808,,,4.903
600782,新钢股份,普钢,江西,19961225,600782.SH,20070704,9.93,9.93,9.2,9.29,9.93,-0.64,-6.45,32249.05,30562.243,4.3176,4.3176,0.65,31.963,32.1332,5.4054,0.9314,1.7526,1.2917,1.4962,19322.0374,7469.28,7469.28,179501.7274,69389.6112,,,4.903
600782,新钢股份,普钢,江西,19961225,600782.SH,20070703,10.02,10.1,9.56,9.93,9.8,0.13,1.33,29415.07,29137.704,3.9381,3.9381,0.55,34.1649,34.3469,5.7778,0.9956,1.8733,1.2085,1.3998,19322.0374,7469.28,7469.28,191867.8314,74169.9504,,,4.903
600782,新钢股份,普钢,江西,19961225,600782.SH,20070702,10.28,10.45,9.49,9.8,10.54,-0.74,-7.02,52428.88,50942.344,7.0193,7.0193,0.86,33.7177,33.8972,5.7021,0.9826,1.8488,1.2245,1.4184,19322.0374,7469.28,7469.28,189355.9665,73198.944,,,4.903
600782,新钢股份,普钢,江西,19961225,600782.SH,20070629,11.01,11.5,10.54,10.54,11.71,-1.17,-9.99,55021.88,59023.386,7.3664,7.3664,0.89,36.2637,36.4568,6.1327,1.0568,1.9884,1.1385,1.3188,19322.0374,7469.28,7469.28,203654.2742,78726.2112,,,4.903
600782,新钢股份,普钢,江西,19961225,600782.SH,20070628,12.68,13.1,11.68,11.71,12.73,-1.02,-8.01,45461.33,56789.426,6.0864,6.0864,0.71,40.2892,40.5037,6.8135,1.1741,2.2091,1.0248,1.187,19322.0374,7469.28,7469.28,226261.058,87465.2688,,,4.903
600782,新钢股份,普钢,江西,19961225,600782.SH,20070627,12.75,13.02,12.41,12.87,12.61,0.26,2.06,65693.02,83690.786,8.7951,8.7951,0.88,44.2802,44.516,6.9281,1.2904,2.428,0.9324,,19322.0374,7469.28,7469.28,248674.6213,96129.6336,,,4.903
600782,新钢股份,普钢,江西,19961225,600782.SH,20070626,12.11,12.64,11.45,12.61,12.31,0.3,2.44,48827.35,58230.755,6.5371,6.5371,0.54,43.3857,43.6167,6.7881,1.2643,2.3789,0.9516,,19322.0374,7469.28,7469.28,243650.8916,94187.6208,,,4.903
600782,新钢股份,普钢,江西,19961225,600782.SH,20070625,12.62,12.94,11.41,12.31,12.12,0.19,1.57,89854.91,112075.12,12.0299,12.0299,1.05,42.3535,42.5791,6.6266,1.2342,2.3223,0.9748,0.9748,19322.0374,7469.28,7469.28,237854.2804,91946.8368,,,4.903
600782,新钢股份,普钢,江西,19961225,600782.SH,20070622,12.45,13.06,11.3,12.12,12.39,-0.27,-2.18,59204.8,72719.266,7.9264,7.9264,0.71,41.6998,41.9219,6.5244,1.2152,2.2865,0.9901,0.9901,19322.0374,7469.28,7469.28,234183.0933,90527.6736,,,4.903
600782,新钢股份,普钢,江西,19961225,600782.SH,20070621,12.65,12.94,12.02,12.39,12.65,-0.26,-2.06,54854.02,67917.325,7.344,7.344,0.67,42.6288,42.8558,6.6697,1.2422,2.3374,0.9685,0.9685,19322.0374,7469.28,7469.28,239400.0434,92544.3792,,,4.903
600782,新钢股份,普钢,江西,19961225,600782.SH,20070620,13.75,14.18,12.3,12.65,13.51,-0.86,-6.37,119534.38,161346.067,16.0035,16.0035,1.61,43.5233,43.7551,6.8097,1.2683,2.3865,0.9486,0.9486,19322.0374,7469.28,7469.28,244423.7731,94486.392,,,4.903
600782,新钢股份,普钢,江西,19961225,600782.SH,20070619,12.26,13.51,12.26,13.51,12.28,1.23,10.02,130015.63,170853.813,17.4067,17.4067,2.07,46.4822,46.7297,7.2726,1.3545,2.5487,0.8882,0.8882,19322.0374,7469.28,7469.28,261040.7253,100909.9728,,,4.903
600782,新钢股份,普钢,江西,19961225,600782.SH,20070618,12.16,12.6,12.05,12.28,11.91,0.37,3.11,64558.69,78851.891,8.6432,8.6432,1.07,42.2503,42.4753,6.6105,1.2312,2.3167,0.9772,0.9772,19322.0374,7469.28,7469.28,237274.6193,91722.7584,,,4.903
600782,新钢股份,普钢,江西,19961225,600782.SH,20070615,11.88,12.6,11.78,11.91,12.22,-0.31,-2.54,46124.82,55649.431,6.1753,6.1753,0.69,40.9773,41.1955,6.4113,1.1941,2.2469,1.0076,1.0076,19322.0374,7469.28,7469.28,230125.4654,88959.1248,,,4.903
600782,新钢股份,普钢,江西,19961225,600782.SH,20070614,12.9,12.9,12.2,12.22,12.78,-0.56,-4.38,52187.75,65043.188,6.987,6.987,0.71,42.0439,42.2678,6.5782,1.2252,2.3053,0.982,0.982,19322.0374,7469.28,7469.28,236115.297,91274.6016,,,4.903
600782,新钢股份,普钢,江西,19961225,600782.SH,20070613,12.3,13.09,12.3,12.78,12.07,0.71,5.88,77567.37,98618.422,10.3849,10.3849,1.04,43.9706,44.2047,6.8797,1.2813,2.411,0.939,0.939,19322.0374,7469.28,7469.28,246935.638,95457.3984,,,4.903
600782,新钢股份,普钢,江西,19961225,600782.SH,20070612,12.16,12.16,11.03,12.07,12.16,-0.09,-0.74,73802.38,85720.904,9.8808,9.8808,1.15,41.5278,41.7489,6.4975,1.2102,2.277,0.9942,0.9942,19322.0374,7469.28,7469.28,233216.9914,90154.2096,,,4.903
600782,新钢股份,普钢,江西,19961225,600782.SH,20070611,12.41,12.5,12.1,12.16,12.39,-0.23,-1.86,53345.36,65626.615,7.142,7.142,0.94,41.8374,42.0602,6.5459,1.2192,2.294,0.9868,0.9868,19322.0374,7469.28,7469.28,234955.9748,90826.4448,,,4.903
600782,新钢股份,普钢,江西,19961225,600782.SH,20070608,12.19,12.83,11.81,12.39,12.29,0.1,0.81,75601.93,92657.284,10.1217,10.1217,1.55,42.6288,42.8558,6.6697,1.2422,2.3374,0.9685,0.9685,19322.0374,7469.28,7469.28,239400.0434,92544.3792,,,4.903
600782,新钢股份,普钢,江西,19961225,600782.SH,20070607,11.72,12.78,11.72,12.29,11.67,0.62,5.31,88634.38,108683.762,11.8665,11.8665,2.59,42.2847,42.5099,6.6159,1.2322,2.3185,0.9764,0.9764,19322.0374,7469.28,7469.28,237467.8396,91797.4512,,,4.903
600782,新钢股份,普钢,江西,19961225,600782.SH,20070606,11.18,11.67,10.88,11.67,10.61,1.06,9.99,82788.84,94178.611,11.0839,11.0839,2.7,40.1515,40.3654,6.2821,1.1701,2.2016,1.0283,1.0283,19322.0374,7469.28,7469.28,225488.1765,87166.4976,,,4.903
600782,新钢股份,普钢,江西,19961225,600782.SH,20070605,10.61,10.61,10.61,10.61,11.79,-1.18,-10.01,19765.0,20970.665,2.6462,2.6462,0.49,36.5045,36.6989,5.7115,1.0638,2.0016,1.131,1.131,19322.0374,7469.28,7469.28,205006.8168,79249.0608,,,4.903
600782,新钢股份,普钢,江西,19961225,600782.SH,20070604,11.79,11.85,11.79,11.79,13.1,-1.31,-10.0,17357.71,20465.515,2.3239,2.3239,0.35,40.5644,40.7804,6.3467,1.1821,2.2242,1.0178,1.0178,19322.0374,7469.28,7469.28,227806.8209,88062.8112,,,4.903
600782,新钢股份,普钢,江西,19961225,600782.SH,20070601,13.12,13.85,13.1,13.1,14.55,-1.45,-9.97,35801.61,47573.606,4.7932,4.7932,0.62,45.0716,45.3116,7.0519,1.3134,2.4714,0.916,0.916,19322.0374,7469.28,7469.28,253118.6899,97847.568,,,4.903
600782,新钢股份,普钢,江西,19961225,600782.SH,20070531,14.56,14.84,14.55,14.55,16.17,-1.62,-10.02,15497.0,22575.419,2.0748,2.0748,0.22,50.0604,50.327,7.8325,1.4588,2.7449,0.8247,0.8247,19322.0374,7469.28,7469.28,281135.6442,108678.024,,,4.903
600782,新钢股份,普钢,江西,19961225,600782.SH,20070529,16.15,16.38,15.71,16.17,16.09,0.08,0.5,64971.56,104083.373,8.6985,8.6985,0.8,55.6341,55.9304,8.7045,1.6212,3.0505,0.7421,0.7421,19322.0374,7469.28,7469.28,312437.3448,120778.2576,,,4.903
600782,新钢股份,普钢,江西,19961225,600782.SH,20070528,16.01,16.66,16.0,16.09,15.79,0.3,1.9,69467.21,112720.719,9.3004,9.3004,0.75,55.3589,55.6537,8.6615,1.6132,3.0354,0.7458,0.7458,19322.0374,7469.28,7469.28,310891.5818,120180.7152,,,4.903
600782,新钢股份,普钢,江西,19961225,600782.SH,20070525,15.74,16.08,15.4,15.79,15.79,0.0,0.0,62616.57,98985.377,8.3832,8.3832,0.6,54.3267,54.616,8.5,1.5831,2.9788,0.76,0.76,19322.0374,7469.28,7469.28,305094.9705,117939.9312,,,4.903
600782,新钢股份,普钢,江西,19961225,600782.SH,20070524,16.13,16.25,15.3,15.79,16.19,-0.4,-2.47,75344.5,118579.351,10.0873,10.0873,0.73,54.3267,54.616,8.5,1.5831,2.9788,0.76,0.76,19322.0374,7469.28,7469.28,305094.9705,117939.9312,,,4.903
600782,新钢股份,普钢,江西,19961225,600782.SH,20070523,16.32,16.9,15.8,16.19,16.42,-0.23,-1.4,78445.38,128166.596,10.5024,10.5024,0.78,55.703,55.9996,8.7153,1.6232,3.0543,0.7412,0.7412,19322.0374,7469.28,7469.28,312823.7855,120927.6432,,,4.903
600782,新钢股份,普钢,江西,19961225,600782.SH,20070522,16.0,16.49,15.36,16.42,15.76,0.66,4.19,117954.9,185486.96,15.792,15.792,1.2,56.4943,56.7951,8.8391,1.6463,3.0977,0.7308,0.7308,19322.0374,7469.28,7469.28,317267.8541,122645.5776,,,4.903
600782,新钢股份,普钢,江西,19961225,600782.SH,20070521,14.85,16.7,14.52,15.76,15.36,0.4,2.6,126904.89,201072.457,16.9902,16.9902,1.42,54.2235,54.5123,8.4838,1.5801,2.9732,0.7614,0.7614,19322.0374,7469.28,7469.28,304515.3094,117715.8528,,,4.903
600782,新钢股份,普钢,江西,19961225,600782.SH,20070518,13.79,15.36,13.52,15.36,13.96,1.4,10.03,124676.3,184360.083,16.6919,16.6919,1.3,52.8473,53.1287,8.2685,1.54,2.8977,0.7813,0.7813,19322.0374,7469.28,7469.28,296786.4945,114728.1408,,,4.903
600782,新钢股份,普钢,江西,19961225,600782.SH,20070517,13.35,14.2,13.03,13.96,13.34,0.62,4.65,67390.39,92385.905,9.0223,9.0223,0.67,48.0305,48.2863,7.5149,1.3997,2.6336,0.8596,0.8596,19322.0374,7469.28,7469.28,269735.6421,104271.1488,,,4.903
600782,新钢股份,普钢,江西,19961225,600782.SH,20070516,13.28,13.75,12.2,13.34,13.32,0.02,0.15,65837.5,85602.96,8.8144,8.8144,0.56,45.8973,46.1417,7.1811,1.3375,2.5166,0.8996,0.8996,19322.0374,7469.28,7469.28,257755.9789,99640.1952,,,4.903
600782,新钢股份,普钢,江西,19961225,600782.SH,20070515,13.32,14.24,13.15,13.32,13.32,0.0,0.0,107179.62,146687.446,14.3494,14.3494,0.99,45.8285,46.0726,7.1703,1.3355,2.5129,0.9009,0.9009,19322.0374,7469.28,7469.28,257369.5382,99490.8096,,,4.903
600782,新钢股份,普钢,江西,19961225,600782.SH,20070514,13.19,13.7,12.95,13.32,13.42,-0.1,-0.75,81575.2,109447.857,10.9214,10.9214,0.79,45.8285,46.0726,7.1703,1.3355,2.5129,0.9009,0.9009,19322.0374,7469.28,7469.28,257369.5382,99490.8096,,,4.903
600782,新钢股份,普钢,江西,19961225,600782.SH,20070511,12.15,13.42,11.7,13.42,12.2,1.22,10.0,158279.38,206405.073,21.1907,21.1907,1.89,46.1726,46.4184,7.2242,1.3455,2.5317,0.8942,0.8942,19322.0374,7469.28,7469.28,259301.7419,100237.7376,,,4.903
600782,新钢股份,普钢,江西,19961225,600782.SH,20070510,12.1,12.68,11.68,12.2,12.18,0.02,0.16,93533.04,113134.12,12.5224,12.5224,1.16,41.9751,42.1986,6.5674,1.2232,2.3016,0.9836,0.9836,19322.0374,7469.28,7469.28,235728.8563,91125.216,,,4.903
600782,新钢股份,普钢,江西,19961225,600782.SH,20070509,11.3,12.36,11.02,12.18,11.24,0.94,8.36,142969.78,170549.283,19.141,19.141,2.08,41.9062,42.1294,6.5567,1.2212,2.2978,0.9852,0.9852,19322.0374,7469.28,7469.28,235342.4155,90975.8304,,,4.903
600782,新钢股份,普钢,江西,19961225,600782.SH,20070508,10.74,11.57,10.74,11.24,10.68,0.56,5.24,63750.06,71570.713,8.535,8.535,0.9,38.6721,38.878,6.0507,1.1269,2.1205,1.0676,1.0676,19322.0374,7469.28,7469.28,217179.7004,83954.7072,,,4.903
600782,新钢股份,普钢,江西,19961225,600782.SH,20070430,11.04,11.04,10.5,10.68,11.14,-0.46,-4.13,60967.98,65287.722,8.1625,8.1625,0.87,36.7454,36.9411,5.7492,1.0708,2.0148,1.1236,1.1236,19322.0374,7469.28,7469.28,206359.3594,79771.9104,,,4.903
600782,新钢股份,普钢,江西,19961225,600782.SH,20070427,11.4,11.68,11.0,11.14,11.37,-0.23,-2.02,58417.27,66182.118,7.821,7.821,0.77,38.328,38.5322,5.9968,1.1169,2.1016,1.0772,1.0772,19322.0374,7469.28,7469.28,215247.4966,83207.7792,,,4.903
600782,新钢股份,普钢,江西,19961225,600782.SH,20070425,10.99,11.52,10.76,11.37,11.09,0.28,2.52,77764.36,87218.686,10.4112,10.4112,0.93,39.1194,39.3277,6.1206,1.14,2.145,1.0554,1.0554,19322.0374,7469.28,7469.28,219691.5652,84925.7136,,,4.903
600782,新钢股份,普钢,江西,19961225,600782.SH,20070424,11.03,11.35,10.7,11.09,11.0,0.09,0.82,82867.1,91181.397,11.0944,11.0944,0.93,38.156,38.3592,5.9699,1.1119,2.0922,1.0821,1.0821,19322.0374,7469.28,7469.28,214281.3948,82834.3152,,,4.903
600782,新钢股份,普钢,江西,19961225,600782.SH,20070423,10.71,11.2,10.52,11.0,10.52,0.48,4.56,73267.98,79720.809,9.8092,9.8092,0.85,37.8464,38.0479,5.9215,1.1029,2.0752,1.0909,1.0909,19322.0374,7469.28,7469.28,212542.4114,82162.08,,,4.903
600782,新钢股份,普钢,江西,19961225,600782.SH,20070420,10.21,10.76,10.21,10.52,10.07,0.45,4.47,58556.13,61550.14,7.8396,7.8396,0.68,36.1949,37.8715,3.3363,1.0548,2.0229,1.1407,1.1407,19322.0374,7469.28,7469.28,203267.8334,78576.8256,,,4.903
600782,新钢股份,普钢,江西,19961225,600782.SH,20070419,11.02,11.02,10.04,10.07,11.16,-1.09,-9.77,88097.64,91987.536,11.7947,11.7947,1.06,34.6466,36.2516,3.1936,1.0096,1.9364,1.1917,1.1917,19322.0374,7469.28,7469.28,194572.9166,75215.6496,,,4.903
600782,新钢股份,普钢,江西,19961225,600782.SH,20070418,11.55,11.8,11.0,11.16,11.19,-0.03,-0.27,114538.27,130294.157,15.3346,15.3346,1.45,38.3969,40.1755,3.5393,1.1189,2.146,1.0753,1.0753,19322.0374,7469.28,7469.28,215633.9374,83357.1648,,,4.903
600782,新钢股份,普钢,江西,19961225,600782.SH,20070417,10.22,11.19,10.05,11.19,10.17,1.02,10.03,112381.81,118201.481,15.0459,15.0459,1.23,38.5001,40.2835,3.5488,1.1219,2.1517,1.0724,1.0724,19322.0374,7469.28,7469.28,216213.5985,83581.2432,,,4.903
600782,新钢股份,普钢,江西,19961225,600782.SH,20070416,9.9,10.31,9.9,10.17,9.98,0.19,1.9,55984.16,56657.859,7.4953,7.4953,0.54,34.9907,36.6115,3.2253,1.0197,1.9556,1.1799,1.1799,19322.0374,7469.28,7469.28,196505.1204,75962.5776,,,4.903
600782,新钢股份,普钢,江西,19961225,600782.SH,20070413,10.21,10.4,9.91,9.98,10.43,-0.45,-4.31,62632.35,63569.291,8.3853,8.3853,0.68,34.337,35.9276,3.1651,1.0006,1.9191,1.2024,1.2024,19322.0374,7469.28,7469.28,192833.9333,74543.4144,,,4.903
600782,新钢股份,普钢,江西,19961225,600782.SH,20070412,10.33,10.5,10.12,10.43,10.41,0.02,0.19,71179.84,73349.229,9.5297,9.5297,0.91,35.8852,37.5475,3.3078,1.0457,2.0056,1.1505,1.1505,19322.0374,7469.28,7469.28,201528.8501,77904.5904,,,4.903
600782,新钢股份,普钢,江西,19961225,600782.SH,20070411,10.3,10.78,9.98,10.41,10.28,0.13,1.26,92253.94,95867.607,12.3511,12.3511,1.55,35.8164,37.4755,3.3014,1.0437,2.0017,1.1527,1.1527,19322.0374,7469.28,7469.28,201142.4093,77755.2048,,,4.903
600782,新钢股份,普钢,江西,19961225,600782.SH,20070410,10.39,10.67,9.72,10.28,10.25,0.03,0.29,175903.95,179806.169,23.5503,23.5503,4.24,35.3691,37.0075,3.2602,1.0307,1.9768,1.1673,1.1673,19322.0374,7469.28,7469.28,198630.5445,76784.1984,,,4.903
600782,新钢股份,普钢,江西,19961225,600782.SH,20070409,10.25,10.25,9.65,10.25,9.32,0.93,9.98,116178.16,117425.869,15.5541,15.5541,3.6,35.2659,36.8995,3.2507,1.0277,1.971,1.1707,1.1707,19322.0374,7469.28,7469.28,198050.8834,76560.12,,,4.903
600782,新钢股份,普钢,江西,19961225,600782.SH,20070406,9.32,9.32,9.32,9.32,8.47,0.85,10.04,3925.98,3659.013,0.5256,0.5256,0.1,32.0662,33.5516,2.9557,0.9344,1.7922,1.2876,1.2876,19322.0374,7469.28,7469.28,180081.3886,69613.6896,,,4.903
600782,新钢股份,普钢,江西,19961225,600782.SH,20070405,8.47,8.47,8.47,8.47,7.7,0.77,10.0,835.88,707.99,0.1119,0.1119,0.02,29.1417,30.4916,2.6862,0.8492,1.6287,1.4168,1.4168,19322.0374,7469.28,7469.28,163657.6568,63264.8016,,,4.903
600782,新钢股份,普钢,江西,19961225,600782.SH,20070404,7.7,7.7,7.7,7.7,7.0,0.7,10.0,986.69,759.751,0.1321,0.1321,0.02,26.4925,27.7197,2.442,0.772,1.4806,1.5584,1.5584,19322.0374,7469.28,7469.28,148779.688,57513.456,,,4.903
600782,新钢股份,普钢,江西,19961225,600782.SH,20070319,6.29,7.0,6.2,7.0,6.36,0.64,10.06,85328.6,58423.134,11.4239,15.1938,1.62,42.821,31.8588,4.1638,1.6365,1.4581,1.7143,1.7143,19322.0374,7469.28,5616.0,135254.2618,52284.96,,,4.903
600782,新钢股份,普钢,江西,19961225,600782.SH,20070316,6.4,6.6,6.23,6.36,6.3,0.06,0.95,70248.28,45237.039,9.405,12.5086,1.53,38.9059,28.946,3.7831,1.4869,1.3248,1.8868,1.8868,19322.0374,7469.28,5616.0,122888.1579,47504.6208,,,4.903
600782,新钢股份,普钢,江西,19961225,600782.SH,20070315,6.14,6.33,6.06,6.3,6.17,0.13,2.11,41383.46,25967.435,5.5405,7.3688,0.88,38.5389,28.6729,3.7474,1.4728,1.3123,1.9048,1.9048,19322.0374,7469.28,5616.0,121728.8356,47056.464,,,4.903
600782,新钢股份,普钢,江西,19961225,600782.SH,20070314,6.32,6.32,6.03,6.17,6.32,-0.15,-2.37,46615.13,28653.474,6.2409,8.3004,1.02,37.7436,28.0813,3.6701,1.4425,1.2852,1.9449,1.9449,19322.0374,7469.28,5616.0,119216.9708,46085.4576,,,4.903
600782,新钢股份,普钢,江西,19961225,600782.SH,20070313,6.4,6.42,6.25,6.32,6.3,0.02,0.32,45585.99,28904.989,6.1031,8.1172,1.08,38.6612,28.764,3.7593,1.4775,1.3164,1.8987,1.8987,19322.0374,7469.28,5616.0,122115.2764,47205.8496,,,4.903
600782,新钢股份,普钢,江西,19961225,600782.SH,20070312,6.02,6.37,6.01,6.3,6.04,0.26,4.3,59962.64,37243.138,8.0279,10.6771,1.53,38.5389,28.6729,3.7474,1.4728,1.3123,1.9048,1.9048,19322.0374,7469.28,5616.0,121728.8356,47056.464,,,4.903
600782,新钢股份,普钢,江西,19961225,600782.SH,20070309,6.14,6.18,5.96,6.04,6.14,-0.1,-1.63,35905.51,21746.869,4.8071,6.3934,0.81,36.9484,27.4896,3.5927,1.4121,1.2581,1.9868,1.9868,19322.0374,7469.28,5616.0,116705.1059,45114.4512,,,4.903
600782,新钢股份,普钢,江西,19961225,600782.SH,20070308,6.05,6.15,5.9,6.14,6.01,0.13,2.16,46295.61,27938.915,6.1981,8.2435,0.75,37.5601,27.9447,3.6522,1.4354,1.2789,1.9544,1.9544,19322.0374,7469.28,5616.0,118637.3096,45861.3792,,,4.903
600782,新钢股份,普钢,江西,19961225,600782.SH,20070307,5.93,6.04,5.87,6.01,5.9,0.11,1.86,40614.64,24204.682,5.4376,7.232,0.58,36.7649,27.3531,3.5749,1.405,1.2519,1.9967,1.9967,19322.0374,7469.28,5616.0,116125.4448,44890.3728,,,4.903
600782,新钢股份,普钢,江西,19961225,600782.SH,20070306,5.79,5.99,5.75,5.9,5.84,0.06,1.03,29219.19,17231.268,3.9119,5.2028,0.37,36.092,26.8524,3.5095,1.3793,1.2289,2.0339,2.0339,19322.0374,7469.28,5616.0,114000.0207,44068.752,,,4.903
600782,新钢股份,普钢,江西,19961225,600782.SH,20070305,5.89,6.05,5.6,5.84,5.91,-0.07,-1.18,44488.2,25917.95,5.9562,7.9217,0.53,35.7249,26.5794,3.4738,1.3653,1.2164,2.0548,2.0548,19322.0374,7469.28,5616.0,112840.6984,43620.5952,,,4.903
600782,新钢股份,普钢,江西,19961225,600782.SH,20070302,5.98,6.03,5.82,5.91,6.08,-0.17,-2.8,60875.98,36055.366,8.1502,10.8397,0.69,36.1531,26.898,3.5154,1.3817,1.231,2.0305,2.0305,19322.0374,7469.28,5616.0,114193.241,44143.4448,,,4.903
600782,新钢股份,普钢,江西,19961225,600782.SH,20070301,6.02,6.34,5.8,6.08,5.92,0.16,2.7,131727.15,79660.28,17.6359,23.4557,1.83,37.1931,27.6717,3.6165,1.4214,1.2664,1.9737,1.9737,19322.0374,7469.28,5616.0,117477.9874,45413.2224,,,4.903
600782,新钢股份,普钢,江西,19961225,600782.SH,20070228,5.27,5.92,5.26,5.92,5.38,0.54,10.04,85328.7,48390.109,11.424,15.1939,1.36,36.2143,26.9435,3.5214,1.384,1.2331,2.027,2.027,19322.0374,7469.28,5616.0,114386.4614,44218.1376,,,4.903
600782,新钢股份,普钢,江西,19961225,600782.SH,20070227,6.0,6.09,5.38,5.38,5.98,-0.6,-10.03,71308.82,40839.94,9.5469,12.6974,1.31,32.911,24.4858,3.2001,1.2578,1.1206,2.2305,2.2305,19322.0374,7469.28,5616.0,103952.5612,40184.7264,,,4.903
600782,新钢股份,普钢,江西,19961225,600782.SH,20070226,5.84,6.06,5.74,5.98,5.84,0.14,2.4,67372.1,39867.337,9.0199,11.9965,1.41,36.5813,27.2165,3.557,1.398,1.2456,2.0067,2.0067,19322.0374,7469.28,5616.0,115545.7837,44666.2944,,,4.903
600782,新钢股份,普钢,江西,19961225,600782.SH,20070216,5.51,6.0,5.46,5.84,5.49,0.35,6.38,83542.46,48069.051,11.1848,14.8758,2.28,35.7249,26.5794,3.4738,1.3653,1.2164,2.0548,2.0548,19322.0374,7469.28,5616.0,112840.6984,43620.5952,,,4.903
600782,新钢股份,普钢,江西,19961225,600782.SH,20070215,5.26,5.53,5.25,5.49,5.27,0.22,4.17,52317.79,28102.812,7.0044,9.3158,1.55,33.5839,24.9864,3.2656,1.2835,1.1435,2.1858,2.1858,19322.0374,7469.28,5616.0,106077.9853,41006.3472,,,4.903
600782,新钢股份,普钢,江西,19961225,600782.SH,20070214,5.17,5.38,5.17,5.27,5.17,0.1,1.93,40167.26,21157.869,5.3777,7.1523,1.28,32.2381,23.9851,3.1347,1.232,1.0977,2.277,2.277,19322.0374,7469.28,5616.0,101827.1371,39363.1056,,,4.903
600782,新钢股份,普钢,江西,19961225,600782.SH,20070213,5.16,5.19,5.07,5.17,5.16,0.01,0.19,28640.94,14692.55,3.8345,5.0999,0.92,31.6263,23.53,3.0752,1.2087,1.0769,2.3211,2.3211,19322.0374,7469.28,5616.0,99894.9334,38616.1776,,,4.903
600782,新钢股份,普钢,江西,19961225,600782.SH,20070212,5.04,5.17,5.04,5.16,5.02,0.14,2.79,34088.63,17468.212,4.5638,6.0699,1.24,31.5652,23.4845,3.0693,1.2063,1.0748,2.3256,2.3256,19322.0374,7469.28,5616.0,99701.713,38541.4848,,,4.903
600782,新钢股份,普钢,江西,19961225,600782.SH,20070209,5.08,5.11,4.95,5.02,5.07,-0.05,-0.99,27601.47,13840.196,3.6953,4.9148,1.02,30.7087,22.8473,2.986,1.1736,1.0456,2.3904,2.3904,19322.0374,7469.28,5616.0,96996.6277,37495.7856,,,4.903
600782,新钢股份,普钢,江西,19961225,600782.SH,20070208,4.98,5.1,4.92,5.07,4.92,0.15,3.05,38083.96,19145.317,5.0987,6.7813,1.51,31.0146,23.0749,3.0158,1.1853,1.0561,2.3669,2.3669,19322.0374,7469.28,5616.0,97962.7296,37869.2496,,,4.903
600782,新钢股份,普钢,江西,19961225,600782.SH,20070207,4.95,4.99,4.86,4.92,4.93,-0.01,-0.2,27908.1,13746.872,3.7364,4.9694,0.94,30.097,22.3922,2.9265,1.1502,1.0248,2.439,2.439,19322.0374,7469.28,5616.0,95064.424,36748.8576,,,4.903
600782,新钢股份,普钢,江西,19961225,600782.SH,20070206,4.8,4.94,4.79,4.93,4.77,0.16,3.35,27696.44,13525.021,3.708,4.9317,0.89,30.1582,22.4377,2.9325,1.1526,1.0269,2.4341,2.4341,19322.0374,7469.28,5616.0,95257.6444,36823.5504,,,4.903
600782,新钢股份,普钢,江西,19961225,600782.SH,20070205,4.68,4.81,4.66,4.77,4.68,0.09,1.92,16265.11,7726.501,2.1776,2.8962,0.44,29.1794,21.7095,2.8373,1.1152,0.9936,2.5157,2.5157,19322.0374,7469.28,5616.0,92166.1184,35628.4656,,,4.903
600782,新钢股份,普钢,江西,19961225,600782.SH,20070202,4.76,4.85,4.67,4.68,4.76,-0.08,-1.68,25869.68,12316.819,3.4635,4.6064,0.65,28.6289,21.2999,2.7838,1.0941,0.9748,2.5641,2.5641,19322.0374,7469.28,5616.0,90427.135,34956.2304,,,4.903
600782,新钢股份,普钢,江西,19961225,600782.SH,20070201,4.65,4.8,4.61,4.76,4.73,0.03,0.63,28671.28,13541.668,3.8386,5.1053,0.66,29.1183,21.664,2.8314,1.1128,0.9915,2.521,2.521,19322.0374,7469.28,5616.0,91972.898,35553.7728,,,4.903
600782,新钢股份,普钢,江西,19961225,600782.SH,20070131,4.85,5.03,4.71,4.73,4.86,-0.13,-2.67,49173.62,24021.536,6.5834,8.756,1.13,28.9347,21.5275,2.8135,1.1058,0.9852,2.537,2.537,19322.0374,7469.28,5616.0,91393.2369,35329.6944,,,4.903
600782,新钢股份,普钢,江西,19961225,600782.SH,20070130,5.0,5.0,4.78,4.86,4.95,-0.09,-1.82,36225.03,17723.78,4.8499,6.4503,0.74,29.73,22.1191,2.8908,1.1362,1.0123,2.4691,2.4691,19322.0374,7469.28,5616.0,93905.1018,36300.7008,,,4.903
600782,新钢股份,普钢,江西,19961225,600782.SH,20070129,4.72,4.96,4.69,4.95,4.69,0.26,5.54,44896.48,21659.389,6.0108,7.9944,0.8,30.2805,22.5287,2.9444,1.1572,1.0311,2.4242,2.4242,19322.0374,7469.28,5616.0,95644.0851,36972.936,,,4.903
600782,新钢股份,普钢,江西,19961225,600782.SH,20070126,4.69,4.75,4.48,4.69,4.74,-0.05,-1.05,39998.42,18479.719,5.3551,7.1222,0.62,28.69,21.3454,2.7897,1.0965,0.9769,2.5586,2.5586,19322.0374,7469.28,5616.0,90620.3554,35030.9232,,,4.903
600782,新钢股份,普钢,江西,19961225,600782.SH,20070125,5.0,5.0,4.73,4.74,5.01,-0.27,-5.39,46476.3,22519.512,6.2223,8.2757,0.74,28.9959,21.573,2.8195,1.1081,0.9873,2.5316,2.5316,19322.0374,7469.28,5616.0,91586.4573,35404.3872,,,4.903
600782,新钢股份,普钢,江西,19961225,600782.SH,20070124,4.95,5.16,4.89,5.01,4.98,0.03,0.6,50170.5,25382.223,6.7169,8.9335,0.78,30.6476,22.8018,2.9801,1.1713,1.0436,2.3952,2.3952,19322.0374,7469.28,5616.0,96803.4074,37421.0928,,,4.903
600782,新钢股份,普钢,江西,19961225,600782.SH,20070123,4.93,4.99,4.75,4.98,4.94,0.04,0.81,63145.67,30667.805,8.4541,11.2439,1.02,30.4641,22.6653,2.9622,1.1643,1.0373,2.4096,2.4096,19322.0374,7469.28,5616.0,96223.7463,37197.0144,,,4.903
600782,新钢股份,普钢,江西,19961225,600782.SH,20070122,4.88,4.94,4.78,4.94,4.8,0.14,2.92,80821.17,39114.789,10.8205,14.3912,1.56,30.2194,22.4832,2.9384,1.1549,1.029,2.4291,2.4291,19322.0374,7469.28,5616.0,95450.8648,36898.2432,,,4.903
600782,新钢股份,普钢,江西,19961225,600782.SH,20070119,4.65,4.84,4.61,4.8,4.59,0.21,4.58,82631.49,39403.773,11.0628,14.7136,1.86,29.3629,21.8461,2.8552,1.1222,0.9998,2.5,2.5,19322.0374,7469.28,5616.0,92745.7795,35852.544,,,4.903
600782,新钢股份,普钢,江西,19961225,600782.SH,20070118,4.51,4.63,4.4,4.59,4.53,0.06,1.32,38276.41,17306.686,5.1245,6.8156,0.8,28.0783,20.8903,2.7302,1.0731,0.9561,2.6144,2.6144,19322.0374,7469.28,5616.0,88688.1517,34283.9952,,,4.903
600782,新钢股份,普钢,江西,19961225,600782.SH,20070117,4.58,4.63,4.38,4.53,4.56,-0.03,-0.66,57026.26,25789.343,7.6348,10.1542,1.21,27.7113,20.6172,2.6945,1.059,0.9436,2.649,2.649,19322.0374,7469.28,5616.0,87528.8294,33835.8384,,,4.903
600782,新钢股份,普钢,江西,19961225,600782.SH,20070116,4.4,4.57,4.4,4.56,4.39,0.17,3.87,50708.67,22788.535,6.789,9.0293,1.05,27.8948,20.7537,2.7124,1.0661,0.9498,2.6316,2.6316,19322.0374,7469.28,5616.0,88108.4905,34059.9168,,,4.903
600782,新钢股份,普钢,江西,19961225,600782.SH,20070115,4.2,4.41,4.2,4.39,4.21,0.18,4.28,30565.24,13160.415,4.0921,5.4425,0.59,26.8549,19.98,2.6113,1.0263,0.9144,2.7335,2.7335,19322.0374,7469.28,5616.0,84823.7442,32790.1392,,,4.903
600782,新钢股份,普钢,江西,19961225,600782.SH,20070112,4.38,4.47,4.2,4.21,4.4,-0.19,-4.32,45160.21,19550.566,6.0461,8.0413,0.96,25.7538,19.1608,2.5042,0.9842,0.8769,2.8504,2.8504,19322.0374,7469.28,5616.0,81345.7775,31445.6688,,,4.903
600782,新钢股份,普钢,江西,19961225,600782.SH,20070111,4.48,4.65,4.39,4.4,4.48,-0.08,-1.79,56271.3,25336.833,7.5337,10.0198,1.33,26.916,20.0255,2.6172,1.0287,0.9165,2.7273,2.7273,19322.0374,7469.28,5616.0,85016.9646,32864.832,,,4.903
600782,新钢股份,普钢,江西,19961225,600782.SH,20070110,4.43,4.48,4.3,4.48,4.42,0.06,1.36,52785.38,23103.833,7.067,9.3991,1.47,27.4054,20.3896,2.6648,1.0474,0.9332,2.6786,2.6786,19322.0374,7469.28,5616.0,86562.7276,33462.3744,,,4.903
600782,新钢股份,普钢,江西,19961225,600782.SH,20070109,4.3,4.45,4.28,4.42,4.28,0.14,3.27,55578.4,24326.817,7.4409,9.8964,1.77,27.0384,20.1166,2.6291,1.0333,0.9207,2.7149,2.7149,19322.0374,7469.28,5616.0,85403.4053,33014.2176,,,4.903
600782,新钢股份,普钢,江西,19961225,600782.SH,20070108,4.1,4.3,4.1,4.28,4.1,0.18,4.39,50413.85,21275.517,6.7495,8.9768,1.68,26.182,19.4794,2.5458,1.0006,0.8915,2.8037,2.8037,19322.0374,7469.28,5616.0,82698.3201,31968.5184,,,4.903
600782,新钢股份,普钢,江西,19961225,600782.SH,20070105,4.04,4.11,4.0,4.1,4.05,0.05,1.23,20212.34,8221.248,2.7061,3.5991,0.53,25.0808,18.6602,2.4388,0.9585,0.854,2.9268,2.9268,19322.0374,7469.28,5616.0,79220.3533,30624.048,,,4.903
600782,新钢股份,普钢,江西,19961225,600782.SH,20070104,4.09,4.15,4.01,4.05,4.05,0.0,0.0,32149.18,13068.851,4.3042,5.7246,0.85,24.775,18.4326,2.409,0.9468,0.8436,2.963,2.963,19322.0374,7469.28,5616.0,78254.2515,30250.584,,,4.849
600782,新钢股份,普钢,江西,19961225,600782.SH,20061229,4.03,4.07,4.02,4.05,4.03,0.02,0.5,21233.79,8585.659,2.8428,3.7809,0.56,24.775,18.4326,2.409,0.9468,0.8436,2.4691,2.963,19322.0374,7469.28,5616.0,78254.2515,30250.584,,,4.849
600782,新钢股份,普钢,江西,19961225,600782.SH,20061228,4.15,4.18,3.99,4.03,4.18,-0.15,-3.59,33123.84,13439.604,4.4347,5.8981,0.87,24.6526,18.3416,2.3971,0.9422,0.8394,2.4814,2.9777,19322.0374,7469.28,5616.0,77867.8107,30101.1984,,,4.849
600782,新钢股份,普钢,江西,19961225,600782.SH,20061227,4.21,4.29,4.15,4.18,4.23,-0.05,-1.18,42904.27,18084.096,5.7441,7.6396,1.11,25.5702,19.0243,2.4864,0.9772,0.8707,2.3923,2.8708,19322.0374,7469.28,5616.0,80766.1163,31221.5904,,,4.849
600782,新钢股份,普钢,江西,19961225,600782.SH,20061226,4.12,4.31,4.04,4.23,4.12,0.11,2.67,60346.15,25318.046,8.0792,10.7454,1.88,25.8761,19.2518,2.5161,0.9889,0.8811,2.3641,2.8369,19322.0374,7469.28,5616.0,81732.2182,31595.0544,,,4.849
600782,新钢股份,普钢,江西,19961225,600782.SH,20061225,4.09,4.16,4.09,4.12,4.09,0.03,0.73,30876.97,12753.853,4.1339,5.498,0.98,25.2032,18.7512,2.4507,0.9632,0.8582,2.4272,2.9126,19322.0374,7469.28,5616.0,79606.7941,30773.4336,,,4.849
600782,新钢股份,普钢,江西,19961225,600782.SH,20061222,4.07,4.12,4.02,4.09,4.07,0.02,0.49,23297.04,9468.094,3.119,4.1483,0.74,25.0197,18.6147,2.4328,0.9562,0.8519,2.445,2.934,19322.0374,7469.28,5616.0,79027.133,30549.3552,,,4.849
600782,新钢股份,普钢,江西,19961225,600782.SH,20061221,4.17,4.2,4.06,4.07,4.17,-0.1,-2.4,31952.89,13160.082,4.2779,5.6896,1.08,24.8973,18.5236,2.4209,0.9515,0.8478,2.457,2.9484,19322.0374,7469.28,5616.0,78640.6922,30399.9696,,,4.849
600782,新钢股份,普钢,江西,19961225,600782.SH,20061220,4.05,4.19,3.99,4.17,4.03,0.14,3.47,46313.62,19066.359,6.2005,8.2467,1.62,25.5091,18.9788,2.4804,0.9749,0.8686,2.3981,2.8777,19322.0374,7469.28,5616.0,80572.896,31146.8976,,,4.849
600782,新钢股份,普钢,江西,19961225,600782.SH,20061219,4.1,4.12,3.95,4.03,4.1,-0.07,-1.71,27902.07,11230.689,3.7356,4.9683,0.76,24.6526,18.3416,2.3971,0.9422,0.8394,2.4814,2.9777,19322.0374,7469.28,5616.0,77867.8107,30101.1984,,,4.849
600782,新钢股份,普钢,江西,19961225,600782.SH,20061218,4.06,4.13,4.04,4.1,4.08,0.02,0.49,28069.16,11468.191,3.7579,4.9981,0.75,25.0808,18.6602,2.4388,0.9585,0.854,2.439,2.9268,19322.0374,7469.28,5616.0,79220.3533,30624.048,,,4.849
600782,新钢股份,普钢,江西,19961225,600782.SH,20061215,4.06,4.1,4.01,4.08,4.06,0.02,0.49,23116.25,9350.302,3.0948,4.1161,0.61,24.9585,18.5691,2.4269,0.9538,0.8498,2.451,2.9412,19322.0374,7469.28,5616.0,78833.9126,30474.6624,,,4.849
600782,新钢股份,普钢,江西,19961225,600782.SH,20061214,4.08,4.11,3.99,4.06,4.06,0.0,0.0,22418.76,9089.769,3.0015,3.9919,0.56,24.8362,18.4781,2.415,0.9492,0.8457,2.4631,2.9557,19322.0374,7469.28,5616.0,78447.4718,30325.2768,,,4.849
600782,新钢股份,普钢,江西,19961225,600782.SH,20061213,4.11,4.24,4.03,4.06,4.12,-0.06,-1.46,41148.09,16969.0,5.509,7.3269,1.06,24.8362,18.4781,2.415,0.9492,0.8457,2.4631,2.9557,19322.0374,7469.28,5616.0,78447.4718,30325.2768,,,4.849
600782,新钢股份,普钢,江西,19961225,600782.SH,20061212,4.0,4.14,3.96,4.12,4.01,0.11,2.74,69438.91,28254.066,9.2966,12.3645,2.39,25.2032,18.7512,2.4507,0.9632,0.8582,2.4272,2.9126,19322.0374,7469.28,5616.0,79606.7941,30773.4336,,,4.849
600782,新钢股份,普钢,江西,19961225,600782.SH,20061211,3.78,4.02,3.76,4.01,3.91,0.1,2.56,30482.74,11974.251,4.0811,5.4278,1.14,24.5303,18.2506,2.3852,0.9375,0.8353,2.4938,2.9925,19322.0374,7469.28,5616.0,77481.37,29951.8128,,,4.849
600782,新钢股份,普钢,江西,19961225,600782.SH,20061207,3.93,3.98,3.9,3.91,3.92,-0.01,-0.26,24865.27,9797.287,3.329,4.4276,0.96,23.9186,17.7954,2.3258,0.9141,0.8144,2.5575,3.0691,19322.0374,7469.28,5616.0,75549.1662,29204.8848,,,4.849
600782,新钢股份,普钢,江西,19961225,600782.SH,20061206,4.05,4.11,3.88,3.92,4.05,-0.13,-3.21,33310.24,13282.088,4.4596,5.9313,1.52,23.9797,17.8409,2.3317,0.9164,0.8165,2.551,3.0612,19322.0374,7469.28,5616.0,75742.3866,29279.5776,,,4.849
600782,新钢股份,普钢,江西,19961225,600782.SH,20061205,3.95,4.06,3.94,4.05,3.93,0.12,3.05,36319.73,14541.766,4.8625,6.4672,1.71,24.775,18.4326,2.409,0.9468,0.8436,2.4691,2.963,19322.0374,7469.28,5616.0,78254.2515,30250.584,,,4.849
600782,新钢股份,普钢,江西,19961225,600782.SH,20061204,3.88,3.95,3.88,3.93,3.88,0.05,1.29,20533.89,8050.486,2.7491,3.6563,1.0,24.0409,17.8865,2.3377,0.9188,0.8186,2.5445,3.0534,19322.0374,7469.28,5616.0,75935.607,29354.2704,,,4.849
600782,新钢股份,普钢,江西,19961225,600782.SH,20061201,3.95,3.96,3.88,3.88,3.94,-0.06,-1.52,18861.96,7375.116,2.5253,3.3586,0.99,23.735,17.6589,2.3079,0.9071,0.8082,2.5773,3.0928,19322.0374,7469.28,5616.0,74969.5051,28980.8064,,,4.849
600782,新钢股份,普钢,江西,19961225,600782.SH,20061130,3.91,3.96,3.91,3.94,3.92,0.02,0.51,19911.82,7831.871,2.6658,3.5456,1.19,24.1021,17.932,2.3436,0.9211,0.8207,2.5381,3.0457,19322.0374,7469.28,5616.0,76128.8274,29428.9632,,,4.849
600782,新钢股份,普钢,江西,19961225,600782.SH,20061129,3.89,3.92,3.84,3.92,3.92,0.0,0.0,13922.55,5427.848,1.864,2.4791,0.8,23.9797,17.8409,2.3317,0.9164,0.8165,2.551,3.0612,19322.0374,7469.28,5616.0,75742.3866,29279.5776,,,4.849
600782,新钢股份,普钢,江西,19961225,600782.SH,20061128,3.91,3.98,3.9,3.92,3.89,0.03,0.77,32889.11,12950.554,4.4033,5.8563,2.66,23.9797,17.8409,2.3317,0.9164,0.8165,2.551,3.0612,19322.0374,7469.28,5616.0,75742.3866,29279.5776,,,4.849
600782,新钢股份,普钢,江西,19961225,600782.SH,20061127,3.79,3.89,3.76,3.89,3.78,0.11,2.91,16763.52,6423.443,2.2443,2.985,1.44,23.7962,17.7044,2.3139,0.9094,0.8103,2.5707,3.0848,19322.0374,7469.28,5616.0,75162.7255,29055.4992,,,4.849
600782,新钢股份,普钢,江西,19961225,600782.SH,20061124,3.76,3.79,3.7,3.78,3.76,0.02,0.53,11320.52,4243.347,1.5156,2.0158,1.04,23.1233,17.2038,2.2484,0.8837,0.7874,2.6455,3.1746,19322.0374,7469.28,5616.0,73037.3014,28233.8784,,,4.849
600782,新钢股份,普钢,江西,19961225,600782.SH,20061123,3.72,3.77,3.71,3.76,3.74,0.02,0.53,8941.53,3337.988,1.1971,1.5922,0.79,23.001,17.1127,2.2365,0.879,0.7832,2.6596,3.1915,19322.0374,7469.28,5616.0,72650.8606,28084.4928,,,4.849
600782,新钢股份,普钢,江西,19961225,600782.SH,20061122,3.62,3.79,3.62,3.74,3.65,0.09,2.47,17385.81,6517.277,2.3276,3.0958,1.77,22.8786,17.0217,2.2246,0.8744,0.779,2.6738,3.2086,19322.0374,7469.28,5616.0,72264.4199,27935.1072,,,4.849
600782,新钢股份,普钢,江西,19961225,600782.SH,20061121,3.65,3.65,3.58,3.65,3.65,0.0,0.0,7501.0,2711.36,1.0042,1.3356,0.69,22.3281,16.6121,2.1711,0.8533,0.7603,2.7397,3.2877,19322.0374,7469.28,5616.0,70525.4365,27262.872,,,4.849
600782,新钢股份,普钢,江西,19961225,600782.SH,20061120,3.7,3.7,3.6,3.65,3.68,-0.03,-0.82,12958.63,4715.672,1.7349,2.3074,1.12,22.3281,16.6121,2.1711,0.8533,0.7603,2.7397,3.2877,19322.0374,7469.28,5616.0,70525.4365,27262.872,,,4.849
600782,新钢股份,普钢,江西,19961225,600782.SH,20061117,3.68,3.71,3.63,3.68,3.65,0.03,0.82,7601.87,2791.678,1.0178,1.3536,0.48,22.5116,16.7486,2.1889,0.8603,0.7665,2.7174,3.2609,19322.0374,7469.28,5616.0,71105.0976,27486.9504,,,4.849
600782,新钢股份,普钢,江西,19961225,600782.SH,20061116,3.74,3.74,3.64,3.65,3.74,-0.09,-2.41,11321.12,4171.663,1.5157,2.0159,0.7,22.3281,16.6121,2.1711,0.8533,0.7603,2.7397,3.2877,19322.0374,7469.28,5616.0,70525.4365,27262.872,,,4.849
600782,新钢股份,普钢,江西,19961225,600782.SH,20061115,3.68,3.75,3.62,3.74,3.69,0.05,1.36,9772.18,3612.957,1.3083,1.7401,0.6,22.8786,17.0217,2.2246,0.8744,0.779,2.6738,3.2086,19322.0374,7469.28,5616.0,72264.4199,27935.1072,,,4.849
600782,新钢股份,普钢,江西,19961225,600782.SH,20061114,3.65,3.7,3.56,3.69,3.62,0.07,1.93,12918.57,4683.606,1.7296,2.3003,0.71,22.5728,16.7942,2.1949,0.8627,0.7686,2.71,3.252,19322.0374,7469.28,5616.0,71298.318,27561.6432,,,4.849
600782,新钢股份,普钢,江西,19961225,600782.SH,20061113,3.77,3.79,3.56,3.62,3.75,-0.13,-3.47,16173.58,5908.027,2.1653,2.8799,0.86,22.1446,16.4756,2.1533,0.8463,0.754,2.7624,3.3149,19322.0374,7469.28,5616.0,69945.7754,27038.7936,,,4.849
600782,新钢股份,普钢,江西,19961225,600782.SH,20061110,3.93,3.93,3.7,3.75,3.94,-0.19,-4.82,28583.64,10920.75,3.8268,5.0897,1.48,22.9398,17.0672,2.2306,0.8767,0.7811,2.6667,3.2,19322.0374,7469.28,5616.0,72457.6403,28009.8,,,4.849
600782,新钢股份,普钢,江西,19961225,600782.SH,20061109,3.93,3.97,3.9,3.94,3.93,0.01,0.25,12931.33,5083.997,1.7313,2.3026,0.66,24.1021,17.932,2.3436,0.9211,0.8207,2.5381,3.0457,19322.0374,7469.28,5616.0,76128.8274,29428.9632,,,4.849
600782,新钢股份,普钢,江西,19961225,600782.SH,20061108,3.95,3.97,3.91,3.93,3.95,-0.02,-0.51,10267.32,4049.5,1.3746,1.8282,0.48,24.0409,17.8865,2.3377,0.9188,0.8186,2.5445,3.0534,19322.0374,7469.28,5616.0,75935.607,29354.2704,,,4.849
600782,新钢股份,普钢,江西,19961225,600782.SH,20061107,4.04,4.04,3.93,3.95,4.04,-0.09,-2.23,23243.13,9208.012,3.1118,4.1387,1.09,24.1633,17.9775,2.3496,0.9235,0.8228,2.5316,3.038,19322.0374,7469.28,5616.0,76322.0477,29503.656,,,4.849
600782,新钢股份,普钢,江西,19961225,600782.SH,20061106,4.0,4.06,3.97,4.04,4.04,0.0,0.0,18664.79,7501.565,2.4989,3.3235,0.76,24.7138,18.3871,2.4031,0.9445,0.8415,2.4752,2.9703,19322.0374,7469.28,5616.0,78061.0311,30175.8912,,,4.849
600782,新钢股份,普钢,江西,19961225,600782.SH,20061103,4.0,4.09,3.98,4.04,3.99,0.05,1.25,31595.63,12768.567,4.2301,5.626,1.33,24.7138,18.3871,2.4031,0.9445,0.8415,2.4752,2.9703,19322.0374,7469.28,5616.0,78061.0311,30175.8912,,,4.849
600782,新钢股份,普钢,江西,19961225,600782.SH,20061102,4.0,4.0,3.93,3.99,3.99,0.0,0.0,14774.26,5846.54,1.978,2.6307,0.56,24.4079,18.1595,2.3733,0.9328,0.8311,2.5063,3.0075,19322.0374,7469.28,5616.0,77094.9292,29802.4272,,,4.849
600782,新钢股份,普钢,江西,19961225,600782.SH,20061101,3.99,4.02,3.92,3.99,4.0,-0.01,-0.25,18549.06,7355.523,2.4834,3.3029,0.55,24.4079,18.1595,2.3733,0.9328,0.8311,2.5063,3.0075,19322.0374,7469.28,5616.0,77094.9292,29802.4272,,,4.849
600782,新钢股份,普钢,江西,19961225,600782.SH,20061031,3.97,4.04,3.95,4.0,3.92,0.08,2.04,22730.43,9076.832,3.0432,4.0474,0.45,24.4691,18.205,2.3793,0.9351,0.8332,2.5,3.0,19322.0374,7469.28,5616.0,77288.1496,29877.12,,,4.849
600782,新钢股份,普钢,江西,19961225,600782.SH,20061030,3.95,3.99,3.9,3.92,3.91,0.01,0.26,35907.61,14166.125,4.8074,6.3938,0.73,23.9797,17.8409,2.3317,0.9164,0.8165,2.551,3.0612,19322.0374,7469.28,5616.0,75742.3866,29279.5776,,,4.849
600782,新钢股份,普钢,江西,19961225,600782.SH,20061027,4.05,4.06,3.88,3.91,4.01,-0.1,-2.49,27102.17,10697.803,3.6285,4.8259,0.57,23.9186,17.7954,2.3258,0.9141,0.8144,2.5575,3.0691,19322.0374,7469.28,5616.0,75549.1662,29204.8848,,,4.849
600782,新钢股份,普钢,江西,19961225,600782.SH,20061026,4.08,4.08,3.96,4.01,4.08,-0.07,-1.72,28201.24,11270.359,3.7756,5.0216,0.62,24.5303,18.2506,2.3852,0.9375,0.8353,2.4938,2.9925,19322.0374,7469.28,5616.0,77481.37,29951.8128,,,4.849
600782,新钢股份,普钢,江西,19961225,600782.SH,20061025,4.05,4.1,3.99,4.08,4.05,0.03,0.74,55005.08,22325.9,7.3642,9.7944,1.31,24.9585,18.5691,2.4269,0.9538,0.8498,2.451,2.9412,19322.0374,7469.28,5616.0,78833.9126,30474.6624,,,4.849
600782,新钢股份,普钢,江西,19961225,600782.SH,20061024,3.89,4.08,3.87,4.05,5.02,-0.97,-19.32,107313.7,42995.875,14.3673,19.1086,5.06,24.775,18.4326,2.409,0.9468,0.8436,2.4691,2.963,19322.0374,7469.28,5616.0,78254.2515,30250.584,,,4.849
600782,新钢股份,普钢,江西,19961225,600782.SH,20060901,5.1,5.13,4.99,5.02,5.1,-0.08,-1.57,26665.11,13430.935,4.7481,4.7481,1.58,30.7087,26.0496,3.1124,1.1736,1.0813,6.8537,8.2244,19322.0374,5616.0,5616.0,96996.6277,28192.32,,,4.849
600782,新钢股份,普钢,江西,19961225,600782.SH,20060831,5.1,5.18,5.08,5.1,5.14,-0.04,-0.78,20844.69,10678.963,3.7117,3.7117,1.45,31.1981,26.4647,3.162,1.1923,1.0985,6.7461,8.0954,19322.0374,5616.0,5616.0,98542.3907,28641.6,,,4.849
600782,新钢股份,普钢,江西,19961225,600782.SH,20060830,5.19,5.2,5.06,5.14,5.03,0.11,2.19,19174.1,9826.042,3.4142,3.4142,1.67,31.4428,26.6723,3.1868,1.2017,1.1071,6.6936,8.0324,19322.0374,5616.0,5616.0,99315.2722,28866.24,,,4.849
600782,新钢股份,普钢,江西,19961225,600782.SH,20060829,5.29,5.3,5.01,5.03,4.86,0.17,3.5,36116.5,18583.314,6.431,6.431,6.63,30.7699,26.1015,3.1186,1.1759,1.0834,6.84,8.208,19322.0374,5616.0,5616.0,97189.8481,28248.48,,,4.849
600782,新钢股份,普钢,江西,19961225,600782.SH,20060818,4.86,4.95,4.83,4.86,4.86,0.0,0.0,3210.1,1567.617,0.5716,0.5716,0.56,29.73,25.2193,3.0132,1.1362,1.0468,7.0793,8.4951,19322.0374,5616.0,5616.0,93905.1018,27293.76,,,4.849
600782,新钢股份,普钢,江西,19961225,600782.SH,20060817,4.9,4.91,4.8,4.86,4.96,-0.1,-2.02,5304.41,2574.968,0.9445,0.9445,0.69,29.73,25.2193,3.0132,1.1362,1.0468,7.0793,8.4951,19322.0374,5616.0,5616.0,93905.1018,27293.76,,,4.849
600782,新钢股份,普钢,江西,19961225,600782.SH,20060816,4.83,4.97,4.81,4.96,4.85,0.11,2.27,8257.78,4054.13,1.4704,1.4704,1.25,30.3417,25.7382,3.0752,1.1596,1.0684,6.9366,8.3239,19322.0374,5616.0,5616.0,95837.3055,27855.36,,,4.849
600782,新钢股份,普钢,江西,19961225,600782.SH,20060815,4.7,4.88,4.7,4.85,4.74,0.11,2.32,4485.46,2167.731,0.7987,0.7987,0.65,29.6688,25.1674,3.007,1.1339,1.0447,7.0939,8.5127,19322.0374,5616.0,5616.0,93711.8814,27237.6,,,4.849
600782,新钢股份,普钢,江西,19961225,600782.SH,20060814,4.85,4.93,4.71,4.74,4.83,-0.09,-1.86,5973.0,2872.237,1.0636,1.0636,0.83,28.9959,24.5966,2.9388,1.1081,1.021,7.2585,8.7102,19322.0374,5616.0,5616.0,91586.4573,26619.84,,,4.849
600782,新钢股份,普钢,江西,19961225,600782.SH,20060811,4.88,4.88,4.75,4.83,4.86,-0.03,-0.62,4892.35,2352.123,0.8711,0.8711,0.64,29.5465,25.0637,2.9946,1.1292,1.0404,7.1233,8.5479,19322.0374,5616.0,5616.0,93325.4406,27125.28,,,4.849
600782,新钢股份,普钢,江西,19961225,600782.SH,20060810,4.61,5.0,4.58,4.86,4.6,0.26,5.65,14935.42,7246.054,2.6594,2.6594,2.83,29.73,25.2193,3.0132,1.1362,1.0468,7.0793,8.4951,19322.0374,5616.0,5616.0,93905.1018,27293.76,,,4.849
600782,新钢股份,普钢,江西,19961225,600782.SH,20060809,4.63,4.67,4.56,4.6,4.63,-0.03,-0.65,2771.0,1275.664,0.4934,0.4934,0.46,28.1395,23.8701,2.852,1.0754,0.9908,7.4794,8.9753,19322.0374,5616.0,5616.0,88881.372,25833.6,,,4.849
600782,新钢股份,普钢,江西,19961225,600782.SH,20060808,4.45,4.64,4.45,4.63,4.49,0.14,3.12,5937.36,2705.047,1.0572,1.0572,0.94,28.323,24.0258,2.8706,1.0824,0.9973,7.431,8.9172,19322.0374,5616.0,5616.0,89461.0332,26002.08,,,4.849
600782,新钢股份,普钢,江西,19961225,600782.SH,20060807,4.68,4.7,4.49,4.49,4.72,-0.23,-4.87,7484.5,3435.755,1.3327,1.3327,1.05,27.4666,23.2993,2.7838,1.0497,0.9671,7.6627,9.1952,19322.0374,5616.0,5616.0,86755.9479,25215.84,,,4.849
600782,新钢股份,普钢,江西,19961225,600782.SH,20060804,4.92,4.94,4.69,4.72,4.92,-0.2,-4.07,7335.0,3546.817,1.3061,1.3061,0.94,28.8736,24.4928,2.9264,1.1035,1.0167,7.2893,8.7471,19322.0374,5616.0,5616.0,91200.0165,26507.52,,,4.849
600782,新钢股份,普钢,江西,19961225,600782.SH,20060803,4.95,4.95,4.85,4.92,4.9,0.02,0.41,2833.3,1387.812,0.5045,0.5045,0.28,30.097,25.5307,3.0504,1.1502,1.0597,6.993,8.3915,19322.0374,5616.0,5616.0,95064.424,27630.72,,,4.849
600782,新钢股份,普钢,江西,19961225,600782.SH,20060802,4.89,4.96,4.78,4.9,4.89,0.01,0.2,6267.44,3043.233,1.116,1.116,0.46,29.9747,25.4269,3.038,1.1455,1.0554,7.0215,8.4258,19322.0374,5616.0,5616.0,94677.9833,27518.4,,,4.849
600782,新钢股份,普钢,江西,19961225,600782.SH,20060801,5.01,5.01,4.87,4.89,4.94,-0.05,-1.01,7711.6,3783.111,1.3731,1.3731,0.52,29.9135,25.375,3.0318,1.1432,1.0533,7.0359,8.443,19322.0374,5616.0,5616.0,94484.7629,27462.24,,,4.849
600782,新钢股份,普钢,江西,19961225,600782.SH,20060731,5.14,5.15,4.9,4.94,5.14,-0.2,-3.89,11640.0,5819.842,2.0726,2.0726,0.86,30.2194,25.6345,3.0628,1.1549,1.064,6.9646,8.3576,19322.0374,5616.0,5616.0,95450.8648,27743.04,,,4.849
600782,新钢股份,普钢,江西,19961225,600782.SH,20060728,5.13,5.21,5.05,5.14,5.17,-0.03,-0.58,10637.05,5435.094,1.8941,1.8941,0.83,31.4428,26.6723,3.1868,1.2017,1.1071,6.6936,8.0324,19322.0374,5616.0,5616.0,99315.2722,28866.24,,,4.849
600782,新钢股份,普钢,江西,19961225,600782.SH,20060727,5.29,5.3,5.11,5.17,5.27,-0.1,-1.9,14861.0,7698.596,2.6462,2.6462,1.27,31.6263,26.828,3.2054,1.2087,1.1136,6.6548,7.9858,19322.0374,5616.0,5616.0,99894.9334,29034.72,,,4.849
600782,新钢股份,普钢,江西,19961225,600782.SH,20060726,5.15,5.34,5.15,5.27,5.12,0.15,2.93,23149.45,12191.904,4.1221,4.1221,2.71,32.2381,27.3469,3.2674,1.232,1.1351,6.5285,7.8342,19322.0374,5616.0,5616.0,101827.1371,29596.32,,,4.849
600782,新钢股份,普钢,江西,19961225,600782.SH,20060725,5.01,5.17,5.01,5.12,5.0,0.12,2.4,13161.22,6735.036,2.3435,2.3435,1.85,31.3205,36.2241,3.3353,1.197,1.1418,6.7198,8.0638,19322.0374,5616.0,5616.0,98928.8315,28753.92,,,4.849
600782,新钢股份,普钢,江西,19961225,600782.SH,20060724,4.93,5.01,4.87,5.0,5.01,-0.01,-0.2,5780.21,2867.493,1.0292,1.0292,0.73,30.5864,35.3751,3.2571,1.1689,1.1151,6.8811,8.2573,19322.0374,5616.0,5616.0,96610.187,28080.0,,,4.849
600782,新钢股份,普钢,江西,19961225,600782.SH,20060721,4.97,5.04,4.92,5.01,4.93,0.08,1.62,7336.0,3662.329,1.3063,1.3063,0.83,30.6476,35.4459,3.2636,1.1713,1.1173,6.8673,8.2408,19322.0374,5616.0,5616.0,96803.4074,28136.16,,,4.849
600782,新钢股份,普钢,江西,19961225,600782.SH,20060720,4.81,5.0,4.81,4.93,4.87,0.06,1.23,8918.51,4398.495,1.5881,1.5881,0.73,30.1582,34.8799,3.2115,1.1526,1.0995,6.9788,8.3745,19322.0374,5616.0,5616.0,95257.6444,27686.88,,,4.849
600782,新钢股份,普钢,江西,19961225,600782.SH,20060719,4.99,5.0,4.85,4.87,5.02,-0.15,-2.99,7485.5,3678.652,1.3329,1.3329,0.56,29.7912,34.4554,3.1724,1.1385,1.0861,7.0648,8.4777,19322.0374,5616.0,5616.0,94098.3221,27349.92,,,4.849
600782,新钢股份,普钢,江西,19961225,600782.SH,20060718,5.02,5.02,4.9,5.02,5.02,0.0,0.0,6041.3,2994.08,1.0757,1.0757,0.38,30.7087,35.5166,3.2701,1.1736,1.1195,6.8537,8.2244,19322.0374,5616.0,5616.0,96996.6277,28192.32,,,4.849
600782,新钢股份,普钢,江西,19961225,600782.SH,20060717,4.89,5.02,4.88,5.02,4.91,0.11,2.24,9743.14,4815.399,1.7349,1.7349,0.61,30.7087,35.5166,3.2701,1.1736,1.1195,6.8537,8.2244,19322.0374,5616.0,5616.0,96996.6277,28192.32,,,4.849
600782,新钢股份,普钢,江西,19961225,600782.SH,20060714,4.71,4.95,4.71,4.91,4.8,0.11,2.29,11760.25,5757.879,2.0941,2.0941,0.72,30.0358,34.7384,3.1985,1.1479,1.095,7.0072,8.4086,19322.0374,5616.0,5616.0,94871.2036,27574.56,,,4.849
600782,新钢股份,普钢,江西,19961225,600782.SH,20060713,5.26,5.28,4.8,4.8,5.3,-0.5,-9.43,26179.72,13119.885,4.6616,4.6616,1.96,29.3629,33.9601,3.1268,1.1222,1.0705,7.1678,8.6013,19322.0374,5616.0,5616.0,92745.7795,26956.8,,,4.849
600782,新钢股份,普钢,江西,19961225,600782.SH,20060712,5.47,5.47,5.29,5.3,5.42,-0.12,-2.21,13255.79,7147.463,2.3604,2.3604,1.01,32.4216,37.4976,3.4525,1.2391,1.182,6.4916,7.7899,19322.0374,5616.0,5616.0,102406.7982,29764.8,5.92,4.84,4.849
600782,新钢股份,普钢,江西,19961225,600782.SH,20060711,5.33,5.5,5.29,5.42,5.33,0.09,1.69,18133.14,9807.657,3.2288,3.2288,1.43,33.1557,38.3466,3.5307,1.2671,1.2087,6.3478,7.6174,19322.0374,5616.0,5616.0,104725.4427,30438.72,,,4.849
600782,新钢股份,普钢,江西,19961225,600782.SH,20060710,5.28,5.35,5.21,5.33,5.27,0.06,1.14,11145.77,5885.687,1.9846,1.9846,0.88,32.6051,37.7099,3.4721,1.2461,1.1887,6.455,7.746,19322.0374,5616.0,5616.0,102986.4593,29933.28,,,4.849
600782,新钢股份,普钢,江西,19961225,600782.SH,20060707,5.32,5.32,5.21,5.27,5.25,0.02,0.38,12950.06,6827.813,2.3059,2.3059,0.92,32.2381,37.2854,3.433,1.232,1.1753,6.5285,7.8342,19322.0374,5616.0,5616.0,101827.1371,29596.32,,,4.849
600782,新钢股份,普钢,江西,19961225,600782.SH,20060706,5.12,5.3,5.12,5.25,5.12,0.13,2.54,11326.0,5919.46,2.0167,2.0167,0.59,32.1157,37.1439,3.42,1.2274,1.1708,6.5534,7.8641,19322.0374,5616.0,5616.0,101440.6964,29484.0,,,4.849
600782,新钢股份,普钢,江西,19961225,600782.SH,20060705,5.09,5.16,4.98,5.12,5.11,0.01,0.2,12220.5,6198.523,2.176,2.176,0.61,31.3205,36.2241,3.3353,1.197,1.1418,6.7198,8.0638,19322.0374,5616.0,5616.0,98928.8315,28753.92,,,4.849
600782,新钢股份,普钢,江西,19961225,600782.SH,20060704,5.23,5.24,5.06,5.11,5.24,-0.13,-2.48,15697.54,8077.804,2.7951,2.7951,0.85,31.2593,36.1534,3.3288,1.1946,1.1396,6.7329,8.0795,19322.0374,5616.0,5616.0,98735.6111,28697.76,,,4.849
600782,新钢股份,普钢,江西,19961225,600782.SH,20060703,5.16,5.28,5.15,5.24,5.17,0.07,1.35,11127.92,5816.58,1.9815,1.9815,0.63,32.0545,37.0731,3.4135,1.225,1.1686,6.5659,7.8791,19322.0374,5616.0,5616.0,101247.476,29427.84,,,4.849
600782,新钢股份,普钢,江西,19961225,600782.SH,20060630,5.33,5.4,5.15,5.17,5.33,-0.16,-3.0,20013.05,10441.428,3.5636,3.5636,1.29,31.6263,36.5779,3.3679,1.2087,1.153,6.6548,7.9858,19322.0374,5616.0,5616.0,99894.9334,29034.72,5.58,4.56,4.849
600782,新钢股份,普钢,江西,19961225,600782.SH,20060629,5.49,5.49,5.29,5.33,5.39,-0.06,-1.11,36310.91,19485.418,6.4656,6.4656,3.66,32.6051,37.7099,3.4721,1.2461,1.1887,6.455,7.746,19322.0374,5616.0,5616.0,102986.4593,29933.28,,,4.849
600782,新钢股份,普钢,江西,19961225,600782.SH,20060628,5.11,5.39,5.11,5.39,4.9,0.49,10.0,16869.33,9033.594,3.0038,3.0038,2.01,32.9721,38.1344,3.5112,1.2601,1.202,6.3832,7.6598,19322.0374,5616.0,5616.0,104145.7816,30270.24,5.42,4.44,4.849
600782,新钢股份,普钢,江西,19961225,600782.SH,20060627,4.9,4.92,4.82,4.9,4.89,0.01,0.2,8253.72,4022.145,1.4697,1.4697,0.91,29.9747,34.6676,3.192,1.1455,1.0928,7.0215,8.4258,19322.0374,5616.0,5616.0,94677.9833,27518.4,,,4.849
600782,新钢股份,普钢,江西,19961225,600782.SH,20060626,4.82,4.89,4.78,4.89,4.8,0.09,1.88,6704.91,3252.731,1.1939,1.1939,0.69,29.9135,34.5969,3.1855,1.1432,1.0905,7.0359,8.443,19322.0374,5616.0,5616.0,94484.7629,27462.24,,,4.849
600782,新钢股份,普钢,江西,19961225,600782.SH,20060623,4.85,4.93,4.81,4.92,4.87,0.05,1.03,9533.28,4647.312,1.6975,1.6975,0.97,30.097,34.8091,2.9726,1.1502,1.0972,6.993,,19322.0374,5616.0,5616.0,95064.424,27630.72,,,4.849
600782,新钢股份,普钢,江西,19961225,600782.SH,20060622,4.85,4.93,4.82,4.87,4.87,0.0,0.0,8208.25,3990.616,1.4616,1.4616,0.82,29.7912,34.4554,2.9424,1.1385,1.0861,7.0648,,19322.0374,5616.0,5616.0,94098.3221,27349.92,,,4.849
600782,新钢股份,普钢,江西,19961225,600782.SH,20060621,4.92,4.95,4.83,4.87,4.93,-0.06,-1.22,9207.07,4506.398,1.6394,1.6394,0.94,29.7912,34.4554,2.9424,1.1385,1.0861,7.0648,,19322.0374,5616.0,5616.0,94098.3221,27349.92,,,4.849
600782,新钢股份,普钢,江西,19961225,600782.SH,20060620,4.82,4.94,4.79,4.93,4.83,0.1,2.07,11658.3,5678.462,2.0759,2.0759,1.25,30.1582,34.8799,2.9787,1.1526,1.0995,6.9788,,19322.0374,5616.0,5616.0,95257.6444,27686.88,,,4.849
600782,新钢股份,普钢,江西,19961225,600782.SH,20060619,4.75,4.86,4.7,4.83,4.8,0.03,0.63,10240.99,4913.134,1.8235,1.8235,1.11,29.5465,34.1724,2.9183,1.1292,1.0772,7.1233,,19322.0374,5616.0,5616.0,93325.4406,27125.28,,,4.849
600782,新钢股份,普钢,江西,19961225,600782.SH,20060616,4.7,4.82,4.69,4.8,4.69,0.11,2.35,10077.6,4784.471,1.7944,1.7944,0.99,29.3629,33.9601,2.9001,1.1222,1.0705,7.1678,,19322.0374,5616.0,5616.0,92745.7795,26956.8,5.21,4.27,4.849
600782,新钢股份,普钢,江西,19961225,600782.SH,20060615,4.75,4.85,4.67,4.69,4.74,-0.05,-1.05,8736.59,4128.624,1.5557,1.5557,0.66,28.69,33.1819,2.8337,1.0965,1.0459,7.3359,,19322.0374,5616.0,5616.0,90620.3554,26339.04,,,4.849
600782,新钢股份,普钢,江西,19961225,600782.SH,20060614,4.73,4.75,4.6,4.74,4.73,0.01,0.21,8162.92,3810.625,1.4535,1.4535,0.46,28.9959,33.5356,2.8639,1.1081,1.0571,7.2585,,19322.0374,5616.0,5616.0,91586.4573,26619.84,,,4.849
600782,新钢股份,普钢,江西,19961225,600782.SH,20060613,4.64,4.75,4.64,4.73,4.69,0.04,0.85,9255.5,4364.487,1.6481,1.6481,0.46,28.9347,33.4649,2.8578,1.1058,1.0549,7.2739,,19322.0374,5616.0,5616.0,91393.2369,26563.68,,,4.849
600782,新钢股份,普钢,江西,19961225,600782.SH,20060612,4.7,4.74,4.6,4.69,4.72,-0.03,-0.64,9724.0,4552.482,1.7315,1.7315,0.41,28.69,33.1819,2.8337,1.0965,1.0459,7.3359,,19322.0374,5616.0,5616.0,90620.3554,26339.04,,,4.849
600782,新钢股份,普钢,江西,19961225,600782.SH,20060609,4.81,4.97,4.72,4.72,4.82,-0.1,-2.07,15095.6,7321.248,2.688,2.688,0.53,28.8736,33.3941,2.8518,1.1035,1.0526,7.2893,,19322.0374,5616.0,5616.0,91200.0165,26507.52,5.05,4.13,4.849
600782,新钢股份,普钢,江西,19961225,600782.SH,20060608,4.84,4.95,4.55,4.82,4.92,-0.1,-2.03,24252.57,11567.815,4.3185,4.3185,0.8,29.4853,34.1016,2.9122,1.1268,1.0749,7.138,,19322.0374,5616.0,5616.0,93132.2203,27069.12,,,4.849
600782,新钢股份,普钢,江西,19961225,600782.SH,20060607,5.47,5.51,4.92,4.92,5.47,-0.55,-10.05,29540.36,15238.539,5.26,5.26,0.87,30.097,34.8091,2.9726,1.1502,1.0972,6.993,,19322.0374,5616.0,5616.0,95064.424,27630.72,,,4.849
600782,新钢股份,普钢,江西,19961225,600782.SH,20060606,5.5,5.65,5.44,5.47,5.5,-0.03,-0.55,22963.02,12722.01,4.0889,4.0889,0.63,33.4615,38.7004,3.3049,1.2788,1.2199,6.2898,,19322.0374,5616.0,5616.0,105691.5446,30719.52,,,4.849
600782,新钢股份,普钢,江西,19961225,600782.SH,20060605,5.32,5.55,5.25,5.5,5.34,0.16,3.0,26798.65,14667.705,4.7718,4.7718,0.72,33.645,38.9127,3.3231,1.2858,1.2266,6.2555,,19322.0374,5616.0,5616.0,106271.2057,30888.0,,,4.849
600782,新钢股份,普钢,江西,19961225,600782.SH,20060602,5.35,5.39,5.17,5.34,5.33,0.01,0.19,38605.09,20294.339,6.8741,6.8741,1.17,32.6663,37.7806,3.2264,1.2484,1.1909,6.4429,,19322.0374,5616.0,5616.0,103179.6797,29989.44,,,4.849
600782,新钢股份,普钢,江西,19961225,600782.SH,20060601,5.15,5.35,5.11,5.33,5.17,0.16,3.09,33322.49,17614.089,5.9335,5.9335,1.16,32.6051,37.7099,3.2204,1.2461,1.1887,6.455,,19322.0374,5616.0,5616.0,102986.4593,29933.28,,,4.849
600782,新钢股份,普钢,江西,19961225,600782.SH,20060531,5.0,5.28,4.9,5.17,4.96,0.21,4.23,47697.88,24416.849,8.4932,8.4932,1.97,31.6263,36.5779,3.1237,1.2087,1.153,6.6548,6.6548,19322.0374,5616.0,5616.0,99894.9334,29034.72,,,4.849
600782,新钢股份,普钢,江西,19961225,600782.SH,20060530,5.0,5.06,4.9,4.96,4.93,0.03,0.61,34425.42,17134.719,6.1299,6.1299,1.51,30.3417,35.0921,2.9968,1.1596,1.1061,6.9366,6.9366,19322.0374,5616.0,5616.0,95837.3055,27855.36,,,4.849
600782,新钢股份,普钢,江西,19961225,600782.SH,20060529,4.78,4.98,4.75,4.93,4.73,0.2,4.23,32634.06,16023.562,5.8109,5.8109,1.36,30.1582,34.8799,2.9787,1.1526,1.0995,6.9788,6.9788,19322.0374,5616.0,5616.0,95257.6444,27686.88,,,4.849
600782,新钢股份,普钢,江西,19961225,600782.SH,20060526,4.6,4.78,4.6,4.73,4.65,0.08,1.72,17243.12,8157.691,3.0704,3.0704,0.66,28.9347,33.4649,2.8578,1.1058,1.0549,7.2739,7.2739,19322.0374,5616.0,5616.0,91393.2369,26563.68,,,4.849
600782,新钢股份,普钢,江西,19961225,600782.SH,20060525,4.49,4.68,4.47,4.65,4.5,0.15,3.33,12140.73,5591.163,2.1618,2.1618,0.44,28.4454,32.8989,2.8095,1.0871,1.037,7.399,7.399,19322.0374,5616.0,5616.0,89847.4739,26114.4,,,4.849
600782,新钢股份,普钢,江西,19961225,600782.SH,20060524,4.58,4.8,4.42,4.5,4.58,-0.08,-1.75,24492.92,11277.334,4.3613,4.3613,0.84,27.5278,31.8376,2.7189,1.052,1.0036,7.6456,7.6456,19322.0374,5616.0,5616.0,86949.1683,25272.0,,,4.849
600782,新钢股份,普钢,江西,19961225,600782.SH,20060523,4.88,4.88,4.58,4.58,4.89,-0.31,-6.34,27150.07,12865.708,4.8344,4.8344,0.75,28.0171,32.4036,2.7672,1.0707,1.0214,7.5121,7.5121,19322.0374,5616.0,5616.0,88494.9313,25721.28,,,4.849
600782,新钢股份,普钢,江西,19961225,600782.SH,20060522,4.71,4.99,4.65,4.89,4.71,0.18,3.82,39119.71,19070.356,6.9658,6.9658,0.82,29.9135,34.5969,2.9545,1.1432,1.0905,7.0359,7.0359,19322.0374,5616.0,5616.0,94484.7629,27462.24,,,4.849
600782,新钢股份,普钢,江西,19961225,600782.SH,20060519,4.68,4.74,4.54,4.71,4.64,0.07,1.51,27532.84,12844.825,4.9026,4.9026,0.55,28.8124,33.3234,2.8458,1.1011,1.0504,7.3047,7.3047,19322.0374,5616.0,5616.0,91006.7962,26451.36,,,4.849
600782,新钢股份,普钢,江西,19961225,600782.SH,20060518,4.68,4.71,4.5,4.64,4.71,-0.07,-1.49,18182.79,8377.115,3.2377,3.2377,0.34,28.3842,32.8281,2.8035,1.0848,1.0348,7.4149,7.4149,19322.0374,5616.0,5616.0,89654.2535,26058.24,,,4.849
600782,新钢股份,普钢,江西,19961225,600782.SH,20060517,4.55,4.76,4.46,4.71,4.52,0.19,4.2,33619.94,15687.141,5.9865,5.9865,0.65,28.8124,33.3234,2.8458,1.1011,1.0504,7.3047,7.3047,19322.0374,5616.0,5616.0,91006.7962,26451.36,,,4.849
600782,新钢股份,普钢,江西,19961225,600782.SH,20060516,4.74,4.87,4.41,4.52,4.74,-0.22,-4.64,63508.33,29588.152,11.3085,11.3085,1.5,27.6501,31.9791,2.731,1.0567,1.008,7.6118,7.6118,19322.0374,5616.0,5616.0,87335.609,25384.32,,,4.849
600782,新钢股份,普钢,江西,19961225,600782.SH,20060515,4.74,4.74,4.67,4.74,4.31,0.43,9.98,95203.15,45085.58,16.9521,16.9521,3.81,28.9959,33.5356,2.8639,1.1081,1.0571,7.2585,7.2585,19322.0374,5616.0,5616.0,91586.4573,26619.84,,,4.849
600782,新钢股份,普钢,江西,19961225,600782.SH,20060512,3.98,4.37,3.98,4.31,4.01,0.3,7.48,38014.74,16155.64,6.769,6.769,1.99,26.3655,30.4934,2.6041,1.0076,0.9612,7.9827,7.9827,19322.0374,5616.0,5616.0,83277.9812,24204.96,,,4.849
600782,新钢股份,普钢,江西,19961225,600782.SH,20060511,4.02,4.25,3.95,4.01,4.01,0.0,0.0,36294.04,14882.299,6.4626,6.4626,2.8,24.5303,28.3709,2.4228,0.9375,0.8943,8.5799,8.5799,19322.0374,5616.0,5616.0,77481.37,22520.16,,,4.849
600782,新钢股份,普钢,江西,19961225,600782.SH,20060510,3.92,4.04,3.84,4.01,3.92,0.09,2.3,24143.35,9582.965,4.299,4.299,2.51,24.5303,28.3709,2.4228,0.9375,0.8943,8.5799,8.5799,19322.0374,5616.0,5616.0,77481.37,22520.16,,,4.849
600782,新钢股份,普钢,江西,19961225,600782.SH,20060509,3.79,3.93,3.78,3.92,3.8,0.12,3.16,18403.65,7126.208,3.277,3.277,2.18,23.9797,27.7341,2.3684,0.9164,0.8742,8.7769,8.7769,19322.0374,5616.0,5616.0,75742.3866,22014.72,,,4.849
600782,新钢股份,普钢,江西,19961225,600782.SH,20060508,3.65,3.83,3.65,3.8,3.71,0.09,2.43,8179.57,3089.841,1.4565,1.4565,0.99,23.2457,26.8851,2.2959,0.8884,0.8475,9.054,9.054,19322.0374,5616.0,5616.0,73423.7421,21340.8,,,4.849
600782,新钢股份,普钢,江西,19961225,600782.SH,20060428,3.69,3.75,3.62,3.71,3.72,-0.01,-0.27,8629.76,3200.898,1.5366,1.5366,1.07,22.6951,26.2484,2.2416,0.8673,0.8274,9.2737,9.2737,19322.0374,5616.0,5616.0,71684.7588,20835.36,,,4.849
600782,新钢股份,普钢,江西,19961225,600782.SH,20060427,3.68,3.72,3.61,3.72,3.56,0.16,4.49,5440.2,1998.405,0.9687,0.9687,0.59,22.7563,26.3191,2.2476,0.8697,0.8296,9.2487,9.2487,19322.0374,5616.0,5616.0,71877.9791,20891.52,,,4.849
600782,新钢股份,普钢,江西,19961225,600782.SH,20060425,3.61,3.65,3.56,3.56,3.64,-0.08,-2.2,7480.07,2681.686,1.3319,1.3319,0.78,21.7775,25.1871,2.1509,0.8323,0.7939,9.6644,9.6644,19322.0374,5616.0,5616.0,68786.4531,19992.96,,,4.849
600782,新钢股份,普钢,江西,19961225,600782.SH,20060424,3.78,3.82,3.61,3.64,3.82,-0.18,-4.71,12430.05,4545.612,2.2133,2.2133,1.04,22.2669,25.7531,2.1993,0.851,0.8118,9.452,9.452,19322.0374,5616.0,5616.0,70332.2161,20442.24,,,4.849
600782,新钢股份,普钢,江西,19961225,600782.SH,20060421,3.76,3.84,3.72,3.82,3.76,0.06,1.6,7512.33,2842.914,1.3377,1.3377,0.46,23.368,23.368,2.3446,0.8931,0.8931,9.0066,9.0066,19322.0374,5616.0,5616.0,73810.1829,21453.12,,,4.849
600782,新钢股份,普钢,江西,19961225,600782.SH,20060420,3.81,3.83,3.75,3.76,3.81,-0.05,-1.31,7277.0,2756.08,1.2958,1.2958,0.38,23.001,23.001,2.3078,0.879,0.879,9.1504,9.1504,19322.0374,5616.0,5616.0,72650.8606,21116.16,,,4.849
600782,新钢股份,普钢,江西,19961225,600782.SH,20060419,3.88,3.88,3.72,3.81,3.88,-0.07,-1.8,11097.52,4210.55,1.9761,1.9761,0.56,23.3068,23.3068,2.3385,0.8907,0.8907,9.0303,9.0303,19322.0374,5616.0,5616.0,73616.9625,21396.96,,,4.849
600782,新钢股份,普钢,江西,19961225,600782.SH,20060418,3.88,3.92,3.85,3.88,3.89,-0.01,-0.26,9799.48,3804.197,1.7449,1.7449,0.49,23.735,23.735,2.3814,0.9071,0.9071,8.8674,8.8674,19322.0374,5616.0,5616.0,74969.5051,21790.08,,,4.849
600782,新钢股份,普钢,江西,19961225,600782.SH,20060417,3.93,4.02,3.88,3.89,3.92,-0.03,-0.77,24323.18,9615.863,4.3311,4.3311,1.34,23.7962,23.7962,2.3876,0.9094,0.9094,8.8446,8.8446,19322.0374,5616.0,5616.0,75162.7255,21846.24,,,4.849
600782,新钢股份,普钢,江西,19961225,600782.SH,20060414,3.8,3.94,3.78,3.92,3.78,0.14,3.7,29801.97,11524.549,5.3066,5.3066,2.29,23.9797,23.9797,2.406,0.9164,0.9164,8.7769,8.7769,19322.0374,5616.0,5616.0,75742.3866,22014.72,,,4.849
600782,新钢股份,普钢,江西,19961225,600782.SH,20060331,3.78,3.82,3.74,3.78,3.77,0.01,0.27,20564.0,7783.581,3.6617,3.6617,2.2,23.1233,23.1233,2.32,0.8837,0.8837,9.1019,9.1019,19322.0374,5616.0,5616.0,73037.3014,21228.48,,,4.849
600782,新钢股份,普钢,江西,19961225,600782.SH,20060330,3.71,3.82,3.7,3.77,3.71,0.06,1.62,14738.04,5554.215,2.6243,2.6243,2.13,23.0621,23.0621,2.3139,0.8814,0.8814,9.1261,9.1261,19322.0374,5616.0,5616.0,72844.081,21172.32,,,4.849
600782,新钢股份,普钢,江西,19961225,600782.SH,20060329,3.71,3.74,3.7,3.71,3.68,0.03,0.82,10163.95,3776.869,1.8098,1.8098,1.94,22.6951,22.6951,2.2771,0.8673,0.8673,9.2737,9.2737,19322.0374,5616.0,5616.0,71684.7588,20835.36,,,4.849
600782,新钢股份,普钢,江西,19961225,600782.SH,20060328,3.89,3.89,3.65,3.68,3.54,0.14,3.95,15259.27,5622.365,2.7171,2.7171,5.7,22.5116,22.5116,2.2587,0.8603,0.8603,9.3493,9.3493,19322.0374,5616.0,5616.0,71105.0976,20666.88,,,4.849
600782,新钢股份,普钢,江西,19961225,600782.SH,20060317,3.57,3.6,3.5,3.54,3.58,-0.04,-1.12,4208.33,1486.939,0.7493,0.7493,1.78,24.0247,18.7178,2.2384,0.9082,0.8032,9.719,9.719,19322.0374,5616.0,5616.0,68400.0124,19880.64,,,4.849
600782,新钢股份,普钢,江西,19961225,600782.SH,20060316,3.58,3.61,3.57,3.58,3.58,0.0,0.0,2283.56,818.587,0.4066,0.4066,0.98,24.2961,18.9293,2.2637,0.9184,0.8123,9.6104,9.6104,19322.0374,5616.0,5616.0,69172.8939,20105.28,,,4.849
600782,新钢股份,普钢,江西,19961225,600782.SH,20060315,3.57,3.59,3.53,3.58,3.55,0.03,0.85,2750.01,981.629,0.4897,0.4897,1.09,24.2961,18.9293,2.2637,0.9184,0.8123,9.6104,9.6104,19322.0374,5616.0,5616.0,69172.8939,20105.28,,,4.849
600782,新钢股份,普钢,江西,19961225,600782.SH,20060314,3.57,3.6,3.52,3.55,3.6,-0.05,-1.39,1748.0,620.254,0.3113,0.3113,0.57,24.0925,18.7706,2.2448,0.9108,0.8055,9.6916,9.6916,19322.0374,5616.0,5616.0,68593.2328,19936.8,,,4.849
600782,新钢股份,普钢,江西,19961225,600782.SH,20060313,3.52,3.6,3.52,3.6,3.56,0.04,1.12,2399.0,856.226,0.4272,0.4272,0.78,24.4319,19.035,2.2764,0.9236,0.8168,9.557,9.557,19322.0374,5616.0,5616.0,69559.3346,20217.6,,,4.849
600782,新钢股份,普钢,江西,19961225,600782.SH,20060310,3.55,3.57,3.51,3.56,3.54,0.02,0.57,2641.06,934.788,0.4703,0.4703,0.65,24.1604,18.8235,2.2511,0.9133,0.8078,9.6644,9.6644,19322.0374,5616.0,5616.0,68786.4531,19992.96,,,4.849
600782,新钢股份,普钢,江西,19961225,600782.SH,20060309,3.52,3.56,3.51,3.54,3.54,0.0,0.0,2096.9,741.12,0.3734,0.3734,0.43,24.0247,18.7178,2.2384,0.9082,0.8032,9.719,9.719,19322.0374,5616.0,5616.0,68400.0124,19880.64,,,4.849
600782,新钢股份,普钢,江西,19961225,600782.SH,20060308,3.56,3.6,3.5,3.54,3.55,-0.01,-0.28,3696.54,1299.914,0.6582,0.6582,0.6,24.0247,18.7178,2.2384,0.9082,0.8032,9.719,9.719,19322.0374,5616.0,5616.0,68400.0124,19880.64,,,4.849
600782,新钢股份,普钢,江西,19961225,600782.SH,20060307,3.66,3.68,3.53,3.55,3.67,-0.12,-3.27,4515.71,1631.631,0.8041,0.8041,0.74,24.0925,18.7706,2.2448,0.9108,0.8055,9.6916,9.6916,19322.0374,5616.0,5616.0,68593.2328,19936.8,,,4.849
600782,新钢股份,普钢,江西,19961225,600782.SH,20060306,3.68,3.71,3.65,3.67,3.68,-0.01,-0.27,2415.29,888.137,0.4301,0.4301,0.36,24.9069,19.4051,2.3207,0.9415,0.8327,9.3748,9.3748,19322.0374,5616.0,5616.0,70911.8773,20610.72,,,4.849
600782,新钢股份,普钢,江西,19961225,600782.SH,20060303,3.73,3.75,3.64,3.68,3.72,-0.04,-1.08,7569.92,2787.647,1.3479,1.3479,1.27,24.9748,19.458,2.327,0.9441,0.835,9.3493,9.3493,19322.0374,5616.0,5616.0,71105.0976,20666.88,,,4.849
600782,新钢股份,普钢,江西,19961225,600782.SH,20060302,3.86,3.86,3.72,3.72,3.86,-0.14,-3.63,6311.0,2398.075,1.1238,1.1238,1.12,25.2463,19.6695,2.3523,0.9544,0.8441,9.2487,9.2487,19322.0374,5616.0,5616.0,71877.9791,20891.52,,,4.849
600782,新钢股份,普钢,江西,19961225,600782.SH,20060301,3.82,3.86,3.73,3.86,3.79,0.07,1.85,10122.6,3872.611,1.8025,1.8025,2.14,26.1964,20.4098,2.4408,0.9903,0.8758,8.9133,8.9133,19322.0374,5616.0,5616.0,74583.0644,21677.76,,,4.849
600782,新钢股份,普钢,江西,19961225,600782.SH,20060228,3.75,3.8,3.7,3.79,3.8,-0.01,-0.26,4181.2,1557.392,0.7445,0.7445,0.88,25.7213,20.0396,2.3965,0.9723,0.86,9.0779,9.0779,19322.0374,5616.0,5616.0,73230.5217,21284.64,,,4.849
600782,新钢股份,普钢,江西,19961225,600782.SH,20060227,3.77,3.85,3.76,3.8,3.77,0.03,0.8,5125.44,1953.281,0.9126,0.9126,1.15,25.7892,20.0925,2.4029,0.9749,0.8622,9.054,9.054,19322.0374,5616.0,5616.0,73423.7421,21340.8,,,4.849
600782,新钢股份,普钢,江西,19961225,600782.SH,20060224,3.75,3.79,3.75,3.77,3.75,0.02,0.53,3973.6,1499.13,0.7075,0.7075,0.85,25.5856,19.9339,2.3839,0.9672,0.8554,9.1261,9.1261,19322.0374,5616.0,5616.0,72844.081,21172.32,,,4.849
600782,新钢股份,普钢,江西,19961225,600782.SH,20060223,3.75,3.77,3.68,3.75,3.75,0.0,0.0,4733.58,1766.154,0.8429,0.8429,0.84,25.4499,19.8281,2.3712,0.9621,0.8509,9.1748,9.1748,19322.0374,5616.0,5616.0,72457.6403,21060.0,,,4.849
600782,新钢股份,普钢,江西,19961225,600782.SH,20060222,3.75,3.8,3.71,3.75,3.75,0.0,0.0,5606.0,2109.059,0.9982,0.9982,0.95,25.4499,19.8281,2.3712,0.9621,0.8509,9.1748,9.1748,19322.0374,5616.0,5616.0,72457.6403,21060.0,,,4.849
600782,新钢股份,普钢,江西,19961225,600782.SH,20060221,3.7,3.76,3.64,3.75,3.7,0.05,1.35,4412.02,1627.534,0.7856,0.7856,0.45,25.4499,19.8281,2.3712,0.9621,0.8509,9.1748,9.1748,19322.0374,5616.0,5616.0,72457.6403,21060.0,,,4.849
600782,新钢股份,普钢,江西,19961225,600782.SH,20060220,3.75,3.8,3.69,3.7,3.75,-0.05,-1.33,3633.0,1361.789,0.6469,0.6469,0.36,25.1105,19.5638,2.3396,0.9492,0.8395,9.2987,9.2987,19322.0374,5616.0,5616.0,71491.5384,20779.2,,,4.849
600782,新钢股份,普钢,江西,19961225,600782.SH,20060217,3.74,3.8,3.74,3.75,3.76,-0.01,-0.27,4874.99,1837.661,0.8681,0.8681,0.45,25.4499,19.8281,2.3712,0.9621,0.8509,9.1748,9.1748,19322.0374,5616.0,5616.0,72457.6403,21060.0,,,4.849
600782,新钢股份,普钢,江西,19961225,600782.SH,20060216,3.9,3.95,3.76,3.76,3.91,-0.15,-3.84,9530.0,3650.546,1.6969,1.6969,0.91,25.5177,19.881,2.3776,0.9646,0.8531,9.1504,9.1504,19322.0374,5616.0,5616.0,72650.8606,21116.16,,,4.849
600782,新钢股份,普钢,江西,19961225,600782.SH,20060215,4.0,4.0,3.9,3.91,3.96,-0.05,-1.26,7019.88,2762.083,1.25,1.25,0.67,26.5357,20.6741,2.4724,1.0031,0.8872,8.7993,8.7993,19322.0374,5616.0,5616.0,75549.1662,21958.56,,,3.646
600782,新钢股份,普钢,江西,19961225,600782.SH,20060214,3.86,4.01,3.83,3.96,3.86,0.1,2.59,23837.56,9398.777,4.2446,4.2446,3.18,26.8751,20.9385,2.504,1.0159,0.8985,8.6882,8.6882,19322.0374,5616.0,5616.0,76515.2681,22239.36,,,3.646
600782,新钢股份,普钢,江西,19961225,600782.SH,20060213,3.85,3.87,3.82,3.86,3.86,0.0,0.0,5513.01,2122.956,0.9817,0.9817,0.61,26.1964,20.4098,2.4408,0.9903,0.8758,8.9133,8.9133,19322.0374,5616.0,5616.0,74583.0644,21677.76,,,3.646
600782,新钢股份,普钢,江西,19961225,600782.SH,20060210,3.8,3.89,3.78,3.86,3.8,0.06,1.58,8700.48,3342.438,1.5492,1.5492,0.94,26.1964,20.4098,2.4408,0.9903,0.8758,8.9133,8.9133,19322.0374,5616.0,5616.0,74583.0644,21677.76,,,3.646
600782,新钢股份,普钢,江西,19961225,600782.SH,20060209,3.88,3.88,3.78,3.8,3.88,-0.08,-2.06,7031.0,2691.521,1.252,1.252,0.7,25.7892,20.0925,2.4029,0.9749,0.8622,9.054,9.054,19322.0374,5616.0,5616.0,73423.7421,21340.8,,,3.646
600782,新钢股份,普钢,江西,19961225,600782.SH,20060208,3.86,3.88,3.8,3.88,3.86,0.02,0.52,7460.3,2860.98,1.3284,1.3284,0.62,26.3321,20.5155,2.4534,0.9954,0.8804,8.8674,8.8674,19322.0374,5616.0,5616.0,74969.5051,21790.08,,,3.646
600782,新钢股份,普钢,江西,19961225,600782.SH,20060207,3.89,3.93,3.81,3.86,3.88,-0.02,-0.52,8830.57,3400.584,1.5724,1.5724,0.72,26.1964,20.4098,2.4408,0.9903,0.8758,8.9133,8.9133,19322.0374,5616.0,5616.0,74583.0644,21677.76,,,3.646
600782,新钢股份,普钢,江西,19961225,600782.SH,20060206,3.78,3.95,3.76,3.88,3.76,0.12,3.19,13405.25,5179.796,2.387,2.387,1.12,26.3321,20.5155,2.4534,0.9954,0.8804,8.8674,8.8674,19322.0374,5616.0,5616.0,74969.5051,21790.08,,,3.646
600782,新钢股份,普钢,江西,19961225,600782.SH,20060125,3.8,3.82,3.7,3.76,3.81,-0.05,-1.31,9514.45,3579.394,1.6942,1.6942,0.79,25.5177,19.881,2.3776,0.9646,0.8531,9.1504,9.1504,19322.0374,5616.0,5616.0,72650.8606,21116.16,,,3.646
600782,新钢股份,普钢,江西,19961225,600782.SH,20060124,3.82,3.89,3.8,3.81,3.82,-0.01,-0.26,10944.13,4200.356,1.9487,1.9487,0.99,25.8571,20.1454,2.4092,0.9775,0.8645,9.0303,9.0303,19322.0374,5616.0,5616.0,73616.9625,21396.96,,,3.646
600782,新钢股份,普钢,江西,19961225,600782.SH,20060123,3.72,3.88,3.7,3.82,3.72,0.1,2.69,17382.56,6611.086,3.0952,3.0952,1.88,25.9249,20.1983,2.4155,0.98,0.8668,9.0066,9.0066,19322.0374,5616.0,5616.0,73810.1829,21453.12,,,3.646
600782,新钢股份,普钢,江西,19961225,600782.SH,20060120,3.78,3.78,3.68,3.72,3.76,-0.04,-1.06,9720.65,3620.395,1.7309,1.7309,1.05,25.2463,19.6695,2.3523,0.9544,0.8441,9.2487,9.2487,19322.0374,5616.0,5616.0,71877.9791,20891.52,,,3.646
600782,新钢股份,普钢,江西,19961225,600782.SH,20060119,3.74,3.76,3.68,3.76,3.73,0.03,0.8,12446.02,4641.74,2.2162,2.2162,1.34,25.5177,19.881,2.3776,0.9646,0.8531,9.1504,9.1504,19322.0374,5616.0,5616.0,72650.8606,21116.16,,,3.646
600782,新钢股份,普钢,江西,19961225,600782.SH,20060118,3.65,3.73,3.65,3.73,3.65,0.08,2.19,9572.34,3540.666,1.7045,1.7045,1.07,25.3141,19.7224,2.3586,0.9569,0.8463,9.224,9.224,19322.0374,5616.0,5616.0,72071.1995,20947.68,,,3.646
600782,新钢股份,普钢,江西,19961225,600782.SH,20060117,3.63,3.68,3.63,3.65,3.64,0.01,0.27,5901.29,2157.741,1.0508,1.0508,0.65,24.7712,19.2994,2.308,0.9364,0.8282,9.4261,9.4261,19322.0374,5616.0,5616.0,70525.4365,20498.4,,,3.646
600782,新钢股份,普钢,江西,19961225,600782.SH,20060116,3.72,3.75,3.63,3.64,3.72,-0.08,-2.15,8637.3,3175.039,1.538,1.538,0.92,24.7033,19.2465,2.3017,0.9338,0.8259,9.452,9.452,19322.0374,5616.0,5616.0,70332.2161,20442.24,,,3.646
600782,新钢股份,普钢,江西,19961225,600782.SH,20060113,3.74,3.75,3.67,3.72,3.71,0.01,0.27,9742.9,3615.869,1.7348,1.7348,0.96,25.2463,19.6695,2.3523,0.9544,0.8441,9.2487,9.2487,19322.0374,5616.0,5616.0,71877.9791,20891.52,,,3.646
600782,新钢股份,普钢,江西,19961225,600782.SH,20060112,3.65,3.74,3.63,3.71,3.65,0.06,1.64,12535.89,4636.525,2.2322,2.2322,1.34,25.1784,19.6166,2.3459,0.9518,0.8418,9.2737,9.2737,19322.0374,5616.0,5616.0,71684.7588,20835.36,,,3.646
600782,新钢股份,普钢,江西,19961225,600782.SH,20060111,3.65,3.73,3.62,3.65,3.68,-0.03,-0.82,7721.48,2835.362,1.3749,1.3749,0.91,24.7712,19.2994,2.308,0.9364,0.8282,9.4261,9.4261,19322.0374,5616.0,5616.0,70525.4365,20498.4,,,3.646
600782,新钢股份,普钢,江西,19961225,600782.SH,20060110,3.67,3.68,3.62,3.68,3.68,0.0,0.0,6785.3,2481.016,1.2082,1.2082,0.83,24.9748,19.458,2.327,0.9441,0.835,9.3493,9.3493,19322.0374,5616.0,5616.0,71105.0976,20666.88,,,3.646
600782,新钢股份,普钢,江西,19961225,600782.SH,20060109,3.64,3.68,3.62,3.68,3.63,0.05,1.38,10324.84,3768.648,1.8385,1.8385,1.17,24.9748,19.458,2.327,0.9441,0.835,9.3493,9.3493,19322.0374,5616.0,5616.0,71105.0976,20666.88,,,3.646
600782,新钢股份,普钢,江西,19961225,600782.SH,20060106,3.62,3.66,3.58,3.63,3.6,0.03,0.83,13349.49,4850.265,2.377,2.377,2.0,24.6355,19.1936,2.2954,0.9313,0.8237,9.4781,9.4781,19322.0374,5616.0,5616.0,70138.9958,20386.08,,,3.646
600782,新钢股份,普钢,江西,19961225,600782.SH,20060105,3.56,3.61,3.55,3.6,3.56,0.04,1.12,8425.68,3023.379,1.5003,1.5003,1.51,24.4319,19.035,2.2764,0.9236,0.8168,9.557,9.557,19322.0374,5616.0,5616.0,69559.3346,20217.6,,,3.646
600782,新钢股份,普钢,江西,19961225,600782.SH,20060104,3.5,3.57,3.48,3.56,3.5,0.06,1.71,3532.62,1253.617,0.629,0.629,0.6,24.1604,18.8235,2.2511,0.9133,0.8078,9.6644,9.6644,19322.0374,5616.0,5616.0,68786.4531,19992.96,,,3.646
600782,新钢股份,普钢,江西,19961225,600782.SH,20051230,3.54,3.56,3.49,3.5,3.56,-0.06,-1.69,5077.54,1791.638,0.9041,0.9041,0.94,23.7532,18.5063,2.2132,0.8979,0.7942,9.8301,9.8301,19322.0374,5616.0,5616.0,67627.1309,19656.0,,,3.646
600782,新钢股份,普钢,江西,19961225,600782.SH,20051229,3.5,3.61,3.48,3.56,3.5,0.06,1.71,13642.97,4853.273,2.4293,2.4293,4.23,24.1604,18.8235,2.2511,0.9133,0.8078,9.6644,9.6644,19322.0374,5616.0,5616.0,68786.4531,19992.96,,,3.646
600782,新钢股份,普钢,江西,19961225,600782.SH,20051228,3.5,3.52,3.47,3.5,3.5,0.0,0.0,2675.35,933.379,0.4764,0.4764,0.85,23.7532,18.5063,2.2132,0.8979,0.7942,9.8301,9.8301,19322.0374,5616.0,5616.0,67627.1309,19656.0,,,3.646
600782,新钢股份,普钢,江西,19961225,600782.SH,20051227,3.55,3.55,3.48,3.5,3.52,-0.02,-0.57,2922.79,1023.694,0.5204,0.5204,0.95,23.7532,18.5063,2.2132,0.8979,0.7942,9.8301,9.8301,19322.0374,5616.0,5616.0,67627.1309,19656.0,,,3.646
600782,新钢股份,普钢,江西,19961225,600782.SH,20051226,3.49,3.54,3.47,3.52,3.49,0.03,0.86,4894.49,1721.125,0.8715,0.8715,1.8,23.8889,18.612,2.2258,0.9031,0.7987,9.7742,9.7742,19322.0374,5616.0,5616.0,68013.5716,19768.32,,,3.646
600782,新钢股份,普钢,江西,19961225,600782.SH,20051223,3.47,3.49,3.42,3.49,3.44,0.05,1.45,2852.07,989.514,0.5078,0.5078,1.05,23.6853,18.4534,2.2068,0.8954,0.7919,9.8583,9.8583,19322.0374,5616.0,5616.0,67433.9105,19599.84,,,3.646
600782,新钢股份,普钢,江西,19961225,600782.SH,20051222,3.42,3.44,3.39,3.44,3.43,0.01,0.29,2788.5,953.657,0.4965,0.4965,0.93,23.346,18.189,2.1752,0.8825,0.7805,10.0016,10.0016,19322.0374,5616.0,5616.0,66467.8087,19319.04,,,3.646
600782,新钢股份,普钢,江西,19961225,600782.SH,20051221,3.48,3.49,3.43,3.43,3.46,-0.03,-0.87,2312.0,799.646,0.4117,0.4117,0.68,23.2781,18.1361,2.1689,0.88,0.7783,10.0307,10.0307,19322.0374,5616.0,5616.0,66274.5883,19262.88,,,3.646
600782,新钢股份,普钢,江西,19961225,600782.SH,20051220,3.46,3.5,3.44,3.46,3.48,-0.02,-0.57,2518.5,873.042,0.4485,0.4485,0.74,23.4817,18.2948,2.1879,0.8877,0.7851,9.9437,9.9437,19322.0374,5616.0,5616.0,66854.2494,19431.36,,,3.646
600782,新钢股份,普钢,江西,19961225,600782.SH,20051219,3.47,3.5,3.46,3.48,3.47,0.01,0.29,3144.58,1092.607,0.5599,0.5599,0.92,23.6175,18.4005,2.2005,0.8928,0.7896,9.8866,9.8866,19322.0374,5616.0,5616.0,67240.6902,19543.68,,,3.646
600782,新钢股份,普钢,江西,19961225,600782.SH,20051216,3.45,3.49,3.44,3.47,3.44,0.03,0.87,2863.49,993.102,0.5099,0.5099,0.79,23.5496,18.3476,2.1942,0.8902,0.7873,9.9151,9.9151,19322.0374,5616.0,5616.0,67047.4698,19487.52,,,3.646
600782,新钢股份,普钢,江西,19961225,600782.SH,20051215,3.5,3.52,3.44,3.44,3.5,-0.06,-1.71,4191.0,1457.873,0.7463,0.7463,1.33,23.346,18.189,2.1752,0.8825,0.7805,10.0016,10.0016,19322.0374,5616.0,5616.0,66467.8087,19319.04,,,3.646
600782,新钢股份,普钢,江西,19961225,600782.SH,20051214,3.44,3.51,3.42,3.5,3.48,0.02,0.57,4191.66,1461.518,0.7464,0.7464,1.36,23.7532,18.5063,2.2132,0.8979,0.7942,9.8301,9.8301,19322.0374,5616.0,5616.0,67627.1309,19656.0,,,3.646
600782,新钢股份,普钢,江西,19961225,600782.SH,20051213,3.44,3.48,3.42,3.48,3.47,0.01,0.29,2517.79,871.24,0.4483,0.4483,0.65,23.6175,18.4005,2.2005,0.8928,0.7896,9.8866,9.8866,19322.0374,5616.0,5616.0,67240.6902,19543.68,,,3.646
600782,新钢股份,普钢,江西,19961225,600782.SH,20051212,3.42,3.48,3.41,3.47,3.44,0.03,0.87,3249.95,1124.694,0.5787,0.5787,0.67,23.5496,18.3476,2.1942,0.8902,0.7873,9.9151,9.9151,19322.0374,5616.0,5616.0,67047.4698,19487.52,,,3.646
600782,新钢股份,普钢,江西,19961225,600782.SH,20051209,3.37,3.47,3.35,3.44,3.39,0.05,1.47,3879.58,1327.816,0.6908,0.6908,0.69,23.346,18.189,2.1752,0.8825,0.7805,10.0016,10.0016,19322.0374,5616.0,5616.0,66467.8087,19319.04,,,3.646
600782,新钢股份,普钢,江西,19961225,600782.SH,20051208,3.38,3.41,3.35,3.39,3.4,-0.01,-0.29,1934.5,654.345,0.3445,0.3445,0.3,23.0067,17.9246,2.1436,0.8697,0.7692,10.1491,10.1491,19322.0374,5616.0,5616.0,65501.7068,19038.24,,,3.646
600782,新钢股份,普钢,江西,19961225,600782.SH,20051207,3.38,3.42,3.33,3.4,3.4,0.0,0.0,3863.0,1301.072,0.6879,0.6879,0.59,23.0745,17.9775,2.1499,0.8723,0.7715,10.1192,10.1192,19322.0374,5616.0,5616.0,65694.9272,19094.4,,,3.646
600782,新钢股份,普钢,江西,19961225,600782.SH,20051206,3.32,3.45,3.29,3.4,3.32,0.08,2.41,6395.0,2167.759,1.1387,1.1387,0.91,23.0745,17.9775,2.1499,0.8723,0.7715,10.1192,10.1192,19322.0374,5616.0,5616.0,65694.9272,19094.4,,,3.646
600782,新钢股份,普钢,江西,19961225,600782.SH,20051205,3.45,3.45,3.31,3.32,3.46,-0.14,-4.05,8154.65,2745.165,1.452,1.452,0.76,22.5316,17.5545,2.0993,0.8517,0.7533,10.3631,10.3631,19322.0374,5616.0,5616.0,64149.1642,18645.12,,,3.646
600782,新钢股份,普钢,江西,19961225,600782.SH,20051202,3.65,3.65,3.44,3.46,3.6,-0.14,-3.89,7899.49,2771.232,1.4066,1.4066,0.38,23.4817,18.2948,2.1879,0.8877,0.7851,9.9437,9.9437,19322.0374,5616.0,5616.0,66854.2494,19431.36,,,3.646
600782,新钢股份,普钢,江西,19961225,600782.SH,20051201,3.62,3.66,3.57,3.6,3.64,-0.04,-1.1,5468.13,1971.381,0.9737,0.9737,0.26,24.4319,19.035,2.2764,0.9236,0.8168,9.557,9.557,19322.0374,5616.0,5616.0,69559.3346,20217.6,,,3.646
600782,新钢股份,普钢,江西,19961225,600782.SH,20051130,3.6,3.65,3.53,3.64,3.6,0.04,1.11,4749.73,1713.207,0.8457,0.8457,0.23,24.7033,19.2465,2.3017,0.9338,0.8259,9.452,9.452,19322.0374,5616.0,5616.0,70332.2161,20442.24,,,3.646
600782,新钢股份,普钢,江西,19961225,600782.SH,20051129,3.7,3.7,3.59,3.6,3.72,-0.12,-3.23,8832.0,3210.67,1.5726,1.5726,0.44,24.4319,19.035,2.2764,0.9236,0.8168,9.557,9.557,19322.0374,5616.0,5616.0,69559.3346,20217.6,,,3.646
600782,新钢股份,普钢,江西,19961225,600782.SH,20051128,3.73,3.8,3.65,3.72,3.89,-0.17,-4.37,26404.3,9841.086,4.7016,4.7016,1.67,25.2463,19.6695,2.3523,0.9544,0.8441,9.2487,9.2487,19322.0374,5616.0,5616.0,71877.9791,20891.52,,,3.646
600782,新钢股份,普钢,江西,19961225,600782.SH,20051125,3.57,3.92,3.52,3.89,3.56,0.33,9.27,57364.47,21582.578,10.2145,10.2145,8.27,26.4,20.5684,2.4598,0.998,0.8826,8.8446,8.8446,19322.0374,5616.0,5616.0,75162.7255,21846.24,,,3.646
600782,新钢股份,普钢,江西,19961225,600782.SH,20051124,3.47,3.57,3.44,3.56,3.47,0.09,2.59,7739.0,2731.188,1.378,1.378,1.23,24.1604,18.8235,2.2511,0.9133,0.8078,9.6644,9.6644,19322.0374,5616.0,5616.0,68786.4531,19992.96,,,3.646
600782,新钢股份,普钢,江西,19961225,600782.SH,20051123,3.44,3.47,3.41,3.47,3.44,0.03,0.87,2699.6,932.276,0.4807,0.4807,0.39,23.5496,18.3476,2.1942,0.8902,0.7873,9.9151,9.9151,19322.0374,5616.0,5616.0,67047.4698,19487.52,,,3.646
600782,新钢股份,普钢,江西,19961225,600782.SH,20051122,3.57,3.57,3.43,3.44,3.57,-0.13,-3.64,6444.0,2249.916,1.1474,1.1474,0.95,23.346,18.189,2.1752,0.8825,0.7805,10.0016,10.0016,19322.0374,5616.0,5616.0,66467.8087,19319.04,,,3.646
600782,新钢股份,普钢,江西,19961225,600782.SH,20051121,3.56,3.6,3.54,3.57,3.56,0.01,0.28,4946.99,1761.912,0.8809,0.8809,0.71,24.2283,18.8764,2.2574,0.9159,0.81,9.6373,9.6373,19322.0374,5616.0,5616.0,68979.6735,20049.12,,,3.646
600782,新钢股份,普钢,江西,19961225,600782.SH,20051118,3.47,3.58,3.47,3.56,3.5,0.06,1.71,12838.0,4557.094,2.286,2.286,1.98,24.1604,18.8235,2.2511,0.9133,0.8078,9.6644,9.6644,19322.0374,5616.0,5616.0,68786.4531,19992.96,,,3.646
600782,新钢股份,普钢,江西,19961225,600782.SH,20051117,3.53,3.53,3.47,3.5,3.53,-0.03,-0.85,4538.43,1587.142,0.8081,0.8081,0.6,23.7532,18.5063,2.2132,0.8979,0.7942,9.8301,9.8301,19322.0374,5616.0,5616.0,67627.1309,19656.0,,,3.646
600782,新钢股份,普钢,江西,19961225,600782.SH,20051116,3.45,3.55,3.4,3.53,3.45,0.08,2.32,5515.0,1917.394,0.982,0.982,0.69,23.9568,18.6649,2.2321,0.9056,0.801,9.7466,9.7466,19322.0374,5616.0,5616.0,68206.792,19824.48,,,3.646
600782,新钢股份,普钢,江西,19961225,600782.SH,20051115,3.55,3.55,3.4,3.45,3.49,-0.04,-1.15,5905.0,2064.87,1.0515,1.0515,0.73,23.4139,18.2419,2.1815,0.8851,0.7828,9.9726,9.9726,19322.0374,5616.0,5616.0,66661.029,19375.2,,,3.646
600782,新钢股份,普钢,江西,19961225,600782.SH,20051114,3.43,3.5,3.43,3.49,3.43,0.06,1.75,5864.56,2033.047,1.0443,1.0443,0.67,23.6853,18.4534,2.2068,0.8954,0.7919,9.8583,9.8583,19322.0374,5616.0,5616.0,67433.9105,19599.84,,,3.646
600782,新钢股份,普钢,江西,19961225,600782.SH,20051111,3.39,3.48,3.35,3.43,3.36,0.07,2.08,10619.32,3624.5,1.8909,1.8909,1.37,23.2781,18.1361,2.1689,0.88,0.7783,10.0307,10.0307,19322.0374,5616.0,5616.0,66274.5883,19262.88,,,3.646
600782,新钢股份,普钢,江西,19961225,600782.SH,20051110,3.46,3.46,3.35,3.36,3.48,-0.12,-3.45,9799.14,3326.349,1.7449,1.7449,1.4,22.8031,17.766,2.1246,0.862,0.7624,10.2397,10.2397,19322.0374,5616.0,5616.0,64922.0457,18869.76,,,3.646
600782,新钢股份,普钢,江西,19961225,600782.SH,20051109,3.5,3.55,3.48,3.48,3.54,-0.06,-1.69,7696.0,2706.459,1.3704,1.3704,1.1,23.6175,18.4005,2.2005,0.8928,0.7896,9.8866,9.8866,19322.0374,5616.0,5616.0,67240.6902,19543.68,,,3.646
600782,新钢股份,普钢,江西,19961225,600782.SH,20051108,3.52,3.56,3.46,3.54,3.53,0.01,0.28,6567.3,2309.705,1.1694,1.1694,0.9,24.0247,18.7178,2.2384,0.9082,0.8032,9.719,9.719,19322.0374,5616.0,5616.0,68400.0124,19880.64,,,3.646
600782,新钢股份,普钢,江西,19961225,600782.SH,20051107,3.45,3.53,3.42,3.53,3.44,0.09,2.62,9185.4,3194.865,1.6356,1.6356,1.33,23.9568,18.6649,2.2321,0.9056,0.801,9.7466,9.7466,19322.0374,5616.0,5616.0,68206.792,19824.48,,,3.646
600782,新钢股份,普钢,江西,19961225,600782.SH,20051104,3.38,3.45,3.33,3.44,3.38,0.06,1.78,5459.34,1855.766,0.9721,0.9721,0.74,23.346,18.189,2.1752,0.8825,0.7805,10.0016,10.0016,19322.0374,5616.0,5616.0,66467.8087,19319.04,,,3.646
600782,新钢股份,普钢,江西,19961225,600782.SH,20051103,3.42,3.46,3.37,3.38,3.42,-0.04,-1.17,6191.0,2110.246,1.1024,1.1024,0.84,22.9388,17.8718,2.1373,0.8671,0.7669,10.1791,10.1791,19322.0374,5616.0,5616.0,65308.4864,18982.08,,,3.646
600782,新钢股份,普钢,江西,19961225,600782.SH,20051102,3.37,3.47,3.35,3.42,3.35,0.07,2.09,7729.48,2644.257,1.3763,1.3763,0.87,23.2103,18.0833,2.1626,0.8774,0.776,10.06,10.06,19322.0374,5616.0,5616.0,66081.3679,19206.72,,,3.646
600782,新钢股份,普钢,江西,19961225,600782.SH,20051101,3.43,3.45,3.27,3.35,3.46,-0.11,-3.18,8089.92,2708.465,1.4405,1.4405,0.78,22.7352,17.7131,2.1183,0.8594,0.7601,10.2702,10.2702,19322.0374,5616.0,5616.0,64728.8253,18813.6,,,3.646
600782,新钢股份,普钢,江西,19961225,600782.SH,20051031,3.42,3.51,3.4,3.46,3.45,0.01,0.29,6993.54,2417.054,1.2453,1.2453,0.66,23.4817,18.2948,2.1879,0.8877,0.7851,9.9437,9.9437,19322.0374,5616.0,5616.0,66854.2494,19431.36,,,3.646
600782,新钢股份,普钢,江西,19961225,600782.SH,20051028,3.64,3.64,3.36,3.45,3.59,-0.14,-3.9,7795.23,2714.109,1.388,1.388,0.68,23.4139,18.2419,2.1815,0.8851,0.7828,9.9726,9.9726,19322.0374,5616.0,5616.0,66661.029,19375.2,,,3.646
600782,新钢股份,普钢,江西,19961225,600782.SH,20051027,3.58,3.64,3.53,3.59,3.59,0.0,0.0,6435.06,2300.98,1.1458,1.1458,0.49,24.364,18.9821,2.2701,0.921,0.8146,9.5837,9.5837,19322.0374,5616.0,5616.0,69366.1143,20161.44,,,3.646
600782,新钢股份,普钢,江西,19961225,600782.SH,20051026,3.71,3.78,3.57,3.59,3.78,-0.19,-5.03,15172.5,5537.438,2.7017,2.7017,1.15,24.364,18.9821,2.2701,0.921,0.8146,9.5837,9.5837,19322.0374,5616.0,5616.0,69366.1143,20161.44,,,3.646
600782,新钢股份,普钢,江西,19961225,600782.SH,20051025,3.92,3.92,3.75,3.78,3.92,-0.14,-3.57,15149.79,5761.166,2.6976,2.6976,1.2,25.6535,19.9868,2.3902,0.9698,0.8577,9.1019,9.1019,19322.0374,5616.0,5616.0,73037.3014,21228.48,,,3.646
600782,新钢股份,普钢,江西,19961225,600782.SH,20051024,3.97,4.0,3.9,3.92,3.98,-0.06,-1.51,8826.76,3482.707,1.5717,1.5717,0.69,26.6036,20.727,2.4787,1.0057,0.8895,8.7769,8.7769,19322.0374,5616.0,5616.0,75742.3866,22014.72,,,3.646
600782,新钢股份,普钢,江西,19961225,600782.SH,20051021,4.1,4.1,3.97,3.98,3.96,0.02,0.51,12072.76,4876.049,2.1497,2.1497,0.89,27.0108,22.7715,2.5841,1.0211,0.952,8.6446,8.6446,19322.0374,5616.0,5616.0,76901.7089,22351.68,,,3.646
600782,新钢股份,普钢,江西,19961225,600782.SH,20051020,4.0,4.0,3.88,3.96,4.02,-0.06,-1.49,13916.22,5463.813,2.478,2.478,1.07,26.8751,22.6571,2.5711,1.0159,0.9472,8.6882,8.6882,19322.0374,5616.0,5616.0,76515.2681,22239.36,,,3.646
600782,新钢股份,普钢,江西,19961225,600782.SH,20051019,4.06,4.16,3.99,4.02,4.09,-0.07,-1.71,15790.0,6450.735,2.8116,2.8116,1.25,27.2823,23.0004,2.61,1.0313,0.9616,8.5585,8.5585,19322.0374,5616.0,5616.0,77674.5903,22576.32,,,3.646
600782,新钢股份,普钢,江西,19961225,600782.SH,20051018,3.98,4.13,3.95,4.09,4.0,0.09,2.25,12666.33,5116.767,2.2554,2.2554,1.0,27.7573,23.4009,2.6555,1.0493,0.9783,8.4121,8.4121,19322.0374,5616.0,5616.0,79027.133,22969.44,,,3.646
600782,新钢股份,普钢,江西,19961225,600782.SH,20051017,4.01,4.02,3.91,4.0,4.04,-0.04,-0.99,9383.13,3708.238,1.6708,1.6708,0.73,27.1465,22.8859,2.5971,1.0262,0.9568,8.6013,8.6013,19322.0374,5616.0,5616.0,77288.1496,22464.0,,,3.646
600782,新钢股份,普钢,江西,19961225,600782.SH,20051014,4.06,4.15,4.02,4.04,4.05,-0.01,-0.25,15798.44,6469.466,2.8131,2.8131,1.09,27.418,23.1148,2.623,1.0365,0.9663,8.5162,8.5162,19322.0374,5616.0,5616.0,78061.0311,22688.64,,,3.646
600782,新钢股份,普钢,江西,19961225,600782.SH,20051013,4.03,4.07,4.0,4.05,4.03,0.02,0.5,11317.99,4564.795,2.0153,2.0153,0.54,27.4859,23.172,2.6295,1.039,0.9687,8.4951,8.4951,19322.0374,5616.0,5616.0,78254.2515,22744.8,,,3.646
600782,新钢股份,普钢,江西,19961225,600782.SH,20051012,4.07,4.1,3.98,4.03,4.06,-0.03,-0.74,13988.24,5657.221,2.4908,2.4908,0.43,27.3501,23.0576,2.6165,1.0339,0.9639,8.5373,8.5373,19322.0374,5616.0,5616.0,77867.8107,22632.48,,,3.557
600782,新钢股份,普钢,江西,19961225,600782.SH,20051011,3.96,4.07,3.91,4.06,3.98,0.08,2.01,13152.26,5236.959,2.3419,2.3419,0.34,27.5537,23.2292,2.636,1.0416,0.9711,8.4742,8.4742,19322.0374,5616.0,5616.0,78447.4718,22800.96,,,3.557
600782,新钢股份,普钢,江西,19961225,600782.SH,20051010,4.0,4.03,3.93,3.98,4.04,-0.06,-1.49,10146.97,4030.577,1.8068,1.8068,0.18,27.0108,22.7715,2.5841,1.0211,0.952,8.6446,8.6446,19322.0374,5616.0,5616.0,76901.7089,22351.68,,,3.557
600782,新钢股份,普钢,江西,19961225,600782.SH,20050930,4.12,4.12,3.95,4.04,4.15,-0.11,-2.65,23856.14,9591.791,4.2479,4.2479,0.44,27.418,23.1148,2.623,1.0365,0.9663,8.5162,8.5162,19322.0374,5616.0,5616.0,78061.0311,22688.64,,,3.557
600782,新钢股份,普钢,江西,19961225,600782.SH,20050929,4.21,4.28,4.02,4.15,4.21,-0.06,-1.43,43263.8,17851.434,7.7037,7.7037,0.87,28.1645,23.7442,2.6944,1.0647,0.9927,8.2904,8.2904,19322.0374,5616.0,5616.0,80186.4552,23306.4,,,3.557
600782,新钢股份,普钢,江西,19961225,600782.SH,20050928,4.15,4.38,4.13,4.21,4.07,0.14,3.44,70550.82,30240.81,12.5625,12.5625,1.83,28.5717,24.0875,2.7334,1.0801,1.007,8.1723,8.1723,19322.0374,5616.0,5616.0,81345.7775,23643.36,,,3.557
600782,新钢股份,普钢,江西,19961225,600782.SH,20050927,4.35,4.38,4.05,4.07,4.3,-0.23,-5.35,44847.11,18784.299,7.9856,7.9856,1.36,27.6216,23.2864,2.6425,1.0442,0.9735,8.4534,8.4534,19322.0374,5616.0,5616.0,78640.6922,22857.12,,,3.557
600782,新钢股份,普钢,江西,19961225,600782.SH,20050926,4.04,4.3,4.01,4.3,3.91,0.39,9.97,100724.45,42087.605,17.9353,17.9353,6.33,29.1825,24.6024,2.7918,1.1032,1.0285,8.0012,8.0012,19322.0374,5616.0,5616.0,83084.7608,24148.8,,,3.557
600782,新钢股份,普钢,江西,19961225,600782.SH,20050923,3.82,3.92,3.8,3.91,3.86,0.05,1.3,13132.95,5080.289,2.3385,2.3385,0.83,26.5357,22.371,2.5386,1.0031,0.9352,8.7993,8.7993,19322.0374,5616.0,5616.0,75549.1662,21958.56,,,3.557
600782,新钢股份,普钢,江西,19961225,600782.SH,20050922,3.84,3.89,3.75,3.86,3.84,0.02,0.52,18266.91,6983.815,3.2527,3.2527,1.14,26.1964,22.0849,2.5062,0.9903,0.9233,8.9133,8.9133,19322.0374,5616.0,5616.0,74583.0644,21677.76,,,3.557
600782,新钢股份,普钢,江西,19961225,600782.SH,20050921,3.95,3.97,3.83,3.84,3.99,-0.15,-3.76,15367.59,5955.123,2.7364,2.7364,0.91,26.0607,21.9705,2.4932,0.9852,0.9185,8.9597,8.9597,19322.0374,5616.0,5616.0,74196.6236,21565.44,,,3.557
600782,新钢股份,普钢,江西,19961225,600782.SH,20050920,4.05,4.05,3.9,3.99,4.01,-0.02,-0.5,17114.01,6769.915,3.0474,3.0474,1.06,27.0787,22.8287,2.5906,1.0236,0.9544,8.6229,8.6229,19322.0374,5616.0,5616.0,77094.9292,22407.84,,,3.557
600782,新钢股份,普钢,江西,19961225,600782.SH,20050919,3.97,4.05,3.94,4.01,3.99,0.02,0.5,15665.2,6262.711,2.7894,2.7894,0.92,27.2144,22.9432,2.6035,1.0288,0.9592,8.5799,8.5799,19322.0374,5616.0,5616.0,77481.37,22520.16,,,3.557
600782,新钢股份,普钢,江西,19961225,600782.SH,20050916,4.01,4.01,3.9,3.99,4.01,-0.02,-0.5,12578.77,4989.948,2.2398,2.2398,0.73,27.0787,22.8287,2.5906,1.0236,0.9544,8.6229,8.6229,19322.0374,5616.0,5616.0,77094.9292,22407.84,,,3.557
600782,新钢股份,普钢,江西,19961225,600782.SH,20050915,4.0,4.04,3.93,4.01,4.0,0.01,0.25,19726.43,7865.938,3.5125,3.5125,1.08,27.2144,22.9432,2.6035,1.0288,0.9592,8.5799,8.5799,19322.0374,5616.0,5616.0,77481.37,22520.16,,,3.557
600782,新钢股份,普钢,江西,19961225,600782.SH,20050914,3.9,4.02,3.86,4.0,3.92,0.08,2.04,19788.82,7822.69,3.5237,3.5237,1.22,27.1465,22.8859,2.5971,1.0262,0.9568,8.6013,8.6013,19322.0374,5616.0,5616.0,77288.1496,22464.0,,,3.557
600782,新钢股份,普钢,江西,19961225,600782.SH,20050913,3.87,3.92,3.79,3.92,3.86,0.06,1.55,12763.58,4931.446,2.2727,2.2727,0.8,26.6036,22.4282,2.5451,1.0057,0.9376,8.7769,8.7769,19322.0374,5616.0,5616.0,75742.3866,22014.72,,,3.557
600782,新钢股份,普钢,江西,19961225,600782.SH,20050912,3.81,3.92,3.75,3.86,3.77,0.09,2.39,19926.33,7635.14,3.5481,3.5481,1.46,26.1964,22.0849,2.5062,0.9903,0.9233,8.9133,8.9133,19322.0374,5616.0,5616.0,74583.0644,21677.76,,,3.557
600782,新钢股份,普钢,江西,19961225,600782.SH,20050909,3.82,3.83,3.73,3.77,3.84,-0.07,-1.82,13493.83,5093.287,2.4027,2.4027,1.04,25.5856,21.57,2.4477,0.9672,0.9018,9.1261,9.1261,19322.0374,5616.0,5616.0,72844.081,21172.32,,,3.557
600782,新钢股份,普钢,江西,19961225,600782.SH,20050908,3.72,3.87,3.68,3.84,3.72,0.12,3.23,25181.1,9529.803,4.4838,4.4838,2.53,26.0607,21.9705,2.4932,0.9852,0.9185,8.9597,8.9597,19322.0374,5616.0,5616.0,74196.6236,21565.44,,,3.557
600782,新钢股份,普钢,江西,19961225,600782.SH,20050907,3.59,3.73,3.56,3.72,3.59,0.13,3.62,9909.61,3607.018,1.7645,1.7645,1.04,25.2463,21.2839,2.4153,0.9544,0.8898,9.2487,9.2487,19322.0374,5616.0,5616.0,71877.9791,20891.52,,,3.557
600782,新钢股份,普钢,江西,19961225,600782.SH,20050906,3.73,3.77,3.56,3.59,3.73,-0.14,-3.75,11228.01,4143.177,1.9993,1.9993,1.34,24.364,20.5401,2.3309,0.921,0.8587,9.5837,9.5837,19322.0374,5616.0,5616.0,69366.1143,20161.44,,,3.557
600782,新钢股份,普钢,江西,19961225,600782.SH,20050905,3.69,3.75,3.69,3.73,3.7,0.03,0.81,8291.52,3082.392,1.4764,1.4764,0.96,25.3141,21.3411,2.4218,0.9569,0.8922,9.224,9.224,19322.0374,5616.0,5616.0,72071.1995,20947.68,,,3.557
600782,新钢股份,普钢,江西,19961225,600782.SH,20050902,3.72,3.73,3.65,3.7,3.7,0.0,0.0,10402.03,3840.692,1.8522,1.8522,1.3,25.1105,21.1695,2.4023,0.9492,0.885,9.2987,9.2987,19322.0374,5616.0,5616.0,71491.5384,20779.2,,,3.557
600782,新钢股份,普钢,江西,19961225,600782.SH,20050901,3.69,3.72,3.62,3.7,3.64,0.06,1.65,9951.08,3660.193,1.7719,1.7719,1.39,25.1105,21.1695,2.4023,0.9492,0.885,9.2987,9.2987,19322.0374,5616.0,5616.0,71491.5384,20779.2,,,3.557
600782,新钢股份,普钢,江西,19961225,600782.SH,20050831,3.55,3.65,3.52,3.64,3.56,0.08,2.25,7555.97,2718.363,1.3454,1.3454,1.15,24.7033,20.8262,2.3633,0.9338,0.8707,9.452,9.452,19322.0374,5616.0,5616.0,70332.2161,20442.24,,,3.557
600782,新钢股份,普钢,江西,19961225,600782.SH,20050830,3.61,3.61,3.53,3.56,3.6,-0.04,-1.11,5589.02,1998.495,0.9952,0.9952,0.87,24.1604,20.3685,2.3114,0.9133,0.8515,9.6644,9.6644,19322.0374,5616.0,5616.0,68786.4531,19992.96,,,3.557
600782,新钢股份,普钢,江西,19961225,600782.SH,20050829,3.58,3.66,3.56,3.6,3.57,0.03,0.84,9784.84,3530.968,1.7423,1.7423,1.78,24.4319,20.5973,2.3373,0.9236,0.8611,9.557,9.557,19322.0374,5616.0,5616.0,69559.3346,20217.6,,,3.557
600782,新钢股份,普钢,江西,19961225,600782.SH,20050826,3.56,3.58,3.5,3.57,3.55,0.02,0.56,7063.68,2504.056,1.2578,1.2578,1.15,24.2283,20.4257,2.3179,0.9159,0.8539,9.6373,9.6373,19322.0374,5616.0,5616.0,68979.6735,20049.12,,,3.557
600782,新钢股份,普钢,江西,19961225,600782.SH,20050825,3.54,3.56,3.49,3.55,3.54,0.01,0.28,5842.11,2055.008,1.0403,1.0403,0.71,24.0925,20.3113,2.3049,0.9108,0.8491,9.6916,9.6916,19322.0374,5616.0,5616.0,68593.2328,19936.8,,,3.557
600782,新钢股份,普钢,江西,19961225,600782.SH,20050824,3.5,3.55,3.49,3.54,3.52,0.02,0.57,4463.58,1571.955,0.7948,0.7948,0.45,24.0247,20.2541,2.2984,0.9082,0.8467,9.719,9.719,19322.0374,5616.0,5616.0,68400.0124,19880.64,,,3.557
600782,新钢股份,普钢,江西,19961225,600782.SH,20050823,3.57,3.57,3.46,3.52,3.56,-0.04,-1.12,4836.4,1691.103,0.8612,0.8612,0.36,23.8889,20.1396,2.2854,0.9031,0.842,9.7742,9.7742,19322.0374,5616.0,5616.0,68013.5716,19768.32,,,3.557
600782,新钢股份,普钢,江西,19961225,600782.SH,20050822,3.54,3.57,3.49,3.56,3.5,0.06,1.71,5287.9,1869.774,0.9416,0.9416,0.33,24.1604,20.3685,2.3114,0.9133,0.8515,9.6644,9.6644,19322.0374,5616.0,5616.0,68786.4531,19992.96,,,3.557
600782,新钢股份,普钢,江西,19961225,600782.SH,20050819,3.46,3.56,3.43,3.5,3.54,-0.04,-1.13,10174.82,3556.017,1.8118,1.8118,0.51,23.7532,20.0252,2.2724,0.8979,0.8372,9.8301,9.8301,19322.0374,5616.0,5616.0,67627.1309,19656.0,,,3.557
600782,新钢股份,普钢,江西,19961225,600782.SH,20050818,3.73,3.73,3.51,3.54,3.74,-0.2,-5.35,16253.21,5950.617,2.8941,2.8941,0.7,24.0247,20.2541,2.2984,0.9082,0.8467,9.719,9.719,19322.0374,5616.0,5616.0,68400.0124,19880.64,,,3.557
600782,新钢股份,普钢,江西,19961225,600782.SH,20050817,3.7,3.75,3.56,3.74,3.71,0.03,0.81,13347.84,4870.546,2.3768,2.3768,0.57,25.382,21.3984,2.4282,0.9595,0.8946,9.1993,9.1993,19322.0374,5616.0,5616.0,72264.4199,21003.84,,,3.557
600782,新钢股份,普钢,江西,19961225,600782.SH,20050816,3.78,3.79,3.65,3.71,3.75,-0.04,-1.07,22100.66,8253.454,3.9353,3.9353,1.0,25.1784,21.2267,2.4088,0.9518,0.8874,9.2737,9.2737,19322.0374,5616.0,5616.0,71684.7588,20835.36,,,3.557
600782,新钢股份,普钢,江西,19961225,600782.SH,20050815,3.66,3.79,3.63,3.75,3.66,0.09,2.46,17969.18,6686.41,3.1996,3.1996,0.87,25.4499,21.4556,2.4347,0.9621,0.897,9.1748,9.1748,19322.0374,5616.0,5616.0,72457.6403,21060.0,,,3.557
600782,新钢股份,普钢,江西,19961225,600782.SH,20050812,3.72,3.73,3.55,3.66,3.7,-0.04,-1.08,30770.7,11179.796,5.4791,5.4791,1.88,24.8391,20.9406,2.3763,0.939,0.8754,9.4004,9.4004,19322.0374,5616.0,5616.0,70718.6569,20554.56,,,3.557
600782,新钢股份,普钢,江西,19961225,600782.SH,20050811,3.59,3.74,3.52,3.7,3.57,0.13,3.64,32079.41,11667.016,5.7121,5.7121,2.23,25.1105,21.1695,2.4023,0.9492,0.885,9.2987,9.2987,19322.0374,5616.0,5616.0,71491.5384,20779.2,,,3.557
600782,新钢股份,普钢,江西,19961225,600782.SH,20050810,3.5,3.58,3.45,3.57,3.5,0.07,2.0,15017.34,5283.195,2.674,2.674,0.98,24.2283,20.4257,2.3179,0.9159,0.8539,9.6373,9.6373,19322.0374,5616.0,5616.0,68979.6735,20049.12,,,3.557
600782,新钢股份,普钢,江西,19961225,600782.SH,20050809,3.43,3.51,3.37,3.5,3.43,0.07,2.04,14413.6,4963.956,2.5665,2.5665,1.02,23.7532,20.0252,2.2724,0.8979,0.8372,9.8301,9.8301,19322.0374,5616.0,5616.0,67627.1309,19656.0,,,3.557
600782,新钢股份,普钢,江西,19961225,600782.SH,20050808,3.42,3.5,3.41,3.43,3.42,0.01,0.29,10449.49,3602.844,1.8607,1.8607,0.81,23.2781,19.6247,2.227,0.88,0.8204,10.0307,10.0307,19322.0374,5616.0,5616.0,66274.5883,19262.88,,,3.557
600782,新钢股份,普钢,江西,19961225,600782.SH,20050805,3.35,3.43,3.35,3.42,3.35,0.07,2.09,9940.79,3376.273,1.7701,1.7701,0.82,23.2103,19.5675,2.2205,0.8774,0.818,10.06,10.06,19322.0374,5616.0,5616.0,66081.3679,19206.72,,,3.557
600782,新钢股份,普钢,江西,19961225,600782.SH,20050804,3.46,3.48,3.33,3.35,3.42,-0.07,-2.05,22131.5,7533.949,3.9408,3.9408,2.25,22.7352,19.167,2.175,0.8594,0.8013,10.2702,10.2702,19322.0374,5616.0,5616.0,64728.8253,18813.6,,,3.557
600782,新钢股份,普钢,江西,19961225,600782.SH,20050803,3.37,3.45,3.33,3.42,3.35,0.07,2.09,19598.7,6648.268,3.4898,3.4898,2.52,23.2103,19.5675,2.2205,0.8774,0.818,10.06,10.06,19322.0374,5616.0,5616.0,66081.3679,19206.72,,,3.557
600782,新钢股份,普钢,江西,19961225,600782.SH,20050802,3.28,3.37,3.26,3.35,3.3,0.05,1.52,8472.03,2807.547,1.5086,1.5086,1.04,22.7352,19.167,2.175,0.8594,0.8013,10.2702,10.2702,19322.0374,5616.0,5616.0,64728.8253,18813.6,,,3.557
600782,新钢股份,普钢,江西,19961225,600782.SH,20050801,3.32,3.33,3.25,3.3,3.32,-0.02,-0.6,4470.8,1470.245,0.7961,0.7961,0.53,22.3959,18.8809,2.1426,0.8466,0.7893,10.4259,10.4259,19322.0374,5616.0,5616.0,63762.7234,18532.8,,,3.557
600782,新钢股份,普钢,江西,19961225,600782.SH,20050729,3.27,3.32,3.24,3.32,3.3,0.02,0.61,6002.62,1974.313,1.0688,1.0688,0.71,22.5316,18.9953,2.1556,0.8517,0.7941,10.3631,10.3631,19322.0374,5616.0,5616.0,64149.1642,18645.12,,,3.557
600782,新钢股份,普钢,江西,19961225,600782.SH,20050728,3.32,3.36,3.27,3.3,3.31,-0.01,-0.3,10573.5,3505.453,1.8827,1.8827,1.53,22.3959,18.8809,2.1426,0.8466,0.7893,10.4259,10.4259,19322.0374,5616.0,5616.0,63762.7234,18532.8,,,3.557
600782,新钢股份,普钢,江西,19961225,600782.SH,20050727,3.27,3.31,3.19,3.31,3.27,0.04,1.22,9299.3,3029.109,1.6559,1.6559,1.68,22.4637,18.9381,2.1491,0.8492,0.7917,10.3944,10.3944,19322.0374,5616.0,5616.0,63955.9438,18588.96,,,3.557
600782,新钢股份,普钢,江西,19961225,600782.SH,20050726,3.31,3.32,3.22,3.27,3.25,0.02,0.62,10381.64,3396.886,1.8486,1.8486,2.72,22.1923,18.7093,2.1231,0.8389,0.7822,10.5215,10.5215,19322.0374,5616.0,5616.0,63183.0623,18364.32,,,3.557
600782,新钢股份,普钢,江西,19961225,600782.SH,20050725,3.19,3.28,3.19,3.25,3.21,0.04,1.25,5816.21,1887.005,1.0356,1.0356,1.8,22.0565,18.7424,2.147,0.8338,0.8256,10.5863,10.5863,19322.0374,5616.0,5616.0,62796.6216,18252.0,,,3.557
600782,新钢股份,普钢,江西,19961225,600782.SH,20050722,3.13,3.25,3.13,3.21,3.16,0.05,1.58,6282.31,2015.132,1.1186,1.1186,2.13,21.7851,18.5118,2.1206,0.8235,0.8155,10.7182,10.7182,19322.0374,5616.0,5616.0,62023.7401,18027.36,,,3.557
600782,新钢股份,普钢,江西,19961225,600782.SH,20050721,3.2,3.23,3.1,3.16,3.21,-0.05,-1.56,2800.0,881.419,0.4986,0.4986,0.53,21.4458,18.2234,2.0875,0.8107,0.8028,10.8878,10.8878,19322.0374,5616.0,5616.0,61057.6382,17746.56,,,3.557
600782,新钢股份,普钢,江西,19961225,600782.SH,20050720,3.18,3.22,3.16,3.21,3.18,0.03,0.94,2362.0,754.066,0.4206,0.4206,0.44,21.7851,18.5118,2.1206,0.8235,0.8155,10.7182,10.7182,19322.0374,5616.0,5616.0,62023.7401,18027.36,,,3.557
600782,新钢股份,普钢,江西,19961225,600782.SH,20050719,3.19,3.21,3.14,3.18,3.2,-0.02,-0.63,1852.4,587.905,0.3298,0.3298,0.31,21.5815,18.3387,2.1007,0.8158,0.8078,10.8193,10.8193,19322.0374,5616.0,5616.0,61444.0789,17858.88,,,3.557
600782,新钢股份,普钢,江西,19961225,600782.SH,20050718,3.15,3.21,3.12,3.2,3.17,0.03,0.95,2900.7,919.884,0.5165,0.5165,0.46,21.7172,18.4541,2.1139,0.821,0.8129,10.7517,10.7517,19322.0374,5616.0,5616.0,61830.5197,17971.2,,,3.557
600782,新钢股份,普钢,江西,19961225,600782.SH,20050715,3.22,3.25,3.16,3.17,3.24,-0.07,-2.16,4836.77,1543.689,0.8612,0.8612,0.74,21.5136,18.2811,2.0941,0.8133,0.8053,10.8534,10.8534,19322.0374,5616.0,5616.0,61250.8586,17802.72,,,3.557
600782,新钢股份,普钢,江西,19961225,600782.SH,20050714,3.22,3.32,3.22,3.24,3.14,0.1,3.18,14429.14,4719.14,2.5693,2.5693,3.41,21.9887,18.6848,2.1404,0.8312,0.8231,10.6189,10.6189,19322.0374,5616.0,5616.0,62603.4012,18195.84,,,3.557
600782,新钢股份,普钢,江西,19961225,600782.SH,20050713,3.11,3.17,3.08,3.14,3.15,-0.01,-0.32,2883.0,904.727,0.5134,0.5134,0.68,21.31,18.1081,2.0743,0.8056,0.7977,10.9571,10.9571,19322.0374,5616.0,5616.0,60671.1974,17634.24,,,3.557
600782,新钢股份,普钢,江西,19961225,600782.SH,20050712,3.06,3.17,3.02,3.15,3.03,0.12,3.96,4644.8,1441.087,0.8271,0.8271,1.02,21.3779,18.1657,2.0809,0.8081,0.8002,10.9223,10.9223,19322.0374,5616.0,5616.0,60864.4178,17690.4,,,3.557
600782,新钢股份,普钢,江西,19961225,600782.SH,20050711,3.15,3.2,3.02,3.03,3.09,-0.06,-1.94,4417.2,1382.612,0.7865,0.7865,0.73,20.5635,17.4737,2.0016,0.7773,0.7697,11.3549,11.3549,19322.0374,5616.0,5616.0,58545.7733,17016.48,,,3.557
600782,新钢股份,普钢,江西,19961225,600782.SH,20050708,3.23,3.23,3.07,3.09,3.26,-0.17,-5.21,6264.0,1959.553,1.1154,1.1154,0.78,20.9707,17.8197,2.0413,0.7927,0.785,11.1344,11.1344,19322.0374,5616.0,5616.0,59705.0956,17353.44,,,3.557
600782,新钢股份,普钢,江西,19961225,600782.SH,20050707,3.22,3.29,3.22,3.26,3.25,0.01,0.31,2927.25,953.611,0.5212,0.5212,0.27,22.1244,18.8001,2.1536,0.8364,0.8282,10.5538,10.5538,19322.0374,5616.0,5616.0,62989.8419,18308.16,,,3.557
600782,新钢股份,普钢,江西,19961225,600782.SH,20050706,3.21,3.28,3.21,3.25,3.21,0.04,1.25,3078.0,997.641,0.5481,0.5481,0.25,22.0565,18.7424,2.147,0.8338,0.8256,10.5863,10.5863,19322.0374,5616.0,5616.0,62796.6216,18252.0,,,3.557
600782,新钢股份,普钢,江西,19961225,600782.SH,20050705,3.3,3.32,3.21,3.21,3.33,-0.12,-3.6,6043.0,1971.428,1.076,1.076,0.52,21.7851,18.5118,2.1206,0.8235,0.8155,10.7182,10.7182,19322.0374,5616.0,5616.0,62023.7401,18027.36,,,3.557
600782,新钢股份,普钢,江西,19961225,600782.SH,20050704,3.41,3.41,3.2,3.33,3.43,-0.1,-2.92,11822.85,3916.23,2.1052,2.1052,1.09,22.5995,19.2038,2.1998,0.8543,0.846,10.3319,10.3319,19322.0374,5616.0,5616.0,64342.3845,18701.28,,,3.557
600782,新钢股份,普钢,江西,19961225,600782.SH,20050701,3.35,3.45,3.3,3.43,3.35,0.08,2.39,16291.86,5513.984,2.901,2.901,2.04,23.2781,19.7805,2.2659,0.88,0.8714,10.0307,10.0307,19322.0374,5616.0,5616.0,66274.5883,19262.88,,,3.557
600782,新钢股份,普钢,江西,19961225,600782.SH,20050630,3.45,3.49,3.34,3.35,3.36,-0.01,-0.3,16137.15,5471.512,2.8734,2.8734,2.89,22.7352,19.3191,2.213,0.8594,0.851,10.2702,10.2702,19322.0374,5616.0,5616.0,64728.8253,18813.6,,,3.557
600782,新钢股份,普钢,江西,19961225,600782.SH,20050629,3.25,3.4,3.25,3.36,3.25,0.11,3.38,10369.53,3470.31,1.8464,1.8464,2.36,22.8031,19.3768,2.2196,0.862,0.8536,10.2397,10.2397,19322.0374,5616.0,5616.0,64922.0457,18869.76,,,3.557
600782,新钢股份,普钢,江西,19961225,600782.SH,20050628,3.29,3.32,3.25,3.25,3.32,-0.07,-2.11,3233.4,1057.227,0.5757,0.5757,0.69,22.0565,18.7424,2.147,0.8338,0.8256,10.5863,10.5863,19322.0374,5616.0,5616.0,62796.6216,18252.0,,,3.557
600782,新钢股份,普钢,江西,19961225,600782.SH,20050627,3.33,3.38,3.3,3.32,3.26,0.06,1.84,7954.0,2650.525,1.4163,1.4163,1.72,22.5316,19.1461,2.1932,0.8517,0.8434,10.3631,10.3631,19322.0374,5616.0,5616.0,64149.1642,18645.12,,,3.557
600782,新钢股份,普钢,江西,19961225,600782.SH,20050624,3.2,3.27,3.2,3.26,3.23,0.03,0.93,2284.8,739.89,0.4068,0.4068,0.4,22.1244,18.8001,2.1536,0.8364,0.8282,10.5538,10.5538,19322.0374,5616.0,5616.0,62989.8419,18308.16,,,3.557
600782,新钢股份,普钢,江西,19961225,600782.SH,20050623,3.27,3.32,3.22,3.23,3.27,-0.04,-1.22,4125.01,1350.233,0.7345,0.7345,0.55,21.9208,18.6271,2.1338,0.8287,0.8205,10.6518,10.6518,19322.0374,5616.0,5616.0,62410.1808,18139.68,,,3.557
600782,新钢股份,普钢,江西,19961225,600782.SH,20050622,3.27,3.3,3.23,3.27,3.29,-0.02,-0.61,4360.0,1423.366,0.7764,0.7764,0.29,22.1923,18.8578,2.1602,0.8389,0.8307,10.5215,10.5215,19322.0374,5616.0,5616.0,63183.0623,18364.32,,,3.557
600782,新钢股份,普钢,江西,19961225,600782.SH,20050621,3.38,3.38,3.27,3.29,3.36,-0.07,-2.08,4854.9,1608.162,0.8645,0.8645,0.29,22.328,18.9731,2.1734,0.844,0.8358,10.4575,10.4575,19322.0374,5616.0,5616.0,63569.503,18476.64,,,3.557
600782,新钢股份,普钢,江西,19961225,600782.SH,20050620,3.28,3.37,3.2,3.36,3.31,0.05,1.51,7454.33,2459.646,1.3273,1.3273,0.46,22.8031,19.3768,2.2196,0.862,0.8536,10.2397,10.2397,19322.0374,5616.0,5616.0,64922.0457,18869.76,,,3.557
600782,新钢股份,普钢,江西,19961225,600782.SH,20050617,3.26,3.38,3.26,3.31,3.27,0.04,1.22,8036.9,2662.54,1.4311,1.4311,0.52,22.4637,19.0884,2.1866,0.8492,0.8409,10.3944,10.3944,19322.0374,5616.0,5616.0,63955.9438,18588.96,,,3.557
600782,新钢股份,普钢,江西,19961225,600782.SH,20050616,3.35,3.35,3.21,3.27,3.41,-0.14,-4.11,12980.34,4227.883,2.3113,2.3113,0.89,22.1923,18.8578,2.1602,0.8389,0.8307,10.5215,10.5215,19322.0374,5616.0,5616.0,63183.0623,18364.32,,,3.557
600782,新钢股份,普钢,江西,19961225,600782.SH,20050615,3.5,3.58,3.38,3.41,3.38,0.03,0.89,42382.79,14771.186,7.5468,7.5468,5.18,23.1424,19.6651,2.2527,0.8748,0.8663,10.0895,10.0895,19322.0374,5616.0,5616.0,65888.1475,19150.56,,,3.557
600782,新钢股份,普钢,江西,19961225,600782.SH,20050614,3.35,3.44,3.28,3.38,3.32,0.06,1.81,13859.1,4706.921,2.4678,2.4678,2.24,22.9388,19.4921,2.2329,0.8671,0.8587,10.1791,10.1791,19322.0374,5616.0,5616.0,65308.4864,18982.08,,,3.557
600782,新钢股份,普钢,江西,19961225,600782.SH,20050613,3.32,3.35,3.26,3.32,3.31,0.01,0.3,3129.0,1035.82,0.5572,0.5572,0.51,22.5316,19.1461,2.1932,0.8517,0.8434,10.3631,10.3631,19322.0374,5616.0,5616.0,64149.1642,18645.12,,,3.557
600782,新钢股份,普钢,江西,19961225,600782.SH,20050610,3.38,3.41,3.3,3.31,3.38,-0.07,-2.07,5411.45,1802.36,0.9636,0.9636,0.98,22.4637,19.0884,2.1866,0.8492,0.8409,10.3944,10.3944,19322.0374,5616.0,5616.0,63955.9438,18588.96,,,3.557
600782,新钢股份,普钢,江西,19961225,600782.SH,20050609,3.35,3.44,3.34,3.38,3.39,-0.01,-0.3,7968.7,2695.831,1.4189,1.4189,1.75,22.9388,19.4921,2.2329,0.8671,0.8587,10.1791,10.1791,19322.0374,5616.0,5616.0,65308.4864,18982.08,,,3.557
600782,新钢股份,普钢,江西,19961225,600782.SH,20050608,3.19,3.4,3.19,3.39,3.16,0.23,7.28,10524.59,3492.969,1.874,1.874,3.76,23.0067,19.5498,2.2395,0.8697,0.8612,10.1491,10.1491,19322.0374,5616.0,5616.0,65501.7068,19038.24,,,3.557
600782,新钢股份,普钢,江西,19961225,600782.SH,20050607,3.18,3.24,3.12,3.16,3.19,-0.03,-0.94,3897.9,1239.563,0.6941,0.6941,1.52,21.4458,18.2234,2.0875,0.8107,0.8028,10.8878,10.8878,19322.0374,5616.0,5616.0,61057.6382,17746.56,,,3.557
600782,新钢股份,普钢,江西,19961225,600782.SH,20050606,3.14,3.19,3.07,3.19,3.16,0.03,0.95,3111.0,976.002,0.554,0.554,1.22,21.6494,18.3964,2.1073,0.8184,0.8104,10.7854,10.7854,19322.0374,5616.0,5616.0,61637.2993,17915.04,,,3.557
600782,新钢股份,普钢,江西,19961225,600782.SH,20050603,3.12,3.18,3.09,3.16,3.14,0.02,0.64,2230.99,698.197,0.3973,0.3973,0.93,21.4458,18.2234,2.0875,0.8107,0.8028,10.8878,10.8878,19322.0374,5616.0,5616.0,61057.6382,17746.56,,,3.557
600782,新钢股份,普钢,江西,19961225,600782.SH,20050602,3.15,3.16,3.08,3.14,3.15,-0.01,-0.32,3015.5,940.159,0.5369,0.5369,1.22,21.31,18.1081,2.0743,0.8056,0.7977,10.9571,10.9571,19322.0374,5616.0,5616.0,60671.1974,17634.24,,,3.557
600782,新钢股份,普钢,江西,19961225,600782.SH,20050601,3.23,3.27,3.14,3.15,3.23,-0.08,-2.48,1732.05,551.627,0.3084,0.3084,0.55,21.3779,18.1657,2.0809,0.8081,0.8002,10.9223,10.9223,19322.0374,5616.0,5616.0,60864.4178,17690.4,,,3.557
600782,新钢股份,普钢,江西,19961225,600782.SH,20050531,3.34,3.36,3.3,3.33,3.34,-0.01,-0.3,2731.84,910.082,0.4864,0.4864,0.5,22.5995,19.2038,2.0635,0.8543,0.846,10.3319,,19322.0374,5616.0,5616.0,64342.3845,18701.28,,,3.557
600782,新钢股份,普钢,江西,19961225,600782.SH,20050530,3.26,3.37,3.26,3.34,3.29,0.05,1.52,3024.5,1009.418,0.5386,0.5386,0.5,22.6673,19.2615,2.0697,0.8569,0.8485,10.301,,19322.0374,5616.0,5616.0,64535.6049,18757.44,,,3.557
600782,新钢股份,普钢,江西,19961225,600782.SH,20050527,3.27,3.34,3.26,3.29,3.3,-0.01,-0.3,1445.0,475.581,0.2573,0.2573,0.24,22.328,18.9731,2.0387,0.844,0.8358,10.4575,,19322.0374,5616.0,5616.0,63569.503,18476.64,,,3.557
600782,新钢股份,普钢,江西,19961225,600782.SH,20050526,3.3,3.33,3.25,3.3,3.31,-0.01,-0.3,3436.31,1131.927,0.6119,0.6119,0.59,22.3959,19.0308,2.0449,0.8466,0.8383,10.4259,,19322.0374,5616.0,5616.0,63762.7234,18532.8,,,3.557
600782,新钢股份,普钢,江西,19961225,600782.SH,20050525,3.33,3.39,3.28,3.31,3.36,-0.05,-1.49,5231.82,1734.698,0.9316,0.9316,1.0,22.4637,19.0884,2.0511,0.8492,0.8409,10.3944,,19322.0374,5616.0,5616.0,63955.9438,18588.96,,,3.557
600782,新钢股份,普钢,江西,19961225,600782.SH,20050524,3.25,3.37,3.22,3.36,3.22,0.14,4.35,14403.42,4765.256,2.5647,2.5647,5.13,22.8031,19.3768,2.0821,0.862,0.8536,10.2397,10.2397,19322.0374,5616.0,5616.0,64922.0457,18869.76,,,3.557
600782,新钢股份,普钢,江西,19961225,600782.SH,20050523,3.19,3.25,3.1,3.22,3.19,0.03,0.94,5571.69,1763.23,0.9921,0.9921,2.54,21.853,18.5694,1.9953,0.8261,0.818,10.6849,10.6849,19322.0374,5616.0,5616.0,62216.9604,18083.52,,,3.557
600782,新钢股份,普钢,江西,19961225,600782.SH,20050520,3.27,3.27,3.19,3.19,3.26,-0.07,-2.15,1492.0,481.603,0.2657,0.2657,0.66,21.6494,18.3964,1.9768,0.8184,0.8104,10.7854,10.7854,19322.0374,5616.0,5616.0,61637.2993,17915.04,,,3.557
600782,新钢股份,普钢,江西,19961225,600782.SH,20050519,3.24,3.28,3.18,3.26,3.26,0.0,0.0,2414.55,782.697,0.4299,0.4299,1.08,22.1244,18.8001,2.0201,0.8364,0.8282,10.5538,10.5538,19322.0374,5616.0,5616.0,62989.8419,18308.16,,,3.557
600782,新钢股份,普钢,江西,19961225,600782.SH,20050518,3.22,3.27,3.17,3.26,3.24,0.02,0.62,2170.0,696.268,0.3864,0.3864,1.04,22.1244,18.8001,2.0201,0.8364,0.8282,10.5538,10.5538,19322.0374,5616.0,5616.0,62989.8419,18308.16,,,3.557
600782,新钢股份,普钢,江西,19961225,600782.SH,20050517,3.2,3.28,3.2,3.24,3.24,0.0,0.0,2386.98,776.02,0.425,0.425,1.17,21.9887,18.6848,2.0077,0.8312,0.8231,10.6189,10.6189,19322.0374,5616.0,5616.0,62603.4012,18195.84,,,3.557
600782,新钢股份,普钢,江西,19961225,600782.SH,20050516,3.18,3.25,3.13,3.24,3.19,0.05,1.57,2515.89,809.066,0.448,0.448,1.34,21.9887,18.6848,2.0077,0.8312,0.8231,10.6189,10.6189,19322.0374,5616.0,5616.0,62603.4012,18195.84,,,3.557
600782,新钢股份,普钢,江西,19961225,600782.SH,20050513,3.12,3.19,3.12,3.19,3.12,0.07,2.24,1768.31,558.731,0.3149,0.3149,0.9,21.6494,18.3964,1.9768,0.8184,0.8104,10.7854,10.7854,19322.0374,5616.0,5616.0,61637.2993,17915.04,,,3.557
600782,新钢股份,普钢,江西,19961225,600782.SH,20050512,3.12,3.17,3.11,3.12,3.12,0.0,0.0,2296.07,720.368,0.4088,0.4088,1.07,21.1743,17.9927,1.9334,0.8004,0.7926,11.0274,11.0274,19322.0374,5616.0,5616.0,60284.7567,17521.92,,,3.557
600782,新钢股份,普钢,江西,19961225,600782.SH,20050511,3.13,3.17,3.09,3.12,3.12,0.0,0.0,1470.55,460.992,0.2619,0.2619,0.66,21.1743,17.9927,1.9334,0.8004,0.7926,11.0274,11.0274,19322.0374,5616.0,5616.0,60284.7567,17521.92,,,3.557
600782,新钢股份,普钢,江西,19961225,600782.SH,20050510,3.11,3.14,3.01,3.12,3.12,0.0,0.0,2165.06,667.85,0.3855,0.3855,0.94,21.1743,17.9927,1.9334,0.8004,0.7926,11.0274,11.0274,19322.0374,5616.0,5616.0,60284.7567,17521.92,,,3.557
600782,新钢股份,普钢,江西,19961225,600782.SH,20050509,3.25,3.26,3.1,3.12,3.28,-0.16,-4.88,1663.6,526.802,0.2962,0.2962,0.68,21.1743,17.9927,1.9334,0.8004,0.7926,11.0274,11.0274,19322.0374,5616.0,5616.0,60284.7567,17521.92,,,3.557
600782,新钢股份,普钢,江西,19961225,600782.SH,20050429,3.28,3.34,3.25,3.28,3.3,-0.02,-0.61,2282.0,749.884,0.4063,0.4063,0.78,22.2601,18.9154,2.0325,0.8415,0.8333,10.4894,10.4894,19322.0374,5616.0,5616.0,63376.2827,18420.48,,,3.557
600782,新钢股份,普钢,江西,19961225,600782.SH,20050428,3.21,3.32,3.14,3.3,3.19,0.11,3.45,3184.41,1037.186,0.567,0.567,1.1,22.3959,19.0308,2.0449,0.8466,0.8383,10.4259,10.4259,19322.0374,5616.0,5616.0,63762.7234,18532.8,,,3.557
600782,新钢股份,普钢,江西,19961225,600782.SH,20050427,3.26,3.27,3.17,3.19,3.24,-0.05,-1.54,1878.0,605.312,0.3344,0.3344,0.66,21.6494,18.3964,1.9768,0.8184,0.8104,10.7854,10.7854,19322.0374,5616.0,5616.0,61637.2993,17915.04,,,3.557
600782,新钢股份,普钢,江西,19961225,600782.SH,20050426,3.18,3.28,3.18,3.24,3.16,0.08,2.53,2541.1,819.731,0.4525,0.4525,0.73,21.9887,18.6848,2.0077,0.8312,0.8231,10.6189,10.6189,19322.0374,5616.0,5616.0,62603.4012,18195.84,,,3.557
600782,新钢股份,普钢,江西,19961225,600782.SH,20050425,3.24,3.24,3.0,3.16,3.26,-0.1,-3.07,2312.44,716.429,0.4118,0.4118,0.55,21.4458,21.4458,2.0181,0.8107,0.8107,10.8878,10.8878,19322.0374,5616.0,5616.0,61057.6382,17746.56,,,3.557
600782,新钢股份,普钢,江西,19961225,600782.SH,20050422,3.27,3.37,3.1,3.26,3.29,-0.03,-0.91,4688.31,1503.453,0.8348,0.8348,1.04,22.1244,22.1244,2.082,0.8364,0.8364,10.5538,10.5538,19322.0374,5616.0,5616.0,62989.8419,18308.16,,,3.557
600782,新钢股份,普钢,江西,19961225,600782.SH,20050421,3.41,3.42,3.29,3.29,3.4,-0.11,-3.24,3038.0,1015.109,0.541,0.541,0.67,22.328,22.328,2.1011,0.844,0.844,10.4575,10.4575,19322.0374,5616.0,5616.0,63569.503,18476.64,,,3.557
600782,新钢股份,普钢,江西,19961225,600782.SH,20050420,3.41,3.44,3.37,3.4,3.41,-0.01,-0.29,1717.26,584.277,0.3058,0.3058,0.35,23.0745,23.0745,2.1714,0.8723,0.8723,10.1192,10.1192,19322.0374,5616.0,5616.0,65694.9272,19094.4,,,3.557
600782,新钢股份,普钢,江西,19961225,600782.SH,20050419,3.51,3.56,3.34,3.41,3.53,-0.12,-3.4,5661.37,1934.199,1.0081,1.0081,1.29,23.1424,23.1424,2.1778,0.8748,0.8748,10.0895,10.0895,19322.0374,5616.0,5616.0,65888.1475,19150.56,,,3.557
600782,新钢股份,普钢,江西,19961225,600782.SH,20050418,3.6,3.61,3.52,3.53,3.54,-0.01,-0.28,5990.97,2138.22,1.0668,1.0668,1.41,23.9568,23.9568,2.2544,0.9056,0.9056,9.7466,9.7466,19322.0374,5616.0,5616.0,68206.792,19824.48,,,3.557
600782,新钢股份,普钢,江西,19961225,600782.SH,20050415,3.6,3.61,3.5,3.54,3.62,-0.08,-2.21,6155.9,2174.316,1.0961,1.0961,1.49,24.0247,24.0247,2.2608,0.9082,0.9082,9.719,9.719,19322.0374,5616.0,5616.0,68400.0124,19880.64,,,3.557
600782,新钢股份,普钢,江西,19961225,600782.SH,20050414,3.7,3.7,3.62,3.62,3.7,-0.08,-2.16,3054.82,1119.73,0.5439,0.5439,0.78,24.5676,24.5676,2.3119,0.9287,0.9287,9.5042,9.5042,19322.0374,5616.0,5616.0,69945.7754,20329.92,,,3.557
600782,新钢股份,普钢,江西,19961225,600782.SH,20050413,3.59,3.71,3.59,3.7,3.62,0.08,2.21,3357.38,1236.979,0.5978,0.5978,0.95,25.1105,25.1105,2.363,0.9492,0.9492,9.2987,9.2987,19322.0374,5616.0,5616.0,71491.5384,20779.2,,,3.557
600782,新钢股份,普钢,江西,19961225,600782.SH,20050412,3.7,3.71,3.58,3.62,3.72,-0.1,-2.69,3307.99,1209.242,0.589,0.589,1.02,24.5676,24.5676,2.3119,0.9287,0.9287,9.5042,9.5042,19322.0374,5616.0,5616.0,69945.7754,20329.92,,,3.557
600782,新钢股份,普钢,江西,19961225,600782.SH,20050411,3.78,3.79,3.68,3.72,3.67,0.05,1.36,5431.62,2028.238,0.9672,0.9672,1.78,25.2463,25.2463,2.3758,0.9544,0.9544,9.2487,9.2487,19322.0374,5616.0,5616.0,71877.9791,20891.52,,,3.557
600782,新钢股份,普钢,江西,19961225,600782.SH,20050407,3.58,3.73,3.58,3.67,3.61,0.06,1.66,5520.49,2032.199,0.983,0.983,2.33,24.9069,24.9069,2.3438,0.9415,0.9415,9.3748,9.3748,19322.0374,5616.0,5616.0,70911.8773,20610.72,,,3.557
600782,新钢股份,普钢,江西,19961225,600782.SH,20050406,3.56,3.65,3.5,3.61,3.53,0.08,2.27,1946.99,695.368,0.3467,0.3467,0.77,24.4997,24.4997,2.3055,0.9261,0.9261,9.5306,9.5306,19322.0374,5616.0,5616.0,69752.555,20273.76,,,3.557
600782,新钢股份,普钢,江西,19961225,600782.SH,20050405,3.61,3.65,3.52,3.53,3.6,-0.07,-1.94,1533.4,549.272,0.273,0.273,0.61,23.9568,23.9568,2.2544,0.9056,0.9056,9.7466,9.7466,19322.0374,5616.0,5616.0,68206.792,19824.48,,,3.557
600782,新钢股份,普钢,江西,19961225,600782.SH,20050404,3.68,3.68,3.56,3.6,3.68,-0.08,-2.17,1860.1,671.301,0.3312,0.3312,0.74,24.4319,24.4319,2.2991,0.9236,0.9236,9.557,9.557,19322.0374,5616.0,5616.0,69559.3346,20217.6,,,3.557
600782,新钢股份,普钢,江西,19961225,600782.SH,20050401,3.55,3.74,3.45,3.68,3.55,0.13,3.66,4370.91,1572.251,0.7783,0.7783,2.24,24.9748,24.9748,2.3502,0.9441,0.9441,9.3493,9.3493,19322.0374,5616.0,5616.0,71105.0976,20666.88,,,3.557
600782,新钢股份,普钢,江西,19961225,600782.SH,20050331,3.52,3.58,3.46,3.55,3.52,0.03,0.85,2135.0,749.524,0.3802,0.3802,1.17,24.0925,24.0925,2.2672,0.9108,0.9108,9.6916,9.6916,19322.0374,5616.0,5616.0,68593.2328,19936.8,,,3.557
600782,新钢股份,普钢,江西,19961225,600782.SH,20050330,3.68,3.68,3.51,3.52,3.66,-0.14,-3.83,2684.15,958.427,0.4779,0.4779,1.51,23.8889,23.8889,2.248,0.9031,0.9031,9.7742,9.7742,19322.0374,5616.0,5616.0,68013.5716,19768.32,,,3.557
600782,新钢股份,普钢,江西,19961225,600782.SH,20050329,3.66,3.73,3.65,3.66,3.64,0.02,0.55,1424.04,524.16,0.2536,0.2536,0.68,24.8391,24.8391,2.3374,0.939,0.939,9.4004,9.4004,19322.0374,5616.0,5616.0,70718.6569,20554.56,,,3.557
600782,新钢股份,普钢,江西,19961225,600782.SH,20050328,3.68,3.69,3.61,3.64,3.69,-0.05,-1.36,1910.0,696.672,0.3401,0.3401,0.91,24.7033,24.7033,2.3247,0.9338,0.9338,9.452,9.452,19322.0374,5616.0,5616.0,70332.2161,20442.24,,,3.557
600782,新钢股份,普钢,江西,19961225,600782.SH,20050325,3.71,3.77,3.68,3.69,3.74,-0.05,-1.34,1603.45,596.46,0.2855,0.2855,0.66,25.0427,25.0427,2.3566,0.9467,0.9467,9.3239,9.3239,19322.0374,5616.0,5616.0,71298.318,20723.04,,,3.557
600782,新钢股份,普钢,江西,19961225,600782.SH,20050324,3.7,3.75,3.65,3.74,3.65,0.09,2.47,1495.81,550.568,0.2663,0.2663,0.55,25.382,25.382,2.3885,0.9595,0.9595,9.1993,9.1993,19322.0374,5616.0,5616.0,72264.4199,21003.84,,,3.557
600782,新钢股份,普钢,江西,19961225,600782.SH,20050323,3.64,3.75,3.61,3.65,3.64,0.01,0.27,2476.5,908.234,0.441,0.441,0.85,24.7712,24.7712,2.3311,0.9364,0.9364,9.4261,9.4261,19322.0374,5616.0,5616.0,70525.4365,20498.4,,,3.557
600782,新钢股份,普钢,江西,19961225,600782.SH,20050322,3.81,3.81,3.63,3.64,3.81,-0.17,-4.46,2969.5,1095.58,0.5288,0.5288,0.98,24.7033,24.7033,2.3247,0.9338,0.9338,9.452,9.452,19322.0374,5616.0,5616.0,70332.2161,20442.24,,,3.557
600782,新钢股份,普钢,江西,19961225,600782.SH,20050321,3.77,3.89,3.76,3.81,3.77,0.04,1.06,1925.25,731.559,0.3428,0.3428,0.59,25.8571,25.8571,2.4332,0.9775,0.9775,9.0303,9.0303,19322.0374,5616.0,5616.0,73616.9625,21396.96,,,3.557
600782,新钢股份,普钢,江西,19961225,600782.SH,20050318,3.89,3.91,3.77,3.77,3.88,-0.11,-2.84,3210.14,1226.19,0.5716,0.5716,0.91,25.5856,25.5856,2.4077,0.9672,0.9672,9.1261,9.1261,19322.0374,5616.0,5616.0,72844.081,21172.32,,,3.557
600782,新钢股份,普钢,江西,19961225,600782.SH,20050317,3.93,3.97,3.88,3.88,3.94,-0.06,-1.52,2955.0,1160.281,0.5262,0.5262,0.72,26.3321,26.3321,2.478,0.9954,0.9954,8.8674,8.8674,19322.0374,5616.0,5616.0,74969.5051,21790.08,,,3.557
600782,新钢股份,普钢,江西,19961225,600782.SH,20050316,3.97,3.98,3.91,3.94,3.99,-0.05,-1.25,3526.47,1388.0,0.6279,0.6279,0.74,26.7393,26.7393,2.5163,1.0108,1.0108,8.7323,8.7323,19322.0374,5616.0,5616.0,76128.8274,22127.04,,,3.557
600782,新钢股份,普钢,江西,19961225,600782.SH,20050315,4.04,4.05,3.98,3.99,4.05,-0.06,-1.48,3482.49,1398.344,0.6201,0.6201,0.53,27.0787,27.0787,2.5482,1.0236,1.0236,8.6229,8.6229,19322.0374,5616.0,5616.0,77094.9292,22407.84,,,3.557
600782,新钢股份,普钢,江西,19961225,600782.SH,20050314,4.12,4.12,4.01,4.05,4.12,-0.07,-1.7,3274.04,1322.76,0.583,0.583,0.36,27.4859,27.4859,2.5865,1.039,1.039,8.4951,8.4951,19322.0374,5616.0,5616.0,78254.2515,22744.8,,,3.557
600782,新钢股份,普钢,江西,19961225,600782.SH,20050311,4.08,4.14,4.02,4.12,4.07,0.05,1.23,4457.83,1815.568,0.7938,0.7938,0.5,27.9609,27.9609,2.6312,1.057,1.057,8.3508,8.3508,19322.0374,5616.0,5616.0,79606.7941,23137.92,,,3.557
600782,新钢股份,普钢,江西,19961225,600782.SH,20050310,4.21,4.24,4.05,4.07,4.21,-0.14,-3.33,5734.19,2367.504,1.021,1.021,0.69,27.6216,27.6216,2.5993,1.0442,1.0442,8.4534,8.4534,19322.0374,5616.0,5616.0,78640.6922,22857.12,,,3.557
600782,新钢股份,普钢,江西,19961225,600782.SH,20050309,4.25,4.25,4.18,4.21,4.25,-0.04,-0.94,7017.01,2958.822,1.2495,1.2495,0.88,28.5717,28.5717,2.6887,1.0801,1.0801,8.1723,8.1723,19322.0374,5616.0,5616.0,81345.7775,23643.36,,,3.557
600782,新钢股份,普钢,江西,19961225,600782.SH,20050308,4.14,4.25,4.09,4.25,4.16,0.09,2.16,12252.01,5119.387,2.1816,2.1816,1.99,28.8432,28.8432,2.7143,1.0903,1.0903,8.0954,8.0954,19322.0374,5616.0,5616.0,82118.659,23868.0,,,3.557
600782,新钢股份,普钢,江西,19961225,600782.SH,20050307,4.06,4.18,4.02,4.16,3.98,0.18,4.52,15519.4,6384.32,2.7634,2.7634,4.33,28.2324,28.2324,2.6568,1.0672,1.0672,8.2705,8.2705,19322.0374,5616.0,5616.0,80379.6756,23362.56,,,3.557
600782,新钢股份,普钢,江西,19961225,600782.SH,20050304,4.08,4.09,3.97,3.98,4.08,-0.1,-2.45,4284.0,1720.74,0.7628,0.7628,1.08,32.6203,33.6361,2.667,1.4306,1.1543,8.6446,8.6446,19322.0374,5616.0,5616.0,76901.7089,22351.68,,,3.557
600782,新钢股份,普钢,江西,19961225,600782.SH,20050303,4.07,4.09,4.0,4.08,4.07,0.01,0.25,2753.64,1113.625,0.4903,0.4903,0.61,33.4399,34.4812,2.734,1.4665,1.1833,8.4327,8.4327,19322.0374,5616.0,5616.0,78833.9126,22913.28,,,3.557
600782,新钢股份,普钢,江西,19961225,600782.SH,20050302,4.09,4.15,4.04,4.07,4.07,0.0,0.0,5171.03,2108.497,0.9208,0.9208,1.15,33.3579,34.3967,2.7273,1.4629,1.1804,8.4534,8.4534,19322.0374,5616.0,5616.0,78640.6922,22857.12,,,3.557
600782,新钢股份,普钢,江西,19961225,600782.SH,20050301,4.07,4.09,3.99,4.07,4.03,0.04,0.99,2997.09,1205.85,0.5337,0.5337,0.61,33.3579,34.3967,2.7273,1.4629,1.1804,8.4534,8.4534,19322.0374,5616.0,5616.0,78640.6922,22857.12,,,3.557
600782,新钢股份,普钢,江西,19961225,600782.SH,20050228,4.08,4.1,4.0,4.03,4.06,-0.03,-0.74,2707.0,1092.053,0.482,0.482,0.57,33.0301,34.0586,2.7005,1.4486,1.1688,8.5373,8.5373,19322.0374,5616.0,5616.0,77867.8107,22632.48,,,3.557
600782,新钢股份,普钢,江西,19961225,600782.SH,20050225,4.1,4.15,4.06,4.06,4.1,-0.04,-0.98,6256.99,2564.286,1.1141,1.1141,1.51,33.276,34.3122,2.7206,1.4593,1.1775,8.4742,8.4742,19322.0374,5616.0,5616.0,78447.4718,22800.96,,,3.557
600782,新钢股份,普钢,江西,19961225,600782.SH,20050224,4.07,4.17,4.05,4.1,4.07,0.03,0.74,5279.81,2155.5,0.9401,0.9401,1.17,33.6038,34.6502,2.7474,1.4737,1.1891,8.3915,8.3915,19322.0374,5616.0,5616.0,79220.3533,23025.6,,,3.557
600782,新钢股份,普钢,江西,19961225,600782.SH,20050223,4.04,4.09,3.99,4.07,4.06,0.01,0.25,5294.21,2145.066,0.9427,0.9427,1.39,33.3579,34.3967,2.7273,1.4629,1.1804,8.4534,8.4534,19322.0374,5616.0,5616.0,78640.6922,22857.12,,,3.557
600782,新钢股份,普钢,江西,19961225,600782.SH,20050222,4.0,4.09,3.99,4.06,4.0,0.06,1.5,4990.0,2015.795,0.8885,0.8885,1.59,33.276,34.3122,2.7206,1.4593,1.1775,8.4742,8.4742,19322.0374,5616.0,5616.0,78447.4718,22800.96,,,3.557
600782,新钢股份,普钢,江西,19961225,600782.SH,20050221,3.95,4.02,3.93,4.0,3.95,0.05,1.27,1772.79,706.226,0.3157,0.3157,0.53,32.7842,33.8051,2.6804,1.4378,1.1601,8.6013,8.6013,19322.0374,5616.0,5616.0,77288.1496,22464.0,,,3.557
600782,新钢股份,普钢,江西,19961225,600782.SH,20050218,4.05,4.05,3.93,3.95,4.02,-0.07,-1.74,3362.49,1333.22,0.5987,0.5987,1.01,32.3744,33.3825,2.6469,1.4198,1.1456,8.7102,8.7102,19322.0374,5616.0,5616.0,76322.0477,22183.2,,,3.557
600782,新钢股份,普钢,江西,19961225,600782.SH,20050217,3.95,4.12,3.89,4.02,3.89,0.13,3.34,7220.0,2900.734,1.2856,1.2856,2.98,32.9481,33.9741,2.6938,1.445,1.1659,8.5585,8.5585,19322.0374,5616.0,5616.0,77674.5903,22576.32,,,3.557
600782,新钢股份,普钢,江西,19961225,600782.SH,20050216,3.8,3.93,3.8,3.89,3.79,0.1,2.64,1637.0,636.374,0.2915,0.2915,0.63,31.8827,32.8755,2.6067,1.3982,1.1282,8.8446,8.8446,19322.0374,5616.0,5616.0,75162.7255,21846.24,,,3.557
600782,新钢股份,普钢,江西,19961225,600782.SH,20050204,3.71,3.85,3.7,3.79,3.74,0.05,1.34,1729.5,655.226,0.308,0.308,0.57,31.063,32.0303,2.5397,1.3623,1.0992,9.0779,9.0779,19322.0374,5616.0,5616.0,73230.5217,21284.64,,,3.557
600782,新钢股份,普钢,江西,19961225,600782.SH,20050203,3.79,3.88,3.74,3.74,3.83,-0.09,-2.35,2742.45,1041.435,0.4883,0.4883,0.99,30.6532,31.6078,2.5062,1.3443,1.0847,9.1993,9.1993,19322.0374,5616.0,5616.0,72264.4199,21003.84,,,3.557
600782,新钢股份,普钢,江西,19961225,600782.SH,20050202,3.65,3.83,3.64,3.83,3.64,0.19,5.22,3252.65,1215.03,0.5792,0.5792,1.36,31.3909,32.3684,2.5665,1.3767,1.1108,8.9831,8.9831,19322.0374,5616.0,5616.0,74003.4032,21509.28,,,3.557
600782,新钢股份,普钢,江西,19961225,600782.SH,20050201,3.64,3.74,3.61,3.64,3.67,-0.03,-0.82,2753.0,1009.795,0.4902,0.4902,1.14,29.8336,30.7626,2.4391,1.3084,1.0557,9.452,9.452,19322.0374,5616.0,5616.0,70332.2161,20442.24,,,3.557
600782,新钢股份,普钢,江西,19961225,600782.SH,20050131,3.8,3.8,3.66,3.67,3.8,-0.13,-3.42,2449.0,914.153,0.4361,0.4361,0.88,30.0795,31.0162,2.4592,1.3192,1.0644,9.3748,9.3748,19322.0374,5616.0,5616.0,70911.8773,20610.72,,,3.557
600782,新钢股份,普钢,江西,19961225,600782.SH,20050128,4.0,4.0,3.79,3.8,3.98,-0.18,-4.52,3865.06,1498.581,0.6882,0.6882,1.56,31.145,32.1149,2.5464,1.3659,1.1021,9.054,9.054,19322.0374,5616.0,5616.0,73423.7421,21340.8,,,3.557
600782,新钢股份,普钢,江西,19961225,600782.SH,20050127,4.07,4.07,3.97,3.98,4.07,-0.09,-2.21,1580.0,632.18,0.2813,0.2813,0.62,32.6203,33.6361,2.667,1.4306,1.1543,8.6446,8.6446,19322.0374,5616.0,5616.0,76901.7089,22351.68,,,3.557
600782,新钢股份,普钢,江西,19961225,600782.SH,20050126,4.07,4.09,4.04,4.07,4.08,-0.01,-0.25,1296.97,527.422,0.2309,0.2309,0.45,33.3579,34.3967,2.7273,1.4629,1.1804,8.4534,8.4534,19322.0374,5616.0,5616.0,78640.6922,22857.12,,,3.557
600782,新钢股份,普钢,江西,19961225,600782.SH,20050125,4.1,4.14,4.03,4.08,4.17,-0.09,-2.16,2894.36,1178.583,0.5154,0.5154,1.15,33.4399,34.4812,2.734,1.4665,1.1833,8.4327,8.4327,19322.0374,5616.0,5616.0,78833.9126,22913.28,,,3.557
600782,新钢股份,普钢,江西,19961225,600782.SH,20050124,4.15,4.2,4.12,4.17,4.09,0.08,1.96,4313.9,1790.291,0.7681,0.7681,2.1,34.1775,35.2418,2.7943,1.4989,1.2094,8.2507,8.2507,19322.0374,5616.0,5616.0,80572.896,23418.72,,,3.557
600782,新钢股份,普钢,江西,19961225,600782.SH,20050121,3.96,4.09,3.94,4.09,4.0,0.09,2.25,2279.96,921.899,0.406,0.406,1.05,33.5219,34.5657,2.7407,1.4701,1.1862,8.4121,8.4121,19322.0374,5616.0,5616.0,79027.133,22969.44,,,3.557
600782,新钢股份,普钢,江西,19961225,600782.SH,20050120,4.11,4.11,3.96,4.0,4.06,-0.06,-1.48,1993.51,801.57,0.355,0.355,0.73,32.7842,33.8051,2.6804,1.4378,1.1601,8.6013,8.6013,19322.0374,5616.0,5616.0,77288.1496,22464.0,,,3.557
600782,新钢股份,普钢,江西,19961225,600782.SH,20050119,4.0,4.12,4.0,4.06,3.99,0.07,1.75,2789.46,1133.663,0.4967,0.4967,1.08,33.276,34.3122,2.7206,1.4593,1.1775,8.4742,8.4742,19322.0374,5616.0,5616.0,78447.4718,22800.96,,,3.557
600782,新钢股份,普钢,江西,19961225,600782.SH,20050118,3.94,4.01,3.91,3.99,3.92,0.07,1.79,1213.0,480.543,0.216,0.216,0.46,32.7023,33.7206,2.6737,1.4342,1.1572,8.6229,8.6229,19322.0374,5616.0,5616.0,77094.9292,22407.84,,,3.557
600782,新钢股份,普钢,江西,19961225,600782.SH,20050117,3.98,4.0,3.9,3.92,4.05,-0.13,-3.21,1992.97,784.382,0.3549,0.3549,0.84,32.1285,33.129,2.6268,1.409,1.1369,8.7769,8.7769,19322.0374,5616.0,5616.0,75742.3866,22014.72,,,3.557
600782,新钢股份,普钢,江西,19961225,600782.SH,20050114,4.12,4.14,4.04,4.05,4.11,-0.06,-1.46,2878.0,1174.48,0.5125,0.5125,1.48,33.194,34.2277,2.7139,1.4557,1.1746,8.4951,8.4951,19322.0374,5616.0,5616.0,78254.2515,22744.8,,,3.557
600782,新钢股份,普钢,江西,19961225,600782.SH,20050113,4.1,4.18,4.04,4.11,4.08,0.03,0.74,4717.41,1948.329,0.84,0.84,4.11,33.6858,34.7347,2.7541,1.4773,1.192,8.3711,8.3711,19322.0374,5616.0,5616.0,79413.5737,23081.76,,,3.557
600782,新钢股份,普钢,江西,19961225,600782.SH,20050112,4.04,4.1,4.0,4.08,4.04,0.04,0.99,2151.94,869.285,0.3832,0.3832,2.17,33.4399,34.4812,2.734,1.4665,1.1833,8.4327,8.4327,19322.0374,5616.0,5616.0,78833.9126,22913.28,,,3.557
600782,新钢股份,普钢,江西,19961225,600782.SH,20050111,3.97,4.05,3.97,4.04,4.01,0.03,0.75,1318.03,528.047,0.2347,0.2347,1.42,33.1121,34.1432,2.7072,1.4522,1.1717,8.5162,8.5162,19322.0374,5616.0,5616.0,78061.0311,22688.64,,,3.557
600782,新钢股份,普钢,江西,19961225,600782.SH,20050110,3.95,4.02,3.93,4.01,3.99,0.02,0.5,734.22,292.741,0.1307,0.1307,0.6,32.8662,33.8896,2.6871,1.4414,1.163,8.5799,8.5799,19322.0374,5616.0,5616.0,77481.37,22520.16,,,3.557
600782,新钢股份,普钢,江西,19961225,600782.SH,20050107,4.03,4.06,3.95,3.99,3.98,0.01,0.25,792.86,317.33,0.1412,0.1412,0.61,32.7023,33.7206,2.6737,1.4342,1.1572,8.6229,8.6229,19322.0374,5616.0,5616.0,77094.9292,22407.84,,,3.557
600782,新钢股份,普钢,江西,19961225,600782.SH,20050106,3.98,4.0,3.93,3.98,3.99,-0.01,-0.25,743.89,294.273,0.1325,0.1325,0.51,32.6203,33.6361,2.667,1.4306,1.1543,8.6446,8.6446,19322.0374,5616.0,5616.0,76901.7089,22351.68,,,3.557
600782,新钢股份,普钢,江西,19961225,600782.SH,20050105,3.95,4.01,3.89,3.99,3.88,0.11,2.84,1376.68,547.129,0.2451,0.2451,0.92,32.7023,33.7206,2.6737,1.4342,1.1572,8.6229,8.6229,19322.0374,5616.0,5616.0,77094.9292,22407.84,,,3.557
600782,新钢股份,普钢,江西,19961225,600782.SH,20050104,3.92,3.92,3.82,3.88,3.9,-0.02,-0.51,985.31,381.137,0.1754,0.1754,0.7,31.8007,32.791,2.6,1.3946,1.1253,8.8674,8.8674,19322.0374,5616.0,5616.0,74969.5051,21790.08,,,3.557
600782,新钢股份,普钢,江西,19961225,600782.SH,20041231,3.95,4.03,3.9,3.9,4.0,-0.1,-2.5,2190.0,861.896,0.39,0.39,1.76,31.9646,32.96,2.6134,1.4018,1.1311,11.0274,8.8219,19322.0374,5616.0,5616.0,75355.9459,21902.4,,,3.557
600782,新钢股份,普钢,江西,19961225,600782.SH,20041230,4.03,4.03,3.95,4.0,4.05,-0.05,-1.23,1242.0,494.721,0.2212,0.2212,0.91,32.7842,33.8051,2.6804,1.4378,1.1601,10.7517,8.6013,19322.0374,5616.0,5616.0,77288.1496,22464.0,,,3.557
600782,新钢股份,普钢,江西,19961225,600782.SH,20041229,4.06,4.1,4.0,4.05,4.0,0.05,1.25,1476.7,597.668,0.2629,0.2629,0.78,33.194,34.2277,2.7139,1.4557,1.1746,10.6189,8.4951,19322.0374,5616.0,5616.0,78254.2515,22744.8,,,3.557
600782,新钢股份,普钢,江西,19961225,600782.SH,20041228,4.04,4.06,3.98,4.0,4.05,-0.05,-1.23,1585.0,636.669,0.2822,0.2822,0.9,32.7842,33.8051,2.6804,1.4378,1.1601,10.7517,8.6013,19322.0374,5616.0,5616.0,77288.1496,22464.0,,,3.557
600782,新钢股份,普钢,江西,19961225,600782.SH,20041227,4.06,4.08,4.03,4.05,4.07,-0.02,-0.49,568.0,230.138,0.1011,0.1011,0.28,33.194,34.2277,2.7139,1.4557,1.1746,10.6189,8.4951,19322.0374,5616.0,5616.0,78254.2515,22744.8,,,3.557
600782,新钢股份,普钢,江西,19961225,600782.SH,20041224,4.04,4.11,4.04,4.07,4.04,0.03,0.74,1332.51,542.493,0.2373,0.2373,0.61,33.3579,34.3967,2.7273,1.4629,1.1804,10.5667,8.4534,19322.0374,5616.0,5616.0,78640.6922,22857.12,,,3.557
600782,新钢股份,普钢,江西,19961225,600782.SH,20041223,4.12,4.14,4.04,4.04,4.16,-0.12,-2.88,1885.0,770.276,0.3356,0.3356,0.83,33.1121,34.1432,2.7072,1.4522,1.1717,10.6452,8.5162,19322.0374,5616.0,5616.0,78061.0311,22688.64,,,3.557
600782,新钢股份,普钢,江西,19961225,600782.SH,20041222,4.01,4.17,3.98,4.16,4.0,0.16,4.0,4136.61,1696.193,0.7366,0.7366,1.99,34.0956,35.1573,2.7876,1.4953,1.2065,10.3381,8.2705,19322.0374,5616.0,5616.0,80379.6756,23362.56,,,3.557
600782,新钢股份,普钢,江西,19961225,600782.SH,20041221,3.92,4.05,3.92,4.0,3.96,0.04,1.01,901.0,360.262,0.1604,0.1604,0.37,32.7842,33.8051,2.6804,1.4378,1.1601,10.7517,8.6013,19322.0374,5616.0,5616.0,77288.1496,22464.0,,,3.557
600782,新钢股份,普钢,江西,19961225,600782.SH,20041220,3.95,4.03,3.9,3.96,3.95,0.01,0.25,1782.0,705.16,0.3173,0.3173,0.42,32.4564,33.4671,2.6536,1.4234,1.1485,10.8603,8.6882,19322.0374,5616.0,5616.0,76515.2681,22239.36,,,3.557
600782,新钢股份,普钢,江西,19961225,600782.SH,20041217,4.0,4.04,3.95,3.95,4.02,-0.07,-1.74,2292.0,915.296,0.4081,0.4081,0.47,32.3744,33.3825,2.6469,1.4198,1.1456,10.8878,8.7102,19322.0374,5616.0,5616.0,76322.0477,22183.2,,,3.557
600782,新钢股份,普钢,江西,19961225,600782.SH,20041216,4.05,4.11,4.01,4.02,4.11,-0.09,-2.19,2186.37,884.145,0.3893,0.3893,0.3,32.9481,33.9741,2.6938,1.445,1.1659,10.6982,8.5585,19322.0374,5616.0,5616.0,77674.5903,22576.32,,,3.557
600782,新钢股份,普钢,江西,19961225,600782.SH,20041215,4.08,4.12,3.98,4.11,4.08,0.03,0.74,3214.53,1303.254,0.5724,0.5724,0.45,33.6858,34.7347,2.7541,1.4773,1.192,10.4639,8.3711,19322.0374,5616.0,5616.0,79413.5737,23081.76,,,3.557
600782,新钢股份,普钢,江西,19961225,600782.SH,20041214,4.08,4.12,4.04,4.08,4.08,0.0,0.0,2798.43,1140.465,0.4983,0.4983,0.35,33.4399,34.4812,2.734,1.4665,1.1833,10.5409,8.4327,19322.0374,5616.0,5616.0,78833.9126,22913.28,,,3.557
600782,新钢股份,普钢,江西,19961225,600782.SH,20041213,4.28,4.28,4.01,4.08,4.31,-0.23,-5.34,10518.58,4330.845,1.873,1.873,1.42,33.4399,34.4812,2.734,1.4665,1.1833,10.5409,8.4327,19322.0374,5616.0,5616.0,78833.9126,22913.28,,,3.557
600782,新钢股份,普钢,江西,19961225,600782.SH,20041210,4.41,4.48,4.25,4.31,4.43,-0.12,-2.71,5892.0,2560.795,1.0491,1.0491,0.78,35.325,36.425,2.8881,1.5492,1.2501,9.9783,7.9827,19322.0374,5616.0,5616.0,83277.9812,24204.96,,,3.557
600782,新钢股份,普钢,江西,19961225,600782.SH,20041209,4.32,4.54,4.24,4.43,4.32,0.11,2.55,13656.33,6085.939,2.4317,2.4317,2.37,36.3085,37.4392,2.9685,1.5923,1.2849,9.7081,7.7664,19322.0374,5616.0,5616.0,85596.6257,24878.88,,,3.557
600782,新钢股份,普钢,江西,19961225,600782.SH,20041208,4.28,4.35,4.28,4.32,4.28,0.04,0.93,3213.69,1382.619,0.5722,0.5722,0.58,35.407,36.5095,2.8948,1.5528,1.253,9.9552,7.9642,19322.0374,5616.0,5616.0,83471.2016,24261.12,,,3.557
600782,新钢股份,普钢,江西,19961225,600782.SH,20041207,4.5,4.51,4.28,4.28,4.48,-0.2,-4.46,6974.51,3037.431,1.2419,1.2419,1.48,35.0791,36.1715,2.868,1.5384,1.2413,10.0483,8.0386,19322.0374,5616.0,5616.0,82698.3201,24036.48,,,3.557
600782,新钢股份,普钢,江西,19961225,600782.SH,20041206,4.44,4.53,4.43,4.48,4.45,0.03,0.67,7346.37,3285.488,1.3081,1.3081,1.64,36.7183,37.8617,3.002,1.6103,1.2994,9.5997,7.6798,19322.0374,5616.0,5616.0,86562.7276,25159.68,,,3.557
600782,新钢股份,普钢,江西,19961225,600782.SH,20041203,4.36,4.45,4.35,4.45,4.36,0.09,2.06,6814.85,3005.503,1.2135,1.2135,1.52,36.4724,37.6082,2.9819,1.5995,1.2907,9.6644,7.7315,19322.0374,5616.0,5616.0,85983.0664,24991.2,,,3.557
600782,新钢股份,普钢,江西,19961225,600782.SH,20041202,4.21,4.37,4.21,4.36,4.27,0.09,2.11,4510.55,1951.717,0.8032,0.8032,0.75,35.7348,36.8476,2.9216,1.5672,1.2646,9.8639,7.8911,19322.0374,5616.0,5616.0,84244.0831,24485.76,,,3.557
600782,新钢股份,普钢,江西,19961225,600782.SH,20041201,4.3,4.34,4.25,4.27,4.35,-0.08,-1.84,2131.06,915.249,0.3795,0.3795,0.29,34.9972,36.087,2.8613,1.5348,1.2384,10.0718,8.0575,19322.0374,5616.0,5616.0,82505.0997,23980.32,,,3.557
600782,新钢股份,普钢,江西,19961225,600782.SH,20041130,4.3,4.36,4.23,4.35,4.27,0.08,1.87,2823.42,1208.249,0.5027,0.5027,0.29,35.6528,36.7631,2.9149,1.5636,1.2617,9.8866,7.9093,19322.0374,5616.0,5616.0,84050.8627,24429.6,,,3.557
600782,新钢股份,普钢,江西,19961225,600782.SH,20041129,4.36,4.42,4.24,4.27,4.4,-0.13,-2.95,6152.0,2653.702,1.0954,1.0954,0.52,34.9972,36.087,2.8613,1.5348,1.2384,10.0718,8.0575,19322.0374,5616.0,5616.0,82505.0997,23980.32,,,3.557
600782,新钢股份,普钢,江西,19961225,600782.SH,20041126,4.38,4.46,4.34,4.4,4.41,-0.01,-0.23,6785.45,2998.252,1.2082,1.2082,0.53,36.0626,37.1856,2.9484,1.5816,1.2762,9.7742,7.8194,19322.0374,5616.0,5616.0,85016.9646,24710.4,,,3.557
600782,新钢股份,普钢,江西,19961225,600782.SH,20041125,4.3,4.46,4.3,4.41,4.31,0.1,2.32,12292.62,5392.946,2.1889,2.1889,1.13,36.1446,37.2701,2.9551,1.5851,1.2791,9.7521,7.8017,19322.0374,5616.0,5616.0,85210.1849,24766.56,,,3.557
600782,新钢股份,普钢,江西,19961225,600782.SH,20041124,4.5,4.52,4.3,4.31,4.53,-0.22,-4.86,8758.61,3860.035,1.5596,1.5596,0.89,35.325,36.425,2.8881,1.5492,1.2501,9.9783,7.9827,19322.0374,5616.0,5616.0,83277.9812,24204.96,,,3.557
600782,新钢股份,普钢,江西,19961225,600782.SH,20041123,4.44,4.6,4.32,4.53,4.46,0.07,1.57,15520.94,6921.649,2.7637,2.7637,2.1,37.1281,38.2843,3.0355,1.6283,1.3139,9.4937,7.595,19322.0374,5616.0,5616.0,87528.8294,25440.48,,,3.557
600782,新钢股份,普钢,江西,19961225,600782.SH,20041122,4.34,4.48,4.28,4.46,4.31,0.15,3.48,15262.1,6669.323,2.7176,2.7176,2.95,36.5544,37.6927,2.9886,1.6031,1.2936,9.6428,7.7142,19322.0374,5616.0,5616.0,86176.2868,25047.36,,,3.557
600782,新钢股份,普钢,江西,19961225,600782.SH,20041119,4.19,4.36,4.18,4.31,4.2,0.11,2.62,11647.84,4972.708,2.074,2.074,3.33,35.325,36.425,2.8881,1.5492,1.2501,9.9783,7.9827,19322.0374,5616.0,5616.0,83277.9812,24204.96,,,3.557
600782,新钢股份,普钢,江西,19961225,600782.SH,20041118,4.12,4.22,4.1,4.2,4.14,0.06,1.45,3329.79,1385.099,0.5929,0.5929,0.61,34.4234,35.4954,2.8144,1.5097,1.2181,10.2397,8.1917,19322.0374,5616.0,5616.0,81152.5571,23587.2,,,3.557
600782,新钢股份,普钢,江西,19961225,600782.SH,20041117,4.21,4.27,4.13,4.14,4.24,-0.1,-2.36,3555.0,1482.764,0.633,0.633,0.58,33.9317,34.9883,2.7742,1.4881,1.2007,10.3881,8.3105,19322.0374,5616.0,5616.0,79993.2348,23250.24,,,3.557
600782,新钢股份,普钢,江西,19961225,600782.SH,20041116,4.29,4.3,4.2,4.24,4.29,-0.05,-1.17,3215.2,1363.105,0.5725,0.5725,0.56,34.7513,35.8334,2.8412,1.524,1.2297,10.1431,8.1145,19322.0374,5616.0,5616.0,81925.4386,23811.84,,,3.557
600782,新钢股份,普钢,江西,19961225,600782.SH,20041115,4.2,4.3,4.18,4.29,4.19,0.1,2.39,4150.01,1765.683,0.739,0.739,0.8,35.1611,36.256,2.8747,1.542,1.2443,10.0249,8.0199,19322.0374,5616.0,5616.0,82891.5404,24092.64,,,3.557
600782,新钢股份,普钢,江西,19961225,600782.SH,20041112,4.2,4.24,4.12,4.19,4.19,0.0,0.0,3237.4,1352.684,0.5765,0.5765,0.59,34.3415,35.4109,2.8077,1.5061,1.2152,10.2641,8.2113,19322.0374,5616.0,5616.0,80959.3367,23531.04,,,3.557
600782,新钢股份,普钢,江西,19961225,600782.SH,20041111,4.24,4.29,4.12,4.19,4.18,0.01,0.24,13113.96,5533.835,2.3351,2.3351,2.88,34.3415,35.4109,2.8077,1.5061,1.2152,10.2641,8.2113,19322.0374,5616.0,5616.0,80959.3367,23531.04,,,3.557
600782,新钢股份,普钢,江西,19961225,600782.SH,20041110,4.04,4.2,3.97,4.18,4.0,0.18,4.5,7118.6,2936.281,1.2676,1.2676,1.16,34.2595,35.3263,2.801,1.5025,1.2123,10.2887,8.2309,19322.0374,5616.0,5616.0,80766.1163,23474.88,,,3.557
600782,新钢股份,普钢,江西,19961225,600782.SH,20041109,3.98,4.04,3.95,4.0,4.01,-0.01,-0.25,1343.0,535.623,0.2391,0.2391,0.17,32.7842,33.8051,2.6804,1.4378,1.1601,10.7517,8.6013,19322.0374,5616.0,5616.0,77288.1496,22464.0,,,3.557
600782,新钢股份,普钢,江西,19961225,600782.SH,20041108,3.93,4.02,3.93,4.01,3.98,0.03,0.75,1161.9,462.914,0.2069,0.2069,0.14,32.8662,33.8896,2.6871,1.4414,1.163,10.7249,8.5799,19322.0374,5616.0,5616.0,77481.37,22520.16,,,3.557
600782,新钢股份,普钢,江西,19961225,600782.SH,20041105,4.08,4.09,3.92,3.98,4.01,-0.03,-0.75,4548.49,1805.052,0.8099,0.8099,0.54,32.6203,33.6361,2.667,1.4306,1.1543,10.8057,8.6446,19322.0374,5616.0,5616.0,76901.7089,22351.68,,,3.557
600782,新钢股份,普钢,江西,19961225,600782.SH,20041104,4.16,4.19,3.99,4.01,4.18,-0.17,-4.07,8593.83,3518.857,1.5302,1.5302,1.06,32.8662,33.8896,2.6871,1.4414,1.163,10.7249,8.5799,19322.0374,5616.0,5616.0,77481.37,22520.16,,,3.557
600782,新钢股份,普钢,江西,19961225,600782.SH,20041103,4.18,4.22,4.08,4.18,4.15,0.03,0.72,15151.38,6286.314,2.6979,2.6979,2.47,34.2595,35.3263,2.801,1.5025,1.2123,10.2887,8.2309,19322.0374,5616.0,5616.0,80766.1163,23474.88,,,3.557
600782,新钢股份,普钢,江西,19961225,600782.SH,20041102,4.03,4.18,4.01,4.15,4.03,0.12,2.98,9784.2,4054.395,1.7422,1.7422,2.05,34.0136,35.0728,2.7809,1.4917,1.2036,10.3631,8.2904,19322.0374,5616.0,5616.0,80186.4552,23306.4,,,3.557
600782,新钢股份,普钢,江西,19961225,600782.SH,20041101,4.06,4.08,4.0,4.03,4.04,-0.01,-0.25,2792.9,1122.924,0.4973,0.4973,0.55,33.0301,34.0586,2.7005,1.4486,1.1688,10.6716,8.5373,19322.0374,5616.0,5616.0,77867.8107,22632.48,,,3.557
600782,新钢股份,普钢,江西,19961225,600782.SH,20041029,4.07,4.16,4.0,4.04,4.14,-0.1,-2.42,5599.49,2275.935,0.9971,0.9971,1.15,33.1121,34.1432,2.7072,1.4522,1.1717,10.6452,8.5162,19322.0374,5616.0,5616.0,78061.0311,22688.64,,,3.557
600782,新钢股份,普钢,江西,19961225,600782.SH,20041028,4.14,4.22,4.06,4.14,4.14,0.0,0.0,7326.02,3039.417,1.3045,1.3045,1.34,33.9317,34.9883,2.7742,1.4881,1.2007,10.3881,8.3105,19322.0374,5616.0,5616.0,79993.2348,23250.24,,,3.557
600782,新钢股份,普钢,江西,19961225,600782.SH,20041027,3.96,4.15,3.96,4.14,4.01,0.13,3.24,5186.8,2097.963,0.9236,0.9236,0.98,33.9317,34.9883,2.7742,1.4881,1.2007,10.3881,8.3105,19322.0374,5616.0,5616.0,79993.2348,23250.24,,,3.557
600782,新钢股份,普钢,江西,19961225,600782.SH,20041026,3.93,4.04,3.82,4.01,3.9,0.11,2.82,2941.85,1152.273,0.5238,0.5238,0.53,32.8662,33.8896,2.6871,1.4414,1.163,10.7249,8.5799,19322.0374,5616.0,5616.0,77481.37,22520.16,,,3.557
600782,新钢股份,普钢,江西,19961225,600782.SH,20041025,3.95,3.97,3.8,3.9,3.85,0.05,1.3,4148.37,1605.826,0.7387,0.7387,0.8,31.9646,33.7746,2.6613,1.4018,1.2156,11.0274,8.8219,19322.0374,5616.0,5616.0,75355.9459,21902.4,,,3.557
600782,新钢股份,普钢,江西,19961225,600782.SH,20041022,3.83,3.9,3.65,3.85,3.83,0.02,0.52,4695.33,1780.278,0.8361,0.8361,0.79,31.5548,33.3416,2.6272,1.3839,1.2,11.1706,8.9365,19322.0374,5616.0,5616.0,74389.844,21621.6,,,3.557
600782,新钢股份,普钢,江西,19961225,600782.SH,20041021,4.05,4.09,3.82,3.83,4.09,-0.26,-6.36,10321.7,4056.314,1.8379,1.8379,1.99,31.3909,33.1684,2.6136,1.3767,1.1937,11.2289,8.9831,19322.0374,5616.0,5616.0,74003.4032,21509.28,,,3.557
600782,新钢股份,普钢,江西,19961225,600782.SH,20041020,4.16,4.16,4.02,4.09,4.17,-0.08,-1.92,4461.01,1812.022,0.7943,0.7943,0.87,33.5219,35.4201,2.791,1.4701,1.2748,10.5151,8.4121,19322.0374,5616.0,5616.0,79027.133,22969.44,,,3.557
600782,新钢股份,普钢,江西,19961225,600782.SH,20041019,4.19,4.25,4.12,4.17,4.14,0.03,0.72,4038.0,1691.277,0.719,0.719,0.76,34.1775,36.1129,2.8456,1.4989,1.2997,10.3134,8.2507,19322.0374,5616.0,5616.0,80572.896,23418.72,,,3.557
600782,新钢股份,普钢,江西,19961225,600782.SH,20041018,4.12,4.2,4.09,4.14,4.12,0.02,0.49,2486.8,1030.875,0.4428,0.4428,0.43,33.9317,35.8531,2.8251,1.4881,1.2904,10.3881,8.3105,19322.0374,5616.0,5616.0,79993.2348,23250.24,,,3.557
600782,新钢股份,普钢,江西,19961225,600782.SH,20041015,4.18,4.2,4.02,4.12,4.19,-0.07,-1.67,8408.56,3451.92,1.4973,1.4973,1.85,33.7677,35.6799,2.8115,1.4809,1.2841,10.4385,8.3508,19322.0374,5616.0,5616.0,79606.7941,23137.92,,,3.557
600782,新钢股份,普钢,江西,19961225,600782.SH,20041014,4.45,4.51,4.15,4.19,4.47,-0.28,-6.26,6569.4,2848.894,1.1698,1.1698,1.6,34.3415,36.2861,2.8592,1.5061,1.306,10.2641,8.2113,19322.0374,5616.0,5616.0,80959.3367,23531.04,,,3.557
600782,新钢股份,普钢,江西,19961225,600782.SH,20041013,4.57,4.57,4.43,4.47,4.51,-0.04,-0.89,4243.5,1900.652,0.7556,0.7556,0.96,36.6364,38.7109,3.0503,1.6067,1.3932,9.6212,7.6969,19322.0374,5616.0,5616.0,86369.5072,25103.52,,,3.557
600782,新钢股份,普钢,江西,19961225,600782.SH,20041012,4.72,4.72,4.48,4.51,4.68,-0.17,-3.63,4732.0,2153.001,0.8426,0.8426,1.12,36.9642,39.0573,3.0776,1.6211,1.4057,9.5358,7.6287,19322.0374,5616.0,5616.0,87142.3887,25328.16,,,3.557
600782,新钢股份,普钢,江西,19961225,600782.SH,20041011,4.62,4.74,4.59,4.68,4.61,0.07,1.52,5049.17,2350.77,0.8991,0.8991,1.03,38.3575,40.5296,3.1936,1.6822,1.4587,9.1895,7.3516,19322.0374,5616.0,5616.0,90427.135,26282.88,,,3.557
600782,新钢股份,普钢,江西,19961225,600782.SH,20041008,4.48,4.64,4.43,4.61,4.5,0.11,2.44,2181.32,988.644,0.3884,0.3884,0.24,37.7838,39.9234,3.1458,1.657,1.4369,9.329,7.4632,19322.0374,5616.0,5616.0,89074.5924,25889.76,,,3.557
600782,新钢股份,普钢,江西,19961225,600782.SH,20040930,4.67,4.67,4.49,4.5,4.63,-0.13,-2.81,4384.0,2007.379,0.7806,0.7806,0.44,36.8822,38.9707,3.0708,1.6175,1.4026,9.557,7.6456,19322.0374,5616.0,5616.0,86949.1683,25272.0,,,3.557
600782,新钢股份,普钢,江西,19961225,600782.SH,20040929,4.78,4.84,4.62,4.63,4.78,-0.15,-3.14,5662.25,2654.203,1.0082,1.0082,0.46,37.9477,40.0966,3.1595,1.6642,1.4431,9.2887,7.431,19322.0374,5616.0,5616.0,89461.0332,26002.08,,,3.557
600782,新钢股份,普钢,江西,19961225,600782.SH,20040928,4.8,4.83,4.73,4.78,4.75,0.03,0.63,3925.08,1876.759,0.6989,0.6989,0.23,39.1771,41.3956,3.2618,1.7181,1.4898,8.9972,7.1978,19322.0374,5616.0,5616.0,92359.3388,26844.48,,,3.557
600782,新钢股份,普钢,江西,19961225,600782.SH,20040927,4.99,5.08,4.74,4.75,4.96,-0.21,-4.23,8322.9,4056.59,1.482,1.482,0.41,38.9313,41.1358,3.2414,1.7074,1.4805,9.054,7.2432,19322.0374,5616.0,5616.0,91779.6777,26676.0,,,3.557
600782,新钢股份,普钢,江西,19961225,600782.SH,20040924,5.12,5.2,4.95,4.96,5.1,-0.14,-2.75,22553.05,11497.439,4.0159,4.0159,1.15,40.6524,42.9544,3.3847,1.7828,1.5459,8.6707,6.9366,19322.0374,5616.0,5616.0,95837.3055,27855.36,,,3.557
600782,新钢股份,普钢,江西,19961225,600782.SH,20040923,4.93,5.11,4.92,5.1,4.95,0.15,3.03,9715.71,4873.682,1.73,1.73,0.49,41.7999,44.1668,3.4802,1.8332,1.5896,8.4327,6.7461,19322.0374,5616.0,5616.0,98542.3907,28641.6,,,3.557
600782,新钢股份,普钢,江西,19961225,600782.SH,20040922,5.12,5.17,4.93,4.95,5.17,-0.22,-4.26,17699.93,8976.563,3.1517,3.1517,0.8,40.5705,42.8678,3.3779,1.7792,1.5428,8.6882,6.9506,19322.0374,5616.0,5616.0,95644.0851,27799.2,,,3.557
600782,新钢股份,普钢,江西,19961225,600782.SH,20040921,5.25,5.28,5.06,5.17,5.27,-0.1,-1.9,26745.3,13832.352,4.7623,4.7623,1.53,42.3736,44.773,3.528,1.8583,1.6114,8.3185,6.6548,19322.0374,5616.0,5616.0,99894.9334,29034.72,,,3.557
600782,新钢股份,普钢,江西,19961225,600782.SH,20040920,5.09,5.34,5.0,5.27,5.11,0.16,3.13,24711.96,12733.921,4.4003,4.4003,1.93,43.1932,45.6391,3.5962,1.8943,1.6426,8.1607,6.5285,19322.0374,5616.0,5616.0,101827.1371,29596.32,,,3.557
600782,新钢股份,普钢,江西,19961225,600782.SH,20040917,4.86,5.29,4.76,5.11,4.83,0.28,5.8,19224.07,9576.745,3.4231,3.4231,2.02,41.8818,44.2534,3.487,1.8368,1.5927,8.4162,6.7329,19322.0374,5616.0,5616.0,98735.6111,28697.76,,,3.557
600782,新钢股份,普钢,江西,19961225,600782.SH,20040916,4.8,4.94,4.74,4.83,4.86,-0.03,-0.62,11681.9,5624.226,2.0801,2.0801,1.51,39.5869,41.8286,3.296,1.7361,1.5054,8.9041,7.1233,19322.0374,5616.0,5616.0,93325.4406,27125.28,,,3.557
600782,新钢股份,普钢,江西,19961225,600782.SH,20040915,4.51,4.96,4.48,4.86,4.51,0.35,7.76,28627.06,13683.4,5.0974,5.0974,12.68,39.8328,42.0884,3.3164,1.7469,1.5148,8.8491,7.0793,19322.0374,5616.0,5616.0,93905.1018,27293.76,,,3.557
600782,新钢股份,普钢,江西,19961225,600782.SH,20040914,4.33,4.54,4.33,4.51,4.33,0.18,4.16,3326.16,1488.552,0.5923,0.5923,1.53,36.9642,39.0573,3.0776,1.6211,1.4057,9.5358,7.6287,19322.0374,5616.0,5616.0,87142.3887,25328.16,,,3.557
600782,新钢股份,普钢,江西,19961225,600782.SH,20040913,4.43,4.43,4.31,4.33,4.46,-0.13,-2.91,1250.0,545.257,0.2226,0.2226,0.44,35.4889,37.4985,2.9548,1.5564,1.3496,9.9323,7.9458,19322.0374,5616.0,5616.0,83664.4219,24317.28,,,3.557
600782,新钢股份,普钢,江西,19961225,600782.SH,20040910,4.45,4.48,4.33,4.46,4.46,0.0,0.0,2703.44,1188.001,0.4814,0.4814,0.75,36.5544,38.6243,3.0435,1.6031,1.3901,9.6428,7.7142,19322.0374,5616.0,5616.0,86176.2868,25047.36,,,3.45
600782,新钢股份,普钢,江西,19961225,600782.SH,20040909,4.58,4.58,4.43,4.46,4.58,-0.12,-2.62,2714.41,1213.076,0.4833,0.4833,0.68,36.5544,38.6243,3.0435,1.6031,1.3901,9.6428,7.7142,19322.0374,5616.0,5616.0,86176.2868,25047.36,,,3.45
600782,新钢股份,普钢,江西,19961225,600782.SH,20040908,4.57,4.59,4.49,4.58,4.58,0.0,0.0,1292.0,587.927,0.2301,0.2301,0.33,37.5379,39.6635,3.1254,1.6463,1.4275,9.3901,7.5121,19322.0374,5616.0,5616.0,88494.9313,25721.28,,,3.45
600782,新钢股份,普钢,江西,19961225,600782.SH,20040907,4.6,4.65,4.49,4.58,4.59,-0.01,-0.22,2883.6,1307.755,0.5135,0.5135,0.76,37.5379,39.6635,3.1254,1.6463,1.4275,9.3901,7.5121,19322.0374,5616.0,5616.0,88494.9313,25721.28,,,3.45
600782,新钢股份,普钢,江西,19961225,600782.SH,20040906,4.66,4.66,4.51,4.59,4.64,-0.05,-1.08,4611.74,2102.293,0.8212,0.8212,1.5,37.6199,39.7501,3.1322,1.6498,1.4306,9.3696,7.4957,19322.0374,5616.0,5616.0,88688.1517,25777.44,,,3.45
600782,新钢股份,普钢,江西,19961225,600782.SH,20040903,4.51,4.66,4.5,4.64,4.55,0.09,1.98,6425.09,2962.105,1.1441,1.1441,3.02,38.0297,40.1832,3.1663,1.6678,1.4462,9.2687,7.4149,19322.0374,5616.0,5616.0,89654.2535,26058.24,,,3.45
600782,新钢股份,普钢,江西,19961225,600782.SH,20040902,4.39,4.6,4.36,4.55,4.39,0.16,3.64,4700.15,2124.664,0.8369,0.8369,3.14,37.292,39.4037,3.1049,1.6355,1.4182,9.452,7.5616,19322.0374,5616.0,5616.0,87915.2702,25552.8,,,3.45
600782,新钢股份,普钢,江西,19961225,600782.SH,20040901,4.42,4.46,4.38,4.39,4.45,-0.06,-1.35,988.31,436.953,0.176,0.176,0.63,35.9807,38.0181,2.9957,1.578,1.3683,9.7965,7.8372,19322.0374,5616.0,5616.0,84823.7442,24654.24,,,3.45
600782,新钢股份,普钢,江西,19961225,600782.SH,20040831,4.45,4.59,4.42,4.45,4.36,0.09,2.06,2199.78,985.008,0.3917,0.3917,1.32,36.4724,38.5377,3.0367,1.5995,1.387,9.6644,7.7315,19322.0374,5616.0,5616.0,85983.0664,24991.2,,,3.45
600782,新钢股份,普钢,江西,19961225,600782.SH,20040830,4.28,4.36,4.25,4.36,4.31,0.05,1.16,1023.68,441.67,0.1823,0.1823,0.56,35.7348,37.7583,2.9752,1.5672,1.3589,9.8639,7.8911,19322.0374,5616.0,5616.0,84244.0831,24485.76,,,3.45
600782,新钢股份,普钢,江西,19961225,600782.SH,20040827,4.35,4.38,4.26,4.31,4.36,-0.05,-1.15,1729.0,743.132,0.3079,0.3079,1.01,35.325,37.3253,2.9411,1.5492,1.3434,9.9783,7.9827,19322.0374,5616.0,5616.0,83277.9812,24204.96,,,3.45
600782,新钢股份,普钢,江西,19961225,600782.SH,20040826,4.47,4.47,4.35,4.36,4.49,-0.13,-2.9,1540.0,679.768,0.2742,0.2742,0.88,35.7348,37.7583,2.9752,1.5672,1.3589,9.8639,7.8911,19322.0374,5616.0,5616.0,84244.0831,24485.76,,,3.45
600782,新钢股份,普钢,江西,19961225,600782.SH,20040825,4.52,4.52,4.43,4.49,4.49,0.0,0.0,1352.0,605.676,0.2407,0.2407,0.75,36.8003,38.8841,3.064,1.6139,1.3995,9.5783,7.6627,19322.0374,5616.0,5616.0,86755.9479,25215.84,,,3.45
600782,新钢股份,普钢,江西,19961225,600782.SH,20040824,4.3,4.55,4.3,4.49,4.35,0.14,3.22,2697.99,1211.668,0.4804,0.4804,1.9,36.8003,38.8841,3.064,1.6139,1.3995,9.5783,7.6627,19322.0374,5616.0,5616.0,86755.9479,25215.84,,,3.45
600782,新钢股份,普钢,江西,19961225,600782.SH,20040823,4.34,4.42,4.3,4.35,4.33,0.02,0.46,1756.0,762.755,0.3127,0.3127,1.15,35.6528,37.6717,2.9684,1.5636,1.3558,9.8866,7.9093,19322.0374,5616.0,5616.0,84050.8627,24429.6,,,3.45
600782,新钢股份,普钢,江西,19961225,600782.SH,20040820,4.32,4.39,4.24,4.33,4.25,0.08,1.88,1197.06,516.651,0.2132,0.2132,0.62,35.4889,37.4985,2.9548,1.5564,1.3496,9.9323,7.9458,19322.0374,5616.0,5616.0,83664.4219,24317.28,,,3.45
600782,新钢股份,普钢,江西,19961225,600782.SH,20040819,4.4,4.4,4.23,4.25,4.42,-0.17,-3.85,1783.0,767.636,0.3175,0.3175,0.9,34.8332,36.8057,2.9002,1.5276,1.3247,10.1192,8.0954,19322.0374,5616.0,5616.0,82118.659,23868.0,,,3.45
600782,新钢股份,普钢,江西,19961225,600782.SH,20040818,4.44,4.5,4.41,4.42,4.44,-0.02,-0.45,1576.0,699.093,0.2806,0.2806,0.79,36.2266,38.2779,3.0162,1.5887,1.3776,9.73,7.784,19322.0374,5616.0,5616.0,85403.4053,24822.72,,,3.45
600782,新钢股份,普钢,江西,19961225,600782.SH,20040817,4.44,4.56,4.4,4.44,4.43,0.01,0.23,799.0,356.409,0.1423,0.1423,0.37,36.3905,38.4511,3.0298,1.5959,1.3839,9.6862,7.7489,19322.0374,5616.0,5616.0,85789.8461,24935.04,,,3.45
600782,新钢股份,普钢,江西,19961225,600782.SH,20040816,4.56,4.56,4.4,4.43,4.59,-0.16,-3.49,2253.53,1004.78,0.4013,0.4013,1.23,36.3085,38.3645,3.023,1.5923,1.3808,9.7081,7.7664,19322.0374,5616.0,5616.0,85596.6257,24878.88,,,3.45
600782,新钢股份,普钢,江西,19961225,600782.SH,20040813,4.55,4.68,4.5,4.59,4.59,0.0,0.0,3170.0,1441.323,0.5645,0.5645,2.1,37.6199,39.7501,3.1322,1.6498,1.4306,9.3696,7.4957,19322.0374,5616.0,5616.0,88688.1517,25777.44,,,3.45
600782,新钢股份,普钢,江西,19961225,600782.SH,20040812,4.68,4.7,4.56,4.59,4.72,-0.13,-2.75,2054.0,946.003,0.3657,0.3657,1.44,37.6199,39.7501,3.1322,1.6498,1.4306,9.3696,7.4957,19322.0374,5616.0,5616.0,88688.1517,25777.44,,,3.45
600782,新钢股份,普钢,江西,19961225,600782.SH,20040811,4.73,4.76,4.66,4.72,4.76,-0.04,-0.84,1761.0,827.444,0.3136,0.3136,0.86,38.6854,40.876,3.2209,1.6966,1.4711,9.1116,7.2893,19322.0374,5616.0,5616.0,91200.0165,26507.52,,,3.45
600782,新钢股份,普钢,江西,19961225,600782.SH,20040810,4.75,4.77,4.7,4.76,4.77,-0.01,-0.21,1492.0,705.013,0.2657,0.2657,0.78,39.0132,41.2224,3.2482,1.711,1.4836,9.035,7.228,19322.0374,5616.0,5616.0,91972.898,26732.16,,,3.45
600782,新钢股份,普钢,江西,19961225,600782.SH,20040809,4.88,4.88,4.73,4.77,4.75,0.02,0.42,717.5,340.935,0.1278,0.1278,0.36,39.0952,41.309,3.255,1.7145,1.4867,9.0161,7.2129,19322.0374,5616.0,5616.0,92166.1184,26788.32,,,3.45
600782,新钢股份,普钢,江西,19961225,600782.SH,20040806,4.74,4.85,4.71,4.75,4.75,0.0,0.0,1537.08,732.937,0.2737,0.2737,0.68,38.9313,41.1358,3.2414,1.7074,1.4805,9.054,7.2432,19322.0374,5616.0,5616.0,91779.6777,26676.0,,,3.45
600782,新钢股份,普钢,江西,19961225,600782.SH,20040805,4.89,4.89,4.75,4.75,4.9,-0.15,-3.06,1646.24,793.734,0.2931,0.2931,0.68,38.9313,41.1358,3.2414,1.7074,1.4805,9.054,7.2432,19322.0374,5616.0,5616.0,91779.6777,26676.0,,,3.45
600782,新钢股份,普钢,江西,19961225,600782.SH,20040804,4.7,4.95,4.67,4.9,4.68,0.22,4.7,4816.29,2327.867,0.8576,0.8576,2.34,40.1607,42.4348,3.3437,1.7613,1.5272,8.7769,7.0215,19322.0374,5616.0,5616.0,94677.9833,27518.4,,,3.45
600782,新钢股份,普钢,江西,19961225,600782.SH,20040803,4.66,4.72,4.66,4.68,4.68,0.0,0.0,807.0,377.35,0.1437,0.1437,0.32,38.3575,40.5296,3.1936,1.6822,1.4587,9.1895,7.3516,19322.0374,5616.0,5616.0,90427.135,26282.88,,,3.45
600782,新钢股份,普钢,江西,19961225,600782.SH,20040802,4.8,4.8,4.65,4.68,4.81,-0.13,-2.7,1131.6,531.94,0.2015,0.2015,0.43,38.3575,40.5296,3.1936,1.6822,1.4587,9.1895,7.3516,19322.0374,5616.0,5616.0,90427.135,26282.88,,,3.45
600782,新钢股份,普钢,江西,19961225,600782.SH,20040730,5.28,5.28,4.5,4.81,4.8,0.01,0.21,2913.59,1416.681,0.5188,0.5188,1.11,39.423,41.6554,3.2823,1.7289,1.4992,8.9411,7.1529,19322.0374,5616.0,5616.0,92938.9999,27012.96,,,3.45
600782,新钢股份,普钢,江西,19961225,600782.SH,20040729,4.8,4.85,4.71,4.8,4.78,0.02,0.42,2359.88,1127.175,0.4202,0.4202,0.89,39.3411,36.6012,3.1162,1.7253,1.5942,8.9597,7.1678,19322.0374,5616.0,5616.0,92745.7795,26956.8,,,3.45
600782,新钢股份,普钢,江西,19961225,600782.SH,20040728,4.8,4.8,4.69,4.78,4.8,-0.02,-0.42,3062.99,1447.836,0.5454,0.5454,0.95,39.1771,36.4487,3.1032,1.7181,1.5876,8.9972,7.1978,19322.0374,5616.0,5616.0,92359.3388,26844.48,,,3.45
600782,新钢股份,普钢,江西,19961225,600782.SH,20040727,4.95,5.0,4.72,4.8,4.92,-0.12,-2.44,2983.54,1438.042,0.5313,0.5313,0.99,39.3411,36.6012,3.1162,1.7253,1.5942,8.9597,7.1678,19322.0374,5616.0,5616.0,92745.7795,26956.8,,,3.45
600782,新钢股份,普钢,江西,19961225,600782.SH,20040726,5.0,5.05,4.9,4.92,5.0,-0.08,-1.6,1693.37,834.544,0.3015,0.3015,0.54,40.3246,37.5162,3.1941,1.7685,1.6341,8.7412,6.993,19322.0374,5616.0,5616.0,95064.424,27630.72,,,3.45
600782,新钢股份,普钢,江西,19961225,600782.SH,20040723,4.97,5.09,4.94,5.0,4.99,0.01,0.2,2987.98,1504.931,0.532,0.532,0.93,40.9803,38.1263,3.246,1.7972,1.6606,8.6013,6.8811,19322.0374,5616.0,5616.0,96610.187,28080.0,,,3.45
600782,新钢股份,普钢,江西,19961225,600782.SH,20040722,5.18,5.18,4.96,4.99,5.18,-0.19,-3.67,2533.44,1275.733,0.4511,0.4511,0.82,40.8983,38.05,3.2395,1.7936,1.6573,8.6186,6.8949,19322.0374,5616.0,5616.0,96416.9666,28023.84,,,3.45
600782,新钢股份,普钢,江西,19961225,600782.SH,20040721,5.09,5.19,5.04,5.18,5.07,0.11,2.17,5849.9,3005.007,1.0416,1.0416,2.53,42.4556,39.4988,3.3629,1.8619,1.7204,8.3024,6.642,19322.0374,5616.0,5616.0,100088.1537,29090.88,,,3.45
600782,新钢股份,普钢,江西,19961225,600782.SH,20040720,5.14,5.17,5.03,5.07,5.14,-0.07,-1.36,2036.67,1031.281,0.3627,0.3627,0.96,41.554,38.66,3.2915,1.8224,1.6839,8.4826,6.7861,19322.0374,5616.0,5616.0,97962.7296,28473.12,,,3.45
600782,新钢股份,普钢,江西,19961225,600782.SH,20040719,5.2,5.2,5.08,5.14,5.16,-0.02,-0.39,2219.0,1138.4,0.3951,0.3951,0.93,42.1277,39.1938,3.3369,1.8475,1.7071,8.3671,6.6936,19322.0374,5616.0,5616.0,99315.2722,28866.24,,,3.45
600782,新钢股份,普钢,江西,19961225,600782.SH,20040716,5.06,5.2,4.99,5.16,5.0,0.16,3.2,3357.76,1727.173,0.5979,0.5979,1.32,42.2916,39.3463,3.3499,1.8547,1.7138,8.3346,6.6677,19322.0374,5616.0,5616.0,99701.713,28978.56,,,3.45
600782,新钢股份,普钢,江西,19961225,600782.SH,20040715,4.99,5.03,4.91,5.0,5.0,0.0,0.0,1930.0,956.447,0.3437,0.3437,0.41,40.9803,38.1263,3.246,1.7972,1.6606,8.6013,6.8811,19322.0374,5616.0,5616.0,96610.187,28080.0,,,3.45
600782,新钢股份,普钢,江西,19961225,600782.SH,20040714,5.0,5.04,4.88,5.0,5.02,-0.02,-0.4,2007.84,989.69,0.3575,0.3575,0.4,40.9803,38.1263,3.246,1.7972,1.6606,8.6013,6.8811,19322.0374,5616.0,5616.0,96610.187,28080.0,,,3.45
600782,新钢股份,普钢,江西,19961225,600782.SH,20040713,4.95,5.03,4.92,5.02,4.94,0.08,1.62,1133.96,565.135,0.2019,0.2019,0.19,41.1442,38.2788,3.259,1.8044,1.6673,8.5671,6.8537,19322.0374,5616.0,5616.0,96996.6277,28192.32,,,3.45
600782,新钢股份,普钢,江西,19961225,600782.SH,20040712,5.15,5.15,4.93,4.94,5.19,-0.25,-4.82,3562.43,1783.243,0.6343,0.6343,0.61,40.4885,37.6688,3.2071,1.7757,1.6407,8.7058,6.9646,19322.0374,5616.0,5616.0,95450.8648,27743.04,,,3.45
600782,新钢股份,普钢,江西,19961225,600782.SH,20040709,5.3,5.3,5.17,5.19,5.33,-0.14,-2.63,4122.88,2163.353,0.7341,0.7341,0.77,42.5375,39.5751,3.3694,1.8655,1.7237,8.2864,6.6292,19322.0374,5616.0,5616.0,100281.3741,29147.04,,,3.45
600782,新钢股份,普钢,江西,19961225,600782.SH,20040708,5.26,5.4,5.23,5.33,5.23,0.1,1.91,12528.82,6634.716,2.2309,2.2309,3.43,43.685,40.6426,3.4602,1.9158,1.7702,8.0688,6.455,19322.0374,5616.0,5616.0,102986.4593,29933.28,,,3.45
600782,新钢股份,普钢,江西,19961225,600782.SH,20040707,5.19,5.25,5.12,5.23,5.22,0.01,0.19,3570.82,1849.4,0.6358,0.6358,1.09,42.8654,39.8801,3.3953,1.8799,1.737,8.2231,6.5785,19322.0374,5616.0,5616.0,101054.2556,29371.68,,,3.45
600782,新钢股份,普钢,江西,19961225,600782.SH,20040706,5.12,5.32,5.1,5.22,5.15,0.07,1.36,5770.41,3004.213,1.0275,1.0275,1.91,42.7834,39.8038,3.3888,1.8763,1.7337,8.2388,6.5911,19322.0374,5616.0,5616.0,100861.0352,29315.52,,,3.45
600782,新钢股份,普钢,江西,19961225,600782.SH,20040705,5.1,5.19,5.08,5.15,5.08,0.07,1.38,3223.0,1657.494,0.5739,0.5739,1.16,42.2097,39.2701,3.3434,1.8511,1.7104,8.3508,6.6806,19322.0374,5616.0,5616.0,99508.4926,28922.4,,,3.45
600782,新钢股份,普钢,江西,19961225,600782.SH,20040702,5.05,5.12,5.03,5.08,5.1,-0.02,-0.39,1710.0,870.693,0.3045,0.3045,0.56,41.636,38.7363,3.2979,1.826,1.6872,8.4659,6.7727,19322.0374,5616.0,5616.0,98155.95,28529.28,,,3.45
600782,新钢股份,普钢,江西,19961225,600782.SH,20040701,4.91,5.14,4.85,5.1,4.95,0.15,3.03,3989.41,2012.229,0.7104,0.7104,1.5,41.7999,38.8888,3.3109,1.8332,1.6938,8.4327,6.7461,19322.0374,5616.0,5616.0,98542.3907,28641.6,,,3.45
600782,新钢股份,普钢,江西,19961225,600782.SH,20040630,5.0,5.04,4.91,4.95,5.09,-0.14,-2.75,1708.06,851.949,0.3041,0.3041,0.65,40.5705,37.745,3.2135,1.7792,1.644,8.6882,6.9506,19322.0374,5616.0,5616.0,95644.0851,27799.2,,,3.45
600782,新钢股份,普钢,江西,19961225,600782.SH,20040629,5.1,5.1,4.94,5.09,5.1,-0.01,-0.2,4511.45,2254.778,0.8033,0.8033,1.95,41.7179,38.8125,3.3044,1.8296,1.6905,8.4492,6.7594,19322.0374,5616.0,5616.0,98349.1704,28585.44,,,3.45
600782,新钢股份,普钢,江西,19961225,600782.SH,20040628,5.1,5.18,5.06,5.1,5.13,-0.03,-0.58,1980.0,1010.844,0.3526,0.3526,0.86,41.7999,38.8888,3.3109,1.8332,1.6938,8.4327,6.7461,19322.0374,5616.0,5616.0,98542.3907,28641.6,,,3.45
600782,新钢股份,普钢,江西,19961225,600782.SH,20040625,5.3,5.35,5.12,5.13,5.35,-0.22,-4.11,3034.57,1589.875,0.5403,0.5403,1.37,42.0458,39.1175,3.3304,1.8439,1.7038,8.3834,6.7067,19322.0374,5616.0,5616.0,99122.0519,28810.08,,,3.45
600782,新钢股份,普钢,江西,19961225,600782.SH,20040624,5.48,5.48,5.3,5.35,5.45,-0.1,-1.83,2069.32,1112.774,0.3685,0.3685,0.88,43.8489,40.7951,3.4732,1.923,1.7769,8.0386,6.4309,19322.0374,5616.0,5616.0,103372.9001,30045.6,,,3.45
600782,新钢股份,普钢,江西,19961225,600782.SH,20040623,5.49,5.52,5.33,5.45,5.43,0.02,0.37,1627.14,880.731,0.2897,0.2897,0.57,44.6685,41.5576,3.5382,1.959,1.8101,7.8911,6.3129,19322.0374,5616.0,5616.0,105305.1038,30607.2,,,3.45
600782,新钢股份,普钢,江西,19961225,600782.SH,20040622,5.38,5.43,5.3,5.43,5.38,0.05,0.93,2884.0,1553.096,0.5135,0.5135,0.95,44.5046,41.4051,3.5252,1.9518,1.8034,7.9202,6.3362,19322.0374,5616.0,5616.0,104918.6631,30494.88,,,3.45
600782,新钢股份,普钢,江西,19961225,600782.SH,20040621,5.27,5.38,5.23,5.38,5.28,0.1,1.89,1937.98,1030.72,0.3451,0.3451,0.63,44.0948,41.0239,3.4927,1.9338,1.7868,7.9938,6.395,19322.0374,5616.0,5616.0,103952.5612,30214.08,,,3.45
600782,新钢股份,普钢,江西,19961225,600782.SH,20040618,5.44,5.44,5.23,5.28,5.38,-0.1,-1.86,2561.0,1357.529,0.456,0.456,0.84,43.2752,40.2613,3.4278,1.8979,1.7536,8.1452,6.5162,19322.0374,5616.0,5616.0,102020.3575,29652.48,,,3.45
600782,新钢股份,普钢,江西,19961225,600782.SH,20040617,5.43,5.53,5.38,5.38,5.44,-0.06,-1.1,2741.16,1491.981,0.4881,0.4881,0.9,44.0948,41.0239,3.4927,1.9338,1.7868,7.9938,6.395,19322.0374,5616.0,5616.0,103952.5612,30214.08,,,3.45
600782,新钢股份,普钢,江西,19961225,600782.SH,20040616,5.33,5.58,5.31,5.44,5.41,0.03,0.55,4165.61,2273.14,0.7417,0.7417,1.52,44.5865,41.4814,3.5317,1.9554,1.8068,7.9056,6.3245,19322.0374,5616.0,5616.0,105111.8835,30551.04,,,3.45
600782,新钢股份,普钢,江西,19961225,600782.SH,20040615,5.3,5.48,5.2,5.41,5.31,0.1,1.88,3843.89,2030.848,0.6845,0.6845,1.71,44.3407,41.2526,3.5122,1.9446,1.7968,7.9495,6.3596,19322.0374,5616.0,5616.0,104532.2223,30382.56,,,3.45
600782,新钢股份,普钢,江西,19961225,600782.SH,20040614,5.45,5.5,5.25,5.31,5.43,-0.12,-2.21,2080.39,1113.018,0.3704,0.3704,0.86,43.521,40.4901,3.4473,1.9086,1.7636,8.0992,6.4793,19322.0374,5616.0,5616.0,102600.0186,29820.96,,,3.45
600782,新钢股份,普钢,江西,19961225,600782.SH,20040611,5.42,5.59,5.42,5.43,5.4,0.03,0.56,2458.76,1351.198,0.4378,0.4378,0.95,44.5046,41.4051,3.5252,1.9518,1.8034,7.9202,6.3362,19322.0374,5616.0,5616.0,104918.6631,30494.88,,,3.45
600782,新钢股份,普钢,江西,19961225,600782.SH,20040610,5.55,5.56,5.37,5.4,5.56,-0.16,-2.88,2619.16,1428.767,0.4664,0.4664,0.97,44.2587,41.1764,3.5057,1.941,1.7935,7.9642,6.3714,19322.0374,5616.0,5616.0,104339.002,30326.4,,,3.45
600782,新钢股份,普钢,江西,19961225,600782.SH,20040609,5.61,5.77,5.51,5.56,5.68,-0.12,-2.11,2735.0,1543.245,0.487,0.487,0.97,45.5701,42.3964,3.6096,1.9985,1.8466,7.735,6.188,19322.0374,5616.0,5616.0,107430.5279,31224.96,,,3.45
600782,新钢股份,普钢,江西,19961225,600782.SH,20040608,5.81,5.81,5.66,5.68,5.74,-0.06,-1.05,1377.0,787.467,0.2452,0.2452,0.44,46.5536,43.3114,3.6875,2.0416,1.8865,7.5716,6.0573,19322.0374,5616.0,5616.0,109749.1724,31898.88,,,3.45
600782,新钢股份,普钢,江西,19961225,600782.SH,20040607,5.71,5.77,5.68,5.74,5.77,-0.03,-0.52,2840.0,1624.484,0.5057,0.5057,0.91,47.0454,43.769,3.7264,2.0632,1.9064,7.4925,5.994,19322.0374,5616.0,5616.0,110908.4947,32235.84,,,3.45
600782,新钢股份,普钢,江西,19961225,600782.SH,20040604,5.86,5.86,5.74,5.77,5.87,-0.1,-1.7,3405.0,1974.193,0.6063,0.6063,1.22,47.2912,43.9977,3.7459,2.074,1.9164,7.4535,5.9628,19322.0374,5616.0,5616.0,111488.1558,32404.32,,,3.45
600782,新钢股份,普钢,江西,19961225,600782.SH,20040603,6.02,6.02,5.83,5.87,6.02,-0.15,-2.49,3191.76,1879.026,0.5683,0.5683,1.08,48.1108,44.7602,3.8108,2.1099,1.9496,7.3265,5.8612,19322.0374,5616.0,5616.0,113420.3595,32965.92,,,3.45
600782,新钢股份,普钢,江西,19961225,600782.SH,20040602,6.05,6.06,5.94,6.02,6.05,-0.03,-0.5,3249.66,1943.306,0.5786,0.5786,1.09,49.3402,45.904,3.9082,2.1639,1.9994,7.144,5.7152,19322.0374,5616.0,5616.0,116318.6651,33808.32,,,3.45
600782,新钢股份,普钢,江西,19961225,600782.SH,20040601,5.98,6.05,5.92,6.05,5.95,0.1,1.68,3025.5,1810.911,0.5387,0.5387,1.08,49.5861,46.1328,3.9277,2.1746,2.0094,7.1085,5.6868,19322.0374,5616.0,5616.0,116898.3263,33976.8,,,3.45
600782,新钢股份,普钢,江西,19961225,600782.SH,20040531,5.99,6.0,5.9,5.95,5.98,-0.03,-0.5,2773.49,1647.7,0.4939,0.4939,1.05,48.7665,45.3703,3.8628,2.1387,1.9761,7.228,5.7824,19322.0374,5616.0,5616.0,114966.1225,33415.2,,,3.45
600782,新钢股份,普钢,江西,19961225,600782.SH,20040528,6.0,6.05,5.92,5.98,5.97,0.01,0.17,1676.0,1002.417,0.2984,0.2984,0.58,49.0124,45.599,3.8822,2.1495,1.9861,7.1918,12.9452,19322.0374,5616.0,5616.0,115545.7837,33583.68,,,3.45
600782,新钢股份,普钢,江西,19961225,600782.SH,20040527,5.9,6.01,5.7,5.97,5.88,0.09,1.53,4068.61,2391.296,0.7245,0.7245,1.44,48.9304,45.5228,3.8757,2.1459,1.9828,7.2038,12.9668,19322.0374,5616.0,5616.0,115352.5633,33527.52,,,3.45
600782,新钢股份,普钢,江西,19961225,600782.SH,20040526,6.05,6.09,5.78,5.88,6.07,-0.19,-3.13,3364.3,1984.323,0.5991,0.5991,1.19,48.1928,44.8365,3.8173,2.1135,1.9529,7.3141,13.1653,19322.0374,5616.0,5616.0,113613.5799,33022.08,,,3.45
600782,新钢股份,普钢,江西,19961225,600782.SH,20040525,6.2,6.2,6.02,6.07,6.15,-0.08,-1.3,2111.0,1282.741,0.3759,0.3759,0.63,49.75,46.2853,3.9407,2.1818,2.016,7.0851,12.7532,19322.0374,5616.0,5616.0,117284.767,34089.12,,,3.45
600782,新钢股份,普钢,江西,19961225,600782.SH,20040524,6.25,6.36,6.17,6.25,6.2,0.05,0.81,2010.9,1260.199,0.3581,0.3581,0.49,51.2253,47.6578,4.0575,2.2465,2.0758,6.8811,6.8811,19322.0374,5616.0,5616.0,120762.7338,35100.0,,,3.45
600782,新钢股份,普钢,江西,19961225,600782.SH,20040521,6.23,6.28,6.15,6.2,6.23,-0.03,-0.48,2860.58,1774.472,0.5094,0.5094,0.5,50.8155,47.2766,4.0251,2.2286,2.0592,6.9366,6.9366,19322.0374,5616.0,5616.0,119796.6319,34819.2,,,3.45
600782,新钢股份,普钢,江西,19961225,600782.SH,20040520,6.4,6.44,6.21,6.23,6.41,-0.18,-2.81,3800.24,2395.106,0.6767,0.6767,0.68,51.0614,47.5053,4.0445,2.2393,2.0691,6.9032,6.9032,19322.0374,5616.0,5616.0,120376.293,34987.68,,,3.45
600782,新钢股份,普钢,江西,19961225,600782.SH,20040519,6.52,6.56,6.41,6.41,6.5,-0.09,-1.38,3371.0,2189.5,0.6002,0.6002,0.58,52.5367,48.8779,4.1614,2.304,2.1289,6.7093,6.7093,19322.0374,5616.0,5616.0,123854.2597,35998.56,,,3.45
600782,新钢股份,普钢,江西,19961225,600782.SH,20040518,6.3,6.5,6.3,6.5,6.38,0.12,1.88,4787.82,3082.02,0.8525,0.8525,0.85,53.2744,49.5641,4.2198,2.3364,2.1588,6.6164,6.6164,19322.0374,5616.0,5616.0,125593.2431,36504.0,,,3.45
600782,新钢股份,普钢,江西,19961225,600782.SH,20040517,6.46,6.48,6.31,6.38,6.4,-0.02,-0.31,5702.84,3658.678,1.0155,1.0155,1.12,52.2908,48.6491,4.1419,2.2933,2.119,6.7409,6.7409,19322.0374,5616.0,5616.0,123274.5986,35830.08,,,3.45
600782,新钢股份,普钢,江西,19961225,600782.SH,20040514,6.33,6.51,6.33,6.4,6.33,0.07,1.11,10775.5,6913.3,1.9187,1.9187,2.93,52.4547,48.8016,4.1549,2.3004,2.1256,6.7198,6.7198,19322.0374,5616.0,5616.0,123661.0394,35942.4,,,3.45
600782,新钢股份,普钢,江西,19961225,600782.SH,20040513,6.25,6.35,6.21,6.33,6.29,0.04,0.64,3357.62,2112.072,0.5979,0.5979,0.93,51.881,48.2679,4.1094,2.2753,2.1024,6.7941,6.7941,19322.0374,5616.0,5616.0,122308.4967,35549.28,,,3.45
600782,新钢股份,普钢,江西,19961225,600782.SH,20040512,6.07,6.37,6.07,6.29,6.12,0.17,2.78,4645.86,2905.48,0.8273,0.8273,1.31,51.5532,47.9628,4.0835,2.2609,2.0891,6.8373,6.8373,19322.0374,5616.0,5616.0,121535.6152,35324.64,,,3.45
600782,新钢股份,普钢,江西,19961225,600782.SH,20040511,6.1,6.15,6.0,6.12,6.14,-0.02,-0.33,3721.62,2260.712,0.6627,0.6627,0.9,50.1599,46.6665,3.9731,2.1998,2.0326,7.0272,7.0272,19322.0374,5616.0,5616.0,118250.8689,34369.92,,,3.45
600782,新钢股份,普钢,江西,19961225,600782.SH,20040510,6.23,6.3,6.05,6.14,6.2,-0.06,-0.97,2901.99,1782.899,0.5167,0.5167,0.64,50.3238,46.8191,3.9861,2.207,2.0393,7.0043,7.0043,19322.0374,5616.0,5616.0,118637.3096,34482.24,,,3.45
600782,新钢股份,普钢,江西,19961225,600782.SH,20040430,6.29,6.38,6.14,6.2,6.29,-0.09,-1.43,3749.0,2346.397,0.6676,0.6676,0.73,50.8155,47.2766,4.0251,2.2286,2.0592,6.9366,6.9366,19322.0374,5616.0,5616.0,119796.6319,34819.2,,,3.45
600782,新钢股份,普钢,江西,19961225,600782.SH,20040429,6.33,6.45,6.28,6.29,6.33,-0.04,-0.63,3041.0,1929.312,0.5415,0.5415,0.32,51.5532,47.9628,4.0835,2.2609,2.0891,6.8373,6.8373,19322.0374,5616.0,5616.0,121535.6152,35324.64,,,3.45
600782,新钢股份,普钢,江西,19961225,600782.SH,20040428,6.36,6.4,6.24,6.33,6.36,-0.03,-0.47,4377.99,2770.065,0.7796,0.7796,0.14,51.881,48.2679,4.1094,2.2753,2.1024,6.7941,6.7941,19322.0374,5616.0,5616.0,122308.4967,35549.28,,,3.45
600782,新钢股份,普钢,江西,19961225,600782.SH,20040427,6.3,6.5,6.3,6.36,6.26,0.1,1.6,6653.55,4254.199,1.1847,1.1847,0.17,52.1269,48.4966,4.1289,2.2861,2.1123,6.7621,6.7621,19322.0374,5616.0,5616.0,122888.1579,35717.76,,,3.45
600782,新钢股份,普钢,江西,19961225,600782.SH,20040426,6.25,6.35,6.15,6.26,6.25,0.01,0.16,4888.8,3044.066,0.8705,0.8705,0.12,51.3073,47.7341,4.064,2.2501,2.0791,6.8701,6.8701,19322.0374,5616.0,5616.0,120955.9541,35156.16,,,3.45
600782,新钢股份,普钢,江西,19961225,600782.SH,20040423,6.4,6.4,6.03,6.25,6.37,-0.12,-1.88,6746.75,4209.158,1.2013,1.2013,0.16,51.2253,47.6578,4.0575,2.2465,2.0758,6.8811,6.8811,19322.0374,5616.0,5616.0,120762.7338,35100.0,,,3.45
600782,新钢股份,普钢,江西,19961225,600782.SH,20040422,6.26,6.63,6.2,6.37,6.3,0.07,1.11,25432.49,16374.907,4.5286,4.5286,0.66,52.2089,52.2089,4.195,2.2897,2.2897,6.7514,6.7514,19322.0374,5616.0,5616.0,123081.3782,35773.92,,,3.45
600782,新钢股份,普钢,江西,19961225,600782.SH,20040421,5.54,6.39,5.54,6.3,6.14,0.16,2.61,113602.91,64785.048,20.2284,20.2284,6.26,51.6351,51.6351,4.1489,2.2645,2.2645,6.8265,6.8265,19322.0374,5616.0,5616.0,121728.8356,35380.8,,,3.45
600782,新钢股份,普钢,江西,19961225,600782.SH,20040420,6.45,6.66,6.05,6.14,6.58,-0.44,-6.69,42788.0,26540.738,7.6189,7.6189,4.18,50.3238,50.3238,4.0436,2.207,2.207,7.0043,7.0043,19322.0374,5616.0,5616.0,118637.3096,34482.24,,,3.45
600782,新钢股份,普钢,江西,19961225,600782.SH,20040419,6.95,7.09,6.36,6.58,7.0,-0.42,-6.0,20865.52,13822.892,3.7154,3.7154,2.85,53.93,53.93,4.3333,2.3651,2.3651,6.536,6.536,19322.0374,5616.0,5616.0,127139.0061,36953.28,,,3.45
600782,新钢股份,普钢,江西,19961225,600782.SH,20040416,7.11,7.29,6.88,7.0,7.23,-0.23,-3.18,9720.0,6837.909,1.7308,1.7308,1.43,57.3724,57.3724,4.6099,2.5161,2.5161,6.1438,6.1438,19322.0374,5616.0,5616.0,135254.2618,39312.0,,,3.45
600782,新钢股份,普钢,江西,19961225,600782.SH,20040415,7.31,7.41,7.08,7.23,7.39,-0.16,-2.17,6364.0,4601.299,1.1332,1.1332,0.93,59.2575,59.2575,4.7614,2.5988,2.5988,5.9484,5.9484,19322.0374,5616.0,5616.0,139698.3304,40603.68,,,3.45
600782,新钢股份,普钢,江西,19961225,600782.SH,20040414,7.46,7.46,6.88,7.39,7.46,-0.07,-0.94,11033.0,8019.386,1.9646,1.9646,1.73,60.5688,60.5688,4.8668,2.6563,2.6563,5.8196,5.8196,19322.0374,5616.0,5616.0,142789.8564,41502.24,,,3.45
600782,新钢股份,普钢,江西,19961225,600782.SH,20040413,7.4,7.51,7.4,7.46,7.41,0.05,0.67,3222.8,2400.597,0.5739,0.5739,0.38,61.1426,61.1426,4.9129,2.6815,2.6815,5.765,5.765,19322.0374,5616.0,5616.0,144142.399,41895.36,,,3.45
600782,新钢股份,普钢,江西,19961225,600782.SH,20040412,7.41,7.57,7.35,7.41,7.41,0.0,0.0,6270.18,4664.295,1.1165,1.1165,0.63,60.7328,60.7328,4.8799,2.6635,2.6635,5.8039,5.8039,19322.0374,5616.0,5616.0,143176.2971,41614.56,,,3.45
600782,新钢股份,普钢,江西,19961225,600782.SH,20040409,7.56,7.67,7.4,7.41,7.56,-0.15,-1.98,7121.56,5380.682,1.2681,1.2681,0.67,60.7328,60.7328,4.8799,2.6635,2.6635,5.8039,5.8039,19322.0374,5616.0,5616.0,143176.2971,41614.56,,,3.45
600782,新钢股份,普钢,江西,19961225,600782.SH,20040408,7.72,7.74,7.55,7.56,7.72,-0.16,-2.07,6671.15,5085.572,1.1879,1.1879,0.64,61.9622,61.9622,4.9787,2.7174,2.7174,5.6887,5.6887,19322.0374,5616.0,5616.0,146074.6027,42456.96,,,3.45
600782,新钢股份,普钢,江西,19961225,600782.SH,20040407,7.78,7.78,7.66,7.72,7.75,-0.03,-0.39,8563.65,6614.5,1.5249,1.5249,0.9,63.2735,63.2735,5.0841,2.7749,2.7749,5.5708,5.5708,19322.0374,5616.0,5616.0,149166.1287,43355.52,,,3.45
600782,新钢股份,普钢,江西,19961225,600782.SH,20040406,7.69,7.79,7.61,7.75,7.66,0.09,1.17,14084.21,10859.126,2.5079,2.5079,1.9,63.5194,63.5194,5.1039,2.7857,2.7857,5.5492,5.5492,19322.0374,5616.0,5616.0,149745.7899,43524.0,,,3.45
600782,新钢股份,普钢,江西,19961225,600782.SH,20040405,7.55,7.69,7.55,7.66,7.54,0.12,1.59,13639.4,10398.798,2.4287,2.4287,2.26,62.7818,62.7818,5.0446,2.7533,2.7533,5.6144,5.6144,19322.0374,5616.0,5616.0,148006.8065,43018.56,,,3.45
600782,新钢股份,普钢,江西,19961225,600782.SH,20040402,7.55,7.61,7.47,7.54,7.45,0.09,1.21,9987.25,7530.234,1.7784,1.7784,1.86,61.7982,61.7982,4.9656,2.7102,2.7102,5.7038,5.7038,19322.0374,5616.0,5616.0,145688.162,42344.64,,,3.45
600782,新钢股份,普钢,江西,19961225,600782.SH,20040401,7.48,7.5,7.38,7.45,7.48,-0.03,-0.4,5656.24,4203.906,1.0072,1.0072,0.64,61.0606,61.0606,4.9063,2.6779,2.6779,5.7727,5.7727,19322.0374,5616.0,5616.0,143949.1786,41839.2,,,3.45
600782,新钢股份,普钢,江西,19961225,600782.SH,20040331,7.38,7.5,7.35,7.48,7.38,0.1,1.36,4156.47,3084.69,0.7401,0.7401,0.46,61.3065,61.3065,4.926,2.6886,2.6886,5.7496,5.7496,19322.0374,5616.0,5616.0,144528.8398,42007.68,,,3.45
600782,新钢股份,普钢,江西,19961225,600782.SH,20040330,7.44,7.53,7.36,7.38,7.49,-0.11,-1.47,3647.63,2696.918,0.6495,0.6495,0.38,60.4869,60.4869,4.8602,2.6527,2.6527,5.8275,5.8275,19322.0374,5616.0,5616.0,142596.636,41446.08,,,3.45
600782,新钢股份,普钢,江西,19961225,600782.SH,20040329,7.59,7.59,7.35,7.49,7.51,-0.02,-0.27,6770.03,5037.667,1.2055,1.2055,0.49,61.3884,61.3884,4.9326,2.6922,2.6922,5.7419,5.7419,19322.0374,5616.0,5616.0,144722.0601,42063.84,,,3.45
600782,新钢股份,普钢,江西,19961225,600782.SH,20040325,7.55,7.68,7.48,7.51,7.59,-0.08,-1.05,6679.23,5037.046,1.1893,1.1893,0.47,61.5524,61.5524,4.9458,2.6994,2.6994,5.7266,5.7266,19322.0374,5616.0,5616.0,145108.5009,42176.16,,,3.45
600782,新钢股份,普钢,江西,19961225,600782.SH,20040324,7.57,7.72,7.48,7.59,7.5,0.09,1.2,22913.14,17372.469,4.08,4.08,1.94,62.2081,62.2081,4.9985,2.7282,2.7282,5.6662,5.6662,19322.0374,5616.0,5616.0,146654.2639,42625.44,,,3.45
600782,新钢股份,普钢,江西,19961225,600782.SH,20040323,7.6,7.63,7.44,7.5,7.6,-0.1,-1.32,5560.99,4157.911,0.9902,0.9902,0.45,61.4704,61.4704,4.9392,2.6958,2.6958,5.7342,5.7342,19322.0374,5616.0,5616.0,144915.2805,42120.0,,,3.45
600782,新钢股份,普钢,江西,19961225,600782.SH,20040322,7.61,7.66,7.55,7.6,7.64,-0.04,-0.52,5806.64,4403.839,1.0339,1.0339,0.41,62.29,62.29,5.0051,2.7318,2.7318,5.6588,5.6588,19322.0374,5616.0,5616.0,146847.4842,42681.6,,,3.45
600782,新钢股份,普钢,江西,19961225,600782.SH,20040319,7.55,7.77,7.45,7.64,7.57,0.07,0.92,27468.58,20987.448,4.8911,4.8911,1.86,62.6179,62.6179,5.0314,2.7462,2.7462,5.6291,5.6291,19322.0374,5616.0,5616.0,147620.3657,42906.24,,,3.45
600782,新钢股份,普钢,江西,19961225,600782.SH,20040318,7.52,7.64,7.4,7.57,7.57,0.0,0.0,9691.8,7297.868,1.7257,1.7257,0.55,62.0441,62.0441,4.9853,2.721,2.721,5.6812,5.6812,19322.0374,5616.0,5616.0,146267.8231,42513.12,,,3.45
600782,新钢股份,普钢,江西,19961225,600782.SH,20040317,7.55,7.65,7.47,7.57,7.5,0.07,0.93,10499.71,7920.958,1.8696,1.8696,0.64,62.0441,62.0441,4.9853,2.721,2.721,5.6812,5.6812,19322.0374,5616.0,5616.0,146267.8231,42513.12,,,3.45
600782,新钢股份,普钢,江西,19961225,600782.SH,20040316,7.48,7.55,7.45,7.5,7.48,0.02,0.27,7784.0,5839.582,1.386,1.386,0.5,61.4704,61.4704,4.9392,2.6958,2.6958,5.7342,5.7342,19322.0374,5616.0,5616.0,144915.2805,42120.0,,,3.45
600782,新钢股份,普钢,江西,19961225,600782.SH,20040315,7.55,7.66,7.35,7.48,7.6,-0.12,-1.58,15194.4,11385.988,2.7056,2.7056,1.06,61.3065,61.3065,4.926,2.6886,2.6886,5.7496,5.7496,19322.0374,5616.0,5616.0,144528.8398,42007.68,,,3.45
600782,新钢股份,普钢,江西,19961225,600782.SH,20040312,7.65,7.78,7.41,7.6,7.3,0.3,4.11,30802.54,23507.423,5.4848,5.4848,3.51,62.29,62.29,5.0051,2.7318,2.7318,5.6588,5.6588,19322.0374,5616.0,5616.0,146847.4842,42681.6,,,3.45
600782,新钢股份,普钢,江西,19961225,600782.SH,20040311,7.78,7.88,7.15,7.3,7.78,-0.48,-6.17,23722.64,17839.63,4.2241,4.2241,4.76,59.8312,59.8312,4.8075,2.6239,2.6239,5.8913,5.8913,19322.0374,5616.0,5616.0,141050.873,40996.8,,,3.45
600782,新钢股份,普钢,江西,19961225,600782.SH,20040310,7.83,7.83,7.65,7.78,7.76,0.02,0.26,5043.58,3920.868,0.8981,0.8981,0.91,63.7653,63.7653,5.1236,2.7965,2.7965,5.5278,5.5278,19322.0374,5616.0,5616.0,150325.451,43692.48,,,3.45
600782,新钢股份,普钢,江西,19961225,600782.SH,20040309,7.81,7.92,7.66,7.76,7.81,-0.05,-0.64,3446.5,2684.227,0.6137,0.6137,0.46,63.6014,63.6014,5.1104,2.7893,2.7893,5.5421,5.5421,19322.0374,5616.0,5616.0,149939.0102,43580.16,,,3.45
600782,新钢股份,普钢,江西,19961225,600782.SH,20040308,7.81,7.94,7.65,7.81,7.87,-0.06,-0.76,8686.0,6784.109,1.5467,1.5467,1.26,64.0112,64.0112,5.1434,2.8073,2.8073,5.5066,5.5066,19322.0374,5616.0,5616.0,150905.1121,43860.96,,,3.45
600782,新钢股份,普钢,江西,19961225,600782.SH,20040305,7.98,8.0,7.8,7.87,7.95,-0.08,-1.01,3032.35,2376.021,0.5399,0.5399,0.35,64.5029,64.5029,5.1829,2.8288,2.8288,5.4646,5.4646,19322.0374,5616.0,5616.0,152064.4343,44197.92,,,3.45
600782,新钢股份,普钢,江西,19961225,600782.SH,20040304,7.86,8.05,7.78,7.95,7.93,0.02,0.25,4690.0,3698.318,0.8351,0.8351,0.55,65.1586,65.1586,5.2356,2.8576,2.8576,5.4096,5.4096,19322.0374,5616.0,5616.0,153610.1973,44647.2,,,3.45
600782,新钢股份,普钢,江西,19961225,600782.SH,20040303,8.03,8.1,7.86,7.93,8.05,-0.12,-1.49,7925.0,6303.879,1.4111,1.4111,0.94,64.9947,64.9947,5.2224,2.8504,2.8504,5.4233,5.4233,19322.0374,5616.0,5616.0,153223.7566,44534.88,,,3.45
600782,新钢股份,普钢,江西,19961225,600782.SH,20040302,8.05,8.14,7.86,8.05,8.05,0.0,0.0,13059.9,10459.894,2.3255,2.3255,1.84,65.9782,65.9782,5.3014,2.8935,2.8935,5.3424,5.3424,19322.0374,5616.0,5616.0,155542.4011,45208.8,,,3.45
600782,新钢股份,普钢,江西,19961225,600782.SH,20040301,8.09,8.16,7.91,8.05,8.08,-0.03,-0.37,5884.12,4714.296,1.0477,1.0477,0.78,65.9782,65.9782,5.3014,2.8935,2.8935,5.3424,5.3424,19322.0374,5616.0,5616.0,155542.4011,45208.8,,,3.45
600782,新钢股份,普钢,江西,19961225,600782.SH,20040227,7.84,8.1,7.84,8.08,7.93,0.15,1.89,12355.73,9889.801,2.2001,2.2001,1.46,66.2241,66.2241,5.3212,2.9043,2.9043,5.3226,5.3226,19322.0374,5616.0,5616.0,156122.0622,45377.28,,,3.45
600782,新钢股份,普钢,江西,19961225,600782.SH,20040226,7.88,7.95,7.72,7.93,7.95,-0.02,-0.25,3164.0,2479.281,0.5634,0.5634,0.31,64.9947,64.9947,5.2224,2.8504,2.8504,5.4233,5.4233,19322.0374,5616.0,5616.0,153223.7566,44534.88,,,3.45
600782,新钢股份,普钢,江西,19961225,600782.SH,20040225,7.85,7.98,7.71,7.95,7.85,0.1,1.27,7887.34,6212.378,1.4044,1.4044,0.62,65.1586,65.1586,5.2356,2.8576,2.8576,5.4096,5.4096,19322.0374,5616.0,5616.0,153610.1973,44647.2,,,3.45
600782,新钢股份,普钢,江西,19961225,600782.SH,20040224,8.0,8.07,7.73,7.85,8.05,-0.2,-2.48,6247.8,4934.583,1.1125,1.1125,0.34,64.339,64.339,5.1697,2.8216,2.8216,5.4786,5.4786,19322.0374,5616.0,5616.0,151677.9936,44085.6,,,3.45
600782,新钢股份,普钢,江西,19961225,600782.SH,20040223,8.1,8.18,7.92,8.05,8.12,-0.07,-0.86,8178.0,6585.489,1.4562,1.4562,0.48,65.9782,65.9782,5.3014,2.8935,2.8935,5.3424,5.3424,19322.0374,5616.0,5616.0,155542.4011,45208.8,,,3.45
600782,新钢股份,普钢,江西,19961225,600782.SH,20040220,7.8,8.79,7.65,8.12,8.07,0.05,0.62,16882.35,13636.094,3.0061,3.0061,1.13,66.552,66.552,5.3475,2.9187,2.9187,5.2964,5.2964,19322.0374,5616.0,5616.0,156894.9437,45601.92,,,3.45
600782,新钢股份,普钢,江西,19961225,600782.SH,20040219,8.06,8.24,7.95,8.07,8.08,-0.01,-0.12,11677.0,9437.854,2.0792,2.0792,0.78,56.6202,63.3127,5.4749,3.924,3.0556,5.3292,5.3292,19322.0374,5616.0,5616.0,155928.8418,45321.12,,,3.45
600782,新钢股份,普钢,江西,19961225,600782.SH,20040218,8.11,8.2,7.81,8.08,8.25,-0.17,-2.06,20676.33,16555.921,3.6817,3.6817,1.6,56.6903,63.3912,5.4817,3.9289,3.0594,5.3226,5.3226,19322.0374,5616.0,5616.0,156122.0622,45377.28,,,3.45
600782,新钢股份,普钢,江西,19961225,600782.SH,20040217,8.2,8.35,8.05,8.25,8.2,0.05,0.61,33367.28,27121.316,5.9415,5.9415,3.71,57.8831,64.7249,5.597,4.0115,3.1238,5.2129,5.2129,19322.0374,5616.0,5616.0,159406.8086,46332.0,,,3.45
600782,新钢股份,普钢,江西,19961225,600782.SH,20040216,8.2,8.31,8.1,8.2,8.17,0.03,0.37,2404.93,1969.389,0.4282,0.4282,0.26,57.5323,64.3326,5.5631,3.9872,3.1048,5.2447,5.2447,19322.0374,5616.0,5616.0,158440.7067,46051.2,,,3.45
600782,新钢股份,普钢,江西,19961225,600782.SH,20040213,8.25,8.46,8.08,8.17,8.34,-0.17,-2.04,6619.0,5470.231,1.1786,1.1786,0.76,57.3218,64.0973,5.5427,3.9726,3.0935,5.264,5.264,19322.0374,5616.0,5616.0,157861.0456,45882.72,,,3.45
600782,新钢股份,普钢,江西,19961225,600782.SH,20040212,8.11,8.4,8.0,8.34,8.21,0.13,1.58,11467.5,9499.843,2.0419,2.0419,1.52,58.5145,65.431,5.6581,4.0553,3.1578,5.1567,5.1567,19322.0374,5616.0,5616.0,161145.7919,46837.44,,,3.45
600782,新钢股份,普钢,江西,19961225,600782.SH,20040211,8.48,8.51,8.08,8.21,8.17,0.04,0.49,10935.0,9006.183,1.9471,1.9471,1.68,57.6024,64.4111,5.5699,3.9921,3.1086,5.2383,5.2383,19322.0374,5616.0,5616.0,158633.9271,46107.36,,,3.45
600782,新钢股份,普钢,江西,19961225,600782.SH,20040210,7.83,8.3,7.83,8.17,7.83,0.34,4.34,13546.1,10935.005,2.4121,2.4121,2.23,57.3218,64.0973,5.5427,3.9726,3.0935,5.264,5.264,19322.0374,5616.0,5616.0,157861.0456,45882.72,,,3.45
600782,新钢股份,普钢,江西,19961225,600782.SH,20040209,7.77,7.84,7.68,7.83,7.77,0.06,0.77,4060.71,3154.46,0.7231,0.7231,0.63,54.9363,61.4298,5.3121,3.8073,2.9647,5.4926,5.4926,19322.0374,5616.0,5616.0,151291.5528,43973.28,,,3.45
600782,新钢股份,普钢,江西,19961225,600782.SH,20040206,7.92,7.92,7.69,7.77,7.94,-0.17,-2.14,3605.85,2808.822,0.6421,0.6421,0.43,54.5153,60.9591,5.2714,3.7781,2.942,5.535,5.535,19322.0374,5616.0,5616.0,150132.2306,43636.32,,,3.45
600782,新钢股份,普钢,江西,19961225,600782.SH,20040205,7.93,8.0,7.7,7.94,7.94,0.0,0.0,5691.34,4454.595,1.0134,1.0134,0.7,55.7081,62.2928,5.3867,3.8608,3.0064,5.4165,5.4165,19322.0374,5616.0,5616.0,153416.977,44591.04,,,3.45
600782,新钢股份,普钢,江西,19961225,600782.SH,20040204,7.96,8.06,7.72,7.94,7.94,0.0,0.0,5564.99,4387.059,0.9909,0.9909,0.75,55.7081,62.2928,5.3867,3.8608,3.0064,5.4165,5.4165,19322.0374,5616.0,5616.0,153416.977,44591.04,,,3.45
600782,新钢股份,普钢,江西,19961225,600782.SH,20040203,7.81,8.0,7.57,7.94,7.68,0.26,3.39,11409.0,8906.729,2.0315,2.0315,2.05,55.7081,62.2928,5.3867,3.8608,3.0064,5.4165,5.4165,19322.0374,5616.0,5616.0,153416.977,44591.04,,,3.45
600782,新钢股份,普钢,江西,19961225,600782.SH,20040202,7.68,7.9,7.6,7.68,7.65,0.03,0.39,5947.83,4583.209,1.0591,1.0591,1.13,53.8839,60.253,5.2103,3.7344,2.9079,5.5998,5.5998,19322.0374,5616.0,5616.0,148393.2472,43130.88,,,3.45
600782,新钢股份,普钢,江西,19961225,600782.SH,20040130,7.29,7.8,7.16,7.65,7.3,0.35,4.79,13544.04,10332.167,2.4117,2.4117,4.27,53.6734,60.0176,5.19,3.7198,2.8966,5.6218,5.6218,19322.0374,5616.0,5616.0,147813.5861,42962.4,,,3.45
600782,新钢股份,普钢,江西,19961225,600782.SH,20040129,7.07,7.31,6.95,7.3,7.09,0.21,2.96,4365.53,3140.471,0.7773,0.7773,1.42,51.2178,57.2717,4.9525,3.5496,2.7641,5.8913,5.8913,19322.0374,5616.0,5616.0,141050.873,40996.8,,,3.45
600782,新钢股份,普钢,江西,19961225,600782.SH,20040116,7.01,7.15,6.96,7.09,7.1,-0.01,-0.14,1925.7,1357.469,0.3429,0.3429,0.57,49.7444,55.6242,4.81,3.4475,2.6845,6.0658,6.0658,19322.0374,5616.0,5616.0,136993.2452,39817.44,,,3.45
600782,新钢股份,普钢,江西,19961225,600782.SH,20040115,7.15,7.18,6.97,7.1,7.09,0.01,0.14,2030.0,1429.138,0.3615,0.3615,0.58,49.8145,55.7026,4.8168,3.4524,2.6883,6.0573,6.0573,19322.0374,5616.0,5616.0,137186.4655,39873.6,,,3.45
600782,新钢股份,普钢,江西,19961225,600782.SH,20040114,6.91,7.1,6.87,7.09,6.93,0.16,2.31,4464.92,3138.548,0.795,0.795,1.44,49.7444,55.6242,4.81,3.4475,2.6845,6.0658,6.0658,19322.0374,5616.0,5616.0,136993.2452,39817.44,,,3.45
600782,新钢股份,普钢,江西,19961225,600782.SH,20040113,6.95,7.03,6.77,6.93,7.02,-0.09,-1.28,3079.0,2139.068,0.5483,0.5483,1.06,48.6218,54.3689,4.7015,3.3697,2.624,6.2059,6.2059,19322.0374,5616.0,5616.0,133901.7192,38918.88,,,3.45
600782,新钢股份,普钢,江西,19961225,600782.SH,20040112,6.98,7.08,6.9,7.02,7.0,0.02,0.29,3919.8,2732.283,0.698,0.698,1.21,49.2532,55.075,4.7625,3.4135,2.658,6.1263,6.1263,19322.0374,5616.0,5616.0,135640.7025,39424.32,,,3.45
600782,新钢股份,普钢,江西,19961225,600782.SH,20040109,6.93,7.0,6.88,7.0,6.9,0.1,1.45,3263.77,2266.769,0.5812,0.5812,1.19,49.1129,54.9181,4.749,3.4037,2.6505,6.1438,6.1438,19322.0374,5616.0,5616.0,135254.2618,39312.0,,,3.45
600782,新钢股份,普钢,江西,19961225,600782.SH,20040108,6.9,7.04,6.81,6.9,6.93,-0.03,-0.43,2796.72,1930.338,0.498,0.498,1.22,48.4113,54.1335,4.6811,3.3551,2.6126,6.2329,6.2329,19322.0374,5616.0,5616.0,133322.0581,38750.4,,,3.45
600782,新钢股份,普钢,江西,19961225,600782.SH,20040107,6.82,7.08,6.82,6.93,6.89,0.04,0.58,2429.73,1677.402,0.4326,0.4326,1.21,48.6218,54.3689,4.7015,3.3697,2.624,6.2059,6.2059,19322.0374,5616.0,5616.0,133901.7192,38918.88,,,3.45
600782,新钢股份,普钢,江西,19961225,600782.SH,20040106,6.9,6.96,6.8,6.89,6.9,-0.01,-0.14,2146.92,1477.543,0.3823,0.3823,1.25,48.3411,54.0551,4.6743,3.3502,2.6088,6.2419,6.2419,19322.0374,5616.0,5616.0,133128.8377,38694.24,,,3.45
600782,新钢股份,普钢,江西,19961225,600782.SH,20040105,6.68,6.92,6.68,6.9,6.73,0.17,2.53,5619.81,3810.342,1.0007,1.0007,6.32,48.4113,54.1335,4.6811,3.3551,2.6126,6.2329,6.2329,19322.0374,5616.0,5616.0,133322.0581,38750.4,,,3.45
600782,新钢股份,普钢,江西,19961225,600782.SH,20040102,6.56,6.8,6.56,6.73,6.66,0.07,1.05,704.0,471.259,0.1254,0.1254,0.56,47.2186,52.7998,4.5658,3.2724,2.5482,6.3903,6.3903,19322.0374,5616.0,5616.0,130037.3117,37795.68,,,3.45
600782,新钢股份,普钢,江西,19961225,600782.SH,20031231,6.66,6.73,6.52,6.66,6.7,-0.04,-0.6,541.01,358.056,0.0963,0.0963,0.32,46.7274,52.2506,4.5183,3.2384,2.5217,5.6826,6.4575,19322.0374,5616.0,5616.0,128684.7691,37402.56,,,3.45
600782,新钢股份,普钢,江西,19961225,600782.SH,20031230,6.63,6.72,6.5,6.7,6.5,0.2,3.08,1029.3,679.433,0.1833,0.1833,0.59,47.0081,52.5645,4.5454,3.2579,2.5369,5.6486,6.4189,19322.0374,5616.0,5616.0,129457.6506,37627.2,,,3.45
600782,新钢股份,普钢,江西,19961225,600782.SH,20031229,6.6,6.6,6.48,6.5,6.66,-0.16,-2.4,674.0,439.418,0.12,0.12,0.33,45.6049,50.9954,4.4098,3.1606,2.4612,5.8224,6.6164,19322.0374,5616.0,5616.0,125593.2431,36504.0,,,3.45
600782,新钢股份,普钢,江西,19961225,600782.SH,20031226,6.5,6.69,6.48,6.66,6.54,0.12,1.83,1500.2,989.33,0.2671,0.2671,0.58,46.7274,52.2506,4.5183,3.2384,2.5217,5.6826,6.4575,19322.0374,5616.0,5616.0,128684.7691,37402.56,,,3.45
600782,新钢股份,普钢,江西,19961225,600782.SH,20031225,6.79,6.79,6.53,6.54,6.8,-0.26,-3.82,2533.0,1672.835,0.451,0.451,0.88,45.8855,51.3092,4.4369,3.1801,2.4763,5.7868,6.5759,19322.0374,5616.0,5616.0,126366.1246,36728.64,,,3.45
600782,新钢股份,普钢,江西,19961225,600782.SH,20031224,6.7,6.81,6.6,6.8,6.75,0.05,0.74,2672.08,1792.651,0.4758,0.4758,0.66,47.7097,53.349,4.6133,3.3065,2.5747,5.5656,6.3245,19322.0374,5616.0,5616.0,131389.8543,38188.8,,,3.45
600782,新钢股份,普钢,江西,19961225,600782.SH,20031223,6.75,6.96,6.6,6.75,6.83,-0.08,-1.17,1405.07,942.895,0.2502,0.2502,0.25,47.3589,52.9567,4.5794,3.2822,2.5558,5.6068,6.3714,19322.0374,5616.0,5616.0,130423.7525,37908.0,,,3.45
600782,新钢股份,普钢,江西,19961225,600782.SH,20031222,6.9,6.99,6.49,6.83,6.97,-0.14,-2.01,2066.76,1385.155,0.368,0.368,0.35,47.9202,53.5844,4.6336,3.3211,2.5861,5.5411,6.2967,19322.0374,5616.0,5616.0,131969.5154,38357.28,,,3.45
600782,新钢股份,普钢,江西,19961225,600782.SH,20031219,7.25,7.27,6.7,6.97,7.25,-0.28,-3.86,4358.04,3003.21,0.776,0.776,0.78,48.9024,54.6827,4.7286,3.3891,2.6391,5.4298,6.1703,19322.0374,5616.0,5616.0,134674.6007,39143.52,,,3.45
600782,新钢股份,普钢,江西,19961225,600782.SH,20031218,7.26,7.38,7.1,7.25,7.36,-0.11,-1.49,3910.36,2845.326,0.6963,0.6963,0.74,50.8669,56.8794,4.9186,3.5253,2.7451,5.2201,5.932,19322.0374,5616.0,5616.0,140084.7712,40716.0,,,3.45
600782,新钢股份,普钢,江西,19961225,600782.SH,20031217,7.26,7.4,7.13,7.36,7.27,0.09,1.24,8505.59,6196.728,1.5145,1.5145,2.12,51.6387,57.7424,4.9932,3.5788,2.7868,5.1421,5.8433,19322.0374,5616.0,5616.0,142210.1953,41333.76,,,3.45
600782,新钢股份,普钢,江西,19961225,600782.SH,20031216,7.08,7.27,6.92,7.27,7.1,0.17,2.39,9403.15,6715.515,1.6744,1.6744,4.24,51.0073,57.0364,4.9322,3.535,2.7527,5.2058,5.9156,19322.0374,5616.0,5616.0,140471.2119,40828.32,,,3.45
600782,新钢股份,普钢,江西,19961225,600782.SH,20031215,6.98,7.11,6.92,7.1,7.0,0.1,1.43,3685.34,2588.892,0.6562,0.6562,2.35,49.8145,55.7026,4.8168,3.4524,2.6883,5.3304,6.0573,19322.0374,5616.0,5616.0,137186.4655,39873.6,,,3.45
600782,新钢股份,普钢,江西,19961225,600782.SH,20031212,6.97,7.05,6.93,7.0,6.93,0.07,1.01,2539.62,1774.111,0.4522,0.4522,2.1,49.1129,54.9181,4.749,3.4037,2.6505,5.4066,6.1438,19322.0374,5616.0,5616.0,135254.2618,39312.0,,,3.45
600782,新钢股份,普钢,江西,19961225,600782.SH,20031211,6.81,6.95,6.74,6.93,6.84,0.09,1.32,2434.51,1672.528,0.4335,0.4335,2.28,48.6218,54.3689,4.7015,3.3697,2.624,5.4612,6.2059,19322.0374,5616.0,5616.0,133901.7192,38918.88,,,3.45
600782,新钢股份,普钢,江西,19961225,600782.SH,20031210,6.85,6.9,6.72,6.84,6.82,0.02,0.29,1950.6,1330.021,0.3473,0.3473,1.79,47.9903,53.6628,4.6404,3.3259,2.5899,5.533,6.2875,19322.0374,5616.0,5616.0,132162.7358,38413.44,,,3.45
600782,新钢股份,普钢,江西,19961225,600782.SH,20031209,6.71,6.83,6.71,6.82,6.81,0.01,0.15,467.0,317.19,0.0832,0.0832,0.31,47.85,53.5059,4.6269,3.3162,2.5823,5.5492,6.306,19322.0374,5616.0,5616.0,131776.2951,38301.12,,,3.45
600782,新钢股份,普钢,江西,19961225,600782.SH,20031208,6.9,6.9,6.75,6.81,6.85,-0.04,-0.58,438.0,297.583,0.078,0.078,0.22,47.7799,53.4275,4.6201,3.3113,2.5785,5.5574,6.3152,19322.0374,5616.0,5616.0,131583.0747,38244.96,,,3.45
600782,新钢股份,普钢,江西,19961225,600782.SH,20031205,6.83,6.9,6.78,6.85,6.9,-0.05,-0.72,770.0,526.51,0.1371,0.1371,0.34,48.0605,53.7413,4.6472,3.3308,2.5937,5.5249,6.2783,19322.0374,5616.0,5616.0,132355.9562,38469.6,,,3.45
600782,新钢股份,普钢,江西,19961225,600782.SH,20031204,6.98,6.98,6.8,6.9,6.97,-0.07,-1.0,1706.0,1171.195,0.3038,0.3038,0.57,48.4113,54.1335,4.6811,3.3551,2.6126,5.4849,6.2329,19322.0374,5616.0,5616.0,133322.0581,38750.4,,,3.45
600782,新钢股份,普钢,江西,19961225,600782.SH,20031203,7.08,7.08,6.9,6.97,6.98,-0.01,-0.14,2054.31,1423.968,0.3658,0.3658,0.5,48.9024,54.6827,4.7286,3.3891,2.6391,5.4298,6.1703,19322.0374,5616.0,5616.0,134674.6007,39143.52,,,3.45
600782,新钢股份,普钢,江西,19961225,600782.SH,20031202,6.93,7.09,6.9,6.98,6.93,0.05,0.72,2609.5,1818.636,0.4647,0.4647,0.59,48.9726,54.7612,4.7354,3.394,2.6429,5.422,6.1614,19322.0374,5616.0,5616.0,134867.8211,39199.68,,,3.45
600782,新钢股份,普钢,江西,19961225,600782.SH,20031201,6.97,7.0,6.81,6.93,6.94,-0.01,-0.14,2660.0,1838.369,0.4736,0.4736,0.52,48.6218,54.3689,4.7015,3.3697,2.624,5.4612,6.2059,19322.0374,5616.0,5616.0,133901.7192,38918.88,,,3.45
600782,新钢股份,普钢,江西,19961225,600782.SH,20031128,6.93,7.07,6.8,6.94,6.97,-0.03,-0.43,2194.0,1515.246,0.3907,0.3907,0.41,48.6919,54.4474,4.7083,3.3746,2.6278,5.4533,6.1969,19322.0374,5616.0,5616.0,134094.9396,38975.04,,,3.45
600782,新钢股份,普钢,江西,19961225,600782.SH,20031127,7.29,7.29,6.87,6.97,6.99,-0.02,-0.29,5432.9,3821.941,0.9674,0.9674,0.98,48.9024,54.6827,4.7286,3.3891,2.6391,5.4298,6.1703,19322.0374,5616.0,5616.0,134674.6007,39143.52,,,3.45
600782,新钢股份,普钢,江西,19961225,600782.SH,20031126,6.87,7.09,6.8,6.99,6.87,0.12,1.75,7603.35,5279.406,1.3539,1.3539,1.64,49.0428,54.8396,4.7422,3.3989,2.6467,5.4143,6.1526,19322.0374,5616.0,5616.0,135061.0414,39255.84,,,3.45
600782,新钢股份,普钢,江西,19961225,600782.SH,20031125,6.88,6.97,6.76,6.87,6.89,-0.02,-0.29,4099.22,2803.086,0.7299,0.7299,1.05,48.2008,53.8982,4.6608,3.3405,2.6012,5.5089,6.2601,19322.0374,5616.0,5616.0,132742.3969,38581.92,,,3.45
600782,新钢股份,普钢,江西,19961225,600782.SH,20031124,6.75,6.9,6.58,6.89,6.7,0.19,2.84,6026.85,4087.127,1.0732,1.0732,2.12,48.3411,54.0551,4.6743,3.3502,2.6088,5.4929,6.2419,19322.0374,5616.0,5616.0,133128.8377,38694.24,,,3.45
600782,新钢股份,普钢,江西,19961225,600782.SH,20031121,6.8,6.8,6.62,6.7,6.76,-0.06,-0.89,3323.0,2229.608,0.5917,0.5917,1.36,47.0081,52.5645,4.5454,3.2579,2.5369,5.6486,6.4189,19322.0374,5616.0,5616.0,129457.6506,37627.2,,,3.45
600782,新钢股份,普钢,江西,19961225,600782.SH,20031120,6.65,6.82,6.51,6.76,6.57,0.19,2.89,6547.54,4342.762,1.1659,1.1659,4.94,47.429,53.0352,4.5862,3.287,2.5596,5.5985,6.3619,19322.0374,5616.0,5616.0,130616.9728,37964.16,,,3.45
600782,新钢股份,普钢,江西,19961225,600782.SH,20031119,6.45,6.6,6.36,6.57,6.43,0.14,2.18,3162.31,2063.559,0.5631,0.5631,3.76,46.096,51.5445,4.4573,3.1946,2.4877,5.7604,6.5459,19322.0374,5616.0,5616.0,126945.7857,36897.12,,,3.45
600782,新钢股份,普钢,江西,19961225,600782.SH,20031118,6.41,6.55,6.41,6.43,6.44,-0.01,-0.16,537.0,346.236,0.0956,0.0956,0.61,45.1137,50.4462,4.3623,3.1266,2.4346,5.8858,6.6884,19322.0374,5616.0,5616.0,124240.7005,36110.88,,,3.45
600782,新钢股份,普钢,江西,19961225,600782.SH,20031117,6.45,6.5,6.4,6.44,6.4,0.04,0.63,624.88,402.353,0.1113,0.1113,0.56,45.1839,50.5246,4.3691,3.1314,2.4384,5.8767,6.6781,19322.0374,5616.0,5616.0,124433.9209,36167.04,,,3.45
600782,新钢股份,普钢,江西,19961225,600782.SH,20031114,6.3,6.43,6.3,6.4,6.37,0.03,0.47,1380.01,882.458,0.2457,0.2457,1.16,44.9032,50.2108,4.3419,3.112,2.4233,5.9134,6.7198,19322.0374,5616.0,5616.0,123661.0394,35942.4,,,3.45
600782,新钢股份,普钢,江西,19961225,600782.SH,20031113,6.3,6.4,6.28,6.37,6.28,0.09,1.43,928.0,588.985,0.1652,0.1652,0.69,44.6928,49.9755,4.3216,3.0974,2.4119,5.9413,6.7514,19322.0374,5616.0,5616.0,123081.3782,35773.92,,,3.45
600782,新钢股份,普钢,江西,19961225,600782.SH,20031112,6.18,6.37,6.18,6.28,6.32,-0.04,-0.63,731.51,462.473,0.1303,0.1303,0.5,44.0613,49.2694,4.2605,3.0536,2.3779,6.0264,6.8482,19322.0374,5616.0,5616.0,121342.3949,35268.48,,,3.45
600782,新钢股份,普钢,江西,19961225,600782.SH,20031111,6.14,6.38,6.14,6.32,6.27,0.05,0.8,750.0,472.699,0.1335,0.1335,0.44,44.3419,49.5832,4.2876,3.0731,2.393,5.9883,6.8049,19322.0374,5616.0,5616.0,122115.2764,35493.12,,,3.45
600782,新钢股份,普钢,江西,19961225,600782.SH,20031110,6.18,6.3,6.09,6.27,6.19,0.08,1.29,1806.1,1122.223,0.3216,0.3216,1.15,43.9911,49.1909,4.2537,3.0488,2.3741,6.036,6.8591,19322.0374,5616.0,5616.0,121149.1745,35212.32,,,3.45
600782,新钢股份,普钢,江西,19961225,600782.SH,20031107,6.27,6.27,6.08,6.19,6.14,0.05,0.81,1744.41,1072.587,0.3106,0.3106,1.37,43.4298,48.5633,4.1995,3.0099,2.3438,6.114,6.9478,19322.0374,5616.0,5616.0,119603.4115,34763.04,,,3.45
600782,新钢股份,普钢,江西,19961225,600782.SH,20031106,6.46,6.46,6.09,6.14,6.46,-0.32,-4.95,1726.98,1082.314,0.3075,0.3075,1.64,43.079,48.171,4.1655,2.9856,2.3248,6.1638,7.0043,19322.0374,5616.0,5616.0,118637.3096,34482.24,,,3.45
600782,新钢股份,普钢,江西,19961225,600782.SH,20031105,6.36,6.6,6.36,6.46,6.45,0.01,0.16,1315.0,845.609,0.2342,0.2342,1.24,45.3242,50.6816,4.3826,3.1412,2.446,5.8585,6.6574,19322.0374,5616.0,5616.0,124820.3616,36279.36,,,3.45
600782,新钢股份,普钢,江西,19961225,600782.SH,20031104,6.43,6.55,6.34,6.45,6.42,0.03,0.47,2002.89,1294.193,0.3566,0.3566,2.17,45.254,50.6031,4.3758,3.1363,2.4422,5.8676,6.6677,19322.0374,5616.0,5616.0,124627.1412,36223.2,,,3.45
600782,新钢股份,普钢,江西,19961225,600782.SH,20031103,6.4,6.47,6.3,6.42,6.44,-0.02,-0.31,1035.1,657.688,0.1843,0.1843,1.01,45.0436,50.3677,4.3555,3.1217,2.4309,5.895,6.6989,19322.0374,5616.0,5616.0,124047.4801,36054.72,,,3.45
600782,新钢股份,普钢,江西,19961225,600782.SH,20031031,6.43,6.55,6.3,6.44,6.43,0.01,0.16,268.0,171.955,0.0477,0.0477,0.21,45.1839,50.5246,4.3691,3.1314,2.4384,5.8767,6.6781,19322.0374,5616.0,5616.0,124433.9209,36167.04,,,3.45
600782,新钢股份,普钢,江西,19961225,600782.SH,20031030,6.48,6.65,6.25,6.43,6.43,0.0,0.0,651.08,420.465,0.1159,0.1159,0.48,45.1137,50.4462,4.3623,3.1266,2.4346,5.8858,6.6884,19322.0374,5616.0,5616.0,124240.7005,36110.88,,,3.45
600782,新钢股份,普钢,江西,19961225,600782.SH,20031029,6.6,6.7,6.38,6.43,6.6,-0.17,-2.58,1347.0,870.163,0.2399,0.2399,0.89,45.1137,50.4462,4.3623,3.1266,2.4346,5.8858,6.6884,19322.0374,5616.0,5616.0,124240.7005,36110.88,,,3.45
600782,新钢股份,普钢,江西,19961225,600782.SH,20031028,6.8,6.84,6.54,6.6,6.72,-0.12,-1.79,1320.39,879.372,0.2351,0.2351,0.96,46.3065,51.7799,4.4776,3.2092,2.499,5.7342,6.5162,19322.0374,5616.0,5616.0,127525.4468,37065.6,,,3.45
600782,新钢股份,普钢,江西,19961225,600782.SH,20031027,6.66,7.07,6.6,6.72,7.02,-0.3,-4.27,1556.0,1049.701,0.2771,0.2771,1.24,47.1484,52.7214,4.559,3.2676,2.5445,5.6318,6.3998,19322.0374,5616.0,5616.0,129844.0913,37739.52,,,3.45
600782,新钢股份,普钢,江西,19961225,600782.SH,20031024,6.96,7.13,6.95,7.02,7.09,-0.07,-0.99,1488.0,1046.513,0.265,0.265,1.36,49.2532,55.075,4.7625,3.4135,2.658,5.3911,6.1263,19322.0374,5616.0,5616.0,135640.7025,39424.32,,,3.45
600782,新钢股份,普钢,江西,19961225,600782.SH,20031023,6.95,7.2,6.95,7.09,7.08,0.01,0.14,1050.1,742.625,0.187,0.187,1.01,49.7444,55.6242,4.81,3.4475,2.6845,5.3379,6.0658,19322.0374,5616.0,5616.0,136993.2452,39817.44,,,3.45
600782,新钢股份,普钢,江西,19961225,600782.SH,20031022,6.9,7.15,6.79,7.08,6.91,0.17,2.46,2164.32,1519.453,0.3854,0.3854,3.31,49.6742,55.5457,4.8032,3.4426,2.6808,5.3455,6.0744,19322.0374,5616.0,5616.0,136800.0248,39761.28,,,3.45
600782,新钢股份,普钢,江西,19961225,600782.SH,20031021,6.98,7.0,6.8,6.91,7.08,-0.17,-2.4,597.49,413.613,0.1064,0.1064,0.91,48.4815,54.212,4.6879,3.36,2.6164,5.477,6.2238,19322.0374,5616.0,5616.0,133515.2784,38806.56,,,3.45
600782,新钢股份,普钢,江西,19961225,600782.SH,20031020,7.54,7.54,6.56,7.08,7.27,-0.19,-2.61,988.8,697.316,0.1761,0.1761,1.47,49.6742,55.5457,4.8032,3.4426,2.6808,5.3455,6.0744,19322.0374,5616.0,5616.0,136800.0248,39761.28,,,3.45
600782,新钢股份,普钢,江西,19961225,600782.SH,20031017,7.31,7.4,7.21,7.27,7.4,-0.13,-1.76,684.0,497.99,0.1218,0.1218,0.68,51.0073,52.5832,5.0139,3.535,2.9607,5.2058,5.9156,19322.0374,5616.0,5616.0,140471.2119,40828.32,,,3.45
600782,新钢股份,普钢,江西,19961225,600782.SH,20031016,7.53,7.53,7.3,7.4,7.56,-0.16,-2.12,783.0,578.692,0.1394,0.1394,0.83,51.9194,53.5235,5.1036,3.5982,3.0136,5.1143,5.8117,19322.0374,5616.0,5616.0,142983.0768,41558.4,,,3.45
600782,新钢股份,普钢,江西,19961225,600782.SH,20031015,7.63,7.65,7.5,7.56,7.58,-0.02,-0.26,215.0,162.471,0.0383,0.0383,0.22,53.0419,54.6808,5.2139,3.676,3.0788,5.0061,5.6887,19322.0374,5616.0,5616.0,146074.6027,42456.96,,,3.45
600782,新钢股份,普钢,江西,19961225,600782.SH,20031014,7.7,7.7,7.48,7.58,7.65,-0.07,-0.92,623.5,469.733,0.111,0.111,0.63,53.1823,54.8254,5.2277,3.6858,3.0869,4.9929,5.6737,19322.0374,5616.0,5616.0,146461.0435,42569.28,,,3.45
600782,新钢股份,普钢,江西,19961225,600782.SH,20031013,7.68,7.71,7.5,7.65,7.67,-0.02,-0.26,1068.0,810.732,0.1902,0.1902,1.06,53.6734,55.3317,5.276,3.7198,3.1155,4.9472,5.6218,19322.0374,5616.0,5616.0,147813.5861,42962.4,,,3.45
600782,新钢股份,普钢,江西,19961225,600782.SH,20031010,7.47,7.68,7.47,7.67,7.53,0.14,1.86,2312.99,1749.834,0.4119,0.4119,3.13,53.8137,55.4764,5.2898,3.7295,3.1236,4.9343,5.6071,19322.0374,5616.0,5616.0,148200.0269,43074.72,,,3.45
600782,新钢股份,普钢,江西,19961225,600782.SH,20031009,7.62,7.62,7.46,7.53,7.56,-0.03,-0.4,498.5,374.156,0.0888,0.0888,0.64,52.8315,54.4638,5.1933,3.6614,3.0666,5.026,5.7114,19322.0374,5616.0,5616.0,145494.9416,42288.48,,,3.45
600782,新钢股份,普钢,江西,19961225,600782.SH,20031008,7.54,7.77,7.48,7.56,7.54,0.02,0.27,452.0,343.47,0.0805,0.0805,0.46,53.0419,54.6808,5.2139,3.676,3.0788,5.0061,5.6887,19322.0374,5616.0,5616.0,146074.6027,42456.96,,,3.45
600782,新钢股份,普钢,江西,19961225,600782.SH,20030930,7.59,7.63,7.4,7.54,7.62,-0.08,-1.05,656.0,492.168,0.1168,0.1168,0.69,52.9016,54.5361,5.2002,3.6663,3.0707,5.0193,5.7038,19322.0374,5616.0,5616.0,145688.162,42344.64,,,3.45
600782,新钢股份,普钢,江西,19961225,600782.SH,20030929,7.74,7.74,7.4,7.62,7.65,-0.03,-0.39,1103.53,834.278,0.1965,0.1965,1.35,53.4629,55.1147,5.2553,3.7052,3.1032,4.9666,5.6439,19322.0374,5616.0,5616.0,147233.925,42793.92,,,3.45
600782,新钢股份,普钢,江西,19961225,600782.SH,20030926,7.6,7.71,7.54,7.65,7.63,0.02,0.26,990.0,755.756,0.1763,0.1763,1.42,53.6734,55.3317,5.276,3.7198,3.1155,4.9472,5.6218,19322.0374,5616.0,5616.0,147813.5861,42962.4,,,3.45
600782,新钢股份,普钢,江西,19961225,600782.SH,20030925,7.66,7.72,7.56,7.63,7.66,-0.03,-0.39,691.0,527.28,0.123,0.123,0.99,53.5331,55.1871,5.2622,3.7101,3.1073,4.9601,5.6365,19322.0374,5616.0,5616.0,147427.1454,42850.08,,,3.45
600782,新钢股份,普钢,江西,19961225,600782.SH,20030924,7.56,7.67,7.46,7.66,7.51,0.15,2.0,1424.09,1078.326,0.2536,0.2536,2.73,53.7436,55.4041,5.2829,3.7247,3.1195,4.9407,5.6144,19322.0374,5616.0,5616.0,148006.8065,43018.56,,,3.45
600782,新钢股份,普钢,江西,19961225,600782.SH,20030923,7.48,7.52,7.33,7.51,7.45,0.06,0.81,556.0,414.723,0.099,0.099,1.16,52.6911,54.3191,5.1795,3.6517,3.0584,5.0394,5.7266,19322.0374,5616.0,5616.0,145108.5009,42176.16,,,3.45
600782,新钢股份,普钢,江西,19961225,600782.SH,20030922,7.54,7.54,7.36,7.45,7.42,0.03,0.4,413.39,306.249,0.0736,0.0736,0.81,52.2702,53.8851,5.1381,3.6225,3.034,5.08,5.7727,19322.0374,5616.0,5616.0,143949.1786,41839.2,,,3.45
600782,新钢股份,普钢,江西,19961225,600782.SH,20030919,7.48,7.48,7.34,7.42,7.4,0.02,0.27,396.0,292.074,0.0705,0.0705,0.68,52.0597,53.6682,5.1174,3.608,3.0218,5.1005,5.796,19322.0374,5616.0,5616.0,143369.5175,41670.72,,,3.45
600782,新钢股份,普钢,江西,19961225,600782.SH,20030918,7.31,7.41,7.31,7.4,7.39,0.01,0.14,707.02,520.942,0.1259,0.1259,1.23,51.9194,53.5235,5.1036,3.5982,3.0136,5.1143,5.8117,19322.0374,5616.0,5616.0,142983.0768,41558.4,,,3.45
600782,新钢股份,普钢,江西,19961225,600782.SH,20030917,7.5,7.52,7.33,7.39,7.47,-0.08,-1.07,533.0,394.323,0.0949,0.0949,0.89,51.8492,53.4512,5.0967,3.5934,3.0096,5.1212,5.8196,19322.0374,5616.0,5616.0,142789.8564,41502.24,,,3.45
600782,新钢股份,普钢,江西,19961225,600782.SH,20030916,7.53,7.53,7.4,7.47,7.45,0.02,0.27,338.0,251.481,0.0602,0.0602,0.36,52.4105,54.0298,5.1519,3.6323,3.0421,5.0664,5.7573,19322.0374,5616.0,5616.0,144335.6194,41951.52,,,3.45
600782,新钢股份,普钢,江西,19961225,600782.SH,20030915,7.43,7.69,7.43,7.45,7.69,-0.24,-3.12,572.0,429.462,0.1019,0.1019,0.6,52.2702,53.8851,5.1381,3.6225,3.034,5.08,5.7727,19322.0374,5616.0,5616.0,143949.1786,41839.2,,,3.45
600782,新钢股份,普钢,江西,19961225,600782.SH,20030912,7.66,7.73,7.51,7.69,7.69,0.0,0.0,769.1,589.662,0.1369,0.1369,0.64,53.954,55.621,5.3036,3.7392,3.1317,4.9214,5.5925,19322.0374,5616.0,5616.0,148586.4676,43187.04,,,3.45
600782,新钢股份,普钢,江西,19961225,600782.SH,20030911,7.8,7.8,7.58,7.69,7.67,0.02,0.26,664.97,509.514,0.1184,0.1184,0.49,53.954,55.621,5.3036,3.7392,3.1317,4.9214,5.5925,19322.0374,5616.0,5616.0,148586.4676,43187.04,,,3.45
600782,新钢股份,普钢,江西,19961225,600782.SH,20030910,7.53,7.69,7.5,7.67,7.57,0.1,1.32,645.0,490.644,0.1149,0.1149,0.38,53.8137,55.4764,5.2898,3.7295,3.1236,4.9343,5.6071,19322.0374,5616.0,5616.0,148200.0269,43074.72,,,3.45
600782,新钢股份,普钢,江西,19961225,600782.SH,20030909,7.65,7.72,7.49,7.57,7.72,-0.15,-1.94,2040.88,1542.545,0.3634,0.3634,1.19,53.1121,54.7531,5.2208,3.6809,3.0829,4.9995,5.6812,19322.0374,5616.0,5616.0,146267.8231,42513.12,,,3.45
600782,新钢股份,普钢,江西,19961225,600782.SH,20030908,7.8,7.82,7.6,7.72,7.78,-0.06,-0.77,678.0,521.488,0.1207,0.1207,0.34,54.1645,55.838,5.3243,3.7538,3.144,4.9023,5.5708,19322.0374,5616.0,5616.0,149166.1287,43355.52,,,3.45
600782,新钢股份,普钢,江西,19961225,600782.SH,20030905,7.9,7.9,7.73,7.78,7.86,-0.08,-1.02,2007.0,1562.256,0.3574,0.3574,0.94,54.5855,56.272,5.3657,3.783,3.1684,4.8645,5.5278,19322.0374,5616.0,5616.0,150325.451,43692.48,,,3.45
600782,新钢股份,普钢,江西,19961225,600782.SH,20030904,8.0,8.0,7.77,7.86,7.87,-0.01,-0.13,1451.0,1139.209,0.2584,0.2584,0.49,55.1468,56.8506,5.4209,3.8219,3.201,4.815,5.4716,19322.0374,5616.0,5616.0,151871.214,44141.76,,,3.45
600782,新钢股份,普钢,江西,19961225,600782.SH,20030903,7.63,7.89,7.63,7.87,7.72,0.15,1.94,2285.15,1779.939,0.4069,0.4069,0.86,55.2169,56.923,5.4277,3.8268,3.205,4.8089,5.4646,19322.0374,5616.0,5616.0,152064.4343,44197.92,,,3.45
600782,新钢股份,普钢,江西,19961225,600782.SH,20030902,7.69,7.8,7.62,7.72,7.72,0.0,0.0,2141.04,1648.805,0.3812,0.3812,0.89,54.1645,55.838,5.3243,3.7538,3.144,4.9023,5.5708,19322.0374,5616.0,5616.0,149166.1287,43355.52,,,3.395
600782,新钢股份,普钢,江西,19961225,600782.SH,20030901,7.55,7.73,7.55,7.72,7.62,0.1,1.31,2211.72,1690.276,0.3938,0.3938,1.06,54.1645,55.838,5.3243,3.7538,3.144,4.9023,5.5708,19322.0374,5616.0,5616.0,149166.1287,43355.52,,,3.395
600782,新钢股份,普钢,江西,19961225,600782.SH,20030829,7.6,7.63,7.31,7.62,7.69,-0.07,-0.91,2539.09,1902.512,0.4521,0.4521,1.52,53.4629,55.1147,5.2553,3.7052,3.1032,4.9666,5.6439,19322.0374,5616.0,5616.0,147233.925,42793.92,,,3.395
600782,新钢股份,普钢,江西,19961225,600782.SH,20030828,7.45,8.15,7.45,7.69,7.48,0.21,2.81,5618.62,4405.134,1.0005,1.0005,8.82,53.954,55.621,5.3036,3.7392,3.1317,4.9214,5.5925,19322.0374,5616.0,5616.0,148586.4676,43187.04,,,3.395
600782,新钢股份,普钢,江西,19961225,600782.SH,20030827,7.29,7.48,7.29,7.48,7.35,0.13,1.77,817.0,604.782,0.1455,0.1455,1.35,52.4807,54.1021,5.1588,3.6371,3.0462,5.0596,5.7496,19322.0374,5616.0,5616.0,144528.8398,42007.68,,,3.395
600782,新钢股份,普钢,江西,19961225,600782.SH,20030826,7.29,7.35,7.23,7.35,7.29,0.06,0.82,831.5,605.393,0.1481,0.1481,1.69,51.5686,53.1618,5.0691,3.5739,2.9933,5.1491,5.8512,19322.0374,5616.0,5616.0,142016.9749,41277.6,,,3.395
600782,新钢股份,普钢,江西,19961225,600782.SH,20030825,7.38,7.38,7.26,7.29,7.31,-0.02,-0.27,669.09,488.057,0.1191,0.1191,1.53,51.1476,52.7279,5.0277,3.5447,2.9688,5.1915,5.8994,19322.0374,5616.0,5616.0,140857.6526,40940.64,,,3.395
600782,新钢股份,普钢,江西,19961225,600782.SH,20030822,7.42,7.43,7.2,7.31,7.35,-0.04,-0.54,434.0,317.802,0.0773,0.0773,1.02,51.2879,52.8725,5.0415,3.5545,2.977,5.1773,5.8833,19322.0374,5616.0,5616.0,141244.0934,41052.96,,,3.395
600782,新钢股份,普钢,江西,19961225,600782.SH,20030821,7.38,7.43,7.27,7.35,7.4,-0.05,-0.68,433.0,318.955,0.0771,0.0771,0.67,51.5686,53.1618,5.0691,3.5739,2.9933,5.1491,5.8512,19322.0374,5616.0,5616.0,142016.9749,41277.6,,,3.395
600782,新钢股份,普钢,江西,19961225,600782.SH,20030820,7.41,7.41,7.27,7.4,7.46,-0.06,-0.8,659.04,483.008,0.1174,0.1174,1.07,51.9194,53.5235,5.1036,3.5982,3.0136,5.1143,5.8117,19322.0374,5616.0,5616.0,142983.0768,41558.4,,,3.395
600782,新钢股份,普钢,江西,19961225,600782.SH,20030819,7.38,7.48,7.38,7.46,7.4,0.06,0.81,268.01,198.569,0.0477,0.0477,0.36,52.3403,53.9575,5.145,3.6274,3.0381,5.0732,5.765,19322.0374,5616.0,5616.0,144142.399,41895.36,,,3.395
600782,新钢股份,普钢,江西,19961225,600782.SH,20030818,7.45,7.45,7.39,7.4,7.45,-0.05,-0.67,389.99,289.188,0.0694,0.0694,0.43,51.9194,53.5235,5.1036,3.5982,3.0136,5.1143,5.8117,19322.0374,5616.0,5616.0,142983.0768,41558.4,,,3.395
600782,新钢股份,普钢,江西,19961225,600782.SH,20030815,7.48,7.48,7.42,7.45,7.57,-0.12,-1.59,387.39,288.401,0.069,0.069,0.38,52.2702,53.8851,5.1381,3.6225,3.034,5.08,5.7727,19322.0374,5616.0,5616.0,143949.1786,41839.2,,,3.395
600782,新钢股份,普钢,江西,19961225,600782.SH,20030814,7.58,7.58,7.42,7.57,7.6,-0.03,-0.39,1525.51,1143.017,0.2716,0.2716,1.65,53.1121,54.7531,5.2208,3.6809,3.0829,4.9995,5.6812,19322.0374,5616.0,5616.0,146267.8231,42513.12,,,3.395
600782,新钢股份,普钢,江西,19961225,600782.SH,20030813,7.65,7.66,7.6,7.6,7.68,-0.08,-1.04,513.02,391.291,0.0913,0.0913,0.42,53.3226,54.9701,5.2415,3.6955,3.0951,4.9797,5.6588,19322.0374,5616.0,5616.0,146847.4842,42681.6,,,3.395
600782,新钢股份,普钢,江西,19961225,600782.SH,20030812,7.56,7.77,7.5,7.68,7.55,0.13,1.72,867.38,663.004,0.1544,0.1544,0.66,53.8839,55.5487,5.2967,3.7344,3.1277,4.9278,5.5998,19322.0374,5616.0,5616.0,148393.2472,43130.88,,,3.395
600782,新钢股份,普钢,江西,19961225,600782.SH,20030811,7.55,7.55,7.41,7.55,7.6,-0.05,-0.66,1200.0,897.459,0.2137,0.2137,0.86,52.9718,54.6084,5.2071,3.6712,3.0747,5.0127,5.6962,19322.0374,5616.0,5616.0,145881.3824,42400.8,,,3.395
600782,新钢股份,普钢,江西,19961225,600782.SH,20030808,7.77,7.92,7.6,7.6,7.77,-0.17,-2.19,1027.01,790.821,0.1829,0.1829,0.76,53.3226,54.9701,5.2415,3.6955,3.0951,4.9797,5.6588,19322.0374,5616.0,5616.0,146847.4842,42681.6,,,3.395
600782,新钢股份,普钢,江西,19961225,600782.SH,20030807,7.8,7.88,7.71,7.77,7.84,-0.07,-0.89,1014.0,790.542,0.1806,0.1806,0.79,54.5153,56.1997,5.3588,3.7781,3.1643,4.8708,5.535,19322.0374,5616.0,5616.0,150132.2306,43636.32,,,3.395
600782,新钢股份,普钢,江西,19961225,600782.SH,20030806,7.65,7.99,7.65,7.84,7.7,0.14,1.82,2006.79,1571.412,0.3573,0.3573,1.91,55.0065,56.706,5.4071,3.8122,3.1928,4.8273,5.4855,19322.0374,5616.0,5616.0,151484.7732,44029.44,,,3.395
600782,新钢股份,普钢,江西,19961225,600782.SH,20030805,7.57,7.75,7.57,7.7,7.61,0.09,1.18,1349.63,1031.754,0.2403,0.2403,1.17,54.0242,55.6934,5.3105,3.7441,3.1358,4.915,5.5853,19322.0374,5616.0,5616.0,148779.688,43243.2,,,3.395
600782,新钢股份,普钢,江西,19961225,600782.SH,20030804,7.36,7.69,7.36,7.61,7.36,0.25,3.4,1606.6,1205.272,0.2861,0.2861,1.63,53.3928,55.0424,5.2484,3.7003,3.0992,4.9732,5.6513,19322.0374,5616.0,5616.0,147040.7046,42737.76,,,3.395
600782,新钢股份,普钢,江西,19961225,600782.SH,20030801,7.53,7.59,7.1,7.36,7.64,-0.28,-3.66,791.8,584.651,0.141,0.141,0.8,51.6387,53.2342,5.076,3.5788,2.9973,5.1421,5.8433,19322.0374,5616.0,5616.0,142210.1953,41333.76,,,3.395
600782,新钢股份,普钢,江西,19961225,600782.SH,20030731,7.53,7.68,7.5,7.64,7.53,0.11,1.46,636.0,483.519,0.1132,0.1132,0.62,53.6032,57.275,5.4215,3.7149,3.3873,4.9536,5.6291,19322.0374,5616.0,5616.0,147620.3657,42906.24,,,3.395
600782,新钢股份,普钢,江西,19961225,600782.SH,20030729,7.55,7.55,7.44,7.53,7.56,-0.03,-0.4,883.01,661.188,0.1572,0.1572,0.82,52.8315,56.4504,5.3434,3.6614,3.3386,5.026,5.7114,19322.0374,5616.0,5616.0,145494.9416,42288.48,,,3.395
600782,新钢股份,普钢,江西,19961225,600782.SH,20030728,7.66,7.76,7.38,7.56,7.66,-0.1,-1.31,1863.56,1394.603,0.3318,0.3318,1.57,53.0419,56.6753,5.3647,3.676,3.3519,5.0061,5.6887,19322.0374,5616.0,5616.0,146074.6027,42456.96,,,3.395
600782,新钢股份,普钢,江西,19961225,600782.SH,20030725,7.74,7.82,7.66,7.66,7.78,-0.12,-1.54,748.0,577.984,0.1332,0.1332,0.39,53.7436,57.4249,5.4357,3.7247,3.3962,4.9407,5.6144,19322.0374,5616.0,5616.0,148006.8065,43018.56,,,3.395
600782,新钢股份,普钢,江西,19961225,600782.SH,20030724,7.9,7.9,7.77,7.78,7.88,-0.1,-1.27,810.0,635.055,0.1442,0.1442,0.35,54.5855,58.3245,5.5208,3.783,3.4494,4.8645,5.5278,19322.0374,5616.0,5616.0,150325.451,43692.48,,,3.395
600782,新钢股份,普钢,江西,19961225,600782.SH,20030723,7.82,7.9,7.72,7.88,7.82,0.06,0.77,833.0,654.345,0.1483,0.1483,0.33,55.2871,59.0742,5.5918,3.8316,3.4937,4.8028,5.4577,19322.0374,5616.0,5616.0,152257.6547,44254.08,,,3.395
600782,新钢股份,普钢,江西,19961225,600782.SH,20030722,7.66,7.82,7.66,7.82,7.68,0.14,1.82,1149.04,891.836,0.2046,0.2046,0.46,54.8661,58.6244,5.5492,3.8025,3.4671,4.8396,5.4996,19322.0374,5616.0,5616.0,151098.3325,43917.12,,,3.395
600782,新钢股份,普钢,江西,19961225,600782.SH,20030721,8.0,8.02,7.64,7.68,8.01,-0.33,-4.12,2406.23,1879.132,0.4285,0.4285,1.1,53.8839,57.5749,5.4499,3.7344,3.4051,4.9278,5.5998,19322.0374,5616.0,5616.0,148393.2472,43130.88,,,3.395
600782,新钢股份,普钢,江西,19961225,600782.SH,20030718,8.37,8.37,7.91,8.01,8.37,-0.36,-4.3,4455.51,3615.902,0.7934,0.7934,2.96,56.1992,60.0488,5.684,3.8948,3.5514,4.7248,5.3691,19322.0374,5616.0,5616.0,154769.5196,44984.16,,,3.395
600782,新钢股份,普钢,江西,19961225,600782.SH,20030717,8.49,8.56,8.3,8.37,8.49,-0.12,-1.41,2613.19,2200.484,0.4653,0.4653,2.14,58.725,62.7476,5.9395,4.0699,3.711,4.5216,5.1382,19322.0374,5616.0,5616.0,161725.453,47005.92,,,3.395
600782,新钢股份,普钢,江西,19961225,600782.SH,20030716,8.6,8.6,8.45,8.49,8.57,-0.08,-0.93,1967.35,1670.197,0.3503,0.3503,2.01,59.567,63.6472,6.0247,4.1282,3.7642,4.4577,5.0656,19322.0374,5616.0,5616.0,164044.0975,47679.84,,,3.395
600782,新钢股份,普钢,江西,19961225,600782.SH,20030715,8.5,8.72,8.5,8.57,8.67,-0.1,-1.15,1023.15,883.115,0.1822,0.1822,1.05,60.1282,64.2469,6.0814,4.1671,3.7997,4.4161,5.0183,19322.0374,5616.0,5616.0,165589.8605,48129.12,,,3.395
600782,新钢股份,普钢,江西,19961225,600782.SH,20030714,8.77,8.82,8.67,8.67,8.77,-0.1,-1.14,926.0,809.954,0.1649,0.1649,1.06,60.8299,64.9966,6.1524,4.2158,3.844,4.3652,4.9604,19322.0374,5616.0,5616.0,167522.0643,48690.72,,,3.395
600782,新钢股份,普钢,江西,19961225,600782.SH,20030711,8.74,8.8,8.72,8.77,8.75,0.02,0.23,992.0,869.292,0.1766,0.1766,0.97,61.5315,65.7463,6.2233,4.2644,3.8883,4.3154,4.9038,19322.0374,5616.0,5616.0,169454.268,49252.32,,,3.395
600782,新钢股份,普钢,江西,19961225,600782.SH,20030710,8.66,8.77,8.63,8.75,8.72,0.03,0.34,1201.64,1048.182,0.214,0.214,0.69,61.3911,65.5964,6.2092,4.2547,3.8795,4.3252,4.915,19322.0374,5616.0,5616.0,169067.8273,49140.0,,,3.395
600782,新钢股份,普钢,江西,19961225,600782.SH,20030709,8.77,8.83,8.66,8.72,8.72,0.0,0.0,748.9,654.356,0.1334,0.1334,0.39,61.1807,65.3715,6.1879,4.2401,3.8662,4.3401,4.932,19322.0374,5616.0,5616.0,168488.1661,48971.52,,,3.395
600782,新钢股份,普钢,江西,19961225,600782.SH,20030708,8.65,8.72,8.61,8.72,8.7,0.02,0.23,1000.92,868.419,0.1782,0.1782,0.48,61.1807,65.3715,6.1879,4.2401,3.8662,4.3401,4.932,19322.0374,5616.0,5616.0,168488.1661,48971.52,,,3.395
600782,新钢股份,普钢,江西,19961225,600782.SH,20030707,8.79,8.79,8.65,8.7,8.8,-0.1,-1.14,421.94,366.426,0.0751,0.0751,0.19,61.0403,65.2215,6.1737,4.2304,3.8573,4.3501,4.9433,19322.0374,5616.0,5616.0,168101.7254,48859.2,,,3.395
600782,新钢股份,普钢,江西,19961225,600782.SH,20030704,8.71,8.91,8.63,8.8,8.78,0.02,0.23,1742.69,1529.306,0.3103,0.3103,0.79,61.742,65.9712,6.2446,4.279,3.9016,4.3007,4.8871,19322.0374,5616.0,5616.0,170033.9291,49420.8,,,3.395
600782,新钢股份,普钢,江西,19961225,600782.SH,20030703,8.58,8.86,8.58,8.78,8.58,0.2,2.33,4812.95,4212.817,0.857,0.857,2.19,61.6016,65.8213,6.2304,4.2693,3.8928,4.3105,4.8983,19322.0374,5616.0,5616.0,169647.4884,49308.48,,,3.395
600782,新钢股份,普钢,江西,19961225,600782.SH,20030702,8.58,8.6,8.45,8.58,8.55,0.03,0.35,1626.99,1384.035,0.2897,0.2897,0.7,60.1984,64.3219,6.0885,4.172,3.8041,4.4109,5.0124,19322.0374,5616.0,5616.0,165783.0809,48185.28,,,3.395
600782,新钢股份,普钢,江西,19961225,600782.SH,20030701,8.68,8.78,8.55,8.55,8.68,-0.13,-1.5,1765.0,1524.638,0.3143,0.3143,0.57,59.9879,64.097,6.0672,4.1574,3.7908,4.4264,5.03,19322.0374,5616.0,5616.0,165203.4198,48016.8,,,3.395
600782,新钢股份,普钢,江西,19961225,600782.SH,20030630,8.85,8.85,8.61,8.68,8.85,-0.17,-1.92,1182.0,1030.285,0.2105,0.2105,0.35,60.9,65.0716,6.1595,4.2206,3.8484,4.3601,4.9547,19322.0374,5616.0,5616.0,167715.2846,48746.88,,,3.395
600782,新钢股份,普钢,江西,19961225,600782.SH,20030627,8.93,8.93,8.82,8.85,8.92,-0.07,-0.78,1603.8,1419.746,0.2856,0.2856,0.5,62.0928,66.346,6.2801,4.3033,3.9238,4.2764,4.8595,19322.0374,5616.0,5616.0,171000.031,49701.6,,,3.395
600782,新钢股份,普钢,江西,19961225,600782.SH,20030626,8.8,8.98,8.62,8.92,8.79,0.13,1.48,4794.85,4225.108,0.8538,0.8538,1.82,62.5839,66.8708,6.3298,4.3373,3.9549,4.2428,4.8214,19322.0374,5616.0,5616.0,172352.5736,50094.72,,,3.395
600782,新钢股份,普钢,江西,19961225,600782.SH,20030625,8.9,8.92,8.75,8.79,9.0,-0.21,-2.33,2262.45,1991.019,0.4029,0.4029,0.92,61.6718,65.8962,6.2375,4.2741,3.8972,4.3056,4.8927,19322.0374,5616.0,5616.0,169840.7087,49364.64,,,3.395
600782,新钢股份,普钢,江西,19961225,600782.SH,20030624,8.87,9.35,8.87,9.0,8.72,0.28,3.21,5617.0,5111.767,1.0002,1.0002,3.32,63.1452,67.4705,6.3866,4.3762,3.9903,4.2051,4.7785,19322.0374,5616.0,5616.0,173898.3366,50544.0,,,3.395
600782,新钢股份,普钢,江西,19961225,600782.SH,20030623,8.92,8.97,8.7,8.72,8.98,-0.26,-2.9,2400.8,2108.105,0.4275,0.4275,1.3,61.1807,65.3715,6.1879,4.2401,3.8662,4.3401,4.932,19322.0374,5616.0,5616.0,168488.1661,48971.52,,,3.395
600782,新钢股份,普钢,江西,19961225,600782.SH,20030620,8.98,9.06,8.9,8.98,8.99,-0.01,-0.11,1086.0,977.768,0.1934,0.1934,0.33,63.0049,67.3206,6.3724,4.3665,3.9815,4.2145,4.7892,19322.0374,5616.0,5616.0,173511.8959,50431.68,,,3.395
600782,新钢股份,普钢,江西,19961225,600782.SH,20030619,9.35,9.35,8.91,8.99,9.23,-0.24,-2.6,1783.2,1610.812,0.3175,0.3175,0.56,63.075,67.3956,6.3795,4.3714,3.9859,4.2098,4.7838,19322.0374,5616.0,5616.0,173705.1162,50487.84,,,3.395
600782,新钢股份,普钢,江西,19961225,600782.SH,20030618,9.25,9.36,9.2,9.23,9.31,-0.08,-0.86,1461.52,1352.193,0.2602,0.2602,0.47,64.7589,69.1948,6.5498,4.4881,4.0923,4.1003,4.6594,19322.0374,5616.0,5616.0,178342.4052,51835.68,,,3.395
600782,新钢股份,普钢,江西,19961225,600782.SH,20030617,9.44,9.44,9.27,9.31,9.48,-0.17,-1.79,1723.1,1607.002,0.3068,0.3068,0.59,65.3202,69.7945,6.6065,4.527,4.1278,4.0651,4.6194,19322.0374,5616.0,5616.0,179888.1682,52284.96,,,3.395
600782,新钢股份,普钢,江西,19961225,600782.SH,20030616,9.5,9.51,9.31,9.48,9.48,0.0,0.0,3188.99,2995.891,0.5678,0.5678,1.21,66.5129,71.069,6.7272,4.6096,4.2031,3.9922,4.5366,19322.0374,5616.0,5616.0,183172.9146,53239.68,,,3.395
600782,新钢股份,普钢,江西,19961225,600782.SH,20030613,9.05,9.5,9.01,9.48,9.07,0.41,4.52,8106.43,7624.927,1.4435,1.4435,6.49,66.5129,71.069,6.7272,4.6096,4.2031,3.9922,4.5366,19322.0374,5616.0,5616.0,183172.9146,53239.68,,,3.395
600782,新钢股份,普钢,江西,19961225,600782.SH,20030612,9.15,9.18,9.06,9.07,9.15,-0.08,-0.87,1436.04,1305.91,0.2557,0.2557,1.17,63.6363,67.9953,6.4362,4.4103,4.0214,4.1726,4.7416,19322.0374,5616.0,5616.0,175250.8792,50937.12,,,3.395
600782,新钢股份,普钢,江西,19961225,600782.SH,20030611,9.0,9.17,8.97,9.15,8.96,0.19,2.12,1248.71,1132.041,0.2223,0.2223,0.92,64.1976,68.5951,6.493,4.4492,4.0568,4.1362,4.7002,19322.0374,5616.0,5616.0,176796.6422,51386.4,,,3.395
600782,新钢股份,普钢,江西,19961225,600782.SH,20030610,8.9,9.0,8.85,8.96,8.93,0.03,0.34,616.81,552.642,0.1098,0.1098,0.34,62.8645,67.1707,6.3582,4.3568,3.9726,4.2239,4.7999,19322.0374,5616.0,5616.0,173125.4551,50319.36,,,3.395
600782,新钢股份,普钢,江西,19961225,600782.SH,20030609,9.0,9.0,8.77,8.93,9.01,-0.08,-0.89,1807.02,1601.179,0.3218,0.3218,0.9,62.654,66.9458,6.3369,4.3422,3.9593,4.2381,9.054,19322.0374,5616.0,5616.0,172545.794,50150.88,,,3.395
600782,新钢股份,普钢,江西,19961225,600782.SH,20030606,9.1,9.29,9.01,9.01,9.11,-0.1,-1.1,1134.63,1029.732,0.202,0.202,0.51,63.2153,67.5455,6.3937,4.3811,3.9948,4.2004,8.9736,19322.0374,5616.0,5616.0,174091.557,50600.16,,,3.395
600782,新钢股份,普钢,江西,19961225,600782.SH,20030605,9.26,9.26,9.1,9.11,9.18,-0.07,-0.76,1350.0,1232.313,0.2404,0.2404,0.59,63.917,68.2952,6.4646,4.4297,4.0391,4.1543,8.8751,19322.0374,5616.0,5616.0,176023.7607,51161.76,,,3.395
600782,新钢股份,普钢,江西,19961225,600782.SH,20030604,9.3,9.33,9.08,9.18,9.33,-0.15,-1.61,1844.32,1697.03,0.3284,0.3284,0.68,64.4081,68.82,6.5143,4.4638,4.0701,4.1226,8.8075,19322.0374,5616.0,5616.0,177376.3033,51554.88,,,3.395
600782,新钢股份,普钢,江西,19961225,600782.SH,20030603,9.46,9.55,9.3,9.33,9.43,-0.1,-1.06,3030.4,2861.646,0.5396,0.5396,1.17,65.4605,69.9445,6.6207,4.5367,4.1366,4.0564,8.6659,19322.0374,5616.0,5616.0,180274.6089,52397.28,,,3.395
600782,新钢股份,普钢,江西,19961225,600782.SH,20030602,9.34,9.43,9.3,9.43,9.35,0.08,0.86,2652.9,2479.623,0.4724,0.4724,1.07,66.1621,70.6941,6.6917,4.5853,4.181,4.0133,8.574,19322.0374,5616.0,5616.0,182206.8127,52958.88,,,3.395
600782,新钢股份,普钢,江西,19961225,600782.SH,20030530,9.37,9.37,9.28,9.35,9.38,-0.03,-0.32,2205.39,2057.206,0.3927,0.3927,0.86,65.6008,70.0944,6.6349,4.5464,4.1455,4.0477,8.6473,19322.0374,5616.0,5616.0,180661.0497,52509.6,,,3.395
600782,新钢股份,普钢,江西,19961225,600782.SH,20030529,9.45,9.45,9.21,9.38,9.36,0.02,0.21,1658.11,1542.772,0.2952,0.2952,0.56,65.8113,70.3193,6.6562,4.561,4.1588,4.0347,8.6197,19322.0374,5616.0,5616.0,181240.7108,52678.08,,,3.395
600782,新钢股份,普钢,江西,19961225,600782.SH,20030528,9.24,9.55,9.2,9.48,9.29,0.19,2.05,3951.78,3721.327,0.7037,0.7037,1.61,66.5129,71.069,6.7272,4.6096,4.2031,3.9922,3.9922,19322.0374,5616.0,5616.0,183172.9146,53239.68,,,3.395
600782,新钢股份,普钢,江西,19961225,600782.SH,20030527,9.28,9.3,9.1,9.29,9.27,0.02,0.22,2428.42,2238.206,0.4324,0.4324,0.89,65.1799,69.6446,6.5923,4.5172,4.1189,4.0738,4.0738,19322.0374,5616.0,5616.0,179501.7274,52172.64,,,3.395
600782,新钢股份,普钢,江西,19961225,600782.SH,20030526,9.22,9.36,9.22,9.27,9.39,-0.12,-1.28,2095.51,1945.096,0.3731,0.3731,0.7,65.0395,69.4947,6.5782,4.5075,4.11,4.0826,4.0826,19322.0374,5616.0,5616.0,179115.2867,52060.32,,,3.395
600782,新钢股份,普钢,江西,19961225,600782.SH,20030523,9.33,9.4,9.18,9.39,9.33,0.06,0.64,2675.54,2486.629,0.4764,0.4764,0.9,65.8815,70.3943,6.6633,4.5659,4.1632,4.0304,4.0304,19322.0374,5616.0,5616.0,181433.9312,52734.24,,,3.395
600782,新钢股份,普钢,江西,19961225,600782.SH,20030522,9.01,9.48,9.01,9.33,9.05,0.28,3.09,3648.9,3397.762,0.6497,0.6497,1.25,65.4605,69.9445,6.6207,4.5367,4.1366,4.0564,4.0564,19322.0374,5616.0,5616.0,180274.6089,52397.28,,,3.395
600782,新钢股份,普钢,江西,19961225,600782.SH,20030521,8.92,9.12,8.92,9.05,9.03,0.02,0.22,1387.51,1255.381,0.2471,0.2471,0.43,63.496,67.8454,6.422,4.4005,4.0125,4.1819,4.1819,19322.0374,5616.0,5616.0,174864.4385,50824.8,,,3.395
600782,新钢股份,普钢,江西,19961225,600782.SH,20030520,9.15,9.18,8.9,9.03,9.2,-0.17,-1.85,3895.42,3510.842,0.6936,0.6936,1.18,63.3557,67.6954,6.4078,4.3908,4.0036,4.1911,4.1911,19322.0374,5616.0,5616.0,174477.9977,50712.48,,,3.395
600782,新钢股份,普钢,江西,19961225,600782.SH,20030519,9.1,9.2,8.86,9.2,9.15,0.05,0.55,3371.88,3050.463,0.6004,0.6004,0.85,64.5484,68.9699,6.5285,4.4735,4.079,4.1137,4.1137,19322.0374,5616.0,5616.0,177762.7441,51667.2,,,3.395
600782,新钢股份,普钢,江西,19961225,600782.SH,20030516,9.22,9.25,9.05,9.15,9.22,-0.07,-0.76,2480.49,2266.963,0.4417,0.4417,0.41,64.1976,68.5951,6.493,4.4492,4.0568,4.1362,4.1362,19322.0374,5616.0,5616.0,176796.6422,51386.4,,,3.395
600782,新钢股份,普钢,江西,19961225,600782.SH,20030515,9.11,9.22,8.92,9.22,9.07,0.15,1.65,3496.79,3191.007,0.6226,0.6226,0.58,64.6887,69.1198,6.5427,4.4832,4.0879,4.1048,4.1048,19322.0374,5616.0,5616.0,178149.1848,51779.52,,,3.395
600782,新钢股份,普钢,江西,19961225,600782.SH,20030514,8.79,9.1,8.78,9.07,8.8,0.27,3.07,2964.59,2668.335,0.5279,0.5279,0.48,63.6363,67.9953,6.4362,4.4103,4.0214,4.1726,4.1726,19322.0374,5616.0,5616.0,175250.8792,50937.12,,,3.395
600782,新钢股份,普钢,江西,19961225,600782.SH,20030513,8.84,8.93,8.61,8.8,8.97,-0.17,-1.9,4227.61,3688.633,0.7528,0.7528,0.68,61.742,65.9712,6.2446,4.279,3.9016,4.3007,4.3007,19322.0374,5616.0,5616.0,170033.9291,49420.8,,,3.395
600782,新钢股份,普钢,江西,19961225,600782.SH,20030512,9.17,9.17,8.45,8.97,9.29,-0.32,-3.44,6621.86,5738.648,1.1791,1.1791,1.12,62.9347,67.2456,6.3653,4.3616,3.977,4.2192,4.2192,19322.0374,5616.0,5616.0,173318.6755,50375.52,,,3.395
600782,新钢股份,普钢,江西,19961225,600782.SH,20030430,10.23,10.35,9.23,9.29,10.25,-0.96,-9.37,12937.1,12152.326,2.3036,2.3036,3.12,65.1799,69.6446,6.5923,4.5172,4.1189,4.0738,4.0738,19322.0374,5616.0,5616.0,179501.7274,52172.64,,,3.395
600782,新钢股份,普钢,江西,19961225,600782.SH,20030429,10.4,10.47,10.22,10.25,10.45,-0.2,-1.91,3650.2,3767.168,0.65,0.65,0.97,71.9153,76.8415,7.2736,4.984,4.5445,3.6923,3.6923,19322.0374,5616.0,5616.0,198050.8834,57564.0,,,3.395
600782,新钢股份,普钢,江西,19961225,600782.SH,20030428,10.25,10.5,10.1,10.45,10.21,0.24,2.35,3648.91,3756.1,0.6497,0.6497,0.92,73.3186,78.3408,7.4155,5.0813,4.6332,3.6216,3.6216,19322.0374,5616.0,5616.0,201915.2908,58687.2,,,3.395
600782,新钢股份,普钢,江西,19961225,600782.SH,20030425,10.14,10.4,10.1,10.21,10.14,0.07,0.69,4251.28,4354.118,0.757,0.757,0.9,71.6347,76.5416,7.2452,4.9646,4.5268,3.7067,3.7067,19322.0374,5616.0,5616.0,197278.0019,57339.36,,,3.395
600782,新钢股份,普钢,江西,19961225,600782.SH,20030424,10.48,10.48,10.1,10.14,10.5,-0.36,-3.43,5081.18,5211.204,0.9048,0.9048,0.67,71.1436,76.0168,7.1955,4.9305,4.4958,3.7323,3.7323,19322.0374,5616.0,5616.0,195925.4592,56946.24,,,3.395
600782,新钢股份,普钢,江西,19961225,600782.SH,20030423,10.4,10.75,10.4,10.5,10.81,-0.31,-2.87,4087.5,4291.796,0.7278,0.7278,0.36,73.6694,78.7156,7.451,5.1056,4.6554,3.6044,3.6044,19322.0374,5616.0,5616.0,202881.3927,58968.0,,,3.395
600782,新钢股份,普钢,江西,19961225,600782.SH,20030422,10.88,10.9,10.75,10.81,10.84,-0.03,-0.28,1831.91,1979.079,0.3262,0.3262,0.12,75.8444,75.8444,7.7411,5.2563,5.2563,3.501,3.501,19322.0374,5616.0,5616.0,208871.2243,60708.96,,,3.395
600782,新钢股份,普钢,江西,19961225,600782.SH,20030421,11.08,11.08,10.7,10.84,11.11,-0.27,-2.43,4601.21,4986.597,0.8193,0.8193,0.24,76.0549,76.0549,7.7625,5.2709,5.2709,3.4913,3.4913,19322.0374,5616.0,5616.0,209450.8854,60877.44,,,3.395
600782,新钢股份,普钢,江西,19961225,600782.SH,20030418,11.27,11.35,11.08,11.11,11.26,-0.15,-1.33,8129.42,9066.967,1.4475,1.4475,0.42,77.9492,77.9492,7.9559,5.4022,5.4022,3.4065,3.4065,19322.0374,5616.0,5616.0,214667.8355,62393.76,,,3.395
600782,新钢股份,普钢,江西,19961225,600782.SH,20030417,11.68,11.7,11.25,11.26,11.51,-0.25,-2.17,19158.7,21886.024,3.4114,3.4114,1.07,79.0016,79.0016,8.0633,5.4751,5.4751,3.3611,3.3611,19322.0374,5616.0,5616.0,217566.1411,63236.16,,,3.395
600782,新钢股份,普钢,江西,19961225,600782.SH,20030416,11.5,11.65,11.25,11.51,11.51,0.0,0.0,22588.56,25893.408,4.0222,4.0222,1.51,80.7557,80.7557,8.2423,5.5967,5.5967,3.2881,3.2881,19322.0374,5616.0,5616.0,222396.6505,64640.16,,,3.395
600782,新钢股份,普钢,江西,19961225,600782.SH,20030415,11.2,11.55,10.96,11.51,11.12,0.39,3.51,23196.62,26116.199,4.1305,4.1305,1.93,80.7557,80.7557,8.2423,5.5967,5.5967,3.2881,3.2881,19322.0374,5616.0,5616.0,222396.6505,64640.16,,,3.395
600782,新钢股份,普钢,江西,19961225,600782.SH,20030414,10.5,11.15,10.33,11.12,10.54,0.58,5.5,22541.39,24302.895,4.0138,4.0138,2.47,78.0194,78.0194,7.963,5.4071,5.4071,3.4034,3.4034,19322.0374,5616.0,5616.0,214861.0559,62449.92,,,3.395
600782,新钢股份,普钢,江西,19961225,600782.SH,20030411,10.85,10.97,10.4,10.54,10.75,-0.21,-1.95,9861.9,10405.629,1.756,1.756,1.07,73.95,73.95,7.5477,5.125,5.125,3.5907,3.5907,19322.0374,5616.0,5616.0,203654.2742,59192.64,,,3.395
600782,新钢股份,普钢,江西,19961225,600782.SH,20030410,10.72,10.89,10.56,10.75,10.72,0.03,0.28,11641.79,12425.429,2.073,2.073,1.44,75.4234,75.4234,7.6981,5.2272,5.2272,3.5205,3.5205,19322.0374,5616.0,5616.0,207711.9021,60372.0,,,3.395
600782,新钢股份,普钢,江西,19961225,600782.SH,20030409,10.54,10.83,10.5,10.72,10.62,0.1,0.94,7643.18,8132.338,1.361,1.361,1.06,75.2129,75.2129,7.6766,5.2126,5.2126,3.5304,3.5304,19322.0374,5616.0,5616.0,207132.2409,60203.52,,,3.395
600782,新钢股份,普钢,江西,19961225,600782.SH,20030408,10.81,10.85,10.5,10.62,10.8,-0.18,-1.67,8439.32,8966.9,1.5027,1.5027,1.1,74.5113,74.5113,7.605,5.1639,5.1639,3.5636,3.5636,19322.0374,5616.0,5616.0,205200.0372,59641.92,,,3.395
600782,新钢股份,普钢,江西,19961225,600782.SH,20030407,11.1,11.18,10.76,10.8,11.16,-0.36,-3.23,7993.3,8691.881,1.4233,1.4233,0.97,75.7742,75.7742,7.7339,5.2515,5.2515,3.5042,3.5042,19322.0374,5616.0,5616.0,208678.0039,60652.8,,,3.395
600782,新钢股份,普钢,江西,19961225,600782.SH,20030404,11.4,11.41,11.05,11.16,11.47,-0.31,-2.7,10554.61,11773.115,1.8794,1.8794,0.67,78.3,78.3,7.9917,5.4265,5.4265,3.3912,3.3912,19322.0374,5616.0,5616.0,215633.9374,62674.56,,,3.395
600782,新钢股份,普钢,江西,19961225,600782.SH,20030403,11.49,11.59,11.35,11.47,11.43,0.04,0.35,5676.14,6520.171,1.0107,1.0107,0.32,80.475,80.475,8.2137,5.5773,5.5773,3.2996,3.2996,19322.0374,5616.0,5616.0,221623.769,64415.52,,,3.395
600782,新钢股份,普钢,江西,19961225,600782.SH,20030402,11.35,11.58,11.28,11.43,11.38,0.05,0.44,3553.39,4046.847,0.6327,0.6327,0.18,80.1944,80.1944,8.185,5.5578,5.5578,3.3111,3.3111,19322.0374,5616.0,5616.0,220850.8875,64190.88,,,3.395
600782,新钢股份,普钢,江西,19961225,600782.SH,20030401,11.59,11.69,11.28,11.38,11.57,-0.19,-1.64,10603.98,12099.253,1.8882,1.8882,0.53,79.8436,79.8436,8.1492,5.5335,5.5335,3.3256,3.3256,19322.0374,5616.0,5616.0,219884.7856,63910.08,,,3.395
600782,新钢股份,普钢,江西,19961225,600782.SH,20030331,11.45,11.62,11.34,11.57,11.52,0.05,0.43,10772.7,12375.631,1.9182,1.9182,0.46,81.1766,81.1766,8.2853,5.6259,5.6259,3.271,3.271,19322.0374,5616.0,5616.0,223555.9727,64977.12,,,3.395
600782,新钢股份,普钢,江西,19961225,600782.SH,20030328,11.78,11.95,11.45,11.52,11.34,0.18,1.59,48197.27,56327.884,8.5821,8.5821,3.09,80.8258,80.8258,8.2495,5.6016,5.6016,3.2852,3.2852,19322.0374,5616.0,5616.0,222589.8708,64696.32,,,3.395
600782,新钢股份,普钢,江西,19961225,600782.SH,20030327,10.4,11.34,10.4,11.34,10.31,1.03,9.99,15433.49,17194.216,2.7481,2.7481,1.07,79.5629,79.5629,8.1206,5.514,5.514,3.3374,3.3374,19322.0374,5616.0,5616.0,219111.9041,63685.44,,,3.395
600782,新钢股份,普钢,江西,19961225,600782.SH,20030325,10.66,10.66,10.25,10.31,10.66,-0.35,-3.28,13293.7,13764.99,2.3671,2.3671,1.02,72.3363,72.3363,7.383,5.0132,5.0132,3.6708,3.6708,19322.0374,5616.0,5616.0,199210.2056,57900.96,,,3.395
600782,新钢股份,普钢,江西,19961225,600782.SH,20030324,10.85,10.89,10.62,10.66,10.87,-0.21,-1.93,12424.3,13338.762,2.2123,2.2123,1.08,74.792,74.792,7.6336,5.1834,5.1834,3.5503,3.5503,19322.0374,5616.0,5616.0,205972.9187,59866.56,,,3.395
600782,新钢股份,普钢,江西,19961225,600782.SH,20030321,10.15,11.0,10.15,10.87,10.17,0.7,6.88,26986.54,28868.136,4.8053,4.8053,4.08,76.2653,76.2653,7.784,5.2855,5.2855,3.4817,3.4817,19322.0374,5616.0,5616.0,210030.5465,61045.92,,,3.395
600782,新钢股份,普钢,江西,19961225,600782.SH,20030320,10.48,10.55,10.1,10.17,10.49,-0.32,-3.05,9956.14,10203.16,1.7728,1.7728,1.81,71.3541,71.3541,7.2827,4.9451,4.9451,3.7213,3.7213,19322.0374,5616.0,5616.0,196505.1204,57114.72,,,3.395
600782,新钢股份,普钢,江西,19961225,600782.SH,20030319,10.83,10.83,10.36,10.49,10.84,-0.35,-3.23,9725.73,10215.808,1.7318,1.7318,1.92,73.5992,73.5992,7.5119,5.1007,5.1007,3.6078,3.6078,19322.0374,5616.0,5616.0,202688.1723,58911.84,,,3.395
600782,新钢股份,普钢,江西,19961225,600782.SH,20030318,11.25,11.35,10.8,10.84,11.21,-0.37,-3.3,6059.85,6738.148,1.079,1.079,1.22,76.0549,76.0549,7.7625,5.2709,5.2709,3.4913,3.4913,19322.0374,5616.0,5616.0,209450.8854,60877.44,,,3.395
600782,新钢股份,普钢,江西,19961225,600782.SH,20030317,11.1,11.36,11.05,11.21,11.1,0.11,0.99,4728.1,5282.735,0.8419,0.8419,0.95,78.6508,78.6508,8.0275,5.4508,5.4508,3.3761,3.3761,19322.0374,5616.0,5616.0,216600.0393,62955.36,,,3.395
600782,新钢股份,普钢,江西,19961225,600782.SH,20030314,11.0,11.23,10.99,11.1,11.04,0.06,0.54,2635.4,2928.999,0.4693,0.4693,0.4,77.8791,77.8791,7.9487,5.3973,5.3973,3.4095,3.4095,19322.0374,5616.0,5616.0,214474.6151,62337.6,,,3.395
600782,新钢股份,普钢,江西,19961225,600782.SH,20030313,11.25,11.29,11.03,11.04,11.22,-0.18,-1.6,4375.5,4862.46,0.7791,0.7791,0.62,77.4581,77.4581,7.9058,5.3682,5.3682,3.4281,3.4281,19322.0374,5616.0,5616.0,213315.2929,62000.64,,,3.395
600782,新钢股份,普钢,江西,19961225,600782.SH,20030312,11.4,11.54,11.06,11.22,11.43,-0.21,-1.84,7551.51,8449.363,1.3446,1.3446,1.24,78.721,78.721,8.0347,5.4557,5.4557,3.3731,3.3731,19322.0374,5616.0,5616.0,216793.2596,63011.52,,,3.395
600782,新钢股份,普钢,江西,19961225,600782.SH,20030311,11.35,11.5,11.35,11.43,11.33,0.1,0.88,5630.71,6424.26,1.0026,1.0026,0.86,80.1944,80.1944,8.185,5.5578,5.5578,3.3111,3.3111,19322.0374,5616.0,5616.0,220850.8875,64190.88,,,3.395
600782,新钢股份,普钢,江西,19961225,600782.SH,20030310,11.63,11.7,11.31,11.33,11.7,-0.37,-3.16,4788.42,5503.652,0.8526,0.8526,0.71,79.4928,79.4928,8.1134,5.5092,5.5092,3.3403,3.3403,19322.0374,5616.0,5616.0,218918.6837,63629.28,,,3.395
600782,新钢股份,普钢,江西,19961225,600782.SH,20030307,11.98,11.98,11.5,11.7,11.99,-0.29,-2.42,10607.74,12305.683,1.8888,1.8888,1.96,82.0887,82.0887,8.3784,5.6891,5.6891,3.2347,3.2347,19322.0374,5616.0,5616.0,226067.8376,65707.2,,,3.395
600782,新钢股份,普钢,江西,19961225,600782.SH,20030306,12.39,12.44,11.98,11.99,12.42,-0.43,-3.46,6900.58,8386.232,1.2287,1.2287,1.31,84.1234,84.1234,8.586,5.8301,5.8301,3.1565,3.1565,19322.0374,5616.0,5616.0,231671.2284,67335.84,,,3.395
600782,新钢股份,普钢,江西,19961225,600782.SH,20030305,12.5,12.51,12.35,12.42,12.54,-0.12,-0.96,2503.35,3100.733,0.4458,0.4458,0.37,87.1403,87.1403,8.894,6.0392,6.0392,3.0472,3.0472,19322.0374,5616.0,5616.0,239979.7045,69750.72,,,3.395
600782,新钢股份,普钢,江西,19961225,600782.SH,20030304,12.41,12.54,12.3,12.54,12.34,0.2,1.62,7783.72,9615.57,1.386,1.386,1.29,87.9823,87.9823,8.9799,6.0975,6.0975,3.018,3.018,19322.0374,5616.0,5616.0,242298.349,70424.64,,,3.395
600782,新钢股份,普钢,江西,19961225,600782.SH,20030303,12.42,12.59,12.33,12.34,12.4,-0.06,-0.48,5763.0,7135.497,1.0262,1.0262,1.02,86.5791,86.5791,8.8367,6.0003,6.0003,3.0669,3.0669,19322.0374,5616.0,5616.0,238433.9415,69301.44,,,3.395
600782,新钢股份,普钢,江西,19961225,600782.SH,20030228,12.57,12.7,12.37,12.4,12.6,-0.2,-1.59,4173.22,5197.095,0.7431,0.7431,0.81,87.0,87.0,8.8797,6.0295,6.0295,3.0521,3.0521,19322.0374,5616.0,5616.0,239593.2638,69638.4,,,3.395
600782,新钢股份,普钢,江西,19961225,600782.SH,20030227,12.89,12.89,12.5,12.6,12.83,-0.23,-1.79,6177.84,7809.34,1.1,1.1,1.47,88.4032,88.4032,9.0229,6.1267,6.1267,3.0036,3.0036,19322.0374,5616.0,5616.0,243457.6712,70761.6,,,3.395
600782,新钢股份,普钢,江西,19961225,600782.SH,20030226,12.5,13.42,12.45,12.83,12.4,0.43,3.47,10327.87,13393.942,1.839,1.839,4.3,90.017,90.017,9.1876,6.2386,6.2386,2.9498,2.9498,19322.0374,5616.0,5616.0,247901.7398,72053.28,,,3.395
600782,新钢股份,普钢,江西,19961225,600782.SH,20030225,12.31,12.46,12.28,12.4,12.29,0.11,0.9,3800.17,4700.184,0.6767,0.6767,1.69,87.0,87.0,8.8797,6.0295,6.0295,3.0521,3.0521,19322.0374,5616.0,5616.0,239593.2638,69638.4,,,3.395
600782,新钢股份,普钢,江西,19961225,600782.SH,20030224,12.45,12.59,12.28,12.29,12.48,-0.19,-1.52,3807.0,4702.684,0.6779,0.6779,2.07,86.2282,86.2282,8.8009,5.976,5.976,3.0794,3.0794,19322.0374,5616.0,5616.0,237467.8396,69020.64,,,3.395
600782,新钢股份,普钢,江西,19961225,600782.SH,20030221,12.95,13.02,12.4,12.48,12.93,-0.45,-3.48,1681.46,2123.633,0.2994,0.2994,0.93,87.5613,87.5613,8.9369,6.0684,6.0684,3.0325,3.0325,19322.0374,5616.0,5616.0,241139.0268,70087.68,,,3.395
600782,新钢股份,普钢,江西,19961225,600782.SH,20030220,12.95,13.1,12.91,12.93,12.93,0.0,0.0,1409.25,1832.473,0.2509,0.2509,0.63,90.7186,90.7186,9.2592,6.2872,6.2872,2.927,2.927,19322.0374,5616.0,5616.0,249833.9436,72614.88,,,3.395
600782,新钢股份,普钢,江西,19961225,600782.SH,20030219,12.77,12.95,12.77,12.93,12.77,0.16,1.25,1303.77,1679.154,0.2322,0.2322,0.6,94.4878,92.2944,8.7867,8.5304,7.6118,2.927,2.927,19322.0374,5616.0,5616.0,249833.9436,72614.88,,,3.395
600782,新钢股份,普钢,江西,19961225,600782.SH,20030218,13.1,13.15,12.73,12.77,13.15,-0.38,-2.89,3064.18,3941.148,0.5456,0.5456,1.8,93.3186,91.1523,8.678,8.4249,7.5176,2.9637,2.9637,19322.0374,5616.0,5616.0,246742.4176,71716.32,,,3.395
600782,新钢股份,普钢,江西,19961225,600782.SH,20030217,13.62,13.62,13.1,13.15,13.63,-0.48,-3.52,1742.0,2335.117,0.3102,0.3102,1.12,96.0955,93.8648,8.9362,8.6756,7.7413,2.878,2.878,19322.0374,5616.0,5616.0,254084.7918,73850.4,,,3.395
600782,新钢股份,普钢,江西,19961225,600782.SH,20030214,13.6,13.73,13.6,13.63,13.6,0.03,0.22,1529.0,2089.868,0.2723,0.2723,0.99,99.6031,97.291,9.2624,8.9923,8.0238,2.7767,2.7767,19322.0374,5616.0,5616.0,263359.3698,76546.08,,,3.395
600782,新钢股份,普钢,江西,19961225,600782.SH,20030213,13.53,13.74,13.5,13.6,13.51,0.09,0.67,3484.24,4747.833,0.6204,0.6204,2.64,99.3839,97.0769,9.242,8.9725,8.0062,2.7828,2.7828,19322.0374,5616.0,5616.0,262779.7086,76377.6,,,3.395
600782,新钢股份,普钢,江西,19961225,600782.SH,20030212,13.55,13.55,13.41,13.51,13.55,-0.04,-0.3,969.52,1305.529,0.1726,0.1726,0.64,98.7262,96.4345,9.1809,8.9131,7.9532,2.8013,2.8013,19322.0374,5616.0,5616.0,261040.7253,75872.16,,,3.395
600782,新钢股份,普钢,江西,19961225,600782.SH,20030211,13.5,13.56,13.48,13.55,13.54,0.01,0.07,795.0,1075.486,0.1416,0.1416,0.45,99.0185,96.72,9.208,8.9395,7.9767,2.7931,2.7931,19322.0374,5616.0,5616.0,261813.6068,76096.8,,,3.395
600782,新钢股份,普钢,江西,19961225,600782.SH,20030210,13.6,13.65,13.51,13.54,13.62,-0.08,-0.59,976.0,1325.709,0.1738,0.1738,0.58,98.9454,96.6486,9.2012,8.9329,7.9709,2.7951,2.7951,19322.0374,5616.0,5616.0,261620.3864,76040.64,,,3.395
600782,新钢股份,普钢,江西,19961225,600782.SH,20030129,13.52,13.71,13.51,13.62,13.51,0.11,0.81,1507.0,2057.999,0.2683,0.2683,0.66,99.5301,97.2196,9.2556,8.9857,8.018,2.7787,2.7787,19322.0374,5616.0,5616.0,263166.1494,76489.92,,,3.395
600782,新钢股份,普钢,江西,19961225,600782.SH,20030128,13.53,13.7,13.5,13.51,13.53,-0.02,-0.15,2340.87,3180.33,0.4168,0.4168,0.97,98.7262,96.4345,9.1809,8.9131,7.9532,2.8013,2.8013,19322.0374,5616.0,5616.0,261040.7253,75872.16,,,3.395
600782,新钢股份,普钢,江西,19961225,600782.SH,20030127,13.5,13.63,13.3,13.53,13.56,-0.03,-0.22,1971.08,2658.593,0.351,0.351,0.55,98.8724,96.5772,9.1945,8.9263,7.965,2.7972,2.7972,19322.0374,5616.0,5616.0,261427.166,75984.48,,,3.395
600782,新钢股份,普钢,江西,19961225,600782.SH,20030124,13.8,13.86,13.37,13.56,13.56,0.0,0.0,2068.48,2820.467,0.3683,0.3683,0.56,99.0916,96.7914,9.2148,8.9461,7.9826,2.791,2.791,19322.0374,5616.0,5616.0,262006.8271,76152.96,,,3.395
600782,新钢股份,普钢,江西,19961225,600782.SH,20030123,13.75,13.75,13.55,13.56,13.83,-0.27,-1.95,517.3,704.962,0.0921,0.0921,0.06,99.0916,96.7914,9.2148,8.9461,7.9826,2.791,2.791,19322.0374,5616.0,5616.0,262006.8271,76152.96,,,3.395
600782,新钢股份,普钢,江西,19961225,600782.SH,20030122,13.75,13.85,13.4,13.83,13.79,0.04,0.29,4572.08,6262.088,0.8141,0.8141,0.53,101.0647,98.7186,9.3983,9.1242,8.1416,2.7365,2.7365,19322.0374,5616.0,5616.0,267223.7772,77669.28,,,3.395
600782,新钢股份,普钢,江西,19961225,600782.SH,20030121,13.71,13.93,13.71,13.79,13.73,0.06,0.44,2904.0,4023.725,0.5171,0.5171,0.34,100.7724,98.4331,9.3711,9.0978,8.118,2.7444,2.7444,19322.0374,5616.0,5616.0,266450.8957,77444.64,,,3.395
600782,新钢股份,普钢,江西,19961225,600782.SH,20030120,14.18,14.2,13.58,13.73,14.24,-0.51,-3.58,7703.83,10693.378,1.3718,1.3718,1.09,100.3339,98.0048,9.3304,9.0582,8.0827,2.7564,2.7564,19322.0374,5616.0,5616.0,265291.5735,77107.68,,,3.395
600782,新钢股份,普钢,江西,19961225,600782.SH,20030117,14.59,14.59,14.16,14.24,14.77,-0.53,-3.59,2711.66,3888.857,0.4828,0.4828,0.41,104.0608,101.6452,9.6769,9.3947,8.3829,2.6577,2.6577,19322.0374,5616.0,5616.0,275145.8126,79971.84,,,3.395
600782,新钢股份,普钢,江西,19961225,600782.SH,20030116,14.09,14.85,14.03,14.77,14.2,0.57,4.01,27116.42,39518.613,4.8284,4.8284,21.22,107.9338,105.4284,10.0371,9.7444,8.6949,2.5623,2.5623,19322.0374,5616.0,5616.0,285386.4924,82948.32,,,3.395
600782,新钢股份,普钢,江西,19961225,600782.SH,20030115,13.8,14.45,13.54,14.2,13.72,0.48,3.5,2336.61,3215.355,0.4161,0.4161,2.69,103.7685,101.3597,9.6498,9.3683,8.3594,2.6652,2.6652,19322.0374,5616.0,5616.0,274372.9311,79747.2,,,3.395
600782,新钢股份,普钢,江西,19961225,600782.SH,20030114,13.4,13.85,13.35,13.72,13.35,0.37,2.77,2268.11,3085.526,0.4039,0.4039,5.19,100.2608,97.9334,9.3236,9.0516,8.0768,2.7584,2.7584,19322.0374,5616.0,5616.0,265098.3531,77051.52,,,3.395
600782,新钢股份,普钢,江西,19961225,600782.SH,20030113,12.85,13.38,12.85,13.35,12.92,0.43,3.33,961.54,1264.33,0.1712,0.1712,3.51,97.557,95.2924,9.0721,8.8075,7.859,2.8349,2.8349,19322.0374,5616.0,5616.0,257949.1993,74973.6,,,3.395
600782,新钢股份,普钢,江西,19961225,600782.SH,20030110,12.8,12.95,12.78,12.92,12.85,0.07,0.54,418.4,539.084,0.0745,0.0745,1.74,94.4147,92.223,8.7799,8.5238,7.6059,2.9292,2.9292,19322.0374,5616.0,5616.0,249640.7232,72558.72,,,3.395
600782,新钢股份,普钢,江西,19961225,600782.SH,20030109,12.8,12.92,12.6,12.85,12.77,0.08,0.63,403.78,516.571,0.0719,0.0719,1.76,93.9032,91.7234,8.7324,8.4777,7.5647,2.9452,2.9452,19322.0374,5616.0,5616.0,248288.1806,72165.6,,,3.395
600782,新钢股份,普钢,江西,19961225,600782.SH,20030108,12.71,12.8,12.55,12.77,12.75,0.02,0.16,291.99,370.5,0.052,0.052,1.38,93.3186,91.1523,8.678,8.4249,7.5176,2.9637,2.9637,19322.0374,5616.0,5616.0,246742.4176,71716.32,,,3.395
600782,新钢股份,普钢,江西,19961225,600782.SH,20030107,12.75,12.95,12.75,12.75,12.79,-0.04,-0.31,110.0,141.17,0.0196,0.0196,0.36,93.1724,91.0096,8.6644,8.4117,7.5058,2.9683,2.9683,19322.0374,5616.0,5616.0,246355.9769,71604.0,,,3.395
600782,新钢股份,普钢,江西,19961225,600782.SH,20030106,12.75,12.98,12.72,12.79,12.79,0.0,0.0,147.2,188.286,0.0262,0.0262,0.28,93.4647,91.2951,8.6916,8.4381,7.5293,2.959,2.959,19322.0374,5616.0,5616.0,247128.8583,71828.64,,,3.395
600782,新钢股份,普钢,江西,19961225,600782.SH,20030103,12.75,12.89,12.66,12.79,12.76,0.03,0.24,250.0,318.948,0.0445,0.0445,0.31,93.4647,91.2951,8.6916,8.4381,7.5293,2.959,2.959,19322.0374,5616.0,5616.0,247128.8583,71828.64,,,3.395
600782,新钢股份,普钢,江西,19961225,600782.SH,20030102,12.9,12.9,12.59,12.76,12.92,-0.16,-1.24,351.0,445.843,0.0625,0.0625,0.17,93.2455,91.081,8.6712,8.4183,7.5117,2.966,2.966,19322.0374,5616.0,5616.0,246549.1972,71660.16,,,3.395
600782,新钢股份,普钢,江西,19961225,600782.SH,20021231,12.9,13.0,12.7,12.92,12.98,-0.06,-0.46,202.0,259.683,0.036,0.036,0.06,94.4147,92.223,8.7799,8.5238,7.6059,1.4979,2.9292,19322.0374,5616.0,5616.0,249640.7232,72558.72,,,3.395
600782,新钢股份,普钢,江西,19961225,600782.SH,20021230,12.9,13.0,12.63,12.98,12.95,0.03,0.23,568.0,724.972,0.1011,0.1011,0.13,94.8532,92.6513,8.8207,8.5634,7.6412,1.491,2.9157,19322.0374,5616.0,5616.0,250800.0455,72895.68,,,3.395
600782,新钢股份,普钢,江西,19961225,600782.SH,20021227,12.95,13.2,12.3,12.95,12.98,-0.03,-0.23,1228.0,1560.344,0.2187,0.2187,0.25,94.6339,92.4372,8.8003,8.5436,7.6235,1.4944,2.9225,19322.0374,5616.0,5616.0,250220.3843,72727.2,,,3.395
600782,新钢股份,普钢,江西,19961225,600782.SH,20021226,13.48,13.5,12.95,12.98,13.51,-0.53,-3.92,1723.0,2290.863,0.3068,0.3068,0.35,94.8532,92.6513,8.8207,8.5634,7.6412,1.491,2.9157,19322.0374,5616.0,5616.0,250800.0455,72895.68,,,3.395
600782,新钢股份,普钢,江西,19961225,600782.SH,20021225,13.12,13.54,13.1,13.51,13.12,0.39,2.97,6897.07,9184.414,1.2281,1.2281,1.63,98.7262,96.4345,9.1809,8.9131,7.9532,1.4325,2.8013,19322.0374,5616.0,5616.0,261040.7253,75872.16,,,3.395
600782,新钢股份,普钢,江西,19961225,600782.SH,20021224,13.0,13.15,13.0,13.12,13.09,0.03,0.23,6956.78,9103.252,1.2387,1.2387,2.36,95.8762,93.6506,8.9158,8.6558,7.7236,1.4751,2.8846,19322.0374,5616.0,5616.0,253505.1307,73681.92,,,3.395
600782,新钢股份,普钢,江西,19961225,600782.SH,20021223,12.95,13.14,12.95,13.09,12.91,0.18,1.39,4349.53,5684.637,0.7745,0.7745,2.05,95.657,93.4365,8.8954,8.636,7.7059,1.4785,2.8912,19322.0374,5616.0,5616.0,252925.4696,73513.44,,,3.395
600782,新钢股份,普钢,江西,19961225,600782.SH,20021220,12.95,13.0,12.9,12.91,12.98,-0.07,-0.54,4506.72,5835.068,0.8025,0.8025,3.45,94.3416,92.1517,8.7731,8.5172,7.6,1.4991,2.9315,19322.0374,5616.0,5616.0,249447.5028,72502.56,,,3.395
600782,新钢股份,普钢,江西,19961225,600782.SH,20021219,12.95,13.05,12.91,12.98,12.98,0.0,0.0,1759.0,2281.09,0.3132,0.3132,1.6,94.8532,92.6513,8.8207,8.5634,7.6412,1.491,2.9157,19322.0374,5616.0,5616.0,250800.0455,72895.68,,,3.395
600782,新钢股份,普钢,江西,19961225,600782.SH,20021218,12.95,13.15,12.95,12.98,13.0,-0.02,-0.15,3643.0,4741.071,0.6487,0.6487,7.31,94.8532,92.6513,8.8207,8.5634,7.6412,1.491,2.9157,19322.0374,5616.0,5616.0,250800.0455,72895.68,,,3.395
600782,新钢股份,普钢,江西,19961225,600782.SH,20021217,13.0,13.15,12.95,13.0,13.07,-0.07,-0.54,499.5,649.362,0.0889,0.0889,0.73,94.9993,92.7941,8.8343,8.5766,7.653,1.4887,2.9112,19322.0374,5616.0,5616.0,251186.4862,73008.0,,,3.395
600782,新钢股份,普钢,江西,19961225,600782.SH,20021216,12.98,13.1,12.92,13.07,13.05,0.02,0.15,193.0,250.595,0.0344,0.0344,0.28,95.5109,93.2937,8.8819,8.6228,7.6942,1.4807,2.8956,19322.0374,5616.0,5616.0,252539.0288,73401.12,,,3.395
600782,新钢股份,普钢,江西,19961225,600782.SH,20021213,12.95,13.15,12.88,13.05,12.95,0.1,0.77,438.0,567.491,0.078,0.078,0.59,95.3647,93.151,8.8683,8.6096,7.6824,1.483,2.9001,19322.0374,5616.0,5616.0,252152.5881,73288.8,,,3.395
600782,新钢股份,普钢,江西,19961225,600782.SH,20021212,12.85,13.18,12.85,12.95,12.89,0.06,0.47,726.0,947.993,0.1293,0.1293,1.12,94.6339,92.4372,8.8003,8.5436,7.6235,1.4944,2.9225,19322.0374,5616.0,5616.0,250220.3843,72727.2,,,3.395
600782,新钢股份,普钢,江西,19961225,600782.SH,20021211,13.05,13.15,12.85,12.89,13.08,-0.19,-1.45,635.5,825.186,0.1132,0.1132,1.01,94.1955,92.0089,8.7595,8.5041,7.5882,1.5014,2.9361,19322.0374,5616.0,5616.0,249061.0621,72390.24,,,3.395
600782,新钢股份,普钢,江西,19961225,600782.SH,20021210,13.08,13.47,13.03,13.08,13.12,-0.04,-0.3,1432.0,1887.468,0.255,0.255,3.21,95.5839,93.3651,8.8886,8.6294,7.7001,1.4796,2.8934,19322.0374,5616.0,5616.0,252732.2492,73457.28,,,3.395
600782,新钢股份,普钢,江西,19961225,600782.SH,20021209,13.12,13.22,12.95,13.12,13.16,-0.04,-0.3,160.0,208.572,0.0285,0.0285,0.21,95.8762,93.6506,8.9158,8.6558,7.7236,1.4751,2.8846,19322.0374,5616.0,5616.0,253505.1307,73681.92,,,3.395
600782,新钢股份,普钢,江西,19961225,600782.SH,20021206,13.15,13.3,12.95,13.16,13.18,-0.02,-0.15,746.0,978.244,0.1328,0.1328,0.58,96.1685,93.9362,8.943,8.6822,7.7472,1.4706,2.8758,19322.0374,5616.0,5616.0,254278.0122,73906.56,,,3.395
600782,新钢股份,普钢,江西,19961225,600782.SH,20021205,13.25,13.3,13.07,13.18,13.3,-0.12,-0.9,277.0,363.893,0.0493,0.0493,0.19,96.3147,94.0789,8.9566,8.6954,7.7589,1.4684,2.8715,19322.0374,5616.0,5616.0,254664.4529,74018.88,,,3.395
600782,新钢股份,普钢,江西,19961225,600782.SH,20021204,13.25,13.5,13.15,13.3,13.32,-0.02,-0.15,531.0,703.545,0.0946,0.0946,0.37,97.1916,94.9355,9.0382,8.7745,7.8296,1.4551,2.8456,19322.0374,5616.0,5616.0,256983.0974,74692.8,,,3.395
600782,新钢股份,普钢,江西,19961225,600782.SH,20021203,13.25,13.39,12.9,13.32,13.32,0.0,0.0,518.27,680.922,0.0923,0.0923,0.35,97.3378,95.0782,9.0517,8.7877,7.8413,1.4529,2.8413,19322.0374,5616.0,5616.0,257369.5382,74805.12,,,3.395
600782,新钢股份,普钢,江西,19961225,600782.SH,20021202,13.45,13.65,13.15,13.32,13.5,-0.18,-1.33,1803.0,2406.422,0.321,0.321,1.43,97.3378,95.0782,9.0517,8.7877,7.8413,1.4529,2.8413,19322.0374,5616.0,5616.0,257369.5382,74805.12,,,3.395
600782,新钢股份,普钢,江西,19961225,600782.SH,20021129,13.31,13.6,13.29,13.5,13.25,0.25,1.89,3279.91,4404.243,0.584,0.584,2.5,98.6531,96.3631,9.1741,8.9065,7.9473,1.4336,2.8034,19322.0374,5616.0,5616.0,260847.5049,75816.0,,,3.395
600782,新钢股份,普钢,江西,19961225,600782.SH,20021128,13.12,13.25,13.06,13.25,13.17,0.08,0.61,1339.0,1762.555,0.2384,0.2384,0.96,96.8262,94.5786,9.0042,8.7416,7.8001,1.4606,2.8563,19322.0374,5616.0,5616.0,256016.9956,74412.0,,,3.395
600782,新钢股份,普钢,江西,19961225,600782.SH,20021127,13.25,13.25,13.02,13.17,13.28,-0.11,-0.83,249.28,327.414,0.0444,0.0444,0.17,96.2416,94.0075,8.9498,8.6888,7.753,1.4695,2.8736,19322.0374,5616.0,5616.0,254471.2326,73962.72,,,3.395
600782,新钢股份,普钢,江西,19961225,600782.SH,20021126,13.0,13.44,13.0,13.28,13.04,0.24,1.84,820.5,1079.465,0.1461,0.1461,0.59,97.0455,94.7927,9.0246,8.7613,7.8178,1.4573,2.8498,19322.0374,5616.0,5616.0,256596.6567,74580.48,,,3.395
600782,新钢股份,普钢,江西,19961225,600782.SH,20021125,13.0,13.2,12.6,13.04,12.98,0.06,0.46,607.0,786.729,0.1081,0.1081,0.45,95.2916,93.0796,8.8615,8.603,7.6765,1.4841,2.9023,19322.0374,5616.0,5616.0,251959.3677,73232.64,,,3.395
600782,新钢股份,普钢,江西,19961225,600782.SH,20021122,13.1,13.29,12.95,12.98,13.18,-0.2,-1.52,3548.0,4640.25,0.6318,0.6318,4.81,94.8532,92.6513,8.8207,8.5634,7.6412,1.491,2.9157,19322.0374,5616.0,5616.0,250800.0455,72895.68,,,3.395
600782,新钢股份,普钢,江西,19961225,600782.SH,20021121,13.4,13.46,12.91,13.18,13.46,-0.28,-2.08,1763.0,2333.764,0.3139,0.3139,3.27,96.3147,94.0789,8.9566,8.6954,7.7589,1.4684,2.8715,19322.0374,5616.0,5616.0,254664.4529,74018.88,,,3.395
600782,新钢股份,普钢,江西,19961225,600782.SH,20021120,13.68,13.68,13.3,13.46,13.74,-0.28,-2.04,732.0,985.12,0.1303,0.1303,0.75,98.3608,96.0776,9.1469,8.8801,7.9238,1.4378,2.8117,19322.0374,5616.0,5616.0,260074.6234,75591.36,,,3.395
600782,新钢股份,普钢,江西,19961225,600782.SH,20021119,13.6,13.78,13.53,13.74,13.66,0.08,0.59,359.06,491.036,0.0639,0.0639,0.31,100.407,98.0762,9.3372,9.0648,8.0886,1.4085,2.7544,19322.0374,5616.0,5616.0,265484.7939,77163.84,,,3.395
600782,新钢股份,普钢,江西,19961225,600782.SH,20021118,13.76,13.85,13.59,13.66,13.75,-0.09,-0.65,386.2,528.376,0.0688,0.0688,0.31,99.8224,97.5052,9.2828,9.0121,8.0415,1.4168,2.7706,19322.0374,5616.0,5616.0,263939.0309,76714.56,,,3.395
600782,新钢股份,普钢,江西,19961225,600782.SH,20021115,13.65,13.98,13.51,13.75,13.71,0.04,0.29,449.0,616.501,0.08,0.08,0.33,100.48,98.1476,9.344,9.0714,8.0945,1.4075,2.7524,19322.0374,5616.0,5616.0,265678.0143,77220.0,,,3.395
600782,新钢股份,普钢,江西,19961225,600782.SH,20021114,13.9,14.08,13.5,13.71,13.97,-0.26,-1.86,773.0,1067.898,0.1376,0.1376,0.53,100.1877,97.8621,9.3168,9.045,8.0709,1.4116,2.7605,19322.0374,5616.0,5616.0,264905.1328,76995.36,,,3.395
600782,新钢股份,普钢,江西,19961225,600782.SH,20021113,13.05,14.3,12.9,13.97,13.18,0.79,5.99,2939.55,4032.131,0.5234,0.5234,3.1,102.0877,99.7179,9.4935,9.2166,8.224,1.3853,2.7091,19322.0374,5616.0,5616.0,269928.8625,78455.52,,,3.395
600782,新钢股份,普钢,江西,19961225,600782.SH,20021112,13.6,13.6,12.45,13.18,13.67,-0.49,-3.58,1207.14,1575.565,0.2149,0.2149,1.46,96.3147,94.0789,8.9566,8.6954,7.7589,1.4684,2.8715,19322.0374,5616.0,5616.0,254664.4529,74018.88,,,3.395
600782,新钢股份,普钢,江西,19961225,600782.SH,20021111,14.05,14.35,13.5,13.67,14.11,-0.44,-3.12,877.0,1211.346,0.1562,0.1562,1.02,99.8954,97.5765,9.2896,9.0186,8.0474,1.4157,2.7685,19322.0374,5616.0,5616.0,264132.2513,76770.72,,,3.395
600782,新钢股份,普钢,江西,19961225,600782.SH,20021108,14.4,14.7,14.08,14.11,14.47,-0.36,-2.49,1021.0,1467.907,0.1818,0.1818,1.28,103.1108,100.7173,9.5886,9.3089,8.3064,1.3716,2.6822,19322.0374,5616.0,5616.0,272633.9477,79241.76,,,3.395
600782,新钢股份,普钢,江西,19961225,600782.SH,20021107,14.36,14.71,14.35,14.47,14.68,-0.21,-1.43,1288.4,1883.998,0.2294,0.2294,1.1,105.7415,103.2869,9.8332,9.5464,8.5183,1.3375,2.6155,19322.0374,5616.0,5616.0,279589.8812,81263.52,,,3.395
600782,新钢股份,普钢,江西,19961225,600782.SH,20021106,14.5,14.71,14.5,14.68,14.58,0.1,0.69,343.0,501.164,0.0611,0.0611,0.22,107.2762,104.7859,9.9759,9.685,8.642,1.3183,2.5781,19322.0374,5616.0,5616.0,283647.509,82442.88,,,3.395
600782,新钢股份,普钢,江西,19961225,600782.SH,20021105,14.5,14.7,14.38,14.58,14.57,0.01,0.07,616.8,895.033,0.1098,0.1098,0.32,106.5454,104.0721,9.908,9.619,8.5831,1.3274,2.5957,19322.0374,5616.0,5616.0,281715.3053,81881.28,,,3.395
600782,新钢股份,普钢,江西,19961225,600782.SH,20021104,14.68,14.96,14.2,14.57,14.74,-0.17,-1.15,1023.0,1496.181,0.1822,0.1822,0.48,106.4723,104.0007,9.9012,9.6124,8.5772,1.3283,2.5975,19322.0374,5616.0,5616.0,281522.0849,81825.12,,,3.395
600782,新钢股份,普钢,江西,19961225,600782.SH,20021101,14.62,14.88,14.6,14.74,14.74,0.0,0.0,713.9,1048.91,0.1271,0.1271,0.35,107.7146,105.2142,10.0167,9.7246,8.6773,1.313,2.5676,19322.0374,5616.0,5616.0,284806.8313,82779.84,,,3.395
600782,新钢股份,普钢,江西,19961225,600782.SH,20021031,14.65,15.2,14.65,14.74,14.77,-0.03,-0.2,3177.0,4716.031,0.5657,0.5657,1.83,107.7146,105.2142,10.0167,9.7246,8.6773,1.313,2.5676,19322.0374,5616.0,5616.0,284806.8313,82779.84,,,3.395
600782,新钢股份,普钢,江西,19961225,600782.SH,20021030,14.71,14.98,14.71,14.77,14.91,-0.14,-0.94,2261.0,3366.124,0.4026,0.4026,1.53,107.9338,105.4284,10.0371,9.7444,8.6949,1.3103,2.5623,19322.0374,5616.0,5616.0,285386.4924,82948.32,,,3.395
600782,新钢股份,普钢,江西,19961225,600782.SH,20021029,15.0,15.22,14.8,14.91,15.2,-0.29,-1.91,2473.0,3729.431,0.4403,0.4403,2.15,108.9569,106.4277,10.1322,9.8367,8.7774,1.298,2.5383,19322.0374,5616.0,5616.0,288091.5776,83734.56,,,3.395
600782,新钢股份,普钢,江西,19961225,600782.SH,20021028,15.02,15.38,15.02,15.2,15.29,-0.09,-0.59,1933.8,2926.076,0.3443,0.3443,2.34,111.0761,108.4977,10.3293,10.0281,8.9481,1.2732,2.4899,19322.0374,5616.0,5616.0,293694.9685,85363.2,,,3.395
600782,新钢股份,普钢,江西,19961225,600782.SH,20021025,15.01,15.45,15.01,15.29,15.29,0.0,0.0,377.0,576.308,0.0671,0.0671,0.42,111.7338,109.1401,10.3905,10.0874,9.0011,1.2657,2.4752,19322.0374,5616.0,5616.0,295433.9518,85868.64,,,3.395
600782,新钢股份,普钢,江西,19961225,600782.SH,20021024,14.68,15.57,14.66,15.29,15.01,0.28,1.87,1641.35,2501.311,0.2923,0.2923,2.62,111.7338,109.1401,10.3905,10.0874,9.0011,1.2657,2.4752,19322.0374,5616.0,5616.0,295433.9518,85868.64,,,3.395
600782,新钢股份,普钢,江西,19961225,600782.SH,20021023,15.31,15.35,14.96,15.01,15.36,-0.35,-2.28,955.0,1441.335,0.17,0.17,1.34,109.6877,107.1415,10.2002,9.9027,8.8362,1.2893,2.5214,19322.0374,5616.0,5616.0,290023.7814,84296.16,,,3.395
600782,新钢股份,普钢,江西,19961225,600782.SH,20021022,15.3,15.58,15.28,15.36,15.51,-0.15,-0.97,833.0,1281.898,0.1483,0.1483,1.03,112.2453,109.6398,10.438,10.1336,9.0423,1.26,2.4639,19322.0374,5616.0,5616.0,296786.4945,86261.76,,,3.395
600782,新钢股份,普钢,江西,19961225,600782.SH,20021021,15.64,15.64,15.34,15.51,15.68,-0.17,-1.08,330.0,509.267,0.0588,0.0588,0.12,113.3415,110.7105,10.7956,10.2326,9.1306,1.2478,2.4401,19322.0374,5616.0,5616.0,299684.8001,87104.16,,,3.395
600782,新钢股份,普钢,江西,19961225,600782.SH,20021018,15.55,16.0,15.55,15.68,15.63,0.05,0.32,706.0,1115.979,0.1257,0.1257,0.22,114.5838,111.9239,10.9139,10.3447,9.2307,1.2342,2.4136,19322.0374,5616.0,5616.0,302969.5464,88058.88,,,3.395
600782,新钢股份,普钢,江西,19961225,600782.SH,20021017,15.72,15.73,15.55,15.63,15.88,-0.25,-1.57,306.73,479.721,0.0546,0.0546,0.08,114.2184,111.567,10.8791,10.3117,9.2012,1.2382,2.4214,19322.0374,5616.0,5616.0,302003.4446,87778.08,,,3.395
600782,新钢股份,普钢,江西,19961225,600782.SH,20021016,15.6,16.47,15.54,15.88,15.61,0.27,1.73,1395.61,2211.104,0.2485,0.2485,0.29,116.0453,113.3515,11.0531,10.4767,9.3484,1.2187,2.3832,19322.0374,5616.0,5616.0,306833.9539,89182.08,,,3.395
600782,新钢股份,普钢,江西,19961225,600782.SH,20021015,15.78,15.83,15.55,15.61,15.8,-0.19,-1.2,1309.0,2055.568,0.2331,0.2331,0.24,114.0723,111.4243,10.8652,10.2985,9.1894,1.2398,2.4245,19322.0374,5616.0,5616.0,301617.0038,87665.76,,,3.395
600782,新钢股份,普钢,江西,19961225,600782.SH,20021014,15.55,15.98,15.55,15.8,15.55,0.25,1.61,9497.0,15083.585,1.6911,1.6911,2.23,115.4607,112.7805,10.9974,10.4239,9.3013,1.2249,2.3953,19322.0374,5616.0,5616.0,305288.1909,88732.8,,,3.395
600782,新钢股份,普钢,江西,19961225,600782.SH,20021011,15.7,15.75,15.41,15.55,15.7,-0.15,-0.96,3682.2,5768.266,0.6557,0.6557,0.5,113.6338,110.996,10.8234,10.259,9.1541,1.2446,2.4338,19322.0374,5616.0,5616.0,300457.6816,87328.8,,,3.395
600782,新钢股份,普钢,江西,19961225,600782.SH,20021010,15.85,15.88,15.67,15.7,15.85,-0.15,-0.95,3369.0,5326.86,0.5999,0.5999,0.46,114.7299,112.0667,10.9278,10.3579,9.2424,1.2327,2.4106,19322.0374,5616.0,5616.0,303355.9872,88171.2,,,3.395
600782,新钢股份,普钢,江西,19961225,600782.SH,20021009,15.92,16.17,15.7,15.85,15.93,-0.08,-0.5,5938.0,9480.877,1.0573,1.0573,0.9,115.8261,113.1374,11.0322,10.4569,9.3307,1.221,2.3878,19322.0374,5616.0,5616.0,306254.2928,89013.6,,,3.395
600782,新钢股份,普钢,江西,19961225,600782.SH,20021008,15.92,16.23,15.8,15.93,15.93,0.0,0.0,5364.0,8626.264,0.9551,0.9551,0.86,116.4107,113.7084,11.0879,10.5097,9.3778,1.2149,2.3758,19322.0374,5616.0,5616.0,307800.0558,89462.88,,,3.395
600782,新钢股份,普钢,江西,19961225,600782.SH,20020927,16.06,16.18,15.6,15.93,16.07,-0.14,-0.87,2943.65,4674.525,0.5242,0.5242,0.41,116.4107,113.7084,11.0879,10.5097,9.3778,1.2149,2.3758,19322.0374,5616.0,5616.0,307800.0558,89462.88,,,3.395
600782,新钢股份,普钢,江西,19961225,600782.SH,20020926,15.75,16.48,15.75,16.07,15.75,0.32,2.03,18868.1,30409.425,3.3597,3.3597,4.25,117.4338,114.7078,11.1854,10.602,9.4602,1.2043,2.3551,19322.0374,5616.0,5616.0,310505.141,90249.12,,,3.395
600782,新钢股份,普钢,江西,19961225,600782.SH,20020925,15.42,15.95,15.33,15.75,15.42,0.33,2.14,3423.04,5379.907,0.6095,0.6095,0.9,115.0953,112.4236,10.9626,10.3909,9.2719,1.2288,2.4029,19322.0374,5616.0,5616.0,304322.0891,88452.0,,,3.395
600782,新钢股份,普钢,江西,19961225,600782.SH,20020924,15.35,15.6,14.92,15.42,15.35,0.07,0.46,2261.91,3443.897,0.4028,0.4028,0.66,112.6838,110.0681,10.7329,10.1732,9.0776,1.2551,2.4543,19322.0374,5616.0,5616.0,297945.8167,86598.72,,,3.395
600782,新钢股份,普钢,江西,19961225,600782.SH,20020920,15.52,15.7,15.33,15.35,15.51,-0.16,-1.03,3832.0,5967.222,0.6823,0.6823,1.42,112.1723,109.5684,10.6842,10.127,9.0364,1.2608,2.4655,19322.0374,5616.0,5616.0,296593.2741,86205.6,,,3.395
600782,新钢股份,普钢,江西,19961225,600782.SH,20020919,15.0,15.57,15.0,15.51,15.01,0.5,3.33,7816.2,11908.005,1.3918,1.3918,6.63,113.3415,110.7105,10.7956,10.2326,9.1306,1.2478,2.4401,19322.0374,5616.0,5616.0,299684.8001,87104.16,,,3.395
600782,新钢股份,普钢,江西,19961225,600782.SH,20020918,14.7,15.35,14.7,15.01,14.75,0.26,1.76,4859.35,7327.975,0.8653,0.8653,21.35,109.6877,107.1415,10.4476,9.9027,8.8362,1.2893,2.5214,19322.0374,5616.0,5616.0,290023.7814,84296.16,,,3.395
600782,新钢股份,普钢,江西,19961225,600782.SH,20020917,14.75,14.8,14.62,14.75,14.8,-0.05,-0.34,312.0,459.053,0.0556,0.0556,1.59,107.7877,105.2856,10.2666,9.7312,8.6832,1.3121,2.5658,19322.0374,5616.0,5616.0,285000.0517,82836.0,,,3.395
600782,新钢股份,普钢,江西,19961225,600782.SH,20020916,14.9,14.97,14.61,14.8,14.85,-0.05,-0.34,296.0,436.229,0.0527,0.0527,1.52,108.1531,105.6425,10.3014,9.7642,8.7126,1.3076,2.5572,19322.0374,5616.0,5616.0,285966.1535,83116.8,,,3.395
600782,新钢股份,普钢,江西,19961225,600782.SH,20020913,14.8,15.0,14.61,14.85,14.95,-0.1,-0.67,190.0,281.547,0.0338,0.0338,0.92,108.5184,105.9994,10.3362,9.7971,8.742,1.3032,2.5485,19322.0374,5616.0,5616.0,286932.2554,83397.6,,,3.395
600782,新钢股份,普钢,江西,19961225,600782.SH,20020912,15.36,15.36,14.78,14.95,14.77,0.18,1.22,238.0,355.871,0.0424,0.0424,0.7,109.2492,106.7132,10.4058,9.8631,8.8009,1.2945,2.5315,19322.0374,5616.0,5616.0,288864.4591,83959.2,,,3.395
600782,新钢股份,普钢,江西,19961225,600782.SH,20020911,14.7,14.8,14.62,14.77,14.7,0.07,0.48,102.0,150.106,0.0182,0.0182,0.15,107.9338,105.4284,10.2805,9.7444,8.6949,1.3103,2.5623,19322.0374,5616.0,5616.0,285386.4924,82948.32,,,3.395
600782,新钢股份,普钢,江西,19961225,600782.SH,20020910,14.65,14.8,14.61,14.7,14.7,0.0,0.0,155.0,227.624,0.0276,0.0276,0.21,107.4223,104.9287,10.2318,9.6982,8.6537,1.3165,2.5745,19322.0374,5616.0,5616.0,284033.9498,82555.2,,,3.395
600782,新钢股份,普钢,江西,19961225,600782.SH,20020909,14.9,14.9,14.65,14.7,14.9,-0.2,-1.34,289.0,425.856,0.0515,0.0515,0.35,107.4223,104.9287,10.2318,9.6982,8.6537,1.3165,2.5745,19322.0374,5616.0,5616.0,284033.9498,82555.2,,,3.395
600782,新钢股份,普钢,江西,19961225,600782.SH,20020906,15.0,15.18,14.85,14.9,14.95,-0.05,-0.33,243.08,365.806,0.0433,0.0433,0.28,108.8838,106.3563,10.371,9.8301,8.7715,1.2989,2.54,19322.0374,5616.0,5616.0,287898.3573,83678.4,,,3.395
600782,新钢股份,普钢,江西,19961225,600782.SH,20020905,14.8,14.97,14.7,14.95,14.78,0.17,1.15,908.3,1347.128,0.1617,0.1617,1.02,109.2492,106.7132,10.4058,9.8631,8.8009,1.2945,2.5315,19322.0374,5616.0,5616.0,288864.4591,83959.2,,,3.395
600782,新钢股份,普钢,江西,19961225,600782.SH,20020904,15.2,15.38,14.78,14.78,15.16,-0.38,-2.51,1780.15,2660.656,0.317,0.317,2.83,108.0069,105.4997,10.2875,9.751,8.7008,1.3094,2.5606,19322.0374,5616.0,5616.0,285579.7128,83004.48,,,3.395
600782,新钢股份,普钢,江西,19961225,600782.SH,20020903,15.41,15.5,15.15,15.16,15.42,-0.26,-1.69,429.0,654.506,0.0764,0.0764,0.54,110.7838,108.2122,10.552,10.0017,8.9245,1.2766,2.4964,19322.0374,5616.0,5616.0,292922.087,85138.56,,,3.395
600782,新钢股份,普钢,江西,19961225,600782.SH,20020902,15.42,15.58,15.25,15.42,15.47,-0.05,-0.32,761.6,1172.771,0.1356,0.1356,0.93,112.6838,110.0681,10.7329,10.1732,9.0776,1.2551,2.4543,19322.0374,5616.0,5616.0,297945.8167,86598.72,,,3.395
600782,新钢股份,普钢,江西,19961225,600782.SH,20020830,15.5,15.68,15.38,15.47,15.53,-0.06,-0.39,467.42,723.924,0.0832,0.0832,0.49,113.0492,110.425,10.7677,10.2062,9.107,1.251,2.4464,19322.0374,5616.0,5616.0,298911.9186,86879.52,,,3.395
600782,新钢股份,普钢,江西,19961225,600782.SH,20020829,15.55,15.67,15.46,15.53,15.58,-0.05,-0.32,995.0,1552.995,0.1772,0.1772,0.74,113.4876,110.8532,10.8095,10.2458,9.1424,1.2462,2.437,19322.0374,5616.0,5616.0,300071.2408,87216.48,,,3.352
600782,新钢股份,普钢,江西,19961225,600782.SH,20020828,15.55,15.79,15.42,15.58,15.57,0.01,0.06,491.0,763.012,0.0874,0.0874,0.3,113.853,111.2101,10.8443,10.2788,9.1718,1.2422,2.4291,19322.0374,5616.0,5616.0,301037.3427,87497.28,,,3.352
600782,新钢股份,普钢,江西,19961225,600782.SH,20020827,15.51,15.88,15.49,15.57,15.54,0.03,0.19,1285.0,2008.896,0.2288,0.2288,0.73,113.7799,111.1388,10.8373,10.2722,9.1659,1.243,2.4307,19322.0374,5616.0,5616.0,300844.1223,87441.12,,,3.352
600782,新钢股份,普钢,江西,19961225,600782.SH,20020826,15.65,15.7,15.42,15.54,15.65,-0.11,-0.7,856.38,1329.572,0.1525,0.1525,0.5,113.5607,110.9246,10.8165,10.2524,9.1482,1.2454,2.4354,19322.0374,5616.0,5616.0,300264.4612,87272.64,,,3.352
600782,新钢股份,普钢,江西,19961225,600782.SH,20020823,15.6,15.97,15.55,15.65,15.62,0.03,0.19,1159.13,1818.358,0.2064,0.2064,0.7,114.3646,111.7098,10.893,10.3249,9.213,1.2366,2.4183,19322.0374,5616.0,5616.0,302389.8853,87890.4,,,3.352
600782,新钢股份,普钢,江西,19961225,600782.SH,20020822,15.6,15.75,15.38,15.62,15.64,-0.02,-0.13,2970.81,4638.753,0.529,0.529,2.45,114.1453,111.4957,10.8721,10.3051,9.1953,1.239,2.4229,19322.0374,5616.0,5616.0,301810.2242,87721.92,,,3.352
600782,新钢股份,普钢,江西,19961225,600782.SH,20020821,15.7,15.8,15.35,15.64,15.78,-0.14,-0.89,1940.72,3017.983,0.3456,0.3456,1.72,114.2915,111.6384,10.8861,10.3183,9.2071,1.2374,2.4198,19322.0374,5616.0,5616.0,302196.6649,87834.24,,,3.352
600782,新钢股份,普钢,江西,19961225,600782.SH,20020820,15.48,15.8,15.42,15.78,15.5,0.28,1.81,1821.12,2835.978,0.3243,0.3243,2.06,115.3146,115.3146,11.2648,10.4107,10.4107,1.2264,2.3983,19322.0374,5616.0,5616.0,304901.7502,88620.48,,,3.352
600782,新钢股份,普钢,江西,19961225,600782.SH,20020819,15.45,15.59,15.35,15.5,15.48,0.02,0.13,713.6,1102.509,0.1271,0.1271,0.72,113.2684,113.2684,11.065,10.226,10.226,1.2486,2.4417,19322.0374,5616.0,5616.0,299491.5797,87048.0,,,3.352
600782,新钢股份,普钢,江西,19961225,600782.SH,20020816,15.42,15.5,15.31,15.48,15.42,0.06,0.39,868.0,1338.295,0.1546,0.1546,0.72,113.1223,113.1223,11.0507,10.2128,10.2128,1.2502,2.4448,19322.0374,5616.0,5616.0,299105.139,86935.68,,,3.352
600782,新钢股份,普钢,江西,19961225,600782.SH,20020815,15.44,15.62,15.31,15.42,15.44,-0.02,-0.13,724.0,1117.17,0.1289,0.1289,0.43,112.6838,112.6838,11.0079,10.1732,10.1732,1.2551,2.4543,19322.0374,5616.0,5616.0,297945.8167,86598.72,,,3.352
600782,新钢股份,普钢,江西,19961225,600782.SH,20020814,15.52,15.7,15.32,15.44,15.54,-0.1,-0.64,1524.2,2351.865,0.2714,0.2714,0.6,112.83,112.83,11.0221,10.1864,10.1864,1.2534,2.4512,19322.0374,5616.0,5616.0,298332.2575,86711.04,,,3.352
600782,新钢股份,普钢,江西,19961225,600782.SH,20020813,15.84,15.84,15.51,15.54,15.65,-0.11,-0.7,584.0,910.975,0.104,0.104,0.14,113.5607,113.5607,11.0935,10.2524,10.2524,1.2454,2.4354,19322.0374,5616.0,5616.0,300264.4612,87272.64,,,3.352
600782,新钢股份,普钢,江西,19961225,600782.SH,20020812,16.08,16.08,15.51,15.65,15.79,-0.14,-0.89,1266.35,1981.488,0.2255,0.2255,0.28,114.3646,114.3646,11.172,10.3249,10.3249,1.2366,2.4183,19322.0374,5616.0,5616.0,302389.8853,87890.4,,,3.352
600782,新钢股份,普钢,江西,19961225,600782.SH,20020809,15.78,16.14,15.65,15.79,15.79,0.0,0.0,1930.7,3063.781,0.3438,0.3438,0.38,115.3876,115.3876,11.272,10.4173,10.4173,1.2256,2.3968,19322.0374,5616.0,5616.0,305094.9705,88676.64,,,3.352
600782,新钢股份,普钢,江西,19961225,600782.SH,20020808,15.58,16.18,15.58,15.79,15.59,0.2,1.28,3169.47,5016.96,0.5644,0.5644,0.49,115.3876,115.3876,11.272,10.4173,10.4173,1.2256,2.3968,19322.0374,5616.0,5616.0,305094.9705,88676.64,,,3.352
600782,新钢股份,普钢,江西,19961225,600782.SH,20020807,15.58,15.75,15.5,15.59,15.61,-0.02,-0.13,5661.93,8844.814,1.0082,1.0082,0.67,113.9261,113.9261,11.1292,10.2853,10.2853,1.2414,2.4276,19322.0374,5616.0,5616.0,301230.5631,87553.44,,,3.352
600782,新钢股份,普钢,江西,19961225,600782.SH,20020806,15.35,15.79,15.35,15.61,15.37,0.24,1.56,8324.6,12946.687,1.4823,1.4823,1.13,114.0723,114.0723,11.1435,10.2985,10.2985,1.2398,2.4245,19322.0374,5616.0,5616.0,301617.0038,87665.76,,,3.352
600782,新钢股份,普钢,江西,19961225,600782.SH,20020805,15.45,15.62,15.2,15.37,15.47,-0.1,-0.65,3426.4,5281.995,0.6101,0.6101,0.43,112.3184,112.3184,10.9722,10.1402,10.1402,1.2591,2.4623,19322.0374,5616.0,5616.0,296979.7148,86317.92,,,3.352
600782,新钢股份,普钢,江西,19961225,600782.SH,20020802,15.58,15.72,15.42,15.47,15.46,0.01,0.06,4869.52,7579.897,0.8671,0.8671,0.55,113.0492,113.0492,11.0435,10.2062,10.2062,1.251,2.4464,19322.0374,5616.0,5616.0,298911.9186,86879.52,,,3.352
600782,新钢股份,普钢,江西,19961225,600782.SH,20020801,15.45,15.84,15.44,15.46,15.44,0.02,0.13,9903.27,15476.763,1.7634,1.7634,0.88,112.9761,112.9761,11.0364,10.1996,10.1996,1.2518,2.448,19322.0374,5616.0,5616.0,298718.6982,86823.36,,,3.352
600782,新钢股份,普钢,江西,19961225,600782.SH,20020731,15.18,15.58,15.18,15.44,15.1,0.34,2.25,15513.82,23936.114,2.7624,2.7624,1.53,112.83,112.83,11.0221,10.1864,10.1864,1.2534,2.4512,19322.0374,5616.0,5616.0,298332.2575,86711.04,,,3.352
600782,新钢股份,普钢,江西,19961225,600782.SH,20020730,15.4,15.4,15.0,15.1,15.08,0.02,0.13,2983.0,4511.19,0.5312,0.5312,0.3,110.3454,110.3454,10.7794,9.9621,9.9621,1.2817,2.5063,19322.0374,5616.0,5616.0,291762.7647,84801.6,,,3.352
600782,新钢股份,普钢,江西,19961225,600782.SH,20020729,14.74,15.25,14.7,15.08,14.74,0.34,2.31,6991.88,10512.467,1.245,1.245,0.8,110.1992,110.1992,10.7651,9.9489,9.9489,1.2834,2.5097,19322.0374,5616.0,5616.0,291376.324,84689.28,,,3.352
600782,新钢股份,普钢,江西,19961225,600782.SH,20020726,14.65,14.94,14.62,14.74,14.65,0.09,0.61,9096.6,13475.841,1.6198,1.6198,1.23,107.7146,107.7146,10.5224,9.7246,9.7246,1.313,2.5676,19322.0374,5616.0,5616.0,284806.8313,82779.84,,,3.352
600782,新钢股份,普钢,江西,19961225,600782.SH,20020725,14.32,14.78,14.2,14.65,14.32,0.33,2.3,21380.86,31157.766,3.8071,3.8071,4.71,107.0569,107.0569,10.4582,9.6652,9.6652,1.321,2.5833,19322.0374,5616.0,5616.0,283067.8479,82274.4,,,3.352
600782,新钢股份,普钢,江西,19961225,600782.SH,20020724,14.22,14.37,14.15,14.32,14.24,0.08,0.56,10292.0,14693.269,1.8326,1.8326,2.93,104.6454,104.6454,10.2226,9.4475,9.4475,1.3515,2.6429,19322.0374,5616.0,5616.0,276691.5756,80421.12,,,3.352
600782,新钢股份,普钢,江西,19961225,600782.SH,20020723,14.22,14.34,14.12,14.24,14.24,0.0,0.0,1231.0,1746.236,0.2192,0.2192,0.31,104.0608,104.0608,10.1655,9.3947,9.3947,1.3591,2.6577,19322.0374,5616.0,5616.0,275145.8126,79971.84,,,3.352
600782,新钢股份,普钢,江西,19961225,600782.SH,20020722,14.58,14.6,14.14,14.24,14.58,-0.34,-2.33,1600.57,2284.73,0.285,0.285,0.43,104.0608,104.0608,10.1655,9.3947,9.3947,1.3591,2.6577,19322.0374,5616.0,5616.0,275145.8126,79971.84,,,3.352
600782,新钢股份,普钢,江西,19961225,600782.SH,20020719,14.62,14.73,14.51,14.58,14.62,-0.04,-0.27,2381.0,3483.416,0.424,0.424,0.68,106.5454,106.5454,10.4082,9.619,9.619,1.3274,2.5957,19322.0374,5616.0,5616.0,281715.3053,81881.28,,,3.352
600782,新钢股份,普钢,江西,19961225,600782.SH,20020718,14.42,14.85,14.4,14.62,14.44,0.18,1.25,7173.0,10477.572,1.2772,1.2772,3.01,106.8377,106.8377,10.4368,9.6454,9.6454,1.3237,2.5886,19322.0374,5616.0,5616.0,282488.1868,82105.92,,,3.352
600782,新钢股份,普钢,江西,19961225,600782.SH,20020717,14.28,14.48,14.26,14.44,14.28,0.16,1.12,5199.5,7482.774,0.9258,0.9258,2.74,105.5223,105.5223,10.3083,9.5266,9.5266,1.3402,2.6209,19322.0374,5616.0,5616.0,279010.2201,81095.04,,,3.352
600782,新钢股份,普钢,江西,19961225,600782.SH,20020716,14.12,14.44,14.08,14.28,14.2,0.08,0.56,3307.85,4722.93,0.589,0.589,1.52,104.3531,104.3531,10.194,9.4211,9.4211,1.3553,2.6503,19322.0374,5616.0,5616.0,275918.6941,80196.48,,,3.352
600782,新钢股份,普钢,江西,19961225,600782.SH,20020715,14.2,14.5,14.1,14.2,14.25,-0.05,-0.35,688.02,978.229,0.1225,0.1225,0.14,103.7685,103.7685,10.1369,9.3683,9.3683,1.3629,2.6652,19322.0374,5616.0,5616.0,274372.9311,79747.2,,,3.352
600782,新钢股份,普钢,江西,19961225,600782.SH,20020712,14.15,14.4,14.15,14.25,14.17,0.08,0.56,1166.51,1664.106,0.2077,0.2077,0.17,104.1339,104.1339,10.1726,9.4013,9.4013,1.3581,2.6559,19322.0374,5616.0,5616.0,275339.033,80028.0,,,3.352
600782,新钢股份,普钢,江西,19961225,600782.SH,20020711,14.22,14.37,14.1,14.17,14.39,-0.22,-1.53,1563.06,2214.435,0.2783,0.2783,0.21,103.5493,103.5493,10.1155,9.3485,9.3485,1.3658,2.6708,19322.0374,5616.0,5616.0,273793.27,79578.72,,,3.352
600782,新钢股份,普钢,江西,19961225,600782.SH,20020710,14.65,14.7,14.2,14.39,14.67,-0.28,-1.91,2757.0,3960.128,0.4909,0.4909,0.29,105.1569,105.1569,10.2726,9.4937,9.4937,1.3449,2.63,19322.0374,5616.0,5616.0,278044.1182,80814.24,,,3.352
600782,新钢股份,普钢,江西,19961225,600782.SH,20020709,14.75,14.87,14.51,14.67,14.77,-0.1,-0.68,4717.0,6945.913,0.8399,0.8399,0.38,107.2031,107.2031,10.4725,9.6784,9.6784,1.3192,2.5798,19322.0374,5616.0,5616.0,283454.2887,82386.72,,,3.352
600782,新钢股份,普钢,江西,19961225,600782.SH,20020708,14.73,14.98,14.5,14.77,14.61,0.16,1.1,14416.76,21299.567,2.5671,2.5671,1.17,107.9338,107.9338,10.5438,9.7444,9.7444,1.3103,2.5623,19322.0374,5616.0,5616.0,285386.4924,82948.32,,,3.352
600782,新钢股份,普钢,江西,19961225,600782.SH,20020705,14.45,14.68,14.2,14.61,14.21,0.4,2.81,11160.09,16112.919,1.9872,1.9872,1.07,106.7646,106.7646,10.4296,9.6388,9.6388,1.3246,2.5904,19322.0374,5616.0,5616.0,282294.9664,82049.76,,,3.352
600782,新钢股份,普钢,江西,19961225,600782.SH,20020704,14.35,14.46,14.07,14.21,14.38,-0.17,-1.18,4594.46,6557.217,0.8181,0.8181,0.47,103.8416,103.8416,10.1441,9.3749,9.3749,1.3619,2.6633,19322.0374,5616.0,5616.0,274566.1515,79803.36,,,3.352
600782,新钢股份,普钢,江西,19961225,600782.SH,20020703,14.5,14.78,14.28,14.38,14.34,0.04,0.28,13212.5,19251.101,2.3527,2.3527,1.54,105.0839,105.0839,10.2654,9.4871,9.4871,1.3458,2.6318,19322.0374,5616.0,5616.0,277850.8978,80758.08,,,3.352
600782,新钢股份,普钢,江西,19961225,600782.SH,20020702,13.49,14.5,13.49,14.34,13.79,0.55,3.99,17928.04,25140.233,3.1923,3.1923,2.61,104.7916,104.7916,10.2369,9.4607,9.4607,1.3496,2.6392,19322.0374,5616.0,5616.0,277078.0163,80533.44,,,3.352
600782,新钢股份,普钢,江西,19961225,600782.SH,20020628,13.35,14.2,12.5,13.79,13.35,0.44,3.3,14824.9,20377.14,2.6398,2.6398,3.36,100.7724,100.7724,9.8442,9.0978,9.0978,1.4034,2.7444,19322.0374,5616.0,5616.0,266450.8957,77444.64,,,3.352
600782,新钢股份,普钢,江西,19961225,600782.SH,20020627,13.37,13.69,13.0,13.35,13.37,-0.02,-0.15,1760.0,2333.201,0.3134,0.3134,0.42,97.557,97.557,9.5301,8.8075,8.8075,1.4497,2.8349,19322.0374,5616.0,5616.0,257949.1993,74973.6,,,3.352
600782,新钢股份,普钢,江西,19961225,600782.SH,20020626,13.62,13.62,13.2,13.37,13.67,-0.3,-2.19,1475.58,1966.623,0.2627,0.2627,0.38,97.7031,97.7031,9.5444,8.8207,8.8207,1.4475,2.8307,19322.0374,5616.0,5616.0,258335.64,75085.92,,,3.352
600782,新钢股份,普钢,江西,19961225,600782.SH,20020625,13.8,14.27,13.2,13.67,13.62,0.05,0.37,6832.97,9334.035,1.2167,1.2167,2.57,99.8954,99.8954,9.7586,9.0186,9.0186,1.4157,2.7685,19322.0374,5616.0,5616.0,264132.2513,76770.72,,,3.352
600782,新钢股份,普钢,江西,19961225,600782.SH,20020624,13.4,13.62,12.8,13.62,12.38,1.24,10.02,9511.22,12691.024,1.6936,1.6936,11.88,99.5301,99.5301,9.7229,8.9857,8.9857,1.4209,2.7787,19322.0374,5616.0,5616.0,263166.1494,76489.92,,,3.352
600782,新钢股份,普钢,江西,19961225,600782.SH,20020621,11.9,12.48,11.88,12.38,11.94,0.44,3.69,2505.42,3054.901,0.4461,0.4461,4.57,90.4686,90.4686,8.8377,8.1676,8.1676,1.5632,3.057,19322.0374,5616.0,5616.0,239206.823,69526.08,,,3.352
600782,新钢股份,普钢,江西,19961225,600782.SH,20020620,11.91,12.0,11.7,11.94,11.9,0.04,0.34,457.38,542.786,0.0814,0.0814,0.91,87.2532,87.2532,8.5236,7.8773,7.8773,1.6209,3.1697,19322.0374,5616.0,5616.0,230705.1266,67055.04,,,3.352
600782,新钢股份,普钢,江西,19961225,600782.SH,20020619,12.08,12.15,11.85,11.9,12.06,-0.16,-1.33,353.0,423.884,0.0629,0.0629,0.73,86.9609,86.9609,8.495,7.8509,7.8509,1.6263,3.1803,19322.0374,5616.0,5616.0,229932.2451,66830.4,,,3.352
600782,新钢股份,普钢,江西,19961225,600782.SH,20020618,11.88,12.1,11.88,12.06,11.88,0.18,1.52,490.92,590.632,0.0874,0.0874,1.07,88.1301,88.1301,8.6093,7.9565,7.9565,1.6047,3.1381,19322.0374,5616.0,5616.0,233023.771,67728.96,,,3.352
600782,新钢股份,普钢,江西,19961225,600782.SH,20020617,11.88,11.93,11.78,11.88,11.91,-0.03,-0.25,198.0,234.718,0.0353,0.0353,0.41,86.8148,86.8148,8.4808,7.8377,7.8377,1.629,3.1857,19322.0374,5616.0,5616.0,229545.8043,66718.08,,,3.352
600782,新钢股份,普钢,江西,19961225,600782.SH,20020614,12.09,12.09,11.68,11.91,12.1,-0.19,-1.57,1243.04,1469.135,0.2213,0.2213,2.03,87.034,87.034,8.5022,7.8575,7.8575,1.6249,3.1777,19322.0374,5616.0,5616.0,230125.4654,66886.56,,,3.352
600782,新钢股份,普钢,江西,19961225,600782.SH,20020613,12.15,12.28,12.1,12.1,12.23,-0.13,-1.06,226.0,275.808,0.0402,0.0402,0.24,88.4224,88.4224,8.6378,7.9829,7.9829,1.5994,3.1278,19322.0374,5616.0,5616.0,233796.6525,67953.6,,,3.352
600782,新钢股份,普钢,江西,19961225,600782.SH,20020612,12.18,12.32,12.0,12.23,12.23,0.0,0.0,259.07,314.316,0.0461,0.0461,0.24,89.3724,89.3724,8.7306,8.0686,8.0686,1.5824,3.0945,19322.0374,5616.0,5616.0,236308.5174,68683.68,,,3.352
600782,新钢股份,普钢,江西,19961225,600782.SH,20020611,12.05,12.4,12.05,12.23,12.11,0.12,0.99,365.42,445.75,0.0651,0.0651,0.33,89.3724,89.3724,8.7306,8.0686,8.0686,1.5824,3.0945,19322.0374,5616.0,5616.0,236308.5174,68683.68,,,3.352
600782,新钢股份,普钢,江西,19961225,600782.SH,20020610,12.15,12.3,12.1,12.11,12.18,-0.07,-0.57,295.0,358.296,0.0525,0.0525,0.25,88.4955,88.4955,8.6449,7.9895,7.9895,1.5981,3.1252,19322.0374,5616.0,5616.0,233989.8729,68009.76,,,3.352
600782,新钢股份,普钢,江西,19961225,600782.SH,20020607,12.42,12.5,12.15,12.29,12.38,-0.09,-0.73,1921.0,2366.451,0.3421,0.3421,1.86,89.8109,89.8109,8.7734,8.1082,8.1082,1.5747,,19322.0374,5616.0,5616.0,237467.8396,69020.64,,,3.352
600782,新钢股份,普钢,江西,19961225,600782.SH,20020606,11.78,12.5,11.7,12.38,11.78,0.6,5.09,1941.58,2345.401,0.3457,0.3457,1.76,90.4686,90.4686,8.8377,8.1676,8.1676,1.5632,,19322.0374,5616.0,5616.0,239206.823,69526.08,,,3.352
600782,新钢股份,普钢,江西,19961225,600782.SH,20020605,12.08,12.2,11.7,11.78,12.13,-0.35,-2.89,798.0,952.503,0.1421,0.1421,0.57,86.084,86.084,8.4094,7.7717,7.7717,1.6429,,19322.0374,5616.0,5616.0,227613.6006,66156.48,,,3.352
600782,新钢股份,普钢,江西,19961225,600782.SH,20020604,12.1,12.3,12.0,12.13,12.18,-0.05,-0.41,559.5,678.391,0.0996,0.0996,0.3,88.6417,88.6417,8.6592,8.0026,8.0026,1.5955,,19322.0374,5616.0,5616.0,234376.3137,68122.08,,,3.352
600782,新钢股份,普钢,江西,19961225,600782.SH,20020603,12.05,12.6,12.05,12.18,12.6,-0.42,-3.33,584.0,711.958,0.104,0.104,0.25,89.0071,89.0071,8.6949,8.0356,8.0356,1.5889,,19322.0374,5616.0,5616.0,235342.4155,68402.88,,,3.352
600782,新钢股份,普钢,江西,19961225,600782.SH,20020531,13.0,13.0,12.48,12.6,12.58,0.02,0.16,1271.43,1606.755,0.2264,0.2264,0.29,92.0763,92.0763,8.9947,8.3127,8.3127,1.536,,19322.0374,5616.0,5616.0,243457.6712,70761.6,,,3.352
600782,新钢股份,普钢,江西,19961225,600782.SH,20020530,12.68,12.85,12.38,12.58,12.68,-0.1,-0.79,2318.0,2909.879,0.4127,0.4127,0.24,91.9301,91.9301,8.9805,8.2995,8.2995,1.5384,,19322.0374,5616.0,5616.0,243071.2305,70649.28,,,3.352
600782,新钢股份,普钢,江西,19961225,600782.SH,20020529,13.0,13.0,12.55,12.68,12.92,-0.24,-1.86,2237.0,2855.654,0.3983,0.3983,0.22,92.6609,92.6609,9.0519,8.3655,8.3655,1.5263,,19322.0374,5616.0,5616.0,245003.4342,71210.88,,,3.352
600782,新钢股份,普钢,江西,19961225,600782.SH,20020528,12.7,13.18,12.7,12.92,12.82,0.1,0.78,3035.0,3940.689,0.5404,0.5404,0.28,94.4147,94.4147,9.2232,8.5238,8.5238,1.4979,,19322.0374,5616.0,5616.0,249640.7232,72558.72,,,3.352
600782,新钢股份,普钢,江西,19961225,600782.SH,20020527,12.95,13.15,12.68,12.82,12.86,-0.04,-0.31,3010.1,3874.324,0.536,0.536,0.26,93.6839,93.6839,9.1518,8.4579,8.4579,1.5096,,19322.0374,5616.0,5616.0,247708.5195,71997.12,,,3.352
600782,新钢股份,普钢,江西,19961225,600782.SH,20020524,12.68,12.95,12.52,12.86,12.76,0.1,0.78,11550.46,14751.898,2.0567,2.0567,0.66,93.9762,93.9762,9.1804,8.4843,8.4843,1.5049,,19322.0374,5616.0,5616.0,248481.401,72221.76,,,3.352
600782,新钢股份,普钢,江西,19961225,600782.SH,20020523,12.08,12.8,11.81,12.76,12.04,0.72,5.98,28715.82,35018.546,5.1132,5.1132,2.13,93.2455,93.2455,9.109,8.4183,8.4183,1.5167,,19322.0374,5616.0,5616.0,246549.1972,71660.16,,,3.352
600782,新钢股份,普钢,江西,19961225,600782.SH,20020522,12.65,12.68,12.0,12.04,12.7,-0.66,-5.2,5150.0,6292.551,0.917,0.917,0.37,87.984,87.984,8.595,7.9433,7.9433,1.6074,,19322.0374,5616.0,5616.0,232637.3303,67616.64,,,3.352
600782,新钢股份,普钢,江西,19961225,600782.SH,20020521,12.78,13.0,12.46,12.7,12.46,0.24,1.93,6542.47,8296.372,1.165,1.165,0.42,92.807,92.807,9.0661,8.3787,8.3787,1.5239,,19322.0374,5616.0,5616.0,245389.875,71323.2,,,3.352
600782,新钢股份,普钢,江西,19961225,600782.SH,20020520,12.25,12.85,12.25,12.46,12.98,-0.52,-4.01,6568.95,8161.577,1.1697,1.1697,0.44,91.0532,91.0532,8.8948,8.2204,8.2204,1.5532,,19322.0374,5616.0,5616.0,240752.586,69975.36,,,3.352
600782,新钢股份,普钢,江西,19961225,600782.SH,20020517,13.88,14.35,12.71,12.98,13.82,-0.84,-6.08,40324.59,55956.944,7.1803,7.1803,5.21,94.8532,94.8532,9.266,8.5634,8.5634,1.491,,19322.0374,5616.0,5616.0,250800.0455,72895.68,,,3.352
600782,新钢股份,普钢,江西,19961225,600782.SH,20020516,14.18,14.22,13.7,13.82,14.13,-0.31,-2.19,8665.2,12110.845,1.5429,1.5429,1.16,100.9916,100.9916,9.8657,9.1176,9.1176,1.4004,,19322.0374,5616.0,5616.0,267030.5569,77613.12,,,3.352
600782,新钢股份,普钢,江西,19961225,600782.SH,20020515,13.95,14.35,13.6,14.13,13.97,0.16,1.15,8335.7,11749.506,1.4843,1.4843,1.09,103.2569,103.2569,10.087,9.3221,9.3221,1.3696,,19322.0374,5616.0,5616.0,273020.3885,79354.08,,,3.352
600782,新钢股份,普钢,江西,19961225,600782.SH,20020514,13.63,14.18,13.63,13.97,13.63,0.34,2.49,14600.74,20370.32,2.5998,2.5998,2.01,102.0877,102.0877,9.9727,9.2166,9.2166,1.3853,,19322.0374,5616.0,5616.0,269928.8625,78455.52,,,3.352
600782,新钢股份,普钢,江西,19961225,600782.SH,20020513,13.88,13.88,13.5,13.63,13.7,-0.07,-0.51,2914.7,4001.162,0.519,0.519,0.29,99.6031,99.6031,9.73,8.9923,8.9923,1.4199,,19322.0374,5616.0,5616.0,263359.3698,76546.08,,,3.352
600782,新钢股份,普钢,江西,19961225,600782.SH,20020510,13.9,14.1,13.68,13.7,13.81,-0.11,-0.8,4168.12,5780.093,0.7422,0.7422,0.44,100.1147,100.1147,9.78,9.0384,9.0384,1.4126,1.4126,19322.0374,5616.0,5616.0,264711.9124,76939.2,,,3.352
600782,新钢股份,普钢,江西,19961225,600782.SH,20020509,14.0,14.25,13.8,13.81,14.01,-0.2,-1.43,7452.2,10480.131,1.327,1.327,0.89,100.9185,100.9185,9.8585,9.111,9.111,1.4014,1.4014,19322.0374,5616.0,5616.0,266837.3365,77556.96,,,3.352
600782,新钢股份,普钢,江西,19961225,600782.SH,20020508,13.9,14.3,13.9,14.01,13.96,0.05,0.36,8983.66,12640.263,1.5997,1.5997,1.22,102.38,102.38,10.0013,9.243,9.243,1.3814,1.3814,19322.0374,5616.0,5616.0,270701.744,78680.16,,,3.352
600782,新钢股份,普钢,江西,19961225,600782.SH,20020430,13.95,14.35,13.66,13.96,13.88,0.08,0.58,12888.1,17957.795,2.2949,2.2949,2.28,102.0146,102.0146,9.9656,9.21,9.21,1.3863,1.3863,19322.0374,5616.0,5616.0,269735.6421,78399.36,,,3.352
600782,新钢股份,普钢,江西,19961225,600782.SH,20020429,13.4,14.11,12.67,13.88,13.17,0.71,5.39,16060.85,21987.329,2.8598,2.8598,4.68,101.43,101.43,9.9085,9.1572,9.1572,1.3943,1.3943,19322.0374,5616.0,5616.0,268189.8791,77950.08,,,3.352
600782,新钢股份,普钢,江西,19961225,600782.SH,20020426,12.86,13.2,12.86,13.17,12.95,0.22,1.7,2155.75,2817.573,0.3839,0.3839,0.36,96.2416,96.2416,9.4017,8.6888,8.6888,1.4695,1.4695,19322.0374,5616.0,5616.0,254471.2326,73962.72,,,3.352
600782,新钢股份,普钢,江西,19961225,600782.SH,20020425,12.9,12.98,12.8,12.95,12.89,0.06,0.47,1918.07,2470.962,0.3415,0.3415,0.29,94.6339,94.6339,9.2446,8.5436,8.5436,1.4944,1.4944,19322.0374,5616.0,5616.0,250220.3843,72727.2,,,3.352
600782,新钢股份,普钢,江西,19961225,600782.SH,20020424,12.9,13.16,12.8,12.89,13.06,-0.17,-1.3,3870.8,5003.423,0.6892,0.6892,0.54,94.1955,94.1955,9.2018,8.5041,8.5041,1.5014,1.5014,19322.0374,5616.0,5616.0,249061.0621,72390.24,,,3.352
600782,新钢股份,普钢,江西,19961225,600782.SH,20020423,13.0,13.18,12.8,13.06,13.04,0.02,0.15,4287.44,5580.609,0.7634,0.7634,0.61,95.4378,95.4378,9.3231,8.6162,8.6162,1.4819,1.4819,19322.0374,5616.0,5616.0,252345.8084,73344.96,,,3.352
600782,新钢股份,普钢,江西,19961225,600782.SH,20020422,13.5,13.5,12.9,13.04,13.58,-0.54,-3.98,4941.0,6483.847,0.8798,0.8798,0.55,95.2916,95.2916,9.3088,8.603,8.603,1.4841,1.4841,19322.0374,5616.0,5616.0,251959.3677,73232.64,,,3.352
600782,新钢股份,普钢,江西,19961225,600782.SH,20020418,13.43,13.85,13.1,13.58,13.43,0.15,1.12,14651.62,19750.739,2.6089,2.6089,1.87,99.2377,99.2377,9.8483,8.9593,8.9593,1.4251,1.4251,19322.0374,5616.0,5616.0,262393.2679,76265.28,,,3.352
600782,新钢股份,普钢,江西,19961225,600782.SH,20020417,13.54,13.58,13.2,13.43,13.54,-0.11,-0.81,5618.78,7503.744,1.0005,1.0005,0.67,98.1416,98.1416,9.7395,8.8603,8.8603,1.441,1.441,19322.0374,5616.0,5616.0,259494.9623,75422.88,,,3.352
600782,新钢股份,普钢,江西,19961225,600782.SH,20020416,13.44,13.85,13.44,13.54,13.47,0.07,0.52,6187.77,8432.31,1.1018,1.1018,0.7,98.9454,98.9454,9.8193,8.9329,8.9329,1.4293,1.4293,19322.0374,5616.0,5616.0,261620.3864,76040.64,,,3.352
600782,新钢股份,普钢,江西,19961225,600782.SH,20020415,13.46,13.48,13.21,13.47,13.32,0.15,1.13,3930.9,5240.051,0.6999,0.6999,0.44,98.4339,98.4339,9.7685,8.8867,8.8867,1.4367,1.4367,19322.0374,5616.0,5616.0,260267.8438,75647.52,,,3.352
600782,新钢股份,普钢,江西,19961225,600782.SH,20020412,12.88,13.5,12.88,13.32,12.93,0.39,3.02,14709.4,19497.307,2.6192,2.6192,2.01,97.3378,97.3378,9.6597,8.7877,8.7877,1.4529,1.4529,19322.0374,5616.0,5616.0,257369.5382,74805.12,,,3.352
600782,新钢股份,普钢,江西,19961225,600782.SH,20020411,13.0,13.25,12.8,12.93,12.96,-0.03,-0.23,8659.34,11241.295,1.5419,1.5419,1.18,94.4878,94.4878,9.3769,8.5304,8.5304,1.4968,1.4968,19322.0374,5616.0,5616.0,249833.9436,72614.88,,,3.352
600782,新钢股份,普钢,江西,19961225,600782.SH,20020410,12.67,13.1,12.65,12.96,12.67,0.29,2.29,8647.51,11134.519,1.5398,1.5398,1.15,94.707,94.707,9.3986,8.5502,8.5502,1.4933,1.4933,19322.0374,5616.0,5616.0,250413.6047,72783.36,,,3.352
600782,新钢股份,普钢,江西,19961225,600782.SH,20020409,12.4,12.8,12.4,12.67,12.41,0.26,2.1,7962.56,10076.243,1.4178,1.4178,1.18,92.5878,92.5878,9.1883,8.3589,8.3589,1.5275,1.5275,19322.0374,5616.0,5616.0,244810.2139,71154.72,,,3.352
600782,新钢股份,普钢,江西,19961225,600782.SH,20020408,12.41,12.65,12.26,12.41,12.47,-0.06,-0.48,4707.1,5828.568,0.8382,0.8382,0.62,90.6878,90.6878,8.9998,8.1874,8.1874,1.5595,1.5595,19322.0374,5616.0,5616.0,239786.4841,69694.56,,,3.352
600782,新钢股份,普钢,江西,19961225,600782.SH,20020405,12.5,12.83,12.38,12.47,12.38,0.09,0.73,6595.0,8243.72,1.1743,1.1743,0.88,91.1263,91.1263,9.0433,8.227,8.227,1.552,1.552,19322.0374,5616.0,5616.0,240945.8064,70031.52,,,3.352
600782,新钢股份,普钢,江西,19961225,600782.SH,20020404,12.11,12.4,12.05,12.38,12.17,0.21,1.73,8752.44,10779.179,1.5585,1.5585,0.88,90.4686,90.4686,8.978,8.1676,8.1676,1.5632,1.5632,19322.0374,5616.0,5616.0,239206.823,69526.08,,,3.352
600782,新钢股份,普钢,江西,19961225,600782.SH,20020403,11.9,12.37,11.9,12.17,11.9,0.27,2.27,9538.5,11601.256,1.6985,1.6985,1.11,88.934,88.934,8.8257,8.029,8.029,1.5902,1.5902,19322.0374,5616.0,5616.0,235149.1952,68346.72,,,3.352
600782,新钢股份,普钢,江西,19961225,600782.SH,20020402,12.54,12.54,11.85,11.9,12.16,-0.26,-2.14,4181.0,5074.15,0.7445,0.7445,0.37,86.9609,86.9609,8.6299,7.8509,7.8509,1.6263,1.6263,19322.0374,5616.0,5616.0,229932.2451,66830.4,,,3.352
600782,新钢股份,普钢,江西,19961225,600782.SH,20020401,11.1,12.2,11.1,12.16,11.72,0.44,3.75,8641.7,10138.346,1.5388,1.5388,0.77,88.8609,88.8609,8.8185,8.0224,8.0224,1.5915,1.5915,19322.0374,5616.0,5616.0,234955.9748,68290.56,,,3.352
600782,新钢股份,普钢,江西,19961225,600782.SH,20020329,12.08,12.08,11.4,11.72,12.06,-0.34,-2.82,6339.41,7504.446,1.1288,1.1288,0.43,85.6455,85.6455,8.4994,7.7322,7.7322,1.6513,1.6513,19322.0374,5616.0,5616.0,226454.2783,65819.52,,,3.352
600782,新钢股份,普钢,江西,19961225,600782.SH,20020328,12.15,12.39,11.92,12.06,12.12,-0.06,-0.5,21189.44,25532.697,3.773,3.773,1.44,88.1301,88.1301,8.746,7.9565,7.9565,1.6047,1.6047,19322.0374,5616.0,5616.0,233023.771,67728.96,,,3.352
600782,新钢股份,普钢,江西,19961225,600782.SH,20020327,12.2,12.2,11.85,12.12,12.18,-0.06,-0.49,2504.33,2995.153,0.4459,0.4459,0.14,88.5686,88.5686,8.7895,7.9961,7.9961,1.5968,1.5968,19322.0374,5616.0,5616.0,234183.0933,68065.92,,,3.352
600782,新钢股份,普钢,江西,19961225,600782.SH,20020326,11.92,12.48,11.81,12.18,12.07,0.11,0.91,17108.45,20635.724,3.0464,3.0464,1.11,89.0071,89.0071,8.833,8.0356,8.0356,1.5889,1.5889,19322.0374,5616.0,5616.0,235342.4155,68402.88,,,3.352
600782,新钢股份,普钢,江西,19961225,600782.SH,20020325,12.08,12.23,11.85,12.07,12.16,-0.09,-0.74,8961.76,10732.763,1.5958,1.5958,0.54,88.2032,88.2032,8.7532,7.9631,7.9631,1.6034,1.6034,19322.0374,5616.0,5616.0,233216.9914,67785.12,,,3.352
600782,新钢股份,普钢,江西,19961225,600782.SH,20020322,11.9,12.16,11.59,12.16,11.87,0.29,2.44,24771.57,29405.965,4.4109,4.4109,1.68,88.8609,88.8609,8.8185,8.0224,8.0224,1.5915,1.5915,19322.0374,5616.0,5616.0,234955.9748,68290.56,,,3.352
600782,新钢股份,普钢,江西,19961225,600782.SH,20020321,11.99,12.04,11.72,11.87,11.99,-0.12,-1.0,20309.69,23976.641,3.6164,3.6164,1.32,86.7417,86.7417,8.6082,7.8311,7.8311,1.6304,1.6304,19322.0374,5616.0,5616.0,229352.5839,66661.92,,,3.352
600782,新钢股份,普钢,江西,19961225,600782.SH,20020320,12.28,12.59,11.52,11.99,12.17,-0.18,-1.48,18358.16,21879.209,3.2689,3.2689,1.52,87.6186,87.6186,8.6952,7.9103,7.9103,1.6141,1.6141,19322.0374,5616.0,5616.0,231671.2284,67335.84,,,3.352
600782,新钢股份,普钢,江西,19961225,600782.SH,20020319,12.0,12.28,11.72,12.17,12.0,0.17,1.42,4374.89,5253.302,0.779,0.779,0.37,87.4553,77.178,8.652,9.2436,8.1591,1.5902,1.5902,19322.0374,5616.0,5616.0,235149.1952,68346.72,,,3.352
600782,新钢股份,普钢,江西,19961225,600782.SH,20020318,11.98,12.25,11.5,12.0,11.68,0.32,2.74,14749.18,17555.63,2.6263,2.6263,1.58,86.2336,76.0999,8.5312,9.1145,8.0451,1.6128,1.6128,19322.0374,5616.0,5616.0,231864.4488,67392.0,,,3.352
600782,新钢股份,普钢,江西,19961225,600782.SH,20020315,11.15,12.25,11.15,11.68,11.66,0.02,0.17,15806.17,18626.716,2.8145,2.8145,2.24,83.9341,74.0706,8.3037,8.8715,7.8306,1.6569,1.6569,19322.0374,5616.0,5616.0,225681.3968,65594.88,,,3.352
600782,新钢股份,普钢,江西,19961225,600782.SH,20020314,10.58,11.66,10.41,11.66,10.6,1.06,10.0,23698.57,27071.848,4.2198,4.2198,7.69,83.7904,73.9438,8.2895,8.8563,7.8172,1.6598,1.6598,19322.0374,5616.0,5616.0,225294.9561,65482.56,,,3.352
600782,新钢股份,普钢,江西,19961225,600782.SH,20020313,10.76,11.0,10.6,10.6,10.89,-0.29,-2.66,1676.0,1802.724,0.2984,0.2984,0.5,76.173,67.2216,7.5359,8.0512,7.1065,1.8258,1.8258,19322.0374,5616.0,5616.0,204813.5964,59529.6,,,3.352
600782,新钢股份,普钢,江西,19961225,600782.SH,20020312,11.22,11.22,10.82,10.89,11.22,-0.33,-2.94,2686.0,2952.905,0.4783,0.4783,0.81,78.257,69.0607,7.742,8.2714,7.301,1.7771,1.7771,19322.0374,5616.0,5616.0,210416.9873,61158.24,,,3.352
600782,新钢股份,普钢,江西,19961225,600782.SH,20020311,10.95,11.27,10.9,11.22,10.89,0.33,3.03,2742.39,3046.719,0.4883,0.4883,0.92,80.6285,71.1534,7.9767,8.5221,7.5222,1.7249,1.7249,19322.0374,5616.0,5616.0,216793.2596,63011.52,,,3.352
600782,新钢股份,普钢,江西,19961225,600782.SH,20020308,10.9,11.09,10.7,10.89,10.75,0.14,1.3,4429.52,4818.694,0.7887,0.7887,1.85,78.257,69.0607,7.742,8.2714,7.301,1.7771,1.7771,19322.0374,5616.0,5616.0,210416.9873,61158.24,,,3.352
600782,新钢股份,普钢,江西,19961225,600782.SH,20020307,10.18,10.9,10.18,10.75,10.18,0.57,5.6,3871.51,4069.126,0.6894,0.6894,2.15,77.251,68.1728,7.6425,8.1651,7.2071,1.8003,1.8003,19322.0374,5616.0,5616.0,207711.9021,60372.0,,,3.352
600782,新钢股份,普钢,江西,19961225,600782.SH,20020306,10.15,10.5,10.1,10.18,10.13,0.05,0.49,3027.42,3125.629,0.5391,0.5391,2.15,73.1549,64.5581,7.2373,7.7321,6.825,1.9011,1.9011,19322.0374,5616.0,5616.0,196698.3407,57170.88,,,3.352
600782,新钢股份,普钢,江西,19961225,600782.SH,20020305,9.7,10.15,9.7,10.13,9.66,0.47,4.87,2599.29,2597.403,0.4628,0.4628,2.34,72.7956,64.241,7.2017,7.6942,6.7914,1.9105,1.9105,19322.0374,5616.0,5616.0,195732.2389,56890.08,,,3.352
600782,新钢股份,普钢,江西,19961225,600782.SH,20020304,9.6,9.75,9.5,9.66,9.66,0.0,0.0,1049.0,1007.898,0.1868,0.1868,0.89,69.4181,61.2604,6.8676,7.3372,6.4763,2.0034,2.0034,19322.0374,5616.0,5616.0,186650.8813,54250.56,,,3.352
600782,新钢股份,普钢,江西,19961225,600782.SH,20020301,9.95,10.0,9.62,9.66,9.98,-0.32,-3.21,1399.1,1358.37,0.2491,0.2491,1.29,69.4181,61.2604,6.8676,7.3372,6.4763,2.0034,2.0034,19322.0374,5616.0,5616.0,186650.8813,54250.56,,,3.352
600782,新钢股份,普钢,江西,19961225,600782.SH,20020228,10.01,10.05,9.92,9.98,10.01,-0.03,-0.3,938.5,938.315,0.1671,0.1671,0.89,71.7176,63.2898,7.0951,7.5802,6.6909,1.9392,1.9392,19322.0374,5616.0,5616.0,192833.9333,56047.68,,,3.352
600782,新钢股份,普钢,江西,19961225,600782.SH,20020227,10.12,10.12,9.7,10.01,10.02,-0.01,-0.1,1055.27,1055.997,0.1879,0.1879,0.95,71.9332,63.48,7.1164,7.603,6.711,1.9334,1.9334,19322.0374,5616.0,5616.0,193413.5944,56216.16,,,3.352
600782,新钢股份,普钢,江西,19961225,600782.SH,20020226,10.02,10.15,9.9,10.02,10.08,-0.06,-0.6,1115.15,1114.366,0.1986,0.1986,1.01,72.0051,63.5434,7.1235,7.6106,6.7177,1.9314,1.9314,19322.0374,5616.0,5616.0,193606.8147,56272.32,,,3.352
600782,新钢股份,普钢,江西,19961225,600782.SH,20020225,10.0,10.2,9.98,10.08,9.92,0.16,1.61,1411.93,1425.722,0.2514,0.2514,1.35,72.4363,63.9239,7.1662,7.6562,6.7579,1.9199,1.9199,19322.0374,5616.0,5616.0,194766.137,56609.28,,,3.352
600782,新钢股份,普钢,江西,19961225,600782.SH,20020208,10.0,10.24,9.9,9.92,9.92,0.0,0.0,912.11,909.273,0.1624,0.1624,0.76,71.2865,62.9093,7.0524,7.5347,6.6507,1.9509,1.9509,19322.0374,5616.0,5616.0,191674.611,55710.72,,,3.352
600782,新钢股份,普钢,江西,19961225,600782.SH,20020207,9.6,10.1,9.6,9.92,9.79,0.13,1.33,791.01,784.024,0.1408,0.1408,0.41,71.2865,62.9093,7.0524,7.5347,6.6507,1.9509,1.9509,19322.0374,5616.0,5616.0,191674.611,55710.72,,,3.352
600782,新钢股份,普钢,江西,19961225,600782.SH,20020206,9.95,10.26,9.75,9.79,9.99,-0.2,-2.0,1321.0,1323.853,0.2352,0.2352,0.75,70.3523,62.0849,6.96,7.4359,6.5635,1.9768,1.9768,19322.0374,5616.0,5616.0,189162.7461,54980.64,,,3.352
600782,新钢股份,普钢,江西,19961225,600782.SH,20020205,9.95,10.08,9.77,9.99,9.98,0.01,0.1,1091.09,1081.873,0.1943,0.1943,0.67,71.7895,63.3532,7.1022,7.5878,6.6976,1.9372,1.9372,19322.0374,5616.0,5616.0,193027.1536,56103.84,,,3.352
600782,新钢股份,普钢,江西,19961225,600782.SH,20020204,9.75,10.08,9.7,9.98,9.78,0.2,2.05,1113.65,1101.502,0.1983,0.1983,0.67,71.7176,63.2898,7.0951,7.5802,6.6909,1.9392,1.9392,19322.0374,5616.0,5616.0,192833.9333,56047.68,,,3.352
600782,新钢股份,普钢,江西,19961225,600782.SH,20020201,10.2,10.25,9.75,9.78,9.99,-0.21,-2.1,1705.34,1685.267,0.3037,0.3037,1.02,70.2804,62.0214,6.9529,7.4283,6.5568,1.9788,1.9788,19322.0374,5616.0,5616.0,188969.5258,54924.48,,,3.352
600782,新钢股份,普钢,江西,19961225,600782.SH,20020131,9.25,10.09,9.25,9.99,9.18,0.81,8.82,4495.2,4379.239,0.8004,0.8004,4.25,71.7895,63.3532,7.1022,7.5878,6.6976,1.9372,1.9372,19322.0374,5616.0,5616.0,193027.1536,56103.84,,,3.352
600782,新钢股份,普钢,江西,19961225,600782.SH,20020130,9.16,9.34,9.0,9.18,9.22,-0.04,-0.43,346.4,315.599,0.0617,0.0617,0.32,65.9687,58.2164,6.5264,6.9726,6.1545,2.1082,2.1082,19322.0374,5616.0,5616.0,177376.3033,51554.88,,,3.352
600782,新钢股份,普钢,江西,19961225,600782.SH,20020129,8.85,9.5,8.75,9.22,9.0,0.22,2.44,518.0,470.592,0.0922,0.0922,0.46,66.2562,58.4701,6.5548,7.003,6.1814,2.099,2.099,19322.0374,5616.0,5616.0,178149.1848,51779.52,,,3.352
600782,新钢股份,普钢,江西,19961225,600782.SH,20020128,9.62,9.62,9.0,9.0,9.62,-0.62,-6.44,1247.0,1149.808,0.222,0.222,1.14,64.6752,57.0749,6.3984,6.8359,6.0339,2.1503,2.1503,19322.0374,5616.0,5616.0,173898.3366,50544.0,,,3.352
600782,新钢股份,普钢,江西,19961225,600782.SH,20020124,9.46,9.75,9.2,9.62,9.53,0.09,0.94,1728.0,1643.666,0.3077,0.3077,1.85,69.1306,61.0068,6.8392,7.3068,6.4495,2.0117,2.0117,19322.0374,5616.0,5616.0,185877.9998,54025.92,,,3.352
600782,新钢股份,普钢,江西,19961225,600782.SH,20020123,8.9,9.55,8.9,9.53,8.95,0.58,6.48,1448.28,1341.172,0.2579,0.2579,1.56,68.4839,60.436,6.7752,7.2384,6.3892,2.0307,2.0307,19322.0374,5616.0,5616.0,184139.0164,53520.48,,,3.352
600782,新钢股份,普钢,江西,19961225,600782.SH,20020122,8.82,9.1,8.82,8.95,8.84,0.11,1.24,502.0,449.776,0.0894,0.0894,0.46,64.3159,56.7579,6.3628,6.7979,6.0003,2.1623,2.1623,19322.0374,5616.0,5616.0,172932.2347,50263.2,,,3.352
600782,新钢股份,普钢,江西,19961225,600782.SH,20020121,8.8,9.14,8.8,8.84,9.03,-0.19,-2.1,718.0,638.217,0.1278,0.1278,0.62,63.5254,56.0603,6.2846,6.7144,5.9266,2.1893,2.1893,19322.0374,5616.0,5616.0,170806.8106,49645.44,,,3.352
600782,新钢股份,普钢,江西,19961225,600782.SH,20020118,8.9,9.15,8.8,9.03,8.94,0.09,1.01,1080.5,972.82,0.1924,0.1924,1.06,64.8908,57.2652,6.4197,6.8587,6.054,2.1432,2.1432,19322.0374,5616.0,5616.0,174477.9977,50712.48,,,3.352
600782,新钢股份,普钢,江西,19961225,600782.SH,20020117,9.25,9.34,8.9,8.94,9.29,-0.35,-3.77,934.0,850.089,0.1663,0.1663,0.89,64.2441,56.6944,6.3557,6.7903,5.9936,2.1648,2.1648,19322.0374,5616.0,5616.0,172739.0144,50207.04,,,3.352
600782,新钢股份,普钢,江西,19961225,600782.SH,20020116,8.8,9.77,8.8,9.29,8.88,0.41,4.62,1398.23,1280.755,0.249,0.249,1.37,66.7592,58.914,6.6046,7.0562,6.2283,2.0832,2.0832,19322.0374,5616.0,5616.0,179501.7274,52172.64,,,3.352
600782,新钢股份,普钢,江西,19961225,600782.SH,20020115,9.4,9.4,8.8,8.88,9.55,-0.67,-7.02,1299.0,1183.986,0.2313,0.2313,1.59,63.8129,56.3139,6.3131,6.7447,5.9534,2.1794,2.1794,19322.0374,5616.0,5616.0,171579.6921,49870.08,,,3.352
600782,新钢股份,普钢,江西,19961225,600782.SH,20020114,10.08,10.18,9.55,9.55,10.21,-0.66,-6.46,1058.0,1039.528,0.1884,0.1884,1.53,68.6276,60.5629,6.7894,7.2536,6.4026,2.0265,2.0265,19322.0374,5616.0,5616.0,184525.4572,53632.8,,,3.352
600782,新钢股份,普钢,江西,19961225,600782.SH,20020111,10.4,10.65,10.08,10.21,10.49,-0.28,-2.67,418.0,427.685,0.0744,0.0744,0.63,73.3705,64.7484,7.2586,7.7549,6.8451,1.8955,1.8955,19322.0374,5616.0,5616.0,197278.0019,57339.36,,,3.352
600782,新钢股份,普钢,江西,19961225,600782.SH,20020110,10.4,10.72,10.05,10.49,10.4,0.09,0.87,1087.82,1112.194,0.1937,0.1937,1.75,75.3826,66.524,7.4577,7.9676,7.0328,1.8449,1.8449,19322.0374,5616.0,5616.0,202688.1723,58911.84,,,3.352
600782,新钢股份,普钢,江西,19961225,600782.SH,20020109,11.1,11.11,10.35,10.4,11.11,-0.71,-6.39,1225.2,1294.215,0.2182,0.2182,2.63,74.7358,65.9533,7.3937,7.8992,6.9725,1.8609,1.8609,19322.0374,5616.0,5616.0,200949.189,58406.4,,,3.352
600782,新钢股份,普钢,江西,19961225,600782.SH,20020108,11.3,11.45,11.03,11.11,11.3,-0.19,-1.68,299.02,334.945,0.0532,0.0532,0.49,79.838,70.4558,7.8985,8.4385,7.4485,1.7419,1.7419,19322.0374,5616.0,5616.0,214667.8355,62393.76,,,3.352
600782,新钢股份,普钢,江西,19961225,600782.SH,20020107,11.4,11.6,11.25,11.3,11.46,-0.16,-1.4,422.1,478.126,0.0752,0.0752,0.49,81.2033,71.6608,8.0335,8.5828,7.5758,1.7127,1.7127,19322.0374,5616.0,5616.0,218339.0226,63460.8,,,3.352
600782,新钢股份,普钢,江西,19961225,600782.SH,20020104,11.38,11.62,11.38,11.46,11.45,0.01,0.09,300.8,343.573,0.0536,0.0536,0.33,82.3531,72.6754,8.1473,8.7044,7.6831,1.6887,1.6887,19322.0374,5616.0,5616.0,221430.5486,64359.36,,,3.352
600782,新钢股份,普钢,江西,19961225,600782.SH,20011231,11.35,11.66,11.35,11.45,11.35,0.1,0.88,867.76,994.086,0.1545,0.1545,1.01,82.2813,72.612,8.1402,8.6968,7.6764,0.4913,1.6902,19322.0374,5616.0,5616.0,221237.3282,64303.2,,,3.352
600782,新钢股份,普钢,江西,19961225,600782.SH,20011228,11.4,11.51,11.3,11.35,11.5,-0.15,-1.3,442.18,506.765,0.0787,0.0787,0.4,81.5627,71.9778,8.0691,8.6208,7.6094,0.4956,1.7051,19322.0374,5616.0,5616.0,219305.1245,63741.6,,,3.352
600782,新钢股份,普钢,江西,19961225,600782.SH,20011227,11.66,11.79,11.38,11.5,11.67,-0.17,-1.46,1003.0,1158.869,0.1786,0.1786,0.66,82.6406,72.9291,8.1757,8.7347,7.7099,0.4891,1.6829,19322.0374,5616.0,5616.0,222203.4301,64584.0,,,3.352
600782,新钢股份,普钢,江西,19961225,600782.SH,20011226,11.8,11.8,11.47,11.67,11.67,0.0,0.0,1684.97,1946.55,0.3,0.3,1.09,83.8622,74.0072,8.2966,8.8639,7.8239,0.482,1.6584,19322.0374,5616.0,5616.0,225488.1765,65538.72,,,3.352
600782,新钢股份,普钢,江西,19961225,600782.SH,20011225,11.75,11.98,11.55,11.67,11.75,-0.08,-0.68,498.55,583.193,0.0888,0.0888,0.29,83.8622,74.0072,8.2966,8.8639,7.8239,0.482,1.6584,19322.0374,5616.0,5616.0,225488.1765,65538.72,,,3.352
600782,新钢股份,普钢,江西,19961225,600782.SH,20011224,12.0,12.28,11.71,11.75,12.08,-0.33,-2.73,660.6,785.407,0.1176,0.1176,0.32,84.4371,74.5145,8.3534,8.9246,7.8775,0.4787,1.6471,19322.0374,5616.0,5616.0,227033.9395,65988.0,,,3.352
600782,新钢股份,普钢,江西,19961225,600782.SH,20011221,12.0,12.35,11.96,12.08,12.01,0.07,0.58,1673.41,2035.852,0.298,0.298,0.66,86.8085,76.6073,8.5881,9.1753,8.0988,0.4656,1.6021,19322.0374,5616.0,5616.0,233410.2118,67841.28,,,3.352
600782,新钢股份,普钢,江西,19961225,600782.SH,20011220,12.3,12.4,11.6,12.01,12.32,-0.31,-2.52,3104.29,3714.787,0.5528,0.5528,1.33,86.3055,76.1633,8.5383,9.1221,8.0518,0.4684,1.6114,19322.0374,5616.0,5616.0,232057.6692,67448.16,,,3.352
600782,新钢股份,普钢,江西,19961225,600782.SH,20011219,12.36,12.52,12.21,12.32,12.36,-0.04,-0.32,1797.7,2221.272,0.3201,0.3201,0.56,88.5332,78.1293,8.7587,9.3576,8.2597,0.4566,1.5709,19322.0374,5616.0,5616.0,238047.5008,69189.12,,,3.352
600782,新钢股份,普钢,江西,19961225,600782.SH,20011218,12.25,12.55,12.2,12.36,12.3,0.06,0.49,1268.7,1560.452,0.2259,0.2259,0.28,88.8206,78.3829,8.7871,9.388,8.2865,0.4551,1.5658,19322.0374,5616.0,5616.0,238820.3823,69413.76,,,3.352
600782,新钢股份,普钢,江西,19961225,600782.SH,20011217,12.4,12.6,12.2,12.3,12.44,-0.14,-1.13,2479.3,3051.354,0.4415,0.4415,0.55,88.3895,78.0024,8.7445,9.3424,8.2463,0.4573,1.5734,19322.0374,5616.0,5616.0,237661.06,69076.8,,,3.352
600782,新钢股份,普钢,江西,19961225,600782.SH,20011214,12.59,12.77,12.2,12.44,12.59,-0.15,-1.19,3991.0,4970.997,0.7106,0.7106,0.92,89.3955,78.8903,8.844,9.4487,8.3401,0.4522,1.5557,19322.0374,5616.0,5616.0,240366.1453,69863.04,,,3.352
600782,新钢股份,普钢,江西,19961225,600782.SH,20011213,13.18,13.18,12.5,12.59,13.01,-0.42,-3.23,2129.6,2724.675,0.3792,0.3792,0.48,90.4735,79.8415,8.9506,9.5626,8.4407,0.4468,1.5372,19322.0374,5616.0,5616.0,243264.4509,70705.44,,,3.352
600782,新钢股份,普钢,江西,19961225,600782.SH,20011212,13.0,13.3,12.88,13.01,13.07,-0.06,-0.46,6284.0,8218.878,1.1189,1.1189,1.56,93.4916,82.505,9.2492,9.8817,8.7223,0.4324,1.4875,19322.0374,5616.0,5616.0,251379.7066,73064.16,,,3.352
600782,新钢股份,普钢,江西,19961225,600782.SH,20011211,12.82,13.3,12.8,13.07,12.82,0.25,1.95,7395.31,9687.311,1.3168,1.3168,2.3,93.9228,82.8855,9.2919,9.9272,8.7625,0.4304,1.4807,19322.0374,5616.0,5616.0,252539.0288,73401.12,,,3.352
600782,新钢股份,普钢,江西,19961225,600782.SH,20011210,12.93,12.93,12.79,12.82,12.98,-0.16,-1.23,2731.22,3507.541,0.4863,0.4863,0.71,92.1263,81.3001,9.1141,9.7373,8.5949,0.4388,1.5096,19322.0374,5616.0,5616.0,247708.5195,71997.12,,,3.352
600782,新钢股份,普钢,江西,19961225,600782.SH,20011207,13.05,13.18,12.77,12.98,12.77,0.21,1.64,3106.9,4020.478,0.5532,0.5532,0.82,93.2761,82.3147,9.2279,9.8589,8.7022,0.4334,1.491,19322.0374,5616.0,5616.0,250800.0455,72895.68,,,3.352
600782,新钢股份,普钢,江西,19961225,600782.SH,20011206,12.83,12.98,12.68,12.77,12.86,-0.09,-0.7,2695.26,3450.437,0.4799,0.4799,0.57,91.767,80.983,9.0786,9.6994,8.5614,0.4405,1.5155,19322.0374,5616.0,5616.0,246742.4176,71716.32,,,3.352
600782,新钢股份,普钢,江西,19961225,600782.SH,20011205,13.2,13.34,12.85,12.86,13.26,-0.4,-3.02,4237.0,5541.356,0.7545,0.7545,0.79,92.4137,81.5538,9.1426,9.7677,8.6217,0.4374,1.5049,19322.0374,5616.0,5616.0,248481.401,72221.76,,,3.352
600782,新钢股份,普钢,江西,19961225,600782.SH,20011204,13.25,13.48,13.08,13.26,13.25,0.01,0.08,3322.7,4388.989,0.5916,0.5916,0.55,95.2882,84.0904,9.427,10.0715,8.8899,0.4242,1.4595,19322.0374,5616.0,5616.0,256210.2159,74468.16,,,3.352
600782,新钢股份,普钢,江西,19961225,600782.SH,20011203,12.9,13.55,12.88,13.25,12.93,0.32,2.47,5770.0,7643.46,1.0274,1.0274,1.13,95.2163,84.027,9.4198,10.0639,8.8832,0.4245,1.4606,19322.0374,5616.0,5616.0,256016.9956,74412.0,,,3.352
600782,新钢股份,普钢,江西,19961225,600782.SH,20011130,12.9,13.0,12.8,12.93,12.95,-0.02,-0.15,2907.43,3741.453,0.5177,0.5177,0.59,92.9167,81.9977,9.1923,9.8209,8.6686,0.435,1.4968,19322.0374,5616.0,5616.0,249833.9436,72614.88,,,3.352
600782,新钢股份,普钢,江西,19961225,600782.SH,20011129,12.85,13.28,12.85,12.95,12.98,-0.03,-0.23,7561.4,9868.261,1.3464,1.3464,2.0,93.0605,82.1245,9.2066,9.8361,8.682,0.4344,1.4944,19322.0374,5616.0,5616.0,250220.3843,72727.2,,,3.352
600782,新钢股份,普钢,江西,19961225,600782.SH,20011128,12.66,13.0,12.66,12.98,12.69,0.29,2.29,7370.27,9499.042,1.3124,1.3124,2.58,93.2761,82.3147,9.2279,9.8589,8.7022,0.4334,1.491,19322.0374,5616.0,5616.0,250800.0455,72895.68,,,3.352
600782,新钢股份,普钢,江西,19961225,600782.SH,20011127,12.2,12.7,12.2,12.69,12.17,0.52,4.27,6418.64,8067.821,1.1429,1.1429,2.31,91.1921,80.4757,9.0217,9.6386,8.5077,0.4433,1.5251,19322.0374,5616.0,5616.0,245196.6546,71267.04,,,3.352
600782,新钢股份,普钢,江西,19961225,600782.SH,20011126,12.36,12.36,12.15,12.17,12.38,-0.21,-1.7,1350.0,1650.766,0.2404,0.2404,0.46,87.4553,77.178,8.652,9.2436,8.1591,0.4622,1.5902,19322.0374,5616.0,5616.0,235149.1952,68346.72,,,3.352
600782,新钢股份,普钢,江西,19961225,600782.SH,20011123,12.42,12.48,12.2,12.38,12.48,-0.1,-0.8,2061.4,2531.645,0.3671,0.3671,0.6,88.9644,78.5098,8.8013,9.4031,8.2999,0.4544,1.5632,19322.0374,5616.0,5616.0,239206.823,69526.08,,,3.352
600782,新钢股份,普钢,江西,19961225,600782.SH,20011122,12.46,12.55,12.28,12.48,12.45,0.03,0.24,1688.79,2082.761,0.3007,0.3007,0.5,89.683,79.1439,8.8724,9.4791,8.3669,0.4507,1.5507,19322.0374,5616.0,5616.0,241139.0268,70087.68,,,3.352
600782,新钢股份,普钢,江西,19961225,600782.SH,20011121,12.6,12.7,12.3,12.45,12.6,-0.15,-1.19,2750.99,3443.89,0.4898,0.4898,0.81,89.4674,78.9537,8.8511,9.4563,8.3468,0.4518,1.5545,19322.0374,5616.0,5616.0,240559.3656,69919.2,,,3.352
600782,新钢股份,普钢,江西,19961225,600782.SH,20011120,12.42,12.87,12.4,12.6,12.5,0.1,0.8,6016.0,7602.47,1.0712,1.0712,2.34,90.5453,79.9049,8.9577,9.5702,8.4474,0.4464,1.536,19322.0374,5616.0,5616.0,243457.6712,70761.6,,,3.352
600782,新钢股份,普钢,江西,19961225,600782.SH,20011119,12.6,12.7,12.35,12.5,12.68,-0.18,-1.42,2248.5,2826.408,0.4004,0.4004,0.79,89.8267,79.2708,8.8866,9.4943,8.3804,0.45,1.5482,19322.0374,5616.0,5616.0,241525.4675,70200.0,,,3.352
600782,新钢股份,普钢,江西,19961225,600782.SH,20011116,12.89,13.3,12.4,12.68,12.29,0.39,3.17,4441.02,5617.766,0.7908,0.7908,1.23,91.1202,80.4123,9.0146,9.631,8.501,0.4436,1.5263,19322.0374,5616.0,5616.0,245003.4342,71210.88,,,3.352
600782,新钢股份,普钢,江西,19961225,600782.SH,20011115,12.25,12.65,12.25,12.29,12.4,-0.11,-0.89,1306.0,1625.594,0.2325,0.2325,0.29,88.3176,77.939,8.7374,9.3348,8.2396,0.4577,1.5747,19322.0374,5616.0,5616.0,237467.8396,69020.64,,,3.352
600782,新钢股份,普钢,江西,19961225,600782.SH,20011114,12.41,12.69,12.05,12.4,12.3,0.1,0.81,2980.0,3729.644,0.5306,0.5306,0.66,89.1081,78.6366,8.8156,9.4183,8.3133,0.4536,1.5607,19322.0374,5616.0,5616.0,239593.2638,69638.4,,,3.352
600782,新钢股份,普钢,江西,19961225,600782.SH,20011113,12.42,12.42,12.16,12.3,12.45,-0.15,-1.2,1855.08,2269.723,0.3303,0.3303,0.41,88.3895,78.0024,8.7445,9.3424,8.2463,0.4573,1.5734,19322.0374,5616.0,5616.0,237661.06,69076.8,,,3.352
600782,新钢股份,普钢,江西,19961225,600782.SH,20011112,12.5,12.68,12.2,12.45,12.47,-0.02,-0.16,3721.5,4655.119,0.6627,0.6627,0.96,89.4674,78.9537,8.8511,9.4563,8.3468,0.4518,1.5545,19322.0374,5616.0,5616.0,240559.3656,69919.2,,,3.352
600782,新钢股份,普钢,江西,19961225,600782.SH,20011109,11.9,12.6,11.9,12.47,12.04,0.43,3.57,8214.65,10184.677,1.4627,1.4627,3.06,89.6111,79.0805,8.8653,9.4715,8.3602,0.4511,1.552,19322.0374,5616.0,5616.0,240945.8064,70031.52,,,3.352
600782,新钢股份,普钢,江西,19961225,600782.SH,20011108,11.38,12.12,11.18,12.04,11.55,0.49,4.24,5628.9,6589.862,1.0023,1.0023,1.82,86.5211,76.3536,8.5596,9.1449,8.072,0.4672,1.6074,19322.0374,5616.0,5616.0,232637.3303,67616.64,,,3.352
600782,新钢股份,普钢,江西,19961225,600782.SH,20011107,12.1,12.25,11.4,11.55,12.1,-0.55,-4.55,3123.0,3724.183,0.5561,0.5561,0.83,82.9999,73.2462,8.2113,8.7727,7.7434,0.487,1.6756,19322.0374,5616.0,5616.0,223169.532,64864.8,,,3.352
600782,新钢股份,普钢,江西,19961225,600782.SH,20011106,11.86,12.48,11.86,12.1,12.0,0.1,0.83,1688.0,2057.757,0.3006,0.3006,0.48,86.9523,76.7341,8.6023,9.1905,8.1122,0.4649,1.5994,19322.0374,5616.0,5616.0,233796.6525,67953.6,,,3.352
600782,新钢股份,普钢,江西,19961225,600782.SH,20011105,12.1,12.19,11.86,12.0,12.1,-0.1,-0.83,780.0,936.321,0.1389,0.1389,0.22,86.2336,76.0999,8.5312,9.1145,8.0451,0.4688,1.6128,19322.0374,5616.0,5616.0,231864.4488,67392.0,,,3.352
600782,新钢股份,普钢,江西,19961225,600782.SH,20011102,12.06,12.35,11.95,12.1,12.2,-0.1,-0.82,2212.12,2682.991,0.3939,0.3939,0.66,86.9523,76.7341,8.6023,9.1905,8.1122,0.4649,1.5994,19322.0374,5616.0,5616.0,233796.6525,67953.6,,,3.352
600782,新钢股份,普钢,江西,19961225,600782.SH,20011101,11.7,12.38,11.41,12.2,11.7,0.5,4.27,7702.96,9250.7,1.3716,1.3716,3.35,87.6709,77.3683,8.6734,9.2664,8.1792,0.4611,1.5863,19322.0374,5616.0,5616.0,235728.8563,68515.2,,,3.352
600782,新钢股份,普钢,江西,19961225,600782.SH,20011031,11.05,11.99,11.05,11.7,11.13,0.57,5.12,6508.12,7567.549,1.1589,1.1589,2.47,84.0778,74.1974,8.3179,8.8867,7.844,0.4808,1.6541,19322.0374,5616.0,5616.0,226067.8376,65707.2,,,3.352
600782,新钢股份,普钢,江西,19961225,600782.SH,20011030,11.23,11.4,11.1,11.13,11.22,-0.09,-0.8,400.0,450.123,0.0712,0.0712,0.13,79.9817,70.5827,7.9127,8.4537,7.4619,0.5054,1.7388,19322.0374,5616.0,5616.0,215054.2763,62506.08,,,3.352
600782,新钢股份,普钢,江西,19961225,600782.SH,20011029,11.31,11.36,11.09,11.22,11.3,-0.08,-0.71,1068.0,1194.481,0.1902,0.1902,0.34,80.6285,71.1534,7.9767,8.5221,7.5222,0.5013,1.7249,19322.0374,5616.0,5616.0,216793.2596,63011.52,,,3.352
600782,新钢股份,普钢,江西,19961225,600782.SH,20011026,11.25,11.67,11.14,11.3,11.35,-0.05,-0.44,1136.0,1284.989,0.2023,0.2023,0.36,81.2033,71.6608,8.0335,8.5828,7.5758,0.4978,1.7127,19322.0374,5616.0,5616.0,218339.0226,63460.8,,,3.352
600782,新钢股份,普钢,江西,19961225,600782.SH,20011025,11.69,11.92,11.3,11.35,11.79,-0.44,-3.73,2392.19,2764.089,0.426,0.426,0.84,81.5627,71.9778,8.0691,8.6208,7.6094,0.4956,1.7051,19322.0374,5616.0,5616.0,219305.1245,63741.6,,,3.352
600782,新钢股份,普钢,江西,19961225,600782.SH,20011024,11.38,11.98,10.89,11.79,10.89,0.9,8.26,8160.37,9425.084,1.4531,1.4531,5.74,84.7246,74.7682,8.3819,8.955,7.9044,0.4771,1.6415,19322.0374,5616.0,5616.0,227806.8209,66212.64,,,3.352
600782,新钢股份,普钢,江西,19961225,600782.SH,20011023,10.51,10.89,10.51,10.89,9.9,0.99,10.0,2533.21,2735.279,0.4511,0.4511,2.21,78.257,69.0607,7.742,8.2714,7.301,0.5165,1.7771,19322.0374,5616.0,5616.0,210416.9873,61158.24,,,3.352
600782,新钢股份,普钢,江西,19961225,600782.SH,20011022,10.34,10.35,9.9,9.9,10.35,-0.45,-4.35,1509.0,1521.17,0.2687,0.2687,1.26,71.1428,62.7824,7.0382,7.5195,6.6372,0.5682,1.9548,19322.0374,5616.0,5616.0,191288.1703,55598.4,,,3.352
600782,新钢股份,普钢,江西,19961225,600782.SH,20011019,10.88,10.95,10.3,10.35,10.88,-0.53,-4.87,1238.02,1305.839,0.2204,0.2204,0.55,74.3765,65.6362,7.3581,7.8613,6.9389,0.5435,1.8699,19322.0374,5616.0,5616.0,199983.0871,58125.6,,,3.352
600782,新钢股份,普钢,江西,19961225,600782.SH,20011018,11.2,11.2,10.8,10.88,11.16,-0.28,-2.51,818.88,896.657,0.1458,0.1458,0.28,78.1852,68.9973,7.7349,8.2638,7.2943,0.517,1.7788,19322.0374,5616.0,5616.0,210223.7669,61102.08,,,3.352
600782,新钢股份,普钢,江西,19961225,600782.SH,20011017,11.4,11.48,11.0,11.16,11.43,-0.27,-2.36,1003.5,1118.318,0.1787,0.1787,0.34,80.1973,70.7729,7.934,8.4765,7.482,0.504,1.7341,19322.0374,5616.0,5616.0,215633.9374,62674.56,,,3.352
600782,新钢股份,普钢,江西,19961225,600782.SH,20011016,11.73,11.9,11.28,11.43,11.72,-0.29,-2.47,1150.0,1314.617,0.2048,0.2048,0.4,82.1375,72.4852,8.126,8.6816,7.663,0.4921,1.6932,19322.0374,5616.0,5616.0,220850.8875,64190.88,,,3.352
600782,新钢股份,普钢,江西,19961225,600782.SH,20011015,11.97,12.29,11.68,11.72,12.18,-0.46,-3.78,1788.66,2128.467,0.3185,0.3185,0.69,84.2215,74.3243,8.3321,8.9018,7.8574,0.4799,1.6513,19322.0374,5616.0,5616.0,226454.2783,65819.52,,,3.352
600782,新钢股份,普钢,江西,19961225,600782.SH,20011012,11.85,12.6,11.1,12.18,11.82,0.36,3.05,6523.7,7797.413,1.1616,1.1616,4.18,87.5271,77.2414,8.6592,9.2512,8.1658,0.4618,1.5889,19322.0374,5616.0,5616.0,235342.4155,68402.88,,,3.352
600782,新钢股份,普钢,江西,19961225,600782.SH,20011011,12.21,12.5,11.82,11.82,13.13,-1.31,-9.98,4160.2,4961.693,0.7408,0.7408,4.33,84.9401,74.9584,8.4032,8.9778,7.9245,0.4759,1.6373,19322.0374,5616.0,5616.0,228386.4821,66381.12,,,3.352
600782,新钢股份,普钢,江西,19961225,600782.SH,20011010,14.59,14.68,13.13,13.13,14.59,-1.46,-10.01,1246.0,1665.213,0.2219,0.2219,1.55,94.354,83.266,9.3345,9.9728,8.8027,0.4284,1.474,19322.0374,5616.0,5616.0,253698.3511,73738.08,,,3.352
600782,新钢股份,普钢,江西,19961225,600782.SH,20011009,14.56,14.76,14.51,14.59,14.66,-0.07,-0.48,598.59,877.613,0.1066,0.1066,0.75,104.8457,92.5248,10.3725,11.0817,9.7816,0.3855,1.3265,19322.0374,5616.0,5616.0,281908.5257,81937.44,,,3.352
600782,新钢股份,普钢,江西,19961225,600782.SH,20011008,14.65,14.99,14.5,14.66,14.65,0.01,0.07,463.8,680.706,0.0826,0.0826,0.55,105.3488,92.9687,10.4223,11.1349,9.8285,0.3837,1.3201,19322.0374,5616.0,5616.0,283261.0683,82330.56,,,3.352
600782,新钢股份,普钢,江西,19961225,600782.SH,20010928,14.5,14.97,14.5,14.65,14.64,0.01,0.07,1339.0,1981.983,0.2384,0.2384,2.05,105.2769,92.9053,10.4152,11.1273,9.8218,0.384,1.321,19322.0374,5616.0,5616.0,283067.8479,82274.4,,,3.352
600782,新钢股份,普钢,江西,19961225,600782.SH,20010927,14.8,14.95,14.5,14.64,14.8,-0.16,-1.08,1154.4,1701.898,0.2056,0.2056,2.41,105.205,92.8419,10.408,11.1197,9.8151,0.3842,1.3219,19322.0374,5616.0,5616.0,282874.6275,82218.24,,,3.352
600782,新钢股份,普钢,江西,19961225,600782.SH,20010926,14.95,15.18,14.6,14.8,14.93,-0.13,-0.87,472.84,702.608,0.0842,0.0842,1.02,106.3548,93.8566,10.5218,11.2412,9.9223,0.3801,1.3076,19322.0374,5616.0,5616.0,285966.1535,83116.8,,,3.352
600782,新钢股份,普钢,江西,19961225,600782.SH,20010925,14.96,15.26,14.8,14.93,14.93,0.0,0.0,560.44,838.416,0.0998,0.0998,1.28,107.289,94.681,10.6142,11.34,10.0095,0.3768,1.2962,19322.0374,5616.0,5616.0,288478.0184,83846.88,,,3.352
600782,新钢股份,普钢,江西,19961225,600782.SH,20010924,14.8,15.19,14.8,14.93,14.84,0.09,0.61,716.0,1074.953,0.1275,0.1275,1.82,107.289,94.681,10.6142,11.34,10.0095,0.3768,1.2962,19322.0374,5616.0,5616.0,288478.0184,83846.88,,,3.352
600782,新钢股份,普钢,江西,19961225,600782.SH,20010921,14.95,15.0,14.71,14.84,14.95,-0.11,-0.74,364.7,543.55,0.0649,0.0649,0.77,106.6423,94.1102,10.5502,11.2716,9.9492,0.379,1.3041,19322.0374,5616.0,5616.0,286739.035,83341.44,,,3.352
600782,新钢股份,普钢,江西,19961225,600782.SH,20010920,14.95,15.1,14.8,14.95,14.96,-0.01,-0.07,284.3,424.061,0.0506,0.0506,0.34,107.4327,94.8078,10.6284,11.3552,10.0229,0.3763,1.2945,19322.0374,5616.0,5616.0,288864.4591,83959.2,,,3.352
600782,新钢股份,普钢,江西,19961225,600782.SH,20010919,14.95,15.0,14.8,14.96,14.95,0.01,0.07,384.0,572.821,0.0684,0.0684,0.28,107.5046,94.8712,10.6355,11.3628,10.0296,0.376,1.2936,19322.0374,5616.0,5616.0,289057.6795,84015.36,,,3.352
600782,新钢股份,普钢,江西,19961225,600782.SH,20010918,15.0,15.18,14.7,14.95,14.98,-0.03,-0.2,442.0,657.707,0.0787,0.0787,0.29,107.4327,94.8078,10.6284,11.3552,10.0229,0.3763,1.2945,19322.0374,5616.0,5616.0,288864.4591,83959.2,,,3.352
600782,新钢股份,普钢,江西,19961225,600782.SH,20010917,15.11,15.36,14.9,14.98,15.19,-0.21,-1.38,497.4,748.608,0.0886,0.0886,0.19,107.6483,94.9981,10.6498,11.378,10.043,0.3755,1.2919,19322.0374,5616.0,5616.0,289444.1203,84127.68,,,3.352
600782,新钢股份,普钢,江西,19961225,600782.SH,20010914,15.55,15.6,15.0,15.19,15.57,-0.38,-2.44,772.0,1172.523,0.1375,0.1375,0.3,109.1574,96.3298,10.7991,11.5375,10.1838,0.3703,1.2741,19322.0374,5616.0,5616.0,293501.7481,85307.04,,,3.352
600782,新钢股份,普钢,江西,19961225,600782.SH,20010913,15.55,15.68,15.45,15.57,15.6,-0.03,-0.19,2030.0,3160.718,0.3615,0.3615,0.79,111.8881,98.7396,11.0692,11.8261,10.4386,0.3613,1.243,19322.0374,5616.0,5616.0,300844.1223,87441.12,,,3.352
600782,新钢股份,普钢,江西,19961225,600782.SH,20010912,15.3,15.7,15.0,15.6,15.4,0.2,1.3,3076.0,4729.538,0.5477,0.5477,1.12,112.1037,98.9299,11.0905,11.8489,10.4587,0.3606,1.2406,19322.0374,5616.0,5616.0,301423.7834,87609.6,,,3.352
600782,新钢股份,普钢,江西,19961225,600782.SH,20010911,15.55,15.78,15.2,15.4,15.54,-0.14,-0.9,1258.0,1949.288,0.224,0.224,0.4,110.6665,97.6616,10.9484,11.697,10.3246,0.3653,1.2567,19322.0374,5616.0,5616.0,297559.376,86486.4,,,3.352
600782,新钢股份,普钢,江西,19961225,600782.SH,20010910,14.85,15.66,14.76,15.54,14.96,0.58,3.88,5778.4,8855.984,1.0289,1.0289,2.77,111.6726,98.5494,11.0479,11.8033,10.4185,0.362,1.2454,19322.0374,5616.0,5616.0,300264.4612,87272.64,,,3.352
600782,新钢股份,普钢,江西,19961225,600782.SH,20010907,15.26,15.3,14.8,14.96,15.28,-0.32,-2.09,758.0,1136.232,0.135,0.135,0.35,107.5046,94.8712,10.6355,11.3628,10.0296,0.376,1.2936,19322.0374,5616.0,5616.0,289057.6795,84015.36,,,3.352
600782,新钢股份,普钢,江西,19961225,600782.SH,20010906,15.05,15.4,15.0,15.28,15.1,0.18,1.19,2015.0,3074.212,0.3588,0.3588,0.8,109.8042,96.9006,10.863,11.6058,10.2441,0.3681,1.2666,19322.0374,5616.0,5616.0,295240.7315,85812.48,,,3.352
600782,新钢股份,普钢,江西,19961225,600782.SH,20010905,15.07,15.46,14.85,15.1,15.03,0.07,0.47,3972.42,5994.187,0.7073,0.7073,1.99,108.5107,95.7591,10.7351,11.4691,10.1235,0.3725,1.2817,19322.0374,5616.0,5616.0,291762.7647,84801.6,,,3.352
600782,新钢股份,普钢,江西,19961225,600782.SH,20010904,14.7,15.3,14.7,15.03,14.9,0.13,0.87,3111.0,4666.197,0.554,0.554,1.87,108.0076,95.3152,10.6853,11.4159,10.0765,0.3743,1.2876,19322.0374,5616.0,5616.0,290410.2221,84408.48,,,3.352
600782,新钢股份,普钢,江西,19961225,600782.SH,20010903,15.35,15.48,14.8,14.9,15.38,-0.48,-3.12,583.6,877.945,0.1039,0.1039,0.32,107.0734,94.4907,10.5929,11.3172,9.9894,0.3775,1.2989,19322.0374,5616.0,5616.0,287898.3573,83678.4,,,3.322
600782,新钢股份,普钢,江西,19961225,600782.SH,20010831,15.35,15.48,15.1,15.38,15.35,0.03,0.2,1280.39,1961.428,0.228,0.228,0.56,110.5228,97.5347,10.9341,11.6818,10.3112,0.3657,1.2583,19322.0374,5616.0,5616.0,297172.9352,86374.08,,,3.322
600782,新钢股份,普钢,江西,19961225,600782.SH,20010830,15.05,15.65,15.0,15.35,15.05,0.3,1.99,3608.45,5537.748,0.6425,0.6425,2.05,110.3072,97.3445,10.9128,11.659,10.2911,0.3664,1.2608,19322.0374,5616.0,5616.0,296593.2741,86205.6,,,3.322
600782,新钢股份,普钢,江西,19961225,600782.SH,20010829,14.88,15.15,14.7,15.05,14.78,0.27,1.83,1415.7,2119.427,0.2521,0.2521,0.79,108.1514,95.442,10.6995,11.4311,10.0899,0.3738,1.2859,19322.0374,5616.0,5616.0,290796.6629,84520.8,,,3.322
600782,新钢股份,普钢,江西,19961225,600782.SH,20010828,14.7,14.92,14.5,14.78,14.7,0.08,0.54,1444.0,2118.993,0.2571,0.2571,0.83,106.2111,93.7297,10.5076,11.226,9.9089,0.3806,1.3094,19322.0374,5616.0,5616.0,285579.7128,83004.48,,,3.322
600782,新钢股份,普钢,江西,19961225,600782.SH,20010827,15.26,15.29,14.58,14.7,15.3,-0.6,-3.92,1338.75,1980.979,0.2384,0.2384,0.79,105.6362,93.2224,10.4507,11.1653,9.8553,0.3827,1.3165,19322.0374,5616.0,5616.0,284033.9498,82555.2,,,3.322
600782,新钢股份,普钢,江西,19961225,600782.SH,20010824,15.47,15.58,15.0,15.3,15.5,-0.2,-1.29,3646.61,5549.53,0.6493,0.6493,2.47,109.9479,97.0274,10.8773,11.621,10.2576,0.3676,1.2649,19322.0374,5616.0,5616.0,295627.1722,85924.8,,,3.322
600782,新钢股份,普钢,江西,19961225,600782.SH,20010823,15.2,15.58,15.01,15.5,15.32,0.18,1.17,970.0,1488.973,0.1727,0.1727,0.69,111.3851,98.2957,11.0194,11.7729,10.3916,0.3629,1.2486,19322.0374,5616.0,5616.0,299491.5797,87048.0,,,3.322
600782,新钢股份,普钢,江西,19961225,600782.SH,20010822,15.4,15.4,15.0,15.32,15.41,-0.09,-0.58,1561.8,2356.874,0.2781,0.2781,1.17,110.0916,97.1542,10.8915,11.6362,10.271,0.3672,1.2633,19322.0374,5616.0,5616.0,296013.613,86037.12,,,3.322
600782,新钢股份,普钢,江西,19961225,600782.SH,20010821,15.4,15.6,15.2,15.41,15.5,-0.09,-0.58,1167.86,1788.041,0.208,0.208,0.68,110.7384,97.725,10.9555,11.7046,10.3313,0.365,1.2559,19322.0374,5616.0,5616.0,297752.5963,86542.56,,,3.322
600782,新钢股份,普钢,江西,19961225,600782.SH,20010820,15.4,15.6,15.2,15.5,15.4,0.1,0.65,1093.0,1673.9,0.1946,0.1946,0.47,111.3851,98.2957,11.0194,11.7729,10.3916,0.3629,1.2486,19322.0374,5616.0,5616.0,299491.5797,87048.0,,,3.322
600782,新钢股份,普钢,江西,19961225,600782.SH,20010817,15.75,15.75,15.2,15.4,15.75,-0.35,-2.22,2591.5,3978.924,0.4614,0.4614,1.15,110.6665,97.6616,10.9484,11.697,10.3246,0.3653,1.2567,19322.0374,5616.0,5616.0,297559.376,86486.4,,,3.322
600782,新钢股份,普钢,江西,19961225,600782.SH,20010816,15.88,16.0,15.62,15.75,15.9,-0.15,-0.94,650.0,1029.293,0.1157,0.1157,0.24,113.1817,99.8811,11.1972,11.9628,10.5592,0.3571,1.2288,19322.0374,5616.0,5616.0,304322.0891,88452.0,,,3.322
600782,新钢股份,普钢,江西,19961225,600782.SH,20010815,15.8,16.07,15.75,15.9,15.8,0.1,0.63,1174.0,1868.164,0.209,0.209,0.43,114.2596,100.8324,11.3038,12.0767,10.6598,0.3538,1.2172,19322.0374,5616.0,5616.0,307220.3947,89294.4,,,3.322
600782,新钢股份,普钢,江西,19961225,600782.SH,20010814,16.48,16.48,15.69,15.8,16.25,-0.45,-2.77,3084.8,4914.047,0.5493,0.8789,1.0,113.541,113.541,11.6857,12.0008,12.0008,0.356,1.2249,19322.0374,5616.0,3510.0,305288.1909,88732.8,,,3.322
600782,新钢股份,普钢,江西,19961225,600782.SH,20010813,15.8,16.48,15.66,16.25,15.96,0.29,1.82,4190.6,6691.683,0.7462,1.1939,1.7,116.7747,116.7747,12.0185,12.3426,12.3426,0.3462,1.191,19322.0374,5616.0,3510.0,313983.1078,91260.0,,,3.322
600782,新钢股份,普钢,江西,19961225,600782.SH,20010810,16.0,16.18,15.6,15.96,15.9,0.06,0.38,2121.34,3366.415,0.3777,0.6044,0.88,114.6907,114.6907,11.804,12.1223,12.1223,0.3524,1.2126,19322.0374,5616.0,3510.0,308379.7169,89631.36,,,3.322
600782,新钢股份,普钢,江西,19961225,600782.SH,20010809,15.65,16.29,15.5,15.9,15.64,0.26,1.66,3146.19,4975.941,0.5602,0.8964,1.25,114.2596,114.2596,11.7597,12.0767,12.0767,0.3538,1.2172,19322.0374,5616.0,3510.0,307220.3947,89294.4,,,3.322
600782,新钢股份,普钢,江西,19961225,600782.SH,20010808,15.73,15.9,15.4,15.64,15.65,-0.01,-0.06,1186.01,1853.658,0.2112,0.3379,0.39,112.3912,112.3912,11.5674,11.8793,11.8793,0.3597,1.2374,19322.0374,5616.0,3510.0,302196.6649,87834.24,,,3.322
600782,新钢股份,普钢,江西,19961225,600782.SH,20010807,15.05,16.42,15.01,15.65,15.05,0.6,3.99,4744.24,7414.501,0.8448,1.3516,1.78,112.463,112.463,11.5748,11.8868,11.8868,0.3594,1.2366,19322.0374,5616.0,3510.0,302389.8853,87890.4,,,3.322
600782,新钢股份,普钢,江西,19961225,600782.SH,20010806,15.6,15.8,14.9,15.05,15.65,-0.6,-3.83,1137.0,1741.186,0.2025,0.3239,0.38,108.1514,108.1514,11.131,11.4311,11.4311,0.3738,1.2859,19322.0374,5616.0,3510.0,290796.6629,84520.8,,,3.322
600782,新钢股份,普钢,江西,19961225,600782.SH,20010803,15.5,15.87,15.48,15.65,15.5,0.15,0.97,1805.1,2831.753,0.3214,0.5143,0.61,112.463,112.463,11.5748,11.8868,11.8868,0.3594,1.2366,19322.0374,5616.0,3510.0,302389.8853,87890.4,,,3.322
600782,新钢股份,普钢,江西,19961225,600782.SH,20010802,15.7,15.88,14.98,15.5,15.7,-0.2,-1.27,3721.1,5714.16,0.6626,1.0601,1.45,111.3851,111.3851,11.4638,11.7729,11.7729,0.3629,1.2486,19322.0374,5616.0,3510.0,299491.5797,87048.0,,,3.322
600782,新钢股份,普钢,江西,19961225,600782.SH,20010801,14.67,15.75,14.6,15.7,14.68,1.02,6.95,3740.56,5649.994,0.6661,1.0657,1.69,112.8223,112.8223,11.6117,11.9248,11.9248,0.3583,1.2327,19322.0374,5616.0,3510.0,303355.9872,88171.2,,,3.322
600782,新钢股份,普钢,江西,19961225,600782.SH,20010731,15.35,15.65,14.68,14.68,15.38,-0.7,-4.55,2920.0,4460.329,0.5199,0.8319,1.3,105.4925,105.4925,10.8573,11.1501,11.1501,0.3832,1.3183,19322.0374,5616.0,3510.0,283647.509,82442.88,,,3.322
600782,新钢股份,普钢,江西,19961225,600782.SH,20010730,16.7,16.9,15.1,15.38,16.75,-1.37,-8.18,2666.9,4232.623,0.4749,0.7598,1.13,110.5228,110.5228,11.3751,11.6818,11.6818,0.3657,1.2583,19322.0374,5616.0,3510.0,297172.9352,86374.08,,,3.322
600782,新钢股份,普钢,江西,19961225,600782.SH,20010727,16.75,17.13,16.56,16.75,16.75,0.0,0.0,1757.0,2948.301,0.3129,0.5006,0.65,120.3678,120.3678,12.3883,12.7223,12.7223,0.3358,1.1554,19322.0374,5616.0,3510.0,323644.1265,94068.0,,,3.322
600782,新钢股份,普钢,江西,19961225,600782.SH,20010726,17.0,17.05,16.45,16.75,17.05,-0.3,-1.76,1710.68,2849.304,0.3046,0.4874,0.56,120.3678,120.3678,12.3883,12.7223,12.7223,0.3358,1.1554,19322.0374,5616.0,3510.0,323644.1265,94068.0,,,3.322
600782,新钢股份,普钢,江西,19961225,600782.SH,20010725,17.0,17.48,16.85,17.05,17.04,0.01,0.06,2036.8,3482.175,0.3627,0.5803,0.56,122.5236,122.5236,12.6102,12.9502,12.9502,0.3299,1.1351,19322.0374,5616.0,3510.0,329440.7377,95752.8,,,3.322
600782,新钢股份,普钢,江西,19961225,600782.SH,20010724,17.0,17.09,16.7,17.04,17.05,-0.01,-0.06,3053.79,5154.55,0.5438,0.87,0.56,122.4518,122.4518,12.6028,12.9426,12.9426,0.3301,1.1357,19322.0374,5616.0,3510.0,329247.5173,95696.64,,,3.322
600782,新钢股份,普钢,江西,19961225,600782.SH,20010723,17.09,17.09,16.78,17.05,17.09,-0.04,-0.23,3213.8,5422.214,0.5723,0.9156,0.45,122.5236,122.5236,12.6102,12.9502,12.9502,0.3299,1.1351,19322.0374,5616.0,3510.0,329440.7377,95752.8,,,3.322
600782,新钢股份,普钢,江西,19961225,600782.SH,20010720,17.0,17.18,16.78,17.09,17.12,-0.03,-0.18,3518.95,5939.92,0.6266,1.0025,0.49,122.8111,122.8111,12.6398,12.9806,12.9806,0.3291,1.1324,19322.0374,5616.0,3510.0,330213.6192,95977.44,,,3.322
600782,新钢股份,普钢,江西,19961225,600782.SH,20010719,17.42,17.56,16.85,17.12,17.42,-0.3,-1.72,3387.86,5795.917,0.6033,0.9652,0.42,123.0267,123.0267,12.662,13.0034,13.0034,0.3286,1.1304,19322.0374,5616.0,3510.0,330793.2803,96145.92,,,3.322
600782,新钢股份,普钢,江西,19961225,600782.SH,20010718,17.6,17.98,17.1,17.42,17.79,-0.37,-2.08,4916.2,8553.992,0.8754,1.4006,0.63,125.1825,125.1825,12.8839,13.2312,13.2312,0.3229,1.111,19322.0374,5616.0,3510.0,336589.8915,97830.72,,,3.322
600782,新钢股份,普钢,江西,19961225,600782.SH,20010717,18.0,18.45,17.6,17.79,17.96,-0.17,-0.95,12446.54,22423.855,2.2163,3.546,2.21,127.8414,127.8414,13.1575,13.5123,13.5123,0.3162,1.0879,19322.0374,5616.0,3510.0,343739.0453,99908.64,,,3.322
600782,新钢股份,普钢,江西,19961225,600782.SH,20010716,17.7,18.35,17.4,17.96,17.45,0.51,2.92,11629.8,20940.648,2.0708,3.3133,3.27,129.063,129.063,13.2832,13.6414,13.6414,0.3132,1.0776,19322.0374,5616.0,3510.0,347023.7917,100863.36,,,3.322
600782,新钢股份,普钢,江西,19961225,600782.SH,20010713,17.87,18.25,17.45,17.45,17.73,-0.28,-1.58,3428.0,6085.43,0.6104,0.9766,1.13,125.3981,125.3981,12.906,13.254,13.254,0.3223,1.1091,19322.0374,5616.0,3510.0,337169.5526,97999.2,,,3.322
600782,新钢股份,普钢,江西,19961225,600782.SH,20010712,17.4,17.94,17.39,17.73,17.3,0.43,2.49,8292.31,14719.758,1.4766,2.3625,5.16,127.4102,127.4102,13.1131,13.4667,13.4667,0.3173,1.0915,19322.0374,5616.0,3510.0,342579.7231,99571.68,,,3.322
600782,新钢股份,普钢,江西,19961225,600782.SH,20010711,16.9,17.59,16.66,17.3,16.9,0.4,2.37,3100.98,5334.231,0.5522,0.8835,2.74,124.3202,124.3202,12.7951,13.1401,13.1401,0.3251,1.1187,19322.0374,5616.0,3510.0,334271.247,97156.8,,,3.322
600782,新钢股份,普钢,江西,19961225,600782.SH,20010710,16.74,17.25,16.4,16.9,16.5,0.4,2.42,1751.46,2954.607,0.3119,0.499,1.83,121.4457,121.4457,12.4993,12.8363,12.8363,0.3328,1.1451,19322.0374,5616.0,3510.0,326542.4321,94910.4,,,3.322
600782,新钢股份,普钢,江西,19961225,600782.SH,20010709,16.8,16.8,16.2,16.5,16.78,-0.28,-1.67,1184.8,1953.15,0.211,0.3375,1.35,118.5713,118.5713,12.2034,12.5325,12.5325,0.3409,1.1729,19322.0374,5616.0,3510.0,318813.6171,92664.0,,,3.322
600782,新钢股份,普钢,江西,19961225,600782.SH,20010706,16.92,17.08,16.68,16.78,17.0,-0.22,-1.29,898.0,1510.35,0.1599,0.2558,0.75,120.5834,120.5834,12.4105,12.7451,12.7451,0.3352,1.1533,19322.0374,5616.0,3510.0,324223.7876,94236.48,,,3.322
600782,新钢股份,普钢,江西,19961225,600782.SH,20010705,17.3,17.3,16.82,17.0,17.15,-0.15,-0.87,1101.0,1877.049,0.196,0.3137,0.79,122.1643,122.1643,12.5732,12.9122,12.9122,0.3309,1.1384,19322.0374,5616.0,3510.0,328474.6358,95472.0,,,3.322
600782,新钢股份,普钢,江西,19961225,600782.SH,20010704,17.2,17.38,17.0,17.15,17.19,-0.04,-0.23,722.4,1237.558,0.1286,0.2058,0.44,123.2422,123.2422,12.6842,13.0262,13.0262,0.328,1.1285,19322.0374,5616.0,3510.0,331372.9414,96314.4,,,3.322
600782,新钢股份,普钢,江西,19961225,600782.SH,20010703,17.26,17.45,16.91,17.19,17.28,-0.09,-0.52,867.0,1487.738,0.1544,0.247,0.48,123.5297,123.5297,12.7137,13.0565,13.0565,0.3272,1.1258,19322.0374,5616.0,3510.0,332145.8229,96539.04,,,3.322
600782,新钢股份,普钢,江西,19961225,600782.SH,20010702,17.49,17.49,16.9,17.28,17.28,0.0,0.0,811.8,1395.37,0.1446,0.2313,0.37,124.1764,124.1764,12.7803,13.1249,13.1249,0.3255,1.12,19322.0374,5616.0,3510.0,333884.8063,97044.48,,,3.322
600782,新钢股份,普钢,江西,19961225,600782.SH,20010629,17.05,17.4,16.88,17.28,17.05,0.23,1.35,2478.76,4249.554,0.4414,0.7062,1.27,124.1764,124.1764,12.7803,13.1249,13.1249,0.3255,1.12,19322.0374,5616.0,3510.0,333884.8063,97044.48,,,3.322
600782,新钢股份,普钢,江西,19961225,600782.SH,20010628,17.08,17.49,16.81,17.05,17.08,-0.03,-0.18,2056.16,3525.427,0.3661,0.5858,1.06,122.5236,122.5236,12.6102,12.9502,12.9502,0.3299,1.1351,19322.0374,5616.0,3510.0,329440.7377,95752.8,,,3.322
600782,新钢股份,普钢,江西,19961225,600782.SH,20010627,17.1,17.1,16.9,17.08,17.15,-0.07,-0.41,2069.44,3520.897,0.3685,0.5896,1.22,122.7392,122.7392,12.6324,12.973,12.973,0.3293,1.1331,19322.0374,5616.0,3510.0,330020.3988,95921.28,,,3.322
600782,新钢股份,普钢,江西,19961225,600782.SH,20010626,17.55,17.55,17.12,17.15,17.4,-0.25,-1.44,1671.4,2871.752,0.2976,0.4762,0.97,123.2422,123.2422,12.6842,13.0262,13.0262,0.328,1.1285,19322.0374,5616.0,3510.0,331372.9414,96314.4,,,3.322
600782,新钢股份,普钢,江西,19961225,600782.SH,20010625,17.7,17.7,17.11,17.4,17.55,-0.15,-0.85,2620.46,4525.263,0.4666,0.7466,1.65,125.0388,125.0388,12.8691,13.216,13.216,0.3233,1.1122,19322.0374,5616.0,3510.0,336203.4508,97718.4,,,3.322
600782,新钢股份,普钢,江西,19961225,600782.SH,20010622,17.78,17.78,17.4,17.55,17.45,0.1,0.57,1343.46,2350.414,0.2392,0.3828,0.77,126.1167,126.1167,12.98,13.33,13.33,0.3205,1.1027,19322.0374,5616.0,3510.0,339101.7564,98560.8,,,3.322
600782,新钢股份,普钢,江西,19961225,600782.SH,20010621,17.25,17.98,17.25,17.45,17.25,0.2,1.16,1952.21,3407.173,0.3476,0.5562,1.12,125.3981,125.3981,12.906,13.254,13.254,0.3223,1.1091,19322.0374,5616.0,3510.0,337169.5526,97999.2,,,3.322
600782,新钢股份,普钢,江西,19961225,600782.SH,20010620,17.32,17.66,17.1,17.25,17.3,-0.05,-0.29,895.06,1547.987,0.1594,0.255,0.41,123.9609,123.9609,12.7581,13.1021,13.1021,0.3261,1.1219,19322.0374,5616.0,3510.0,333305.1452,96876.0,,,3.322
600782,新钢股份,普钢,江西,19961225,600782.SH,20010619,17.38,17.58,17.2,17.3,17.31,-0.01,-0.06,1760.87,3053.592,0.3135,0.5017,0.81,124.3202,124.3202,12.7951,13.1401,13.1401,0.3251,1.1187,19322.0374,5616.0,3510.0,334271.247,97156.8,,,3.322
600782,新钢股份,普钢,江西,19961225,600782.SH,20010618,17.6,17.83,17.2,17.31,17.58,-0.27,-1.54,1997.0,3503.226,0.3556,0.5689,0.93,124.392,124.392,12.8025,13.1477,13.1477,0.325,1.118,19322.0374,5616.0,3510.0,334464.4674,97212.96,,,3.322
600782,新钢股份,普钢,江西,19961225,600782.SH,20010615,17.85,17.92,17.5,17.58,17.7,-0.12,-0.68,2075.21,3662.277,0.3695,0.5912,0.97,126.3323,126.3323,13.0022,13.3528,13.3528,0.32,1.1009,19322.0374,5616.0,3510.0,339681.4175,98729.28,,,3.322
600782,新钢股份,普钢,江西,19961225,600782.SH,20010614,17.85,18.18,17.6,17.7,17.85,-0.15,-0.84,1960.19,3472.755,0.349,0.5585,0.87,127.1946,127.1946,13.0909,13.4439,13.4439,0.3178,1.0934,19322.0374,5616.0,3510.0,342000.062,99403.2,,,3.322
600782,新钢股份,普钢,江西,19961225,600782.SH,20010613,18.0,18.3,17.6,17.85,17.8,0.05,0.28,3024.18,5426.003,0.5385,0.8616,1.37,128.2725,128.2725,13.2019,13.5578,13.5578,0.3151,1.0842,19322.0374,5616.0,3510.0,344898.3676,100245.6,,,3.322
600782,新钢股份,普钢,江西,19961225,600782.SH,20010612,17.2,18.35,17.2,17.8,17.56,0.24,1.37,1759.0,3147.433,0.3132,0.5011,0.76,127.9132,127.9132,13.1649,13.5199,13.5199,0.316,1.0872,19322.0374,5616.0,3510.0,343932.2657,99964.8,,,3.322
600782,新钢股份,普钢,江西,19961225,600782.SH,20010611,17.9,17.98,17.5,17.56,17.9,-0.34,-1.9,1956.39,3464.381,0.3484,0.5574,0.72,126.1886,126.1886,12.9874,13.3376,13.3376,0.3203,1.1021,19322.0374,5616.0,3510.0,339294.9767,98616.96,,,3.322
600782,新钢股份,普钢,江西,19961225,600782.SH,20010608,18.18,18.18,17.6,17.9,17.9,0.0,0.0,1999.6,3562.987,0.3561,0.5697,0.65,128.6318,128.6318,13.2389,13.5958,13.5958,0.3142,1.0812,19322.0374,5616.0,3510.0,345864.4695,100526.4,,,3.322
600782,新钢股份,普钢,江西,19961225,600782.SH,20010607,17.8,18.3,17.6,17.9,17.8,0.1,0.56,2567.45,4608.852,0.4572,0.7315,0.52,128.6318,128.6318,13.2389,13.5958,13.5958,0.3142,1.0812,19322.0374,5616.0,3510.0,345864.4695,100526.4,,,3.322
600782,新钢股份,普钢,江西,19961225,600782.SH,20010606,18.2,18.28,17.7,17.8,17.97,-0.17,-0.95,2773.7,4946.099,0.4939,0.7902,0.49,127.9132,127.9132,13.1649,13.5199,13.5199,0.316,1.0872,19322.0374,5616.0,3510.0,343932.2657,99964.8,,,3.322
600782,新钢股份,普钢,江西,19961225,600782.SH,20010605,18.25,18.39,17.83,17.97,18.18,-0.21,-1.16,2260.46,4059.336,0.4025,0.644,0.38,129.1349,129.1349,13.2906,13.649,13.649,0.313,1.077,19322.0374,5616.0,3510.0,347217.0121,100919.52,,,3.322
600782,新钢股份,普钢,江西,19961225,600782.SH,20010604,17.8,18.51,17.53,18.18,17.65,0.53,3.0,4077.65,7393.499,0.7261,1.1617,0.7,130.644,130.644,13.446,13.8085,13.8085,0.3094,1.0645,19322.0374,5616.0,3510.0,351274.6399,102098.88,,,3.322
600782,新钢股份,普钢,江西,19961225,600782.SH,20010601,18.0,18.25,17.51,17.65,18.0,-0.35,-1.94,3821.39,6769.818,0.6804,1.0887,0.68,126.8353,126.8353,13.054,13.4059,13.4059,0.3187,1.0965,19322.0374,5616.0,3510.0,341033.9601,99122.4,,,3.322
600782,新钢股份,普钢,江西,19961225,600782.SH,20010531,18.59,18.83,17.65,18.0,17.95,0.05,0.28,11974.01,21868.552,2.1321,3.4114,2.96,129.3505,129.3505,13.3128,13.6718,13.6718,0.3125,1.0752,19322.0374,5616.0,3510.0,347796.6732,101088.0,,,3.322
600782,新钢股份,普钢,江西,19961225,600782.SH,20010530,16.35,17.95,16.3,17.95,16.32,1.63,9.99,5926.22,10490.342,1.0552,1.6884,1.68,128.9912,128.9912,13.2758,13.6338,13.6338,0.3134,1.0782,19322.0374,5616.0,3510.0,346830.5713,100807.2,,,3.322
600782,新钢股份,普钢,江西,19961225,600782.SH,20010529,16.88,16.88,16.25,16.32,16.91,-0.59,-3.49,4003.62,6584.631,0.7129,1.1406,1.03,117.2777,117.2777,12.0703,12.3957,12.3957,0.3447,1.1858,19322.0374,5616.0,3510.0,315335.6504,91653.12,,,3.322
600782,新钢股份,普钢,江西,19961225,600782.SH,20010528,17.4,17.58,16.9,16.91,17.49,-0.58,-3.32,3350.6,5723.002,0.5966,0.9546,0.71,121.5176,121.5176,12.5067,12.8439,12.8439,0.3326,1.1445,19322.0374,5616.0,3510.0,326735.6524,94966.56,,,3.322
600782,新钢股份,普钢,江西,19961225,600782.SH,20010525,17.6,17.66,17.26,17.49,17.55,-0.06,-0.34,3033.77,5276.534,0.5402,0.8643,0.49,125.6855,125.6855,12.9356,13.2844,13.2844,0.3216,1.1065,19322.0374,5616.0,3510.0,337942.4341,98223.84,,,3.322
600782,新钢股份,普钢,江西,19961225,600782.SH,20010524,17.6,17.85,17.29,17.55,17.54,0.01,0.06,3925.95,6842.268,0.6991,1.1185,0.34,126.1167,126.1167,12.98,13.33,13.33,0.3205,1.1027,19322.0374,5616.0,3510.0,339101.7564,98560.8,,,3.322
600782,新钢股份,普钢,江西,19961225,600782.SH,20010523,17.35,17.7,17.25,17.54,17.45,0.09,0.52,3362.16,5896.076,0.5987,0.9579,0.26,126.0448,126.0448,12.9726,13.3224,13.3224,0.3207,1.1034,19322.0374,5616.0,3510.0,338908.536,98504.64,,,3.322
600782,新钢股份,普钢,江西,19961225,600782.SH,20010522,17.8,17.9,17.25,17.45,17.8,-0.35,-1.97,5837.6,10229.176,1.0395,1.6631,0.47,125.3981,125.3981,12.906,13.254,13.254,0.3223,1.1091,19322.0374,5616.0,3510.0,337169.5526,97999.2,,,3.322
600782,新钢股份,普钢,江西,19961225,600782.SH,20010521,18.35,18.35,17.68,17.8,18.2,-0.4,-2.2,7360.76,13114.92,1.3107,2.0971,0.65,127.9132,127.9132,13.1649,13.5199,13.5199,0.316,1.0872,19322.0374,5616.0,3510.0,343932.2657,99964.8,,,3.322
600782,新钢股份,普钢,江西,19961225,600782.SH,20010518,18.4,18.5,17.45,18.2,18.4,-0.2,-1.09,10232.19,18415.685,1.822,2.9152,1.03,130.7877,130.7877,13.4607,13.8237,13.8237,0.3091,1.0634,19322.0374,5616.0,3510.0,351661.0807,102211.2,,,3.322
600782,新钢股份,普钢,江西,19961225,600782.SH,20010517,17.5,18.94,17.36,18.4,17.24,1.16,6.73,30283.2,55382.413,5.3923,8.6277,7.26,132.2249,132.2249,13.6087,13.9756,13.9756,0.3057,1.0518,19322.0374,5616.0,3510.0,355525.4882,103334.4,,,3.322
600782,新钢股份,普钢,江西,19961225,600782.SH,20010516,15.8,17.24,15.6,17.24,15.67,1.57,10.02,11616.22,19277.102,2.0684,3.3095,5.46,123.889,123.889,12.7507,13.0945,13.0945,0.3263,1.1226,19322.0374,5616.0,3510.0,333111.9248,96819.84,,,3.322
600782,新钢股份,普钢,江西,19961225,600782.SH,20010515,15.6,15.8,15.4,15.67,15.6,0.07,0.45,2197.69,3423.87,0.3913,0.6261,1.01,112.6068,112.6068,11.5896,11.902,11.902,0.359,1.235,19322.0374,5616.0,3510.0,302776.3261,88002.72,,,3.322
600782,新钢股份,普钢,江西,19961225,600782.SH,20010514,15.8,15.88,15.41,15.6,15.8,-0.2,-1.27,2543.5,3968.6,0.4529,0.7246,0.95,112.1037,112.1037,11.5378,11.8489,11.8489,0.3606,1.2406,19322.0374,5616.0,3510.0,301423.7834,87609.6,,,3.322
600782,新钢股份,普钢,江西,19961225,600782.SH,20010511,15.57,16.0,15.57,15.8,15.57,0.23,1.48,2795.43,4413.978,0.4978,0.7964,1.13,113.541,113.541,11.6857,12.0008,12.0008,0.356,1.2249,19322.0374,5616.0,3510.0,305288.1909,88732.8,,,3.322
600782,新钢股份,普钢,江西,19961225,600782.SH,20010510,25.4,25.5,24.78,25.0,25.38,-0.38,-1.5,1713.72,4295.457,0.4882,0.4882,0.69,112.2834,112.2834,11.5563,11.8679,11.8679,0.36,,12076.2734,3510.0,3510.0,301906.835,87750.0,,,3.322
600782,新钢股份,普钢,江西,19961225,600782.SH,20010509,25.5,25.78,25.08,25.38,25.48,-0.1,-0.39,1394.8,3543.313,0.3974,0.3974,0.54,113.9901,113.9901,11.7319,12.0483,12.0483,0.3546,,12076.2734,3510.0,3510.0,306495.8189,89083.8,,,3.322
600782,新钢股份,普钢,江西,19961225,600782.SH,20010508,25.19,25.9,24.88,25.48,25.15,0.33,1.31,2463.67,6276.973,0.7019,0.7019,1.0,114.4392,114.4392,11.7782,12.0957,12.0957,0.3532,,12076.2734,3510.0,3510.0,307703.4462,89434.8,,,3.322
600782,新钢股份,普钢,江西,19961225,600782.SH,20010430,23.8,26.15,23.5,25.15,23.98,1.17,4.88,5072.8,12465.698,1.4452,1.4452,2.49,112.9571,112.9571,11.6256,11.9391,11.9391,0.3579,,12076.2734,3510.0,3510.0,303718.276,88276.5,,,3.322
600782,新钢股份,普钢,江西,19961225,600782.SH,20010427,24.2,24.33,23.8,23.98,24.18,-0.2,-0.83,1745.0,4203.056,0.4972,0.4972,0.83,107.7022,107.7022,11.0848,11.3837,11.3837,0.3753,,12076.2734,3510.0,3510.0,289589.0361,84169.8,,,3.322
600782,新钢股份,普钢,江西,19961225,600782.SH,20010426,24.45,24.67,23.88,24.18,24.48,-0.3,-1.23,1681.0,4075.235,0.4789,0.4789,0.84,108.6005,108.6005,11.1772,11.4786,11.4786,0.3722,,12076.2734,3510.0,3510.0,292004.2908,84871.8,,,3.322
600782,新钢股份,普钢,江西,19961225,600782.SH,20010425,24.34,24.97,24.2,24.48,24.4,0.08,0.33,1906.6,4653.42,0.5432,0.5432,0.89,109.9479,109.9479,11.3159,11.621,11.621,0.3676,,12076.2734,3510.0,3510.0,295627.1728,85924.8,,,3.322
600782,新钢股份,普钢,江西,19961225,600782.SH,20010424,24.75,25.14,24.21,24.4,24.88,-0.48,-1.93,1937.16,4753.632,0.5519,0.5519,0.79,109.5886,109.5886,11.2789,11.583,11.583,0.3689,,12076.2734,3510.0,3510.0,294661.071,85644.0,,,3.322
600782,新钢股份,普钢,江西,19961225,600782.SH,20010423,25.8,25.8,24.41,24.88,25.65,-0.77,-3.0,2923.78,7218.491,0.833,0.833,1.22,111.7444,111.7444,11.5008,11.8109,11.8109,0.3617,,12076.2734,3510.0,3510.0,300457.6822,87328.8,,,3.322
600782,新钢股份,普钢,江西,19961225,600782.SH,20010419,25.95,26.48,25.3,25.65,25.9,-0.25,-0.97,2063.36,5340.079,0.5879,0.5879,0.92,115.2028,115.2028,11.8567,12.1764,12.1764,0.3509,,12076.2734,3510.0,3510.0,309756.4127,90031.5,,,3.322
600782,新钢股份,普钢,江西,19961225,600782.SH,20010418,26.06,26.2,25.6,25.9,26.05,-0.15,-0.58,1205.9,3110.47,0.3436,0.3436,0.53,116.3256,116.3256,11.9723,12.2951,12.2951,0.3475,,12076.2734,3510.0,3510.0,312775.4811,90909.0,,,3.322
600782,新钢股份,普钢,江西,19961225,600782.SH,20010417,26.25,26.59,25.72,26.05,26.13,-0.08,-0.31,2555.52,6660.37,0.7281,0.7281,1.17,116.9993,116.9993,12.0416,12.3663,12.3663,0.3455,,12076.2734,3510.0,3510.0,314586.9221,91435.5,,,3.322
600782,新钢股份,普钢,江西,19961225,600782.SH,20010416,25.6,26.2,25.4,26.13,25.43,0.7,2.75,3472.14,8991.256,0.9892,0.9892,2.04,117.3586,117.3586,12.0786,12.4043,12.4043,0.3444,0.3444,12076.2734,3510.0,3510.0,315553.0239,91716.3,,,3.322
600782,新钢股份,普钢,江西,19961225,600782.SH,20010413,24.69,25.5,24.65,25.43,24.74,0.69,2.79,2668.2,6670.539,0.7602,0.7602,1.74,114.2147,114.2147,11.755,12.072,12.072,0.3539,0.3539,12076.2734,3510.0,3510.0,307099.6326,89259.3,,,3.322
600782,新钢股份,普钢,江西,19961225,600782.SH,20010412,24.68,24.88,24.2,24.74,24.49,0.25,1.02,1347.87,3300.505,0.384,0.384,0.67,111.1156,111.1156,11.4361,11.7444,11.7444,0.3638,0.3638,12076.2734,3510.0,3510.0,298767.0039,86837.4,,,3.322
600782,新钢股份,普钢,江西,19961225,600782.SH,20010411,24.33,24.5,24.0,24.49,24.3,0.19,0.78,1418.9,3428.761,0.4042,0.4042,0.61,109.9928,109.9928,11.3205,11.6258,11.6258,0.3675,0.3675,12076.2734,3510.0,3510.0,295747.9356,85959.9,,,3.322
600782,新钢股份,普钢,江西,19961225,600782.SH,20010410,24.29,24.95,24.16,24.3,24.58,-0.28,-1.14,2038.0,4969.857,0.5806,0.5806,0.81,109.1394,109.1394,11.2327,11.5356,11.5356,0.3704,0.3704,12076.2734,3510.0,3510.0,293453.4436,85293.0,,,3.322
600782,新钢股份,普钢,江西,19961225,600782.SH,20010409,24.6,24.95,24.24,24.58,24.73,-0.15,-0.61,1025.0,2509.368,0.292,0.292,0.29,110.397,110.397,11.3621,11.6685,11.6685,0.3662,0.3662,12076.2734,3510.0,3510.0,296834.8002,86275.8,,,3.322
600782,新钢股份,普钢,江西,19961225,600782.SH,20010406,24.12,25.0,24.05,24.73,24.75,-0.02,-0.08,1819.75,4465.576,0.5184,0.5184,0.45,111.0707,111.0707,11.4315,11.7397,11.7397,0.3639,0.3639,12076.2734,3510.0,3510.0,298646.2412,86802.3,,,3.322
600782,新钢股份,普钢,江西,19961225,600782.SH,20010405,25.0,25.0,23.95,24.75,25.0,-0.25,-1.0,3830.52,9327.887,1.0913,1.0913,0.93,111.1606,111.1606,11.4407,11.7492,11.7492,0.3636,0.3636,12076.2734,3510.0,3510.0,298887.7667,86872.5,,,3.322
600782,新钢股份,普钢,江西,19961225,600782.SH,20010404,25.38,25.47,24.5,25.0,25.28,-0.28,-1.11,2914.6,7284.967,0.8304,0.8304,0.69,112.2834,112.2834,11.5563,11.8679,11.8679,0.36,0.36,12076.2734,3510.0,3510.0,301906.835,87750.0,,,3.322
600782,新钢股份,普钢,江西,19961225,600782.SH,20010403,25.11,25.4,24.8,25.28,24.98,0.3,1.2,3007.0,7531.661,0.8567,0.8567,0.73,113.541,113.541,11.6857,12.0008,12.0008,0.356,0.356,12076.2734,3510.0,3510.0,305288.1916,88732.8,,,3.322
600782,新钢股份,普钢,江西,19961225,600782.SH,20010402,24.3,25.2,24.25,24.98,24.23,0.75,3.1,5973.89,14798.415,1.702,1.702,1.54,112.1936,112.1936,11.547,11.8584,11.8584,0.3603,0.3603,12076.2734,3510.0,3510.0,301665.3095,87679.8,,,3.322
600782,新钢股份,普钢,江西,19961225,600782.SH,20010330,24.97,25.1,24.13,24.23,24.98,-0.75,-3.0,4375.94,10681.822,1.2467,1.2467,1.12,108.8251,108.8251,11.2003,11.5023,11.5023,0.3714,0.3714,12076.2734,3510.0,3510.0,292608.1045,85047.3,,,3.322
600782,新钢股份,普钢,江西,19961225,600782.SH,20010329,25.87,25.87,24.65,24.98,25.65,-0.67,-2.61,4348.81,10893.468,1.239,1.239,1.17,112.1936,112.1936,11.547,11.8584,11.8584,0.3603,0.3603,12076.2734,3510.0,3510.0,301665.3095,87679.8,,,3.322
600782,新钢股份,普钢,江西,19961225,600782.SH,20010328,25.59,25.88,25.05,25.65,25.6,0.05,0.2,3527.6,9016.621,1.005,1.005,0.94,115.2028,115.2028,11.8567,12.1764,12.1764,0.3509,0.3509,12076.2734,3510.0,3510.0,309756.4127,90031.5,,,3.322
600782,新钢股份,普钢,江西,19961225,600782.SH,20010327,26.2,26.4,25.2,25.6,25.97,-0.37,-1.42,2425.3,6200.976,0.691,0.691,0.58,114.9782,114.9782,11.8336,12.1527,12.1527,0.3516,0.3516,12076.2734,3510.0,3510.0,309152.599,89856.0,,,3.322
600782,新钢股份,普钢,江西,19961225,600782.SH,20010326,25.25,25.98,24.7,25.97,25.06,0.91,3.63,4755.76,12020.676,1.3549,1.3549,0.89,116.64,116.64,12.0047,12.3283,12.3283,0.3466,0.3466,12076.2734,3510.0,3510.0,313620.8202,91154.7,,,3.322
600782,新钢股份,普钢,江西,19961225,600782.SH,20010323,25.01,26.2,25.01,25.06,26.18,-1.12,-4.28,4460.47,11300.787,1.2708,1.2708,0.75,112.5529,112.5529,11.584,11.8963,11.8963,0.3591,0.3591,12076.2734,3510.0,3510.0,302631.4114,87960.6,,,3.322
600782,新钢股份,普钢,江西,19961225,600782.SH,20010322,26.06,26.5,25.6,26.18,26.0,0.18,0.69,3406.26,8835.337,0.9704,0.9704,0.55,117.5832,117.5832,12.1017,12.428,12.428,0.3438,0.3438,12076.2734,3510.0,3510.0,316156.8376,91891.8,,,3.322
600782,新钢股份,普钢,江西,19961225,600782.SH,20010321,25.97,26.2,25.28,26.0,26.08,-0.08,-0.31,3760.6,9671.733,1.0714,1.0714,0.57,116.7747,116.7747,12.0185,12.3426,12.3426,0.3462,0.3462,12076.2734,3510.0,3510.0,313983.1084,91260.0,,,3.322
600782,新钢股份,普钢,江西,19961225,600782.SH,20010320,27.1,27.1,25.5,26.08,27.0,-0.92,-3.41,4526.98,11818.161,1.2897,1.2897,0.68,117.134,117.134,12.0555,12.3806,12.3806,0.3451,0.3451,12076.2734,3510.0,3510.0,314949.2103,91540.8,,,3.322
600782,新钢股份,普钢,江西,19961225,600782.SH,20010319,26.02,27.49,26.02,27.0,26.79,0.21,0.78,10424.3,27975.623,2.9699,2.9699,1.66,217.712,258.5177,12.9292,19.7242,17.1478,0.3333,0.3333,12076.2734,3510.0,3510.0,326059.3818,94770.0,,,3.322
600782,新钢股份,普钢,江西,19961225,600782.SH,20010316,25.15,27.1,25.15,26.79,26.1,0.69,2.64,7789.03,20562.555,2.2191,2.2191,1.03,216.0186,256.507,12.8287,19.5708,17.0144,0.3359,0.3359,12076.2734,3510.0,3510.0,323523.3644,94032.9,,,3.322
600782,新钢股份,普钢,江西,19961225,600782.SH,20010315,26.3,26.38,25.57,26.1,26.14,-0.04,-0.15,4186.36,10885.27,1.1927,1.1927,0.46,210.4549,249.9004,12.4983,19.0667,16.5762,0.3448,0.3448,12076.2734,3510.0,3510.0,315190.7357,91611.0,,,3.322
600782,新钢股份,普钢,江西,19961225,600782.SH,20010314,25.17,26.35,25.0,26.14,25.17,0.97,3.85,5986.6,15453.782,1.7056,1.7056,0.65,210.7774,250.2834,12.5174,19.096,16.6016,0.3443,0.3443,12076.2734,3510.0,3510.0,315673.7867,91751.4,,,3.322
600782,新钢股份,普钢,江西,19961225,600782.SH,20010313,25.35,25.35,24.4,25.17,24.96,0.21,0.84,4938.12,12275.289,1.4069,1.4069,0.5,202.9559,240.9959,12.0529,18.3873,15.9855,0.3576,0.3576,12076.2734,3510.0,3510.0,303959.8015,88346.7,,,3.322
600782,新钢股份,普钢,江西,19961225,600782.SH,20010312,24.7,25.5,24.32,24.96,24.7,0.26,1.05,8545.81,21392.115,2.4347,2.4347,0.81,201.2626,238.9852,11.9523,18.2339,15.8522,0.3606,0.3606,12076.2734,3510.0,3510.0,301423.7841,87609.6,,,3.322
600782,新钢股份,普钢,江西,19961225,600782.SH,20010309,23.45,24.78,23.4,24.7,23.31,1.39,5.96,14309.11,34391.4,4.0767,4.0767,1.1,199.1661,236.4958,11.8278,18.044,15.687,0.3644,0.3644,12076.2734,3510.0,3510.0,298283.953,86697.0,,,3.322
600782,新钢股份,普钢,江西,19961225,600782.SH,20010308,21.91,23.45,21.73,23.31,21.88,1.43,6.54,11377.57,26055.095,3.2415,3.2415,0.81,187.958,223.1869,11.1622,17.0286,14.8043,0.3861,0.3861,12076.2734,3510.0,3510.0,281497.933,81818.1,,,3.322
600782,新钢股份,普钢,江西,19961225,600782.SH,20010307,22.48,22.87,21.7,21.88,22.51,-0.63,-2.8,7222.78,15929.537,2.0578,2.0578,0.49,176.4273,209.4951,10.4775,15.9839,13.8961,0.4113,0.4113,12076.2734,3510.0,3510.0,264228.862,76798.8,,,3.322
600782,新钢股份,普钢,江西,19961225,600782.SH,20010306,23.05,23.6,22.3,22.51,23.05,-0.54,-2.34,7866.8,17918.233,2.2413,2.2413,0.53,181.5073,215.5271,10.7791,16.4441,14.2962,0.3998,0.3998,12076.2734,3510.0,3510.0,271836.9142,79010.1,,,3.322
600782,新钢股份,普钢,江西,19961225,600782.SH,20010305,22.68,23.7,22.25,23.05,22.7,0.35,1.54,12251.4,28142.387,3.4904,3.4904,0.93,185.8615,220.6975,11.0377,16.8386,14.6391,0.3905,0.3905,12076.2734,3510.0,3510.0,278358.1019,80905.5,,,3.322
600782,新钢股份,普钢,江西,19961225,600782.SH,20010302,21.35,22.87,20.5,22.7,21.55,1.15,5.34,26549.53,57426.084,7.564,7.564,2.86,183.0393,217.3463,10.8701,16.5829,14.4168,0.3965,0.3965,12076.2734,3510.0,3510.0,274131.4062,79677.0,,,3.322
600782,新钢股份,普钢,江西,19961225,600782.SH,20010301,23.2,24.32,21.5,21.55,23.3,-1.75,-7.51,16256.11,37029.667,4.6314,4.6314,1.92,173.7664,206.3354,10.3194,15.7428,13.6865,0.4176,0.4176,12076.2734,3510.0,3510.0,260243.6918,75640.5,,,3.322
600782,新钢股份,普钢,江西,19961225,600782.SH,20010228,23.0,24.7,22.88,23.3,22.85,0.45,1.97,10711.96,25277.996,3.0518,3.0518,1.31,187.8774,223.0912,11.1574,17.0213,14.7979,0.3863,0.3863,12076.2734,3510.0,3510.0,281377.1702,81783.0,,,3.322
600782,新钢股份,普钢,江西,19961225,600782.SH,20010227,21.76,22.9,21.6,22.85,21.76,1.09,5.01,7882.5,17722.131,2.2457,2.2457,0.95,184.2488,218.7825,10.942,16.6925,14.5121,0.3939,0.3939,12076.2734,3510.0,3510.0,275942.8472,80203.5,,,3.322
600782,新钢股份,普钢,江西,19961225,600782.SH,20010226,22.0,22.2,21.5,21.76,21.84,-0.08,-0.37,4624.6,10108.41,,,,,,,,,,,,,,,,,,3.322
600782,新钢股份,普钢,江西,19961225,600782.SH,20010223,21.4,21.98,21.05,21.84,21.38,0.46,2.15,6908.43,14923.282,,,,,,,,,,,,,,,,,,3.322
600782,新钢股份,普钢,江西,19961225,600782.SH,20010222,21.06,21.95,20.95,21.38,21.19,0.19,0.9,12133.27,26144.02,,,,,,,,,,,,,,,,,,3.322
600782,新钢股份,普钢,江西,19961225,600782.SH,20010221,20.45,21.23,20.3,21.19,20.45,0.74,3.62,9236.29,19268.162,,,,,,,,,,,,,,,,,,3.322
600782,新钢股份,普钢,江西,19961225,600782.SH,20010220,20.6,21.2,20.22,20.45,20.47,-0.02,-0.1,8533.28,17655.754,,,,,,,,,,,,,,,,,,3.322
600782,新钢股份,普钢,江西,19961225,600782.SH,20010219,19.67,20.5,19.05,20.47,19.65,0.82,4.17,8609.71,17142.451,,,,,,,,,,,,,,,,,,3.322
600782,新钢股份,普钢,江西,19961225,600782.SH,20010216,19.69,20.0,19.07,19.65,19.7,-0.05,-0.25,7185.47,14073.827,,,,,,,,,,,,,,,,,,3.322
600782,新钢股份,普钢,江西,19961225,600782.SH,20010215,18.9,19.8,18.88,19.7,18.98,0.72,3.79,9156.23,17944.757,,,,,,,,,,,,,,,,,,3.322
600782,新钢股份,普钢,江西,19961225,600782.SH,20010214,19.2,19.25,18.81,18.98,18.91,0.07,0.37,4323.5,8231.067,,,,,,,,,,,,,,,,,,3.322
600782,新钢股份,普钢,江西,19961225,600782.SH,20010213,18.73,19.2,18.52,18.91,18.73,0.18,0.96,8078.56,15260.252,,,,,,,,,,,,,,,,,,3.322
600782,新钢股份,普钢,江西,19961225,600782.SH,20010212,18.01,18.8,17.83,18.73,17.95,0.78,4.35,13652.63,25221.533,,,,,,,,,,,,,,,,,,3.322
600782,新钢股份,普钢,江西,19961225,600782.SH,20010209,17.0,18.0,16.95,17.95,17.08,0.87,5.09,5164.69,9073.26,,,,,,,,,,,,,,,,,,3.322
600782,新钢股份,普钢,江西,19961225,600782.SH,20010208,17.99,18.18,17.05,17.08,18.28,-1.2,-6.56,5388.82,9522.292,,,,,,,,,,,,,,,,,,3.322
600782,新钢股份,普钢,江西,19961225,600782.SH,20010207,18.3,18.54,18.28,18.28,18.36,-0.08,-0.44,2889.2,5318.623,,,,,,,,,,,,,,,,,,3.322
600782,新钢股份,普钢,江西,19961225,600782.SH,20010206,17.8,18.46,17.6,18.36,18.0,0.36,2.0,9563.25,17185.66,,,,,,,,,,,,,,,,,,3.322
600782,新钢股份,普钢,江西,19961225,600782.SH,20010205,18.0,18.39,17.8,18.0,17.85,0.15,0.84,6930.91,12592.719,,,,,,,,,,,,,,,,,,3.322
600782,新钢股份,普钢,江西,19961225,600782.SH,20010119,17.07,17.91,17.07,17.85,17.65,0.2,1.13,5420.66,9645.108,,,,,,,,,,,,,,,,,,3.322
600782,新钢股份,普钢,江西,19961225,600782.SH,20010118,17.4,17.92,17.4,17.65,17.45,0.2,1.15,2793.4,4971.043,,,,,,,,,,,,,,,,,,3.322
600782,新钢股份,普钢,江西,19961225,600782.SH,20010117,17.42,17.87,17.21,17.45,17.35,0.1,0.58,4082.62,7213.826,,,,,,,,,,,,,,,,,,3.322
600782,新钢股份,普钢,江西,19961225,600782.SH,20010116,17.0,17.6,16.96,17.35,17.43,-0.08,-0.46,4134.6,7186.628,,,,,,,,,,,,,,,,,,3.322
600782,新钢股份,普钢,江西,19961225,600782.SH,20010115,18.0,18.08,17.4,17.43,18.13,-0.7,-3.86,4778.05,8447.229,,,,,,,,,,,,,,,,,,3.322
600782,新钢股份,普钢,江西,19961225,600782.SH,20010112,18.54,18.54,18.1,18.13,18.54,-0.41,-2.21,5253.86,9608.899,,,,,,,,,,,,,,,,,,3.322
600782,新钢股份,普钢,江西,19961225,600782.SH,20010111,18.45,18.88,18.45,18.54,18.3,0.24,1.31,8774.42,16369.566,,,,,,,,,,,,,,,,,,3.322
600782,新钢股份,普钢,江西,19961225,600782.SH,20010110,17.2,18.4,17.2,18.3,17.61,0.69,3.92,7228.37,13091.536,,,,,,,,,,,,,,,,,,3.322
600782,新钢股份,普钢,江西,19961225,600782.SH,20010109,17.9,18.1,17.18,17.61,17.96,-0.35,-1.95,3983.16,7101.075,,,,,,,,,,,,,,,,,,3.322
600782,新钢股份,普钢,江西,19961225,600782.SH,20010108,18.36,18.4,17.8,17.96,18.3,-0.34,-1.86,8294.1,14975.016,,,,,,,,,,,,,,,,,,3.322
600782,新钢股份,普钢,江西,19961225,600782.SH,20010105,18.0,18.47,18.0,18.3,18.03,0.27,1.5,4746.95,8690.195,,,,,,,,,,,,,,,,,,3.322
600782,新钢股份,普钢,江西,19961225,600782.SH,20010104,17.72,18.4,17.72,18.03,17.71,0.32,1.81,6413.48,11620.133,,,,,,,,,,,,,,,,,,3.322
600782,新钢股份,普钢,江西,19961225,600782.SH,20010103,17.25,17.9,17.25,17.71,17.51,0.2,1.14,4701.72,8328.099,,,,,,,,,,,,,,,,,,3.322
600782,新钢股份,普钢,江西,19961225,600782.SH,20010102,17.1,17.79,16.85,17.51,17.06,0.45,2.64,3967.15,6935.345,,,,,,,,,,,,,,,,,,3.322
600782,新钢股份,普钢,江西,19961225,600782.SH,20001229,16.81,17.19,16.81,17.06,16.9,0.16,0.95,2416.0,4109.736,,,,,,,,,,,,,,,,,,3.322
600782,新钢股份,普钢,江西,19961225,600782.SH,20001228,17.2,17.8,16.86,16.9,17.29,-0.39,-2.26,2911.5,4980.32,,,,,,,,,,,,,,,,,,3.322
600782,新钢股份,普钢,江西,19961225,600782.SH,20001227,17.41,17.48,17.24,17.29,17.51,-0.22,-1.26,2724.35,4724.45,,,,,,,,,,,,,,,,,,3.322
600782,新钢股份,普钢,江西,19961225,600782.SH,20001226,17.35,17.6,17.22,17.51,17.41,0.1,0.57,1893.3,3302.849,,,,,,,,,,,,,,,,,,3.322
600782,新钢股份,普钢,江西,19961225,600782.SH,20001225,17.3,17.57,17.21,17.41,17.3,0.11,0.64,3060.18,5334.037,,,,,,,,,,,,,,,,,,3.322
600782,新钢股份,普钢,江西,19961225,600782.SH,20001222,17.98,17.98,17.3,17.3,17.58,-0.28,-1.59,5147.77,9080.173,,,,,,,,,,,,,,,,,,3.322
600782,新钢股份,普钢,江西,19961225,600782.SH,20001221,17.3,17.7,17.11,17.58,17.18,0.4,2.33,6621.22,11569.184,,,,,,,,,,,,,,,,,,3.322
600782,新钢股份,普钢,江西,19961225,600782.SH,20001220,17.16,17.25,16.83,17.18,16.82,0.36,2.14,3404.9,5825.298,,,,,,,,,,,,,,,,,,3.322
600782,新钢股份,普钢,江西,19961225,600782.SH,20001219,16.61,17.2,16.51,16.82,16.6,0.22,1.33,3692.97,6289.054,,,,,,,,,,,,,,,,,,3.322
600782,新钢股份,普钢,江西,19961225,600782.SH,20001218,16.5,16.67,16.3,16.6,16.45,0.15,0.91,2266.2,3730.782,,,,,,,,,,,,,,,,,,3.322
600782,新钢股份,普钢,江西,19961225,600782.SH,20001215,16.7,16.72,16.35,16.45,16.72,-0.27,-1.61,4316.73,7110.506,,,,,,,,,,,,,,,,,,3.322
600782,新钢股份,普钢,江西,19961225,600782.SH,20001214,16.63,17.2,16.63,16.72,16.7,0.02,0.12,7185.89,12129.408,,,,,,,,,,,,,,,,,,3.322
600782,新钢股份,普钢,江西,19961225,600782.SH,20001213,16.31,16.85,16.31,16.7,16.37,0.33,2.02,2477.77,4121.872,,,,,,,,,,,,,,,,,,3.322
600782,新钢股份,普钢,江西,19961225,600782.SH,20001212,16.0,16.55,16.0,16.37,16.24,0.13,0.8,4350.39,7109.072,,,,,,,,,,,,,,,,,,3.322
600782,新钢股份,普钢,江西,19961225,600782.SH,20001211,16.67,16.85,16.18,16.24,16.92,-0.68,-4.02,6796.5,11117.493,,,,,,,,,,,,,,,,,,3.322
600782,新钢股份,普钢,江西,19961225,600782.SH,20001208,16.7,17.02,16.7,16.92,16.78,0.14,0.83,3659.48,6195.989,,,,,,,,,,,,,,,,,,3.322
600782,新钢股份,普钢,江西,19961225,600782.SH,20001207,16.51,17.3,16.51,16.78,17.2,-0.42,-2.44,7817.7,13131.736,,,,,,,,,,,,,,,,,,3.322
600782,新钢股份,普钢,江西,19961225,600782.SH,20001206,17.75,17.8,17.12,17.2,17.7,-0.5,-2.82,6583.0,11430.893,,,,,,,,,,,,,,,,,,3.322
600782,新钢股份,普钢,江西,19961225,600782.SH,20001205,17.9,17.99,17.52,17.7,17.72,-0.02,-0.11,2993.5,5305.551,,,,,,,,,,,,,,,,,,3.322
600782,新钢股份,普钢,江西,19961225,600782.SH,20001204,17.85,17.98,17.6,17.72,17.8,-0.08,-0.45,3382.02,6001.173,,,,,,,,,,,,,,,,,,3.322
600782,新钢股份,普钢,江西,19961225,600782.SH,20001201,17.65,18.25,17.6,17.8,17.45,0.35,2.01,4439.96,7950.672,,,,,,,,,,,,,,,,,,3.322
600782,新钢股份,普钢,江西,19961225,600782.SH,20001130,17.6,17.9,17.4,17.45,17.6,-0.15,-0.85,4420.75,7787.591,,,,,,,,,,,,,,,,,,3.322
600782,新钢股份,普钢,江西,19961225,600782.SH,20001129,17.95,17.95,17.6,17.6,18.0,-0.4,-2.22,3648.93,6455.795,,,,,,,,,,,,,,,,,,3.322
600782,新钢股份,普钢,江西,19961225,600782.SH,20001128,17.54,18.1,17.33,18.0,17.54,0.46,2.62,6961.25,12304.973,,,,,,,,,,,,,,,,,,3.322
600782,新钢股份,普钢,江西,19961225,600782.SH,20001127,17.25,17.82,17.2,17.54,17.25,0.29,1.68,8980.44,15750.543,,,,,,,,,,,,,,,,,,3.322
600782,新钢股份,普钢,江西,19961225,600782.SH,20001124,18.33,18.5,17.2,17.25,18.35,-1.1,-5.99,17435.83,31087.246,,,,,,,,,,,,,,,,,,3.322
600782,新钢股份,普钢,江西,19961225,600782.SH,20001123,18.15,18.88,17.5,18.35,17.81,0.54,3.03,30522.8,55367.834,,,,,,,,,,,,,,,,,,3.322
600782,新钢股份,普钢,江西,19961225,600782.SH,20001122,17.03,18.22,16.81,17.81,16.82,0.99,5.89,44023.0,77984.149,,,,,,,,,,,,,,,,,,3.322
600782,新钢股份,普钢,江西,19961225,600782.SH,20001121,16.84,17.99,16.65,16.82,16.84,-0.02,-0.12,21408.48,36561.036,,,,,,,,,,,,,,,,,,3.322
600782,新钢股份,普钢,江西,19961225,600782.SH,20001120,16.77,16.84,16.45,16.84,16.77,0.07,0.42,4759.43,7911.544,,,,,,,,,,,,,,,,,,3.322
600782,新钢股份,普钢,江西,19961225,600782.SH,20001117,16.84,16.98,16.51,16.77,16.84,-0.07,-0.42,4600.0,7676.894,,,,,,,,,,,,,,,,,,3.322
600782,新钢股份,普钢,江西,19961225,600782.SH,20001116,16.42,17.0,16.42,16.84,16.54,0.3,1.81,9927.0,16749.284,,,,,,,,,,,,,,,,,,3.322
600782,新钢股份,普钢,江西,19961225,600782.SH,20001115,17.0,17.1,16.45,16.54,16.9,-0.36,-2.13,13294.0,22266.776,,,,,,,,,,,,,,,,,,3.322
600782,新钢股份,普钢,江西,19961225,600782.SH,20001114,16.0,17.3,15.96,16.9,15.81,1.09,6.89,23141.0,38703.01,,,,,,,,,,,,,,,,,,3.322
600782,新钢股份,普钢,江西,19961225,600782.SH,20001113,16.01,16.16,15.75,15.81,15.9,-0.09,-0.57,6832.0,10908.241,,,,,,,,,,,,,,,,,,3.322
600782,新钢股份,普钢,江西,19961225,600782.SH,20001110,15.68,16.2,15.55,15.9,15.63,0.27,1.73,14621.0,23299.132,,,,,,,,,,,,,,,,,,3.322
600782,新钢股份,普钢,江西,19961225,600782.SH,20001109,15.6,15.7,15.46,15.63,15.57,0.06,0.39,4659.0,7260.073,,,,,,,,,,,,,,,,,,3.322
600782,新钢股份,普钢,江西,19961225,600782.SH,20001108,15.6,15.74,15.5,15.57,15.7,-0.13,-0.83,1747.0,2721.212,,,,,,,,,,,,,,,,,,3.322
600782,新钢股份,普钢,江西,19961225,600782.SH,20001107,15.55,15.85,15.1,15.7,15.45,0.25,1.62,6568.0,10209.401,,,,,,,,,,,,,,,,,,3.322
600782,新钢股份,普钢,江西,19961225,600782.SH,20001106,14.95,15.49,14.95,15.45,14.96,0.49,3.28,5141.0,7844.277,,,,,,,,,,,,,,,,,,3.322
600782,新钢股份,普钢,江西,19961225,600782.SH,20001103,15.34,15.4,14.96,14.96,15.24,-0.28,-1.84,3724.0,5643.676,,,,,,,,,,,,,,,,,,3.322
600782,新钢股份,普钢,江西,19961225,600782.SH,20001102,15.37,15.6,15.1,15.24,15.38,-0.14,-0.91,3379.0,5202.946,,,,,,,,,,,,,,,,,,3.322
600782,新钢股份,普钢,江西,19961225,600782.SH,20001101,15.27,15.5,15.16,15.38,15.32,0.06,0.39,2368.0,3616.041,,,,,,,,,,,,,,,,,,3.322
600782,新钢股份,普钢,江西,19961225,600782.SH,20001031,15.61,15.88,15.28,15.32,15.6,-0.28,-1.79,5245.0,8078.03,,,,,,,,,,,,,,,,,,3.322
600782,新钢股份,普钢,江西,19961225,600782.SH,20001030,15.68,15.84,15.56,15.6,15.76,-0.16,-1.02,2983.0,4678.728,,,,,,,,,,,,,,,,,,3.322
600782,新钢股份,普钢,江西,19961225,600782.SH,20001027,15.6,15.88,15.43,15.76,15.48,0.28,1.81,3977.0,6206.754,,,,,,,,,,,,,,,,,,3.322
600782,新钢股份,普钢,江西,19961225,600782.SH,20001026,15.51,15.62,15.34,15.48,15.43,0.05,0.32,4740.0,7325.223,,,,,,,,,,,,,,,,,,3.322
600782,新钢股份,普钢,江西,19961225,600782.SH,20001025,15.5,15.7,15.22,15.43,15.4,0.03,0.19,5536.0,8554.087,,,,,,,,,,,,,,,,,,3.322
600782,新钢股份,普钢,江西,19961225,600782.SH,20001024,15.42,15.47,15.18,15.4,15.4,0.0,0.0,3909.0,5985.583,,,,,,,,,,,,,,,,,,3.322
600782,新钢股份,普钢,江西,19961225,600782.SH,20001023,14.9,15.4,14.8,15.4,14.85,0.55,3.7,5233.0,7966.842,,,,,,,,,,,,,,,,,,3.322
600782,新钢股份,普钢,江西,19961225,600782.SH,20001020,14.68,14.99,14.64,14.85,14.68,0.17,1.16,3812.0,5638.452,,,,,,,,,,,,,,,,,,3.322
600782,新钢股份,普钢,江西,19961225,600782.SH,20001019,14.85,14.9,14.6,14.68,14.85,-0.17,-1.14,4416.0,6500.94,,,,,,,,,,,,,,,,,,3.322
600782,新钢股份,普钢,江西,19961225,600782.SH,20001018,15.3,15.3,14.8,14.85,15.17,-0.32,-2.11,5667.0,8489.334,,,,,,,,,,,,,,,,,,3.322
600782,新钢股份,普钢,江西,19961225,600782.SH,20001017,15.15,15.31,15.14,15.17,15.15,0.02,0.13,2287.0,3480.891,,,,,,,,,,,,,,,,,,3.322
600782,新钢股份,普钢,江西,19961225,600782.SH,20001016,15.4,15.4,14.9,15.15,15.43,-0.28,-1.81,4724.0,7158.719,,,,,,,,,,,,,,,,,,3.322
600782,新钢股份,普钢,江西,19961225,600782.SH,20001013,15.5,15.98,15.37,15.43,15.49,-0.06,-0.39,11680.0,18264.681,,,,,,,,,,,,,,,,,,3.322
600782,新钢股份,普钢,江西,19961225,600782.SH,20001012,15.24,15.65,15.0,15.49,15.26,0.23,1.51,10281.0,15712.431,,,,,,,,,,,,,,,,,,3.322
600782,新钢股份,普钢,江西,19961225,600782.SH,20001011,15.3,15.74,15.11,15.26,15.1,0.16,1.06,30211.0,46690.335,,,,,,,,,,,,,,,,,,3.322
600782,新钢股份,普钢,江西,19961225,600782.SH,20001010,14.76,15.11,14.76,15.1,14.68,0.42,2.86,17000.0,25421.636,,,,,,,,,,,,,,,,,,3.322
600782,新钢股份,普钢,江西,19961225,600782.SH,20001009,14.28,14.78,14.0,14.68,14.21,0.47,3.31,6498.0,9397.688,,,,,,,,,,,,,,,,,,3.322
600782,新钢股份,普钢,江西,19961225,600782.SH,20000929,14.2,14.35,14.08,14.21,14.2,0.01,0.07,3111.0,4423.483,,,,,,,,,,,,,,,,,,3.322
600782,新钢股份,普钢,江西,19961225,600782.SH,20000928,14.59,14.59,14.2,14.2,14.5,-0.3,-2.07,2826.0,4044.858,,,,,,,,,,,,,,,,,,3.322
600782,新钢股份,普钢,江西,19961225,600782.SH,20000927,14.4,14.66,14.4,14.5,14.34,0.16,1.12,4139.0,6015.519,,,,,,,,,,,,,,,,,,3.322
600782,新钢股份,普钢,江西,19961225,600782.SH,20000926,14.15,14.5,14.15,14.34,14.15,0.19,1.34,2516.0,3612.609,,,,,,,,,,,,,,,,,,3.322
600782,新钢股份,普钢,江西,19961225,600782.SH,20000925,14.2,14.68,14.15,14.15,14.45,-0.3,-2.08,3111.0,4456.716,,,,,,,,,,,,,,,,,,3.322
600782,新钢股份,普钢,江西,19961225,600782.SH,20000922,13.95,14.48,13.85,14.45,13.97,0.48,3.44,6507.0,9283.717,,,,,,,,,,,,,,,,,,3.322
600782,新钢股份,普钢,江西,19961225,600782.SH,20000921,14.2,14.2,13.82,13.97,13.58,0.39,2.87,2195.0,3073.918,,,,,,,,,,,,,,,,,,3.322
600782,新钢股份,普钢,江西,19961225,600782.SH,20000919,13.99,13.99,13.55,13.58,14.06,-0.48,-3.41,2467.0,3394.405,,,,,,,,,,,,,,,,,,3.322
600782,新钢股份,普钢,江西,19961225,600782.SH,20000918,14.15,14.26,13.91,14.06,14.14,-0.08,-0.57,2755.0,3884.565,,,,,,,,,,,,,,,,,,3.322
600782,新钢股份,普钢,江西,19961225,600782.SH,20000915,13.84,14.22,13.84,14.14,13.88,0.26,1.87,2291.0,3232.753,,,,,,,,,,,,,,,,,,3.322
600782,新钢股份,普钢,江西,19961225,600782.SH,20000914,14.15,14.15,13.85,13.88,14.1,-0.22,-1.56,1337.0,1867.948,,,,,,,,,,,,,,,,,,3.322
600782,新钢股份,普钢,江西,19961225,600782.SH,20000913,14.16,14.25,14.0,14.1,14.16,-0.06,-0.42,2260.0,3195.998,,,,,,,,,,,,,,,,,,3.322
600782,新钢股份,普钢,江西,19961225,600782.SH,20000912,13.87,14.28,13.8,14.16,13.87,0.29,2.09,4299.0,6089.024,,,,,,,,,,,,,,,,,,3.322
600782,新钢股份,普钢,江西,19961225,600782.SH,20000911,13.94,13.96,13.76,13.87,13.83,0.04,0.29,1489.0,2061.982,,,,,,,,,,,,,,,,,,3.322
600782,新钢股份,普钢,江西,19961225,600782.SH,20000908,13.6,13.9,13.2,13.83,13.5,0.33,2.44,4879.0,6646.43,,,,,,,,,,,,,,,,,,3.322
600782,新钢股份,普钢,江西,19961225,600782.SH,20000907,13.45,13.75,13.45,13.5,13.4,0.1,0.75,2610.0,3540.251,,,,,,,,,,,,,,,,,,3.322
600782,新钢股份,普钢,江西,19961225,600782.SH,20000906,13.65,13.85,13.4,13.4,13.78,-0.38,-2.76,3321.3,4524.608,,,,,,,,,,,,,,,,,,3.322
600782,新钢股份,普钢,江西,19961225,600782.SH,20000905,14.15,14.25,13.7,13.78,14.14,-0.36,-2.55,3210.0,4479.714,,,,,,,,,,,,,,,,,,3.322
600782,新钢股份,普钢,江西,19961225,600782.SH,20000904,14.04,14.3,13.82,14.14,14.02,0.12,0.86,3848.0,5393.955,,,,,,,,,,,,,,,,,,3.322
600782,新钢股份,普钢,江西,19961225,600782.SH,20000901,14.05,14.45,13.98,14.02,14.15,-0.13,-0.92,6079.0,8626.252,,,,,,,,,,,,,,,,,,3.322
600782,新钢股份,普钢,江西,19961225,600782.SH,20000831,14.8,14.8,14.13,14.15,14.9,-0.75,-5.03,7941.0,11509.82,,,,,,,,,,,,,,,,,,3.322
600782,新钢股份,普钢,江西,19961225,600782.SH,20000830,14.9,15.27,14.82,14.9,14.88,0.02,0.13,11828.0,17807.26,,,,,,,,,,,,,,,,,,3.322
600782,新钢股份,普钢,江西,19961225,600782.SH,20000829,14.71,14.9,14.61,14.88,14.7,0.18,1.22,4936.0,7289.934,,,,,,,,,,,,,,,,,,3.322
600782,新钢股份,普钢,江西,19961225,600782.SH,20000828,14.75,14.8,14.53,14.7,14.6,0.1,0.68,4117.0,6030.467,,,,,,,,,,,,,,,,,,3.322
600782,新钢股份,普钢,江西,19961225,600782.SH,20000825,14.42,14.7,14.4,14.6,14.5,0.1,0.69,3315.0,4829.196,,,,,,,,,,,,,,,,,,3.322
600782,新钢股份,普钢,江西,19961225,600782.SH,20000824,14.27,14.8,14.2,14.5,14.27,0.23,1.61,7270.0,10518.945,,,,,,,,,,,,,,,,,,3.322
600782,新钢股份,普钢,江西,19961225,600782.SH,20000823,14.52,14.69,13.75,14.27,14.62,-0.35,-2.39,15033.0,21355.461,,,,,,,,,,,,,,,,,,3.322
600782,新钢股份,普钢,江西,19961225,600782.SH,20000822,15.2,15.2,14.61,14.62,15.08,-0.46,-3.05,6229.0,9288.401,,,,,,,,,,,,,,,,,,3.322
600782,新钢股份,普钢,江西,19961225,600782.SH,20000821,14.89,15.2,14.81,15.08,14.69,0.39,2.65,8763.0,13172.546,,,,,,,,,,,,,,,,,,3.322
600782,新钢股份,普钢,江西,19961225,600782.SH,20000818,15.15,15.4,14.69,14.69,14.76,-0.07,-0.47,11337.0,17076.999,,,,,,,,,,,,,,,,,,3.322
600782,新钢股份,普钢,江西,19961225,600782.SH,20000817,14.8,15.18,14.68,14.76,14.8,-0.04,-0.27,8048.0,12060.054,,,,,,,,,,,,,,,,,,3.322
600782,新钢股份,普钢,江西,19961225,600782.SH,20000816,15.0,15.15,14.5,14.8,15.05,-0.25,-1.66,7546.0,11206.352,,,,,,,,,,,,,,,,,,3.322
600782,新钢股份,普钢,江西,19961225,600782.SH,20000815,14.97,15.1,14.8,15.05,14.95,0.1,0.67,6014.0,8978.981,,,,,,,,,,,,,,,,,,3.322
600782,新钢股份,普钢,江西,19961225,600782.SH,20000814,14.9,15.18,14.5,14.95,14.8,0.15,1.01,17217.0,25441.795,,,,,,,,,,,,,,,,,,3.322
600782,新钢股份,普钢,江西,19961225,600782.SH,20000811,14.36,14.85,14.15,14.8,14.36,0.44,3.06,24787.0,36294.702,,,,,,,,,,,,,,,,,,3.322
600782,新钢股份,普钢,江西,19961225,600782.SH,20000810,14.3,14.45,14.06,14.36,14.27,0.09,0.63,7295.0,10376.917,,,,,,,,,,,,,,,,,,3.322
600782,新钢股份,普钢,江西,19961225,600782.SH,20000809,13.92,14.5,13.92,14.27,13.9,0.37,2.66,14570.0,20842.74,,,,,,,,,,,,,,,,,,3.322
600782,新钢股份,普钢,江西,19961225,600782.SH,20000808,13.7,13.9,13.65,13.9,13.7,0.2,1.46,3322.0,4583.95,,,,,,,,,,,,,,,,,,3.322
600782,新钢股份,普钢,江西,19961225,600782.SH,20000807,13.7,13.89,13.54,13.7,13.71,-0.01,-0.07,3614.0,4934.166,,,,,,,,,,,,,,,,,,3.322
600782,新钢股份,普钢,江西,19961225,600782.SH,20000804,14.02,14.05,13.7,13.71,14.02,-0.31,-2.21,3555.0,4929.517,,,,,,,,,,,,,,,,,,2.069
600782,新钢股份,普钢,江西,19961225,600782.SH,20000803,13.8,14.15,13.78,14.02,13.82,0.2,1.45,7234.0,10105.012,,,,,,,,,,,,,,,,,,2.069
600782,新钢股份,普钢,江西,19961225,600782.SH,20000802,14.16,14.16,13.8,13.82,14.0,-0.18,-1.29,2799.0,3882.538,,,,,,,,,,,,,,,,,,2.069
600782,新钢股份,普钢,江西,19961225,600782.SH,20000801,13.9,14.2,13.9,14.0,13.92,0.08,0.57,4138.0,5835.982,,,,,,,,,,,,,,,,,,2.069
600782,新钢股份,普钢,江西,19961225,600782.SH,20000731,14.4,14.4,13.1,13.92,14.1,-0.18,-1.28,4921.0,6850.242,,,,,,,,,,,,,,,,,,2.069
600782,新钢股份,普钢,江西,19961225,600782.SH,20000728,13.85,14.15,13.7,14.1,13.73,0.37,2.69,9771.0,13677.528,,,,,,,,,,,,,,,,,,2.069
600782,新钢股份,普钢,江西,19961225,600782.SH,20000727,13.95,13.99,13.61,13.73,13.75,-0.02,-0.15,3310.0,4557.676,,,,,,,,,,,,,,,,,,2.069
600782,新钢股份,普钢,江西,19961225,600782.SH,20000726,13.5,13.94,13.47,13.75,13.55,0.2,1.48,3238.0,4453.8,,,,,,,,,,,,,,,,,,2.069
600782,新钢股份,普钢,江西,19961225,600782.SH,20000725,13.3,13.71,13.15,13.55,13.3,0.25,1.88,4232.0,5692.219,,,,,,,,,,,,,,,,,,2.069
600782,新钢股份,普钢,江西,19961225,600782.SH,20000724,13.44,13.46,13.25,13.3,13.45,-0.15,-1.12,4708.0,6277.795,,,,,,,,,,,,,,,,,,2.069
600782,新钢股份,普钢,江西,19961225,600782.SH,20000721,13.8,13.8,13.36,13.45,13.52,-0.07,-0.52,3747.0,5055.839,,,,,,,,,,,,,,,,,,2.069
600782,新钢股份,普钢,江西,19961225,600782.SH,20000720,13.5,13.68,13.2,13.52,13.48,0.04,0.3,6949.0,9309.599,,,,,,,,,,,,,,,,,,2.069
600782,新钢股份,普钢,江西,19961225,600782.SH,20000719,13.9,13.9,13.45,13.48,13.9,-0.42,-3.02,12029.0,16312.722,,,,,,,,,,,,,,,,,,2.069
600782,新钢股份,普钢,江西,19961225,600782.SH,20000718,13.9,14.06,13.8,13.9,13.9,0.0,0.0,3637.0,5058.567,,,,,,,,,,,,,,,,,,2.069
600782,新钢股份,普钢,江西,19961225,600782.SH,20000717,13.65,14.1,13.65,13.9,13.7,0.2,1.46,4385.0,6084.465,,,,,,,,,,,,,,,,,,2.069
600782,新钢股份,普钢,江西,19961225,600782.SH,20000714,13.98,14.02,13.6,13.7,13.85,-0.15,-1.08,6325.0,8690.31,,,,,,,,,,,,,,,,,,2.069
600782,新钢股份,普钢,江西,19961225,600782.SH,20000713,14.4,14.45,13.8,13.85,14.21,-0.36,-2.53,5031.0,7087.203,,,,,,,,,,,,,,,,,,2.069
600782,新钢股份,普钢,江西,19961225,600782.SH,20000712,14.1,14.28,13.88,14.21,14.1,0.11,0.78,6940.0,9757.576,,,,,,,,,,,,,,,,,,2.069
600782,新钢股份,普钢,江西,19961225,600782.SH,20000711,14.3,14.3,14.0,14.1,14.26,-0.16,-1.12,4954.0,6988.721,,,,,,,,,,,,,,,,,,2.069
600782,新钢股份,普钢,江西,19961225,600782.SH,20000710,14.1,14.38,13.95,14.26,13.95,0.31,2.22,7588.0,10784.968,,,,,,,,,,,,,,,,,,2.069
600782,新钢股份,普钢,江西,19961225,600782.SH,20000707,13.68,14.16,13.68,13.95,13.69,0.26,1.9,5546.0,7751.721,,,,,,,,,,,,,,,,,,2.069
600782,新钢股份,普钢,江西,19961225,600782.SH,20000706,13.6,13.86,13.6,13.69,13.57,0.12,0.88,2229.0,3056.707,,,,,,,,,,,,,,,,,,2.069
600782,新钢股份,普钢,江西,19961225,600782.SH,20000705,13.78,14.2,13.57,13.57,13.66,-0.09,-0.66,5447.0,7567.811,,,,,,,,,,,,,,,,,,2.069
600782,新钢股份,普钢,江西,19961225,600782.SH,20000704,13.46,13.66,13.46,13.66,13.48,0.18,1.34,2870.0,3892.892,,,,,,,,,,,,,,,,,,2.069
600782,新钢股份,普钢,江西,19961225,600782.SH,20000703,13.2,13.75,13.2,13.48,13.63,-0.15,-1.1,4848.0,6588.093,,,,,,,,,,,,,,,,,,2.069
600782,新钢股份,普钢,江西,19961225,600782.SH,20000630,13.69,13.85,13.59,13.63,13.68,-0.05,-0.37,4806.0,6589.97,,,,,,,,,,,,,,,,,,2.069
600782,新钢股份,普钢,江西,19961225,600782.SH,20000629,14.0,14.0,13.57,13.68,13.87,-0.19,-1.37,6191.0,8491.534,,,,,,,,,,,,,,,,,,2.069
600782,新钢股份,普钢,江西,19961225,600782.SH,20000628,13.95,14.2,13.85,13.87,13.95,-0.08,-0.57,5151.0,7207.618,,,,,,,,,,,,,,,,,,2.069
600782,新钢股份,普钢,江西,19961225,600782.SH,20000627,14.25,14.3,13.9,13.95,14.25,-0.3,-2.11,6726.0,9448.363,,,,,,,,,,,,,,,,,,2.069
600782,新钢股份,普钢,江西,19961225,600782.SH,20000626,13.9,14.45,13.9,14.25,13.75,0.5,3.64,12355.0,17592.128,,,,,,,,,,,,,,,,,,2.069
600782,新钢股份,普钢,江西,19961225,600782.SH,20000623,13.52,13.75,13.3,13.75,13.05,0.7,5.36,7639.0,10331.276,,,,,,,,,,,,,,,,,,2.069
600782,新钢股份,普钢,江西,19961225,600782.SH,20000622,13.4,13.62,12.85,13.05,13.46,-0.41,-3.05,6778.0,9050.916,,,,,,,,,,,,,,,,,,2.069
600782,新钢股份,普钢,江西,19961225,600782.SH,20000621,13.3,13.55,13.2,13.46,13.32,0.14,1.05,3922.0,5278.628,,,,,,,,,,,,,,,,,,2.069
600782,新钢股份,普钢,江西,19961225,600782.SH,20000620,13.6,13.6,13.16,13.32,13.65,-0.33,-2.42,9417.0,12560.566,,,,,,,,,,,,,,,,,,2.069
600782,新钢股份,普钢,江西,19961225,600782.SH,20000619,13.97,14.22,13.6,13.65,14.0,-0.35,-2.5,9664.0,13433.265,,,,,,,,,,,,,,,,,,2.069
600782,新钢股份,普钢,江西,19961225,600782.SH,20000616,14.5,14.65,14.0,14.0,14.5,-0.5,-3.45,16965.0,24280.988,,,,,,,,,,,,,,,,,,2.069
600782,新钢股份,普钢,江西,19961225,600782.SH,20000615,13.7,14.8,13.7,14.5,13.52,0.98,7.25,40414.0,58438.635,,,,,,,,,,,,,,,,,,2.069
600782,新钢股份,普钢,江西,19961225,600782.SH,20000614,13.65,13.75,13.43,13.52,13.6,-0.08,-0.59,7863.0,10661.718,,,,,,,,,,,,,,,,,,2.069
600782,新钢股份,普钢,江西,19961225,600782.SH,20000613,13.75,13.84,13.35,13.6,13.65,-0.05,-0.37,13280.0,18031.015,,,,,,,,,,,,,,,,,,2.069
600782,新钢股份,普钢,江西,19961225,600782.SH,20000612,13.2,13.65,12.8,13.65,13.05,0.6,4.6,21011.0,28120.115,,,,,,,,,,,,,,,,,,2.069
600782,新钢股份,普钢,江西,19961225,600782.SH,20000609,12.95,13.35,12.82,13.05,12.96,0.09,0.69,22346.0,29449.393,,,,,,,,,,,,,,,,,,2.069
600782,新钢股份,普钢,江西,19961225,600782.SH,20000608,12.95,13.0,12.6,12.96,12.88,0.08,0.62,7731.0,9883.618,,,,,,,,,,,,,,,,,,2.069
600782,新钢股份,普钢,江西,19961225,600782.SH,20000607,12.85,12.91,12.78,12.88,12.82,0.06,0.47,5214.0,6696.876,,,,,,,,,,,,,,,,,,2.069
600782,新钢股份,普钢,江西,19961225,600782.SH,20000606,12.65,12.98,12.63,12.82,12.65,0.17,1.34,5054.0,6442.484,,,,,,,,,,,,,,,,,,2.069
600782,新钢股份,普钢,江西,19961225,600782.SH,20000605,12.9,13.15,12.63,12.65,12.9,-0.25,-1.94,9932.0,12875.298,,,,,,,,,,,,,,,,,,2.069
600782,新钢股份,普钢,江西,19961225,600782.SH,20000602,12.73,13.05,12.69,12.9,12.7,0.2,1.57,5558.0,7162.503,,,,,,,,,,,,,,,,,,2.069
600782,新钢股份,普钢,江西,19961225,600782.SH,20000601,12.7,12.89,12.62,12.7,12.7,0.0,0.0,3432.0,4375.161,,,,,,,,,,,,,,,,,,2.069
600782,新钢股份,普钢,江西,19961225,600782.SH,20000531,12.58,12.88,12.48,12.7,12.62,0.08,0.63,4329.0,5494.231,,,,,,,,,,,,,,,,,,2.069
600782,新钢股份,普钢,江西,19961225,600782.SH,20000530,13.1,13.18,12.6,12.62,13.03,-0.41,-3.15,6015.0,7713.135,,,,,,,,,,,,,,,,,,2.069
600782,新钢股份,普钢,江西,19961225,600782.SH,20000529,12.7,13.09,12.6,13.03,12.45,0.58,4.66,10798.0,13951.532,,,,,,,,,,,,,,,,,,2.069
600782,新钢股份,普钢,江西,19961225,600782.SH,20000526,12.69,12.78,12.3,12.45,12.64,-0.19,-1.5,5159.0,6497.584,,,,,,,,,,,,,,,,,,2.069
600782,新钢股份,普钢,江西,19961225,600782.SH,20000525,12.48,12.7,12.48,12.64,12.42,0.22,1.77,5083.0,6407.604,,,,,,,,,,,,,,,,,,2.069
600782,新钢股份,普钢,江西,19961225,600782.SH,20000524,12.35,12.5,12.2,12.42,12.35,0.07,0.57,4593.0,5683.893,,,,,,,,,,,,,,,,,,2.069
600782,新钢股份,普钢,江西,19961225,600782.SH,20000523,12.4,12.45,12.15,12.35,12.35,0.0,0.0,4034.0,4940.492,,,,,,,,,,,,,,,,,,2.069
600782,新钢股份,普钢,江西,19961225,600782.SH,20000522,12.05,12.43,12.05,12.35,12.05,0.3,2.49,4594.0,5645.077,,,,,,,,,,,,,,,,,,2.069
600782,新钢股份,普钢,江西,19961225,600782.SH,20000519,11.98,12.15,11.88,12.05,11.97,0.08,0.67,2943.0,3540.461,,,,,,,,,,,,,,,,,,2.069
600782,新钢股份,普钢,江西,19961225,600782.SH,20000518,11.8,11.98,11.6,11.97,11.8,0.17,1.44,1818.0,2152.993,,,,,,,,,,,,,,,,,,2.069
600782,新钢股份,普钢,江西,19961225,600782.SH,20000517,11.96,11.98,11.77,11.8,11.96,-0.16,-1.34,1668.0,1976.675,,,,,,,,,,,,,,,,,,2.069
600782,新钢股份,普钢,江西,19961225,600782.SH,20000516,11.88,12.0,11.76,11.96,11.81,0.15,1.27,1541.0,1829.16,,,,,,,,,,,,,,,,,,2.069
600782,新钢股份,普钢,江西,19961225,600782.SH,20000515,11.6,11.88,11.52,11.81,11.58,0.23,1.99,2063.0,2410.644,,,,,,,,,,,,,,,,,,2.069
600782,新钢股份,普钢,江西,19961225,600782.SH,20000512,11.52,11.91,11.5,11.58,11.52,0.06,0.52,2999.0,3477.96,,,,,,,,,,,,,,,,,,2.069
600782,新钢股份,普钢,江西,19961225,600782.SH,20000511,11.95,12.01,11.5,11.52,11.93,-0.41,-3.44,3733.0,4363.514,,,,,,,,,,,,,,,,,,2.069
600782,新钢股份,普钢,江西,19961225,600782.SH,20000510,12.35,12.4,11.9,11.93,12.35,-0.42,-3.4,3669.0,4418.537,,,,,,,,,,,,,,,,,,2.069
600782,新钢股份,普钢,江西,19961225,600782.SH,20000509,12.66,12.66,12.26,12.35,12.65,-0.3,-2.37,4129.0,5115.959,,,,,,,,,,,,,,,,,,2.069
600782,新钢股份,普钢,江西,19961225,600782.SH,20000508,12.66,12.8,12.56,12.65,12.66,-0.01,-0.08,3879.0,4913.926,,,,,,,,,,,,,,,,,,2.069
600782,新钢股份,普钢,江西,19961225,600782.SH,20000428,12.55,12.78,12.51,12.66,12.55,0.11,0.88,3869.0,4891.937,,,,,,,,,,,,,,,,,,2.069
600782,新钢股份,普钢,江西,19961225,600782.SH,20000427,12.8,12.92,12.51,12.55,12.78,-0.23,-1.8,4817.0,6101.13,,,,,,,,,,,,,,,,,,2.069
600782,新钢股份,普钢,江西,19961225,600782.SH,20000426,13.0,13.1,12.7,12.78,12.98,-0.2,-1.54,5422.0,6970.624,,,,,,,,,,,,,,,,,,2.069
600782,新钢股份,普钢,江西,19961225,600782.SH,20000425,13.3,13.45,12.9,12.98,13.27,-0.29,-2.19,6233.0,8174.568,,,,,,,,,,,,,,,,,,2.069
600782,新钢股份,普钢,江西,19961225,600782.SH,20000424,13.07,13.48,13.07,13.27,13.1,0.17,1.3,8033.0,10676.101,,,,,,,,,,,,,,,,,,2.069
600782,新钢股份,普钢,江西,19961225,600782.SH,20000421,13.3,13.35,13.05,13.1,13.22,-0.12,-0.91,10160.0,13337.812,,,,,,,,,,,,,,,,,,2.069
600782,新钢股份,普钢,江西,19961225,600782.SH,20000420,13.35,13.55,13.2,13.22,13.35,-0.13,-0.97,11646.0,15546.064,,,,,,,,,,,,,,,,,,2.069
600782,新钢股份,普钢,江西,19961225,600782.SH,20000419,12.99,13.59,12.91,13.35,12.96,0.39,3.01,24229.0,32183.599,,,,,,,,,,,,,,,,,,2.069
600782,新钢股份,普钢,江西,19961225,600782.SH,20000418,12.64,13.0,12.4,12.96,12.75,0.21,1.65,8305.0,10595.31,,,,,,,,,,,,,,,,,,2.069
600782,新钢股份,普钢,江西,19961225,600782.SH,20000417,12.51,12.75,12.18,12.75,12.66,0.09,0.71,7975.0,9970.887,,,,,,,,,,,,,,,,,,2.069
600782,新钢股份,普钢,江西,19961225,600782.SH,20000414,13.08,13.15,12.65,12.75,12.9,-0.15,-1.16,6309.0,8089.691,,,,,,,,,,,,,,,,,,2.069
600782,新钢股份,普钢,江西,19961225,600782.SH,20000413,12.7,12.9,12.55,12.9,12.5,0.4,3.2,7780.0,9972.88,,,,,,,,,,,,,,,,,,2.069
600782,新钢股份,普钢,江西,19961225,600782.SH,20000412,12.62,12.78,12.42,12.5,12.7,-0.2,-1.57,8442.0,10629.623,,,,,,,,,,,,,,,,,,2.069
600782,新钢股份,普钢,江西,19961225,600782.SH,20000411,13.18,13.18,12.68,12.7,13.05,-0.35,-2.68,11507.0,14768.156,,,,,,,,,,,,,,,,,,2.069
600782,新钢股份,普钢,江西,19961225,600782.SH,20000410,12.85,13.38,12.81,13.05,12.75,0.3,2.35,23132.0,30427.486,,,,,,,,,,,,,,,,,,2.069
600782,新钢股份,普钢,江西,19961225,600782.SH,20000407,12.5,12.79,12.5,12.75,12.56,0.19,1.51,9509.0,12052.693,,,,,,,,,,,,,,,,,,2.069
600782,新钢股份,普钢,江西,19961225,600782.SH,20000406,12.01,12.62,12.01,12.56,11.99,0.57,4.75,10369.0,12867.255,,,,,,,,,,,,,,,,,,2.069
600782,新钢股份,普钢,江西,19961225,600782.SH,20000405,11.96,12.2,11.87,11.99,11.96,0.03,0.25,4588.0,5514.329,,,,,,,,,,,,,,,,,,2.069
600782,新钢股份,普钢,江西,19961225,600782.SH,20000404,12.3,12.3,11.92,11.96,12.4,-0.44,-3.55,8393.0,10116.74,,,,,,,,,,,,,,,,,,2.069
600782,新钢股份,普钢,江西,19961225,600782.SH,20000403,12.45,12.68,12.3,12.4,12.51,-0.11,-0.88,9788.0,12230.977,,,,,,,,,,,,,,,,,,2.069
600782,新钢股份,普钢,江西,19961225,600782.SH,20000331,12.73,12.8,12.5,12.51,12.73,-0.22,-1.73,14244.0,17988.553,,,,,,,,,,,,,,,,,,2.069
600782,新钢股份,普钢,江西,19961225,600782.SH,20000330,12.65,12.75,12.44,12.73,12.43,0.3,2.41,20046.0,25292.337,,,,,,,,,,,,,,,,,,2.069
600782,新钢股份,普钢,江西,19961225,600782.SH,20000329,12.85,12.95,12.19,12.43,12.6,-0.17,-1.35,13511.0,16911.397,,,,,,,,,,,,,,,,,,2.069
600782,新钢股份,普钢,江西,19961225,600782.SH,20000328,12.3,12.6,12.05,12.6,12.18,0.42,3.45,16729.0,20792.742,,,,,,,,,,,,,,,,,,2.069
600782,新钢股份,普钢,江西,19961225,600782.SH,20000327,11.74,12.25,11.65,12.18,11.74,0.44,3.75,8259.0,9978.017,,,,,,,,,,,,,,,,,,2.069
600782,新钢股份,普钢,江西,19961225,600782.SH,20000324,11.99,12.2,11.71,11.74,11.95,-0.21,-1.76,12590.0,15112.282,,,,,,,,,,,,,,,,,,2.069
600782,新钢股份,普钢,江西,19961225,600782.SH,20000323,11.63,11.98,11.51,11.95,11.66,0.29,2.49,8889.0,10475.643,,,,,,,,,,,,,,,,,,2.069
600782,新钢股份,普钢,江西,19961225,600782.SH,20000322,11.5,11.75,11.5,11.66,11.48,0.18,1.57,6363.0,7380.405,,,,,,,,,,,,,,,,,,2.069
600782,新钢股份,普钢,江西,19961225,600782.SH,20000321,11.5,11.7,11.35,11.48,11.12,0.36,3.24,5061.0,5813.085,,,,,,,,,,,,,,,,,,2.069
600782,新钢股份,普钢,江西,19961225,600782.SH,20000317,10.83,11.18,10.81,11.12,10.85,0.27,2.49,5579.0,6108.184,,,,,,,,,,,,,,,,,,2.069
600782,新钢股份,普钢,江西,19961225,600782.SH,20000316,11.39,11.39,10.75,10.85,11.35,-0.5,-4.41,5380.0,5944.298,,,,,,,,,,,,,,,,,,2.069
600782,新钢股份,普钢,江西,19961225,600782.SH,20000315,11.35,11.78,11.25,11.35,11.3,0.05,0.44,3761.0,4310.686,,,,,,,,,,,,,,,,,,2.069
600782,新钢股份,普钢,江西,19961225,600782.SH,20000314,11.48,11.5,11.0,11.3,11.65,-0.35,-3.0,6657.0,7478.191,,,,,,,,,,,,,,,,,,2.069
600782,新钢股份,普钢,江西,19961225,600782.SH,20000313,11.43,11.8,11.4,11.65,11.43,0.22,1.92,5290.0,6091.672,,,,,,,,,,,,,,,,,,2.069
600782,新钢股份,普钢,江西,19961225,600782.SH,20000310,11.7,11.85,11.4,11.43,11.73,-0.3,-2.56,4421.0,5092.967,,,,,,,,,,,,,,,,,,2.069
600782,新钢股份,普钢,江西,19961225,600782.SH,20000309,11.88,12.13,11.7,11.73,11.85,-0.12,-1.01,4064.0,4817.976,,,,,,,,,,,,,,,,,,2.069
600782,新钢股份,普钢,江西,19961225,600782.SH,20000308,11.75,11.98,11.56,11.85,11.79,0.06,0.51,3972.0,4652.668,,,,,,,,,,,,,,,,,,2.069
600782,新钢股份,普钢,江西,19961225,600782.SH,20000307,11.5,11.8,11.4,11.79,11.65,0.14,1.2,6477.0,7481.432,,,,,,,,,,,,,,,,,,2.069
600782,新钢股份,普钢,江西,19961225,600782.SH,20000306,12.5,12.52,11.65,11.65,12.4,-0.75,-6.05,10983.0,13321.399,,,,,,,,,,,,,,,,,,2.069
600782,新钢股份,普钢,江西,19961225,600782.SH,20000303,12.38,12.7,12.2,12.4,12.33,0.07,0.57,10108.0,12566.273,,,,,,,,,,,,,,,,,,2.069
600782,新钢股份,普钢,江西,19961225,600782.SH,20000302,12.66,12.78,12.13,12.33,12.66,-0.33,-2.61,10803.0,13409.173,,,,,,,,,,,,,,,,,,2.069
600782,新钢股份,普钢,江西,19961225,600782.SH,20000301,12.8,12.95,12.4,12.66,12.5,0.16,1.28,14074.0,17829.751,,,,,,,,,,,,,,,,,,2.069
600782,新钢股份,普钢,江西,19961225,600782.SH,20000229,13.15,13.2,12.1,12.5,13.02,-0.52,-3.99,20818.0,26031.271,,,,,,,,,,,,,,,,,,2.069
600782,新钢股份,普钢,江西,19961225,600782.SH,20000228,12.12,13.28,12.12,13.02,12.09,0.93,7.69,39484.0,50138.05,,,,,,,,,,,,,,,,,,2.069
600782,新钢股份,普钢,江西,19961225,600782.SH,20000225,11.5,12.3,11.5,12.09,11.4,0.69,6.05,30025.0,35943.385,,,,,,,,,,,,,,,,,,2.069
600782,新钢股份,普钢,江西,19961225,600782.SH,20000224,11.3,11.6,11.2,11.4,11.3,0.1,0.89,4685.0,5330.312,,,,,,,,,,,,,,,,,,2.069
600782,新钢股份,普钢,江西,19961225,600782.SH,20000223,11.02,11.32,10.87,11.3,11.08,0.22,1.99,6931.0,7699.405,,,,,,,,,,,,,,,,,,2.069
600782,新钢股份,普钢,江西,19961225,600782.SH,20000222,11.58,12.0,10.95,11.08,11.58,-0.5,-4.32,9980.0,11606.408,,,,,,,,,,,,,,,,,,2.069
600782,新钢股份,普钢,江西,19961225,600782.SH,20000221,10.86,11.6,10.55,11.58,10.9,0.68,6.24,15100.0,16773.187,,,,,,,,,,,,,,,,,,2.069
600782,新钢股份,普钢,江西,19961225,600782.SH,20000218,11.3,11.48,10.73,10.9,11.35,-0.45,-3.96,8390.0,9219.677,,,,,,,,,,,,,,,,,,2.069
600782,新钢股份,普钢,江西,19961225,600782.SH,20000217,11.87,12.68,11.0,11.35,11.77,-0.42,-3.57,12996.0,15285.79,,,,,,,,,,,,,,,,,,2.069
600782,新钢股份,普钢,江西,19961225,600782.SH,20000216,11.7,12.0,11.3,11.77,11.8,-0.03,-0.25,14022.0,16232.25,,,,,,,,,,,,,,,,,,2.069
600782,新钢股份,普钢,江西,19961225,600782.SH,20000215,12.0,12.77,11.75,11.8,11.61,0.19,1.64,26524.0,33199.276,,,,,,,,,,,,,,,,,,2.069
600782,新钢股份,普钢,江西,19961225,600782.SH,20000214,11.01,11.61,10.78,11.61,10.55,1.06,10.05,11347.0,12851.0,,,,,,,,,,,,,,,,,,2.069
600782,新钢股份,普钢,江西,19961225,600782.SH,20000128,10.45,10.55,10.1,10.55,10.45,0.1,0.96,9262.0,9505.13,,,,,,,,,,,,,,,,,,2.069
600782,新钢股份,普钢,江西,19961225,600782.SH,20000127,10.75,10.8,10.31,10.45,10.73,-0.28,-2.61,5181.0,5452.078,,,,,,,,,,,,,,,,,,2.069
600782,新钢股份,普钢,江西,19961225,600782.SH,20000126,10.29,10.88,10.2,10.73,10.3,0.43,4.17,5837.0,6156.582,,,,,,,,,,,,,,,,,,2.069
600782,新钢股份,普钢,江西,19961225,600782.SH,20000125,10.25,10.4,10.06,10.3,10.19,0.11,1.08,4020.0,4126.92,,,,,,,,,,,,,,,,,,2.069
600782,新钢股份,普钢,江西,19961225,600782.SH,20000124,10.33,10.33,9.85,10.19,10.33,-0.14,-1.36,5524.0,5562.734,,,,,,,,,,,,,,,,,,2.069
600782,新钢股份,普钢,江西,19961225,600782.SH,20000121,10.49,10.55,10.3,10.33,10.56,-0.23,-2.18,2942.0,3052.564,,,,,,,,,,,,,,,,,,2.069
600782,新钢股份,普钢,江西,19961225,600782.SH,20000120,10.26,10.7,10.26,10.56,10.26,0.3,2.92,3042.0,3183.954,,,,,,,,,,,,,,,,,,2.069
600782,新钢股份,普钢,江西,19961225,600782.SH,20000119,10.12,10.39,10.11,10.26,10.2,0.06,0.59,1647.0,1683.741,,,,,,,,,,,,,,,,,,2.069
600782,新钢股份,普钢,江西,19961225,600782.SH,20000118,10.35,10.35,10.16,10.2,10.3,-0.1,-0.97,1443.0,1473.333,,,,,,,,,,,,,,,,,,2.069
600782,新钢股份,普钢,江西,19961225,600782.SH,20000117,10.15,10.4,10.01,10.3,10.19,0.11,1.08,2477.0,2517.292,,,,,,,,,,,,,,,,,,2.069
600782,新钢股份,普钢,江西,19961225,600782.SH,20000114,10.31,10.45,10.14,10.19,10.36,-0.17,-1.64,1779.0,1820.27,,,,,,,,,,,,,,,,,,2.069
600782,新钢股份,普钢,江西,19961225,600782.SH,20000113,10.01,10.5,10.01,10.36,10.39,-0.03,-0.29,1749.0,1810.395,,,,,,,,,,,,,,,,,,2.069
600782,新钢股份,普钢,江西,19961225,600782.SH,20000112,10.69,10.87,10.35,10.39,10.94,-0.55,-5.03,3814.0,4023.993,,,,,,,,,,,,,,,,,,2.069
600782,新钢股份,普钢,江西,19961225,600782.SH,20000111,11.6,11.68,10.8,10.94,11.58,-0.64,-5.53,5584.0,6205.803,,,,,,,,,,,,,,,,,,2.069
600782,新钢股份,普钢,江西,19961225,600782.SH,20000110,11.6,11.8,11.2,11.58,11.48,0.1,0.87,6429.0,7353.336,,,,,,,,,,,,,,,,,,2.069
600782,新钢股份,普钢,江西,19961225,600782.SH,20000107,10.94,11.5,10.94,11.48,10.88,0.6,5.51,7246.0,8157.961,,,,,,,,,,,,,,,,,,2.069
600782,新钢股份,普钢,江西,19961225,600782.SH,20000106,10.25,10.88,10.25,10.88,10.44,0.44,4.21,2937.0,3087.087,,,,,,,,,,,,,,,,,,2.069
600782,新钢股份,普钢,江西,19961225,600782.SH,20000105,10.46,10.74,10.35,10.44,10.37,0.07,0.68,2258.0,2381.295,,,,,,,,,,,,,,,,,,2.069
600782,新钢股份,普钢,江西,19961225,600782.SH,20000104,10.11,10.48,10.1,10.37,10.18,0.19,1.87,1193.0,1234.05,,,,,,,,,,,,,,,,,,2.069
