股票代码,名称,所属行业,地域,上市日期,TS代码,交易日期,开盘价,最高价,最低价,收盘价,前收盘价,涨跌额,涨跌幅(%),成交量(手),成交额(千元),换手率(%),换手率(自由流通股),量比,市盈率,"市盈率(TTM,亏损的PE为空)",市净率,市销率,市销率(TTM),股息率(%),股息率(TTM)(%),总股本(万股),流通股本(万股),自由流通股本(万股),总市值(万元),流通市值(万元),今日涨停价,今日跌停价,复权因子
603158,腾龙股份,汽车配件,江苏,20150320,603158.SH,20251205,9.65,9.78,9.48,9.77,9.7,0.07,0.7216,117376.04,113396.422,2.3917,3.8591,1.05,19.1926,30.6938,2.064,1.2575,1.2062,1.6201,1.6201,49077.0148,49077.0148,30415.4201,479482.4346,479482.4346,10.67,8.73,4.4016
603158,腾龙股份,汽车配件,江苏,20150320,603158.SH,20251204,9.69,9.96,9.61,9.7,9.68,0.02,0.2066,91063.0,88474.71,1.8555,2.994,0.75,19.0551,30.4739,2.0492,1.2485,1.1976,1.6318,1.6318,49077.0148,49077.0148,30415.4201,476047.0436,476047.0436,10.65,8.71,4.4016
603158,腾龙股份,汽车配件,江苏,20150320,603158.SH,20251203,9.97,9.99,9.65,9.68,9.97,-0.29,-2.9087,157835.0,154298.981,3.2161,5.1893,1.42,19.0158,30.411,2.045,1.2459,1.1951,1.6351,1.6351,49077.0148,49077.0148,30415.4201,475065.5033,475065.5033,10.97,8.97,4.4016
603158,腾龙股份,汽车配件,江苏,20150320,603158.SH,20251202,10.11,10.12,9.95,9.97,10.1,-0.13,-1.2871,89120.0,88880.655,1.8159,2.9301,0.73,19.5855,31.3221,2.1063,1.2832,1.2309,1.5876,1.5876,49077.0148,49077.0148,30415.4201,489297.8376,489297.8376,11.11,9.09,4.4016
603158,腾龙股份,汽车配件,江苏,20150320,603158.SH,20251201,10.06,10.19,9.99,10.1,10.05,0.05,0.4975,122928.2,124101.555,2.5048,4.0416,0.96,19.8408,31.7305,2.1337,1.2999,1.247,1.5671,1.5671,49077.0148,49077.0148,30415.4201,495677.8495,495677.8495,11.06,9.05,4.4016
603158,腾龙股份,汽车配件,江苏,20150320,603158.SH,20251128,9.99,10.12,9.86,10.05,10.03,0.02,0.1994,100305.48,100179.709,2.0438,3.2978,0.63,19.7426,31.5734,2.1232,1.2935,1.2408,1.5749,1.5749,49077.0148,49077.0148,30415.4201,493223.9987,493223.9987,11.03,9.03,4.4016
603158,腾龙股份,汽车配件,江苏,20150320,603158.SH,20251127,9.89,10.15,9.86,10.03,9.89,0.14,1.4156,134712.64,135121.244,2.7449,4.4291,0.77,19.7033,31.5106,2.1189,1.2909,1.2383,1.5781,1.5781,49077.0148,49077.0148,30415.4201,492242.4584,492242.4584,10.88,8.9,4.4016
603158,腾龙股份,汽车配件,江苏,20150320,603158.SH,20251126,9.98,10.02,9.86,9.89,9.98,-0.09,-0.9018,109216.05,108569.484,2.2254,3.5908,0.56,19.4283,31.0708,2.0894,1.2729,1.221,1.6004,1.6004,49077.0148,49077.0148,30415.4201,485371.6764,485371.6764,10.98,8.98,4.4016
603158,腾龙股份,汽车配件,江苏,20150320,603158.SH,20251125,10.0,10.14,9.94,9.98,9.94,0.04,0.4024,142968.05,143370.465,2.9131,4.7005,0.6,19.6051,31.3535,2.1084,1.2845,1.2321,1.586,1.586,49077.0148,49077.0148,30415.4201,489788.6077,489788.6077,10.93,8.95,4.4016
603158,腾龙股份,汽车配件,江苏,20150320,603158.SH,20251124,10.0,10.08,9.7,9.94,9.9,0.04,0.404,153092.33,151049.528,3.1194,5.0334,0.52,19.5265,31.2279,2.0999,1.2793,1.2272,1.5924,1.5924,49077.0148,49077.0148,30415.4201,487825.5271,487825.5271,10.89,8.91,4.4016
603158,腾龙股份,汽车配件,江苏,20150320,603158.SH,20251121,10.24,10.42,9.89,9.9,10.35,-0.45,-4.3478,250366.44,252130.288,5.1015,8.2316,0.7,19.448,31.1022,2.0915,1.2742,1.2223,1.5988,1.5988,49077.0148,49077.0148,30415.4201,485862.4465,485862.4465,11.39,9.32,4.4016
603158,腾龙股份,汽车配件,江苏,20150320,603158.SH,20251120,10.75,10.89,10.33,10.35,10.72,-0.37,-3.4515,220249.62,231514.13,4.4878,7.2414,0.51,20.3319,32.5159,2.1865,1.3321,1.2778,1.5293,1.5293,49077.0148,49077.0148,30415.4201,507947.1032,507947.1032,11.79,9.65,4.4016
603158,腾龙股份,汽车配件,江苏,20150320,603158.SH,20251119,10.91,11.08,10.67,10.72,11.03,-0.31,-2.8105,201792.12,217940.31,4.1117,6.6345,0.37,21.0588,33.6783,2.2647,1.3797,1.3235,1.4765,1.4765,49077.0148,49077.0148,30415.4201,526105.5987,526105.5987,12.13,9.93,4.4016
603158,腾龙股份,汽车配件,江苏,20150320,603158.SH,20251118,11.54,11.54,11.0,11.03,11.64,-0.61,-5.2405,364320.26,408172.066,7.4234,11.9781,0.72,21.6678,34.6522,2.3302,1.4196,1.3618,1.435,1.435,49077.0148,49077.0148,30415.4201,541319.4732,541319.4732,12.8,10.48,4.4016
603158,腾龙股份,汽车配件,江苏,20150320,603158.SH,20251117,11.25,11.8,11.18,11.64,11.21,0.43,3.8359,448887.12,513858.226,9.1466,14.7585,1.01,22.8661,36.5686,2.4591,1.4981,1.4371,1.3598,1.3598,49077.0148,49077.0148,30415.4201,571256.4523,571256.4523,12.33,10.09,4.4016
603158,腾龙股份,汽车配件,江苏,20150320,603158.SH,20251114,11.18,11.88,11.1,11.21,11.35,-0.14,-1.2335,543174.32,625868.13,11.0678,17.8585,1.52,22.0214,35.2177,2.3682,1.4428,1.384,1.412,1.412,49077.0148,49077.0148,30415.4201,550153.3359,550153.3359,12.49,10.22,4.4016
603158,腾龙股份,汽车配件,江苏,20150320,603158.SH,20251113,10.97,11.46,10.76,11.35,11.17,0.18,1.6115,586522.28,648963.395,11.9511,19.2837,2.15,22.2964,35.6576,2.3978,1.4608,1.4013,1.3946,1.3946,49077.0148,49077.0148,30415.4201,557024.118,557024.118,12.29,10.05,4.4016
603158,腾龙股份,汽车配件,江苏,20150320,603158.SH,20251112,10.55,11.5,10.5,11.17,10.5,0.67,6.381,750738.16,815715.272,15.2971,24.6828,4.79,21.9428,35.0921,2.3598,1.4377,1.3791,1.417,1.417,49077.0148,49077.0148,30415.4201,548190.2553,548190.2553,11.55,9.45,4.4016
603158,腾龙股份,汽车配件,江苏,20150320,603158.SH,20251111,10.31,10.55,10.3,10.5,10.31,0.19,1.8429,204118.0,212840.358,4.1591,6.711,1.34,20.6266,32.9872,2.2182,1.3514,1.2963,1.5074,1.5074,49077.0148,49077.0148,30415.4201,515308.6554,515308.6554,11.34,9.28,4.4016
603158,腾龙股份,汽车配件,江苏,20150320,603158.SH,20251110,10.34,10.39,10.26,10.31,10.39,-0.08,-0.77,133669.0,137674.058,2.7237,4.3948,0.75,20.2534,32.3903,2.1781,1.327,1.2729,1.5352,1.5352,49077.0148,49077.0148,30415.4201,505984.0226,505984.0226,11.43,9.35,4.4016
603158,腾龙股份,汽车配件,江苏,20150320,603158.SH,20251107,10.42,10.49,10.31,10.39,10.46,-0.07,-0.6692,113893.0,118370.711,2.3207,3.7446,0.58,20.4105,32.6416,2.195,1.3373,1.2828,1.5234,1.5234,49077.0148,49077.0148,30415.4201,509910.1838,509910.1838,11.51,9.41,4.4016
603158,腾龙股份,汽车配件,江苏,20150320,603158.SH,20251106,10.42,10.5,10.3,10.46,10.38,0.08,0.7707,162662.32,169748.246,3.3144,5.348,0.85,20.548,32.8615,2.2098,1.3463,1.2914,1.5132,1.5132,49077.0148,49077.0148,30415.4201,513345.5748,513345.5748,11.42,9.34,4.4016
603158,腾龙股份,汽车配件,江苏,20150320,603158.SH,20251105,10.14,10.41,10.11,10.38,10.27,0.11,1.0711,168501.86,174081.174,3.4334,5.54,0.94,20.3909,32.6102,2.1929,1.336,1.2815,1.5249,1.5249,49077.0148,49077.0148,30415.4201,509419.4136,509419.4136,11.3,9.24,4.4016
603158,腾龙股份,汽车配件,江苏,20150320,603158.SH,20251104,10.43,10.46,10.17,10.27,10.5,-0.23,-2.1905,180519.76,185509.265,3.6783,5.9351,1.07,20.1748,32.2646,2.1696,1.3218,1.2679,1.5412,1.5412,49077.0148,49077.0148,30415.4201,504020.942,504020.942,11.55,9.45,4.4016
603158,腾龙股份,汽车配件,江苏,20150320,603158.SH,20251103,10.32,10.58,10.19,10.5,10.35,0.15,1.4493,267276.46,278119.911,5.4461,8.7875,1.87,20.6266,32.9872,2.2182,1.3514,1.2963,1.5074,1.5074,49077.0148,49077.0148,30415.4201,515308.6554,515308.6554,11.39,9.32,4.4016
603158,腾龙股份,汽车配件,江苏,20150320,603158.SH,20251031,10.08,10.48,10.06,10.35,10.13,0.22,2.1718,204804.0,212476.453,4.1731,6.7336,1.61,20.3319,32.5159,2.1865,1.3321,1.2778,1.5293,1.5293,49077.0148,49077.0148,30415.4201,507947.1032,507947.1032,11.14,9.12,4.4016
603158,腾龙股份,汽车配件,江苏,20150320,603158.SH,20251030,10.35,10.38,10.09,10.13,10.38,-0.25,-2.4085,139186.0,142083.77,2.8361,4.5762,1.14,19.8998,22.0265,2.1841,1.3038,1.2522,1.5625,1.5625,49077.0148,49077.0148,30415.4201,497150.1599,497150.1599,11.42,9.34,4.4016
603158,腾龙股份,汽车配件,江苏,20150320,603158.SH,20251029,10.38,10.39,10.24,10.38,10.37,0.01,0.0964,106511.14,109876.077,2.1703,3.5019,0.87,20.3909,22.5701,2.238,1.336,1.2831,1.5249,1.5249,49077.0148,49077.0148,30415.4201,509419.4136,509419.4136,11.41,9.33,4.4016
603158,腾龙股份,汽车配件,江苏,20150320,603158.SH,20251028,10.4,10.46,10.3,10.37,10.35,0.02,0.1932,122481.72,126982.285,2.4957,4.027,1.0,20.3712,22.5483,2.2358,1.3347,1.2819,1.5263,1.5263,49077.0148,49077.0148,30415.4201,508928.6435,508928.6435,11.39,9.32,4.4016
603158,腾龙股份,汽车配件,江苏,20150320,603158.SH,20251027,10.39,10.39,10.24,10.35,10.27,0.08,0.779,141329.2,145948.971,2.8796,4.6462,1.22,20.3332,22.5062,2.2315,1.3322,1.2795,1.5292,1.5292,49079.9306,49079.9306,30418.3359,507977.2817,507977.2817,11.3,9.24,4.4016
603158,腾龙股份,汽车配件,江苏,20150320,603158.SH,20251024,10.25,10.3,10.18,10.27,10.19,0.08,0.7851,127908.8,131090.276,2.6061,4.205,1.01,20.176,22.3322,2.2143,1.3219,1.2696,1.5411,1.5411,49079.9306,49079.9306,30418.3359,504050.8873,504050.8873,11.21,9.17,4.4016
603158,腾龙股份,汽车配件,江苏,20150320,603158.SH,20251023,10.19,10.21,10.01,10.19,10.24,-0.05,-0.4883,112319.8,113266.366,2.2885,3.6925,0.84,20.0188,22.1583,2.197,1.3116,1.2597,1.5532,1.5532,49079.9306,49079.9306,30418.3359,500124.4928,500124.4928,11.26,9.22,4.4016
603158,腾龙股份,汽车配件,江苏,20150320,603158.SH,20251022,10.17,10.37,10.09,10.24,10.21,0.03,0.2938,110122.98,112878.099,2.2437,3.6203,0.75,20.1171,22.267,2.2078,1.318,1.2659,1.5456,1.5456,49079.9306,49079.9306,30418.3359,502578.4893,502578.4893,11.23,9.19,4.4016
603158,腾龙股份,汽车配件,江苏,20150320,603158.SH,20251021,10.11,10.23,10.07,10.21,10.11,0.1,0.9891,120362.0,122295.408,2.4524,3.9569,0.75,20.0581,22.2018,2.2014,1.3142,1.2622,1.5502,1.5502,49079.9306,49079.9306,30418.3359,501106.0914,501106.0914,11.12,9.1,4.4016
603158,腾龙股份,汽车配件,江苏,20150320,603158.SH,20251020,10.14,10.18,10.03,10.11,10.0,0.11,1.1,109074.2,110314.843,2.2224,3.5858,0.58,19.8617,21.9843,2.1798,1.3013,1.2498,1.5655,1.5655,49079.9306,49079.9306,30418.3359,496198.0984,496198.0984,11.0,9.0,4.4016
603158,腾龙股份,汽车配件,江苏,20150320,603158.SH,20251017,10.32,10.38,9.98,10.0,10.32,-0.32,-3.1008,184114.0,186192.337,3.7513,6.0527,0.97,19.6456,21.7451,2.1561,1.2871,1.2362,1.5827,1.5827,49079.9306,49079.9306,30418.3359,490799.306,490799.306,11.35,9.29,4.4016
603158,腾龙股份,汽车配件,江苏,20150320,603158.SH,20251016,10.45,10.45,10.3,10.32,10.48,-0.16,-1.5267,148309.65,153498.307,3.0218,4.8757,,20.2742,22.4409,2.2251,1.3283,1.2758,1.5336,1.5336,49079.9306,49079.9306,30418.3359,506504.8838,506504.8838,11.53,9.43,4.4016
603158,腾龙股份,汽车配件,江苏,20150320,603158.SH,20251015,10.2,10.5,10.2,10.48,10.27,0.21,2.0448,168416.0,174567.658,3.4315,5.6132,0.78,20.5885,22.7889,2.2596,1.3489,1.2955,1.5102,1.5102,49079.9306,49079.9306,30003.6859,514357.6727,514357.6727,11.3,9.24,4.4016
603158,腾龙股份,汽车配件,江苏,20150320,603158.SH,20251014,10.38,10.59,10.21,10.27,10.4,-0.13,-1.25,194428.4,202262.08,3.9615,6.4802,0.74,20.176,22.3322,2.2143,1.3219,1.2696,1.5411,1.5411,49079.9306,49079.9306,30003.6859,504050.8873,504050.8873,11.44,9.36,4.4016
603158,腾龙股份,汽车配件,江苏,20150320,603158.SH,20251013,10.1,10.42,9.93,10.4,10.66,-0.26,-2.439,245002.8,250372.425,4.9919,8.1658,0.82,20.4314,22.6149,2.2423,1.3386,1.2857,1.5218,1.5218,49079.9306,49079.9306,30003.6859,510431.2782,510431.2782,11.73,9.59,4.4016
603158,腾龙股份,汽车配件,江苏,20150320,603158.SH,20251010,10.76,10.98,10.6,10.66,10.76,-0.1,-0.9294,196722.76,211742.116,4.0082,6.5566,0.6,20.9422,23.1803,2.2984,1.3721,1.3178,1.4847,1.4847,49079.9306,49079.9306,30003.6859,523192.0602,523192.0602,11.84,9.68,4.4016
603158,腾龙股份,汽车配件,江苏,20150320,603158.SH,20251009,10.92,10.96,10.72,10.76,10.88,-0.12,-1.1029,226586.48,245248.55,4.6167,7.552,0.58,21.1386,23.3977,2.3199,1.385,1.3302,1.4709,1.4709,49079.9306,49079.9306,30003.6859,528100.0533,528100.0533,11.97,9.79,4.4016
603158,腾龙股份,汽车配件,江苏,20150320,603158.SH,20250930,11.05,11.05,10.82,10.88,10.93,-0.05,-0.4575,219783.88,239361.911,4.4781,7.3252,0.44,21.3744,23.6587,2.3458,1.4004,1.345,1.4547,1.4547,49079.9306,49079.9306,30003.6859,533989.6449,533989.6449,12.02,9.84,4.4016
603158,腾龙股份,汽车配件,江苏,20150320,603158.SH,20250929,10.45,11.08,10.41,10.93,10.5,0.43,4.0952,422003.48,456266.454,8.5983,14.0651,0.84,21.4726,23.7674,2.3566,1.4068,1.3512,1.4481,1.4481,49079.9306,49079.9306,30003.6859,536443.6415,536443.6415,11.55,9.45,4.4016
603158,腾龙股份,汽车配件,江苏,20150320,603158.SH,20250926,10.92,11.0,10.5,10.5,11.14,-0.64,-5.7451,432233.85,462014.57,8.8067,14.406,0.74,20.6278,22.8324,2.2639,1.3515,1.298,1.5074,1.5074,49079.9306,49079.9306,30003.6859,515339.2713,515339.2713,12.25,10.03,4.4016
603158,腾龙股份,汽车配件,江苏,20150320,603158.SH,20250925,11.1,11.44,11.04,11.14,11.2,-0.06,-0.5357,341142.6,382989.95,6.9508,11.37,0.46,21.8852,24.224,2.4019,1.4339,1.3771,1.4208,1.4208,49079.9306,49079.9306,30003.6859,546750.4269,546750.4269,12.32,10.08,4.4016
603158,腾龙股份,汽车配件,江苏,20150320,603158.SH,20250924,11.28,11.28,10.9,11.2,11.55,-0.35,-3.0303,544118.04,601572.487,11.0864,18.135,0.76,22.003,24.3545,2.4148,1.4416,1.3845,1.4131,1.4131,49079.9306,49079.9306,30003.6859,549695.2227,549695.2227,12.71,10.4,4.4016
603158,腾龙股份,汽车配件,江苏,20150320,603158.SH,20250923,11.26,11.96,10.88,11.55,11.34,0.21,1.8519,744586.7,856765.704,15.1709,24.8165,1.1,22.6906,25.1156,2.4903,1.4867,1.4278,1.3703,1.3703,49079.9306,49079.9306,30003.6859,566873.1984,566873.1984,12.47,10.21,4.4016
603158,腾龙股份,汽车配件,江苏,20150320,603158.SH,20250922,11.38,11.61,11.15,11.34,11.58,-0.24,-2.0725,458593.7,519231.501,9.3438,15.2846,0.64,22.2781,24.6589,2.445,1.4596,1.4019,1.3957,1.3957,49079.9306,49079.9306,30003.6859,556566.413,556566.413,12.74,10.42,4.4016
603158,腾龙股份,汽车配件,江苏,20150320,603158.SH,20250919,12.0,12.05,11.36,11.58,11.96,-0.38,-3.1773,848269.29,980406.651,17.2834,28.2722,1.34,22.7496,25.1808,2.4967,1.4905,1.4315,1.3668,1.3668,49079.9306,49079.9306,30003.6859,568345.5963,568345.5963,13.16,10.76,4.4016
603158,腾龙股份,汽车配件,江苏,20150320,603158.SH,20250918,10.86,11.96,10.86,11.96,10.87,1.09,10.0276,1146205.3,1345291.871,23.3538,38.2021,2.37,23.4961,26.0071,2.5787,1.5394,1.4785,1.3233,1.3233,49079.9306,49079.9306,30003.6859,586995.97,586995.97,11.96,9.78,4.4016
603158,腾龙股份,汽车配件,江苏,20150320,603158.SH,20250917,11.01,11.08,10.83,10.87,11.12,-0.25,-2.2482,398370.48,435438.25,8.1168,13.2774,0.82,21.3547,23.6369,2.3437,1.3991,1.3438,1.456,1.456,49079.9306,49079.9306,30003.6859,533498.8456,533498.8456,12.23,10.01,4.4016
603158,腾龙股份,汽车配件,江苏,20150320,603158.SH,20250916,11.07,11.35,10.9,11.12,11.18,-0.06,-0.5367,523526.75,582779.118,10.6668,17.4487,1.17,21.8459,24.1806,2.3976,1.4313,1.3747,1.4233,1.4233,49079.9306,49079.9306,30003.6859,545768.8283,545768.8283,12.3,10.06,4.4016
603158,腾龙股份,汽车配件,江苏,20150320,603158.SH,20250915,10.8,11.24,10.79,11.18,10.71,0.47,4.3884,653829.76,720402.064,13.3217,22.2029,1.65,21.9637,24.311,2.4105,1.439,1.3821,1.4157,1.4157,49079.9306,49079.9306,29447.959,548713.6241,548713.6241,11.78,9.64,4.4016
603158,腾龙股份,汽车配件,江苏,20150320,603158.SH,20250912,10.77,10.93,10.66,10.71,10.77,-0.06,-0.5571,438633.1,472900.048,8.9371,14.8952,1.11,21.0404,23.289,2.3092,1.3785,1.324,1.4778,1.4778,49079.9306,49079.9306,29447.959,525646.0567,525646.0567,11.85,9.69,4.4016
603158,腾龙股份,汽车配件,江苏,20150320,603158.SH,20250911,10.57,10.82,10.39,10.77,10.58,0.19,1.7958,405090.6,431248.163,8.2537,13.7562,0.99,21.1583,23.4195,2.3221,1.3863,1.3314,1.4696,1.4696,49079.9306,49079.9306,29447.959,528590.8526,528590.8526,11.64,9.52,4.4016
603158,腾龙股份,汽车配件,江苏,20150320,603158.SH,20250910,10.38,10.68,10.38,10.58,10.39,0.19,1.8287,395154.48,417882.015,8.0512,13.4187,0.9,20.785,23.0063,2.2811,1.3618,1.3079,1.496,1.496,49079.9306,49079.9306,29447.959,519265.6657,519265.6657,11.43,9.35,4.4016
603158,腾龙股份,汽车配件,江苏,20150320,603158.SH,20250909,10.65,10.67,10.34,10.39,10.65,-0.26,-2.4413,352559.85,369062.669,7.1834,11.9723,0.65,20.4117,22.5932,2.2402,1.3373,1.2844,1.5233,1.5233,49079.9306,49079.9306,29447.959,509940.4789,509940.4789,11.72,9.59,4.4016
603158,腾龙股份,汽车配件,江苏,20150320,603158.SH,20250908,10.66,10.83,10.5,10.65,10.67,-0.02,-0.1874,391045.88,416818.846,7.9675,13.2792,0.58,20.9225,23.1585,2.2962,1.3708,1.3166,1.4861,1.4861,49079.9306,49079.9306,29447.959,522701.2609,522701.2609,11.74,9.6,4.4016
603158,腾龙股份,汽车配件,江苏,20150320,603158.SH,20250905,10.58,10.73,10.43,10.67,10.61,0.06,0.5655,429995.56,455573.502,8.7611,14.6019,0.52,20.9618,23.202,2.3005,1.3734,1.319,1.4833,1.4833,49079.9306,49079.9306,29447.959,523682.8595,523682.8595,11.67,9.55,4.4016
603158,腾龙股份,汽车配件,江苏,20150320,603158.SH,20250904,10.84,10.9,10.38,10.61,10.83,-0.22,-2.0314,478522.3,509886.656,9.7499,16.2498,0.49,20.8439,23.0716,2.2876,1.3657,1.3116,1.4917,1.4917,49079.9306,49079.9306,29447.959,520738.0637,520738.0637,11.91,9.75,4.4016
603158,腾龙股份,汽车配件,江苏,20150320,603158.SH,20250903,11.05,11.15,10.72,10.83,11.05,-0.22,-1.991,534217.16,582064.606,10.8846,18.1411,0.45,21.2761,23.5499,2.335,1.394,1.3388,1.4614,1.4614,49079.9306,49079.9306,29447.959,531535.6484,531535.6484,12.16,9.95,4.4016
603158,腾龙股份,汽车配件,江苏,20150320,603158.SH,20250902,11.54,11.58,10.95,11.05,11.88,-0.83,-6.9865,889143.25,996082.495,18.1162,30.6985,0.69,21.7083,24.0283,2.3825,1.4223,1.366,1.4323,1.4323,49079.9306,49079.9306,28963.7478,542333.2331,542333.2331,13.07,10.69,4.4016
603158,腾龙股份,汽车配件,江苏,20150320,603158.SH,20250901,12.5,12.68,11.85,11.88,13.03,-1.15,-8.8258,1046236.92,1262718.208,21.317,36.1223,0.75,23.3389,25.8332,2.5614,1.5291,1.4686,1.3323,1.3323,49079.9306,49079.9306,28963.7478,583069.5755,583069.5755,14.33,11.73,4.4016
603158,腾龙股份,汽车配件,江苏,20150320,603158.SH,20250829,13.7,14.22,13.03,13.03,14.48,-1.45,-10.0138,1155986.74,1546470.018,23.5531,39.9115,0.82,25.5982,28.3339,2.8094,1.6772,1.6108,1.2147,1.2147,49079.9306,49079.9306,28963.7478,639511.4957,639511.4957,15.93,13.03,4.4016
603158,腾龙股份,汽车配件,江苏,20150320,603158.SH,20250828,14.5,15.0,13.88,14.48,15.42,-0.94,-6.096,1263566.97,1808438.265,25.7451,43.4383,0.94,28.4468,31.4869,3.122,1.8638,1.79,1.093,1.093,49079.9306,49079.9306,29088.7958,710677.3951,710677.3951,16.96,13.88,4.4016
603158,腾龙股份,汽车配件,江苏,20150320,603158.SH,20250827,15.08,16.27,14.2,15.42,15.07,0.35,2.3225,1637357.36,2482875.774,33.361,56.2882,1.3,30.2935,31.7421,3.4152,1.9848,1.9819,1.0264,1.0264,49079.9306,49079.9306,29088.7958,756812.5299,756812.5299,16.58,13.56,4.4016
603158,腾龙股份,汽车配件,江苏,20150320,603158.SH,20250826,14.28,15.07,14.27,15.07,13.7,1.37,10.0,1365117.1,2024247.629,27.8142,46.9293,1.3,29.6059,31.0216,3.3377,1.9397,1.9369,1.0502,1.0502,49079.9306,49079.9306,29088.7958,739634.5541,739634.5541,15.07,12.33,4.4016
603158,腾龙股份,汽车配件,江苏,20150320,603158.SH,20250825,12.31,14.37,11.75,13.7,13.06,0.64,4.9005,1544461.67,2005906.583,31.4683,53.0947,1.43,26.9144,28.2015,3.0343,1.7634,1.7608,1.1553,1.1553,49079.9306,49079.9306,29088.7958,672395.0492,672395.0492,14.37,11.75,4.4016
603158,腾龙股份,汽车配件,江苏,20150320,603158.SH,20250822,13.1,13.28,11.91,13.06,12.73,0.33,2.5923,1242378.79,1552467.483,25.3134,42.7099,1.08,25.6571,26.8841,2.8925,1.681,1.6785,1.2119,1.2119,49079.9306,49079.9306,29088.7958,640983.8936,640983.8936,14.0,11.46,4.4012
603158,腾龙股份,汽车配件,江苏,20150320,603158.SH,20250821,13.32,13.75,12.73,12.73,14.14,-1.41,-9.9717,965065.88,1263366.754,19.6631,33.1765,0.88,25.0088,26.2047,2.8195,1.6385,1.6361,1.2433,1.2433,49079.9306,49079.9306,29088.7958,624787.5165,624787.5165,15.55,12.73,4.4012
603158,腾龙股份,汽车配件,江苏,20150320,603158.SH,20250820,13.89,14.14,13.08,14.14,12.85,1.29,10.0389,1168321.48,1617610.379,23.8045,40.164,1.25,27.7788,29.1072,3.1317,1.82,1.8173,1.1193,1.1193,49079.9306,49079.9306,29088.7958,693990.2187,693990.2187,14.14,11.57,4.4012
603158,腾龙股份,汽车配件,江苏,20150320,603158.SH,20250819,12.62,12.85,12.6,12.85,11.68,1.17,10.0171,346573.75,442763.628,7.0614,11.9143,0.39,25.2445,26.4518,2.846,1.654,1.6515,1.2317,1.2317,49079.9306,49079.9306,29088.7958,630677.1082,630677.1082,12.85,10.51,4.4012
603158,腾龙股份,汽车配件,江苏,20150320,603158.SH,20250818,11.83,12.38,11.25,11.68,11.25,0.43,3.8222,1671899.4,2010400.322,34.0648,57.4757,2.92,22.946,24.0433,2.5869,1.5034,1.5012,1.3551,1.3551,49079.9306,49079.9306,29088.7958,573253.5894,573253.5894,12.38,10.13,4.4012
603158,腾龙股份,汽车配件,江苏,20150320,603158.SH,20250815,11.11,11.25,10.5,11.25,10.23,1.02,9.9707,1592765.05,1761795.537,32.4525,54.7553,5.9,22.1013,23.1582,2.4917,1.448,1.4459,1.4069,1.4069,49079.9306,49079.9306,29088.7958,552149.2193,552149.2193,11.25,9.21,4.4012
603158,腾龙股份,汽车配件,江苏,20150320,603158.SH,20250814,10.0,10.23,9.8,10.23,9.3,0.93,10.0,702675.55,713579.961,14.317,24.1562,4.68,20.0974,21.0585,2.2658,1.3167,1.3148,1.5471,1.5471,49079.9306,49079.9306,29088.7958,502087.69,502087.69,10.23,8.37,4.4016
603158,腾龙股份,汽车配件,江苏,20150320,603158.SH,20250813,8.48,9.3,8.46,9.3,8.45,0.85,10.0592,375660.88,344973.031,7.6541,12.9143,3.64,18.2704,19.1441,2.0598,1.197,1.1953,1.7019,1.7019,49079.9306,49079.9306,29088.7958,456443.3546,456443.3546,9.3,7.61,4.4016
603158,腾龙股份,汽车配件,江苏,20150320,603158.SH,20250812,8.45,8.52,8.4,8.45,8.45,0.0,0.0,99727.0,84364.657,2.0319,3.4284,0.97,16.6005,17.3944,1.8715,1.0876,1.086,1.873,1.873,49079.9306,49079.9306,29088.7958,414725.4136,414725.4136,9.3,7.61,4.4016
603158,腾龙股份,汽车配件,江苏,20150320,603158.SH,20250811,8.33,8.47,8.32,8.45,8.33,0.12,1.4406,93465.88,78755.508,1.9044,3.2131,0.87,16.6005,17.3944,1.8715,1.0876,1.086,1.873,1.873,49079.9306,49079.9306,29088.7958,414725.4136,414725.4136,9.16,7.5,4.4016
603158,腾龙股份,汽车配件,江苏,20150320,603158.SH,20250808,8.37,8.38,8.28,8.33,8.36,-0.03,-0.3589,77513.2,64499.996,1.5793,2.6647,0.57,16.3648,17.1473,1.8449,1.0722,1.0706,1.9,1.9,49079.9306,49079.9306,29088.7958,408835.8219,408835.8219,9.2,7.52,4.4016
603158,腾龙股份,汽车配件,江苏,20150320,603158.SH,20250807,8.41,8.45,8.32,8.36,8.4,-0.04,-0.4762,105066.0,87827.85,2.1407,3.6119,0.79,16.4237,17.2091,1.8516,1.0761,1.0745,1.8932,1.8932,49079.9306,49079.9306,29088.7958,410308.2198,410308.2198,9.24,7.56,4.4016
603158,腾龙股份,汽车配件,江苏,20150320,603158.SH,20250806,8.34,8.42,8.3,8.4,8.33,0.07,0.8403,140142.16,117286.41,2.8554,4.8177,1.14,16.5023,17.2914,1.8604,1.0812,1.0796,1.8842,1.8842,49079.9306,49079.9306,29088.7958,412271.417,412271.417,9.16,7.5,4.4016
603158,腾龙股份,汽车配件,江苏,20150320,603158.SH,20250805,8.23,8.36,8.23,8.33,8.23,0.1,1.2151,99994.35,83007.469,2.0374,3.4376,0.84,16.3648,17.1473,1.8449,1.0722,1.0706,1.9,1.9,49079.9306,49079.9306,29088.7958,408835.8219,408835.8219,9.05,7.41,4.4016
603158,腾龙股份,汽车配件,江苏,20150320,603158.SH,20250804,8.19,8.25,8.1,8.23,8.18,0.05,0.6112,116805.8,95609.931,2.3799,4.0155,1.05,16.1683,16.9415,1.8228,1.0593,1.0578,1.9231,1.9231,49079.9306,49079.9306,29088.7958,403927.8288,403927.8288,9.0,7.36,4.4016
603158,腾龙股份,汽车配件,江苏,20150320,603158.SH,20250801,8.0,8.39,8.0,8.18,8.02,0.16,1.995,219798.15,180963.539,4.4784,7.5561,2.56,16.0701,16.8386,1.8117,1.0529,1.0513,1.9349,1.9349,49079.9306,49079.9306,29088.7958,401473.8323,401473.8323,8.82,7.22,4.4016
603158,腾龙股份,汽车配件,江苏,20150320,603158.SH,20250731,8.14,8.21,7.99,8.02,8.15,-0.13,-1.5951,88067.6,71178.835,1.7944,3.0275,1.07,15.7557,16.5092,1.7763,1.0323,1.0308,1.9735,1.9735,49079.9306,49079.9306,29088.7958,393621.0434,393621.0434,8.97,7.34,4.4016
603158,腾龙股份,汽车配件,江苏,20150320,603158.SH,20250730,8.29,8.29,8.01,8.15,8.26,-0.11,-1.3317,89702.0,73140.353,1.8277,3.0837,1.11,16.0111,16.7768,1.8051,1.049,1.0475,1.942,1.942,49079.9306,49079.9306,29088.7958,400001.4344,400001.4344,9.09,7.43,4.4016
603158,腾龙股份,汽车配件,江苏,20150320,603158.SH,20250729,8.33,8.34,8.17,8.26,8.32,-0.06,-0.7212,84122.21,69190.79,1.714,2.8919,1.05,16.2272,17.0032,1.8294,1.0632,1.0616,1.9161,1.9161,49079.9306,49079.9306,29088.7958,405400.2268,405400.2268,9.15,7.49,4.4016
603158,腾龙股份,汽车配件,江苏,20150320,603158.SH,20250728,8.34,8.37,8.28,8.32,8.35,-0.03,-0.3593,75053.45,62485.362,1.5292,2.5801,0.93,16.3451,17.1267,1.8427,1.0709,1.0693,1.9023,1.9023,49079.9306,49079.9306,29088.7958,408345.0226,408345.0226,9.19,7.52,4.4016
603158,腾龙股份,汽车配件,江苏,20150320,603158.SH,20250725,8.3,8.38,8.27,8.35,8.28,0.07,0.8454,91787.04,76415.866,1.8702,3.1554,1.15,16.404,17.1885,1.8494,1.0748,1.0732,1.8955,1.8955,49079.9306,49079.9306,29088.7958,409817.4205,409817.4205,9.11,7.45,4.4016
603158,腾龙股份,汽车配件,江苏,20150320,603158.SH,20250724,8.25,8.31,8.25,8.28,8.25,0.03,0.3636,70884.52,58674.321,1.4443,2.4368,0.92,16.2665,17.0444,1.8339,1.0658,1.0642,1.9115,1.9115,49079.9306,49079.9306,29088.7958,406381.8254,406381.8254,9.08,7.43,4.4016
603158,腾龙股份,汽车配件,江苏,20150320,603158.SH,20250723,8.35,8.35,8.23,8.25,8.3,-0.05,-0.6024,81929.2,67948.369,1.6693,2.8165,1.01,16.2076,16.9827,1.8272,1.0619,1.0603,1.9185,1.9185,49079.9306,49079.9306,29088.7958,404909.4275,404909.4275,9.13,7.47,4.4016
603158,腾龙股份,汽车配件,江苏,20150320,603158.SH,20250722,8.31,8.34,8.25,8.3,8.3,0.0,0.0,79053.85,65483.233,1.6107,2.7177,0.95,16.3058,17.0856,1.8383,1.0683,1.0668,1.9069,1.9069,49079.9306,49079.9306,29088.7958,407363.424,407363.424,9.13,7.47,4.4016
603158,腾龙股份,汽车配件,江苏,20150320,603158.SH,20250721,8.23,8.32,8.21,8.3,8.24,0.06,0.7282,81493.02,67545.549,1.6604,2.8015,0.98,16.3058,17.0856,1.8383,1.0683,1.0668,1.9069,1.9069,49079.9306,49079.9306,29088.7958,407363.424,407363.424,9.06,7.42,4.4016
603158,腾龙股份,汽车配件,江苏,20150320,603158.SH,20250718,8.29,8.3,8.14,8.24,8.28,-0.04,-0.4831,84769.72,69635.086,1.7272,2.9159,1.05,16.1879,16.9621,1.825,1.0606,1.059,1.9208,1.9208,49079.9306,49079.9306,29071.9958,404418.6281,404418.6281,9.11,7.45,4.4016
603158,腾龙股份,汽车配件,江苏,20150320,603158.SH,20250717,8.3,8.3,8.24,8.28,8.29,-0.01,-0.1206,59830.2,49452.141,1.219,2.058,0.71,16.2665,17.0444,1.8339,1.0658,1.0642,1.9115,1.9115,49079.9306,49079.9306,29071.9958,406381.8254,406381.8254,9.12,7.46,4.4016
603158,腾龙股份,汽车配件,江苏,20150320,603158.SH,20250716,8.19,8.29,8.18,8.29,8.19,0.1,1.221,102137.96,84301.468,2.0811,3.5133,1.29,16.2862,17.065,1.8361,1.067,1.0655,1.9092,1.9092,49079.9306,49079.9306,29071.9958,406872.6247,406872.6247,9.01,7.37,4.4016
603158,腾龙股份,汽车配件,江苏,20150320,603158.SH,20250715,8.19,8.21,8.08,8.19,8.19,0.0,0.0,87196.23,71071.143,1.7766,2.9993,1.07,16.0897,16.8591,1.8139,1.0542,1.0526,1.9325,1.9325,49079.9306,49079.9306,29071.9958,401964.6316,401964.6316,9.01,7.37,4.4016
603158,腾龙股份,汽车配件,江苏,20150320,603158.SH,20250714,8.15,8.23,8.12,8.19,8.14,0.05,0.6143,83638.44,68449.935,1.7041,2.8769,1.07,16.0897,16.8591,1.8139,1.0542,1.0526,1.9325,1.9325,49079.9306,49079.9306,29071.9958,401964.6316,401964.6316,8.95,7.33,4.4016
603158,腾龙股份,汽车配件,江苏,20150320,603158.SH,20250711,8.15,8.21,8.11,8.14,8.16,-0.02,-0.2451,70983.4,57838.104,1.4463,2.4416,0.91,15.9915,16.7562,1.8029,1.0477,1.0462,1.9444,1.9444,49079.9306,49079.9306,29071.9958,399510.6351,399510.6351,8.98,7.34,4.4016
603158,腾龙股份,汽车配件,江苏,20150320,603158.SH,20250710,8.11,8.19,8.08,8.16,8.11,0.05,0.6165,74845.4,60863.794,1.525,2.5745,0.92,16.0308,16.7974,1.8073,1.0503,1.0488,1.9396,1.9396,49079.9306,49079.9306,29071.9958,400492.2337,400492.2337,8.92,7.3,4.4016
603158,腾龙股份,汽车配件,江苏,20150320,603158.SH,20250709,8.16,8.22,8.09,8.11,8.16,-0.05,-0.6127,79763.6,65036.835,1.6252,2.7437,1.02,15.9326,16.6945,1.7962,1.0439,1.0423,1.9516,1.9516,49079.9306,49079.9306,29071.9958,398038.2372,398038.2372,8.98,7.34,4.4016
603158,腾龙股份,汽车配件,江苏,20150320,603158.SH,20250708,8.06,8.17,8.03,8.16,8.06,0.1,1.2407,98250.56,79895.662,2.0018,3.3796,1.29,16.0308,16.7974,1.8073,1.0503,1.0488,1.9396,1.9396,49079.9306,49079.9306,29071.9958,400492.2337,400492.2337,8.87,7.25,4.4016
603158,腾龙股份,汽车配件,江苏,20150320,603158.SH,20250707,7.93,8.06,7.91,8.06,7.98,0.08,1.0025,66777.81,53451.665,1.3606,2.297,0.87,15.8343,16.5915,1.7851,1.0374,1.0359,1.9637,1.9637,49079.9306,49079.9306,29071.9958,395584.2406,395584.2406,8.78,7.18,4.4016
603158,腾龙股份,汽车配件,江苏,20150320,603158.SH,20250704,8.0,8.04,7.95,7.98,8.03,-0.05,-0.6227,70675.96,56415.048,1.44,2.4311,0.94,15.6772,16.4269,1.7674,1.0271,1.0256,1.9834,1.9834,49079.9306,49079.9306,29071.9958,391657.8462,391657.8462,8.83,7.23,4.4016
603158,腾龙股份,汽车配件,江苏,20150320,603158.SH,20250703,7.89,8.08,7.89,8.03,7.95,0.08,1.0063,89157.43,71443.42,1.8166,3.0668,1.17,15.7754,16.5298,1.7785,1.0336,1.0321,1.971,1.971,49079.9306,49079.9306,29071.9958,394111.8427,394111.8427,8.75,7.16,4.4016
603158,腾龙股份,汽车配件,江苏,20150320,603158.SH,20250702,7.92,7.98,7.88,7.95,7.94,0.01,0.1259,66640.6,52837.882,1.3578,2.2923,0.66,15.6182,16.3651,1.7608,1.0233,1.0218,1.9908,1.9908,49079.9306,49079.9306,29071.9958,390185.4483,390185.4483,8.73,7.15,4.4016
603158,腾龙股份,汽车配件,江苏,20150320,603158.SH,20250701,7.97,7.99,7.85,7.94,7.96,-0.02,-0.2513,86701.16,68616.856,1.7665,2.9823,0.82,15.5986,16.3445,1.7586,1.022,1.0205,1.9934,1.9934,49079.9306,49079.9306,29071.9958,389694.649,389694.649,8.76,7.16,4.4016
603158,腾龙股份,汽车配件,江苏,20150320,603158.SH,20250630,7.91,7.97,7.9,7.96,7.93,0.03,0.3783,71181.78,56548.137,1.4503,2.4485,0.66,15.6379,16.3857,1.763,1.0246,1.0231,1.9883,1.9883,49079.9306,49079.9306,29071.9958,390676.2476,390676.2476,8.72,7.14,4.4016
603158,腾龙股份,汽车配件,江苏,20150320,603158.SH,20250627,7.94,7.98,7.91,7.93,7.91,0.02,0.2528,64120.0,50865.957,1.3064,2.2056,0.59,15.5789,16.3239,1.7563,1.0207,1.0192,1.9959,1.9959,49079.9306,49079.9306,29071.9958,389203.8497,389203.8497,8.7,7.12,4.4016
603158,腾龙股份,汽车配件,江苏,20150320,603158.SH,20250626,7.9,7.96,7.85,7.91,7.91,0.0,0.0,90951.0,71808.669,1.8531,3.1285,0.84,15.5396,16.2828,1.7519,1.0181,1.0166,2.0009,2.0009,49079.9306,49079.9306,29071.9958,388222.251,388222.251,8.7,7.12,4.4016
603158,腾龙股份,汽车配件,江苏,20150320,603158.SH,20250625,7.9,7.93,7.77,7.91,8.0,-0.09,-1.125,194923.95,153028.438,3.9716,6.7049,2.35,15.5396,16.2828,1.7519,1.0181,1.0166,2.0009,2.0009,49079.9306,49079.9306,29071.9958,388222.251,388222.251,8.8,7.2,4.4016
603158,腾龙股份,汽车配件,江苏,20150320,603158.SH,20250624,7.85,8.02,7.8,8.0,7.8,0.2,2.5641,106848.08,84927.277,2.177,3.6753,1.51,15.7164,16.468,1.7718,1.0297,1.0282,1.9784,1.9784,49079.9306,49079.9306,29071.9958,392639.4448,392639.4448,8.58,7.02,4.4016
603158,腾龙股份,汽车配件,江苏,20150320,603158.SH,20250623,7.58,7.84,7.53,7.8,7.61,0.19,2.4967,79432.6,61320.147,1.6184,2.7323,1.22,15.3235,16.0563,1.7276,1.004,1.0025,2.0291,2.0291,49079.9306,49079.9306,29071.9958,382823.4587,382823.4587,8.37,6.85,4.4016
603158,腾龙股份,汽车配件,江苏,20150320,603158.SH,20250620,7.72,7.73,7.6,7.61,7.68,-0.07,-0.9115,70671.84,54041.135,1.4399,2.4309,0.9,14.9503,15.6652,1.6855,0.9795,0.9781,2.0798,2.0798,49079.9306,49079.9306,29071.9958,373498.2719,373498.2719,8.45,6.91,4.4016
603158,腾龙股份,汽车配件,江苏,20150320,603158.SH,20250619,8.01,8.07,7.81,7.84,8.03,-0.19,-2.3661,90910.0,72028.775,1.8523,3.1271,1.17,15.4021,16.1387,1.6776,1.0091,1.0076,2.0188,2.0188,49079.9306,49079.9306,29071.9958,384786.6559,384786.6559,8.83,7.23,4.3118
603158,腾龙股份,汽车配件,江苏,20150320,603158.SH,20250618,8.08,8.08,7.93,8.03,8.08,-0.05,-0.6188,66517.4,53184.142,1.3553,2.288,0.65,15.7754,16.5298,1.7183,1.0336,1.0321,1.971,1.971,49079.9306,49079.9306,29071.9958,394111.8427,394111.8427,8.89,7.27,4.3118
603158,腾龙股份,汽车配件,江苏,20150320,603158.SH,20250617,8.13,8.14,8.04,8.08,8.09,-0.01,-0.1236,46385.32,37430.534,0.9451,1.5955,0.4,15.8736,16.6327,1.729,1.04,1.0385,1.9588,1.9588,49079.9306,49079.9306,29071.9958,396565.8392,396565.8392,8.9,7.28,4.3118
603158,腾龙股份,汽车配件,江苏,20150320,603158.SH,20250616,8.0,8.1,7.99,8.09,8.07,0.02,0.2478,49810.68,40187.781,1.0149,1.7134,0.4,15.8933,16.6533,1.7311,1.0413,1.0398,1.9564,1.9564,49079.9306,49079.9306,29071.9958,397056.6386,397056.6386,8.88,7.26,4.3118
603158,腾龙股份,汽车配件,江苏,20150320,603158.SH,20250613,8.25,8.26,8.04,8.07,8.3,-0.23,-2.7711,137537.72,111725.72,2.8023,4.7309,1.2,15.854,16.6121,1.7268,1.0387,1.0372,1.9612,1.9612,49079.9306,49079.9306,29071.9958,396075.0399,396075.0399,9.13,7.47,4.3118
603158,腾龙股份,汽车配件,江苏,20150320,603158.SH,20250612,8.3,8.32,8.22,8.3,8.33,-0.03,-0.3601,89728.72,74190.982,1.8282,3.0864,0.82,16.3058,17.0856,1.776,1.0683,1.0668,1.9069,1.9069,49079.9306,49079.9306,29071.9958,407363.424,407363.424,9.16,7.5,4.3118
603158,腾龙股份,汽车配件,江苏,20150320,603158.SH,20250611,8.23,8.5,8.22,8.33,8.21,0.12,1.4616,190681.52,159835.662,3.8851,6.5589,2.26,16.3648,17.1473,1.7825,1.0722,1.0706,1.9,1.9,49079.9306,49079.9306,29071.9958,408835.8219,408835.8219,9.03,7.39,4.3118
603158,腾龙股份,汽车配件,江苏,20150320,603158.SH,20250610,8.27,8.33,8.06,8.21,8.26,-0.05,-0.6053,116317.69,95378.346,2.37,4.001,1.57,16.129,16.9003,1.7568,1.0567,1.0552,1.9278,1.9278,49079.9306,49079.9306,29071.9958,402946.2302,402946.2302,9.09,7.43,4.3118
603158,腾龙股份,汽车配件,江苏,20150320,603158.SH,20250609,8.22,8.26,8.18,8.26,8.21,0.05,0.609,87540.16,71926.742,1.7836,3.0112,0.9,16.2272,17.0032,1.7675,1.0632,1.0616,1.9161,1.9161,49079.9306,49079.9306,29071.9958,405400.2268,405400.2268,9.03,7.39,4.3118
603158,腾龙股份,汽车配件,江苏,20150320,603158.SH,20250606,8.29,8.3,8.15,8.21,8.29,-0.08,-0.965,86525.4,71045.468,1.7629,2.9762,0.74,16.129,16.9003,1.7568,1.0567,1.0552,1.9278,1.9278,49079.9306,49079.9306,29071.9958,402946.2302,402946.2302,9.12,7.46,4.3118
603158,腾龙股份,汽车配件,江苏,20150320,603158.SH,20250605,8.28,8.33,8.2,8.29,8.28,0.01,0.1208,66876.52,55266.418,1.3626,2.3004,0.56,16.2862,17.065,1.7739,1.067,1.0655,1.9092,1.9092,49079.9306,49079.9306,29071.9958,406872.6247,406872.6247,9.11,7.45,4.3118
603158,腾龙股份,汽车配件,江苏,20150320,603158.SH,20250604,8.29,8.37,8.25,8.28,8.24,0.04,0.4854,65121.0,54055.951,1.3268,2.24,0.53,16.2665,17.0444,1.7718,1.0658,1.0642,1.9115,1.9115,49079.9306,49079.9306,29071.9958,406381.8254,406381.8254,9.06,7.42,4.3118
603158,腾龙股份,汽车配件,江苏,20150320,603158.SH,20250603,8.14,8.28,8.14,8.24,8.24,0.0,0.0,64576.32,53132.273,1.3157,2.2213,0.49,16.1879,16.9621,1.7632,1.0606,1.059,1.9208,1.9208,49079.9306,49079.9306,29071.9958,404418.6281,404418.6281,9.06,7.42,4.3118
603158,腾龙股份,汽车配件,江苏,20150320,603158.SH,20250530,8.53,8.58,8.23,8.24,8.59,-0.35,-4.0745,204650.4,170249.8,4.1697,7.0394,1.78,16.1879,16.9621,1.7632,1.0606,1.059,1.9208,1.9208,49079.9306,49079.9306,29071.9958,404418.6281,404418.6281,9.45,7.73,4.3118
603158,腾龙股份,汽车配件,江苏,20150320,603158.SH,20250529,8.31,8.64,8.31,8.59,8.34,0.25,2.9976,179821.0,154121.294,3.6638,6.1854,1.72,16.8755,17.6825,1.8381,1.1057,1.104,1.8425,1.8425,49079.9306,49079.9306,29071.9958,421596.6039,421596.6039,9.17,7.51,4.3118
603158,腾龙股份,汽车配件,江苏,20150320,603158.SH,20250528,8.35,8.49,8.29,8.34,8.35,-0.01,-0.1198,78982.2,66189.144,1.6093,2.7168,0.67,16.3844,17.1679,1.7846,1.0735,1.0719,1.8977,1.8977,49079.9306,49079.9306,29071.9958,409326.6212,409326.6212,9.19,7.52,4.3118
603158,腾龙股份,汽车配件,江苏,20150320,603158.SH,20250527,8.4,8.42,8.25,8.35,8.44,-0.09,-1.0664,88430.54,73666.013,1.8018,3.0418,0.64,16.404,17.1885,1.7867,1.0748,1.0732,1.8955,1.8955,49079.9306,49079.9306,29071.9958,409817.4205,409817.4205,9.28,7.6,4.3118
603158,腾龙股份,汽车配件,江苏,20150320,603158.SH,20250526,8.39,8.49,8.32,8.44,8.43,0.01,0.1186,107432.0,90230.852,2.1889,3.6954,0.75,16.5809,17.3738,1.806,1.0864,1.0847,1.8753,1.8753,49079.9306,49079.9306,29071.9958,414234.6143,414234.6143,9.27,7.59,4.3118
603158,腾龙股份,汽车配件,江苏,20150320,603158.SH,20250523,8.48,8.68,8.42,8.43,8.53,-0.1,-1.1723,119559.36,102096.552,2.436,4.1125,0.74,16.5612,17.3532,1.8039,1.0851,1.0835,1.8775,1.8775,49079.9306,49079.9306,29071.9958,413743.815,413743.815,9.38,7.68,4.3118
603158,腾龙股份,汽车配件,江苏,20150320,603158.SH,20250522,8.66,8.76,8.52,8.53,8.72,-0.19,-2.1789,127203.0,109515.681,2.5918,4.3754,0.79,16.7577,17.559,1.8253,1.0979,1.0963,1.8555,1.8555,49079.9306,49079.9306,29071.9958,418651.808,418651.808,9.59,7.85,4.3118
603158,腾龙股份,汽车配件,江苏,20150320,603158.SH,20250521,8.8,8.83,8.61,8.72,8.82,-0.1,-1.1338,149951.8,130458.514,3.0553,5.1579,0.98,17.1309,17.9501,1.8659,1.1224,1.1207,1.815,1.815,49079.9306,49079.9306,29071.9958,427976.9948,427976.9948,9.7,7.94,4.3118
603158,腾龙股份,汽车配件,江苏,20150320,603158.SH,20250520,8.6,8.93,8.47,8.82,8.65,0.17,1.9653,186835.84,163807.595,3.8068,6.4267,1.32,17.3274,18.156,1.8873,1.1353,1.1336,1.7945,1.7945,49079.9306,49079.9306,29071.9958,432884.9879,432884.9879,9.52,7.79,4.3118
603158,腾龙股份,汽车配件,江苏,20150320,603158.SH,20250519,8.7,8.77,8.5,8.65,8.69,-0.04,-0.4603,132641.0,114154.632,2.7026,4.5625,0.97,16.9934,17.8061,1.8509,1.1134,1.1117,1.8297,1.8297,49079.9306,49079.9306,29071.9958,424541.3997,424541.3997,9.56,7.82,4.3118
603158,腾龙股份,汽车配件,江苏,20150320,603158.SH,20250516,8.34,8.76,8.31,8.69,8.34,0.35,4.1966,214999.6,184459.737,4.3806,7.3954,1.8,17.072,17.8884,1.8595,1.1185,1.1169,1.8213,1.8213,49079.9306,49079.9306,29071.9958,426504.5969,426504.5969,9.17,7.51,4.3118
603158,腾龙股份,汽车配件,江苏,20150320,603158.SH,20250515,8.51,8.52,8.29,8.34,8.54,-0.2,-2.3419,117920.84,98686.632,2.4026,4.0562,0.99,16.3844,17.1679,1.7846,1.0735,1.0719,1.8977,1.8977,49079.9306,49079.9306,29071.9958,409326.6212,409326.6212,9.39,7.69,4.3118
603158,腾龙股份,汽车配件,江苏,20150320,603158.SH,20250514,8.65,8.68,8.49,8.54,8.61,-0.07,-0.813,114718.6,98053.582,2.3374,3.946,0.97,16.7773,17.5796,1.8274,1.0992,1.0976,1.8533,1.8533,49079.9306,49079.9306,29071.9958,419142.6073,419142.6073,9.47,7.75,4.3118
603158,腾龙股份,汽车配件,江苏,20150320,603158.SH,20250513,8.7,8.87,8.6,8.61,8.62,-0.01,-0.116,126334.6,109942.064,2.5741,4.3456,1.11,16.9148,17.7237,1.8424,1.1082,1.1066,1.8382,1.8382,49079.9306,49079.9306,29071.9958,422578.2025,422578.2025,9.48,7.76,4.3118
603158,腾龙股份,汽车配件,江苏,20150320,603158.SH,20250512,8.64,8.79,8.56,8.62,8.52,0.1,1.1737,107063.4,92560.688,2.1814,3.6827,0.95,16.9345,17.7443,1.8445,1.1095,1.1079,1.8361,1.8361,49079.9306,49079.9306,29071.9958,423069.0018,423069.0018,9.37,7.67,4.3118
603158,腾龙股份,汽车配件,江苏,20150320,603158.SH,20250509,8.65,8.67,8.4,8.52,8.64,-0.12,-1.3889,129568.4,110276.466,2.6399,4.4568,1.07,16.738,17.5384,1.8231,1.0966,1.095,1.8577,1.8577,49079.9306,49079.9306,29071.9958,418161.0087,418161.0087,9.5,7.78,4.3118
603158,腾龙股份,汽车配件,江苏,20150320,603158.SH,20250508,8.48,8.71,8.42,8.64,8.49,0.15,1.7668,117008.8,100854.828,2.384,4.0248,0.78,16.9738,17.7855,1.8488,1.1121,1.1105,1.8319,1.8319,49079.9306,49079.9306,29071.9958,424050.6004,424050.6004,9.34,7.64,4.3118
603158,腾龙股份,汽车配件,江苏,20150320,603158.SH,20250507,8.65,8.68,8.4,8.49,8.54,-0.05,-0.5855,114246.4,97536.905,2.3278,3.9298,0.75,16.6791,17.4767,1.8167,1.0928,1.0912,1.8642,1.8642,49079.9306,49079.9306,29071.9958,416688.6108,416688.6108,9.39,7.69,4.3118
603158,腾龙股份,汽车配件,江苏,20150320,603158.SH,20250506,8.45,8.55,8.4,8.54,8.34,0.2,2.3981,99547.4,84389.136,2.0283,3.4242,0.63,16.7773,17.5796,1.8274,1.0992,1.0976,1.8533,1.8533,49079.9306,49079.9306,29071.9958,419142.6073,419142.6073,9.17,7.51,4.3118
603158,腾龙股份,汽车配件,江苏,20150320,603158.SH,20250430,8.18,8.42,8.16,8.34,8.16,0.18,2.2059,103170.6,85735.326,2.1021,3.5488,0.62,16.3844,17.1679,1.7846,1.0735,1.0719,1.8977,1.8977,49079.9306,49079.9306,29071.9958,409326.6212,409326.6212,8.98,7.34,4.3118
603158,腾龙股份,汽车配件,江苏,20150320,603158.SH,20250429,8.07,8.31,7.98,8.16,8.06,0.1,1.2407,173947.0,142932.085,3.5442,5.9833,1.17,16.0308,16.7974,1.7461,1.0503,1.0488,1.9396,1.9396,49079.9306,49079.9306,29071.9958,400492.2337,400492.2337,8.87,7.25,4.3118
603158,腾龙股份,汽车配件,江苏,20150320,603158.SH,20250428,8.34,8.34,7.96,8.06,8.72,-0.66,-7.5688,262208.16,211628.452,5.3425,9.0193,2.31,15.8343,16.5915,1.7247,1.0374,1.0359,1.9637,1.9637,49079.9306,49079.9306,29071.9958,395584.2406,395584.2406,9.59,7.85,4.3118
603158,腾龙股份,汽车配件,江苏,20150320,603158.SH,20250425,8.67,8.73,8.53,8.72,8.59,0.13,1.5134,120976.92,105036.713,2.4649,4.1613,1.19,22.0089,14.7328,1.9063,1.2955,1.1757,1.815,1.815,49079.9306,49079.9306,29071.9958,427976.9948,427976.9948,9.45,7.73,4.3118
603158,腾龙股份,汽车配件,江苏,20150320,603158.SH,20250424,8.62,8.76,8.55,8.59,8.62,-0.03,-0.348,130679.84,113042.118,2.6626,4.495,1.36,21.6808,14.5132,1.8778,1.2762,1.1582,1.8425,1.8425,49079.9306,49079.9306,29071.9958,421596.6039,421596.6039,9.48,7.76,4.3118
603158,腾龙股份,汽车配件,江苏,20150320,603158.SH,20250423,8.44,8.67,8.44,8.62,8.38,0.24,2.864,144825.44,124299.344,2.9508,4.9816,1.45,21.7565,14.5639,1.8844,1.2806,1.1623,1.8361,1.8361,49079.9306,49079.9306,29071.9958,423069.0018,423069.0018,9.22,7.54,4.3118
603158,腾龙股份,汽车配件,江苏,20150320,603158.SH,20250422,8.41,8.44,8.28,8.38,8.44,-0.06,-0.7109,84218.69,70515.585,1.7159,2.8969,0.8,21.1507,14.1584,1.8319,1.245,1.1299,1.8887,1.8887,49079.9306,49079.9306,29071.9958,411289.8184,411289.8184,9.28,7.6,4.3118
603158,腾龙股份,汽车配件,江苏,20150320,603158.SH,20250421,8.21,8.44,8.16,8.44,8.2,0.24,2.9268,86839.2,72361.017,1.7693,2.987,0.79,21.3022,14.2597,1.845,1.2539,1.138,1.8753,1.8753,49079.9306,49079.9306,29071.9958,414234.6143,414234.6143,9.02,7.38,4.3118
603158,腾龙股份,汽车配件,江苏,20150320,603158.SH,20250418,8.19,8.27,8.08,8.2,8.21,-0.01,-0.1218,63021.24,51620.47,1.2841,2.1678,0.5,20.6964,13.8542,1.7926,1.2182,1.1056,1.9301,1.9301,49079.9306,49079.9306,29071.9958,402455.4309,402455.4309,9.03,7.39,4.3118
603158,腾龙股份,汽车配件,江苏,20150320,603158.SH,20250417,8.06,8.35,8.06,8.21,8.15,0.06,0.7362,103120.27,85219.269,2.1011,3.5471,0.71,20.7217,13.8711,1.7948,1.2197,1.107,1.9278,1.9278,49079.9306,49079.9306,29071.9958,402946.2302,402946.2302,8.97,7.34,4.3118
603158,腾龙股份,汽车配件,江苏,20150320,603158.SH,20250416,8.27,8.32,7.9,8.15,8.33,-0.18,-2.1609,161681.56,131223.47,3.2942,5.5614,0.99,20.5702,13.7698,1.7816,1.2108,1.0989,1.942,1.942,49079.9306,49079.9306,29071.9958,400001.4344,400001.4344,9.16,7.5,4.3118
603158,腾龙股份,汽车配件,江苏,20150320,603158.SH,20250415,8.27,8.42,8.24,8.33,8.27,0.06,0.7255,109237.32,90988.581,2.2257,3.7575,0.52,21.0245,14.0739,1.821,1.2375,1.1232,1.9,1.9,49079.9306,49079.9306,29071.9958,408835.8219,408835.8219,9.1,7.44,4.3118
603158,腾龙股份,汽车配件,江苏,20150320,603158.SH,20250414,8.29,8.37,8.18,8.27,8.09,0.18,2.225,113041.76,93608.076,2.3032,3.8883,0.55,20.8731,13.9725,1.8079,1.2286,1.1151,1.9138,1.9138,49079.9306,49079.9306,29071.9958,405891.0261,405891.0261,8.9,7.28,4.3118
603158,腾龙股份,汽车配件,江苏,20150320,603158.SH,20250411,7.9,8.18,7.83,8.09,8.0,0.09,1.125,138047.95,111671.357,2.8127,4.7485,0.67,20.4188,13.6684,1.7685,1.2019,1.0908,1.9564,1.9564,49079.9306,49079.9306,29071.9958,397056.6386,397056.6386,8.8,7.2,4.3118
603158,腾龙股份,汽车配件,江苏,20150320,603158.SH,20250410,7.99,8.23,7.99,8.0,7.77,0.23,2.9601,207672.36,168262.867,4.2313,7.1434,1.09,20.1916,13.5163,1.7489,1.1885,1.0787,1.9784,1.9784,49079.9306,49079.9306,29071.9958,392639.4448,392639.4448,8.55,6.99,4.3118
603158,腾龙股份,汽车配件,江苏,20150320,603158.SH,20250409,7.5,7.88,7.0,7.77,7.72,0.05,0.6477,252172.72,187973.729,5.138,8.6741,1.55,19.6111,13.1277,1.6986,1.1543,1.0477,2.037,2.037,49079.9306,49079.9306,29071.9958,381351.0608,381351.0608,8.49,6.95,4.3118
603158,腾龙股份,汽车配件,江苏,20150320,603158.SH,20250408,7.9,8.14,7.44,7.72,8.27,-0.55,-6.6505,338936.35,260055.553,6.9058,11.6585,2.63,19.4849,13.0433,1.6876,1.1469,1.0409,2.0502,2.0502,49079.9306,49079.9306,29071.9958,378897.0642,378897.0642,9.1,7.44,4.3118
603158,腾龙股份,汽车配件,江苏,20150320,603158.SH,20250407,8.32,8.52,8.27,8.27,9.19,-0.92,-10.0109,82123.0,68325.054,1.6733,2.8248,0.54,20.8731,13.9725,1.8079,1.2286,1.1151,1.9138,1.9138,49079.9306,49079.9306,29071.9958,405891.0261,405891.0261,10.11,8.27,4.3118
603158,腾龙股份,汽车配件,江苏,20150320,603158.SH,20250403,9.41,9.53,9.11,9.19,9.57,-0.38,-3.9707,154001.0,142834.076,3.1378,5.2972,0.96,23.1952,15.5269,2.009,1.3653,1.2391,1.7222,1.7222,49079.9306,49079.9306,29071.9958,451044.5622,451044.5622,10.53,8.61,4.3118
603158,腾龙股份,汽车配件,江苏,20150320,603158.SH,20250402,9.38,9.69,9.32,9.57,9.42,0.15,1.5924,124957.44,119354.917,2.546,4.2982,0.73,24.1543,16.1689,2.0921,1.4218,1.2904,1.6538,1.6538,49079.9306,49079.9306,29071.9958,469694.9358,469694.9358,10.36,8.48,4.3118
603158,腾龙股份,汽车配件,江苏,20150320,603158.SH,20250401,9.47,9.54,9.35,9.42,9.39,0.03,0.3195,113225.2,106904.848,2.307,3.8946,0.62,23.7757,15.9155,2.0593,1.3995,1.2701,1.6802,1.6802,49079.9306,49079.9306,29071.9958,462332.9463,462332.9463,10.33,8.45,4.3118
603158,腾龙股份,汽车配件,江苏,20150320,603158.SH,20250331,9.53,9.57,9.17,9.39,9.57,-0.18,-1.8809,170870.8,159153.412,3.4815,5.8775,0.81,23.6999,15.8648,2.0527,1.395,1.2661,1.6855,1.6855,49079.9306,49079.9306,29071.9958,460860.5483,460860.5483,10.53,8.61,4.3118
603158,腾龙股份,汽车配件,江苏,20150320,603158.SH,20250328,9.85,9.89,9.56,9.57,9.81,-0.24,-2.4465,201412.36,195005.181,4.1038,6.9281,0.8,24.1543,16.1689,2.0921,1.4218,1.2904,1.6538,1.6538,49079.9306,49079.9306,29071.9958,469694.9358,469694.9358,10.79,8.83,4.3118
603158,腾龙股份,汽车配件,江苏,20150320,603158.SH,20250327,10.1,10.12,9.79,9.81,10.13,-0.32,-3.1589,187692.32,186913.339,3.8242,6.4561,0.59,24.76,16.5744,2.1445,1.4574,1.3227,1.6134,1.6134,49079.9306,49079.9306,29071.9958,481474.1192,481474.1192,11.14,9.12,4.3118
603158,腾龙股份,汽车配件,江苏,20150320,603158.SH,20250326,9.83,10.27,9.82,10.13,9.94,0.19,1.9115,180878.32,183236.77,3.6854,6.2217,0.54,25.5677,17.1151,2.2145,1.505,1.3659,1.5624,1.5624,49079.9306,49079.9306,29071.9958,497179.697,497179.697,10.93,8.95,4.3118
603158,腾龙股份,汽车配件,江苏,20150320,603158.SH,20250325,10.0,10.14,9.86,9.94,10.06,-0.12,-1.1928,165787.12,165655.842,3.3779,5.7026,0.46,25.0881,16.7941,2.173,1.4767,1.3402,1.5923,1.5923,49079.9306,49079.9306,29071.9958,487854.5102,487854.5102,11.07,9.05,4.3118
603158,腾龙股份,汽车配件,江苏,20150320,603158.SH,20250324,10.33,10.45,9.77,10.06,10.33,-0.27,-2.6137,315417.4,316483.856,6.4266,10.8495,0.87,25.391,16.9968,2.1992,1.4946,1.3564,1.5733,1.5733,49079.9306,49079.9306,29071.9958,493744.1018,493744.1018,11.36,9.3,4.3118
603158,腾龙股份,汽车配件,江苏,20150320,603158.SH,20250321,10.85,10.97,10.33,10.33,10.86,-0.53,-4.8803,401736.0,425183.259,8.1853,13.8187,1.21,26.0725,17.453,2.2582,1.5347,1.3928,1.5322,1.5322,49079.9306,49079.9306,29071.9958,506995.6831,506995.6831,11.95,9.77,4.3118
603158,腾龙股份,汽车配件,江苏,20150320,603158.SH,20250320,10.43,11.1,10.36,10.86,10.47,0.39,3.7249,529833.72,572959.471,10.7953,18.2249,1.76,27.4102,18.3484,2.3741,1.6134,1.4643,1.4574,1.4574,49079.9306,49079.9306,29071.9958,533008.0463,533008.0463,11.52,9.42,4.3118
603158,腾龙股份,汽车配件,江苏,20150320,603158.SH,20250319,10.55,10.56,10.37,10.47,10.58,-0.11,-1.0397,247165.24,258182.015,5.036,8.5018,0.73,26.4258,17.6895,2.2888,1.5555,1.4117,1.5117,1.5117,49079.9306,49079.9306,29071.9958,513866.8734,513866.8734,11.64,9.52,4.3118
603158,腾龙股份,汽车配件,江苏,20150320,603158.SH,20250318,10.45,10.59,10.36,10.58,10.45,0.13,1.244,322714.28,338732.964,6.5753,11.1005,0.86,26.7034,17.8754,2.3129,1.5718,1.4265,1.496,1.496,49079.9306,49079.9306,29071.9958,519265.6657,519265.6657,11.5,9.41,4.3118
603158,腾龙股份,汽车配件,江苏,20150320,603158.SH,20250317,10.11,10.48,10.02,10.45,10.19,0.26,2.5515,320301.09,331257.422,6.5261,11.0175,0.65,26.3753,17.6557,2.2844,1.5525,1.409,1.5146,1.5146,49079.9306,49079.9306,29071.9958,512885.2748,512885.2748,11.21,9.17,4.3118
603158,腾龙股份,汽车配件,江苏,20150320,603158.SH,20250314,10.1,10.24,9.87,10.19,10.02,0.17,1.6966,243616.12,245353.485,4.9637,8.3798,0.49,25.7191,17.2164,2.2276,1.5139,1.3739,1.5532,1.5532,49079.9306,49079.9306,29071.9958,500124.4928,500124.4928,11.02,9.02,4.3118
603158,腾龙股份,汽车配件,江苏,20150320,603158.SH,20250313,10.37,10.53,9.92,10.02,10.37,-0.35,-3.3751,372402.2,376445.902,7.5877,12.8097,0.78,25.29,16.9292,2.1904,1.4886,1.351,1.5796,1.5796,49079.9306,49079.9306,29071.9958,491780.9046,491780.9046,11.41,9.33,4.3118
603158,腾龙股份,汽车配件,江苏,20150320,603158.SH,20250312,10.44,10.65,10.34,10.37,10.31,0.06,0.582,422846.44,442659.567,8.6155,14.5448,0.98,26.1734,17.5206,2.267,1.5406,1.3982,1.5263,1.5263,49079.9306,49079.9306,29071.9958,508958.8803,508958.8803,11.34,9.28,4.3118
603158,腾龙股份,汽车配件,江苏,20150320,603158.SH,20250311,10.14,10.62,10.14,10.31,10.39,-0.08,-0.77,511538.41,530125.918,10.4226,17.5956,1.41,26.022,17.4192,2.2538,1.5317,1.3901,1.5351,1.5351,49079.9306,49079.9306,29071.9958,506014.0845,506014.0845,11.43,9.35,4.3118
603158,腾龙股份,汽车配件,江苏,20150320,603158.SH,20250310,10.98,10.98,10.3,10.39,10.41,-0.02,-0.1921,927315.67,977353.92,18.894,31.8972,4.21,26.2239,17.5543,2.2713,1.5436,1.4009,1.5233,1.5233,49079.9306,49079.9306,29071.9958,509940.4789,509940.4789,11.45,9.37,4.3118
603158,腾龙股份,汽车配件,江苏,20150320,603158.SH,20250307,9.46,10.41,9.4,10.41,9.46,0.95,10.0423,272841.96,278152.936,5.5591,9.385,1.22,26.2744,17.5881,2.2757,1.5466,1.4036,1.5204,1.5204,49079.9306,49079.9306,29071.9958,510922.0775,510922.0775,10.41,8.51,4.3118
603158,腾龙股份,汽车配件,江苏,20150320,603158.SH,20250306,9.44,9.55,9.39,9.46,9.44,0.02,0.2119,238034.48,224990.534,4.8499,8.1878,0.97,23.8766,15.9831,2.068,1.4054,1.2755,1.6731,1.6731,49079.9306,49079.9306,29071.9958,464296.1435,464296.1435,10.38,8.5,4.3118
603158,腾龙股份,汽车配件,江苏,20150320,603158.SH,20250305,9.14,9.45,9.14,9.44,9.2,0.24,2.6087,217345.34,202743.785,4.4284,7.4761,0.69,23.8261,15.9493,2.0637,1.4024,1.2728,1.6766,1.6766,49079.9306,49079.9306,29071.9958,463314.5449,463314.5449,10.12,8.28,4.3118
603158,腾龙股份,汽车配件,江苏,20150320,603158.SH,20250304,9.05,9.27,9.01,9.2,9.14,0.06,0.6565,160438.35,147072.709,3.2689,5.5187,0.41,23.2204,15.5438,2.0112,1.3668,1.2405,1.7203,1.7203,49079.9306,49079.9306,29071.9958,451535.3615,451535.3615,10.05,8.23,4.3118
603158,腾龙股份,汽车配件,江苏,20150320,603158.SH,20250303,9.24,9.31,9.07,9.14,9.15,-0.01,-0.1093,211474.35,194553.888,4.3088,7.2742,0.49,23.069,15.4424,1.9981,1.3579,1.2324,1.7316,1.7316,49079.9306,49079.9306,29071.9958,448590.5657,448590.5657,10.07,8.24,4.3118
603158,腾龙股份,汽车配件,江苏,20150320,603158.SH,20250228,9.58,9.72,9.13,9.15,9.57,-0.42,-4.3887,294713.35,274999.17,6.0048,10.1374,0.71,23.0942,15.4593,2.0003,1.3594,1.2337,1.7298,1.7298,49079.9306,49079.9306,29071.9958,449081.365,449081.365,10.53,8.61,4.3118
603158,腾龙股份,汽车配件,江苏,20150320,603158.SH,20250227,9.73,9.85,9.46,9.57,9.73,-0.16,-1.6444,340815.83,327788.483,6.9441,11.7232,0.87,24.1543,16.1689,2.0921,1.4218,1.2904,1.6538,1.6538,49079.9306,49079.9306,29071.9958,469694.9358,469694.9358,10.7,8.76,4.3118
603158,腾龙股份,汽车配件,江苏,20150320,603158.SH,20250226,9.5,10.14,9.46,9.73,9.55,0.18,1.8848,573641.6,561802.498,11.6879,19.7318,1.69,24.5581,16.4392,2.127,1.4455,1.3119,1.6266,1.6266,49079.9306,49079.9306,29071.9958,477547.7247,477547.7247,10.51,8.6,4.3118
603158,腾龙股份,汽车配件,江苏,20150320,603158.SH,20250225,9.12,9.67,9.11,9.55,9.26,0.29,3.1317,518985.39,490732.512,10.5743,17.8517,1.75,24.1038,16.1351,2.0877,1.4188,1.2877,1.6573,1.6573,49079.9306,49079.9306,29071.9958,468713.3372,468713.3372,10.19,8.33,4.3118
603158,腾龙股份,汽车配件,江苏,20150320,603158.SH,20250224,9.02,9.33,8.8,9.26,9.02,0.24,2.6608,410771.35,375673.666,8.3694,14.1295,1.37,23.3718,15.6452,2.0243,1.3757,1.2486,1.7092,1.7092,49079.9306,49079.9306,29071.9958,454480.1574,454480.1574,9.92,8.12,4.3118
603158,腾龙股份,汽车配件,江苏,20150320,603158.SH,20250221,8.88,9.02,8.86,9.02,8.93,0.09,1.0078,234153.56,209961.083,4.7709,8.0543,0.64,22.7661,15.2397,1.9718,1.34,1.2162,1.7547,1.7547,49079.9306,49079.9306,29071.9958,442700.974,442700.974,9.82,8.04,4.3118
603158,腾龙股份,汽车配件,江苏,20150320,603158.SH,20250220,8.95,9.05,8.91,8.93,8.97,-0.04,-0.4459,213025.44,190645.569,4.3404,7.3275,0.53,22.5389,15.0876,1.9522,1.3267,1.2041,1.7724,1.7724,49079.9306,49079.9306,29071.9958,438283.7803,438283.7803,9.87,8.07,4.3118
603158,腾龙股份,汽车配件,江苏,20150320,603158.SH,20250219,8.69,9.02,8.65,8.97,8.72,0.25,2.867,319170.32,284813.395,6.5031,10.9786,0.83,22.6399,15.1552,1.9609,1.3326,1.2095,1.7645,1.7645,49079.9306,49079.9306,29071.9958,440246.9775,440246.9775,9.59,7.85,4.3118
603158,腾龙股份,汽车配件,江苏,20150320,603158.SH,20250218,9.03,9.09,8.71,8.72,9.09,-0.37,-4.0704,309821.48,275742.554,6.3126,10.657,0.84,22.0089,14.7328,1.9063,1.2955,1.1757,1.815,1.815,49079.9306,49079.9306,29071.9958,427976.9948,427976.9948,10.0,8.18,4.3118
603158,腾龙股份,汽车配件,江苏,20150320,603158.SH,20250217,9.2,9.2,8.98,9.09,9.25,-0.16,-1.7297,424744.08,384163.721,8.6541,14.6101,1.29,22.9428,15.3579,1.9871,1.3504,1.2256,1.7412,1.7412,49079.9306,49079.9306,29071.9958,446136.5692,446136.5692,10.18,8.33,4.3118
603158,腾龙股份,汽车配件,江苏,20150320,603158.SH,20250214,8.87,9.28,8.84,9.25,8.88,0.37,4.1667,553295.42,506647.165,11.2734,19.0319,1.93,23.3466,15.6283,2.0221,1.3742,1.2472,1.7111,1.7111,49079.9306,49079.9306,29071.9958,453989.3581,453989.3581,9.77,7.99,4.3118
603158,腾龙股份,汽车配件,江苏,20150320,603158.SH,20250213,8.8,9.09,8.8,8.88,8.85,0.03,0.339,406462.54,363738.335,8.2816,13.9812,1.5,22.4127,15.0031,1.9412,1.3193,1.1973,1.7823,1.7823,49079.9306,49079.9306,29071.9958,435829.7837,435829.7837,9.74,7.97,4.3118
603158,腾龙股份,汽车配件,江苏,20150320,603158.SH,20250212,8.88,8.9,8.75,8.85,8.86,-0.01,-0.1129,221914.76,195682.692,4.5215,7.6333,0.8,22.337,14.9524,1.9347,1.3148,1.1933,1.7884,1.7884,49079.9306,49079.9306,29071.9958,434357.3858,434357.3858,9.75,7.97,4.3118
603158,腾龙股份,汽车配件,江苏,20150320,603158.SH,20250211,8.84,8.94,8.76,8.86,8.85,0.01,0.113,231984.07,204946.684,4.7267,7.9796,0.84,22.3622,14.9693,1.9369,1.3163,1.1946,1.7864,1.7864,49079.9306,49079.9306,29071.9958,434848.1851,434848.1851,9.74,7.97,4.3118
603158,腾龙股份,汽车配件,江苏,20150320,603158.SH,20250210,8.88,8.9,8.72,8.85,8.88,-0.03,-0.3378,237385.92,208679.458,4.8367,8.1654,0.78,22.337,14.9524,1.9347,1.3148,1.1933,1.7884,1.7884,49079.9306,49079.9306,29071.9958,434357.3858,434357.3858,9.77,7.99,4.3118
603158,腾龙股份,汽车配件,江苏,20150320,603158.SH,20250207,8.93,8.98,8.75,8.88,8.92,-0.04,-0.4484,339021.6,301234.95,6.9075,11.6614,1.11,22.4127,15.0031,1.9412,1.3193,1.1973,1.7823,1.7823,49079.9306,49079.9306,29071.9958,435829.7837,435829.7837,9.81,8.03,4.3118
603158,腾龙股份,汽车配件,江苏,20150320,603158.SH,20250206,8.51,8.95,8.46,8.92,8.56,0.36,4.2056,324695.2,285005.265,6.6156,11.1687,1.1,22.5137,15.0707,1.95,1.3252,1.2027,1.7744,1.7744,49079.9306,49079.9306,29071.9958,437792.981,437792.981,9.42,7.7,4.3118
603158,腾龙股份,汽车配件,江苏,20150320,603158.SH,20250205,8.68,8.72,8.48,8.56,8.68,-0.12,-1.3825,252414.64,215942.937,5.1429,8.6824,0.79,21.6051,14.4625,1.8713,1.2717,1.1542,1.849,1.849,49079.9306,49079.9306,29071.9958,420124.2059,420124.2059,9.55,7.81,4.3118
603158,腾龙股份,汽车配件,江苏,20150320,603158.SH,20250127,8.93,9.0,8.65,8.68,8.9,-0.22,-2.4719,226566.4,198182.439,4.6163,7.7933,0.65,21.9079,14.6652,1.8975,1.2895,1.1704,1.8234,1.8234,49079.9306,49079.9306,29071.9958,426013.7976,426013.7976,9.79,8.01,4.3118
603158,腾龙股份,汽车配件,江苏,20150320,603158.SH,20250124,8.56,8.9,8.52,8.9,8.62,0.28,3.2483,384799.0,339522.903,7.8403,13.2361,0.99,22.4632,15.0369,1.9456,1.3222,1.2,1.7783,1.7783,49079.9306,49079.9306,29071.9958,436811.3823,436811.3823,9.48,7.76,4.3118
603158,腾龙股份,汽车配件,江苏,20150320,603158.SH,20250123,8.7,8.84,8.62,8.62,8.6,0.02,0.2326,336452.53,293450.828,6.8552,11.5731,0.7,21.7565,14.5639,1.8844,1.2806,1.1623,1.8361,1.8361,49079.9306,49079.9306,29071.9958,423069.0018,423069.0018,9.46,7.74,4.3118
603158,腾龙股份,汽车配件,江苏,20150320,603158.SH,20250122,8.89,8.9,8.59,8.6,8.9,-0.3,-3.3708,280219.45,243941.249,5.7095,9.6388,0.42,21.706,14.5301,1.88,1.2777,1.1596,1.8404,1.8404,49079.9306,49079.9306,29071.9958,422087.4032,422087.4032,9.79,8.01,4.3118
603158,腾龙股份,汽车配件,江苏,20150320,603158.SH,20250121,8.74,8.93,8.67,8.9,8.74,0.16,1.8307,377853.17,332567.207,7.6987,12.9972,0.6,22.4632,15.0369,1.9456,1.3222,1.2,1.7783,1.7783,49079.9306,49079.9306,29071.9958,436811.3823,436811.3823,9.61,7.87,4.3118
603158,腾龙股份,汽车配件,江苏,20150320,603158.SH,20250120,8.6,8.83,8.53,8.74,8.58,0.16,1.8648,365532.06,317608.015,7.4477,12.5733,0.59,22.0594,14.7666,1.9106,1.2985,1.1784,1.8109,1.8109,49079.9306,49079.9306,29071.9958,428958.5934,428958.5934,9.44,7.72,4.3118
603158,腾龙股份,汽车配件,江苏,20150320,603158.SH,20250117,8.78,9.0,8.57,8.58,9.01,-0.43,-4.7725,581744.87,506962.388,11.853,20.0105,1.05,21.6555,14.4963,1.8756,1.2747,1.1569,1.8447,1.8447,49079.9306,49079.9306,29071.9958,421105.8045,421105.8045,9.91,8.11,4.3118
603158,腾龙股份,汽车配件,江苏,20150320,603158.SH,20250116,8.88,9.33,8.73,9.01,9.14,-0.13,-1.4223,790327.51,710623.505,16.1029,27.1852,1.9,22.7408,15.2228,1.9696,1.3386,1.2148,1.7566,1.7566,49079.9306,49079.9306,29071.9958,442210.1747,442210.1747,10.05,8.23,4.3118
603158,腾龙股份,汽车配件,江苏,20150320,603158.SH,20250115,9.85,10.15,9.05,9.14,9.56,-0.42,-4.3933,1226752.07,1176295.08,24.995,42.197,6.49,23.069,15.4424,1.9981,1.3579,1.2324,1.7316,1.7316,49079.9306,49079.9306,29071.9958,448590.5657,448590.5657,10.52,8.6,4.3118
603158,腾龙股份,汽车配件,江苏,20150320,603158.SH,20250114,9.56,9.56,9.56,9.56,8.69,0.87,10.0115,162880.16,155713.433,3.3187,5.6026,0.95,24.129,16.152,2.0899,1.4203,1.289,1.6556,1.6556,49079.9306,49079.9306,29071.9958,469204.1365,469204.1365,9.56,7.82,4.3118
603158,腾龙股份,汽车配件,江苏,20150320,603158.SH,20250113,7.74,8.69,7.74,8.69,7.9,0.79,10.0,330842.33,277660.08,6.7409,11.3801,2.68,21.9332,14.6821,1.8997,1.291,1.1717,1.8213,1.8213,49079.9306,49079.9306,29071.9958,426504.5969,426504.5969,8.69,7.11,4.3118
603158,腾龙股份,汽车配件,江苏,20150320,603158.SH,20250110,7.7,8.39,7.69,7.9,7.72,0.18,2.3316,262894.52,211881.394,5.3565,9.0429,2.83,19.9392,13.3474,1.727,1.1737,1.0652,2.0034,2.0034,49079.9306,49079.9306,29071.9958,387731.4517,387731.4517,8.49,6.95,4.3118
603158,腾龙股份,汽车配件,江苏,20150320,603158.SH,20250109,7.49,7.82,7.49,7.72,7.6,0.12,1.5789,92785.12,71365.014,1.8905,3.1916,0.97,19.4849,13.0433,1.6876,1.1469,1.0409,2.0502,2.0502,49079.9306,49079.9306,29071.9958,378897.0642,378897.0642,8.36,6.84,4.3118
603158,腾龙股份,汽车配件,江苏,20150320,603158.SH,20250108,7.67,7.69,7.37,7.6,7.73,-0.13,-1.6818,95031.55,71710.351,1.9363,3.2688,0.98,19.1821,12.8405,1.6614,1.1291,1.0247,2.0825,2.0825,49079.9306,49079.9306,29071.9958,373007.4726,373007.4726,8.5,6.96,4.3118
603158,腾龙股份,汽车配件,江苏,20150320,603158.SH,20250107,7.52,7.74,7.52,7.73,7.58,0.15,1.9789,77196.07,59111.381,1.5729,2.6553,0.77,19.5102,13.0602,1.6898,1.1484,1.0423,2.0475,2.0475,49079.9306,49079.9306,29071.9958,379387.8635,379387.8635,8.34,6.82,4.3118
603158,腾龙股份,汽车配件,江苏,20150320,603158.SH,20250106,7.5,7.72,7.32,7.58,7.59,-0.01,-0.1318,90381.84,68309.882,1.8415,3.1089,0.88,19.1316,12.8067,1.657,1.1261,1.022,2.088,2.088,49079.9306,49079.9306,29071.9958,372025.8739,372025.8739,8.35,6.83,4.3118
603158,腾龙股份,汽车配件,江苏,20150320,603158.SH,20250103,7.95,7.99,7.55,7.59,7.9,-0.31,-3.9241,109009.03,84344.578,2.2211,3.7496,1.04,19.1568,12.8236,1.6592,1.1276,1.0234,2.0853,2.0853,49079.9306,49079.9306,29071.9958,372516.6733,372516.6733,8.69,7.11,4.3118
603158,腾龙股份,汽车配件,江苏,20150320,603158.SH,20250102,8.08,8.19,7.81,7.9,8.08,-0.18,-2.2277,108475.92,86824.831,2.2102,3.7313,0.98,19.9392,13.3474,1.727,1.1737,1.0652,2.0034,2.0034,49079.9306,49079.9306,29071.9958,387731.4517,387731.4517,8.89,7.27,4.3118
603158,腾龙股份,汽车配件,江苏,20150320,603158.SH,20241231,8.29,8.32,8.05,8.08,8.26,-0.18,-2.1792,100766.16,82508.314,2.0531,3.4661,0.95,20.3936,13.6515,1.7663,1.2004,1.0895,0.9901,1.9588,49079.9306,49079.9306,29071.9958,396565.8392,396565.8392,9.09,7.43,4.3118
603158,腾龙股份,汽车配件,江苏,20150320,603158.SH,20241230,8.35,8.37,8.1,8.26,8.34,-0.08,-0.9592,89547.88,74111.383,1.8245,3.0802,0.81,20.8479,13.9556,1.8057,1.2271,1.1137,0.9685,1.9161,49079.9306,49079.9306,29071.9958,405400.2268,405400.2268,9.17,7.51,4.3118
603158,腾龙股份,汽车配件,江苏,20150320,603158.SH,20241227,8.3,8.38,8.25,8.34,8.29,0.05,0.6031,103848.0,86463.291,2.1159,3.5721,0.99,21.0498,14.0908,1.8232,1.239,1.1245,0.9592,1.8977,49079.9306,49079.9306,29071.9958,409326.6212,409326.6212,9.12,7.46,4.3118
603158,腾龙股份,汽车配件,江苏,20150320,603158.SH,20241226,8.13,8.32,8.06,8.29,8.15,0.14,1.7178,120107.8,99191.512,2.4472,4.1314,1.22,20.9236,14.0063,1.8123,1.2316,1.1178,0.965,1.9092,49079.9306,49079.9306,29071.9958,406872.6247,406872.6247,8.97,7.34,4.3118
603158,腾龙股份,汽车配件,江苏,20150320,603158.SH,20241225,8.1,8.29,7.93,8.15,8.07,0.08,0.9913,141706.68,115291.009,2.8873,4.8743,1.64,20.5702,13.7698,1.7816,1.2108,1.0989,0.9816,1.942,49079.9306,49079.9306,29071.9958,400001.4344,400001.4344,8.88,7.26,4.3118
603158,腾龙股份,汽车配件,江苏,20150320,603158.SH,20241224,7.96,8.14,7.96,8.07,7.91,0.16,2.0228,75749.83,61008.347,1.5434,2.6056,0.79,20.3683,13.6346,1.7642,1.1989,1.0881,0.9913,1.9612,49079.9306,49079.9306,29071.9958,396075.0399,396075.0399,8.7,7.12,4.3118
603158,腾龙股份,汽车配件,江苏,20150320,603158.SH,20241223,8.27,8.28,7.9,7.91,8.27,-0.36,-4.3531,111540.84,89773.934,2.2726,3.8367,1.19,19.9645,13.3643,1.7292,1.1751,1.0665,1.0114,2.0009,49079.9306,49079.9306,29071.9958,388222.251,388222.251,9.1,7.44,4.3118
603158,腾龙股份,汽车配件,江苏,20150320,603158.SH,20241220,8.17,8.29,8.13,8.27,8.19,0.08,0.9768,76535.49,63002.593,1.5594,2.6326,0.7,20.8731,13.9725,1.8079,1.2286,1.1151,0.9674,1.9138,49079.9306,49079.9306,29071.9958,405891.0261,405891.0261,9.01,7.37,4.3118
603158,腾龙股份,汽车配件,江苏,20150320,603158.SH,20241219,8.11,8.22,8.0,8.19,8.18,0.01,0.1222,88668.56,71801.439,1.8066,3.05,0.62,20.6712,13.8374,1.7904,1.2167,1.1043,0.9768,1.9325,49079.9306,49079.9306,29071.9958,401964.6316,401964.6316,9.0,7.36,4.3118
603158,腾龙股份,汽车配件,江苏,20150320,603158.SH,20241218,8.15,8.29,8.03,8.18,8.14,0.04,0.4914,78751.82,64398.739,1.6046,2.7089,0.53,20.646,13.8205,1.7882,1.2153,1.1029,0.978,1.9349,49079.9306,49079.9306,29071.9958,401473.8323,401473.8323,8.95,7.33,4.3118
603158,腾龙股份,汽车配件,江苏,20150320,603158.SH,20241217,8.36,8.41,8.09,8.14,8.39,-0.25,-2.9797,125816.04,103195.656,2.5635,4.3277,0.8,20.545,13.7529,1.7795,1.2093,1.0975,0.9828,1.9444,49079.9306,49079.9306,29071.9958,399510.6351,399510.6351,9.23,7.55,4.3118
603158,腾龙股份,汽车配件,江苏,20150320,603158.SH,20241216,8.4,8.47,8.34,8.39,8.41,-0.02,-0.2378,100560.11,84525.703,2.0489,3.459,0.63,21.176,14.1753,1.8341,1.2465,1.1313,0.9535,1.8864,49079.9306,49079.9306,29071.9958,411780.6177,411780.6177,9.25,7.57,4.3118
603158,腾龙股份,汽车配件,江苏,20150320,603158.SH,20241213,8.66,8.7,8.39,8.41,8.69,-0.28,-3.2221,153470.2,130806.711,3.1269,5.279,0.99,21.2265,14.2091,1.8385,1.2494,1.1339,0.9512,1.882,49079.9306,49079.9306,29071.9958,412762.2163,412762.2163,9.56,7.82,4.3118
603158,腾龙股份,汽车配件,江苏,20150320,603158.SH,20241212,8.45,8.74,8.42,8.69,8.42,0.27,3.2067,253847.72,218448.621,5.1721,8.7317,1.9,21.9332,14.6821,1.8997,1.291,1.1717,0.9206,1.8213,49079.9306,49079.9306,29071.9958,426504.5969,426504.5969,9.26,7.58,4.3118
603158,腾龙股份,汽车配件,江苏,20150320,603158.SH,20241211,8.37,8.44,8.33,8.42,8.39,0.03,0.3576,107271.36,90003.282,2.1856,3.6899,0.78,21.2517,14.2259,1.8407,1.2509,1.1353,0.9501,1.8797,49079.9306,49079.9306,29071.9958,413253.0157,413253.0157,9.23,7.55,4.3118
603158,腾龙股份,汽车配件,江苏,20150320,603158.SH,20241210,8.64,8.68,8.39,8.39,8.44,-0.05,-0.5924,171016.96,145399.133,3.4845,5.8825,1.27,21.176,14.1753,1.8341,1.2465,1.1313,0.9535,1.8864,49079.9306,49079.9306,29071.9958,411780.6177,411780.6177,9.28,7.6,4.3118
603158,腾龙股份,汽车配件,江苏,20150320,603158.SH,20241209,8.4,8.51,8.34,8.44,8.37,0.07,0.8363,114184.2,96217.953,2.3265,3.9276,0.77,21.3022,14.2597,1.845,1.2539,1.138,0.9479,1.8753,49079.9306,49079.9306,29071.9958,414234.6143,414234.6143,9.21,7.53,4.3118
603158,腾龙股份,汽车配件,江苏,20150320,603158.SH,20241206,8.45,8.46,8.3,8.37,8.38,-0.01,-0.1193,130347.0,109105.483,2.6558,4.4836,0.81,21.1255,14.1415,1.8297,1.2435,1.1286,0.9558,1.8909,49079.9306,49079.9306,29071.9958,410799.0191,410799.0191,9.22,7.54,4.3118
603158,腾龙股份,汽车配件,江苏,20150320,603158.SH,20241205,8.29,8.45,8.28,8.38,8.28,0.1,1.2077,144217.36,120757.803,2.9384,4.9607,0.83,21.1507,14.1584,1.8319,1.245,1.1299,0.9547,1.8887,49079.9306,49079.9306,29071.9958,411289.8184,411289.8184,9.11,7.45,4.3118
603158,腾龙股份,汽车配件,江苏,20150320,603158.SH,20241204,8.34,8.38,8.22,8.28,8.35,-0.07,-0.8383,125632.8,104315.124,2.5598,4.3214,0.73,20.8984,13.9894,1.8101,1.2301,1.1164,0.9662,1.9115,49079.9306,49079.9306,29071.9958,406381.8254,406381.8254,9.19,7.52,4.3118
603158,腾龙股份,汽车配件,江苏,20150320,603158.SH,20241203,8.29,8.38,8.22,8.35,8.3,0.05,0.6024,158825.52,132028.823,3.2361,5.4632,1.02,21.075,14.1077,1.8254,1.2405,1.1259,0.9581,1.8955,49079.9306,49079.9306,29071.9958,409817.4205,409817.4205,9.13,7.47,4.3118
603158,腾龙股份,汽车配件,江苏,20150320,603158.SH,20241202,8.25,8.39,8.23,8.3,8.18,0.12,1.467,186864.0,155104.595,3.8073,6.4276,1.32,20.9488,14.0232,1.8144,1.2331,1.1191,0.9639,1.9069,49079.9306,49079.9306,29071.9958,407363.424,407363.424,9.0,7.36,4.3118
603158,腾龙股份,汽车配件,江苏,20150320,603158.SH,20241129,7.97,8.23,7.96,8.18,7.98,0.2,2.5063,189533.88,154205.775,3.8617,6.5195,1.45,20.646,13.8205,1.7882,1.2153,1.1029,0.978,1.9349,49079.9306,49079.9306,29071.9958,401473.8323,401473.8323,8.78,7.18,4.3118
603158,腾龙股份,汽车配件,江苏,20150320,603158.SH,20241128,7.81,8.27,7.78,7.98,7.86,0.12,1.5267,207380.04,167309.941,4.2254,7.1333,1.95,20.1412,13.4825,1.7445,1.1855,1.076,1.0025,1.9834,49079.9306,49079.9306,29071.9958,391657.8462,391657.8462,8.65,7.07,4.3118
603158,腾龙股份,汽车配件,江苏,20150320,603158.SH,20241127,7.8,7.87,7.56,7.86,7.81,0.05,0.6402,115341.0,88703.306,2.3501,3.9674,1.11,19.8383,13.2798,1.7183,1.1677,1.0598,1.0178,2.0136,49079.9306,49079.9306,29071.9958,385768.2545,385768.2545,8.59,7.03,4.3118
603158,腾龙股份,汽车配件,江苏,20150320,603158.SH,20241126,7.96,8.0,7.78,7.81,7.97,-0.16,-2.0075,76341.72,60104.061,1.5555,2.626,0.7,19.7121,13.1953,1.7073,1.1603,1.053,1.0243,2.0265,49079.9306,49079.9306,29071.9958,383314.258,383314.258,8.77,7.17,4.3118
603158,腾龙股份,汽车配件,江苏,20150320,603158.SH,20241125,7.82,8.03,7.78,7.97,7.73,0.24,3.1048,118963.92,94082.469,2.4239,4.092,1.06,20.1159,13.4657,1.7423,1.1841,1.0746,1.0038,1.9858,49079.9306,49079.9306,29071.9958,391167.0469,391167.0469,8.5,6.96,4.3118
603158,腾龙股份,汽车配件,江苏,20150320,603158.SH,20241122,8.06,8.09,7.73,7.73,8.08,-0.35,-4.3317,136656.68,108563.248,2.7844,4.7006,1.23,19.5102,13.0602,1.6898,1.1484,1.0423,1.0349,2.0475,49079.9306,49079.9306,29071.9958,379387.8635,379387.8635,8.89,7.27,4.3118
603158,腾龙股份,汽车配件,江苏,20150320,603158.SH,20241121,8.07,8.11,7.98,8.08,8.08,0.0,0.0,85519.92,68932.033,1.7425,2.9417,0.72,20.3936,13.6515,1.7663,1.2004,1.0895,0.9901,1.9588,49079.9306,49079.9306,29071.9958,396565.8392,396565.8392,8.89,7.27,4.3118
603158,腾龙股份,汽车配件,江苏,20150320,603158.SH,20241120,7.99,8.09,7.96,8.08,8.02,0.06,0.7481,100725.76,80971.501,2.0523,3.4647,0.8,20.3936,13.6515,1.7663,1.2004,1.0895,0.9901,1.9588,49079.9306,49079.9306,29071.9958,396565.8392,396565.8392,8.82,7.22,4.3118
603158,腾龙股份,汽车配件,江苏,20150320,603158.SH,20241119,7.82,8.02,7.8,8.02,7.79,0.23,2.9525,104573.2,82642.035,2.1307,3.597,0.74,20.2421,13.5501,1.7532,1.1915,1.0814,0.9975,1.9735,49079.9306,49079.9306,29071.9958,393621.0434,393621.0434,8.57,7.01,4.3118
603158,腾龙股份,汽车配件,江苏,20150320,603158.SH,20241118,7.99,8.08,7.74,7.79,7.94,-0.15,-1.8892,135219.04,106447.162,2.7551,4.6512,0.87,19.6616,13.1615,1.7029,1.1573,1.0504,1.027,2.0317,49079.9306,49079.9306,29071.9958,382332.6594,382332.6594,8.73,7.15,4.3118
603158,腾龙股份,汽车配件,江苏,20150320,603158.SH,20241115,8.04,8.18,7.93,7.94,8.02,-0.08,-0.9975,130411.4,105028.136,2.6571,4.4858,0.75,20.0402,13.415,1.7357,1.1796,1.0706,1.0076,1.9934,49079.9306,49079.9306,29071.9958,389694.649,389694.649,8.82,7.22,4.3118
603158,腾龙股份,汽车配件,江苏,20150320,603158.SH,20241114,8.19,8.29,8.0,8.02,8.27,-0.25,-3.023,122707.6,99571.179,2.5002,4.2208,0.65,20.2421,13.5501,1.7532,1.1915,1.0814,0.9975,1.9735,49079.9306,49079.9306,29071.9958,393621.0434,393621.0434,9.1,7.44,4.3118
603158,腾龙股份,汽车配件,江苏,20150320,603158.SH,20241113,8.2,8.35,8.06,8.27,8.3,-0.03,-0.3614,133489.48,109341.607,2.7198,4.5917,0.65,20.8731,13.9725,1.8079,1.2286,1.1151,0.9674,1.9138,49079.9306,49079.9306,29071.9958,405891.0261,405891.0261,9.13,7.47,4.3118
603158,腾龙股份,汽车配件,江苏,20150320,603158.SH,20241112,8.5,8.53,8.22,8.3,8.46,-0.16,-1.8913,189141.88,158653.158,3.8538,6.506,0.87,20.9488,14.0232,1.8144,1.2331,1.1191,0.9639,1.9069,49079.9306,49079.9306,29071.9958,407363.424,407363.424,9.31,7.61,4.3118
603158,腾龙股份,汽车配件,江苏,20150320,603158.SH,20241111,8.2,8.47,8.18,8.46,8.24,0.22,2.6699,200776.16,167668.718,4.0908,6.9062,0.91,21.3527,14.2935,1.8494,1.2569,1.1407,0.9456,1.8708,49079.9306,49079.9306,29071.9958,415216.2129,415216.2129,9.06,7.42,4.3118
603158,腾龙股份,汽车配件,江苏,20150320,603158.SH,20241108,8.29,8.43,8.2,8.24,8.29,-0.05,-0.6031,227468.84,188955.812,4.6347,7.8243,1.04,20.7974,13.9218,1.8013,1.2242,1.111,0.9709,1.9208,49079.9306,49079.9306,29071.9958,404418.6281,404418.6281,9.12,7.46,4.3118
603158,腾龙股份,汽车配件,江苏,20150320,603158.SH,20241107,8.28,8.37,8.2,8.29,8.21,0.08,0.9744,196974.76,163408.764,4.0133,6.7754,0.88,20.9236,14.0063,1.8123,1.2316,1.1178,0.965,1.9092,49079.9306,49079.9306,29071.9958,406872.6247,406872.6247,9.03,7.39,4.3118
603158,腾龙股份,汽车配件,江苏,20150320,603158.SH,20241106,8.32,8.39,8.15,8.21,8.34,-0.13,-1.5588,212635.44,175517.144,4.3324,7.3141,0.84,20.7217,13.8711,1.7948,1.2197,1.107,0.9744,1.9278,49079.9306,49079.9306,29071.9958,402946.2302,402946.2302,9.17,7.51,4.3118
603158,腾龙股份,汽车配件,江苏,20150320,603158.SH,20241105,8.32,8.41,8.26,8.34,8.32,0.02,0.2404,252373.0,209839.478,5.1421,8.681,1.08,21.0498,14.0908,1.8232,1.239,1.1245,0.9592,1.8977,49079.9306,49079.9306,29071.9958,409326.6212,409326.6212,9.15,7.49,4.3118
603158,腾龙股份,汽车配件,江苏,20150320,603158.SH,20241104,8.09,8.38,8.06,8.32,8.09,0.23,2.843,215818.2,178814.53,4.3973,7.4236,1.0,20.9993,14.057,1.8188,1.2361,1.1218,0.9615,1.9023,49079.9306,49079.9306,29071.9958,408345.0226,408345.0226,8.9,7.28,4.3118
603158,腾龙股份,汽车配件,江苏,20150320,603158.SH,20241101,8.22,8.38,8.04,8.09,8.09,0.0,0.0,220074.01,179597.674,4.484,7.57,1.06,20.4188,13.6684,1.7685,1.2019,1.0908,0.9889,1.9564,49079.9306,49079.9306,29071.9958,397056.6386,397056.6386,8.9,7.28,4.3118
603158,腾龙股份,汽车配件,江苏,20150320,603158.SH,20241031,8.1,8.18,7.98,8.09,8.14,-0.05,-0.6143,213026.25,172140.055,4.3404,7.3275,1.07,20.4188,13.6684,1.7685,1.2019,1.0908,0.9889,1.9564,49079.9306,49079.9306,29071.9958,397056.6386,397056.6386,8.95,7.33,4.3118
603158,腾龙股份,汽车配件,江苏,20150320,603158.SH,20241030,7.94,8.3,7.94,8.14,7.7,0.44,5.7143,369446.01,300409.029,7.5274,12.708,2.46,20.545,13.7529,1.7795,1.2093,1.0975,0.9828,1.9444,49079.9306,49079.9306,29071.9958,399510.6351,399510.6351,8.47,6.93,4.3118
603158,腾龙股份,汽车配件,江苏,20150320,603158.SH,20241029,7.89,7.93,7.68,7.7,7.86,-0.16,-2.0356,151860.0,118006.528,3.0941,5.2236,1.03,19.4345,16.2799,1.7998,1.1439,1.0655,1.039,2.0555,49079.9306,49079.9306,29071.9958,377915.4656,377915.4656,8.65,7.07,4.3118
603158,腾龙股份,汽车配件,江苏,20150320,603158.SH,20241028,7.83,7.89,7.73,7.86,7.81,0.05,0.6402,129516.16,100974.36,2.6389,4.455,0.84,19.8383,16.6181,1.8372,1.1677,1.0877,1.0178,2.0136,49079.9306,49079.9306,29071.9958,385768.2545,385768.2545,8.59,7.03,4.3118
603158,腾龙股份,汽车配件,江苏,20150320,603158.SH,20241025,7.74,7.88,7.68,7.81,7.65,0.16,2.0915,176458.09,137257.878,3.5953,6.0697,1.16,19.7121,16.5124,1.8255,1.1603,1.0807,1.0243,2.0265,49079.9306,49079.9306,29071.9958,383314.258,383314.258,8.42,6.89,4.3118
603158,腾龙股份,汽车配件,江苏,20150320,603158.SH,20241024,7.53,7.72,7.43,7.65,7.55,0.1,1.3245,169944.52,128913.753,3.4626,5.8456,1.24,19.3083,16.1742,1.7881,1.1365,1.0586,1.0458,2.0689,49079.9306,49079.9306,29071.9958,375461.4691,375461.4691,8.31,6.8,4.3118
603158,腾龙股份,汽车配件,江苏,20150320,603158.SH,20241023,7.55,7.65,7.49,7.55,7.55,0.0,0.0,122527.11,92750.324,2.4965,4.2146,0.93,19.0559,15.9627,1.7647,1.1217,1.0448,1.0596,2.0963,49079.9306,49079.9306,29071.9958,370553.476,370553.476,8.31,6.8,4.3118
603158,腾龙股份,汽车配件,江苏,20150320,603158.SH,20241022,7.4,7.58,7.33,7.55,7.4,0.15,2.027,139148.79,104187.601,2.8351,4.7864,1.11,19.0559,15.9627,1.7647,1.1217,1.0448,1.0596,2.0963,49079.9306,49079.9306,29071.9958,370553.476,370553.476,8.14,6.66,4.3118
603158,腾龙股份,汽车配件,江苏,20150320,603158.SH,20241021,7.41,7.47,7.33,7.4,7.43,-0.03,-0.4038,163932.99,121394.6,3.3401,5.6389,1.44,18.6773,15.6456,1.7297,1.0994,1.024,1.0811,2.1388,49079.9306,49079.9306,29071.9958,363191.4864,363191.4864,8.17,6.69,4.3118
603158,腾龙股份,汽车配件,江苏,20150320,603158.SH,20241018,7.29,7.51,7.23,7.43,7.24,0.19,2.6243,164459.07,121531.458,3.3508,5.657,1.53,18.753,15.709,1.7367,1.1038,1.0282,1.0767,2.1302,49079.9306,49079.9306,29071.9958,364663.8844,364663.8844,7.96,6.52,4.3118
603158,腾龙股份,汽车配件,江苏,20150320,603158.SH,20241017,7.29,7.39,7.21,7.24,7.3,-0.06,-0.8219,95738.6,69985.345,1.9507,3.2932,0.76,18.2734,15.3073,1.6923,1.0756,1.0019,1.105,2.1861,49079.9306,49079.9306,29071.9958,355338.6975,355338.6975,8.03,6.57,4.3118
603158,腾龙股份,汽车配件,江苏,20150320,603158.SH,20241016,7.21,7.39,7.2,7.3,7.33,-0.03,-0.4093,92772.17,67559.488,1.8902,3.1911,0.59,18.4249,15.4342,1.7063,1.0845,1.0102,1.0959,2.1681,49079.9306,49079.9306,29071.9958,358283.4934,358283.4934,8.06,6.6,4.3118
603158,腾龙股份,汽车配件,江苏,20150320,603158.SH,20241015,7.41,7.51,7.33,7.33,7.47,-0.14,-1.8742,112084.05,83183.317,2.2837,3.8554,0.53,18.5006,15.4976,1.7133,1.089,1.0143,1.0914,2.1592,49079.9306,49079.9306,29071.9958,359755.8913,359755.8913,8.22,6.72,4.3118
603158,腾龙股份,汽车配件,江苏,20150320,603158.SH,20241014,7.39,7.47,7.27,7.47,7.31,0.16,2.1888,102367.41,75705.771,2.0857,3.5212,0.4,18.8539,15.7936,1.746,1.1098,1.0337,1.071,2.1188,49079.9306,49079.9306,29071.9958,366627.0816,366627.0816,8.04,6.58,4.3118
603158,腾龙股份,汽车配件,江苏,20150320,603158.SH,20241011,7.65,7.65,7.25,7.31,7.64,-0.33,-4.3194,135815.4,100587.804,2.7672,4.6717,0.53,18.4501,15.4553,1.7086,1.086,1.0116,1.0944,2.1651,49079.9306,49079.9306,29071.9958,358774.2927,358774.2927,8.4,6.88,4.3118
603158,腾龙股份,汽车配件,江苏,20150320,603158.SH,20241010,7.74,7.82,7.52,7.64,7.63,0.01,0.1311,189136.08,145299.118,3.8536,6.5058,0.78,19.283,16.153,1.7858,1.135,1.0572,1.0471,2.0716,49079.9306,49079.9306,29071.9958,374970.6698,374970.6698,8.39,6.87,4.3118
603158,腾龙股份,汽车配件,江苏,20150320,603158.SH,20241009,8.11,8.11,7.63,7.63,8.33,-0.7,-8.4034,241336.56,189745.21,4.9172,8.3013,1.12,19.2578,16.1319,1.7834,1.1335,1.0558,1.0485,2.0743,49079.9306,49079.9306,29071.9958,374479.8705,374479.8705,9.16,7.5,4.3118
603158,腾龙股份,汽车配件,江苏,20150320,603158.SH,20241008,8.6,8.62,7.84,8.33,7.84,0.49,6.25,393280.0,325825.156,8.0131,13.5278,2.54,21.0245,17.6119,1.947,1.2375,1.1527,0.9604,1.9,49079.9306,49079.9306,29071.9958,408835.8219,408835.8219,8.62,7.06,4.3118
603158,腾龙股份,汽车配件,江苏,20150320,603158.SH,20240930,7.45,7.88,7.23,7.84,7.22,0.62,8.5873,335719.2,254622.284,6.8403,11.5479,3.5,19.7878,16.5759,1.8325,1.1647,1.0849,1.0204,2.0188,49079.9306,49079.9306,29071.9958,384786.6559,384786.6559,7.94,6.5,4.3118
603158,腾龙股份,汽车配件,江苏,20150320,603158.SH,20240927,7.09,7.31,7.0,7.22,6.99,0.23,3.2904,133472.12,95158.232,2.7195,4.5911,1.68,18.223,15.265,1.6876,1.0726,0.9991,1.108,2.1921,49079.9306,49079.9306,29071.9958,354357.0989,354357.0989,7.69,6.29,4.3118
603158,腾龙股份,汽车配件,江苏,20150320,603158.SH,20240926,6.78,6.99,6.77,6.99,6.78,0.21,3.0973,108052.68,74642.201,2.2016,3.7167,1.51,17.6424,14.7787,1.6338,1.0385,0.9673,1.1445,2.2643,49079.9306,49079.9306,29071.9958,343068.7149,343068.7149,7.46,6.1,4.3118
603158,腾龙股份,汽车配件,江苏,20150320,603158.SH,20240925,6.82,6.95,6.78,6.78,6.78,0.0,0.0,106780.88,73323.223,2.1757,3.673,1.73,17.1124,14.3347,1.5847,1.0073,0.9382,1.1799,2.3344,49079.9306,49079.9306,29071.9958,332761.9295,332761.9295,7.46,6.1,4.3118
603158,腾龙股份,汽车配件,江苏,20150320,603158.SH,20240924,6.55,6.78,6.54,6.78,6.55,0.23,3.5115,89205.68,59629.869,1.8176,3.0684,1.59,17.1124,14.3347,1.5847,1.0073,0.9382,1.1799,2.3344,49079.9306,49079.9306,29071.9958,332761.9295,332761.9295,7.21,5.9,4.3118
603158,腾龙股份,汽车配件,江苏,20150320,603158.SH,20240923,6.49,6.58,6.44,6.55,6.51,0.04,0.6144,42454.84,27750.359,0.865,1.4603,0.74,16.5319,13.8485,1.531,0.9731,0.9064,1.2214,2.4164,49079.9306,49079.9306,29071.9958,321473.5454,321473.5454,7.16,5.86,4.3118
603158,腾龙股份,汽车配件,江苏,20150320,603158.SH,20240920,6.58,6.59,6.48,6.51,6.58,-0.07,-1.0638,49872.0,32499.003,1.0161,1.7155,0.89,16.4309,13.7639,1.5216,0.9672,0.9008,1.2289,2.4312,49079.9306,49079.9306,29071.9958,319510.3482,319510.3482,7.24,5.92,4.3118
603158,腾龙股份,汽车配件,江苏,20150320,603158.SH,20240919,6.47,6.61,6.46,6.58,6.45,0.13,2.0155,68300.4,44729.629,1.3916,2.3494,1.28,16.6076,13.9119,1.538,0.9776,0.9105,1.2158,2.4054,49079.9306,49079.9306,29071.9958,322945.9433,322945.9433,7.1,5.81,4.3118
603158,腾龙股份,汽车配件,江苏,20150320,603158.SH,20240918,6.51,6.53,6.34,6.45,6.5,-0.05,-0.7692,59097.82,37892.123,1.2041,2.0328,1.1,16.2795,13.637,1.5076,0.9582,0.8925,1.2403,2.4538,49079.9306,49079.9306,29071.9958,316565.5524,316565.5524,7.15,5.85,4.3118
603158,腾龙股份,汽车配件,江苏,20150320,603158.SH,20240913,6.64,6.66,6.5,6.5,6.62,-0.12,-1.8127,61508.6,40296.669,1.2532,2.1157,0.95,16.4057,13.7427,1.5193,0.9657,0.8995,1.2308,2.435,49079.9306,49079.9306,29071.9958,319019.5489,319019.5489,7.28,5.96,4.3118
603158,腾龙股份,汽车配件,江苏,20150320,603158.SH,20240912,6.67,6.74,6.61,6.62,6.64,-0.02,-0.3012,46685.84,31168.672,0.9512,1.6059,0.71,16.7086,13.9965,1.5473,0.9835,0.9161,1.2085,2.3908,49079.9306,49079.9306,29071.9958,324909.1406,324909.1406,7.3,5.98,4.3118
603158,腾龙股份,汽车配件,江苏,20150320,603158.SH,20240911,6.66,6.72,6.61,6.64,6.68,-0.04,-0.5988,45539.97,30336.209,0.9279,1.5665,0.68,16.7591,14.0387,1.552,0.9865,0.9188,1.2048,2.3836,49079.9306,49079.9306,29071.9958,325890.7392,325890.7392,7.35,6.01,4.3118
603158,腾龙股份,汽车配件,江苏,20150320,603158.SH,20240910,6.66,6.7,6.56,6.68,6.63,0.05,0.7541,54545.69,36143.766,1.1114,1.8762,0.82,16.86,14.1233,1.5614,0.9924,0.9244,1.1976,2.3693,49079.9306,49079.9306,29071.9958,327853.9364,327853.9364,7.29,5.97,4.3118
603158,腾龙股份,汽车配件,江苏,20150320,603158.SH,20240909,6.66,6.71,6.55,6.63,6.68,-0.05,-0.7485,60177.92,39918.329,1.2261,2.07,0.86,16.7338,14.0176,1.5497,0.985,0.9175,1.2066,2.3872,49079.9306,49079.9306,29071.9958,325399.9399,325399.9399,7.35,6.01,4.3118
603158,腾龙股份,汽车配件,江苏,20150320,603158.SH,20240906,6.81,6.96,6.65,6.68,6.82,-0.14,-2.0528,116152.69,79150.317,2.3666,3.9953,1.77,16.86,14.1233,1.5614,0.9924,0.9244,1.1976,2.3693,49079.9306,49079.9306,29071.9958,327853.9364,327853.9364,7.5,6.14,4.3118
603158,腾龙股份,汽车配件,江苏,20150320,603158.SH,20240905,6.8,6.86,6.78,6.82,6.8,0.02,0.2941,52228.0,35600.329,1.0641,1.7965,0.73,17.2134,14.4193,1.5941,1.0132,0.9437,1.173,2.3207,49079.9306,49079.9306,29071.9958,334725.1267,334725.1267,7.48,6.12,4.3118
603158,腾龙股份,汽车配件,江苏,20150320,603158.SH,20240904,6.75,6.87,6.74,6.8,6.8,0.0,0.0,53913.8,36739.813,1.0985,1.8545,0.77,17.1629,14.377,1.5894,1.0102,0.941,1.1765,2.3275,49079.9306,49079.9306,29071.9958,333743.5281,333743.5281,7.48,6.12,4.3118
603158,腾龙股份,汽车配件,江苏,20150320,603158.SH,20240903,6.72,6.83,6.7,6.8,6.73,0.07,1.0401,51508.96,34926.293,1.0495,1.7718,0.69,17.1629,14.377,1.5894,1.0102,0.941,1.1765,2.3275,49079.9306,49079.9306,29071.9958,333743.5281,333743.5281,7.4,6.06,4.3118
603158,腾龙股份,汽车配件,江苏,20150320,603158.SH,20240902,6.8,6.87,6.72,6.73,6.81,-0.08,-1.1747,76893.69,52294.062,1.5667,2.6449,1.07,16.9862,14.229,1.5731,0.9998,0.9313,1.1887,2.3517,49079.9306,49079.9306,29071.9958,330307.9329,330307.9329,7.49,6.13,4.3118
603158,腾龙股份,汽车配件,江苏,20150320,603158.SH,20240830,6.65,6.91,6.65,6.81,6.69,0.12,1.7937,94037.97,64211.285,1.916,3.2347,1.35,17.1881,14.3982,1.5918,1.0117,0.9424,1.1747,2.3241,49079.9306,49079.9306,29071.9958,334234.3274,334234.3274,7.36,6.02,4.3118
603158,腾龙股份,汽车配件,江苏,20150320,603158.SH,20240829,6.57,6.72,6.55,6.69,6.59,0.1,1.5175,79194.2,52690.145,1.6136,2.7241,1.2,16.8853,14.1445,1.5637,0.9939,0.9258,1.1958,2.3658,49079.9306,49079.9306,29071.9958,328344.7357,328344.7357,7.25,5.93,4.3118
603158,腾龙股份,汽车配件,江苏,20150320,603158.SH,20240828,6.56,6.68,6.55,6.59,6.61,-0.02,-0.3026,47321.0,31228.218,0.9642,1.6277,0.69,16.6329,13.933,1.5403,0.979,0.9119,1.214,2.4017,49079.9306,49079.9306,29071.9958,323436.7427,323436.7427,7.27,5.95,4.3118
603158,腾龙股份,汽车配件,江苏,20150320,603158.SH,20240827,6.72,6.73,6.58,6.61,6.76,-0.15,-2.2189,77394.88,51330.874,1.5769,2.6622,1.11,16.6833,13.9753,1.545,0.982,0.9147,1.2103,2.3944,49079.9306,49079.9306,29071.9958,324418.3413,324418.3413,7.44,6.08,4.3118
603158,腾龙股份,汽车配件,江苏,20150320,603158.SH,20240826,6.66,6.79,6.64,6.76,6.7,0.06,0.8955,62121.16,41842.433,1.2657,2.1368,0.82,17.0619,14.2925,1.5801,1.0043,0.9354,1.1834,2.3413,49079.9306,49079.9306,29071.9958,331780.3309,331780.3309,7.37,6.03,4.3118
603158,腾龙股份,汽车配件,江苏,20150320,603158.SH,20240823,6.71,6.79,6.63,6.7,6.71,-0.01,-0.149,83384.15,55756.554,1.6989,2.8682,1.05,16.9105,14.1656,1.566,0.9954,0.9271,1.194,2.3623,49079.9306,49079.9306,29071.9958,328835.535,328835.535,7.38,6.04,4.3118
603158,腾龙股份,汽车配件,江苏,20150320,603158.SH,20240822,6.76,6.81,6.7,6.71,6.79,-0.08,-1.1782,59963.22,40370.906,1.2217,2.0626,0.7,16.9357,15.3791,1.5857,0.9969,0.9451,1.1923,2.3588,49079.9306,49079.9306,29071.9958,329326.3343,329326.3343,7.47,6.11,4.3118
603158,腾龙股份,汽车配件,江苏,20150320,603158.SH,20240821,6.71,6.82,6.65,6.79,6.72,0.07,1.0417,61691.8,41603.643,1.257,2.122,0.72,17.1377,15.5625,1.6046,1.0088,0.9564,1.1782,2.331,49079.9306,49079.9306,29071.9958,333252.7288,333252.7288,7.39,6.05,4.3118
603158,腾龙股份,汽车配件,江苏,20150320,603158.SH,20240820,6.8,6.82,6.71,6.72,6.83,-0.11,-1.6105,79967.8,53936.007,1.6293,2.7507,0.91,16.961,15.4021,1.5881,0.9984,0.9465,1.1905,2.3552,49079.9306,49079.9306,29071.9958,329817.1336,329817.1336,7.51,6.15,4.3118
603158,腾龙股份,汽车配件,江苏,20150320,603158.SH,20240819,6.89,7.02,6.82,6.83,6.93,-0.1,-1.443,92516.0,64040.574,1.885,3.1823,1.03,17.2386,15.6542,1.6141,1.0147,0.962,1.1713,2.3173,49079.9306,49079.9306,29071.9958,335215.926,335215.926,7.62,6.24,4.3118
603158,腾龙股份,汽车配件,江苏,20150320,603158.SH,20240816,6.85,6.98,6.84,6.93,6.88,0.05,0.7267,101092.8,70045.114,2.0598,3.4773,0.98,17.491,15.8834,1.6377,1.0295,0.9761,1.1544,2.2839,49079.9306,49079.9306,29071.9958,340123.9191,340123.9191,7.57,6.19,4.3118
603158,腾龙股份,汽车配件,江苏,20150320,603158.SH,20240815,6.76,6.9,6.73,6.88,6.8,0.08,1.1765,90225.0,61771.017,1.8383,3.1035,0.68,17.3648,15.7688,1.6259,1.0221,0.969,1.1628,2.3005,49079.9306,49079.9306,29071.9958,337669.9225,337669.9225,7.48,6.12,4.3118
603158,腾龙股份,汽车配件,江苏,20150320,603158.SH,20240814,6.88,6.9,6.79,6.8,6.86,-0.06,-0.8746,66069.58,45161.4,1.3462,2.2726,0.41,17.1629,15.5854,1.607,1.0102,0.9578,1.1765,2.3275,49079.9306,49079.9306,29071.9958,333743.5281,333743.5281,7.55,6.17,4.3118
603158,腾龙股份,汽车配件,江苏,20150320,603158.SH,20240813,6.74,6.86,6.72,6.86,6.75,0.11,1.6296,91169.63,62025.472,1.8576,3.136,0.42,17.3143,15.7229,1.6211,1.0192,0.9662,1.1662,2.3072,49079.9306,49079.9306,29071.9958,336688.3239,336688.3239,7.43,6.08,4.3118
603158,腾龙股份,汽车配件,江苏,20150320,603158.SH,20240812,6.73,6.82,6.7,6.75,6.8,-0.05,-0.7353,99780.0,67459.32,2.033,3.4322,0.3,17.0367,15.4708,1.5951,1.0028,0.9507,1.1852,2.3448,49079.9306,49079.9306,29071.9958,331289.5316,331289.5316,7.48,6.12,4.3118
603158,腾龙股份,汽车配件,江苏,20150320,603158.SH,20240809,6.95,6.99,6.77,6.8,6.92,-0.12,-1.7341,170090.95,116877.547,3.4656,5.8507,0.48,17.1629,15.5854,1.607,1.0102,0.9578,1.1765,2.3275,49079.9306,49079.9306,29071.9958,333743.5281,333743.5281,7.61,6.23,4.3118
603158,腾龙股份,汽车配件,江苏,20150320,603158.SH,20240808,7.16,7.18,6.88,6.92,7.2,-0.28,-3.8889,237419.67,165464.663,4.8374,8.1666,0.73,17.4658,15.8605,1.6353,1.0281,0.9747,1.1561,2.2872,49079.9306,49079.9306,29071.9958,339633.1198,339633.1198,7.92,6.48,4.3118
603158,腾龙股份,汽车配件,江苏,20150320,603158.SH,20240807,7.18,7.24,7.12,7.2,7.25,-0.05,-0.6897,209773.59,150625.063,4.2741,7.2157,0.7,18.1725,16.5022,1.7015,1.0697,1.0141,1.1111,2.1982,49079.9306,49079.9306,29071.9958,353375.5003,353375.5003,7.98,6.53,4.3118
603158,腾龙股份,汽车配件,江苏,20150320,603158.SH,20240806,7.31,7.45,7.09,7.25,7.4,-0.15,-2.027,355837.56,256121.161,7.2502,12.2399,1.5,18.2987,16.6168,1.7133,1.0771,1.0211,1.1034,2.1831,49079.9306,49079.9306,29071.9958,355829.4969,355829.4969,8.14,6.66,4.3118
603158,腾龙股份,汽车配件,江苏,20150320,603158.SH,20240805,7.77,7.95,7.2,7.4,7.67,-0.27,-3.5202,699733.1,525433.119,14.257,24.069,6.41,18.6773,16.9606,1.7488,1.0994,1.0423,1.0811,2.1388,49079.9306,49079.9306,29071.9958,363191.4864,363191.4864,8.44,6.9,4.3118
603158,腾龙股份,汽车配件,江苏,20150320,603158.SH,20240802,6.96,7.67,6.85,7.67,6.97,0.7,10.043,273135.22,202940.447,5.5651,9.3951,3.96,19.3587,17.5794,1.8126,1.1395,1.0803,1.043,2.0635,49079.9306,49079.9306,29071.9958,376443.0677,376443.0677,7.67,6.27,4.3118
603158,腾龙股份,汽车配件,江苏,20150320,603158.SH,20240801,6.93,7.06,6.92,6.97,6.94,0.03,0.4323,85287.6,59570.919,1.7377,2.9337,1.28,17.592,15.9751,1.6471,1.0355,0.9817,1.1478,2.2708,49079.9306,49079.9306,29071.9958,342087.1163,342087.1163,7.63,6.25,4.3118
603158,腾龙股份,汽车配件,江苏,20150320,603158.SH,20240731,6.65,6.96,6.63,6.94,6.69,0.25,3.7369,85232.2,58378.098,1.7366,2.9318,1.2,17.5163,15.9063,1.64,1.031,0.9775,1.1527,2.2806,49079.9306,49079.9306,29071.9958,340614.7184,340614.7184,7.36,6.02,4.3118
603158,腾龙股份,汽车配件,江苏,20150320,603158.SH,20240730,6.66,6.71,6.58,6.69,6.69,0.0,0.0,46619.0,31030.02,0.9499,1.6036,0.64,16.8853,15.3333,1.581,0.9939,0.9423,1.1958,2.3658,49079.9306,49079.9306,29071.9958,328344.7357,328344.7357,7.36,6.02,4.3118
603158,腾龙股份,汽车配件,江苏,20150320,603158.SH,20240729,6.71,6.73,6.58,6.69,6.7,-0.01,-0.1493,55152.0,36762.087,1.1237,1.8971,0.77,16.8853,15.3333,1.581,0.9939,0.9423,1.1958,2.3658,49079.9306,49079.9306,29071.9958,328344.7357,328344.7357,7.37,6.03,4.3118
603158,腾龙股份,汽车配件,江苏,20150320,603158.SH,20240726,6.52,6.71,6.49,6.7,6.49,0.21,3.2357,72478.92,48170.095,1.4768,2.4931,1.06,16.9105,15.3562,1.5833,0.9954,0.9437,1.194,2.3623,49079.9306,49079.9306,29071.9958,328835.535,328835.535,7.14,5.84,4.3118
603158,腾龙股份,汽车配件,江苏,20150320,603158.SH,20240725,6.41,6.57,6.33,6.49,6.4,0.09,1.4063,73049.93,47227.732,1.4884,2.5127,1.08,16.3805,14.8749,1.5337,0.9642,0.9141,1.2327,2.4387,49079.9306,49079.9306,29071.9958,318528.7496,318528.7496,7.04,5.76,4.3118
603158,腾龙股份,汽车配件,江苏,20150320,603158.SH,20240724,6.65,6.65,6.38,6.4,6.67,-0.27,-4.048,108926.8,70547.673,2.2194,3.7468,1.93,16.1533,14.6686,1.5124,0.9508,0.9014,1.25,2.473,49079.9306,49079.9306,29071.9958,314111.5558,314111.5558,7.34,6.0,4.3118
603158,腾龙股份,汽车配件,江苏,20150320,603158.SH,20240723,6.78,6.85,6.67,6.67,6.8,-0.13,-1.9118,54608.4,36957.587,1.1126,1.8784,0.96,16.8348,15.2875,1.5762,0.9909,0.9395,1.1994,2.3729,49079.9306,49079.9306,29071.9958,327363.1371,327363.1371,7.48,6.12,4.3118
603158,腾龙股份,汽车配件,江苏,20150320,603158.SH,20240722,6.76,6.85,6.73,6.8,6.79,0.01,0.1473,49849.53,33869.161,1.0157,1.7147,0.86,17.1629,15.5854,1.607,1.0102,0.9578,1.1765,2.3275,49079.9306,49079.9306,29071.9958,333743.5281,333743.5281,7.47,6.11,4.3118
603158,腾龙股份,汽车配件,江苏,20150320,603158.SH,20240719,6.8,6.88,6.77,6.79,6.84,-0.05,-0.731,56009.92,38187.232,1.1412,1.9266,0.89,17.1377,15.5625,1.6046,1.0088,0.9564,1.1782,2.331,49079.9306,49079.9306,29071.9958,333252.7288,333252.7288,7.52,6.16,4.3118
603158,腾龙股份,汽车配件,江苏,20150320,603158.SH,20240718,6.9,6.94,6.66,6.84,6.94,-0.1,-1.4409,69629.72,47126.84,1.4187,2.3951,0.92,17.2639,15.6771,1.6164,1.0162,0.9634,1.1696,2.3139,49079.9306,49079.9306,29071.9958,335706.7253,335706.7253,7.63,6.25,4.3118
603158,腾龙股份,汽车配件,江苏,20150320,603158.SH,20240717,7.11,7.11,6.94,6.94,7.12,-0.18,-2.5281,52507.0,36749.053,1.0698,1.8061,0.69,17.5163,15.9063,1.64,1.031,0.9775,1.1527,2.2806,49079.9306,49079.9306,29071.9958,340614.7184,340614.7184,7.83,6.41,4.3118
603158,腾龙股份,汽车配件,江苏,20150320,603158.SH,20240716,7.16,7.17,6.99,7.12,7.12,0.0,0.0,57105.8,40377.895,1.1635,1.9643,0.72,17.9706,16.3189,1.6826,1.0578,1.0028,1.1236,2.2229,49079.9306,49079.9306,29071.9958,349449.1059,349449.1059,7.83,6.41,4.3118
603158,腾龙股份,汽车配件,江苏,20150320,603158.SH,20240715,7.2,7.24,7.1,7.12,7.2,-0.08,-1.1111,55575.8,39768.407,1.1324,1.9117,0.69,17.9706,16.3189,1.6826,1.0578,1.0028,1.1236,2.2229,49079.9306,49079.9306,29071.9958,349449.1059,349449.1059,7.92,6.48,4.3118
603158,腾龙股份,汽车配件,江苏,20150320,603158.SH,20240712,7.19,7.22,7.13,7.2,7.18,0.02,0.2786,81014.68,58134.344,1.6507,2.7867,1.08,18.1725,16.5022,1.7015,1.0697,1.0141,1.1111,2.1982,49079.9306,49079.9306,29071.9958,353375.5003,353375.5003,7.9,6.46,4.3118
603158,腾龙股份,汽车配件,江苏,20150320,603158.SH,20240711,7.14,7.28,7.08,7.18,6.85,0.33,4.8175,130260.92,93340.494,2.6541,4.4806,2.11,18.122,16.4564,1.6968,1.0667,1.0113,1.1142,2.2043,49079.9306,49079.9306,29071.9958,352393.9017,352393.9017,7.54,6.17,4.3118
603158,腾龙股份,汽车配件,江苏,20150320,603158.SH,20240710,6.79,6.96,6.75,6.85,6.8,0.05,0.7353,56016.0,38575.025,1.1413,1.9268,0.85,17.2891,15.7,1.6188,1.0177,0.9648,1.1679,2.3105,49079.9306,49079.9306,29071.9958,336197.5246,336197.5246,7.48,6.12,4.3118
603158,腾龙股份,汽车配件,江苏,20150320,603158.SH,20240709,6.53,6.8,6.46,6.8,6.52,0.28,4.2945,74289.6,49437.829,1.5136,2.5554,1.16,17.1629,15.5854,1.607,1.0102,0.9578,1.1765,2.3275,49079.9306,49079.9306,29071.9958,333743.5281,333743.5281,7.17,5.87,4.3118
603158,腾龙股份,汽车配件,江苏,20150320,603158.SH,20240708,6.74,6.74,6.5,6.52,6.74,-0.22,-3.2641,58771.36,38526.944,1.1975,2.0216,0.91,16.4562,14.9437,1.5408,0.9686,0.9183,1.227,2.4275,49079.9306,49079.9306,29071.9958,320001.1475,320001.1475,7.41,6.07,4.3118
603158,腾龙股份,汽车配件,江苏,20150320,603158.SH,20240705,6.6,6.76,6.52,6.74,6.63,0.11,1.6591,55493.76,36909.763,1.1307,1.9088,0.85,17.0115,15.4479,1.5928,1.0013,0.9493,1.1869,2.3483,49079.9306,49079.9306,29071.9958,330798.7322,330798.7322,7.29,5.97,4.3118
603158,腾龙股份,汽车配件,江苏,20150320,603158.SH,20240704,6.8,6.86,6.59,6.63,6.75,-0.12,-1.7778,63376.1,42547.434,1.2913,2.18,0.95,16.7338,15.1958,1.5668,0.985,0.9338,1.2066,2.3872,49079.9306,49079.9306,29071.9958,325399.9399,325399.9399,7.43,6.08,4.3118
603158,腾龙股份,汽车配件,江苏,20150320,603158.SH,20240703,7.1,7.14,6.88,6.91,7.07,-0.16,-2.2631,76322.0,53172.913,1.5551,2.6253,1.17,17.4405,15.8375,1.5741,1.0266,0.9733,1.1577,,49079.9306,49079.9306,29071.9958,339142.3204,339142.3204,7.78,6.36,4.212
603158,腾龙股份,汽车配件,江苏,20150320,603158.SH,20240702,7.13,7.23,7.03,7.07,7.13,-0.06,-0.8415,65011.8,46263.582,1.3246,2.2362,0.97,17.8444,16.2043,1.6105,1.0503,0.9958,1.1315,,49079.9306,49079.9306,29071.9958,346995.1093,346995.1093,7.84,6.42,4.212
603158,腾龙股份,汽车配件,江苏,20150320,603158.SH,20240701,7.05,7.17,6.93,7.13,7.04,0.09,1.2784,62826.08,44273.037,1.2801,2.1611,0.9,17.9958,16.3418,1.6242,1.0593,1.0042,1.122,,49079.9306,49079.9306,29071.9958,349939.9052,349939.9052,7.74,6.34,4.212
603158,腾龙股份,汽车配件,江苏,20150320,603158.SH,20240628,7.0,7.17,6.95,7.04,7.02,0.02,0.2849,57312.87,40664.517,1.1677,1.9714,0.85,17.7686,16.1355,1.6037,1.0459,0.9916,1.1364,,49079.9306,49079.9306,29071.9958,345522.7114,345522.7114,7.72,6.32,4.212
603158,腾龙股份,汽车配件,江苏,20150320,603158.SH,20240627,7.2,7.28,7.0,7.02,7.25,-0.23,-3.1724,71100.92,50623.486,1.4487,2.4457,1.06,17.7182,16.0897,1.5991,1.0429,0.9888,1.1396,,49079.9306,49079.9306,29071.9958,344541.1128,344541.1128,7.98,6.53,4.212
603158,腾龙股份,汽车配件,江苏,20150320,603158.SH,20240626,6.99,7.26,6.94,7.25,7.05,0.2,2.8369,69717.96,49634.763,1.4205,2.3981,1.12,18.2987,16.6168,1.6515,1.0771,1.0211,1.1034,,49079.9306,49079.9306,29071.9958,355829.4969,355829.4969,7.76,6.35,4.212
603158,腾龙股份,汽车配件,江苏,20150320,603158.SH,20240625,6.94,7.2,6.9,7.05,6.92,0.13,1.8786,73393.0,51875.376,1.4954,2.5245,1.13,17.7939,16.1584,1.606,1.0474,0.993,1.1348,,49079.9306,49079.9306,29071.9958,346013.5107,346013.5107,7.61,6.23,4.2115
603158,腾龙股份,汽车配件,江苏,20150320,603158.SH,20240624,7.24,7.24,6.9,6.92,7.24,-0.32,-4.4199,78223.84,54807.267,1.5938,2.6907,1.2,17.4658,15.8605,1.5764,1.0281,0.9747,1.1561,,49079.9306,49079.9306,29071.9958,339633.1198,339633.1198,7.96,6.52,4.212
603158,腾龙股份,汽车配件,江苏,20150320,603158.SH,20240621,7.14,7.32,7.14,7.24,7.22,0.02,0.277,45503.0,32980.201,0.9271,1.5652,0.69,18.2734,16.5939,1.6493,1.0756,1.0197,1.105,,49079.9306,49079.9306,29071.9958,355338.6975,355338.6975,7.94,6.5,4.212
603158,腾龙股份,汽车配件,江苏,20150320,603158.SH,20240620,7.48,7.49,7.18,7.22,7.5,-0.28,-3.7333,68509.44,49893.653,1.3959,2.3565,1.1,18.223,16.548,1.6447,1.0726,1.0169,1.108,,49079.9306,49079.9306,29071.9958,354357.0989,354357.0989,8.25,6.75,4.212
603158,腾龙股份,汽车配件,江苏,20150320,603158.SH,20240619,7.56,7.6,7.48,7.5,7.57,-0.07,-0.9247,44447.0,33475.947,0.9056,1.5289,0.65,18.9297,17.1898,1.7085,1.1142,1.0564,1.0667,,49079.9306,49079.9306,29071.9958,368099.4795,368099.4795,8.33,6.81,4.212
603158,腾龙股份,汽车配件,江苏,20150320,603158.SH,20240618,7.27,7.57,7.23,7.57,7.27,0.3,4.1265,88273.72,65949.144,1.7986,3.0364,1.4,19.1063,17.3502,1.7244,1.1246,1.0662,1.0568,,49079.9306,49079.9306,29071.9958,371535.0746,371535.0746,8.0,6.54,4.212
603158,腾龙股份,汽车配件,江苏,20150320,603158.SH,20240617,7.38,7.45,7.23,7.27,7.4,-0.13,-1.7568,77879.2,56995.348,1.5868,2.6788,1.14,18.3492,16.6626,1.6561,1.0801,1.024,1.1004,,49079.9306,49079.9306,29071.9958,356811.0955,356811.0955,8.14,6.66,4.212
603158,腾龙股份,汽车配件,江苏,20150320,603158.SH,20240614,7.41,7.41,7.25,7.4,7.38,0.02,0.271,50007.6,36727.485,1.0189,1.7201,0.59,18.6773,16.9606,1.6857,1.0994,1.0423,1.0811,,49079.9306,49079.9306,29071.9958,363191.4864,363191.4864,8.12,6.64,4.212
603158,腾龙股份,汽车配件,江苏,20150320,603158.SH,20240613,7.38,7.46,7.37,7.38,7.42,-0.04,-0.5391,52158.6,38656.971,1.0627,1.7941,0.59,18.6268,16.9148,1.6811,1.0964,1.0395,1.084,,49079.9306,49079.9306,29071.9958,362209.8878,362209.8878,8.16,6.68,4.212
603158,腾龙股份,汽车配件,江苏,20150320,603158.SH,20240612,7.35,7.48,7.34,7.42,7.37,0.05,0.6784,72119.44,53564.894,1.4694,2.4807,0.82,18.7277,17.0064,1.6903,1.1023,1.0451,1.0782,,49079.9306,49079.9306,29071.9958,364173.0851,364173.0851,8.11,6.63,4.212
603158,腾龙股份,汽车配件,江苏,20150320,603158.SH,20240611,7.43,7.44,7.22,7.37,7.43,-0.06,-0.8075,64032.2,46907.463,1.3047,2.2025,0.71,18.6016,16.8918,1.6789,1.0949,1.0381,1.0855,,49079.9306,49079.9306,29071.9958,361719.0885,361719.0885,8.17,6.69,4.212
603158,腾龙股份,汽车配件,江苏,20150320,603158.SH,20240607,7.12,7.47,7.11,7.43,7.09,0.34,4.7955,104105.48,76238.573,2.1211,3.581,1.27,18.753,17.0294,1.6925,1.1038,1.0465,1.0767,,49079.9306,49079.9306,29071.9958,364663.8844,364663.8844,7.8,6.38,4.212
603158,腾龙股份,汽车配件,江苏,20150320,603158.SH,20240606,7.49,7.53,7.0,7.09,7.48,-0.39,-5.2139,133950.28,95948.317,2.7292,4.6075,1.9,17.8948,16.2501,1.6151,1.0533,0.9986,1.1283,,49079.9306,49079.9306,29071.9958,347976.708,347976.708,8.23,6.73,4.212
603158,腾龙股份,汽车配件,江苏,20150320,603158.SH,20240605,7.77,7.77,7.47,7.48,7.71,-0.23,-2.9831,67945.4,51520.178,1.3844,2.3371,0.96,18.8792,17.144,1.7039,1.1113,1.0535,1.0695,1.0695,49079.9306,49079.9306,29071.9958,367117.8809,367117.8809,8.48,6.94,4.212
603158,腾龙股份,汽车配件,江苏,20150320,603158.SH,20240604,7.88,7.9,7.63,7.71,7.87,-0.16,-2.033,70768.24,54488.261,1.4419,2.4342,1.09,19.4597,17.6711,1.7563,1.1454,1.0859,1.0376,1.0376,49079.9306,49079.9306,29071.9958,378406.2649,378406.2649,8.66,7.08,4.212
603158,腾龙股份,汽车配件,江苏,20150320,603158.SH,20240603,8.01,8.03,7.8,7.87,8.03,-0.16,-1.9925,72105.73,57029.691,1.4691,2.4802,1.14,19.8635,18.0378,1.7928,1.1692,1.1085,1.0165,1.0165,49079.9306,49079.9306,29071.9958,386259.0538,386259.0538,8.83,7.23,4.212
603158,腾龙股份,汽车配件,江苏,20150320,603158.SH,20240531,7.91,8.05,7.91,8.03,7.9,0.13,1.6456,63558.09,50873.967,1.295,2.1862,1.02,20.2674,18.4045,1.8292,1.193,1.131,0.9963,0.9963,49079.9306,49079.9306,29071.9958,394111.8427,394111.8427,8.69,7.11,4.212
603158,腾龙股份,汽车配件,江苏,20150320,603158.SH,20240530,7.79,8.02,7.79,7.9,7.84,0.06,0.7653,78096.32,61973.531,1.5912,2.6863,1.25,19.9392,18.1066,1.7996,1.1737,1.1127,1.0127,1.0127,49079.9306,49079.9306,29071.9958,387731.4517,387731.4517,8.62,7.06,4.212
603158,腾龙股份,汽车配件,江苏,20150320,603158.SH,20240529,7.71,7.91,7.71,7.84,7.74,0.1,1.292,68961.12,53916.987,1.4051,2.3721,1.11,19.7878,17.9691,1.7859,1.1647,1.1042,1.0204,1.0204,49079.9306,49079.9306,29071.9958,384786.6559,384786.6559,8.51,6.97,4.212
603158,腾龙股份,汽车配件,江苏,20150320,603158.SH,20240528,7.82,7.85,7.72,7.74,7.82,-0.08,-1.023,42924.4,33411.625,0.8746,1.4765,0.6,19.5354,17.7399,1.7632,1.1499,1.0902,1.0336,1.0336,49079.9306,49079.9306,29071.9958,379878.6628,379878.6628,8.6,7.04,4.212
603158,腾龙股份,汽车配件,江苏,20150320,603158.SH,20240527,7.8,7.88,7.66,7.82,7.8,0.02,0.2564,62828.16,48690.145,1.2801,2.1611,0.81,19.7373,17.9232,1.7814,1.1618,1.1014,1.023,1.023,49079.9306,49079.9306,29071.9958,383805.0573,383805.0573,8.58,7.02,4.212
603158,腾龙股份,汽车配件,江苏,20150320,603158.SH,20240524,7.97,7.97,7.79,7.8,7.91,-0.11,-1.3906,58155.52,45690.624,1.1849,2.0004,0.75,19.6869,17.8774,1.7768,1.1588,1.0986,1.0256,1.0256,49079.9306,49079.9306,29071.9958,382823.4587,382823.4587,8.7,7.12,4.212
603158,腾龙股份,汽车配件,江苏,20150320,603158.SH,20240523,8.04,8.09,7.88,7.91,8.09,-0.18,-2.225,78492.8,62410.591,1.5993,2.6999,1.09,19.9645,18.1295,1.8019,1.1751,1.1141,1.0114,1.0114,49079.9306,49079.9306,29071.9958,388222.251,388222.251,8.9,7.28,4.212
603158,腾龙股份,汽车配件,江苏,20150320,603158.SH,20240522,8.24,8.24,8.07,8.09,8.17,-0.08,-0.9792,68691.56,55842.164,1.3996,2.3628,0.93,20.4188,18.5421,1.8429,1.2019,1.1395,0.9889,0.9889,49079.9306,49079.9306,29071.9958,397056.6386,397056.6386,8.99,7.35,4.212
603158,腾龙股份,汽车配件,江苏,20150320,603158.SH,20240521,8.22,8.29,8.12,8.17,8.28,-0.11,-1.3285,89050.8,72763.068,1.8144,3.0631,1.33,20.6207,18.7254,1.8611,1.2138,1.1507,0.9792,0.9792,49079.9306,49079.9306,29071.9958,400983.033,400983.033,9.11,7.45,4.212
603158,腾龙股份,汽车配件,江苏,20150320,603158.SH,20240520,8.13,8.37,8.12,8.28,8.14,0.14,1.7199,94345.4,77756.876,1.9223,3.2452,1.52,20.8984,18.9775,1.8862,1.2301,1.1662,0.9662,0.9662,49079.9306,49079.9306,29071.9958,406381.8254,406381.8254,8.95,7.33,4.212
603158,腾龙股份,汽车配件,江苏,20150320,603158.SH,20240517,8.08,8.14,8.01,8.14,8.05,0.09,1.118,56189.0,45322.896,1.1448,1.9328,0.86,20.545,18.6567,1.8543,1.2093,1.1465,0.9828,0.9828,49079.9306,49079.9306,29071.9958,399510.6351,399510.6351,8.86,7.25,4.212
603158,腾龙股份,汽车配件,江苏,20150320,603158.SH,20240516,8.2,8.2,8.02,8.05,8.09,-0.04,-0.4944,52485.0,42498.757,1.0694,1.8053,0.74,20.3178,18.4504,1.8338,1.1959,1.1338,0.9938,0.9938,49079.9306,49079.9306,29071.9958,395093.4413,395093.4413,8.9,7.28,4.212
603158,腾龙股份,汽车配件,江苏,20150320,603158.SH,20240515,8.03,8.26,8.03,8.09,8.1,-0.01,-0.1235,75583.0,61724.217,1.54,2.5999,1.01,20.4188,18.5421,1.8429,1.2019,1.1395,0.9889,0.9889,49079.9306,49079.9306,29071.9958,397056.6386,397056.6386,8.91,7.29,4.212
603158,腾龙股份,汽车配件,江苏,20150320,603158.SH,20240514,8.1,8.19,8.07,8.1,8.06,0.04,0.4963,57066.0,46371.542,1.1627,1.9629,0.69,20.444,18.565,1.8452,1.2034,1.1409,0.9877,0.9877,49079.9306,49079.9306,29071.9958,397547.4379,397547.4379,8.87,7.25,4.212
603158,腾龙股份,汽车配件,江苏,20150320,603158.SH,20240513,8.17,8.2,8.01,8.06,8.24,-0.18,-2.1845,69446.88,56236.636,1.415,2.3888,0.78,20.3431,18.4733,1.836,1.1974,1.1352,0.9926,0.9926,49079.9306,49079.9306,29071.9958,395584.2406,395584.2406,9.06,7.42,4.212
603158,腾龙股份,汽车配件,江苏,20150320,603158.SH,20240510,8.33,8.38,8.15,8.24,8.25,-0.01,-0.1212,71935.84,59176.965,1.4657,2.4744,0.73,20.7974,18.8859,1.8771,1.2242,1.1606,0.9709,0.9709,49079.9306,49079.9306,29071.9958,404418.6281,404418.6281,9.08,7.43,4.212
603158,腾龙股份,汽车配件,江苏,20150320,603158.SH,20240509,8.15,8.31,8.15,8.25,8.14,0.11,1.3514,79419.08,65563.986,1.6182,2.7318,0.7,20.8226,18.9088,1.8793,1.2257,1.162,0.9697,0.9697,49079.9306,49079.9306,29071.9958,404909.4275,404909.4275,8.95,7.33,4.212
603158,腾龙股份,汽车配件,江苏,20150320,603158.SH,20240508,8.33,8.38,8.13,8.14,8.34,-0.2,-2.3981,95134.32,78324.602,1.9384,3.2724,0.82,20.545,18.6567,1.8543,1.2093,1.1465,0.9828,0.9828,49079.9306,49079.9306,29071.9958,399510.6351,399510.6351,9.17,7.51,4.212
603158,腾龙股份,汽车配件,江苏,20150320,603158.SH,20240507,8.34,8.41,8.28,8.34,8.34,0.0,0.0,95173.6,79390.417,1.9392,3.2737,0.78,21.0498,19.1151,1.8998,1.239,1.1747,0.9592,0.9592,49079.9306,49079.9306,29071.9958,409326.6212,409326.6212,9.17,7.51,4.212
603158,腾龙股份,汽车配件,江苏,20150320,603158.SH,20240506,8.25,8.41,8.25,8.34,8.18,0.16,1.956,102857.6,85880.083,2.0957,3.538,0.86,21.0498,19.1151,1.8998,1.239,1.1747,0.9592,0.9592,49079.9306,49079.9306,29071.9958,409326.6212,409326.6212,9.0,7.36,4.212
603158,腾龙股份,汽车配件,江苏,20150320,603158.SH,20240430,8.18,8.31,8.16,8.18,8.14,0.04,0.4914,122037.28,100506.565,2.4865,4.1978,1.12,20.646,18.7483,1.8634,1.2153,1.1521,0.978,0.978,49079.9306,49079.9306,29071.9958,401473.8323,401473.8323,8.95,7.33,4.212
603158,腾龙股份,汽车配件,江苏,20150320,603158.SH,20240429,8.1,8.17,8.01,8.14,7.87,0.27,3.4307,154490.6,125222.871,3.1477,5.3141,1.68,20.545,18.6567,1.8543,1.2093,1.1465,0.9828,0.9828,49079.9306,49079.9306,29071.9958,399510.6351,399510.6351,8.66,7.08,4.212
603158,腾龙股份,汽车配件,江苏,20150320,603158.SH,20240426,7.9,7.95,7.79,7.87,7.87,0.0,0.0,108958.84,85891.053,2.22,3.7479,1.29,31.2937,24.1582,1.9028,1.4468,1.1642,1.0165,1.0165,49079.9306,49079.9306,29071.9958,386259.0538,386259.0538,8.66,7.08,4.212
603158,腾龙股份,汽车配件,江苏,20150320,603158.SH,20240425,7.64,7.91,7.6,7.87,7.63,0.24,3.1455,121157.8,94765.926,2.4686,4.1675,1.49,31.2937,24.1582,1.9028,1.4468,1.1642,1.0165,1.0165,49079.9306,49079.9306,29071.9958,386259.0538,386259.0538,8.39,6.87,4.212
603158,腾龙股份,汽车配件,江苏,20150320,603158.SH,20240424,7.41,7.64,7.37,7.63,7.35,0.28,3.8095,93478.4,70457.399,1.9046,3.2154,1.04,30.3394,23.4214,1.8448,1.4027,1.1287,1.0485,1.0485,49079.9306,49079.9306,29071.9958,374479.8705,374479.8705,8.09,6.62,4.212
603158,腾龙股份,汽车配件,江苏,20150320,603158.SH,20240423,7.28,7.4,7.27,7.35,7.27,0.08,1.1004,64870.68,47606.967,1.3217,2.2314,0.6,29.226,22.5619,1.7771,1.3512,1.0873,1.0884,1.0884,49079.9306,49079.9306,29071.9958,360737.4899,360737.4899,8.0,6.54,4.212
603158,腾龙股份,汽车配件,江苏,20150320,603158.SH,20240422,7.3,7.38,7.14,7.27,7.31,-0.04,-0.5472,70411.6,51290.564,1.4346,2.422,0.59,28.9079,22.3164,1.7577,1.3365,1.0754,1.1004,1.1004,49079.9306,49079.9306,29071.9958,356811.0955,356811.0955,8.04,6.58,4.212
603158,腾龙股份,汽车配件,江苏,20150320,603158.SH,20240419,7.31,7.48,7.26,7.31,7.39,-0.08,-1.0825,73946.2,54284.869,1.5066,2.5436,0.61,29.067,22.4392,1.7674,1.3439,1.0813,1.0944,1.0944,49079.9306,49079.9306,29071.9958,358774.2927,358774.2927,8.13,6.65,4.212
603158,腾龙股份,汽车配件,江苏,20150320,603158.SH,20240418,7.33,7.55,7.21,7.39,7.34,0.05,0.6812,102766.21,76368.783,2.0939,3.5349,0.87,29.3851,22.6847,1.7867,1.3586,1.0932,1.0825,1.0825,49079.9306,49079.9306,29071.9958,362700.6871,362700.6871,8.07,6.61,4.212
603158,腾龙股份,汽车配件,江苏,20150320,603158.SH,20240417,6.93,7.34,6.93,7.34,6.8,0.54,7.9412,138041.4,99391.338,2.8126,4.7483,1.25,29.1863,22.5313,1.7747,1.3494,1.0858,1.0899,1.0899,49079.9306,49079.9306,29071.9958,360246.6906,360246.6906,7.48,6.12,4.212
603158,腾龙股份,汽车配件,江苏,20150320,603158.SH,20240416,7.32,7.32,6.8,6.8,7.36,-0.56,-7.6087,153099.05,106892.472,3.1194,5.2662,1.6,27.0391,20.8736,1.6441,1.2501,1.0059,1.1765,1.1765,49079.9306,49079.9306,29071.9958,333743.5281,333743.5281,8.1,6.62,4.212
603158,腾龙股份,汽车配件,江苏,20150320,603158.SH,20240415,7.59,7.72,7.24,7.36,7.63,-0.27,-3.5387,130204.09,96740.66,2.6529,4.4787,1.44,29.2658,22.5926,1.7795,1.3531,1.0887,1.087,1.087,49079.9306,49079.9306,29071.9958,361228.2892,361228.2892,8.39,6.87,4.212
603158,腾龙股份,汽车配件,江苏,20150320,603158.SH,20240412,7.68,7.82,7.61,7.63,7.68,-0.05,-0.651,81284.2,62568.822,1.6562,2.796,0.82,30.3394,23.4214,1.8448,1.4027,1.1287,1.0485,1.0485,49079.9306,49079.9306,29071.9958,374479.8705,374479.8705,8.45,6.91,4.212
603158,腾龙股份,汽车配件,江苏,20150320,603158.SH,20240411,7.62,7.83,7.61,7.68,7.71,-0.03,-0.3891,85582.92,65971.552,1.7437,2.9438,0.86,30.5382,23.5749,1.8569,1.4119,1.1361,1.0417,1.0417,49079.9306,49079.9306,29071.9958,376933.867,376933.867,8.48,6.94,4.212
603158,腾龙股份,汽车配件,江苏,20150320,603158.SH,20240410,7.91,7.92,7.62,7.71,7.93,-0.22,-2.7743,100515.4,77647.566,2.048,3.4575,1.0,30.6575,23.667,1.8641,1.4174,1.1405,1.0376,1.0376,49079.9306,49079.9306,29071.9958,378406.2649,378406.2649,8.72,7.14,4.212
603158,腾龙股份,汽车配件,江苏,20150320,603158.SH,20240409,7.95,8.05,7.85,7.93,7.96,-0.03,-0.3769,81452.6,64397.931,1.6596,2.8018,0.78,31.5323,24.3423,1.9173,1.4578,1.1731,1.0088,1.0088,49079.9306,49079.9306,29071.9958,389203.8497,389203.8497,8.76,7.16,4.212
603158,腾龙股份,汽车配件,江苏,20150320,603158.SH,20240408,7.95,8.15,7.88,7.96,7.98,-0.02,-0.2506,103574.4,83195.569,2.1103,3.5627,0.96,31.6516,24.4344,1.9246,1.4634,1.1775,1.005,1.005,49079.9306,49079.9306,29071.9958,390676.2476,390676.2476,8.78,7.18,4.212
603158,腾龙股份,汽车配件,江苏,20150320,603158.SH,20240403,8.37,8.38,7.95,7.98,8.24,-0.26,-3.1553,125807.8,101348.158,2.5633,4.3275,1.16,31.7311,24.4958,1.9294,1.467,1.1805,1.0025,1.0025,49079.9306,49079.9306,29071.9958,391657.8462,391657.8462,9.06,7.42,4.212
603158,腾龙股份,汽车配件,江苏,20150320,603158.SH,20240402,8.37,8.38,8.2,8.24,8.34,-0.1,-1.199,88808.88,73429.027,1.8095,3.0548,0.76,32.765,25.2939,1.9923,1.5148,1.2189,0.9709,0.9709,49079.9306,49079.9306,29071.9958,404418.6281,404418.6281,9.17,7.51,4.212
603158,腾龙股份,汽车配件,江苏,20150320,603158.SH,20240401,8.21,8.36,8.21,8.34,8.16,0.18,2.2059,102114.6,84884.883,2.0806,3.5125,0.83,33.1626,25.6009,2.0164,1.5332,1.2337,0.9592,0.9592,49079.9306,49079.9306,29071.9958,409326.6212,409326.6212,8.98,7.34,4.212
603158,腾龙股份,汽车配件,江苏,20150320,603158.SH,20240329,8.11,8.28,8.06,8.16,8.06,0.1,1.2407,101038.52,82237.873,2.0587,3.4755,0.76,32.4469,25.0484,1.9729,1.5001,1.2071,0.9804,0.9804,49079.9306,49079.9306,29071.9958,400492.2337,400492.2337,8.87,7.25,4.212
603158,腾龙股份,汽车配件,江苏,20150320,603158.SH,20240328,7.79,8.19,7.79,8.06,7.85,0.21,2.6752,122557.4,98730.805,2.4971,4.2157,0.84,32.0492,24.7414,1.9487,1.4817,1.1923,0.9926,0.9926,49079.9306,49079.9306,29071.9958,395584.2406,395584.2406,8.64,7.07,4.212
603158,腾龙股份,汽车配件,江苏,20150320,603158.SH,20240327,8.28,8.3,7.81,7.85,8.32,-0.47,-5.649,129983.08,104617.129,2.6484,4.4711,0.79,31.2142,24.0968,1.898,1.4431,1.1612,1.0191,1.0191,49079.9306,49079.9306,29071.9958,385277.4552,385277.4552,9.15,7.49,4.212
603158,腾龙股份,汽车配件,江苏,20150320,603158.SH,20240326,8.14,8.34,8.13,8.32,8.16,0.16,1.9608,132173.8,108864.568,2.693,4.5464,0.6,33.0831,25.5395,2.0116,1.5295,1.2308,0.9615,0.9615,49079.9306,49079.9306,29071.9958,408345.0226,408345.0226,8.98,7.34,4.212
603158,腾龙股份,汽车配件,江苏,20150320,603158.SH,20240325,8.34,8.41,8.14,8.16,8.4,-0.24,-2.8571,128455.33,106422.472,2.6173,4.4185,0.49,32.4469,25.0484,1.9729,1.5001,1.2071,0.9804,0.9804,49079.9306,49079.9306,29071.9958,400492.2337,400492.2337,9.24,7.56,4.212
603158,腾龙股份,汽车配件,江苏,20150320,603158.SH,20240322,8.55,8.55,8.34,8.4,8.51,-0.11,-1.2926,154074.76,129730.149,3.1393,5.2998,0.57,33.4012,25.7851,2.0309,1.5443,1.2426,0.9524,0.9524,49079.9306,49079.9306,29071.9958,412271.417,412271.417,9.36,7.66,4.212
603158,腾龙股份,汽车配件,江苏,20150320,603158.SH,20240321,8.52,8.56,8.4,8.51,8.52,-0.01,-0.1174,187917.88,159481.319,3.8288,6.4639,0.72,33.8386,26.1227,2.0575,1.5645,1.2589,0.9401,0.9401,49079.9306,49079.9306,29071.9958,417670.2094,417670.2094,9.37,7.67,4.212
603158,腾龙股份,汽车配件,江苏,20150320,603158.SH,20240320,8.61,8.64,8.48,8.52,8.66,-0.14,-1.6166,223237.28,190530.769,4.5484,7.6788,0.9,33.8784,26.1534,2.06,1.5663,1.2603,0.939,0.939,49079.9306,49079.9306,29071.9958,418161.0087,418161.0087,9.53,7.79,4.212
603158,腾龙股份,汽车配件,江苏,20150320,603158.SH,20240319,8.71,8.85,8.42,8.66,8.71,-0.05,-0.5741,411727.56,353817.284,8.3889,14.1623,2.11,34.435,26.5832,2.0938,1.592,1.2811,0.9238,0.9238,49079.9306,49079.9306,29071.9958,425032.199,425032.199,9.58,7.84,4.212
603158,腾龙股份,汽车配件,江苏,20150320,603158.SH,20240318,8.4,8.95,8.37,8.71,8.37,0.34,4.0621,337782.72,290928.79,6.8823,11.6188,2.27,34.6339,26.7367,2.1059,1.6012,1.2884,0.9185,0.9185,49079.9306,49079.9306,29071.9958,427486.1955,427486.1955,9.21,7.53,4.212
603158,腾龙股份,汽车配件,江苏,20150320,603158.SH,20240315,8.18,8.38,8.08,8.37,8.18,0.19,2.3227,197212.23,163555.115,4.0182,6.7836,1.53,33.2819,25.693,2.0237,1.5387,1.2382,0.9558,0.9558,49079.9306,49079.9306,29071.9958,410799.0191,410799.0191,9.0,7.36,4.212
603158,腾龙股份,汽车配件,江苏,20150320,603158.SH,20240314,8.12,8.26,8.03,8.18,8.17,0.01,0.1224,143880.87,117594.169,2.9316,4.9491,1.13,32.5264,25.1098,1.9778,1.5038,1.21,0.978,0.978,49079.9306,49079.9306,29071.9958,401473.8323,401473.8323,8.99,7.35,4.212
603158,腾龙股份,汽车配件,江苏,20150320,603158.SH,20240313,8.09,8.24,8.08,8.17,8.1,0.07,0.8642,149126.52,121958.572,3.0384,5.1296,1.2,32.4866,25.0791,1.9753,1.502,1.2086,0.9792,0.9792,49079.9306,49079.9306,29071.9958,400983.033,400983.033,8.91,7.29,4.212
603158,腾龙股份,汽车配件,江苏,20150320,603158.SH,20240312,8.01,8.15,7.97,8.1,7.96,0.14,1.7588,146467.16,118285.502,2.9843,5.0381,1.15,32.2083,24.8642,1.9584,1.4891,1.1982,0.9877,0.9877,49079.9306,49079.9306,29071.9958,397547.4379,397547.4379,8.76,7.16,4.212
603158,腾龙股份,汽车配件,江苏,20150320,603158.SH,20240311,7.84,7.98,7.82,7.96,7.81,0.15,1.9206,108498.0,86087.228,2.2106,3.732,0.74,31.6516,24.4344,1.9246,1.4634,1.1775,1.005,1.005,49079.9306,49079.9306,29071.9958,390676.2476,390676.2476,8.59,7.03,4.212
603158,腾龙股份,汽车配件,江苏,20150320,603158.SH,20240308,7.78,7.84,7.68,7.81,7.73,0.08,1.0349,96770.0,75189.339,1.9717,3.3286,0.51,31.0552,23.974,1.8883,1.4358,1.1553,1.0243,1.0243,49079.9306,49079.9306,29071.9958,383314.258,383314.258,8.5,6.96,4.212
603158,腾龙股份,汽车配件,江苏,20150320,603158.SH,20240307,7.89,7.99,7.7,7.73,7.9,-0.17,-2.1519,137479.68,107939.791,2.8011,4.7289,0.61,30.737,23.7284,1.869,1.4211,1.1435,1.0349,1.0349,49079.9306,49079.9306,29071.9958,379387.8635,379387.8635,8.69,7.11,4.212
603158,腾龙股份,汽车配件,江苏,20150320,603158.SH,20240306,7.75,7.99,7.75,7.9,7.81,0.09,1.1524,131929.2,104107.298,2.688,4.538,0.5,31.413,24.2503,1.9101,1.4523,1.1686,1.0127,1.0127,49079.9306,49079.9306,29071.9958,387731.4517,387731.4517,8.59,7.03,4.212
603158,腾龙股份,汽车配件,江苏,20150320,603158.SH,20240305,7.85,7.94,7.66,7.81,7.96,-0.15,-1.8844,161747.43,126069.112,3.2956,5.5637,0.57,31.0552,23.974,1.8883,1.4358,1.1553,1.0243,1.0243,49079.9306,49079.9306,29071.9958,383314.258,383314.258,8.76,7.16,4.212
603158,腾龙股份,汽车配件,江苏,20150320,603158.SH,20240304,7.99,8.06,7.71,7.96,8.03,-0.07,-0.8717,208788.6,164698.757,4.2541,7.1818,0.72,31.6516,24.4344,1.9246,1.4634,1.1775,1.005,1.005,49079.9306,49079.9306,29071.9958,390676.2476,390676.2476,8.83,7.23,4.212
603158,腾龙股份,汽车配件,江苏,20150320,603158.SH,20240301,8.16,8.3,7.98,8.03,7.99,0.04,0.5006,308627.0,250302.187,6.2883,10.616,1.11,31.9299,24.6493,1.9415,1.4762,1.1879,0.9963,0.9963,49079.9306,49079.9306,29071.9958,394111.8427,394111.8427,8.79,7.19,4.212
603158,腾龙股份,汽车配件,江苏,20150320,603158.SH,20240229,7.27,8.1,7.24,7.99,7.4,0.59,7.973,319362.84,248751.713,6.507,10.9852,1.24,31.7709,24.5265,1.9318,1.4689,1.1819,1.0013,1.0013,49079.9306,49079.9306,29071.9958,392148.6455,392148.6455,8.14,6.66,4.212
603158,腾龙股份,汽车配件,江苏,20150320,603158.SH,20240228,8.2,8.2,7.39,7.4,8.06,-0.66,-8.1886,318751.2,249931.561,6.4945,10.9642,1.28,29.4249,22.7154,1.7892,1.3604,1.0947,1.0811,1.0811,49079.9306,49079.9306,29071.9958,363191.4864,363191.4864,8.87,7.25,4.212
603158,腾龙股份,汽车配件,江苏,20150320,603158.SH,20240227,7.67,8.16,7.65,8.06,7.68,0.38,4.9479,253661.0,202417.01,5.1683,8.7253,1.12,32.0492,24.7414,1.9487,1.4817,1.1923,0.9926,0.9926,49079.9306,49079.9306,29071.9958,395584.2406,395584.2406,8.45,6.91,4.212
603158,腾龙股份,汽车配件,江苏,20150320,603158.SH,20240226,7.5,7.82,7.44,7.68,7.52,0.16,2.1277,258719.2,198078.829,5.2714,8.8993,1.14,30.5382,23.5749,1.8569,1.4119,1.1361,1.0417,1.0417,49079.9306,49079.9306,29071.9958,376933.867,376933.867,8.27,6.77,4.212
603158,腾龙股份,汽车配件,江苏,20150320,603158.SH,20240223,7.25,7.54,7.19,7.52,7.26,0.26,3.5813,234180.08,172468.804,4.7714,8.0552,0.98,29.902,23.0838,1.8182,1.3825,1.1124,1.0638,1.0638,49079.9306,49079.9306,29071.9958,369081.0781,369081.0781,7.99,6.53,4.212
603158,腾龙股份,汽车配件,江苏,20150320,603158.SH,20240222,7.07,7.27,7.01,7.26,7.15,0.11,1.5385,225269.2,161492.126,4.5898,7.7487,0.93,28.8682,22.2857,1.7553,1.3347,1.074,1.1019,1.1019,49079.9306,49079.9306,29071.9958,356320.2962,356320.2962,7.87,6.44,4.212
603158,腾龙股份,汽车配件,江苏,20150320,603158.SH,20240221,6.97,7.4,6.91,7.15,7.03,0.12,1.707,277508.88,200769.089,5.6542,9.5456,1.19,28.4308,21.948,1.7287,1.3145,1.0577,1.1189,1.1189,49079.9306,49079.9306,29071.9958,350921.5038,350921.5038,7.73,6.33,4.212
603158,腾龙股份,汽车配件,江苏,20150320,603158.SH,20240220,7.0,7.04,6.89,7.03,7.0,0.03,0.4286,138697.04,96789.695,2.8259,4.7708,0.56,27.9536,21.5797,1.6997,1.2924,1.0399,1.138,1.138,49079.9306,49079.9306,29071.9958,345031.9121,345031.9121,7.7,6.3,4.212
603158,腾龙股份,汽车配件,江苏,20150320,603158.SH,20240219,7.14,7.14,6.88,7.0,6.85,0.15,2.1898,258684.17,181359.39,5.2707,8.8981,1.15,27.8343,21.4876,1.6925,1.2869,1.0355,1.1429,1.1429,49079.9306,49079.9306,29071.9958,343559.5142,343559.5142,7.54,6.17,4.212
603158,腾龙股份,汽车配件,江苏,20150320,603158.SH,20240208,6.3,6.85,6.13,6.85,6.23,0.62,9.9518,296654.28,194309.939,6.0443,10.2041,1.57,27.2379,21.0271,1.6562,1.2593,1.0133,1.1679,1.1679,49079.9306,49079.9306,29071.9958,336197.5246,336197.5246,6.85,5.61,4.212
603158,腾龙股份,汽车配件,江苏,20150320,603158.SH,20240207,6.33,6.44,6.11,6.23,6.27,-0.04,-0.638,245172.44,153454.983,4.9954,8.4333,1.47,24.7726,19.1239,1.5063,1.1453,0.9216,1.2841,1.2841,49079.9306,49079.9306,29071.9958,305767.9676,305767.9676,6.9,5.64,4.212
603158,腾龙股份,汽车配件,江苏,20150320,603158.SH,20240206,6.07,6.47,5.8,6.27,6.08,0.19,3.125,227538.13,138850.38,4.6361,7.8267,1.62,24.9316,19.2467,1.516,1.1527,0.9275,1.2759,1.2759,49079.9306,49079.9306,29071.9958,307731.1649,307731.1649,6.69,5.47,4.212
603158,腾龙股份,汽车配件,江苏,20150320,603158.SH,20240205,6.68,6.7,6.08,6.08,6.76,-0.68,-10.0592,202074.0,125773.321,4.1172,6.9508,1.64,24.1761,18.6635,1.47,1.1177,0.8994,1.3158,1.3158,49079.9306,49079.9306,29071.9958,298405.978,298405.978,7.44,6.08,4.212
603158,腾龙股份,汽车配件,江苏,20150320,603158.SH,20240202,7.12,7.28,6.55,6.76,7.15,-0.39,-5.4545,154784.32,106988.981,3.1537,5.3242,1.31,26.88,20.7509,1.6344,1.2428,1.0,1.1834,1.1834,49079.9306,49079.9306,29071.9958,331780.3309,331780.3309,7.87,6.44,4.212
603158,腾龙股份,汽车配件,江苏,20150320,603158.SH,20240201,7.1,7.28,6.98,7.15,7.14,0.01,0.1401,113317.84,80921.31,2.3088,3.8978,0.89,28.4308,21.948,1.7287,1.3145,1.0577,1.1189,1.1189,49079.9306,49079.9306,29071.9958,350921.5038,350921.5038,7.85,6.43,4.212
603158,腾龙股份,汽车配件,江苏,20150320,603158.SH,20240131,7.54,7.64,7.11,7.14,7.57,-0.43,-5.6803,133986.0,97926.078,2.73,4.6088,1.04,28.391,21.9173,1.7263,1.3126,1.0562,1.1204,1.1204,49079.9306,49079.9306,29071.9958,350430.7045,350430.7045,8.33,6.81,4.212
603158,腾龙股份,汽车配件,江苏,20150320,603158.SH,20240130,7.7,7.86,7.54,7.57,7.76,-0.19,-2.4485,96534.68,74297.656,1.9669,3.3205,0.67,30.1008,23.2373,1.8303,1.3917,1.1198,1.0568,1.0568,49079.9306,49079.9306,29071.9958,371535.0746,371535.0746,8.54,6.98,4.212
603158,腾龙股份,汽车配件,江苏,20150320,603158.SH,20240129,8.03,8.12,7.73,7.76,8.01,-0.25,-3.1211,116014.0,91060.32,2.3638,3.9906,0.77,30.8563,23.8205,1.8762,1.4266,1.1479,1.0309,1.0309,49079.9306,49079.9306,29071.9958,380860.2615,380860.2615,8.81,7.21,4.212
603158,腾龙股份,汽车配件,江苏,20150320,603158.SH,20240126,8.1,8.2,8.0,8.01,8.13,-0.12,-1.476,128782.0,104068.068,2.6239,4.4298,0.9,31.8504,24.5879,1.9367,1.4726,1.1849,0.9988,0.9988,49079.9306,49079.9306,29071.9958,393130.2441,393130.2441,8.94,7.32,4.212
603158,腾龙股份,汽车配件,江苏,20150320,603158.SH,20240125,7.89,8.14,7.83,8.13,7.9,0.23,2.9114,160607.4,129017.907,3.2724,5.5245,1.16,32.3276,24.9563,1.9657,1.4946,1.2027,0.984,0.984,49079.9306,49079.9306,29071.9958,399019.8358,399019.8358,8.69,7.11,4.212
603158,腾龙股份,汽车配件,江苏,20150320,603158.SH,20240124,7.93,8.08,7.68,7.9,7.87,0.03,0.3812,140966.6,111147.496,2.8722,4.8489,1.06,31.413,24.2503,1.9101,1.4523,1.1686,1.0127,1.0127,49079.9306,49079.9306,29071.9958,387731.4517,387731.4517,8.66,7.08,4.212
603158,腾龙股份,汽车配件,江苏,20150320,603158.SH,20240123,7.74,8.23,7.74,7.87,7.71,0.16,2.0752,175378.8,138419.501,3.5733,6.0326,1.38,31.2937,24.1582,1.9028,1.4468,1.1642,1.0165,1.0165,49079.9306,49079.9306,29071.9958,386259.0538,386259.0538,8.48,6.94,4.212
603158,腾龙股份,汽车配件,江苏,20150320,603158.SH,20240122,8.12,8.19,7.65,7.71,8.15,-0.44,-5.3988,144709.6,114408.487,2.9484,4.9776,1.21,30.6575,23.667,1.8641,1.4174,1.1405,1.0376,1.0376,49079.9306,49079.9306,29071.9958,378406.2649,378406.2649,8.97,7.34,4.212
603158,腾龙股份,汽车配件,江苏,20150320,603158.SH,20240119,8.29,8.4,8.12,8.15,8.29,-0.14,-1.6888,92541.03,76353.258,1.8855,3.1832,0.74,32.4071,25.0177,1.9705,1.4983,1.2056,0.9816,0.9816,49079.9306,49079.9306,29071.9958,400001.4344,400001.4344,9.12,7.46,4.212
603158,腾龙股份,汽车配件,江苏,20150320,603158.SH,20240118,8.26,8.38,8.09,8.29,8.37,-0.08,-0.9558,140918.94,115811.724,2.8712,4.8472,1.12,32.9638,25.4474,2.0044,1.524,1.2263,0.965,0.965,49079.9306,49079.9306,29071.9958,406872.6247,406872.6247,9.21,7.53,4.212
603158,腾龙股份,汽车配件,江苏,20150320,603158.SH,20240117,8.59,8.59,8.36,8.37,8.59,-0.22,-2.5611,112489.8,95263.166,2.292,3.8694,0.87,33.2819,25.693,2.0237,1.5387,1.2382,0.9558,0.9558,49079.9306,49079.9306,29071.9958,410799.0191,410799.0191,9.45,7.73,4.212
603158,腾龙股份,汽车配件,江苏,20150320,603158.SH,20240116,8.65,8.73,8.48,8.59,8.65,-0.06,-0.6936,143384.0,122881.025,2.9214,4.932,1.08,34.1567,26.3683,2.0769,1.5792,1.2707,0.9313,0.9313,49079.9306,49079.9306,29071.9958,421596.6039,421596.6039,9.52,7.79,4.212
603158,腾龙股份,汽车配件,江苏,20150320,603158.SH,20240115,8.51,8.72,8.5,8.65,8.61,0.04,0.4646,110089.0,94871.136,2.2431,3.7868,0.79,34.3953,26.5525,2.0914,1.5902,1.2796,0.9249,0.9249,49079.9306,49079.9306,29071.9958,424541.3997,424541.3997,9.47,7.75,4.212
603158,腾龙股份,汽车配件,江苏,20150320,603158.SH,20240112,8.75,8.87,8.6,8.61,8.79,-0.18,-2.0478,116032.6,101011.012,2.3642,3.9912,0.74,34.2362,26.4297,2.0817,1.5829,1.2737,0.9292,0.9292,49079.9306,49079.9306,29071.9958,422578.2025,422578.2025,9.67,7.91,4.212
603158,腾龙股份,汽车配件,江苏,20150320,603158.SH,20240111,8.5,8.8,8.5,8.79,8.54,0.25,2.9274,148031.6,129000.123,3.0161,5.0919,0.9,34.952,26.9822,2.1252,1.6159,1.3003,0.9101,0.9101,49079.9306,49079.9306,29071.9958,431412.59,431412.59,9.39,7.69,4.212
603158,腾龙股份,汽车配件,江苏,20150320,603158.SH,20240110,8.61,8.7,8.48,8.54,8.66,-0.12,-1.3857,125705.01,107711.654,2.5612,4.3239,0.57,33.9579,26.2148,2.0648,1.57,1.2633,0.9368,0.9368,49079.9306,49079.9306,29071.9958,419142.6073,419142.6073,9.53,7.79,4.212
603158,腾龙股份,汽车配件,江苏,20150320,603158.SH,20240109,8.73,8.77,8.55,8.66,8.73,-0.07,-0.8018,163138.0,141085.845,3.3239,5.6115,0.66,34.435,26.5832,2.0938,1.592,1.2811,0.9238,0.9238,49079.9306,49079.9306,29071.9958,425032.199,425032.199,9.6,7.86,4.212
603158,腾龙股份,汽车配件,江苏,20150320,603158.SH,20240108,8.7,8.85,8.66,8.73,8.7,0.03,0.3448,143069.0,125235.992,2.915,4.9212,0.5,34.7134,26.7981,2.1107,1.6049,1.2914,0.9164,0.9164,49079.9306,49079.9306,29071.9958,428467.7941,428467.7941,9.57,7.83,4.212
603158,腾龙股份,汽车配件,江苏,20150320,603158.SH,20240105,8.93,9.02,8.65,8.7,8.93,-0.23,-2.5756,199120.6,175535.039,4.0571,6.8492,0.57,34.5941,26.706,2.1035,1.5994,1.287,0.9195,0.9195,49079.9306,49079.9306,29071.9958,426995.3962,426995.3962,9.82,8.04,4.212
603158,腾龙股份,汽车配件,江苏,20150320,603158.SH,20240104,9.0,9.0,8.78,8.93,9.02,-0.09,-0.9978,189224.33,168562.053,3.8554,6.5088,0.44,35.5086,27.412,2.1591,1.6417,1.321,0.8959,0.8959,49079.9306,49079.9306,29071.9958,438283.7803,438283.7803,9.92,8.12,4.212
603158,腾龙股份,汽车配件,江苏,20150320,603158.SH,20240103,9.45,9.46,8.84,9.02,9.49,-0.47,-4.9526,412300.0,373779.121,8.4006,14.182,0.82,35.8665,27.6883,2.1808,1.6582,1.3343,0.8869,0.8869,49079.9306,49079.9306,29071.9958,442700.974,442700.974,10.44,8.54,4.212
603158,腾龙股份,汽车配件,江苏,20150320,603158.SH,20240102,9.71,9.87,9.49,9.49,9.74,-0.25,-2.5667,296834.64,286785.94,6.048,10.2103,0.48,37.7354,29.131,2.2945,1.7446,1.4038,0.843,0.843,49079.9306,49079.9306,29071.9958,465768.5414,465768.5414,10.71,8.77,4.212
603158,腾龙股份,汽车配件,江苏,20150320,603158.SH,20231229,9.55,9.85,9.5,9.74,9.69,0.05,0.516,332387.78,322792.942,6.7724,11.4333,0.47,38.7295,29.8984,2.3549,1.7906,1.4408,0.7334,0.8214,49079.9306,49079.9306,29071.9958,478038.524,478038.524,10.66,8.72,4.212
603158,腾龙股份,汽车配件,江苏,20150320,603158.SH,20231228,9.8,9.91,9.3,9.69,9.92,-0.23,-2.3185,513627.64,494224.257,10.4651,17.6674,0.74,38.5307,29.7449,2.3428,1.7814,1.4334,0.7371,0.8256,49079.9306,49079.9306,29071.9958,475584.5275,475584.5275,10.91,8.93,4.212
603158,腾龙股份,汽车配件,江苏,20150320,603158.SH,20231227,10.35,10.63,9.69,9.92,10.34,-0.42,-4.0619,615574.16,620391.554,12.5423,21.1741,0.98,39.4452,30.451,2.3985,1.8237,1.4674,0.72,0.8065,49079.9306,49079.9306,29071.9958,486872.9116,486872.9116,11.37,9.31,4.212
603158,腾龙股份,汽车配件,江苏,20150320,603158.SH,20231226,10.3,10.7,10.25,10.34,10.58,-0.24,-2.2684,749491.93,786136.274,15.2708,25.7805,1.4,41.1153,31.7402,2.5,1.9009,1.5296,0.6908,0.7737,49079.9306,49079.9306,29071.9958,507486.4824,507486.4824,11.64,9.52,4.212
603158,腾龙股份,汽车配件,江苏,20150320,603158.SH,20231225,10.1,10.87,9.7,10.58,9.98,0.6,6.012,851290.63,870580.095,17.345,29.2822,1.88,42.0696,32.4769,2.558,1.945,1.5651,0.6751,0.7561,49079.9306,49079.9306,29071.9958,519265.6657,519265.6657,10.98,8.98,4.212
603158,腾龙股份,汽车配件,江苏,20150320,603158.SH,20231222,9.66,10.08,9.61,9.98,9.6,0.38,3.9583,794832.08,781403.293,16.1946,27.3401,2.5,39.6838,30.6351,2.413,1.8347,1.4763,0.7157,0.8016,49079.9306,49079.9306,29071.9958,489817.7074,489817.7074,10.56,8.64,4.212
603158,腾龙股份,汽车配件,江苏,20150320,603158.SH,20231221,9.14,9.68,9.0,9.6,9.18,0.42,4.5752,478298.56,447841.773,9.7453,16.4522,1.88,38.1728,29.4687,2.3211,1.7649,1.4201,0.744,0.8333,49079.9306,49079.9306,29071.9958,471167.3338,471167.3338,10.1,8.26,4.212
603158,腾龙股份,汽车配件,江苏,20150320,603158.SH,20231220,9.3,9.46,9.16,9.18,9.23,-0.05,-0.5417,257791.61,239910.2,5.2525,8.8674,1.11,36.5027,28.1794,2.2195,1.6876,1.358,0.7781,0.8715,49079.9306,49079.9306,29071.9958,450553.7629,450553.7629,10.15,8.31,4.212
603158,腾龙股份,汽车配件,江苏,20150320,603158.SH,20231219,9.3,9.53,9.16,9.23,9.42,-0.19,-2.017,303748.12,282100.003,6.1888,10.4481,1.54,36.7015,28.3329,2.2316,1.6968,1.3654,0.7739,0.8667,49079.9306,49079.9306,29071.9958,453007.7594,453007.7594,10.36,8.48,4.212
603158,腾龙股份,汽车配件,江苏,20150320,603158.SH,20231218,9.21,9.67,9.05,9.42,9.2,0.22,2.3913,423399.4,401477.773,8.6267,14.5638,2.86,37.457,28.9161,2.2776,1.7318,1.3935,0.7583,0.8493,49079.9306,49079.9306,29071.9958,462332.9463,462332.9463,10.12,8.28,4.212
603158,腾龙股份,汽车配件,江苏,20150320,603158.SH,20231215,9.18,9.3,9.15,9.2,9.2,0.0,0.0,126894.0,116912.139,2.5855,4.3648,0.77,36.5823,28.2408,2.2244,1.6913,1.3609,0.7764,0.8696,49079.9306,49079.9306,29071.9958,451535.3615,451535.3615,10.12,8.28,4.212
603158,腾龙股份,汽车配件,江苏,20150320,603158.SH,20231214,9.35,9.41,9.18,9.2,9.35,-0.15,-1.6043,162122.2,149816.82,3.3032,5.5766,0.91,36.5823,28.2408,2.2244,1.6913,1.3609,0.7764,0.8696,49079.9306,49079.9306,29071.9958,451535.3615,451535.3615,10.29,8.42,4.212
603158,腾龙股份,汽车配件,江苏,20150320,603158.SH,20231213,9.34,9.49,9.24,9.35,9.38,-0.03,-0.3198,140284.07,131110.953,2.8583,4.8254,0.71,37.1787,28.7013,2.2606,1.7189,1.3831,0.7639,0.8556,49079.9306,49079.9306,29071.9958,458897.3511,458897.3511,10.32,8.44,4.212
603158,腾龙股份,汽车配件,江苏,20150320,603158.SH,20231212,9.4,9.43,9.32,9.38,9.37,0.01,0.1067,133164.16,124869.832,2.7132,4.5805,0.62,37.298,28.7933,2.2679,1.7244,1.3876,0.7615,0.8529,49079.9306,49079.9306,29071.9958,460369.749,460369.749,10.31,8.43,4.212
603158,腾龙股份,汽车配件,江苏,20150320,603158.SH,20231211,9.18,9.41,9.15,9.37,9.23,0.14,1.5168,177995.39,166105.563,3.6266,6.1226,0.78,37.2582,28.7626,2.2655,1.7226,1.3861,0.7623,0.8538,49079.9306,49079.9306,29071.9958,459878.9497,459878.9497,10.15,8.31,4.212
603158,腾龙股份,汽车配件,江苏,20150320,603158.SH,20231208,9.48,9.54,9.22,9.23,9.48,-0.25,-2.6371,211389.8,196926.091,4.3071,7.2713,0.9,36.7015,28.3329,2.2316,1.6968,1.3654,0.7739,0.8667,49079.9306,49079.9306,29071.9958,453007.7594,453007.7594,10.43,8.53,4.212
603158,腾龙股份,汽车配件,江苏,20150320,603158.SH,20231207,9.63,9.63,9.44,9.48,9.67,-0.19,-1.9648,232628.17,221414.034,4.7398,8.0018,0.98,37.6956,29.1003,2.2921,1.7428,1.4024,0.7535,0.8439,49079.9306,49079.9306,29071.9958,465277.7421,465277.7421,10.64,8.7,4.212
603158,腾龙股份,汽车配件,江苏,20150320,603158.SH,20231206,9.64,9.9,9.5,9.67,9.67,0.0,0.0,237029.89,231255.661,4.8295,8.1532,0.93,38.4511,29.6835,2.338,1.7777,1.4305,0.7387,0.8273,49079.9306,49079.9306,29071.9958,474602.9289,474602.9289,10.64,8.7,4.212
603158,腾龙股份,汽车配件,江苏,20150320,603158.SH,20231205,9.8,9.87,9.64,9.67,9.89,-0.22,-2.2245,214573.84,208674.157,4.3719,7.3808,0.76,38.4511,29.6835,2.338,1.7777,1.4305,0.7387,0.8273,49079.9306,49079.9306,29071.9958,474602.9289,474602.9289,10.88,8.9,4.212
603158,腾龙股份,汽车配件,江苏,20150320,603158.SH,20231204,9.95,10.04,9.78,9.89,9.8,0.09,0.9184,250294.37,248558.934,5.0997,8.6095,0.81,39.3259,30.3589,2.3912,1.8182,1.463,0.7222,0.8089,49079.9306,49079.9306,29071.9958,485400.5136,485400.5136,10.78,8.82,4.212
603158,腾龙股份,汽车配件,江苏,20150320,603158.SH,20231201,9.76,9.92,9.57,9.8,9.75,0.05,0.5128,234788.43,228912.401,4.7838,8.0761,0.66,38.9681,30.0826,2.3694,1.8016,1.4497,0.7289,0.8163,49079.9306,49079.9306,29071.9958,480983.3199,480983.3199,10.73,8.78,4.212
603158,腾龙股份,汽车配件,江苏,20150320,603158.SH,20231130,9.81,9.88,9.61,9.75,9.82,-0.07,-0.7128,248516.04,241779.987,5.0635,8.5483,0.62,38.7692,29.9291,2.3573,1.7924,1.4423,0.7326,0.8205,49079.9306,49079.9306,29071.9958,478529.3234,478529.3234,10.8,8.84,4.212
603158,腾龙股份,汽车配件,江苏,20150320,603158.SH,20231129,10.07,10.19,9.78,9.82,10.1,-0.28,-2.7723,326546.16,324682.842,6.6534,11.2323,0.71,39.0476,30.144,2.3743,1.8053,1.4526,0.7274,0.8147,49079.9306,49079.9306,29071.9958,481964.9185,481964.9185,11.11,9.09,4.212
603158,腾龙股份,汽车配件,江苏,20150320,603158.SH,20231128,9.86,10.18,9.86,10.1,9.85,0.25,2.5381,356221.18,358841.796,7.258,12.2531,0.65,40.161,31.0035,2.442,1.8568,1.4941,0.7072,0.7921,49079.9306,49079.9306,29071.9958,495707.2991,495707.2991,10.84,8.87,4.212
603158,腾龙股份,汽车配件,江苏,20150320,603158.SH,20231127,9.73,9.93,9.45,9.85,9.73,0.12,1.2333,384245.02,373094.595,7.829,13.217,0.67,39.1669,30.2361,2.3815,1.8108,1.4571,0.7252,0.8122,49079.9306,49079.9306,29071.9958,483437.3164,483437.3164,10.7,8.76,4.212
603158,腾龙股份,汽车配件,江苏,20150320,603158.SH,20231124,10.05,10.12,9.7,9.73,10.18,-0.45,-4.4204,458850.23,451837.703,9.349,15.7832,0.79,38.6897,29.8677,2.3525,1.7888,1.4393,0.7341,0.8222,49079.9306,49079.9306,29071.9958,477547.7247,477547.7247,11.2,9.16,4.212
603158,腾龙股份,汽车配件,江苏,20150320,603158.SH,20231123,10.01,10.46,10.01,10.18,10.09,0.09,0.892,486748.1,498780.851,9.9175,16.7429,0.85,40.4791,31.2491,2.4613,1.8715,1.5059,0.7017,0.7859,49079.9306,49079.9306,29071.9958,499633.6935,499633.6935,11.1,9.08,4.212
603158,腾龙股份,汽车配件,江苏,20150320,603158.SH,20231122,10.5,10.75,10.03,10.09,10.77,-0.68,-6.3138,614905.08,639275.621,12.5286,21.1511,1.06,40.1212,30.9728,2.4396,1.8549,1.4926,0.7079,0.7929,49079.9306,49079.9306,29071.9958,495216.4998,495216.4998,11.85,9.69,4.212
603158,腾龙股份,汽车配件,江苏,20150320,603158.SH,20231121,10.2,11.0,10.15,10.77,10.25,0.52,5.0732,796820.8,846159.308,16.2352,27.4085,1.53,42.8251,33.0602,2.604,1.98,1.5932,0.6632,0.7428,49079.9306,49079.9306,29071.9958,528590.8526,528590.8526,11.28,9.23,4.212
603158,腾龙股份,汽车配件,江苏,20150320,603158.SH,20231120,10.18,10.46,10.01,10.25,10.23,0.02,0.1955,528132.7,540890.76,10.7607,18.1664,0.94,40.7574,31.4639,2.4782,1.8844,1.5163,0.6969,0.7805,49079.9306,49079.9306,29071.9958,503069.2887,503069.2887,11.25,9.21,4.212
603158,腾龙股份,汽车配件,江苏,20150320,603158.SH,20231117,10.0,10.26,9.93,10.23,10.06,0.17,1.6899,481888.83,488311.747,9.8184,16.5757,0.81,40.6779,31.4025,2.4734,1.8807,1.5133,0.6982,0.782,49079.9306,49079.9306,29071.9958,502087.69,502087.69,11.07,9.05,4.212
603158,腾龙股份,汽车配件,江苏,20150320,603158.SH,20231116,10.01,10.27,10.0,10.06,10.21,-0.15,-1.4691,451051.83,455931.579,9.1901,15.515,0.65,40.0019,30.8807,2.4323,1.8494,1.4882,0.71,0.7952,49079.9306,49079.9306,29071.9958,493744.1018,493744.1018,11.23,9.19,4.212
603158,腾龙股份,汽车配件,江苏,20150320,603158.SH,20231115,10.09,10.22,9.84,10.21,10.04,0.17,1.6932,632895.47,635977.284,12.8952,21.7699,0.79,40.5984,31.3412,2.4686,1.877,1.5103,0.6996,0.7835,49079.9306,49079.9306,29071.9958,501106.0914,501106.0914,11.04,9.04,4.212
603158,腾龙股份,汽车配件,江苏,20150320,603158.SH,20231114,10.11,10.13,9.9,10.04,10.17,-0.13,-1.2783,518462.55,518768.724,10.5636,17.8337,0.53,39.9224,30.8193,2.4275,1.8457,1.4852,0.7114,0.7968,49079.9306,49079.9306,29071.9958,492762.5032,492762.5032,11.19,9.15,4.212
603158,腾龙股份,汽车配件,江苏,20150320,603158.SH,20231113,10.56,10.63,10.06,10.17,10.76,-0.59,-5.4833,724171.95,742522.211,14.755,24.9096,0.74,40.4393,31.2184,2.4589,1.8696,1.5044,0.7023,0.7866,49079.9306,49079.9306,29071.9958,499142.8942,499142.8942,11.84,9.68,4.212
603158,腾龙股份,汽车配件,江苏,20150320,603158.SH,20231110,10.97,11.38,10.76,10.76,11.95,-1.19,-9.9582,651510.81,707978.761,13.2745,22.4103,0.63,42.7853,33.0295,2.6015,1.9781,1.5917,0.6638,0.7435,49079.9306,49079.9306,29071.9958,528100.0533,528100.0533,13.15,10.76,4.212
603158,腾龙股份,汽车配件,江苏,20150320,603158.SH,20231109,13.0,13.0,11.95,11.95,13.28,-1.33,-10.0151,923422.93,1118987.493,18.8147,31.7633,0.89,47.5172,36.6823,2.8893,2.1969,1.7677,0.5977,0.6695,49079.9306,49079.9306,29071.9958,586505.1707,586505.1707,14.61,11.95,4.212
603158,腾龙股份,汽车配件,江苏,20150320,603158.SH,20231108,11.77,13.28,11.5,13.28,12.07,1.21,10.0249,1175059.15,1492836.548,23.9417,40.4189,1.19,52.8057,40.765,3.2108,2.4414,1.9645,0.5379,0.6024,49079.9306,49079.9306,29071.9958,651781.4784,651781.4784,13.28,10.86,4.212
603158,腾龙股份,汽车配件,江苏,20150320,603158.SH,20231107,12.91,13.04,12.02,12.07,11.85,0.22,1.8565,1397426.15,1774818.126,28.4725,48.0678,1.53,47.9943,37.0507,2.9183,2.2189,1.7855,0.5918,0.6628,49079.9306,49079.9306,29071.9958,592394.7623,592394.7623,13.04,10.67,4.212
603158,腾龙股份,汽车配件,江苏,20150320,603158.SH,20231106,10.86,11.85,10.83,11.85,10.77,1.08,10.0279,728281.26,833817.838,14.8387,25.051,0.81,47.1195,36.3754,2.8651,2.1785,1.7529,0.6028,0.6751,49079.9306,49079.9306,29071.9958,581597.1776,581597.1776,11.85,9.69,4.212
603158,腾龙股份,汽车配件,江苏,20150320,603158.SH,20231103,10.18,11.09,9.87,10.77,10.1,0.67,6.6337,977555.64,1018575.672,19.9176,33.6253,1.08,42.8251,33.0602,2.604,1.98,1.5932,0.6632,0.7428,49079.9306,49079.9306,29071.9958,528590.8526,528590.8526,11.11,9.09,4.212
603158,腾龙股份,汽车配件,江苏,20150320,603158.SH,20231102,9.75,10.55,9.71,10.1,9.71,0.39,4.0165,919519.78,926842.29,18.7351,31.6291,0.96,40.161,31.0035,2.442,1.8568,1.4941,0.7072,0.7921,49079.9306,49079.9306,29071.9958,495707.2991,495707.2991,10.68,8.74,4.212
603158,腾龙股份,汽车配件,江苏,20150320,603158.SH,20231101,9.51,10.07,9.36,9.71,10.18,-0.47,-4.6169,906590.43,883346.2,18.4717,31.1843,0.94,38.6102,29.8063,2.3477,1.7851,1.4364,0.7356,0.8239,49079.9306,49079.9306,29071.9958,476566.1261,476566.1261,11.2,9.16,4.212
603158,腾龙股份,汽车配件,江苏,20150320,603158.SH,20231031,9.5,10.18,9.5,10.18,9.25,0.93,10.0541,1041240.84,1050496.895,21.2152,35.8159,1.14,40.4791,31.2491,2.4613,1.8715,1.5059,0.7017,0.7859,49079.9306,49079.9306,29071.9958,499633.6935,499633.6935,10.18,8.33,4.212
603158,腾龙股份,汽车配件,江苏,20150320,603158.SH,20231030,9.33,9.7,9.25,9.25,9.46,-0.21,-2.2199,674739.05,636456.671,13.7478,23.2092,0.71,36.7811,31.1963,2.303,1.7005,1.4676,0.7722,0.8649,49079.9306,49079.9306,29071.9958,453989.3581,453989.3581,10.41,8.51,4.212
603158,腾龙股份,汽车配件,江苏,20150320,603158.SH,20231027,9.53,10.25,9.41,9.46,9.64,-0.18,-1.8672,993732.98,970973.499,20.2472,34.1818,1.0,37.6161,31.9045,2.3552,1.7391,1.5009,0.7551,0.8457,49079.9306,49079.9306,29071.9958,464296.1435,464296.1435,10.6,8.68,4.212
603158,腾龙股份,汽车配件,江苏,20150320,603158.SH,20231026,9.41,10.25,9.24,9.64,9.32,0.32,3.4335,1171464.34,1145595.448,23.8685,40.2953,1.09,38.3318,32.5116,2.4001,1.7722,1.5295,0.741,0.8299,49079.9306,49079.9306,29071.9958,473130.531,473130.531,10.25,8.39,4.212
603158,腾龙股份,汽车配件,江苏,20150320,603158.SH,20231025,8.73,9.72,8.71,9.32,8.84,0.48,5.4299,951438.17,897849.375,19.3855,32.727,0.92,37.0594,31.4323,2.3204,1.7134,1.4787,0.7664,0.8584,49079.9306,49079.9306,29071.9958,457424.9532,457424.9532,9.72,7.96,4.212
603158,腾龙股份,汽车配件,江苏,20150320,603158.SH,20231024,8.53,9.12,8.24,8.84,8.72,0.12,1.3761,784493.33,682121.897,15.984,26.9845,0.82,35.1508,29.8135,2.2009,1.6251,1.4025,0.808,0.905,49079.9306,49079.9306,29071.9958,433866.5865,433866.5865,9.59,7.85,4.212
603158,腾龙股份,汽车配件,江苏,20150320,603158.SH,20231023,8.73,9.36,8.57,8.72,9.03,-0.31,-3.433,857860.91,766224.394,17.4789,29.5082,0.99,34.6736,29.4088,2.171,1.6031,1.3835,0.8191,0.9174,49079.9306,49079.9306,29071.9958,427976.9948,427976.9948,9.93,8.13,4.212
603158,腾龙股份,汽车配件,江苏,20150320,603158.SH,20231020,9.33,9.87,9.01,9.03,10.01,-0.98,-9.7902,1222914.74,1151000.99,24.9168,42.065,1.75,35.9063,30.4543,2.2482,1.6601,1.4327,0.791,0.8859,49079.9306,49079.9306,29071.9958,443191.7733,443191.7733,11.01,9.01,4.212
603158,腾龙股份,汽车配件,江苏,20150320,603158.SH,20231019,9.82,10.01,9.21,10.01,9.1,0.91,10.0,1577751.8,1531357.373,32.1466,54.2705,3.47,39.8031,33.7594,2.4922,1.8402,1.5882,0.7136,0.7992,49079.9306,49079.9306,29071.9958,491290.1053,491290.1053,10.01,8.19,4.212
603158,腾龙股份,汽车配件,江苏,20150320,603158.SH,20231018,8.23,9.1,8.05,9.1,8.27,0.83,10.0363,741878.6,658193.055,15.1157,25.5187,2.19,36.1846,30.6904,2.2656,1.6729,1.4438,0.7849,0.8791,49079.9306,49079.9306,29071.9958,446627.3685,446627.3685,9.1,7.44,4.212
603158,腾龙股份,汽车配件,江苏,20150320,603158.SH,20231017,8.14,8.44,8.02,8.27,8.23,0.04,0.486,354657.52,291961.224,7.2261,12.1993,1.14,32.8843,27.8911,2.059,1.5204,1.3121,0.8637,0.9674,49079.9306,49079.9306,29071.9958,405891.0261,405891.0261,9.05,7.41,4.212
603158,腾龙股份,汽车配件,江苏,20150320,603158.SH,20231016,8.17,8.47,8.15,8.23,8.17,0.06,0.7344,414951.24,343859.134,8.4546,14.2732,1.39,32.7252,27.7562,2.049,1.513,1.3058,0.8679,0.9721,49079.9306,49079.9306,29071.9958,403927.8288,403927.8288,8.99,7.35,4.212
603158,腾龙股份,汽车配件,江苏,20150320,603158.SH,20231013,8.0,8.5,7.95,8.17,8.06,0.11,1.3648,411434.17,337896.098,8.3829,14.1523,1.7,32.4866,27.5539,2.0341,1.502,1.2962,0.8743,0.9792,49079.9306,49079.9306,29071.9958,400983.033,400983.033,8.87,7.25,4.212
603158,腾龙股份,汽车配件,江苏,20150320,603158.SH,20231012,7.93,8.17,7.69,8.06,7.81,0.25,3.201,350801.24,280595.421,7.1475,12.0666,1.92,32.0492,27.1829,2.0067,1.4817,1.2788,0.8862,0.9926,49079.9306,49079.9306,29071.9958,395584.2406,395584.2406,8.59,7.03,4.212
603158,腾龙股份,汽车配件,江苏,20150320,603158.SH,20231011,7.89,7.97,7.76,7.81,7.93,-0.12,-1.5132,161979.76,126674.995,3.3003,5.5717,1.02,31.0552,26.3398,1.9444,1.4358,1.2391,0.9146,1.0243,49079.9306,49079.9306,29071.9958,383314.258,383314.258,8.72,7.14,4.212
603158,腾龙股份,汽车配件,江苏,20150320,603158.SH,20231010,7.97,7.98,7.77,7.93,7.97,-0.04,-0.5019,215988.78,169916.058,4.4008,7.4294,1.71,31.5323,26.7445,1.9743,1.4578,1.2582,0.9007,1.0088,49079.9306,49079.9306,29071.9958,389203.8497,389203.8497,8.77,7.17,4.212
603158,腾龙股份,汽车配件,江苏,20150320,603158.SH,20231009,7.65,8.05,7.65,7.97,7.47,0.5,6.6934,347371.66,273185.812,7.0777,11.9487,4.98,31.6914,26.8794,1.9843,1.4652,1.2645,0.8962,1.0038,49079.9306,49079.9306,29071.9958,391167.0469,391167.0469,8.22,6.72,4.212
603158,腾龙股份,汽车配件,江苏,20150320,603158.SH,20230928,7.26,7.53,7.23,7.47,7.21,0.26,3.6061,134179.82,100052.066,2.7339,4.6154,2.38,29.7032,25.1931,1.8598,1.3733,1.1852,0.9562,1.071,49079.9306,49079.9306,29071.9958,366627.0816,366627.0816,7.93,6.49,4.212
603158,腾龙股份,汽车配件,江苏,20150320,603158.SH,20230927,7.27,7.32,7.21,7.21,7.3,-0.09,-1.2329,51882.52,37638.605,1.0571,1.7846,0.89,28.6694,24.3162,1.7951,1.3255,1.1439,0.9907,1.1096,49079.9306,49079.9306,29071.9958,353866.2996,353866.2996,8.03,6.57,4.212
603158,腾龙股份,汽车配件,江苏,20150320,603158.SH,20230926,7.31,7.39,7.23,7.3,7.35,-0.05,-0.6803,43668.0,31955.744,0.8897,1.5021,0.68,29.0272,24.6198,1.8175,1.342,1.1582,0.9785,1.0959,49079.9306,49079.9306,29071.9958,358283.4934,358283.4934,8.09,6.62,4.212
603158,腾龙股份,汽车配件,江苏,20150320,603158.SH,20230925,7.27,7.42,7.27,7.35,7.29,0.06,0.823,54742.28,40179.368,1.1154,1.883,0.69,29.226,24.7884,1.8299,1.3512,1.1661,0.9718,1.0884,49079.9306,49079.9306,29071.9958,360737.4899,360737.4899,8.02,6.56,4.212
603158,腾龙股份,汽车配件,江苏,20150320,603158.SH,20230922,7.15,7.3,7.11,7.29,7.12,0.17,2.3876,64477.06,46518.778,1.3137,2.2178,0.84,28.9875,24.586,1.815,1.3402,1.1566,0.9798,1.0974,49079.9306,49079.9306,29071.9958,357792.6941,357792.6941,7.83,6.41,4.212
603158,腾龙股份,汽车配件,江苏,20150320,603158.SH,20230921,7.21,7.39,7.1,7.12,7.29,-0.17,-2.332,67645.06,48519.799,1.3783,2.3268,0.91,28.3115,24.0127,1.7727,1.3089,1.1296,1.0032,1.1236,49079.9306,49079.9306,29071.9958,349449.1059,349449.1059,8.02,6.56,4.212
603158,腾龙股份,汽车配件,江苏,20150320,603158.SH,20230920,7.28,7.46,7.27,7.29,7.32,-0.03,-0.4098,61727.36,45242.579,1.2577,2.1233,0.83,28.9875,24.586,1.815,1.3402,1.1566,0.9798,1.0974,49079.9306,49079.9306,29071.9958,357792.6941,357792.6941,8.05,6.59,4.212
603158,腾龙股份,汽车配件,江苏,20150320,603158.SH,20230919,7.45,7.46,7.3,7.32,7.47,-0.15,-2.008,71060.6,52213.566,1.4479,2.4443,0.95,29.1068,24.6872,1.8224,1.3457,1.1614,0.9758,1.0929,49079.9306,49079.9306,29071.9958,359265.092,359265.092,8.22,6.72,4.212
603158,腾龙股份,汽车配件,江苏,20150320,603158.SH,20230918,7.13,7.55,7.1,7.47,7.16,0.31,4.3296,133424.84,98900.251,2.7185,4.5895,2.15,29.7032,25.1931,1.8598,1.3733,1.1852,0.9562,1.071,49079.9306,49079.9306,29071.9958,366627.0816,366627.0816,7.88,6.44,4.212
603158,腾龙股份,汽车配件,江苏,20150320,603158.SH,20230915,7.22,7.23,7.09,7.16,7.18,-0.02,-0.2786,51356.18,36722.457,1.0464,1.7665,0.83,28.4705,24.1476,1.7826,1.3163,1.136,0.9976,1.1173,49079.9306,49079.9306,29071.9958,351412.3031,351412.3031,7.9,6.46,4.212
603158,腾龙股份,汽车配件,江苏,20150320,603158.SH,20230914,7.31,7.31,7.14,7.18,7.32,-0.14,-1.9126,53428.98,38524.678,1.0886,1.8378,0.84,28.5501,24.215,1.7876,1.32,1.1392,0.9948,1.1142,49079.9306,49079.9306,29071.9958,352393.9017,352393.9017,8.05,6.59,4.212
603158,腾龙股份,汽车配件,江苏,20150320,603158.SH,20230913,7.46,7.48,7.25,7.32,7.51,-0.19,-2.53,63605.8,46742.166,1.296,2.1879,1.06,29.1068,24.6872,1.8224,1.3457,1.1614,0.9758,1.0929,49079.9306,49079.9306,29071.9958,359265.092,359265.092,8.26,6.76,4.212
603158,腾龙股份,汽车配件,江苏,20150320,603158.SH,20230912,7.41,7.52,7.4,7.51,7.4,0.11,1.4865,74094.8,55333.96,1.5097,2.5487,1.36,29.8623,25.328,1.8698,1.3806,1.1915,0.9511,1.0652,49079.9306,49079.9306,29071.9958,368590.2788,368590.2788,8.14,6.66,4.212
603158,腾龙股份,汽车配件,江苏,20150320,603158.SH,20230911,7.25,7.42,7.18,7.4,7.25,0.15,2.069,68367.64,50248.646,1.393,2.3517,1.21,29.4249,24.957,1.8424,1.3604,1.1741,0.9653,1.0811,49079.9306,49079.9306,29071.9958,363191.4864,363191.4864,7.98,6.53,4.212
603158,腾龙股份,汽车配件,江苏,20150320,603158.SH,20230908,7.2,7.29,7.2,7.25,7.24,0.01,0.1381,50869.4,36874.821,1.0365,1.7498,0.87,28.8284,24.4511,1.805,1.3328,1.1503,0.9852,1.1034,49079.9306,49079.9306,29071.9958,355829.4969,355829.4969,7.96,6.52,4.212
603158,腾龙股份,汽车配件,江苏,20150320,603158.SH,20230907,7.36,7.39,7.2,7.24,7.4,-0.16,-2.1622,61705.24,44907.944,1.2572,2.1225,1.03,28.7886,24.4174,1.8025,1.331,1.1487,0.9866,1.105,49079.9306,49079.9306,29071.9958,355338.6975,355338.6975,8.14,6.66,4.212
603158,腾龙股份,汽车配件,江苏,20150320,603158.SH,20230906,7.35,7.44,7.35,7.4,7.39,0.01,0.1353,44678.92,33039.982,0.9103,1.5368,0.65,29.4249,24.957,1.8424,1.3604,1.1741,0.9653,1.0811,49079.9306,49079.9306,29071.9958,363191.4864,363191.4864,8.13,6.65,4.212
603158,腾龙股份,汽车配件,江苏,20150320,603158.SH,20230905,7.4,7.44,7.36,7.39,7.44,-0.05,-0.672,47214.4,34904.098,0.962,1.6241,0.6,29.3851,24.9233,1.8399,1.3586,1.1725,0.9666,1.0825,49079.9306,49079.9306,29071.9958,362700.6871,362700.6871,8.18,6.7,4.212
603158,腾龙股份,汽车配件,江苏,20150320,603158.SH,20230904,7.4,7.46,7.26,7.44,7.3,0.14,1.9178,77777.8,57432.67,1.5847,2.6754,0.95,29.5839,25.0919,1.8523,1.3678,1.1804,0.9601,1.0753,49079.9306,49079.9306,29071.9958,365154.6837,365154.6837,8.03,6.57,4.212
603158,腾龙股份,汽车配件,江苏,20150320,603158.SH,20230901,7.33,7.33,7.17,7.3,7.25,0.05,0.6897,61997.35,45023.19,1.2632,2.1325,0.71,29.0272,24.6198,1.8175,1.342,1.1582,0.9785,1.0959,49079.9306,49079.9306,29071.9958,358283.4934,358283.4934,7.98,6.53,4.212
603158,腾龙股份,汽车配件,江苏,20150320,603158.SH,20230831,7.41,7.41,7.25,7.25,7.38,-0.13,-1.7615,67236.08,49005.477,1.3699,2.3127,0.79,28.8284,24.4511,1.805,1.3328,1.1503,0.9852,1.1034,49079.9306,49079.9306,29071.9958,355829.4969,355829.4969,8.12,6.64,4.212
603158,腾龙股份,汽车配件,江苏,20150320,603158.SH,20230830,7.36,7.5,7.35,7.38,7.32,0.06,0.8197,88660.76,65782.812,1.8065,3.0497,1.15,29.3453,24.8896,1.8374,1.3567,1.1709,0.9679,1.084,49079.9306,49079.9306,29071.9958,362209.8878,362209.8878,8.05,6.59,4.212
603158,腾龙股份,汽车配件,江苏,20150320,603158.SH,20230829,7.06,7.35,7.05,7.32,7.09,0.23,3.244,97952.76,71147.514,1.9958,3.3693,1.42,29.1068,24.6872,1.8224,1.3457,1.1614,0.9758,1.0929,49079.9306,49079.9306,29071.9958,359265.092,359265.092,7.8,6.38,4.212
603158,腾龙股份,汽车配件,江苏,20150320,603158.SH,20230828,7.38,7.38,7.06,7.09,7.04,0.05,0.7102,92043.38,66515.084,1.8754,3.166,1.48,28.1922,23.9115,1.7652,1.3034,1.1249,1.0075,1.1283,49079.9306,49079.9306,29071.9958,347976.708,347976.708,7.74,6.34,4.212
603158,腾龙股份,汽车配件,江苏,20150320,603158.SH,20230825,7.1,7.19,6.98,7.04,7.15,-0.11,-1.5385,90247.88,63820.806,1.8388,3.1043,1.62,27.9934,23.7429,1.7527,1.2942,1.117,1.0146,1.1364,49079.9306,49079.9306,29071.9958,345522.7114,345522.7114,7.87,6.44,4.212
603158,腾龙股份,汽车配件,江苏,20150320,603158.SH,20230824,7.05,7.21,7.02,7.15,7.06,0.09,1.2748,56942.2,40582.542,1.1602,1.9587,0.92,28.4308,26.4513,1.826,1.3145,1.2603,0.999,1.1189,49079.9306,49079.9306,29071.9958,350921.5038,350921.5038,7.77,6.35,4.212
603158,腾龙股份,汽车配件,江苏,20150320,603158.SH,20230823,7.13,7.18,7.0,7.06,7.14,-0.08,-1.1204,49515.6,35153.759,1.0089,1.7032,0.82,28.0729,26.1183,1.803,1.2979,1.2444,1.0117,1.1331,49079.9306,49079.9306,29071.9958,346504.31,346504.31,7.85,6.43,4.212
603158,腾龙股份,汽车配件,江苏,20150320,603158.SH,20230822,7.11,7.17,6.98,7.14,7.11,0.03,0.4219,55949.2,39480.013,1.14,1.9245,0.92,28.391,26.4143,1.8235,1.3126,1.2585,1.0004,1.1204,49079.9306,49079.9306,29071.9958,350430.7045,350430.7045,7.82,6.4,4.212
603158,腾龙股份,汽车配件,江苏,20150320,603158.SH,20230821,7.13,7.21,7.09,7.11,7.13,-0.02,-0.2805,58257.0,41573.714,1.187,2.0039,0.9,28.2717,26.3033,1.8158,1.3071,1.2532,1.0046,1.1252,49079.9306,49079.9306,29071.9958,348958.3066,348958.3066,7.84,6.42,4.212
603158,腾龙股份,汽车配件,江苏,20150320,603158.SH,20230818,7.27,7.31,7.12,7.13,7.28,-0.15,-2.0604,57859.0,41668.663,1.1789,1.9902,0.84,28.3512,26.3773,1.8209,1.3108,1.2568,1.0018,1.122,49079.9306,49079.9306,29071.9958,349939.9052,349939.9052,8.01,6.55,4.212
603158,腾龙股份,汽车配件,江苏,20150320,603158.SH,20230817,7.01,7.3,6.97,7.28,7.06,0.22,3.1161,89123.46,63914.203,1.8159,3.0656,1.41,28.9477,26.9322,1.8592,1.3384,1.2832,0.9812,1.0989,49079.9306,49079.9306,29071.9958,357301.8948,357301.8948,7.77,6.35,4.212
603158,腾龙股份,汽车配件,江苏,20150320,603158.SH,20230816,7.16,7.25,7.04,7.06,7.18,-0.12,-1.6713,40367.2,28628.058,0.8225,1.3885,0.55,28.0729,26.1183,1.803,1.2979,1.2444,1.0117,1.1331,49079.9306,49079.9306,29071.9958,346504.31,346504.31,7.9,6.46,4.212
603158,腾龙股份,汽车配件,江苏,20150320,603158.SH,20230815,7.23,7.28,7.16,7.18,7.21,-0.03,-0.4161,56922.19,41094.978,1.1598,1.958,0.69,28.5501,26.5623,1.8337,1.32,1.2656,0.9948,1.1142,49079.9306,49079.9306,29071.9958,352393.9017,352393.9017,7.93,6.49,4.212
603158,腾龙股份,汽车配件,江苏,20150320,603158.SH,20230814,7.11,7.25,7.06,7.21,7.21,0.0,0.0,80356.44,57368.221,1.6373,2.764,0.96,28.6694,26.6732,1.8414,1.3255,1.2709,0.9907,1.1096,49079.9306,49079.9306,29071.9958,353866.2996,353866.2996,7.93,6.49,4.212
603158,腾龙股份,汽车配件,江苏,20150320,603158.SH,20230811,7.24,7.33,7.19,7.21,7.25,-0.04,-0.5517,78268.4,56845.38,1.5947,2.6922,0.89,28.6694,26.6732,1.8414,1.3255,1.2709,0.9907,1.1096,49079.9306,49079.9306,29071.9958,353866.2996,353866.2996,7.98,6.53,4.212
603158,腾龙股份,汽车配件,江苏,20150320,603158.SH,20230810,7.2,7.28,7.17,7.25,7.21,0.04,0.5548,59571.2,43055.682,1.2138,2.0491,0.59,28.8284,26.8212,1.8516,1.3328,1.2779,0.9852,1.1034,49079.9306,49079.9306,29071.9958,355829.4969,355829.4969,7.93,6.49,4.212
603158,腾龙股份,汽车配件,江苏,20150320,603158.SH,20230809,7.44,7.45,7.2,7.21,7.44,-0.23,-3.0914,95027.76,69133.377,1.9362,3.2687,0.83,28.6694,26.6732,1.8414,1.3255,1.2709,0.9907,1.1096,49079.9306,49079.9306,29071.9958,353866.2996,353866.2996,8.18,6.7,4.212
603158,腾龙股份,汽车配件,江苏,20150320,603158.SH,20230808,7.4,7.62,7.39,7.44,7.43,0.01,0.1346,99697.58,74854.014,2.0313,3.4293,0.75,29.5839,27.5241,1.9001,1.3678,1.3114,0.9601,1.0753,49079.9306,49079.9306,29071.9958,365154.6837,365154.6837,8.17,6.69,4.212
603158,腾龙股份,汽车配件,江苏,20150320,603158.SH,20230807,7.36,7.53,7.3,7.43,7.37,0.06,0.8141,86844.63,64543.505,1.7695,2.9872,0.52,29.5441,27.4871,1.8975,1.3659,1.3096,0.9614,1.0767,49079.9306,49079.9306,29071.9958,364663.8844,364663.8844,8.11,6.63,4.212
603158,腾龙股份,汽车配件,江苏,20150320,603158.SH,20230804,7.36,7.39,7.23,7.37,7.35,0.02,0.2721,99680.26,73031.074,2.031,3.4287,0.45,29.3056,27.2652,1.8822,1.3549,1.2991,0.9692,1.0855,49079.9306,49079.9306,29071.9958,361719.0885,361719.0885,8.09,6.62,4.212
603158,腾龙股份,汽车配件,江苏,20150320,603158.SH,20230803,7.51,7.54,7.33,7.35,7.58,-0.23,-3.0343,127049.76,93814.913,2.5886,4.3702,0.46,29.226,27.1912,1.8771,1.3512,1.2955,0.9718,1.0884,49079.9306,49079.9306,29071.9958,360737.4899,360737.4899,8.34,6.82,4.212
603158,腾龙股份,汽车配件,江苏,20150320,603158.SH,20230802,7.37,7.63,7.33,7.58,7.42,0.16,2.1563,158609.2,119358.052,3.2317,5.4557,0.61,30.1406,28.042,1.9358,1.3935,1.3361,0.9423,1.0554,49079.9306,49079.9306,29071.9958,372025.8739,372025.8739,8.16,6.68,4.212
603158,腾龙股份,汽车配件,江苏,20150320,603158.SH,20230801,7.51,7.62,7.38,7.42,7.6,-0.18,-2.3684,189092.0,140787.551,3.8527,6.5043,0.79,29.5044,27.4501,1.895,1.3641,1.3079,0.9626,1.0782,49079.9306,49079.9306,29071.9958,364173.0851,364173.0851,8.36,6.84,4.212
603158,腾龙股份,汽车配件,江苏,20150320,603158.SH,20230731,7.76,7.88,7.55,7.6,7.75,-0.15,-1.9355,267206.46,204349.813,5.4443,9.1912,1.35,30.2201,28.116,1.941,1.3972,1.3396,0.9398,1.0526,49079.9306,49079.9306,29071.9958,373007.4726,373007.4726,8.53,6.98,4.212
603158,腾龙股份,汽车配件,江苏,20150320,603158.SH,20230728,7.83,7.93,7.52,7.75,7.91,-0.16,-2.0228,359962.46,277917.406,7.3342,12.3818,2.52,30.8166,28.671,1.9793,1.4248,1.366,0.9217,1.0323,49079.9306,49079.9306,29071.9958,380369.4622,380369.4622,8.7,7.12,4.212
603158,腾龙股份,汽车配件,江苏,20150320,603158.SH,20230727,7.8,8.24,7.65,7.91,7.49,0.42,5.6075,410101.24,326303.338,8.3558,14.1064,5.67,31.4528,29.2629,2.0201,1.4542,1.3943,0.903,1.0114,49079.9306,49079.9306,29071.9958,388222.251,388222.251,8.24,6.74,4.212
603158,腾龙股份,汽车配件,江苏,20150320,603158.SH,20230726,7.77,7.77,7.47,7.49,7.78,-0.29,-3.7275,80937.0,61283.327,1.6491,2.784,1.17,29.7827,27.7091,1.9129,1.377,1.3202,0.9537,1.0681,49079.9306,49079.9306,29071.9958,367608.6802,367608.6802,8.56,7.0,4.212
603158,腾龙股份,汽车配件,江苏,20150320,603158.SH,20230725,7.55,7.83,7.53,7.78,7.52,0.26,3.4574,74640.32,57599.838,1.5208,2.5674,1.11,30.9359,28.7819,1.9869,1.4303,1.3713,0.9181,1.0283,49079.9306,49079.9306,29071.9958,381841.8601,381841.8601,8.27,6.77,4.212
603158,腾龙股份,汽车配件,江苏,20150320,603158.SH,20230724,7.52,7.64,7.38,7.52,7.49,0.03,0.4005,62112.25,46724.156,1.2655,2.1365,0.89,29.902,27.8201,1.9205,1.3825,1.3255,0.9498,1.0638,49079.9306,49079.9306,29071.9958,369081.0781,369081.0781,8.24,6.74,4.212
603158,腾龙股份,汽车配件,江苏,20150320,603158.SH,20230721,7.64,7.71,7.45,7.49,7.69,-0.2,-2.6008,87308.04,65964.003,1.7789,3.0032,1.26,29.7827,27.7091,1.9129,1.377,1.3202,0.9537,1.0681,49079.9306,49079.9306,29071.9958,367608.6802,367608.6802,8.46,6.92,4.212
603158,腾龙股份,汽车配件,江苏,20150320,603158.SH,20230720,7.84,7.9,7.69,7.69,7.89,-0.2,-2.5349,56551.8,43992.142,1.1522,1.9452,0.77,30.578,28.449,1.9639,1.4137,1.3555,0.9289,1.0403,49079.9306,49079.9306,29071.9958,377424.6663,377424.6663,8.68,7.1,4.212
603158,腾龙股份,汽车配件,江苏,20150320,603158.SH,20230719,7.85,7.95,7.76,7.89,7.83,0.06,0.7663,65897.91,51822.925,1.3427,2.2667,0.85,31.3733,29.1889,2.015,1.4505,1.3907,0.9053,1.0139,49079.9306,49079.9306,29071.9958,387240.6524,387240.6524,8.61,7.05,4.212
603158,腾龙股份,汽车配件,江苏,20150320,603158.SH,20230718,7.77,7.9,7.67,7.83,7.73,0.1,1.2937,65459.06,51092.778,1.3337,2.2516,0.81,31.1347,28.9669,1.9997,1.4395,1.3802,0.9122,1.0217,49079.9306,49079.9306,29071.9958,384295.8566,384295.8566,8.5,6.96,4.212
603158,腾龙股份,汽车配件,江苏,20150320,603158.SH,20230717,7.77,7.86,7.62,7.73,7.82,-0.09,-1.1509,72262.36,55536.596,1.4723,2.4856,0.86,30.737,28.597,1.9742,1.4211,1.3625,0.924,1.0349,49079.9306,49079.9306,29071.9958,379387.8635,379387.8635,8.6,7.04,4.212
603158,腾龙股份,汽车配件,江苏,20150320,603158.SH,20230714,7.72,7.89,7.6,7.82,7.74,0.08,1.0336,86145.84,67227.388,1.7552,2.9632,1.05,31.0949,28.9299,1.9971,1.4376,1.3784,0.9134,1.023,49079.9306,49079.9306,29071.9958,383805.0573,383805.0573,8.51,6.97,4.212
603158,腾龙股份,汽车配件,江苏,20150320,603158.SH,20230713,7.76,7.85,7.69,7.74,7.82,-0.08,-1.023,79157.18,61286.898,1.6128,2.7228,0.92,30.7768,28.634,1.9767,1.4229,1.3643,0.9228,1.0336,49079.9306,49079.9306,29071.9958,379878.6628,379878.6628,8.6,7.04,4.212
603158,腾龙股份,汽车配件,江苏,20150320,603158.SH,20230712,7.82,7.95,7.81,7.82,7.84,-0.02,-0.2551,85281.83,67144.839,1.7376,2.9335,0.88,31.0949,28.9299,1.9971,1.4376,1.3784,0.9134,1.023,49079.9306,49079.9306,29071.9958,383805.0573,383805.0573,8.62,7.06,4.212
603158,腾龙股份,汽车配件,江苏,20150320,603158.SH,20230711,7.74,7.88,7.66,7.84,7.7,0.14,1.8182,83009.8,64638.254,1.6913,2.8553,0.79,31.1744,29.0039,2.0022,1.4413,1.3819,0.9111,1.0204,49079.9306,49079.9306,29071.9958,384786.6559,384786.6559,8.47,6.93,4.212
603158,腾龙股份,汽车配件,江苏,20150320,603158.SH,20230710,7.73,7.86,7.64,7.7,7.76,-0.06,-0.7732,85001.88,65583.905,1.7319,2.9238,0.83,30.6178,28.486,1.9665,1.4156,1.3572,0.9276,1.039,49079.9306,49079.9306,29071.9958,377915.4656,377915.4656,8.54,6.98,4.212
603158,腾龙股份,汽车配件,江苏,20150320,603158.SH,20230707,7.8,7.93,7.74,7.76,7.85,-0.09,-1.1465,77371.56,60494.48,1.5764,2.6614,0.74,30.8563,28.708,1.9818,1.4266,1.3678,0.9205,1.0309,49079.9306,49079.9306,29071.9958,380860.2615,380860.2615,8.64,7.07,4.212
603158,腾龙股份,汽车配件,江苏,20150320,603158.SH,20230706,7.8,7.91,7.71,7.85,7.8,0.05,0.641,100830.68,78844.688,2.0544,3.4683,0.95,31.2142,29.0409,2.0048,1.4431,1.3837,0.9099,1.0191,49079.9306,49079.9306,29071.9958,385277.4552,385277.4552,8.58,7.02,4.212
603158,腾龙股份,汽车配件,江苏,20150320,603158.SH,20230705,7.84,8.0,7.73,7.8,7.8,0.0,0.0,136965.78,107933.282,2.7907,4.7113,1.38,31.0154,28.8559,1.992,1.4339,1.3749,0.9158,1.0256,49079.9306,49079.9306,29071.9958,382823.4587,382823.4587,8.58,7.02,4.212
603158,腾龙股份,汽车配件,江苏,20150320,603158.SH,20230704,7.59,7.88,7.59,7.8,7.59,0.21,2.7668,125198.68,97425.037,2.5509,4.3065,1.25,31.0154,28.8559,1.992,1.4339,1.3749,0.9158,1.0256,49079.9306,49079.9306,29071.9958,382823.4587,382823.4587,8.35,6.83,4.212
603158,腾龙股份,汽车配件,江苏,20150320,603158.SH,20230703,7.68,7.81,7.58,7.59,7.66,-0.07,-0.9138,74200.74,56843.007,1.5118,2.5523,0.71,30.1804,28.079,1.9384,1.3953,1.3378,0.9411,1.054,49079.9306,49079.9306,29071.9958,372516.6733,372516.6733,8.43,6.89,4.212
603158,腾龙股份,汽车配件,江苏,20150320,603158.SH,20230630,7.7,7.75,7.59,7.66,7.67,-0.01,-0.1304,86183.96,65914.683,1.756,2.9645,0.83,30.4587,28.338,1.9563,1.4082,1.3502,0.9325,1.0444,49079.9306,49079.9306,29071.9958,375952.2684,375952.2684,8.44,6.9,4.212
603158,腾龙股份,汽车配件,江苏,20150320,603158.SH,20230629,7.5,7.75,7.46,7.67,7.51,0.16,2.1305,110584.13,84660.489,2.2531,3.8038,1.22,30.4985,28.375,1.9588,1.41,1.3519,0.9313,1.043,49079.9306,49079.9306,29071.9958,376443.0677,376443.0677,8.26,6.76,4.212
603158,腾龙股份,汽车配件,江苏,20150320,603158.SH,20230628,7.55,7.55,7.37,7.51,7.5,0.01,0.1333,100709.94,75129.926,2.052,3.4642,1.22,29.8623,27.7831,1.918,1.3806,1.3237,0.9511,1.0652,49079.9306,49079.9306,29071.9958,368590.2788,368590.2788,8.25,6.75,4.212
603158,腾龙股份,汽车配件,江苏,20150320,603158.SH,20230627,7.33,7.51,7.24,7.5,7.31,0.19,2.5992,129530.4,96181.197,2.6392,4.4555,1.92,29.8225,27.7461,1.9154,1.3788,1.322,0.9524,1.0667,49079.9306,49079.9306,29071.9958,368099.4795,368099.4795,8.04,6.58,4.212
603158,腾龙股份,汽车配件,江苏,20150320,603158.SH,20230626,7.3,7.45,7.25,7.31,7.33,-0.02,-0.2729,95150.7,70028.213,1.9387,3.2729,1.55,29.067,27.0432,1.8669,1.3439,1.2885,0.9771,1.0944,49079.9306,49079.9306,29071.9958,358774.2927,358774.2927,8.06,6.6,4.212
603158,腾龙股份,汽车配件,江苏,20150320,603158.SH,20230621,7.29,7.41,7.24,7.33,7.28,0.05,0.6868,80686.24,59273.02,1.644,2.7754,1.38,29.1465,27.1172,1.872,1.3475,1.292,0.9745,1.0914,49079.9306,49079.9306,29071.9958,359755.8913,359755.8913,8.01,6.55,4.212
603158,腾龙股份,汽车配件,江苏,20150320,603158.SH,20230620,7.29,7.34,7.22,7.28,7.27,0.01,0.1376,48884.2,35613.491,0.996,1.6815,0.68,28.9477,26.9322,1.8592,1.3384,1.2832,0.9812,2.0801,49079.9306,49079.9306,29071.9958,357301.8948,357301.8948,8.0,6.54,4.212
603158,腾龙股份,汽车配件,江苏,20150320,603158.SH,20230619,7.26,7.38,7.22,7.27,7.26,0.01,0.1377,57836.27,42249.335,1.1784,1.9894,0.64,28.9079,26.8952,1.8567,1.3365,1.2814,0.9825,2.0829,49079.9306,49079.9306,29071.9958,356811.0955,356811.0955,7.99,6.53,4.212
603158,腾龙股份,汽车配件,江苏,20150320,603158.SH,20230616,7.25,7.3,7.19,7.26,7.25,0.01,0.1379,55406.72,40114.143,1.1289,1.9058,0.61,28.8682,26.8582,1.8541,1.3347,1.2797,0.9839,2.0858,49079.9306,49079.9306,29071.9958,356320.2962,356320.2962,7.98,6.53,4.212
603158,腾龙股份,汽车配件,江苏,20150320,603158.SH,20230615,7.2,7.31,7.15,7.25,7.2,0.05,0.6944,63493.04,46076.311,1.2937,2.184,0.71,28.8284,26.8212,1.8516,1.3328,1.2779,0.9852,2.0887,49079.9306,49079.9306,29071.9958,355829.4969,355829.4969,7.92,6.48,4.212
603158,腾龙股份,汽车配件,江苏,20150320,603158.SH,20230614,7.3,7.32,7.16,7.2,7.24,-0.04,-0.5525,67748.4,48868.646,1.3804,2.3304,0.76,28.6296,26.6362,1.8388,1.3236,1.2691,0.9921,2.1032,49079.9306,49079.9306,29071.9958,353375.5003,353375.5003,7.96,6.52,4.212
603158,腾龙股份,汽车配件,江苏,20150320,603158.SH,20230613,7.19,7.31,7.19,7.24,7.21,0.03,0.4161,117412.57,85115.317,2.3923,4.0387,1.3,28.7886,26.7842,1.849,1.331,1.2762,0.9866,2.0916,49079.9306,49079.9306,29071.9958,355338.6975,355338.6975,7.93,6.49,4.212
603158,腾龙股份,汽车配件,江苏,20150320,603158.SH,20230612,6.83,7.24,6.78,7.21,6.84,0.37,5.4094,147582.56,104999.188,3.007,5.0765,1.81,28.6694,26.6732,1.8414,1.3255,1.2709,0.9907,2.1003,49079.9306,49079.9306,29071.9958,353866.2996,353866.2996,7.52,6.16,4.212
603158,腾龙股份,汽车配件,江苏,20150320,603158.SH,20230609,6.7,6.88,6.7,6.84,6.7,0.14,2.0896,58794.11,40136.553,1.1979,2.0224,0.76,27.1981,25.3044,1.7469,1.2575,1.2056,1.0443,2.2139,49079.9306,49079.9306,29071.9958,335706.7253,335706.7253,7.37,6.03,4.212
603158,腾龙股份,汽车配件,江苏,20150320,603158.SH,20230608,6.73,6.77,6.66,6.7,6.75,-0.05,-0.7407,58572.52,39334.651,1.1934,2.0147,0.8,26.6414,24.7865,1.7111,1.2317,1.181,1.0661,2.2601,49079.9306,49079.9306,29071.9958,328835.535,328835.535,7.43,6.08,4.212
603158,腾龙股份,汽车配件,江苏,20150320,603158.SH,20230607,6.86,6.92,6.73,6.75,6.86,-0.11,-1.6035,63904.45,43392.325,1.302,2.1981,0.93,26.8402,24.9715,1.7239,1.2409,1.1898,1.0582,2.2434,49079.9306,49079.9306,29071.9958,331289.5316,331289.5316,7.55,6.17,4.212
603158,腾龙股份,汽车配件,江苏,20150320,603158.SH,20230606,7.23,7.24,6.86,6.86,7.23,-0.37,-5.1176,122669.35,85594.564,2.4994,4.2195,2.42,27.2776,25.3784,1.752,1.2611,1.2092,1.0412,2.2074,49079.9306,49079.9306,29071.9958,336688.3239,336688.3239,7.95,6.51,4.212
603158,腾龙股份,汽车配件,江苏,20150320,603158.SH,20230605,7.09,7.32,7.06,7.31,7.08,0.23,3.2486,103152.31,74581.317,2.1017,3.5482,2.69,29.067,27.0432,1.8295,1.3439,1.2885,0.9771,0.9771,49079.9306,49079.9306,29071.9958,358774.2927,358774.2927,7.79,6.37,4.165
603158,腾龙股份,汽车配件,江苏,20150320,603158.SH,20230602,7.01,7.11,6.99,7.08,7.0,0.08,1.1429,36441.79,25717.638,0.7425,1.2535,0.84,28.1524,26.1923,1.7719,1.3016,1.248,1.0089,1.0089,49079.9306,49079.9306,29071.9958,347485.9086,347485.9086,7.7,6.3,4.165
603158,腾龙股份,汽车配件,江苏,20150320,603158.SH,20230601,6.96,7.04,6.93,7.0,6.96,0.04,0.5747,38609.4,27033.547,0.7867,1.3281,0.87,27.8343,25.8963,1.7519,1.2869,1.2339,1.0204,1.0204,49079.9306,49079.9306,29071.9958,343559.5142,343559.5142,7.66,6.26,4.165
603158,腾龙股份,汽车配件,江苏,20150320,603158.SH,20230531,7.12,7.12,6.95,6.96,7.09,-0.13,-1.8336,44523.2,31166.482,0.9072,1.5315,1.02,27.6753,25.7484,1.7419,1.2795,1.2268,1.0263,1.0263,49079.9306,49079.9306,29071.9958,341596.317,341596.317,7.8,6.38,4.1657
603158,腾龙股份,汽车配件,江苏,20150320,603158.SH,20230530,7.01,7.14,7.01,7.09,7.05,0.04,0.5674,30305.52,21448.008,0.6175,1.0424,0.65,28.1922,26.2293,1.7745,1.3034,1.2497,1.0075,1.0075,49079.9306,49079.9306,29071.9958,347976.708,347976.708,7.76,6.35,4.1657
603158,腾龙股份,汽车配件,江苏,20150320,603158.SH,20230529,7.18,7.26,7.03,7.05,7.18,-0.13,-1.8106,41789.2,29660.787,0.8515,1.4374,0.89,28.0331,26.0813,1.7644,1.2961,1.2427,1.0132,1.0132,49079.9306,49079.9306,29071.9958,346013.5107,346013.5107,7.9,6.46,4.1657
603158,腾龙股份,汽车配件,江苏,20150320,603158.SH,20230526,7.13,7.2,7.0,7.18,7.11,0.07,0.9845,61350.8,43670.991,1.25,2.1103,1.43,28.5501,26.5623,1.797,1.32,1.2656,0.9948,0.9948,49079.9306,49079.9306,29071.9958,352393.9017,352393.9017,7.82,6.4,4.1657
603158,腾龙股份,汽车配件,江苏,20150320,603158.SH,20230525,7.12,7.15,7.02,7.11,7.1,0.01,0.1408,44809.91,31721.698,0.913,1.5413,1.02,28.2717,26.3033,1.7795,1.3071,1.2532,1.0046,1.0046,49079.9306,49079.9306,29071.9958,348958.3066,348958.3066,7.81,6.39,4.1657
603158,腾龙股份,汽车配件,江苏,20150320,603158.SH,20230524,7.11,7.15,7.04,7.1,7.1,0.0,0.0,39687.56,28238.119,0.8086,1.3651,0.92,28.232,26.2663,1.777,1.3053,1.2515,1.006,1.006,49079.9306,49079.9306,29071.9958,348467.5073,348467.5073,7.81,6.39,4.1657
603158,腾龙股份,汽车配件,江苏,20150320,603158.SH,20230523,7.16,7.18,7.1,7.1,7.14,-0.04,-0.5602,43985.99,31447.543,0.8962,1.513,1.01,28.232,26.2663,1.777,1.3053,1.2515,1.006,1.006,49079.9306,49079.9306,29071.9958,348467.5073,348467.5073,7.85,6.43,4.1657
603158,腾龙股份,汽车配件,江苏,20150320,603158.SH,20230522,7.09,7.15,7.04,7.14,7.08,0.06,0.8475,45215.9,32172.992,0.9213,1.5553,1.05,28.391,26.4143,1.787,1.3126,1.2585,1.0004,1.0004,49079.9306,49079.9306,29071.9958,350430.7045,350430.7045,7.79,6.37,4.1657
603158,腾龙股份,汽车配件,江苏,20150320,603158.SH,20230519,7.04,7.11,6.97,7.08,7.06,0.02,0.2833,40752.96,28781.274,0.8303,1.4018,0.96,28.1524,26.1923,1.7719,1.3016,1.248,1.0089,1.0089,49079.9306,49079.9306,29071.9958,347485.9086,347485.9086,7.77,6.35,4.1657
603158,腾龙股份,汽车配件,江苏,20150320,603158.SH,20230518,7.01,7.09,7.01,7.06,7.01,0.05,0.7133,50593.72,35685.406,1.0308,1.7403,1.21,28.0729,26.1183,1.7669,1.2979,1.2444,1.0117,1.0117,49079.9306,49079.9306,29071.9958,346504.31,346504.31,7.71,6.31,4.1657
603158,腾龙股份,汽车配件,江苏,20150320,603158.SH,20230517,6.94,7.01,6.92,7.01,6.97,0.04,0.5739,35090.36,24521.549,0.715,1.207,0.7,27.8741,25.9333,1.7544,1.2887,1.2356,1.019,1.019,49079.9306,49079.9306,29071.9958,344050.3135,344050.3135,7.67,6.27,4.1657
603158,腾龙股份,汽车配件,江苏,20150320,603158.SH,20230516,6.98,7.04,6.9,6.97,6.99,-0.02,-0.2861,46859.83,32648.324,0.9548,1.6119,0.86,27.715,25.7854,1.7444,1.2814,1.2286,1.0248,1.0248,49079.9306,49079.9306,29071.9958,342087.1163,342087.1163,7.69,6.29,4.1657
603158,腾龙股份,汽车配件,江苏,20150320,603158.SH,20230515,6.91,7.0,6.89,6.99,6.91,0.08,1.1577,41236.4,28635.259,0.8402,1.4184,0.74,27.7946,25.8594,1.7494,1.285,1.2321,1.0219,1.0219,49079.9306,49079.9306,29071.9958,343068.7149,343068.7149,7.6,6.22,4.1657
603158,腾龙股份,汽车配件,江苏,20150320,603158.SH,20230512,7.0,7.03,6.9,6.91,7.0,-0.09,-1.2857,37941.4,26361.332,0.7731,1.3051,0.65,27.4765,25.5634,1.7294,1.2703,1.218,1.0337,1.0337,49079.9306,49079.9306,29071.9958,339142.3204,339142.3204,7.7,6.3,4.1657
603158,腾龙股份,汽车配件,江苏,20150320,603158.SH,20230511,6.97,7.01,6.93,7.0,6.97,0.03,0.4304,48189.14,33655.761,0.9819,1.6576,0.74,27.8343,25.8963,1.7519,1.2869,1.2339,1.0204,1.0204,49079.9306,49079.9306,29071.9958,343559.5142,343559.5142,7.67,6.27,4.1657
603158,腾龙股份,汽车配件,江苏,20150320,603158.SH,20230510,6.75,7.02,6.75,6.97,6.76,0.21,3.1065,77700.46,53731.075,1.5831,2.6727,1.36,27.715,25.7854,1.7444,1.2814,1.2286,1.0248,1.0248,49079.9306,49079.9306,29071.9958,342087.1163,342087.1163,7.44,6.08,4.1657
603158,腾龙股份,汽车配件,江苏,20150320,603158.SH,20230509,6.94,7.06,6.75,6.76,6.97,-0.21,-3.0129,67805.04,46318.04,1.3815,2.3323,1.24,26.88,25.0085,1.6919,1.2428,1.1915,1.0566,1.0566,49079.9306,49079.9306,29071.9958,331780.3309,331780.3309,7.67,6.27,4.1657
603158,腾龙股份,汽车配件,江苏,20150320,603158.SH,20230508,7.0,7.1,6.94,6.97,6.96,0.01,0.1437,45746.27,31950.581,0.9321,1.5736,0.77,27.715,25.7854,1.7444,1.2814,1.2286,1.0248,1.0248,49079.9306,49079.9306,29071.9958,342087.1163,342087.1163,7.66,6.26,4.1657
603158,腾龙股份,汽车配件,江苏,20150320,603158.SH,20230505,7.07,7.07,6.91,6.96,7.04,-0.08,-1.1364,50723.21,35344.752,1.0335,1.7447,0.8,27.6753,25.7484,1.7419,1.2795,1.2268,1.0263,1.0263,49079.9306,49079.9306,29071.9958,341596.317,341596.317,7.74,6.34,4.1657
603158,腾龙股份,汽车配件,江苏,20150320,603158.SH,20230504,6.94,7.11,6.92,7.04,6.91,0.13,1.8813,82108.72,57825.224,1.673,2.8243,1.38,27.9934,26.0443,1.7619,1.2942,1.2409,1.0146,1.0146,49079.9306,49079.9306,29071.9958,345522.7114,345522.7114,7.6,6.22,4.1657
603158,腾龙股份,汽车配件,江苏,20150320,603158.SH,20230428,6.85,6.93,6.81,6.91,6.85,0.06,0.8759,39246.38,26980.134,0.7996,1.35,0.61,27.4765,27.4765,1.7667,1.2703,1.2703,1.0337,1.0337,49079.9306,49079.9306,29071.9958,339142.3204,339142.3204,7.54,6.17,4.1657
603158,腾龙股份,汽车配件,江苏,20150320,603158.SH,20230427,6.79,6.92,6.71,6.85,6.76,0.09,1.3314,55872.48,38155.305,1.1384,1.9219,0.9,27.2379,27.2379,1.7514,1.2593,1.2593,1.0428,1.0428,49079.9306,49079.9306,29071.9958,336197.5246,336197.5246,7.44,6.08,4.1657
603158,腾龙股份,汽车配件,江苏,20150320,603158.SH,20230426,6.6,6.78,6.55,6.76,6.6,0.16,2.4242,68599.04,46121.22,1.3977,2.3596,1.12,26.88,26.88,1.7284,1.2428,1.2428,1.0566,1.0566,49079.9306,49079.9306,29071.9958,331780.3309,331780.3309,7.26,5.94,4.1657
603158,腾龙股份,汽车配件,江苏,20150320,603158.SH,20230425,6.8,6.84,6.49,6.6,6.79,-0.19,-2.7982,73005.02,48133.711,1.4875,2.5112,1.23,26.2438,26.2438,1.6875,1.2133,1.2133,1.0823,1.0823,49079.9306,49079.9306,29071.9958,323927.542,323927.542,7.47,6.11,4.1657
603158,腾龙股份,汽车配件,江苏,20150320,603158.SH,20230424,6.85,6.86,6.65,6.79,6.86,-0.07,-1.0204,59936.76,40403.204,1.2212,2.0617,0.93,26.9993,26.9993,1.7361,1.2483,1.2483,1.052,1.052,49079.9306,49079.9306,29071.9958,333252.7288,333252.7288,7.55,6.17,4.1657
603158,腾龙股份,汽车配件,江苏,20150320,603158.SH,20230421,6.98,7.01,6.84,6.86,7.01,-0.15,-2.1398,63943.96,44179.655,1.3029,2.1995,1.05,27.2776,27.2776,1.754,1.2611,1.2611,1.0412,1.0412,49079.9306,49079.9306,29071.9958,336688.3239,336688.3239,7.71,6.31,4.1657
603158,腾龙股份,汽车配件,江苏,20150320,603158.SH,20230420,7.05,7.07,6.98,7.01,7.05,-0.04,-0.5674,45419.4,31867.377,0.9254,1.5623,0.73,27.8741,27.8741,1.7923,1.2887,1.2887,1.019,1.019,49079.9306,49079.9306,29071.9958,344050.3135,344050.3135,7.76,6.35,4.1657
603158,腾龙股份,汽车配件,江苏,20150320,603158.SH,20230419,7.1,7.12,7.01,7.05,7.09,-0.04,-0.5642,62667.05,44283.687,1.2768,2.1556,1.05,28.0331,28.0331,1.8025,1.2961,1.2961,1.0132,1.0132,49079.9306,49079.9306,29071.9958,346013.5107,346013.5107,7.8,6.38,4.1657
603158,腾龙股份,汽车配件,江苏,20150320,603158.SH,20230418,7.05,7.11,7.02,7.09,7.05,0.04,0.5674,65157.77,46091.06,1.3276,2.2413,1.15,28.1922,28.1922,1.8128,1.3034,1.3034,1.0075,1.0075,49079.9306,49079.9306,29071.9958,347976.708,347976.708,7.76,6.35,4.1657
603158,腾龙股份,汽车配件,江苏,20150320,603158.SH,20230417,6.94,7.09,6.94,7.05,6.93,0.12,1.7316,83623.22,58756.77,1.7038,2.8764,1.41,28.0331,28.0331,1.8025,1.2961,1.2961,1.0132,1.0132,49079.9306,49079.9306,29071.9958,346013.5107,346013.5107,7.62,6.24,4.1657
603158,腾龙股份,汽车配件,江苏,20150320,603158.SH,20230414,6.9,6.95,6.89,6.93,6.9,0.03,0.4348,46200.82,31969.259,0.9413,1.5892,0.66,27.556,27.556,1.7719,1.274,1.274,1.0307,1.0307,49079.9306,49079.9306,29071.9958,340123.9191,340123.9191,7.59,6.21,4.1657
603158,腾龙股份,汽车配件,江苏,20150320,603158.SH,20230413,6.91,6.95,6.84,6.9,6.93,-0.03,-0.4329,52721.2,36357.96,1.0742,1.8135,0.64,27.4367,27.4367,1.7642,1.2685,1.2685,1.0352,1.0352,49079.9306,49079.9306,29071.9958,338651.5211,338651.5211,7.62,6.24,4.1657
603158,腾龙股份,汽车配件,江苏,20150320,603158.SH,20230412,6.95,7.0,6.89,6.93,6.96,-0.03,-0.431,49741.2,34452.614,1.0135,1.711,0.42,27.556,27.556,1.7719,1.274,1.274,1.0307,1.0307,49079.9306,49079.9306,29071.9958,340123.9191,340123.9191,7.66,6.26,4.1657
603158,腾龙股份,汽车配件,江苏,20150320,603158.SH,20230411,6.9,6.97,6.84,6.96,6.9,0.06,0.8696,52213.48,36103.417,1.0638,1.796,0.43,27.6753,27.6753,1.7795,1.2795,1.2795,1.0263,1.0263,49079.9306,49079.9306,29071.9958,341596.317,341596.317,7.59,6.21,4.1657
603158,腾龙股份,汽车配件,江苏,20150320,603158.SH,20230410,6.99,7.05,6.89,6.9,7.0,-0.1,-1.4286,95458.56,66444.911,1.945,3.2835,0.8,27.4367,27.4367,1.7642,1.2685,1.2685,1.0352,1.0352,49079.9306,49079.9306,29071.9958,338651.5211,338651.5211,7.7,6.3,4.1657
603158,腾龙股份,汽车配件,江苏,20150320,603158.SH,20230407,7.11,7.11,6.94,7.0,7.07,-0.07,-0.9901,100767.56,70611.489,2.0531,3.4661,0.91,27.8343,27.8343,1.7898,1.2869,1.2869,1.0204,1.0204,49079.9306,49079.9306,29071.9958,343559.5142,343559.5142,7.78,6.36,4.1657
603158,腾龙股份,汽车配件,江苏,20150320,603158.SH,20230406,7.21,7.21,7.0,7.07,7.16,-0.09,-1.257,116698.29,82286.706,2.3777,4.0141,1.16,28.1127,28.1127,1.8077,1.2997,1.2997,1.0103,1.0103,49079.9306,49079.9306,29071.9958,346995.1093,346995.1093,7.88,6.44,4.1657
603158,腾龙股份,汽车配件,江苏,20150320,603158.SH,20230404,7.56,7.56,7.1,7.16,7.69,-0.53,-6.8921,232181.27,168350.885,4.7307,7.9864,3.58,28.4705,28.4705,1.8307,1.3163,1.3163,0.9976,0.9976,49079.9306,49079.9306,29071.9958,351412.3031,351412.3031,8.46,6.92,4.1657
603158,腾龙股份,汽车配件,江苏,20150320,603158.SH,20230403,7.71,7.76,7.6,7.69,7.76,-0.07,-0.9021,68124.75,52230.445,1.388,2.3433,1.11,41.7222,40.9579,1.9237,1.7104,1.5092,0.9289,0.9289,49079.9306,49079.9306,29071.9958,377424.6663,377424.6663,8.54,6.98,4.1657
603158,腾龙股份,汽车配件,江苏,20150320,603158.SH,20230331,7.67,7.8,7.6,7.76,7.67,0.09,1.1734,78141.2,60514.274,1.5921,2.6879,1.29,42.102,41.3308,1.9412,1.726,1.5229,0.9205,0.9205,49079.9306,49079.9306,29071.9958,380860.2615,380860.2615,8.44,6.9,4.1657
603158,腾龙股份,汽车配件,江苏,20150320,603158.SH,20230330,7.66,7.7,7.55,7.67,7.66,0.01,0.1305,56578.76,43092.078,1.1528,1.9462,0.86,41.6137,40.8514,1.9187,1.706,1.5053,0.9313,0.9313,49079.9306,49079.9306,29071.9958,376443.0677,376443.0677,8.43,6.89,4.1657
603158,腾龙股份,汽车配件,江苏,20150320,603158.SH,20230329,7.57,7.68,7.53,7.66,7.55,0.11,1.457,69546.24,53090.677,1.417,2.3922,1.08,41.5594,40.7982,1.9162,1.7038,1.5033,0.9325,0.9325,49079.9306,49079.9306,29071.9958,375952.2684,375952.2684,8.31,6.8,4.1657
603158,腾龙股份,汽车配件,江苏,20150320,603158.SH,20230328,7.6,7.61,7.5,7.55,7.55,0.0,0.0,52024.74,39298.695,1.06,1.7895,0.81,40.9626,40.2123,1.8887,1.6793,1.4817,0.9461,0.9461,49079.9306,49079.9306,29071.9958,370553.476,370553.476,8.31,6.8,4.1657
603158,腾龙股份,汽车配件,江苏,20150320,603158.SH,20230327,7.57,7.6,7.48,7.55,7.57,-0.02,-0.2642,49782.52,37508.921,1.0143,1.7124,0.66,40.9626,40.2123,1.8887,1.6793,1.4817,0.9461,0.9461,49079.9306,49079.9306,29071.9958,370553.476,370553.476,8.33,6.81,4.1657
603158,腾龙股份,汽车配件,江苏,20150320,603158.SH,20230324,7.44,7.69,7.44,7.57,7.49,0.08,1.0681,75705.56,57382.151,1.5425,2.6041,1.09,41.0711,40.3188,1.8937,1.6838,1.4857,0.9436,0.9436,49079.9306,49079.9306,29071.9958,371535.0746,371535.0746,8.24,6.74,4.1657
603158,腾龙股份,汽车配件,江苏,20150320,603158.SH,20230323,7.61,7.62,7.48,7.49,7.62,-0.13,-1.706,81290.8,61147.715,1.6563,2.7962,1.26,40.6371,39.8927,1.8737,1.666,1.47,0.9537,0.9537,49079.9306,49079.9306,29071.9958,367608.6802,367608.6802,8.38,6.86,4.1657
603158,腾龙股份,汽车配件,江苏,20150320,603158.SH,20230322,7.57,7.69,7.55,7.62,7.57,0.05,0.6605,63289.16,48344.155,1.2895,2.177,0.97,41.3424,40.5851,1.9062,1.6949,1.4955,0.9374,0.9374,49079.9306,49079.9306,29071.9958,373989.0712,373989.0712,8.33,6.81,4.1657
603158,腾龙股份,汽车配件,江苏,20150320,603158.SH,20230321,7.58,7.58,7.43,7.57,7.53,0.04,0.5312,51252.4,38538.225,1.0443,1.7629,0.71,41.0711,40.3188,1.8937,1.6838,1.4857,0.9436,0.9436,49079.9306,49079.9306,29071.9958,371535.0746,371535.0746,8.28,6.78,4.1657
603158,腾龙股份,汽车配件,江苏,20150320,603158.SH,20230320,7.33,7.61,7.32,7.53,7.32,0.21,2.8689,103772.82,77802.837,2.1144,3.5695,1.31,40.8541,40.1058,1.8837,1.6749,1.4778,0.9486,0.9486,49079.9306,49079.9306,29071.9958,369571.8774,369571.8774,8.05,6.59,4.1657
603158,腾龙股份,汽车配件,江苏,20150320,603158.SH,20230317,7.37,7.4,7.3,7.32,7.31,0.01,0.1368,48866.7,35873.611,0.9957,1.6809,0.45,39.7147,38.9873,1.8311,1.6281,1.4366,0.9758,0.9758,49079.9306,49079.9306,29071.9958,359265.092,359265.092,8.04,6.58,4.1657
603158,腾龙股份,汽车配件,江苏,20150320,603158.SH,20230316,7.4,7.47,7.3,7.31,7.49,-0.18,-2.4032,56455.4,41653.092,1.1503,1.9419,0.45,39.6605,38.934,1.8286,1.6259,1.4346,0.9771,0.9771,49079.9306,49079.9306,29071.9958,358774.2927,358774.2927,8.24,6.74,4.1657
603158,腾龙股份,汽车配件,江苏,20150320,603158.SH,20230315,7.45,7.55,7.39,7.49,7.39,0.1,1.3532,64648.87,48408.115,1.3172,2.2238,0.42,40.6371,39.8927,1.8737,1.666,1.47,0.9537,0.9537,49079.9306,49079.9306,29071.9958,367608.6802,367608.6802,8.13,6.65,4.1657
603158,腾龙股份,汽车配件,江苏,20150320,603158.SH,20230314,7.49,7.54,7.3,7.39,7.52,-0.13,-1.7287,88032.87,65058.039,1.7937,3.0281,0.46,40.0945,39.3601,1.8486,1.6437,1.4503,0.9666,0.9666,49079.9306,49079.9306,29071.9958,362700.6871,362700.6871,8.27,6.77,4.1657
603158,腾龙股份,汽车配件,江苏,20150320,603158.SH,20230313,7.48,7.53,7.3,7.52,7.61,-0.09,-1.1827,136601.67,101276.507,2.7832,4.6987,0.6,40.7998,40.0525,1.8812,1.6726,1.4758,0.9498,0.9498,49079.9306,49079.9306,29071.9958,369081.0781,369081.0781,8.37,6.85,4.1657
603158,腾龙股份,汽车配件,江苏,20150320,603158.SH,20230310,8.0,8.0,7.59,7.61,8.04,-0.43,-5.3483,192745.94,148643.888,3.9272,6.63,0.86,41.2881,40.5318,1.9037,1.6927,1.4935,0.9386,0.9386,49079.9306,49079.9306,29071.9958,373498.2719,373498.2719,8.84,7.24,4.1657
603158,腾龙股份,汽车配件,江苏,20150320,603158.SH,20230309,8.23,8.27,8.02,8.04,8.22,-0.18,-2.1898,146423.0,118335.995,2.9834,5.0366,0.62,43.6211,42.8221,2.0112,1.7883,1.5779,0.8884,0.8884,49079.9306,49079.9306,29071.9958,394602.642,394602.642,9.04,7.4,4.1657
603158,腾龙股份,汽车配件,江苏,20150320,603158.SH,20230308,8.35,8.36,7.98,8.22,8.44,-0.22,-2.6066,203212.74,165620.829,4.1404,6.99,0.99,44.5977,43.7808,2.0563,1.8283,1.6132,0.869,0.869,49079.9306,49079.9306,29071.9958,403437.0295,403437.0295,9.28,7.6,4.1657
603158,腾龙股份,汽车配件,江苏,20150320,603158.SH,20230307,8.5,8.6,8.3,8.44,8.69,-0.25,-2.8769,285138.06,238950.53,5.8097,9.808,1.83,45.7913,44.9525,2.1113,1.8773,1.6564,0.8463,0.8463,49079.9306,49079.9306,29071.9958,414234.6143,414234.6143,9.56,7.82,4.1657
603158,腾龙股份,汽车配件,江苏,20150320,603158.SH,20230306,8.16,8.97,8.16,8.69,8.15,0.54,6.6258,308387.79,268077.72,6.2834,10.6077,2.94,47.1477,46.2841,2.1738,1.9329,1.7055,0.822,0.822,49079.9306,49079.9306,29071.9958,426504.5969,426504.5969,8.97,7.34,4.1657
603158,腾龙股份,汽车配件,江苏,20150320,603158.SH,20230303,8.46,8.49,8.09,8.15,8.55,-0.4,-4.6784,177022.1,145403.597,3.6068,6.0891,2.29,44.2179,43.408,2.0388,1.8128,1.5995,0.8764,0.8764,49079.9306,49079.9306,29071.9958,400001.4344,400001.4344,9.41,7.7,4.1657
603158,腾龙股份,汽车配件,江苏,20150320,603158.SH,20230302,8.45,8.85,8.3,8.55,8.19,0.36,4.3956,213487.49,183106.933,4.3498,7.3434,4.99,46.3881,45.5384,2.1388,1.9017,1.678,0.8354,0.8354,49079.9306,49079.9306,29071.9958,419633.4066,419633.4066,9.01,7.37,4.1657
603158,腾龙股份,汽车配件,江苏,20150320,603158.SH,20230301,8.16,8.22,8.06,8.19,8.15,0.04,0.4908,40237.0,32777.056,0.8198,1.384,0.96,44.4349,43.621,2.0488,1.8217,1.6073,0.8721,0.8721,49079.9306,49079.9306,29071.9958,401964.6316,401964.6316,8.97,7.34,4.1657
603158,腾龙股份,汽车配件,江苏,20150320,603158.SH,20230228,8.11,8.25,8.06,8.15,8.11,0.04,0.4932,38302.96,31150.347,0.7804,1.3175,0.9,44.2179,43.408,2.0388,1.8128,1.5995,0.8764,0.8764,49079.9306,49079.9306,29071.9958,400001.4344,400001.4344,8.92,7.3,4.1657
603158,腾龙股份,汽车配件,江苏,20150320,603158.SH,20230227,8.18,8.23,8.06,8.11,8.22,-0.11,-1.3382,55205.76,44856.329,1.1248,1.8989,1.32,44.0009,43.1949,2.0287,1.8039,1.5916,0.8807,0.8807,49079.9306,49079.9306,29071.9958,398038.2372,398038.2372,9.04,7.4,4.1657
603158,腾龙股份,汽车配件,江苏,20150320,603158.SH,20230224,8.38,8.39,8.18,8.22,8.34,-0.12,-1.4388,39377.4,32452.666,0.8023,1.3545,0.89,44.5977,43.7808,2.0563,1.8283,1.6132,0.869,0.869,49079.9306,49079.9306,29071.9958,403437.0295,403437.0295,9.17,7.51,4.1657
603158,腾龙股份,汽车配件,江苏,20150320,603158.SH,20230223,8.3,8.45,8.3,8.34,8.28,0.06,0.7246,40912.4,34195.588,0.8336,1.4073,0.8,45.2488,44.4199,2.0863,1.855,1.6368,0.8565,0.8565,49079.9306,49079.9306,29071.9958,409326.6212,409326.6212,9.11,7.45,4.1657
603158,腾龙股份,汽车配件,江苏,20150320,603158.SH,20230222,8.37,8.37,8.21,8.28,8.34,-0.06,-0.7194,36219.32,29945.294,0.738,1.2458,0.6,44.9232,44.1004,2.0713,1.8417,1.625,0.8627,0.8627,49079.9306,49079.9306,29071.9958,406381.8254,406381.8254,9.17,7.51,4.1657
603158,腾龙股份,汽车配件,江苏,20150320,603158.SH,20230221,8.38,8.45,8.28,8.34,8.37,-0.03,-0.3584,40113.2,33498.91,0.8173,1.3798,0.64,45.2488,44.4199,2.0863,1.855,1.6368,0.8565,0.8565,49079.9306,49079.9306,29071.9958,409326.6212,409326.6212,9.21,7.53,4.1657
603158,腾龙股份,汽车配件,江苏,20150320,603158.SH,20230220,8.18,8.39,8.11,8.37,8.18,0.19,2.3227,52219.0,43238.647,1.064,1.7962,0.78,45.4115,44.5797,2.0938,1.8617,1.6427,0.8534,0.8534,49079.9306,49079.9306,29071.9958,410799.0191,410799.0191,9.0,7.36,4.1657
603158,腾龙股份,汽车配件,江苏,20150320,603158.SH,20230217,8.27,8.3,8.15,8.18,8.23,-0.05,-0.6075,52281.28,42954.77,1.0652,1.7983,0.71,44.3807,43.5677,2.0463,1.8194,1.6054,0.8732,0.8732,49079.9306,49079.9306,29071.9958,401473.8323,401473.8323,9.05,7.41,4.1657
603158,腾龙股份,汽车配件,江苏,20150320,603158.SH,20230216,8.48,8.5,8.15,8.23,8.52,-0.29,-3.4038,73557.2,61406.734,1.4987,2.5302,0.96,44.652,43.834,2.0588,1.8306,1.6152,0.8679,0.8679,49079.9306,49079.9306,29071.9958,403927.8288,403927.8288,9.37,7.67,4.1657
603158,腾龙股份,汽车配件,江苏,20150320,603158.SH,20230215,8.38,8.58,8.38,8.52,8.38,0.14,1.6706,84330.8,71611.614,1.7182,2.9008,0.93,46.2254,45.3786,2.1313,1.8951,1.6721,0.8384,0.8384,49079.9306,49079.9306,29071.9958,418161.0087,418161.0087,9.22,7.54,4.1657
603158,腾龙股份,汽车配件,江苏,20150320,603158.SH,20230214,8.38,8.41,8.29,8.38,8.37,0.01,0.1195,51049.39,42576.88,1.0401,1.756,0.49,45.4658,44.633,2.0963,1.8639,1.6446,0.8524,0.8524,49079.9306,49079.9306,29071.9958,411289.8184,411289.8184,9.21,7.53,4.1657
603158,腾龙股份,汽车配件,江苏,20150320,603158.SH,20230213,8.46,8.49,8.31,8.37,8.51,-0.14,-1.6451,73376.0,61421.057,1.495,2.5239,0.72,45.4115,44.5797,2.0938,1.8617,1.6427,0.8534,0.8534,49079.9306,49079.9306,29071.9958,410799.0191,410799.0191,9.36,7.66,4.1657
603158,腾龙股份,汽车配件,江苏,20150320,603158.SH,20230210,8.5,8.58,8.4,8.51,8.46,0.05,0.591,83318.82,70812.097,1.6976,2.8659,0.87,46.1711,45.3254,2.1288,1.8928,1.6701,0.8393,0.8393,49079.9306,49079.9306,29071.9958,417670.2094,417670.2094,9.31,7.61,4.1657
603158,腾龙股份,汽车配件,江苏,20150320,603158.SH,20230209,8.43,8.53,8.36,8.46,8.47,-0.01,-0.1181,91028.94,76998.426,1.8547,3.1312,1.05,45.8998,45.0591,2.1163,1.8817,1.6603,0.8443,0.8443,49079.9306,49079.9306,29071.9958,415216.2129,415216.2129,9.32,7.62,4.1657
603158,腾龙股份,汽车配件,江苏,20150320,603158.SH,20230208,8.29,8.6,8.23,8.47,8.23,0.24,2.9162,156112.64,132500.163,3.1808,5.3699,2.13,45.9541,45.1123,2.1188,1.8839,1.6623,0.8433,0.8433,49079.9306,49079.9306,29071.9958,415707.0122,415707.0122,9.05,7.41,4.1657
603158,腾龙股份,汽车配件,江苏,20150320,603158.SH,20230207,8.06,8.43,8.01,8.23,8.06,0.17,2.1092,117453.96,96777.878,2.3931,4.0401,1.62,44.652,43.834,2.0588,1.8306,1.6152,0.8679,0.8679,49079.9306,49079.9306,29071.9958,403927.8288,403927.8288,8.87,7.25,4.1657
603158,腾龙股份,汽车配件,江苏,20150320,603158.SH,20230206,8.06,8.13,7.96,8.06,8.04,0.02,0.2488,58808.64,47359.188,1.1982,2.0229,0.76,43.7296,42.9286,2.0162,1.7927,1.5818,0.8862,0.8862,49079.9306,49079.9306,29071.9958,395584.2406,395584.2406,8.84,7.24,4.1657
603158,腾龙股份,汽车配件,江苏,20150320,603158.SH,20230203,8.11,8.19,7.95,8.04,8.15,-0.11,-1.3497,53535.6,42958.943,1.0908,1.8415,0.72,43.6211,42.8221,2.0112,1.7883,1.5779,0.8884,0.8884,49079.9306,49079.9306,29071.9958,394602.642,394602.642,8.97,7.34,4.1657
603158,腾龙股份,汽车配件,江苏,20150320,603158.SH,20230202,8.16,8.25,8.12,8.15,8.2,-0.05,-0.6098,47097.33,38411.009,0.9596,1.62,0.64,44.2179,43.408,2.0388,1.8128,1.5995,0.8764,0.8764,49079.9306,49079.9306,29071.9958,400001.4344,400001.4344,9.02,7.38,4.1657
603158,腾龙股份,汽车配件,江苏,20150320,603158.SH,20230201,8.19,8.22,8.01,8.2,8.13,0.07,0.861,89770.33,72977.152,1.8291,3.0879,1.37,44.4892,43.6743,2.0513,1.8239,1.6093,0.8711,0.8711,49079.9306,49079.9306,29071.9958,402455.4309,402455.4309,8.94,7.32,4.1657
603158,腾龙股份,汽车配件,江苏,20150320,603158.SH,20230131,8.18,8.5,8.11,8.13,8.17,-0.04,-0.4896,114048.72,93649.515,2.3237,3.923,2.28,44.1094,43.3014,2.0338,1.8083,1.5956,0.8786,0.8786,49079.9306,49079.9306,29071.9958,399019.8358,399019.8358,8.99,7.35,4.1657
603158,腾龙股份,汽车配件,江苏,20150320,603158.SH,20230130,8.07,8.23,8.03,8.17,7.91,0.26,3.287,82442.5,67278.256,1.6798,2.8358,1.89,44.3264,43.5145,2.0438,1.8172,1.6034,0.8743,0.8743,49079.9306,49079.9306,29071.9958,400983.033,400983.033,8.7,7.12,4.1657
603158,腾龙股份,汽车配件,江苏,20150320,603158.SH,20230120,7.87,7.95,7.8,7.91,7.8,0.11,1.4103,39431.84,31094.939,0.8034,1.3564,0.87,42.9158,42.1297,1.9787,1.7594,1.5524,0.903,0.903,49079.9306,49079.9306,29071.9958,388222.251,388222.251,8.58,7.02,4.1657
603158,腾龙股份,汽车配件,江苏,20150320,603158.SH,20230119,7.88,7.88,7.76,7.8,7.84,-0.04,-0.5102,43302.48,33784.546,0.8823,1.4895,0.95,42.319,41.5438,1.9512,1.7349,1.5308,0.9158,0.9158,49079.9306,49079.9306,29071.9958,382823.4587,382823.4587,8.62,7.06,4.1657
603158,腾龙股份,汽车配件,江苏,20150320,603158.SH,20230118,7.76,8.04,7.76,7.84,7.87,-0.03,-0.3812,48595.68,38400.183,0.9901,1.6716,1.01,42.536,41.7569,1.9612,1.7438,1.5386,0.9111,0.9111,49079.9306,49079.9306,29071.9958,384786.6559,384786.6559,8.66,7.08,4.1657
603158,腾龙股份,汽车配件,江苏,20150320,603158.SH,20230117,7.83,7.9,7.81,7.87,7.83,0.04,0.5109,36765.68,28887.579,0.7491,1.2646,0.63,42.6988,41.9166,1.9687,1.7505,1.5445,0.9076,0.9076,49079.9306,49079.9306,29071.9958,386259.0538,386259.0538,8.61,7.05,4.1657
603158,腾龙股份,汽车配件,江苏,20150320,603158.SH,20230116,7.86,7.9,7.77,7.83,7.84,-0.01,-0.1276,50514.54,39533.609,1.0292,1.7376,0.62,42.4818,41.7036,1.9587,1.7416,1.5367,0.9122,0.9122,49079.9306,49079.9306,29071.9958,384295.8566,384295.8566,8.62,7.06,4.1657
603158,腾龙股份,汽车配件,江苏,20150320,603158.SH,20230113,7.91,7.98,7.77,7.84,7.92,-0.08,-1.0101,46504.84,36523.872,0.9475,1.5996,0.52,42.536,41.7569,1.9612,1.7438,1.5386,0.9111,0.9111,49079.9306,49079.9306,29071.9958,384786.6559,384786.6559,8.71,7.13,4.1657
603158,腾龙股份,汽车配件,江苏,20150320,603158.SH,20230112,7.96,7.98,7.84,7.92,7.88,0.04,0.5076,45565.48,36027.329,0.9284,1.5673,0.51,42.9701,42.1829,1.9812,1.7616,1.5543,0.9019,0.9019,49079.9306,49079.9306,29071.9958,388713.0504,388713.0504,8.67,7.09,4.1657
603158,腾龙股份,汽车配件,江苏,20150320,603158.SH,20230111,7.88,8.0,7.85,7.88,7.93,-0.05,-0.6305,61378.93,48626.255,1.2506,2.1113,0.74,42.753,41.9699,1.9712,1.7527,1.5465,0.9065,0.9065,49079.9306,49079.9306,29071.9958,386749.8531,386749.8531,8.72,7.14,4.1657
603158,腾龙股份,汽车配件,江苏,20150320,603158.SH,20230110,7.82,7.98,7.79,7.93,7.88,0.05,0.6345,89864.51,70819.897,1.831,3.0911,1.23,43.0243,42.2362,1.9837,1.7638,1.5563,0.9007,0.9007,49079.9306,49079.9306,29071.9958,389203.8497,389203.8497,8.67,7.09,4.1657
603158,腾龙股份,汽车配件,江苏,20150320,603158.SH,20230109,7.5,8.05,7.48,7.88,7.44,0.44,5.914,164774.5,128495.73,3.3573,5.6678,3.7,42.753,41.9699,1.9712,1.7527,1.5465,0.9065,0.9065,49079.9306,49079.9306,29071.9958,386749.8531,386749.8531,8.18,6.7,4.1657
603158,腾龙股份,汽车配件,江苏,20150320,603158.SH,20230106,7.32,7.65,7.29,7.44,7.32,0.12,1.6393,85806.94,64423.885,1.7483,2.9515,2.39,40.3658,39.6264,1.8611,1.6548,1.4601,0.9601,0.9601,49079.9306,49079.9306,29071.9958,365154.6837,365154.6837,8.05,6.59,4.1657
603158,腾龙股份,汽车配件,江苏,20150320,603158.SH,20230105,7.23,7.33,7.18,7.32,7.22,0.1,1.385,43847.96,31909.674,0.8934,1.5083,1.27,39.7147,38.9873,1.8311,1.6281,1.4366,0.9758,0.9758,49079.9306,49079.9306,29071.9958,359265.092,359265.092,7.94,6.5,4.1657
603158,腾龙股份,汽车配件,江苏,20150320,603158.SH,20230104,7.24,7.28,7.15,7.22,7.22,0.0,0.0,31907.0,23037.528,0.6501,1.0975,0.89,39.1722,38.4547,1.8061,1.6059,1.417,0.9893,0.9893,49079.9306,49079.9306,29071.9958,354357.0989,354357.0989,7.94,6.5,4.1657
603158,腾龙股份,汽车配件,江苏,20150320,603158.SH,20230103,7.02,7.24,7.02,7.22,7.09,0.13,1.8336,37596.59,26930.624,0.766,1.2932,0.97,39.1722,38.4547,1.8061,1.6059,1.417,0.9893,0.9893,49079.9306,49079.9306,29071.9958,354357.0989,354357.0989,7.8,6.38,4.1657
603158,腾龙股份,汽车配件,江苏,20150320,603158.SH,20221230,7.07,7.16,7.06,7.09,7.03,0.06,0.8535,23551.26,16742.259,0.4799,0.8101,0.55,38.4669,37.7623,1.7736,1.577,1.3915,0.9165,1.0075,49079.9306,49079.9306,29071.9958,347976.708,347976.708,7.73,6.33,4.1657
603158,腾龙股份,汽车配件,江苏,20150320,603158.SH,20221229,7.12,7.17,7.02,7.03,7.14,-0.11,-1.5406,42777.15,30307.255,0.8716,1.4714,0.92,38.1413,37.4427,1.7586,1.5636,1.3797,0.9243,1.0161,49079.9306,49079.9306,29071.9958,345031.9121,345031.9121,7.85,6.43,4.1657
603158,腾龙股份,汽车配件,江苏,20150320,603158.SH,20221228,7.24,7.25,7.12,7.14,7.22,-0.08,-1.108,36167.12,25889.456,0.7369,1.2441,0.68,38.7382,38.0286,1.7861,1.5881,1.4013,0.9101,1.0004,49079.9306,49079.9306,29071.9958,350430.7045,350430.7045,7.94,6.5,4.1657
603158,腾龙股份,汽车配件,江苏,20150320,603158.SH,20221227,7.27,7.38,7.16,7.22,7.32,-0.1,-1.3661,39342.88,28479.199,0.8016,1.3533,0.59,39.1722,38.4547,1.8061,1.6059,1.417,0.9,0.9893,49079.9306,49079.9306,29071.9958,354357.0989,354357.0989,8.05,6.59,4.1657
603158,腾龙股份,汽车配件,江苏,20150320,603158.SH,20221226,7.03,7.32,7.03,7.32,7.09,0.23,3.244,52771.61,38184.216,1.0752,1.8152,0.75,39.7147,38.9873,1.8311,1.6281,1.4366,0.8877,0.9758,49079.9306,49079.9306,29071.9958,359265.092,359265.092,7.8,6.38,4.1657
603158,腾龙股份,汽车配件,江苏,20150320,603158.SH,20221223,7.09,7.2,6.99,7.09,7.14,-0.05,-0.7003,43246.98,30605.531,0.8812,1.4876,0.59,38.4669,37.7623,1.7736,1.577,1.3915,0.9165,1.0075,49079.9306,49079.9306,29071.9958,347976.708,347976.708,7.85,6.43,4.1657
603158,腾龙股份,汽车配件,江苏,20150320,603158.SH,20221222,7.31,7.41,7.11,7.14,7.35,-0.21,-2.8571,61285.8,44497.475,1.2487,2.1081,0.86,38.7382,38.0286,1.7861,1.5881,1.4013,0.9101,1.0004,49079.9306,49079.9306,29071.9958,350430.7045,350430.7045,8.09,6.62,4.1657
603158,腾龙股份,汽车配件,江苏,20150320,603158.SH,20221221,7.49,7.54,7.28,7.35,7.49,-0.14,-1.8692,67782.25,50079.515,1.3811,2.3315,1.01,39.8775,39.1471,1.8386,1.6348,1.4425,0.8841,0.9718,49079.9306,49079.9306,29071.9958,360737.4899,360737.4899,8.24,6.74,4.1657
603158,腾龙股份,汽车配件,江苏,20150320,603158.SH,20221220,7.32,7.52,7.22,7.49,7.2,0.29,4.0278,105879.84,78556.71,2.1573,3.642,1.82,40.6371,39.8927,1.8737,1.666,1.47,0.8675,0.9537,49079.9306,49079.9306,29071.9958,367608.6802,367608.6802,7.92,6.48,4.1657
603158,腾龙股份,汽车配件,江苏,20150320,603158.SH,20221219,7.27,7.35,7.18,7.2,7.2,0.0,0.0,72045.83,52282.119,1.4679,2.4782,1.12,39.0637,38.3481,1.8011,1.6015,1.413,0.9025,0.9921,49079.9306,49079.9306,29071.9958,353375.5003,353375.5003,7.92,6.48,4.1657
603158,腾龙股份,汽车配件,江苏,20150320,603158.SH,20221216,7.39,7.41,7.17,7.2,7.42,-0.22,-2.965,57795.12,41855.235,1.1776,1.988,0.68,39.0637,38.3481,1.8011,1.6015,1.413,0.9025,0.9921,49079.9306,49079.9306,29071.9958,353375.5003,353375.5003,8.16,6.68,4.1657
603158,腾龙股份,汽车配件,江苏,20150320,603158.SH,20221215,7.26,7.45,7.24,7.42,7.26,0.16,2.2039,51726.96,37984.419,1.0539,1.7793,0.62,40.2573,39.5199,1.8561,1.6504,1.4562,0.8757,0.9626,49079.9306,49079.9306,29071.9958,364173.0851,364173.0851,7.99,6.53,4.1657
603158,腾龙股份,汽车配件,江苏,20150320,603158.SH,20221214,7.33,7.37,7.2,7.26,7.32,-0.06,-0.8197,49154.92,35733.356,1.0015,1.6908,0.61,39.3892,38.6677,1.8161,1.6148,1.4248,0.895,0.9839,49079.9306,49079.9306,29071.9958,356320.2962,356320.2962,8.05,6.59,4.1657
603158,腾龙股份,汽车配件,江苏,20150320,603158.SH,20221213,7.46,7.56,7.32,7.32,7.4,-0.08,-1.0811,59513.88,44146.486,1.2126,2.0471,0.75,39.7147,38.9873,1.8311,1.6281,1.4366,0.8877,0.9758,49079.9306,49079.9306,29071.9958,359265.092,359265.092,8.14,6.66,4.1657
603158,腾龙股份,汽车配件,江苏,20150320,603158.SH,20221212,7.6,7.65,7.35,7.4,7.68,-0.28,-3.6458,102966.2,76462.147,2.0979,3.5418,1.53,40.1488,39.4134,1.8511,1.6459,1.4523,0.8781,0.9653,49079.9306,49079.9306,29071.9958,363191.4864,363191.4864,8.45,6.91,4.1657
603158,腾龙股份,汽车配件,江苏,20150320,603158.SH,20221209,7.52,8.05,7.52,7.68,7.51,0.17,2.2636,164104.24,128316.58,3.3436,5.6448,3.92,41.6679,40.9047,1.9212,1.7082,1.5072,0.8461,0.9301,49079.9306,49079.9306,29071.9958,376933.867,376933.867,8.26,6.76,4.1657
603158,腾龙股份,汽车配件,江苏,20150320,603158.SH,20221208,7.58,7.63,7.51,7.51,7.61,-0.1,-1.3141,40771.52,30797.415,0.8307,1.4024,0.88,40.7456,39.9992,1.8787,1.6704,1.4739,0.8652,0.9511,49079.9306,49079.9306,29071.9958,368590.2788,368590.2788,8.37,6.85,4.1657
603158,腾龙股份,汽车配件,江苏,20150320,603158.SH,20221207,7.67,7.72,7.56,7.61,7.67,-0.06,-0.7823,38277.96,29192.278,0.7799,1.3167,0.7,41.2881,40.5318,1.9037,1.6927,1.4935,0.8539,0.9386,49079.9306,49079.9306,29071.9958,373498.2719,373498.2719,8.44,6.9,4.1657
603158,腾龙股份,汽车配件,江苏,20150320,603158.SH,20221206,7.68,7.7,7.53,7.67,7.69,-0.02,-0.2601,51922.76,39577.66,1.0579,1.786,0.95,41.6137,40.8514,1.9187,1.706,1.5053,0.8472,0.9313,49079.9306,49079.9306,29071.9958,376443.0677,376443.0677,8.46,6.92,4.1657
603158,腾龙股份,汽车配件,江苏,20150320,603158.SH,20221205,7.65,7.73,7.63,7.69,7.62,0.07,0.9186,41828.17,32070.812,0.8522,1.4388,0.78,41.7222,40.9579,1.9237,1.7104,1.5092,0.845,0.9289,49079.9306,49079.9306,29071.9958,377424.6663,377424.6663,8.38,6.86,4.1657
603158,腾龙股份,汽车配件,江苏,20150320,603158.SH,20221202,7.7,7.73,7.6,7.62,7.7,-0.08,-1.039,36749.1,28119.259,0.7488,1.2641,0.66,41.3424,40.5851,1.9062,1.6949,1.4955,0.8527,0.9374,49079.9306,49079.9306,29071.9958,373989.0712,373989.0712,8.47,6.93,4.1657
603158,腾龙股份,汽车配件,江苏,20150320,603158.SH,20221201,7.75,7.88,7.65,7.7,7.71,-0.01,-0.1297,62338.2,48182.232,1.2701,2.1443,1.23,41.7764,41.0112,1.9262,1.7127,1.5112,0.8439,0.9276,49079.9306,49079.9306,29071.9958,377915.4656,377915.4656,8.48,6.94,4.1657
603158,腾龙股份,汽车配件,江苏,20150320,603158.SH,20221130,7.4,7.77,7.39,7.71,7.45,0.26,3.4899,81386.06,62126.485,1.6582,2.7995,1.85,41.8307,41.0645,1.9287,1.7149,1.5131,0.8428,0.9264,49079.9306,49079.9306,29071.9958,378406.2649,378406.2649,8.2,6.71,4.1657
603158,腾龙股份,汽车配件,江苏,20150320,603158.SH,20221129,7.4,7.45,7.3,7.45,7.35,0.1,1.3605,50826.52,37605.058,1.0356,1.7483,1.11,40.4201,39.6797,1.8636,1.6571,1.4621,0.8722,0.9588,49079.9306,49079.9306,29071.9958,365645.483,365645.483,8.09,6.62,4.1657
603158,腾龙股份,汽车配件,江苏,20150320,603158.SH,20221128,7.35,7.4,7.27,7.35,7.43,-0.08,-1.0767,37169.2,27256.185,0.7573,1.2785,0.71,39.8775,39.1471,1.8386,1.6348,1.4425,0.8841,0.9718,49079.9306,49079.9306,29071.9958,360737.4899,360737.4899,8.17,6.69,4.1657
603158,腾龙股份,汽车配件,江苏,20150320,603158.SH,20221125,7.55,7.64,7.41,7.43,7.59,-0.16,-2.108,44818.28,33614.357,0.9132,1.5416,0.79,40.3116,39.5731,1.8586,1.6526,1.4582,0.8745,0.9614,49079.9306,49079.9306,29071.9958,364663.8844,364663.8844,8.35,6.83,4.1657
603158,腾龙股份,汽车配件,江苏,20150320,603158.SH,20221124,7.63,7.71,7.55,7.59,7.61,-0.02,-0.2628,39775.6,30291.289,0.8104,1.3682,0.56,41.1796,40.4253,1.8987,1.6882,1.4896,0.8561,0.9411,49079.9306,49079.9306,29071.9958,372516.6733,372516.6733,8.37,6.85,4.1657
603158,腾龙股份,汽车配件,江苏,20150320,603158.SH,20221123,7.7,7.7,7.49,7.61,7.68,-0.07,-0.9115,47838.72,36235.361,0.9747,1.6455,0.52,41.2881,40.5318,1.9037,1.6927,1.4935,0.8539,0.9386,49079.9306,49079.9306,29071.9958,373498.2719,373498.2719,8.45,6.91,4.1657
603158,腾龙股份,汽车配件,江苏,20150320,603158.SH,20221122,7.83,7.92,7.64,7.68,7.83,-0.15,-1.9157,59056.74,45930.554,1.2033,2.0314,0.62,41.6679,40.9047,1.9212,1.7082,1.5072,0.8461,0.9301,49079.9306,49079.9306,29071.9958,376933.867,376933.867,8.61,7.05,4.1657
603158,腾龙股份,汽车配件,江苏,20150320,603158.SH,20221121,7.83,7.86,7.63,7.83,7.83,0.0,0.0,71065.46,55057.028,1.448,2.4445,0.78,42.4818,41.7036,1.9587,1.7416,1.5367,0.8299,0.9122,49079.9306,49079.9306,29071.9958,384295.8566,384295.8566,8.61,7.05,4.1657
603158,腾龙股份,汽车配件,江苏,20150320,603158.SH,20221118,8.02,8.04,7.83,7.83,8.01,-0.18,-2.2472,66891.04,52827.518,1.3629,2.3009,0.74,42.4818,41.7036,1.9587,1.7416,1.5367,0.8299,0.9122,49079.9306,49079.9306,29071.9958,384295.8566,384295.8566,8.81,7.21,4.1657
603158,腾龙股份,汽车配件,江苏,20150320,603158.SH,20221117,8.01,8.2,7.94,8.01,8.12,-0.11,-1.3547,112388.3,90453.373,2.2899,3.8659,1.46,43.4583,42.6623,2.0037,1.7816,1.572,0.8112,0.8917,49079.9306,49079.9306,29071.9958,393130.2441,393130.2441,8.93,7.31,4.1657
603158,腾龙股份,汽车配件,江苏,20150320,603158.SH,20221116,7.88,8.19,7.81,8.12,7.88,0.24,3.0457,151637.2,121950.213,3.0896,5.2159,2.8,44.0552,43.2482,2.0312,1.8061,1.5936,0.8002,0.8797,49079.9306,49079.9306,29071.9958,398529.0365,398529.0365,8.67,7.09,4.1657
603158,腾龙股份,汽车配件,江苏,20150320,603158.SH,20221115,7.65,7.89,7.58,7.88,7.63,0.25,3.2765,73446.78,57388.567,1.4965,2.5264,1.42,42.753,41.9699,1.9712,1.7527,1.5465,0.8246,0.9065,49079.9306,49079.9306,29071.9958,386749.8531,386749.8531,8.39,6.87,4.1657
603158,腾龙股份,汽车配件,江苏,20150320,603158.SH,20221114,7.73,7.81,7.61,7.63,7.73,-0.1,-1.2937,49807.46,38329.258,1.0148,1.7132,0.91,41.3967,40.6384,1.9087,1.6971,1.4974,0.8516,0.9362,49079.9306,49079.9306,29071.9958,374479.8705,374479.8705,8.5,6.96,4.1657
603158,腾龙股份,汽车配件,江苏,20150320,603158.SH,20221111,7.97,7.98,7.71,7.73,7.79,-0.06,-0.7702,62966.46,49143.091,1.2829,2.1659,1.09,41.9392,41.171,1.9337,1.7193,1.5171,0.8406,0.924,49079.9306,49079.9306,29071.9958,379387.8635,379387.8635,8.57,7.01,4.1657
603158,腾龙股份,汽车配件,江苏,20150320,603158.SH,20221110,7.75,7.87,7.69,7.79,7.76,0.03,0.3866,46881.76,36541.687,0.9552,1.6126,0.69,42.2647,41.4905,1.9487,1.7327,1.5288,0.8341,0.9169,49079.9306,49079.9306,29071.9958,382332.6594,382332.6594,8.54,6.98,4.1657
603158,腾龙股份,汽车配件,江苏,20150320,603158.SH,20221109,7.82,7.88,7.75,7.76,7.83,-0.07,-0.894,38093.4,29779.976,0.7762,1.3103,0.48,42.102,41.3308,1.9412,1.726,1.5229,0.8374,0.9205,49079.9306,49079.9306,29071.9958,380860.2615,380860.2615,8.61,7.05,4.1657
603158,腾龙股份,汽车配件,江苏,20150320,603158.SH,20221108,7.9,7.98,7.7,7.83,7.93,-0.1,-1.261,61580.08,48013.559,1.2547,2.1182,0.71,42.4818,41.7036,1.9587,1.7416,1.5367,0.8299,0.9122,49079.9306,49079.9306,29071.9958,384295.8566,384295.8566,8.72,7.14,4.1657
603158,腾龙股份,汽车配件,江苏,20150320,603158.SH,20221107,7.94,8.02,7.85,7.93,7.94,-0.01,-0.1259,64216.53,50969.825,1.3084,2.2089,0.68,43.0243,42.2362,1.9837,1.7638,1.5563,0.8194,0.9007,49079.9306,49079.9306,29071.9958,389203.8497,389203.8497,8.73,7.15,4.1657
603158,腾龙股份,汽车配件,江苏,20150320,603158.SH,20221104,7.76,7.97,7.75,7.94,7.85,0.09,1.1465,77735.6,61482.635,1.5839,2.6739,0.66,43.0786,42.2895,1.9862,1.7661,1.5583,0.8184,0.8996,49079.9306,49079.9306,29071.9958,389694.649,389694.649,8.64,7.07,4.1657
603158,腾龙股份,汽车配件,江苏,20150320,603158.SH,20221103,7.55,7.92,7.53,7.85,7.66,0.19,2.4804,96902.8,75645.898,1.9744,3.3332,0.88,42.5903,41.8101,1.9637,1.746,1.5406,0.8278,0.9099,49079.9306,49079.9306,29071.9958,385277.4552,385277.4552,8.43,6.89,4.1657
603158,腾龙股份,汽车配件,江苏,20150320,603158.SH,20221102,7.59,7.69,7.49,7.66,7.59,0.07,0.9223,96808.67,73636.023,1.9725,3.33,0.91,41.5594,40.7982,1.9162,1.7038,1.5033,0.8483,0.9325,49079.9306,49079.9306,29071.9958,375952.2684,375952.2684,8.35,6.83,4.1657
603158,腾龙股份,汽车配件,江苏,20150320,603158.SH,20221101,7.42,7.6,7.34,7.59,7.33,0.26,3.5471,99381.21,74476.432,2.0249,3.4185,0.99,41.1796,40.4253,1.8987,1.6882,1.4896,0.8561,0.9411,49079.9306,49079.9306,29071.9958,372516.6733,372516.6733,8.06,6.6,4.1657
603158,腾龙股份,汽车配件,江苏,20150320,603158.SH,20221031,7.11,7.45,7.09,7.33,7.25,0.08,1.1034,99948.46,73510.8,2.0364,3.438,1.03,39.769,39.0405,1.8336,1.6304,1.4386,0.8865,0.9745,49079.9306,49079.9306,29071.9958,359755.8913,359755.8913,7.98,6.53,4.1657
603158,腾龙股份,汽车配件,江苏,20150320,603158.SH,20221028,7.5,7.7,7.18,7.25,7.3,-0.05,-0.6849,195514.17,146390.682,3.9836,6.7252,2.52,39.335,38.6144,1.8136,1.6126,1.4229,0.8963,0.9852,49079.9306,49079.9306,29071.9958,355829.4969,355829.4969,8.03,6.57,4.1657
603158,腾龙股份,汽车配件,江苏,20150320,603158.SH,20221027,7.5,7.61,7.29,7.3,7.48,-0.18,-2.4064,59792.89,44426.229,1.2183,2.0567,0.73,39.6062,50.4433,1.8712,1.6237,1.5663,0.8901,0.9785,49079.9306,49079.9306,29071.9958,358283.4934,358283.4934,8.23,6.73,4.1657
603158,腾龙股份,汽车配件,江苏,20150320,603158.SH,20221026,7.37,7.6,7.29,7.48,7.29,0.19,2.6063,74375.28,55422.411,1.5154,2.5583,0.79,40.5828,51.6871,1.9173,1.6637,1.6049,0.8687,0.9549,49079.9306,49079.9306,29071.9958,367117.8809,367117.8809,8.02,6.56,4.1657
603158,腾龙股份,汽车配件,江苏,20150320,603158.SH,20221025,7.27,7.37,7.07,7.29,7.27,0.02,0.2751,73838.44,53187.349,1.5045,2.5398,0.83,39.552,50.3742,1.8686,1.6215,1.5642,0.8913,0.9798,49079.9306,49079.9306,29071.9958,357792.6941,357792.6941,8.0,6.54,4.1657
603158,腾龙股份,汽车配件,江苏,20150320,603158.SH,20221024,7.63,7.63,7.26,7.27,7.54,-0.27,-3.5809,82858.94,61785.071,1.6882,2.8501,1.03,39.4435,50.236,1.8635,1.617,1.5599,0.8938,0.9825,49079.9306,49079.9306,29071.9958,356811.0955,356811.0955,8.29,6.79,4.1657
603158,腾龙股份,汽车配件,江苏,20150320,603158.SH,20221021,7.42,7.66,7.26,7.54,7.32,0.22,3.0055,96703.12,72376.83,1.9703,3.3263,1.31,40.9084,52.1017,1.9327,1.6771,1.6178,0.8618,0.9473,49079.9306,49079.9306,29071.9958,370062.6767,370062.6767,8.05,6.59,4.1657
603158,腾龙股份,汽车配件,江苏,20150320,603158.SH,20221020,7.55,7.56,7.23,7.32,7.5,-0.18,-2.4,83069.84,61078.389,1.6925,2.8574,1.2,39.7147,50.5815,1.8763,1.6281,1.5706,0.8877,0.9758,49079.9306,49079.9306,29071.9958,359265.092,359265.092,8.25,6.75,4.1657
603158,腾龙股份,汽车配件,江苏,20150320,603158.SH,20221019,7.25,7.91,7.2,7.5,7.25,0.25,3.4483,136686.53,102827.568,2.785,4.7017,2.52,40.6913,51.8253,1.9224,1.6682,1.6092,0.8664,0.9524,49079.9306,49079.9306,29071.9958,368099.4795,368099.4795,7.98,6.53,4.1657
603158,腾龙股份,汽车配件,江苏,20150320,603158.SH,20221018,7.25,7.33,7.16,7.25,7.2,0.05,0.6944,45237.45,32716.188,0.9217,1.556,0.85,39.335,50.0978,1.8584,1.6126,1.5556,0.8963,0.9852,49079.9306,49079.9306,29071.9958,355829.4969,355829.4969,7.92,6.48,4.1657
603158,腾龙股份,汽车配件,江苏,20150320,603158.SH,20221017,7.1,7.24,7.1,7.2,7.21,-0.01,-0.1387,41540.04,29850.693,0.8464,1.4289,0.73,39.0637,49.7523,1.8455,1.6015,1.5448,0.9025,0.9921,49079.9306,49079.9306,29071.9958,353375.5003,353375.5003,7.93,6.49,4.1657
603158,腾龙股份,汽车配件,江苏,20150320,603158.SH,20221014,7.09,7.25,7.08,7.21,7.06,0.15,2.1246,62031.54,44555.464,1.2639,2.1337,1.13,39.1179,49.8214,1.8481,1.6037,1.547,0.9012,0.9907,49079.9306,49079.9306,29071.9958,353866.2996,353866.2996,7.77,6.35,4.1657
603158,腾龙股份,汽车配件,江苏,20150320,603158.SH,20221013,6.9,7.21,6.83,7.06,6.97,0.09,1.2912,59749.73,42394.931,1.2174,2.0552,1.09,38.3041,48.7849,1.8097,1.5703,1.5148,0.9204,1.0117,49079.9306,49079.9306,29071.9958,346504.31,346504.31,7.67,6.27,4.1657
603158,腾龙股份,汽车配件,江苏,20150320,603158.SH,20221012,6.72,6.98,6.64,6.97,6.68,0.29,4.3413,62844.04,42704.887,1.2804,2.1617,1.09,37.8158,48.163,1.7866,1.5503,1.4955,0.9323,1.0248,49079.9306,49079.9306,29071.9958,342087.1163,342087.1163,7.35,6.01,4.1657
603158,腾龙股份,汽车配件,江苏,20150320,603158.SH,20221011,6.59,6.72,6.5,6.68,6.53,0.15,2.2971,40570.48,26860.613,0.8266,1.3955,0.68,36.2424,46.1591,1.7123,1.4858,1.4333,0.9727,1.0693,49079.9306,49079.9306,29071.9958,327853.9364,327853.9364,7.18,5.88,4.1657
603158,腾龙股份,汽车配件,江苏,20150320,603158.SH,20221010,6.81,6.85,6.5,6.53,6.78,-0.25,-3.6873,57546.8,38065.99,1.1725,1.9795,0.94,35.4286,45.1226,1.6738,1.4524,1.4011,0.9951,1.0939,49079.9306,49079.9306,29071.9958,320491.9468,320491.9468,7.46,6.1,4.1657
603158,腾龙股份,汽车配件,江苏,20150320,603158.SH,20220930,6.95,7.0,6.77,6.78,6.96,-0.18,-2.5862,54390.78,37178.892,1.1082,1.8709,0.87,36.785,46.8501,1.7379,1.508,1.4547,0.9584,1.0535,49079.9306,49079.9306,29071.9958,332761.9295,332761.9295,7.66,6.26,4.1657
603158,腾龙股份,汽车配件,江苏,20150320,603158.SH,20220929,7.1,7.16,6.9,6.96,7.02,-0.06,-0.8547,59759.93,41863.642,1.2176,2.0556,1.01,37.7616,48.0939,1.784,1.5481,1.4933,0.9336,1.0263,49079.9306,49079.9306,29071.9958,341596.317,341596.317,7.72,6.32,4.1657
603158,腾龙股份,汽车配件,江苏,20150320,603158.SH,20220928,7.29,7.29,6.99,7.02,7.3,-0.28,-3.8356,74951.47,53134.644,1.5271,2.5781,1.42,38.0871,48.5085,1.7994,1.5614,1.5062,0.9256,1.0175,49079.9306,49079.9306,29071.9958,344541.1128,344541.1128,8.03,6.57,4.1657
603158,腾龙股份,汽车配件,江苏,20150320,603158.SH,20220927,7.28,7.4,7.18,7.3,7.24,0.06,0.8287,52262.09,37961.401,1.0648,1.7977,1.0,39.6062,50.4433,1.8712,1.6237,1.5663,0.8901,0.9785,49079.9306,49079.9306,29071.9958,358283.4934,358283.4934,7.96,6.52,4.1657
603158,腾龙股份,汽车配件,江苏,20150320,603158.SH,20220926,7.28,7.4,7.14,7.24,7.3,-0.06,-0.8219,64149.17,46518.575,1.307,2.2066,1.24,39.2807,50.0287,1.8558,1.6104,1.5534,0.8975,0.9866,49079.9306,49079.9306,29071.9958,355338.6975,355338.6975,8.03,6.57,4.1657
603158,腾龙股份,汽车配件,江苏,20150320,603158.SH,20220923,7.48,7.62,7.26,7.3,7.55,-0.25,-3.3113,61696.2,45478.92,1.2571,2.1222,1.23,39.6062,50.4433,1.8712,1.6237,1.5663,0.8901,0.9785,49079.9306,49079.9306,29071.9958,358283.4934,358283.4934,8.31,6.8,4.1657
603158,腾龙股份,汽车配件,江苏,20150320,603158.SH,20220922,7.42,7.66,7.41,7.55,7.57,-0.02,-0.2642,41538.87,31440.611,0.8464,1.4288,0.63,40.9626,52.1708,1.9353,1.6793,1.6199,0.8606,0.9461,49079.9306,49079.9306,29071.9958,370553.476,370553.476,8.33,6.81,4.1657
603158,腾龙股份,汽车配件,江苏,20150320,603158.SH,20220921,7.47,7.6,7.36,7.57,7.57,0.0,0.0,43763.48,32866.695,0.8917,1.5053,0.58,41.0711,52.309,1.9404,1.6838,1.6242,0.8584,0.9436,49079.9306,49079.9306,29071.9958,371535.0746,371535.0746,8.33,6.81,4.1657
603158,腾龙股份,汽车配件,江苏,20150320,603158.SH,20220920,7.44,7.64,7.42,7.57,7.42,0.15,2.0216,49513.91,37339.86,1.0088,1.7031,0.62,41.0711,52.309,1.9404,1.6838,1.6242,0.8584,0.9436,49079.9306,49079.9306,29071.9958,371535.0746,371535.0746,8.16,6.68,4.1657
603158,腾龙股份,汽车配件,江苏,20150320,603158.SH,20220919,7.34,7.46,7.25,7.42,7.41,0.01,0.135,62761.3,46094.13,1.2788,2.1588,0.78,40.2573,51.2725,1.9019,1.6504,1.592,0.8757,0.9626,49079.9306,49079.9306,29071.9958,364173.0851,364173.0851,8.15,6.67,4.1657
603158,腾龙股份,汽车配件,江苏,20150320,603158.SH,20220916,7.55,7.58,7.38,7.41,7.55,-0.14,-1.8543,53867.0,40257.571,1.0975,1.8529,0.64,40.203,51.2034,1.8994,1.6482,1.5899,0.8769,0.9639,49079.9306,49079.9306,29071.9958,363682.2857,363682.2857,8.31,6.8,4.1657
603158,腾龙股份,汽车配件,江苏,20150320,603158.SH,20220915,7.97,8.04,7.44,7.55,7.97,-0.42,-5.2698,121641.85,92922.751,2.4784,4.1842,1.61,40.9626,52.1708,1.9353,1.6793,1.6199,0.8606,0.9461,49079.9306,49079.9306,29071.9958,370553.476,370553.476,8.77,7.17,4.1657
603158,腾龙股份,汽车配件,江苏,20150320,603158.SH,20220914,8.01,8.11,7.82,7.97,8.14,-0.17,-2.0885,91271.1,72516.894,1.8596,3.1395,1.13,43.2413,55.073,2.0429,1.7727,1.7101,0.8153,0.8962,49079.9306,49079.9306,29071.9958,391167.0469,391167.0469,8.95,7.33,4.1657
603158,腾龙股份,汽车配件,江苏,20150320,603158.SH,20220913,8.19,8.29,8.06,8.14,8.18,-0.04,-0.489,66942.88,54503.227,1.364,2.3027,0.83,44.1637,56.2477,2.0865,1.8105,1.7465,0.7983,0.8775,49079.9306,49079.9306,29071.9958,399510.6351,399510.6351,9.0,7.36,4.1657
603158,腾龙股份,汽车配件,江苏,20150320,603158.SH,20220909,8.34,8.38,8.14,8.18,8.38,-0.2,-2.3866,68904.6,56533.797,1.4039,2.3701,0.83,44.3807,56.5241,2.0967,1.8194,1.7551,0.7944,0.8732,49079.9306,49079.9306,29071.9958,401473.8323,401473.8323,9.22,7.54,4.1657
603158,腾龙股份,汽车配件,江苏,20150320,603158.SH,20220908,8.44,8.65,8.31,8.38,8.5,-0.12,-1.4118,71912.77,61000.252,1.4652,2.4736,0.82,45.4658,57.9061,2.148,1.8639,1.798,0.7754,0.8524,49079.9306,49079.9306,29071.9958,411289.8184,411289.8184,9.35,7.65,4.1657
603158,腾龙股份,汽车配件,江苏,20150320,603158.SH,20220907,8.49,8.66,8.45,8.5,8.55,-0.05,-0.5848,77701.96,66421.084,1.5832,2.6727,0.66,46.1168,58.7354,2.1788,1.8906,1.8238,0.7645,0.8403,49079.9306,49079.9306,29071.9958,417179.4101,417179.4101,9.41,7.7,4.1657
603158,腾龙股份,汽车配件,江苏,20150320,603158.SH,20220906,8.42,8.69,8.28,8.55,8.28,0.27,3.2609,117013.31,99509.939,2.3841,4.0249,0.9,46.3881,59.0809,2.1916,1.9017,1.8345,0.76,0.8354,49079.9306,49079.9306,29071.9958,419633.4066,419633.4066,9.11,7.45,4.1657
603158,腾龙股份,汽车配件,江苏,20150320,603158.SH,20220905,8.22,8.37,8.16,8.28,8.32,-0.04,-0.4808,65511.8,54077.789,1.3348,2.2534,0.38,44.9232,57.2151,2.1224,1.8417,1.7766,0.7848,0.8627,49079.9306,49079.9306,29071.9958,406381.8254,406381.8254,9.15,7.49,4.1657
603158,腾龙股份,汽车配件,江苏,20150320,603158.SH,20220902,8.1,8.41,7.97,8.32,8.06,0.26,3.2258,83995.08,69302.578,1.7114,2.8892,0.45,45.1403,57.4915,2.1326,1.8506,1.7851,0.781,0.8585,49079.9306,49079.9306,29071.9958,408345.0226,408345.0226,8.87,7.25,4.1657
603158,腾龙股份,汽车配件,江苏,20150320,603158.SH,20220901,8.2,8.27,7.99,8.06,8.17,-0.11,-1.3464,95548.97,77336.604,1.9468,3.2866,0.51,43.7296,55.6949,2.066,1.7927,1.7294,0.8062,0.8862,49079.9306,49079.9306,29071.9958,395584.2406,395584.2406,8.99,7.35,4.1657
603158,腾龙股份,汽车配件,江苏,20150320,603158.SH,20220831,8.97,9.0,8.17,8.17,9.07,-0.9,-9.9228,222794.52,188477.553,4.5394,7.6635,1.26,44.3264,56.455,2.0942,1.8172,1.753,0.7953,0.8743,49079.9306,49079.9306,29071.9958,400983.033,400983.033,9.98,8.16,4.1657
603158,腾龙股份,汽车配件,江苏,20150320,603158.SH,20220830,9.51,9.59,9.0,9.07,9.45,-0.38,-4.0212,181512.97,167344.45,3.6983,6.2436,1.03,49.2094,62.6741,2.3249,2.0174,1.9461,0.7164,0.7875,49079.9306,49079.9306,29071.9958,445154.9705,445154.9705,10.4,8.51,4.1657
603158,腾龙股份,汽车配件,江苏,20150320,603158.SH,20220829,8.82,9.46,8.72,9.45,9.0,0.45,5.0,270499.07,251003.521,5.5114,9.3045,1.89,51.2711,65.2999,2.4223,2.1019,2.0276,0.6876,0.7559,49079.9306,49079.9306,29071.9958,463805.3442,463805.3442,9.9,8.1,4.1657
603158,腾龙股份,汽车配件,江苏,20150320,603158.SH,20220826,8.66,9.26,8.52,9.0,8.85,0.15,1.6949,153923.9,137904.272,3.1362,5.2946,1.04,48.8296,62.1904,2.3069,2.0018,1.931,0.722,0.7937,49079.9306,49079.9306,29071.9958,441719.3754,441719.3754,9.74,7.97,4.1657
603158,腾龙股份,汽车配件,江苏,20150320,603158.SH,20220825,8.75,8.93,8.52,8.85,8.75,0.1,1.1429,111999.15,97829.609,2.282,3.8525,0.67,48.0158,59.346,2.3153,1.9685,1.9025,0.7342,0.8071,49079.9306,49079.9306,29071.9958,434357.3858,434357.3858,9.63,7.88,4.1657
603158,腾龙股份,汽车配件,江苏,20150320,603158.SH,20220824,9.26,9.32,8.72,8.75,9.27,-0.52,-5.6095,168765.38,151020.502,3.4386,5.8051,1.03,47.4732,58.6755,2.2891,1.9462,1.881,0.7426,0.8163,49079.9306,49079.9306,29071.9958,429449.3928,429449.3928,10.2,8.34,4.1657
603158,腾龙股份,汽车配件,江苏,20150320,603158.SH,20220823,9.49,9.51,9.23,9.27,9.18,0.09,0.9804,176741.15,165088.259,3.6011,6.0794,1.01,50.2945,62.1625,2.4252,2.0619,1.9928,0.701,0.7705,49079.9306,49079.9306,29071.9958,454970.9567,454970.9567,10.1,8.26,4.1657
603158,腾龙股份,汽车配件,江苏,20150320,603158.SH,20220822,9.15,9.2,8.96,9.18,9.17,0.01,0.1091,104219.0,94614.358,2.1235,3.5849,0.59,49.8062,61.5589,2.4016,2.0419,1.9735,0.7078,0.7781,49079.9306,49079.9306,29071.9958,450553.7629,450553.7629,10.09,8.25,4.1657
603158,腾龙股份,汽车配件,江苏,20150320,603158.SH,20220819,9.53,9.59,9.15,9.17,9.58,-0.41,-4.2797,175290.17,163303.9,3.5715,6.0295,1.03,49.7519,61.4919,2.399,2.0396,1.9713,0.7086,0.7789,49079.9306,49079.9306,29071.9958,450062.9636,450062.9636,10.54,8.62,4.1657
603158,腾龙股份,汽车配件,江苏,20150320,603158.SH,20220818,9.34,9.65,9.26,9.58,9.34,0.24,2.5696,213058.16,202971.23,4.341,7.3286,1.38,51.9764,64.2413,2.5063,2.1308,2.0594,0.6783,0.7456,49079.9306,49079.9306,29071.9958,470185.7351,470185.7351,10.27,8.41,4.1657
603158,腾龙股份,汽车配件,江苏,20150320,603158.SH,20220817,9.23,9.42,9.17,9.34,9.28,0.06,0.6466,146270.48,135764.578,2.9803,5.0313,0.99,50.6743,62.6319,2.4435,2.0774,2.0079,0.6957,0.7648,49079.9306,49079.9306,29071.9958,458406.5518,458406.5518,10.21,8.35,4.1657
603158,腾龙股份,汽车配件,江苏,20150320,603158.SH,20220816,8.98,9.56,8.91,9.28,8.88,0.4,4.5045,236914.25,220110.103,4.8271,8.1492,1.86,50.3487,62.2295,2.4278,2.0641,1.995,0.7002,0.7697,49079.9306,49079.9306,29071.9958,455461.756,455461.756,9.77,7.99,4.1657
603158,腾龙股份,汽车配件,江苏,20150320,603158.SH,20220815,9.0,9.02,8.78,8.88,8.97,-0.09,-1.0033,110369.85,98357.883,2.2488,3.7964,0.76,48.1785,59.5472,2.3232,1.9751,1.909,0.7317,0.8044,49079.9306,49079.9306,29071.9958,435829.7837,435829.7837,9.87,8.07,4.1657
603158,腾龙股份,汽车配件,江苏,20150320,603158.SH,20220812,9.21,9.28,8.94,8.97,9.23,-0.26,-2.8169,143437.68,130235.008,2.9225,4.9339,0.95,48.6668,60.1507,2.3467,1.9951,1.9283,0.7244,0.7963,49079.9306,49079.9306,29071.9958,440246.9775,440246.9775,10.15,8.31,4.1657
603158,腾龙股份,汽车配件,江苏,20150320,603158.SH,20220811,9.23,9.32,9.05,9.23,9.16,0.07,0.7642,136269.32,125234.755,2.7765,4.6873,0.77,50.0775,61.8942,2.4147,2.053,1.9842,0.704,0.7739,49079.9306,49079.9306,29071.9958,453007.7594,453007.7594,10.08,8.24,4.1657
603158,腾龙股份,汽车配件,江苏,20150320,603158.SH,20220810,9.2,9.36,9.01,9.16,9.18,-0.02,-0.2179,112862.51,103305.452,2.2996,3.8822,0.44,49.6977,61.4248,2.3964,2.0374,1.9692,0.7094,0.7798,49079.9306,49079.9306,29071.9958,449572.1643,449572.1643,10.1,8.26,4.1657
603158,腾龙股份,汽车配件,江苏,20150320,603158.SH,20220809,9.37,9.55,9.14,9.18,9.42,-0.24,-2.5478,132572.12,123475.301,2.7011,4.5601,0.38,49.8062,61.5589,2.4016,2.0419,1.9735,0.7078,0.7781,49079.9306,49079.9306,29071.9958,450553.7629,450553.7629,10.36,8.48,4.1657
603158,腾龙股份,汽车配件,江苏,20150320,603158.SH,20220808,8.9,9.59,8.73,9.42,9.07,0.35,3.8589,202120.03,187135.793,4.1182,6.9524,0.55,51.1083,63.1683,2.4644,2.0952,2.0251,0.6898,0.7583,49079.9306,49079.9306,29071.9958,462332.9463,462332.9463,9.98,8.16,4.1657
603158,腾龙股份,汽车配件,江苏,20150320,603158.SH,20220805,9.19,9.49,8.96,9.07,9.3,-0.23,-2.4731,174515.56,159913.442,3.5557,6.0029,0.47,49.2094,60.8213,2.3729,2.0174,1.9498,0.7164,0.7875,49079.9306,49079.9306,29071.9958,445154.9705,445154.9705,10.23,8.37,4.1657
603158,腾龙股份,汽车配件,江苏,20150320,603158.SH,20220804,9.26,9.34,8.81,9.3,9.17,0.13,1.4177,263778.36,240415.882,5.3745,9.0733,0.72,50.4573,62.3636,2.433,2.0685,1.9993,0.6987,0.768,49079.9306,49079.9306,29071.9958,456443.3546,456443.3546,10.09,8.25,4.1657
603158,腾龙股份,汽车配件,江苏,20150320,603158.SH,20220803,9.52,10.33,9.13,9.17,9.44,-0.27,-2.8602,499405.05,483488.584,10.1753,17.1782,1.65,49.7519,61.4919,2.399,2.0396,1.9713,0.7086,0.7789,49079.9306,49079.9306,29071.9958,450062.9636,450062.9636,10.38,8.5,4.1657
603158,腾龙股份,汽车配件,江苏,20150320,603158.SH,20220802,9.04,9.98,8.89,9.44,9.2,0.24,2.6087,613941.11,573289.186,12.509,21.118,3.14,51.2168,63.3024,2.4697,2.0997,2.0294,0.6883,0.7567,49079.9306,49079.9306,29071.9958,463314.5449,463314.5449,10.12,8.28,4.1657
603158,腾龙股份,汽车配件,江苏,20150320,603158.SH,20220801,8.9,9.3,8.86,9.2,8.93,0.27,3.0235,288960.18,262675.3,5.8875,9.9395,1.82,49.9147,61.6931,2.4069,2.0463,1.9778,0.7063,0.7764,49079.9306,49079.9306,29071.9958,451535.3615,451535.3615,9.82,8.04,4.1657
603158,腾龙股份,汽车配件,江苏,20150320,603158.SH,20220729,8.85,9.1,8.72,8.93,8.77,0.16,1.8244,206049.95,183569.772,4.1983,7.0876,1.49,48.4498,59.8825,2.3362,1.9863,1.9197,0.7276,0.7999,49079.9306,49079.9306,29071.9958,438283.7803,438283.7803,9.65,7.89,4.1657
603158,腾龙股份,汽车配件,江苏,20150320,603158.SH,20220728,8.68,9.06,8.68,8.77,8.57,0.2,2.3337,225956.4,200058.405,4.6038,7.7723,1.97,47.5817,58.8096,2.2944,1.9507,1.8853,0.7409,0.8145,49079.9306,49079.9306,29071.9958,430430.9914,430430.9914,9.43,7.71,4.1657
603158,腾龙股份,汽车配件,江苏,20150320,603158.SH,20220727,8.28,8.65,8.24,8.57,8.26,0.31,3.753,177585.68,151418.902,3.6183,6.1085,1.7,46.4966,57.4684,2.2421,1.9062,1.8423,0.7582,0.8335,49079.9306,49079.9306,29071.9958,420615.0052,420615.0052,9.09,7.43,4.1657
603158,腾龙股份,汽车配件,江苏,20150320,603158.SH,20220726,8.25,8.3,7.99,8.26,8.26,0.0,0.0,79615.78,64994.674,1.6222,2.7386,0.67,44.8147,55.3896,2.161,1.8372,1.7757,0.7867,0.8648,49079.9306,49079.9306,29071.9958,405400.2268,405400.2268,9.09,7.43,4.1657
603158,腾龙股份,汽车配件,江苏,20150320,603158.SH,20220725,8.42,8.5,8.16,8.26,8.41,-0.15,-1.7836,102685.52,85189.786,2.0922,3.5321,0.81,44.8147,55.3896,2.161,1.8372,1.7757,0.7867,0.8648,49079.9306,49079.9306,29071.9958,405400.2268,405400.2268,9.25,7.57,4.1657
603158,腾龙股份,汽车配件,江苏,20150320,603158.SH,20220722,8.42,8.6,8.35,8.41,8.43,-0.02,-0.2372,103567.36,87647.217,2.1102,3.5624,0.81,45.6286,56.3955,2.2002,1.8706,1.8079,0.7726,0.8493,49079.9306,49079.9306,29071.9958,412762.2163,412762.2163,9.27,7.59,4.1657
603158,腾龙股份,汽车配件,江苏,20150320,603158.SH,20220721,8.37,8.6,8.28,8.43,8.39,0.04,0.4768,110209.76,93060.062,2.2455,3.7909,0.75,45.7371,56.5296,2.2054,1.875,1.8122,0.7708,0.8473,49079.9306,49079.9306,29071.9958,413743.815,413743.815,9.23,7.55,4.1657
603158,腾龙股份,汽车配件,江苏,20150320,603158.SH,20220720,8.61,8.69,8.36,8.39,8.58,-0.19,-2.2145,125968.73,106316.751,2.5666,4.333,0.92,45.52,56.2614,2.195,1.8661,1.8036,0.7745,0.8514,49079.9306,49079.9306,29071.9958,411780.6177,411780.6177,9.44,7.72,4.1657
603158,腾龙股份,汽车配件,江苏,20150320,603158.SH,20220719,8.39,8.7,8.32,8.58,8.4,0.18,2.1429,154352.64,132484.395,3.1449,5.3093,1.22,46.5509,57.5355,2.2447,1.9084,1.8445,0.7573,0.8325,49079.9306,49079.9306,29071.9958,421105.8045,421105.8045,9.24,7.56,4.1657
603158,腾龙股份,汽车配件,江苏,20150320,603158.SH,20220718,8.23,8.5,8.23,8.4,8.2,0.2,2.439,136950.64,114971.233,2.7904,4.7107,1.07,45.5743,56.3284,2.1976,1.8684,1.8058,0.7736,0.8503,49079.9306,49079.9306,29071.9958,412271.417,412271.417,9.02,7.38,4.1657
603158,腾龙股份,汽车配件,江苏,20150320,603158.SH,20220715,8.21,8.47,8.2,8.2,8.34,-0.14,-1.6787,109635.8,90897.676,2.2338,3.7712,0.84,44.4892,54.9873,2.1453,1.8239,1.7628,0.7924,0.8711,49079.9306,49079.9306,29071.9958,402455.4309,402455.4309,9.17,7.51,4.1657
603158,腾龙股份,汽车配件,江苏,20150320,603158.SH,20220714,7.76,8.59,7.75,8.34,7.88,0.46,5.8376,209662.08,173951.472,4.2718,7.2118,1.74,45.2488,55.9261,2.1819,1.855,1.7929,0.7791,0.8565,49079.9306,49079.9306,29071.9958,409326.6212,409326.6212,8.67,7.09,4.1657
603158,腾龙股份,汽车配件,江苏,20150320,603158.SH,20220713,7.82,7.9,7.74,7.88,7.84,0.04,0.5102,75007.05,58726.257,1.5283,2.58,0.56,42.753,52.8415,2.0615,1.7527,1.694,0.8246,0.9065,49079.9306,49079.9306,29071.9958,386749.8531,386749.8531,8.62,7.06,4.1657
603158,腾龙股份,汽车配件,江苏,20150320,603158.SH,20220712,8.06,8.08,7.83,7.84,8.04,-0.2,-2.4876,100506.36,79470.305,2.0478,3.4572,0.69,42.536,52.5732,2.0511,1.7438,1.6854,0.8288,0.9111,49079.9306,49079.9306,29071.9958,384786.6559,384786.6559,8.84,7.24,4.1657
603158,腾龙股份,汽车配件,江苏,20150320,603158.SH,20220711,8.26,8.28,7.93,8.04,8.3,-0.26,-3.1325,143230.48,115313.157,2.9183,4.9268,0.88,43.6211,53.9144,2.1034,1.7883,1.7284,0.8082,0.8884,49079.9306,49079.9306,29071.9958,394602.642,394602.642,9.13,7.47,4.1657
603158,腾龙股份,汽车配件,江苏,20150320,603158.SH,20220708,8.55,8.55,8.29,8.3,8.4,-0.1,-1.1905,121478.2,102096.471,2.4751,4.1785,0.64,45.0317,55.6579,2.1714,1.8461,1.7843,0.7829,0.8606,49079.9306,49079.9306,29071.9958,407363.424,407363.424,9.24,7.56,4.1657
603158,腾龙股份,汽车配件,江苏,20150320,603158.SH,20220707,8.15,8.52,8.05,8.4,8.12,0.28,3.4483,163705.12,136518.553,3.3355,5.631,0.8,45.5743,56.3284,2.1976,1.8684,1.8058,0.7736,0.8503,49079.9306,49079.9306,29071.9958,412271.417,412271.417,8.93,7.31,4.1657
603158,腾龙股份,汽车配件,江苏,20150320,603158.SH,20220706,8.16,8.33,8.03,8.12,8.28,-0.16,-1.9324,134955.48,110108.458,2.7497,4.6421,0.55,44.0552,54.4508,2.1243,1.8061,1.7456,0.8002,0.8797,49079.9306,49079.9306,29071.9958,398529.0365,398529.0365,9.11,7.45,4.1657
603158,腾龙股份,汽车配件,江苏,20150320,603158.SH,20220705,8.46,8.64,8.15,8.28,8.48,-0.2,-2.3585,166196.72,138327.886,3.3862,5.7167,0.55,44.9232,55.5238,2.1662,1.8417,1.78,0.7848,0.8627,49079.9306,49079.9306,29071.9958,406381.8254,406381.8254,9.33,7.63,4.1657
603158,腾龙股份,汽车配件,江苏,20150320,603158.SH,20220704,8.61,8.62,8.16,8.48,8.69,-0.21,-2.4166,226260.83,189449.074,4.61,7.7828,0.62,46.0083,56.8649,2.2185,1.8862,1.823,0.7663,0.8423,49079.9306,49079.9306,29071.9958,416197.8115,416197.8115,9.56,7.82,4.1657
603158,腾龙股份,汽车配件,江苏,20150320,603158.SH,20220701,8.53,8.85,8.27,8.69,8.45,0.24,2.8402,255731.51,220417.244,5.2105,8.7965,0.59,47.1477,58.2731,2.2734,1.9329,1.8681,0.7477,0.822,49079.9306,49079.9306,29071.9958,426504.5969,426504.5969,9.3,7.61,4.1657
603158,腾龙股份,汽车配件,江苏,20150320,603158.SH,20220630,8.68,8.79,8.41,8.45,8.71,-0.26,-2.9851,243834.51,208954.356,4.9681,8.3873,0.55,45.8456,56.6637,2.2107,1.8795,1.8165,0.769,0.8453,49079.9306,49079.9306,29071.9958,414725.4136,414725.4136,9.58,7.84,4.1657
603158,腾龙股份,汽车配件,江苏,20150320,603158.SH,20220629,9.18,9.22,8.65,8.71,9.29,-0.58,-6.2433,334161.63,298500.662,6.8085,11.4943,0.78,47.2562,58.4072,2.2787,1.9373,1.8724,0.746,0.8201,49079.9306,49079.9306,29071.9958,427486.1955,427486.1955,10.22,8.36,4.1657
603158,腾龙股份,汽车配件,江苏,20150320,603158.SH,20220628,9.05,9.49,8.91,9.29,9.1,0.19,2.0879,454752.81,418857.571,9.2656,15.6423,1.24,50.403,62.2966,2.4304,2.0663,1.9971,0.6995,0.7689,49079.9306,49079.9306,29071.9958,455952.5553,455952.5553,10.01,8.19,4.1657
603158,腾龙股份,汽车配件,江苏,20150320,603158.SH,20220627,9.1,9.2,8.6,9.1,8.96,0.14,1.5625,532075.18,473598.801,10.841,18.302,1.77,49.3722,61.0225,2.3807,2.0241,1.9563,0.7141,0.7849,49079.9306,49079.9306,29071.9958,446627.3685,446627.3685,9.86,8.06,4.1657
603158,腾龙股份,汽车配件,江苏,20150320,603158.SH,20220624,8.71,9.36,8.38,8.96,8.51,0.45,5.2879,611830.0,548952.938,12.466,21.0453,2.71,48.6126,60.0837,2.3441,1.9929,1.9262,0.7252,0.7972,49079.9306,49079.9306,29071.9958,439756.1782,439756.1782,9.36,7.66,4.1657
603158,腾龙股份,汽车配件,江苏,20150320,603158.SH,20220623,8.25,8.7,8.25,8.51,8.18,0.33,4.0342,296370.31,250245.276,6.0385,10.1944,1.35,46.1711,57.0661,2.2264,1.8928,1.8294,0.7636,0.8393,49079.9306,49079.9306,29071.9958,417670.2094,417670.2094,9.0,7.36,4.1657
603158,腾龙股份,汽车配件,江苏,20150320,603158.SH,20220622,8.19,8.5,8.08,8.18,8.36,-0.18,-2.1531,237045.5,196103.348,4.8298,8.1537,0.99,44.3807,54.8532,2.14,1.8194,1.7585,0.7944,0.8732,49079.9306,49079.9306,29071.9958,401473.8323,401473.8323,9.2,7.52,4.1657
603158,腾龙股份,汽车配件,江苏,20150320,603158.SH,20220621,8.62,8.78,8.21,8.36,8.43,-0.07,-0.8304,157705.58,133820.947,4.4985,7.5945,0.62,45.3573,56.0602,2.1871,1.8595,1.7972,0.7773,1.6317,49079.9306,35057.0933,20765.7113,410308.2198,293077.3,9.27,7.59,4.1657
603158,腾龙股份,汽车配件,江苏,20150320,603158.SH,20220620,12.13,12.29,11.65,11.9,12.0,-0.1,-0.8333,203807.17,242372.997,5.8136,9.8146,0.84,46.1168,56.999,2.1829,1.8906,1.8273,0.7645,0.7645,35057.0933,35057.0933,20765.7113,417179.4103,417179.4103,13.2,10.8,2.951
603158,腾龙股份,汽车配件,江苏,20150320,603158.SH,20220617,11.41,12.19,11.35,12.0,11.77,0.23,1.9541,235630.08,279885.294,6.7213,11.3471,1.02,46.5044,57.478,2.2013,1.9065,1.8426,0.7581,0.7581,35057.0933,35057.0933,20765.7113,420685.1196,420685.1196,12.95,10.59,2.951
603158,腾龙股份,汽车配件,江苏,20150320,603158.SH,20220616,11.44,11.85,11.39,11.77,11.44,0.33,2.8846,259947.34,300935.091,7.415,12.5181,1.26,45.6131,56.3763,2.1591,1.87,1.8073,0.7729,0.7729,35057.0933,35057.0933,20765.7113,412621.9881,412621.9881,12.58,10.3,2.951
603158,腾龙股份,汽车配件,江苏,20150320,603158.SH,20220615,11.02,11.87,10.9,11.44,11.11,0.33,2.9703,339421.15,385097.873,9.682,16.3453,1.9,44.3342,54.7957,2.0986,1.8175,1.7566,0.7952,0.7952,35057.0933,35057.0933,20765.7113,401053.1474,401053.1474,12.22,10.0,2.951
603158,腾龙股份,汽车配件,江苏,20150320,603158.SH,20220614,10.44,11.11,10.19,11.11,10.48,0.63,6.0115,238586.29,255405.741,6.8056,11.4894,1.31,43.0553,53.2151,2.038,1.7651,1.706,0.8188,0.8188,35057.0933,35057.0933,20765.7113,389484.3066,389484.3066,11.53,9.43,2.951
603158,腾龙股份,汽车配件,江苏,20150320,603158.SH,20220613,10.3,10.55,10.22,10.48,10.3,0.18,1.7476,143052.6,148844.065,4.0806,6.8889,0.62,40.6138,50.1975,1.9225,1.665,1.6092,0.868,0.868,35057.0933,35057.0933,20765.7113,367398.3378,367398.3378,11.33,9.27,2.951
603158,腾龙股份,汽车配件,江苏,20150320,603158.SH,20220610,9.78,10.51,9.7,10.3,9.86,0.44,4.4625,177027.5,180449.269,5.0497,8.525,0.75,39.9163,49.3353,1.8894,1.6364,1.5816,0.8832,0.8832,35057.0933,35057.0933,20765.7113,361088.061,361088.061,10.85,8.87,2.951
603158,腾龙股份,汽车配件,江苏,20150320,603158.SH,20220609,10.21,10.21,9.81,9.86,10.38,-0.52,-5.0096,129380.2,129075.965,3.6906,6.2305,0.57,38.2111,47.2278,1.8087,1.5665,1.514,0.9226,0.9226,35057.0933,35057.0933,20765.7113,345662.9399,345662.9399,11.42,9.34,2.951
603158,腾龙股份,汽车配件,江苏,20150320,603158.SH,20220608,10.28,10.57,9.89,10.38,10.29,0.09,0.8746,206063.64,210557.903,5.8779,9.9233,1.05,40.2263,49.7185,1.9041,1.6491,1.5939,0.8764,0.8764,35057.0933,35057.0933,20765.7113,363892.6285,363892.6285,11.32,9.26,2.951
603158,腾龙股份,汽车配件,江苏,20150320,603158.SH,20220607,10.8,10.89,10.17,10.29,10.87,-0.58,-5.3358,254800.6,264804.302,7.2682,12.2703,1.63,39.8775,49.2874,1.8876,1.6348,1.5801,0.8841,0.8841,35057.0933,35057.0933,20765.7113,360737.4901,360737.4901,11.96,9.78,2.951
603158,腾龙股份,汽车配件,江苏,20150320,603158.SH,20220606,11.68,11.68,10.75,10.87,11.18,-0.31,-2.7728,387293.76,428957.52,11.0475,18.6506,4.32,42.1252,52.0655,1.994,1.727,1.6691,0.8369,0.8369,35057.0933,35057.0933,20765.7113,381070.6042,381070.6042,12.3,10.06,2.951
603158,腾龙股份,汽车配件,江苏,20150320,603158.SH,20220602,10.12,11.18,10.04,11.18,10.16,1.02,10.0394,207296.32,225315.666,5.9131,9.9826,3.54,43.3266,53.5503,2.0509,1.7762,1.7167,0.8137,0.8137,35057.0933,35057.0933,20765.7113,391938.3031,391938.3031,11.18,9.14,2.951
603158,腾龙股份,汽车配件,江苏,20150320,603158.SH,20220601,9.87,10.29,9.81,10.16,9.84,0.32,3.252,81996.2,82737.908,2.3389,3.9486,1.48,39.3737,48.6647,1.8638,1.6142,1.5601,0.8954,0.8954,35057.0933,35057.0933,20765.7113,356180.0679,356180.0679,10.82,8.86,2.951
603158,腾龙股份,汽车配件,江苏,20150320,603158.SH,20220531,9.81,9.93,9.69,9.84,9.75,0.09,0.9231,49221.0,48369.05,1.404,2.3703,0.74,38.1336,47.132,1.8051,1.5633,1.511,0.9245,0.9245,35057.0933,35057.0933,20765.7113,344961.7981,344961.7981,10.73,8.78,2.951
603158,腾龙股份,汽车配件,江苏,20150320,603158.SH,20220530,9.52,9.8,9.47,9.75,9.53,0.22,2.3085,56023.6,54132.759,1.5981,2.6979,0.8,37.7848,46.7009,1.7885,1.549,1.4971,0.933,0.933,35057.0933,35057.0933,20765.7113,341806.6597,341806.6597,10.48,8.58,2.951
603158,腾龙股份,汽车配件,江苏,20150320,603158.SH,20220527,9.63,9.84,9.43,9.53,9.61,-0.08,-0.8325,53468.0,51373.096,1.5252,2.5748,0.75,36.9322,45.6471,1.7482,1.5141,1.4634,0.9546,0.9546,35057.0933,35057.0933,20765.7113,334094.0991,334094.0991,10.57,8.65,2.951
603158,腾龙股份,汽车配件,江苏,20150320,603158.SH,20220526,9.82,9.85,9.5,9.61,9.76,-0.15,-1.5369,52301.2,50286.883,1.4919,2.5186,0.68,37.2423,46.0303,1.7629,1.5268,1.4756,0.9466,0.9466,35057.0933,35057.0933,20765.7113,336898.6666,336898.6666,10.74,8.78,2.951
603158,腾龙股份,汽车配件,江苏,20150320,603158.SH,20220525,9.61,9.79,9.4,9.76,9.51,0.25,2.6288,66092.78,63763.45,1.8853,3.1828,0.82,37.8236,46.7488,1.7904,1.5506,1.4987,0.9321,0.9321,35057.0933,35057.0933,20765.7113,342157.2306,342157.2306,10.46,8.56,2.951
603158,腾龙股份,汽车配件,江苏,20150320,603158.SH,20220524,10.11,10.24,9.51,9.51,10.06,-0.55,-5.4672,103783.89,102794.793,2.9604,4.9978,1.47,36.8547,45.5513,1.7445,1.5109,1.4603,0.9566,0.9566,35057.0933,35057.0933,20765.7113,333392.9573,333392.9573,11.07,9.05,2.951
603158,腾龙股份,汽车配件,江苏,20150320,603158.SH,20220523,9.7,10.08,9.67,10.06,9.68,0.38,3.9256,73959.43,72972.569,2.1097,3.5616,1.14,38.9862,48.1857,1.8454,1.5983,1.5447,0.9043,0.9043,35057.0933,35057.0933,20765.7113,352674.3586,352674.3586,10.65,8.71,2.951
603158,腾龙股份,汽车配件,江苏,20150320,603158.SH,20220520,9.64,9.82,9.5,9.68,9.6,0.08,0.8333,59641.52,57476.017,1.7013,2.8721,0.93,37.5135,46.3656,1.7757,1.5379,1.4864,0.9398,0.9398,35057.0933,35057.0933,20765.7113,339352.6631,339352.6631,10.56,8.64,2.951
603158,腾龙股份,汽车配件,江苏,20150320,603158.SH,20220519,9.26,9.71,9.23,9.6,9.47,0.13,1.3728,80224.22,76361.857,2.2884,3.8633,1.45,37.2035,45.9824,1.761,1.5252,1.4741,0.9476,0.9476,35057.0933,35057.0933,20765.7113,336548.0957,336548.0957,10.42,8.52,2.951
603158,腾龙股份,汽车配件,江苏,20150320,603158.SH,20220518,9.07,9.55,9.03,9.47,9.08,0.39,4.2952,86459.0,81159.293,2.4662,4.1635,1.75,36.6997,45.3597,1.7372,1.5045,1.4541,0.9606,0.9606,35057.0933,35057.0933,20765.7113,331990.6736,331990.6736,9.99,8.17,2.951
603158,腾龙股份,汽车配件,江苏,20150320,603158.SH,20220517,8.92,9.26,8.87,9.08,8.97,0.11,1.2263,52036.82,47172.983,1.4843,2.5059,1.1,35.1883,43.4917,1.6656,1.4426,1.3943,1.0019,1.0019,35057.0933,35057.0933,20765.7113,318318.4072,318318.4072,9.87,8.07,2.951
603158,腾龙股份,汽车配件,江苏,20150320,603158.SH,20220516,8.96,9.11,8.9,8.97,8.95,0.02,0.2235,45605.4,41073.217,1.3009,2.1962,1.02,34.762,42.9648,1.6455,1.4251,1.3774,1.0142,1.0142,35057.0933,35057.0933,20765.7113,314462.1269,314462.1269,9.85,8.06,2.951
603158,腾龙股份,汽车配件,江苏,20150320,603158.SH,20220513,8.8,8.99,8.73,8.95,8.77,0.18,2.0525,56308.0,50015.369,1.6062,2.7116,1.35,34.6845,42.869,1.6418,1.4219,1.3743,1.0164,1.0164,35057.0933,35057.0933,20765.7113,313760.985,313760.985,9.65,7.89,2.951
603158,腾龙股份,汽车配件,江苏,20150320,603158.SH,20220512,8.6,8.79,8.57,8.77,8.66,0.11,1.2702,36164.98,31463.329,1.0316,1.7416,0.81,33.987,42.0068,1.6088,1.3933,1.3467,1.0373,1.0373,35057.0933,35057.0933,20765.7113,307450.7082,307450.7082,9.53,7.79,2.951
603158,腾龙股份,汽车配件,江苏,20150320,603158.SH,20220511,8.62,8.93,8.52,8.66,8.59,0.07,0.8149,56842.58,49862.979,1.6214,2.7373,1.21,33.5607,41.48,1.5886,1.3759,1.3298,1.0505,1.0505,35057.0933,35057.0933,20765.7113,303594.428,303594.428,9.45,7.73,2.951
603158,腾龙股份,汽车配件,江苏,20150320,603158.SH,20220510,8.33,8.59,8.33,8.59,8.47,0.12,1.4168,41213.78,35021.572,1.1756,1.9847,0.83,33.2894,41.1447,1.5758,1.3647,1.319,1.059,1.059,35057.0933,35057.0933,20765.7113,301140.4314,301140.4314,9.32,7.62,2.951
603158,腾龙股份,汽车配件,江苏,20150320,603158.SH,20220509,8.41,8.63,8.37,8.47,8.43,0.04,0.4745,33532.38,28461.772,0.9565,1.6148,0.56,32.8243,40.5699,1.5537,1.3457,1.3006,1.074,1.074,35057.0933,35057.0933,20765.7113,296933.5803,296933.5803,9.27,7.59,2.951
603158,腾龙股份,汽车配件,江苏,20150320,603158.SH,20220506,8.4,8.52,8.3,8.43,8.6,-0.17,-1.9767,41374.78,34789.04,1.1802,1.9925,0.6,32.6693,40.3783,1.5464,1.3393,1.2944,1.0791,1.0791,35057.0933,35057.0933,20765.7113,295531.2965,295531.2965,9.46,7.74,2.951
603158,腾龙股份,汽车配件,江苏,20150320,603158.SH,20220505,8.51,8.77,8.35,8.6,8.44,0.16,1.8957,51506.6,44211.536,1.4692,2.4804,0.7,33.3281,41.1926,1.5776,1.3663,1.3206,1.0578,1.0578,35057.0933,35057.0933,20765.7113,301491.0024,301491.0024,9.28,7.6,2.951
603158,腾龙股份,汽车配件,江苏,20150320,603158.SH,20220429,7.99,8.49,7.99,8.44,7.95,0.49,6.1635,66354.58,55219.604,1.8928,3.1954,0.88,32.7081,40.4262,1.5482,1.3409,1.296,1.0779,1.0779,35057.0933,35057.0933,20765.7113,295881.8675,295881.8675,8.75,7.16,2.951
603158,腾龙股份,汽车配件,江苏,20150320,603158.SH,20220428,7.97,8.22,7.9,7.95,8.09,-0.14,-1.7305,55326.39,44584.75,1.5782,2.6643,0.71,30.8092,38.0792,1.4584,1.2631,1.2207,1.1443,1.1443,35057.0933,35057.0933,20765.7113,278703.8917,278703.8917,8.9,7.28,2.951
603158,腾龙股份,汽车配件,江苏,20150320,603158.SH,20220427,7.7,8.1,7.57,8.09,7.84,0.25,3.1888,84276.86,65860.437,2.404,4.0585,1.14,18.2008,17.9401,1.5106,1.6006,1.3633,1.1245,1.1245,35057.0933,35057.0933,20765.7113,283611.8848,283611.8848,8.62,7.06,2.951
603158,腾龙股份,汽车配件,江苏,20150320,603158.SH,20220426,8.36,8.5,7.68,7.84,8.39,-0.55,-6.5554,86025.6,69895.741,2.4539,4.1427,1.24,17.6383,17.3857,1.464,1.5511,1.3212,1.1603,1.1603,35057.0933,35057.0933,20765.7113,274847.6115,274847.6115,9.23,7.55,2.951
603158,腾龙股份,汽车配件,江苏,20150320,603158.SH,20220425,8.99,9.01,8.36,8.39,9.17,-0.78,-8.506,75474.99,65707.212,2.1529,3.6346,1.11,18.8757,18.6054,1.5667,1.6599,1.4139,1.0843,1.0843,35057.0933,35057.0933,20765.7113,294129.0128,294129.0128,10.09,8.25,2.951
603158,腾龙股份,汽车配件,江苏,20150320,603158.SH,20220422,9.65,9.67,9.13,9.17,9.67,-0.5,-5.1706,75421.18,70182.776,2.1514,3.632,1.22,20.6305,20.3351,1.7123,1.8143,1.5453,0.992,0.992,35057.0933,35057.0933,20765.7113,321473.5456,321473.5456,10.64,8.7,2.951
603158,腾龙股份,汽车配件,江苏,20150320,603158.SH,20220421,10.12,10.22,9.61,9.67,10.26,-0.59,-5.7505,68662.0,67630.326,1.9586,3.3065,1.19,21.7554,21.4439,1.8057,1.9132,1.6296,0.9408,0.9408,35057.0933,35057.0933,20765.7113,339002.0922,339002.0922,11.29,9.23,2.951
603158,腾龙股份,汽车配件,江苏,20150320,603158.SH,20220420,10.22,10.49,10.13,10.26,10.22,0.04,0.3914,63526.4,65405.255,1.8121,3.0592,1.12,23.0828,22.7523,1.9159,2.0299,1.729,0.8867,0.8867,35057.0933,35057.0933,20765.7113,359685.7773,359685.7773,11.24,9.2,2.951
603158,腾龙股份,汽车配件,江苏,20150320,603158.SH,20220419,10.17,10.56,10.13,10.22,10.19,0.03,0.2944,63697.0,65765.45,1.817,3.0674,1.1,22.9928,22.6636,1.9084,2.022,1.7223,0.8901,0.8901,35057.0933,35057.0933,20765.7113,358283.4935,358283.4935,11.21,9.17,2.951
603158,腾龙股份,汽车配件,江苏,20150320,603158.SH,20220418,9.9,10.23,9.72,10.19,9.89,0.3,3.0334,70141.0,70795.507,2.0008,3.3777,1.16,22.9253,22.597,1.9028,2.0161,1.7172,0.8927,0.8927,35057.0933,35057.0933,20765.7113,357231.7807,357231.7807,10.88,8.9,2.951
603158,腾龙股份,汽车配件,江苏,20150320,603158.SH,20220415,9.91,10.04,9.73,9.89,9.99,-0.1,-1.001,42193.0,41484.469,1.2036,2.0319,0.57,22.2504,21.9318,1.8468,1.9567,1.6667,0.9198,0.9198,35057.0933,35057.0933,20765.7113,346714.6527,346714.6527,10.99,8.99,2.951
603158,腾龙股份,汽车配件,江苏,20150320,603158.SH,20220414,9.92,10.22,9.92,9.99,9.78,0.21,2.1472,48933.86,49222.905,1.3958,2.3565,0.51,22.4754,22.1535,1.8654,1.9765,1.6835,0.9106,0.9106,35057.0933,35057.0933,20765.7113,350220.3621,350220.3621,10.76,8.8,2.951
603158,腾龙股份,汽车配件,江苏,20150320,603158.SH,20220413,10.25,10.25,9.77,9.78,10.28,-0.5,-4.8638,59786.86,59790.78,1.7054,2.8791,0.6,22.0029,21.6878,1.8262,1.935,1.6481,0.9302,0.9302,35057.0933,35057.0933,20765.7113,342858.3725,342858.3725,11.31,9.25,2.951
603158,腾龙股份,汽车配件,江苏,20150320,603158.SH,20220412,10.0,10.33,9.87,10.28,10.0,0.28,2.8,69551.04,70036.37,1.9839,3.3493,0.74,23.1278,22.7966,1.9196,2.0339,1.7324,0.8849,0.8849,35057.0933,35057.0933,20765.7113,360386.9191,360386.9191,11.0,9.0,2.951
603158,腾龙股份,汽车配件,江苏,20150320,603158.SH,20220411,10.37,10.42,9.93,10.0,10.57,-0.57,-5.3926,81239.46,82405.061,2.3173,3.9122,0.93,22.4979,22.1757,1.8673,1.9785,1.6852,0.9097,0.9097,35057.0933,35057.0933,20765.7113,350570.933,350570.933,11.63,9.51,2.951
603158,腾龙股份,汽车配件,江苏,20150320,603158.SH,20220408,10.81,11.06,10.52,10.57,10.85,-0.28,-2.5806,111462.0,119366.821,3.1794,5.3676,1.46,23.7803,23.4397,1.9737,2.0913,1.7813,0.8606,0.8606,35057.0933,35057.0933,20765.7113,370553.4762,370553.4762,11.94,9.77,2.951
603158,腾龙股份,汽车配件,江苏,20150320,603158.SH,20220407,10.94,11.2,10.72,10.85,10.79,0.06,0.5561,156826.86,171839.942,4.4735,7.5522,2.71,24.4102,24.0606,2.026,2.1467,1.8285,0.8384,0.8384,35057.0933,35057.0933,20765.7113,380369.4623,380369.4623,11.87,9.71,2.951
603158,腾龙股份,汽车配件,江苏,20150320,603158.SH,20220406,10.26,10.88,10.26,10.79,10.31,0.48,4.6557,80699.48,85933.63,2.3019,3.8862,1.43,24.2752,23.9276,2.0148,2.1348,1.8184,0.8431,0.8431,35057.0933,35057.0933,20765.7113,378266.0367,378266.0367,11.34,9.28,2.951
603158,腾龙股份,汽车配件,江苏,20150320,603158.SH,20220401,10.34,10.39,10.26,10.31,10.39,-0.08,-0.77,42889.8,44236.231,1.2234,2.0654,0.65,23.1953,22.8631,1.9252,2.0398,1.7375,0.8824,0.8824,35057.0933,35057.0933,20765.7113,361438.6319,361438.6319,11.43,9.35,2.951
603158,腾龙股份,汽车配件,江苏,20150320,603158.SH,20220331,10.41,10.59,10.38,10.39,10.47,-0.08,-0.7641,44626.23,46711.886,1.273,2.149,0.52,23.3753,23.0405,1.9401,2.0556,1.7509,0.8756,0.8756,35057.0933,35057.0933,20765.7113,364243.1994,364243.1994,11.52,9.42,2.951
603158,腾龙股份,汽车配件,江苏,20150320,603158.SH,20220330,10.39,10.5,10.26,10.47,10.24,0.23,2.2461,57763.03,60036.016,1.6477,2.7817,0.55,23.5553,23.2179,1.9551,2.0715,1.7644,0.8689,0.8689,35057.0933,35057.0933,20765.7113,367047.7669,367047.7669,11.26,9.22,2.951
603158,腾龙股份,汽车配件,江苏,20150320,603158.SH,20220329,10.49,10.62,10.23,10.24,10.45,-0.21,-2.0096,63095.0,65388.904,1.7998,3.0384,0.6,23.0378,22.7079,1.9121,2.026,1.7257,0.8884,0.8884,35057.0933,35057.0933,20765.7113,358984.6354,358984.6354,11.5,9.41,2.951
603158,腾龙股份,汽车配件,江苏,20150320,603158.SH,20220328,10.43,10.65,10.26,10.45,10.57,-0.12,-1.1353,73330.4,76517.055,2.0917,3.5313,0.67,23.5103,23.1736,1.9513,2.0675,1.7611,0.8705,0.8705,35057.0933,35057.0933,20765.7113,366346.625,366346.625,11.63,9.51,2.951
603158,腾龙股份,汽车配件,江苏,20150320,603158.SH,20220325,10.82,10.96,10.56,10.57,10.83,-0.26,-2.4007,89573.2,95859.7,2.5551,4.3135,0.88,23.7803,23.4397,1.9737,2.0913,1.7813,0.8606,0.8606,35057.0933,35057.0933,20765.7113,370553.4762,370553.4762,11.91,9.75,2.951
603158,腾龙股份,汽车配件,江苏,20150320,603158.SH,20220324,10.79,11.28,10.65,10.83,10.8,0.03,0.2778,141369.38,154530.216,4.0325,6.8078,1.46,24.3652,24.0163,2.0223,2.1427,1.8251,0.84,0.84,35057.0933,35057.0933,20765.7113,379668.3204,379668.3204,11.88,9.72,2.951
603158,腾龙股份,汽车配件,江苏,20150320,603158.SH,20220323,10.88,11.07,10.68,10.8,10.57,0.23,2.176,156787.77,170331.904,4.4724,7.5503,1.88,24.2977,23.9497,2.0167,2.1368,1.82,0.8423,0.8423,35057.0933,35057.0933,20765.7113,378616.6076,378616.6076,11.63,9.51,2.951
603158,腾龙股份,汽车配件,江苏,20150320,603158.SH,20220322,10.86,10.86,10.54,10.57,10.65,-0.08,-0.7512,64423.82,68561.918,1.8377,3.1024,0.76,23.7803,23.4397,1.9737,2.0913,1.7813,0.8606,0.8606,35057.0933,35057.0933,20765.7113,370553.4762,370553.4762,11.72,9.59,2.951
603158,腾龙股份,汽车配件,江苏,20150320,603158.SH,20220321,10.51,10.91,10.51,10.65,10.5,0.15,1.4286,94643.4,101110.884,2.6997,4.5577,1.18,23.9602,23.6171,1.9887,2.1071,1.7948,0.8542,0.8542,35057.0933,35057.0933,20765.7113,373358.0436,373358.0436,11.55,9.45,2.951
603158,腾龙股份,汽车配件,江苏,20150320,603158.SH,20220318,10.52,10.54,10.3,10.5,10.42,0.08,0.7678,48967.1,51040.187,1.3968,2.3581,0.58,23.6228,23.2845,1.9607,2.0774,1.7695,0.8664,0.8664,35057.0933,35057.0933,20765.7113,368099.4797,368099.4797,11.46,9.38,2.951
603158,腾龙股份,汽车配件,江苏,20150320,603158.SH,20220317,10.29,10.75,10.28,10.42,10.14,0.28,2.7613,120177.75,126435.326,3.4281,5.7873,1.55,23.4428,23.1071,1.9457,2.0616,1.756,0.873,0.873,35057.0933,35057.0933,20765.7113,365294.9122,365294.9122,11.15,9.13,2.951
603158,腾龙股份,汽车配件,江苏,20150320,603158.SH,20220316,9.97,10.17,9.61,10.14,9.82,0.32,3.2587,87689.76,87204.955,2.5013,4.2228,1.04,22.8128,22.4861,1.8934,2.0062,1.7088,0.8971,0.8971,35057.0933,35057.0933,20765.7113,355478.9261,355478.9261,10.8,8.84,2.951
603158,腾龙股份,汽车配件,江苏,20150320,603158.SH,20220315,10.41,10.41,9.82,9.82,10.38,-0.56,-5.395,70077.58,70676.334,1.999,3.3747,0.86,22.0929,21.7765,1.8337,1.9429,1.6549,0.9264,0.9264,35057.0933,35057.0933,20765.7113,344260.6562,344260.6562,11.42,9.34,2.951
603158,腾龙股份,汽车配件,江苏,20150320,603158.SH,20220314,10.73,10.73,10.28,10.38,10.74,-0.36,-3.352,75787.79,79157.264,2.1618,3.6497,0.97,23.3528,23.0184,1.9383,2.0537,1.7493,0.8764,0.8764,35057.0933,35057.0933,20765.7113,363892.6285,363892.6285,11.81,9.67,2.951
603158,腾龙股份,汽车配件,江苏,20150320,603158.SH,20220311,10.54,10.75,10.35,10.74,10.73,0.01,0.0932,67815.74,71439.039,1.9344,3.2658,0.76,24.1627,23.8167,2.0055,2.1249,1.8099,0.847,0.847,35057.0933,35057.0933,20765.7113,376513.182,376513.182,11.8,9.66,2.951
603158,腾龙股份,汽车配件,江苏,20150320,603158.SH,20220310,10.85,11.04,10.69,10.73,10.7,0.03,0.2804,85286.05,92718.74,2.4328,4.1071,0.89,24.1402,23.7945,2.0036,2.1229,1.8082,0.8478,0.8478,35057.0933,35057.0933,20765.7113,376162.6111,376162.6111,11.77,9.63,2.951
603158,腾龙股份,汽车配件,江苏,20150320,603158.SH,20220309,11.08,11.1,10.23,10.7,11.08,-0.38,-3.4296,124326.78,133280.608,3.5464,5.9871,1.09,24.0727,23.728,1.998,2.117,1.8032,0.8502,0.8502,35057.0933,35057.0933,20765.7113,375110.8983,375110.8983,12.19,9.97,2.951
603158,腾龙股份,汽车配件,江苏,20150320,603158.SH,20220308,11.57,11.63,11.04,11.08,11.57,-0.49,-4.2351,54863.86,61844.739,1.8166,3.4483,0.48,24.9276,24.5707,2.069,2.1922,1.8672,0.821,0.821,35057.0933,30201.568,15910.186,388432.5938,334633.3734,12.73,10.41,2.951
603158,腾龙股份,汽车配件,江苏,20150320,603158.SH,20220307,11.9,11.93,11.48,11.57,11.95,-0.38,-3.1799,58460.39,67957.635,1.9357,3.6744,0.5,26.03,25.6573,2.1605,2.2891,1.9498,0.7863,0.7863,35057.0933,30201.568,15910.186,405610.5695,349432.1418,13.15,10.76,2.951
603158,腾龙股份,汽车配件,江苏,20150320,603158.SH,20220304,12.34,12.4,11.78,11.95,12.59,-0.64,-5.0834,122574.89,147734.311,4.0586,7.7042,1.22,26.885,26.4999,2.2314,2.3643,2.0138,0.7613,0.7613,35057.0933,30201.568,15910.186,418932.2649,360908.7376,13.85,11.33,2.951
603158,腾龙股份,汽车配件,江苏,20150320,603158.SH,20220303,12.99,13.0,12.51,12.59,13.19,-0.6,-4.5489,121185.22,153193.45,4.0125,7.6168,1.32,28.3248,27.9192,2.3509,2.4909,2.1217,0.7226,0.7226,35057.0933,30201.568,15910.186,441368.8046,380237.7411,14.51,11.87,2.951
603158,腾龙股份,汽车配件,江苏,20150320,603158.SH,20220302,14.7,15.0,13.18,13.19,14.64,-1.45,-9.9044,215491.46,289892.121,7.1351,13.5442,4.09,29.6747,29.2497,2.463,2.6096,2.2228,0.6897,0.6897,35057.0933,30201.568,15910.186,462403.0606,398358.6819,16.1,13.18,2.951
603158,腾龙股份,汽车配件,江苏,20150320,603158.SH,20220301,14.74,14.98,14.5,14.64,14.74,-0.1,-0.6784,53285.68,78131.117,1.7643,3.3492,1.07,32.9369,32.4652,2.7337,2.8965,2.4672,0.6214,0.6214,35057.0933,30201.568,15910.186,513235.8459,442150.9555,16.21,13.27,2.951
603158,腾龙股份,汽车配件,江苏,20150320,603158.SH,20220228,14.23,14.81,14.02,14.74,14.24,0.5,3.5112,71941.05,104696.199,2.382,4.5217,1.47,33.1619,32.687,2.7524,2.9163,2.484,0.6172,0.6172,35057.0933,30201.568,15910.186,516741.5552,445171.1123,15.66,12.82,2.951
603158,腾龙股份,汽车配件,江苏,20150320,603158.SH,20220225,14.19,14.41,14.01,14.24,14.25,-0.01,-0.0702,42420.0,59993.938,1.4046,2.6662,0.91,32.037,31.5782,2.659,2.8174,2.3998,0.6388,0.6388,35057.0933,30201.568,15910.186,499213.0086,430070.3283,15.68,12.83,2.951
603158,腾龙股份,汽车配件,江苏,20150320,603158.SH,20220224,14.9,14.98,13.41,14.25,14.9,-0.65,-4.3624,75732.27,107885.326,2.5076,4.76,2.07,32.0595,31.6004,2.6609,2.8193,2.4014,0.6384,0.6384,35057.0933,30201.568,15910.186,499563.5795,430372.344,16.39,13.41,2.951
603158,腾龙股份,汽车配件,江苏,20150320,603158.SH,20220223,14.74,15.0,14.73,14.9,14.83,0.07,0.472,19939.99,29587.809,0.6602,1.2533,0.55,33.5218,33.0418,2.7823,2.9479,2.511,0.6105,0.6105,35057.0933,30201.568,15910.186,522350.6902,450003.3632,16.31,13.35,2.951
603158,腾龙股份,汽车配件,江苏,20150320,603158.SH,20220222,14.73,15.15,14.71,14.83,14.99,-0.16,-1.0674,38894.79,57958.652,1.2878,2.4446,1.09,33.3643,32.8865,2.7692,2.9341,2.4992,0.6134,0.6134,35057.0933,30201.568,15910.186,519896.6936,447889.2534,16.49,13.49,2.951
603158,腾龙股份,汽车配件,江苏,20150320,603158.SH,20220221,14.4,15.45,14.36,14.99,14.3,0.69,4.8252,68389.81,102515.053,2.2644,4.2985,2.18,33.7243,33.2414,2.7991,2.9657,2.5261,0.6069,0.6069,35057.0933,30201.568,15910.186,525505.8286,452721.5043,15.73,12.87,2.951
603158,腾龙股份,汽车配件,江苏,20150320,603158.SH,20220218,14.2,14.4,14.08,14.3,14.22,0.08,0.5626,30808.2,43930.767,1.0201,1.9364,0.77,32.172,31.7112,2.6702,2.8292,2.4099,0.6362,0.6362,35057.0933,30201.568,15910.186,501316.4342,431882.4224,15.64,12.8,2.951
603158,腾龙股份,汽车配件,江苏,20150320,603158.SH,20220217,14.26,14.42,14.12,14.22,14.37,-0.15,-1.0438,24889.08,35418.282,0.8241,1.5643,0.46,31.992,31.5338,2.6553,2.8134,2.3964,0.6397,0.6397,35057.0933,30201.568,15910.186,498511.8667,429466.297,15.81,12.93,2.951
603158,腾龙股份,汽车配件,江苏,20150320,603158.SH,20220216,14.45,14.56,14.31,14.37,14.42,-0.05,-0.3467,19474.4,28102.236,0.6448,1.224,0.33,32.3294,31.8665,2.6833,2.8431,2.4217,0.6331,0.6331,35057.0933,30201.568,15910.186,503770.4307,433996.5322,15.86,12.98,2.951
603158,腾龙股份,汽车配件,江苏,20150320,603158.SH,20220215,14.59,14.6,14.12,14.42,14.5,-0.08,-0.5517,35145.6,50380.621,1.1637,2.209,0.61,32.4419,31.9773,2.6927,2.853,2.4301,0.6309,0.6309,35057.0933,30201.568,15910.186,505523.2854,435506.6106,15.95,13.05,2.951
603158,腾龙股份,汽车配件,江苏,20150320,603158.SH,20220214,15.18,15.18,14.25,14.5,15.2,-0.7,-4.6053,46399.95,67970.202,1.5363,2.9164,0.79,32.6219,32.1547,2.7076,2.8688,2.4436,0.6274,0.6274,35057.0933,30201.568,15910.186,508327.8529,437922.736,16.72,13.68,2.951
603158,腾龙股份,汽车配件,江苏,20150320,603158.SH,20220211,15.43,15.62,15.07,15.2,15.44,-0.24,-1.5544,74213.73,114474.483,2.4573,4.6645,1.37,34.1968,33.707,2.8383,3.0073,2.5615,0.5985,0.5985,35057.0933,30201.568,15910.186,532867.8182,459063.8336,16.98,13.9,2.951
603158,腾龙股份,汽车配件,江苏,20150320,603158.SH,20220210,14.72,15.6,14.68,15.44,14.98,0.46,3.0708,92617.44,141896.769,3.0666,5.8213,2.11,34.7367,34.2393,2.8831,3.0548,2.602,0.5892,0.5892,35057.0933,30201.568,15910.186,541281.5206,466312.2099,16.48,13.48,2.951
603158,腾龙股份,汽车配件,江苏,20150320,603158.SH,20220209,14.6,14.99,14.4,14.98,14.67,0.31,2.1132,43493.8,64138.845,1.4401,2.7337,0.98,33.7018,33.2192,2.7972,2.9638,2.5245,0.6073,0.6073,35057.0933,30201.568,15910.186,525155.2576,452419.4886,16.14,13.2,2.951
603158,腾龙股份,汽车配件,江苏,20150320,603158.SH,20220208,14.49,14.67,14.3,14.67,14.49,0.18,1.2422,30181.2,43610.443,0.9993,1.897,0.59,33.0044,32.5317,2.7393,2.9024,2.4722,0.6201,0.6201,35057.0933,30201.568,15910.186,514287.5587,443057.0026,15.94,13.04,2.951
603158,腾龙股份,汽车配件,江苏,20150320,603158.SH,20220207,14.58,14.71,14.09,14.49,14.27,0.22,1.5417,52121.4,75052.97,1.7258,3.276,1.02,32.5994,32.1326,2.7057,2.8668,2.4419,0.6278,0.6278,35057.0933,30201.568,15910.186,507977.2819,437620.7203,15.7,12.84,2.951
603158,腾龙股份,汽车配件,江苏,20150320,603158.SH,20220128,14.52,15.13,14.17,14.27,14.5,-0.23,-1.5862,51553.0,75120.04,1.707,3.2403,0.99,32.1045,31.6447,2.6646,2.8233,2.4048,0.6375,0.6375,35057.0933,30201.568,15910.186,500264.7214,430976.3754,15.95,13.05,2.951
603158,腾龙股份,汽车配件,江苏,20150320,603158.SH,20220127,15.4,15.53,14.1,14.5,15.4,-0.9,-5.8442,42070.72,62799.811,1.393,2.6443,0.73,32.6219,32.1547,2.7076,2.8688,2.4436,0.6274,0.6274,35057.0933,30201.568,15910.186,508327.8529,437922.736,16.94,13.86,2.951
603158,腾龙股份,汽车配件,江苏,20150320,603158.SH,20220126,15.77,15.86,15.26,15.4,15.75,-0.35,-2.2222,46299.4,71629.49,1.533,2.91,0.66,34.6467,34.1506,2.8756,3.0469,2.5952,0.5907,0.5907,35057.0933,30201.568,15910.186,539879.2368,465104.1472,17.33,14.18,2.951
603158,腾龙股份,汽车配件,江苏,20150320,603158.SH,20220125,15.71,16.0,15.58,15.75,15.77,-0.02,-0.1268,62614.5,98620.277,2.0732,3.9355,0.92,35.4341,34.9267,2.941,3.1161,2.6542,0.5776,0.5776,35057.0933,30201.568,15910.186,552149.2195,475674.696,17.35,14.19,2.951
603158,腾龙股份,汽车配件,江苏,20150320,603158.SH,20220124,15.0,15.88,15.0,15.77,15.15,0.62,4.0924,53090.3,82689.141,1.7579,3.3369,0.8,35.4791,34.9711,2.9447,3.1201,2.6576,0.5769,0.5769,35057.0933,30201.568,15910.186,552850.3613,476278.7274,16.67,13.64,2.951
603158,腾龙股份,汽车配件,江苏,20150320,603158.SH,20220121,15.11,15.25,14.89,15.15,15.14,0.01,0.0661,55449.44,83625.959,1.836,3.4852,0.78,34.0843,33.5962,2.829,2.9974,2.5531,0.6005,0.6005,35057.0933,30201.568,15910.186,531114.9635,457553.7552,16.65,13.63,2.951
603158,腾龙股份,汽车配件,江苏,20150320,603158.SH,20220120,15.7,15.79,15.06,15.14,15.7,-0.56,-3.5669,69349.0,106477.404,2.2962,4.3588,1.05,34.0618,33.574,2.8271,2.9954,2.5514,0.6009,0.6009,35057.0933,30201.568,15910.186,530764.3926,457251.7395,17.27,14.13,2.951
603158,腾龙股份,汽车配件,江苏,20150320,603158.SH,20220119,16.18,16.26,14.9,15.7,16.14,-0.44,-2.7261,107960.1,166910.079,3.5747,6.7856,2.0,35.3217,34.8158,2.9317,3.1062,2.6458,0.5794,0.5794,35057.0933,30201.568,15910.186,550396.3648,474164.6176,17.75,14.53,2.951
603158,腾龙股份,汽车配件,江苏,20150320,603158.SH,20220118,16.3,16.4,16.08,16.14,16.29,-0.15,-0.9208,55263.4,89764.158,1.8298,3.4735,0.99,36.3116,35.7916,3.0138,3.1933,2.7199,0.5636,0.5636,35057.0933,30201.568,15910.186,565821.4859,487453.3075,17.92,14.66,2.951
603158,腾龙股份,汽车配件,江苏,20150320,603158.SH,20220117,16.55,16.68,16.21,16.29,16.52,-0.23,-1.3923,43012.36,70547.883,1.4242,2.7034,0.71,36.649,36.1242,3.0418,3.2229,2.7452,0.5584,0.5584,35057.0933,30201.568,15910.186,571080.0499,491983.5427,18.17,14.87,2.951
603158,腾龙股份,汽车配件,江苏,20150320,603158.SH,20220114,16.32,16.68,16.1,16.52,16.45,0.07,0.4255,80581.4,132536.18,2.6681,5.0648,1.32,37.1665,36.6342,3.0848,3.2685,2.784,0.5507,0.5507,35057.0933,30201.568,15910.186,579143.1813,498929.9034,18.1,14.81,2.951
603158,腾龙股份,汽车配件,江苏,20150320,603158.SH,20220113,16.51,16.61,16.21,16.45,16.48,-0.03,-0.182,44375.6,72776.485,1.4693,2.7891,0.73,37.009,36.479,3.0717,3.2546,2.7722,0.553,0.553,35057.0933,30201.568,15910.186,576689.1848,496815.7936,18.13,14.83,2.951
603158,腾龙股份,汽车配件,江苏,20150320,603158.SH,20220112,16.57,17.0,16.29,16.48,16.57,-0.09,-0.5432,46855.4,77435.08,1.5514,2.945,0.75,37.0765,36.5455,3.0773,3.2605,2.7772,0.552,0.552,35057.0933,30201.568,15910.186,577740.8976,497721.8406,18.23,14.91,2.951
603158,腾龙股份,汽车配件,江苏,20150320,603158.SH,20220111,16.59,16.9,16.32,16.57,16.49,0.08,0.4851,64010.4,105878.046,2.1194,4.0232,0.98,37.279,36.7451,3.0941,3.2783,2.7924,0.549,0.549,35057.0933,30201.568,15910.186,580896.036,500439.9818,18.14,14.84,2.951
603158,腾龙股份,汽车配件,江苏,20150320,603158.SH,20220110,16.08,16.52,16.0,16.49,16.16,0.33,2.0421,68985.4,112496.555,2.2842,4.3359,1.11,37.099,36.5677,3.0792,3.2625,2.7789,0.5517,0.5517,35057.0933,30201.568,15910.186,578091.4685,498023.8563,17.78,14.54,2.951
603158,腾龙股份,汽车配件,江苏,20150320,603158.SH,20220107,16.81,17.29,15.97,16.16,16.81,-0.65,-3.8667,80266.8,131748.503,2.6577,5.045,1.54,36.3566,35.8359,3.0176,3.1972,2.7233,0.5629,0.5629,35057.0933,30201.568,15910.186,566522.6277,488057.3389,18.49,15.13,2.951
603158,腾龙股份,汽车配件,江苏,20150320,603158.SH,20220106,16.65,16.88,16.32,16.81,16.66,0.15,0.9004,42148.2,70157.855,1.3956,2.6491,0.78,37.8189,37.2773,3.1389,3.3258,2.8329,0.5412,0.5412,35057.0933,30201.568,15910.186,589309.7384,507688.3581,18.33,14.99,2.951
603158,腾龙股份,汽车配件,江苏,20150320,603158.SH,20220105,16.8,16.96,16.18,16.66,16.9,-0.24,-1.4201,57859.4,95330.95,1.9158,3.6366,0.98,37.4815,36.9447,3.1109,3.2962,2.8076,0.546,0.546,35057.0933,30201.568,15910.186,584051.1744,503158.1229,18.59,15.21,2.951
603158,腾龙股份,汽车配件,江苏,20150320,603158.SH,20220104,16.51,17.21,16.51,16.9,16.5,0.4,2.4242,77060.8,130482.424,2.5515,4.8435,1.35,38.0214,37.4769,3.1557,3.3436,2.848,0.5383,0.5383,35057.0933,30201.568,15910.186,592464.8768,510406.4992,18.15,14.85,2.951
603158,腾龙股份,汽车配件,江苏,20150320,603158.SH,20211231,16.35,16.73,16.23,16.5,16.3,0.2,1.227,53611.6,88276.862,1.7751,3.3696,0.84,37.1215,36.5899,3.081,3.2645,2.7806,0.4411,0.5513,35057.0933,30201.568,15910.186,578442.0395,498325.872,17.93,14.67,2.951
603158,腾龙股份,汽车配件,江苏,20150320,603158.SH,20211230,16.49,16.49,16.12,16.3,16.2,0.1,0.6173,29328.26,47722.391,0.9711,1.8434,0.41,36.6715,36.1464,3.0437,3.2249,2.7469,0.4465,0.5581,35057.0933,30201.568,15910.186,571430.6208,492285.5584,17.82,14.58,2.951
603158,腾龙股份,汽车配件,江苏,20150320,603158.SH,20211229,16.63,16.7,16.11,16.2,16.72,-0.52,-3.11,52862.52,86255.102,1.7503,3.3226,0.71,36.4466,35.9246,3.025,3.2051,2.7301,0.4492,0.5615,35057.0933,30201.568,15910.186,567924.9115,489265.4016,18.39,15.05,2.951
603158,腾龙股份,汽车配件,江苏,20150320,603158.SH,20211228,16.3,16.8,16.11,16.72,16.3,0.42,2.5767,82948.49,136970.668,2.7465,5.2135,1.11,37.6164,37.0778,3.1221,3.308,2.8177,0.4353,0.5441,35057.0933,30201.568,15910.186,586154.6,504970.217,17.93,14.67,2.951
603158,腾龙股份,汽车配件,江苏,20150320,603158.SH,20211227,16.68,16.79,16.0,16.3,16.66,-0.36,-2.1609,67129.2,110334.445,2.2227,4.2193,0.79,36.6715,36.1464,3.0437,3.2249,2.7469,0.4465,0.5581,35057.0933,30201.568,15910.186,571430.6208,492285.5584,18.33,14.99,2.951
603158,腾龙股份,汽车配件,江苏,20150320,603158.SH,20211224,17.08,17.15,16.35,16.66,17.12,-0.46,-2.6869,85354.0,141907.479,2.8261,5.3647,1.06,37.4815,36.9447,3.1109,3.2962,2.8076,0.4368,0.546,35057.0933,30201.568,15910.186,584051.1744,503158.1229,18.83,15.41,2.951
603158,腾龙股份,汽车配件,江苏,20150320,603158.SH,20211223,17.2,17.3,16.88,17.12,17.1,0.02,0.117,67950.46,116220.868,2.2499,4.2709,0.84,38.5164,37.9648,3.1968,3.3872,2.8851,0.4251,0.5314,35057.0933,30201.568,15910.186,600177.4373,517050.8442,18.81,15.39,2.951
603158,腾龙股份,汽车配件,江苏,20150320,603158.SH,20211222,17.0,17.24,16.82,17.1,17.05,0.05,0.2933,70059.4,119621.748,2.3197,4.4034,0.89,38.4714,37.9204,3.1931,3.3832,2.8817,0.4256,0.532,35057.0933,30201.568,15910.186,599476.2954,516446.8128,18.76,15.35,2.951
603158,腾龙股份,汽车配件,江苏,20150320,603158.SH,20211221,16.6,17.11,16.52,17.05,16.86,0.19,1.1269,82697.78,139479.51,2.7382,5.1978,1.17,38.3589,37.8095,3.1838,3.3733,2.8733,0.4268,0.5336,35057.0933,30201.568,15910.186,597723.4408,514936.7344,18.55,15.17,2.951
603158,腾龙股份,汽车配件,江苏,20150320,603158.SH,20211220,16.6,17.4,16.21,16.86,16.4,0.46,2.8049,118930.59,201457.039,3.9379,7.4751,2.08,37.9314,37.3882,3.1483,3.3357,2.8413,0.4317,0.5396,35057.0933,30201.568,15910.186,591062.593,509198.4365,18.04,14.76,2.951
603158,腾龙股份,汽车配件,江苏,20150320,603158.SH,20211217,16.56,16.76,16.3,16.4,16.53,-0.13,-0.7864,62954.15,103966.083,2.0845,3.9568,1.17,36.8965,36.3681,3.0624,3.2447,2.7638,0.4438,0.5547,35057.0933,30201.568,15910.186,574936.3301,495305.7152,18.18,14.88,2.951
603158,腾龙股份,汽车配件,江苏,20150320,603158.SH,20211216,16.11,16.65,16.0,16.53,16.19,0.34,2.1001,70457.2,115239.802,2.3329,4.4284,1.43,37.189,36.6564,3.0867,3.2704,2.7857,0.4403,0.5503,35057.0933,30201.568,15910.186,579493.7522,499231.919,17.81,14.57,2.951
603158,腾龙股份,汽车配件,江苏,20150320,603158.SH,20211215,16.36,16.57,16.04,16.19,16.32,-0.13,-0.7966,58246.79,94555.057,1.9286,3.661,1.27,36.4241,35.9024,3.0232,3.2032,2.7284,0.4495,0.5619,35057.0933,30201.568,15910.186,567574.3405,488963.3859,17.95,14.69,2.951
603158,腾龙股份,汽车配件,江苏,20150320,603158.SH,20211214,16.48,16.48,16.01,16.32,16.38,-0.06,-0.3663,41968.4,68106.998,1.3896,2.6378,0.77,36.7165,36.1907,3.0474,3.2289,2.7503,0.4459,0.5574,35057.0933,30201.568,15910.186,572131.7627,492889.5898,18.02,14.74,2.951
603158,腾龙股份,汽车配件,江苏,20150320,603158.SH,20211213,16.59,16.74,16.25,16.38,16.6,-0.22,-1.3253,51706.8,84903.663,1.7121,3.2499,0.83,36.8515,36.3238,3.0586,3.2408,2.7604,0.4443,0.5554,35057.0933,30201.568,15910.186,574235.1883,494701.6838,18.26,14.94,2.951
603158,腾龙股份,汽车配件,江苏,20150320,603158.SH,20211210,16.6,16.79,16.3,16.6,16.64,-0.04,-0.2404,46225.0,76225.215,1.5305,2.9054,0.66,37.3465,36.8116,3.0997,3.2843,2.7975,0.4384,0.548,35057.0933,30201.568,15910.186,581947.7488,501346.0288,18.3,14.98,2.951
603158,腾龙股份,汽车配件,江苏,20150320,603158.SH,20211209,16.8,17.08,16.38,16.64,16.69,-0.05,-0.2996,47570.08,78999.209,1.5751,2.9899,0.64,37.4365,36.9003,3.1072,3.2922,2.8042,0.4374,0.5467,35057.0933,30201.568,15910.186,583350.0325,502554.0915,18.36,15.02,2.951
603158,腾龙股份,汽车配件,江苏,20150320,603158.SH,20211208,16.65,16.79,16.45,16.69,16.58,0.11,0.6634,41415.28,68801.264,1.3713,2.6031,0.53,37.5489,37.0112,3.1165,3.3021,2.8126,0.436,0.5451,35057.0933,30201.568,15910.186,585102.8872,504064.1699,18.24,14.92,2.951
603158,腾龙股份,汽车配件,江苏,20150320,603158.SH,20211207,16.8,17.0,16.0,16.58,16.95,-0.37,-2.1829,86589.8,142503.285,2.8671,5.4424,1.19,37.3015,36.7673,3.096,3.2803,2.7941,0.4389,0.5487,35057.0933,30201.568,15910.186,581246.6069,500741.9974,18.65,15.26,2.951
603158,腾龙股份,汽车配件,江苏,20150320,603158.SH,20211206,17.06,17.57,16.73,16.95,16.94,0.01,0.059,89999.4,153393.644,2.98,5.6567,1.33,38.1339,37.5878,3.1651,3.3535,2.8564,0.4294,0.5367,35057.0933,30201.568,15910.186,594217.7314,511916.5776,18.63,15.25,2.951
603158,腾龙股份,汽车配件,江苏,20150320,603158.SH,20211203,17.0,17.19,16.4,16.94,16.82,0.12,0.7134,84583.74,142751.723,2.8006,5.3163,1.35,38.1114,37.5656,3.1632,3.3515,2.8548,0.4296,0.537,35057.0933,30201.568,15910.186,593867.1605,511614.5619,18.5,15.14,2.951
603158,腾龙股份,汽车配件,江苏,20150320,603158.SH,20211202,16.74,17.15,16.73,16.82,16.9,-0.08,-0.4734,71439.2,121079.192,2.3654,4.4902,1.27,37.8414,37.2995,3.1408,3.3278,2.8345,0.4327,0.5408,35057.0933,30201.568,15910.186,589660.3093,507990.3738,18.59,15.21,2.951
603158,腾龙股份,汽车配件,江苏,20150320,603158.SH,20211201,16.73,17.25,16.72,16.9,16.9,0.0,0.0,58672.39,99294.424,1.9427,3.6877,1.13,38.0214,37.4769,3.1557,3.3436,2.848,0.4306,0.5383,35057.0933,30201.568,15910.186,592464.8768,510406.4992,18.59,15.21,2.951
603158,腾龙股份,汽车配件,江苏,20150320,603158.SH,20211130,17.13,17.37,16.65,16.9,17.11,-0.21,-1.2274,59591.8,101044.57,1.9731,3.7455,1.14,38.0214,37.4769,3.1557,3.3436,2.848,0.4306,0.5383,35057.0933,30201.568,15910.186,592464.8768,510406.4992,18.82,15.4,2.951
603158,腾龙股份,汽车配件,江苏,20150320,603158.SH,20211129,16.62,17.23,16.4,17.11,16.79,0.32,1.9059,64915.98,110030.394,2.1494,4.0802,1.01,38.4939,37.9426,3.195,3.3852,2.8834,0.4253,0.5317,35057.0933,30201.568,15910.186,599826.8664,516748.8285,18.47,15.11,2.951
603158,腾龙股份,汽车配件,江苏,20150320,603158.SH,20211126,17.0,17.14,16.67,16.79,17.04,-0.25,-1.4671,58367.26,98672.472,1.9326,3.6685,0.74,37.7739,37.233,3.1352,3.3219,2.8295,0.4335,0.5418,35057.0933,30201.568,15910.186,588608.5965,507084.3267,18.74,15.34,2.951
603158,腾龙股份,汽车配件,江苏,20150320,603158.SH,20211125,16.97,17.16,16.86,17.04,16.96,0.08,0.4717,39377.59,66884.4,1.3038,2.475,0.49,38.3364,37.7874,3.1819,3.3713,2.8716,0.4271,0.5339,35057.0933,30201.568,15910.186,597372.8698,514634.7187,18.66,15.26,2.951
603158,腾龙股份,汽车配件,江苏,20150320,603158.SH,20211124,17.18,17.27,16.91,16.96,17.09,-0.13,-0.7607,38488.37,65596.431,1.2744,2.4191,0.47,38.1564,37.61,3.1669,3.3555,2.8581,0.4291,0.5364,35057.0933,30201.568,15910.186,594568.3024,512218.5933,18.8,15.38,2.951
603158,腾龙股份,汽车配件,江苏,20150320,603158.SH,20211123,17.18,17.22,16.86,17.09,17.08,0.01,0.0585,59573.32,101424.979,1.9725,3.7444,0.78,38.4489,37.8983,3.1912,3.3812,2.88,0.4258,0.5323,35057.0933,30201.568,15910.186,599125.7245,516144.7971,18.79,15.37,2.951
603158,腾龙股份,汽车配件,江苏,20150320,603158.SH,20211122,16.44,17.51,16.2,17.08,16.49,0.59,3.5779,124318.61,212698.41,4.1163,7.8138,1.9,38.4264,37.8761,3.1894,3.3792,2.8784,0.4261,0.5326,35057.0933,30201.568,15910.186,598775.1536,515842.7814,18.14,14.84,2.951
603158,腾龙股份,汽车配件,江苏,20150320,603158.SH,20211119,15.36,16.62,15.3,16.49,15.4,1.09,7.0779,131326.39,212664.931,4.3483,8.2542,2.74,37.099,36.5677,3.0792,3.2625,2.7789,0.4413,0.5517,35057.0933,30201.568,15910.186,578091.4685,498023.8563,16.94,13.86,2.951
603158,腾龙股份,汽车配件,江苏,20150320,603158.SH,20211118,15.99,16.21,15.38,15.4,15.94,-0.54,-3.3877,48206.76,75553.363,1.5962,3.0299,0.91,34.6467,34.1506,2.8756,3.0469,2.5952,0.4726,0.5907,35057.0933,30201.568,15910.186,539879.2368,465104.1472,17.53,14.35,2.951
603158,腾龙股份,汽车配件,江苏,20150320,603158.SH,20211117,15.82,16.0,15.68,15.94,15.79,0.15,0.95,41763.8,66184.983,1.3828,2.625,0.72,35.8616,35.348,2.9765,3.1537,2.6862,0.4566,0.5707,35057.0933,30201.568,15910.186,558810.0672,481412.9939,17.37,14.21,2.951
603158,腾龙股份,汽车配件,江苏,20150320,603158.SH,20211116,16.03,16.08,15.62,15.79,16.1,-0.31,-1.9255,37421.55,59243.826,1.2391,2.352,0.61,35.5241,35.0154,2.9485,3.124,2.661,0.4609,0.5761,35057.0933,30201.568,15910.186,553551.5032,476882.7587,17.71,14.49,2.951
603158,腾龙股份,汽车配件,江苏,20150320,603158.SH,20211115,15.63,16.15,15.62,16.1,15.52,0.58,3.7371,67704.35,108087.941,2.2417,4.2554,1.15,36.2216,35.7029,3.0064,3.1854,2.7132,0.452,0.565,35057.0933,30201.568,15910.186,564419.2021,486245.2448,17.07,13.97,2.951
603158,腾龙股份,汽车配件,江苏,20150320,603158.SH,20211112,15.34,15.57,15.1,15.52,15.34,0.18,1.1734,44866.2,68943.907,1.4856,2.82,0.69,34.9167,34.4167,2.8981,3.0706,2.6155,0.4689,0.5862,35057.0933,30201.568,15910.186,544086.088,468728.3354,16.87,13.81,2.951
603158,腾龙股份,汽车配件,江苏,20150320,603158.SH,20211111,14.85,15.4,14.8,15.34,14.85,0.49,3.2997,74182.4,112564.28,2.4562,4.6626,1.09,34.5117,34.0175,2.8644,3.035,2.5851,0.4744,0.593,35057.0933,30201.568,15910.186,537775.8112,463292.0531,16.34,13.37,2.951
603158,腾龙股份,汽车配件,江苏,20150320,603158.SH,20211110,14.53,14.94,14.36,14.85,14.49,0.36,2.4845,65442.15,96548.896,2.1668,4.1132,1.04,33.4093,32.9309,2.7729,2.938,2.5026,0.4901,0.6126,35057.0933,30201.568,15910.186,520597.8355,448493.2848,15.94,13.04,2.951
603158,腾龙股份,汽车配件,江苏,20150320,603158.SH,20211109,14.52,14.8,14.43,14.49,14.73,-0.24,-1.6293,52871.4,77084.168,1.7506,3.3231,0.86,32.5994,32.1326,2.7057,2.8668,2.4419,0.5023,0.6278,35057.0933,30201.568,15910.186,507977.2819,437620.7203,16.2,13.26,2.951
603158,腾龙股份,汽车配件,江苏,20150320,603158.SH,20211108,15.0,15.19,14.65,14.73,14.55,0.18,1.2371,56256.15,83325.509,1.8627,3.5359,0.96,33.1394,32.6648,2.7505,2.9143,2.4823,0.4941,0.6176,35057.0933,30201.568,15910.186,516390.9843,444869.0966,16.01,13.1,2.951
603158,腾龙股份,汽车配件,江苏,20150320,603158.SH,20211105,14.76,14.92,14.38,14.55,14.76,-0.21,-1.4228,76095.3,111456.963,2.5196,4.7828,1.41,32.7344,32.2656,2.7169,2.8787,2.452,0.5002,0.6252,35057.0933,30201.568,15910.186,510080.7075,439432.8144,16.24,13.28,2.951
603158,腾龙股份,汽车配件,江苏,20150320,603158.SH,20211104,14.2,15.1,14.1,14.76,14.2,0.56,3.9437,88518.26,129779.467,2.9309,5.5636,1.69,33.2069,32.7313,2.7561,2.9202,2.4874,0.4931,0.6163,35057.0933,30201.568,15910.186,517442.6971,445775.1437,15.62,12.78,2.951
603158,腾龙股份,汽车配件,江苏,20150320,603158.SH,20211103,14.0,14.3,13.8,14.2,14.04,0.16,1.1396,39684.92,55625.505,1.314,2.4943,0.75,31.947,31.4895,2.6516,2.8094,2.393,0.5125,0.6406,35057.0933,30201.568,15910.186,497810.7249,428862.2656,15.44,12.64,2.951
603158,腾龙股份,汽车配件,江苏,20150320,603158.SH,20211102,14.24,14.41,13.65,14.04,14.02,0.02,0.1427,47428.1,66923.977,1.5704,2.981,0.85,31.587,31.1347,2.6217,2.7778,2.366,0.5184,0.6479,35057.0933,30201.568,15910.186,492201.5899,424030.0147,15.42,12.62,2.951
603158,腾龙股份,汽车配件,江苏,20150320,603158.SH,20211101,14.0,14.13,13.74,14.02,14.01,0.01,0.0714,41156.13,57288.204,1.3627,2.5868,0.79,31.542,31.0903,2.618,2.7738,2.3627,0.5191,0.6489,35057.0933,30201.568,15910.186,491500.4481,423425.9834,15.41,12.61,2.951
603158,腾龙股份,汽车配件,江苏,20150320,603158.SH,20211029,13.86,14.11,13.6,14.01,13.9,0.11,0.7914,53646.6,74401.182,1.7763,3.3718,1.17,31.5195,28.7613,2.6816,2.7719,2.3622,0.5195,0.6493,35057.0933,30201.568,15910.186,491149.8771,423123.9677,15.29,12.51,2.951
603158,腾龙股份,汽车配件,江苏,20150320,603158.SH,20211028,13.34,13.96,13.28,13.9,13.28,0.62,4.6687,80459.71,110326.704,2.6641,5.0571,2.33,31.272,28.5354,2.6606,2.7501,2.3436,0.5236,0.6545,35057.0933,30201.568,15910.186,487293.5969,419801.7952,14.61,11.95,2.951
603158,腾龙股份,汽车配件,江苏,20150320,603158.SH,20211027,13.8,13.85,13.28,13.28,13.73,-0.45,-3.2775,42109.6,56549.674,1.3943,2.6467,1.31,29.8772,27.2626,2.5419,2.6274,2.2391,0.548,0.685,35057.0933,30201.568,15910.186,465558.199,401076.823,15.1,12.36,2.951
603158,腾龙股份,汽车配件,江苏,20150320,603158.SH,20211026,13.22,13.88,13.22,13.73,13.22,0.51,3.8578,60270.8,82470.168,1.9956,3.7882,1.96,30.8896,28.1865,2.628,2.7165,2.315,0.5301,0.6626,35057.0933,30201.568,15910.186,481333.891,414667.5286,14.54,11.9,2.951
603158,腾龙股份,汽车配件,江苏,20150320,603158.SH,20211025,13.0,13.33,12.9,13.22,13.19,0.03,0.2274,24332.8,31988.539,0.8057,1.5294,0.7,29.7422,27.1395,2.5304,2.6156,2.229,0.5505,0.6881,35057.0933,30201.568,15910.186,463454.7734,399264.729,14.51,11.87,2.951
603158,腾龙股份,汽车配件,江苏,20150320,603158.SH,20211022,13.08,13.3,12.99,13.19,13.09,0.1,0.7639,22398.9,29431.377,0.7416,1.4078,0.65,29.6747,27.0779,2.5247,2.6096,2.2239,0.5518,0.6897,35057.0933,30201.568,15910.186,462403.0606,398358.6819,14.4,11.78,2.951
603158,腾龙股份,汽车配件,江苏,20150320,603158.SH,20211021,13.24,13.25,13.02,13.09,13.27,-0.18,-1.3564,23621.6,30924.975,0.7821,1.4847,0.71,29.4497,26.8726,2.5055,2.5898,2.2071,0.556,0.695,35057.0933,30201.568,15910.186,458897.3513,395338.5251,14.6,11.94,2.951
603158,腾龙股份,汽车配件,江苏,20150320,603158.SH,20211020,13.35,13.55,13.11,13.27,13.32,-0.05,-0.3754,30040.2,39883.9,0.9947,1.8881,0.96,29.8547,27.2421,2.54,2.6254,2.2374,0.5484,0.6855,35057.0933,30201.568,15910.186,465207.6281,400774.8074,14.65,11.99,2.951
603158,腾龙股份,汽车配件,江苏,20150320,603158.SH,20211019,12.86,13.45,12.7,13.32,12.85,0.47,3.6576,53518.37,70657.487,1.772,3.3638,2.14,29.9672,27.3448,2.5496,2.6353,2.2459,0.5464,0.683,35057.0933,30201.568,15910.186,466960.4828,402284.8858,14.14,11.57,2.951
603158,腾龙股份,汽车配件,江苏,20150320,603158.SH,20211018,12.25,12.88,12.21,12.85,12.25,0.6,4.898,44955.24,56446.561,1.4885,2.8256,2.35,28.9098,26.3799,2.4596,2.5423,2.1666,0.5664,0.7079,35057.0933,30201.568,15910.186,450483.6489,388090.1488,13.48,11.03,2.951
603158,腾龙股份,汽车配件,江苏,20150320,603158.SH,20211015,12.35,12.43,12.01,12.25,12.24,0.01,0.0817,19122.52,23362.833,0.6332,1.2019,1.06,27.5599,25.1481,2.3448,2.4236,2.0654,0.5941,0.7426,35057.0933,30201.568,15910.186,429449.3929,369969.208,13.46,11.02,2.951
603158,腾龙股份,汽车配件,江苏,20150320,603158.SH,20211014,12.1,12.27,12.02,12.24,12.14,0.1,0.8237,17937.64,21824.354,0.5939,1.1274,1.0,27.5374,25.1276,2.3428,2.4217,2.0638,0.5946,0.7432,35057.0933,30201.568,15910.186,429098.822,369667.1923,13.35,10.93,2.951
603158,腾龙股份,汽车配件,江苏,20150320,603158.SH,20211013,11.87,12.19,11.3,12.14,11.89,0.25,2.1026,20686.31,24771.822,0.6849,1.3002,1.07,27.3124,24.9223,2.3237,2.4019,2.0469,0.5995,0.7493,35057.0933,30201.568,15910.186,425593.1127,366647.0355,13.08,10.7,2.951
603158,腾龙股份,汽车配件,江苏,20150320,603158.SH,20211012,12.21,12.27,11.79,11.89,12.22,-0.33,-2.7005,22109.31,26413.857,0.7321,1.3896,1.2,26.75,24.4091,2.2758,2.3524,2.0047,0.6121,0.7651,35057.0933,30201.568,15910.186,416828.8393,359096.6435,13.44,11.0,2.951
603158,腾龙股份,汽车配件,江苏,20150320,603158.SH,20211011,12.37,12.4,12.15,12.22,12.27,-0.05,-0.4075,15827.2,19380.773,0.5241,0.9948,0.7,27.4924,25.0866,2.339,2.4177,2.0604,0.5956,0.7444,35057.0933,30201.568,15910.186,428397.6801,369063.161,13.5,11.04,2.951
603158,腾龙股份,汽车配件,江苏,20150320,603158.SH,20211008,12.24,12.48,12.24,12.27,12.21,0.06,0.4914,13558.4,16710.959,0.4489,0.8522,0.45,27.6049,25.1892,2.3486,2.4276,2.0688,0.5931,0.7414,35057.0933,30201.568,15910.186,430150.5348,370573.2394,13.43,10.99,2.951
603158,腾龙股份,汽车配件,江苏,20150320,603158.SH,20210930,12.33,12.34,12.08,12.21,12.08,0.13,1.0762,17215.2,21069.414,0.57,1.082,0.54,27.4699,25.066,2.3371,2.4157,2.0587,0.596,0.7451,35057.0933,30201.568,15910.186,428047.1092,368761.1453,13.29,10.87,2.951
603158,腾龙股份,汽车配件,江苏,20150320,603158.SH,20210929,12.26,12.34,11.95,12.08,12.29,-0.21,-1.7087,27931.32,33908.573,0.9248,1.7556,0.87,27.1774,24.7992,2.3122,2.39,2.0368,0.6025,0.7531,35057.0933,30201.568,15910.186,423489.6871,364834.9414,13.52,11.06,2.951
603158,腾龙股份,汽车配件,江苏,20150320,603158.SH,20210928,12.13,12.38,11.8,12.29,12.22,0.07,0.5728,17402.57,21332.829,0.5762,1.0938,0.47,27.6499,25.2303,2.3524,2.4316,2.0722,0.5922,0.7402,35057.0933,30201.568,15910.186,430851.6767,371177.2707,13.44,11.0,2.951
603158,腾龙股份,汽车配件,江苏,20150320,603158.SH,20210927,12.6,12.8,12.1,12.22,12.61,-0.39,-3.0928,37610.8,46191.046,1.2453,2.3639,1.0,27.4924,25.0866,2.339,2.4177,2.0604,0.5956,0.7444,35057.0933,30201.568,15910.186,428397.6801,369063.161,13.87,11.35,2.951
603158,腾龙股份,汽车配件,江苏,20150320,603158.SH,20210924,13.2,13.2,12.46,12.61,13.18,-0.57,-4.3247,49438.8,62894.734,1.637,3.1074,1.41,28.3698,25.8872,2.4137,2.4949,2.1261,0.5771,0.7214,35057.0933,30201.568,15910.186,442069.9465,380841.7725,14.5,11.86,2.951
603158,腾龙股份,汽车配件,江苏,20150320,603158.SH,20210923,13.09,13.32,13.01,13.18,12.95,0.23,1.7761,28213.42,37136.281,0.9342,1.7733,0.69,29.6522,27.0574,2.5228,2.6076,2.2222,0.5522,0.6902,35057.0933,30201.568,15910.186,462052.4897,398056.6662,14.25,11.66,2.951
603158,腾龙股份,汽车配件,江苏,20150320,603158.SH,20210922,12.89,13.1,12.8,12.95,13.05,-0.1,-0.7663,27673.82,35925.438,0.9163,1.7394,0.61,29.1347,26.5852,2.4787,2.5621,2.1835,0.562,0.7025,35057.0933,30201.568,15910.186,453989.3582,391110.3056,14.36,11.75,2.951
603158,腾龙股份,汽车配件,江苏,20150320,603158.SH,20210917,13.03,13.22,12.73,13.05,13.02,0.03,0.2304,41981.42,54274.618,1.39,2.6387,0.84,29.3597,26.7905,2.4979,2.5819,2.2003,0.5577,0.6971,35057.0933,30201.568,15910.186,457495.0676,394130.4624,14.32,11.72,2.951
603158,腾龙股份,汽车配件,江苏,20150320,603158.SH,20210916,13.5,13.66,13.02,13.02,13.52,-0.5,-3.6982,40898.86,54328.304,1.3542,2.5706,0.82,29.2922,26.7289,2.4921,2.576,2.1953,0.559,0.6987,35057.0933,30201.568,15910.186,456443.3548,393224.4154,14.87,12.17,2.951
603158,腾龙股份,汽车配件,江苏,20150320,603158.SH,20210915,13.35,13.57,13.21,13.52,13.35,0.17,1.2734,36613.6,49032.418,1.2123,2.3013,0.7,30.4171,27.7553,2.5878,2.6749,2.2796,0.5383,0.6729,35057.0933,30201.568,15910.186,473971.9014,408325.1994,14.69,12.02,2.951
603158,腾龙股份,汽车配件,江苏,20150320,603158.SH,20210914,13.6,13.81,13.2,13.35,13.7,-0.35,-2.5547,58269.18,78182.859,1.9293,3.6624,1.11,30.0347,27.4063,2.5553,2.6413,2.2509,0.5451,0.6814,35057.0933,30201.568,15910.186,468012.1956,403190.9328,15.07,12.33,2.951
603158,腾龙股份,汽车配件,江苏,20150320,603158.SH,20210913,13.7,13.88,13.47,13.7,13.84,-0.14,-1.0116,49827.93,68027.685,1.6498,3.1318,0.93,30.8221,28.1249,2.6223,2.7105,2.3099,0.5312,0.664,35057.0933,30201.568,15910.186,480282.1782,413761.4816,15.22,12.46,2.951
603158,腾龙股份,汽车配件,江苏,20150320,603158.SH,20210910,14.29,14.38,13.76,13.84,14.41,-0.57,-3.9556,64053.28,89282.422,2.1209,4.0259,1.12,31.1371,28.4123,2.6491,2.7382,2.3335,0.5258,0.6573,35057.0933,30201.568,15910.186,485190.1713,417989.7011,15.85,12.97,2.951
603158,腾龙股份,汽车配件,江苏,20150320,603158.SH,20210909,14.36,14.5,14.25,14.41,14.37,0.04,0.2784,39428.3,56692.165,1.3055,2.4782,0.62,27.9292,25.4852,3.4864,2.4561,2.0931,0.5862,0.7328,30201.568,30201.568,15910.186,435204.5949,435204.5949,15.81,12.93,2.951
603158,腾龙股份,汽车配件,江苏,20150320,603158.SH,20210908,14.4,14.75,14.2,14.37,14.39,-0.02,-0.139,49587.6,71446.737,1.6419,3.1167,0.67,27.8517,25.4144,3.4767,2.4493,2.0873,0.5879,0.7348,30201.568,30201.568,15910.186,433996.5322,433996.5322,15.83,12.95,2.951
603158,腾龙股份,汽车配件,江苏,20150320,603158.SH,20210907,13.95,14.5,13.86,14.39,13.92,0.47,3.3764,59162.9,84785.202,1.9589,3.7186,0.73,27.8905,25.4498,3.4815,2.4527,2.0902,0.5871,0.7338,30201.568,30201.568,15910.186,434600.5635,434600.5635,15.31,12.53,2.951
603158,腾龙股份,汽车配件,江苏,20150320,603158.SH,20210906,14.04,14.18,13.79,13.92,14.03,-0.11,-0.784,57028.9,79400.338,1.8883,3.5844,0.55,26.9795,24.6186,3.3678,2.3726,2.0219,0.6069,0.7586,30201.568,30201.568,15910.186,420405.8266,420405.8266,15.43,12.63,2.951
603158,腾龙股份,汽车配件,江苏,20150320,603158.SH,20210903,14.5,14.5,13.87,14.03,14.53,-0.5,-3.4412,80378.54,113358.616,2.6614,5.052,0.63,27.1927,24.8131,3.3944,2.3914,2.0379,0.6021,0.7526,30201.568,30201.568,15910.186,423727.999,423727.999,15.98,13.08,2.951
603158,腾龙股份,汽车配件,江苏,20150320,603158.SH,20210902,13.81,14.59,13.79,14.53,13.81,0.72,5.2136,71242.4,101577.047,2.3589,4.4778,0.52,28.1618,25.6974,3.5154,2.4766,2.1106,0.5814,0.7267,30201.568,30201.568,15910.186,438828.783,438828.783,15.19,12.43,2.951
603158,腾龙股份,汽车配件,江苏,20150320,603158.SH,20210901,14.32,14.62,13.65,13.81,14.47,-0.66,-4.5612,102768.83,143861.615,3.4028,6.4593,0.77,26.7663,24.424,3.3412,2.3539,2.006,0.6117,0.7646,30201.568,30201.568,15910.186,417083.6541,417083.6541,15.92,13.02,2.951
603158,腾龙股份,汽车配件,江苏,20150320,603158.SH,20210831,14.74,14.77,14.32,14.47,14.99,-0.52,-3.469,94855.16,137569.595,3.1407,5.9619,0.69,28.0455,25.5913,3.5009,2.4663,2.1018,0.5838,0.7298,30201.568,30201.568,15910.186,437016.689,437016.689,16.49,13.49,2.951
603158,腾龙股份,汽车配件,江苏,20150320,603158.SH,20210830,15.6,15.64,14.46,14.99,16.07,-1.08,-6.7206,169129.31,253032.622,5.6,10.6303,1.36,29.0534,26.5109,3.6267,2.555,2.1774,0.5636,0.7044,30201.568,30201.568,15910.186,452721.5043,452721.5043,17.68,14.46,2.951
603158,腾龙股份,汽车配件,江苏,20150320,603158.SH,20210827,15.49,16.24,15.35,16.07,15.24,0.83,5.4462,203578.58,321593.21,6.7407,12.7955,1.93,31.1466,27.714,4.0283,2.7391,2.4495,0.5257,0.6571,30201.568,30201.568,15910.186,485339.1978,485339.1978,16.76,13.72,2.951
603158,腾龙股份,汽车配件,江苏,20150320,603158.SH,20210826,15.02,15.53,14.76,15.24,15.1,0.14,0.9272,117112.73,178107.117,3.8777,7.3609,1.0,29.5379,26.2826,3.8203,2.5976,2.323,0.5543,0.6929,30201.568,30201.568,15910.186,460271.8963,460271.8963,16.61,13.59,2.951
603158,腾龙股份,汽车配件,江苏,20150320,603158.SH,20210825,15.01,15.25,14.89,15.1,15.09,0.01,0.0663,78945.74,118901.858,2.614,4.962,0.51,29.2666,26.0412,3.7852,2.5737,2.3017,0.5594,0.6993,30201.568,30201.568,15910.186,456043.6768,456043.6768,16.6,13.58,2.951
603158,腾龙股份,汽车配件,江苏,20150320,603158.SH,20210824,15.14,15.55,14.91,15.09,14.97,0.12,0.8016,119636.97,182011.509,3.9613,7.5195,0.67,29.2472,26.0239,3.7827,2.572,2.3002,0.5598,0.6998,30201.568,30201.568,15910.186,455741.6611,455741.6611,16.47,13.47,2.951
603158,腾龙股份,汽车配件,江苏,20150320,603158.SH,20210823,14.87,15.35,14.86,14.97,15.05,-0.08,-0.5316,101331.7,152422.932,3.3552,6.369,0.43,29.0146,25.817,3.7526,2.5516,2.2819,0.5643,0.7054,30201.568,30201.568,15910.186,452117.473,452117.473,16.56,13.55,2.951
603158,腾龙股份,汽车配件,江苏,20150320,603158.SH,20210820,14.5,15.26,14.18,15.05,14.87,0.18,1.2105,109444.63,162071.92,3.6238,7.6035,0.39,29.1697,25.9549,3.7726,2.5652,2.2941,0.5613,0.7016,30201.568,30201.568,14393.944,454533.5984,454533.5984,16.36,13.38,2.951
603158,腾龙股份,汽车配件,江苏,20150320,603158.SH,20210819,14.82,15.45,14.56,14.87,14.7,0.17,1.1565,177747.6,266704.578,5.8854,12.3488,0.59,28.8208,25.6445,3.7275,2.5345,2.2666,0.5681,0.7101,30201.568,30201.568,14393.944,449097.3162,449097.3162,16.17,13.23,2.951
603158,腾龙股份,汽车配件,江苏,20150320,603158.SH,20210818,15.26,15.58,14.62,14.7,15.71,-1.01,-6.429,260602.44,390508.885,8.6288,18.105,0.87,28.4913,25.3513,3.6849,2.5056,2.2407,0.5747,0.7183,30201.568,30201.568,14393.944,443963.0496,443963.0496,17.28,14.14,2.951
603158,腾龙股份,汽车配件,江苏,20150320,603158.SH,20210817,17.01,17.2,15.71,15.71,17.46,-1.75,-10.0229,246882.44,400148.728,8.1745,17.1518,0.9,30.4489,27.0931,3.9381,2.6777,2.3947,0.5377,0.6722,30201.568,30201.568,14393.944,474466.6333,474466.6333,19.21,15.71,2.951
603158,腾龙股份,汽车配件,江苏,20150320,603158.SH,20210816,17.57,18.76,17.31,17.46,17.05,0.41,2.4047,389711.59,704677.171,12.9037,27.0747,1.86,33.8407,30.1112,4.3768,2.976,2.6614,0.4838,0.6048,30201.568,30201.568,14393.944,527319.3773,527319.3773,18.76,15.35,2.951
603158,腾龙股份,汽车配件,江苏,20150320,603158.SH,20210813,15.64,17.05,14.96,17.05,15.5,1.55,10.0,315380.18,506751.309,10.4425,21.9106,1.84,33.046,29.4041,4.274,2.9061,2.5989,0.4955,0.6193,30201.568,30201.568,14393.944,514936.7344,514936.7344,17.05,13.95,2.951
603158,腾龙股份,汽车配件,江苏,20150320,603158.SH,20210812,17.31,17.31,15.46,15.5,15.81,-0.31,-1.9608,293426.75,480610.533,9.7156,20.3854,2.41,30.0419,26.731,3.8855,2.6419,2.3627,0.545,0.6813,30201.568,30201.568,14393.944,468124.304,468124.304,17.39,14.23,2.951
603158,腾龙股份,汽车配件,江苏,20150320,603158.SH,20210811,14.69,15.81,14.21,15.81,14.37,1.44,10.0209,257767.94,391759.201,8.5349,17.9081,3.21,30.6427,27.2656,3.9632,2.6947,2.4099,0.5343,0.6679,30201.568,30201.568,14393.944,477486.7901,477486.7901,15.81,12.93,2.951
603158,腾龙股份,汽车配件,江苏,20150320,603158.SH,20210810,13.68,14.48,13.65,14.37,13.67,0.7,5.1207,112704.97,160637.702,3.7318,7.83,1.69,27.8517,24.7822,3.6022,2.4493,2.1904,0.5879,0.7348,30201.568,30201.568,14393.944,433996.5322,433996.5322,15.04,12.3,2.951
603158,腾龙股份,汽车配件,江苏,20150320,603158.SH,20210809,14.05,14.24,13.61,13.67,13.68,-0.01,-0.0731,67279.2,93130.479,2.2277,4.6741,1.02,26.495,23.575,3.4267,2.33,2.0837,0.618,0.7725,30201.568,30201.568,14393.944,412855.4346,412855.4346,15.05,12.31,2.951
603158,腾龙股份,汽车配件,江苏,20150320,603158.SH,20210806,13.38,14.11,13.2,13.68,13.25,0.43,3.2453,124373.58,170356.226,4.1181,8.6407,2.5,26.5144,23.5922,3.4292,2.3317,2.0852,0.6175,0.7719,30201.568,30201.568,14393.944,413157.4502,413157.4502,14.58,11.93,2.951
603158,腾龙股份,汽车配件,江苏,20150320,603158.SH,20210805,13.0,13.26,12.9,13.25,13.08,0.17,1.2997,47467.04,62239.995,1.5717,3.2977,0.98,25.6809,22.8507,3.3214,2.2584,2.0197,0.6376,0.797,30201.568,30201.568,14393.944,400170.776,400170.776,14.39,11.77,2.951
603158,腾龙股份,汽车配件,江苏,20150320,603158.SH,20210804,12.75,13.16,12.75,13.08,12.85,0.23,1.7899,49325.34,64066.59,1.6332,3.4268,1.04,25.3514,22.5575,3.2788,2.2294,1.9938,0.6458,0.8073,30201.568,30201.568,14393.944,395036.5094,395036.5094,14.14,11.57,2.951
603158,腾龙股份,汽车配件,江苏,20150320,603158.SH,20210803,12.89,13.11,12.7,12.85,12.99,-0.14,-1.0778,45960.92,59333.204,1.5218,3.1931,0.98,24.9057,22.1608,3.2212,2.1902,1.9587,0.6574,0.8218,30201.568,30201.568,14393.944,388090.1488,388090.1488,14.29,11.69,2.951
603158,腾龙股份,汽车配件,江苏,20150320,603158.SH,20210802,12.7,13.03,12.56,12.99,12.64,0.35,2.769,62106.44,79607.878,2.0564,4.3148,1.43,25.177,22.4023,3.2563,2.2141,1.9801,0.6503,0.8129,30201.568,30201.568,14393.944,392318.3683,392318.3683,13.9,11.38,2.951
603158,腾龙股份,汽车配件,江苏,20150320,603158.SH,20210730,12.18,12.7,12.17,12.64,12.27,0.37,3.0155,43624.78,54355.358,1.4445,3.0308,0.97,24.4986,21.7987,3.1685,2.1544,1.9267,0.6683,0.8354,30201.568,30201.568,14393.944,381747.8195,381747.8195,13.5,11.04,2.951
603158,腾龙股份,汽车配件,江苏,20150320,603158.SH,20210729,12.3,12.44,12.09,12.27,12.17,0.1,0.8217,41895.36,51279.134,1.3872,2.9106,0.89,23.7815,21.1606,3.0758,2.0914,1.8703,0.6885,0.8606,30201.568,30201.568,14393.944,370573.2394,370573.2394,13.39,10.95,2.951
603158,腾龙股份,汽车配件,江苏,20150320,603158.SH,20210728,12.7,12.85,12.01,12.17,12.79,-0.62,-4.8475,43220.8,53309.088,1.4311,3.0027,0.9,23.5877,20.9881,3.0507,2.0743,1.8551,0.6941,0.8677,30201.568,30201.568,14393.944,367553.0826,367553.0826,14.07,11.51,2.951
603158,腾龙股份,汽车配件,江苏,20150320,603158.SH,20210727,13.0,13.03,12.64,12.79,12.8,-0.01,-0.0781,43538.2,55958.804,1.4416,3.0248,0.86,24.7894,22.0574,3.2061,2.18,1.9496,0.6605,0.8256,30201.568,30201.568,14393.944,386278.0547,386278.0547,14.08,11.52,2.951
603158,腾龙股份,汽车配件,江苏,20150320,603158.SH,20210726,13.0,13.02,12.55,12.8,13.04,-0.24,-1.8405,44530.6,57006.135,1.4744,3.0937,0.88,24.8088,22.0746,3.2086,2.1817,1.9511,0.66,0.825,30201.568,30201.568,14393.944,386580.0704,386580.0704,14.34,11.74,2.951
603158,腾龙股份,汽车配件,江苏,20150320,603158.SH,20210723,12.98,13.18,12.74,13.04,13.05,-0.01,-0.0766,52040.87,67215.622,1.7231,3.6155,1.07,25.2739,22.4885,3.2688,2.2226,1.9877,0.6478,0.8098,30201.568,30201.568,14393.944,393828.4467,393828.4467,14.36,11.75,2.951
603158,腾龙股份,汽车配件,江苏,20150320,603158.SH,20210722,12.9,13.06,12.64,13.05,12.7,0.35,2.7559,52231.7,67299.69,1.7294,3.6287,1.12,25.2933,22.5058,3.2713,2.2243,1.9892,0.6473,0.8092,30201.568,30201.568,14393.944,394130.4624,394130.4624,13.97,11.43,2.951
603158,腾龙股份,汽车配件,江苏,20150320,603158.SH,20210721,12.68,12.9,12.52,12.7,12.73,-0.03,-0.2357,47478.09,60519.739,1.572,3.2985,1.01,24.6149,21.9022,3.1836,2.1647,1.9359,0.6652,0.8315,30201.568,30201.568,14393.944,383559.9136,383559.9136,14.0,11.46,2.951
603158,腾龙股份,汽车配件,江苏,20150320,603158.SH,20210720,12.0,12.85,11.95,12.73,12.26,0.47,3.8336,57000.26,71635.513,1.8873,3.96,1.06,24.6731,21.9539,3.1911,2.1698,1.9404,0.6636,0.8295,30201.568,30201.568,14393.944,384465.9606,384465.9606,13.49,11.03,2.951
603158,腾龙股份,汽车配件,江苏,20150320,603158.SH,20210719,12.2,12.68,12.13,12.26,12.01,0.25,2.0816,44588.01,55407.303,1.4763,3.0977,0.74,23.7621,21.1433,3.0733,2.0897,1.8688,0.689,0.8613,30201.568,30201.568,14393.944,370271.2237,370271.2237,13.21,10.81,2.951
603158,腾龙股份,汽车配件,江苏,20150320,603158.SH,20210716,12.26,12.38,11.95,12.01,12.26,-0.25,-2.0392,42699.2,51415.422,1.4138,2.9665,0.72,23.2776,20.7122,3.0106,2.0471,1.8307,0.7034,0.8792,30201.568,30201.568,14393.944,362720.8317,362720.8317,13.49,11.03,2.951
603158,腾龙股份,汽车配件,江苏,20150320,603158.SH,20210715,12.37,12.65,12.15,12.26,12.3,-0.04,-0.3252,42425.0,52423.406,1.4047,2.9474,0.75,23.7621,21.1433,3.0733,2.0897,1.8688,0.689,0.8613,30201.568,30201.568,14393.944,370271.2237,370271.2237,13.53,11.07,2.951
603158,腾龙股份,汽车配件,江苏,20150320,603158.SH,20210714,12.21,12.52,11.99,12.3,12.34,-0.04,-0.3241,49101.58,59996.489,1.6258,3.4113,0.94,23.8397,21.2123,3.0833,2.0965,1.8749,0.6868,0.8585,30201.568,30201.568,14393.944,371479.2864,371479.2864,13.57,11.11,2.951
603158,腾龙股份,汽车配件,江苏,20150320,603158.SH,20210713,13.3,13.42,12.3,12.34,12.81,-0.47,-3.669,90466.91,113889.939,2.9954,6.2851,2.4,23.9172,21.2813,3.0933,2.1033,1.881,0.6846,0.8557,30201.568,30201.568,14393.944,372687.3491,372687.3491,14.09,11.53,2.951
603158,腾龙股份,汽车配件,江苏,20150320,603158.SH,20210712,12.32,12.98,12.19,12.81,12.35,0.46,3.7247,75335.59,94869.9,2.4944,5.2338,2.97,24.8281,22.0919,3.2111,2.1834,1.9526,0.6595,0.8243,30201.568,30201.568,14393.944,386882.0861,386882.0861,13.59,11.12,2.951
603158,腾龙股份,汽车配件,江苏,20150320,603158.SH,20210709,11.82,12.38,11.82,12.35,11.92,0.43,3.6074,38092.32,46429.683,1.2613,2.6469,1.85,23.9366,21.2986,3.0958,2.105,1.8825,0.684,0.855,30201.568,30201.568,14391.3876,372989.3648,372989.3648,13.11,10.73,2.951
603158,腾龙股份,汽车配件,江苏,20150320,603158.SH,20210708,11.9,12.0,11.8,11.92,11.87,0.05,0.4212,30801.35,36704.133,1.0199,2.1403,1.76,23.1032,20.557,2.988,2.0317,1.817,0.7087,0.8859,30201.568,30201.568,14391.3876,360002.6906,360002.6906,13.06,10.68,2.951
603158,腾龙股份,汽车配件,江苏,20150320,603158.SH,20210707,11.55,11.9,11.53,11.87,11.58,0.29,2.5043,26536.48,31202.751,0.8786,1.8439,1.56,23.0062,20.4708,2.9755,2.0232,1.8093,0.7117,0.8896,30201.568,30201.568,14391.3876,358492.6122,358492.6122,12.74,10.42,2.951
603158,腾龙股份,汽车配件,江苏,20150320,603158.SH,20210706,11.4,11.65,11.33,11.58,11.45,0.13,1.1354,17922.15,20578.687,0.5934,1.2453,1.06,22.4442,19.9706,2.9028,1.9738,1.7651,0.7295,0.9119,30201.568,30201.568,14391.3876,349734.1574,349734.1574,12.6,10.31,2.951
603158,腾龙股份,汽车配件,江苏,20150320,603158.SH,20210705,11.51,11.61,11.4,11.45,11.51,-0.06,-0.5213,13589.43,15573.908,0.45,0.9443,0.71,22.1922,19.7464,2.8702,1.9516,1.7453,0.7378,0.9222,30201.568,30201.568,14391.3876,345807.9536,345807.9536,12.66,10.36,2.951
603158,腾龙股份,汽车配件,江苏,20150320,603158.SH,20210702,11.59,11.59,11.35,11.51,11.64,-0.13,-1.1168,14176.6,16228.816,0.4694,0.9851,0.7,22.3085,19.8499,2.8853,1.9618,1.7545,0.7339,0.9174,30201.568,30201.568,14391.3876,347620.0477,347620.0477,12.8,10.48,2.951
603158,腾龙股份,汽车配件,江苏,20150320,603158.SH,20210701,11.83,11.86,11.6,11.64,11.7,-0.06,-0.5128,15228.2,17882.653,0.5042,1.0581,0.68,22.5605,20.0741,2.9178,1.984,1.7743,0.7257,0.9072,30201.568,30201.568,14391.3876,351546.2515,351546.2515,12.87,10.53,2.951
603158,腾龙股份,汽车配件,江苏,20150320,603158.SH,20210630,11.72,11.86,11.62,11.7,11.8,-0.1,-0.8475,23932.6,28083.461,0.7924,1.663,0.93,22.6768,20.1776,2.9329,1.9942,1.7834,0.722,0.9025,30201.568,30201.568,14391.3876,353358.3456,353358.3456,12.98,10.62,2.951
603158,腾龙股份,汽车配件,江苏,20150320,603158.SH,20210629,11.7,11.83,11.68,11.8,11.76,0.04,0.3401,17274.29,20339.035,0.572,1.2003,0.65,22.8706,20.35,2.958,2.0113,1.7987,0.7159,0.8949,30201.568,30201.568,14391.3876,356378.5024,356378.5024,12.94,10.58,2.951
603158,腾龙股份,汽车配件,江苏,20150320,603158.SH,20210628,11.68,11.9,11.54,11.76,11.55,0.21,1.8182,24541.16,28756.175,0.8126,1.7053,0.96,22.793,20.2811,2.9479,2.0044,1.7926,0.7183,0.8979,30201.568,30201.568,14391.3876,355170.4397,355170.4397,12.71,10.4,2.951
603158,腾龙股份,汽车配件,江苏,20150320,603158.SH,20210625,11.71,11.75,11.44,11.55,11.82,-0.27,-2.2843,20504.59,23639.208,0.6789,1.4248,0.84,22.386,19.9189,2.8953,1.9686,1.7606,0.7314,0.9143,30201.568,30201.568,14391.3876,348828.1104,348828.1104,13.0,10.64,2.951
603158,腾龙股份,汽车配件,江苏,20150320,603158.SH,20210624,11.84,11.93,11.74,11.82,11.86,-0.04,-0.3373,25795.43,30494.842,0.8541,1.7924,1.13,22.9093,20.3845,2.963,2.0147,1.8017,0.7147,0.8934,30201.568,30201.568,14391.3876,356982.5338,356982.5338,13.05,10.67,2.951
603158,腾龙股份,汽车配件,江苏,20150320,603158.SH,20210623,11.78,11.89,11.55,11.86,11.85,0.01,0.0844,40448.49,47438.08,1.3393,2.8106,2.17,22.9869,20.4535,2.973,2.0215,1.8078,0.7123,0.8904,30201.568,30201.568,14391.3876,358190.5965,358190.5965,13.04,10.67,2.951
603158,腾龙股份,汽车配件,江苏,20150320,603158.SH,20210622,11.85,11.9,11.6,11.85,11.73,0.12,1.023,20933.86,24629.112,0.9648,2.0121,1.17,22.9675,20.4363,2.9705,2.0198,1.8063,0.7129,0.8911,30201.568,21697.12,10404.134,357888.5808,257110.872,12.9,10.56,2.951
603158,腾龙股份,汽车配件,江苏,20150320,603158.SH,20210621,16.21,16.49,16.12,16.47,16.17,0.3,1.8553,20215.0,32919.435,0.9317,1.943,1.15,22.933,20.4056,2.8895,2.0167,1.8036,0.714,,21697.12,21697.12,10404.134,357351.5664,357351.5664,17.79,14.55,2.102
603158,腾龙股份,汽车配件,江苏,20150320,603158.SH,20210618,15.96,16.33,15.96,16.17,16.03,0.14,0.8734,14435.05,23326.965,0.6653,1.3874,0.75,22.5153,20.0339,2.8369,1.98,1.7707,0.7272,0.7272,21697.12,21697.12,10404.134,350842.4304,350842.4304,17.63,14.43,2.102
603158,腾龙股份,汽车配件,江苏,20150320,603158.SH,20210617,15.98,16.03,15.64,16.03,16.0,0.03,0.1875,17892.0,28297.377,0.8246,1.7197,0.97,22.3204,19.8605,2.8124,1.9629,1.7554,0.7336,0.7336,21697.12,21697.12,10404.134,347804.8336,347804.8336,17.6,14.4,2.102
603158,腾龙股份,汽车配件,江苏,20150320,603158.SH,20210616,16.47,16.7,15.81,16.0,16.45,-0.45,-2.7356,19823.0,31992.894,0.9136,1.9053,1.09,22.2786,19.8233,2.8071,1.9592,1.7521,0.7349,0.7349,21697.12,21697.12,10404.134,347153.92,347153.92,18.1,14.81,2.102
603158,腾龙股份,汽车配件,江苏,20150320,603158.SH,20210615,16.7,16.89,16.35,16.45,16.74,-0.29,-1.7324,17005.0,28147.009,0.7837,1.6344,0.91,22.9052,20.3808,2.886,2.0143,1.8014,0.7148,0.7148,21697.12,21697.12,10404.134,356917.624,356917.624,18.41,15.07,2.102
603158,腾龙股份,汽车配件,江苏,20150320,603158.SH,20210611,16.82,17.09,16.58,16.74,16.93,-0.19,-1.1223,18666.0,31225.909,0.8603,1.7941,0.95,23.309,20.7401,2.9369,2.0498,1.8331,0.7024,0.7024,21697.12,21697.12,10404.134,363209.7888,363209.7888,18.62,15.24,2.102
603158,腾龙股份,汽车配件,江苏,20150320,603158.SH,20210610,16.86,17.02,16.62,16.93,16.92,0.01,0.0591,23093.35,38817.123,1.0644,2.2196,1.04,23.5735,20.9755,2.9703,2.0731,1.854,0.6946,0.6946,21697.12,21697.12,10404.134,367332.2416,367332.2416,18.61,15.23,2.102
603158,腾龙股份,汽车配件,江苏,20150320,603158.SH,20210609,17.2,17.3,16.81,16.92,17.19,-0.27,-1.5707,13550.47,23049.477,0.6245,1.3024,0.43,23.5596,20.9631,2.9685,2.0719,1.8529,0.695,0.695,21697.12,21697.12,10404.134,367115.2704,367115.2704,18.91,15.47,2.102
603158,腾龙股份,汽车配件,江苏,20150320,603158.SH,20210608,17.49,17.53,17.18,17.19,17.57,-0.38,-2.1628,18303.0,31667.393,0.8436,1.7592,0.57,23.9356,21.2977,3.0159,2.1049,1.8824,0.6841,0.6841,21697.12,21697.12,10404.134,372973.4928,372973.4928,19.33,15.81,2.102
603158,腾龙股份,汽车配件,江苏,20150320,603158.SH,20210607,17.45,17.64,17.28,17.57,17.6,-0.03,-0.1705,19488.45,34055.599,0.8982,1.8731,0.64,24.4647,21.7685,3.0825,2.1514,1.924,0.6693,0.6693,21697.12,21697.12,10404.134,381218.3984,381218.3984,19.36,15.84,2.102
603158,腾龙股份,汽车配件,江苏,20150320,603158.SH,20210604,17.33,17.78,17.33,17.6,17.42,0.18,1.0333,24245.24,42633.899,1.1174,2.3303,0.88,24.5064,21.8056,3.0878,2.1551,1.9273,0.6681,0.6681,21697.12,21697.12,10404.134,381869.312,381869.312,19.16,15.68,2.102
603158,腾龙股份,汽车配件,江苏,20150320,603158.SH,20210603,17.61,17.97,17.4,17.42,17.85,-0.43,-2.409,35090.0,61936.599,1.6173,3.3727,1.51,24.2558,21.5826,3.0562,2.1331,1.9076,0.675,0.675,21697.12,21697.12,10404.134,377963.8304,377963.8304,19.64,16.07,2.102
603158,腾龙股份,汽车配件,江苏,20150320,603158.SH,20210602,17.35,18.48,17.12,17.85,17.16,0.69,4.021,61402.35,109576.884,2.83,5.9017,4.5,24.8545,22.1154,3.1317,2.1857,1.9547,0.6588,0.6588,21697.12,21697.12,10404.134,387293.592,387293.592,18.88,15.44,2.102
603158,腾龙股份,汽车配件,江苏,20150320,603158.SH,20210601,16.8,17.24,16.79,17.16,16.78,0.38,2.2646,20237.01,34425.289,0.9327,1.9451,1.64,23.8938,21.2605,3.0106,2.1012,1.8791,0.6852,0.6852,21697.12,21697.12,10404.134,372322.5792,372322.5792,18.46,15.1,2.102
603158,腾龙股份,汽车配件,江苏,20150320,603158.SH,20210531,17.0,17.0,16.73,16.78,16.98,-0.2,-1.1779,11672.0,19636.171,0.538,1.1219,0.96,23.3647,20.7897,2.9439,2.0547,1.8375,0.7008,0.7008,21697.12,21697.12,10404.134,364077.6736,364077.6736,18.68,15.28,2.102
603158,腾龙股份,汽车配件,江苏,20150320,603158.SH,20210528,17.0,17.03,16.83,16.98,17.0,-0.02,-0.1176,10013.0,16942.13,0.4615,0.9624,0.82,23.6431,21.0375,2.979,2.0792,1.8594,0.6925,0.6925,21697.12,21697.12,10404.134,368417.0976,368417.0976,18.7,15.3,2.102
603158,腾龙股份,汽车配件,江苏,20150320,603158.SH,20210527,16.87,17.0,16.76,17.0,16.91,0.09,0.5322,12721.0,21448.093,0.5863,1.2227,1.05,23.671,21.0622,2.9825,2.0816,1.8616,0.6917,0.6917,21697.12,21697.12,10404.134,368851.04,368851.04,18.6,15.22,2.102
603158,腾龙股份,汽车配件,江苏,20150320,603158.SH,20210526,16.83,16.94,16.67,16.91,16.82,0.09,0.5351,13522.01,22772.735,0.6232,1.2997,1.19,23.5457,20.9507,2.9667,2.0706,1.8518,0.6954,0.6954,21697.12,21697.12,10404.134,366898.2992,366898.2992,18.5,15.14,2.102
603158,腾龙股份,汽车配件,江苏,20150320,603158.SH,20210525,16.67,16.96,16.61,16.82,16.78,0.04,0.2384,13842.0,23249.716,0.638,1.3304,1.03,23.4204,20.8392,2.951,2.0596,1.8419,0.6991,0.6991,21697.12,21697.12,10404.134,364945.5584,364945.5584,18.46,15.1,2.102
603158,腾龙股份,汽车配件,江苏,20150320,603158.SH,20210524,16.6,16.78,16.4,16.78,16.6,0.18,1.0843,10569.0,17515.173,0.4871,1.0158,0.62,23.3647,20.7897,2.9439,2.0547,1.8375,0.7008,0.7008,21697.12,21697.12,10404.134,364077.6736,364077.6736,18.26,14.94,2.102
603158,腾龙股份,汽车配件,江苏,20150320,603158.SH,20210521,16.71,16.75,16.45,16.6,16.81,-0.21,-1.2493,10663.0,17630.734,0.4914,1.0249,0.59,23.114,20.5667,2.9124,2.0327,1.8178,0.7084,0.7084,21697.12,21697.12,10404.134,360172.192,360172.192,18.49,15.13,2.102
603158,腾龙股份,汽车配件,江苏,20150320,603158.SH,20210520,16.78,16.98,16.61,16.81,16.79,0.02,0.1191,12157.63,20416.861,0.5603,1.1685,0.7,23.4064,20.8268,2.9492,2.0584,1.8408,0.6995,0.6995,21697.12,21697.12,10404.134,364728.5872,364728.5872,18.47,15.11,2.102
603158,腾龙股份,汽车配件,江苏,20150320,603158.SH,20210519,16.8,16.84,16.51,16.79,16.8,-0.01,-0.0595,9818.0,16367.445,0.4525,0.9437,0.55,23.3786,20.8021,2.9457,2.0559,1.8386,0.7003,0.7003,21697.12,21697.12,10404.134,364294.6448,364294.6448,18.48,15.12,2.102
603158,腾龙股份,汽车配件,江苏,20150320,603158.SH,20210518,16.6,16.89,16.29,16.8,16.6,0.2,1.2048,23939.0,39665.437,1.1033,2.3009,1.61,23.3925,20.8145,2.9474,2.0572,1.8397,0.6999,0.6999,21697.12,21697.12,10404.134,364511.616,364511.616,18.26,14.94,2.102
603158,腾龙股份,汽车配件,江苏,20150320,603158.SH,20210517,17.57,17.67,16.35,16.6,17.71,-1.11,-6.2676,28871.13,49092.446,1.3306,2.775,2.64,23.114,20.5667,2.9124,2.0327,1.8178,0.7084,0.7084,21697.12,21697.12,10404.134,360172.192,360172.192,19.48,15.94,2.102
603158,腾龙股份,汽车配件,江苏,20150320,603158.SH,20210514,17.4,17.79,17.35,17.71,17.55,0.16,0.9117,15482.0,27232.141,0.7136,1.4881,1.52,24.6596,21.9419,3.1071,2.1686,1.9394,0.664,0.664,21697.12,21697.12,10404.134,384255.9952,384255.9952,19.31,15.8,2.102
603158,腾龙股份,汽车配件,江苏,20150320,603158.SH,20210513,17.56,17.72,17.4,17.55,17.69,-0.14,-0.7914,8605.0,15081.426,0.3966,0.8271,0.78,24.4368,21.7437,3.079,2.149,1.9218,0.67,0.67,21697.12,21697.12,10404.134,380784.456,380784.456,19.46,15.92,2.102
603158,腾龙股份,汽车配件,江苏,20150320,603158.SH,20210512,17.49,17.7,17.17,17.69,17.5,0.19,1.0857,11616.96,20330.447,0.5354,1.1166,1.08,24.6318,21.9171,3.1036,2.1661,1.9372,0.6647,0.6647,21697.12,21697.12,10404.134,383822.0528,383822.0528,19.25,15.75,2.102
603158,腾龙股份,汽车配件,江苏,20150320,603158.SH,20210511,17.17,17.53,17.17,17.5,17.36,0.14,0.8065,9640.26,16796.358,0.4443,0.9266,0.71,24.3672,21.6817,3.0703,2.1429,1.9164,0.6719,0.6719,21697.12,21697.12,10404.134,379699.6,379699.6,19.1,15.62,2.102
603158,腾龙股份,汽车配件,江苏,20150320,603158.SH,20210510,17.0,17.62,16.99,17.36,17.35,0.01,0.0576,9311.03,16154.937,0.4291,0.8949,0.56,24.1723,21.5083,3.0457,2.1257,1.901,0.6774,0.6774,21697.12,21697.12,10404.134,376662.0032,376662.0032,19.09,15.62,2.102
603158,腾龙股份,汽车配件,江苏,20150320,603158.SH,20210507,17.6,17.74,17.22,17.35,17.6,-0.25,-1.4205,11804.17,20618.765,0.544,1.1346,0.67,24.1583,21.4959,3.0439,2.1245,1.8999,0.6777,0.6777,21697.12,21697.12,10404.134,376445.032,376445.032,19.36,15.84,2.102
603158,腾龙股份,汽车配件,江苏,20150320,603158.SH,20210506,18.09,18.09,17.56,17.6,18.13,-0.53,-2.9233,12962.0,22934.992,0.5974,1.2459,0.74,24.5064,21.8056,3.0878,2.1551,1.9273,0.6681,0.6681,21697.12,21697.12,10404.134,381869.312,381869.312,19.94,16.32,2.102
603158,腾龙股份,汽车配件,江苏,20150320,603158.SH,20210430,17.95,18.15,17.95,18.13,18.12,0.01,0.0552,10019.14,18081.106,0.4618,0.963,0.56,25.2444,22.4623,3.1808,2.22,1.9854,0.6486,0.6486,21697.12,21697.12,10404.134,393368.7856,393368.7856,19.93,16.31,2.102
603158,腾龙股份,汽车配件,江苏,20150320,603158.SH,20210429,18.46,18.46,17.68,18.12,18.09,0.03,0.1658,24109.17,43331.639,1.1112,2.3173,1.47,25.2305,22.4499,3.179,2.2188,1.9843,0.6489,0.6489,21697.12,21697.12,10404.134,393151.8144,393151.8144,19.9,16.28,2.102
603158,腾龙股份,汽车配件,江苏,20150320,603158.SH,20210428,17.7,18.1,17.41,18.09,17.74,0.35,1.9729,23762.91,42319.785,1.0952,2.284,1.68,32.1836,27.4263,3.4603,3.7976,2.6618,0.65,0.65,21697.12,21697.12,10404.134,392500.9008,392500.9008,19.51,15.97,2.102
603158,腾龙股份,汽车配件,江苏,20150320,603158.SH,20210427,17.46,17.75,17.0,17.74,17.52,0.22,1.2557,16867.28,29231.538,0.7774,1.6212,1.19,31.561,26.8957,3.3934,3.7242,2.6103,0.6628,0.6628,21697.12,21697.12,10404.134,384906.9088,384906.9088,19.27,15.77,2.102
603158,腾龙股份,汽车配件,江苏,20150320,603158.SH,20210426,17.19,17.54,17.06,17.52,17.38,0.14,0.8055,12824.68,22215.222,0.5911,1.2327,0.81,31.1696,26.5621,3.3513,3.678,2.578,0.6712,0.6712,21697.12,21697.12,10404.134,380133.5424,380133.5424,19.12,15.64,2.102
603158,腾龙股份,汽车配件,江苏,20150320,603158.SH,20210423,17.08,17.42,16.93,17.38,17.24,0.14,0.8121,12184.0,20976.877,0.5615,1.1711,0.71,30.9205,26.3499,3.3245,3.6486,2.5574,0.6766,0.6766,21697.12,21697.12,10404.134,377095.9456,377095.9456,18.96,15.52,2.102
603158,腾龙股份,汽车配件,江苏,20150320,603158.SH,20210422,17.49,17.82,17.2,17.24,17.23,0.01,0.058,16407.45,28593.574,0.7562,1.577,1.04,30.6714,26.1376,3.2977,3.6192,2.5368,0.6821,0.6821,21697.12,21697.12,10404.134,374058.3488,374058.3488,18.95,15.51,2.102
603158,腾龙股份,汽车配件,江苏,20150320,603158.SH,20210421,17.53,17.7,17.12,17.23,17.61,-0.38,-2.1579,12590.0,21812.64,0.5803,1.2101,0.72,30.6536,26.1225,3.2958,3.6171,2.5353,0.6825,0.6825,21697.12,21697.12,10404.134,373841.3776,373841.3776,19.37,15.85,2.102
603158,腾龙股份,汽车配件,江苏,20150320,603158.SH,20210420,17.5,17.7,17.31,17.61,17.52,0.09,0.5137,17114.0,29973.872,0.7888,1.6449,0.96,31.3297,26.6986,3.3685,3.6969,2.5912,0.6677,0.6677,21697.12,21697.12,10404.134,382086.2832,382086.2832,19.27,15.77,2.102
603158,腾龙股份,汽车配件,江苏,20150320,603158.SH,20210419,16.8,17.79,16.8,17.52,16.8,0.72,4.2857,20475.04,35583.461,0.9437,1.968,0.95,31.1696,26.5621,3.3513,3.678,2.578,0.6712,0.6712,21697.12,21697.12,10404.134,380133.5424,380133.5424,18.48,15.12,2.102
603158,腾龙股份,汽车配件,江苏,20150320,603158.SH,20210416,16.7,17.54,16.66,16.8,16.67,0.13,0.7798,18991.0,31912.271,0.8753,1.8253,0.78,29.8886,25.4705,3.2136,3.5268,2.472,0.6999,0.6999,21697.12,21697.12,10404.134,364511.616,364511.616,18.34,15.0,2.102
603158,腾龙股份,汽车配件,江苏,20150320,603158.SH,20210415,16.53,16.77,16.5,16.67,16.65,0.02,0.1201,10011.0,16656.909,0.4614,0.9622,0.41,29.6573,25.2734,3.1887,3.4995,2.4529,0.7054,0.7054,21697.12,21697.12,10404.134,361690.9904,361690.9904,18.32,14.99,2.102
603158,腾龙股份,汽车配件,江苏,20150320,603158.SH,20210414,16.51,17.26,16.0,16.65,16.48,0.17,1.0316,20245.47,34167.317,0.9331,1.9459,0.82,29.6218,25.2431,3.1849,3.4953,2.45,0.7062,0.7062,21697.12,21697.12,10404.134,361257.048,361257.048,18.13,14.83,2.102
603158,腾龙股份,汽车配件,江苏,20150320,603158.SH,20210413,16.93,16.99,16.39,16.48,17.17,-0.69,-4.0186,19186.47,31886.326,0.8843,1.8441,0.66,29.3193,24.9854,3.1524,3.4596,2.4249,0.7135,0.7135,21697.12,21697.12,10404.134,357568.5376,357568.5376,18.89,15.45,2.102
603158,腾龙股份,汽车配件,江苏,20150320,603158.SH,20210412,18.2,18.29,16.8,17.17,18.23,-1.06,-5.8146,38790.0,67683.878,1.7878,3.7283,1.62,30.5469,26.0315,3.2844,3.6045,2.5265,0.6848,0.6848,21697.12,21697.12,10404.134,372539.5504,372539.5504,20.05,16.41,2.102
603158,腾龙股份,汽车配件,江苏,20150320,603158.SH,20210409,17.6,18.65,17.6,18.23,17.58,0.65,3.6974,33252.18,60546.062,1.5326,3.1961,1.57,32.4327,27.6386,3.4871,3.827,2.6824,0.645,0.645,21697.12,21697.12,10404.134,395538.4976,395538.4976,19.34,15.82,2.102
603158,腾龙股份,汽车配件,江苏,20150320,603158.SH,20210408,17.55,17.88,17.55,17.58,17.75,-0.17,-0.9577,9664.0,17111.161,0.4454,0.9289,0.43,31.2763,26.6531,3.3628,3.6906,2.5868,0.6689,0.6689,21697.12,21697.12,10404.134,381435.3696,381435.3696,19.53,15.98,2.102
603158,腾龙股份,汽车配件,江苏,20150320,603158.SH,20210407,17.72,17.91,17.55,17.75,18.1,-0.35,-1.9337,23160.47,41028.832,1.0674,2.2261,1.09,31.5788,26.9108,3.3953,3.7263,2.6118,0.6625,0.6625,21697.12,21697.12,10404.134,385123.88,385123.88,19.91,16.29,2.102
603158,腾龙股份,汽车配件,江苏,20150320,603158.SH,20210406,17.4,18.16,17.35,18.1,17.02,1.08,6.3455,39960.16,71482.576,1.8417,4.337,2.59,32.2014,27.4415,3.4622,3.7997,2.6633,0.6497,0.6497,21697.12,21697.12,9213.804,392717.872,392717.872,18.72,15.32,2.102
603158,腾龙股份,汽车配件,江苏,20150320,603158.SH,20210402,16.78,17.06,16.55,17.02,16.6,0.42,2.5301,13820.0,23305.223,0.637,1.4999,0.83,30.28,25.8041,3.2557,3.573,2.5044,0.6909,0.6909,21697.12,21697.12,9213.804,369284.9824,369284.9824,18.26,14.94,2.102
603158,腾龙股份,汽车配件,江苏,20150320,603158.SH,20210401,16.65,17.09,16.51,16.6,16.83,-0.23,-1.3666,19574.0,32868.29,0.9021,2.1244,1.36,29.5328,25.1673,3.1753,3.4848,2.4426,0.7084,0.7084,21697.12,21697.12,9213.804,360172.192,360172.192,18.51,15.15,2.102
603158,腾龙股份,汽车配件,江苏,20150320,603158.SH,20210331,16.79,17.05,16.61,16.83,16.8,0.03,0.1786,16335.0,27564.17,0.7529,1.7729,1.22,29.942,25.516,3.2193,3.5331,2.4764,0.6987,0.6987,21697.12,21697.12,9213.804,365162.5296,365162.5296,18.48,15.12,2.102
603158,腾龙股份,汽车配件,江苏,20150320,603158.SH,20210330,17.2,17.2,16.68,16.8,17.17,-0.37,-2.1549,16557.69,27915.722,0.7631,1.8187,1.4,29.8886,25.4705,3.2136,3.5268,2.472,0.6999,0.6999,21697.12,21697.12,9104.134,364511.616,364511.616,18.89,15.45,2.102
603158,腾龙股份,汽车配件,江苏,20150320,603158.SH,20210329,17.27,17.29,17.0,17.17,17.1,0.07,0.4094,10978.69,18819.047,0.506,1.2059,0.92,30.5469,26.0315,3.2844,3.6045,2.5265,0.6848,0.6848,21697.12,21697.12,9104.134,372539.5504,372539.5504,18.81,15.39,2.102
603158,腾龙股份,汽车配件,江苏,20150320,603158.SH,20210326,17.23,17.59,17.0,17.1,17.39,-0.29,-1.6676,20172.0,34641.703,0.9297,2.2157,1.86,30.4224,25.9254,3.271,3.5898,2.5162,0.6877,0.6877,21697.12,21697.12,9104.134,371020.752,371020.752,19.13,15.65,2.102
603158,腾龙股份,汽车配件,江苏,20150320,603158.SH,20210325,17.45,17.59,17.34,17.39,17.49,-0.1,-0.5718,8127.0,14178.672,0.3746,0.8927,0.6,30.9383,26.365,3.3264,3.6507,2.5588,0.6762,0.6762,21697.12,21697.12,9104.134,377312.9168,377312.9168,19.24,15.74,2.102
603158,腾龙股份,汽车配件,江苏,20150320,603158.SH,20210324,17.86,18.1,17.46,17.49,17.9,-0.41,-2.2905,11194.28,19702.301,0.5159,1.2296,0.8,31.1162,26.5166,3.3456,3.6717,2.5736,0.6723,0.6723,21697.12,21697.12,9104.134,379482.6288,379482.6288,19.69,16.11,2.102
603158,腾龙股份,汽车配件,江苏,20150320,603158.SH,20210323,18.65,18.65,17.84,17.9,18.32,-0.42,-2.2926,8649.69,15583.886,0.3987,0.9501,0.61,31.8456,27.1382,3.424,3.7577,2.6339,0.6569,0.6569,21697.12,21697.12,9104.134,388378.448,388378.448,20.15,16.49,2.102
603158,腾龙股份,汽车配件,江苏,20150320,603158.SH,20210322,18.27,18.8,18.12,18.32,18.15,0.17,0.9366,11425.69,21073.382,0.5266,1.255,0.81,32.5928,27.775,3.5043,3.8459,2.6957,0.6419,0.6419,21697.12,21697.12,9104.134,397491.2384,397491.2384,19.97,16.34,2.102
603158,腾龙股份,汽车配件,江苏,20150320,603158.SH,20210319,18.4,18.49,17.97,18.15,18.51,-0.36,-1.9449,14741.63,26926.796,0.6794,1.6192,0.98,32.2904,27.5173,3.4718,3.8102,2.6707,0.6479,0.6479,21697.12,21697.12,9104.134,393802.728,393802.728,20.36,16.66,2.102
603158,腾龙股份,汽车配件,江苏,20150320,603158.SH,20210318,19.7,19.7,18.45,18.51,19.21,-0.7,-3.6439,21315.63,40044.249,0.9824,2.3413,1.28,32.9309,28.0631,3.5407,3.8858,2.7236,0.6353,0.6353,21697.12,21697.12,9104.134,401613.6912,401613.6912,21.13,17.29,2.102
603158,腾龙股份,汽车配件,江苏,20150320,603158.SH,20210317,18.97,19.45,18.63,19.21,18.98,0.23,1.2118,14108.47,26910.412,0.6502,1.5497,0.84,34.1762,29.1243,3.6746,4.0327,2.8266,0.6121,0.6121,21697.12,21697.12,9104.134,416801.6752,416801.6752,20.88,17.08,2.102
603158,腾龙股份,汽车配件,江苏,20150320,603158.SH,20210316,18.9,19.14,18.9,18.98,19.15,-0.17,-0.8877,9652.0,18329.339,0.4449,1.0602,0.47,33.767,28.7756,3.6306,3.9845,2.7928,0.6195,0.6195,21697.12,21697.12,9104.134,411811.3376,411811.3376,21.07,17.24,2.102
603158,腾龙股份,汽车配件,江苏,20150320,603158.SH,20210315,19.3,19.34,18.9,19.15,19.18,-0.03,-0.1564,10320.0,19668.158,0.4756,1.1574,0.46,34.0695,29.0334,3.6631,4.0202,2.8178,0.614,0.614,21697.12,21697.12,8916.434,415499.848,415499.848,21.1,17.26,2.102
603158,腾龙股份,汽车配件,江苏,20150320,603158.SH,20210312,18.88,19.19,18.88,19.18,19.0,0.18,0.9474,20163.0,38432.896,0.9293,2.2613,0.92,34.1228,29.0789,3.6688,4.0265,2.8222,0.6131,0.6131,21697.12,21697.12,8916.434,416150.7616,416150.7616,20.9,17.1,2.102
603158,腾龙股份,汽车配件,江苏,20150320,603158.SH,20210311,19.09,19.25,18.82,19.0,18.97,0.03,0.1581,28944.0,55176.026,1.334,3.2461,1.44,33.8026,28.806,3.6344,3.9887,2.7957,0.6189,0.6189,21697.12,21697.12,8916.434,412245.28,412245.28,20.87,17.07,2.102
603158,腾龙股份,汽车配件,江苏,20150320,603158.SH,20210310,19.09,19.15,18.8,18.97,18.87,0.1,0.5299,15258.0,28972.341,0.7032,1.7112,0.64,33.7492,28.7605,3.6287,3.9824,2.7913,0.6199,0.6199,21697.12,21697.12,8916.434,411594.3664,411594.3664,20.76,16.98,2.102
603158,腾龙股份,汽车配件,江苏,20150320,603158.SH,20210309,18.86,19.15,18.0,18.87,18.95,-0.08,-0.4222,27476.0,51823.845,1.2663,3.0815,0.99,33.5713,28.6089,3.6095,3.9614,2.7766,0.6232,0.6232,21697.12,21697.12,8916.434,409424.6544,409424.6544,20.85,17.06,2.102
603158,腾龙股份,汽车配件,江苏,20150320,603158.SH,20210308,19.21,19.3,18.85,18.95,19.21,-0.26,-1.3535,21493.0,41040.124,0.9906,2.4105,0.79,33.7137,28.7302,3.6248,3.9782,2.7884,0.6205,0.6205,21697.12,21697.12,8916.434,411160.424,411160.424,21.13,17.29,2.102
603158,腾龙股份,汽车配件,江苏,20150320,603158.SH,20210305,19.27,19.29,18.92,19.21,19.02,0.19,0.9989,16138.47,30874.988,0.7438,1.81,0.61,34.1762,29.1243,3.6746,4.0327,2.8266,0.6121,0.6121,21697.12,21697.12,8916.434,416801.6752,416801.6752,20.92,17.12,2.102
603158,腾龙股份,汽车配件,江苏,20150320,603158.SH,20210304,19.0,19.42,18.85,19.02,19.14,-0.12,-0.627,20188.0,38594.891,0.9304,2.2641,0.8,33.8382,28.8363,3.6382,3.9929,2.7987,0.6182,0.6182,21697.12,21697.12,8916.434,412679.2224,412679.2224,21.05,17.23,2.102
603158,腾龙股份,汽车配件,江苏,20150320,603158.SH,20210303,18.65,19.32,18.5,19.14,18.66,0.48,2.5723,33227.0,62913.887,1.5314,3.7265,1.54,34.0517,29.0182,3.6612,4.0181,2.8163,0.6144,0.6144,21697.12,21697.12,8916.434,415282.8768,415282.8768,20.53,16.79,2.102
603158,腾龙股份,汽车配件,江苏,20150320,603158.SH,20210302,17.45,19.31,17.45,18.66,17.64,1.02,5.7823,48214.25,89812.628,2.2221,5.4073,3.07,33.1977,28.2905,3.5694,3.9173,2.7457,0.6302,0.6302,21697.12,21697.12,8916.434,404868.2592,404868.2592,19.4,15.88,2.102
603158,腾龙股份,汽车配件,江苏,20150320,603158.SH,20210301,16.88,17.66,16.88,17.64,17.04,0.6,3.5211,19069.86,33134.155,0.8789,2.1387,1.14,31.3831,26.7441,3.3743,3.7032,2.5956,0.6666,0.6666,21697.12,21697.12,8916.434,382737.1968,382737.1968,18.74,15.34,2.102
603158,腾龙股份,汽车配件,江苏,20150320,603158.SH,20210226,17.01,17.19,16.85,17.04,17.08,-0.04,-0.2342,10936.0,18624.254,0.504,1.2265,0.58,30.3156,25.8344,3.2595,3.5772,2.5073,0.6901,0.6901,21697.12,21697.12,8916.434,369718.9248,369718.9248,18.79,15.37,2.102
603158,腾龙股份,汽车配件,江苏,20150320,603158.SH,20210225,17.51,17.54,16.91,17.08,17.3,-0.22,-1.2717,14123.0,24234.826,0.6509,1.5839,0.76,30.3868,25.895,3.2671,3.5856,2.5132,0.6885,0.6885,21697.12,21697.12,8916.434,370586.8096,370586.8096,19.03,15.57,2.102
603158,腾龙股份,汽车配件,江苏,20150320,603158.SH,20210224,17.32,17.53,17.06,17.3,17.3,0.0,0.0,15822.0,27369.614,0.7292,1.7745,0.86,30.7782,26.2286,3.3092,3.6318,2.5456,0.6797,0.6797,21697.12,21697.12,8916.434,375360.176,375360.176,19.03,15.57,2.102
603158,腾龙股份,汽车配件,江苏,20150320,603158.SH,20210223,17.19,17.72,16.91,17.3,17.55,-0.25,-1.4245,18575.01,32104.864,0.8561,2.0832,1.08,30.7782,26.2286,3.3092,3.6318,2.5456,0.6797,0.6797,21697.12,21697.12,8916.434,375360.176,375360.176,19.31,15.8,2.102
603158,腾龙股份,汽车配件,江苏,20150320,603158.SH,20210222,17.18,17.99,17.09,17.55,17.09,0.46,2.6916,24376.0,43037.521,1.1235,2.7338,1.6,31.2229,26.6076,3.357,3.6843,2.5824,0.67,0.67,21697.12,21697.12,8916.434,380784.456,380784.456,18.8,15.38,2.102
603158,腾龙股份,汽车配件,江苏,20150320,603158.SH,20210219,16.53,17.35,16.3,17.09,16.53,0.56,3.3878,20820.0,35518.926,0.9596,2.335,1.48,30.4046,25.9102,3.269,3.5877,2.5147,0.6881,0.6881,21697.12,21697.12,8916.434,370803.7808,370803.7808,18.18,14.88,2.102
603158,腾龙股份,汽车配件,江苏,20150320,603158.SH,20210218,16.47,16.87,16.3,16.53,16.17,0.36,2.2263,13779.0,22894.396,0.6351,1.5453,0.96,29.4083,25.0612,3.1619,3.4701,2.4323,0.7114,0.7114,21697.12,21697.12,8916.434,358653.3936,358653.3936,17.79,14.55,2.102
603158,腾龙股份,汽车配件,江苏,20150320,603158.SH,20210210,15.58,16.2,15.5,16.17,15.58,0.59,3.7869,14231.0,22701.544,0.6559,1.596,1.03,28.7678,24.5154,3.0931,3.3946,2.3793,0.7272,0.7272,21697.12,21697.12,8916.434,350842.4304,350842.4304,17.14,14.02,2.102
603158,腾龙股份,汽车配件,江苏,20150320,603158.SH,20210209,15.26,15.75,15.26,15.58,15.23,0.35,2.2981,12473.0,19377.598,0.5749,1.3989,0.86,27.7181,23.6209,2.9802,3.2707,2.2925,0.7547,0.7547,21697.12,21697.12,8916.434,338041.1296,338041.1296,16.75,13.71,2.102
603158,腾龙股份,汽车配件,江苏,20150320,603158.SH,20210208,15.8,16.18,15.18,15.23,15.82,-0.59,-3.7295,15008.0,23341.392,0.6917,1.6832,1.08,27.0955,23.0902,2.9133,3.1972,2.241,0.7721,0.7721,21697.12,21697.12,8916.434,330447.1376,330447.1376,17.4,14.24,2.102
603158,腾龙股份,汽车配件,江苏,20150320,603158.SH,20210205,16.34,16.53,15.76,15.82,16.35,-0.53,-3.2416,14996.0,24068.444,0.6912,1.6818,1.14,28.1451,23.9848,3.0261,3.3211,2.3278,0.7433,0.7433,21697.12,21697.12,8916.434,343248.4384,343248.4384,17.99,14.72,2.102
603158,腾龙股份,汽车配件,江苏,20150320,603158.SH,20210204,16.95,17.08,16.21,16.35,17.0,-0.65,-3.8235,14817.0,24381.444,0.6829,1.6618,1.0,29.088,24.7883,3.1275,3.4323,2.4058,0.7192,0.7192,21697.12,21697.12,8916.434,354747.912,354747.912,18.7,15.3,2.102
603158,腾龙股份,汽车配件,江苏,20150320,603158.SH,20210203,17.5,17.52,16.82,17.0,17.29,-0.29,-1.6773,11699.35,20002.752,0.5392,1.3121,0.79,30.2444,25.7738,3.2518,3.5688,2.5015,0.6917,0.6917,21697.12,21697.12,8916.434,368851.04,368851.04,19.02,15.56,2.102
603158,腾龙股份,汽车配件,江苏,20150320,603158.SH,20210202,16.8,17.48,16.62,17.29,16.78,0.51,3.0393,16168.35,27583.254,0.7452,1.8133,1.17,30.7604,26.2134,3.3073,3.6297,2.5441,0.6801,0.6801,21697.12,21697.12,8916.434,375143.2048,375143.2048,18.46,15.1,2.102
603158,腾龙股份,汽车配件,江苏,20150320,603158.SH,20210201,16.88,16.88,16.24,16.78,16.59,0.19,1.1453,11617.0,19170.35,0.5354,1.3029,0.74,29.853,25.4402,3.2098,3.5226,2.4691,0.7008,0.7008,21697.12,21697.12,8916.434,364077.6736,364077.6736,18.25,14.93,2.102
603158,腾龙股份,汽车配件,江苏,20150320,603158.SH,20210129,16.88,17.06,16.34,16.59,16.71,-0.12,-0.7181,11332.12,18955.16,0.5223,1.2709,0.57,29.515,25.1521,3.1734,3.4827,2.4411,0.7088,0.7088,21697.12,21697.12,8916.434,359955.2208,359955.2208,18.38,15.04,2.102
603158,腾龙股份,汽车配件,江苏,20150320,603158.SH,20210128,17.42,17.65,16.57,16.71,17.53,-0.82,-4.6777,23638.0,40291.549,1.0895,2.6511,1.37,29.7285,25.3341,3.1964,3.5079,2.4588,0.7037,0.7037,21697.12,21697.12,8916.434,362558.8752,362558.8752,19.28,15.78,2.102
603158,腾龙股份,汽车配件,江苏,20150320,603158.SH,20210127,17.4,17.79,17.36,17.53,17.47,0.06,0.3434,11569.0,20316.192,0.5332,1.2975,0.68,31.1874,26.5773,3.3532,3.6801,2.5794,0.6708,0.6708,21697.12,21697.12,8916.434,380350.5136,380350.5136,19.22,15.72,2.102
603158,腾龙股份,汽车配件,江苏,20150320,603158.SH,20210126,17.99,18.18,17.46,17.47,18.0,-0.53,-2.9444,11133.0,19740.493,0.5131,1.2486,0.65,31.0806,26.4863,3.3417,3.6675,2.5706,0.6731,0.6731,21697.12,21697.12,8916.434,379048.6864,379048.6864,19.8,16.2,2.102
603158,腾龙股份,汽车配件,江苏,20150320,603158.SH,20210125,17.4,18.05,17.01,18.0,17.48,0.52,2.9748,20652.18,36348.336,0.9518,2.3162,1.35,32.0235,27.2899,3.4431,3.7787,2.6486,0.6533,0.6533,21697.12,21697.12,8916.434,390548.16,390548.16,19.23,15.73,2.102
603158,腾龙股份,汽车配件,江苏,20150320,603158.SH,20210122,18.21,18.41,17.0,17.48,18.41,-0.93,-5.0516,32897.01,58020.712,1.5162,3.6895,3.19,31.0984,26.5015,3.3436,3.6696,2.5721,0.6727,0.6727,21697.12,21697.12,8916.434,379265.6576,379265.6576,20.25,16.57,2.102
603158,腾龙股份,汽车配件,江苏,20150320,603158.SH,20210121,18.6,18.6,18.2,18.41,18.62,-0.21,-1.1278,10089.0,18536.556,0.465,1.1315,0.93,32.753,27.9115,3.5215,3.8648,2.7089,0.6387,0.6387,21697.12,21697.12,8916.434,399443.9792,399443.9792,20.48,16.76,2.102
603158,腾龙股份,汽车配件,江苏,20150320,603158.SH,20210120,18.38,18.75,18.27,18.62,18.47,0.15,0.8121,10243.0,18969.814,0.4721,1.1488,0.81,33.1266,28.2298,3.5617,3.9089,2.7398,0.6315,0.6315,21697.12,21697.12,8916.434,404000.3744,404000.3744,20.32,16.62,2.102
603158,腾龙股份,汽车配件,江苏,20150320,603158.SH,20210119,18.89,19.15,18.47,18.47,18.86,-0.39,-2.0679,11755.22,21988.758,0.5418,1.3184,0.88,32.8597,28.0024,3.533,3.8774,2.7178,0.6366,0.6366,21697.12,21697.12,8916.434,400745.8064,400745.8064,20.75,16.97,2.102
603158,腾龙股份,汽车配件,江苏,20150320,603158.SH,20210118,18.78,19.22,18.55,18.86,18.7,0.16,0.8556,11276.0,21409.719,0.5197,1.2646,0.77,33.5535,28.5937,3.6076,3.9593,2.7751,0.6235,0.6235,21697.12,21697.12,8916.434,409207.6832,409207.6832,20.57,16.83,2.102
603158,腾龙股份,汽车配件,江苏,20150320,603158.SH,20210115,18.67,18.84,18.22,18.7,18.44,0.26,1.41,8184.12,15262.339,0.3772,0.9179,0.52,33.2689,28.3511,3.577,3.9257,2.7516,0.6288,0.6288,21697.12,21697.12,8916.434,405736.144,405736.144,20.28,16.6,2.102
603158,腾龙股份,汽车配件,江苏,20150320,603158.SH,20210114,18.85,18.9,18.12,18.44,18.85,-0.41,-2.1751,12998.25,24081.936,0.5991,1.4578,0.77,32.8063,27.9569,3.5273,3.8711,2.7133,0.6377,0.6377,21697.12,21697.12,8916.434,400094.8928,400094.8928,20.74,16.97,2.102
603158,腾龙股份,汽车配件,江苏,20150320,603158.SH,20210113,18.53,18.98,18.42,18.85,18.18,0.67,3.6854,19105.4,35776.999,0.8806,2.1427,1.02,33.5358,28.5785,3.6057,3.9572,2.7737,0.6238,0.6238,21697.12,21697.12,8916.434,408990.712,408990.712,20.0,16.36,2.102
603158,腾龙股份,汽车配件,江苏,20150320,603158.SH,20210112,18.52,18.68,18.03,18.18,18.35,-0.17,-0.9264,15130.13,27615.414,0.6973,1.6969,0.7,32.3438,27.5628,3.4775,3.8165,2.6751,0.6468,0.6468,21697.12,21697.12,8916.434,394453.6416,394453.6416,20.19,16.52,2.102
603158,腾龙股份,汽车配件,江苏,20150320,603158.SH,20210111,19.15,19.16,18.35,18.35,19.16,-0.81,-4.2276,17601.49,32588.333,0.8112,1.9741,0.77,32.6462,27.8205,3.5101,3.8522,2.7001,0.6408,0.6408,21697.12,21697.12,8916.434,398142.152,398142.152,21.08,17.24,2.102
603158,腾龙股份,汽车配件,江苏,20150320,603158.SH,20210108,19.16,19.25,18.84,19.16,19.16,0.0,0.0,13741.12,26113.875,0.6333,1.5411,0.6,34.0873,29.0485,3.665,4.0223,2.8193,0.6137,0.6137,21697.12,21697.12,8916.434,415716.8192,415716.8192,21.08,17.24,2.102
603158,腾龙股份,汽车配件,江苏,20150320,603158.SH,20210107,19.19,19.45,18.56,19.16,19.18,-0.02,-0.1043,19256.28,36479.838,0.8875,2.1596,0.84,34.0873,29.0485,3.665,4.0223,2.8193,0.6137,0.6137,21697.12,21697.12,8916.434,415716.8192,415716.8192,21.1,17.26,2.102
603158,腾龙股份,汽车配件,江苏,20150320,603158.SH,20210106,20.19,20.19,19.06,19.18,19.96,-0.78,-3.9078,28087.48,54398.771,1.2945,3.1501,1.4,34.1228,29.0789,3.6688,4.0265,2.8222,0.6131,0.6131,21697.12,21697.12,8916.434,416150.7616,416150.7616,21.96,17.96,2.1016
603158,腾龙股份,汽车配件,江苏,20150320,603158.SH,20210105,20.78,20.96,19.9,19.96,20.89,-0.93,-4.4519,29082.9,59029.254,1.3404,3.2617,1.59,35.5105,30.2614,3.818,4.1902,2.937,0.5891,0.5891,21697.12,21697.12,8916.434,433074.5152,433074.5152,22.98,18.8,2.1016
603158,腾龙股份,汽车配件,江苏,20150320,603158.SH,20210104,20.47,21.55,20.47,20.89,20.3,0.59,2.9064,24399.0,50880.782,1.1245,2.7364,1.49,37.1651,31.6714,3.9959,4.3854,3.0738,0.5629,0.5629,21697.12,21697.12,8916.434,453252.8368,453252.8368,22.33,18.27,2.1016
603158,腾龙股份,汽车配件,江苏,20150320,603158.SH,20201231,19.85,20.37,19.85,20.3,19.92,0.38,1.9076,14586.22,29396.836,0.6723,1.6359,0.74,36.1154,30.7769,3.8831,4.2616,2.987,0.676,0.5793,21697.12,21697.12,8916.434,440451.536,440451.536,21.91,17.93,2.1016
603158,腾龙股份,汽车配件,江苏,20150320,603158.SH,20201230,20.28,20.57,19.5,19.92,19.93,-0.01,-0.0502,18796.63,37766.615,0.8663,2.1081,0.77,35.4394,30.2008,3.8104,4.1818,2.9311,0.6889,0.5903,21697.12,21697.12,8916.434,432206.6304,432206.6304,21.92,17.94,2.1016
603158,腾龙股份,汽车配件,江苏,20150320,603158.SH,20201229,20.55,20.55,19.82,19.93,20.35,-0.42,-2.0639,13415.22,26911.979,0.6183,1.5045,0.44,35.4572,30.2159,3.8123,4.1839,2.9326,0.6886,0.59,21697.12,21697.12,8916.434,432423.6016,432423.6016,22.39,18.32,2.1016
603158,腾龙股份,汽车配件,江苏,20150320,603158.SH,20201228,20.6,20.85,19.94,20.35,20.76,-0.41,-1.975,20105.22,40711.874,0.9266,2.2548,0.64,36.2044,30.8527,3.8926,4.2721,2.9944,0.6744,0.5778,21697.12,21697.12,8916.434,441536.392,441536.392,22.84,18.68,2.1016
603158,腾龙股份,汽车配件,江苏,20150320,603158.SH,20201225,20.65,21.09,20.62,20.76,20.95,-0.19,-0.9069,14829.35,30875.123,0.6835,1.6631,0.47,36.9338,31.4743,3.9711,4.3581,3.0547,0.661,0.5664,21697.12,21697.12,8916.434,450432.2112,450432.2112,23.05,18.86,2.1016
603158,腾龙股份,汽车配件,江苏,20150320,603158.SH,20201224,20.52,21.46,20.37,20.95,20.9,0.05,0.2392,31161.0,65561.371,1.4362,3.4948,1.11,37.2718,31.7624,4.0074,4.398,3.0827,0.6551,0.5613,21697.12,21697.12,8916.434,454554.664,454554.664,22.99,18.81,2.1016
603158,腾龙股份,汽车配件,江苏,20150320,603158.SH,20201223,19.93,21.42,19.91,20.9,20.32,0.58,2.8543,43176.23,90552.305,1.99,4.8423,1.92,37.1829,31.6866,3.9978,4.3875,3.0753,0.6566,0.5626,21697.12,21697.12,8916.434,453469.808,453469.808,22.35,18.29,2.1016
603158,腾龙股份,汽车配件,江苏,20150320,603158.SH,20201222,20.1,21.13,19.92,20.32,20.05,0.27,1.3466,41562.71,85904.173,1.9156,4.6614,2.62,36.151,30.8072,3.8869,4.2658,2.99,0.6754,0.5787,21697.12,21697.12,8916.434,440885.4784,440885.4784,22.06,18.05,2.1016
603158,腾龙股份,汽车配件,江苏,20150320,603158.SH,20201221,19.45,20.16,19.04,20.05,19.19,0.86,4.4815,27373.35,53765.555,1.2616,3.07,2.2,35.6707,30.3979,3.8352,4.2091,2.9502,0.6845,0.5865,21697.12,21697.12,8916.434,435027.256,435027.256,21.11,17.27,2.1016
603158,腾龙股份,汽车配件,江苏,20150320,603158.SH,20201218,19.1,19.46,19.06,19.19,19.24,-0.05,-0.2599,12991.18,25037.381,0.5988,1.457,1.05,34.1406,29.094,3.6707,4.0285,2.8237,0.7151,0.6128,21697.12,21697.12,8916.434,416367.7328,416367.7328,21.16,17.32,2.1016
603158,腾龙股份,汽车配件,江苏,20150320,603158.SH,20201217,19.57,19.63,19.02,19.24,19.61,-0.37,-1.8868,15773.0,30332.187,0.727,1.769,1.22,34.2296,29.1698,3.6803,4.039,2.8311,0.7133,0.6112,21697.12,21697.12,8916.434,417452.5888,417452.5888,21.57,17.65,2.1016
603158,腾龙股份,汽车配件,江苏,20150320,603158.SH,20201216,19.59,20.05,19.47,19.61,19.54,0.07,0.3582,14801.35,29298.744,0.6822,1.66,0.86,34.8879,29.7308,3.7511,4.1167,2.8855,0.6998,0.5996,21697.12,21697.12,8916.434,425480.5232,425480.5232,21.49,17.59,2.1016
603158,腾龙股份,汽车配件,江苏,20150320,603158.SH,20201215,19.47,19.93,19.4,19.54,19.37,0.17,0.8776,8450.0,16603.775,0.3895,0.9477,0.48,34.7633,29.6247,3.7377,4.102,2.8752,0.7023,0.6018,21697.12,21697.12,8916.434,423961.7248,423961.7248,21.31,17.43,2.1016
603158,腾龙股份,汽车配件,江苏,20150320,603158.SH,20201214,19.35,19.58,19.2,19.37,19.35,0.02,0.1034,10236.47,19859.135,0.4718,1.148,0.57,34.4609,29.3669,3.7052,4.0663,2.8502,0.7085,0.6071,21697.12,21697.12,8916.434,420273.2144,420273.2144,21.29,17.42,2.1016
603158,腾龙股份,汽车配件,江苏,20150320,603158.SH,20201211,19.89,19.99,19.03,19.35,19.98,-0.63,-3.1532,12650.23,24615.653,0.583,1.4188,0.7,34.4253,29.3366,3.7014,4.0621,2.8472,0.7092,0.6077,21697.12,21697.12,8916.434,419839.272,419839.272,21.98,17.98,2.1016
603158,腾龙股份,汽车配件,江苏,20150320,603158.SH,20201210,20.01,20.48,19.92,19.98,20.72,-0.74,-3.5714,18561.55,37388.26,0.8555,2.0817,1.1,35.5461,30.2917,3.8219,4.1944,2.9399,0.6869,0.5885,21697.12,21697.12,8916.434,433508.4576,433508.4576,22.79,18.65,2.1016
603158,腾龙股份,汽车配件,江苏,20150320,603158.SH,20201209,20.18,21.77,19.72,20.72,20.24,0.48,2.3715,35724.14,73621.14,1.6465,4.0066,2.68,36.8626,31.4137,3.9634,4.3497,3.0488,0.6623,0.5675,21697.12,21697.12,8916.434,449564.3264,449564.3264,22.26,18.22,2.1016
603158,腾龙股份,汽车配件,江苏,20150320,603158.SH,20201208,19.84,20.35,19.72,20.24,19.85,0.39,1.9647,10231.47,20623.647,0.4716,1.1475,0.61,36.0087,30.6859,3.8716,4.249,2.9782,0.678,0.581,21697.12,21697.12,8916.434,439149.7088,439149.7088,21.84,17.87,2.1016
603158,腾龙股份,汽车配件,江苏,20150320,603158.SH,20201207,20.1,20.26,19.8,19.85,20.23,-0.38,-1.8784,12380.0,24729.158,0.5706,1.3884,0.52,35.3148,30.0946,3.797,4.1671,2.9208,0.6914,0.5924,21697.12,21697.12,8916.434,430687.832,430687.832,22.25,18.21,2.1016
603158,腾龙股份,汽车配件,江苏,20150320,603158.SH,20201204,20.55,20.55,20.12,20.23,20.44,-0.21,-1.0274,12984.14,26291.605,0.5984,1.4562,0.5,35.9909,30.6708,3.8697,4.2469,2.9767,0.6784,0.5813,21697.12,21697.12,8916.434,438932.7376,438932.7376,22.48,18.4,2.1016
603158,腾龙股份,汽车配件,江苏,20150320,603158.SH,20201203,20.74,20.76,20.33,20.44,20.78,-0.34,-1.6362,13281.0,27220.328,0.6121,1.4895,0.43,36.3645,30.9891,3.9099,4.291,3.0076,0.6714,0.5753,21697.12,21697.12,8916.434,443489.1328,443489.1328,22.86,18.7,2.1016
603158,腾龙股份,汽车配件,江苏,20150320,603158.SH,20201202,20.66,20.97,20.51,20.78,20.92,-0.14,-0.6692,17827.19,36923.407,0.8216,1.9994,0.45,36.9694,31.5046,3.9749,4.3623,3.0577,0.6604,0.5659,21697.12,21697.12,8916.434,450866.1536,450866.1536,23.01,18.83,2.1016
603158,腾龙股份,汽车配件,江苏,20150320,603158.SH,20201201,21.2,21.2,20.4,20.92,21.24,-0.32,-1.5066,28047.0,58456.877,1.2927,3.1455,0.69,37.2185,31.7169,4.0017,4.3917,3.0783,0.656,0.5621,21697.12,21697.12,8916.434,453903.7504,453903.7504,23.36,19.12,2.1016
603158,腾龙股份,汽车配件,江苏,20150320,603158.SH,20201130,20.5,21.86,20.26,21.24,20.23,1.01,4.9926,46485.6,98308.165,2.1425,5.2135,1.29,37.7878,32.202,4.0629,4.4589,3.1253,0.6461,0.5536,21697.12,21697.12,8916.434,460846.8288,460846.8288,22.25,18.21,2.1016
603158,腾龙股份,汽车配件,江苏,20150320,603158.SH,20201127,20.62,20.88,20.1,20.23,20.75,-0.52,-2.506,22995.0,46902.508,1.0598,2.5789,0.64,35.9909,30.6708,3.8697,4.2469,2.9767,0.6784,0.5813,21697.12,21697.12,8916.434,438932.7376,438932.7376,22.83,18.68,2.1016
603158,腾龙股份,汽车配件,江苏,20150320,603158.SH,20201126,21.1,21.51,20.35,20.75,21.35,-0.6,-2.8103,38948.0,80977.493,1.7951,4.3681,1.25,36.916,31.4591,3.9691,4.356,3.0532,0.6614,0.5667,21697.12,21697.12,8916.434,450215.24,450215.24,23.49,19.22,2.1016
603158,腾龙股份,汽车配件,江苏,20150320,603158.SH,20201125,20.34,22.08,20.03,21.35,20.08,1.27,6.3247,61260.93,130792.894,2.8235,6.8706,2.85,37.9835,32.3688,4.0839,4.482,3.1415,0.6428,0.5508,21697.12,21697.12,8916.434,463233.512,463233.512,22.09,18.07,2.1016
603158,腾龙股份,汽车配件,江苏,20150320,603158.SH,20201124,20.48,21.15,19.98,20.08,19.93,0.15,0.7526,32128.33,65703.158,1.4808,3.6033,1.78,35.724,30.4433,3.841,4.2154,2.9547,0.6834,0.5856,21697.12,21697.12,8916.434,435678.1696,435678.1696,21.92,17.94,2.1016
603158,腾龙股份,汽车配件,江苏,20150320,603158.SH,20201123,19.34,20.2,19.02,19.93,19.29,0.64,3.3178,24904.32,49080.937,1.1478,2.7931,1.48,35.4572,30.2159,3.8123,4.1839,2.9326,0.6886,0.59,21697.12,21697.12,8916.434,432423.6016,432423.6016,21.22,17.36,2.1016
603158,腾龙股份,汽车配件,江苏,20150320,603158.SH,20201120,18.5,19.49,18.5,19.29,18.5,0.79,4.2703,21557.37,41019.148,0.9936,2.4177,1.27,34.3185,29.2456,3.6899,4.0495,2.8384,0.7114,0.6096,21697.12,21697.12,8916.434,418537.4448,418537.4448,20.35,16.65,2.1016
603158,腾龙股份,汽车配件,江苏,20150320,603158.SH,20201119,18.87,18.99,18.0,18.5,18.87,-0.37,-1.9608,16393.0,30448.305,0.7555,1.8385,0.65,32.9131,28.0479,3.5388,3.8837,2.7222,0.7418,0.6356,21697.12,21697.12,8916.434,401396.72,401396.72,20.76,16.98,2.1016
603158,腾龙股份,汽车配件,江苏,20150320,603158.SH,20201118,18.84,18.97,18.76,18.87,18.87,0.0,0.0,12377.0,23336.406,0.5704,1.3881,0.4,33.5713,28.6089,3.6095,3.9614,2.7766,0.7273,0.6232,21697.12,21697.12,8916.434,409424.6544,409424.6544,20.76,16.98,2.1016
603158,腾龙股份,汽车配件,江苏,20150320,603158.SH,20201117,18.79,18.98,18.62,18.87,18.88,-0.01,-0.053,14877.0,28053.384,0.6857,1.6685,0.46,33.5713,28.6089,3.6095,3.9614,2.7766,0.7273,0.6232,21697.12,21697.12,8916.434,409424.6544,409424.6544,20.77,16.99,2.1016
603158,腾龙股份,汽车配件,江苏,20150320,603158.SH,20201116,18.7,18.9,18.38,18.88,18.74,0.14,0.7471,19066.45,35524.545,0.8788,2.1383,0.52,33.5891,28.624,3.6114,3.9635,2.7781,0.7269,0.6228,21697.12,21697.12,8916.434,409641.6256,409641.6256,20.61,16.87,2.1016
603158,腾龙股份,汽车配件,江苏,20150320,603158.SH,20201113,18.77,18.99,18.54,18.74,18.77,-0.03,-0.1598,22354.0,41903.323,1.0303,2.5071,0.53,33.3401,28.4118,3.5847,3.9341,2.7575,0.7323,0.6275,21697.12,21697.12,8916.434,406604.0288,406604.0288,20.65,16.89,2.1016
603158,腾龙股份,汽车配件,江苏,20150320,603158.SH,20201112,19.31,19.31,18.3,18.77,19.8,-1.03,-5.202,58142.3,108520.694,2.6797,6.5208,1.5,33.3934,28.4573,3.5904,3.9404,2.7619,0.7311,0.6265,21697.12,21697.12,8916.434,407254.9424,407254.9424,21.78,17.82,2.1016
603158,腾龙股份,汽车配件,江苏,20150320,603158.SH,20201111,21.9,21.9,19.8,19.8,22.0,-2.2,-10.0,41783.4,86819.109,1.9258,4.6861,1.22,35.2259,30.0188,3.7874,4.1566,2.9135,0.6931,0.5939,21697.12,21697.12,8916.434,429602.976,429602.976,24.2,19.8,2.1016
603158,腾龙股份,汽车配件,江苏,20150320,603158.SH,20201110,22.7,22.7,22.0,22.0,22.63,-0.63,-2.7839,21922.28,48658.128,1.0104,2.4586,0.57,39.1399,33.3543,4.2083,4.6185,3.2372,0.6238,0.5345,21697.12,21697.12,8916.434,477336.64,477336.64,24.89,20.37,2.1016
603158,腾龙股份,汽车配件,江苏,20150320,603158.SH,20201109,23.0,23.24,22.38,22.63,22.83,-0.2,-0.876,39525.23,89245.311,1.8217,4.4329,1.19,40.2607,34.3094,4.3288,4.7507,3.3299,0.6064,0.5196,21697.12,21697.12,8916.434,491005.8256,491005.8256,25.11,20.55,2.1016
603158,腾龙股份,汽车配件,江苏,20150320,603158.SH,20201106,22.6,22.95,22.25,22.83,22.56,0.27,1.1968,50052.18,113472.296,2.3069,5.6135,1.85,40.6165,34.6126,4.367,4.7927,3.3593,0.6011,0.5151,21697.12,21697.12,8916.434,495345.2496,495345.2496,24.82,20.3,2.1016
603158,腾龙股份,汽车配件,江苏,20150320,603158.SH,20201105,22.2,22.59,22.01,22.56,21.69,0.87,4.0111,40393.83,90025.167,1.8617,4.5303,1.91,40.1362,34.2033,4.3154,4.736,3.3196,0.6083,0.5212,21697.12,21697.12,8916.434,489487.0272,489487.0272,23.86,19.52,2.1016
603158,腾龙股份,汽车配件,江苏,20150320,603158.SH,20201104,22.2,22.29,21.63,21.69,22.33,-0.64,-2.8661,19773.0,43401.019,0.9113,2.2176,0.94,38.5884,32.8843,4.149,4.5534,3.1916,0.6327,0.5421,21697.12,21697.12,8916.434,470610.5328,470610.5328,24.56,20.1,2.1016
603158,腾龙股份,汽车配件,江苏,20150320,603158.SH,20201103,21.47,23.0,21.29,22.33,21.38,0.95,4.4434,41132.81,92015.354,1.8958,4.6131,2.58,39.727,33.8546,4.2714,4.6877,3.2857,0.6146,0.5266,21697.12,21697.12,8916.434,484496.6896,484496.6896,23.52,19.24,2.1016
603158,腾龙股份,汽车配件,江苏,20150320,603158.SH,20201102,21.69,21.7,20.9,21.38,21.57,-0.19,-0.8809,14308.69,30444.024,0.6595,1.6048,0.95,38.0368,32.4143,4.0897,4.4883,3.1459,0.6419,0.55,21697.12,21697.12,8916.434,463884.4256,463884.4256,23.73,19.41,2.1016
603158,腾龙股份,汽车配件,江苏,20150320,603158.SH,20201030,21.8,22.1,21.55,21.57,21.85,-0.28,-1.2815,19995.97,43702.793,0.9216,2.2426,1.42,38.3749,32.7023,4.126,4.5282,3.1739,0.6362,0.5451,21697.12,21697.12,8916.434,468006.8784,468006.8784,24.04,19.67,2.1016
603158,腾龙股份,汽车配件,江苏,20150320,603158.SH,20201029,22.0,22.0,21.51,21.85,21.9,-0.05,-0.2283,10528.97,22859.977,0.4853,1.1808,0.74,38.873,33.1269,4.1796,4.587,3.2151,0.6281,0.5382,21697.12,21697.12,8916.434,474082.072,474082.072,24.09,19.71,2.1016
603158,腾龙股份,汽车配件,江苏,20150320,603158.SH,20201028,22.55,22.63,21.65,21.9,22.19,-0.29,-1.3069,19228.22,42417.705,0.8862,2.1565,1.42,38.962,33.2027,4.1891,4.5975,3.2225,0.6266,0.5369,21697.12,21697.12,8916.434,475166.928,475166.928,24.41,19.97,2.1016
603158,腾龙股份,汽车配件,江苏,20150320,603158.SH,20201027,21.92,22.38,21.52,22.19,21.9,0.29,1.3242,15656.5,34661.536,0.7216,1.7559,1.23,39.4779,35.9476,4.3937,4.6583,3.7644,0.6184,0.5299,21697.12,21697.12,8916.434,481459.0928,481459.0928,24.09,19.71,2.1016
603158,腾龙股份,汽车配件,江苏,20150320,603158.SH,20201026,21.8,21.98,21.53,21.9,21.86,0.04,0.183,9683.41,21120.746,0.4463,1.086,0.69,38.962,35.4778,4.3363,4.5975,3.7152,0.6266,0.5369,21697.12,21697.12,8916.434,475166.928,475166.928,24.05,19.67,2.1016
603158,腾龙股份,汽车配件,江苏,20150320,603158.SH,20201023,22.02,22.04,21.49,21.86,21.85,0.01,0.0458,15414.6,33455.565,0.7104,1.7288,0.93,38.8908,35.413,4.3284,4.5891,3.7084,0.6278,0.5379,21697.12,21697.12,8916.434,474299.0432,474299.0432,24.04,19.67,2.1016
603158,腾龙股份,汽车配件,江苏,20150320,603158.SH,20201022,22.0,22.13,21.72,21.85,22.09,-0.24,-1.0865,11158.67,24415.456,0.5143,1.2515,0.5,38.873,35.3968,4.3264,4.587,3.7067,0.6281,0.5382,21697.12,21697.12,8916.434,474082.072,474082.072,24.3,19.88,2.1016
603158,腾龙股份,汽车配件,江苏,20150320,603158.SH,20201021,22.1,22.3,21.6,22.09,22.03,0.06,0.2724,15829.87,34816.66,0.7296,1.7754,0.71,39.3,35.7856,4.3739,4.6373,3.7474,0.6212,0.5323,21697.12,21697.12,8916.434,479289.3808,479289.3808,24.23,19.83,2.1016
603158,腾龙股份,汽车配件,江苏,20150320,603158.SH,20201020,21.86,22.05,21.46,22.03,21.83,0.2,0.9162,11796.0,25736.766,0.5437,1.323,0.51,39.1932,35.6884,4.362,4.6248,3.7373,0.6229,0.5338,21697.12,21697.12,8916.434,477987.5536,477987.5536,24.01,19.65,2.1016
603158,腾龙股份,汽车配件,江苏,20150320,603158.SH,20201019,22.05,22.13,21.6,21.83,22.03,-0.2,-0.9079,15850.0,34558.733,0.7305,1.7776,0.64,38.8374,35.3644,4.3224,4.5828,3.7033,0.6286,0.5387,21697.12,21697.12,8916.434,473648.1296,473648.1296,24.23,19.83,2.1016
603158,腾龙股份,汽车配件,江苏,20150320,603158.SH,20201016,22.57,22.57,21.89,22.03,22.53,-0.5,-2.2193,28639.28,63336.304,1.32,3.212,1.28,39.1932,35.6884,4.362,4.6248,3.7373,0.6229,0.5338,21697.12,21697.12,8916.434,477987.5536,477987.5536,24.78,20.28,2.1016
603158,腾龙股份,汽车配件,江苏,20150320,603158.SH,20201015,22.38,22.89,21.65,22.53,21.8,0.73,3.3486,39616.12,88715.075,1.8259,4.443,2.39,40.0828,36.4984,4.461,4.7297,3.8221,0.6091,0.5219,21697.12,21697.12,8916.434,488836.1136,488836.1136,23.98,19.62,2.1016
603158,腾龙股份,汽车配件,江苏,20150320,603158.SH,20201014,22.36,22.44,21.68,21.8,22.3,-0.5,-2.2422,14908.88,32754.791,0.6871,1.6721,0.92,38.7841,35.3158,4.3165,4.5765,3.6982,0.6295,0.5394,21697.12,21697.12,8916.434,472997.216,472997.216,24.53,20.07,2.1016
603158,腾龙股份,汽车配件,江苏,20150320,603158.SH,20201013,22.18,22.66,22.0,22.3,22.32,-0.02,-0.0896,16038.88,35653.981,0.7392,1.7988,0.94,39.6736,36.1258,4.4155,4.6814,3.7831,0.6154,0.5273,21697.12,21697.12,8916.434,483845.776,483845.776,24.55,20.09,2.1016
603158,腾龙股份,汽车配件,江苏,20150320,603158.SH,20201012,21.6,22.35,21.44,22.32,21.3,1.02,4.7887,23802.4,52324.631,1.097,2.6695,1.46,39.7092,36.1582,4.4195,4.6856,3.7865,0.6148,0.5268,21697.12,21697.12,8916.434,484279.7184,484279.7184,23.43,19.17,2.1016
603158,腾龙股份,汽车配件,江苏,20150320,603158.SH,20201009,20.98,21.45,20.47,21.3,20.5,0.8,3.9024,17243.67,36484.218,0.7947,1.9339,0.97,37.8945,34.5058,4.2175,4.4715,3.6134,0.6443,0.5521,21697.12,21697.12,8916.434,462148.656,462148.656,22.55,18.45,2.1016
603158,腾龙股份,汽车配件,江苏,20150320,603158.SH,20200930,20.58,20.8,20.2,20.5,20.62,-0.12,-0.582,10961.0,22397.724,0.5052,1.2293,0.54,36.4712,33.2098,4.0591,4.3036,3.4777,0.6694,0.5736,21697.12,21697.12,8916.434,444790.96,444790.96,22.68,18.56,2.1016
603158,腾龙股份,汽车配件,江苏,20150320,603158.SH,20200929,20.6,20.83,20.15,20.62,20.45,0.17,0.8313,13239.37,27265.627,0.6102,1.4848,0.6,36.6847,33.4042,4.0829,4.3287,3.4981,0.6655,0.5703,21697.12,21697.12,8916.434,447394.6144,447394.6144,22.5,18.41,2.1016
603158,腾龙股份,汽车配件,江苏,20150320,603158.SH,20200928,20.97,21.29,20.01,20.45,20.97,-0.52,-2.4797,20158.83,41387.081,0.9291,2.2609,0.76,36.3823,33.1288,4.0492,4.2931,3.4692,0.6711,0.575,21697.12,21697.12,8916.434,443706.104,443706.104,23.07,18.87,2.1016
603158,腾龙股份,汽车配件,江苏,20150320,603158.SH,20200925,21.29,21.6,20.85,20.97,21.33,-0.36,-1.6878,20110.83,42406.206,0.9269,2.2555,0.57,37.3074,33.9712,4.1522,4.4022,3.5574,0.6544,0.5607,21697.12,21697.12,8916.434,454988.6064,454988.6064,23.46,19.2,2.1016
603158,腾龙股份,汽车配件,江苏,20150320,603158.SH,20200924,22.54,22.55,21.22,21.33,22.34,-1.01,-4.521,24792.57,53932.951,1.1427,2.7805,0.52,37.9479,34.5544,4.2234,4.4778,3.6185,0.6434,0.5513,21697.12,21697.12,8916.434,462799.5696,462799.5696,24.57,20.11,2.1016
603158,腾龙股份,汽车配件,江苏,20150320,603158.SH,20200923,22.43,22.68,22.21,22.34,22.6,-0.26,-1.1504,22560.0,50498.153,1.0398,2.5302,0.41,39.7448,36.1906,4.4234,4.6898,3.7898,0.6143,0.5264,21697.12,21697.12,8916.434,484713.6608,484713.6608,24.86,20.34,2.1016
603158,腾龙股份,汽车配件,江苏,20150320,603158.SH,20200922,22.52,23.19,22.35,22.6,22.81,-0.21,-0.9206,23615.83,53674.812,1.0884,2.6486,0.45,40.2073,36.6118,4.4749,4.7444,3.834,0.6072,0.5203,21697.12,21697.12,8916.434,490354.912,490354.912,25.09,20.53,2.1016
603158,腾龙股份,汽车配件,江苏,20150320,603158.SH,20200921,23.01,23.55,22.69,22.81,23.23,-0.42,-1.808,40972.85,94264.847,1.8884,4.5952,0.88,40.5809,36.952,4.5165,4.7885,3.8696,0.6016,0.5155,21697.12,21697.12,8916.434,494911.3072,494911.3072,25.55,20.91,2.1016
603158,腾龙股份,汽车配件,江苏,20150320,603158.SH,20200918,23.44,23.98,22.8,23.23,22.98,0.25,1.0879,64563.92,150006.677,2.9757,7.241,1.76,41.3281,37.6324,4.5997,4.8767,3.9408,0.5908,0.5062,21697.12,21697.12,8916.434,504024.0976,504024.0976,25.28,20.68,2.1016
603158,腾龙股份,汽车配件,江苏,20150320,603158.SH,20200917,23.89,24.5,22.98,22.98,23.05,-0.07,-0.3037,87464.09,208945.138,4.0311,9.8093,3.71,40.8834,37.2274,4.5501,4.8242,3.8984,0.5972,0.5117,21697.12,21697.12,8916.434,498599.8176,498599.8176,25.36,20.75,2.1016
603158,腾龙股份,汽车配件,江苏,20150320,603158.SH,20200916,20.99,23.05,20.99,23.05,20.95,2.1,10.0239,56200.56,125611.94,2.5902,6.303,3.03,41.0079,37.3408,4.564,4.8389,3.9103,0.5954,0.5101,21697.12,21697.12,8916.434,500118.616,500118.616,23.05,18.86,2.1016
603158,腾龙股份,汽车配件,江苏,20150320,603158.SH,20200915,21.22,21.38,20.8,20.95,21.22,-0.27,-1.2724,11718.24,24528.528,0.5401,1.3142,0.57,37.2718,33.9388,4.1482,4.398,3.554,0.6551,0.5613,21697.12,21697.12,8916.434,454554.664,454554.664,23.34,19.1,2.1016
603158,腾龙股份,汽车配件,江苏,20150320,603158.SH,20200914,21.5,21.65,20.92,21.22,21.5,-0.28,-1.3023,14152.0,30068.691,0.6523,1.5872,0.62,37.7522,34.3762,4.2017,4.4547,3.5998,0.6467,0.5541,21697.12,21697.12,8916.434,460412.8864,460412.8864,23.65,19.35,2.1016
603158,腾龙股份,汽车配件,江苏,20150320,603158.SH,20200911,21.77,21.83,21.28,21.5,21.85,-0.35,-1.6018,14048.07,30194.323,0.6475,1.5755,0.51,38.2503,34.8298,4.2571,4.5135,3.6473,0.6383,0.5469,21697.12,21697.12,8916.434,466488.08,466488.08,24.04,19.67,2.1016
603158,腾龙股份,汽车配件,江苏,20150320,603158.SH,20200910,22.4,22.4,21.59,21.85,21.85,0.0,0.0,21704.75,47589.158,1.0004,2.4342,0.66,38.873,35.3968,4.3264,4.587,3.7067,0.6281,0.5382,21697.12,21697.12,8916.434,474082.072,474082.072,24.04,19.67,2.1016
603158,腾龙股份,汽车配件,江苏,20150320,603158.SH,20200909,21.7,22.48,21.67,21.85,21.69,0.16,0.7377,31070.79,68518.112,1.432,3.4847,1.04,38.873,35.3968,4.3264,4.587,3.7067,0.6281,0.5382,21697.12,21697.12,8916.434,474082.072,474082.072,23.86,19.52,2.1016
603158,腾龙股份,汽车配件,江苏,20150320,603158.SH,20200908,21.41,22.45,21.13,21.69,21.41,0.28,1.3078,21337.4,46574.893,0.9834,2.393,0.73,38.5884,35.1376,4.2947,4.5534,3.6796,0.6327,0.5421,21697.12,21697.12,8916.434,470610.5328,470610.5328,23.55,19.27,2.1016
603158,腾龙股份,汽车配件,江苏,20150320,603158.SH,20200907,21.37,22.11,20.88,21.41,21.39,0.02,0.0935,26408.96,56667.37,1.2172,2.9618,0.89,38.0902,34.684,4.2393,4.4946,3.6321,0.641,0.5492,21697.12,21697.12,8916.434,464535.3392,464535.3392,23.53,19.25,2.1016
603158,腾龙股份,汽车配件,江苏,20150320,603158.SH,20200904,21.98,22.06,20.91,21.39,22.51,-1.12,-4.9756,38535.11,82317.358,1.776,4.3218,1.41,38.0546,34.6516,4.2353,4.4904,3.6287,0.6416,0.5497,21697.12,21697.12,8916.434,464101.3968,464101.3968,24.76,20.26,2.1016
603158,腾龙股份,汽车配件,江苏,20150320,603158.SH,20200903,21.5,22.74,20.77,22.51,21.26,1.25,5.8796,46971.93,102473.634,2.1649,5.268,2.06,40.0472,36.466,4.4571,4.7255,3.8187,0.6097,0.5224,21697.12,21697.12,8916.434,488402.1712,488402.1712,23.39,19.13,2.1016
603158,腾龙股份,汽车配件,江苏,20150320,603158.SH,20200902,21.5,21.61,20.89,21.26,21.38,-0.12,-0.5613,15931.63,33757.857,0.7343,1.7868,0.66,37.8233,34.441,4.2096,4.4631,3.6066,0.6455,0.5531,21697.12,21697.12,8916.434,461280.7712,461280.7712,23.52,19.24,2.1016
603158,腾龙股份,汽车配件,江苏,20150320,603158.SH,20200901,21.24,21.55,20.71,21.38,21.28,0.1,0.4699,18207.0,38433.775,0.8391,2.042,0.76,38.0368,34.6354,4.2333,4.4883,3.627,0.6419,0.55,21697.12,21697.12,8916.434,463884.4256,463884.4256,23.41,19.15,2.1016
603158,腾龙股份,汽车配件,江苏,20150320,603158.SH,20200831,21.6,21.75,21.2,21.28,21.35,-0.07,-0.3279,28015.66,60142.749,1.2912,3.142,1.22,37.8589,34.4734,4.2135,4.4673,3.61,0.6449,0.5526,21697.12,21697.12,8916.434,461714.7136,461714.7136,23.49,19.22,2.1016
603158,腾龙股份,汽车配件,江苏,20150320,603158.SH,20200828,21.38,21.54,21.06,21.35,21.44,-0.09,-0.4198,27636.47,58929.967,1.2737,3.0995,1.31,37.9835,34.5868,4.2274,4.482,3.6219,0.6428,0.5508,21697.12,21697.12,8916.434,463233.512,463233.512,23.58,19.3,2.1016
603158,腾龙股份,汽车配件,江苏,20150320,603158.SH,20200827,21.31,21.8,21.08,21.44,21.31,0.13,0.61,24053.16,51473.077,1.1086,2.6976,1.21,38.1436,34.7326,4.2452,4.5009,3.6372,0.6401,0.5485,21697.12,21697.12,8916.434,465186.2528,465186.2528,23.44,19.18,2.1016
603158,腾龙股份,汽车配件,江苏,20150320,603158.SH,20200826,22.8,22.8,21.2,21.31,22.4,-1.09,-4.8661,23129.03,50564.754,1.066,2.594,1.09,37.9123,34.522,4.2195,4.4736,3.6151,0.644,0.5518,21697.12,21697.12,8916.434,462365.6272,462365.6272,24.64,20.16,2.1016
603158,腾龙股份,汽车配件,江苏,20150320,603158.SH,20200825,22.72,22.86,22.18,22.4,22.5,-0.1,-0.4444,16739.03,37598.547,0.7715,1.8773,0.72,39.8515,36.2878,4.4353,4.7024,3.8,0.6127,0.5249,21697.12,21697.12,8916.434,486015.488,486015.488,24.75,20.25,2.1016
603158,腾龙股份,汽车配件,江苏,20150320,603158.SH,20200824,22.95,22.96,22.1,22.5,22.95,-0.45,-1.9608,23555.97,53021.727,1.0857,2.6419,0.93,40.0294,36.4498,4.4551,4.7234,3.817,0.6099,0.5226,21697.12,21697.12,8916.434,488185.2,488185.2,25.25,20.66,2.1016
603158,腾龙股份,汽车配件,江苏,20150320,603158.SH,20200821,22.83,23.29,22.64,22.95,22.64,0.31,1.3693,17832.04,40908.468,0.8219,1.9999,0.72,40.83,37.1788,4.5442,4.8179,3.8933,0.598,0.5124,21697.12,21697.12,8916.434,497948.904,497948.904,24.9,20.38,2.1016
603158,腾龙股份,汽车配件,江苏,20150320,603158.SH,20200820,22.81,23.33,22.61,22.64,22.95,-0.31,-1.3508,17918.0,40986.11,0.8258,2.0095,0.7,40.2785,36.6766,4.4828,4.7528,3.8407,0.6062,0.5194,21697.12,21697.12,8916.434,491222.7968,491222.7968,25.25,20.66,2.1016
603158,腾龙股份,汽车配件,江苏,20150320,603158.SH,20200819,24.11,24.49,22.93,22.95,24.64,-1.69,-6.8588,29661.51,69942.157,1.3671,3.3266,1.15,40.83,37.1788,4.5442,4.8179,3.8933,0.598,0.5124,21697.12,21697.12,8916.434,497948.904,497948.904,27.1,22.18,2.1016
603158,腾龙股份,汽车配件,江苏,20150320,603158.SH,20200818,24.0,25.3,23.86,24.64,24.51,0.13,0.5304,27333.28,67101.566,1.2598,3.0655,1.07,43.8367,39.9166,4.8788,5.1727,4.18,0.557,0.4772,21697.12,21697.12,8916.434,534617.0368,534617.0368,26.96,22.06,2.1016
603158,腾龙股份,汽车配件,江苏,20150320,603158.SH,20200817,23.21,25.0,22.8,24.51,23.13,1.38,5.9663,33812.99,80658.429,1.5584,3.7922,1.54,43.6054,40.9868,5.0138,5.1454,4.8545,0.5599,0.4798,21697.12,21697.12,8916.434,531796.4112,531796.4112,25.44,20.82,2.1016
603158,腾龙股份,汽车配件,江苏,20150320,603158.SH,20200814,22.77,23.26,22.41,23.13,22.78,0.35,1.5364,15094.0,34636.981,0.6957,1.6928,0.62,41.1502,38.6791,4.7315,4.8557,4.5812,0.5933,0.5084,21697.12,21697.12,8916.434,501854.3856,501854.3856,25.06,20.5,2.1016
603158,腾龙股份,汽车配件,江苏,20150320,603158.SH,20200813,22.98,23.24,22.55,22.78,22.84,-0.06,-0.2627,21464.17,49121.062,0.9893,2.4073,0.85,40.5276,38.0938,4.6599,4.7822,4.5119,0.6024,0.5162,21697.12,21697.12,8916.434,494260.3936,494260.3936,25.12,20.56,2.1016
603158,腾龙股份,汽车配件,江苏,20150320,603158.SH,20200812,23.9,24.19,22.59,22.84,23.9,-1.06,-4.4351,31040.21,71699.538,1.4306,3.4812,1.17,40.6343,38.1941,4.6721,4.7948,4.5238,0.6008,0.5148,21697.12,21697.12,8916.434,495562.2208,495562.2208,26.29,21.51,2.1016
603158,腾龙股份,汽车配件,江苏,20150320,603158.SH,20200811,24.89,25.36,23.84,23.9,25.0,-1.1,-4.4,26824.97,65751.304,1.2363,3.0085,0.88,42.5201,39.9667,4.889,5.0173,4.7337,0.5742,0.492,21697.12,21697.12,8916.434,518561.168,518561.168,27.5,22.5,2.1016
603158,腾龙股份,汽车配件,江苏,20150320,603158.SH,20200810,24.95,25.5,24.72,25.0,25.0,0.0,0.0,15238.0,38077.92,0.7023,1.709,0.43,44.4771,41.8062,5.114,5.2482,4.9516,0.5489,0.4704,21697.12,21697.12,8916.434,542428.0,542428.0,27.5,22.5,2.1016
603158,腾龙股份,汽车配件,江苏,20150320,603158.SH,20200807,25.2,25.78,24.55,25.0,25.42,-0.42,-1.6522,27898.75,70017.598,1.2858,3.1289,0.84,44.4771,41.8062,5.114,5.2482,4.9516,0.5489,0.4704,21697.12,21697.12,8916.434,542428.0,542428.0,27.96,22.88,2.1016
603158,腾龙股份,汽车配件,江苏,20150320,603158.SH,20200806,25.8,26.14,25.1,25.42,25.93,-0.51,-1.9668,24540.03,62554.061,1.131,2.7522,0.75,45.2243,42.5085,5.1999,5.3364,5.0348,0.5399,0.4626,21697.12,21697.12,8916.434,551540.7904,551540.7904,28.52,23.34,2.1016
603158,腾龙股份,汽车配件,江苏,20150320,603158.SH,20200805,25.11,26.36,24.7,25.93,25.35,0.58,2.288,38287.5,98654.847,1.7646,4.294,1.26,46.1317,43.3614,5.3042,5.4435,5.1358,0.5292,0.4535,21697.12,21697.12,8916.434,562606.3216,562606.3216,27.89,22.82,2.1016
603158,腾龙股份,汽车配件,江苏,20150320,603158.SH,20200804,25.48,26.6,25.1,25.35,24.98,0.37,1.4812,46498.0,119206.651,2.143,5.2149,1.74,45.0998,42.3915,5.1856,5.3217,5.0209,0.5414,0.4639,21697.12,21697.12,8916.434,550021.992,550021.992,27.48,22.48,2.1016
603158,腾龙股份,汽车配件,江苏,20150320,603158.SH,20200803,24.05,25.18,24.05,24.98,23.69,1.29,5.4453,38062.1,94281.772,1.7542,4.2688,1.54,44.4415,41.7727,5.1099,5.244,4.9476,0.5494,0.4707,21697.12,21697.12,8916.434,541994.0576,541994.0576,26.06,21.32,2.1016
603158,腾龙股份,汽车配件,江苏,20150320,603158.SH,20200731,23.6,24.0,23.4,23.69,23.6,0.09,0.3814,18710.0,44418.63,0.8623,2.0984,0.66,42.1465,39.6155,4.846,4.9732,4.6921,0.5793,0.4964,21697.12,21697.12,8916.434,514004.7728,514004.7728,25.96,21.24,2.1016
603158,腾龙股份,汽车配件,江苏,20150320,603158.SH,20200730,23.6,23.98,23.32,23.6,23.6,0.0,0.0,22722.14,53853.024,1.0472,2.5483,0.67,41.9864,39.465,4.8276,4.9543,4.6743,0.5815,0.4983,21697.12,21697.12,8916.434,512052.032,512052.032,25.96,21.24,2.1016
603158,腾龙股份,汽车配件,江苏,20150320,603158.SH,20200729,23.58,23.7,22.69,23.6,23.23,0.37,1.5928,26174.79,60953.991,1.2064,2.9356,0.64,41.9864,39.465,4.8276,4.9543,4.6743,0.5815,0.4983,21697.12,21697.12,8916.434,512052.032,512052.032,25.55,20.91,2.1016
603158,腾龙股份,汽车配件,江苏,20150320,603158.SH,20200728,22.15,23.27,22.15,23.23,22.04,1.19,5.3993,27699.63,63322.526,1.2767,3.1066,0.64,41.3281,38.8463,4.7519,4.8767,4.601,0.5908,0.5062,21697.12,21697.12,8916.434,504024.0976,504024.0976,24.24,19.84,2.1016
603158,腾龙股份,汽车配件,江苏,20150320,603158.SH,20200727,22.44,22.77,21.81,22.04,22.43,-0.39,-1.7387,28560.04,63384.194,1.3163,3.2031,0.66,39.211,36.8563,4.5085,4.6268,4.3653,0.6227,0.5335,21697.12,21697.12,8916.434,478204.5248,478204.5248,24.67,20.19,2.1016
603158,腾龙股份,汽车配件,江苏,20150320,603158.SH,20200724,23.23,23.8,22.43,22.43,23.24,-0.81,-3.4854,36679.29,85032.028,1.6905,4.1137,0.82,39.9049,37.5085,4.5883,4.7087,4.4426,0.6118,0.5242,21697.12,21697.12,8916.434,486666.4016,486666.4016,25.56,20.92,2.1016
603158,腾龙股份,汽车配件,江苏,20150320,603158.SH,20200723,24.7,25.05,23.2,23.24,24.69,-1.45,-5.8728,51083.72,122365.72,2.3544,5.7292,1.22,41.3459,38.863,4.754,4.8788,4.603,0.5905,0.506,21697.12,21697.12,8916.434,504241.0688,504241.0688,27.16,22.22,2.1016
603158,腾龙股份,汽车配件,江苏,20150320,603158.SH,20200722,26.16,26.16,24.5,24.69,26.22,-1.53,-5.8352,59462.76,149385.246,2.7406,6.6689,1.53,43.9256,41.2878,5.0506,5.1832,4.8902,0.5558,0.4763,21697.12,21697.12,8916.434,535701.8928,535701.8928,28.84,23.6,2.1016
603158,腾龙股份,汽车配件,江苏,20150320,603158.SH,20200721,25.7,26.41,22.87,26.22,25.41,0.81,3.1877,39411.72,100962.315,1.8164,4.4201,0.88,46.6476,43.8463,5.3636,5.5044,5.1932,0.5234,0.4485,21697.12,21697.12,8916.434,568898.4864,568898.4864,27.95,22.87,2.1016
603158,腾龙股份,汽车配件,江苏,20150320,603158.SH,20200720,25.7,25.7,24.72,25.41,25.21,0.2,0.7933,29121.72,73556.033,1.3422,3.2661,0.52,45.2065,42.4918,5.1979,5.3343,5.0328,0.5401,0.4628,21697.12,21697.12,8916.434,551323.8192,551323.8192,27.73,22.69,2.1016
603158,腾龙股份,汽车配件,江苏,20150320,603158.SH,20200717,25.99,26.7,25.06,25.21,25.96,-0.75,-2.8891,44088.91,114221.36,2.032,4.9447,0.64,44.8507,42.1574,5.1569,5.2923,4.9932,0.5444,0.4664,21697.12,21697.12,8916.434,546984.3952,546984.3952,28.56,23.36,2.1016
603158,腾龙股份,汽车配件,江苏,20150320,603158.SH,20200716,26.73,27.32,25.61,25.96,26.8,-0.84,-3.1343,37630.0,100063.699,1.7343,4.2203,0.52,46.185,43.4115,5.3104,5.4498,5.1417,0.5286,0.453,21697.12,21697.12,8916.434,563257.2352,563257.2352,29.48,24.12,2.1016
603158,腾龙股份,汽车配件,江苏,20150320,603158.SH,20200715,26.55,27.15,25.55,26.8,26.63,0.17,0.6384,44188.16,117539.461,2.0366,4.9558,0.63,47.6795,44.8162,5.4822,5.6261,5.3081,0.5121,0.4388,21697.12,21697.12,8916.434,581482.816,581482.816,29.29,23.97,2.1016
603158,腾龙股份,汽车配件,江苏,20150320,603158.SH,20200714,27.6,27.66,25.7,26.63,28.1,-1.47,-5.2313,69000.26,183837.402,3.1802,7.7905,1.05,47.377,44.532,5.4474,5.5904,5.2744,0.5153,0.4416,21697.12,21697.12,8856.94,577794.3056,577794.3056,30.91,25.29,2.1016
603158,腾龙股份,汽车配件,江苏,20150320,603158.SH,20200713,26.4,28.86,26.4,28.1,27.38,0.72,2.6297,83314.4,228367.473,3.8399,9.4067,1.4,49.9923,46.9902,5.7481,5.899,5.5656,0.4884,0.4185,21697.12,21697.12,8856.94,609689.072,609689.072,30.12,24.64,2.1016
603158,腾龙股份,汽车配件,江苏,20150320,603158.SH,20200710,24.7,27.38,24.58,27.38,24.89,2.49,10.004,112441.99,297823.923,5.1823,12.6954,2.71,48.7113,45.7861,5.6008,5.7479,5.423,0.5012,0.4295,21697.12,21697.12,8856.94,594067.1456,594067.1456,27.38,22.4,2.1016
603158,腾龙股份,汽车配件,江苏,20150320,603158.SH,20200709,23.93,24.9,23.75,24.89,23.93,0.96,4.0117,52271.0,127340.388,2.4091,6.1443,1.51,44.2814,41.6222,5.0915,5.2251,4.9298,0.5514,0.4724,21697.12,21697.12,8507.18,540041.3168,540041.3168,26.32,21.54,2.1016
603158,腾龙股份,汽车配件,江苏,20150320,603158.SH,20200708,23.78,23.99,23.51,23.93,23.98,-0.05,-0.2085,33491.0,79614.421,1.5436,3.9368,1.05,42.5735,40.0169,4.8951,5.0236,4.7397,0.5735,0.4914,21697.12,21697.12,8507.18,519212.0816,519212.0816,26.38,21.58,2.1016
603158,腾龙股份,汽车配件,江苏,20150320,603158.SH,20200707,23.68,24.27,23.04,23.98,23.45,0.53,2.2601,45729.92,109205.21,2.1076,5.3754,1.55,42.6625,40.1005,4.9053,5.0341,4.7496,0.5723,0.4904,21697.12,21697.12,8507.18,520296.9376,520296.9376,25.8,21.11,2.1016
603158,腾龙股份,汽车配件,江苏,20150320,603158.SH,20200706,22.76,23.49,22.5,23.45,22.75,0.7,3.0769,53012.12,122432.522,2.4433,6.2315,2.25,41.7195,39.2142,4.7969,4.9229,4.6446,0.5852,0.5014,21697.12,21697.12,8507.18,508797.464,508797.464,25.03,20.48,2.1016
603158,腾龙股份,汽车配件,江苏,20150320,603158.SH,20200703,22.93,23.17,22.68,22.75,22.71,0.04,0.1761,23072.0,52773.586,1.0634,2.7121,0.98,40.4742,38.0436,4.6537,4.7759,4.5059,0.6032,0.5169,21697.12,21697.12,8507.18,493609.48,493609.48,24.98,20.44,2.1016
603158,腾龙股份,汽车配件,江苏,20150320,603158.SH,20200702,22.67,22.94,22.48,22.71,22.62,0.09,0.3979,17303.0,39317.869,0.7975,2.0339,0.6,40.403,37.9767,4.6455,4.7675,4.498,0.6043,0.5178,21697.12,21697.12,8507.18,492741.5952,492741.5952,24.88,20.36,2.1016
603158,腾龙股份,汽车配件,江苏,20150320,603158.SH,20200701,22.5,22.96,22.39,22.62,22.53,0.09,0.3995,21053.0,47720.822,0.9703,2.4747,0.64,40.2429,37.8262,4.6271,4.7486,4.4802,0.6067,0.5198,21697.12,21697.12,8507.18,490788.8544,490788.8544,24.78,20.28,2.1016
603158,腾龙股份,汽车配件,江苏,20150320,603158.SH,20200630,23.4,23.45,22.46,22.53,23.2,-0.67,-2.8879,33148.0,75311.453,1.5278,3.8965,0.97,40.0828,37.6757,4.6087,4.7297,4.4624,0.6091,0.5219,21697.12,21697.12,8507.18,488836.1136,488836.1136,25.52,20.88,2.1016
603158,腾龙股份,汽车配件,江苏,20150320,603158.SH,20200629,22.73,23.2,22.42,23.2,22.73,0.47,2.0678,23351.0,53299.275,1.0762,2.7449,0.65,41.2748,38.7961,4.7458,4.8704,4.5951,0.5915,0.5068,21697.12,21697.12,8507.18,503373.184,503373.184,25.0,20.46,2.1016
603158,腾龙股份,汽车配件,江苏,20150320,603158.SH,20200624,23.07,23.1,22.5,22.73,23.02,-0.29,-1.2598,22495.02,50968.411,1.0368,2.6442,0.57,40.4386,38.0102,4.6496,4.7717,4.502,0.6038,0.5173,21697.12,21697.12,8507.18,493175.5376,493175.5376,25.32,20.72,2.1016
603158,腾龙股份,汽车配件,江苏,20150320,603158.SH,20200623,23.34,23.34,22.28,23.02,23.26,-0.24,-1.0318,43632.77,98645.888,2.011,5.1289,1.09,40.9545,38.4951,4.709,4.8326,4.5594,0.5961,0.5108,21697.12,21697.12,8507.18,499467.7024,499467.7024,25.59,20.93,2.1016
603158,腾龙股份,汽车配件,江苏,20150320,603158.SH,20200622,24.1,24.23,23.09,23.26,23.68,-0.42,-1.7736,40935.26,95538.221,1.8867,4.8118,1.0,41.3815,38.8965,4.7581,4.883,4.607,0.59,0.5055,21697.12,21697.12,8507.18,504675.0112,504675.0112,26.05,21.31,2.1016
603158,腾龙股份,汽车配件,江苏,20150320,603158.SH,20200619,24.07,24.25,23.09,23.68,24.09,-0.41,-1.702,40003.0,94177.122,1.8437,4.7023,0.98,42.1287,39.5988,4.844,4.9711,4.6901,0.5795,0.4966,21697.12,21697.12,8507.18,513787.8016,513787.8016,26.5,21.68,2.1016
603158,腾龙股份,汽车配件,江苏,20150320,603158.SH,20200618,24.21,24.91,24.1,24.21,24.29,-0.08,-0.3294,31625.49,77520.838,1.4576,3.8202,0.69,43.0716,40.4851,4.8361,5.0824,4.7951,0.5668,,21697.12,21697.12,8278.53,525287.2752,525287.2752,26.72,21.86,2.0912
603158,腾龙股份,汽车配件,江苏,20150320,603158.SH,20200617,24.7,24.7,23.86,24.29,24.62,-0.33,-1.3404,41420.0,100160.52,1.909,5.0033,0.99,43.214,40.6189,4.852,5.0992,4.811,0.565,,21697.12,21697.12,8278.53,527023.0448,527023.0448,27.08,22.16,2.0912
603158,腾龙股份,汽车配件,江苏,20150320,603158.SH,20200616,24.13,24.95,23.88,24.62,24.13,0.49,2.0307,45335.92,110180.741,2.0895,5.4763,1.21,43.8011,41.1707,4.918,5.1685,4.8763,0.5574,,21697.12,21697.12,8278.53,534183.0944,534183.0944,26.54,21.72,2.0912
603158,腾龙股份,汽车配件,江苏,20150320,603158.SH,20200615,23.87,24.49,22.91,24.13,23.9,0.23,0.9623,46437.51,110891.075,2.1403,5.6094,1.4,42.9293,40.3513,4.8201,5.0656,4.7793,0.5687,,21697.12,21697.12,8278.53,523551.5056,523551.5056,26.29,21.51,2.0912
603158,腾龙股份,汽车配件,江苏,20150320,603158.SH,20200612,22.87,24.1,22.7,23.9,23.41,0.49,2.0931,38473.59,90379.288,1.7732,4.6474,1.24,42.5201,39.9667,4.7741,5.0173,4.7337,0.5742,,21697.12,21697.12,8278.53,518561.168,518561.168,25.75,21.07,2.0912
603158,腾龙股份,汽车配件,江苏,20150320,603158.SH,20200611,23.28,25.08,23.23,23.41,23.2,0.21,0.9052,57774.6,139346.602,2.6628,6.9788,1.9,41.6484,39.1473,4.6763,4.9145,4.6367,0.5862,0.5862,21697.12,21697.12,8278.53,507929.5792,507929.5792,25.52,20.88,2.0912
603158,腾龙股份,汽车配件,江苏,20150320,603158.SH,20200610,23.9,23.9,23.1,23.2,23.6,-0.4,-1.6949,20794.28,48559.101,0.9584,2.5118,0.64,41.2748,38.7961,4.6343,4.8704,4.5951,0.5915,0.5915,21697.12,21697.12,8278.53,503373.184,503373.184,25.96,21.24,2.0912
603158,腾龙股份,汽车配件,江苏,20150320,603158.SH,20200609,23.8,23.8,23.0,23.6,23.3,0.3,1.2876,24496.02,57417.039,1.129,2.959,0.68,41.9864,39.465,4.7142,4.9543,4.6743,0.5815,0.5815,21697.12,21697.12,8278.53,512052.032,512052.032,25.63,20.97,2.0912
603158,腾龙股份,汽车配件,江苏,20150320,603158.SH,20200608,23.73,23.77,22.9,23.3,23.64,-0.34,-1.4382,23751.0,55149.011,1.0947,2.869,0.51,41.4527,38.9634,4.6543,4.8914,4.6149,0.589,0.589,21697.12,21697.12,8278.53,505542.896,505542.896,26.0,21.28,2.0912
603158,腾龙股份,汽车配件,江苏,20150320,603158.SH,20200605,23.66,24.0,23.11,23.64,23.66,-0.02,-0.0845,28174.21,66209.374,1.2985,3.4033,0.55,42.0576,39.5319,4.7222,4.9627,4.6822,0.5805,0.5805,21697.12,21697.12,8278.53,512919.9168,512919.9168,26.03,21.29,2.0912
603158,腾龙股份,汽车配件,江苏,20150320,603158.SH,20200604,23.01,24.68,22.96,23.66,22.91,0.75,3.2737,54961.68,131138.614,2.5331,6.6391,1.15,42.0931,39.5654,4.7262,4.9669,4.6862,0.58,0.58,21697.12,21697.12,8278.53,513353.8592,513353.8592,25.2,20.62,2.0912
603158,腾龙股份,汽车配件,江苏,20150320,603158.SH,20200603,22.83,23.21,22.59,22.91,22.81,0.1,0.4384,30293.52,69541.169,1.3962,3.6593,0.61,40.7588,38.3112,4.5764,4.8095,4.5376,0.599,0.599,21697.12,21697.12,8278.53,497081.0192,497081.0192,25.09,20.53,2.0912
603158,腾龙股份,汽车配件,江苏,20150320,603158.SH,20200602,23.34,23.39,22.76,22.81,23.34,-0.53,-2.2708,44008.58,101437.808,2.0283,5.316,0.85,40.5809,38.144,4.5564,4.7885,4.5178,0.6016,0.6016,21697.12,21697.12,8278.53,494911.3072,494911.3072,25.67,21.01,2.0912
603158,腾龙股份,汽车配件,江苏,20150320,603158.SH,20200601,22.95,23.7,22.65,23.34,22.18,1.16,5.2299,74367.77,172324.604,3.4275,8.9832,1.59,41.5238,39.0303,4.6623,4.8998,4.6228,0.588,0.588,21697.12,21697.12,8278.53,506410.7808,506410.7808,24.4,19.96,2.0912
603158,腾龙股份,汽车配件,江苏,20150320,603158.SH,20200529,21.31,22.18,20.46,22.18,20.16,2.02,10.0198,54815.12,117453.857,2.5264,6.6214,1.36,39.4601,37.0905,4.4306,4.6562,4.3931,0.6187,0.6187,21697.12,21697.12,8278.53,481242.1216,481242.1216,22.18,18.14,2.0912
603158,腾龙股份,汽车配件,江苏,20150320,603158.SH,20200528,20.7,20.81,19.85,20.16,20.63,-0.47,-2.2782,34491.04,69974.564,1.5897,4.1663,0.9,35.8664,33.7125,4.0271,4.2322,3.993,0.6807,0.6807,21697.12,21697.12,8278.53,437413.9392,437413.9392,22.69,18.57,2.0912
603158,腾龙股份,汽车配件,江苏,20150320,603158.SH,20200527,20.91,21.12,20.2,20.63,20.52,0.11,0.5361,39735.01,82066.118,1.8313,4.7998,1.15,36.7025,34.4985,4.1209,4.3308,4.0861,0.6652,0.6652,21697.12,21697.12,8278.53,447611.5856,447611.5856,22.57,18.47,2.0912
603158,腾龙股份,汽车配件,江苏,20150320,603158.SH,20200526,19.79,20.88,19.55,20.52,19.7,0.82,4.1624,56716.89,115260.339,2.614,6.8511,1.93,36.5068,34.3145,4.099,4.3078,4.0643,0.6688,0.6688,21697.12,21697.12,8278.53,445224.9024,445224.9024,21.67,17.73,2.0912
603158,腾龙股份,汽车配件,江苏,20150320,603158.SH,20200525,18.45,19.75,18.18,19.7,18.35,1.35,7.3569,48298.58,92444.53,2.226,5.8342,1.87,35.048,32.9433,3.9352,4.1356,3.9019,0.6966,0.6966,21697.12,21697.12,8278.53,427433.264,427433.264,20.19,16.52,2.0912
603158,腾龙股份,汽车配件,江苏,20150320,603158.SH,20200522,18.58,18.7,18.25,18.35,18.71,-0.36,-1.9241,22173.26,40872.196,1.0219,2.6784,0.87,32.6462,30.6857,3.6655,3.8522,3.6345,0.7479,0.7479,21697.12,21697.12,8278.53,398142.152,398142.152,20.58,16.84,2.0912
603158,腾龙股份,汽车配件,江苏,20150320,603158.SH,20200521,18.57,18.99,18.51,18.71,19.0,-0.29,-1.5263,23947.0,44731.729,1.1037,2.8927,0.95,33.2867,31.2878,3.7374,3.9278,3.7058,0.7335,0.7335,21697.12,21697.12,8278.53,405953.1152,405953.1152,20.9,17.1,2.0912
603158,腾龙股份,汽车配件,江苏,20150320,603158.SH,20200520,18.84,19.06,18.66,19.0,18.73,0.27,1.4415,21501.86,40595.381,0.991,2.5973,0.8,33.8026,31.7727,3.7953,3.9887,3.7632,0.7223,0.7223,21697.12,21697.12,8278.53,412245.28,412245.28,20.6,16.86,2.0912
603158,腾龙股份,汽车配件,江苏,20150320,603158.SH,20200519,18.75,18.98,18.63,18.73,18.8,-0.07,-0.3723,31068.83,58247.887,1.4319,3.7529,1.1,33.3223,31.3212,3.7414,3.932,3.7097,0.7327,0.7327,21697.12,21697.12,8278.53,406387.0576,406387.0576,20.68,16.92,2.0912
603158,腾龙股份,汽车配件,江苏,20150320,603158.SH,20200518,18.95,19.33,18.63,18.8,19.0,-0.2,-1.0526,30110.45,57123.707,1.3878,3.6372,1.06,33.4468,31.4383,3.7554,3.9467,3.7236,0.73,0.73,21697.12,21697.12,8278.53,407905.856,407905.856,20.9,17.1,2.0912
603158,腾龙股份,汽车配件,江苏,20150320,603158.SH,20200515,19.05,19.2,18.76,19.0,18.77,0.23,1.2254,20686.46,39269.347,0.9534,2.4988,0.7,33.8026,31.7727,3.7953,3.9887,3.7632,0.7223,0.7223,21697.12,21697.12,8278.53,412245.28,412245.28,20.65,16.89,2.0912
603158,腾龙股份,汽车配件,江苏,20150320,603158.SH,20200514,19.1,19.3,18.66,18.77,19.08,-0.31,-1.6247,22313.48,42112.563,1.0284,2.6953,0.69,33.3934,31.3881,3.7494,3.9404,3.7177,0.7311,0.7311,21697.12,21697.12,8278.53,407254.9424,407254.9424,20.99,17.17,2.0912
603158,腾龙股份,汽车配件,江苏,20150320,603158.SH,20200513,19.1,19.41,18.73,19.08,19.14,-0.06,-0.3135,29609.07,56313.724,1.3647,3.5766,0.84,33.9449,31.9065,3.8113,4.0055,3.7791,0.7193,0.7193,21697.12,21697.12,8278.53,413981.0496,413981.0496,21.05,17.23,2.0912
603158,腾龙股份,汽车配件,江苏,20150320,603158.SH,20200512,18.65,19.39,18.6,19.14,18.58,0.56,3.014,38779.29,73929.144,1.7873,4.6843,1.08,34.0517,32.0068,3.8233,4.0181,3.7909,0.717,0.717,21697.12,21697.12,8278.53,415282.8768,415282.8768,20.44,16.72,2.0912
603158,腾龙股份,汽车配件,江苏,20150320,603158.SH,20200511,18.75,19.11,18.55,18.58,18.58,0.0,0.0,30830.04,57862.859,1.4209,3.7241,0.78,33.0554,31.0704,3.7114,3.9005,3.68,0.7386,0.7386,21697.12,21697.12,8278.53,403132.4896,403132.4896,20.44,16.72,2.0912
603158,腾龙股份,汽车配件,江苏,20150320,603158.SH,20200508,18.5,18.66,18.23,18.58,18.38,0.2,1.0881,27265.92,50350.034,1.2567,3.2936,0.61,33.0554,31.0704,3.7114,3.9005,3.68,0.7386,0.7386,21697.12,21697.12,8278.53,403132.4896,403132.4896,20.22,16.54,2.0912
603158,腾龙股份,汽车配件,江苏,20150320,603158.SH,20200507,18.7,18.72,18.02,18.38,18.45,-0.07,-0.3794,35198.96,64447.663,1.6223,4.2518,0.65,32.6996,30.7359,3.6715,3.8585,3.6404,0.7466,0.7466,21697.12,21697.12,8278.53,398793.0656,398793.0656,20.3,16.61,2.0912
603158,腾龙股份,汽车配件,江苏,20150320,603158.SH,20200506,17.77,18.73,17.11,18.45,18.01,0.44,2.4431,43735.18,79743.343,2.0157,5.283,0.6,32.8241,30.853,3.6855,3.8732,3.6543,0.7438,0.7438,21697.12,21697.12,8278.53,400311.864,400311.864,19.81,16.21,2.0912
603158,腾龙股份,汽车配件,江苏,20150320,603158.SH,20200430,17.4,18.14,17.23,18.01,17.22,0.79,4.5877,42164.98,75274.366,1.9433,5.0933,0.54,32.0413,30.1172,3.5976,3.7808,3.5671,0.762,0.762,21697.12,21697.12,8278.53,390765.1312,390765.1312,18.94,15.5,2.0912
603158,腾龙股份,汽车配件,江苏,20150320,603158.SH,20200429,16.44,17.41,16.02,17.22,16.32,0.9,5.5147,49703.85,84088.717,2.2908,6.0039,0.66,30.6358,28.7961,3.4398,3.615,3.4107,0.7969,0.7969,21697.12,21697.12,8278.53,373624.4064,373624.4064,17.95,14.69,2.0912
603158,腾龙股份,汽车配件,江苏,20150320,603158.SH,20200428,17.42,17.42,15.6,16.32,16.79,-0.47,-2.7993,51976.76,85483.447,2.3956,6.2785,0.66,29.0347,27.2911,3.26,3.4261,3.2324,0.8409,0.8409,21697.12,21697.12,8278.53,354096.9984,354096.9984,18.47,15.11,2.0912
603158,腾龙股份,汽车配件,江苏,20150320,603158.SH,20200427,17.2,17.65,16.5,16.79,17.82,-1.03,-5.78,85050.08,145550.397,3.9199,10.2736,1.06,29.8708,29.8708,3.4347,3.5247,3.5247,0.8174,0.8174,21697.12,21697.12,8278.53,364294.6448,364294.6448,19.6,16.04,2.0912
603158,腾龙股份,汽车配件,江苏,20150320,603158.SH,20200424,20.05,21.18,17.82,17.82,19.8,-1.98,-10.0,134801.96,253913.443,6.2129,16.2833,1.86,31.7033,31.7033,3.6455,3.7409,3.7409,0.7701,0.7701,21697.12,21697.12,8278.53,386642.6784,386642.6784,21.78,17.82,2.0912
603158,腾龙股份,汽车配件,江苏,20150320,603158.SH,20200423,19.45,20.58,19.21,19.8,19.36,0.44,2.2727,72230.97,143587.797,3.3291,8.7251,0.98,35.2259,35.2259,4.0505,4.1566,4.1566,0.6931,0.6931,21697.12,21697.12,8278.53,429602.976,429602.976,21.3,17.42,2.0912
603158,腾龙股份,汽车配件,江苏,20150320,603158.SH,20200422,19.18,19.55,18.91,19.36,19.18,0.18,0.9385,35187.35,67758.115,1.6218,4.2504,0.41,34.4431,34.4431,3.9605,4.0642,4.0642,0.7089,0.7089,21697.12,21697.12,8278.53,420056.2432,420056.2432,21.1,17.26,2.0912
603158,腾龙股份,汽车配件,江苏,20150320,603158.SH,20200421,19.8,19.97,18.96,19.18,20.05,-0.87,-4.3392,65902.29,128382.393,3.0374,7.9606,0.8,34.1228,34.1228,3.9237,4.0265,4.0265,0.7155,0.7155,21697.12,21697.12,8278.53,416150.7616,416150.7616,22.06,18.05,2.0912
603158,腾龙股份,汽车配件,江苏,20150320,603158.SH,20200420,18.67,20.38,18.58,20.05,18.67,1.38,7.3915,91903.06,181220.307,4.2357,11.1014,1.27,35.6707,35.6707,4.1016,4.2091,4.2091,0.6845,0.6845,21697.12,21697.12,8278.53,435027.256,435027.256,20.54,16.8,2.0912
603158,腾龙股份,汽车配件,江苏,20150320,603158.SH,20200417,17.8,19.37,17.46,18.67,17.61,1.06,6.0193,97670.58,179565.034,4.5015,11.7981,1.58,33.2155,33.2155,3.8193,3.9194,3.9194,0.735,0.735,21697.12,21697.12,8278.53,405085.2304,405085.2304,19.37,15.85,2.0912
603158,腾龙股份,汽车配件,江苏,20150320,603158.SH,20200416,17.94,17.94,17.1,17.61,18.25,-0.64,-3.5068,77250.79,135478.017,3.5604,9.3315,1.44,31.3297,31.3297,3.6025,3.6969,3.6969,0.7793,0.7793,21697.12,21697.12,8278.53,382086.2832,382086.2832,20.08,16.43,2.0912
603158,腾龙股份,汽车配件,江苏,20150320,603158.SH,20200415,17.03,18.38,16.52,18.25,17.0,1.25,7.3529,92653.43,163702.314,4.2703,11.192,2.07,33.8582,34.911,3.8913,3.8883,4.1439,0.752,0.752,21697.12,21697.12,8278.53,395972.44,395972.44,18.7,15.3,2.0912
603158,腾龙股份,汽车配件,江苏,20150320,603158.SH,20200414,16.45,17.06,16.45,17.0,16.34,0.66,4.0392,53012.58,89311.132,2.4433,6.4036,1.24,31.5391,32.5199,3.6248,3.622,3.8601,0.8073,0.8073,21697.12,21697.12,8278.53,368851.04,368851.04,17.97,14.71,2.0912
603158,腾龙股份,汽车配件,江苏,20150320,603158.SH,20200413,17.02,17.05,16.14,16.34,17.05,-0.71,-4.1642,40372.44,66235.485,1.8607,4.8768,0.99,30.3147,31.2573,3.4841,3.4814,3.7102,0.8399,0.8399,21697.12,21697.12,8278.53,354530.9408,354530.9408,18.76,15.35,2.0912
603158,腾龙股份,汽车配件,江苏,20150320,603158.SH,20200410,17.89,18.11,16.72,17.05,17.95,-0.9,-5.0139,46330.74,79420.147,2.1353,5.5965,1.19,31.6319,32.6155,3.6355,3.6327,3.8714,0.8049,0.8049,21697.12,21697.12,8278.53,369935.896,369935.896,19.75,16.16,2.0912
603158,腾龙股份,汽车配件,江苏,20150320,603158.SH,20200409,18.18,18.25,17.68,17.95,18.03,-0.08,-0.4437,36005.34,64587.809,1.6595,4.3492,0.91,33.3016,34.3371,3.8274,3.8244,4.0758,0.7645,0.7645,21697.12,21697.12,8278.53,389463.304,389463.304,19.83,16.23,2.0912
603158,腾龙股份,汽车配件,江苏,20150320,603158.SH,20200408,18.3,18.55,17.9,18.03,18.01,0.02,0.111,47743.05,86781.764,2.2004,5.8073,1.35,33.45,34.4902,3.8444,3.8415,4.0939,0.7611,0.7611,21697.12,21697.12,8221.21,391199.0736,391199.0736,19.81,16.21,2.0912
603158,腾龙股份,汽车配件,江苏,20150320,603158.SH,20200407,17.78,18.39,17.67,18.01,17.37,0.64,3.6845,43631.46,78754.902,2.0109,5.3072,1.28,33.4129,34.4519,3.8402,3.8372,4.0894,0.762,0.762,21697.12,21697.12,8221.21,390765.1312,390765.1312,19.11,15.63,2.0912
603158,腾龙股份,汽车配件,江苏,20150320,603158.SH,20200403,18.02,18.14,17.21,17.37,17.85,-0.48,-2.6891,30303.0,53223.672,1.3966,3.686,0.86,32.2256,33.2276,3.7037,3.7008,3.9441,0.7901,0.7901,21697.12,21697.12,8221.21,376878.9744,376878.9744,19.64,16.07,2.0912
603158,腾龙股份,汽车配件,江苏,20150320,603158.SH,20200402,17.35,18.0,17.02,17.85,17.38,0.47,2.7043,37724.1,66609.522,1.7387,4.5886,1.13,33.1161,34.1458,3.8061,3.8031,4.0531,0.7688,0.7688,21697.12,21697.12,8221.21,387293.592,387293.592,19.12,15.64,2.0912
603158,腾龙股份,汽车配件,江苏,20150320,603158.SH,20200401,17.24,17.94,17.08,17.38,17.35,0.03,0.1729,38774.47,67881.588,1.7871,4.7164,1.04,32.2441,33.2468,3.7058,3.703,3.9464,0.7896,0.7896,21697.12,21697.12,8221.21,377095.9456,377095.9456,19.09,15.62,2.0912
603158,腾龙股份,汽车配件,江苏,20150320,603158.SH,20200331,17.82,18.25,17.1,17.35,17.69,-0.34,-1.922,25745.92,45069.436,1.1866,3.1316,0.66,32.1885,33.1894,3.6994,3.6966,3.9395,0.791,0.791,21697.12,21697.12,8221.21,376445.032,376445.032,19.46,15.92,2.0912
603158,腾龙股份,汽车配件,江苏,20150320,603158.SH,20200330,18.26,18.27,17.18,17.69,18.47,-0.78,-4.2231,37574.87,66526.02,1.7318,4.5705,0.94,32.8192,33.8398,3.7719,3.769,4.0167,0.7758,0.7758,21697.12,21697.12,8221.21,383822.0528,383822.0528,20.32,16.62,2.0912
603158,腾龙股份,汽车配件,江苏,20150320,603158.SH,20200327,19.17,19.2,18.34,18.47,19.15,-0.68,-3.5509,36979.83,69066.185,1.7044,4.4981,0.96,34.2663,35.3319,3.9383,3.9352,4.1939,0.743,0.743,21697.12,21697.12,8221.21,400745.8064,400745.8064,21.07,17.24,2.0912
603158,腾龙股份,汽车配件,江苏,20150320,603158.SH,20200326,19.43,19.46,18.76,19.15,19.45,-0.3,-1.5424,28010.51,53336.867,1.291,3.4071,0.71,35.5279,36.6327,4.0832,4.0801,4.3483,0.7166,0.7166,21697.12,21697.12,8221.21,415499.848,415499.848,21.4,17.51,2.0912
603158,腾龙股份,汽车配件,江苏,20150320,603158.SH,20200325,19.71,20.34,19.26,19.45,18.97,0.48,2.5303,57434.34,113290.455,2.6471,6.9861,1.46,36.0845,37.2065,4.1472,4.144,4.4164,0.7056,0.7056,21697.12,21697.12,8221.21,422008.984,422008.984,20.87,17.07,2.0912
603158,腾龙股份,汽车配件,江苏,20150320,603158.SH,20200324,18.87,19.25,18.26,18.97,18.49,0.48,2.596,35314.61,66375.912,1.6276,4.2955,0.85,35.194,36.2883,4.0449,4.0417,4.3074,0.7234,0.7234,21697.12,21697.12,8221.21,411594.3664,411594.3664,20.34,16.64,2.0912
603158,腾龙股份,汽车配件,江苏,20150320,603158.SH,20200323,18.72,19.56,18.21,18.49,19.2,-0.71,-3.6979,42529.71,80253.496,1.9602,5.1732,0.95,34.3034,35.3701,3.9425,3.9395,4.1984,0.7422,0.7422,21697.12,21697.12,8221.21,401179.7488,401179.7488,21.12,17.28,2.0912
603158,腾龙股份,汽车配件,江苏,20150320,603158.SH,20200320,20.0,20.08,18.9,19.2,19.48,-0.28,-1.4374,28772.56,55494.61,1.3261,3.4998,0.6,35.6207,36.7283,4.0939,4.0907,4.3596,0.7148,0.7148,21697.12,21697.12,8221.21,416584.704,416584.704,21.43,17.53,2.0912
603158,腾龙股份,汽车配件,江苏,20150320,603158.SH,20200319,19.22,19.77,18.67,19.48,19.35,0.13,0.6718,33137.66,64056.246,1.5273,4.0308,0.69,36.1401,37.2639,4.1536,4.1504,4.4232,0.7045,0.7045,21697.12,21697.12,8221.21,422659.8976,422659.8976,21.29,17.42,2.0912
603158,腾龙股份,汽车配件,江苏,20150320,603158.SH,20200318,19.58,20.8,19.09,19.35,19.33,0.02,0.1035,57108.87,114154.789,2.6321,6.9465,1.32,35.899,37.0152,4.1259,4.1227,4.3937,0.7092,0.7092,21697.12,21697.12,8221.21,419839.272,419839.272,21.26,17.4,2.0912
603158,腾龙股份,汽车配件,江苏,20150320,603158.SH,20200317,19.62,19.98,18.49,19.33,19.36,-0.03,-0.155,45500.2,86691.094,2.0971,5.5345,1.06,35.8618,36.977,4.1216,4.1184,4.3891,0.71,0.71,21697.12,21697.12,8221.21,419405.3296,419405.3296,21.3,17.42,2.0912
603158,腾龙股份,汽车配件,江苏,20150320,603158.SH,20200316,21.86,22.2,19.36,19.36,21.51,-2.15,-9.9954,59427.68,121741.317,2.739,7.2286,1.32,35.9175,37.0344,4.128,4.1248,4.3959,0.7089,0.7089,21697.12,21697.12,8221.21,420056.2432,420056.2432,23.66,19.36,2.0912
603158,腾龙股份,汽车配件,江苏,20150320,603158.SH,20200313,20.87,21.9,20.25,21.51,22.15,-0.64,-2.8894,43462.69,92605.107,2.0032,5.2867,1.07,39.9063,41.1472,4.5865,4.5829,4.8841,0.638,0.638,21697.12,21697.12,8221.21,466705.0512,466705.0512,24.37,19.94,2.0912
603158,腾龙股份,汽车配件,江苏,20150320,603158.SH,20200312,21.77,22.53,21.53,22.15,22.51,-0.36,-1.5993,33777.08,74288.504,1.5568,4.1085,0.77,41.0936,42.3715,4.7229,4.7193,5.0295,0.6196,0.6196,21697.12,21697.12,8221.21,480591.208,480591.208,24.76,20.26,2.0912
603158,腾龙股份,汽车配件,江苏,20150320,603158.SH,20200311,23.13,24.8,22.45,22.51,22.95,-0.44,-1.9172,34649.0,81238.879,1.5969,4.2146,0.77,41.7615,43.0601,4.7997,4.796,5.1112,0.6097,0.6097,21697.12,21697.12,8221.21,488402.1712,488402.1712,25.25,20.66,2.0912
603158,腾龙股份,汽车配件,江苏,20150320,603158.SH,20200310,22.26,23.26,21.51,22.95,23.0,-0.05,-0.2174,43121.3,96864.477,1.9874,5.2451,0.91,42.5778,43.9018,4.8935,4.8897,5.2111,0.598,0.598,21697.12,21697.12,8221.21,497948.904,497948.904,25.3,20.7,2.0912
603158,腾龙股份,汽车配件,江苏,20150320,603158.SH,20200309,23.84,24.54,22.1,23.0,24.56,-1.56,-6.3518,69476.0,157565.233,3.2021,8.4508,1.65,42.6706,43.9974,4.9042,4.9004,5.2225,0.5967,0.5967,21697.12,21697.12,8221.21,499033.76,499033.76,27.02,22.1,2.0912
603158,腾龙股份,汽车配件,江苏,20150320,603158.SH,20200306,24.27,25.03,23.8,24.56,24.8,-0.24,-0.9677,22702.0,55639.096,1.0463,2.7614,0.45,45.5648,46.9816,5.2368,5.2327,5.5767,0.5588,0.5588,21697.12,21697.12,8221.21,532881.2672,532881.2672,27.28,22.32,2.0912
603158,腾龙股份,汽车配件,江苏,20150320,603158.SH,20200305,24.18,25.13,23.88,24.8,24.04,0.76,3.1614,48133.15,118150.123,2.2184,5.8548,0.93,46.01,47.4407,5.288,5.2839,5.6312,0.5534,0.5534,21697.12,21697.12,8221.21,538088.576,538088.576,26.44,21.64,2.0912
603158,腾龙股份,汽车配件,江苏,20150320,603158.SH,20200304,25.0,25.0,23.22,24.04,25.23,-1.19,-4.7166,42017.15,100408.109,1.9365,5.1108,0.69,44.6,45.9869,5.1259,5.1219,5.4586,0.5709,0.5709,21697.12,21697.12,8221.21,521598.7648,521598.7648,27.75,22.71,2.0912
603158,腾龙股份,汽车配件,江苏,20150320,603158.SH,20200303,24.3,25.48,24.01,25.23,23.55,1.68,7.1338,55586.56,138299.101,2.5619,6.7614,0.81,46.8078,48.2633,5.3796,5.3755,5.7288,0.5439,0.5439,21697.12,21697.12,8221.21,547418.3376,547418.3376,25.91,21.2,2.0912
603158,腾龙股份,汽车配件,江苏,20150320,603158.SH,20200302,23.55,24.13,22.82,23.55,23.17,0.38,1.6401,41638.0,98038.895,1.9191,5.0647,0.5,43.691,45.0496,5.0214,5.0175,5.3473,0.5827,0.5827,21697.12,21697.12,8221.21,510967.176,510967.176,25.49,20.85,2.0912
603158,腾龙股份,汽车配件,江苏,20150320,603158.SH,20200228,24.86,25.7,23.16,23.17,25.72,-2.55,-9.9145,62531.35,151229.606,2.882,7.6061,0.68,42.986,44.3226,4.9404,4.9366,5.2611,0.5923,0.5923,21697.12,21697.12,8221.21,502722.2704,502722.2704,28.29,23.15,2.0912
603158,腾龙股份,汽车配件,江苏,20150320,603158.SH,20200227,27.1,27.1,25.53,25.72,26.93,-1.21,-4.4931,55646.13,145429.452,2.5647,6.7686,0.57,47.7168,49.2006,5.4841,5.4799,5.8401,0.5336,0.5336,21697.12,21697.12,8221.21,558049.9264,558049.9264,29.62,24.24,2.0912
603158,腾龙股份,汽车配件,江苏,20150320,603158.SH,20200226,28.56,29.2,26.62,26.93,29.57,-2.64,-8.928,89038.11,247084.311,4.1037,10.8303,0.98,49.9617,51.5153,5.7421,5.7377,6.1148,0.5096,0.5096,21697.12,21697.12,8221.21,584303.4416,584303.4416,32.53,26.61,2.0912
603158,腾龙股份,汽车配件,江苏,20150320,603158.SH,20200225,29.0,30.79,28.07,29.57,30.58,-1.01,-3.3028,94991.68,278948.221,4.3781,11.5545,1.16,54.8595,56.5654,6.305,6.3002,6.7143,0.4641,0.4641,21697.12,21697.12,8221.21,641583.8384,641583.8384,33.64,27.52,2.0912
603158,腾龙股份,汽车配件,江苏,20150320,603158.SH,20200224,27.98,30.58,27.5,30.58,27.8,2.78,10.0,114574.01,341306.372,5.2806,13.9364,1.62,56.7333,58.4975,6.5204,6.5153,6.9436,0.4488,0.4488,21697.12,21697.12,8221.21,663497.9296,663497.9296,30.58,25.02,2.0912
603158,腾龙股份,汽车配件,江苏,20150320,603158.SH,20200221,26.4,28.1,25.92,27.8,26.18,1.62,6.1879,105779.9,286064.539,4.8753,12.8667,1.47,51.5758,53.1795,5.9276,5.923,6.3124,0.4936,0.4936,21697.12,21697.12,8221.21,603179.936,603179.936,28.8,23.56,2.0912
603158,腾龙股份,汽车配件,江苏,20150320,603158.SH,20200220,23.8,26.18,23.8,26.18,23.8,2.38,10.0,87620.26,222111.222,4.0383,10.6578,1.09,48.5703,50.0806,5.5822,5.5779,5.9445,0.5242,0.5242,21697.12,21697.12,8221.21,568030.6016,568030.6016,26.18,21.42,2.0912
603158,腾龙股份,汽车配件,江苏,20150320,603158.SH,20200219,25.96,25.96,23.58,23.8,24.97,-1.17,-4.6856,51699.0,127124.463,2.3828,6.2885,0.55,44.1548,45.5278,5.0747,5.0708,5.4041,0.5766,0.5766,21697.12,21697.12,8221.21,516391.456,516391.456,27.47,22.47,2.0912
603158,腾龙股份,汽车配件,江苏,20150320,603158.SH,20200218,25.4,25.69,24.58,24.97,25.4,-0.43,-1.6929,51272.18,128488.568,2.3631,6.2366,0.44,46.3254,47.7659,5.3242,5.3201,5.6698,0.5496,0.5496,21697.12,21697.12,8221.21,541777.0864,541777.0864,27.94,22.86,2.0912
603158,腾龙股份,汽车配件,江苏,20150320,603158.SH,20200217,24.79,25.73,24.1,25.4,24.99,0.41,1.6407,56385.16,141203.498,2.5987,6.8585,0.48,47.1232,48.5885,5.4159,5.4117,5.7674,0.5403,0.5403,21697.12,21697.12,8221.21,551106.848,551106.848,27.49,22.49,2.0912
603158,腾龙股份,汽车配件,江苏,20150320,603158.SH,20200214,26.48,26.77,24.44,24.99,26.6,-1.61,-6.0526,111684.7,283063.546,5.1474,13.5849,1.1,46.3625,47.8042,5.3285,5.3243,5.6743,0.5492,0.5492,21697.12,21697.12,8221.21,542211.0288,542211.0288,29.26,23.94,2.0912
603158,腾龙股份,汽车配件,江苏,20150320,603158.SH,20200213,25.55,28.01,24.66,26.6,25.65,0.95,3.7037,129741.16,347003.5,5.9796,15.7813,1.54,49.3495,50.884,5.6718,5.6674,6.0399,0.5159,0.5159,21697.12,21697.12,8221.21,577143.392,577143.392,28.22,23.09,2.0912
603158,腾龙股份,汽车配件,江苏,20150320,603158.SH,20200212,23.18,26.45,23.18,25.65,25.59,0.06,0.2345,116678.86,292089.402,5.3776,14.1924,1.54,47.587,49.0667,5.4692,5.465,5.8242,0.535,0.535,21697.12,21697.12,8221.21,556531.128,556531.128,28.15,23.03,2.0912
603158,腾龙股份,汽车配件,江苏,20150320,603158.SH,20200211,24.7,25.7,24.17,25.59,23.36,2.23,9.5462,165898.74,422857.518,7.6461,20.1794,3.07,47.4757,48.9519,5.4564,5.4522,5.8105,0.5363,0.5363,21697.12,21697.12,8221.21,555229.3008,555229.3008,25.7,21.02,2.0912
603158,腾龙股份,汽车配件,江苏,20150320,603158.SH,20200210,21.53,23.36,21.53,23.36,21.24,2.12,9.9812,59441.19,137307.732,2.7396,7.2302,1.1,43.3385,44.6861,4.9809,4.9771,5.3042,0.5875,0.5875,21697.12,21697.12,8221.21,506844.7232,506844.7232,23.36,19.12,2.0912
603158,腾龙股份,汽车配件,江苏,20150320,603158.SH,20200207,21.05,21.73,20.58,21.24,21.48,-0.24,-1.1173,35727.95,75044.841,1.6467,4.3458,0.62,39.4054,40.6307,4.5289,4.5254,4.8228,0.6461,0.6461,21697.12,21697.12,8221.21,460846.8288,460846.8288,23.63,19.33,2.0912
603158,腾龙股份,汽车配件,江苏,20150320,603158.SH,20200206,21.21,21.95,20.11,21.48,21.0,0.48,2.2857,44326.9,93331.032,2.043,5.3918,0.67,39.8506,41.0898,4.5801,4.5765,4.8773,0.6389,0.6389,21697.12,21697.12,8221.21,466054.1376,466054.1376,23.1,18.9,2.0912
603158,腾龙股份,汽车配件,江苏,20150320,603158.SH,20200205,22.22,22.3,20.65,21.0,21.23,-0.23,-1.0834,73917.69,159174.822,3.4068,8.9911,1.07,38.9601,40.1716,4.4777,4.4742,4.7683,0.6535,0.6535,21697.12,21697.12,8221.21,455639.52,455639.52,23.35,19.11,2.0912
603158,腾龙股份,汽车配件,江苏,20150320,603158.SH,20200204,20.04,21.23,20.04,21.23,19.3,1.93,10.0,56679.55,119037.464,2.6123,6.8943,0.66,39.3868,40.6116,4.5267,4.5232,4.8206,0.6464,0.6464,21697.12,21697.12,8221.21,460629.8576,460629.8576,21.23,17.37,2.0912
603158,腾龙股份,汽车配件,江苏,20150320,603158.SH,20200203,19.41,20.57,19.3,19.3,21.44,-2.14,-9.9813,59308.27,116453.203,2.7335,7.2141,0.73,35.8062,36.9196,4.1152,4.112,4.3823,0.7111,0.7111,21697.12,21697.12,8221.21,418754.416,418754.416,23.58,19.3,2.0912
603158,腾龙股份,汽车配件,江苏,20150320,603158.SH,20200123,21.89,22.98,21.31,21.44,22.98,-1.54,-6.7015,54248.11,120675.261,2.5002,6.5986,0.62,39.7764,41.0133,4.5715,4.568,4.8682,0.6401,0.6401,21697.12,21697.12,8221.21,465186.2528,465186.2528,25.28,20.68,2.0912
603158,腾龙股份,汽车配件,江苏,20150320,603158.SH,20200122,21.82,23.2,20.45,22.98,22.35,0.63,2.8188,87814.52,190465.006,4.0473,10.6815,0.99,42.6335,43.9592,4.8999,4.8961,5.2179,0.5972,0.5972,21697.12,21697.12,8221.21,498599.8176,498599.8176,24.59,20.12,2.0912
603158,腾龙股份,汽车配件,江苏,20150320,603158.SH,20200121,23.75,24.15,22.34,22.35,24.82,-2.47,-9.9517,87556.09,202709.095,4.0354,10.65,1.06,41.4647,42.754,4.7656,4.7619,5.0749,0.614,0.614,21697.12,21697.12,8221.21,484930.632,484930.632,27.3,22.34,2.0912
603158,腾龙股份,汽车配件,江苏,20150320,603158.SH,20200120,25.53,25.53,23.49,24.82,23.21,1.61,6.9367,142173.45,350505.366,6.5526,17.2935,1.95,46.0471,47.479,5.2922,5.2881,5.6357,0.5529,0.5529,21697.12,21697.12,8221.21,538522.5184,538522.5184,25.53,20.89,2.0912
603158,腾龙股份,汽车配件,江苏,20150320,603158.SH,20200117,22.2,23.21,22.2,23.21,21.1,2.11,10.0,36357.08,83240.04,1.6757,4.4224,0.5,43.0602,44.3992,4.9489,4.9451,5.2701,0.5913,0.5913,21697.12,21697.12,8221.21,503590.1552,503590.1552,23.21,18.99,2.0912
603158,腾龙股份,汽车配件,江苏,20150320,603158.SH,20200116,20.8,21.37,19.76,21.1,20.3,0.8,3.9409,80608.41,167718.595,3.7152,9.8049,1.31,39.1456,40.3629,4.499,4.4955,4.791,0.6504,0.6504,21697.12,21697.12,8221.21,457809.232,457809.232,22.33,18.27,2.0912
603158,腾龙股份,汽车配件,江苏,20150320,603158.SH,20200115,19.11,20.57,19.11,20.3,19.07,1.23,6.4499,95028.12,190625.997,4.3798,12.4405,1.99,37.6614,38.8325,4.3285,4.3251,4.6094,0.676,0.676,21697.12,21697.12,7638.59,440451.536,440451.536,20.98,17.16,2.0912
603158,腾龙股份,汽车配件,江苏,20150320,603158.SH,20200114,18.85,19.73,18.58,19.07,19.03,0.04,0.2102,60521.31,115767.359,2.7894,7.9231,1.42,35.3795,36.4796,4.0662,4.063,4.3301,0.7196,0.7196,21697.12,21697.12,7638.59,413764.0784,413764.0784,20.93,17.13,2.0912
603158,腾龙股份,汽车配件,江苏,20150320,603158.SH,20200113,17.5,19.03,17.12,19.03,17.3,1.73,10.0,91331.92,167021.389,4.2094,11.9566,2.87,35.3053,36.4031,4.0577,4.0545,4.321,0.7211,0.7211,21697.12,21697.12,7638.59,412896.1936,412896.1936,19.03,15.57,2.0912
603158,腾龙股份,汽车配件,江苏,20150320,603158.SH,20200110,17.66,17.86,16.82,17.3,17.76,-0.46,-2.5901,35120.0,60801.436,1.6186,4.5977,1.19,32.0957,33.0937,3.6888,3.6859,3.9282,0.7933,0.7933,21697.12,21697.12,7638.59,375360.176,375360.176,19.54,15.98,2.0912
603158,腾龙股份,汽车配件,江苏,20150320,603158.SH,20200109,17.52,17.89,17.1,17.76,17.49,0.27,1.5437,25137.89,44008.392,1.1586,3.2909,0.88,32.9491,33.9737,3.7869,3.7839,4.0326,0.7727,0.7727,21697.12,21697.12,7638.59,385340.8512,385340.8512,19.24,15.74,2.0912
603158,腾龙股份,汽车配件,江苏,20150320,603158.SH,20200108,16.5,17.92,16.5,17.49,16.96,0.53,3.125,27245.71,47354.987,1.2557,3.5669,1.08,32.4482,33.4572,3.7293,3.7264,3.9713,0.7846,0.7846,21697.12,21697.12,7638.59,379482.6288,379482.6288,18.66,15.26,2.0912
603158,腾龙股份,汽车配件,江苏,20150320,603158.SH,20200107,17.7,17.7,16.76,16.96,16.77,0.19,1.133,33867.26,57736.016,1.5609,4.4337,1.68,31.4649,32.4433,3.6163,3.6135,3.851,0.8092,0.8092,21697.12,21697.12,7638.59,367983.1552,367983.1552,18.45,15.09,2.0912
603158,腾龙股份,汽车配件,江苏,20150320,603158.SH,20200106,16.55,18.11,16.22,16.77,16.46,0.31,1.8834,37624.0,64916.881,1.7341,4.9255,2.68,31.1124,32.0799,3.5758,3.573,3.8079,0.8183,0.8183,21697.12,21697.12,7638.59,363860.7024,363860.7024,18.11,14.81,2.0912
603158,腾龙股份,汽车配件,江苏,20150320,603158.SH,20200103,16.35,16.86,16.09,16.46,16.17,0.29,1.7934,23306.03,38156.839,1.0742,3.0511,2.08,30.5373,31.4869,3.5097,3.507,3.7375,0.8337,0.8337,21697.12,21697.12,7638.59,357134.5952,357134.5952,17.79,14.55,2.0912
603158,腾龙股份,汽车配件,江苏,20150320,603158.SH,20200102,15.44,16.33,15.3,16.17,15.44,0.73,4.728,21260.9,33764.442,0.9799,2.7834,2.64,29.9993,30.9321,3.4478,3.4452,3.6716,0.8487,0.8487,21697.12,21697.12,7638.59,350842.4304,350842.4304,16.98,13.9,2.0912
603158,腾龙股份,汽车配件,江苏,20150320,603158.SH,20191231,15.32,15.48,15.13,15.44,15.24,0.2,1.3123,10165.0,15590.762,0.4685,1.3307,1.27,28.645,29.5357,3.2922,3.2896,3.5059,2.6754,0.8888,21697.12,21697.12,7638.59,335003.5328,335003.5328,16.76,13.72,2.091
603158,腾龙股份,汽车配件,江苏,20150320,603158.SH,20191230,15.2,15.28,14.8,15.24,15.1,0.14,0.9272,8486.0,12799.772,0.3911,1.1109,1.05,28.2739,29.1531,3.2495,3.247,3.4604,2.7105,0.9005,21697.12,21697.12,7638.59,330664.1088,330664.1088,16.61,13.59,2.091
603158,腾龙股份,汽车配件,江苏,20150320,603158.SH,20191227,15.33,15.5,15.1,15.1,15.3,-0.2,-1.3072,7104.03,10841.518,0.3274,0.93,0.75,28.0142,28.8853,3.2197,3.2172,3.4287,2.7356,0.9088,21697.12,21697.12,7638.59,327626.512,327626.512,16.83,13.77,2.091
603158,腾龙股份,汽车配件,江苏,20150320,603158.SH,20191226,14.97,15.34,14.91,15.3,15.01,0.29,1.932,9097.0,13788.652,0.4193,1.1909,0.96,28.3852,29.2679,3.2623,3.2598,3.4741,2.6999,0.897,21697.12,21697.12,7638.59,331965.936,331965.936,16.51,13.51,2.091
603158,腾龙股份,汽车配件,江苏,20150320,603158.SH,20191225,14.83,15.06,14.83,15.01,15.03,-0.02,-0.1331,5460.0,8176.751,0.2516,0.7148,0.49,27.8472,28.7131,3.2005,3.198,3.4082,2.752,0.9143,21697.12,21697.12,7638.59,325673.7712,325673.7712,16.53,13.53,2.091
603158,腾龙股份,汽车配件,江苏,20150320,603158.SH,20191224,14.94,15.06,14.65,15.03,14.72,0.31,2.106,9966.0,14822.31,0.4593,1.3047,0.75,27.8843,28.7514,3.2048,3.2023,3.4128,2.7484,0.9131,21697.12,21697.12,7638.59,326107.7136,326107.7136,16.19,13.25,2.091
603158,腾龙股份,汽车配件,江苏,20150320,603158.SH,20191223,15.12,15.12,14.72,14.72,14.95,-0.23,-1.5385,8776.17,13065.672,0.4045,1.1489,0.57,27.3092,28.1584,3.1387,3.1362,3.3424,2.8062,0.9323,21697.12,21697.12,7638.59,319381.6064,319381.6064,16.45,13.46,2.091
603158,腾龙股份,汽车配件,江苏,20150320,603158.SH,20191220,15.3,15.3,14.92,14.95,15.35,-0.4,-2.6059,14101.64,21254.207,0.6499,1.8461,0.88,27.7359,28.5983,3.1877,3.1852,3.3946,2.7631,0.918,21697.12,21697.12,7638.59,324371.944,324371.944,16.89,13.82,2.091
603158,腾龙股份,汽车配件,江苏,20150320,603158.SH,20191219,15.57,15.57,15.25,15.35,15.29,0.06,0.3924,9113.0,14002.275,0.42,1.193,0.56,28.478,29.3635,3.273,3.2705,3.4854,2.6911,0.894,21697.12,21697.12,7638.59,333050.792,333050.792,16.82,13.76,2.091
603158,腾龙股份,汽车配件,江苏,20150320,603158.SH,20191218,15.38,15.48,15.19,15.29,15.3,-0.01,-0.0654,14151.17,21748.024,0.6522,1.8526,0.95,28.3667,29.2487,3.2602,3.2577,3.4718,2.7016,0.8975,21697.12,21697.12,7638.59,331748.9648,331748.9648,16.83,13.77,2.091
603158,腾龙股份,汽车配件,江苏,20150320,603158.SH,20191217,15.07,15.53,15.01,15.3,15.08,0.22,1.4589,20653.22,31675.31,0.9519,2.7038,1.69,28.3852,29.2679,3.2623,3.2598,3.4741,2.6999,0.897,21697.12,21697.12,7638.59,331965.936,331965.936,16.59,13.57,2.091
603158,腾龙股份,汽车配件,江苏,20150320,603158.SH,20191216,14.46,15.25,14.32,15.08,14.38,0.7,4.8679,19405.18,28896.101,0.8944,2.5404,1.84,27.9771,28.847,3.2154,3.2129,3.4241,2.7392,0.91,21697.12,21697.12,7638.59,327192.5696,327192.5696,15.82,12.94,2.091
603158,腾龙股份,汽车配件,江苏,20150320,603158.SH,20191213,14.01,14.46,14.0,14.38,14.04,0.34,2.4217,16838.17,24025.976,0.7761,2.2044,1.97,26.6784,27.508,3.0662,3.0638,3.2652,2.8726,0.9543,21697.12,21697.12,7638.59,312004.5856,312004.5856,15.44,12.64,2.091
603158,腾龙股份,汽车配件,江苏,20150320,603158.SH,20191212,13.92,14.07,13.75,14.04,13.85,0.19,1.3718,9790.0,13642.098,0.4512,1.2817,1.18,26.0476,26.8576,2.9937,2.9913,3.188,2.9422,0.9774,21697.12,21697.12,7638.59,304627.5648,304627.5648,15.24,12.47,2.091
603158,腾龙股份,汽车配件,江苏,20150320,603158.SH,20191211,13.98,14.05,13.84,13.85,14.02,-0.17,-1.2126,7497.26,10435.593,0.3455,0.9815,0.83,25.6951,26.4941,2.9532,2.9509,3.1448,2.9825,0.9909,21697.12,21697.12,7638.59,300505.112,300505.112,15.42,12.62,2.091
603158,腾龙股份,汽车配件,江苏,20150320,603158.SH,20191210,14.07,14.09,13.83,14.02,14.09,-0.07,-0.4968,7673.0,10692.572,0.3536,1.0045,0.92,26.0105,26.8193,2.9894,2.9871,3.1834,2.9463,0.9788,21697.12,21697.12,7638.59,304193.6224,304193.6224,15.5,12.68,2.091
603158,腾龙股份,汽车配件,江苏,20150320,603158.SH,20191209,14.02,14.15,13.75,14.09,14.05,0.04,0.2847,10841.0,15091.915,0.4997,1.4192,1.54,26.1404,26.9532,3.0043,3.002,3.1993,2.9317,0.974,21697.12,21697.12,7638.59,305712.4208,305712.4208,15.46,12.65,2.091
603158,腾龙股份,汽车配件,江苏,20150320,603158.SH,20191206,14.23,14.32,13.96,14.05,14.31,-0.26,-1.8169,6948.17,9794.4,0.3202,0.9096,1.05,26.0662,26.8767,2.9958,2.9935,3.1902,2.9401,0.9768,21697.12,21697.12,7638.59,304844.536,304844.536,15.74,12.88,2.091
603158,腾龙股份,汽车配件,江苏,20150320,603158.SH,20191205,14.46,14.5,14.25,14.31,14.46,-0.15,-1.0373,8627.0,12379.764,0.3976,1.1294,1.6,26.5485,27.3741,3.0512,3.0489,3.2493,2.8866,0.959,21697.12,21697.12,7638.59,310485.7872,310485.7872,15.91,13.01,2.091
603158,腾龙股份,汽车配件,江苏,20150320,603158.SH,20191204,14.11,14.49,13.97,14.46,14.13,0.33,2.3355,11102.17,15870.831,0.5117,1.4534,2.72,26.8268,27.661,3.0832,3.0808,3.2833,2.8567,0.9491,21697.12,21697.12,7638.59,313740.3552,313740.3552,15.54,12.72,2.091
603158,腾龙股份,汽车配件,江苏,20150320,603158.SH,20191203,14.01,14.2,13.9,14.13,14.15,-0.02,-0.1413,4264.0,5999.25,0.1965,0.5582,1.07,26.2146,27.0297,3.0129,3.0105,3.2084,2.9234,0.9712,21697.12,21697.12,7638.59,306580.3056,306580.3056,15.57,12.74,2.091
603158,腾龙股份,汽车配件,江苏,20150320,603158.SH,20191202,14.11,14.18,14.0,14.15,14.11,0.04,0.2835,4266.24,6019.938,0.1966,0.5585,1.0,26.2517,27.068,3.0171,3.0148,3.2129,2.9193,0.9698,21697.12,21697.12,7638.59,307014.248,307014.248,15.52,12.7,2.091
603158,腾龙股份,汽车配件,江苏,20150320,603158.SH,20191129,14.22,14.22,13.88,14.11,14.17,-0.06,-0.4234,4707.73,6603.165,0.217,0.6163,0.9,26.1775,26.9915,3.0086,3.0063,3.2039,2.9276,0.9726,21697.12,21697.12,7638.59,306146.3632,306146.3632,15.59,12.75,2.091
603158,腾龙股份,汽车配件,江苏,20150320,603158.SH,20191128,14.25,14.25,14.13,14.17,14.17,0.0,0.0,2537.0,3592.299,0.1169,0.3321,0.41,26.2888,27.1063,3.0214,3.019,3.2175,2.9152,0.9685,21697.12,21697.12,7638.59,307448.1904,307448.1904,15.59,12.75,2.091
603158,腾龙股份,汽车配件,江苏,20150320,603158.SH,20191127,14.24,14.29,14.11,14.17,14.16,0.01,0.0706,4599.0,6534.259,0.212,0.6021,0.64,26.2888,27.1063,3.0214,3.019,3.2175,2.9152,0.9685,21697.12,21697.12,7638.59,307448.1904,307448.1904,15.58,12.74,2.091
603158,腾龙股份,汽车配件,江苏,20150320,603158.SH,20191126,14.29,14.3,14.06,14.16,14.11,0.05,0.3544,3840.3,5428.278,0.177,0.5027,0.43,26.2702,27.0871,3.0193,3.0169,3.2152,2.9172,0.9692,21697.12,21697.12,7638.59,307231.2192,307231.2192,15.52,12.7,2.091
603158,腾龙股份,汽车配件,江苏,20150320,603158.SH,20191125,14.28,14.37,14.02,14.11,14.24,-0.13,-0.9129,5652.0,8018.298,0.2605,0.7399,0.5,26.1775,26.9915,3.0086,3.0063,3.2039,2.9276,0.9726,21697.12,21697.12,7638.59,306146.3632,306146.3632,15.66,12.82,2.091
603158,腾龙股份,汽车配件,江苏,20150320,603158.SH,20191122,14.25,14.3,14.07,14.24,14.12,0.12,0.8499,9583.0,13605.513,0.4417,1.2546,0.77,26.4187,27.2402,3.0363,3.034,3.2334,2.9008,0.9637,21697.12,21697.12,7638.59,308966.9888,308966.9888,15.53,12.71,2.091
603158,腾龙股份,汽车配件,江苏,20150320,603158.SH,20191121,14.0,14.36,14.0,14.12,14.21,-0.09,-0.6334,7320.0,10404.158,0.3374,0.9583,0.57,26.196,27.0106,3.0107,3.0084,3.2061,2.9255,0.9719,21697.12,21697.12,7638.59,306363.3344,306363.3344,15.63,12.79,2.091
603158,腾龙股份,汽车配件,江苏,20150320,603158.SH,20191120,14.39,14.39,14.09,14.21,14.15,0.06,0.424,9601.0,13692.915,0.4425,1.2569,0.82,26.363,27.1828,3.0299,3.0276,3.2266,2.907,0.9658,21697.12,21697.12,7638.59,308316.0752,308316.0752,15.57,12.74,2.091
603158,腾龙股份,汽车配件,江苏,20150320,603158.SH,20191119,14.13,14.25,13.99,14.15,14.13,0.02,0.1415,12850.0,18134.603,0.5922,1.6822,1.12,26.2517,27.068,3.0171,3.0148,3.2129,2.9193,0.9698,21697.12,21697.12,7638.59,307014.248,307014.248,15.54,12.72,2.091
603158,腾龙股份,汽车配件,江苏,20150320,603158.SH,20191118,13.96,14.22,13.0,14.13,13.96,0.17,1.2178,16646.73,23084.674,0.7672,2.1793,1.61,26.2146,27.0297,3.0129,3.0105,3.2084,2.9234,0.9712,21697.12,21697.12,7638.59,306580.3056,306580.3056,15.36,12.56,2.091
603158,腾龙股份,汽车配件,江苏,20150320,603158.SH,20191115,13.62,14.06,13.56,13.96,13.62,0.34,2.4963,15777.18,21917.316,0.7272,2.0655,1.42,25.8992,26.7045,2.9766,2.9743,3.1698,2.959,0.983,21697.12,21697.12,7638.59,302891.7952,302891.7952,14.98,12.26,2.091
603158,腾龙股份,汽车配件,江苏,20150320,603158.SH,20191114,13.36,13.7,13.25,13.62,13.3,0.32,2.406,9263.54,12528.417,0.4269,1.2127,0.86,25.2684,26.0541,2.9041,2.9019,3.0926,3.0329,1.0076,21697.12,21697.12,7638.59,295514.7744,295514.7744,14.63,11.97,2.091
603158,腾龙股份,汽车配件,江苏,20150320,603158.SH,20191113,13.44,13.44,13.25,13.3,13.35,-0.05,-0.3745,3996.73,5328.464,0.1842,0.5232,0.33,24.6747,25.442,2.8359,2.8337,3.0199,3.1058,1.0318,21697.12,21697.12,7638.59,288571.696,288571.696,14.69,12.02,2.091
603158,腾龙股份,汽车配件,江苏,20150320,603158.SH,20191112,13.53,13.59,13.32,13.35,13.53,-0.18,-1.3304,11805.0,15882.871,0.5441,1.5454,0.99,24.7675,25.5377,2.8465,2.8443,3.0313,3.0942,1.028,21697.12,21697.12,7638.59,289656.552,289656.552,14.88,12.18,2.091
603158,腾龙股份,汽车配件,江苏,20150320,603158.SH,20191111,13.55,13.6,13.35,13.53,13.55,-0.02,-0.1476,10891.5,14666.943,0.502,1.4259,0.99,25.1014,25.882,2.8849,2.8827,3.0722,3.0531,1.0143,21697.12,21697.12,7638.59,293562.0336,293562.0336,14.91,12.2,2.091
603158,腾龙股份,汽车配件,江苏,20150320,603158.SH,20191108,13.45,14.1,13.3,13.55,13.38,0.17,1.2706,19513.88,26566.959,0.8994,2.5546,2.3,25.1385,25.9202,2.8892,2.8869,3.0767,3.0485,1.0128,21697.12,21697.12,7638.59,293995.976,293995.976,14.72,12.04,2.091
603158,腾龙股份,汽车配件,江苏,20150320,603158.SH,20191107,13.26,13.46,13.22,13.38,13.39,-0.01,-0.0747,7874.0,10541.649,0.3629,1.0308,0.92,24.8232,25.595,2.8529,2.8507,3.0381,3.0873,1.0257,21697.12,21697.12,7638.59,290307.4656,290307.4656,14.73,12.05,2.091
603158,腾龙股份,汽车配件,江苏,20150320,603158.SH,20191106,13.6,13.6,13.26,13.39,13.6,-0.21,-1.5441,10135.0,13586.625,0.4671,1.3268,1.13,24.8417,25.6142,2.8551,2.8529,3.0404,3.085,1.0249,21697.12,21697.12,7638.59,290524.4368,290524.4368,14.96,12.24,2.091
603158,腾龙股份,汽车配件,江苏,20150320,603158.SH,20191105,13.49,13.7,13.35,13.6,13.5,0.1,0.7407,11418.0,15444.426,0.5262,1.4948,1.36,25.2313,26.0159,2.8998,2.8976,3.0881,3.0373,1.0091,21697.12,21697.12,7638.59,295080.832,295080.832,14.85,12.15,2.091
603158,腾龙股份,汽车配件,江苏,20150320,603158.SH,20191104,13.4,13.67,13.31,13.5,13.4,0.1,0.7463,6128.0,8294.08,0.2824,0.8022,0.69,25.0458,25.8246,2.8785,2.8763,3.0654,3.0598,1.0165,21697.12,21697.12,7638.59,292911.12,292911.12,14.74,12.06,2.091
603158,腾龙股份,汽车配件,江苏,20150320,603158.SH,20191101,13.44,13.51,13.22,13.4,13.44,-0.04,-0.2976,6847.07,9173.105,0.3156,0.8964,0.79,24.8603,25.6333,2.8572,2.855,3.0426,3.0827,1.0241,21697.12,21697.12,7638.59,290741.408,290741.408,14.78,12.1,2.091
603158,腾龙股份,汽车配件,江苏,20150320,603158.SH,20191031,13.48,13.7,13.36,13.44,13.68,-0.24,-1.7544,8090.2,10888.468,0.3729,1.0591,0.92,24.9345,25.7098,2.8657,2.8635,3.0517,3.0735,1.0211,21697.12,21697.12,7638.59,291609.2928,291609.2928,15.05,12.31,2.091
603158,腾龙股份,汽车配件,江苏,20150320,603158.SH,20191030,13.69,13.73,13.25,13.68,13.57,0.11,0.8106,12189.0,16618.395,0.5618,1.5957,1.5,25.3797,26.1689,2.9169,2.9146,3.1062,3.0196,1.0032,21697.12,21697.12,7638.59,296816.6016,296816.6016,14.93,12.21,2.091
603158,腾龙股份,汽车配件,江苏,20150320,603158.SH,20191029,13.7,13.75,13.55,13.57,13.72,-0.15,-1.0933,8799.0,12021.868,0.4055,1.1519,1.03,25.1756,25.9585,2.8935,2.8912,3.0812,3.0441,1.0113,21697.12,21697.12,7638.59,294429.9184,294429.9184,15.09,12.35,2.091
603158,腾龙股份,汽车配件,江苏,20150320,603158.SH,20191028,13.54,13.75,13.4,13.72,13.54,0.18,1.3294,8280.52,11297.569,0.3816,1.084,0.99,25.4539,27.1992,3.0157,2.9232,3.1741,3.0108,1.0002,21697.12,21697.12,7638.59,297684.4864,297684.4864,14.89,12.19,2.091
603158,腾龙股份,汽车配件,江苏,20150320,603158.SH,20191025,13.53,13.6,13.2,13.54,13.55,-0.01,-0.0738,6200.21,8351.302,0.2858,0.8117,0.7,25.12,26.8424,2.9761,2.8848,3.1324,3.0508,1.0135,21697.12,21697.12,7638.59,293779.0048,293779.0048,14.91,12.2,2.091
603158,腾龙股份,汽车配件,江苏,20150320,603158.SH,20191024,13.42,13.69,13.34,13.55,13.37,0.18,1.3463,8711.42,11803.167,0.4015,1.1404,1.02,25.1385,26.8622,2.9783,2.8869,3.1347,3.0485,1.0128,21697.12,21697.12,7638.59,293995.976,293995.976,14.71,12.03,2.091
603158,腾龙股份,汽车配件,江苏,20150320,603158.SH,20191023,13.72,13.79,13.3,13.37,13.7,-0.33,-2.4088,8687.39,11728.866,0.4004,1.1373,0.99,24.8046,26.5054,2.9388,2.8486,3.0931,3.0896,1.0264,21697.12,21697.12,7638.59,290090.4944,290090.4944,15.07,12.33,2.091
603158,腾龙股份,汽车配件,江苏,20150320,603158.SH,20191022,13.37,13.77,13.28,13.7,13.48,0.22,1.632,10785.0,14680.634,0.4971,1.4119,1.05,25.4168,27.1596,3.0113,2.9189,3.1694,3.0152,1.0017,21697.12,21697.12,7638.59,297250.544,297250.544,14.83,12.13,2.091
603158,腾龙股份,汽车配件,江苏,20150320,603158.SH,20191021,13.24,13.56,13.23,13.48,13.57,-0.09,-0.6632,7318.84,9788.126,0.3373,0.9581,0.42,25.0087,26.7234,2.9629,2.872,3.1185,3.0644,1.0181,21697.12,21697.12,7638.59,292477.1776,292477.1776,14.93,12.21,2.091
603158,腾龙股份,汽车配件,江苏,20150320,603158.SH,20191018,13.7,13.85,13.52,13.57,13.71,-0.14,-1.0212,9025.59,12317.334,0.416,1.1816,0.47,25.1756,26.9018,2.9827,2.8912,3.1394,3.0441,1.0113,21697.12,21697.12,7638.59,294429.9184,294429.9184,15.08,12.34,2.091
603158,腾龙股份,汽车配件,江苏,20150320,603158.SH,20191017,13.75,13.88,13.6,13.71,13.73,-0.02,-0.1457,6988.1,9585.866,0.3221,0.9148,0.28,25.4354,27.1794,3.0135,2.921,3.1717,3.013,1.001,21697.12,21697.12,7638.59,297467.5152,297467.5152,15.1,12.36,2.091
603158,腾龙股份,汽车配件,江苏,20150320,603158.SH,20191016,13.76,13.91,13.67,13.73,13.8,-0.07,-0.5072,9594.44,13208.257,0.4422,1.256,0.36,25.4725,27.219,3.0179,2.9253,3.1764,3.0086,0.9995,21697.12,21697.12,7638.59,297901.4576,297901.4576,15.18,12.42,2.091
603158,腾龙股份,汽车配件,江苏,20150320,603158.SH,20191015,13.94,13.99,13.63,13.8,13.68,0.12,0.8772,18458.86,25520.005,0.8508,2.4165,0.7,25.6024,27.3578,3.0333,2.9402,3.1926,2.9933,0.9944,21697.12,21697.12,7638.59,299420.256,299420.256,15.05,12.31,2.091
603158,腾龙股份,汽车配件,江苏,20150320,603158.SH,20191014,13.51,14.13,13.51,13.68,13.4,0.28,2.0896,44034.96,60816.725,2.0295,5.7648,2.21,25.3797,27.1199,3.0069,2.9146,3.1648,3.0196,1.0032,21697.12,21697.12,7638.59,296816.6016,296816.6016,14.74,12.06,2.091
603158,腾龙股份,汽车配件,江苏,20150320,603158.SH,20191011,13.5,13.62,13.26,13.4,13.5,-0.1,-0.7407,16177.0,21666.494,0.7456,2.1178,0.89,24.8603,26.5648,2.9453,2.855,3.1,3.0827,1.0241,21697.12,21697.12,7638.59,290741.408,290741.408,14.85,12.15,2.091
603158,腾龙股份,汽车配件,江苏,20150320,603158.SH,20191010,13.08,13.84,13.03,13.5,13.11,0.39,2.9748,34653.46,46806.066,1.5971,4.5366,2.48,25.0458,26.7631,2.9673,2.8763,3.1232,3.0598,1.0165,21697.12,21697.12,7638.59,292911.12,292911.12,14.42,11.8,2.091
603158,腾龙股份,汽车配件,江苏,20150320,603158.SH,20191009,13.24,13.27,12.63,13.11,13.24,-0.13,-0.9819,20585.0,26941.77,0.9487,2.6949,1.62,24.3222,25.9899,2.8816,2.7932,3.0329,3.1509,1.0468,21697.12,21697.12,7638.59,284449.2432,284449.2432,14.56,11.92,2.091
603158,腾龙股份,汽车配件,江苏,20150320,603158.SH,20191008,13.8,13.8,13.13,13.24,13.0,0.24,1.8462,16972.46,22709.944,0.7822,2.2219,1.56,24.5634,26.2476,2.9102,2.8209,3.063,3.1199,1.0365,21697.12,21697.12,7638.59,287269.8688,287269.8688,14.3,11.7,2.091
603158,腾龙股份,汽车配件,江苏,20150320,603158.SH,20190930,13.42,13.67,13.0,13.0,13.4,-0.4,-2.9851,11376.0,15105.785,0.5243,1.4893,0.98,24.1182,25.7719,2.8574,2.7698,3.0075,3.1775,1.0556,21697.12,21697.12,7638.59,282062.56,282062.56,14.74,12.06,2.091
603158,腾龙股份,汽车配件,江苏,20150320,603158.SH,20190927,13.39,13.64,13.39,13.4,13.4,0.0,0.0,6898.29,9299.788,0.3179,0.9098,0.51,24.8603,26.5648,2.9453,2.855,3.1,3.0827,1.0241,21697.12,21697.12,7581.99,290741.408,290741.408,14.74,12.06,2.091
603158,腾龙股份,汽车配件,江苏,20150320,603158.SH,20190926,13.84,13.95,13.33,13.4,13.82,-0.42,-3.0391,14025.0,19069.116,0.6464,1.8498,1.08,24.8603,26.5648,2.9453,2.855,3.1,3.0827,1.0241,21697.12,21697.12,7581.99,290741.408,290741.408,15.2,12.44,2.091
603158,腾龙股份,汽车配件,江苏,20150320,603158.SH,20190925,14.15,14.21,13.8,13.82,14.23,-0.41,-2.8812,14350.0,19953.15,0.6614,1.8926,1.14,25.6395,27.3975,3.0377,2.9445,3.1972,2.989,2.6698,21697.12,21697.12,7581.99,299854.1984,299854.1984,15.65,12.81,2.091
603158,腾龙股份,汽车配件,江苏,20150320,603158.SH,20190924,14.2,14.34,14.1,14.23,14.28,-0.05,-0.3501,7745.36,11031.96,0.357,1.0215,0.52,26.4001,28.2103,3.1278,3.0318,3.292,2.9029,2.5928,21697.12,21697.12,7581.99,308750.0176,308750.0176,15.71,12.85,2.091
603158,腾龙股份,汽车配件,江苏,20150320,603158.SH,20190923,14.14,14.5,14.07,14.28,14.29,-0.01,-0.07,15247.43,21704.423,0.7027,2.011,1.14,26.4929,28.3094,3.1388,3.0425,3.3036,2.8927,2.5838,21697.12,21697.12,7581.99,309834.8736,309834.8736,15.72,12.86,2.091
603158,腾龙股份,汽车配件,江苏,20150320,603158.SH,20190920,14.08,14.4,13.96,14.29,14.0,0.29,2.0714,16367.64,23155.491,0.7544,2.1588,1.36,26.5114,28.3292,3.141,3.0446,3.3059,2.8907,2.5819,21697.12,21697.12,7581.99,310051.8448,310051.8448,15.4,12.6,2.091
603158,腾龙股份,汽车配件,江苏,20150320,603158.SH,20190919,13.99,14.11,13.94,14.0,13.99,0.01,0.0715,11259.0,15765.001,0.5189,1.485,0.88,25.9734,27.7543,3.0772,2.9828,3.2388,2.9506,2.6354,21697.12,21697.12,7581.99,303759.68,303759.68,15.39,12.59,2.091
603158,腾龙股份,汽车配件,江苏,20150320,603158.SH,20190918,14.0,14.19,13.9,13.99,14.03,-0.04,-0.2851,12484.26,17490.926,0.5754,1.6466,1.0,25.9548,27.7345,3.075,2.9807,3.2365,2.9527,2.6373,21697.12,21697.12,7581.99,303542.7088,303542.7088,15.43,12.63,2.091
603158,腾龙股份,汽车配件,江苏,20150320,603158.SH,20190917,14.87,14.87,13.91,14.03,14.77,-0.74,-5.0102,18597.0,26539.69,0.8571,2.4528,1.36,26.0291,27.8138,3.0838,2.9892,3.2458,2.9442,2.6298,21697.12,21697.12,7581.99,304410.5936,304410.5936,16.25,13.29,2.091
603158,腾龙股份,汽车配件,江苏,20150320,603158.SH,20190916,15.09,15.09,14.77,14.77,14.92,-0.15,-1.0054,7898.64,11717.532,0.364,1.0418,0.43,27.4019,29.2808,3.2465,3.1469,3.417,2.7967,2.498,21697.12,21697.12,7581.99,320466.4624,320466.4624,16.41,13.43,2.091
603158,腾龙股份,汽车配件,江苏,20150320,603158.SH,20190912,14.97,15.37,14.92,14.92,15.05,-0.13,-0.8638,9951.46,14981.129,0.4587,1.3125,0.51,27.6802,29.5782,3.2794,3.1788,3.4517,2.7686,2.4729,21697.12,21697.12,7581.99,323721.0304,323721.0304,16.56,13.55,2.091
603158,腾龙股份,汽车配件,江苏,20150320,603158.SH,20190911,14.84,15.3,14.83,15.05,14.84,0.21,1.4151,15369.0,23114.783,0.7083,2.027,0.87,27.9214,29.8359,3.308,3.2065,3.4817,2.7447,2.4516,21697.12,21697.12,7581.99,326541.656,326541.656,16.32,13.36,2.091
603158,腾龙股份,汽车配件,江苏,20150320,603158.SH,20190910,14.96,15.04,14.82,14.84,14.97,-0.13,-0.8684,10476.0,15620.104,0.4828,1.3817,0.63,27.5318,29.4196,3.2619,3.1618,3.4332,2.7835,2.4863,21697.12,21697.12,7581.99,321985.2608,321985.2608,16.47,13.47,2.091
603158,腾龙股份,汽车配件,江苏,20150320,603158.SH,20190909,15.15,15.34,14.71,14.97,15.2,-0.23,-1.5132,24788.01,37183.657,1.1425,3.2753,1.83,27.773,29.6773,3.2904,3.1895,3.4632,2.7594,2.4647,21697.12,21697.12,7568.17,324805.8864,324805.8864,16.72,13.68,2.091
603158,腾龙股份,汽车配件,江苏,20150320,603158.SH,20190906,14.39,15.9,14.26,15.2,14.5,0.7,4.8276,32336.01,48323.784,1.4903,4.2726,2.93,28.1997,30.1332,3.341,3.2385,3.5164,2.7176,2.4274,21697.12,21697.12,7568.17,329796.224,329796.224,15.95,13.05,2.091
603158,腾龙股份,汽车配件,江苏,20150320,603158.SH,20190905,14.05,14.5,14.0,14.5,14.05,0.45,3.2028,14399.0,20521.92,0.6636,1.9026,1.44,26.901,28.7455,3.1871,3.0894,3.3545,2.8488,2.5446,21697.12,21697.12,7568.17,314608.24,314608.24,15.46,12.65,2.091
603158,腾龙股份,汽车配件,江苏,20150320,603158.SH,20190904,14.05,14.19,14.01,14.05,14.11,-0.06,-0.4252,6332.0,8911.405,0.2918,0.8367,0.58,26.0662,27.8534,3.0882,2.9935,3.2504,2.9401,2.6261,21697.12,21697.12,7568.17,304844.536,304844.536,15.52,12.7,2.091
603158,腾龙股份,汽车配件,江苏,20150320,603158.SH,20190903,14.15,14.22,14.1,14.11,14.15,-0.04,-0.2827,5826.0,8238.966,0.2685,0.7698,0.5,26.1775,27.9724,3.1014,3.0063,3.2643,2.9276,2.6149,21697.12,21697.12,7568.17,306146.3632,306146.3632,15.57,12.74,2.091
603158,腾龙股份,汽车配件,江苏,20150320,603158.SH,20190902,14.11,14.25,13.73,14.15,14.12,0.03,0.2125,8861.0,12528.012,0.4084,1.1915,0.78,26.2517,28.0517,3.1102,3.0148,3.2735,2.9193,2.6075,21697.12,21697.12,7436.59,307014.248,307014.248,15.53,12.71,2.091
603158,腾龙股份,汽车配件,江苏,20150320,603158.SH,20190830,13.99,14.44,13.99,14.12,14.0,0.12,0.8571,19836.0,28271.899,0.9142,2.6674,2.3,26.196,27.9922,3.1036,3.0084,3.2666,2.9255,2.613,21697.12,21697.12,7436.59,306363.3344,306363.3344,15.4,12.6,2.091
603158,腾龙股份,汽车配件,江苏,20150320,603158.SH,20190829,14.23,14.3,13.91,14.0,14.12,-0.12,-0.8499,9301.0,13108.926,0.4287,1.2507,1.14,25.9734,27.7543,3.0772,2.9828,3.2388,2.9506,2.6354,21697.12,21697.12,7436.59,303759.68,303759.68,15.53,12.71,2.091
603158,腾龙股份,汽车配件,江苏,20150320,603158.SH,20190828,14.07,14.3,14.07,14.12,14.08,0.04,0.2841,10786.0,15264.77,0.4971,1.4504,1.47,26.196,27.9922,3.1036,3.0084,3.2666,2.9255,2.613,21697.12,21697.12,7436.59,306363.3344,306363.3344,15.49,12.67,2.091
603158,腾龙股份,汽车配件,江苏,20150320,603158.SH,20190827,14.2,14.2,14.0,14.08,13.99,0.09,0.6433,9877.0,13896.05,0.4552,1.3404,0.96,26.1218,27.7918,3.2351,2.9999,3.1333,2.9338,2.6205,21697.12,21697.12,7368.59,305495.4496,305495.4496,15.39,12.59,2.091
603158,腾龙股份,汽车配件,江苏,20150320,603158.SH,20190826,13.6,14.15,13.6,13.99,14.01,-0.02,-0.1428,6678.0,9331.665,0.3078,0.9063,0.64,25.9548,27.6142,3.2144,2.9807,3.1133,2.9527,2.6373,21697.12,21697.12,7368.59,303542.7088,303542.7088,15.41,12.61,2.091
603158,腾龙股份,汽车配件,江苏,20150320,603158.SH,20190823,13.79,14.12,13.74,14.01,13.85,0.16,1.1552,6488.0,9091.237,0.299,0.8805,0.65,25.992,27.6536,3.219,2.985,3.1177,2.9485,2.6335,21697.12,21697.12,7368.59,303976.6512,303976.6512,15.24,12.47,2.091
603158,腾龙股份,汽车配件,江苏,20150320,603158.SH,20190822,13.85,13.92,13.58,13.85,13.83,0.02,0.1446,6954.0,9556.694,0.3205,0.9437,0.71,25.6951,27.3378,3.1823,2.9509,3.0821,2.9825,2.664,21697.12,21697.12,7368.59,300505.112,300505.112,15.21,12.45,2.091
603158,腾龙股份,汽车配件,江苏,20150320,603158.SH,20190821,14.02,14.02,13.71,13.83,13.92,-0.09,-0.6466,6663.0,9227.231,0.3071,0.9042,0.74,25.658,27.2983,3.1777,2.9466,3.0777,2.9868,2.6678,21697.12,21697.12,7368.59,300071.1696,300071.1696,15.31,12.53,2.091
603158,腾龙股份,汽车配件,江苏,20150320,603158.SH,20190820,14.1,15.09,13.9,13.92,13.9,0.02,0.1439,24507.29,35358.885,1.1295,3.3259,4.46,25.825,27.476,3.1984,2.9658,3.0977,2.9675,2.6506,21697.12,21697.12,7368.59,302023.9104,302023.9104,15.29,12.51,2.091
603158,腾龙股份,汽车配件,江苏,20150320,603158.SH,20190819,13.51,13.92,13.51,13.9,13.5,0.4,2.963,7449.25,10248.203,0.3433,1.0109,1.61,25.7879,27.4365,3.1938,2.9615,3.0932,2.9718,2.6544,21697.12,21697.12,7368.59,301589.968,301589.968,14.85,12.15,2.091
603158,腾龙股份,汽车配件,江苏,20150320,603158.SH,20190816,13.38,13.55,13.27,13.5,13.38,0.12,0.8969,4443.92,5976.427,0.2048,0.6031,0.94,25.0458,26.647,3.1018,2.8763,3.0042,3.0598,2.733,21697.12,21697.12,7368.59,292911.12,292911.12,14.72,12.04,2.091
603158,腾龙股份,汽车配件,江苏,20150320,603158.SH,20190815,13.0,13.5,12.94,13.38,13.42,-0.04,-0.2981,5943.0,7829.25,0.2739,0.8065,1.2,24.8232,26.4101,3.0743,2.8507,2.9775,3.0873,2.7576,21697.12,21697.12,7368.59,290307.4656,290307.4656,14.76,12.08,2.091
603158,腾龙股份,汽车配件,江苏,20150320,603158.SH,20190814,13.38,13.54,13.38,13.42,13.36,0.06,0.4491,2672.0,3593.143,0.1231,0.3626,0.38,24.8974,26.4891,3.0835,2.8593,2.9864,3.0781,2.7493,21697.12,21697.12,7368.59,291175.3504,291175.3504,14.7,12.02,2.091
603158,腾龙股份,汽车配件,江苏,20150320,603158.SH,20190813,13.48,13.49,13.27,13.36,13.47,-0.11,-0.8166,6965.0,9305.816,0.321,0.9452,0.9,24.786,26.3706,3.0697,2.8465,2.9731,3.0919,2.7617,21697.12,21697.12,7368.59,289873.5232,289873.5232,14.82,12.12,2.091
603158,腾龙股份,汽车配件,江苏,20150320,603158.SH,20190812,13.41,13.63,13.28,13.47,13.46,0.01,0.0743,3178.0,4279.917,0.1465,0.4313,0.36,24.9901,26.5877,3.095,2.8699,2.9975,3.0667,2.7391,21697.12,21697.12,7368.59,292260.2064,292260.2064,14.81,12.11,2.091
603158,腾龙股份,汽车配件,江苏,20150320,603158.SH,20190809,13.75,13.75,13.46,13.46,13.75,-0.29,-2.1091,4887.0,6642.893,0.2252,0.6632,0.46,24.9716,26.568,3.0927,2.8678,2.9953,3.0689,2.7412,21697.12,21697.12,7368.59,292043.2352,292043.2352,15.13,12.38,2.091
603158,腾龙股份,汽车配件,江苏,20150320,603158.SH,20190808,14.17,14.17,13.75,13.75,14.19,-0.44,-3.1008,7087.0,9820.397,0.3266,0.9618,0.62,25.5096,27.1404,3.1593,2.9296,3.0598,3.0042,2.6833,21697.12,21697.12,7368.59,298335.4,298335.4,15.61,12.77,2.091
603158,腾龙股份,汽车配件,江苏,20150320,603158.SH,20190807,13.72,14.7,13.4,14.19,13.65,0.54,3.956,12628.0,17659.847,0.582,1.7138,1.21,26.3259,28.0089,3.2604,3.0233,3.1578,2.911,2.6001,21697.12,21697.12,7368.59,307882.1328,307882.1328,15.02,12.29,2.091
603158,腾龙股份,汽车配件,江苏,20150320,603158.SH,20190806,14.17,14.17,13.47,13.65,14.37,-0.72,-5.0104,10704.0,14702.981,0.4933,1.4527,1.15,25.3241,26.943,3.1363,2.9083,3.0376,3.0262,2.703,21697.12,21697.12,7368.59,296165.688,296165.688,15.81,12.93,2.091
603158,腾龙股份,汽车配件,江苏,20150320,603158.SH,20190805,14.5,14.54,14.2,14.37,14.56,-0.19,-1.3049,8863.0,12749.317,0.4085,1.2028,1.06,26.6598,28.3642,3.3017,3.0617,3.1978,2.8746,2.5676,21697.12,21697.12,7368.59,311787.6144,311787.6144,16.02,13.1,2.091
603158,腾龙股份,汽车配件,江苏,20150320,603158.SH,20190802,15.11,15.11,14.37,14.56,15.18,-0.62,-4.0843,13749.0,20307.654,0.6337,1.8659,2.0,27.0123,28.7392,3.3454,3.1021,3.2401,2.8371,2.5341,21697.12,21697.12,7368.59,315910.0672,315910.0672,16.7,13.66,2.091
603158,腾龙股份,汽车配件,江苏,20150320,603158.SH,20190801,15.18,15.55,15.09,15.18,15.19,-0.01,-0.0658,11591.0,17693.571,0.5342,1.573,1.92,28.1626,29.963,3.4879,3.2342,3.3781,2.7212,2.4306,21697.12,21697.12,7368.59,329362.2816,329362.2816,16.71,13.67,2.091
603158,腾龙股份,汽车配件,江苏,20150320,603158.SH,20190731,15.2,15.2,14.99,15.19,15.19,0.0,0.0,7399.0,11168.506,0.341,1.0041,1.17,28.1811,29.9828,3.4902,3.2364,3.3803,2.7194,2.429,21697.12,21697.12,7368.59,329579.2528,329579.2528,16.71,13.67,2.091
603158,腾龙股份,汽车配件,江苏,20150320,603158.SH,20190730,15.18,15.25,15.06,15.19,15.18,0.01,0.0659,4799.0,7279.298,0.2212,0.6513,0.64,28.1811,29.9828,3.4902,3.2364,3.3803,2.7194,2.429,21697.12,21697.12,7368.59,329579.2528,329579.2528,16.7,13.66,2.091
603158,腾龙股份,汽车配件,江苏,20150320,603158.SH,20190729,15.39,15.39,15.18,15.18,15.38,-0.2,-1.3004,4204.0,6404.396,0.1938,0.5705,0.45,28.1626,29.963,3.4879,3.2342,3.3781,2.7212,2.4306,21697.12,21697.12,7368.59,329362.2816,329362.2816,16.92,13.84,2.091
603158,腾龙股份,汽车配件,江苏,20150320,603158.SH,20190726,15.52,15.53,15.38,15.38,15.5,-0.12,-0.7742,6328.0,9760.056,0.2917,0.8588,0.64,28.5336,30.3578,3.5338,3.2768,3.4226,2.6858,2.399,21697.12,21697.12,7368.59,333701.7056,333701.7056,17.05,13.95,2.091
603158,腾龙股份,汽车配件,江苏,20150320,603158.SH,20190725,15.37,15.5,15.22,15.5,15.35,0.15,0.9772,7474.0,11486.792,0.3445,1.0143,0.75,28.7563,30.5947,3.5614,3.3024,3.4493,2.665,2.3804,21697.12,21697.12,7368.59,336305.36,336305.36,16.89,13.82,2.091
603158,腾龙股份,汽车配件,江苏,20150320,603158.SH,20190724,15.24,15.5,15.18,15.35,15.25,0.1,0.6557,8840.0,13544.521,0.4074,1.1997,0.9,28.478,30.2986,3.5269,3.2705,3.4159,2.6911,2.4037,21697.12,21697.12,7368.59,333050.792,333050.792,16.78,13.73,2.091
603158,腾龙股份,汽车配件,江苏,20150320,603158.SH,20190723,15.5,15.5,15.16,15.25,15.48,-0.23,-1.4858,10851.0,16629.796,0.5001,1.4726,1.08,28.2925,30.1012,3.5039,3.2491,3.3936,2.7087,2.4194,21697.12,21697.12,7368.59,330881.08,330881.08,17.03,13.93,2.091
603158,腾龙股份,汽车配件,江苏,20150320,603158.SH,20190722,15.94,15.94,15.44,15.48,15.95,-0.47,-2.9467,13107.0,20558.618,0.6041,1.7788,1.35,28.7192,30.5552,3.5568,3.2982,3.4448,2.6685,2.3835,21697.12,21697.12,7368.59,335871.4176,335871.4176,17.55,14.36,2.091
603158,腾龙股份,汽车配件,江苏,20150320,603158.SH,20190719,15.89,16.0,15.86,15.95,15.98,-0.03,-0.1877,9367.18,14888.568,0.4317,1.2712,0.91,29.5911,31.4829,3.6648,3.3983,3.5494,2.5898,2.3132,21697.12,21697.12,7368.59,346069.064,346069.064,17.58,14.38,2.091
603158,腾龙股份,汽车配件,江苏,20150320,603158.SH,20190718,15.98,15.98,15.81,15.98,15.98,0.0,0.0,7894.0,12575.412,0.3638,1.0713,0.7,29.6468,31.5421,3.6717,3.4047,3.5561,2.585,2.3089,21697.12,21697.12,7368.59,346719.9776,346719.9776,17.58,14.38,2.091
603158,腾龙股份,汽车配件,江苏,20150320,603158.SH,20190717,15.98,15.99,15.9,15.98,15.99,-0.01,-0.0625,8043.0,12817.472,0.3707,1.0915,0.69,29.6468,31.5421,3.6717,3.4047,3.5561,2.585,2.3089,21697.12,21697.12,7368.59,346719.9776,346719.9776,17.59,14.39,2.091
603158,腾龙股份,汽车配件,江苏,20150320,603158.SH,20190716,15.99,16.0,15.86,15.99,15.96,0.03,0.188,11722.0,18669.468,0.5403,1.5908,0.96,29.6653,31.5618,3.674,3.4068,3.5583,2.5834,2.3074,21697.12,21697.12,7368.59,346936.9488,346936.9488,17.56,14.36,2.091
603158,腾龙股份,汽车配件,江苏,20150320,603158.SH,20190715,16.03,16.1,15.86,15.96,16.04,-0.08,-0.4988,11477.0,18361.671,0.529,1.5576,0.98,29.6097,31.5026,3.6671,3.4004,3.5516,2.5882,2.3118,21697.12,21697.12,7368.59,346286.0352,346286.0352,17.64,14.44,2.091
603158,腾龙股份,汽车配件,江苏,20150320,603158.SH,20190712,16.01,16.08,15.88,16.04,16.08,-0.04,-0.2488,12242.0,19531.324,0.5642,1.6614,1.11,29.7581,31.6605,3.6855,3.4175,3.5695,2.5753,2.3003,21697.12,21697.12,7368.59,348021.8048,348021.8048,17.69,14.47,2.091
603158,腾龙股份,汽车配件,江苏,20150320,603158.SH,20190711,16.11,16.11,15.95,16.08,16.1,-0.02,-0.1242,12882.0,20658.509,0.5937,1.7482,1.22,29.8323,31.7395,3.6946,3.426,3.5784,2.5689,2.2945,21697.12,21697.12,7368.59,348889.6896,348889.6896,17.71,14.49,2.091
603158,腾龙股份,汽车配件,江苏,20150320,603158.SH,20190710,16.11,16.15,15.95,16.1,16.1,0.0,0.0,10245.0,16460.794,0.4722,1.3904,0.9,29.8694,31.779,3.6992,3.4302,3.5828,2.5657,2.2917,21697.12,21697.12,7368.59,349323.632,349323.632,17.71,14.49,2.091
603158,腾龙股份,汽车配件,江苏,20150320,603158.SH,20190709,16.01,16.1,15.85,16.1,16.01,0.09,0.5621,14012.0,22394.775,0.6458,1.9016,1.34,29.8694,31.779,3.6992,3.4302,3.5828,2.5657,2.2917,21697.12,21697.12,7368.59,349323.632,349323.632,17.61,14.41,2.091
603158,腾龙股份,汽车配件,江苏,20150320,603158.SH,20190708,16.08,16.1,15.75,16.01,16.07,-0.06,-0.3734,9004.0,14333.888,0.415,1.2219,0.78,29.7024,31.6013,3.6786,3.4111,3.5628,2.5801,2.3046,21697.12,21697.12,7368.59,347370.8912,347370.8912,17.68,14.46,2.091
603158,腾龙股份,汽车配件,江苏,20150320,603158.SH,20190705,16.0,16.1,15.9,16.07,16.0,0.07,0.4375,9201.0,14719.535,0.4241,1.2487,0.77,29.8138,31.7198,3.6923,3.4239,3.5761,2.5705,2.296,21697.12,21697.12,7368.59,348672.7184,348672.7184,17.6,14.4,2.091
603158,腾龙股份,汽车配件,江苏,20150320,603158.SH,20190704,16.14,16.17,15.9,16.0,16.12,-0.12,-0.7444,10362.0,16613.809,0.4776,1.4062,0.65,29.6839,31.5816,3.6763,3.4089,3.5605,2.5817,2.306,21697.12,21697.12,7368.59,347153.92,347153.92,17.73,14.51,2.091
603158,腾龙股份,汽车配件,江苏,20150320,603158.SH,20190703,16.11,16.3,16.01,16.12,16.11,0.01,0.0621,14318.96,23106.027,0.6599,1.9432,0.81,29.9065,31.8184,3.7038,3.4345,3.5873,2.5625,2.2888,21697.12,21697.12,7368.59,349757.5744,349757.5744,17.72,14.5,2.091
603158,腾龙股份,汽车配件,江苏,20150320,603158.SH,20190702,16.02,16.12,16.02,16.11,16.11,0.0,0.0,9315.96,14964.985,0.4294,1.2643,0.53,29.888,31.7987,3.7015,3.4324,3.585,2.5641,2.2903,21697.12,21697.12,7368.59,349540.6032,349540.6032,17.72,14.5,2.091
603158,腾龙股份,汽车配件,江苏,20150320,603158.SH,20190701,16.14,16.18,16.01,16.11,16.0,0.11,0.6875,14484.96,23309.162,0.6676,1.9658,0.81,29.888,31.7987,3.7015,3.4324,3.585,2.5641,2.2903,21697.12,21697.12,7368.59,349540.6032,349540.6032,17.6,14.4,2.091
603158,腾龙股份,汽车配件,江苏,20150320,603158.SH,20190628,16.18,16.18,15.95,16.0,16.31,-0.31,-1.9007,10906.0,17508.306,0.5026,1.4801,0.49,29.6839,31.5816,3.6763,3.4089,3.5605,2.5817,2.306,21697.12,21697.12,7368.59,347153.92,347153.92,17.94,14.68,2.091
603158,腾龙股份,汽车配件,江苏,20150320,603158.SH,20190627,16.11,16.33,15.99,16.31,16.16,0.15,0.9282,30774.0,49711.956,1.4183,4.1764,1.16,30.259,32.1935,3.7475,3.475,3.6295,2.5327,2.2622,21697.12,21697.12,7368.59,353880.0272,353880.0272,17.78,14.54,2.091
603158,腾龙股份,汽车配件,江苏,20150320,603158.SH,20190626,16.21,16.3,16.0,16.16,16.27,-0.11,-0.6761,22686.92,36620.349,1.0456,3.0789,0.79,30.2058,32.1369,3.6749,3.4689,3.6232,2.5371,2.2662,21860.0,21697.12,7368.59,353257.6,350625.4592,17.9,14.64,2.091
603158,腾龙股份,汽车配件,江苏,20150320,603158.SH,20190625,16.32,16.34,16.15,16.27,16.37,-0.1,-0.6109,9366.0,15184.469,0.4317,1.2711,0.32,30.4114,32.3556,3.6999,3.4925,3.6478,2.52,2.2508,21860.0,21697.12,7368.59,355662.2,353012.1424,18.01,14.73,2.091
603158,腾龙股份,汽车配件,江苏,20150320,603158.SH,20190624,16.39,16.46,16.16,16.37,16.39,-0.02,-0.122,15698.0,25583.922,0.7235,2.1304,0.57,30.5983,32.5545,3.7226,3.514,3.6702,2.5046,2.2371,21860.0,21697.12,7368.59,357848.2,355181.8544,18.03,14.75,2.091
603158,腾龙股份,汽车配件,江苏,20150320,603158.SH,20190621,16.62,16.66,16.26,16.39,16.62,-0.23,-1.3839,33745.06,55300.359,1.5553,4.5796,1.46,30.6357,32.5943,3.7272,3.5183,3.6747,2.5015,2.2344,21860.0,21697.12,7368.59,358285.4,355615.7968,18.28,14.96,2.091
603158,腾龙股份,汽车配件,江苏,20150320,603158.SH,20190620,17.05,17.08,16.58,16.62,16.88,-0.26,-1.5403,50966.32,86001.397,2.349,6.9167,2.84,31.0656,33.0516,3.7795,3.5676,3.7263,2.4669,2.2034,21860.0,21697.12,7368.59,363313.2,360606.1344,18.57,15.19,2.091
603158,腾龙股份,汽车配件,江苏,20150320,603158.SH,20190619,16.51,16.95,16.23,16.88,16.23,0.65,4.0049,34632.33,57342.439,1.5962,4.7,2.39,31.5516,33.5687,3.8386,3.6234,3.7846,2.4289,3.2358,21860.0,21697.12,7368.59,368996.8,366247.3856,17.85,14.61,2.091
603158,腾龙股份,汽车配件,江苏,20150320,603158.SH,20190618,15.98,16.28,15.8,16.23,16.0,0.23,1.4375,11033.0,17731.913,0.5085,1.4973,0.67,30.3366,32.2761,3.6908,3.4839,3.6388,2.5262,3.3654,21860.0,21697.12,7368.59,354787.8,352144.2576,17.6,14.4,2.091
603158,腾龙股份,汽车配件,江苏,20150320,603158.SH,20190617,16.22,16.23,16.0,16.0,16.25,-0.25,-1.5385,6997.0,11249.558,0.3225,0.9496,0.42,29.9067,31.8187,3.6385,3.4345,3.5873,2.5625,3.4138,21860.0,21697.12,7368.59,349760.0,347153.92,17.88,14.63,2.091
603158,腾龙股份,汽车配件,江苏,20150320,603158.SH,20190614,16.21,16.36,16.07,16.25,16.36,-0.11,-0.6724,12280.0,19853.346,0.566,1.6665,0.69,30.374,32.3158,3.6953,3.4882,3.6433,2.5231,3.3613,21860.0,21697.12,7368.59,355225.0,352578.2,18.0,14.72,2.091
603158,腾龙股份,汽车配件,江苏,20150320,603158.SH,20190613,15.88,16.98,15.7,16.36,15.97,0.39,2.4421,24891.0,40371.594,1.1472,3.378,1.25,30.5796,32.5346,3.7203,3.5118,3.668,2.5061,3.3387,21860.0,21697.12,7368.59,357629.6,354964.8832,17.57,14.37,2.091
603158,腾龙股份,汽车配件,江苏,20150320,603158.SH,20190612,16.25,16.29,15.97,15.97,16.24,-0.27,-1.6626,17338.0,27956.39,0.7991,2.353,0.81,29.8506,31.759,3.6317,3.4281,3.5806,2.5673,3.4202,21860.0,21697.12,7368.59,349104.2,346503.0064,17.86,14.62,2.091
603158,腾龙股份,汽车配件,江苏,20150320,603158.SH,20190611,16.31,16.5,16.1,16.38,16.31,0.07,0.4292,21184.13,34564.578,0.9764,2.8749,0.84,30.617,32.5744,3.613,3.5161,3.6725,2.5031,2.5031,21860.0,21697.12,7368.59,358066.8,355398.8256,17.94,14.68,2.073
603158,腾龙股份,汽车配件,江苏,20150320,603158.SH,20190610,16.45,16.56,16.3,16.31,16.45,-0.14,-0.8511,7689.01,12620.122,0.3544,1.0435,0.29,30.4862,32.4352,3.5975,3.5011,3.6568,2.5138,2.5138,21860.0,21697.12,7368.59,356536.6,353880.0272,18.1,14.81,2.073
603158,腾龙股份,汽车配件,江苏,20150320,603158.SH,20190606,16.31,16.85,16.16,16.45,16.45,0.0,0.0,18522.07,30490.225,0.8537,2.5137,0.63,30.7479,32.7136,3.6284,3.5311,3.6882,2.4924,2.4924,21860.0,21697.12,7368.59,359597.0,356917.624,18.1,14.81,2.073
603158,腾龙股份,汽车配件,江苏,20150320,603158.SH,20190605,16.58,17.5,16.25,16.45,16.65,-0.2,-1.2012,34511.0,57547.38,1.5906,4.6835,1.34,30.7479,32.7136,3.6284,3.5311,3.6882,2.4924,2.4924,21860.0,21697.12,7368.59,359597.0,356917.624,18.32,14.99,2.073
603158,腾龙股份,汽车配件,江苏,20150320,603158.SH,20190604,16.19,16.72,16.19,16.65,16.35,0.3,1.8349,24532.01,40397.92,1.1307,3.3293,0.87,31.1217,33.1113,3.6725,3.5741,3.733,2.4625,2.4625,21860.0,21697.12,7368.59,363969.0,361257.048,17.99,14.72,2.073
603158,腾龙股份,汽车配件,江苏,20150320,603158.SH,20190603,16.4,17.07,16.31,16.35,16.43,-0.08,-0.4869,41243.66,68577.777,1.9009,5.5972,1.88,30.5609,32.5147,3.6064,3.5097,3.6658,2.5076,2.5076,21860.0,21697.12,7368.59,357411.0,354747.912,18.07,14.79,2.073
603158,腾龙股份,汽车配件,江苏,20150320,603158.SH,20190531,16.27,16.53,16.27,16.43,16.35,0.08,0.4893,12647.0,20793.997,0.5829,1.7163,0.48,30.7105,32.6738,3.624,3.5268,3.6837,2.4954,2.4954,21860.0,21697.12,7368.59,359159.8,356483.6816,17.99,14.72,2.073
603158,腾龙股份,汽车配件,江苏,20150320,603158.SH,20190530,16.35,16.58,16.24,16.35,16.4,-0.05,-0.3049,33259.0,54539.007,1.5329,4.5136,1.59,30.5609,32.5147,3.6064,3.5097,3.6658,2.5076,2.5076,21860.0,21697.12,7368.59,357411.0,354747.912,18.04,14.76,2.073
603158,腾龙股份,汽车配件,江苏,20150320,603158.SH,20190529,16.35,16.7,16.33,16.4,16.37,0.03,0.1833,17479.0,28712.408,0.8056,2.3721,0.82,30.6544,32.6141,3.6174,3.5204,3.677,2.5,2.5,21860.0,21697.12,7368.59,358504.0,355832.768,18.01,14.73,2.073
603158,腾龙股份,汽车配件,江苏,20150320,603158.SH,20190528,16.26,16.45,16.2,16.37,16.32,0.05,0.3064,35873.66,58605.001,1.6534,4.8685,2.27,30.5983,32.5545,3.6108,3.514,3.6702,2.5046,2.5046,21860.0,21697.12,7368.59,357848.2,355181.8544,17.95,14.69,2.073
603158,腾龙股份,汽车配件,江苏,20150320,603158.SH,20190527,16.28,16.35,16.08,16.32,16.32,0.0,0.0,10357.06,16819.008,0.4773,1.4056,0.62,30.5049,32.455,3.5997,3.5032,3.659,2.5123,2.5123,21860.0,21697.12,7368.59,356755.2,354096.9984,17.95,14.69,2.073
603158,腾龙股份,汽车配件,江苏,20150320,603158.SH,20190524,15.98,16.75,15.98,16.32,16.02,0.3,1.8727,34530.06,56070.783,1.5915,4.6861,2.75,30.5049,32.455,3.5997,3.5032,3.659,2.5123,2.5123,21860.0,21697.12,7368.59,356755.2,354096.9984,17.62,14.42,2.073
603158,腾龙股份,汽车配件,江苏,20150320,603158.SH,20190523,16.21,16.27,16.02,16.02,16.32,-0.3,-1.8382,6131.0,9901.352,0.2826,0.832,0.37,29.9441,31.8584,3.5336,3.4388,3.5918,2.5593,2.5593,21860.0,21697.12,7368.59,350197.2,347587.8624,17.95,14.69,2.073
603158,腾龙股份,汽车配件,江苏,20150320,603158.SH,20190522,16.32,16.33,16.0,16.32,16.32,0.0,0.0,19876.0,32123.767,0.9161,2.6974,1.07,30.5049,32.455,3.5997,3.5032,3.659,2.5123,2.5123,21860.0,21697.12,7368.59,356755.2,354096.9984,17.95,14.69,2.073
603158,腾龙股份,汽车配件,江苏,20150320,603158.SH,20190521,16.2,16.35,16.19,16.32,16.33,-0.01,-0.0612,8189.0,13351.885,0.3774,1.1113,0.37,30.5049,32.455,3.5997,3.5032,3.659,2.5123,2.5123,21860.0,21697.12,7368.59,356755.2,354096.9984,17.96,14.7,2.073
603158,腾龙股份,汽车配件,江苏,20150320,603158.SH,20190520,16.2,16.37,15.69,16.33,16.32,0.01,0.0613,15199.0,24326.841,0.7005,2.0627,0.61,30.5235,32.4749,3.6019,3.5054,3.6613,2.5107,2.5107,21860.0,21697.12,7368.59,356973.8,354313.9696,17.95,14.69,2.073
603158,腾龙股份,汽车配件,江苏,20150320,603158.SH,20190517,16.4,16.4,16.23,16.32,16.31,0.01,0.0613,13462.0,21928.543,0.6205,1.8269,0.44,30.5049,32.455,3.5997,3.5032,3.659,2.5123,2.5123,21860.0,21697.12,7368.59,356755.2,354096.9984,17.94,14.68,2.073
603158,腾龙股份,汽车配件,江苏,20150320,603158.SH,20190516,16.35,16.45,16.19,16.31,16.37,-0.06,-0.3665,26106.0,42608.961,1.2032,3.5429,0.77,30.4862,32.4352,3.5975,3.5011,3.6568,2.5138,2.5138,21860.0,21697.12,7368.59,356536.6,353880.0272,18.01,14.73,2.073
603158,腾龙股份,汽车配件,江苏,20150320,603158.SH,20190515,16.26,16.54,16.19,16.37,16.35,0.02,0.1223,30069.72,49106.995,1.3859,4.0808,0.78,30.5983,32.5545,3.6108,3.514,3.6702,2.5046,2.5046,21860.0,21697.12,7368.59,357848.2,355181.8544,17.99,14.72,2.073
603158,腾龙股份,汽车配件,江苏,20150320,603158.SH,20190514,16.01,16.44,16.0,16.35,16.34,0.01,0.0612,25727.0,41898.319,1.1857,3.4914,0.63,30.5609,32.5147,3.6064,3.5097,3.6658,2.5076,2.5076,21860.0,21697.12,7368.59,357411.0,354747.912,17.97,14.71,2.073
603158,腾龙股份,汽车配件,江苏,20150320,603158.SH,20190513,16.2,16.38,15.5,16.34,16.42,-0.08,-0.4872,29734.0,48039.349,1.3704,4.0352,0.75,30.5422,32.4948,3.6042,3.5075,3.6635,2.5092,2.5092,21860.0,21697.12,7368.59,357192.4,354530.9408,18.06,14.78,2.073
603158,腾龙股份,汽车配件,江苏,20150320,603158.SH,20190510,16.2,16.8,15.72,16.42,16.35,0.07,0.4281,40500.0,66411.047,1.8666,5.4963,1.16,30.6918,32.6539,3.6218,3.5247,3.6814,2.497,2.497,21860.0,21697.12,7368.59,358941.2,356266.7104,17.99,14.72,2.073
603158,腾龙股份,汽车配件,江苏,20150320,603158.SH,20190509,16.59,16.9,15.3,16.35,17.0,-0.65,-3.8235,44045.0,70027.331,2.03,5.9774,1.48,30.5609,32.5147,3.6064,3.5097,3.6658,2.5076,2.5076,21860.0,21697.12,7368.59,357411.0,354747.912,18.7,15.3,2.073
603158,腾龙股份,汽车配件,江苏,20150320,603158.SH,20190508,16.22,17.68,15.9,17.0,16.5,0.5,3.0303,51996.0,89249.426,2.3964,7.0564,2.14,31.7759,33.8073,3.7497,3.6492,3.8115,2.4118,2.4118,21860.0,21697.12,7368.59,371620.0,368851.04,18.15,14.85,2.073
603158,腾龙股份,汽车配件,江苏,20150320,603158.SH,20190507,15.24,16.5,15.0,16.5,15.0,1.5,10.0,38828.25,61208.852,1.7896,5.2694,1.93,30.8413,32.813,3.6394,3.5419,3.6994,2.4848,2.4848,21860.0,21697.12,7368.59,360690.0,358002.48,16.5,13.5,2.073
603158,腾龙股份,汽车配件,江苏,20150320,603158.SH,20190506,16.05,16.05,14.86,15.0,16.51,-1.51,-9.146,23094.0,35160.167,1.0644,3.1341,1.28,28.0376,29.83,3.3086,3.2199,3.3631,2.7333,2.7333,21860.0,21697.12,7368.59,327900.0,325456.8,18.16,14.86,2.073
603158,腾龙股份,汽车配件,江苏,20150320,603158.SH,20190430,16.22,16.9,16.2,16.51,16.43,0.08,0.4869,16988.0,28345.962,0.783,2.3567,1.04,30.86,32.8329,3.6416,3.544,3.7016,2.4833,2.4833,21860.0,21697.12,7208.38,360908.6,358219.4512,18.07,14.79,2.073
603158,腾龙股份,汽车配件,江苏,20150320,603158.SH,20190429,16.2,16.88,15.7,16.43,16.25,0.18,1.1077,18159.02,29487.933,0.8369,2.5192,0.92,30.7105,32.6738,3.624,3.5268,3.6837,2.4954,2.4954,21860.0,21697.12,7208.38,359159.8,356483.6816,17.88,14.63,2.073
603158,腾龙股份,汽车配件,江苏,20150320,603158.SH,20190426,16.76,16.98,15.7,16.25,16.69,-0.44,-2.6363,24357.71,39295.49,1.1226,3.3791,1.07,30.374,32.3158,3.5843,3.4882,3.6433,2.5231,2.5231,21860.0,21697.12,7208.38,355225.0,352578.2,18.36,15.02,2.073
603158,腾龙股份,汽车配件,江苏,20150320,603158.SH,20190425,18.0,18.03,16.69,16.69,18.09,-1.4,-7.7391,18194.0,31895.57,0.8385,2.524,0.82,27.8894,30.2312,3.6093,4.0358,3.6352,2.4566,2.4566,21860.0,21697.12,7208.38,364843.4,362124.9328,19.9,16.28,2.073
603158,腾龙股份,汽车配件,江苏,20150320,603158.SH,20190424,18.39,18.45,18.09,18.09,18.39,-0.3,-1.6313,12467.0,22703.636,0.5746,1.7295,0.53,30.2289,32.7671,3.912,4.3744,3.9401,2.2664,2.2664,21860.0,21697.12,7208.38,395447.4,392500.9008,20.23,16.55,2.073
603158,腾龙股份,汽车配件,江苏,20150320,603158.SH,20190423,18.37,18.56,18.16,18.39,18.51,-0.12,-0.6483,8325.0,15253.468,0.3837,1.1549,0.31,30.7302,33.3105,3.9769,4.4469,4.0055,2.2295,2.2295,21860.0,21697.12,7208.38,402005.4,399010.0368,20.36,16.66,2.073
603158,腾龙股份,汽车配件,江苏,20150320,603158.SH,20190422,18.98,18.98,18.34,18.51,19.0,-0.49,-2.5789,34918.0,64763.865,1.6093,4.8441,1.51,30.9307,33.5278,4.0028,4.4759,4.0316,2.215,2.215,21860.0,21697.12,7208.38,404628.6,401613.6912,20.9,17.1,2.073
603158,腾龙股份,汽车配件,江苏,20150320,603158.SH,20190419,18.34,19.8,17.97,19.0,18.28,0.72,3.9387,39822.7,74473.017,1.8354,5.5245,2.13,31.7495,34.4154,4.1088,4.5944,4.1383,2.1579,2.1579,21860.0,21697.12,7208.38,415340.0,412245.28,20.11,16.45,2.073
603158,腾龙股份,汽车配件,江苏,20150320,603158.SH,20190418,18.53,18.54,18.03,18.28,18.5,-0.22,-1.1892,15051.0,27405.435,0.6937,2.088,0.72,30.5464,33.1112,3.9531,4.4203,3.9815,2.2429,2.2429,21860.0,21697.12,7208.38,399600.8,396623.3536,20.35,16.65,2.073
603158,腾龙股份,汽车配件,江苏,20150320,603158.SH,20190417,18.6,18.9,18.5,18.5,18.59,-0.09,-0.4841,20137.02,37494.336,0.9281,2.7936,0.77,30.914,33.5097,4.0007,4.4735,4.0294,2.2162,2.2162,21860.0,21697.12,7208.38,404410.0,401396.72,20.45,16.73,2.073
603158,腾龙股份,汽车配件,江苏,20150320,603158.SH,20190416,18.51,18.88,18.23,18.59,18.52,0.07,0.378,23071.02,42887.043,1.0633,3.2006,0.62,31.0644,33.6728,4.0201,4.4953,4.049,2.2055,2.2055,21860.0,21697.12,7208.38,406377.4,403349.4608,20.37,16.67,2.073
603158,腾龙股份,汽车配件,江苏,20150320,603158.SH,20190415,18.45,18.88,18.2,18.52,18.43,0.09,0.4883,17540.02,32488.463,0.8084,2.4333,0.41,30.9474,33.546,4.005,4.4784,4.0338,2.2138,2.2138,21860.0,21697.12,7208.38,404847.2,401830.6624,20.27,16.59,2.073
603158,腾龙股份,汽车配件,江苏,20150320,603158.SH,20190412,18.67,18.67,18.0,18.43,18.51,-0.08,-0.4322,17768.0,32632.777,0.8189,2.4649,0.35,30.797,33.3829,3.9855,4.4566,4.0142,2.2246,2.2246,21860.0,21697.12,7208.38,402879.8,399877.9216,20.36,16.66,2.073
603158,腾龙股份,汽车配件,江苏,20150320,603158.SH,20190411,19.15,19.15,18.4,18.51,18.99,-0.48,-2.5276,26375.0,49218.771,1.2156,3.6589,0.53,30.9307,33.5278,4.0028,4.4759,4.0316,2.215,2.215,21860.0,21697.12,7208.38,404628.6,401613.6912,20.89,17.09,2.073
603158,腾龙股份,汽车配件,江苏,20150320,603158.SH,20190410,19.5,19.5,18.88,18.99,19.93,-0.94,-4.7165,46498.0,89123.564,2.143,6.4505,0.97,31.7328,34.3973,4.1066,4.592,4.1362,2.159,2.159,21860.0,21697.12,7208.38,415121.4,412028.3088,21.92,17.94,2.073
603158,腾龙股份,汽车配件,江苏,20150320,603158.SH,20190409,18.51,20.39,18.3,19.93,18.54,1.39,7.4973,78294.33,150602.84,3.6085,10.8616,1.94,33.3036,36.0999,4.3099,4.8193,4.3409,2.0572,2.0572,21860.0,21697.12,7208.38,435669.8,432423.6016,20.39,16.69,2.073
603158,腾龙股份,汽车配件,江苏,20150320,603158.SH,20190408,18.44,18.8,18.1,18.54,18.44,0.1,0.5423,45214.73,83347.295,2.0839,6.2725,1.26,30.9808,33.5822,4.0093,4.4832,4.0381,2.2114,2.2114,21860.0,21697.12,7208.38,405284.4,402264.6048,20.28,16.6,2.073
603158,腾龙股份,汽车配件,江苏,20150320,603158.SH,20190404,17.78,18.98,17.75,18.44,17.75,0.69,3.8873,60352.22,110967.471,2.7816,8.3725,2.07,30.8137,33.4011,3.9877,4.459,4.0164,2.2234,2.2234,21860.0,21697.12,7208.38,403098.4,400094.8928,19.53,15.98,2.073
603158,腾龙股份,汽车配件,江苏,20150320,603158.SH,20190403,17.73,17.83,17.66,17.75,17.73,0.02,0.1128,20563.83,36454.422,0.9478,2.8528,0.64,29.6607,32.1512,3.8385,4.2922,3.8661,2.3099,2.3099,21860.0,21697.12,7208.38,388015.0,385123.88,19.5,15.96,2.073
603158,腾龙股份,汽车配件,江苏,20150320,603158.SH,20190402,17.8,17.95,17.55,17.73,17.68,0.05,0.2828,36334.66,64495.373,1.6746,5.0406,1.24,29.6273,32.115,3.8342,4.2873,3.8617,2.3125,2.3125,21860.0,21697.12,7208.38,387577.8,384689.9376,19.45,15.91,2.073
603158,腾龙股份,汽车配件,江苏,20150320,603158.SH,20190401,17.62,18.02,17.37,17.68,17.55,0.13,0.7407,39130.66,68813.09,1.8035,5.4285,1.44,29.5438,32.0244,3.8234,4.2752,3.8508,2.319,2.319,21860.0,21697.12,7208.38,386484.8,383605.0816,19.31,15.8,2.073
603158,腾龙股份,汽车配件,江苏,20150320,603158.SH,20190329,17.59,17.73,17.18,17.55,17.89,-0.34,-1.9005,23131.06,40644.9,1.0661,3.2089,0.8,29.3265,31.789,3.7952,4.2438,3.8225,2.3362,2.3362,21860.0,21697.12,7208.38,383643.0,380784.456,19.68,16.1,2.073
603158,腾龙股份,汽车配件,江苏,20150320,603158.SH,20190328,18.28,18.43,17.46,17.89,18.4,-0.51,-2.7717,26928.71,48334.905,1.2411,3.7358,0.78,29.8947,32.4048,3.8688,4.326,3.8966,2.2918,2.2918,21860.0,21697.12,7208.38,391075.4,388161.4768,20.24,16.56,2.073
603158,腾龙股份,汽车配件,江苏,20150320,603158.SH,20190327,18.0,18.49,17.53,18.4,18.2,0.2,1.0989,36332.71,66008.122,1.6745,5.0403,0.94,30.7469,33.3286,3.9791,4.4493,4.0076,2.2283,2.2283,21860.0,21697.12,7208.38,402224.0,399227.008,20.02,16.38,2.073
603158,腾龙股份,汽车配件,江苏,20150320,603158.SH,20190326,18.48,18.48,17.2,18.2,18.45,-0.25,-1.355,21024.0,38008.17,0.969,2.9166,0.45,30.4127,32.9663,3.9358,4.401,3.9641,2.2527,2.2527,21860.0,21697.12,7208.38,397852.0,394887.584,20.3,16.61,2.073
603158,腾龙股份,汽车配件,江苏,20150320,603158.SH,20190325,18.2,18.58,18.06,18.45,18.6,-0.15,-0.8065,28899.0,53107.386,1.3319,4.0091,0.63,30.8305,33.4192,3.9899,4.4614,4.0185,2.2222,2.2222,21860.0,21697.12,7208.38,403317.0,400311.864,20.46,16.74,2.073
603158,腾龙股份,汽车配件,江苏,20150320,603158.SH,20190322,18.78,18.78,18.0,18.6,18.84,-0.24,-1.2739,31348.0,57509.784,1.4448,4.3488,0.68,31.0811,33.6909,4.0223,4.4977,4.0512,2.2043,2.2043,21860.0,21697.12,7208.38,406596.0,403566.432,20.72,16.96,2.073
603158,腾龙股份,汽车配件,江苏,20150320,603158.SH,20190321,19.02,19.73,18.5,18.84,19.01,-0.17,-0.8943,54654.0,104505.068,2.519,7.582,1.08,31.4822,34.1256,4.0742,4.5557,4.1035,2.1762,2.1762,21860.0,21697.12,7208.38,411842.4,408773.7408,20.91,17.11,2.073
603158,腾龙股份,汽车配件,江苏,20150320,603158.SH,20190320,18.96,19.1,18.48,19.01,18.75,0.26,1.3867,57907.0,108818.765,2.6689,8.0333,1.07,31.7662,34.4335,4.111,4.5969,4.1405,2.1568,2.1568,21860.0,21697.12,7208.38,415558.6,412462.2512,20.63,16.88,2.073
603158,腾龙股份,汽车配件,江苏,20150320,603158.SH,20190319,17.9,18.88,17.58,18.75,17.78,0.97,5.4556,60041.3,109577.332,2.7672,8.3294,1.18,31.3318,33.9626,4.0547,4.534,4.0839,2.1867,2.1867,21860.0,21697.12,7208.38,409875.0,406821.0,19.56,16.0,2.073
603158,腾龙股份,汽车配件,江苏,20150320,603158.SH,20190318,17.77,18.01,17.46,17.78,17.77,0.01,0.0563,26338.24,46629.139,1.2139,3.6538,0.54,29.7109,32.2056,3.845,4.2994,3.8726,2.306,2.306,21860.0,21697.12,7208.38,388670.8,385774.7936,19.55,15.99,2.073
603158,腾龙股份,汽车配件,江苏,20150320,603158.SH,20190315,17.77,17.98,17.37,17.77,17.86,-0.09,-0.5039,32565.73,57351.129,1.5009,4.5178,0.67,29.6942,32.1875,3.8428,4.297,3.8704,2.3073,2.3073,21860.0,21697.12,7208.38,388452.2,385557.8224,19.65,16.07,2.073
603158,腾龙股份,汽车配件,江苏,20150320,603158.SH,20190314,17.98,18.5,17.3,17.86,17.97,-0.11,-0.6121,75131.28,133760.321,3.4627,10.4228,1.71,29.8446,32.3505,3.8623,4.3188,3.89,2.2956,2.2956,21860.0,21697.12,7208.38,390419.6,387510.5632,19.77,16.17,2.073
603158,腾龙股份,汽车配件,江苏,20150320,603158.SH,20190313,16.4,18.19,16.14,17.97,16.54,1.43,8.6457,75381.23,128962.089,3.4743,10.4574,2.21,30.0284,32.5497,3.8861,4.3454,3.914,2.2816,2.2816,21860.0,21697.12,7208.38,392824.2,389897.2464,18.19,14.89,2.073
603158,腾龙股份,汽车配件,江苏,20150320,603158.SH,20190312,15.9,16.93,15.72,16.54,16.05,0.49,3.053,44893.0,72667.661,2.0691,6.2279,1.62,27.6388,29.9595,3.5768,3.9996,3.6025,2.4788,2.4788,21860.0,21697.12,7208.38,361564.4,358870.3648,17.66,14.45,2.073
603158,腾龙股份,汽车配件,江苏,20150320,603158.SH,20190311,15.9,16.1,15.8,16.05,16.06,-0.01,-0.0623,15535.0,24797.508,0.716,2.1551,0.56,26.82,29.072,3.4709,3.8811,3.4958,2.5545,2.5545,21860.0,21697.12,7208.38,350853.0,348238.776,17.67,14.45,2.073
603158,腾龙股份,汽车配件,江苏,20150320,603158.SH,20190308,16.3,16.3,15.85,16.06,16.4,-0.34,-2.0732,30716.0,49220.487,1.4157,4.2612,1.27,26.8367,29.0901,3.473,3.8835,3.498,2.5529,2.5529,21860.0,21697.12,7208.38,351071.6,348455.7472,18.04,14.76,2.073
603158,腾龙股份,汽车配件,江苏,20150320,603158.SH,20190307,16.5,16.62,15.74,16.4,16.27,0.13,0.799,52792.73,84937.128,2.4332,7.3238,3.53,27.4048,29.7059,3.5466,3.9657,3.572,2.5,2.5,21860.0,21697.12,7208.38,358504.0,355832.768,17.9,14.64,2.073
603158,腾龙股份,汽车配件,江苏,20150320,603158.SH,20190306,15.84,16.28,15.7,16.27,15.83,0.44,2.7795,26378.95,41966.343,1.2158,3.6595,2.32,27.1876,29.4705,3.5184,3.9343,3.5437,2.52,2.52,21860.0,21697.12,7208.38,355662.2,353012.1424,17.41,14.25,2.073
603158,腾龙股份,汽车配件,江苏,20150320,603158.SH,20190305,15.87,15.98,15.73,15.83,15.85,-0.02,-0.1262,12868.25,20382.204,0.5931,1.7852,1.1,26.4524,28.6735,3.4233,3.8279,3.4479,2.59,2.59,21860.0,21697.12,7208.38,346043.8,343465.4096,17.44,14.27,2.073
603158,腾龙股份,汽车配件,江苏,20150320,603158.SH,20190304,15.77,16.0,15.52,15.85,15.76,0.09,0.5711,17058.3,27010.485,0.7862,2.3665,1.36,26.4858,28.7097,3.4276,3.8327,3.4522,2.5868,2.5868,21860.0,21697.12,7208.38,346481.0,343899.352,17.34,14.18,2.073
603158,腾龙股份,汽车配件,江苏,20150320,603158.SH,20190301,15.81,16.08,15.58,15.76,15.81,-0.05,-0.3163,11633.0,18281.61,0.5362,1.6138,0.93,26.3354,28.5467,3.4082,3.811,3.4326,2.6015,2.6015,21860.0,21697.12,7208.38,344513.6,341946.6112,17.39,14.23,2.073
603158,腾龙股份,汽车配件,江苏,20150320,603158.SH,20190228,15.65,15.96,15.58,15.81,15.67,0.14,0.8934,6893.25,10854.133,0.3177,0.9563,0.52,26.4189,28.6372,3.419,3.8231,3.4435,2.5933,2.5933,21860.0,21697.12,7208.38,345606.6,343031.4672,17.24,14.1,2.073
603158,腾龙股份,汽车配件,江苏,20150320,603158.SH,20190227,15.52,15.71,15.52,15.67,15.64,0.03,0.1918,8457.0,13224.052,0.3898,1.1732,0.68,26.185,28.3836,3.3887,3.7892,3.413,2.6165,2.6165,21860.0,21697.12,7208.38,342546.2,339993.8704,17.2,14.08,2.073
603158,腾龙股份,汽车配件,江苏,20150320,603158.SH,20190226,15.82,15.85,15.57,15.64,15.82,-0.18,-1.1378,14588.0,22883.534,0.6723,2.0238,1.3,26.1349,28.3293,3.3822,3.7819,3.4065,2.6215,2.6215,21860.0,21697.12,7208.38,341890.4,339342.9568,17.4,14.24,2.073
603158,腾龙股份,汽车配件,江苏,20150320,603158.SH,20190225,15.32,15.84,15.3,15.82,15.32,0.5,3.2637,21233.14,33146.423,0.9786,2.9456,2.38,26.4357,28.6553,3.4211,3.8255,3.4457,2.5917,2.5917,21860.0,21697.12,7208.38,345825.2,343248.4384,16.85,13.79,2.073
603158,腾龙股份,汽车配件,江苏,20150320,603158.SH,20190222,15.2,15.58,15.08,15.32,15.24,0.08,0.5249,11181.0,17087.127,0.5153,1.5511,1.51,25.6001,27.7497,3.313,3.7046,3.3368,2.6762,2.6762,21860.0,21697.12,7208.38,334895.2,332399.8784,16.76,13.72,2.073
603158,腾龙股份,汽车配件,江苏,20150320,603158.SH,20190221,14.93,15.36,14.88,15.24,14.93,0.31,2.0764,10213.0,15415.465,0.4707,1.4168,1.65,25.4665,27.6048,3.2957,3.6852,3.3194,2.6903,2.6903,21860.0,21697.12,7208.38,333146.4,330664.1088,16.42,13.44,2.073
603158,腾龙股份,汽车配件,江苏,20150320,603158.SH,20190220,14.91,14.98,14.85,14.93,14.97,-0.04,-0.2672,4558.0,6800.682,0.2101,0.6323,0.68,24.9484,27.0433,3.2287,3.6103,3.2519,2.7461,2.7461,21860.0,21697.12,7208.38,326369.8,323938.0016,16.47,13.47,2.073
603158,腾龙股份,汽车配件,江苏,20150320,603158.SH,20190219,15.0,15.07,14.88,14.97,14.98,-0.01,-0.0668,8975.0,13420.293,0.4136,1.2451,1.53,25.0153,27.1157,3.2373,3.6199,3.2606,2.7388,2.7388,21860.0,21697.12,7208.38,327244.2,324805.8864,16.48,13.48,2.073
603158,腾龙股份,汽车配件,江苏,20150320,603158.SH,20190218,14.84,14.99,14.84,14.98,14.88,0.1,0.672,9656.0,14421.936,0.445,1.3396,2.04,25.032,27.1338,3.2395,3.6223,3.2627,2.737,2.737,21860.0,21697.12,7208.38,327462.8,325022.8576,16.37,13.39,2.073
603158,腾龙股份,汽车配件,江苏,20150320,603158.SH,20190215,14.86,14.93,14.76,14.88,14.87,0.01,0.0672,3716.0,5516.524,0.1713,0.5155,0.58,24.8649,26.9527,3.2178,3.5982,3.241,2.7554,2.7554,21860.0,21697.12,7208.38,325276.8,322853.1456,16.36,13.38,2.073
603158,腾龙股份,汽车配件,江苏,20150320,603158.SH,20190214,14.87,14.87,14.74,14.87,14.83,0.04,0.2697,3991.0,5906.376,0.1839,0.5537,0.61,24.8482,26.9346,3.2157,3.5957,3.2388,2.7572,2.7572,21860.0,21697.12,7208.38,325058.2,322636.1744,16.31,13.35,2.073
603158,腾龙股份,汽车配件,江苏,20150320,603158.SH,20190213,14.89,14.89,14.69,14.83,14.83,0.0,0.0,7292.0,10779.919,0.3361,1.0116,1.12,24.7813,26.8621,3.207,3.5861,3.2301,2.7647,2.7647,21860.0,21697.12,7208.38,324183.8,321768.2896,16.31,13.35,2.073
603158,腾龙股份,汽车配件,江苏,20150320,603158.SH,20190212,14.88,14.88,14.7,14.83,14.81,0.02,0.135,4597.0,6787.619,0.2119,0.6377,0.63,24.7813,26.8621,3.207,3.5861,3.2301,2.7647,2.7647,21860.0,21697.12,7208.38,324183.8,321768.2896,16.29,13.33,2.073
603158,腾龙股份,汽车配件,江苏,20150320,603158.SH,20190211,14.77,14.86,14.7,14.81,14.77,0.04,0.2708,4053.0,5999.81,0.1868,0.5623,0.53,24.7479,26.8259,3.2027,3.5812,3.2257,2.7684,2.7684,21860.0,21697.12,7208.38,323746.6,321334.3472,16.25,13.29,2.073
603158,腾龙股份,汽车配件,江苏,20150320,603158.SH,20190201,14.52,14.84,14.36,14.77,14.47,0.3,2.0733,11894.0,17317.564,0.5482,1.65,1.97,24.6811,26.7534,3.1941,3.5716,3.217,2.7759,2.7759,21860.0,21697.12,7208.38,322872.2,320466.4624,15.92,13.02,2.073
603158,腾龙股份,汽车配件,江苏,20150320,603158.SH,20190131,14.42,14.48,14.35,14.47,14.31,0.16,1.1181,5043.0,7273.054,0.2324,0.6996,0.69,24.1798,26.21,3.1292,3.499,3.1517,2.8334,2.8334,21860.0,21697.12,7208.38,316314.2,313957.3264,15.74,12.88,2.073
603158,腾龙股份,汽车配件,江苏,20150320,603158.SH,20190130,14.48,14.54,14.28,14.31,14.51,-0.2,-1.3784,6933.0,9991.563,0.3195,0.9618,1.04,23.9124,25.9202,3.0946,3.4603,3.1168,2.8651,2.8651,21860.0,21697.12,7208.38,312816.6,310485.7872,15.96,13.06,2.073
603158,腾龙股份,汽车配件,江苏,20150320,603158.SH,20190129,14.52,14.52,14.31,14.51,14.49,0.02,0.138,8459.0,12187.003,0.3899,1.1735,1.41,24.2466,26.2825,3.1378,3.5087,3.1604,2.8256,2.8256,21860.0,21697.12,7208.38,317188.6,314825.2112,15.94,13.04,2.073
603158,腾龙股份,汽车配件,江苏,20150320,603158.SH,20190128,14.51,14.55,14.43,14.49,14.5,-0.01,-0.069,5972.0,8655.132,0.2752,0.8285,1.11,24.2132,26.2463,3.1335,3.5039,3.156,2.8295,2.8295,21860.0,21697.12,7208.38,316751.4,314391.2688,15.95,13.05,2.073
603158,腾龙股份,汽车配件,江苏,20150320,603158.SH,20190125,14.52,14.52,14.4,14.5,14.42,0.08,0.5548,3719.02,5380.998,0.1714,0.5159,0.71,24.2299,26.2644,3.1357,3.5063,3.1582,2.8276,2.8276,21860.0,21697.12,7208.38,316970.0,314608.24,15.86,12.98,2.073
603158,腾龙股份,汽车配件,江苏,20150320,603158.SH,20190124,14.48,14.56,14.11,14.42,14.42,0.0,0.0,11243.0,16142.628,0.5182,1.5597,2.75,24.0962,26.1195,3.1184,3.4869,3.1408,2.8433,2.8433,21860.0,21697.12,7208.38,315221.2,312872.4704,15.86,12.98,2.073
603158,腾龙股份,汽车配件,江苏,20150320,603158.SH,20190123,14.52,14.52,14.37,14.42,14.52,-0.1,-0.6887,4005.0,5771.132,0.1846,0.5556,1.04,24.0962,26.1195,3.1184,3.4869,3.1408,2.8433,2.8433,21860.0,21697.12,7208.38,315221.2,312872.4704,15.97,13.07,2.073
603158,腾龙股份,汽车配件,江苏,20150320,603158.SH,20190122,14.56,14.56,14.36,14.52,14.57,-0.05,-0.3432,5047.0,7303.795,0.2326,0.7002,1.37,24.2633,26.3006,3.14,3.5111,3.1626,2.8237,2.8237,21860.0,21697.12,7208.38,317407.2,315042.1824,16.03,13.11,2.073
603158,腾龙股份,汽车配件,江苏,20150320,603158.SH,20190121,14.69,14.69,14.55,14.57,14.63,-0.06,-0.4101,2770.0,4039.358,0.1277,0.3843,0.67,24.3469,26.3912,3.1508,3.5232,3.1734,2.814,2.814,21860.0,21697.12,7208.38,318500.2,316127.0384,16.09,13.17,2.073
603158,腾龙股份,汽车配件,江苏,20150320,603158.SH,20190118,14.63,14.68,14.52,14.63,14.58,0.05,0.3429,3252.0,4745.198,0.1499,0.4511,0.54,24.4471,26.4999,3.1638,3.5377,3.1865,2.8025,2.8025,21860.0,21697.12,7208.38,319811.8,317428.8656,16.04,13.12,2.073
603158,腾龙股份,汽车配件,江苏,20150320,603158.SH,20190117,14.77,14.77,14.44,14.58,14.72,-0.14,-0.9511,5335.0,7765.623,0.2459,0.7401,0.69,24.3636,26.4093,3.153,3.5256,3.1756,2.8121,2.8121,21860.0,21697.12,7208.38,318718.8,316344.0096,16.19,13.25,2.073
603158,腾龙股份,汽车配件,江苏,20150320,603158.SH,20190116,14.8,14.8,14.61,14.72,14.81,-0.09,-0.6077,2818.0,4146.834,0.1299,0.3909,0.25,24.5975,26.6629,3.1832,3.5595,3.2061,2.7853,2.7853,21860.0,21697.12,7208.38,321779.2,319381.6064,16.29,13.33,2.073
603158,腾龙股份,汽车配件,江苏,20150320,603158.SH,20190115,14.74,14.82,14.73,14.81,14.79,0.02,0.1352,4181.0,6180.915,0.1927,0.58,0.31,24.7479,26.8259,3.2027,3.5812,3.2257,2.7684,2.7684,21860.0,21697.12,7208.38,323746.6,321334.3472,16.27,13.31,2.073
603158,腾龙股份,汽车配件,江苏,20150320,603158.SH,20190114,14.79,14.88,14.65,14.79,14.8,-0.01,-0.0676,4939.0,7287.312,0.2276,0.6852,0.23,24.7145,26.7897,3.1984,3.5764,3.2214,2.7721,2.7721,21860.0,21697.12,7208.38,323309.4,320900.4048,16.28,13.32,2.073
603158,腾龙股份,汽车配件,江苏,20150320,603158.SH,20190111,14.52,14.86,14.35,14.8,14.51,0.29,1.9986,12702.99,18549.036,0.5855,1.7623,0.51,24.7312,26.8078,3.2005,3.5788,3.2235,2.7703,2.7703,21860.0,21697.12,7208.38,323528.0,321117.376,15.96,13.06,2.073
603158,腾龙股份,汽车配件,江苏,20150320,603158.SH,20190110,14.78,14.78,14.5,14.51,14.73,-0.22,-1.4936,14101.0,20554.846,0.6499,1.9562,0.56,24.2466,26.2825,3.1378,3.5087,3.1604,2.8256,2.8256,21860.0,21697.12,7208.38,317188.6,314825.2112,16.2,13.26,2.073
603158,腾龙股份,汽车配件,江苏,20150320,603158.SH,20190109,14.81,14.95,14.6,14.73,14.86,-0.13,-0.8748,20486.29,30209.125,0.9442,2.842,0.85,24.6142,26.681,3.1854,3.5619,3.2083,2.7834,2.7834,21860.0,21697.12,7208.38,321997.8,319598.5776,16.35,13.37,2.073
603158,腾龙股份,汽车配件,江苏,20150320,603158.SH,20190108,14.97,15.03,14.82,14.86,15.4,-0.54,-3.5065,16103.34,24018.904,0.7422,2.234,0.59,24.8315,26.9165,3.2135,3.5933,3.2366,2.7591,2.7591,21860.0,21697.12,7208.38,324839.6,322419.2032,16.94,13.86,2.073
603158,腾龙股份,汽车配件,江苏,20150320,603158.SH,20190107,15.54,15.72,14.73,15.4,15.83,-0.43,-2.7164,45672.34,69300.929,2.105,6.336,1.99,25.7338,27.8946,3.3303,3.7239,3.3542,2.6623,2.6623,21860.0,21697.12,7208.38,336644.0,334135.648,17.41,14.25,2.073
603158,腾龙股份,汽车配件,江苏,20150320,603158.SH,20190104,15.8,16.0,15.2,15.83,16.0,-0.17,-1.0625,27110.0,42179.022,1.2495,3.7609,1.08,26.4524,28.6735,3.4233,3.8279,3.4479,2.59,2.59,21860.0,21697.12,7208.38,346043.8,343465.4096,17.6,14.4,2.073
603158,腾龙股份,汽车配件,江苏,20150320,603158.SH,20190103,16.14,16.14,15.66,16.0,16.21,-0.21,-1.2955,16216.01,25746.549,0.7474,2.2496,0.54,26.7364,28.9814,3.4601,3.869,3.4849,2.5625,2.5625,21860.0,21697.12,7208.38,349760.0,347153.92,17.83,14.59,2.073
603158,腾龙股份,汽车配件,江苏,20150320,603158.SH,20190102,16.38,16.38,15.8,16.21,16.37,-0.16,-0.9774,15772.0,25235.45,0.7269,2.188,0.57,27.0874,29.3618,3.5055,3.9198,3.5306,2.5293,2.5293,21860.0,21697.12,7208.38,354350.6,351710.3152,18.01,14.73,2.073
603158,腾龙股份,汽车配件,江苏,20150320,603158.SH,20181228,15.58,16.42,15.01,16.37,15.48,0.89,5.7494,31540.65,49369.129,1.4537,4.3756,1.4,27.3547,29.6516,3.5401,3.9585,3.5655,0.9152,2.5046,21860.0,21697.12,7208.38,357848.2,355181.8544,17.03,13.93,2.073
603158,腾龙股份,汽车配件,江苏,20150320,603158.SH,20181227,15.07,15.64,14.78,15.48,15.37,0.11,0.7157,24208.34,36541.831,1.1157,3.3584,1.3,25.8675,28.0395,3.3476,3.7433,3.3716,0.9679,2.6486,21860.0,21697.12,7208.38,338392.8,335871.4176,16.91,13.83,2.073
603158,腾龙股份,汽车配件,江苏,20150320,603158.SH,20181226,13.27,15.39,13.27,15.37,14.73,0.64,4.3449,37482.52,54899.066,1.7275,5.1999,3.02,25.6837,27.8402,3.3238,3.7167,3.3477,0.9748,2.6675,21860.0,21697.12,7208.38,335988.2,333484.7344,16.2,13.26,2.073
603158,腾龙股份,汽车配件,江苏,20150320,603158.SH,20181225,16.28,16.31,14.73,14.73,16.37,-1.64,-10.0183,40917.0,60489.397,1.8858,5.6763,8.42,24.6142,26.681,3.1854,3.5619,3.2083,1.0171,2.7834,21860.0,21697.12,7208.38,321997.8,319598.5776,18.01,14.73,2.073
603158,腾龙股份,汽车配件,江苏,20150320,603158.SH,20181224,16.25,16.38,16.18,16.37,16.37,0.0,0.0,4683.0,7621.653,0.2158,0.6497,1.0,27.3547,29.6516,3.5401,3.9585,3.5655,0.9152,2.5046,21860.0,21697.12,7208.38,357848.2,355181.8544,18.01,14.73,2.073
603158,腾龙股份,汽车配件,江苏,20150320,603158.SH,20181221,16.32,16.43,16.2,16.37,16.38,-0.01,-0.0611,5220.0,8509.59,0.2406,0.7242,0.97,27.3547,29.6516,3.5401,3.9585,3.5655,0.9152,2.5046,21860.0,21697.12,7208.38,357848.2,355181.8544,18.02,14.74,2.073
603158,腾龙股份,汽车配件,江苏,20150320,603158.SH,20181220,16.34,16.39,16.18,16.38,16.34,0.04,0.2448,5152.0,8403.815,0.2375,0.7147,0.97,27.3714,29.6697,3.5422,3.9609,3.5677,0.9147,2.5031,21860.0,21697.12,7208.38,358066.8,355398.8256,17.97,14.71,2.073
603158,腾龙股份,汽车配件,江苏,20150320,603158.SH,20181219,16.22,16.39,16.11,16.34,16.3,0.04,0.2454,6149.0,9995.636,0.2834,0.853,1.18,27.3046,29.5972,3.5336,3.9512,3.559,0.9169,2.5092,21860.0,21697.12,7208.38,357192.4,354530.9408,17.93,14.67,2.073
603158,腾龙股份,汽车配件,江苏,20150320,603158.SH,20181218,16.3,16.34,16.18,16.3,16.39,-0.09,-0.5491,3091.29,5020.946,0.1425,0.4288,0.56,27.2377,29.5248,3.5249,3.9415,3.5503,0.9192,2.5153,21860.0,21697.12,7208.38,356318.0,353663.056,18.03,14.75,2.073
603158,腾龙股份,汽车配件,江苏,20150320,603158.SH,20181217,16.18,16.41,16.17,16.39,16.43,-0.04,-0.2435,3852.29,6280.769,0.1775,0.5344,0.73,27.3881,29.6878,3.5444,3.9633,3.5699,0.9141,2.5015,21860.0,21697.12,7208.38,358285.4,355615.7968,18.07,14.79,2.073
603158,腾龙股份,汽车配件,江苏,20150320,603158.SH,20181214,16.36,16.44,16.14,16.43,16.43,0.0,0.0,8743.29,14245.06,0.403,1.2129,2.01,27.455,29.7603,3.553,3.973,3.5786,0.9119,2.4954,21860.0,21697.12,7208.38,359159.8,356483.6816,18.07,14.79,2.073
603158,腾龙股份,汽车配件,江苏,20150320,603158.SH,20181213,16.44,16.45,16.15,16.43,16.49,-0.06,-0.3639,4610.32,7536.773,0.2125,0.6396,1.04,27.455,29.7603,3.553,3.973,3.5786,0.9119,2.4954,21860.0,21697.12,7208.38,359159.8,356483.6816,18.14,14.84,2.073
603158,腾龙股份,汽车配件,江苏,20150320,603158.SH,20181212,16.43,16.69,16.33,16.49,16.55,-0.06,-0.3625,5666.0,9297.035,0.2611,0.786,1.25,27.5552,29.8689,3.566,3.9875,3.5916,0.9086,2.4864,21860.0,21697.12,7208.38,360471.4,357785.5088,18.21,14.9,2.073
603158,腾龙股份,汽车配件,江苏,20150320,603158.SH,20181211,16.35,16.58,16.34,16.55,16.5,0.05,0.303,4516.0,7441.05,0.2081,0.6265,1.0,27.6555,29.9776,3.579,4.002,3.6047,0.9053,2.4773,21860.0,21697.12,7208.38,361783.0,359087.336,18.15,14.85,2.073
603158,腾龙股份,汽车配件,江苏,20150320,603158.SH,20181210,16.3,16.54,16.24,16.5,16.5,0.0,0.0,2790.0,4574.176,0.1286,0.387,0.46,27.572,29.8871,3.5682,3.9899,3.5938,0.908,2.4848,21860.0,21697.12,7208.38,360690.0,358002.48,18.15,14.85,2.073
603158,腾龙股份,汽车配件,江苏,20150320,603158.SH,20181207,16.52,16.59,16.31,16.5,16.59,-0.09,-0.5425,4201.0,6898.985,0.1936,0.5828,0.66,27.572,29.8871,3.5682,3.9899,3.5938,0.908,2.4848,21860.0,21697.12,7208.38,360690.0,358002.48,18.25,14.93,2.073
603158,腾龙股份,汽车配件,江苏,20150320,603158.SH,20181206,16.48,16.6,16.27,16.59,16.53,0.06,0.363,5042.0,8283.107,0.2324,0.6995,0.69,27.7223,30.0501,3.5876,4.0117,3.6134,0.9031,2.4714,21860.0,21697.12,7208.38,362657.4,359955.2208,18.18,14.88,2.073
603158,腾龙股份,汽车配件,江苏,20150320,603158.SH,20181205,16.6,16.62,16.15,16.53,16.65,-0.12,-0.7207,6097.0,10014.999,0.281,0.8458,0.61,27.6221,29.9414,3.5747,3.9972,3.6003,0.9064,2.4803,21860.0,21697.12,7208.38,361345.8,358653.3936,18.32,14.99,2.073
603158,腾龙股份,汽车配件,江苏,20150320,603158.SH,20181204,16.8,16.84,16.64,16.65,16.8,-0.15,-0.8929,4547.44,7598.986,0.2096,0.6309,0.29,27.8226,30.1588,3.6006,4.0262,3.6265,0.8999,2.4625,21860.0,21697.12,7208.38,363969.0,361257.048,18.48,15.12,2.073
603158,腾龙股份,汽车配件,江苏,20150320,603158.SH,20181203,16.81,16.99,16.63,16.8,16.73,0.07,0.4184,10531.0,17688.79,0.4854,1.4609,0.48,28.0733,30.4305,3.6331,4.0624,3.6592,0.8918,2.4405,21860.0,21697.12,7208.38,367248.0,364511.616,18.4,15.06,2.073
603158,腾龙股份,汽车配件,江苏,20150320,603158.SH,20181130,16.52,16.74,16.51,16.73,16.7,0.03,0.1796,5789.44,9635.649,0.2668,0.8032,0.25,27.9563,30.3037,3.6179,4.0455,3.6439,0.8956,2.4507,21860.0,21697.12,7208.38,365717.8,362992.8176,18.37,15.03,2.073
603158,腾龙股份,汽车配件,江苏,20150320,603158.SH,20181129,16.68,16.8,16.52,16.7,16.82,-0.12,-0.7134,9762.0,16302.872,0.4499,1.3543,0.45,27.9062,30.2493,3.6114,4.0383,3.6374,0.8972,2.4551,21860.0,21697.12,7208.38,365062.0,362341.904,18.5,15.14,2.073
603158,腾龙股份,汽车配件,江苏,20150320,603158.SH,20181128,16.97,17.04,16.57,16.82,16.89,-0.07,-0.4144,19161.0,32180.54,0.8831,2.6582,0.97,28.1067,30.4667,3.6374,4.0673,3.6635,0.8908,2.4376,21860.0,21697.12,7208.38,367685.2,364945.5584,18.58,15.2,2.073
603158,腾龙股份,汽车配件,江苏,20150320,603158.SH,20181127,16.75,17.19,16.5,16.89,16.87,0.02,0.1186,33603.03,56926.576,1.5487,4.6617,2.2,28.2237,30.5935,3.6525,4.0842,3.6788,0.8871,2.4275,21860.0,21697.12,7208.38,369215.4,366464.3568,18.56,15.18,2.073
603158,腾龙股份,汽车配件,江苏,20150320,603158.SH,20181126,16.41,17.2,16.0,16.87,16.35,0.52,3.1804,41095.5,68603.254,1.8941,5.7011,4.38,28.1902,30.5573,3.6482,4.0794,3.6744,0.8881,2.4303,21860.0,21697.12,7208.38,368778.2,366030.4144,17.99,14.72,2.073
603158,腾龙股份,汽车配件,江苏,20150320,603158.SH,20181123,16.33,16.36,15.51,16.35,16.46,-0.11,-0.6683,11253.0,18112.902,0.5186,1.5611,1.16,27.3213,29.6154,3.5357,3.9536,3.5611,0.9164,2.5076,21860.0,21697.12,7208.38,357411.0,354747.912,18.11,14.81,2.073
603158,腾龙股份,汽车配件,江苏,20150320,603158.SH,20181122,16.48,16.5,16.33,16.46,16.51,-0.05,-0.3028,4187.5,6869.809,0.193,0.5809,0.31,27.5051,29.8146,3.5595,3.9802,3.5851,0.9102,2.4909,21860.0,21697.12,7208.38,359815.6,357134.5952,18.16,14.86,2.073
603158,腾龙股份,汽车配件,江苏,20150320,603158.SH,20181121,16.49,16.53,16.1,16.51,16.51,0.0,0.0,8531.0,13940.821,0.3932,1.1835,0.6,27.5887,29.9052,3.5703,3.9923,3.596,0.9075,2.4833,21860.0,21697.12,7208.38,360908.6,358219.4512,18.16,14.86,2.073
603158,腾龙股份,汽车配件,江苏,20150320,603158.SH,20181120,16.36,16.6,16.35,16.51,16.53,-0.02,-0.121,11454.82,18911.155,0.5279,1.5891,0.84,27.5887,29.9052,3.5703,3.9923,3.596,0.9075,2.4833,21860.0,21697.12,7208.38,360908.6,358219.4512,18.18,14.88,2.073
603158,腾龙股份,汽车配件,江苏,20150320,603158.SH,20181119,16.44,16.55,16.3,16.53,16.5,0.03,0.1818,11493.66,18861.468,0.5297,1.5945,0.86,27.6221,29.9414,3.5747,3.9972,3.6003,0.9064,2.4803,21860.0,21697.12,7208.38,361345.8,358653.3936,18.15,14.85,2.073
603158,腾龙股份,汽车配件,江苏,20150320,603158.SH,20181116,16.59,16.67,16.36,16.5,16.77,-0.27,-1.61,12935.89,21324.309,0.5962,1.7946,1.05,27.572,29.8871,3.5682,3.9899,3.5938,0.908,2.4848,21860.0,21697.12,7208.38,360690.0,358002.48,18.45,15.09,2.073
603158,腾龙股份,汽车配件,江苏,20150320,603158.SH,20181115,16.96,17.03,16.46,16.77,17.0,-0.23,-1.3529,24061.0,40260.708,1.1089,3.3379,2.77,28.0231,30.3761,3.6266,4.0552,3.6526,0.8934,2.4448,21860.0,21697.12,7208.38,366592.2,363860.7024,18.7,15.3,2.073
603158,腾龙股份,汽车配件,江苏,20150320,603158.SH,20181114,17.22,17.22,16.8,17.0,17.22,-0.22,-1.2776,11519.13,19601.638,0.5309,1.598,1.54,28.4075,30.7927,3.6763,4.1108,3.7027,0.8813,2.4118,21860.0,21697.12,7208.38,371620.0,368851.04,18.94,15.5,2.073
603158,腾龙股份,汽车配件,江苏,20150320,603158.SH,20181113,17.19,17.34,17.15,17.22,17.36,-0.14,-0.8065,8362.02,14438.628,0.3854,1.16,1.12,28.7751,31.1912,3.7239,4.164,3.7506,0.8701,2.381,21860.0,21697.12,7208.38,376429.2,373624.4064,19.1,15.62,2.073
603158,腾龙股份,汽车配件,江苏,20150320,603158.SH,20181112,17.28,17.48,17.12,17.36,17.25,0.11,0.6377,10053.82,17346.426,0.4634,1.3947,1.08,29.009,31.4448,3.7542,4.1979,3.7811,0.8631,2.3618,21860.0,21697.12,7208.38,379489.6,376662.0032,18.98,15.53,2.073
603158,腾龙股份,汽车配件,江苏,20150320,603158.SH,20181109,17.1,17.29,17.1,17.25,17.26,-0.01,-0.0579,7646.89,13173.712,0.3524,1.0608,0.8,28.8252,31.2456,3.7304,4.1713,3.7572,0.8686,2.3768,21860.0,21697.12,7208.38,377085.0,374275.32,18.99,15.53,2.073
603158,腾龙股份,汽车配件,江苏,20150320,603158.SH,20181108,17.3,17.3,17.09,17.26,17.2,0.06,0.3488,5921.0,10176.872,0.2729,0.8214,0.56,28.8419,31.2637,3.7325,4.1737,3.7593,0.8681,2.3754,21860.0,21697.12,7208.38,377303.6,374492.2912,18.92,15.48,2.073
603158,腾龙股份,汽车配件,江苏,20150320,603158.SH,20181107,17.02,17.23,17.01,17.2,17.17,0.03,0.1747,5512.0,9444.746,0.254,0.7647,0.5,28.7417,31.155,3.7196,4.1592,3.7463,0.8711,2.3837,21860.0,21697.12,7208.38,375992.0,373190.464,18.89,15.45,2.073
603158,腾龙股份,汽车配件,江苏,20150320,603158.SH,20181106,17.3,17.33,16.96,17.17,17.28,-0.11,-0.6366,8203.0,14046.404,0.3781,1.138,0.68,28.6915,31.1007,3.7131,4.1519,3.7397,0.8726,2.3879,21860.0,21697.12,7208.38,375336.2,372539.5504,19.01,15.55,2.073
603158,腾龙股份,汽车配件,江苏,20150320,603158.SH,20181105,17.27,17.43,17.07,17.28,17.25,0.03,0.1739,19179.38,33122.969,0.884,2.6607,2.26,28.8754,31.2999,3.7369,4.1785,3.7637,0.867,2.3727,21860.0,21697.12,7208.38,377740.8,374926.2336,18.98,15.53,2.073
603158,腾龙股份,汽车配件,江苏,20150320,603158.SH,20181102,16.95,17.3,16.91,17.25,16.92,0.33,1.9504,9107.98,15613.912,0.4198,1.2635,1.2,28.8252,31.2456,3.7304,4.1713,3.7572,0.8686,2.3768,21860.0,21697.12,7208.38,377085.0,374275.32,18.61,15.23,2.073
603158,腾龙股份,汽车配件,江苏,20150320,603158.SH,20181101,17.13,17.28,16.9,16.92,17.08,-0.16,-0.9368,10984.0,18784.277,0.5062,1.5238,1.63,28.2738,30.6478,3.659,4.0915,3.6853,0.8855,2.4232,21860.0,21697.12,7208.38,369871.2,367115.2704,18.79,15.37,2.073
603158,腾龙股份,汽车配件,江苏,20150320,603158.SH,20181031,17.12,17.19,16.94,17.08,17.16,-0.08,-0.4662,7133.0,12176.442,0.3288,0.9895,1.04,28.5411,30.9376,3.6936,4.1302,3.7201,0.8772,2.4005,21860.0,21697.12,7208.38,373368.8,370586.8096,18.88,15.44,2.073
603158,腾龙股份,汽车配件,江苏,20150320,603158.SH,20181030,16.93,17.44,16.65,17.16,16.82,0.34,2.0214,13914.25,23711.544,0.6413,1.9303,2.44,28.6748,31.0825,3.7109,4.1495,3.7376,0.8731,2.3893,21860.0,21697.12,7208.38,375117.6,372322.5792,18.5,15.14,2.073
603158,腾龙股份,汽车配件,江苏,20150320,603158.SH,20181029,16.88,17.1,16.76,16.82,17.01,-0.19,-1.117,1370.0,2310.285,0.0631,0.1901,0.13,28.1067,30.6712,3.8117,4.0673,3.7494,0.8908,2.4376,21860.0,21697.12,7208.38,367685.2,364945.5584,18.71,15.31,2.073
603158,腾龙股份,汽车配件,江苏,20150320,603158.SH,20181026,17.14,17.29,16.94,17.01,17.16,-0.15,-0.8741,4680.13,8000.717,0.2157,0.6493,0.46,28.4242,31.0177,3.8547,4.1132,3.7917,0.8808,2.4103,21860.0,21697.12,7208.38,371838.6,369068.0112,18.88,15.44,2.073
603158,腾龙股份,汽车配件,江苏,20150320,603158.SH,20181025,16.73,17.17,16.37,17.16,16.98,0.18,1.0601,6535.54,11083.366,0.3012,0.9067,0.67,28.6748,31.2912,3.8887,4.1495,3.8252,0.8731,2.3893,21860.0,21697.12,7208.38,375117.6,372322.5792,18.68,15.28,2.073
603158,腾龙股份,汽车配件,江苏,20150320,603158.SH,20181024,16.75,16.99,16.35,16.98,16.84,0.14,0.8314,7955.59,13317.643,0.3667,1.1037,0.94,28.374,30.963,3.8479,4.106,3.785,0.8824,2.4146,21860.0,21697.12,7208.38,371182.8,368417.0976,18.52,15.16,2.073
603158,腾龙股份,汽车配件,江苏,20150320,603158.SH,20181023,17.1,17.13,16.57,16.84,17.15,-0.31,-1.8076,7963.59,13361.673,0.367,1.1048,1.03,28.1401,30.7077,3.8162,4.0721,3.7538,0.8897,2.4347,21860.0,21697.12,7208.38,368122.4,365379.5008,18.87,15.44,2.073
603158,腾龙股份,汽车配件,江苏,20150320,603158.SH,20181022,16.8,17.2,16.72,17.15,16.75,0.4,2.3881,23889.0,40736.543,1.101,3.458,6.83,28.6581,31.2729,3.8865,4.1471,3.8229,0.8736,2.3907,21860.0,21697.12,6908.38,374899.0,372105.608,18.43,15.08,2.073
603158,腾龙股份,汽车配件,江苏,20150320,603158.SH,20181019,16.72,16.77,16.27,16.75,16.75,0.0,0.0,4984.0,8273.846,0.2297,0.7214,1.66,27.9897,30.5435,3.7958,4.0504,3.7338,0.8945,2.4478,21860.0,21697.12,6908.38,366155.0,363426.76,18.43,15.08,2.073
603158,腾龙股份,汽车配件,江苏,20150320,603158.SH,20181018,16.94,16.95,16.71,16.75,16.94,-0.19,-1.1216,3623.91,6102.079,0.167,0.5246,1.06,27.9897,30.5435,3.7958,4.0504,3.7338,0.8945,2.4478,21860.0,21697.12,6908.38,366155.0,363426.76,18.63,15.25,2.073
603158,腾龙股份,汽车配件,江苏,20150320,603158.SH,20181017,16.9,16.97,16.8,16.94,16.94,0.0,0.0,1806.91,3052.966,0.0833,0.2616,0.47,28.3072,30.89,3.8389,4.0963,3.7761,0.8844,2.4203,21860.0,21697.12,6908.38,370308.4,367549.2128,18.63,15.25,2.073
603158,腾龙股份,汽车配件,江苏,20150320,603158.SH,20181016,16.92,17.08,16.76,16.94,16.89,0.05,0.296,4483.0,7596.474,0.2066,0.6489,1.4,28.3072,30.89,3.8389,4.0963,3.7761,0.8844,2.4203,21860.0,21697.12,6908.38,370308.4,367549.2128,18.58,15.2,2.073
603158,腾龙股份,汽车配件,江苏,20150320,603158.SH,20181015,16.7,17.0,16.7,16.89,16.71,0.18,1.0772,2587.87,4358.517,0.1193,0.3746,0.84,28.2237,30.7988,3.8275,4.0842,3.765,0.8871,2.4275,21860.0,21697.12,6908.38,369215.4,366464.3568,18.38,15.04,2.073
603158,腾龙股份,汽车配件,江苏,20150320,603158.SH,20181012,16.67,16.71,16.46,16.71,16.7,0.01,0.0599,2500.0,4143.036,0.1152,0.3619,0.82,27.9229,30.4706,3.7868,4.0407,3.7249,0.8966,2.4536,21860.0,21697.12,6908.38,365280.6,362558.8752,18.37,15.03,2.073
603158,腾龙股份,汽车配件,江苏,20150320,603158.SH,20181011,16.75,16.76,16.44,16.7,16.88,-0.18,-1.0664,5714.52,9483.189,0.2634,0.8272,2.46,27.9062,30.4524,3.7845,4.0383,3.7226,0.8972,2.4551,21860.0,21697.12,6908.38,365062.0,362341.904,18.57,15.19,2.073
603158,腾龙股份,汽车配件,江苏,20150320,603158.SH,20181010,16.94,16.94,16.7,16.88,16.92,-0.04,-0.2364,4011.0,6739.045,0.1849,0.5806,1.95,28.2069,30.7806,3.8253,4.0818,3.7628,0.8876,2.4289,21860.0,21697.12,6908.38,368996.8,366247.3856,18.61,15.23,2.073
603158,腾龙股份,汽车配件,江苏,20150320,603158.SH,20181009,16.87,16.94,16.85,16.92,16.94,-0.02,-0.1181,1230.0,2077.877,0.0567,0.178,0.59,28.2738,30.8535,3.8343,4.0915,3.7717,0.8855,2.4232,21860.0,21697.12,6908.38,369871.2,367115.2704,18.63,15.25,2.073
603158,腾龙股份,汽车配件,江苏,20150320,603158.SH,20181008,16.99,16.99,16.8,16.94,17.0,-0.06,-0.3529,2016.0,3401.495,0.0929,0.2918,0.98,28.3072,30.89,3.8389,4.0963,3.7761,0.8844,2.4203,21860.0,21697.12,6908.38,370308.4,367549.2128,18.7,15.3,2.073
603158,腾龙股份,汽车配件,江苏,20150320,603158.SH,20180928,16.96,17.0,16.83,17.0,16.96,0.04,0.2358,2336.0,3956.54,0.1077,0.3381,1.11,28.4075,30.9994,3.8525,4.1108,3.7895,0.8813,2.4118,21860.0,21697.12,6908.38,371620.0,368851.04,18.66,15.26,2.073
603158,腾龙股份,汽车配件,江苏,20150320,603158.SH,20180927,17.0,17.0,16.83,16.96,17.0,-0.04,-0.2353,2023.0,3422.942,0.0932,0.2928,0.95,28.3406,30.9265,3.8434,4.1011,3.7806,0.8834,2.4175,21860.0,21697.12,6908.38,370745.6,367983.1552,18.7,15.3,2.073
603158,腾龙股份,汽车配件,江苏,20150320,603158.SH,20180926,16.86,17.01,16.86,17.0,16.86,0.14,0.8304,2704.73,4586.942,0.1247,0.3915,1.38,28.4075,30.9994,3.8525,4.1108,3.7895,0.8813,2.4118,21860.0,21697.12,6908.38,371620.0,368851.04,18.55,15.17,2.073
603158,腾龙股份,汽车配件,江苏,20150320,603158.SH,20180925,17.02,17.16,17.02,17.09,17.04,0.05,0.2934,1426.0,2434.671,0.0657,0.2064,0.72,28.5579,31.1635,3.681,4.1326,3.8096,0.8767,1.0532,21860.0,21697.12,6908.38,373587.4,370803.7808,18.74,15.34,2.045
603158,腾龙股份,汽车配件,江苏,20150320,603158.SH,20180921,16.96,17.08,16.93,17.04,17.0,0.04,0.2353,1818.02,3093.58,0.0838,0.2632,0.89,28.4743,31.0724,3.6702,4.1205,3.7984,0.8793,1.0563,21860.0,21697.12,6908.38,372494.4,369718.9248,18.7,15.3,2.045
603158,腾龙股份,汽车配件,江苏,20150320,603158.SH,20180920,17.0,17.0,16.9,17.0,17.02,-0.02,-0.1175,2509.0,4257.407,0.1156,0.3632,1.36,28.4075,30.9994,3.6616,4.1108,3.7895,0.8813,1.0588,21860.0,21697.12,6908.38,371620.0,368851.04,18.72,15.32,2.045
603158,腾龙股份,汽车配件,江苏,20150320,603158.SH,20180919,17.01,17.02,16.88,17.02,17.02,0.0,0.0,2162.0,3665.477,0.0996,0.313,1.38,28.4409,31.0359,3.6659,4.1156,3.794,0.8803,1.0576,21860.0,21697.12,6908.38,372057.2,369284.9824,18.72,15.32,2.045
603158,腾龙股份,汽车配件,江苏,20150320,603158.SH,20180918,16.96,17.02,16.85,17.02,16.99,0.03,0.1766,1876.0,3179.535,0.0865,0.2716,1.36,28.4409,31.0359,3.6659,4.1156,3.794,0.8803,1.0576,21860.0,21697.12,6908.38,372057.2,369284.9824,18.69,15.29,2.045
603158,腾龙股份,汽车配件,江苏,20150320,603158.SH,20180917,17.03,17.2,16.92,16.99,17.08,-0.09,-0.5269,1554.0,2636.707,0.0716,0.2249,1.23,28.3908,30.9812,3.6595,4.1084,3.7873,0.8818,1.0594,21860.0,21697.12,6908.38,371401.4,368634.0688,18.79,15.37,2.045
603158,腾龙股份,汽车配件,江苏,20150320,603158.SH,20180914,17.01,17.13,16.86,17.08,17.1,-0.02,-0.117,2131.0,3634.834,0.0982,0.3085,1.96,28.5411,31.1453,3.6789,4.1302,3.8073,0.8772,1.0539,21860.0,21697.12,6908.38,373368.8,370586.8096,18.81,15.39,2.045
603158,腾龙股份,汽车配件,江苏,20150320,603158.SH,20180913,16.98,17.1,16.85,17.1,16.9,0.2,1.1834,1526.0,2587.341,0.0703,0.2209,1.44,28.5746,31.1818,3.6832,4.135,3.8118,0.8762,1.0526,21860.0,21697.12,6908.38,373806.0,371020.752,18.59,15.21,2.045
603158,腾龙股份,汽车配件,江苏,20150320,603158.SH,20180912,16.9,16.96,16.86,16.9,16.87,0.03,0.1778,736.0,1244.361,0.0339,0.1065,0.64,28.2404,30.8171,3.6401,4.0866,3.7672,0.8865,1.0651,21860.0,21697.12,6908.38,369434.0,366681.328,18.56,15.18,2.045
603158,腾龙股份,汽车配件,江苏,20150320,603158.SH,20180911,16.91,16.94,16.85,16.87,16.98,-0.11,-0.6478,953.0,1609.541,0.0439,0.1379,0.73,28.1902,30.7624,3.6336,4.0794,3.7605,0.8881,1.067,21860.0,21697.12,6908.38,368778.2,366030.4144,18.68,15.28,2.045
603158,腾龙股份,汽车配件,江苏,20150320,603158.SH,20180910,16.95,16.98,16.9,16.98,16.99,-0.01,-0.0589,981.0,1662.004,0.0452,0.142,0.68,28.374,30.963,3.6573,4.106,3.785,0.8824,1.0601,21860.0,21697.12,6908.38,371182.8,368417.0976,18.69,15.29,2.045
603158,腾龙股份,汽车配件,江苏,20150320,603158.SH,20180907,16.95,17.01,16.85,16.99,16.98,0.01,0.0589,1241.31,2100.684,0.0572,0.1797,0.79,28.3908,30.9812,3.6595,4.1084,3.7873,0.8818,1.0594,21860.0,21697.12,6908.38,371401.4,368634.0688,18.68,15.28,2.045
603158,腾龙股份,汽车配件,江苏,20150320,603158.SH,20180906,16.96,17.03,16.82,16.98,17.0,-0.02,-0.1176,1400.0,2369.177,0.0645,0.2027,0.81,28.374,30.963,3.6573,4.106,3.785,0.8824,1.0601,21860.0,21697.12,6908.38,371182.8,368417.0976,18.7,15.3,2.045
603158,腾龙股份,汽车配件,江苏,20150320,603158.SH,20180905,16.95,17.03,16.92,17.0,17.0,0.0,0.0,1193.0,2025.38,0.055,0.1727,0.59,28.4075,30.9994,3.6616,4.1108,3.7895,0.8813,1.0588,21860.0,21697.12,6908.38,371620.0,368851.04,18.7,15.3,2.045
603158,腾龙股份,汽车配件,江苏,20150320,603158.SH,20180904,16.93,17.03,16.9,17.0,16.95,0.05,0.295,1721.0,2922.115,0.0793,0.2491,0.8,28.4075,30.9994,3.6616,4.1108,3.7895,0.8813,1.0588,21860.0,21697.12,6908.38,371620.0,368851.04,18.65,15.26,2.045
603158,腾龙股份,汽车配件,江苏,20150320,603158.SH,20180903,16.97,16.98,16.85,16.95,16.91,0.04,0.2365,1656.31,2798.164,0.0763,0.2398,0.66,28.3239,30.9082,3.6509,4.0987,3.7784,0.8839,1.0619,21860.0,21697.12,6908.38,370527.0,367766.184,18.6,15.22,2.045
603158,腾龙股份,汽车配件,江苏,20150320,603158.SH,20180831,16.95,17.0,16.82,16.91,16.97,-0.06,-0.3536,1880.86,3175.377,0.0867,0.2723,0.75,28.2571,30.8353,3.6422,4.089,3.7694,0.886,1.0645,21860.0,21697.12,6908.38,369652.6,366898.2992,18.67,15.27,2.045
603158,腾龙股份,汽车配件,江苏,20150320,603158.SH,20180830,17.01,17.01,16.82,16.97,16.99,-0.02,-0.1177,2220.0,3752.098,0.1023,0.3213,0.76,28.3573,30.9447,3.6552,4.1036,3.7828,0.8829,1.0607,21860.0,21697.12,6908.38,370964.2,368200.1264,18.69,15.29,2.045
603158,腾龙股份,汽车配件,江苏,20150320,603158.SH,20180829,17.05,17.09,16.9,16.99,17.0,-0.01,-0.0588,2608.0,4426.1,0.1202,0.3775,0.98,28.3908,30.9812,3.6595,4.1084,3.7873,0.8818,1.0594,21860.0,21697.12,6908.38,371401.4,368634.0688,18.7,15.3,2.045
603158,腾龙股份,汽车配件,江苏,20150320,603158.SH,20180828,17.02,17.06,16.95,17.0,17.0,0.0,0.0,2446.0,4157.093,0.1127,0.3541,0.99,28.4075,30.9994,3.6616,4.1108,3.7895,0.8813,1.0588,21860.0,21697.12,6908.38,371620.0,368851.04,18.7,15.3,2.045
603158,腾龙股份,汽车配件,江苏,20150320,603158.SH,20180827,17.23,17.27,17.0,17.0,17.23,-0.23,-1.3349,3331.73,5693.303,0.1536,0.4823,1.59,28.4075,29.9946,3.7781,4.1108,3.958,0.8813,1.0588,21860.0,21697.12,6908.38,371620.0,368851.04,18.95,15.51,2.045
603158,腾龙股份,汽车配件,江苏,20150320,603158.SH,20180824,17.25,17.3,17.09,17.23,17.25,-0.02,-0.1159,1968.0,3391.037,0.0907,0.2849,0.87,28.7918,30.4004,3.8292,4.1664,4.0116,0.8696,1.0447,21860.0,21697.12,6908.38,376647.8,373841.3776,18.98,15.53,2.045
603158,腾龙股份,汽车配件,江苏,20150320,603158.SH,20180823,17.01,17.57,16.99,17.25,16.99,0.26,1.5303,4202.0,7232.6,0.1937,0.6082,2.33,28.8252,30.4357,3.8336,4.1713,4.0162,0.8686,1.0435,21860.0,21697.12,6908.38,377085.0,374275.32,18.69,15.29,2.045
603158,腾龙股份,汽车配件,江苏,20150320,603158.SH,20180822,17.06,17.18,16.91,16.99,17.1,-0.11,-0.6433,1420.0,2415.557,0.0654,0.2055,0.74,28.3908,29.9769,3.7758,4.1084,3.9557,0.8818,1.0594,21860.0,21697.12,6908.38,371401.4,368634.0688,18.81,15.39,2.045
603158,腾龙股份,汽车配件,江苏,20150320,603158.SH,20180821,17.2,17.22,17.09,17.1,17.21,-0.11,-0.6392,1401.0,2401.597,0.0646,0.2028,0.77,28.5746,30.171,3.8003,4.135,3.9813,0.8762,1.0526,21860.0,21697.12,6908.38,373806.0,371020.752,18.93,15.49,2.045
603158,腾龙股份,汽车配件,江苏,20150320,603158.SH,20180820,17.11,17.29,17.09,17.21,17.22,-0.01,-0.0581,1506.0,2585.803,0.0694,0.218,0.85,28.7584,30.3651,3.8247,4.1616,4.0069,0.8706,1.0459,21860.0,21697.12,6908.38,376210.6,373407.4352,18.94,15.5,2.045
603158,腾龙股份,汽车配件,江苏,20150320,603158.SH,20180817,17.18,17.46,17.12,17.22,17.12,0.1,0.5841,2807.86,4860.338,0.1294,0.4064,1.71,28.7751,30.3827,3.8269,4.164,4.0093,0.8701,1.0453,21860.0,21697.12,6908.38,376429.2,373624.4064,18.83,15.41,2.045
603158,腾龙股份,汽车配件,江苏,20150320,603158.SH,20180816,17.3,17.3,17.03,17.12,17.26,-0.14,-0.8111,1895.0,3244.668,0.0873,0.2743,1.08,28.608,30.2063,3.8047,4.1398,3.986,0.8752,1.0514,21860.0,21697.12,6908.38,374243.2,371454.6944,18.99,15.53,2.045
603158,腾龙股份,汽车配件,江苏,20150320,603158.SH,20180815,17.37,17.45,17.15,17.26,17.33,-0.07,-0.4039,2018.0,3490.646,0.093,0.2921,1.3,28.8419,30.4533,3.8358,4.1737,4.0186,0.8681,1.0429,21860.0,21697.12,6908.38,377303.6,374492.2912,19.06,15.6,2.045
603158,腾龙股份,汽车配件,江苏,20150320,603158.SH,20180814,17.38,17.44,17.28,17.33,17.38,-0.05,-0.2877,818.0,1416.727,0.0377,0.1184,0.4,28.9589,30.5768,3.8514,4.1906,4.0349,0.8645,1.0387,21860.0,21697.12,6908.38,378833.8,376011.0896,19.12,15.64,2.045
603158,腾龙股份,汽车配件,江苏,20150320,603158.SH,20180813,17.39,17.39,17.23,17.38,17.38,0.0,0.0,1329.59,2301.242,0.0613,0.1925,0.54,29.0425,30.665,3.8625,4.2027,4.0465,0.8621,1.0357,21860.0,21697.12,6908.38,379926.8,377095.9456,19.12,15.64,2.045
603158,腾龙股份,汽车配件,江苏,20150320,603158.SH,20180810,17.28,17.43,17.23,17.38,17.25,0.13,0.7536,2171.73,3773.331,0.1001,0.3144,0.9,29.0425,30.665,3.8625,4.2027,4.0465,0.8621,1.0357,21860.0,21697.12,6908.38,379926.8,377095.9456,18.98,15.53,2.045
603158,腾龙股份,汽车配件,江苏,20150320,603158.SH,20180809,17.2,17.36,17.06,17.25,17.12,0.13,0.7593,2468.7,4252.505,0.1138,0.3573,0.84,28.8252,30.4357,3.8336,4.1713,4.0162,0.8686,1.0435,21860.0,21697.12,6908.38,377085.0,374275.32,18.83,15.41,2.045
603158,腾龙股份,汽车配件,江苏,20150320,603158.SH,20180808,17.18,17.27,17.04,17.12,17.27,-0.15,-0.8686,969.0,1662.358,0.0447,0.1403,0.3,28.608,30.2063,3.8047,4.1398,3.986,0.8752,1.0514,21860.0,21697.12,6908.38,374243.2,371454.6944,19.0,15.54,2.045
603158,腾龙股份,汽车配件,江苏,20150320,603158.SH,20180807,17.1,17.29,17.0,17.27,17.09,0.18,1.0532,3338.82,5729.128,0.1539,0.4833,1.16,28.8586,30.4709,3.8381,4.1761,4.0209,0.8675,1.0423,21860.0,21697.12,6908.38,377522.2,374709.2624,18.8,15.38,2.045
603158,腾龙股份,汽车配件,江苏,20150320,603158.SH,20180806,17.07,17.1,16.85,17.09,17.06,0.03,0.1758,3363.0,5724.444,0.155,0.4868,1.17,28.5579,30.1534,3.7981,4.1326,3.979,0.8767,1.0532,21860.0,21697.12,6908.38,373587.4,370803.7808,18.77,15.35,2.045
603158,腾龙股份,汽车配件,江苏,20150320,603158.SH,20180803,17.2,17.25,17.0,17.06,17.2,-0.14,-0.814,1968.0,3357.466,0.0907,0.2849,0.6,28.5077,30.1004,3.7914,4.1253,3.972,0.8782,1.0551,21860.0,21697.12,6908.38,372931.6,370152.8672,18.92,15.48,2.045
603158,腾龙股份,汽车配件,江苏,20150320,603158.SH,20180802,17.47,17.57,17.07,17.2,17.46,-0.26,-1.4891,5062.86,8722.555,0.2333,0.7329,1.58,28.7417,30.3474,3.8225,4.1592,4.0046,0.8711,1.0465,21860.0,21697.12,6908.38,375992.0,373190.464,19.21,15.71,2.045
603158,腾龙股份,汽车配件,江苏,20150320,603158.SH,20180801,17.68,17.68,17.4,17.46,17.66,-0.2,-1.1325,2176.0,3813.725,0.1003,0.315,0.44,29.1761,30.8062,3.8803,4.222,4.0651,0.8581,1.0309,21860.0,21697.12,6908.38,381675.6,378831.7152,19.43,15.89,2.045
603158,腾龙股份,汽车配件,江苏,20150320,603158.SH,20180731,17.55,17.7,17.46,17.66,17.56,0.1,0.5695,1818.12,3196.078,0.0838,0.2632,0.36,29.5103,31.1591,3.9247,4.2704,4.1117,0.8484,1.0193,21860.0,21697.12,6908.38,386047.6,383171.1392,19.32,15.8,2.045
603158,腾龙股份,汽车配件,江苏,20150320,603158.SH,20180730,17.5,17.85,17.45,17.56,17.55,0.01,0.057,3342.0,5883.04,0.154,0.4838,0.68,29.3432,30.9826,3.9025,4.2462,4.0884,0.8532,1.0251,21860.0,21697.12,6908.38,383861.6,381001.4272,19.31,15.8,2.045
603158,腾龙股份,汽车配件,江苏,20150320,603158.SH,20180727,17.51,17.6,17.35,17.55,17.52,0.03,0.1712,4023.0,7037.159,0.1854,0.5823,0.84,29.3265,30.965,3.9003,4.2438,4.0861,0.8537,1.0256,21860.0,21697.12,6908.38,383643.0,380784.456,19.27,15.77,2.045
603158,腾龙股份,汽车配件,江苏,20150320,603158.SH,20180726,17.5,17.56,17.2,17.52,17.49,0.03,0.1715,4623.0,8072.896,0.2131,0.6692,0.99,29.2764,30.912,3.8936,4.2366,4.0791,0.8552,1.0274,21860.0,21697.12,6908.38,382987.2,380133.5424,19.24,15.74,2.045
603158,腾龙股份,汽车配件,江苏,20150320,603158.SH,20180725,16.96,18.0,16.96,17.49,16.93,0.56,3.3077,11066.73,19265.087,0.5101,1.6019,3.04,29.2263,30.8591,3.887,4.2293,4.0721,0.8566,1.0292,21860.0,21697.12,6908.38,382331.4,379482.6288,18.62,15.24,2.045
603158,腾龙股份,汽车配件,江苏,20150320,603158.SH,20180724,16.88,17.02,16.88,16.93,16.88,0.05,0.2962,2303.0,3906.281,0.1061,0.3334,0.58,28.2905,29.8711,3.7625,4.0939,3.9417,0.885,1.0632,21860.0,21697.12,6908.38,370089.8,367332.2416,18.57,15.19,2.045
603158,腾龙股份,汽车配件,江苏,20150320,603158.SH,20180723,16.93,16.95,16.84,16.88,16.93,-0.05,-0.2953,2733.0,4613.965,0.126,0.3956,0.54,28.2069,29.7828,3.7514,4.0818,3.9301,0.8876,1.0664,21860.0,21697.12,6908.38,368996.8,366247.3856,18.62,15.24,2.045
603158,腾龙股份,汽车配件,江苏,20150320,603158.SH,20180720,17.0,17.0,16.75,16.93,16.88,0.05,0.2962,3303.0,5570.226,0.1522,0.4781,0.54,28.2905,29.8711,3.7625,4.0939,3.9417,0.885,1.0632,21860.0,21697.12,6908.38,370089.8,367332.2416,18.57,15.19,2.045
603158,腾龙股份,汽车配件,江苏,20150320,603158.SH,20180719,16.99,16.99,16.75,16.88,16.87,0.01,0.06,4039.0,6822.315,0.1862,0.6217,0.49,28.2069,29.7828,3.7514,4.0818,3.9301,0.8876,1.0664,21860.0,21697.12,6497.12,368996.8,366247.3856,18.56,15.18,2.045
603158,腾龙股份,汽车配件,江苏,20150320,603158.SH,20180718,16.99,16.99,16.85,16.87,16.93,-0.06,-0.35,5799.0,9811.47,0.2673,0.8925,0.68,28.1902,29.7652,3.7492,4.0794,3.9278,0.8881,1.067,21860.0,21697.12,6497.12,368778.2,366030.4144,18.62,15.24,2.045
603158,腾龙股份,汽车配件,江苏,20150320,603158.SH,20180717,16.97,17.16,16.9,16.93,16.96,-0.03,-0.18,3832.0,6488.382,0.1766,0.5898,0.46,28.2905,29.8711,3.7625,4.0939,3.9417,0.885,1.0632,21860.0,21697.12,6497.12,370089.8,367332.2416,18.66,15.26,2.045
603158,腾龙股份,汽车配件,江苏,20150320,603158.SH,20180716,17.0,17.08,16.82,16.96,17.0,-0.04,-0.24,8219.82,13937.907,0.3788,1.2651,1.14,28.3406,29.924,3.7692,4.1011,3.9487,0.8834,1.0613,21860.0,21697.12,6497.12,370745.6,367983.1552,18.7,15.3,2.045
603158,腾龙股份,汽车配件,江苏,20150320,603158.SH,20180713,17.15,17.17,16.96,17.0,17.15,-0.15,-0.87,8671.0,14785.396,0.3996,1.3346,1.42,28.4075,29.9946,3.7781,4.1108,3.958,0.8813,1.0588,21860.0,21697.12,6497.12,371620.0,368851.04,18.87,15.44,2.045
603158,腾龙股份,汽车配件,江苏,20150320,603158.SH,20180712,17.01,17.25,17.01,17.15,17.01,0.14,0.82,15007.0,25642.137,0.6917,2.3098,4.01,28.6581,30.2592,3.8114,4.1471,3.993,0.8736,1.0496,21860.0,21697.12,6497.12,374899.0,372105.608,18.71,15.31,2.045
603158,腾龙股份,汽车配件,江苏,20150320,603158.SH,20180711,17.0,17.06,16.9,17.01,17.0,0.01,0.06,7134.13,12115.856,0.3288,1.098,2.23,28.4242,30.0122,3.7803,4.1132,3.9604,0.8808,1.0582,21860.0,21697.12,6497.12,371838.6,369068.0112,18.7,15.3,2.045
603158,腾龙股份,汽车配件,江苏,20150320,603158.SH,20180710,17.05,17.1,16.85,17.0,17.05,-0.05,-0.29,2200.66,3728.818,0.1014,0.3387,0.64,28.4075,29.9946,3.7781,4.1108,3.958,0.8813,1.0588,21860.0,21697.12,6497.12,371620.0,368851.04,18.76,15.35,2.045
603158,腾龙股份,汽车配件,江苏,20150320,603158.SH,20180709,17.14,17.15,16.97,17.05,16.98,0.07,0.41,3109.0,5295.302,0.1433,0.4785,0.72,28.491,30.0828,3.7892,4.1229,3.9697,0.8787,1.0557,21860.0,21697.12,6497.12,372713.0,369935.896,18.68,15.28,2.045
603158,腾龙股份,汽车配件,江苏,20150320,603158.SH,20180706,17.0,17.06,16.81,16.98,16.95,0.03,0.18,3168.0,5359.981,0.146,0.4876,0.66,28.374,29.9593,3.7736,4.106,3.9534,0.8824,1.0601,21860.0,21697.12,6497.12,371182.8,368417.0976,18.65,15.26,2.045
603158,腾龙股份,汽车配件,江苏,20150320,603158.SH,20180705,17.13,17.29,16.91,16.95,17.16,-0.21,-1.22,3119.0,5298.54,0.1438,0.4801,0.56,28.3239,29.9063,3.7669,4.0987,3.9464,0.8839,1.0619,21860.0,21697.12,6497.12,370527.0,367766.184,18.88,15.44,2.045
603158,腾龙股份,汽车配件,江苏,20150320,603158.SH,20180704,17.12,17.37,17.07,17.16,17.12,0.04,0.23,4368.0,7481.499,0.2013,0.6723,0.55,28.6748,30.2769,3.8136,4.1495,3.9953,0.8731,1.049,21860.0,21697.12,6497.12,375117.6,372322.5792,18.83,15.41,2.045
603158,腾龙股份,汽车配件,江苏,20150320,603158.SH,20180703,17.15,17.19,16.88,17.12,17.09,0.03,0.18,3455.0,5899.355,0.1592,0.5318,0.32,28.608,30.2063,3.8047,4.1398,3.986,0.8752,1.0514,21860.0,21697.12,6497.12,374243.2,371454.6944,18.8,15.38,2.045
603158,腾龙股份,汽车配件,江苏,20150320,603158.SH,20180702,17.03,17.3,16.81,17.09,17.06,0.03,0.18,7583.5,12873.929,0.3495,1.1672,0.72,28.5579,30.1534,3.7981,4.1326,3.979,0.8767,1.0532,21860.0,21697.12,6497.12,373587.4,370803.7808,18.77,15.35,2.045
603158,腾龙股份,汽车配件,江苏,20150320,603158.SH,20180629,16.9,17.17,16.88,17.06,17.03,0.03,0.18,5313.57,9041.679,0.2467,0.8389,0.52,28.5077,30.1004,3.7914,4.1253,3.972,0.8782,1.0551,21860.0,21534.24,6334.24,372931.6,367374.1344,18.73,15.33,2.045
603158,腾龙股份,汽车配件,江苏,20150320,603158.SH,20180628,17.57,17.86,17.0,17.03,17.88,-0.85,-4.75,7287.57,12549.848,0.3384,1.1505,0.79,28.4576,30.0475,3.7847,4.1181,3.965,0.8798,1.057,21860.0,21534.24,6334.24,372275.8,366728.1072,19.67,16.09,2.045
603158,腾龙股份,汽车配件,江苏,20150320,603158.SH,20180627,17.7,18.31,17.56,17.88,18.75,-0.87,-4.64,16330.39,29208.292,0.7583,2.5781,2.29,29.878,31.5472,3.9736,4.3236,4.1629,0.838,1.0067,21860.0,21534.24,6334.24,390856.8,385032.2112,20.63,16.88,2.045
603158,腾龙股份,汽车配件,江苏,20150320,603158.SH,20180626,16.38,18.81,15.99,18.75,17.1,1.65,9.65,17910.55,32654.875,0.8317,2.8276,3.68,31.3318,33.0822,4.167,4.534,4.3655,0.7991,0.96,21860.0,21534.24,6334.24,409875.0,403767.0,18.81,15.39,2.045
603158,腾龙股份,汽车配件,江苏,20150320,603158.SH,20180625,17.0,17.5,16.99,17.1,16.93,0.17,1.0,6096.0,10392.344,0.2831,0.9624,1.57,28.5746,30.171,3.8003,4.135,3.9813,0.8762,1.0526,21860.0,21534.24,6334.24,373806.0,368235.504,18.62,15.24,2.045
603158,腾龙股份,汽车配件,江苏,20150320,603158.SH,20180622,17.0,17.2,16.86,16.93,16.94,-0.01,-0.06,3224.0,5460.343,0.1497,0.509,0.91,28.2905,29.8711,3.7625,4.0939,3.9417,0.885,1.0632,21860.0,21534.24,6334.24,370089.8,364574.6832,18.63,15.25,2.045
603158,腾龙股份,汽车配件,江苏,20150320,603158.SH,20180621,17.13,17.15,16.91,16.94,17.02,-0.08,-0.47,2768.0,4708.948,0.1285,0.437,0.67,28.3072,29.8887,3.7647,4.0963,3.9441,0.8844,1.0626,21860.0,21534.24,6334.24,370308.4,364790.0256,18.72,15.32,2.045
603158,腾龙股份,汽车配件,江苏,20150320,603158.SH,20180620,16.82,17.16,16.8,17.02,16.82,0.2,1.19,5600.26,9537.435,0.2601,0.8841,1.63,28.4409,30.0299,3.7825,4.1156,3.9627,0.8803,1.0576,21860.0,21534.24,6334.24,372057.2,366512.7648,18.5,15.14,2.045
603158,腾龙股份,汽车配件,江苏,20150320,603158.SH,20180619,17.26,17.33,16.69,17.0,17.26,-0.26,-1.51,6652.0,11321.101,0.3089,1.0502,2.86,28.4075,29.9946,3.6327,4.1108,3.958,0.8813,,21860.0,21534.24,6334.24,371620.0,366082.08,18.99,15.53,2.024
603158,腾龙股份,汽车配件,江苏,20150320,603158.SH,20180615,17.28,17.44,17.15,17.26,17.28,-0.02,-0.12,1231.0,2124.337,0.0572,0.1943,0.53,28.8419,30.4533,3.6883,4.1737,4.0186,0.8681,,21860.0,21534.24,6334.24,377303.6,371680.9824,19.01,15.55,2.024
603158,腾龙股份,汽车配件,江苏,20150320,603158.SH,20180614,17.43,17.5,17.2,17.28,17.43,-0.15,-0.86,1367.0,2368.876,0.0635,0.2158,0.61,28.8754,30.4886,3.6926,4.1785,4.0232,0.867,,21860.0,21534.24,6334.24,377740.8,372111.6672,19.17,15.69,2.024
603158,腾龙股份,汽车配件,江苏,20150320,603158.SH,20180613,17.38,17.44,17.11,17.43,17.39,0.04,0.23,5745.0,9933.065,0.2668,0.907,3.86,29.126,30.7533,3.7246,4.2148,4.0582,0.8596,,21860.0,21534.24,6334.24,381019.8,375341.8032,19.13,15.65,2.024
603158,腾龙股份,汽车配件,江苏,20150320,603158.SH,20180612,17.38,17.42,17.0,17.39,17.33,0.06,0.35,2154.0,3717.706,0.1,0.3401,1.67,29.0592,30.6827,3.7161,4.2051,4.0488,0.8616,,21860.0,21534.24,6334.24,380145.4,374480.4336,19.06,15.6,2.024
603158,腾龙股份,汽车配件,江苏,20150320,603158.SH,20180611,17.52,17.54,17.31,17.33,17.48,-0.15,-0.86,1149.0,2001.479,0.0534,0.1814,0.73,28.9589,30.5768,3.7033,4.1906,4.0349,0.8645,,21860.0,21534.24,6334.24,378833.8,373188.3792,19.23,15.73,2.024
603158,腾龙股份,汽车配件,江苏,20150320,603158.SH,20180608,17.63,17.63,17.32,17.48,17.54,-0.06,-0.34,1292.0,2248.333,0.06,0.204,0.59,29.2096,30.8415,3.7353,4.2269,4.0698,0.8571,,21860.0,21534.24,6334.24,382112.8,376418.5152,19.29,15.79,2.024
603158,腾龙股份,汽车配件,江苏,20150320,603158.SH,20180607,17.7,17.75,17.54,17.54,17.67,-0.13,-0.74,793.0,1398.408,0.0368,0.1252,0.27,29.3098,30.9473,3.7481,4.2414,4.0838,0.8542,,21860.0,21534.24,6334.24,383424.4,377710.5696,19.44,15.9,2.024
603158,腾龙股份,汽车配件,江苏,20150320,603158.SH,20180606,17.6,17.77,17.45,17.67,17.62,0.05,0.28,2053.0,3621.127,0.0953,0.3241,0.66,29.5271,31.1767,3.7759,4.2728,4.114,0.8479,,21860.0,21534.24,6334.24,386266.2,380510.0208,19.38,15.86,2.024
603158,腾龙股份,汽车配件,江苏,20150320,603158.SH,20180605,17.53,17.68,17.5,17.62,17.53,0.09,0.51,1168.0,2055.759,0.0542,0.1844,0.33,29.4435,31.0885,3.7652,4.2607,4.1024,0.8503,,21860.0,21534.24,6334.24,385173.2,379433.3088,19.28,15.78,2.024
603158,腾龙股份,汽车配件,江苏,20150320,603158.SH,20180604,17.5,17.57,17.45,17.53,17.51,0.02,0.11,2599.31,4549.169,0.1207,0.4104,0.74,29.3005,30.9375,3.7446,4.24,4.0825,0.8545,,21865.5,21534.24,6334.24,383302.215,377495.2272,19.26,15.76,2.024
603158,腾龙股份,汽车配件,江苏,20150320,603158.SH,20180601,17.2,17.58,17.2,17.51,17.46,0.05,0.29,4317.68,7559.511,0.2005,0.6816,1.31,29.2671,30.9022,3.7403,4.2352,4.0778,0.8554,,21865.5,21534.24,6334.24,382864.905,377064.5424,19.21,15.71,2.024
603158,腾龙股份,汽车配件,江苏,20150320,603158.SH,20180531,17.47,17.7,17.39,17.46,17.43,0.03,0.17,4600.0,8053.691,0.2136,0.7262,1.51,29.1835,30.8139,3.7296,4.2231,4.0662,0.8579,,21865.5,21534.24,6334.24,381771.63,375987.8304,19.17,15.69,2.024
603158,腾龙股份,汽车配件,江苏,20150320,603158.SH,20180530,17.7,17.76,17.17,17.43,17.82,-0.39,-2.19,2886.0,5044.503,0.134,0.4556,0.95,29.1333,30.761,3.7232,4.2158,4.0592,0.8594,,21865.5,21534.24,6334.24,381115.665,375341.8032,19.6,16.04,2.024
603158,腾龙股份,汽车配件,江苏,20150320,603158.SH,20180529,17.54,17.88,17.54,17.82,17.73,0.09,0.51,3043.0,5415.256,0.1413,0.4804,1.02,29.7852,31.4493,3.8065,4.3102,4.15,0.8406,,21865.5,21534.24,6334.24,389643.21,383740.1568,19.5,15.96,2.024
603158,腾龙股份,汽车配件,江苏,20150320,603158.SH,20180528,18.13,18.18,17.55,17.73,18.13,-0.4,-2.21,2682.0,4785.971,0.1245,0.4234,0.88,29.6348,31.2904,3.7873,4.2884,4.129,0.8448,,21865.5,21534.24,6334.24,387675.315,381802.0752,19.94,16.32,2.024
603158,腾龙股份,汽车配件,江苏,20150320,603158.SH,20180525,18.18,18.28,17.8,18.13,18.24,-0.11,-0.6,3216.0,5814.062,0.1493,0.5077,1.11,30.3033,31.9964,3.8727,4.3852,4.2222,0.8262,,21865.5,21534.24,6334.24,396421.515,390415.7712,20.06,16.42,2.024
603158,腾龙股份,汽车配件,江苏,20150320,603158.SH,20180524,18.3,18.42,18.2,18.24,18.29,-0.05,-0.27,3419.0,6268.349,0.1588,0.5398,0.86,30.4872,32.1905,3.8962,4.4118,4.2478,0.8212,,21865.5,21534.24,6334.24,398826.72,392784.5376,20.12,16.46,2.024
603158,腾龙股份,汽车配件,江苏,20150320,603158.SH,20180523,18.35,18.45,18.15,18.29,18.34,-0.05,-0.27,2883.0,5276.588,0.1339,0.4551,0.71,30.5708,32.2787,3.9069,4.4239,4.2595,0.819,,21865.5,21534.24,6334.24,399919.995,393861.2496,20.17,16.51,2.024
603158,腾龙股份,汽车配件,江苏,20150320,603158.SH,20180522,18.6,18.65,18.24,18.34,18.57,-0.23,-1.24,2738.0,5031.725,0.1271,0.4323,0.62,30.6544,32.367,3.9176,4.436,4.2711,0.8167,,21865.5,21534.24,6334.24,401013.27,394937.9616,20.43,16.71,2.024
603158,腾龙股份,汽车配件,江苏,20150320,603158.SH,20180521,18.78,18.78,18.45,18.57,18.54,0.03,0.16,2911.0,5394.591,0.1352,0.4596,0.63,31.0388,32.7729,3.9667,4.4916,4.3247,0.8066,,21865.5,21534.24,6334.24,406042.335,399890.8368,20.39,16.69,2.024
603158,腾龙股份,汽车配件,江苏,20150320,603158.SH,20180518,18.65,18.65,18.4,18.54,18.54,0.0,0.0,2506.0,4635.853,0.1164,0.3956,0.49,30.9886,32.7199,3.9603,4.4843,4.3177,0.8079,,21865.5,21534.24,6334.24,405386.37,399244.8096,20.39,16.69,2.024
603158,腾龙股份,汽车配件,江苏,20150320,603158.SH,20180517,18.45,18.65,18.44,18.54,18.43,0.11,0.6,8802.0,16305.593,0.4087,1.3896,1.92,30.9886,32.7199,3.9603,4.4843,4.3177,0.8079,,21865.5,21534.24,6334.24,405386.37,399244.8096,20.27,16.59,2.024
603158,腾龙股份,汽车配件,江苏,20150320,603158.SH,20180516,18.48,18.63,18.39,18.43,18.48,-0.05,-0.27,3361.0,6206.272,0.1561,0.5306,0.72,30.8048,32.5258,3.9368,4.4577,4.2921,0.8127,,21865.5,21534.24,6334.24,402981.165,396876.0432,20.33,16.63,2.024
603158,腾龙股份,汽车配件,江苏,20150320,603158.SH,20180515,18.37,18.78,18.37,18.48,18.36,0.12,0.65,4334.0,8038.175,0.2013,0.6842,0.82,30.8884,32.6141,3.9475,4.4698,4.3037,0.8105,,21865.5,21534.24,6334.24,404074.44,397952.7552,20.2,16.52,2.024
603158,腾龙股份,汽车配件,江苏,20150320,603158.SH,20180514,18.58,18.68,18.35,18.36,18.54,-0.18,-0.97,4243.0,7838.384,0.197,0.6699,0.8,30.6878,32.4023,3.9219,4.4408,4.2758,0.8158,,21865.5,21534.24,6334.24,401450.58,395368.6464,20.39,16.69,2.024
603158,腾龙股份,汽车配件,江苏,20150320,603158.SH,20180511,18.43,18.6,18.4,18.54,18.42,0.12,0.65,4805.21,8891.432,0.2231,0.7586,0.84,30.9886,32.7199,3.9603,4.4843,4.3177,0.8079,,21865.5,21534.24,6334.24,405386.37,399244.8096,20.26,16.58,2.024
603158,腾龙股份,汽车配件,江苏,20150320,603158.SH,20180510,18.19,18.88,18.1,18.42,18.18,0.24,1.32,6174.98,11378.803,0.2868,0.9749,1.15,30.7881,32.5082,3.9347,4.4553,4.2897,0.8132,,21865.5,21534.24,6334.24,402762.51,396660.7008,20.0,16.36,2.024
603158,腾龙股份,汽车配件,江苏,20150320,603158.SH,20180509,18.13,18.23,18.09,18.18,18.12,0.06,0.33,3798.0,6895.613,0.1764,0.5996,0.66,30.3869,32.0846,3.8834,4.3973,4.2338,0.8239,,21865.5,21534.24,6334.24,397514.79,391492.4832,19.93,16.31,2.024
603158,腾龙股份,汽车配件,江苏,20150320,603158.SH,20180508,18.13,18.26,18.09,18.12,18.12,0.0,0.0,7303.0,13256.832,0.3391,1.1529,1.18,30.2866,31.9787,3.8706,4.3827,4.2199,0.8266,,21865.5,21534.24,6334.24,396202.86,390200.4288,19.93,16.31,2.024
603158,腾龙股份,汽车配件,江苏,20150320,603158.SH,20180507,18.18,18.18,17.95,18.12,18.0,0.12,0.67,4419.2,7983.151,0.2052,0.6977,0.53,30.2866,31.9787,3.8706,4.3827,4.2199,0.8266,,21865.5,21534.24,6334.24,396202.86,390200.4288,19.8,16.2,2.024
603158,腾龙股份,汽车配件,江苏,20150320,603158.SH,20180504,17.95,18.3,17.9,18.0,17.95,0.05,0.28,6804.0,12292.788,0.316,1.0742,0.88,30.0861,31.7669,3.845,4.3537,4.1919,0.8322,,21865.5,21534.24,6334.24,393579.0,387616.32,19.75,16.16,2.024
603158,腾龙股份,汽车配件,江苏,20150320,603158.SH,20180503,17.96,18.14,17.75,17.95,17.72,0.23,1.3,4547.0,8170.204,0.2112,0.7178,0.61,30.0025,31.6787,3.8343,4.3416,4.1803,0.8345,0.8345,21865.5,21534.24,6334.24,392485.725,386539.608,19.49,15.95,2.024
603158,腾龙股份,汽车配件,江苏,20150320,603158.SH,20180502,17.87,18.27,17.7,17.72,18.07,-0.35,-1.94,5523.0,9962.063,0.2565,0.8719,0.84,29.6181,31.2728,3.7852,4.286,4.1267,0.8453,0.8453,21865.5,21534.24,6334.24,387456.66,381586.7328,19.88,16.26,2.024
603158,腾龙股份,汽车配件,江苏,20150320,603158.SH,20180427,18.18,18.24,17.77,18.07,18.17,-0.1,-0.55,9553.94,17157.137,0.4437,1.5083,1.95,30.2031,31.8905,3.8599,4.3706,4.2082,0.8289,0.8289,21865.5,21534.24,6334.24,395109.585,389123.7168,19.99,16.35,2.024
603158,腾龙股份,汽车配件,江苏,20150320,603158.SH,20180426,17.45,18.85,17.38,18.17,17.3,0.87,5.03,15150.94,27156.358,0.7036,2.3919,6.02,33.5689,30.4093,4.1601,5.128,4.519,0.8244,0.8244,21865.5,21534.24,6334.24,397296.135,391277.1408,19.03,15.57,2.024
603158,腾龙股份,汽车配件,江苏,20150320,603158.SH,20180425,17.26,17.43,17.25,17.3,17.25,0.05,0.29,3811.6,6612.917,0.177,0.6017,1.8,31.9615,28.9533,3.961,4.8825,4.3026,0.8658,0.8658,21865.5,21534.24,6334.24,378273.15,372542.352,18.98,15.53,2.024
603158,腾龙股份,汽车配件,江苏,20150320,603158.SH,20180424,17.2,17.28,17.17,17.25,17.14,0.11,0.64,2996.6,5164.472,0.1392,0.4731,1.57,31.8692,28.8696,3.9495,4.8684,4.2902,0.8683,0.8683,21865.5,21534.24,6334.24,377179.875,371465.64,18.85,15.43,2.024
603158,腾龙股份,汽车配件,江苏,20150320,603158.SH,20180423,17.25,17.28,17.12,17.14,17.23,-0.09,-0.52,1354.0,2326.863,0.0629,0.2138,0.42,31.666,28.6855,3.9243,4.8373,4.2628,0.8739,0.8739,21865.5,21534.24,6334.24,374774.67,369096.8736,18.95,15.51,2.024
603158,腾龙股份,汽车配件,江苏,20150320,603158.SH,20180420,17.36,17.36,17.22,17.23,17.29,-0.06,-0.35,1196.6,2065.951,0.0556,0.1889,0.34,31.8322,28.8361,3.9449,4.8627,4.2852,0.8693,0.8693,21865.5,21534.24,6334.24,376742.565,371034.9552,19.02,15.56,2.024
603158,腾龙股份,汽车配件,江苏,20150320,603158.SH,20180419,17.13,17.39,17.13,17.29,17.22,0.07,0.41,3222.94,5576.072,0.1497,0.5088,0.93,31.9431,28.9365,3.9587,4.8796,4.3002,0.8663,0.8663,21865.5,21534.24,6334.24,378054.495,372327.0096,18.94,15.5,2.024
603158,腾龙股份,汽车配件,江苏,20150320,603158.SH,20180418,17.31,17.4,17.21,17.22,17.22,0.0,0.0,1832.0,3167.227,0.0851,0.2892,0.49,31.8137,28.8194,3.9426,4.8599,4.2827,0.8698,0.8698,21865.5,21534.24,6334.24,376523.91,370819.6128,18.94,15.5,2.024
603158,腾龙股份,汽车配件,江苏,20150320,603158.SH,20180417,17.2,17.37,17.18,17.22,17.29,-0.07,-0.4,1957.74,3374.913,0.0909,0.3091,0.47,31.8137,28.8194,3.9426,4.8599,4.2827,0.8698,0.8698,21865.5,21534.24,6334.24,376523.91,370819.6128,19.02,15.56,2.024
603158,腾龙股份,汽车配件,江苏,20150320,603158.SH,20180416,17.49,17.55,17.28,17.29,17.51,-0.22,-1.26,7895.45,13738.931,0.3666,1.2465,2.59,31.9431,28.9365,3.9587,4.8796,4.3002,0.8663,0.8663,21865.5,21534.24,6334.24,378054.495,372327.0096,19.26,15.76,2.024
603158,腾龙股份,汽车配件,江苏,20150320,603158.SH,20180413,17.44,17.61,17.44,17.51,17.44,0.07,0.4,2621.0,4600.136,0.1217,0.4138,0.84,32.3495,29.3047,4.009,4.9417,4.3549,0.8554,0.8554,21865.5,21534.24,6334.24,382864.905,377064.5424,19.18,15.7,2.024
603158,腾龙股份,汽车配件,江苏,20150320,603158.SH,20180412,17.4,17.54,17.39,17.44,17.56,-0.12,-0.68,2941.19,5128.569,0.1366,0.4643,0.96,32.2202,29.1876,3.993,4.922,4.3375,0.8589,0.8589,21865.5,21534.24,6334.24,381334.32,375557.1456,19.32,15.8,2.024
603158,腾龙股份,汽车配件,江苏,20150320,603158.SH,20180411,17.57,17.65,17.4,17.56,17.57,-0.01,-0.06,3273.0,5736.149,0.152,0.5167,0.97,32.4419,29.3884,4.0205,4.9558,4.3673,0.853,0.853,21865.5,21534.24,6334.24,383958.18,378141.2544,19.33,15.81,2.024
603158,腾龙股份,汽车配件,江苏,20150320,603158.SH,20180410,17.35,17.66,17.28,17.57,17.35,0.22,1.27,4237.0,7416.753,0.1968,0.6689,1.37,32.4604,29.4052,4.0228,4.9587,4.3698,0.8525,0.8525,21865.5,21534.24,6334.24,384176.835,378356.5968,19.09,15.62,2.024
603158,腾龙股份,汽车配件,江苏,20150320,603158.SH,20180409,17.53,17.58,17.2,17.35,17.51,-0.16,-0.91,2193.0,3809.618,0.1018,0.3462,0.67,32.0539,29.037,3.9724,4.8966,4.3151,0.8633,0.8633,21865.5,21534.24,6334.24,379366.425,373619.064,19.26,15.76,2.024
603158,腾龙股份,汽车配件,江苏,20150320,603158.SH,20180404,17.66,17.66,17.4,17.51,17.52,-0.01,-0.06,3040.68,5322.272,0.1412,0.48,0.98,32.3495,29.3047,4.009,4.9417,4.3549,0.8554,0.8554,21865.5,21534.24,6334.24,382864.905,377064.5424,19.27,15.77,2.024
603158,腾龙股份,汽车配件,江苏,20150320,603158.SH,20180403,17.59,17.67,17.45,17.52,17.69,-0.17,-0.96,2626.94,4601.647,0.122,0.4147,0.79,32.368,29.3215,4.0113,4.9446,4.3574,0.855,0.855,21865.5,21534.24,6334.24,383083.56,377279.8848,19.46,15.92,2.024
603158,腾龙股份,汽车配件,江苏,20150320,603158.SH,20180402,17.76,17.9,17.67,17.69,17.76,-0.07,-0.39,4750.84,8429.834,0.2206,0.75,1.69,32.6821,29.606,4.0502,4.9925,4.3996,0.8467,0.8467,21865.5,21534.24,6334.24,386800.695,380940.7056,19.54,15.98,2.024
603158,腾龙股份,汽车配件,江苏,20150320,603158.SH,20180330,17.66,17.88,17.56,17.76,17.66,0.1,0.57,2860.84,5079.111,0.1329,0.4516,0.73,32.8114,29.7231,4.0663,5.0123,4.417,0.8434,0.8434,21865.5,21534.24,6334.24,388331.28,382448.1024,19.43,15.89,2.024
603158,腾龙股份,汽车配件,江苏,20150320,603158.SH,20180329,17.6,17.68,17.51,17.66,17.57,0.09,0.51,3011.0,5287.53,0.1398,0.4754,0.71,32.6266,29.5558,4.0434,4.9841,4.3922,0.8482,0.8482,21865.5,21534.24,6334.24,386144.73,380294.6784,19.33,15.81,2.024
603158,腾龙股份,汽车配件,江苏,20150320,603158.SH,20180328,17.77,17.77,17.53,17.57,17.77,-0.2,-1.13,2212.0,3897.617,0.1027,0.3492,0.45,32.4604,29.4052,4.0228,4.9587,4.3698,0.8525,0.8525,21865.5,21534.24,6334.24,384176.835,378356.5968,19.55,15.99,2.024
603158,腾龙股份,汽车配件,江苏,20150320,603158.SH,20180327,17.8,17.94,17.7,17.77,17.71,0.06,0.34,3765.0,6703.934,0.1748,0.5944,0.69,32.8299,29.7399,4.0686,5.0151,4.4195,0.8429,0.8429,21865.5,21534.24,6334.24,388549.935,382663.4448,19.48,15.94,2.024
603158,腾龙股份,汽车配件,江苏,20150320,603158.SH,20180326,17.71,17.72,17.5,17.71,17.72,-0.01,-0.06,2178.0,3831.886,0.1011,0.3438,0.39,32.719,29.6395,4.0548,4.9982,4.4046,0.8458,0.8458,21865.5,21534.24,6334.24,387238.005,381371.3904,19.49,15.95,2.024
603158,腾龙股份,汽车配件,江苏,20150320,603158.SH,20180323,17.83,17.83,17.56,17.72,17.96,-0.24,-1.34,8507.0,15045.403,0.395,1.343,1.95,32.7375,29.6562,4.0571,5.001,4.4071,0.8453,0.8453,21865.5,21534.24,6334.24,387456.66,381586.7328,19.76,16.16,2.024
603158,腾龙股份,汽车配件,江苏,20150320,603158.SH,20180322,18.08,18.16,17.8,17.96,18.08,-0.12,-0.66,4623.0,8305.087,0.2147,0.7298,1.11,33.1809,30.0579,4.1121,5.0687,4.4668,0.834,0.834,21865.5,21534.24,6334.24,392704.38,386754.9504,19.89,16.27,2.024
603158,腾龙股份,汽车配件,江苏,20150320,603158.SH,20180321,18.26,18.41,18.08,18.08,18.42,-0.34,-1.85,5675.0,10291.204,0.2635,0.8959,1.23,33.4026,30.2587,4.1395,5.1026,4.4966,0.8285,0.8285,21865.5,21534.24,6334.24,395328.24,389339.0592,20.26,16.58,2.024
603158,腾龙股份,汽车配件,江苏,20150320,603158.SH,20180320,18.47,18.47,18.02,18.42,18.39,0.03,0.16,6383.56,11606.985,0.2964,1.0078,1.18,34.0307,30.8277,4.2174,5.1986,4.5812,0.8132,0.8132,21865.5,21534.24,6334.24,402762.51,396660.7008,20.23,16.55,2.024
603158,腾龙股份,汽车配件,江苏,20150320,603158.SH,20180319,18.62,18.62,18.35,18.39,18.52,-0.13,-0.7,2468.0,4545.301,0.2388,0.3896,0.42,33.9753,30.7775,4.2105,5.1901,4.5737,0.8145,0.8145,21865.5,10334.24,6334.24,402106.545,190046.6736,20.37,16.67,2.024
603158,腾龙股份,汽车配件,江苏,20150320,603158.SH,20180316,18.5,18.56,18.3,18.52,18.51,0.01,0.05,2691.0,4968.935,0.2604,0.4248,0.45,34.2155,30.9951,4.2403,5.2268,4.6061,0.8088,0.8088,21865.5,10334.24,6334.24,404949.06,191390.1248,20.36,16.66,2.024
603158,腾龙股份,汽车配件,江苏,20150320,603158.SH,20180315,18.3,18.55,18.22,18.51,18.35,0.16,0.87,3685.18,6786.297,0.3566,0.5818,0.65,34.197,30.9783,4.238,5.224,4.6036,0.8092,0.8092,21865.5,10334.24,6334.24,404730.405,191286.7824,20.19,16.52,2.024
603158,腾龙股份,汽车配件,江苏,20150320,603158.SH,20180314,18.77,18.94,18.3,18.35,18.8,-0.45,-2.39,7883.79,14633.998,0.7629,1.2446,1.78,33.9014,30.7106,4.2014,5.1788,4.5638,0.8163,0.8163,21865.5,10334.24,6334.24,401231.925,189633.304,20.68,16.92,2.024
603158,腾龙股份,汽车配件,江苏,20150320,603158.SH,20180313,18.38,18.82,18.3,18.8,18.42,0.38,2.06,10321.33,19208.269,0.9988,1.6295,3.51,34.7328,31.4637,4.3044,5.3058,4.6757,0.7967,0.7967,21865.5,10334.24,6334.24,411071.4,194283.712,20.26,16.58,2.024
603158,腾龙股份,汽车配件,江苏,20150320,603158.SH,20180312,18.28,18.45,18.21,18.42,18.27,0.15,0.82,4956.79,9107.178,0.4796,0.7825,2.18,34.0307,30.8277,4.2174,5.1986,4.5812,0.8132,0.8132,21865.5,10334.24,6334.24,402762.51,190356.7008,20.1,16.44,2.024
603158,腾龙股份,汽车配件,江苏,20150320,603158.SH,20180309,18.3,18.32,18.16,18.27,18.24,0.03,0.16,3061.24,5595.226,0.2962,0.4833,1.46,33.7536,30.5767,4.183,5.1562,4.5439,0.8199,0.8199,21865.5,10334.24,6334.24,399482.685,188806.5648,20.06,16.42,2.024
603158,腾龙股份,汽车配件,江苏,20150320,603158.SH,20180308,18.1,18.4,18.1,18.24,18.2,0.04,0.22,2280.46,4158.3,0.2207,0.36,0.9,33.6982,30.5265,4.1762,5.1478,4.5364,0.8212,0.8212,21865.5,10334.24,6334.24,398826.72,188496.5376,20.02,16.38,2.024
603158,腾龙股份,汽车配件,江苏,20150320,603158.SH,20180307,18.24,18.34,18.18,18.2,18.29,-0.09,-0.49,1565.0,2849.998,0.1514,0.2471,0.55,33.6243,30.4595,4.167,5.1365,4.5265,0.823,0.823,21865.5,10334.24,6334.24,397952.1,188083.168,20.12,16.46,2.024
603158,腾龙股份,汽车配件,江苏,20150320,603158.SH,20180306,18.26,18.38,18.2,18.29,18.22,0.07,0.38,2842.55,5202.969,0.2751,0.4488,1.03,33.7906,30.6101,4.1876,5.1619,4.5489,0.819,0.819,21865.5,10334.24,6334.24,399919.995,189013.2496,20.04,16.4,2.024
603158,腾龙股份,汽车配件,江苏,20150320,603158.SH,20180305,18.09,18.35,18.09,18.22,18.23,-0.01,-0.05,1593.58,2901.431,0.1542,0.2516,0.53,33.6612,30.493,4.1716,5.1421,4.5314,0.8221,0.8221,21865.5,10334.24,6334.24,398389.41,188289.8528,20.05,16.41,2.024
603158,腾龙股份,汽车配件,江苏,20150320,603158.SH,20180302,18.38,18.49,18.18,18.23,18.42,-0.19,-1.03,2196.0,4022.297,0.2125,0.3467,0.74,33.6797,30.5097,4.1739,5.1449,4.5339,0.8217,0.8217,21865.5,10334.24,6334.24,398608.065,188393.1952,20.26,16.58,2.024
603158,腾龙股份,汽车配件,江苏,20150320,603158.SH,20180301,18.16,18.5,18.01,18.42,18.01,0.41,2.28,4516.0,8267.026,0.437,0.713,1.8,34.0307,30.8277,4.2174,5.1986,4.5812,0.8132,0.8132,21865.5,10334.24,6334.24,402762.51,190356.7008,19.81,16.21,2.024
603158,腾龙股份,汽车配件,江苏,20150320,603158.SH,20180228,18.19,18.19,18.0,18.01,18.28,-0.27,-1.48,3188.0,5769.28,0.3085,0.5033,1.17,33.2733,30.1415,4.1235,5.0828,4.4792,0.8317,0.8317,21865.5,10334.24,6334.24,393797.655,186119.6624,20.11,16.45,2.024
603158,腾龙股份,汽车配件,江苏,20150320,603158.SH,20180227,18.62,18.62,18.21,18.28,18.37,-0.09,-0.49,2294.0,4204.327,0.222,0.3622,0.8,33.7721,30.5934,4.1853,5.159,4.5464,0.8194,0.8194,21865.5,10334.24,6334.24,399701.34,188909.9072,20.21,16.53,2.024
603158,腾龙股份,汽车配件,江苏,20150320,603158.SH,20180226,18.3,18.38,18.12,18.37,18.33,0.04,0.22,2945.0,5394.203,0.285,0.4649,1.03,33.9384,30.744,4.2059,5.1844,4.5688,0.8154,0.8154,21865.5,10334.24,6334.24,401669.235,189839.9888,20.16,16.5,2.024
603158,腾龙股份,汽车配件,江苏,20150320,603158.SH,20180223,18.32,18.41,18.15,18.33,18.31,0.02,0.11,1821.0,3326.901,0.1762,0.2875,0.47,33.8645,30.6771,4.1968,5.1732,4.5588,0.8172,0.8172,21865.5,10334.24,6334.24,400794.615,189426.6192,20.14,16.48,2.024
603158,腾龙股份,汽车配件,江苏,20150320,603158.SH,20180222,18.25,18.35,17.93,18.31,18.22,0.09,0.49,2299.0,4165.212,0.2225,0.3629,0.52,33.8275,30.6436,4.1922,5.1675,4.5538,0.8181,0.8181,21865.5,10334.24,6334.24,400357.305,189219.9344,20.04,16.4,2.024
603158,腾龙股份,汽车配件,江苏,20150320,603158.SH,20180214,19.4,19.4,18.01,18.22,17.9,0.32,1.79,4245.0,7831.579,0.4108,0.6702,1.07,33.6612,30.493,4.1716,5.1421,4.5314,0.8221,0.8221,21865.5,10334.24,6334.24,398389.41,188289.8528,19.69,16.11,2.024
603158,腾龙股份,汽车配件,江苏,20150320,603158.SH,20180213,17.85,18.05,17.75,17.9,17.85,0.05,0.28,3080.0,5496.012,0.298,0.4862,0.59,33.07,29.9574,4.0983,5.0518,4.4519,0.8368,0.8368,21865.5,10334.24,6334.24,391392.45,184982.896,19.64,16.07,2.024
603158,腾龙股份,汽车配件,江苏,20150320,603158.SH,20180212,18.05,18.07,17.74,17.85,17.86,-0.01,-0.06,2859.0,5128.615,0.2767,0.4514,0.49,32.9777,29.8738,4.0869,5.0377,4.4394,0.8391,0.8391,21865.5,10334.24,6334.24,390299.175,184466.184,19.65,16.07,2.024
603158,腾龙股份,汽车配件,江苏,20150320,603158.SH,20180209,18.29,18.3,17.63,17.86,17.84,0.02,0.11,7022.0,12523.571,0.6795,1.1086,1.22,32.9961,29.8905,4.0892,5.0405,4.4419,0.8387,0.8387,21865.5,10334.24,6334.24,390517.83,184569.5264,19.62,16.06,2.024
603158,腾龙股份,汽车配件,江苏,20150320,603158.SH,20180208,17.55,17.92,17.48,17.84,17.54,0.3,1.71,5007.26,8894.166,0.4845,0.7905,0.8,32.9592,29.857,4.0846,5.0349,4.4369,0.8396,0.8396,21865.5,10334.24,6334.24,390080.52,184362.8416,19.29,15.79,2.024
603158,腾龙股份,汽车配件,江苏,20150320,603158.SH,20180207,17.69,17.75,17.44,17.54,17.6,-0.06,-0.34,1919.0,3371.444,0.1857,0.303,0.28,32.4049,29.3549,4.0159,4.9502,4.3623,0.854,0.854,21865.5,10334.24,6334.24,383520.87,181262.5696,19.36,15.84,2.024
603158,腾龙股份,汽车配件,江苏,20150320,603158.SH,20180206,17.74,17.75,17.4,17.6,17.68,-0.08,-0.45,9241.58,16231.578,0.8943,1.459,1.67,32.5158,29.4554,4.0296,4.9671,4.3772,0.8511,0.8511,21865.5,10334.24,6334.24,384832.8,181882.624,19.45,15.91,2.024
603158,腾龙股份,汽车配件,江苏,20150320,603158.SH,20180205,17.6,17.8,17.49,17.68,17.68,0.0,0.0,6220.16,10978.899,0.6019,0.982,1.23,32.6636,29.5893,4.048,4.9897,4.3971,0.8472,0.8472,21865.5,10334.24,6334.24,386582.04,182709.3632,19.45,15.91,2.024
603158,腾龙股份,汽车配件,江苏,20150320,603158.SH,20180202,17.8,17.95,17.12,17.68,17.56,0.12,0.68,6314.97,11139.339,0.6111,0.997,1.4,32.6636,29.5893,4.048,4.9897,4.3971,0.8472,0.8472,21865.5,10334.24,6334.24,386582.04,182709.3632,19.32,15.8,2.024
603158,腾龙股份,汽车配件,江苏,20150320,603158.SH,20180201,18.17,18.17,17.51,17.56,18.2,-0.64,-3.52,7465.0,13340.797,0.7224,1.1785,1.81,32.4419,29.3884,4.0205,4.9558,4.3673,0.853,0.853,21865.5,10334.24,6334.24,383958.18,181469.2544,20.02,16.38,2.024
603158,腾龙股份,汽车配件,江苏,20150320,603158.SH,20180131,18.0,18.23,17.5,18.2,18.1,0.1,0.55,5122.0,9255.866,0.4956,0.8086,1.25,33.6243,30.4595,4.167,5.1365,4.5265,0.823,0.823,21865.5,10334.24,6334.24,397952.1,188083.168,19.91,16.29,2.024
603158,腾龙股份,汽车配件,江苏,20150320,603158.SH,20180130,18.12,18.2,17.9,18.1,17.96,0.14,0.78,2476.0,4464.413,0.2396,0.3909,0.6,33.4395,30.2922,4.1441,5.1082,4.5016,0.8276,0.8276,21865.5,10334.24,6334.24,395765.55,187049.744,19.76,16.16,2.024
603158,腾龙股份,汽车配件,江苏,20150320,603158.SH,20180129,18.5,18.5,17.8,17.96,18.07,-0.11,-0.61,3817.0,6931.843,0.3694,0.6026,0.99,33.1809,30.0579,4.1121,5.0687,4.4668,0.834,0.834,21865.5,10334.24,6334.24,392704.38,185602.9504,19.88,16.26,2.024
603158,腾龙股份,汽车配件,江苏,20150320,603158.SH,20180126,17.89,18.28,17.82,18.07,17.89,0.18,1.01,3659.0,6607.872,0.3541,0.5777,0.88,33.3841,30.242,4.1373,5.0998,4.4941,0.8289,0.8289,21865.5,10334.24,6334.24,395109.585,186739.7168,19.68,16.1,2.024
603158,腾龙股份,汽车配件,江苏,20150320,603158.SH,20180125,17.9,18.0,17.82,17.89,17.99,-0.1,-0.56,5509.0,9852.125,0.5331,0.8697,1.61,33.0516,29.9407,4.096,5.049,4.4494,0.8373,0.8373,21865.5,10334.24,6334.24,391173.795,184879.5536,19.79,16.19,2.024
603158,腾龙股份,汽车配件,江苏,20150320,603158.SH,20180124,18.09,18.09,17.76,17.99,18.15,-0.16,-0.88,4950.0,8852.41,0.479,0.7815,1.65,33.2363,30.1081,4.1189,5.0772,4.4742,0.8326,0.8326,21865.5,10334.24,6334.24,393360.345,185912.9776,19.97,16.34,2.024
603158,腾龙股份,汽车配件,江苏,20150320,603158.SH,20180123,18.49,18.49,18.08,18.15,18.15,0.0,0.0,2746.0,5010.307,0.2657,0.4335,0.81,33.5319,30.3758,4.1556,5.1224,4.514,0.8253,0.8253,21865.5,10334.24,6334.24,396858.825,187566.456,19.97,16.34,2.024
603158,腾龙股份,汽车配件,江苏,20150320,603158.SH,20180122,18.03,18.17,17.82,18.15,18.05,0.1,0.55,2423.46,4361.759,0.2345,0.3826,0.45,33.5319,30.3758,4.1556,5.1224,4.514,0.8253,0.8253,21865.5,10334.24,6334.24,396858.825,187566.456,19.86,16.25,2.024
603158,腾龙股份,汽车配件,江苏,20150320,603158.SH,20180119,18.03,18.1,17.6,18.05,18.04,0.01,0.06,5065.0,9098.865,0.4901,0.7996,0.95,33.3472,30.2085,4.1327,5.0941,4.4892,0.8299,0.8299,21865.5,10334.24,6334.24,394672.275,186533.032,19.84,16.24,2.024
603158,腾龙股份,汽车配件,江苏,20150320,603158.SH,20180118,18.01,18.1,17.91,18.04,18.01,0.03,0.17,1968.0,3545.699,0.1904,0.3107,0.36,33.3287,30.1917,4.1304,5.0913,4.4867,0.8303,0.8303,21865.5,10334.24,6334.24,394453.62,186429.6896,19.81,16.21,2.024
603158,腾龙股份,汽车配件,江苏,20150320,603158.SH,20180117,18.07,18.13,17.88,18.01,18.08,-0.07,-0.39,2764.0,4975.163,0.2675,0.4364,0.52,33.2733,30.1415,4.1235,5.0828,4.4792,0.8317,0.8317,21865.5,10334.24,6334.24,393797.655,186119.6624,19.89,16.27,2.024
603158,腾龙股份,汽车配件,江苏,20150320,603158.SH,20180116,18.2,18.39,17.99,18.08,18.24,-0.16,-0.88,4741.19,8596.056,0.4588,0.7485,0.99,33.4026,30.2587,4.1395,5.1026,4.4966,0.8285,0.8285,21865.5,10334.24,6334.24,395328.24,186843.0592,20.06,16.42,2.024
603158,腾龙股份,汽车配件,江苏,20150320,603158.SH,20180115,18.18,18.65,17.88,18.24,18.26,-0.02,-0.11,12457.0,22571.897,1.2054,1.9666,3.99,33.7222,30.5482,4.1726,5.1514,4.5397,0.8206,0.8206,21881.1,10334.24,6334.24,399111.264,188496.5376,20.09,16.43,2.024
603158,腾龙股份,汽车配件,江苏,20150320,603158.SH,20180112,18.27,18.34,18.0,18.26,18.34,-0.08,-0.44,4590.78,8344.821,0.4442,0.7248,1.55,33.7592,30.5817,4.1772,5.1571,4.5446,0.8197,0.8197,21881.1,10334.24,6334.24,399548.886,188703.2224,20.17,16.51,2.024
603158,腾龙股份,汽车配件,江苏,20150320,603158.SH,20180111,18.35,18.45,18.28,18.34,18.48,-0.14,-0.76,2581.78,4732.594,0.2498,0.4076,0.83,33.9071,30.7157,4.1955,5.1797,4.5645,0.8161,0.8161,21881.1,10334.24,6334.24,401299.374,189529.9616,20.33,16.63,2.024
603158,腾龙股份,汽车配件,江苏,20150320,603158.SH,20180110,18.32,18.54,18.32,18.48,18.45,0.03,0.16,2126.0,3920.566,0.2057,0.3356,0.68,34.1659,30.9502,4.2275,5.2192,4.5994,0.81,0.81,21881.1,10334.24,6334.24,404362.728,190976.7552,20.3,16.61,2.024
603158,腾龙股份,汽车配件,江苏,20150320,603158.SH,20180109,18.5,18.5,18.22,18.45,18.41,0.04,0.22,2232.45,4096.847,0.216,0.3524,0.74,34.1105,30.9,4.2207,5.2107,4.5919,0.8113,0.8113,21881.1,10334.24,6334.24,403706.295,190666.728,20.25,16.57,2.024
603158,腾龙股份,汽车配件,江苏,20150320,603158.SH,20180108,18.58,18.62,18.36,18.41,18.58,-0.17,-0.92,4070.0,7508.426,0.3938,0.6425,1.43,34.0365,30.833,4.2115,5.1994,4.582,0.813,0.813,21881.1,10334.24,6334.24,402831.051,190253.3584,20.44,16.72,2.024
603158,腾龙股份,汽车配件,江苏,20150320,603158.SH,20180105,18.8,18.8,18.52,18.58,18.83,-0.25,-1.33,3813.41,7092.674,0.369,0.602,1.37,34.3508,31.1177,4.2504,5.2475,4.6243,0.8056,0.8056,21881.1,10334.24,6334.24,406550.838,192010.1792,20.71,16.95,2.024
603158,腾龙股份,汽车配件,江苏,20150320,603158.SH,20180104,18.42,18.85,18.42,18.83,18.43,0.4,2.17,3360.86,6260.282,0.3252,0.5306,1.12,34.813,31.5364,4.3076,5.3181,4.6865,0.7949,0.7949,21881.1,10334.24,6334.24,412021.113,194593.7392,20.27,16.59,2.024
603158,腾龙股份,汽车配件,江苏,20150320,603158.SH,20180103,18.49,18.5,18.28,18.43,18.49,-0.06,-0.32,2160.89,3970.475,0.2091,0.3411,0.64,34.0735,30.8665,4.2161,5.2051,4.5869,0.8122,0.8122,21881.1,10334.24,6334.24,403268.673,190460.0432,20.34,16.64,2.024
603158,腾龙股份,汽车配件,江苏,20150320,603158.SH,20180102,18.58,18.62,18.47,18.49,18.56,-0.07,-0.38,1655.0,3064.657,0.1601,0.2613,0.49,34.1844,30.9669,4.2298,5.222,4.6019,0.8095,0.8095,21881.1,10334.24,6334.24,404581.539,191080.0976,20.42,16.7,2.024
603158,腾龙股份,汽车配件,江苏,20150320,603158.SH,20171229,18.37,18.58,18.24,18.56,18.37,0.19,1.03,3244.85,5967.93,0.314,0.5123,1.0,34.3138,31.0842,4.2458,5.2418,4.6193,0.6721,0.8065,21881.1,10334.24,6334.24,406113.216,191803.4944,20.21,16.53,2.024
603158,腾龙股份,汽车配件,江苏,20150320,603158.SH,20171228,18.78,18.78,18.3,18.37,18.73,-0.36,-1.92,3510.0,6506.213,0.3396,0.5541,1.15,33.9626,30.766,4.2024,5.1881,4.572,0.6791,0.8148,21881.1,10334.24,6334.24,401955.807,189839.9888,20.6,16.86,2.024
603158,腾龙股份,汽车配件,江苏,20150320,603158.SH,20171227,18.85,18.85,18.61,18.73,18.85,-0.12,-0.64,4497.0,8418.247,0.4352,0.71,1.61,34.6281,31.3689,4.2847,5.2898,4.6616,0.666,0.7992,21881.1,10334.24,6334.24,409833.003,193560.3152,20.74,16.97,2.024
603158,腾龙股份,汽车配件,江苏,20150320,603158.SH,20171226,18.75,18.97,18.55,18.85,18.7,0.15,0.8,4038.0,7581.03,0.3907,0.6375,1.19,34.85,31.5699,4.3122,5.3237,4.6915,0.6618,0.7941,21881.1,10334.24,6334.24,412458.735,194800.424,20.57,16.83,2.024
603158,腾龙股份,汽车配件,江苏,20150320,603158.SH,20171225,18.83,18.85,18.61,18.7,18.83,-0.13,-0.69,1660.13,3099.548,0.1606,0.2621,0.32,34.5727,31.3187,4.2779,5.2813,4.6541,0.6671,0.8004,21881.1,10334.24,6334.24,409176.57,193250.288,20.71,16.95,2.024
603158,腾龙股份,汽车配件,江苏,20150320,603158.SH,20171222,18.97,18.97,18.61,18.83,18.86,-0.03,-0.16,2478.0,4649.946,0.2398,0.3912,0.47,34.813,31.5364,4.3076,5.3181,4.6865,0.6625,0.7949,21881.1,10334.24,6334.24,412021.113,194593.7392,20.75,16.97,2.024
603158,腾龙股份,汽车配件,江苏,20150320,603158.SH,20171221,19.04,19.04,18.75,18.86,18.85,0.01,0.05,2630.26,4954.388,0.2545,0.4152,0.49,34.8685,31.5866,4.3145,5.3265,4.694,0.6614,0.7936,21881.1,10334.24,6334.24,412677.546,194903.7664,20.74,16.97,2.024
603158,腾龙股份,汽车配件,江苏,20150320,603158.SH,20171220,19.1,19.27,18.82,18.85,19.17,-0.32,-1.67,3202.0,6090.178,0.3098,0.5055,0.6,34.85,31.5699,4.3122,5.3237,4.6915,0.6618,0.7941,21881.1,10334.24,6334.24,412458.735,194800.424,21.09,17.25,2.024
603158,腾龙股份,汽车配件,江苏,20150320,603158.SH,20171219,19.09,19.36,18.86,19.17,18.94,0.23,1.21,7018.26,13444.104,0.6791,1.108,1.57,35.4416,32.1058,4.3854,5.4141,4.7711,0.6507,0.7808,21881.1,10334.24,6334.24,419460.687,198107.3808,20.83,17.05,2.024
603158,腾龙股份,汽车配件,江苏,20150320,603158.SH,20171218,18.24,19.98,18.19,18.94,18.18,0.76,4.18,10827.59,20624.44,1.0477,1.7094,3.53,35.0164,31.7206,4.3328,5.3491,4.7139,0.6586,0.7903,21881.1,10334.24,6334.24,414428.034,195730.5056,20.0,16.36,2.024
603158,腾龙股份,汽车配件,江苏,20150320,603158.SH,20171215,18.06,18.28,18.05,18.18,18.11,0.07,0.39,2765.0,5015.803,0.2676,0.4365,0.92,33.6113,30.4478,4.1589,5.1345,4.5247,0.6862,0.8233,21881.1,10334.24,6334.24,397798.398,187876.4832,19.92,16.3,2.024
603158,腾龙股份,汽车配件,江苏,20150320,603158.SH,20171214,18.08,18.24,18.01,18.11,18.17,-0.06,-0.33,2958.97,5351.844,0.2863,0.4671,1.07,33.4819,30.3305,4.1429,5.1147,4.5073,0.6888,0.8265,21881.1,10334.24,6334.24,396266.721,187153.0864,19.99,16.35,2.024
603158,腾龙股份,汽车配件,江苏,20150320,603158.SH,20171213,18.33,18.33,18.03,18.17,18.21,-0.04,-0.22,3115.0,5657.946,0.3014,0.4918,1.06,33.5928,30.431,4.1566,5.1317,4.5222,0.6865,0.8238,21881.1,10334.24,6334.24,397579.587,187773.1408,20.03,16.39,2.024
603158,腾龙股份,汽车配件,江苏,20150320,603158.SH,20171212,18.34,18.38,18.06,18.21,18.34,-0.13,-0.71,2745.16,4993.252,0.2656,0.4334,0.89,33.6668,30.498,4.1658,5.143,4.5322,0.685,0.822,21881.1,10334.24,6334.24,398454.831,188186.5104,20.17,16.51,2.024
603158,腾龙股份,汽车配件,江苏,20150320,603158.SH,20171211,18.28,18.36,18.22,18.34,18.28,0.06,0.33,3768.0,6882.644,0.3646,0.5949,1.27,33.9071,30.7157,4.1955,5.1797,4.5645,0.6802,0.8161,21881.1,10334.24,6334.24,401299.374,189529.9616,20.11,16.45,2.024
603158,腾龙股份,汽车配件,江苏,20150320,603158.SH,20171208,18.0,18.29,18.0,18.28,18.17,0.11,0.61,2392.0,4359.408,0.2315,0.3776,0.77,33.7962,30.6152,4.1818,5.1627,4.5496,0.6824,0.8188,21881.1,10334.24,6334.24,399986.508,188909.9072,19.99,16.35,2.024
603158,腾龙股份,汽车配件,江苏,20150320,603158.SH,20171207,18.15,18.26,18.04,18.17,18.15,0.02,0.11,1862.23,3383.936,0.1802,0.294,0.38,33.5928,30.431,4.1566,5.1317,4.5222,0.6865,0.8238,21881.1,10334.24,6334.24,397579.587,187773.1408,19.97,16.34,2.024
603158,腾龙股份,汽车配件,江苏,20150320,603158.SH,20171206,18.01,18.35,17.99,18.15,18.13,0.02,0.11,3958.97,7163.198,0.3831,0.625,0.83,33.5558,30.3975,4.152,5.126,4.5173,0.6873,0.8247,21881.1,10334.24,6334.24,397141.965,187566.456,19.94,16.32,2.024
603158,腾龙股份,汽车配件,江苏,20150320,603158.SH,20171205,18.57,18.7,18.05,18.13,18.51,-0.38,-2.05,3527.0,6470.142,0.3413,0.5568,0.78,33.5189,30.364,4.1475,5.1204,4.5123,0.6881,0.8256,21881.1,10334.24,6334.24,396704.343,187359.7712,20.36,16.66,2.024
603158,腾龙股份,汽车配件,江苏,20150320,603158.SH,20171204,18.71,18.85,18.5,18.51,18.84,-0.33,-1.75,3136.0,5840.929,0.3035,0.4951,0.73,34.2214,31.0004,4.2344,5.2277,4.6069,0.6739,0.8087,21881.1,10334.24,6334.24,405019.161,191286.7824,20.72,16.96,2.024
603158,腾龙股份,汽车配件,江苏,20150320,603158.SH,20171201,18.5,18.85,18.41,18.84,18.86,-0.02,-0.11,3036.98,5688.239,0.2939,0.4795,0.73,34.8315,31.5531,4.3099,5.3209,4.689,0.6621,0.7945,21881.1,10334.24,6334.24,412239.924,194697.0816,20.75,16.97,2.024
603158,腾龙股份,汽车配件,江苏,20150320,603158.SH,20171130,18.96,18.96,18.36,18.86,18.86,0.0,0.0,10761.33,20030.842,1.0413,1.6989,3.48,34.8685,31.5866,4.3145,5.3265,4.694,0.6614,0.7936,21881.1,10334.24,6334.24,412677.546,194903.7664,20.75,16.97,2.024
603158,腾龙股份,汽车配件,江苏,20150320,603158.SH,20171129,18.98,18.98,18.81,18.86,18.92,-0.06,-0.32,3339.71,6305.901,0.3232,0.5272,1.13,34.8685,31.5866,4.3145,5.3265,4.694,0.6614,0.7936,21881.1,10334.24,6334.24,412677.546,194903.7664,20.81,17.03,2.024
603158,腾龙股份,汽车配件,江苏,20150320,603158.SH,20171128,18.97,18.97,18.75,18.92,18.76,0.16,0.85,2345.32,4423.362,0.2269,0.3703,0.79,34.9794,31.6871,4.3282,5.3435,4.7089,0.6593,0.7911,21881.1,10334.24,6334.24,413990.412,195523.8208,20.64,16.88,2.024
603158,腾龙股份,汽车配件,江苏,20150320,603158.SH,20171127,18.68,18.87,18.66,18.76,18.77,-0.01,-0.05,1880.0,3531.556,0.1819,0.2968,0.57,34.6836,31.4191,4.2916,5.2983,4.6691,0.665,0.7979,21881.1,10334.24,6334.24,410489.436,193870.3424,20.65,16.89,2.024
603158,腾龙股份,汽车配件,江苏,20150320,603158.SH,20171124,18.69,18.85,18.65,18.77,18.69,0.08,0.43,2605.47,4883.277,0.2521,0.4113,0.58,34.7021,31.4359,4.2939,5.3011,4.6716,0.6646,0.7974,21881.1,10334.24,6334.24,410708.247,193973.6848,20.56,16.82,2.024
603158,腾龙股份,汽车配件,江苏,20150320,603158.SH,20171123,18.95,19.0,18.64,18.69,18.9,-0.21,-1.11,5300.0,9958.013,0.5129,0.8367,1.22,34.5542,31.3019,4.2756,5.2785,4.6517,0.6674,0.8009,21881.1,10334.24,6334.24,408957.759,193146.9456,20.79,17.01,2.024
603158,腾龙股份,汽车配件,江苏,20150320,603158.SH,20171122,18.85,18.95,18.85,18.9,18.85,0.05,0.27,2585.0,4881.962,0.2501,0.4081,0.54,34.9424,31.6536,4.3236,5.3378,4.7039,0.66,0.792,21881.1,10334.24,6334.24,413552.79,195317.136,20.74,16.97,2.024
603158,腾龙股份,汽车配件,江苏,20150320,603158.SH,20171121,19.0,19.0,18.82,18.85,18.85,0.0,0.0,2527.39,4774.914,0.2446,0.399,0.4,34.85,31.5699,4.3122,5.3237,4.6915,0.6618,0.7941,21881.1,10334.24,6334.24,412458.735,194800.424,20.74,16.97,2.024
603158,腾龙股份,汽车配件,江苏,20150320,603158.SH,20171120,18.86,19.01,18.36,18.85,18.79,0.06,0.32,3426.0,6457.024,0.3315,0.5409,0.47,34.85,31.5699,4.3122,5.3237,4.6915,0.6618,0.7941,21881.1,10334.24,6334.24,412458.735,194800.424,20.67,16.91,2.024
603158,腾龙股份,汽车配件,江苏,20150320,603158.SH,20171117,19.13,19.17,18.35,18.79,19.05,-0.26,-1.36,8482.62,16064.391,0.8208,1.3392,0.97,34.7391,31.4694,4.2984,5.3068,4.6765,0.6639,0.7966,21881.1,10334.24,6334.24,411145.869,194180.3696,20.96,17.15,2.024
603158,腾龙股份,汽车配件,江苏,20150320,603158.SH,20171116,19.06,19.14,18.9,19.05,18.95,0.1,0.53,4767.02,9076.217,0.4613,0.7526,0.54,35.2198,31.9048,4.3579,5.3802,4.7413,0.6548,0.7857,21881.1,10334.24,6334.24,416834.955,196867.272,20.85,17.06,2.024
603158,腾龙股份,汽车配件,江苏,20150320,603158.SH,20171115,18.97,19.11,18.9,18.95,19.02,-0.07,-0.37,4790.0,9105.623,0.4635,0.7562,0.52,35.0349,31.7374,4.3351,5.3519,4.7164,0.6583,0.7899,21881.1,10334.24,6334.24,414646.845,195833.848,20.92,17.12,2.024
603158,腾龙股份,汽车配件,江苏,20150320,603158.SH,20171114,19.26,19.38,18.99,19.02,19.52,-0.5,-2.56,10414.14,19897.193,1.0077,1.6441,1.24,35.1643,31.8546,4.3511,5.3717,4.7338,0.6559,0.787,21881.1,10334.24,6334.24,416178.522,196557.2448,21.47,17.57,2.024
603158,腾龙股份,汽车配件,江苏,20150320,603158.SH,20171113,19.0,19.98,18.95,19.52,19.95,-0.43,-2.16,7859.83,15304.922,0.7606,1.2408,1.0,36.0887,32.692,4.4654,5.5129,4.8582,0.6391,0.7668,21881.1,10334.24,6334.24,427119.072,201724.3648,21.95,17.96,2.024
603158,腾龙股份,汽车配件,江苏,20150320,603158.SH,20171110,19.11,20.12,18.96,19.95,19.02,0.93,4.89,15991.24,31528.394,1.5474,2.5246,2.47,36.8837,33.4121,4.5638,5.6344,4.9653,0.6253,0.7503,21881.1,10334.24,6334.24,436527.945,206168.088,20.92,17.12,2.024
603158,腾龙股份,汽车配件,江苏,20150320,603158.SH,20171109,19.15,19.16,19.0,19.02,19.11,-0.09,-0.47,5153.72,9820.475,0.4987,0.8136,0.79,35.1643,31.8546,4.3511,5.3717,4.7338,0.6559,0.787,21881.1,10334.24,6334.24,416178.522,196557.2448,21.02,17.2,2.024
603158,腾龙股份,汽车配件,江苏,20150320,603158.SH,20171108,19.27,19.27,18.99,19.11,19.13,-0.02,-0.1,6441.7,12285.738,0.6233,1.017,0.97,35.3307,32.0053,4.3717,5.3971,4.7562,0.6528,0.7833,21881.1,10334.24,6334.24,418147.821,197487.3264,21.04,17.22,2.024
603158,腾龙股份,汽车配件,江苏,20150320,603158.SH,20171107,19.07,19.17,18.65,19.13,19.19,-0.06,-0.31,6671.21,12640.082,0.6455,1.0532,0.89,35.3677,32.0388,4.3762,5.4028,4.7612,0.6521,0.7824,21881.1,10334.24,6334.24,418585.443,197694.0112,21.11,17.27,2.024
603158,腾龙股份,汽车配件,江苏,20150320,603158.SH,20171106,19.17,19.25,19.0,19.19,19.28,-0.09,-0.47,5070.65,9692.705,0.4907,0.8005,0.58,35.4786,32.1393,4.39,5.4197,4.7761,0.6501,0.78,21881.1,10334.24,6334.24,419898.309,198314.0656,21.21,17.35,2.024
603158,腾龙股份,汽车配件,江苏,20150320,603158.SH,20171103,19.71,19.71,19.26,19.28,19.81,-0.53,-2.68,8983.3,17444.048,0.8693,1.4182,1.1,35.645,32.29,4.4105,5.4451,4.7985,0.647,0.7764,21881.1,10334.24,6334.24,421867.608,199244.1472,21.79,17.83,2.024
603158,腾龙股份,汽车配件,江苏,20150320,603158.SH,20171102,20.0,20.16,19.8,19.81,20.07,-0.26,-1.3,5297.0,10561.599,0.5126,0.8362,0.67,36.6249,33.1777,4.5318,5.5948,4.9304,0.6297,0.7556,21881.1,10334.24,6334.24,433464.591,204721.2944,22.08,18.06,2.024
603158,腾龙股份,汽车配件,江苏,20150320,603158.SH,20171101,20.1,20.22,19.91,20.07,20.29,-0.22,-1.08,7068.0,14151.092,0.6839,1.1158,0.93,37.1055,33.6131,4.5913,5.6683,4.9951,0.6216,0.7458,21881.1,10334.24,6334.24,439153.677,207408.1968,22.32,18.26,2.024
603158,腾龙股份,汽车配件,江苏,20150320,603158.SH,20171031,20.51,20.7,20.18,20.29,20.32,-0.03,-0.15,10854.01,22146.459,1.0503,1.7135,1.6,37.5123,33.9816,4.6416,5.7304,5.0499,0.6148,0.7377,21881.1,10334.24,6334.24,443967.519,209681.7296,22.35,18.29,2.024
603158,腾龙股份,汽车配件,江苏,20150320,603158.SH,20171030,20.0,20.38,19.81,20.32,20.12,0.2,0.99,11335.51,22763.23,1.0969,1.7896,2.07,37.5677,34.1546,4.7904,5.7389,5.0704,0.6139,0.7366,21881.1,10334.24,6334.24,444623.952,209991.7568,22.13,18.11,2.024
603158,腾龙股份,汽车配件,江苏,20150320,603158.SH,20171027,20.24,20.47,20.1,20.12,20.43,-0.31,-1.52,6206.0,12558.471,0.6005,0.9798,1.18,37.198,33.8184,4.7432,5.6824,5.0205,0.62,0.7439,21881.1,10334.24,6334.24,440247.732,207924.9088,22.47,18.39,2.024
603158,腾龙股份,汽车配件,江苏,20150320,603158.SH,20171026,20.44,20.48,20.26,20.43,20.44,-0.01,-0.05,3928.0,8009.837,0.3801,0.6201,0.72,37.7711,34.3395,4.8163,5.7699,5.0978,0.6106,0.7327,21881.1,10334.24,6334.24,447030.873,211128.5232,22.48,18.4,2.024
603158,腾龙股份,汽车配件,江苏,20150320,603158.SH,20171025,20.45,20.47,20.23,20.44,20.34,0.1,0.49,5711.62,11641.751,0.5527,0.9017,1.06,37.7896,34.3563,4.8187,5.7728,5.1003,0.6103,0.7323,21881.1,10334.24,6334.24,447249.684,211231.8656,22.37,18.31,2.024
603158,腾龙股份,汽车配件,江苏,20150320,603158.SH,20171024,20.08,20.4,19.91,20.34,20.08,0.26,1.29,6733.86,13644.99,0.6516,1.0631,1.32,37.6047,34.1882,4.7951,5.7445,5.0754,0.6133,0.7359,21881.1,10334.24,6334.24,445061.574,210198.4416,22.09,18.07,2.024
603158,腾龙股份,汽车配件,江苏,20150320,603158.SH,20171023,19.96,20.12,19.93,20.08,20.12,-0.04,-0.2,4828.19,9666.457,0.4672,0.7622,0.8,37.124,33.7512,4.7338,5.6711,5.0105,0.6212,0.7454,21881.1,10334.24,6334.24,439372.488,207511.5392,22.13,18.11,2.024
603158,腾龙股份,汽车配件,江苏,20150320,603158.SH,20171020,20.09,20.16,19.8,20.12,20.09,0.03,0.15,5012.86,10047.737,0.4851,0.7914,0.67,37.198,33.8184,4.7432,5.6824,5.0205,0.62,0.7439,21881.1,10334.24,6334.24,440247.732,207924.9088,22.1,18.08,2.024
603158,腾龙股份,汽车配件,江苏,20150320,603158.SH,20171019,20.13,20.27,19.6,20.09,20.23,-0.14,-0.69,4885.0,9778.79,0.4727,0.7712,0.59,37.1425,33.768,4.7362,5.6739,5.013,0.6209,0.7451,21881.1,10334.24,6334.24,439591.299,207614.8816,22.25,18.21,2.024
603158,腾龙股份,汽车配件,江苏,20150320,603158.SH,20171018,20.17,20.39,20.0,20.23,20.16,0.07,0.35,5514.0,11152.875,0.5336,0.8705,0.58,37.4014,34.0033,4.7692,5.7135,5.0479,0.6166,0.7399,21881.1,10334.24,6334.24,442654.653,209061.6752,22.18,18.14,2.024
603158,腾龙股份,汽车配件,江苏,20150320,603158.SH,20171017,19.8,20.2,19.8,20.16,19.84,0.32,1.61,5302.0,10646.696,0.5131,0.837,0.53,37.2719,33.8857,4.7527,5.6937,5.0305,0.6188,0.7425,21881.1,10334.24,6334.24,441122.976,208338.2784,21.82,17.86,2.024
603158,腾龙股份,汽车配件,江苏,20150320,603158.SH,20171016,20.58,20.62,19.83,19.84,20.59,-0.75,-3.64,9650.0,19489.456,0.9338,1.5235,0.95,36.6803,33.3478,4.6772,5.6033,4.9506,0.6288,0.7544,21881.1,10334.24,6334.24,434121.024,205031.3216,22.65,18.53,2.024
603158,腾龙股份,汽车配件,江苏,20150320,603158.SH,20171013,20.87,20.87,20.45,20.59,20.82,-0.23,-1.1,11920.63,24518.437,1.1535,1.8819,1.3,38.0669,34.6084,4.854,5.8151,5.1378,0.6059,0.727,21881.1,10334.24,6334.24,450531.849,212782.0016,22.9,18.74,2.024
603158,腾龙股份,汽车配件,江苏,20150320,603158.SH,20171012,20.46,20.82,20.38,20.82,20.61,0.21,1.02,8772.37,18164.372,0.8489,1.3849,0.96,38.4922,34.995,4.9083,5.8801,5.1952,0.5992,0.7189,21881.1,10334.24,6334.24,455564.502,215158.8768,22.67,18.55,2.024
603158,腾龙股份,汽车配件,江苏,20150320,603158.SH,20171011,20.76,20.76,20.5,20.61,20.76,-0.15,-0.72,12186.48,25101.296,1.1792,1.9239,1.37,38.1039,34.642,4.8588,5.8208,5.1428,0.6053,0.7263,21881.1,10334.24,6334.24,450969.471,212988.6864,22.84,18.68,2.024
603158,腾龙股份,汽车配件,江苏,20150320,603158.SH,20171010,20.85,20.9,20.62,20.76,20.85,-0.09,-0.43,7317.0,15157.166,0.708,1.1552,0.7,38.3812,34.8942,4.8941,5.8631,5.1802,0.6009,0.721,21881.1,10334.24,6334.24,454251.636,214538.8224,22.94,18.77,2.024
603158,腾龙股份,汽车配件,江苏,20150320,603158.SH,20171009,20.71,20.91,20.66,20.85,20.74,0.11,0.53,10424.6,21656.289,1.0087,1.6458,0.99,38.5476,35.0454,4.9153,5.8886,5.2026,0.5983,0.7179,21881.1,10334.24,6334.24,456220.935,215468.904,22.81,18.67,2.024
603158,腾龙股份,汽车配件,江苏,20150320,603158.SH,20170929,20.88,20.88,20.63,20.74,20.74,0.0,0.0,7148.94,14827.17,0.6918,1.1286,0.62,38.3442,34.8605,4.8894,5.8575,5.1752,0.6015,0.7217,21881.1,10334.24,6334.24,453814.014,214332.1376,22.81,18.67,2.024
603158,腾龙股份,汽车配件,江苏,20150320,603158.SH,20170928,20.76,20.9,20.5,20.74,20.75,-0.01,-0.05,8843.0,18308.305,0.8557,1.3961,0.65,38.3442,34.8605,4.8894,5.8575,5.1752,0.6015,0.7217,21881.1,10334.24,6334.24,453814.014,214332.1376,22.83,18.68,2.024
603158,腾龙股份,汽车配件,江苏,20150320,603158.SH,20170927,20.65,20.78,20.54,20.75,20.71,0.04,0.19,10694.0,22136.318,1.0348,1.6883,0.83,38.3627,34.8773,4.8918,5.8603,5.1777,0.6012,0.7214,21881.1,10334.24,6334.24,454032.825,214435.48,22.78,18.64,2.024
603158,腾龙股份,汽车配件,江苏,20150320,603158.SH,20170926,20.2,20.75,20.0,20.71,20.23,0.48,2.37,15047.56,30682.408,1.4561,2.3756,1.22,38.2888,34.8101,4.8823,5.849,5.1677,0.6023,0.7227,21881.1,10334.24,6334.24,453157.581,214022.1104,22.25,18.21,2.024
603158,腾龙股份,汽车配件,江苏,20150320,603158.SH,20170925,20.4,20.4,20.08,20.23,20.45,-0.22,-1.08,10788.57,21789.978,1.044,1.7032,0.83,37.4014,34.0033,4.7692,5.7135,5.0479,0.6166,0.7399,21881.1,10334.24,6334.24,442654.653,209061.6752,22.5,18.41,2.024
603158,腾龙股份,汽车配件,江苏,20150320,603158.SH,20170922,20.51,20.7,20.38,20.45,20.51,-0.06,-0.29,12037.0,24692.653,1.1648,1.9003,0.84,37.8081,34.3731,4.821,5.7756,5.1028,0.61,0.7319,21881.1,10334.24,6334.24,447468.495,211335.208,22.56,18.46,2.024
603158,腾龙股份,汽车配件,江苏,20150320,603158.SH,20170921,20.15,20.74,20.1,20.51,20.19,0.32,1.58,19230.0,39406.466,1.8608,3.0359,1.11,37.919,34.4739,4.8352,5.7925,5.1178,0.6082,0.7298,21881.1,10334.24,6334.24,448781.361,211955.2624,22.21,18.17,2.024
603158,腾龙股份,汽车配件,江苏,20150320,603158.SH,20170920,20.01,20.26,20.0,20.19,20.21,-0.02,-0.1,7118.45,14346.629,0.6888,1.1238,0.24,37.3274,33.9361,4.7597,5.7022,5.038,0.6179,0.7414,21881.1,10334.24,6334.24,441779.409,208648.3056,22.23,18.19,2.024
603158,腾龙股份,汽车配件,江苏,20150320,603158.SH,20170919,20.15,20.28,19.91,20.21,20.01,0.2,1.0,12640.84,25377.012,1.2232,1.9956,0.39,37.3644,33.9697,4.7645,5.7078,5.0429,0.6172,0.7406,21881.1,10334.24,6334.24,442217.031,208854.9904,22.01,18.01,2.024
603158,腾龙股份,汽车配件,江苏,20150320,603158.SH,20170918,19.88,20.19,19.88,20.01,20.05,-0.04,-0.2,14049.36,28125.606,1.3595,2.218,0.42,36.9946,33.6335,4.7173,5.6513,4.993,0.6234,0.748,21881.1,10334.24,6334.24,437840.811,206788.1424,22.06,18.05,2.024
603158,腾龙股份,汽车配件,江苏,20150320,603158.SH,20170915,20.3,20.43,19.92,20.05,20.5,-0.45,-2.2,18789.92,37807.946,1.8182,2.9664,0.54,37.0686,33.7008,4.7267,5.6626,5.003,0.6222,0.7465,21881.1,10334.24,6334.24,438716.055,207201.512,22.55,18.45,2.024
603158,腾龙股份,汽车配件,江苏,20150320,603158.SH,20170914,20.64,20.9,20.33,20.5,21.0,-0.5,-2.38,34374.49,70647.774,3.3263,5.4268,1.05,37.9005,34.4571,4.8328,5.7897,5.1153,0.6085,0.7302,21881.1,10334.24,6334.24,448562.55,211851.92,23.1,18.9,2.024
603158,腾龙股份,汽车配件,江苏,20150320,603158.SH,20170913,21.1,21.8,20.62,21.0,20.19,0.81,4.01,66291.03,139629.847,6.4147,10.4655,2.8,38.8249,35.2976,4.9507,5.9309,5.2401,0.594,0.7128,21881.1,10334.24,6334.24,459503.1,217019.04,22.21,18.17,2.024
603158,腾龙股份,汽车配件,江苏,20150320,603158.SH,20170912,20.09,20.46,19.8,20.19,20.06,0.13,0.65,28409.05,57184.343,2.749,4.485,1.36,37.3274,33.9361,4.7597,5.7022,5.038,0.6179,0.7414,21881.1,10334.24,6334.24,441779.409,208648.3056,22.07,18.05,2.024
603158,腾龙股份,汽车配件,江苏,20150320,603158.SH,20170911,20.08,20.22,19.86,20.06,19.89,0.17,0.85,19426.62,38860.735,1.8798,3.0669,1.03,37.0871,33.7176,4.7291,5.6654,5.0055,0.6219,0.7462,21881.1,10334.24,6334.24,438934.866,207304.8544,21.88,17.9,2.024
603158,腾龙股份,汽车配件,江苏,20150320,603158.SH,20170908,20.35,20.65,19.72,19.89,20.22,-0.33,-1.63,25197.0,50680.265,2.4382,3.9779,1.55,36.7728,33.4318,4.689,5.6174,4.9631,0.6272,0.7525,21881.1,10334.24,6334.24,435215.079,205548.0336,22.24,18.2,2.024
603158,腾龙股份,汽车配件,江苏,20150320,603158.SH,20170907,19.99,20.35,19.9,20.22,19.85,0.37,1.86,24993.06,50515.767,2.4185,3.9457,1.85,37.3829,33.9865,4.7668,5.7106,5.0454,0.6169,0.7403,21881.1,10334.24,6334.24,442435.842,208958.3328,21.84,17.87,2.024
603158,腾龙股份,汽车配件,江苏,20150320,603158.SH,20170906,19.66,20.26,19.43,19.85,19.7,0.15,0.76,20297.99,40366.023,1.9641,3.2045,1.79,36.6988,33.3646,4.6796,5.6061,4.9531,0.6284,0.7541,21881.1,10334.24,6334.24,434339.835,205134.664,21.67,17.73,2.024
603158,腾龙股份,汽车配件,江苏,20150320,603158.SH,20170905,19.85,19.98,19.34,19.7,19.85,-0.15,-0.76,14206.61,27799.432,1.3747,2.2428,1.31,36.4215,33.1125,4.6442,5.5638,4.9157,0.6332,0.7598,21881.1,10334.24,6334.24,431057.67,203584.528,21.84,17.87,2.024
603158,腾龙股份,汽车配件,江苏,20150320,603158.SH,20170904,19.75,20.03,19.61,19.85,19.79,0.06,0.3,9909.65,19711.873,0.9589,1.5645,0.83,36.6988,33.3646,4.6796,5.6061,4.9531,0.6284,0.7541,21881.1,10334.24,6334.24,434339.835,205134.664,21.77,17.81,2.024
603158,腾龙股份,汽车配件,江苏,20150320,603158.SH,20170901,19.67,19.88,19.51,19.79,19.47,0.32,1.64,12013.19,23649.284,1.1625,1.8965,1.04,36.5879,33.2637,4.6654,5.5892,4.9381,0.6303,0.7563,21881.1,10334.24,6334.24,433026.969,204514.6096,21.42,17.52,2.024
603158,腾龙股份,汽车配件,江苏,20150320,603158.SH,20170831,19.51,19.72,19.4,19.47,19.46,0.01,0.05,11087.56,21621.861,1.0729,1.7504,1.0,35.9963,32.7259,4.59,5.4988,4.8583,0.6407,0.7688,21881.1,10334.24,6334.24,426025.017,201207.6528,21.41,17.51,2.024
603158,腾龙股份,汽车配件,江苏,20150320,603158.SH,20170830,19.62,19.99,19.44,19.46,19.64,-0.18,-0.92,9491.0,18698.013,0.9184,1.4984,0.85,35.9778,32.7091,4.5876,5.496,4.8558,0.641,0.7692,21881.1,10334.24,6334.24,425806.206,201104.3104,21.6,17.68,2.024
603158,腾龙股份,汽车配件,江苏,20150320,603158.SH,20170829,19.57,19.72,19.36,19.64,19.53,0.11,0.56,11715.0,22864.274,1.1336,1.8495,1.1,36.3106,35.3843,4.86,5.5468,5.1487,0.6352,0.7621,21881.1,10334.24,6334.24,429744.804,202964.4736,21.48,17.58,2.024
603158,腾龙股份,汽车配件,江苏,20150320,603158.SH,20170828,19.3,19.55,19.13,19.53,19.29,0.24,1.24,15528.38,30133.885,1.5026,2.4515,1.79,36.1072,35.1861,4.8328,5.5158,5.1198,0.6387,0.7664,21881.1,10334.24,6334.24,427337.883,201827.7072,21.22,17.36,2.024
603158,腾龙股份,汽车配件,江苏,20150320,603158.SH,20170825,19.08,19.35,19.08,19.29,19.03,0.26,1.37,9867.0,19004.862,0.9548,1.5577,1.26,35.6635,34.7537,4.7734,5.448,5.0569,0.6467,0.776,21881.1,10334.24,6334.24,422086.419,199347.4896,20.93,17.13,2.024
603158,腾龙股份,汽车配件,江苏,20150320,603158.SH,20170824,19.27,19.39,17.5,19.03,19.3,-0.27,-1.4,8749.92,16717.059,0.8467,1.3814,1.22,35.1828,34.2853,4.7091,5.3745,4.9888,0.6555,0.7866,21881.1,10334.24,6334.24,416397.333,196660.5872,21.23,17.37,2.024
603158,腾龙股份,汽车配件,江苏,20150320,603158.SH,20170823,19.29,19.5,19.1,19.3,19.3,0.0,0.0,9761.53,18870.511,0.9446,1.5411,1.56,35.682,34.7718,4.7759,5.4508,5.0595,0.6464,0.7756,21881.1,10334.24,6334.24,422305.23,199450.832,21.23,17.37,2.024
603158,腾龙股份,汽车配件,江苏,20150320,603158.SH,20170822,19.2,19.37,19.03,19.3,19.18,0.12,0.63,9398.1,18044.878,0.9094,1.4837,1.56,35.682,34.7718,4.7759,5.4508,5.0595,0.6464,0.7756,21881.1,10334.24,6334.24,422305.23,199450.832,21.1,17.26,2.024
603158,腾龙股份,汽车配件,江苏,20150320,603158.SH,20170821,19.29,19.29,19.08,19.18,19.19,-0.01,-0.05,5478.84,10492.913,0.5302,0.865,0.81,35.4601,34.5556,4.7462,5.4169,5.0281,0.6504,0.7804,21881.1,10334.24,6334.24,419679.498,198210.7232,21.11,17.27,2.024
603158,腾龙股份,汽车配件,江苏,20150320,603158.SH,20170818,19.18,19.27,19.01,19.19,19.19,0.0,0.0,5628.97,10778.68,0.5447,0.8359,0.76,35.4786,34.5736,4.7487,5.4197,5.0307,0.6501,0.78,21881.1,10334.24,6734.24,419898.309,198314.0656,21.11,17.27,2.024
603158,腾龙股份,汽车配件,江苏,20150320,603158.SH,20170817,19.18,19.27,19.01,19.19,19.08,0.11,0.58,5690.97,10897.62,0.5507,0.8451,0.78,35.4786,34.5736,4.7487,5.4197,5.0307,0.6501,0.78,21881.1,10334.24,6734.24,419898.309,198314.0656,20.99,17.17,2.024
603158,腾龙股份,汽车配件,江苏,20150320,603158.SH,20170816,19.13,19.18,18.97,19.08,19.1,-0.02,-0.1,5157.94,9837.723,0.4991,0.7659,0.68,35.2752,34.3754,4.7215,5.3887,5.0019,0.6538,0.7845,21881.1,10334.24,6734.24,417491.388,197177.2992,21.01,17.19,2.024
603158,腾龙股份,汽车配件,江苏,20150320,603158.SH,20170815,18.89,19.25,18.76,19.1,18.93,0.17,0.9,8169.0,15559.195,0.7905,1.2131,1.09,35.3122,34.4114,4.7264,5.3943,5.0071,0.6531,0.7837,21881.1,10334.24,6734.24,417929.01,197383.984,20.82,17.04,2.024
603158,腾龙股份,汽车配件,江苏,20150320,603158.SH,20170814,18.15,18.94,18.15,18.93,18.52,0.41,2.21,9184.52,17197.061,0.8887,1.3639,1.24,34.9979,34.1051,4.6844,5.3463,4.9625,0.659,0.7907,21881.1,10334.24,6734.24,414209.223,195627.1632,20.37,16.67,2.024
603158,腾龙股份,汽车配件,江苏,20150320,603158.SH,20170811,18.99,19.03,18.45,18.52,18.99,-0.47,-2.48,8778.0,16414.109,0.8494,1.3035,1.12,34.2399,33.3665,4.5829,5.2305,4.8551,0.6736,0.8082,21881.1,10334.24,6734.24,405237.972,191390.1248,20.89,17.09,2.024
603158,腾龙股份,汽车配件,江苏,20150320,603158.SH,20170810,18.95,19.08,18.81,18.99,18.95,0.04,0.21,5349.58,10136.47,0.5177,0.7944,0.5,35.1088,34.2132,4.6992,5.3632,4.9783,0.6569,0.7882,21881.1,10334.24,6734.24,415522.089,196247.2176,20.85,17.06,2.024
603158,腾龙股份,汽车配件,江苏,20150320,603158.SH,20170809,18.94,19.18,18.92,18.95,19.0,-0.05,-0.26,6225.0,11828.183,0.6024,0.9244,0.42,35.0349,34.1412,4.6893,5.3519,4.9678,0.6583,0.7899,21881.1,10334.24,6734.24,414646.845,195833.848,20.9,17.1,2.024
603158,腾龙股份,汽车配件,江苏,20150320,603158.SH,20170808,19.16,19.16,18.93,19.0,19.03,-0.03,-0.16,7938.0,15101.288,0.7681,1.2532,0.57,35.1273,34.2313,4.7017,5.3661,4.9809,0.6566,0.7878,21881.1,10334.24,6334.24,415740.9,196350.56,20.93,17.13,2.024
603158,腾龙股份,汽车配件,江苏,20150320,603158.SH,20170807,19.19,19.53,19.0,19.03,19.33,-0.3,-1.55,8829.85,16976.136,0.8544,1.394,0.66,35.1828,34.2853,4.7091,5.3745,4.9888,0.6555,0.7866,21881.1,10334.24,6334.24,416397.333,196660.5872,21.26,17.4,2.024
603158,腾龙股份,汽车配件,江苏,20150320,603158.SH,20170804,19.88,19.88,19.12,19.33,19.86,-0.53,-2.67,11002.7,21468.021,1.0647,1.737,0.91,35.7374,34.8258,4.7833,5.4593,5.0674,0.6453,0.7743,21881.1,10334.24,6334.24,422961.663,199760.8592,21.85,17.87,2.024
603158,腾龙股份,汽车配件,江苏,20150320,603158.SH,20170803,19.81,20.16,19.55,19.86,20.26,-0.4,-1.97,19494.66,38608.282,1.8864,3.0777,1.87,36.7173,35.7807,4.9145,5.609,5.2063,0.6281,0.7537,21881.1,10334.24,6334.24,434558.646,205238.0064,22.29,18.23,2.024
603158,腾龙股份,汽车配件,江苏,20150320,603158.SH,20170802,18.86,20.35,18.8,20.26,18.93,1.33,7.03,27298.64,53945.511,2.6416,4.3097,3.69,37.4568,36.5013,5.0135,5.7219,5.3112,0.6157,0.7388,21881.1,10334.24,6334.24,443311.086,209371.7024,20.82,17.04,2.024
603158,腾龙股份,汽车配件,江苏,20150320,603158.SH,20170801,18.83,19.07,18.83,18.93,18.97,-0.04,-0.21,3350.7,6341.46,0.3242,0.529,0.41,34.9979,34.1051,4.6844,5.3463,4.9625,0.659,0.7907,21881.1,10334.24,6334.24,414209.223,195627.1632,20.87,17.07,2.024
603158,腾龙股份,汽车配件,江苏,20150320,603158.SH,20170731,19.2,19.2,18.8,18.97,19.05,-0.08,-0.42,5621.36,10642.818,0.544,0.8875,0.71,35.0719,34.1772,4.6943,5.3576,4.973,0.6576,0.789,21881.1,10334.24,6334.24,415084.467,196040.5328,20.96,17.15,2.024
603158,腾龙股份,汽车配件,江苏,20150320,603158.SH,20170728,19.19,19.36,19.0,19.05,19.2,-0.15,-0.78,4892.8,9381.893,0.4735,0.7724,0.63,35.2198,34.3213,4.7141,5.3802,4.994,0.6548,0.7857,21881.1,10334.24,6334.24,416834.955,196867.272,21.12,17.28,2.024
603158,腾龙股份,汽车配件,江苏,20150320,603158.SH,20170727,18.8,19.26,18.8,19.2,18.87,0.33,1.75,10996.21,20925.784,1.0641,1.736,1.53,35.4971,34.5916,4.7512,5.4226,5.0333,0.6497,0.7796,21881.1,10334.24,6334.24,420117.12,198417.408,20.76,16.98,2.024
603158,腾龙股份,汽车配件,江苏,20150320,603158.SH,20170726,18.78,18.92,18.64,18.87,18.89,-0.02,-0.11,12133.56,22728.54,1.1741,1.9156,2.15,34.887,33.997,4.6695,5.3294,4.9468,0.6611,0.7932,21881.1,10334.24,6334.24,412896.357,195007.1088,20.78,17.0,2.024
603158,腾龙股份,汽车配件,江苏,20150320,603158.SH,20170725,19.01,19.08,18.69,18.89,19.02,-0.13,-0.68,6728.0,12686.201,0.651,1.0622,1.2,34.924,34.0331,4.6745,5.335,4.9521,0.6604,0.7924,21881.1,10334.24,6334.24,413333.979,195213.7936,20.92,17.12,2.024
603158,腾龙股份,汽车配件,江苏,20150320,603158.SH,20170724,19.0,19.19,18.68,19.02,18.95,0.07,0.37,4645.84,8835.119,0.4496,0.7334,0.7,35.1643,34.2673,4.7066,5.3717,4.9861,0.6559,0.787,21881.1,10334.24,6334.24,416178.522,196557.2448,20.85,17.06,2.024
603158,腾龙股份,汽车配件,江苏,20150320,603158.SH,20170721,19.0,19.28,18.8,18.95,19.0,-0.05,-0.26,4322.0,8197.157,0.4182,0.6823,0.65,35.0349,34.1412,4.6893,5.3519,4.9678,0.6583,0.7899,21881.1,10334.24,6334.24,414646.845,195833.848,20.9,17.1,2.024
603158,腾龙股份,汽车配件,江苏,20150320,603158.SH,20170720,18.95,19.19,18.95,19.0,19.0,0.0,0.0,8062.0,15357.022,0.7801,1.2728,1.15,35.1273,34.2313,4.7017,5.3661,4.9809,0.6566,0.7878,21881.1,10334.24,6334.24,415740.9,196350.56,20.9,17.1,2.024
603158,腾龙股份,汽车配件,江苏,20150320,603158.SH,20170719,18.87,19.23,18.62,19.0,18.88,0.12,0.64,4399.0,8359.65,0.4257,0.6945,0.5,35.1273,34.2313,4.7017,5.3661,4.9809,0.6566,0.7878,21881.1,10334.24,6334.24,415740.9,196350.56,20.77,16.99,2.024
603158,腾龙股份,汽车配件,江苏,20150320,603158.SH,20170718,18.69,18.95,18.04,18.88,18.71,0.17,0.91,6496.6,12041.066,0.6286,1.0256,0.65,34.9055,34.0151,4.672,5.3322,4.9494,0.6607,0.7928,21881.1,10334.24,6334.24,413115.168,195110.4512,20.58,16.84,2.024
603158,腾龙股份,汽车配件,江苏,20150320,603158.SH,20170717,19.79,19.79,18.64,18.71,19.74,-1.03,-5.22,9986.76,18978.952,0.9664,1.5766,0.94,34.5912,33.7088,4.6299,5.2842,4.9049,0.6667,0.8,21881.1,10334.24,6334.24,409395.381,193353.6304,21.71,17.77,2.024
603158,腾龙股份,汽车配件,江苏,20150320,603158.SH,20170714,19.72,19.88,19.6,19.74,19.83,-0.09,-0.45,4307.0,8506.187,0.4168,0.68,0.3,36.4954,35.5645,4.8848,5.5751,5.1749,0.6319,0.7583,21881.1,10334.24,6334.24,431932.914,203997.8976,21.81,17.85,2.024
603158,腾龙股份,汽车配件,江苏,20150320,603158.SH,20170713,19.89,20.05,19.65,19.83,20.1,-0.27,-1.34,9858.0,19548.008,0.9539,1.5563,0.65,36.6618,35.7266,4.9071,5.6005,5.1985,0.6291,0.7548,21881.1,10334.24,6334.24,433902.213,204927.9792,22.11,18.09,2.024
603158,腾龙股份,汽车配件,江苏,20150320,603158.SH,20170712,20.13,20.17,19.2,20.1,20.06,0.04,0.2,13782.0,27154.749,1.3336,2.1758,1.02,37.161,36.2131,4.9739,5.6767,5.2693,0.6206,0.7447,21881.1,10334.24,6334.24,439810.11,207718.224,22.07,18.05,2.024
603158,腾龙股份,汽车配件,江苏,20150320,603158.SH,20170711,20.67,20.67,20.0,20.06,20.67,-0.61,-2.95,11938.0,24203.63,1.1552,1.8847,0.95,37.0871,36.141,4.964,5.6654,5.2588,0.6219,0.7462,21881.1,10334.24,6334.24,438934.866,207304.8544,22.74,18.6,2.024
603158,腾龙股份,汽车配件,江苏,20150320,603158.SH,20170710,21.3,21.4,20.5,20.67,21.5,-0.83,-3.86,13382.0,27845.379,1.2949,2.1126,1.22,38.2148,37.24,5.1149,5.8377,5.4187,0.6035,0.7241,21881.1,10334.24,6334.24,452282.337,213608.7408,23.65,19.35,2.024
603158,腾龙股份,汽车配件,江苏,20150320,603158.SH,20170707,21.69,21.8,21.48,21.5,21.69,-0.19,-0.88,23465.0,50741.608,2.2706,3.7045,3.19,39.7493,38.7354,5.3203,6.0721,5.6363,0.5802,0.6962,21881.1,10334.24,6334.24,470443.65,222186.16,23.86,19.52,2.024
603158,腾龙股份,汽车配件,江苏,20150320,603158.SH,20170706,21.25,21.7,21.05,21.69,21.33,0.36,1.69,12995.89,27889.025,1.2576,2.0517,2.22,40.1006,39.0777,5.3673,6.1258,5.6861,0.5751,0.6901,21881.1,10334.24,6334.24,474601.059,224149.6656,23.46,19.2,2.024
603158,腾龙股份,汽车配件,江苏,20150320,603158.SH,20170705,21.28,21.43,21.13,21.33,21.25,0.08,0.38,5933.41,12623.697,0.5742,0.9367,0.93,39.435,38.4291,5.2783,6.0241,5.5917,0.5848,0.7017,21881.1,10334.24,6334.24,466723.863,220429.3392,23.38,19.13,2.024
603158,腾龙股份,汽车配件,江苏,20150320,603158.SH,20170704,21.46,21.68,21.18,21.25,21.59,-0.34,-1.57,7151.0,15266.694,0.692,1.1289,0.91,39.2871,38.285,5.2585,6.0015,5.5707,0.587,0.7044,21881.1,10334.24,6334.24,464973.375,219602.6,23.75,19.43,2.024
603158,腾龙股份,汽车配件,江苏,20150320,603158.SH,20170703,21.53,21.69,21.44,21.59,21.57,0.02,0.09,5396.0,11642.778,0.5221,0.8519,0.51,39.9157,38.8975,5.3426,6.0975,5.6599,0.5778,0.6933,21881.1,10334.24,6334.24,472412.949,223116.2416,23.73,19.41,2.024
603158,腾龙股份,汽车配件,江苏,20150320,603158.SH,20170630,21.59,21.72,21.39,21.57,21.67,-0.1,-0.46,5289.0,11367.504,0.5118,0.835,0.49,39.8788,38.8615,5.3376,6.0919,5.6546,0.5783,0.6939,21881.1,10334.24,6334.24,471975.327,222909.5568,23.84,19.5,2.024
603158,腾龙股份,汽车配件,江苏,20150320,603158.SH,20170629,21.52,21.7,21.31,21.67,21.64,0.03,0.14,5498.77,11824.027,0.5321,0.8681,0.48,40.0636,39.0417,5.3624,6.1201,5.6808,0.5757,0.6907,21881.1,10334.24,6334.24,474163.437,223942.9808,23.8,19.48,2.024
603158,腾龙股份,汽车配件,江苏,20150320,603158.SH,20170628,21.8,21.82,21.4,21.64,21.92,-0.28,-1.28,8626.76,18577.923,0.8348,1.3619,0.82,40.0082,38.9876,5.355,6.1117,5.673,0.5765,0.6917,21881.1,10334.24,6334.24,473507.004,223632.9536,24.11,19.73,2.024
603158,腾龙股份,汽车配件,江苏,20150320,603158.SH,20170627,21.9,22.38,21.7,21.92,21.95,-0.03,-0.14,14415.0,31671.325,1.3949,2.2757,1.62,40.5258,39.4921,5.4243,6.1907,5.7464,0.5691,0.6829,21881.1,10334.24,6334.24,479633.712,226526.5408,24.15,19.76,2.024
603158,腾龙股份,汽车配件,江苏,20150320,603158.SH,20170626,21.6,22.4,21.21,21.95,21.31,0.64,3.0,19351.0,41767.56,1.8725,3.055,3.15,40.5813,39.5461,5.4317,6.1992,5.7542,0.5683,0.6819,21881.1,10334.24,6334.24,480290.145,226836.568,23.44,19.18,2.024
603158,腾龙股份,汽车配件,江苏,20150320,603158.SH,20170623,21.41,21.67,21.0,21.31,21.4,-0.09,-0.42,5647.42,12047.034,0.5465,0.8916,0.9,39.3981,38.3931,5.2733,6.0185,5.5865,0.5854,0.7024,21881.1,10334.24,6334.24,466286.241,220222.6544,23.54,19.26,2.024
603158,腾龙股份,汽车配件,江苏,20150320,603158.SH,20170622,21.72,22.05,21.4,21.4,21.9,-0.5,-2.28,8650.0,18882.531,0.837,1.3656,1.08,39.5645,38.5552,5.2956,6.0439,5.6101,0.5829,0.6994,21881.1,10334.24,6334.24,468255.54,221152.736,24.09,19.71,2.024
603158,腾龙股份,汽车配件,江苏,20150320,603158.SH,20170621,21.88,22.07,21.81,21.9,21.92,-0.02,-0.09,4302.17,9433.037,0.4163,0.6792,0.48,40.4889,39.456,5.4193,6.1851,5.7411,0.5696,0.6835,21881.1,10334.24,6334.24,479196.09,226319.856,24.11,19.73,2.024
603158,腾龙股份,汽车配件,江苏,20150320,603158.SH,20170620,22.18,22.18,21.86,21.92,22.12,-0.2,-0.9,6624.38,14584.319,0.641,1.0458,0.77,40.5258,39.4921,5.4243,6.1907,5.7464,0.5691,0.6829,21881.1,10334.24,6334.24,479633.712,226526.5408,24.33,19.91,2.024
603158,腾龙股份,汽车配件,江苏,20150320,603158.SH,20170619,21.82,22.18,21.61,22.12,21.92,0.2,0.91,5482.0,12083.436,0.5305,0.8655,0.65,40.8956,39.8524,5.4737,6.2472,5.7988,0.564,0.6767,21881.1,10334.24,6334.24,484009.932,228593.3888,24.11,19.73,2.024
603158,腾龙股份,汽车配件,江苏,20150320,603158.SH,20170616,22.1,22.41,21.83,21.92,22.19,-0.27,-1.22,6239.0,13735.763,0.6037,0.985,0.79,40.5258,39.4921,5.4243,6.1907,5.7464,0.5691,0.6829,21881.1,10334.24,6334.24,479633.712,226526.5408,24.41,19.97,2.024
603158,腾龙股份,汽车配件,江苏,20150320,603158.SH,20170615,22.9,23.0,21.9,22.19,22.43,-0.24,-1.07,17448.51,39226.502,1.6884,2.7546,2.92,41.025,39.9785,5.4911,6.267,5.8172,0.5622,0.6745,21881.1,10334.24,6334.24,485541.609,229316.7856,24.67,20.19,2.024
603158,腾龙股份,汽车配件,江苏,20150320,603158.SH,20170614,21.26,22.99,21.01,22.43,21.09,1.34,6.35,8636.4,18511.483,0.8357,1.3634,1.38,41.4687,40.4109,5.5505,6.3348,5.8801,0.5562,0.6673,21881.1,10334.24,6334.24,490793.073,231797.0032,23.2,18.98,2.024
603158,腾龙股份,汽车配件,江苏,20150320,603158.SH,20170613,21.05,21.3,20.7,21.09,20.95,0.14,0.67,5062.98,10670.575,0.4899,0.7993,0.87,38.9913,37.9967,5.2189,5.9563,5.5288,0.5915,0.7097,21881.1,10334.24,6334.24,461472.399,217949.1216,23.05,18.86,2.024
603158,腾龙股份,汽车配件,江苏,20150320,603158.SH,20170612,21.01,21.18,20.9,20.95,21.07,-0.12,-0.57,4622.86,9727.191,0.4473,0.7298,0.81,38.6502,37.6643,5.2105,5.9042,5.4804,0.5967,0.716,21834.6,10334.24,6334.24,457434.87,216502.328,23.18,18.96,2.024
603158,腾龙股份,汽车配件,江苏,20150320,603158.SH,20170609,21.35,21.35,20.81,21.07,21.11,-0.04,-0.19,3907.3,8198.708,0.3781,0.6169,0.63,38.8716,37.88,5.2403,5.938,5.5118,0.5933,0.7119,21834.6,10334.24,6334.24,460055.022,217742.4368,23.22,19.0,2.024
603158,腾龙股份,汽车配件,江苏,20150320,603158.SH,20170608,21.31,21.6,20.94,21.11,21.49,-0.38,-1.77,7669.52,16293.662,0.7421,1.2108,1.33,38.9454,37.9519,5.2503,5.9493,5.5223,0.5922,0.7106,21834.6,10334.24,6334.24,460928.406,218155.8064,23.64,19.34,2.024
603158,腾龙股份,汽车配件,江苏,20150320,603158.SH,20170607,21.29,21.57,21.11,21.49,21.1,0.39,1.85,9921.02,21197.624,0.96,1.5663,1.88,39.6464,38.6351,5.3448,6.0564,5.6217,0.5817,0.698,21834.6,10334.24,6334.24,469225.554,222082.8176,23.21,18.99,2.024
603158,腾龙股份,汽车配件,江苏,20150320,603158.SH,20170606,20.7,21.2,20.7,21.1,21.11,-0.01,-0.05,2945.48,6193.862,0.285,0.465,0.41,38.9269,37.9339,5.2478,5.9465,5.5197,0.5925,0.7109,21834.6,10334.24,6334.24,460710.06,218052.464,23.22,19.0,2.024
603158,腾龙股份,汽车配件,江苏,20150320,603158.SH,20170605,21.09,21.58,20.9,21.11,21.05,0.06,0.29,4245.44,8989.458,0.4108,0.6702,0.53,38.9454,37.9519,5.2503,5.9493,5.5223,0.5922,0.7106,21834.6,10334.24,6334.24,460928.406,218155.8064,23.16,18.95,2.024
603158,腾龙股份,汽车配件,江苏,20150320,603158.SH,20170602,20.55,21.07,20.1,21.05,20.45,0.6,2.93,6466.18,13342.746,0.6257,1.0208,0.77,38.8347,37.844,5.2354,5.9324,5.5066,0.5939,0.7126,21834.6,10334.24,6334.24,459618.33,217535.752,22.5,18.41,2.024
603158,腾龙股份,汽车配件,江苏,20150320,603158.SH,20170601,20.91,21.23,20.33,20.45,21.05,-0.6,-2.85,5191.14,10715.569,0.5023,0.8195,0.47,37.7277,36.7653,5.0861,5.7633,5.3496,0.6113,0.7335,21834.6,10334.24,6334.24,446517.57,211335.208,23.16,18.95,2.024
603158,腾龙股份,汽车配件,江苏,20150320,603158.SH,20170531,21.1,21.89,20.88,21.05,20.9,0.15,0.72,7533.15,16073.673,0.729,1.1893,0.68,38.8347,37.844,5.2354,5.9324,5.5066,0.5939,1.3065,21834.6,10334.24,6334.24,459618.33,217535.752,22.99,18.81,2.024
603158,腾龙股份,汽车配件,江苏,20150320,603158.SH,20170526,19.93,20.96,19.93,20.9,19.98,0.92,4.6,12279.5,25263.142,1.1882,1.9386,1.01,38.5579,37.5744,5.1981,5.8901,5.4673,0.5981,1.3158,21834.6,10334.24,6334.24,456343.14,215985.616,21.98,17.98,2.024
603158,腾龙股份,汽车配件,江苏,20150320,603158.SH,20170525,20.05,20.19,19.64,19.98,20.03,-0.05,-0.25,8275.43,16506.768,0.8008,1.3065,0.54,36.8607,35.9204,4.9692,5.6309,5.2267,0.6257,1.3764,21834.6,10334.24,6334.24,436255.308,206478.1152,22.03,18.03,2.024
603158,腾龙股份,汽车配件,江苏,20150320,603158.SH,20170524,20.25,20.28,19.48,20.03,20.23,-0.2,-0.99,8768.63,17373.678,0.8485,1.3843,0.42,36.9529,36.0103,4.9817,5.6449,5.2398,0.6241,1.373,21834.6,10334.24,6334.24,437347.038,206994.8272,22.25,18.21,2.024
603158,腾龙股份,汽车配件,江苏,20150320,603158.SH,20170523,22.28,22.3,19.96,20.23,22.18,-1.95,-8.79,17826.11,36908.142,1.725,2.8142,0.93,37.3219,36.3698,5.0314,5.7013,5.2921,0.618,1.3594,21834.6,10334.24,6334.24,441713.958,209061.6752,24.4,19.96,2.024
603158,腾龙股份,汽车配件,江苏,20150320,603158.SH,20170522,22.91,22.95,22.16,22.18,23.12,-0.94,-4.07,7982.0,18049.719,0.7724,1.2601,0.39,40.9194,39.8756,5.5164,6.2509,5.8022,0.5636,1.2399,21834.6,10334.24,6334.24,484291.428,229213.4432,25.43,20.81,2.024
603158,腾龙股份,汽车配件,江苏,20150320,603158.SH,20170519,23.33,23.63,22.33,23.12,23.7,-0.58,-2.45,18075.84,41366.184,1.7491,2.8537,1.04,42.6536,41.5655,5.7502,6.5158,6.0481,0.5407,1.1895,21834.6,10334.24,6334.24,504815.952,238927.6288,26.07,21.33,2.024
603158,腾龙股份,汽车配件,江苏,20150320,603158.SH,20170518,24.0,24.01,23.7,23.7,24.75,-1.05,-4.24,23644.12,56369.884,2.2879,3.7327,1.68,43.7236,42.6083,5.8944,6.6792,6.1998,0.5275,1.1604,21834.6,10334.24,6334.24,517480.02,244921.488,27.23,22.28,2.024
603158,腾龙股份,汽车配件,江苏,20150320,603158.SH,20170517,25.04,25.48,24.73,24.75,25.02,-0.27,-1.08,36806.23,92475.038,3.5616,5.8107,4.99,45.6607,44.496,6.1556,6.9752,6.4745,0.5051,1.1112,21834.6,10334.24,6334.24,540406.35,255772.44,27.52,22.52,2.024
603158,腾龙股份,汽车配件,江苏,20150320,603158.SH,20170516,24.85,25.08,24.36,25.02,24.85,0.17,0.68,9353.08,23146.49,0.9051,1.4766,1.52,46.1588,44.9814,6.2227,7.0512,6.5451,0.4996,1.0992,21834.6,10334.24,6334.24,546301.692,258562.6848,27.34,22.37,2.024
603158,腾龙股份,汽车配件,江苏,20150320,603158.SH,20170515,24.48,24.99,23.96,24.85,24.25,0.6,2.47,13800.02,33701.702,1.3354,2.1786,3.39,45.8452,44.6757,6.1805,7.0033,6.5006,0.5031,1.1067,21834.6,10334.24,6334.24,542589.81,256805.864,26.68,21.83,2.024
603158,腾龙股份,汽车配件,江苏,20150320,603158.SH,20170512,24.2,24.45,24.03,24.25,24.36,-0.11,-0.45,3133.26,7599.341,0.3032,0.4947,0.68,44.7383,43.5971,6.0312,6.8342,6.3437,0.5155,1.1341,21834.6,10334.24,6334.24,529489.05,250605.32,26.8,21.92,2.024
603158,腾龙股份,汽车配件,江苏,20150320,603158.SH,20170511,24.57,24.57,23.66,24.36,24.39,-0.03,-0.12,7261.77,17528.132,0.7027,1.1464,1.78,44.9412,43.7948,6.0586,6.8652,6.3725,0.5132,1.1289,21834.6,10334.24,6334.24,531890.856,251742.0864,26.83,21.95,2.024
603158,腾龙股份,汽车配件,江苏,20150320,603158.SH,20170510,24.3,24.53,24.2,24.39,24.33,0.06,0.25,3345.11,8145.039,0.3237,0.5281,0.8,44.9966,43.8487,6.0661,6.8737,6.3803,0.5126,1.1276,21834.6,10334.24,6334.24,532545.894,252052.1136,26.76,21.9,2.024
603158,腾龙股份,汽车配件,江苏,20150320,603158.SH,20170509,24.31,24.55,24.01,24.33,24.36,-0.03,-0.12,3281.24,7938.389,0.3175,0.518,0.75,44.8859,43.7409,6.0511,6.8568,6.3646,0.5138,1.1303,21834.6,10334.24,6334.24,531235.818,251432.0592,26.8,21.92,2.024
603158,腾龙股份,汽车配件,江苏,20150320,603158.SH,20170508,24.66,24.82,24.21,24.36,24.66,-0.3,-1.22,3329.12,8158.932,0.3221,0.5256,0.64,44.9412,43.7948,6.0586,6.8652,6.3725,0.5132,1.1289,21834.6,10334.24,6334.24,531890.856,251742.0864,27.13,22.19,2.024
603158,腾龙股份,汽车配件,江苏,20150320,603158.SH,20170505,24.74,24.83,24.2,24.66,24.57,0.09,0.37,5863.96,14366.27,0.5674,0.9258,0.99,45.4947,44.3342,6.1332,6.9498,6.4509,0.5069,1.1152,21834.6,10334.24,6334.24,538441.236,254842.3584,27.03,22.11,2.024
603158,腾龙股份,汽车配件,江苏,20150320,603158.SH,20170504,24.6,24.86,24.4,24.57,24.6,-0.03,-0.12,4593.97,11349.057,0.4445,0.7253,0.79,45.3286,44.1724,6.1108,6.9244,6.4274,0.5088,1.1193,21834.6,10334.24,6334.24,536476.122,253912.2768,27.06,22.14,2.024
603158,腾龙股份,汽车配件,江苏,20150320,603158.SH,20170503,24.85,24.85,24.23,24.75,24.64,0.11,0.45,3803.62,9360.633,0.3753,0.6201,0.59,45.6607,44.496,5.9342,6.9752,6.4745,0.5051,0.5051,21834.6,10134.0,6134.0,540406.35,250816.5,27.1,22.18,2.011
603158,腾龙股份,汽车配件,江苏,20150320,603158.SH,20170502,24.47,24.79,24.47,24.64,24.5,0.14,0.57,4219.62,10402.379,0.4164,0.6879,0.6,45.4578,44.2982,5.9078,6.9442,6.4457,0.5074,0.5074,21834.6,10134.0,6134.0,538004.544,249701.76,26.95,22.05,2.011
603158,腾龙股份,汽车配件,江苏,20150320,603158.SH,20170428,24.45,24.8,23.8,24.5,24.28,0.22,0.91,7343.67,17882.979,0.7247,1.1972,1.04,45.1995,44.0465,5.8743,6.9047,6.4091,0.5103,0.5103,21834.6,10134.0,6134.0,534947.7,248283.0,26.71,21.85,2.011
603158,腾龙股份,汽车配件,江苏,20150320,603158.SH,20170427,25.12,25.12,24.13,24.28,25.15,-0.87,-3.46,9746.35,23910.687,0.9617,1.5889,1.5,44.7936,43.651,5.8215,6.8427,6.3515,0.5149,0.5149,21834.6,10134.0,6134.0,530144.088,246053.52,27.67,22.64,2.011
603158,腾龙股份,汽车配件,江苏,20150320,603158.SH,20170426,25.28,25.47,25.1,25.15,25.24,-0.09,-0.36,3842.14,9695.772,0.3791,0.6264,0.55,46.3987,45.2151,6.0301,7.0879,6.5791,0.4971,0.4971,21834.6,10134.0,6134.0,549140.19,254870.1,27.76,22.72,2.011
603158,腾龙股份,汽车配件,江苏,20150320,603158.SH,20170425,25.84,25.84,24.66,25.24,25.69,-0.45,-1.75,6851.0,17215.656,0.676,1.1169,1.02,46.5647,46.5647,6.2822,7.1133,7.1133,0.4953,0.4953,21834.6,10134.0,6134.0,551105.304,255782.16,28.26,23.12,2.011
603158,腾龙股份,汽车配件,江苏,20150320,603158.SH,20170424,26.68,26.68,25.57,25.69,26.53,-0.84,-3.17,7335.57,18912.823,0.7239,1.1959,0.9,47.3949,47.3949,6.3942,7.2401,7.2401,0.4866,0.4866,21834.6,10134.0,6134.0,560930.874,260342.46,29.18,23.88,2.011
603158,腾龙股份,汽车配件,江苏,20150320,603158.SH,20170421,26.21,26.69,25.6,26.53,26.44,0.09,0.34,7450.16,19626.199,0.7352,1.2146,0.79,48.9446,48.9446,6.6033,7.4768,7.4768,0.4712,0.4712,21834.6,10134.0,6134.0,579271.938,268855.02,29.08,23.8,2.011
603158,腾龙股份,汽车配件,江苏,20150320,603158.SH,20170420,26.78,26.78,25.96,26.44,26.7,-0.26,-0.97,6904.5,18146.575,0.6813,1.1256,0.67,48.7786,48.7786,6.5809,7.4514,7.4514,0.4728,0.4728,21834.6,10134.0,6134.0,577306.824,267942.96,29.37,24.03,2.011
603158,腾龙股份,汽车配件,江苏,20150320,603158.SH,20170419,26.95,26.98,25.86,26.7,26.85,-0.15,-0.56,6207.0,16326.514,0.6125,1.0119,0.59,49.2582,49.2582,6.6456,7.5247,7.5247,0.4682,0.4682,21834.6,10134.0,6134.0,582983.82,270577.8,29.54,24.17,2.011
603158,腾龙股份,汽车配件,江苏,20150320,603158.SH,20170418,27.0,27.08,26.57,26.85,27.07,-0.22,-0.81,5828.07,15618.869,0.5751,0.9501,0.49,49.535,49.535,6.6829,7.567,7.567,0.4656,0.4656,21834.6,10134.0,6134.0,586259.01,272097.9,29.78,24.36,2.011
603158,腾龙股份,汽车配件,江苏,20150320,603158.SH,20170417,26.66,28.1,26.5,27.07,26.66,0.41,1.54,14462.72,39174.295,1.4271,2.3578,1.14,49.9408,49.9408,6.7377,7.629,7.629,0.4618,0.4618,21834.6,10134.0,6134.0,591062.622,274327.38,29.33,23.99,2.011
603158,腾龙股份,汽车配件,江苏,20150320,603158.SH,20170414,27.8,27.8,26.43,26.66,27.52,-0.86,-3.13,13650.83,36789.108,1.347,2.2254,0.95,49.1844,49.1844,6.6356,7.5134,7.5134,0.4689,0.4689,21834.6,10134.0,6134.0,582110.436,270172.44,30.27,24.77,2.011
603158,腾龙股份,汽车配件,江苏,20150320,603158.SH,20170413,28.18,28.18,27.39,27.52,27.83,-0.31,-1.11,11549.07,31905.34,1.1396,1.8828,0.74,50.771,50.771,6.8497,7.7558,7.7558,0.4543,0.4543,21834.6,10134.0,6134.0,600888.192,278887.68,30.61,25.05,2.011
603158,腾龙股份,汽车配件,江苏,20150320,603158.SH,20170412,27.81,27.97,27.5,27.83,27.91,-0.08,-0.29,7353.24,20386.632,0.7256,1.1988,0.38,51.3429,51.3429,6.9268,7.8432,7.8432,0.4492,0.4492,21834.6,10134.0,6134.0,607656.918,282029.22,30.7,25.12,2.011
603158,腾龙股份,汽车配件,江苏,20150320,603158.SH,20170411,28.16,28.25,27.78,27.91,28.25,-0.34,-1.2,11957.0,33410.089,1.1799,1.9493,0.57,51.4905,51.4905,6.9467,7.8657,7.8657,0.4479,0.4479,21834.6,10134.0,6134.0,609403.686,282839.94,31.08,25.43,2.011
603158,腾龙股份,汽车配件,江苏,20150320,603158.SH,20170410,28.35,28.5,27.69,28.25,28.35,-0.1,-0.35,19086.19,53833.662,1.8834,3.1115,0.92,52.1178,52.1178,7.0314,7.9615,7.9615,0.4425,0.4425,21834.6,10134.0,6134.0,616827.45,286285.5,31.19,25.52,2.011
603158,腾龙股份,汽车配件,江苏,20150320,603158.SH,20170407,28.33,28.53,28.1,28.35,28.21,0.14,0.5,21580.1,61119.196,2.1295,3.5181,1.17,52.3023,52.3023,7.0563,7.9897,7.9897,0.441,0.441,21834.6,10134.0,6134.0,619010.91,287298.9,31.03,25.39,2.011
603158,腾龙股份,汽车配件,江苏,20150320,603158.SH,20170406,28.34,28.39,27.91,28.21,28.34,-0.13,-0.46,18565.98,52185.89,1.832,3.0267,1.14,52.044,52.044,7.0214,7.9503,7.9503,0.4431,0.4431,21834.6,10134.0,6134.0,615954.066,285880.14,31.17,25.51,2.011
603158,腾龙股份,汽车配件,江苏,20150320,603158.SH,20170405,27.6,28.4,27.53,28.34,27.93,0.41,1.47,25807.49,72562.955,2.5466,4.2073,1.83,52.2838,52.2838,7.0538,7.9869,7.9869,0.4411,0.4411,21834.6,10134.0,6134.0,618792.564,287197.56,30.72,25.14,2.011
603158,腾龙股份,汽车配件,江苏,20150320,603158.SH,20170331,26.4,28.0,26.28,27.93,26.54,1.39,5.24,19942.74,54030.511,1.9679,3.2512,1.25,51.5274,51.5274,6.9517,7.8714,7.8714,0.4476,0.4476,21834.6,10134.0,6134.0,609840.378,283042.62,29.19,23.89,2.011
603158,腾龙股份,汽车配件,江苏,20150320,603158.SH,20170330,27.1,27.3,25.59,26.54,27.08,-0.54,-1.99,17939.52,47410.261,1.7702,2.9246,0.96,48.963,48.963,6.6058,7.4796,7.4796,0.471,0.471,21834.6,10134.0,6134.0,579490.284,268956.36,29.79,24.37,2.011
603158,腾龙股份,汽车配件,江苏,20150320,603158.SH,20170329,27.98,28.2,27.03,27.08,27.42,-0.34,-1.24,9896.26,27209.941,0.9765,1.6133,0.41,49.9593,49.9593,6.7402,7.6318,7.6318,0.4616,0.4616,21834.6,10134.0,6134.0,591280.968,274428.72,30.16,24.68,2.011
603158,腾龙股份,汽车配件,江苏,20150320,603158.SH,20170328,27.68,28.0,27.36,27.42,27.68,-0.26,-0.94,7869.31,21797.778,0.7765,1.2829,0.29,50.5865,50.5865,6.8248,7.7276,7.7276,0.4559,0.4559,21834.6,10134.0,6134.0,598704.732,277874.28,30.45,24.91,2.011
603158,腾龙股份,汽车配件,江苏,20150320,603158.SH,20170327,27.52,27.92,27.08,27.68,27.54,0.14,0.51,14921.73,40977.887,1.4724,2.4326,0.55,65.103,57.1834,6.8549,9.6774,8.7319,0.4516,0.4516,21834.6,10134.0,6134.0,604381.728,280509.12,30.29,24.79,2.011
603158,腾龙股份,汽车配件,江苏,20150320,603158.SH,20170324,28.41,28.5,27.37,27.54,28.52,-0.98,-3.44,28970.32,80261.852,2.8587,4.7229,1.04,64.7738,56.8942,6.8202,9.6285,8.6877,0.4539,0.4539,21834.6,10134.0,6134.0,601324.884,279090.36,31.37,25.67,2.011
603158,腾龙股份,汽车配件,江苏,20150320,603158.SH,20170323,29.34,29.35,28.5,28.52,29.39,-0.87,-2.96,31553.21,90888.715,3.1136,5.144,1.33,67.0787,58.9188,7.0629,9.9711,8.9969,0.4383,0.4383,21834.6,10134.0,6134.0,622722.792,289021.68,32.33,26.45,2.011
603158,腾龙股份,汽车配件,江苏,20150320,603158.SH,20170322,28.51,29.43,28.28,29.39,28.84,0.55,1.91,36547.6,105333.721,3.6064,5.9582,1.99,69.1249,60.7161,7.2784,10.2753,9.2713,0.4254,0.4254,21834.6,10134.0,6134.0,641718.894,297838.26,31.72,25.96,2.011
603158,腾龙股份,汽车配件,江苏,20150320,603158.SH,20170321,28.99,29.06,28.48,28.84,28.99,-0.15,-0.52,22535.16,64815.866,2.2237,3.6738,1.3,67.8313,59.5798,7.1422,10.083,9.0978,0.4335,0.4335,21834.6,10134.0,6134.0,629709.864,292264.56,31.89,26.09,2.011
603158,腾龙股份,汽车配件,江苏,20150320,603158.SH,20170320,28.78,29.08,28.41,28.99,28.86,0.13,0.45,15421.7,44176.942,1.5218,2.5141,0.89,68.1841,59.8897,7.1793,10.1355,9.1451,0.4312,0.4312,21834.6,10134.0,6134.0,632985.054,293784.66,31.75,25.97,2.011
603158,腾龙股份,汽车配件,江苏,20150320,603158.SH,20170317,29.0,29.22,28.2,28.86,28.64,0.22,0.77,32977.62,94766.38,3.2542,5.3762,2.31,67.8784,59.6212,7.1471,10.09,9.1041,0.4332,0.4332,21834.6,10134.0,6134.0,630146.556,292467.24,31.5,25.78,2.011
603158,腾龙股份,汽车配件,江苏,20150320,603158.SH,20170316,28.17,28.75,28.17,28.64,28.56,0.08,0.28,11268.74,32204.985,1.112,1.8371,0.83,67.361,59.1667,7.0926,10.0131,9.0347,0.4365,0.4365,21834.6,10134.0,6134.0,625342.944,290237.76,31.42,25.7,2.011
603158,腾龙股份,汽车配件,江苏,20150320,603158.SH,20170315,28.55,28.76,28.06,28.56,28.76,-0.2,-0.7,9641.13,27270.965,0.9514,1.5718,0.74,67.1728,59.0014,7.0728,9.9851,9.0095,0.4377,0.4377,21834.6,10134.0,6134.0,623596.176,289427.04,31.64,25.88,2.011
603158,腾龙股份,汽车配件,江苏,20150320,603158.SH,20170314,28.97,29.09,28.63,28.76,28.85,-0.09,-0.31,17481.57,50497.715,1.725,2.8499,1.55,67.6432,59.4146,7.1223,10.055,9.0726,0.4347,0.4347,21834.6,10134.0,6134.0,627963.096,291453.84,31.74,25.97,2.011
603158,腾龙股份,汽车配件,江苏,20150320,603158.SH,20170313,28.59,28.86,28.46,28.85,28.61,0.24,0.84,15167.74,43490.304,1.4967,2.4727,1.44,67.8549,59.6005,7.1446,10.0865,9.101,0.4333,0.4333,21834.6,10134.0,6134.0,629928.21,292365.9,31.47,25.75,2.011
603158,腾龙股份,汽车配件,江苏,20150320,603158.SH,20170310,28.23,28.68,27.9,28.61,28.26,0.35,1.24,17947.63,51121.185,1.771,2.9259,1.83,67.2904,59.1047,7.0852,10.0026,9.0253,0.437,0.437,21834.6,10134.0,6134.0,624687.906,289933.74,31.09,25.43,2.011
603158,腾龙股份,汽车配件,江苏,20150320,603158.SH,20170309,28.35,28.35,27.87,28.26,28.35,-0.09,-0.32,7834.58,21959.217,0.7731,1.2772,0.71,66.4672,58.3816,6.9985,9.8802,8.9148,0.4424,0.4424,21834.6,10134.0,6134.0,617045.796,286386.84,31.19,25.52,2.011
603158,腾龙股份,汽车配件,江苏,20150320,603158.SH,20170308,28.5,28.5,27.89,28.35,28.53,-0.18,-0.63,6540.98,18471.778,0.6454,1.0663,0.52,66.6789,58.5676,7.0208,9.9117,8.9432,0.441,0.441,21834.6,10134.0,6134.0,619010.91,287298.9,31.38,25.68,2.011
603158,腾龙股份,汽车配件,江苏,20150320,603158.SH,20170307,28.3,28.69,28.23,28.53,28.53,0.0,0.0,9030.37,25651.832,0.8911,1.4722,0.76,67.1022,58.9394,7.0654,9.9746,9.0,0.4382,0.4382,21834.6,10134.0,6134.0,622941.138,289123.02,31.38,25.68,2.011
603158,腾龙股份,汽车配件,江苏,20150320,603158.SH,20170306,28.53,28.82,28.23,28.53,28.51,0.02,0.07,11145.19,31721.133,1.0998,1.817,1.03,67.1022,58.9394,7.0654,9.9746,9.0,0.4382,0.4382,21834.6,10134.0,6134.0,622941.138,289123.02,31.36,25.66,2.011
603158,腾龙股份,汽车配件,江苏,20150320,603158.SH,20170303,28.27,28.64,27.9,28.51,28.18,0.33,1.17,14479.09,41041.306,1.4288,2.3605,1.52,67.0552,58.8981,7.0604,9.9676,8.9937,0.4385,0.4385,21834.6,10134.0,6134.0,622504.446,288920.34,31.0,25.36,2.011
603158,腾龙股份,汽车配件,江苏,20150320,603158.SH,20170302,27.73,28.25,27.5,28.18,27.73,0.45,1.62,13754.45,38383.184,1.3573,2.2423,1.64,66.279,58.2164,6.9787,9.8523,8.8896,0.4436,0.4436,21834.6,10134.0,6134.0,615299.028,285576.12,30.5,24.96,2.011
603158,腾龙股份,汽车配件,江苏,20150320,603158.SH,20170301,27.6,27.8,27.18,27.73,27.19,0.54,1.99,14164.29,39049.493,1.3977,2.3091,1.72,65.2206,57.2867,6.8673,9.6949,8.7477,0.4508,0.4508,21834.6,10134.0,6134.0,605473.458,281015.82,29.91,24.47,2.011
603158,腾龙股份,汽车配件,江苏,20150320,603158.SH,20170228,27.15,27.39,26.92,27.19,27.18,0.01,0.04,5968.73,16245.18,0.589,0.9731,0.67,63.9506,56.1712,6.7335,9.5061,8.5773,0.4598,0.4598,21834.6,10134.0,6134.0,593682.774,275543.46,29.9,24.46,2.011
603158,腾龙股份,汽车配件,江苏,20150320,603158.SH,20170227,27.55,27.62,27.16,27.18,27.37,-0.19,-0.69,5768.91,15782.225,0.5693,0.9405,0.62,63.927,56.1505,6.7311,9.5026,8.5742,0.4599,0.4599,21834.6,10134.0,6134.0,593464.428,275442.12,30.11,24.63,2.011
603158,腾龙股份,汽车配件,江苏,20150320,603158.SH,20170224,27.31,27.49,26.94,27.37,27.33,0.04,0.15,7887.99,21443.427,0.7784,1.2859,0.9,64.3739,56.543,6.7781,9.5691,8.6341,0.4567,0.4567,21834.6,10134.0,6134.0,597613.002,277367.58,30.06,24.6,2.011
603158,腾龙股份,汽车配件,江苏,20150320,603158.SH,20170223,27.46,27.74,27.2,27.33,27.46,-0.13,-0.47,8040.5,22078.32,0.7934,1.3108,0.91,64.2798,56.4604,6.7682,9.5551,8.6215,0.4574,0.4574,21834.6,10134.0,6134.0,596739.618,276962.22,30.21,24.71,2.011
603158,腾龙股份,汽车配件,江苏,20150320,603158.SH,20170222,26.72,27.5,26.71,27.46,26.71,0.75,2.81,13584.14,36941.126,1.3405,2.2146,1.72,64.5856,56.7289,6.8004,9.6005,8.6625,0.4552,0.4552,21834.6,10134.0,6134.0,599578.116,278279.64,29.38,24.04,2.011
603158,腾龙股份,汽车配件,江苏,20150320,603158.SH,20170221,26.33,26.8,26.2,26.71,26.34,0.37,1.4,9141.34,24232.997,0.902,1.4903,1.18,62.8216,55.1795,6.6147,9.3383,8.4259,0.468,0.468,21834.6,10134.0,6134.0,583202.166,270679.14,28.97,23.71,2.011
603158,腾龙股份,汽车配件,江苏,20150320,603158.SH,20170220,26.25,26.56,26.07,26.34,26.36,-0.02,-0.08,7564.05,19840.844,0.7464,1.2331,0.86,61.9514,54.4152,6.523,9.209,8.3092,0.4746,0.4746,21834.6,10134.0,6134.0,575123.364,266929.56,29.0,23.72,2.011
603158,腾龙股份,汽车配件,江苏,20150320,603158.SH,20170217,26.59,26.77,26.35,26.36,26.61,-0.25,-0.94,5271.43,13968.615,0.5202,0.8594,0.4,61.9984,54.4565,6.528,9.216,8.3155,0.4742,0.4742,21834.6,10134.0,6134.0,575560.056,267132.24,29.27,23.95,2.011
603158,腾龙股份,汽车配件,江苏,20150320,603158.SH,20170216,26.45,26.64,26.18,26.61,26.41,0.2,0.76,8521.72,22516.193,0.8409,1.3893,0.66,62.5864,54.9729,6.5899,9.3034,8.3943,0.4698,0.4698,21834.6,10134.0,6134.0,581018.706,269665.74,29.05,23.77,2.011
603158,腾龙股份,汽车配件,江苏,20150320,603158.SH,20170215,27.3,27.31,26.36,26.41,27.28,-0.87,-3.19,9068.01,24309.466,0.8948,1.4783,0.73,62.116,54.5598,6.5404,9.2334,8.3312,0.4733,0.4733,21834.6,10134.0,6134.0,576651.786,267638.94,30.01,24.55,2.011
603158,腾龙股份,汽车配件,江苏,20150320,603158.SH,20170214,27.68,27.75,27.0,27.28,27.76,-0.48,-1.73,8370.09,22845.892,0.8259,1.3645,0.7,64.1622,56.3571,6.7558,9.5376,8.6057,0.4583,0.4583,21834.6,10134.0,6134.0,595647.888,276455.52,30.54,24.98,2.011
603158,腾龙股份,汽车配件,江苏,20150320,603158.SH,20170213,27.61,27.86,27.33,27.76,28.18,-0.42,-1.49,12700.21,35054.394,1.2532,2.0705,1.2,65.2912,57.3487,6.8747,9.7054,8.7571,0.4503,0.4503,21834.6,10134.0,6134.0,606128.496,281319.84,31.0,25.36,2.011
603158,腾龙股份,汽车配件,江苏,20150320,603158.SH,20170210,26.84,29.52,26.42,28.18,26.84,1.34,4.99,26460.02,74264.682,2.611,4.3137,4.11,66.279,58.2164,6.9787,9.8523,8.8896,0.4436,0.4436,21834.6,10134.0,6134.0,615299.028,285576.12,29.52,24.16,2.011
603158,腾龙股份,汽车配件,江苏,20150320,603158.SH,20170209,26.59,26.88,26.37,26.84,26.55,0.29,1.09,7870.8,20932.683,0.7767,1.2831,1.23,63.1274,55.4481,6.6469,9.3838,8.4669,0.4658,0.4658,21834.6,10134.0,6134.0,586040.664,271996.56,29.21,23.9,2.011
603158,腾龙股份,汽车配件,江苏,20150320,603158.SH,20170208,27.0,27.0,26.23,26.55,26.92,-0.37,-1.37,6844.99,18124.438,0.6754,1.1159,0.99,62.4453,54.849,6.575,9.2824,8.3754,0.4709,0.4709,21834.6,10134.0,6134.0,579708.63,269057.7,29.61,24.23,2.011
603158,腾龙股份,汽车配件,江苏,20150320,603158.SH,20170207,27.01,27.37,26.8,26.92,26.99,-0.07,-0.26,5607.71,15180.078,0.5534,0.9142,0.8,63.3155,55.6134,6.6667,9.4117,8.4921,0.4644,0.4644,21834.6,10134.0,6134.0,587787.432,272807.28,29.69,24.29,2.011
603158,腾龙股份,汽车配件,江苏,20150320,603158.SH,20170206,26.77,27.15,26.61,26.99,26.69,0.3,1.12,6064.75,16258.663,0.5985,0.9887,0.93,63.4802,55.758,6.684,9.4362,8.5142,0.4632,0.4632,21834.6,10134.0,6134.0,589315.854,273516.66,29.36,24.02,2.011
603158,腾龙股份,汽车配件,江苏,20150320,603158.SH,20170203,27.08,27.08,26.2,26.69,26.64,0.05,0.19,5781.37,15414.184,0.5705,0.9425,0.83,62.7746,55.1382,6.6097,9.3313,8.4196,0.4684,0.4684,21834.6,10134.0,6134.0,582765.474,270476.46,29.3,23.98,2.011
603158,腾龙股份,汽车配件,江苏,20150320,603158.SH,20170126,26.07,26.88,26.01,26.64,26.25,0.39,1.49,7710.0,20497.408,0.7608,1.2569,1.21,62.657,55.0349,6.5973,9.3138,8.4038,0.4693,0.4693,21834.6,10134.0,6134.0,581673.744,269969.76,28.88,23.63,2.011
603158,腾龙股份,汽车配件,江苏,20150320,603158.SH,20170125,25.77,26.35,25.48,26.25,25.85,0.4,1.55,9542.8,24791.127,0.9417,1.5557,1.84,61.7397,54.2292,6.5007,9.1775,8.2808,0.4762,0.4762,21834.6,10134.0,6134.0,573158.25,266017.5,28.44,23.27,2.011
603158,腾龙股份,汽车配件,江苏,20150320,603158.SH,20170124,25.46,25.86,25.3,25.85,25.53,0.32,1.25,5847.54,14942.922,0.577,0.9533,0.96,60.7989,53.4029,6.4017,9.0376,8.1546,0.4836,0.4836,21834.6,10134.0,6134.0,564424.41,261963.9,28.08,22.98,2.011
603158,腾龙股份,汽车配件,江苏,20150320,603158.SH,20170123,25.45,25.73,25.44,25.53,25.39,0.14,0.55,3765.08,9625.144,0.3715,0.6138,0.44,60.0463,52.7418,6.3224,8.9258,8.0536,0.4897,0.4897,21834.6,10134.0,6134.0,557437.338,258721.02,27.93,22.85,2.011
603158,腾龙股份,汽车配件,江苏,20150320,603158.SH,20170120,24.7,25.54,24.7,25.39,25.02,0.37,1.48,8089.0,20438.088,0.7982,1.3187,0.89,59.717,52.4526,6.2878,8.8768,8.0095,0.4924,0.4924,21834.6,10134.0,6134.0,554380.494,257302.26,27.52,22.52,2.011
603158,腾龙股份,汽车配件,江苏,20150320,603158.SH,20170119,24.92,25.13,24.7,25.02,25.01,0.01,0.04,4503.0,11222.122,0.4443,0.7341,0.44,58.8468,51.6882,6.1961,8.7475,7.8928,0.4996,0.4996,21834.6,10134.0,6134.0,546301.692,253552.68,27.51,22.51,2.011
603158,腾龙股份,汽车配件,江苏,20150320,603158.SH,20170118,24.9,25.45,24.9,25.01,25.28,-0.27,-1.07,3793.0,9496.473,0.3743,0.6184,0.29,58.8232,51.6675,6.1937,8.744,7.8896,0.4998,0.4998,21834.6,10134.0,6134.0,546083.346,253451.34,27.81,22.75,2.011
603158,腾龙股份,汽车配件,江苏,20150320,603158.SH,20170117,25.67,25.67,24.21,25.28,25.17,0.11,0.44,10245.78,25623.682,1.011,1.6703,0.5,59.4583,52.2253,6.2605,8.8384,7.9748,0.4945,0.4945,21834.6,10134.0,6134.0,551978.688,256187.52,27.69,22.65,2.011
603158,腾龙股份,汽车配件,江苏,20150320,603158.SH,20170116,26.02,26.44,23.8,25.17,26.16,-0.99,-3.78,16390.92,41481.105,1.6174,2.6721,0.67,59.1996,51.9981,6.2333,8.7999,7.9401,0.4967,0.4967,21834.6,10134.0,6134.0,549576.882,255072.78,28.78,23.54,2.011
603158,腾龙股份,汽车配件,江苏,20150320,603158.SH,20170113,26.41,26.89,26.05,26.16,26.41,-0.25,-0.95,10285.13,27140.262,1.0149,1.6767,0.4,61.528,54.0433,6.4785,9.146,8.2524,0.4779,0.4779,21834.6,10134.0,6134.0,571193.136,265105.44,29.05,23.77,2.011
603158,腾龙股份,汽车配件,江苏,20150320,603158.SH,20170112,27.56,27.6,26.37,26.41,27.43,-1.02,-3.72,10933.09,29375.388,1.0789,1.7824,0.39,62.116,54.5598,6.5404,9.2334,8.3312,0.4733,0.4733,21834.6,10134.0,6134.0,576651.786,267638.94,30.17,24.69,2.011
603158,腾龙股份,汽车配件,江苏,20150320,603158.SH,20170111,26.7,27.8,26.7,27.43,26.72,0.71,2.66,18084.35,49229.946,1.7845,2.9482,0.62,64.515,56.667,6.793,9.59,8.653,0.4557,0.4557,21834.6,10134.0,6134.0,598923.078,277975.62,29.39,24.05,2.011
603158,腾龙股份,汽车配件,江苏,20150320,603158.SH,20170110,27.92,27.92,26.2,26.72,27.93,-1.21,-4.33,46696.62,125007.603,4.6079,7.6128,1.93,62.8451,55.2002,6.6171,9.3418,8.429,0.4679,0.4679,21834.6,10134.0,6134.0,583420.512,270780.48,30.72,25.14,2.011
603158,腾龙股份,汽车配件,江苏,20150320,603158.SH,20170109,29.0,29.3,27.63,27.93,29.09,-1.16,-3.99,36175.59,102494.041,3.5697,5.8976,1.49,65.691,57.6999,6.9168,9.7649,8.8107,0.4476,0.4476,21834.6,10134.0,6134.0,609840.378,283042.62,32.0,26.18,2.011
603158,腾龙股份,汽车配件,江苏,20150320,603158.SH,20170106,29.6,29.79,28.76,29.09,29.65,-0.56,-1.89,16085.48,46722.962,1.5873,2.6223,0.59,68.4193,60.0963,7.2041,10.1704,9.1767,0.4297,0.4297,21834.6,10134.0,6134.0,635168.514,294798.06,32.62,26.69,2.011
603158,腾龙股份,汽车配件,江苏,20150320,603158.SH,20170105,29.7,29.98,29.35,29.65,29.65,0.0,0.0,21894.05,64820.543,2.1605,3.5693,0.81,69.7365,61.2532,7.3427,10.3662,9.3533,0.4216,0.4216,21834.6,10134.0,6134.0,647395.89,300473.1,32.62,26.69,2.011
603158,腾龙股份,汽车配件,江苏,20150320,603158.SH,20170104,28.8,29.78,28.8,29.65,28.98,0.67,2.31,24915.25,73402.659,2.4586,4.0618,0.86,69.7365,61.2532,7.3427,10.3662,9.3533,0.4216,0.4216,21834.6,10134.0,6134.0,647395.89,300473.1,31.88,26.08,2.011
603158,腾龙股份,汽车配件,江苏,20150320,603158.SH,20170103,28.6,29.17,28.5,28.98,28.4,0.58,2.04,21833.99,63115.426,2.1545,3.5595,0.68,68.1606,59.8691,7.1768,10.132,9.142,0.4314,0.4314,21834.6,10134.0,6134.0,632766.708,293683.32,31.24,25.56,2.011
603158,腾龙股份,汽车配件,江苏,20150320,603158.SH,20161230,29.19,29.79,28.19,28.4,29.42,-1.02,-3.47,36395.0,104727.929,3.5914,5.9333,1.24,66.7965,58.6709,7.0332,9.9292,8.959,,0.4402,21834.6,10134.0,6134.0,620102.64,287805.6,32.36,26.48,2.011
603158,腾龙股份,汽车配件,江苏,20150320,603158.SH,20161229,30.27,30.53,28.89,29.42,30.35,-0.93,-3.06,31298.92,91984.659,3.0885,5.1025,1.2,69.1955,60.7781,7.2858,10.2858,9.2808,,0.4249,21834.6,10134.0,6134.0,642373.932,298142.28,33.39,27.32,2.011
603158,腾龙股份,汽车配件,江苏,20150320,603158.SH,20161228,30.59,31.08,30.19,30.35,30.82,-0.47,-1.53,20476.31,62571.173,2.0206,3.3382,0.82,71.3829,62.6993,7.5161,10.6109,9.5742,,0.4119,21834.6,10134.0,6134.0,662680.11,307566.9,33.9,27.74,2.011
603158,腾龙股份,汽车配件,江苏,20150320,603158.SH,20161227,31.48,31.55,30.3,30.82,31.47,-0.65,-2.07,34087.0,105212.567,3.3636,5.5571,1.53,72.4883,63.6703,7.6325,10.7753,9.7224,,0.4056,21834.6,10134.0,6134.0,672942.372,312329.88,34.62,28.32,2.011
603158,腾龙股份,汽车配件,江苏,20150320,603158.SH,20161226,29.89,31.75,29.89,31.47,29.82,1.65,5.53,38881.87,121212.853,3.8368,6.3387,1.46,74.0171,65.0131,7.7935,11.0025,9.9275,,0.3972,21834.6,10134.0,6134.0,687134.862,318916.98,32.8,26.84,2.011
603158,腾龙股份,汽车配件,江苏,20150320,603158.SH,20161223,30.4,30.4,29.13,29.82,30.41,-0.59,-1.94,22392.96,66737.038,2.2097,3.6506,0.67,70.1363,61.6044,7.3848,10.4256,9.407,,0.4192,21834.6,10134.0,6134.0,651107.772,302195.88,33.45,27.37,2.011
603158,腾龙股份,汽车配件,江苏,20150320,603158.SH,20161222,30.63,30.63,30.09,30.41,30.32,0.09,0.3,15032.7,45592.494,1.4834,2.4507,0.41,71.524,62.8233,7.531,10.6319,9.5931,,0.4111,21834.6,10134.0,6134.0,663990.186,308174.94,33.35,27.29,2.011
603158,腾龙股份,汽车配件,江苏,20150320,603158.SH,20161221,30.2,30.8,30.05,30.32,30.18,0.14,0.46,14263.88,43254.898,1.4075,2.3254,0.37,71.3123,62.6373,7.5087,10.6004,9.5647,,0.4123,21834.6,10134.0,6134.0,662025.072,307262.88,33.2,27.16,2.011
603158,腾龙股份,汽车配件,江苏,20150320,603158.SH,20161220,30.77,30.77,30.0,30.18,30.77,-0.59,-1.92,21064.1,63661.946,2.0786,3.434,0.52,70.983,62.3481,7.474,10.5515,9.5205,,0.4142,21834.6,10134.0,6134.0,658968.228,305844.12,33.85,27.69,2.011
603158,腾龙股份,汽车配件,江苏,20150320,603158.SH,20161219,30.9,31.36,30.0,30.77,30.74,0.03,0.1,60467.15,185636.219,5.9668,9.8577,1.79,72.3707,63.567,7.6201,10.7578,9.7066,,0.4063,21834.6,10134.0,6134.0,671850.642,311823.18,33.81,27.67,2.011
603158,腾龙股份,汽车配件,江苏,20150320,603158.SH,20161216,28.25,30.88,28.11,30.74,28.35,2.39,8.43,55232.16,163402.144,5.4502,9.0043,2.1,72.3001,63.505,7.6127,10.7473,9.6972,,0.4067,21834.6,10134.0,6134.0,671195.604,311519.16,31.19,25.52,2.011
603158,腾龙股份,汽车配件,江苏,20150320,603158.SH,20161215,27.38,28.97,27.38,28.35,27.84,0.51,1.83,30954.76,88144.683,3.0545,5.0464,1.28,66.6789,58.5676,7.0208,9.9117,8.9432,,0.441,21834.6,10134.0,6134.0,619010.91,287298.9,30.62,25.06,2.011
603158,腾龙股份,汽车配件,江苏,20150320,603158.SH,20161214,27.88,28.19,26.88,27.84,27.62,0.22,0.8,25084.58,69421.845,2.4753,4.0894,1.12,65.4794,57.514,6.8945,9.7334,8.7824,,0.449,21834.6,10134.0,6134.0,607875.264,282130.56,30.38,24.86,2.011
603158,腾龙股份,汽车配件,江苏,20150320,603158.SH,20161213,25.73,27.93,25.58,27.62,25.86,1.76,6.81,32578.28,88070.674,3.2148,5.3111,1.58,64.9619,57.0595,6.84,9.6565,8.713,,0.4526,21834.6,10134.0,6134.0,603071.652,279901.08,28.45,23.27,2.011
603158,腾龙股份,汽车配件,江苏,20150320,603158.SH,20161212,26.33,26.49,25.5,25.86,26.38,-0.52,-1.97,24621.36,63943.168,2.4296,4.0139,0.98,60.8224,53.4235,6.4042,9.0411,8.1577,,0.4834,21834.6,10134.0,6134.0,564642.756,262065.24,29.02,23.74,2.011
603158,腾龙股份,汽车配件,江苏,20150320,603158.SH,20161209,26.89,27.28,26.36,26.38,27.12,-0.74,-2.73,18202.2,48732.21,1.7962,2.9674,0.69,62.0455,54.4978,6.5329,9.2229,8.3218,,0.4739,21834.6,10134.0,6134.0,575996.748,267334.92,29.83,24.41,2.011
603158,腾龙股份,汽车配件,江苏,20150320,603158.SH,20161208,27.83,27.91,27.01,27.12,27.83,-0.71,-2.55,20313.51,55532.022,2.0045,3.3116,0.83,63.7859,56.0265,6.7162,9.4817,8.5552,,0.461,21834.6,10134.0,6134.0,592154.352,274834.08,30.61,25.05,2.011
603158,腾龙股份,汽车配件,江苏,20150320,603158.SH,20161207,27.86,28.16,27.6,27.83,28.04,-0.21,-0.75,15985.97,44531.248,1.5775,2.6061,0.68,65.4558,57.4933,6.892,9.7299,8.7792,,0.4492,21834.6,10134.0,6134.0,607656.918,282029.22,30.84,25.24,2.011
603158,腾龙股份,汽车配件,江苏,20150320,603158.SH,20161206,28.82,29.2,27.79,28.04,28.47,-0.43,-1.51,24214.72,67994.297,2.3895,3.9476,1.03,65.9498,57.9271,6.944,9.8033,8.8454,,0.4458,21834.6,10134.0,6134.0,612242.184,284157.36,31.32,25.62,2.011
603158,腾龙股份,汽车配件,江苏,20150320,603158.SH,20161205,27.54,30.28,26.49,28.47,27.6,0.87,3.15,46403.88,132425.024,4.579,7.565,2.47,66.9611,58.8155,7.0505,9.9536,8.9811,,0.4391,21834.6,10134.0,6134.0,621631.062,288514.98,30.36,24.84,2.011
603158,腾龙股份,汽车配件,江苏,20150320,603158.SH,20161202,27.01,27.83,26.73,27.6,26.99,0.61,2.26,24799.2,67500.286,2.4471,4.0429,1.29,64.9149,57.0182,6.8351,9.6495,8.7066,,0.4529,21834.6,10134.0,6134.0,602634.96,279698.4,29.69,24.29,2.011
603158,腾龙股份,汽车配件,江苏,20150320,603158.SH,20161201,26.9,27.18,26.9,26.99,27.04,-0.05,-0.18,10281.94,27773.849,1.0146,1.6762,0.48,63.4802,55.758,6.684,9.4362,8.5142,,0.4632,21834.6,10134.0,6134.0,589315.854,273516.66,29.74,24.34,2.011
603158,腾龙股份,汽车配件,江苏,20150320,603158.SH,20161130,26.8,27.3,26.21,27.04,26.93,0.11,0.41,12662.49,33982.439,1.2495,2.0643,0.58,63.5978,55.8613,6.6964,9.4537,8.53,,0.4623,21834.6,10134.0,6134.0,590407.584,274023.36,29.62,24.24,2.011
603158,腾龙股份,汽车配件,江苏,20150320,603158.SH,20161129,27.81,28.08,26.63,26.93,27.9,-0.97,-3.48,23163.8,63492.776,2.2858,3.7763,1.12,63.3391,55.634,6.6691,9.4152,8.4953,,0.4642,21834.6,10134.0,6134.0,588005.778,272908.62,30.69,25.11,2.011
603158,腾龙股份,汽车配件,江苏,20150320,603158.SH,20161128,27.6,28.22,27.48,27.9,27.7,0.2,0.72,23157.8,64549.934,2.2852,3.7753,1.11,65.6205,57.6379,6.9094,9.7544,8.8013,,0.4481,21834.6,10134.0,6134.0,609185.34,282738.6,30.47,24.93,2.011
603158,腾龙股份,汽车配件,江苏,20150320,603158.SH,20161125,27.3,27.8,26.55,27.7,27.32,0.38,1.39,27006.59,73836.105,2.6649,4.4028,1.36,65.1501,57.2247,6.8598,9.6844,8.7382,,0.4513,21834.6,10134.0,6134.0,604818.42,280711.8,30.05,24.59,2.011
603158,腾龙股份,汽车配件,江苏,20150320,603158.SH,20161124,27.17,27.49,26.73,27.32,27.17,0.15,0.55,20300.13,54947.123,2.0032,3.3094,1.05,64.2563,56.4397,6.7657,9.5516,8.6183,,0.4576,21834.6,10134.0,6134.0,596521.272,276860.88,29.89,24.45,2.011
603158,腾龙股份,汽车配件,江苏,20150320,603158.SH,20161123,27.66,27.88,27.1,27.17,27.66,-0.49,-1.77,16194.85,44351.07,1.5981,2.6402,0.66,63.9035,56.1298,6.7286,9.4991,8.571,,0.4601,21834.6,10134.0,6134.0,593246.082,275340.78,30.43,24.89,2.011
603158,腾龙股份,汽车配件,江苏,20150320,603158.SH,20161122,27.35,27.82,27.01,27.66,27.3,0.36,1.32,17153.18,47378.151,1.6926,2.7964,0.54,65.056,57.1421,6.8499,9.6705,8.7256,,0.452,21834.6,10134.0,6134.0,603945.036,280306.44,30.03,24.57,2.011
603158,腾龙股份,汽车配件,江苏,20150320,603158.SH,20161121,27.2,27.35,26.6,27.3,27.18,0.12,0.44,23656.31,63684.81,2.3344,3.8566,0.74,64.2093,56.3984,6.7608,9.5446,8.612,,0.4579,21834.6,10134.0,6134.0,596084.58,276658.2,29.9,24.46,2.011
603158,腾龙股份,汽车配件,江苏,20150320,603158.SH,20161118,27.04,27.4,26.68,27.18,27.11,0.07,0.26,21938.91,59283.838,2.1649,3.5766,0.7,63.927,56.1505,6.7311,9.5026,8.5742,,0.4599,21834.6,10134.0,6134.0,593464.428,275442.12,29.82,24.4,2.011
603158,腾龙股份,汽车配件,江苏,20150320,603158.SH,20161117,27.58,27.64,27.02,27.11,27.55,-0.44,-1.6,17718.07,48303.38,1.7484,2.8885,0.56,63.7624,56.0059,6.7137,9.4782,8.5521,,0.4611,21834.6,10134.0,6134.0,591936.006,274732.74,30.31,24.8,2.011
603158,腾龙股份,汽车配件,江苏,20150320,603158.SH,20161116,27.05,28.0,26.7,27.55,27.21,0.34,1.25,42016.96,115946.093,4.1461,6.8498,1.47,64.7973,56.9149,6.8227,9.632,8.6909,,0.4538,21834.6,10134.0,6134.0,601543.23,279191.7,29.93,24.49,2.011
603158,腾龙股份,汽车配件,江苏,20150320,603158.SH,20161115,26.12,27.5,25.83,27.21,26.09,1.12,4.29,52517.54,141213.254,5.1823,8.5617,2.32,63.9976,56.2125,6.7385,9.5131,8.5836,,0.4594,21834.6,10134.0,6134.0,594119.466,275746.14,28.7,23.48,2.011
603158,腾龙股份,汽车配件,江苏,20150320,603158.SH,20161114,25.3,26.1,25.3,26.09,25.62,0.47,1.83,26540.44,68701.994,2.619,4.3268,0.97,61.3634,53.8987,6.4611,9.1216,8.2303,,0.4792,21834.6,10134.0,6134.0,569664.714,264396.06,28.18,23.06,2.011
603158,腾龙股份,汽车配件,江苏,20150320,603158.SH,20161111,25.9,26.0,25.6,25.62,25.9,-0.28,-1.08,18157.02,46751.63,1.7917,2.9601,0.55,60.2579,52.9277,6.3447,8.9572,8.082,,0.4879,21834.6,10134.0,6134.0,559402.452,259633.08,28.49,23.31,2.011
603158,腾龙股份,汽车配件,江苏,20150320,603158.SH,20161110,25.15,25.9,25.15,25.9,25.03,0.87,3.48,19521.46,49943.512,1.9263,3.1825,0.59,60.9165,53.5062,6.4141,9.0551,8.1704,,0.4827,21834.6,10134.0,6134.0,565516.14,262470.6,27.53,22.53,2.011
603158,腾龙股份,汽车配件,江苏,20150320,603158.SH,20161109,25.38,25.62,24.61,25.03,25.58,-0.55,-2.15,25899.81,64973.533,2.5557,4.2223,0.7,58.8703,51.7089,6.1986,8.751,7.8959,,0.4994,21834.6,10134.0,6134.0,546520.038,253654.02,28.14,23.02,2.011
603158,腾龙股份,汽车配件,江苏,20150320,603158.SH,20161108,25.65,25.9,25.16,25.58,25.72,-0.14,-0.54,23228.08,58985.623,2.2921,3.7868,0.65,60.1639,52.8451,6.3348,8.9433,8.0694,,0.4887,21834.6,10134.0,6134.0,558529.068,259227.72,28.29,23.15,2.011
603158,腾龙股份,汽车配件,江苏,20150320,603158.SH,20161107,26.11,26.95,25.32,25.72,26.18,-0.46,-1.76,49676.06,130045.135,4.9019,8.0985,1.66,60.4931,53.1343,6.3695,8.9922,8.1136,,0.486,21834.6,10134.0,6134.0,561585.912,260646.48,28.8,23.56,2.011
603158,腾龙股份,汽车配件,江苏,20150320,603158.SH,20161104,25.17,26.36,25.03,26.18,25.17,1.01,4.01,45676.06,118102.426,4.5072,7.4464,1.88,61.5751,54.0846,6.4834,9.153,8.2587,,0.4775,21834.6,10134.0,6134.0,571629.828,265308.12,27.69,22.65,2.011
603158,腾龙股份,汽车配件,江苏,20150320,603158.SH,20161103,25.01,25.48,25.01,25.17,25.26,-0.09,-0.36,21964.77,55346.303,2.1674,3.5808,0.78,59.1996,51.9981,6.2333,8.7999,7.9401,,0.4967,21834.6,10134.0,6134.0,549576.882,255072.78,27.79,22.73,2.011
603158,腾龙股份,汽车配件,江苏,20150320,603158.SH,20161102,24.5,25.8,24.5,25.26,24.5,0.76,3.1,45432.33,115236.333,4.4832,7.4066,1.96,59.4112,52.184,6.2556,8.8314,7.9685,,0.4949,21834.6,10134.0,6134.0,551541.996,255984.84,26.95,22.05,2.011
603158,腾龙股份,汽车配件,江苏,20150320,603158.SH,20161101,24.35,24.62,24.22,24.5,24.37,0.13,0.53,15360.54,37534.991,1.5157,2.5042,0.65,57.6237,50.6139,6.0674,8.5657,7.7287,,0.5103,21834.6,10134.0,6134.0,534947.7,248283.0,26.81,21.93,2.011
603158,腾龙股份,汽车配件,江苏,20150320,603158.SH,20161031,24.53,24.77,23.8,24.37,24.83,-0.46,-1.85,20941.07,50803.02,2.0664,3.4139,0.86,57.3232,50.35,6.0344,8.521,7.6884,,0.5129,21836.6,10134.0,6134.0,532157.942,246965.58,27.31,22.35,2.011
603158,腾龙股份,汽车配件,江苏,20150320,603158.SH,20161028,24.93,25.13,24.71,24.83,24.93,-0.1,-0.4,17705.55,44004.546,1.7471,2.8865,0.59,58.4052,51.3004,6.1483,8.6818,7.8335,,0.5034,21836.6,10134.0,6134.0,542202.778,251627.22,27.42,22.44,2.011
603158,腾龙股份,汽车配件,江苏,20150320,603158.SH,20161027,24.45,25.01,24.3,24.93,24.47,0.46,1.88,41532.45,102998.683,4.0983,6.7709,1.34,58.6404,57.0273,6.3859,8.7168,8.6073,,0.5014,21836.6,10134.0,6134.0,544386.438,252640.62,26.92,22.02,2.011
603158,腾龙股份,汽车配件,江苏,20150320,603158.SH,20161026,24.31,24.75,24.08,24.47,24.4,0.07,0.29,20246.21,49460.994,1.9978,3.3007,0.65,57.5584,55.9751,6.2681,8.556,8.4485,,0.5108,21836.6,10134.0,6134.0,534341.602,247978.98,26.84,21.96,2.011
603158,腾龙股份,汽车配件,江苏,20150320,603158.SH,20161025,24.47,24.48,24.16,24.4,24.43,-0.03,-0.12,18435.52,44713.928,1.8192,3.0055,0.61,57.3938,55.815,6.2501,8.5315,8.4243,,0.5123,21836.6,10134.0,6134.0,532813.04,247269.6,26.87,21.99,2.011
603158,腾龙股份,汽车配件,江苏,20150320,603158.SH,20161024,24.55,24.66,24.07,24.43,24.59,-0.16,-0.65,24104.58,58693.55,2.3786,3.9297,0.87,57.4643,55.8836,6.2578,8.542,8.4347,,0.5117,21836.6,10134.0,6134.0,533468.138,247573.62,27.05,22.13,2.011
603158,腾龙股份,汽车配件,江苏,20150320,603158.SH,20161021,24.5,24.98,24.12,24.59,24.59,0.0,0.0,46445.01,113848.844,4.5831,7.5717,2.25,57.8407,56.2496,6.2988,8.5979,8.4899,,0.5083,21836.6,10134.0,6134.0,536961.994,249195.06,27.05,22.13,2.011
603158,腾龙股份,汽车配件,江苏,20150320,603158.SH,20161020,23.31,25.38,23.05,24.59,23.31,1.28,5.49,45221.49,109024.79,4.4624,7.3723,3.18,57.8407,56.2496,6.2988,8.5979,8.4899,,0.5083,21836.6,10134.0,6134.0,536961.994,249195.06,25.64,20.98,2.011
603158,腾龙股份,汽车配件,江苏,20150320,603158.SH,20161019,22.8,23.35,22.68,23.31,22.77,0.54,2.37,21226.52,48947.007,2.0946,3.4605,1.47,54.8299,53.3216,5.9709,8.1504,8.048,,0.5363,21836.6,10134.0,6134.0,509011.146,236223.54,25.05,20.49,2.011
603158,腾龙股份,汽车配件,江苏,20150320,603158.SH,20161018,22.21,22.88,22.19,22.77,22.25,0.52,2.34,15077.35,34165.877,1.4878,2.458,1.04,53.5597,52.0863,5.8326,7.9616,7.8616,,0.549,21836.6,10134.0,6134.0,497219.382,230751.18,24.48,20.03,2.011
603158,腾龙股份,汽车配件,江苏,20150320,603158.SH,20161017,22.37,22.57,22.1,22.25,22.37,-0.12,-0.54,9813.06,21960.548,0.9683,1.5998,0.61,52.3365,50.8968,5.6994,7.7797,7.682,,0.5618,21836.6,10134.0,6134.0,485864.35,225481.5,24.61,20.13,2.011
603158,腾龙股份,汽车配件,江苏,20150320,603158.SH,20161014,22.54,22.55,22.05,22.37,22.52,-0.15,-0.67,11683.42,26048.57,1.1529,1.9047,0.65,52.6188,51.1713,5.7302,7.8217,7.7234,,0.5588,21836.6,10134.0,6134.0,488484.742,226697.58,24.77,20.27,2.011
603158,腾龙股份,汽车配件,江苏,20150320,603158.SH,20161013,22.43,22.67,22.23,22.52,22.43,0.09,0.4,13392.7,30109.301,1.3216,2.1834,0.73,52.9716,51.5145,5.7686,7.8741,7.7752,,0.5551,21836.6,10134.0,6134.0,491760.232,228217.68,24.67,20.19,2.011
603158,腾龙股份,汽车配件,江苏,20150320,603158.SH,20161012,22.26,22.66,22.11,22.43,22.3,0.13,0.58,22477.1,50412.387,2.218,3.6643,1.45,52.7599,51.3086,5.7455,7.8427,7.7442,,0.5573,21836.6,10134.0,6134.0,489794.938,227305.62,24.53,20.07,2.011
603158,腾龙股份,汽车配件,江苏,20150320,603158.SH,20161011,22.4,22.55,22.1,22.3,22.25,0.05,0.22,15082.44,33623.992,1.4883,2.4588,1.0,52.4541,51.0112,5.7122,7.7972,7.6993,,0.5605,21836.6,10134.0,6134.0,486956.18,225988.2,24.48,20.03,2.011
603158,腾龙股份,汽车配件,江苏,20150320,603158.SH,20161010,22.28,22.35,21.82,22.25,22.28,-0.03,-0.13,18248.52,40357.959,1.8007,2.975,1.24,52.3365,50.8968,5.6994,7.7797,7.682,,0.5618,21836.6,10134.0,6134.0,485864.35,225481.5,24.51,20.05,2.011
603158,腾龙股份,汽车配件,江苏,20150320,603158.SH,20160930,22.0,22.44,21.78,22.28,21.86,0.42,1.92,20637.54,45527.782,2.0365,3.3645,1.74,52.4071,50.9655,5.7071,7.7902,7.6924,,0.561,21836.6,10134.0,6134.0,486519.448,225785.52,24.05,19.67,2.011
603158,腾龙股份,汽车配件,江苏,20150320,603158.SH,20160929,21.17,21.97,21.16,21.86,21.16,0.7,3.31,15065.42,32421.562,1.4866,2.4561,1.38,51.4192,50.0047,5.5995,7.6434,7.5474,,0.5718,21836.6,10134.0,6134.0,477348.076,221529.24,23.28,19.04,2.011
603158,腾龙股份,汽车配件,江苏,20150320,603158.SH,20160928,21.21,21.34,21.0,21.16,21.16,0.0,0.0,8273.09,17496.669,0.8164,1.3487,0.76,49.7726,48.4035,5.4202,7.3986,7.3057,,0.5907,21836.6,10134.0,6134.0,462062.456,214435.44,23.28,19.04,2.011
603158,腾龙股份,汽车配件,江苏,20150320,603158.SH,20160927,21.1,21.26,20.8,21.16,20.93,0.23,1.1,12943.5,27319.439,1.2772,2.1101,1.34,49.7726,48.4035,5.4202,7.3986,7.3057,,0.5907,21836.6,10134.0,6134.0,462062.456,214435.44,23.02,18.84,2.011
603158,腾龙股份,汽车配件,江苏,20150320,603158.SH,20160926,22.05,22.13,20.75,20.93,22.05,-1.12,-5.08,16702.91,35725.663,1.6482,2.723,2.24,49.2316,47.8773,5.3613,7.3182,7.2263,,0.5972,21836.6,10134.0,6134.0,457040.038,212104.62,24.26,19.85,2.011
603158,腾龙股份,汽车配件,江苏,20150320,603158.SH,20160923,22.18,22.18,21.86,22.05,22.08,-0.03,-0.14,6283.8,13853.489,0.6201,1.0244,0.86,51.8661,50.4393,5.6482,7.7098,7.613,,0.5669,21836.6,10134.0,6134.0,481497.03,223454.7,24.29,19.87,2.011
603158,腾龙股份,汽车配件,江苏,20150320,603158.SH,20160922,22.2,22.34,22.0,22.08,22.08,0.0,0.0,10243.32,22717.196,1.0108,1.6699,1.51,51.9367,50.508,5.6559,7.7203,7.6233,,0.5661,21836.6,10134.0,6134.0,482152.128,223758.72,24.29,19.87,2.011
603158,腾龙股份,汽车配件,江苏,20150320,603158.SH,20160921,22.0,22.25,21.85,22.08,21.99,0.09,0.41,8064.08,17751.693,0.7957,1.3147,1.02,51.9367,50.508,5.6559,7.7203,7.6233,,0.5661,21836.6,10134.0,6134.0,482152.128,223758.72,24.19,19.79,2.011
603158,腾龙股份,汽车配件,江苏,20150320,603158.SH,20160920,22.39,22.39,21.96,21.99,22.17,-0.18,-0.81,6972.84,15456.718,0.6881,1.1368,0.76,51.725,50.3021,5.6328,7.6888,7.5922,,0.5684,21836.6,10134.0,6134.0,480186.834,222846.66,24.39,19.95,2.011
603158,腾龙股份,汽车配件,江苏,20150320,603158.SH,20160919,21.86,22.38,21.21,22.17,21.86,0.31,1.42,5637.8,12443.558,0.5563,0.9191,0.53,52.1484,50.7138,5.6789,7.7518,7.6544,,0.5638,21836.6,10134.0,6134.0,484117.422,224670.78,24.05,19.67,2.011
603158,腾龙股份,汽车配件,江苏,20150320,603158.SH,20160914,21.88,22.04,21.36,21.86,21.98,-0.12,-0.55,5591.8,12233.438,0.5518,0.9116,0.44,51.4192,50.0047,5.5995,7.6434,7.5474,,0.5718,21836.6,10134.0,6134.0,477348.076,221529.24,24.18,19.78,2.011
603158,腾龙股份,汽车配件,江苏,20150320,603158.SH,20160913,21.78,22.08,21.78,21.98,21.73,0.25,1.15,7719.5,16957.535,0.7617,1.2585,0.51,51.7014,50.2792,5.6303,7.6853,7.5888,,0.5687,21836.6,10134.0,6134.0,479968.468,222745.32,23.9,19.56,2.011
603158,腾龙股份,汽车配件,江苏,20150320,603158.SH,20160912,22.3,22.42,21.71,21.73,22.88,-1.15,-5.03,13440.3,29711.439,1.3263,2.1911,0.92,51.1134,49.7073,5.5662,7.5979,7.5025,,0.5752,21836.6,10134.0,6134.0,474509.318,220211.82,25.17,20.59,2.011
603158,腾龙股份,汽车配件,江苏,20150320,603158.SH,20160909,23.27,23.33,22.86,22.88,23.22,-0.34,-1.46,13225.0,30522.543,1.305,2.156,0.96,53.8184,52.338,5.8608,8.0,7.8995,,0.5463,21836.6,10134.0,6134.0,499621.408,231865.92,25.54,20.9,2.011
603158,腾龙股份,汽车配件,江苏,20150320,603158.SH,20160908,23.14,23.34,22.98,23.22,23.14,0.08,0.35,13586.0,31409.994,1.3406,2.2149,1.07,54.6182,53.1157,5.9479,8.1189,8.0169,,0.5383,21836.6,10134.0,6134.0,507045.852,235311.48,25.45,20.83,2.011
603158,腾龙股份,汽车配件,江苏,20150320,603158.SH,20160907,22.95,23.27,22.95,23.14,23.03,0.11,0.48,16001.97,37077.208,1.579,2.6087,1.44,54.43,52.9327,5.9274,8.0909,7.9893,,0.5402,21836.6,10134.0,6134.0,505298.924,234500.76,25.33,20.73,2.011
603158,腾龙股份,汽车配件,江苏,20150320,603158.SH,20160906,22.8,23.11,22.25,23.03,22.73,0.3,1.32,18947.04,42837.11,1.8697,3.0889,2.0,54.1713,52.6811,5.8992,8.0525,7.9513,,0.5428,21836.6,10134.0,6134.0,502896.898,233386.02,25.0,20.46,2.011
603158,腾龙股份,汽车配件,江苏,20150320,603158.SH,20160905,22.83,22.99,22.63,22.73,22.83,-0.1,-0.44,11065.0,25240.844,1.0919,1.8039,1.14,53.4656,51.9948,5.8224,7.9476,7.8477,,0.5499,21836.6,10134.0,6134.0,496345.918,230345.82,25.11,20.55,2.011
603158,腾龙股份,汽车配件,江苏,20150320,603158.SH,20160902,22.96,23.14,22.77,22.83,22.94,-0.11,-0.48,9103.59,20905.471,0.8983,1.4841,0.86,53.7008,52.2236,5.848,7.9825,7.8823,,0.5475,21836.6,10134.0,6134.0,498529.578,231359.22,25.23,20.65,2.011
603158,腾龙股份,汽车配件,江苏,20150320,603158.SH,20160901,22.95,23.3,22.84,22.94,23.07,-0.13,-0.56,8620.32,19861.836,0.8506,1.4053,0.78,53.9596,52.4752,5.8762,8.021,7.9202,,0.5449,21836.6,10134.0,6134.0,500931.604,232473.96,25.38,20.76,2.011
603158,腾龙股份,汽车配件,江苏,20150320,603158.SH,20160831,22.95,23.08,22.75,23.07,22.95,0.12,0.52,7989.84,18341.608,0.7884,1.3025,0.58,54.2653,52.7726,5.9095,8.0664,7.9651,,0.5418,21836.6,10134.0,6134.0,503770.362,233791.38,25.25,20.66,2.011
603158,腾龙股份,汽车配件,江苏,20150320,603158.SH,20160830,22.97,23.11,22.77,22.95,23.0,-0.05,-0.22,10485.01,24109.261,1.0346,1.7093,0.79,53.9831,52.4981,5.8787,8.0245,7.9237,,0.5447,21836.6,10134.0,6134.0,501149.97,232575.3,25.3,20.7,2.011
603158,腾龙股份,汽车配件,江苏,20150320,603158.SH,20160829,22.99,23.16,22.72,23.0,22.97,0.03,0.13,12505.48,28724.176,1.234,2.0601,0.93,54.1007,52.31,6.304,8.042,8.1273,,0.5435,21836.6,10134.0,6070.2,502241.8,233082.0,25.27,20.67,2.011
603158,腾龙股份,汽车配件,江苏,20150320,603158.SH,20160826,22.8,23.3,22.8,22.97,22.73,0.24,1.06,13101.26,30203.485,1.2928,2.1583,1.0,54.0301,52.2418,6.2958,8.0315,8.1167,,0.5442,21836.6,10134.0,6070.2,501586.702,232777.98,25.0,20.46,2.011
603158,腾龙股份,汽车配件,江苏,20150320,603158.SH,20160825,22.88,22.95,22.34,22.73,22.96,-0.23,-1.0,11022.41,24910.403,1.0877,1.8158,0.77,53.4656,51.696,6.23,7.9476,8.0319,,0.5499,21836.6,10134.0,6070.2,496345.918,230345.82,25.26,20.66,2.011
603158,腾龙股份,汽车配件,江苏,20150320,603158.SH,20160824,23.07,23.14,22.71,22.96,23.0,-0.04,-0.17,21631.99,49599.48,2.1346,3.5636,1.69,54.0066,52.2191,6.2931,8.028,8.1132,,0.5444,21836.6,10134.0,6070.2,501368.336,232676.64,25.3,20.7,2.011
603158,腾龙股份,汽车配件,江苏,20150320,603158.SH,20160823,22.97,23.11,22.83,23.0,22.92,0.08,0.35,8504.81,19515.323,0.8392,1.4011,0.59,54.1007,52.31,6.304,8.042,8.1273,,0.5435,21836.6,10134.0,6070.2,502241.8,233082.0,25.21,20.63,2.011
603158,腾龙股份,汽车配件,江苏,20150320,603158.SH,20160822,23.35,23.47,22.82,22.92,23.35,-0.43,-1.84,12841.27,29658.563,1.2671,2.1155,0.88,53.9125,52.1281,6.2821,8.014,8.0991,,0.5454,21836.6,10134.0,6070.2,500494.872,232271.28,25.69,21.02,2.011
603158,腾龙股份,汽车配件,江苏,20150320,603158.SH,20160819,23.54,23.6,23.09,23.35,23.51,-0.16,-0.68,11785.61,27456.988,1.163,1.9416,0.84,54.924,53.106,6.4,8.1643,8.251,,0.5353,21836.6,10134.0,6070.2,509884.61,236628.9,25.86,21.16,2.011
603158,腾龙股份,汽车配件,江苏,20150320,603158.SH,20160818,24.03,24.22,23.4,23.51,24.0,-0.49,-2.04,16895.38,40133.341,1.6672,2.7833,1.28,55.3003,53.4699,6.4438,8.2203,8.3075,,0.5317,21836.6,10134.0,6070.2,513378.466,238250.34,26.4,21.6,2.011
603158,腾龙股份,汽车配件,江苏,20150320,603158.SH,20160817,23.81,24.03,23.66,24.0,23.83,0.17,0.71,14014.8,33414.758,1.3829,2.3088,1.08,56.4529,54.5844,6.5781,8.3916,8.4807,,0.5208,21836.6,10134.0,6070.2,524078.4,243216.0,26.21,21.45,2.011
603158,腾龙股份,汽车配件,江苏,20150320,603158.SH,20160816,23.6,23.85,23.5,23.83,23.6,0.23,0.97,16273.31,38579.067,1.6058,2.6809,1.32,56.053,54.1977,6.5315,8.3322,8.4206,,0.5245,21836.6,10134.0,6070.2,520366.178,241493.22,25.96,21.24,2.011
603158,腾龙股份,汽车配件,江苏,20150320,603158.SH,20160815,23.14,23.77,23.14,23.6,23.14,0.46,1.99,14224.69,33462.554,1.4037,2.3434,1.12,55.512,53.6746,6.4685,8.2518,8.3393,,0.5297,21836.6,10134.0,6070.2,515343.76,239162.4,25.45,20.83,2.011
603158,腾龙股份,汽车配件,江苏,20150320,603158.SH,20160812,22.88,23.24,22.78,23.14,22.9,0.24,1.05,8996.0,20668.195,0.8877,1.482,0.62,54.43,52.6284,6.3424,8.0909,8.1768,,0.5402,21836.6,10134.0,6070.2,505298.924,234500.76,25.19,20.61,2.011
603158,腾龙股份,汽车配件,江苏,20150320,603158.SH,20160811,23.35,24.02,22.88,22.9,23.51,-0.61,-2.59,12587.0,29264.765,1.2421,2.0736,0.74,53.8655,52.0826,6.2766,8.007,8.092,,0.5459,21836.6,10134.0,6070.2,500058.14,232068.6,25.86,21.16,2.011
603158,腾龙股份,汽车配件,江苏,20150320,603158.SH,20160810,23.53,23.84,23.49,23.51,23.53,-0.02,-0.09,12928.92,30563.487,1.2758,2.1299,0.78,55.3003,53.4699,6.4438,8.2203,8.3075,,0.5317,21836.6,10134.0,6070.2,513378.466,238250.34,25.88,21.18,2.011
603158,腾龙股份,汽车配件,江苏,20150320,603158.SH,20160809,23.48,23.82,23.0,23.53,23.58,-0.05,-0.21,13025.98,30711.607,1.2854,2.1459,0.75,55.3474,53.5154,6.4493,8.2273,8.3146,,0.5312,21836.6,10134.0,6070.2,513815.198,238453.02,25.94,21.22,2.011
603158,腾龙股份,汽车配件,江苏,20150320,603158.SH,20160808,23.4,23.86,22.6,23.58,23.55,0.03,0.13,15815.9,36943.898,1.5607,2.6055,0.81,55.465,53.6291,6.463,8.2448,8.3323,,0.5301,21836.6,10134.0,6070.2,514907.028,238959.72,25.91,21.2,2.011
603158,腾龙股份,汽车配件,江苏,20150320,603158.SH,20160805,23.8,23.99,23.39,23.55,24.07,-0.52,-2.16,18712.97,44304.121,1.8466,3.0828,0.99,55.3944,53.5609,6.4548,8.2343,8.3217,,0.5308,21836.6,10134.0,6070.2,514251.93,238655.7,26.48,21.66,2.011
603158,腾龙股份,汽车配件,江苏,20150320,603158.SH,20160804,23.5,24.27,23.5,24.07,23.38,0.69,2.95,24848.8,59686.958,2.452,4.0936,1.32,56.6175,54.7436,6.5973,8.4161,8.5054,,0.5193,21836.6,10134.0,6070.2,525606.962,243925.38,25.72,21.04,2.011
603158,腾龙股份,汽车配件,江苏,20150320,603158.SH,20160803,23.4,23.51,23.23,23.38,23.47,-0.09,-0.38,10959.15,25603.532,1.0814,1.8054,0.48,54.9945,53.1743,6.4082,8.1748,8.2616,,0.5346,21836.6,10134.0,6070.2,510539.708,236932.92,25.82,21.12,2.011
603158,腾龙股份,汽车配件,江苏,20150320,603158.SH,20160802,23.39,23.68,23.02,23.47,23.4,0.07,0.3,16124.73,37775.007,1.5912,2.6564,0.69,55.2062,53.379,6.4329,8.2063,8.2934,,0.5326,21836.6,10134.0,6070.2,512505.002,237844.98,25.74,21.06,2.011
603158,腾龙股份,汽车配件,江苏,20150320,603158.SH,20160801,22.69,23.58,21.52,23.4,22.52,0.88,3.91,26831.47,61629.063,2.6477,4.4202,1.13,55.0416,53.2198,6.4137,8.1818,8.2687,,0.5342,21836.6,10134.0,6070.2,510976.44,237135.6,24.77,20.27,2.011
603158,腾龙股份,汽车配件,江苏,20150320,603158.SH,20160729,22.99,22.99,22.33,22.52,22.99,-0.47,-2.04,15836.28,35713.164,1.5627,2.6089,0.66,52.9716,51.2183,6.1725,7.8741,7.9577,,0.5551,21836.6,10134.0,6070.2,491760.232,228217.68,25.29,20.69,2.011
603158,腾龙股份,汽车配件,江苏,20150320,603158.SH,20160728,23.38,23.85,22.52,22.99,23.41,-0.42,-1.79,24676.99,56759.174,2.4351,4.0653,1.04,54.0772,52.2873,6.3013,8.0385,8.1238,,0.5437,21836.6,10134.0,6070.2,502023.434,232980.66,25.75,21.07,2.011
603158,腾龙股份,汽车配件,江苏,20150320,603158.SH,20160727,25.09,25.48,23.13,23.41,25.12,-1.71,-6.81,31555.26,76059.718,3.1138,5.1984,1.37,55.0651,53.2425,6.4164,8.1853,8.2722,,0.534,21836.6,10134.0,6070.2,511194.806,237236.94,27.63,22.61,2.011
603158,腾龙股份,汽车配件,江苏,20150320,603158.SH,20160726,24.8,25.15,24.35,25.12,24.71,0.41,1.66,17795.63,43999.111,1.756,2.9316,0.65,59.0874,57.1316,6.8851,8.7832,8.8765,,0.4976,21836.6,10134.0,6070.2,548535.392,254566.08,27.18,22.24,2.011
603158,腾龙股份,汽车配件,江苏,20150320,603158.SH,20160725,25.52,25.86,24.36,24.71,25.48,-0.77,-3.02,29274.09,73242.246,2.8887,4.8226,1.03,58.123,56.1992,6.7727,8.6399,8.7316,,0.5059,21836.6,10134.0,6070.2,539582.386,250411.14,28.03,22.93,2.011
603158,腾龙股份,汽车配件,江苏,20150320,603158.SH,20160722,25.4,25.77,25.21,25.48,25.72,-0.24,-0.93,16629.89,42270.03,1.641,2.7396,0.48,59.9342,57.9504,6.9838,8.9091,9.0037,,0.4906,21836.6,10134.0,6070.2,556396.568,258214.32,28.29,23.15,2.011
603158,腾龙股份,汽车配件,江苏,20150320,603158.SH,20160721,26.03,26.16,25.6,25.72,26.09,-0.37,-1.42,23279.8,60149.524,2.2972,3.8351,0.54,60.4987,58.4963,7.0496,8.993,9.0885,,0.486,21836.6,10134.0,6070.2,561637.352,260646.48,28.7,23.48,2.011
603158,腾龙股份,汽车配件,江苏,20150320,603158.SH,20160720,26.15,26.6,25.83,26.09,26.16,-0.07,-0.27,28216.33,74085.184,2.7843,4.6483,0.46,61.369,59.3378,7.151,9.1224,9.2192,,0.4791,21836.6,10134.0,6070.2,569716.894,264396.06,28.78,23.54,2.011
603158,腾龙股份,汽车配件,江苏,20150320,603158.SH,20160719,26.03,26.57,25.15,26.16,25.91,0.25,0.96,39572.68,102122.512,3.9049,6.5192,0.57,61.5337,59.497,7.1702,9.1469,9.244,,0.4778,21836.6,10134.0,6070.2,571245.456,265105.44,28.5,23.32,2.011
603158,腾龙股份,汽车配件,江苏,20150320,603158.SH,20160718,26.2,26.59,25.31,25.91,26.11,-0.2,-0.77,34070.41,87980.879,3.362,5.6127,0.49,60.9456,58.9284,7.1016,9.0595,9.1556,,0.4824,21836.6,10134.0,6070.2,565786.306,262571.94,28.72,23.5,2.011
603158,腾龙股份,汽车配件,江苏,20150320,603158.SH,20160715,27.03,27.38,26.06,26.11,26.96,-0.85,-3.15,47047.08,125684.503,4.6425,7.7505,0.73,61.416,59.3833,7.1565,9.1294,9.2263,,0.4787,21836.6,10134.0,6070.2,570153.626,264598.74,29.66,24.26,2.011
603158,腾龙股份,汽车配件,江苏,20150320,603158.SH,20160714,26.9,27.33,26.4,26.96,27.62,-0.66,-2.39,68642.89,184475.259,6.7735,11.3082,1.19,63.4154,61.3164,7.3894,9.4266,9.5266,,0.4636,21836.6,10134.0,6070.2,588714.736,273212.64,30.38,24.86,2.011
603158,腾龙股份,汽车配件,江苏,20150320,603158.SH,20160713,26.89,27.97,26.48,27.62,25.82,1.8,6.97,115133.4,311877.05,11.3611,18.967,2.7,64.9679,62.8175,7.5703,9.6574,9.7599,,0.4526,21836.6,10134.0,6070.2,603126.892,279901.08,28.4,23.24,2.011
603158,腾龙股份,汽车配件,江苏,20150320,603158.SH,20160712,23.56,25.82,23.56,25.82,23.47,2.35,10.01,84304.76,214665.87,8.319,13.8883,2.29,60.7339,58.7237,7.077,9.028,9.1238,,0.4841,21836.6,10134.0,6070.2,563821.012,261659.88,25.82,21.12,2.011
603158,腾龙股份,汽车配件,江苏,20150320,603158.SH,20160711,24.6,25.08,23.0,23.47,24.72,-1.25,-5.06,31799.56,78143.585,3.1379,5.2386,0.77,55.2062,53.379,6.4329,8.2063,8.2934,,0.5326,21836.6,10134.0,6070.2,512505.002,237844.98,27.19,22.25,2.011
603158,腾龙股份,汽车配件,江苏,20150320,603158.SH,20160708,24.67,25.08,24.33,24.72,24.87,-0.15,-0.6,22314.47,54976.069,2.2019,3.6761,0.4,58.1465,56.2219,6.7755,8.6434,8.7351,,0.5057,21836.6,10134.0,6070.2,539800.752,250512.48,27.36,22.38,2.011
603158,腾龙股份,汽车配件,江苏,20150320,603158.SH,20160707,25.13,25.26,24.6,24.87,25.12,-0.25,-1.0,33790.47,84028.519,3.3344,5.5666,0.52,58.4993,56.5631,6.8166,8.6958,8.7881,,0.5026,21836.6,10134.0,6070.2,543076.242,252032.58,27.63,22.61,2.011
603158,腾龙股份,汽车配件,江苏,20150320,603158.SH,20160706,24.62,25.51,24.4,25.12,24.89,0.23,0.92,41014.96,102658.514,4.0473,6.7568,0.51,59.0874,57.1316,6.8851,8.7832,8.8765,,0.4976,21836.6,10134.0,6070.2,548535.392,254566.08,27.38,22.4,2.011
603158,腾龙股份,汽车配件,江苏,20150320,603158.SH,20160705,24.55,25.58,24.2,24.89,24.49,0.4,1.63,55540.7,138131.543,5.4806,9.1497,0.67,58.5464,56.6085,6.8221,8.7028,8.7952,,0.5022,21836.6,10134.0,6070.2,543512.974,252235.26,26.94,22.04,2.011
603158,腾龙股份,汽车配件,江苏,20150320,603158.SH,20160704,24.01,24.83,24.01,24.49,24.46,0.03,0.12,52628.96,128777.625,5.1933,8.6701,0.7,57.6055,55.6988,6.7124,8.5629,8.6538,,0.5104,21836.6,10134.0,6070.2,534778.334,248181.66,26.91,22.01,2.011
603158,腾龙股份,汽车配件,江苏,20150320,603158.SH,20160701,23.7,25.6,23.3,24.46,23.82,0.64,2.69,94420.58,231625.712,9.3172,15.5548,1.53,57.5349,55.6306,6.7042,8.5525,8.6432,,0.511,21836.6,10134.0,6070.2,534123.236,247877.64,26.2,21.44,2.011
603158,腾龙股份,汽车配件,江苏,20150320,603158.SH,20160630,23.23,24.25,22.8,23.82,23.61,0.21,0.89,80756.51,190620.272,7.9689,13.3038,1.6,56.0295,54.175,6.5288,8.3287,8.4171,,0.5248,21836.6,10134.0,6070.2,520147.812,241391.88,25.97,21.25,2.011
603158,腾龙股份,汽车配件,江苏,20150320,603158.SH,20160629,23.85,24.62,23.23,23.61,23.12,0.49,2.12,116098.1,276416.465,11.4563,19.1259,3.7,55.5355,53.6974,6.4712,8.2553,8.3429,,0.5294,21836.6,10134.0,6070.2,515562.126,239263.74,25.43,20.81,2.011
603158,腾龙股份,汽车配件,江苏,20150320,603158.SH,20160628,20.9,23.12,20.85,23.12,21.02,2.1,9.99,70649.43,157435.748,6.9715,11.6387,3.48,54.383,52.5829,6.3369,8.0839,8.1697,,0.5407,21836.6,10134.0,6070.2,504862.192,234298.08,23.12,18.92,2.011
603158,腾龙股份,汽车配件,江苏,20150320,603158.SH,20160627,20.42,21.14,20.4,21.02,20.63,0.39,1.89,15598.0,32471.247,1.5392,2.5696,0.77,49.4433,47.8068,5.7613,7.3497,7.4277,,0.5947,21836.6,10134.0,6070.2,459005.332,213016.68,22.69,18.57,2.011
603158,腾龙股份,汽车配件,江苏,20150320,603158.SH,20160624,21.18,21.58,20.0,20.63,21.44,-0.81,-3.78,24996.56,52033.63,2.4666,4.1179,1.36,48.526,46.9198,5.6545,7.2133,7.2899,,0.6059,21836.6,10134.0,6070.2,450489.058,209064.42,23.58,19.3,2.011
603158,腾龙股份,汽车配件,江苏,20150320,603158.SH,20160623,21.0,21.5,20.85,21.44,21.13,0.31,1.47,25249.67,53753.72,2.4916,4.1596,1.53,50.4313,48.762,5.8765,7.4965,7.5761,,0.583,21836.6,10134.0,6070.2,468176.704,217272.96,23.24,19.02,2.011
603158,腾龙股份,汽车配件,江苏,20150320,603158.SH,20160622,20.36,21.26,20.12,21.13,20.36,0.77,3.78,20315.15,42075.513,2.0047,3.3467,1.29,49.7021,48.057,5.7915,7.3881,7.4665,,0.5916,21836.6,10134.0,6070.2,461407.358,214131.42,22.4,18.32,2.011
603158,腾龙股份,汽车配件,江苏,20150320,603158.SH,20160621,20.79,20.91,20.21,20.36,20.51,-0.15,-0.73,15454.0,31923.649,1.525,2.5459,1.0,47.8909,46.3057,5.5805,7.1189,7.1945,,0.6139,21836.6,10134.0,6070.2,444593.176,206328.24,22.56,18.46,2.011
603158,腾龙股份,汽车配件,江苏,20150320,603158.SH,20160620,20.52,20.59,20.1,20.51,20.32,0.19,0.94,15824.56,32231.389,1.5615,2.6069,0.93,48.2437,46.6469,5.6216,7.1713,7.2475,,0.6095,21836.6,10134.0,6070.2,447868.666,207848.34,22.35,18.29,2.011
603158,腾龙股份,汽车配件,江苏,20150320,603158.SH,20160617,20.43,20.88,20.1,20.32,20.43,-0.11,-0.54,15028.42,30792.523,1.483,2.4758,0.82,47.7968,46.2148,5.5695,7.1049,7.1803,,0.6152,21836.6,10134.0,6070.2,443719.712,205922.88,22.47,18.39,2.011
603158,腾龙股份,汽车配件,江苏,20150320,603158.SH,20160616,20.35,20.83,20.1,20.43,20.35,0.08,0.39,15821.36,32571.899,1.5612,2.6064,0.78,48.0555,46.4649,5.5996,7.1434,7.2192,,0.6118,21836.6,10134.0,6070.2,446121.738,207037.62,22.39,18.32,2.011
603158,腾龙股份,汽车配件,江苏,20150320,603158.SH,20160615,18.9,20.45,18.9,20.35,19.45,0.9,4.63,16330.98,32730.091,1.6115,2.6904,0.72,47.8674,46.283,5.5777,7.1154,7.1909,,0.6143,21836.6,10134.0,6070.2,444374.81,206226.9,21.4,17.51,2.011
603158,腾龙股份,汽车配件,江苏,20150320,603158.SH,20160614,19.5,19.75,19.13,19.45,19.6,-0.15,-0.77,14484.43,28215.171,1.4293,2.3862,0.5,45.7504,44.2361,5.331,6.8007,6.8729,,0.6427,21836.6,10134.0,6070.2,424721.87,197106.3,21.56,17.64,2.011
603158,腾龙股份,汽车配件,江苏,20150320,603158.SH,20160613,21.38,21.56,19.55,19.6,21.62,-2.02,-9.34,23187.64,48373.16,2.2881,3.8199,0.64,46.1032,44.5772,5.3721,6.8532,6.9259,,0.6378,21836.6,10134.0,6070.2,427997.36,198626.4,23.78,19.46,2.011
603158,腾龙股份,汽车配件,江苏,20150320,603158.SH,20160608,21.95,21.95,21.38,21.62,21.95,-0.33,-1.5,22141.0,47909.185,2.1848,3.6475,0.57,50.8546,49.1714,5.9258,7.5595,7.6397,,0.5782,21836.6,10134.0,6070.2,472107.292,219097.08,24.15,19.76,2.011
603158,腾龙股份,汽车配件,江苏,20150320,603158.SH,20160607,21.65,22.07,21.55,21.95,21.82,0.13,0.6,25559.27,55750.72,2.5221,4.2106,0.68,51.6309,49.922,6.0163,7.6748,7.7563,,0.5695,21836.6,10134.0,6070.2,479313.37,222441.3,24.0,19.64,2.011
603158,腾龙股份,汽车配件,江苏,20150320,603158.SH,20160606,21.9,22.2,21.51,21.82,21.9,-0.08,-0.37,27968.25,60999.626,2.7598,4.6075,0.84,51.3251,49.6263,5.9806,7.6294,7.7104,,0.5729,21836.6,10134.0,6070.2,476474.612,221123.88,24.09,19.71,2.011
603158,腾龙股份,汽车配件,江苏,20150320,603158.SH,20160603,22.45,22.45,21.76,21.9,22.56,-0.66,-2.93,45267.18,99742.952,4.4669,7.4573,1.74,51.5133,49.8082,6.0025,7.6574,7.7386,,0.5708,21836.6,10134.0,6070.2,478221.54,221934.6,24.82,20.3,2.011
603158,腾龙股份,汽车配件,江苏,20150320,603158.SH,20160602,21.55,22.68,21.2,22.56,22.16,0.4,1.81,59533.36,131039.405,5.8746,9.8075,3.36,53.0657,51.3093,6.1834,7.8881,7.9718,,0.5541,21836.6,10134.0,6070.2,492633.696,228623.04,24.38,19.94,2.011
603158,腾龙股份,汽车配件,江苏,20150320,603158.SH,20160601,22.55,23.48,21.69,22.16,21.81,0.35,1.6,35082.89,78273.02,6.9238,11.5591,2.86,52.1248,50.3996,6.0738,7.7483,7.8305,,0.5641,21836.6,5067.0,3035.1,483899.056,112284.72,23.99,19.63,2.011
603158,腾龙股份,汽车配件,江苏,20150320,603158.SH,20160531,40.28,43.95,40.28,43.87,40.44,3.43,8.48,19955.65,84394.28,3.9384,6.575,2.14,51.5956,49.8878,5.813,7.6696,7.751,,,10918.3,5067.0,3035.1,478985.821,222289.29,44.48,36.4,1.0
603158,腾龙股份,汽车配件,江苏,20150320,603158.SH,20160530,40.7,40.88,40.21,40.44,40.66,-0.22,-0.54,6139.24,24888.253,1.2116,2.0227,0.64,47.5616,45.9873,5.3585,7.0699,7.145,,,10918.3,5067.0,3035.1,441536.052,204909.48,44.73,36.59,1.0
603158,腾龙股份,汽车配件,江苏,20150320,603158.SH,20160527,40.85,40.9,40.21,40.66,40.8,-0.14,-0.34,9514.4,38644.647,1.8777,3.1348,1.09,47.8203,46.2375,5.3876,7.1084,7.1839,,,10918.3,5067.0,3035.1,443938.078,206024.22,44.88,36.72,1.0
603158,腾龙股份,汽车配件,江苏,20150320,603158.SH,20160526,39.99,40.94,39.18,40.8,39.41,1.39,3.53,17892.34,72163.86,3.5312,5.8951,2.91,47.985,46.3967,5.4062,7.1329,7.2086,,,10918.3,5067.0,3035.1,445466.64,206733.6,43.35,35.47,1.0
603158,腾龙股份,汽车配件,江苏,20150320,603158.SH,20160525,40.17,40.66,39.0,39.41,39.98,-0.57,-1.43,7786.05,31258.745,1.5366,2.5653,1.28,46.3502,44.816,5.222,6.8899,6.963,,,10918.3,5067.0,3035.1,430290.203,199690.47,43.98,35.98,1.0
603158,腾龙股份,汽车配件,江苏,20150320,603158.SH,20160524,39.9,40.2,39.44,39.98,40.17,-0.19,-0.47,5389.06,21448.533,1.0636,1.7756,0.87,47.0206,45.4642,5.2975,6.9895,7.0637,,,10918.3,5067.0,3035.1,436513.634,202578.66,44.19,36.15,1.0
603158,腾龙股份,汽车配件,江苏,20150320,603158.SH,20160523,39.21,40.5,39.21,40.17,39.2,0.97,2.47,7025.69,28189.926,1.3866,2.3148,1.2,47.244,45.6803,5.3227,7.0227,7.0973,,,10918.3,5067.0,3035.1,438588.111,203541.39,43.12,35.28,1.0
603158,腾龙股份,汽车配件,江苏,20150320,603158.SH,20160520,35.1,39.51,35.1,39.2,38.51,0.69,1.79,5641.27,21879.106,1.1133,1.8587,1.0,46.1032,44.5772,5.1942,6.8532,6.9259,,,10918.3,5067.0,3035.1,427997.36,198626.4,42.36,34.66,1.0
603158,腾龙股份,汽车配件,江苏,20150320,603158.SH,20160519,38.42,39.7,38.35,38.51,38.29,0.22,0.57,4937.33,19289.381,0.9744,1.6267,0.83,45.2917,43.7926,5.1028,6.7325,6.804,,,10918.3,5067.0,3035.1,420463.733,195130.17,42.12,34.46,1.0
603158,腾龙股份,汽车配件,江苏,20150320,603158.SH,20160518,39.85,39.88,38.0,38.29,40.09,-1.8,-4.49,7374.63,28529.874,1.4554,2.4298,1.25,45.0329,43.5424,5.0736,6.6941,6.7651,,,10918.3,5067.0,3035.1,418061.707,194015.43,44.1,36.08,1.0
603158,腾龙股份,汽车配件,江苏,20150320,603158.SH,20160517,40.14,40.59,39.79,40.09,40.14,-0.05,-0.12,5879.6,23585.445,1.1604,1.9372,0.97,47.1499,45.5893,5.3121,7.0088,7.0831,,,10918.3,5067.0,3035.1,437714.647,203136.03,44.15,36.13,1.0
603158,腾龙股份,汽车配件,江苏,20150320,603158.SH,20160516,39.22,40.6,38.44,40.14,39.17,0.97,2.48,5342.76,21038.487,1.0544,1.7603,0.74,47.2087,45.6462,5.3187,7.0175,7.092,,,10918.3,5067.0,3035.1,438260.562,203389.38,43.09,35.25,1.0
603158,腾龙股份,汽车配件,江苏,20150320,603158.SH,20160513,39.05,39.94,39.05,39.17,39.4,-0.23,-0.58,4556.16,17982.984,0.8992,1.5012,0.48,46.0679,44.5431,5.1902,6.8479,6.9206,,,10918.3,5067.0,3035.1,427669.811,198474.39,43.34,35.46,1.0
603158,腾龙股份,汽车配件,江苏,20150320,603158.SH,20160512,39.4,39.77,38.63,39.4,40.15,-0.75,-1.87,6640.96,26047.036,1.3106,2.1881,0.65,45.2719,43.7734,5.2128,6.7296,6.801,,,10667.0,5067.0,3035.1,420279.8,199639.8,44.17,36.14,1.0
603158,腾龙股份,汽车配件,江苏,20150320,603158.SH,20160511,40.5,40.85,40.05,40.15,40.15,0.0,0.0,6988.52,28242.475,1.3792,2.3026,0.64,46.1336,44.6067,5.312,6.8577,6.9305,,,10667.0,5067.0,3035.1,428280.05,203440.05,44.17,36.14,1.0
603158,腾龙股份,汽车配件,江苏,20150320,603158.SH,20160510,40.5,40.59,39.8,40.15,40.15,0.0,0.0,6657.91,26753.692,1.314,2.1936,0.57,46.1336,44.6067,5.312,6.8577,6.9305,,,10667.0,5067.0,3035.1,428280.05,203440.05,44.17,36.14,1.0
603158,腾龙股份,汽车配件,江苏,20150320,603158.SH,20160509,41.9,42.35,39.92,40.15,42.55,-2.4,-5.64,11120.1,45214.724,2.1946,3.6638,1.05,46.1336,44.6067,5.312,6.8577,6.9305,,,10667.0,5067.0,3035.1,428280.05,203440.05,46.81,38.3,1.0
603158,腾龙股份,汽车配件,江苏,20150320,603158.SH,20160506,43.9,45.0,42.52,42.55,43.89,-1.34,-3.05,15883.23,69376.038,3.1346,5.2332,1.75,48.8913,47.2731,5.6296,7.2676,7.3447,,,10667.0,5067.0,3035.1,453880.85,215600.85,48.28,39.5,1.0
603158,腾龙股份,汽车配件,江苏,20150320,603158.SH,20160505,43.0,43.98,42.86,43.89,42.86,1.03,2.4,10534.86,45888.837,2.0791,3.471,1.25,50.431,48.7618,5.8069,7.4965,7.5761,,,10667.0,5067.0,3035.1,468174.63,222390.63,47.15,38.57,1.0
603158,腾龙股份,汽车配件,江苏,20150320,603158.SH,20160504,42.6,43.79,42.55,42.86,43.12,-0.26,-0.6,10174.46,43892.967,2.008,3.3523,1.28,49.2475,47.6175,5.6706,7.3206,7.3983,,,10667.0,5067.0,3035.1,457187.62,217171.62,47.43,38.81,1.0
603158,腾龙股份,汽车配件,江苏,20150320,603158.SH,20160503,41.0,43.18,40.61,43.12,40.95,2.17,5.3,11095.62,46715.837,2.1898,3.6558,1.34,49.5463,47.9064,5.705,7.365,7.4431,,,10667.0,5067.0,3035.1,459961.04,218489.04,45.05,36.86,1.0
603158,腾龙股份,汽车配件,江苏,20150320,603158.SH,20160429,40.22,41.3,40.22,40.95,40.52,0.43,1.06,5078.54,20768.79,1.0023,1.6733,0.56,47.0529,45.4955,5.4179,6.9943,7.0686,,,10667.0,5067.0,3035.1,436813.65,207493.65,44.57,36.47,1.0
603158,腾龙股份,汽车配件,江苏,20150320,603158.SH,20160428,41.5,41.5,39.8,40.52,41.08,-0.56,-1.36,8582.3,34653.989,1.6938,2.8277,0.84,46.5588,45.0178,5.361,6.9209,6.9943,,,10667.0,5067.0,3035.1,432226.84,205314.84,45.19,36.97,1.0
603158,腾龙股份,汽车配件,江苏,20150320,603158.SH,20160427,41.82,42.17,41.0,41.08,41.73,-0.65,-1.56,7301.65,30259.174,1.441,2.4057,0.53,47.2022,45.6399,5.4351,7.0165,7.091,,,10667.0,5067.0,3035.1,438200.36,208152.36,45.9,37.56,1.0
603158,腾龙股份,汽车配件,江苏,20150320,603158.SH,20160426,41.47,42.25,41.01,41.73,41.47,0.26,0.63,7838.38,32705.128,1.5469,2.5826,0.47,47.9491,46.3621,5.5211,7.1276,7.2032,,,10667.0,5067.0,3035.1,445133.91,211445.91,45.62,37.32,1.0
603158,腾龙股份,汽车配件,江苏,20150320,603158.SH,20160425,40.5,42.36,39.13,41.47,40.62,0.85,2.09,12721.41,52924.818,2.5106,4.1914,0.66,47.6504,46.0732,5.4867,7.0831,7.1583,,,10667.0,5067.0,3035.1,442360.49,210128.49,44.68,36.56,1.0
603158,腾龙股份,汽车配件,江苏,20150320,603158.SH,20160422,39.05,40.8,39.05,40.62,39.82,0.8,2.01,9107.4,36751.485,1.7974,3.0007,0.41,46.6737,45.1289,5.3742,6.938,7.0116,,,10667.0,5067.0,3035.1,433293.54,205821.54,43.8,35.84,1.0
603158,腾龙股份,汽车配件,江苏,20150320,603158.SH,20160421,40.2,41.1,39.6,39.82,41.38,-1.56,-3.77,14419.26,58574.826,2.8457,4.7508,0.63,45.7545,44.2401,5.2684,6.8013,6.8735,,,10667.0,5067.0,3035.1,424759.94,201767.94,45.52,37.24,1.0
603158,腾龙股份,汽车配件,江苏,20150320,603158.SH,20160420,43.8,44.35,39.9,41.38,43.22,-1.84,-4.26,24938.18,105355.66,4.9217,8.2166,1.13,47.547,45.9732,5.4748,7.0678,7.1428,,,10667.0,5067.0,3035.1,441400.46,209672.46,47.54,38.9,1.0
603158,腾龙股份,汽车配件,江苏,20150320,603158.SH,20160419,44.98,45.07,42.65,43.22,44.53,-1.31,-2.94,22972.49,100041.353,4.5337,7.5689,1.01,49.6612,48.0175,5.7182,7.382,7.4604,,,10667.0,5067.0,3035.1,461027.74,218995.74,48.98,40.08,1.0
603158,腾龙股份,汽车配件,江苏,20150320,603158.SH,20160418,46.1,46.28,44.5,44.53,46.8,-2.27,-4.85,24512.01,110734.391,4.8376,7.9922,1.13,53.1823,50.4067,6.3169,8.5982,7.6137,,,10667.0,5067.0,3067.0,475001.51,225633.51,51.48,42.12,1.0
603158,腾龙股份,汽车配件,江苏,20150320,603158.SH,20160415,44.64,47.25,44.64,46.8,44.55,2.25,5.05,23873.67,109363.403,4.7116,7.784,1.21,55.8934,52.9763,6.6389,9.0365,8.0018,,,10667.0,5067.0,3067.0,499215.6,237135.6,49.01,40.1,1.0
603158,腾龙股份,汽车配件,江苏,20150320,603158.SH,20160414,43.88,44.79,43.05,44.55,43.6,0.95,2.18,17449.56,76683.64,3.4438,5.6895,0.89,53.2062,50.4293,6.3198,8.6021,7.6171,,,10667.0,5067.0,3067.0,475214.85,225734.85,47.96,39.24,1.0
603158,腾龙股份,汽车配件,江苏,20150320,603158.SH,20160413,44.0,44.5,43.5,43.6,44.08,-0.48,-1.09,21811.42,96264.117,4.3046,7.1116,1.16,52.0716,49.354,6.185,8.4187,7.4547,,,10667.0,5067.0,3067.0,465081.2,220921.2,48.49,39.67,1.0
603158,腾龙股份,汽车配件,江苏,20150320,603158.SH,20160412,42.71,44.89,42.49,44.08,42.76,1.32,3.09,25666.82,111843.578,5.0655,8.3687,1.53,52.6449,49.8973,6.2531,8.5113,7.5367,,,10667.0,5067.0,3067.0,470201.36,223353.36,47.04,38.48,1.0
603158,腾龙股份,汽车配件,江苏,20150320,603158.SH,20160411,41.15,42.9,41.15,42.76,40.59,2.17,5.35,19473.39,81916.06,3.8432,6.3493,1.31,51.0684,48.4031,6.0658,8.2565,7.3111,,,10667.0,5067.0,3067.0,456120.92,216664.92,44.65,36.53,1.0
603158,腾龙股份,汽车配件,江苏,20150320,603158.SH,20160408,40.31,40.8,39.72,40.59,40.98,-0.39,-0.95,13875.78,55908.782,2.7385,4.5242,0.9,48.4768,45.9467,5.758,7.8375,6.94,,,10667.0,5067.0,3067.0,432973.53,205669.53,45.08,36.88,1.0
603158,腾龙股份,汽车配件,江苏,20150320,603158.SH,20160407,41.69,41.93,40.62,40.98,41.71,-0.73,-1.75,17032.5,70159.098,3.3615,5.5535,1.17,48.9425,46.3882,5.8133,7.9128,7.0067,,,10667.0,5067.0,3067.0,437133.66,207645.66,45.88,37.54,1.0
603158,腾龙股份,汽车配件,江苏,20150320,603158.SH,20160406,41.2,41.97,40.7,41.71,41.31,0.4,0.97,18343.83,75963.724,3.6203,5.981,1.25,49.8144,47.2145,5.9169,8.0537,7.1315,,,10667.0,5067.0,3067.0,444920.57,211344.57,45.44,37.18,1.0
603158,腾龙股份,汽车配件,江苏,20150320,603158.SH,20160405,39.7,41.38,39.7,41.31,39.98,1.33,3.33,15111.46,61622.645,2.9823,4.9271,1.03,49.3367,46.7618,5.8601,7.9765,7.0631,,,10667.0,5067.0,3067.0,440653.77,209317.77,43.98,35.98,1.0
603158,腾龙股份,汽车配件,江苏,20150320,603158.SH,20160401,39.88,40.13,39.02,39.98,40.13,-0.15,-0.37,9853.48,38950.77,1.9446,3.2127,0.64,47.7482,45.2562,5.6715,7.7197,6.8357,,,10667.0,5067.0,3067.0,426466.66,202578.66,44.14,36.12,1.0
603158,腾龙股份,汽车配件,江苏,20150320,603158.SH,20160331,39.67,40.78,39.67,40.13,39.64,0.49,1.24,16347.09,65740.937,3.2262,5.33,0.98,47.9274,45.426,5.6928,7.7486,6.8614,,,10667.0,5067.0,3067.0,428066.71,203338.71,43.6,35.68,1.0
603158,腾龙股份,汽车配件,江苏,20150320,603158.SH,20160330,38.0,40.05,38.0,39.64,38.14,1.5,3.93,13347.76,52072.706,2.6343,4.3521,0.75,47.3422,44.8714,5.6232,7.654,6.7776,,,10667.0,5067.0,3067.0,422839.88,200855.88,41.95,34.33,1.0
603158,腾龙股份,汽车配件,江苏,20150320,603158.SH,20160329,39.93,40.22,37.2,38.14,40.22,-2.08,-5.17,18514.82,70852.418,3.654,6.0368,0.94,45.5507,43.1734,5.4105,7.3644,6.5211,,,10667.0,5067.0,3067.0,406839.38,193255.38,44.24,36.2,1.0
603158,腾龙股份,汽车配件,江苏,20150320,603158.SH,20160328,40.98,41.49,39.7,40.22,40.54,-0.32,-0.79,15151.8,61745.781,2.9903,4.9403,0.68,48.0349,45.5279,5.7055,7.766,6.8768,,,10667.0,5067.0,3067.0,429026.74,203794.74,44.59,36.49,1.0
603158,腾龙股份,汽车配件,江苏,20150320,603158.SH,20160325,39.65,40.65,39.23,40.54,40.12,0.42,1.05,13570.18,54001.797,2.6781,4.4246,0.61,48.417,45.8901,5.7509,7.8278,6.9315,,,10667.0,5067.0,3067.0,432440.18,205416.18,44.13,36.11,1.0
603158,腾龙股份,汽车配件,江苏,20150320,603158.SH,20160324,38.8,41.6,38.8,40.12,39.69,0.43,1.08,22515.4,91537.713,4.4435,7.3412,1.17,47.9154,45.4147,5.6913,7.7467,6.8597,,,10667.0,5067.0,3067.0,427960.04,203288.04,43.66,35.72,1.0
603158,腾龙股份,汽车配件,江苏,20150320,603158.SH,20160323,40.3,41.25,39.16,39.69,39.5,0.19,0.48,19720.87,79043.493,3.892,6.43,1.15,47.4019,44.928,5.6303,7.6637,6.7862,,,10667.0,5067.0,3067.0,423373.23,201109.23,43.45,35.55,1.0
603158,腾龙股份,汽车配件,江苏,20150320,603158.SH,20160321,39.01,40.78,38.92,39.5,39.14,0.36,0.92,27914.0,110464.358,5.509,9.1014,1.98,47.175,44.7129,5.6034,7.627,6.7537,,,10667.0,5067.0,3067.0,421346.5,200146.5,,,1.0
603158,腾龙股份,汽车配件,江苏,20150320,603158.SH,20160318,35.6,39.14,35.6,39.14,35.58,3.56,10.01,27499.83,103451.134,10.3111,10.3111,2.78,46.745,44.3054,5.5523,7.5575,6.6921,,,10667.0,2667.0,2667.0,417506.38,104386.38,,,1.0
603158,腾龙股份,汽车配件,江苏,20150320,603158.SH,20160317,34.37,35.87,34.04,35.58,34.37,1.21,3.52,13019.16,45941.726,4.8816,4.8816,1.51,42.4933,40.2756,5.0473,6.8701,6.0834,,,10667.0,2667.0,2667.0,379531.86,94891.86,,,1.0
603158,腾龙股份,汽车配件,江苏,20150320,603158.SH,20160316,35.49,35.86,34.25,34.37,35.17,-0.8,-2.27,8179.0,28461.029,3.0667,3.0667,0.97,41.0482,38.9059,4.8757,6.6364,5.8765,,,10667.0,2667.0,2667.0,366624.79,91664.79,,,1.0
603158,腾龙股份,汽车配件,江苏,20150320,603158.SH,20160315,35.89,35.93,35.01,35.17,35.93,-0.76,-2.12,8978.02,31755.085,3.3663,3.3663,1.04,42.0036,39.8114,4.9891,6.7909,6.0133,,,10667.0,2667.0,2667.0,375158.39,93798.39,,,1.0
603158,腾龙股份,汽车配件,江苏,20150320,603158.SH,20160314,35.02,36.48,35.02,35.93,34.49,1.44,4.18,12789.96,45955.869,4.7956,4.7956,1.7,42.9113,40.6717,5.0969,6.9377,6.1433,,,10667.0,2667.0,2667.0,383265.31,95825.31,,,1.0
603158,腾龙股份,汽车配件,江苏,20150320,603158.SH,20160311,33.7,34.6,33.13,34.49,33.94,0.55,1.62,6451.67,21977.523,2.4191,2.4191,0.75,41.1915,39.0417,4.8927,6.6596,5.8971,,,10667.0,2667.0,2667.0,367904.83,91984.83,,,1.0
603158,腾龙股份,汽车配件,江苏,20150320,603158.SH,20160310,34.4,34.91,33.8,33.94,34.31,-0.37,-1.08,6732.84,23148.742,2.5245,2.5245,0.68,40.5346,38.4191,4.8147,6.5534,5.803,,,10667.0,2667.0,2667.0,362037.98,90517.98,,,1.0
603158,腾龙股份,汽车配件,江苏,20150320,603158.SH,20160309,33.72,34.7,33.7,34.31,35.0,-0.69,-1.97,7165.94,24573.786,2.6869,2.6869,0.67,40.9765,38.8379,4.8671,6.6249,5.8663,,,10667.0,2667.0,2667.0,365984.77,91504.77,,,1.0
603158,腾龙股份,汽车配件,江苏,20150320,603158.SH,20160308,35.0,35.3,33.0,35.0,35.0,0.0,0.0,10222.0,35024.491,3.8328,3.8328,0.92,41.8006,39.619,4.965,6.7581,5.9843,,,10667.0,2667.0,2667.0,373345.0,93345.0,38.5,31.5,1.0
603158,腾龙股份,汽车配件,江苏,20150320,603158.SH,20160307,34.79,35.9,34.26,35.0,34.1,0.9,2.64,7140.96,25028.489,2.6775,2.6775,0.56,41.8006,39.619,4.965,6.7581,5.9843,,,10667.0,2667.0,2667.0,373345.0,93345.0,,,1.0
603158,腾龙股份,汽车配件,江苏,20150320,603158.SH,20160304,36.0,36.3,33.5,34.1,36.26,-2.16,-5.96,11814.27,41425.676,4.4298,4.4298,0.88,40.7257,38.6002,4.8373,6.5843,5.8304,,,10667.0,2667.0,2667.0,363744.7,90944.7,,,1.0
603158,腾龙股份,汽车配件,江苏,20150320,603158.SH,20160303,36.7,37.23,36.2,36.26,36.71,-0.45,-1.23,12943.61,47548.386,4.8532,4.8532,0.87,43.3054,41.0453,5.1438,7.0014,6.1997,,,10667.0,2667.0,2667.0,386785.42,96705.42,,,1.0
603158,腾龙股份,汽车配件,江苏,20150320,603158.SH,20160302,34.98,36.96,34.75,36.71,35.07,1.64,4.68,11663.84,41942.64,4.3734,4.3734,0.76,43.8429,41.5547,5.2076,7.0883,6.2766,,,10667.0,2667.0,2667.0,391585.57,97905.57,,,1.0
603158,腾龙股份,汽车配件,江苏,20150320,603158.SH,20160301,34.09,35.49,33.38,35.07,34.09,0.98,2.87,11753.75,40546.827,4.4071,4.4071,0.71,41.8842,39.6982,4.975,6.7716,5.9962,,,10667.0,2667.0,2667.0,374091.69,93531.69,,,1.0
603158,腾龙股份,汽车配件,江苏,20150320,603158.SH,20160229,37.75,37.75,33.83,34.09,37.54,-3.45,-9.19,15953.2,55399.491,5.9817,5.9817,0.84,40.7138,38.5889,4.8359,6.5824,5.8287,,,10667.0,2667.0,2667.0,363638.03,90918.03,,,1.0
603158,腾龙股份,汽车配件,江苏,20150320,603158.SH,20160226,37.28,38.75,35.58,37.54,37.28,0.26,0.7,14447.5,54345.642,5.4171,5.4171,0.65,44.8341,42.4942,5.3253,7.2485,6.4185,,,10667.0,2667.0,2667.0,400439.18,100119.18,,,1.0
603158,腾龙股份,汽车配件,江苏,20150320,603158.SH,20160225,40.84,41.59,37.28,37.28,41.42,-4.14,-10.0,20774.51,80728.773,7.7895,7.7895,0.82,44.5236,42.1999,5.2885,7.1983,6.3741,,,10667.0,2667.0,2667.0,397665.76,99425.76,,,1.0
603158,腾龙股份,汽车配件,江苏,20150320,603158.SH,20160224,41.86,42.31,40.13,41.42,42.09,-0.67,-1.59,13717.16,56517.997,5.1433,5.1433,0.54,49.468,46.8863,5.8757,7.9977,7.0819,,,10667.0,2667.0,2667.0,441827.14,110467.14,,,1.0
603158,腾龙股份,汽车配件,江苏,20150320,603158.SH,20160223,42.95,43.0,41.13,42.09,43.13,-1.04,-2.41,17714.16,74370.425,6.642,6.642,0.74,50.2682,47.6447,5.9708,8.1271,7.1965,,,10667.0,2667.0,2667.0,448974.03,112254.03,,,1.0
603158,腾龙股份,汽车配件,江苏,20150320,603158.SH,20160222,42.35,43.58,41.62,43.13,41.92,1.21,2.89,27781.86,117702.217,10.4169,10.4169,1.4,51.5103,48.8219,6.1183,8.3279,7.3743,,,10667.0,2667.0,2667.0,460067.71,115027.71,,,1.0
603158,腾龙股份,汽车配件,江苏,20150320,603158.SH,20160219,42.0,42.61,40.98,41.92,42.53,-0.61,-1.43,31146.53,129846.38,11.6785,11.6785,1.96,50.0652,47.4523,5.9467,8.0943,7.1674,,,10667.0,2667.0,2667.0,447160.64,111800.64,,,1.0
603158,腾龙股份,汽车配件,江苏,20150320,603158.SH,20160218,39.0,42.53,38.8,42.53,38.66,3.87,10.01,36726.32,150559.51,13.7706,13.7706,3.24,50.7937,48.1428,6.0332,8.212,7.2717,,,10667.0,2667.0,2667.0,453667.51,113427.51,,,1.0
603158,腾龙股份,汽车配件,江苏,20150320,603158.SH,20160217,37.9,38.89,37.9,38.66,38.07,0.59,1.55,13567.31,52179.225,5.0871,5.0871,1.13,46.1718,43.762,5.4842,7.4648,6.61,,,10667.0,2667.0,2667.0,412386.22,103106.22,,,1.0
603158,腾龙股份,汽车配件,江苏,20150320,603158.SH,20160216,36.66,38.17,36.2,38.07,36.19,1.88,5.19,9774.43,36912.447,3.665,3.665,0.81,45.4671,43.0942,5.4005,7.3509,6.5092,,,10667.0,2667.0,2667.0,406092.69,101532.69,,,1.0
603158,腾龙股份,汽车配件,江苏,20150320,603158.SH,20160215,34.95,36.48,34.95,36.19,37.1,-0.91,-2.45,7980.0,28607.957,2.9921,2.9921,0.66,43.2218,40.9661,5.1338,6.9879,6.1877,,,10667.0,2667.0,2667.0,386038.73,96518.73,,,1.0
603158,腾龙股份,汽车配件,江苏,20150320,603158.SH,20160205,38.36,38.38,37.05,37.1,38.28,-1.18,-3.08,11305.94,42534.202,4.2392,4.2392,0.93,44.3086,41.9962,5.2629,7.1636,6.3433,,,10667.0,2667.0,2667.0,395745.7,98945.7,,,1.0
603158,腾龙股份,汽车配件,江苏,20150320,603158.SH,20160204,37.94,38.58,37.68,38.28,37.9,0.38,1.0,14009.68,53553.236,5.253,5.253,1.22,45.7179,43.3319,5.4303,7.3914,6.5451,,,10667.0,2667.0,2667.0,408332.76,102092.76,,,1.0
603158,腾龙股份,汽车配件,江苏,20150320,603158.SH,20160203,35.8,37.98,35.5,37.9,36.37,1.53,4.21,17054.32,63440.8,6.3946,6.3946,1.51,45.2641,42.9017,5.3764,7.318,6.4801,,,10667.0,2667.0,2667.0,404279.3,101079.3,,,1.0
603158,腾龙股份,汽车配件,江苏,20150320,603158.SH,20160202,35.21,36.56,35.0,36.37,35.09,1.28,3.65,9736.44,35135.048,3.6507,3.6507,0.77,43.4368,41.1698,5.1594,7.0226,6.2185,,,10667.0,2667.0,2667.0,387958.79,96998.79,,,1.0
603158,腾龙股份,汽车配件,江苏,20150320,603158.SH,20160201,35.6,35.88,34.41,35.09,35.86,-0.77,-2.15,8165.92,28772.897,3.0618,3.0618,0.59,41.9081,39.7209,4.9778,6.7755,5.9996,,,10667.0,2667.0,2667.0,374305.03,93585.03,,,1.0
603158,腾龙股份,汽车配件,江苏,20150320,603158.SH,20160129,34.17,36.44,34.0,35.86,34.83,1.03,2.96,11859.17,42076.979,4.4466,4.4466,0.85,42.8277,40.5925,5.087,6.9241,6.1313,,,10667.0,2667.0,2667.0,382518.62,95638.62,,,1.0
603158,腾龙股份,汽车配件,江苏,20150320,603158.SH,20160128,36.85,36.85,34.4,34.83,37.15,-2.32,-6.25,10404.0,37212.533,3.901,3.901,0.68,41.5976,39.4266,4.9409,6.7253,5.9552,,,10667.0,2667.0,2667.0,371531.61,92891.61,,,1.0
603158,腾龙股份,汽车配件,江苏,20150320,603158.SH,20160127,36.54,37.56,33.9,37.15,36.56,0.59,1.61,16135.37,58249.121,6.05,6.05,0.98,44.3684,42.0527,5.27,7.1732,6.3519,,,10667.0,2667.0,2667.0,396279.05,99079.05,,,1.0
603158,腾龙股份,汽车配件,江苏,20150320,603158.SH,20160126,40.02,40.37,36.55,36.56,40.61,-4.05,-9.97,16718.45,64176.869,6.2686,6.2686,0.86,43.6637,41.3849,5.1863,7.0593,6.251,,,10667.0,2667.0,2667.0,389985.52,97505.52,,,1.0
603158,腾龙股份,汽车配件,江苏,20150320,603158.SH,20160125,40.18,41.35,40.0,40.61,39.84,0.77,1.93,14179.91,57630.211,5.3168,5.3168,0.74,48.5006,45.9694,5.7608,7.8413,6.9435,,,10667.0,2667.0,2667.0,433186.87,108306.87,,,1.0
603158,腾龙股份,汽车配件,江苏,20150320,603158.SH,20160122,38.85,39.91,38.49,39.84,38.77,1.07,2.76,12338.99,48519.083,4.6265,4.6265,0.62,47.581,45.0978,5.6516,7.6926,6.8118,,,10667.0,2667.0,2667.0,424973.28,106253.28,,,1.0
603158,腾龙股份,汽车配件,江苏,20150320,603158.SH,20160121,39.99,41.17,38.69,38.77,40.59,-1.82,-4.48,16995.21,68077.759,6.3724,6.3724,0.85,46.3031,43.8865,5.4998,7.486,6.6289,,,10667.0,2667.0,2667.0,413559.59,103399.59,42.65,34.89,1.0
603158,腾龙股份,汽车配件,江苏,20150320,603158.SH,20160120,40.73,41.5,40.15,40.59,41.07,-0.48,-1.17,21762.15,88667.798,8.1598,8.1598,1.09,48.4768,45.9467,5.758,7.8375,6.94,,,10667.0,2667.0,2667.0,432973.53,108253.53,,,1.0
603158,腾龙股份,汽车配件,江苏,20150320,603158.SH,20160119,39.98,41.28,38.65,41.07,39.57,1.5,3.79,31513.53,125573.291,11.8161,11.8161,1.48,49.05,46.4901,5.8261,7.9301,7.0221,,,10667.0,2667.0,2667.0,438093.69,109533.69,,,1.0
603158,腾龙股份,汽车配件,江苏,20150320,603158.SH,20160118,37.16,40.6,36.9,39.57,38.78,0.79,2.04,13161.05,51729.026,4.9348,4.9348,0.59,47.2586,44.7921,5.6133,7.6405,6.7656,,,10667.0,2667.0,2667.0,422093.19,105533.19,,,1.0
603158,腾龙股份,汽车配件,江苏,20150320,603158.SH,20160115,41.0,41.1,38.39,38.78,41.41,-2.63,-6.35,15505.63,61584.847,5.8139,5.8139,0.69,46.3151,43.8979,5.5012,7.488,6.6306,,,10667.0,2667.0,2667.0,413666.26,103426.26,,,1.0
603158,腾龙股份,汽车配件,江苏,20150320,603158.SH,20160114,38.8,41.68,38.0,41.41,39.88,1.53,3.84,18106.99,72111.21,6.7893,6.7893,0.92,49.4561,46.8749,5.8743,7.9958,7.0802,,,10667.0,2667.0,2667.0,441720.47,110440.47,,,1.0
603158,腾龙股份,汽车配件,江苏,20150320,603158.SH,20160113,41.8,43.05,39.54,39.88,41.99,-2.11,-5.03,21525.24,89631.355,8.071,8.071,1.19,47.6288,45.143,5.6573,7.7004,6.8186,,,10667.0,2667.0,2667.0,425399.96,106359.96,,,1.0
603158,腾龙股份,汽车配件,江苏,20150320,603158.SH,20160112,40.9,43.78,39.49,41.99,43.88,-1.89,-4.31,38184.54,155176.811,14.3174,14.3174,2.81,50.1488,47.5315,5.9566,8.1078,7.1794,,,10667.0,2667.0,2667.0,447907.33,111987.33,,,1.0
603158,腾龙股份,汽车配件,江苏,20150320,603158.SH,20160111,47.78,48.55,43.88,43.88,48.75,-4.87,-9.99,17355.92,78800.421,6.5077,6.5077,1.33,52.406,49.6709,6.2247,8.4727,7.5026,,,10667.0,2667.0,2667.0,468067.96,117027.96,,,1.0
603158,腾龙股份,汽车配件,江苏,20150320,603158.SH,20160108,50.8,51.5,46.0,48.75,49.79,-1.04,-2.09,17756.99,87611.0,6.658,6.658,1.4,58.2223,55.1836,6.9156,9.4131,8.3352,,,10667.0,2667.0,2667.0,520016.25,130016.25,,,1.0
603158,腾龙股份,汽车配件,江苏,20150320,603158.SH,20160107,54.61,54.61,49.79,49.79,55.32,-5.53,-10.0,4120.0,21156.905,1.5448,1.5448,0.23,59.4643,56.3609,7.0631,9.6139,8.513,,,10667.0,2667.0,2667.0,531109.93,132789.93,,,1.0
603158,腾龙股份,汽车配件,江苏,20150320,603158.SH,20160106,54.72,55.6,53.5,55.32,53.88,1.44,2.67,12971.62,70740.352,4.8637,4.8637,0.74,66.0688,62.6207,7.8476,10.6816,9.4586,,,10667.0,2667.0,2667.0,590098.44,147538.44,,,1.0
603158,腾龙股份,汽车配件,江苏,20150320,603158.SH,20160105,53.0,55.98,51.75,53.88,56.66,-2.78,-4.91,15805.54,85521.292,5.9263,5.9263,0.8,64.349,60.9906,7.6433,10.4036,9.2123,,,10667.0,2667.0,2667.0,574737.96,143697.96,,,1.0
603158,腾龙股份,汽车配件,江苏,20150320,603158.SH,20160104,62.03,62.99,56.66,56.66,62.96,-6.3,-10.01,14692.0,87293.018,5.5088,5.5088,0.72,67.6692,64.1375,8.0377,10.9404,9.6877,,,10667.0,2667.0,2667.0,604392.22,151112.22,,,1.0
603158,腾龙股份,汽车配件,江苏,20150320,603158.SH,20151231,65.56,66.57,62.6,62.96,65.9,-2.94,-4.46,16030.54,104088.394,6.0107,6.0107,0.8,75.1933,71.2689,8.9314,12.1568,10.7648,,,10667.0,2667.0,2667.0,671594.32,167914.32,,,1.0
603158,腾龙股份,汽车配件,江苏,20150320,603158.SH,20151230,64.08,68.5,64.08,65.9,63.95,1.95,3.05,28807.35,190058.824,10.8014,10.8014,1.6,78.7046,74.5969,9.3484,12.7245,11.2675,,,10667.0,2667.0,2667.0,702955.3,175755.3,,,1.0
603158,腾龙股份,汽车配件,江苏,20150320,603158.SH,20151229,62.28,64.85,61.57,63.95,62.71,1.24,1.98,12582.11,78635.14,4.7177,4.7177,0.62,76.3757,72.3896,9.0718,12.348,10.9341,,,10667.0,2667.0,2667.0,682154.65,170554.65,,,1.0
603158,腾龙股份,汽车配件,江苏,20150320,603158.SH,20151228,63.96,66.37,61.66,62.71,64.45,-1.74,-2.7,26661.81,173365.881,9.9969,9.9969,1.37,74.8947,70.9859,8.8959,12.1086,10.7221,,,10667.0,2667.0,2667.0,668927.57,167247.57,,,1.0
603158,腾龙股份,汽车配件,江苏,20150320,603158.SH,20151225,63.94,65.59,63.2,64.45,63.19,1.26,1.99,18271.77,118024.643,6.8511,6.8511,0.92,76.9728,72.9556,9.1427,12.4445,11.0196,,,10667.0,2667.0,2667.0,687488.15,171888.15,,,1.0
603158,腾龙股份,汽车配件,江苏,20150320,603158.SH,20151224,61.51,63.49,60.68,63.19,61.34,1.85,3.02,14106.44,87576.66,5.2893,5.2893,0.67,75.468,71.5293,8.964,12.2013,10.8042,,,10667.0,2667.0,2667.0,674047.73,168527.73,,,1.0
603158,腾龙股份,汽车配件,江苏,20150320,603158.SH,20151223,63.72,64.29,61.28,61.34,64.03,-2.69,-4.2,18251.03,114273.118,6.8433,6.8433,0.92,73.2585,69.4351,8.7016,11.844,10.4878,,,10667.0,2667.0,2667.0,654313.78,163593.78,,,1.0
603158,腾龙股份,汽车配件,江苏,20150320,603158.SH,20151222,64.7,65.8,63.1,64.03,63.02,1.01,1.6,24799.19,159962.233,9.2985,9.2985,1.46,76.4712,72.4801,9.0832,12.3634,10.9478,,,10667.0,2667.0,2667.0,683008.01,170768.01,,,1.0
603158,腾龙股份,汽车配件,江苏,20150320,603158.SH,20151221,61.65,63.98,60.7,63.02,61.77,1.25,2.02,21691.64,135093.402,8.1333,8.1333,1.48,75.265,71.3369,8.9399,12.1684,10.7751,,,10667.0,2667.0,2667.0,672234.34,168074.34,,,1.0
603158,腾龙股份,汽车配件,江苏,20150320,603158.SH,20151218,61.18,62.96,60.4,61.77,61.34,0.43,0.7,19995.34,122784.15,7.4973,7.4973,1.63,73.7721,69.9219,8.7626,11.9271,10.5614,,,10667.0,2667.0,2667.0,658900.59,164740.59,,,1.0
603158,腾龙股份,汽车配件,江苏,20150320,603158.SH,20151217,59.6,61.49,59.29,61.34,59.05,2.29,3.88,20226.91,122116.849,7.5841,7.5841,1.87,73.2585,69.4351,8.7016,11.844,10.4878,,,10667.0,2667.0,2667.0,654313.78,163593.78,,,1.0
603158,腾龙股份,汽车配件,江苏,20150320,603158.SH,20151216,58.52,60.28,58.28,59.05,58.28,0.77,1.32,12366.01,73304.21,4.6367,4.6367,0.93,70.5236,66.8429,8.3767,11.4019,10.0963,,,10667.0,2667.0,2667.0,629886.35,157486.35,,,1.0
603158,腾龙股份,汽车配件,江苏,20150320,603158.SH,20151215,59.36,59.36,58.0,58.28,59.18,-0.9,-1.52,10895.2,63991.117,4.0852,4.0852,0.69,69.604,65.9713,8.2675,11.2532,9.9646,,,10667.0,2667.0,2667.0,621672.76,155432.76,,,1.0
603158,腾龙股份,汽车配件,江苏,20150320,603158.SH,20151214,57.13,59.2,56.52,59.18,58.22,0.96,1.65,9879.56,57046.781,3.7044,3.7044,0.5,70.6789,66.9901,8.3951,11.427,10.1185,,,10667.0,2667.0,2667.0,631273.06,157833.06,,,1.0
603158,腾龙股份,汽车配件,江苏,20150320,603158.SH,20151211,58.0,59.2,57.81,58.22,58.33,-0.11,-0.19,7964.0,46620.772,2.9861,2.9861,0.29,69.5323,65.9034,8.259,11.2416,9.9544,,,10667.0,2667.0,2667.0,621032.74,155272.74,,,1.0
603158,腾龙股份,汽车配件,江苏,20150320,603158.SH,20151210,58.02,59.1,57.1,58.33,59.15,-0.82,-1.39,12909.38,75299.331,4.8404,4.8404,0.39,69.6637,66.0279,8.2746,11.2628,9.9732,,,10667.0,2667.0,2667.0,622206.11,155566.11,,,1.0
603158,腾龙股份,汽车配件,江苏,20150320,603158.SH,20151209,61.01,61.95,58.02,59.15,61.99,-2.84,-4.58,25070.12,149309.206,9.4001,9.4001,0.77,70.643,66.9561,8.3909,11.4212,10.1134,,,10667.0,2667.0,2667.0,630953.05,157753.05,65.07,53.24,1.0
603158,腾龙股份,汽车配件,江苏,20150320,603158.SH,20151208,62.8,63.7,61.4,61.99,63.81,-1.82,-2.85,23112.83,143415.461,8.6662,8.6662,0.66,74.0348,70.1709,8.7938,11.9695,10.599,,,10667.0,2667.0,2667.0,661247.33,165327.33,,,1.0
603158,腾龙股份,汽车配件,江苏,20150320,603158.SH,20151207,62.4,64.19,61.11,63.81,61.78,2.03,3.29,29215.97,183516.492,10.9546,10.9546,0.87,76.2085,72.2311,9.0519,12.321,10.9102,,,10667.0,2667.0,2667.0,680661.27,170181.27,,,1.0
603158,腾龙股份,汽车配件,江苏,20150320,603158.SH,20151204,63.4,64.3,60.8,61.78,62.23,-0.45,-0.72,45789.53,285997.057,17.1689,17.1689,1.57,73.784,69.9332,8.764,11.929,10.5631,,,10667.0,2667.0,2667.0,659007.26,164767.26,,,1.0
603158,腾龙股份,汽车配件,江苏,20150320,603158.SH,20151203,56.6,62.23,56.6,62.23,56.57,5.66,10.01,42604.91,259221.79,15.9748,15.9748,1.66,74.3215,70.4426,8.8278,12.0159,10.64,,,10667.0,2667.0,2667.0,663807.41,165967.41,,,1.0
603158,腾龙股份,汽车配件,江苏,20150320,603158.SH,20151202,58.5,59.5,55.0,56.57,59.37,-2.8,-4.72,22263.8,127221.702,8.3479,8.3479,0.86,67.5617,64.0356,8.0249,10.923,9.6723,,,10667.0,2667.0,2667.0,603432.19,150872.19,,,1.0
603158,腾龙股份,汽车配件,江苏,20150320,603158.SH,20151201,57.5,60.76,57.1,59.37,57.59,1.78,3.09,36197.92,215193.145,13.5725,13.5725,1.35,70.9058,67.2052,8.4221,11.4637,10.151,,,10667.0,2667.0,2667.0,633299.79,158339.79,,,1.0
603158,腾龙股份,汽车配件,江苏,20150320,603158.SH,20151130,55.7,57.73,52.53,57.59,55.48,2.11,3.8,21890.7,121352.968,8.208,8.208,0.88,68.7799,65.1903,8.1696,11.12,9.8467,,,10667.0,2667.0,2667.0,614312.53,153592.53,,,1.0
603158,腾龙股份,汽车配件,江苏,20150320,603158.SH,20151127,58.0,59.86,54.5,55.48,58.19,-2.71,-4.66,22940.23,131976.37,8.6015,8.6015,1.02,66.2599,62.8018,7.8703,10.7125,9.4859,,,10667.0,2667.0,2667.0,591805.16,147965.16,,,1.0
603158,腾龙股份,汽车配件,江苏,20150320,603158.SH,20151126,58.67,60.97,57.7,58.19,58.61,-0.42,-0.72,25234.63,149912.459,9.4618,9.4618,1.29,69.4965,65.8694,8.2547,11.2358,9.9493,,,10667.0,2667.0,2667.0,620712.73,155192.73,,,1.0
603158,腾龙股份,汽车配件,江苏,20150320,603158.SH,20151125,58.04,59.4,57.77,58.61,59.15,-0.54,-0.91,22483.22,131669.918,8.4302,8.4302,1.29,69.9981,66.3449,8.3143,11.3169,10.0211,,,10667.0,2667.0,2667.0,625192.87,156312.87,,,1.0
603158,腾龙股份,汽车配件,江苏,20150320,603158.SH,20151124,56.0,59.49,55.57,59.15,55.95,3.2,5.72,41450.94,235584.078,15.5422,15.5422,3.35,70.643,66.9561,8.3909,11.4212,10.1134,,,10667.0,2667.0,2667.0,630953.05,157753.05,,,1.0
603158,腾龙股份,汽车配件,江苏,20150320,603158.SH,20151123,55.3,57.34,55.3,55.95,56.06,-0.11,-0.2,12146.86,68260.998,4.5545,4.5545,0.98,66.8213,63.3338,7.9369,10.8033,9.5663,,,10667.0,2667.0,2667.0,596818.65,149218.65,,,1.0
603158,腾龙股份,汽车配件,江苏,20150320,603158.SH,20151120,56.15,56.88,55.81,56.06,56.11,-0.05,-0.09,11454.65,64512.244,4.295,4.295,0.73,66.9526,63.4583,7.9525,10.8245,9.5851,,,10667.0,2667.0,2667.0,597992.02,149512.02,61.67,50.45,1.0
603158,腾龙股份,汽车配件,江苏,20150320,603158.SH,20151119,54.51,56.58,54.51,56.11,54.42,1.69,3.11,10158.1,56218.875,3.8088,3.8088,0.53,67.0123,63.5149,7.9596,10.8342,9.5936,,,10667.0,2667.0,2667.0,598525.37,149645.37,,,1.0
603158,腾龙股份,汽车配件,江苏,20150320,603158.SH,20151118,57.5,57.5,53.0,54.42,56.84,-2.42,-4.26,11905.22,66563.378,4.4639,4.4639,0.58,64.994,61.6019,7.7199,10.5079,9.3047,,,10667.0,2667.0,2667.0,580498.14,145138.14,,,1.0
603158,腾龙股份,汽车配件,江苏,20150320,603158.SH,20151117,59.1,59.58,56.7,56.84,58.44,-1.6,-2.74,16245.63,94764.523,6.0913,6.0913,0.75,67.8842,64.3413,8.0632,10.9751,9.7184,,,10667.0,2667.0,2667.0,606312.28,151592.28,,,1.0
603158,腾龙股份,汽车配件,江苏,20150320,603158.SH,20151116,57.05,58.88,56.5,58.44,58.02,0.42,0.72,12023.02,69579.283,4.5081,4.5081,0.49,69.7951,66.1524,8.2902,11.2841,9.992,,,10667.0,2667.0,2667.0,623379.48,155859.48,,,1.0
603158,腾龙股份,汽车配件,江苏,20150320,603158.SH,20151113,59.3,60.6,55.2,58.02,60.64,-2.62,-4.32,28540.74,167176.998,10.7014,10.7014,1.22,69.2935,65.677,8.2306,11.203,9.9202,,,10667.0,2667.0,2667.0,618899.34,154739.34,,,1.0
603158,腾龙股份,汽车配件,江苏,20150320,603158.SH,20151112,59.65,62.0,57.72,60.64,58.75,1.89,3.22,26503.61,158739.066,9.9376,9.9376,1.17,72.4225,68.6428,8.6023,11.7089,10.3682,,,10667.0,2667.0,2667.0,646846.88,161726.88,,,1.0
603158,腾龙股份,汽车配件,江苏,20150320,603158.SH,20151111,55.2,59.1,55.2,58.75,55.37,3.38,6.1,19875.92,113777.602,7.4525,7.4525,0.82,70.1653,66.5033,8.3341,11.3439,10.045,,,10667.0,2667.0,2667.0,626686.25,156686.25,,,1.0
603158,腾龙股份,汽车配件,江苏,20150320,603158.SH,20151110,55.7,57.47,55.02,55.37,56.39,-1.02,-1.81,21843.53,122601.403,8.1903,8.1903,0.97,66.1286,62.6773,7.8547,10.6913,9.4671,,,10667.0,2667.0,2667.0,590631.79,147671.79,,,1.0
603158,腾龙股份,汽车配件,江苏,20150320,603158.SH,20151109,53.5,57.77,53.5,56.39,54.67,1.72,3.15,25353.6,142428.925,9.5064,9.5064,1.11,67.3467,63.8319,7.9994,10.8883,9.6415,,,10667.0,2667.0,2667.0,601512.13,150392.13,,,1.0
603158,腾龙股份,汽车配件,江苏,20150320,603158.SH,20151106,51.49,54.76,50.68,54.67,50.91,3.76,7.39,23409.39,123658.822,8.7774,8.7774,1.07,65.2925,61.8849,7.7554,10.5561,9.3474,,,10667.0,2667.0,2667.0,583164.89,145804.89,,,1.0
603158,腾龙股份,汽车配件,江苏,20150320,603158.SH,20151105,51.32,51.89,50.01,50.91,50.9,0.01,0.02,23059.24,117346.952,8.6461,8.6461,1.12,60.802,57.6287,7.222,9.8301,8.7045,,,10667.0,2667.0,2667.0,543056.97,135776.97,56.0,45.82,1.0
603158,腾龙股份,汽车配件,江苏,20150320,603158.SH,20151104,48.9,51.0,48.89,50.9,48.15,2.75,5.71,28011.52,141191.695,10.503,10.503,1.41,60.79,57.6174,7.2206,9.8282,8.7028,,,10667.0,2667.0,2667.0,542950.3,135750.3,,,1.0
603158,腾龙股份,汽车配件,江苏,20150320,603158.SH,20151103,47.75,48.18,46.5,48.15,47.75,0.4,0.84,13206.51,62666.19,4.9518,4.9518,0.63,57.5057,54.5044,6.8305,9.2972,8.2326,,,10667.0,2667.0,2667.0,513616.05,128416.05,,,1.0
603158,腾龙股份,汽车配件,江苏,20150320,603158.SH,20151102,47.3,49.28,47.08,47.75,47.95,-0.2,-0.42,26480.67,127464.063,9.929,9.929,1.3,57.028,54.0516,6.7737,9.22,8.1642,,,10667.0,2667.0,2667.0,509349.25,127349.25,,,1.0
603158,腾龙股份,汽车配件,江苏,20150320,603158.SH,20151030,48.52,48.75,47.5,47.95,48.83,-0.88,-1.8,18472.36,88749.753,6.9263,6.9263,0.91,57.2668,54.278,6.8021,9.2586,8.1984,,,10667.0,2667.0,2667.0,511482.65,127882.65,,,1.0
603158,腾龙股份,汽车配件,江苏,20150320,603158.SH,20151029,48.11,49.21,48.11,48.83,48.48,0.35,0.72,16558.72,80667.293,6.2087,6.2087,0.72,58.3178,53.4483,7.075,9.4285,8.342,,,10667.0,2667.0,2667.0,520869.61,130229.61,,,1.0
603158,腾龙股份,汽车配件,江苏,20150320,603158.SH,20151028,48.2,49.5,47.0,48.48,48.89,-0.41,-0.84,24671.0,120547.714,9.2505,9.2505,1.11,57.8998,53.0652,7.0243,9.3609,8.2822,,,10667.0,2667.0,2667.0,517136.16,129296.16,,,1.0
603158,腾龙股份,汽车配件,江苏,20150320,603158.SH,20151027,49.0,49.42,46.0,48.89,48.83,0.06,0.12,19357.97,92914.013,7.2583,7.2583,0.96,58.3895,53.514,7.0837,9.4401,8.3523,,,10667.0,2667.0,2667.0,521509.63,130389.63,,,1.0
603158,腾龙股份,汽车配件,江苏,20150320,603158.SH,20151026,47.78,49.2,46.77,48.83,46.9,1.93,4.12,22812.68,109758.764,8.5537,8.5537,1.32,58.3178,53.4483,7.075,9.4285,8.342,,,10667.0,2667.0,2667.0,520869.61,130229.61,,,1.0
603158,腾龙股份,汽车配件,江苏,20150320,603158.SH,20151023,46.0,47.29,45.11,46.9,47.26,-0.36,-0.76,17919.1,83160.632,6.7188,6.7188,1.14,56.0128,51.3357,6.7954,9.0558,8.0123,,,10667.0,2667.0,2667.0,500282.3,125082.3,,,1.0
603158,腾龙股份,汽车配件,江苏,20150320,603158.SH,20151022,49.5,49.5,42.2,47.26,46.74,0.52,1.11,30593.69,140202.64,11.4712,11.4712,2.43,56.4428,51.7298,6.8476,9.1254,8.0738,,,10667.0,2667.0,2667.0,504122.42,126042.42,,,1.0
603158,腾龙股份,汽车配件,江苏,20150320,603158.SH,20150824,49.5,49.5,46.58,46.74,51.76,-5.02,-9.7,20696.0,97655.67,7.76,7.76,1.94,55.8217,53.2144,7.0263,9.0249,8.4173,,,10667.0,2667.0,2667.0,498575.58,124655.58,,,1.0
603158,腾龙股份,汽车配件,江苏,20150320,603158.SH,20150821,53.0,53.39,49.1,51.76,53.99,-2.23,-4.13,8740.92,44715.462,3.2774,3.2774,0.77,61.8171,58.9298,7.781,9.9943,9.3213,,,10667.0,2667.0,2667.0,552123.92,138043.92,,,1.0
603158,腾龙股份,汽车配件,江苏,20150320,603158.SH,20150820,55.71,55.71,53.25,53.99,55.84,-1.85,-3.31,8151.98,44028.141,3.0566,3.0566,0.66,64.4804,61.4687,8.1162,10.4248,9.7229,,,10667.0,2667.0,2667.0,575911.33,143991.33,,,1.0
603158,腾龙股份,汽车配件,江苏,20150320,603158.SH,20150819,53.0,55.89,51.03,55.84,55.35,0.49,0.89,10203.01,54426.25,3.8257,3.8257,0.74,66.6899,63.575,8.3943,10.7821,10.0561,,,10667.0,2667.0,2667.0,595645.28,148925.28,,,1.0
603158,腾龙股份,汽车配件,江苏,20150320,603158.SH,20150818,58.1,58.5,52.87,55.35,58.74,-3.39,-5.77,15111.16,83287.958,5.666,5.666,0.94,66.1047,63.0171,8.3207,10.6874,9.9678,,,10667.0,2667.0,2667.0,590418.45,147618.45,,,1.0
603158,腾龙股份,汽车配件,江苏,20150320,603158.SH,20150817,58.25,59.18,56.86,58.74,59.05,-0.31,-0.53,11181.0,64632.46,4.1924,4.1924,0.55,70.1534,66.8767,8.8303,11.342,10.5783,,,10667.0,2667.0,2667.0,626579.58,156659.58,,,1.0
603158,腾龙股份,汽车配件,江苏,20150320,603158.SH,20150814,59.72,60.19,58.86,59.05,59.5,-0.45,-0.76,12124.83,71920.937,4.5462,4.5462,0.5,70.5236,67.2296,8.8769,11.4019,10.6341,,,10667.0,2667.0,2667.0,629886.35,157486.35,,,1.0
603158,腾龙股份,汽车配件,江苏,20150320,603158.SH,20150813,58.6,59.57,57.5,59.5,59.52,-0.02,-0.03,13079.8,76799.63,4.9043,4.9043,0.52,71.061,67.742,8.9445,11.4888,10.7152,,,10667.0,2667.0,2667.0,634686.5,158686.5,,,1.0
603158,腾龙股份,汽车配件,江苏,20150320,603158.SH,20150812,60.16,60.66,57.8,59.52,60.73,-1.21,-1.99,17648.65,104025.32,6.6174,6.6174,0.65,71.0849,67.7647,8.9475,11.4926,10.7188,,,10667.0,2667.0,2667.0,634899.84,158739.84,,,1.0
603158,腾龙股份,汽车配件,江苏,20150320,603158.SH,20150811,61.78,64.88,60.0,60.73,61.91,-1.18,-1.91,26690.26,163520.555,10.0076,10.0076,1.0,72.53,69.1423,9.1294,11.7263,10.9367,,,10667.0,2667.0,2667.0,647806.91,161966.91,,,1.0
603158,腾龙股份,汽车配件,江苏,20150320,603158.SH,20150810,60.88,62.89,59.35,61.91,59.35,2.56,4.31,31838.3,193218.876,11.9379,11.9379,1.37,73.9393,70.4858,9.3068,11.9541,11.1492,,,10667.0,2667.0,2667.0,660393.97,165113.97,,,1.0
603158,腾龙股份,汽车配件,江苏,20150320,603158.SH,20150807,57.0,59.96,57.0,59.35,57.5,1.85,3.22,30847.81,181964.106,11.5665,11.5665,1.41,70.8819,67.5712,8.922,11.4598,10.6882,,,10667.0,2667.0,2667.0,633086.45,158286.45,,,1.0
603158,腾龙股份,汽车配件,江苏,20150320,603158.SH,20150806,56.2,58.1,54.2,57.5,56.92,0.58,1.02,18483.28,103066.641,6.9304,6.9304,0.81,68.6724,65.4649,8.6439,11.1026,10.355,,,10667.0,2667.0,2667.0,613352.5,153352.5,,,1.0
603158,腾龙股份,汽车配件,江苏,20150320,603158.SH,20150805,56.6,60.0,56.3,56.92,56.4,0.52,0.92,27053.28,156609.131,10.1437,10.1437,1.25,67.9797,64.8046,8.5567,10.9906,10.2506,,,10667.0,2667.0,2667.0,607165.64,151805.64,,,1.0
603158,腾龙股份,汽车配件,江苏,20150320,603158.SH,20150804,52.33,56.63,51.66,56.4,53.01,3.39,6.4,25123.5,136841.932,9.4201,9.4201,1.18,67.3587,64.2125,8.4785,10.8902,10.1569,,,10667.0,2667.0,2667.0,601618.8,150418.8,,,1.0
603158,腾龙股份,汽车配件,江苏,20150320,603158.SH,20150803,52.99,53.99,49.51,53.01,54.31,-1.3,-2.39,14669.64,76168.146,5.5004,5.5004,0.59,63.31,60.353,7.9689,10.2356,9.5464,,,10667.0,2667.0,2667.0,565457.67,141377.67,,,1.0
603158,腾龙股份,汽车配件,江苏,20150320,603158.SH,20150731,53.0,56.5,50.5,54.31,55.07,-0.76,-1.38,24433.72,130514.906,9.1615,9.1615,0.85,64.8626,61.833,8.1643,10.4866,9.7805,,,10667.0,2667.0,2667.0,579324.77,144844.77,,,1.0
603158,腾龙股份,汽车配件,江苏,20150320,603158.SH,20150730,56.3,58.27,55.02,55.07,56.58,-1.51,-2.67,22724.9,128174.862,8.5208,8.5208,0.66,65.7703,62.6983,8.2786,10.6334,9.9174,,,10667.0,2667.0,2667.0,587431.69,146871.69,,,1.0
603158,腾龙股份,汽车配件,江苏,20150320,603158.SH,20150729,53.8,56.61,51.0,56.58,53.56,3.02,5.64,21100.05,114003.968,7.9115,7.9115,0.59,67.5737,64.4175,8.5056,10.9249,10.1893,,,10667.0,2667.0,2667.0,603538.86,150898.86,,,1.0
603158,腾龙股份,汽车配件,江苏,20150320,603158.SH,20150728,50.0,55.0,48.16,53.56,53.51,0.05,0.09,23480.46,120162.796,8.8041,8.8041,0.64,63.9669,60.9791,8.0516,10.3418,9.6455,,,10667.0,2667.0,2667.0,571324.52,142844.52,,,1.0
603158,腾龙股份,汽车配件,江苏,20150320,603158.SH,20150727,55.8,59.5,51.57,53.51,57.3,-3.79,-6.61,33312.52,187620.236,12.4906,12.4906,0.89,63.9072,60.9222,8.0441,10.3322,9.6365,,,10667.0,2667.0,2667.0,570791.17,142711.17,,,1.0
603158,腾龙股份,汽车配件,江苏,20150320,603158.SH,20150724,59.0,59.0,55.51,57.3,57.02,0.28,0.49,43901.8,249975.628,16.4611,16.4611,1.33,68.4336,65.2372,8.6138,11.064,10.319,,,10667.0,2667.0,2667.0,611219.1,152819.1,,,1.0
603158,腾龙股份,汽车配件,江苏,20150320,603158.SH,20150723,51.91,57.02,51.91,57.02,51.84,5.18,9.99,49858.85,275004.956,18.6947,18.6947,1.63,68.0992,64.9184,8.5717,11.0099,10.2686,,,10667.0,2667.0,2667.0,608232.34,152072.34,,,1.0
603158,腾龙股份,汽车配件,江苏,20150320,603158.SH,20150722,51.6,52.5,50.51,51.84,50.84,1.0,1.97,27451.4,141589.714,10.293,10.293,0.98,61.9127,59.0209,7.793,10.0097,9.3357,,,10667.0,2667.0,2667.0,552977.28,138257.28,,,1.0
603158,腾龙股份,汽车配件,江苏,20150320,603158.SH,20150721,49.2,52.6,48.31,50.84,50.71,0.13,0.26,30331.46,155163.275,11.3729,11.3729,1.05,60.7184,57.8824,7.6427,9.8166,9.1556,,,10667.0,2667.0,2667.0,542310.28,135590.28,,,1.0
603158,腾龙股份,汽车配件,江苏,20150320,603158.SH,20150720,47.68,51.63,45.23,50.71,47.48,3.23,6.8,36580.54,174766.38,13.716,13.716,1.67,60.5631,57.7344,7.6231,9.7915,9.1322,,,10667.0,2667.0,2667.0,540923.57,135243.57,,,1.0
603158,腾龙股份,汽车配件,江苏,20150320,603158.SH,20150717,45.13,48.3,45.13,47.48,45.36,2.12,4.67,20493.04,96337.624,7.6839,7.6839,1.01,56.7055,54.0569,7.1376,9.1678,8.5505,,,10667.0,2667.0,2667.0,506469.16,126629.16,,,1.0
603158,腾龙股份,汽车配件,江苏,20150320,603158.SH,20150716,44.61,49.0,44.61,45.36,49.57,-4.21,-8.49,38061.88,174556.883,14.2714,14.2714,2.03,54.1736,51.6433,6.8189,8.7585,8.1688,,,10667.0,2667.0,2667.0,483855.12,120975.12,,,1.0
603158,腾龙股份,汽车配件,江苏,20150320,603158.SH,20150715,53.1,54.28,49.57,49.57,55.08,-5.51,-10.0,14100.0,72825.486,5.2868,5.2868,0.63,59.2016,56.4364,7.4518,9.5714,8.9269,,,10667.0,2667.0,2667.0,528763.19,132203.19,,,1.0
603158,腾龙股份,汽车配件,江苏,20150320,603158.SH,20150714,55.45,55.45,50.0,55.08,50.51,4.57,9.05,34886.29,189389.524,13.0807,13.0807,1.68,65.7822,62.7097,8.2801,10.6353,9.9192,,,10667.0,2667.0,2667.0,587538.36,146898.36,,,1.0
603158,腾龙股份,汽车配件,江苏,20150320,603158.SH,20150713,50.51,50.51,50.51,50.51,45.92,4.59,10.0,1734.0,8758.434,0.6502,0.6502,0.06,60.3242,57.5067,7.5931,9.7529,9.0962,,,10667.0,2667.0,2667.0,538790.17,134710.17,,,1.0
603158,腾龙股份,汽车配件,江苏,20150320,603158.SH,20150707,47.01,49.76,45.92,45.92,51.02,-5.1,-10.0,13122.82,61554.668,4.9204,4.9204,0.45,54.8424,52.2808,6.9031,8.8666,8.2696,,,10667.0,2667.0,2667.0,489828.64,122468.64,,,1.0
603158,腾龙股份,汽车配件,江苏,20150320,603158.SH,20150706,57.23,57.23,47.08,51.02,52.03,-1.01,-1.94,30000.23,157742.058,11.2487,11.2487,1.06,60.9333,58.0873,7.6697,9.8514,9.188,,,10667.0,2667.0,2667.0,544230.34,136070.34,,,1.0
603158,腾龙股份,汽车配件,江苏,20150320,603158.SH,20150703,48.88,54.2,48.0,52.03,50.56,1.47,2.91,32376.83,167475.328,12.1398,12.1398,1.29,62.1396,59.2372,7.8216,10.0464,9.3699,,,10667.0,2667.0,2667.0,555004.01,138764.01,,,1.0
603158,腾龙股份,汽车配件,江苏,20150320,603158.SH,20150702,49.0,53.66,47.7,50.56,50.44,0.12,0.24,26791.47,135872.85,10.0455,10.0455,1.19,60.384,57.5636,7.6006,9.7625,9.1052,,,10667.0,2667.0,2667.0,539323.52,134843.52,,,1.0
603158,腾龙股份,汽车配件,江苏,20150320,603158.SH,20150701,47.45,52.98,46.0,50.44,48.16,2.28,4.73,32055.97,163323.198,12.0195,12.0195,1.64,60.2406,57.427,7.5825,9.7394,9.0836,,,10667.0,2667.0,2667.0,538043.48,134523.48,,,1.0
603158,腾龙股份,汽车配件,江苏,20150320,603158.SH,20150630,43.28,48.16,39.4,48.16,43.78,4.38,10.0,23839.22,104696.609,8.9386,8.9386,1.29,57.5176,54.8311,7.2398,9.2991,8.673,,,10667.0,2667.0,2667.0,513722.72,128442.72,,,1.0
603158,腾龙股份,汽车配件,江苏,20150320,603158.SH,20150629,49.38,49.92,43.78,43.78,48.64,-4.86,-9.99,26829.82,121691.646,10.0599,10.0599,1.63,52.2866,49.8444,6.5814,8.4534,7.8842,,,10667.0,2667.0,2667.0,467001.26,116761.26,,,1.0
603158,腾龙股份,汽车配件,江苏,20150320,603158.SH,20150626,52.1,53.0,48.64,48.64,54.04,-5.4,-9.99,16410.96,82155.815,6.1533,6.1533,0.93,58.0909,55.3776,7.312,9.3918,8.7594,,,10667.0,2667.0,2667.0,518842.88,129722.88,,,1.0
603158,腾龙股份,汽车配件,江苏,20150320,603158.SH,20150625,56.99,57.5,53.52,54.04,57.5,-3.46,-6.02,13565.46,75312.073,5.0864,5.0864,0.75,64.5401,61.5256,8.1237,10.4345,9.7319,,,10667.0,2667.0,2667.0,576444.68,144124.68,,,1.0
603158,腾龙股份,汽车配件,江苏,20150320,603158.SH,20150624,57.8,58.35,55.01,57.5,56.77,0.73,1.29,17299.75,98981.575,6.4866,6.4866,0.9,68.6724,65.4649,8.6439,11.1026,10.355,,,10667.0,2667.0,2667.0,613352.5,153352.5,,,1.0
603158,腾龙股份,汽车配件,江苏,20150320,603158.SH,20150623,54.25,57.0,51.01,56.77,54.5,2.27,4.17,18612.94,101911.38,6.979,6.979,0.92,67.8006,64.6338,8.5341,10.9616,10.2235,,,10667.0,2667.0,2667.0,605565.59,151405.59,,,1.0
603158,腾龙股份,汽车配件,江苏,20150320,603158.SH,20150619,57.0,59.94,54.49,54.5,60.49,-5.99,-9.9,16333.83,93053.293,6.1244,6.1244,0.7,65.0895,62.0494,8.1929,10.5233,9.8148,,,10667.0,2667.0,2667.0,581351.5,145351.5,,,1.0
603158,腾龙股份,汽车配件,江苏,20150320,603158.SH,20150618,62.16,64.27,59.3,60.49,62.03,-1.54,-2.48,22439.19,140224.79,8.4136,8.4136,0.87,72.2434,68.8691,9.0933,11.6799,10.8935,,,10667.0,2667.0,2667.0,645246.83,161326.83,,,1.0
603158,腾龙股份,汽车配件,江苏,20150320,603158.SH,20150617,59.74,62.4,59.18,62.03,60.78,1.25,2.06,15558.99,95124.288,5.8339,5.8339,0.54,74.0826,70.6224,9.3249,11.9773,11.1708,,,10667.0,2667.0,2667.0,661674.01,165434.01,,,1.0
603158,腾龙股份,汽车配件,江苏,20150320,603158.SH,20150616,59.06,61.77,57.11,60.78,60.38,0.4,0.66,22882.68,135936.316,8.5799,8.5799,0.8,72.5897,69.1993,9.1369,11.7359,10.9457,,,10667.0,2667.0,2667.0,648340.26,162100.26,,,1.0
603158,腾龙股份,汽车配件,江苏,20150320,603158.SH,20150615,64.86,65.0,60.0,60.38,65.54,-5.16,-7.87,23913.21,147351.436,8.9663,8.9663,0.8,72.112,68.7438,9.0768,11.6587,10.8737,,,10667.0,2667.0,2667.0,644073.46,161033.46,,,1.0
603158,腾龙股份,汽车配件,江苏,20150320,603158.SH,20150612,67.8,69.49,64.75,65.54,67.8,-2.26,-3.33,31839.01,213007.024,11.9381,11.9381,1.08,78.2746,74.6186,9.8525,12.655,11.8029,,,10667.0,2667.0,2667.0,699115.18,174795.18,,,1.0
603158,腾龙股份,汽车配件,江苏,20150320,603158.SH,20150611,63.9,68.9,63.2,67.8,63.96,3.84,6.0,34634.36,229854.11,12.9863,12.9863,1.15,80.9737,77.1917,10.1922,13.0914,12.2099,,,10667.0,2667.0,2667.0,723222.6,180822.6,,,1.0
603158,腾龙股份,汽车配件,江苏,20150320,603158.SH,20150610,60.01,64.62,60.0,63.96,61.15,2.81,4.6,30518.74,192733.755,11.4431,11.4431,1.0,76.3876,72.8198,9.615,12.3499,11.5184,,,10667.0,2667.0,2667.0,682261.32,170581.32,,,1.0
603158,腾龙股份,汽车配件,江苏,20150320,603158.SH,20150609,59.01,61.88,58.0,61.15,59.89,1.26,2.1,21678.51,131090.141,8.1284,8.1284,0.6,73.0316,69.6205,9.1926,11.8074,11.0123,,,10667.0,2667.0,2667.0,652287.05,163087.05,,,1.0
603158,腾龙股份,汽车配件,江苏,20150320,603158.SH,20150608,63.0,63.0,58.9,59.89,62.82,-2.93,-4.66,30068.15,181578.901,11.2741,11.2741,0.76,71.5268,68.186,9.0031,11.5641,10.7854,,,10667.0,2667.0,2667.0,638846.63,159726.63,,,1.0
603158,腾龙股份,汽车配件,江苏,20150320,603158.SH,20150605,64.35,65.3,61.0,62.82,62.84,-0.02,-0.03,30813.85,194985.386,11.5537,11.5537,0.66,75.0261,71.5218,9.4436,12.1298,11.3131,,,10667.0,2667.0,2667.0,670100.94,167540.94,,,1.0
603158,腾龙股份,汽车配件,江苏,20150320,603158.SH,20150604,68.9,68.9,62.06,62.84,68.95,-6.11,-8.86,37571.76,238325.483,14.0876,14.0876,0.71,75.05,71.5446,9.4466,12.1337,11.3167,,,10667.0,2667.0,2667.0,670314.28,167594.28,,,1.0
603158,腾龙股份,汽车配件,江苏,20150320,603158.SH,20150603,71.8,71.8,67.0,68.95,72.62,-3.67,-5.05,32345.04,225485.148,12.1279,12.1279,0.57,82.3472,78.501,10.3651,13.3134,12.417,,,10667.0,2667.0,2667.0,735489.65,183889.65,,,1.0
603158,腾龙股份,汽车配件,江苏,20150320,603158.SH,20150602,66.4,72.85,65.12,72.62,66.23,6.39,9.65,49167.13,336968.054,18.4354,18.4354,0.86,86.7303,82.6793,10.9168,14.0221,13.0779,,,10667.0,2667.0,2667.0,774637.54,193677.54,,,1.0
603158,腾龙股份,汽车配件,江苏,20150320,603158.SH,20150601,67.59,68.89,62.86,66.23,67.47,-1.24,-1.84,46801.88,305639.384,17.5485,17.5485,0.82,79.0987,75.4042,9.9562,12.7882,11.9272,,,10667.0,2667.0,2667.0,706475.41,176635.41,,,1.0
603158,腾龙股份,汽车配件,江苏,20150320,603158.SH,20150529,65.9,74.0,63.4,67.47,70.18,-2.71,-3.86,66023.35,450109.282,24.7557,24.7557,1.23,80.5796,76.816,10.1426,13.0277,12.1505,,,10667.0,2667.0,2667.0,719702.49,179942.49,,,1.0
603158,腾龙股份,汽车配件,江苏,20150320,603158.SH,20150528,80.58,84.81,69.39,70.18,77.1,-6.92,-8.98,68764.78,569914.677,25.7836,25.7836,1.5,83.8162,79.9013,10.55,13.5509,12.6385,,,10667.0,2667.0,2667.0,748610.06,187170.06,,,1.0
603158,腾龙股份,汽车配件,江苏,20150320,603158.SH,20150527,71.51,77.1,68.38,77.1,70.09,7.01,10.0,52825.52,392775.989,19.8071,19.8071,1.2,92.0808,87.7799,11.5903,14.8871,13.8847,,,10667.0,2667.0,2667.0,822425.7,205625.7,,,1.0
603158,腾龙股份,汽车配件,江苏,20150320,603158.SH,20150526,63.3,70.09,62.07,70.09,63.72,6.37,10.0,49815.58,335597.314,18.6785,18.6785,1.07,83.7087,79.7989,10.5365,13.5336,12.6223,,,10667.0,2667.0,2667.0,747650.03,186930.03,,,1.0
603158,腾龙股份,汽车配件,江苏,20150320,603158.SH,20150525,61.0,66.0,58.0,63.72,60.5,3.22,5.32,49210.07,309600.647,18.4515,18.4515,1.13,76.101,72.5465,9.5789,12.3036,11.4752,,,10667.0,2667.0,2667.0,679701.24,169941.24,,,1.0
603158,腾龙股份,汽车配件,江苏,20150320,603158.SH,20150522,56.64,60.5,54.0,60.5,55.0,5.5,10.0,48173.57,276627.59,18.0628,18.0628,1.09,72.2553,68.8805,9.0948,11.6818,10.8953,,,10667.0,2667.0,2667.0,645353.5,161353.5,,,1.0
603158,腾龙股份,汽车配件,江苏,20150320,603158.SH,20150521,54.25,55.8,53.3,55.0,54.2,0.8,1.48,29913.58,163191.395,11.2162,11.2162,0.64,65.6867,62.6186,8.268,10.6199,9.9048,,,10667.0,2667.0,2667.0,586685.0,146685.0,,,1.0
603158,腾龙股份,汽车配件,江苏,20150320,603158.SH,20150520,54.94,59.0,53.3,54.2,55.19,-0.99,-1.79,42654.08,237323.298,15.9933,15.9933,0.95,64.7312,61.7078,8.1478,10.4654,9.7607,,,10667.0,2667.0,2667.0,578151.4,144551.4,,,1.0
603158,腾龙股份,汽车配件,江苏,20150320,603158.SH,20150519,58.0,61.07,52.3,55.19,55.52,-0.33,-0.59,62244.96,352135.395,23.3389,23.3389,1.56,65.9136,62.8349,8.2966,10.6565,9.939,,,10667.0,2667.0,2667.0,588711.73,147191.73,,,1.0
603158,腾龙股份,汽车配件,江苏,20150320,603158.SH,20150518,49.46,55.52,49.4,55.52,50.47,5.05,10.01,35097.7,188697.939,13.16,13.16,0.84,66.3077,63.2106,8.3462,10.7203,9.9984,,,10667.0,2667.0,2667.0,592231.84,148071.84,,,1.0
603158,腾龙股份,汽车配件,江苏,20150320,603158.SH,20150515,49.99,53.45,46.6,50.47,48.71,1.76,3.61,50533.17,251142.729,18.9476,18.9476,1.34,60.2765,57.4611,7.5871,9.7452,9.089,,,10667.0,2667.0,2667.0,538363.49,134603.49,,,1.0
603158,腾龙股份,汽车配件,江苏,20150320,603158.SH,20150514,44.85,48.71,43.82,48.71,44.28,4.43,10.0,42210.02,198268.572,15.8268,15.8268,1.23,58.1745,55.4573,7.3225,9.4053,8.772,,,10667.0,2667.0,2667.0,519589.57,129909.57,,,1.0
603158,腾龙股份,汽车配件,江苏,20150320,603158.SH,20150513,42.13,45.77,42.0,44.28,43.2,1.08,2.5,34790.3,153667.233,13.0447,13.0447,1.01,52.8837,50.4137,6.6565,8.55,7.9743,,,10667.0,2667.0,2667.0,472334.76,118094.76,,,1.0
603158,腾龙股份,汽车配件,江苏,20150320,603158.SH,20150512,43.18,44.53,41.6,43.2,43.19,0.01,0.02,37256.23,160323.108,13.9693,13.9693,1.1,51.5939,49.1841,6.4942,8.3414,7.7798,,,10667.0,2667.0,2667.0,460814.4,115214.4,,,1.0
603158,腾龙股份,汽车配件,江苏,20150320,603158.SH,20150511,40.06,43.4,39.77,43.19,39.68,3.51,8.85,44742.27,187605.204,16.7763,16.7763,1.25,51.5819,49.1727,6.4927,8.3395,7.778,,,10667.0,2667.0,2667.0,460707.73,115187.73,,,1.0
603158,腾龙股份,汽车配件,江苏,20150320,603158.SH,20150508,38.03,39.78,37.69,39.68,37.43,2.25,6.01,29561.64,114239.117,11.0842,11.0842,0.64,47.3899,45.1765,5.965,7.6617,7.1459,,,10667.0,2667.0,2667.0,423266.56,105826.56,,,1.0
603158,腾龙股份,汽车配件,江苏,20150320,603158.SH,20150507,38.14,38.5,36.75,37.43,38.3,-0.87,-2.27,24659.69,92482.739,9.2462,9.2462,0.45,44.7028,42.6148,5.6268,7.2273,6.7407,,,10667.0,2667.0,2667.0,399265.81,99825.81,,,1.0
603158,腾龙股份,汽车配件,江苏,20150320,603158.SH,20150506,39.55,41.3,37.6,38.3,39.65,-1.35,-3.4,35715.95,142324.067,13.3918,13.3918,0.64,45.7418,43.6053,5.7576,7.3953,6.8973,,,10667.0,2667.0,2667.0,408546.1,102146.1,,,1.0
603158,腾龙股份,汽车配件,江苏,20150320,603158.SH,20150505,41.3,41.88,39.01,39.65,42.0,-2.35,-5.6,34475.21,139734.194,12.9266,12.9266,0.58,47.3541,45.1423,5.9605,7.656,7.1405,,,10667.0,2667.0,2667.0,422946.55,105746.55,,,1.0
603158,腾龙股份,汽车配件,江苏,20150320,603158.SH,20150504,39.06,42.91,38.35,42.0,39.54,2.46,6.22,54874.91,222011.07,20.5755,20.5755,1.0,50.1607,47.8178,6.3138,8.1097,7.5637,,,10667.0,2667.0,2667.0,448014.0,112014.0,,,1.0
603158,腾龙股份,汽车配件,江苏,20150320,603158.SH,20150430,39.5,41.99,38.51,39.54,38.92,0.62,1.59,79833.5,319770.863,29.9338,29.9338,1.77,47.2227,45.0171,5.944,7.6347,7.1206,,,10667.0,2667.0,2667.0,421773.18,105453.18,,,1.0
603158,腾龙股份,汽车配件,江苏,20150320,603158.SH,20150429,35.3,38.92,35.2,38.92,35.38,3.54,10.01,70515.65,266937.543,26.4401,26.4401,1.84,46.4823,44.3112,5.8508,7.515,7.009,,,10667.0,2667.0,2667.0,415159.64,103799.64,,,1.0
603158,腾龙股份,汽车配件,江苏,20150320,603158.SH,20150428,36.85,37.53,35.01,35.38,36.51,-1.13,-3.1,38880.03,140738.087,14.5782,14.5782,1.08,42.2544,40.2808,5.3186,6.8315,6.3715,,,10667.0,2667.0,2667.0,377398.46,94358.46,,,1.0
603158,腾龙股份,汽车配件,江苏,20150320,603158.SH,20150427,36.09,36.93,35.55,36.51,35.55,0.96,2.7,51093.42,186062.259,19.1576,19.1576,1.59,43.604,43.604,5.694,7.0497,7.0497,,,10667.0,2667.0,2667.0,389452.17,97372.17,,,1.0
603158,腾龙股份,汽车配件,江苏,20150320,603158.SH,20150424,34.56,35.6,34.09,35.55,35.1,0.45,1.28,32705.58,113910.886,12.2631,12.2631,0.96,42.4575,42.4575,5.5443,6.8643,6.8643,,,10667.0,2667.0,2667.0,379211.85,94811.85,,,1.0
603158,腾龙股份,汽车配件,江苏,20150320,603158.SH,20150423,35.35,35.59,34.57,35.1,35.35,-0.25,-0.71,31733.39,111037.58,11.8985,11.8985,0.99,41.92,41.92,5.4741,6.7774,6.7774,,,10667.0,2667.0,2667.0,374411.7,93611.7,,,1.0
603158,腾龙股份,汽车配件,江苏,20150320,603158.SH,20150422,35.1,35.95,34.82,35.35,34.8,0.55,1.58,37716.83,133338.505,14.142,14.142,1.22,42.2186,42.2186,5.5131,6.8257,6.8257,,,10667.0,2667.0,2667.0,377078.45,94278.45,,,1.0
603158,腾龙股份,汽车配件,江苏,20150320,603158.SH,20150421,33.71,34.83,33.31,34.8,33.46,1.34,4.0,26550.49,90966.088,9.9552,9.9552,0.79,41.5617,41.5617,5.4273,6.7195,6.7195,,,10667.0,2667.0,2667.0,371211.6,92811.6,,,1.0
603158,腾龙股份,汽车配件,江苏,20150320,603158.SH,20150420,34.01,34.95,33.4,33.46,33.97,-0.51,-1.5,31605.3,108009.459,11.8505,11.8505,0.8,39.9614,39.9614,5.2184,6.4607,6.4607,,,10667.0,2667.0,2667.0,356917.82,89237.82,,,1.0
603158,腾龙股份,汽车配件,江苏,20150320,603158.SH,20150417,34.94,34.94,33.78,33.97,34.1,-0.13,-0.38,41870.97,143378.596,15.6997,15.6997,1.07,40.5705,40.5705,5.2979,6.5592,6.5592,,,10667.0,2667.0,2667.0,362357.99,90597.99,,,1.0
603158,腾龙股份,汽车配件,江苏,20150320,603158.SH,20150416,33.65,34.65,33.31,34.1,33.66,0.44,1.31,22345.4,76359.162,8.3785,8.3785,0.52,40.7257,40.7257,5.3182,6.5843,6.5843,,,10667.0,2667.0,2667.0,363744.7,90944.7,,,1.0
603158,腾龙股份,汽车配件,江苏,20150320,603158.SH,20150415,35.75,35.99,33.61,33.66,35.68,-2.02,-5.66,32347.31,111458.066,12.1287,12.1287,0.69,40.2002,40.2002,5.2495,6.4994,6.4994,,,10667.0,2667.0,2667.0,359051.22,89771.22,,,1.0
603158,腾龙股份,汽车配件,江苏,20150320,603158.SH,20150414,36.3,36.78,35.21,35.68,36.51,-0.83,-2.27,39463.99,142069.698,14.7971,14.7971,0.79,42.6127,42.6127,5.5646,6.8894,6.8894,,,10667.0,2667.0,2667.0,380598.56,95158.56,,,1.0
603158,腾龙股份,汽车配件,江苏,20150320,603158.SH,20150413,34.86,37.55,34.5,36.51,34.82,1.69,4.85,61319.5,219653.321,22.9919,22.9919,1.13,43.604,43.604,5.694,7.0497,7.0497,,,10667.0,2667.0,2667.0,389452.17,97372.17,,,1.0
603158,腾龙股份,汽车配件,江苏,20150320,603158.SH,20150410,33.96,35.35,33.67,34.82,34.25,0.57,1.66,39450.5,137026.942,14.7921,14.7921,0.66,41.5856,41.5856,5.4305,6.7233,6.7233,,,10667.0,2667.0,2667.0,371424.94,92864.94,,,1.0
603158,腾龙股份,汽车配件,江苏,20150320,603158.SH,20150409,34.65,34.85,32.85,34.25,34.99,-0.74,-2.11,41165.56,139869.723,15.4352,15.4352,0.62,40.9049,40.9049,5.3416,6.6133,6.6133,,,10667.0,2667.0,2667.0,365344.75,91344.75,,,1.0
603158,腾龙股份,汽车配件,江苏,20150320,603158.SH,20150408,35.51,36.37,33.65,34.99,35.18,-0.19,-0.54,51393.93,179978.099,19.2703,19.2703,0.67,41.7887,41.7887,5.457,6.7562,6.7562,,,10667.0,2667.0,2667.0,373238.33,93318.33,,,1.0
603158,腾龙股份,汽车配件,江苏,20150320,603158.SH,20150407,35.03,35.62,34.33,35.18,35.03,0.15,0.43,55871.51,195664.921,20.9492,20.9492,0.65,42.0156,42.0156,5.4866,6.7928,6.7928,,,10667.0,2667.0,2667.0,375265.06,93825.06,,,1.0
603158,腾龙股份,汽车配件,江苏,20150320,603158.SH,20150403,33.79,35.3,33.5,35.03,34.27,0.76,2.22,82406.3,280628.629,30.8985,30.8985,0.81,41.8364,41.8364,5.4632,6.7639,6.7639,,,10667.0,2667.0,2667.0,373665.01,93425.01,,,1.0
603158,腾龙股份,汽车配件,江苏,20150320,603158.SH,20150402,33.85,35.35,33.33,34.27,33.73,0.54,1.6,70250.94,240835.121,26.3408,26.3408,0.79,40.9288,40.9288,5.3447,6.6171,6.6171,,,10667.0,2667.0,2667.0,365558.09,91398.09,,,1.0
603158,腾龙股份,汽车配件,江苏,20150320,603158.SH,20150401,33.18,33.79,32.82,33.73,33.82,-0.09,-0.27,69818.03,232838.769,26.1785,26.1785,0.94,40.2838,40.2838,5.2605,6.5129,6.5129,,,10667.0,2667.0,2667.0,359797.91,89957.91,,,1.0
603158,腾龙股份,汽车配件,江苏,20150320,603158.SH,20150331,31.7,34.86,31.08,33.82,31.71,2.11,6.65,107046.9,352207.183,40.1376,40.1376,2.01,40.3913,40.3913,5.2745,6.5302,6.5302,,,10667.0,2667.0,2667.0,360757.94,90197.94,,,1.0
603158,腾龙股份,汽车配件,江苏,20150320,603158.SH,20150330,31.7,32.7,31.53,31.71,33.43,-1.72,-5.15,100244.03,319992.922,37.5868,37.5868,3.02,37.8713,37.8713,4.9454,6.1228,6.1228,,,10667.0,2667.0,2667.0,338250.57,84570.57,,,1.0
603158,腾龙股份,汽车配件,江苏,20150320,603158.SH,20150327,30.62,33.62,29.01,33.43,30.62,2.81,9.18,163719.72,511530.237,61.3872,61.3872,294.57,39.9255,39.9255,5.2137,6.4549,6.4549,,,10667.0,2667.0,2667.0,356597.81,89157.81,,,1.0
603158,腾龙股份,汽车配件,江苏,20150320,603158.SH,20150326,30.62,30.62,30.62,30.62,27.84,2.78,9.99,1827.0,5594.274,0.685,0.685,,36.5696,36.5696,4.7754,5.9124,5.9124,,,10667.0,2667.0,2667.0,326623.54,81663.54,,,1.0
603158,腾龙股份,汽车配件,江苏,20150320,603158.SH,20150325,27.84,27.84,27.84,27.84,25.31,2.53,10.0,303.0,843.552,0.1136,0.1136,,33.2494,33.2494,4.3419,5.3756,5.3756,,,10667.0,2667.0,2667.0,296969.28,74249.28,,,1.0
603158,腾龙股份,汽车配件,江苏,20150320,603158.SH,20150324,25.31,25.31,25.31,25.31,23.01,2.3,10.0,198.0,501.138,0.0742,0.0742,,30.2278,30.2278,3.9473,4.8871,4.8871,,,10667.0,2667.0,2667.0,269981.77,67501.77,,,1.0
603158,腾龙股份,汽车配件,江苏,20150320,603158.SH,20150323,23.01,23.01,23.01,23.01,20.92,2.09,9.99,120.0,276.12,0.045,0.045,,27.4809,27.4809,3.5886,4.443,4.443,,,10667.0,2667.0,2667.0,245447.67,61367.67,,,1.0
603158,腾龙股份,汽车配件,江苏,20150320,603158.SH,20150320,20.92,20.92,20.92,20.92,14.53,6.39,43.98,331.0,692.452,0.1241,0.1241,,24.9848,24.9848,3.2626,4.0394,4.0394,,,10667.0,2667.0,2667.0,223153.64,55793.64,,,1.0
