股票代码,名称,所属行业,地域,上市日期,TS代码,交易日期,开盘价,最高价,最低价,收盘价,前收盘价,涨跌额,涨跌幅(%),成交量(手),成交额(千元),换手率(%),换手率(自由流通股),量比,市盈率,"市盈率(TTM,亏损的PE为空)",市净率,市销率,市销率(TTM),股息率(%),股息率(TTM)(%),总股本(万股),流通股本(万股),自由流通股本(万股),总市值(万元),流通市值(万元),今日涨停价,今日跌停价,复权因子
603313,梦百合,家居用品,江苏,20161013,603313.SH,20251205,9.18,9.28,9.09,9.23,9.2,0.03,0.3261,61069.2,56241.83,1.0703,2.0017,0.61,,32.4165,1.4285,0.6233,0.58,0.0,0.5417,57058.6885,57058.6885,30509.3631,526651.6949,526651.6949,10.12,8.28,1.8209
603313,梦百合,家居用品,江苏,20161013,603313.SH,20251204,9.45,9.45,9.16,9.2,9.41,-0.21,-2.2317,88267.4,81597.653,1.547,2.8931,0.78,,32.3111,1.4238,0.6213,0.5782,0.0,0.5435,57058.6885,57058.6885,30509.3631,524939.9342,524939.9342,10.35,8.47,1.8209
603313,梦百合,家居用品,江苏,20161013,603313.SH,20251203,9.31,9.42,9.27,9.41,9.31,0.1,1.0741,100929.6,94395.685,1.7689,3.3082,0.91,,33.0486,1.4563,0.6355,0.5914,0.0,0.5313,57058.6885,57058.6885,30509.3631,536922.2588,536922.2588,10.24,8.38,1.8209
603313,梦百合,家居用品,江苏,20161013,603313.SH,20251202,9.26,9.36,9.18,9.31,9.26,0.05,0.54,106855.7,99125.633,1.8727,3.5024,1.02,,32.6974,1.4409,0.6287,0.5851,0.0,0.5371,57058.6885,57058.6885,30509.3631,531216.3899,531216.3899,10.19,8.33,1.8209
603313,梦百合,家居用品,江苏,20161013,603313.SH,20251201,9.2,9.33,9.11,9.26,9.2,0.06,0.6522,115423.2,106731.461,2.0229,3.7832,1.1,,32.5218,1.4331,0.6253,0.5819,0.0,0.54,57058.6885,57058.6885,30509.3631,528363.4555,528363.4555,10.12,8.28,1.8209
603313,梦百合,家居用品,江苏,20161013,603313.SH,20251128,9.16,9.3,9.14,9.2,9.16,0.04,0.4367,92613.34,85317.638,1.6231,3.0356,0.85,,32.3111,1.4238,0.6213,0.5782,0.0,0.5435,57058.6885,57058.6885,30509.3631,524939.9342,524939.9342,10.08,8.24,1.8209
603313,梦百合,家居用品,江苏,20161013,603313.SH,20251127,8.96,9.33,8.96,9.16,8.93,0.23,2.5756,152211.65,139919.623,2.6676,4.989,1.49,,32.1706,1.4176,0.6186,0.5756,0.0,0.5459,57058.6885,57058.6885,30509.3631,522657.5867,522657.5867,9.82,8.04,1.8209
603313,梦百合,家居用品,江苏,20161013,603313.SH,20251126,8.95,9.11,8.87,8.93,8.98,-0.05,-0.5568,87186.0,78270.198,1.528,2.8577,0.87,,31.3628,1.3821,0.603,0.5612,0.0,0.5599,57058.6885,57058.6885,30509.3631,509534.0883,509534.0883,9.88,8.08,1.8209
603313,梦百合,家居用品,江苏,20161013,603313.SH,20251125,8.97,9.02,8.89,8.98,8.99,-0.01,-0.1112,78931.6,70743.487,1.3833,2.5871,0.74,,31.5385,1.3898,0.6064,0.5643,0.0,0.5568,57058.6885,57058.6885,30509.3631,512387.0227,512387.0227,9.89,8.09,1.8209
603313,梦百合,家居用品,江苏,20161013,603313.SH,20251124,8.8,9.04,8.69,8.99,8.76,0.23,2.6256,116004.6,103422.837,2.0331,3.8023,1.11,,31.5736,1.3913,0.6071,0.565,0.0,0.5562,57058.6885,57058.6885,30509.3631,512957.6096,512957.6096,9.64,7.88,1.8209
603313,梦百合,家居用品,江苏,20161013,603313.SH,20251121,8.92,9.04,8.71,8.76,8.92,-0.16,-1.7937,111099.17,98426.831,1.9471,3.6415,1.04,,30.7658,1.3557,0.5916,0.5505,0.0,0.5708,57058.6885,57058.6885,30509.3631,499834.1113,499834.1113,9.81,8.03,1.8209
603313,梦百合,家居用品,江苏,20161013,603313.SH,20251120,9.06,9.12,8.76,8.92,9.06,-0.14,-1.5453,116164.2,103801.876,2.0359,3.8075,1.03,,31.3277,1.3805,0.6024,0.5606,0.0,0.5605,57058.6885,57058.6885,30509.3631,508963.5014,508963.5014,9.97,8.15,1.8209
603313,梦百合,家居用品,江苏,20161013,603313.SH,20251119,9.08,9.28,9.05,9.06,9.11,-0.05,-0.5488,79745.48,72720.547,1.3976,2.6138,0.62,,31.8194,1.4022,0.6118,0.5694,0.0,0.5519,57058.6885,57058.6885,30509.3631,516951.7178,516951.7178,10.02,8.2,1.8209
603313,梦百合,家居用品,江苏,20161013,603313.SH,20251118,9.22,9.25,9.01,9.11,9.22,-0.11,-1.1931,111681.31,101788.553,1.9573,3.6606,0.89,,31.995,1.4099,0.6152,0.5725,0.0,0.5488,57058.6885,57058.6885,30509.3631,519804.6522,519804.6522,10.14,8.3,1.8209
603313,梦百合,家居用品,江苏,20161013,603313.SH,20251117,9.38,9.45,9.18,9.22,9.4,-0.18,-1.9149,105117.37,97595.006,1.8423,3.4454,0.8,,32.3813,1.4269,0.6226,0.5794,0.0,0.5423,57058.6885,57058.6885,30509.3631,526081.108,526081.108,10.34,8.46,1.8209
603313,梦百合,家居用品,江苏,20161013,603313.SH,20251114,9.42,9.66,9.38,9.4,9.44,-0.04,-0.4237,120028.16,113736.442,2.1036,3.9341,0.96,,33.0135,1.4548,0.6348,0.5907,0.0,0.5319,57058.6885,57058.6885,30509.3631,536351.6719,536351.6719,10.38,8.5,1.8209
603313,梦百合,家居用品,江苏,20161013,603313.SH,20251113,9.35,9.49,9.19,9.44,9.35,0.09,0.9626,146245.8,136549.601,2.5631,4.7935,1.18,,33.154,1.461,0.6375,0.5932,0.0,0.5297,57058.6885,57058.6885,30509.3631,538634.0194,538634.0194,10.29,8.42,1.8209
603313,梦百合,家居用品,江苏,20161013,603313.SH,20251112,9.37,9.59,9.32,9.35,9.33,0.02,0.2144,155713.5,146885.452,2.729,5.1038,1.31,,32.8379,1.4471,0.6314,0.5876,0.0,0.5348,57058.6885,57058.6885,30509.3631,533498.7375,533498.7375,10.26,8.4,1.8209
603313,梦百合,家居用品,江苏,20161013,603313.SH,20251111,9.4,9.42,9.23,9.33,9.41,-0.08,-0.8502,99387.12,92607.164,1.7418,3.2576,0.78,,32.7677,1.444,0.6301,0.5863,0.0,0.5359,57058.6885,57058.6885,30509.3631,532357.5637,532357.5637,10.35,8.47,1.8209
603313,梦百合,家居用品,江苏,20161013,603313.SH,20251110,9.22,9.42,9.18,9.41,9.2,0.21,2.2826,135352.52,126031.99,2.3722,4.4364,1.01,,33.0486,1.4563,0.6355,0.5914,0.0,0.5313,57058.6885,57058.6885,30509.3631,536922.2588,536922.2588,10.12,8.28,1.8209
603313,梦百合,家居用品,江苏,20161013,603313.SH,20251107,9.33,9.33,9.15,9.2,9.29,-0.09,-0.9688,88617.97,81786.388,1.5531,2.9046,0.57,,32.3111,1.4238,0.6213,0.5782,0.0,0.5435,57058.6885,57058.6885,30509.3631,524939.9342,524939.9342,10.22,8.36,1.8209
603313,梦百合,家居用品,江苏,20161013,603313.SH,20251106,9.42,9.48,9.13,9.29,9.44,-0.15,-1.589,138443.26,128025.618,2.4263,4.5377,0.74,,32.6272,1.4378,0.6274,0.5838,0.0,0.5382,57058.6885,57058.6885,30509.3631,530075.2162,530075.2162,10.38,8.5,1.8209
603313,梦百合,家居用品,江苏,20161013,603313.SH,20251105,9.43,9.5,9.31,9.44,9.5,-0.06,-0.6316,132965.29,124964.253,2.3303,4.3582,0.68,,33.154,1.461,0.6375,0.5932,0.0,0.5297,57058.6885,57058.6885,30509.3631,538634.0194,538634.0194,10.45,8.55,1.8209
603313,梦百合,家居用品,江苏,20161013,603313.SH,20251104,9.62,9.7,9.42,9.5,9.58,-0.08,-0.8351,139988.36,133037.712,2.4534,4.5884,0.66,,33.3647,1.4703,0.6415,0.597,0.0,0.5263,57058.6885,57058.6885,30509.3631,542057.5408,542057.5408,10.54,8.62,1.8209
603313,梦百合,家居用品,江苏,20161013,603313.SH,20251103,9.5,9.74,9.47,9.58,9.6,-0.02,-0.2083,168300.99,161170.521,2.9496,5.5164,0.67,,33.6457,1.4826,0.6469,0.602,0.0,0.5219,57058.6885,57058.6885,30509.3631,546622.2358,546622.2358,10.56,8.64,1.8209
603313,梦百合,家居用品,江苏,20161013,603313.SH,20251031,9.33,9.66,9.33,9.6,9.35,0.25,2.6738,193240.48,183882.268,3.3867,6.3338,0.74,,33.7159,1.4857,0.6483,0.6033,0.0,0.5208,57058.6885,57058.6885,30509.3631,547763.4096,547763.4096,10.29,8.42,1.8209
603313,梦百合,家居用品,江苏,20161013,603313.SH,20251030,9.61,9.71,9.29,9.35,9.95,-0.6,-6.0302,296171.61,278970.78,5.1906,9.7076,1.08,,32.8379,1.4471,0.6314,0.5876,0.0,0.5348,57058.6885,57058.6885,30509.3631,533498.7375,533498.7375,10.95,8.96,1.8209
603313,梦百合,家居用品,江苏,20161013,603313.SH,20251029,9.93,9.98,9.7,9.95,10.0,-0.05,-0.5,174938.42,172546.971,3.0659,5.7339,0.49,,,1.5157,0.6719,0.6438,0.0,0.5025,57058.6885,57058.6885,30509.3631,567733.9506,567733.9506,11.0,9.0,1.8209
603313,梦百合,家居用品,江苏,20161013,603313.SH,20251028,10.19,10.31,9.9,10.0,9.99,0.01,0.1001,233233.49,234567.402,4.0876,7.6447,0.61,,,1.5233,0.6753,0.647,0.0,0.5,57058.6885,57058.6885,30509.3631,570586.885,570586.885,10.99,8.99,1.8209
603313,梦百合,家居用品,江苏,20161013,603313.SH,20251027,9.58,10.23,9.5,9.99,9.59,0.4,4.171,362264.14,358706.873,6.349,11.8739,0.82,,,1.5218,0.6746,0.6464,0.0,0.5005,57058.6885,57058.6885,30509.3631,570016.2981,570016.2981,10.55,8.63,1.8209
603313,梦百合,家居用品,江苏,20161013,603313.SH,20251024,9.69,9.7,9.44,9.59,9.69,-0.1,-1.032,247436.5,237178.645,4.3365,8.1102,0.55,,,1.4609,0.6476,0.6205,0.0,0.5214,57058.6885,57058.6885,30509.3631,547192.8227,547192.8227,10.66,8.72,1.8209
603313,梦百合,家居用品,江苏,20161013,603313.SH,20251023,9.76,9.9,9.57,9.69,10.16,-0.47,-4.626,349332.38,339125.052,6.1223,11.45,0.88,,,1.4761,0.6544,0.627,0.0,0.516,57058.6885,57058.6885,30509.3631,552898.6916,552898.6916,11.18,9.14,1.8209
603313,梦百合,家居用品,江苏,20161013,603313.SH,20251022,9.63,10.48,9.47,10.16,9.63,0.53,5.5036,588095.49,586926.315,10.3069,19.2759,1.99,,,1.5477,0.6861,0.6574,0.0,0.4921,57058.6885,57058.6885,30509.3631,579716.2752,579716.2752,10.59,8.67,1.8209
603313,梦百合,家居用品,江苏,20161013,603313.SH,20251021,9.58,9.66,9.3,9.63,9.63,0.0,0.0,377073.09,358119.238,6.6085,12.3593,1.56,,,1.467,0.6503,0.6231,0.0,0.5192,57058.6885,57058.6885,30509.3631,549475.1703,549475.1703,10.59,8.67,1.8209
603313,梦百合,家居用品,江苏,20161013,603313.SH,20251020,9.47,9.91,9.4,9.63,9.33,0.3,3.2154,659910.34,633719.996,11.5655,21.6298,5.06,,,1.467,0.6503,0.6231,0.0,0.5192,57058.6885,57058.6885,30509.3631,549475.1703,549475.1703,10.26,8.4,1.8209
603313,梦百合,家居用品,江苏,20161013,603313.SH,20251017,8.48,9.33,8.47,9.33,8.48,0.85,10.0236,269148.94,246304.778,4.7171,8.8218,2.64,,,1.4213,0.6301,0.6037,0.0,0.5359,57058.6885,57058.6885,30509.3631,532357.5637,532357.5637,9.33,7.63,1.8209
603313,梦百合,家居用品,江苏,20161013,603313.SH,20251016,8.53,8.73,8.47,8.48,8.53,-0.05,-0.5862,83547.49,71372.743,1.4642,2.7384,,,,1.2918,0.5727,0.5487,0.0,0.5896,57058.6885,57058.6885,30509.3631,483857.6785,483857.6785,9.38,7.68,1.8209
603313,梦百合,家居用品,江苏,20161013,603313.SH,20251015,8.41,8.57,8.35,8.53,8.39,0.14,1.6687,87879.34,74604.234,1.5402,2.8804,0.6,,,1.2994,0.576,0.5519,0.0,0.5862,57058.6885,57058.6885,30509.3631,486710.6129,486710.6129,9.23,7.55,1.8209
603313,梦百合,家居用品,江苏,20161013,603313.SH,20251014,8.52,8.64,8.33,8.39,8.51,-0.12,-1.4101,111556.7,94115.136,1.9551,3.6565,0.56,,,1.2781,0.5666,0.5429,0.0,0.5959,57058.6885,57058.6885,30509.3631,478722.3965,478722.3965,9.36,7.66,1.8209
603313,梦百合,家居用品,江苏,20161013,603313.SH,20251013,8.6,8.6,8.25,8.51,8.69,-0.18,-2.0713,100585.68,85342.421,1.7628,3.2969,0.37,,,1.2964,0.5747,0.5506,0.0,0.5875,57058.6885,57058.6885,30509.3631,485569.4391,485569.4391,9.56,7.82,1.8209
603313,梦百合,家居用品,江苏,20161013,603313.SH,20251010,8.6,8.85,8.56,8.69,8.6,0.09,1.0465,125583.64,109576.495,2.201,4.1162,0.49,,,1.3238,0.5868,0.5623,0.0,0.5754,57058.6885,57058.6885,30509.3631,495840.0031,495840.0031,9.46,7.74,1.8209
603313,梦百合,家居用品,江苏,20161013,603313.SH,20251009,9.03,9.04,8.58,8.6,8.99,-0.39,-4.3382,191400.73,166388.299,3.3545,6.2735,0.82,,,1.3101,0.5808,0.5565,0.0,0.5814,57058.6885,57058.6885,30509.3631,490704.7211,490704.7211,9.89,8.09,1.8209
603313,梦百合,家居用品,江苏,20161013,603313.SH,20250930,9.08,9.12,8.86,8.99,8.82,0.17,1.9274,197604.32,177317.623,3.4632,6.4768,0.93,,,1.3695,0.6071,0.5817,0.0,0.5562,57058.6885,57058.6885,30509.3631,512957.6096,512957.6096,9.7,7.94,1.8209
603313,梦百合,家居用品,江苏,20161013,603313.SH,20250929,8.69,9.15,8.54,8.82,8.75,0.07,0.8,389321.82,345966.511,6.8232,12.7607,2.28,,,1.3436,0.5956,0.5707,0.0,0.5669,57058.6885,57058.6885,30509.3631,503257.6326,503257.6326,9.63,7.88,1.8209
603313,梦百合,家居用品,江苏,20161013,603313.SH,20250926,8.58,8.97,8.58,8.75,8.15,0.6,7.362,443162.79,392065.149,7.7668,14.5255,4.16,,,1.3329,0.5909,0.5662,0.0,0.5714,57058.6885,57058.6885,30509.3631,499263.5244,499263.5244,8.97,7.34,1.8209
603313,梦百合,家居用品,江苏,20161013,603313.SH,20250925,8.21,8.37,8.11,8.15,8.21,-0.06,-0.7308,70145.65,57541.636,1.2294,2.2992,0.52,,,1.2415,0.5504,0.5273,0.0,0.6135,57058.6885,57058.6885,30509.3631,465028.3113,465028.3113,9.03,7.39,1.8209
603313,梦百合,家居用品,江苏,20161013,603313.SH,20250924,8.11,8.25,8.1,8.21,8.19,0.02,0.2442,61874.94,50749.109,1.0844,2.0281,0.36,,,1.2507,0.5544,0.5312,0.0,0.609,57058.6885,57058.6885,30509.3631,468451.8326,468451.8326,9.01,7.37,1.8209
603313,梦百合,家居用品,江苏,20161013,603313.SH,20250923,8.32,8.32,8.06,8.19,8.31,-0.12,-1.444,102774.62,83793.042,1.8012,3.3686,0.61,,,1.2476,0.5531,0.5299,0.0,0.6105,57058.6885,57058.6885,30509.3631,467310.6588,467310.6588,9.14,7.48,1.8209
603313,梦百合,家居用品,江苏,20161013,603313.SH,20250922,8.55,8.8,8.19,8.31,8.6,-0.29,-3.3721,177324.78,148674.323,3.1078,5.8121,1.2,,,1.2659,0.5612,0.5377,0.0,0.6017,57058.6885,57058.6885,30509.3631,474157.7014,474157.7014,9.46,7.74,1.8209
603313,梦百合,家居用品,江苏,20161013,603313.SH,20250919,8.63,8.73,8.46,8.6,8.56,0.04,0.4673,119974.8,102864.01,2.1027,3.9324,0.87,,,1.3101,0.5808,0.5565,0.0,0.5814,57058.6885,57058.6885,30509.3631,490704.7211,490704.7211,9.42,7.7,1.8209
603313,梦百合,家居用品,江苏,20161013,603313.SH,20250918,8.95,9.04,8.5,8.56,8.95,-0.39,-4.3575,216539.1,190022.026,3.795,7.0975,1.97,,,1.304,0.5781,0.5539,0.0,0.5841,57058.6885,57058.6885,30509.3631,488422.3736,488422.3736,9.85,8.06,1.8209
603313,梦百合,家居用品,江苏,20161013,603313.SH,20250917,8.99,9.27,8.76,8.95,8.62,0.33,3.8283,248269.27,221627.596,4.3511,8.1375,3.56,,,1.3634,0.6044,0.5791,0.0,0.5587,57058.6885,57058.6885,30509.3631,510675.2621,510675.2621,9.48,7.76,1.8209
603313,梦百合,家居用品,江苏,20161013,603313.SH,20250916,8.59,8.64,8.45,8.62,8.62,0.0,0.0,80138.87,68400.486,1.4045,2.6267,1.2,,,1.3131,0.5821,0.5577,0.0,0.58,57058.6885,57058.6885,30509.3631,491845.8949,491845.8949,9.48,7.76,1.8209
603313,梦百合,家居用品,江苏,20161013,603313.SH,20250915,8.61,8.71,8.51,8.62,8.63,-0.01,-0.1159,72985.44,62643.095,1.2791,2.3922,1.07,,,1.3131,0.5821,0.5577,0.0,0.58,57058.6885,57058.6885,30509.3631,491845.8949,491845.8949,9.49,7.77,1.8209
603313,梦百合,家居用品,江苏,20161013,603313.SH,20250912,8.88,8.89,8.62,8.63,8.84,-0.21,-2.3756,73918.69,64207.102,1.2955,2.4228,1.1,,,1.3146,0.5828,0.5584,0.0,0.5794,57058.6885,57058.6885,30509.3631,492416.4818,492416.4818,9.72,7.96,1.8209
603313,梦百合,家居用品,江苏,20161013,603313.SH,20250911,8.92,8.92,8.73,8.84,8.86,-0.02,-0.2257,75576.3,66556.508,1.3245,2.4772,1.06,,,1.3466,0.597,0.572,0.0,0.5656,57058.6885,57058.6885,30509.3631,504398.8063,504398.8063,9.75,7.97,1.8209
603313,梦百合,家居用品,江苏,20161013,603313.SH,20250910,8.93,8.93,8.82,8.86,8.91,-0.05,-0.5612,45955.5,40757.747,0.8054,1.5063,0.61,,,1.3497,0.5983,0.5733,0.0,0.5643,57058.6885,57058.6885,30509.3631,505539.9801,505539.9801,9.8,8.02,1.8209
603313,梦百合,家居用品,江苏,20161013,603313.SH,20250909,8.93,9.03,8.85,8.91,8.89,0.02,0.225,64809.81,57801.648,1.1358,2.1243,0.84,,,1.3573,0.6017,0.5765,0.0,0.5612,57058.6885,57058.6885,30509.3631,508392.9145,508392.9145,9.78,8.0,1.8209
603313,梦百合,家居用品,江苏,20161013,603313.SH,20250908,8.73,8.98,8.71,8.89,8.66,0.23,2.6559,81894.5,72613.793,1.4353,2.6842,1.04,,,1.3542,0.6003,0.5752,0.0,0.5624,57058.6885,57058.6885,30509.3631,507251.7408,507251.7408,9.53,7.79,1.8209
603313,梦百合,家居用品,江苏,20161013,603313.SH,20250905,8.6,8.66,8.43,8.66,8.57,0.09,1.0502,69156.96,59383.834,1.212,2.2667,0.86,,,1.3192,0.5848,0.5603,0.0,0.5774,57058.6885,57058.6885,30509.3631,494128.2424,494128.2424,9.43,7.71,1.8209
603313,梦百合,家居用品,江苏,20161013,603313.SH,20250904,8.47,8.7,8.41,8.57,8.45,0.12,1.4201,95860.88,82146.168,1.68,3.142,1.18,,,1.3055,0.5787,0.5545,0.0,0.5834,57058.6885,57058.6885,30509.3631,488992.9604,488992.9604,9.3,7.61,1.8209
603313,梦百合,家居用品,江苏,20161013,603313.SH,20250903,8.57,8.62,8.42,8.45,8.56,-0.11,-1.285,63118.14,53715.946,1.1062,2.0688,0.67,,,1.2872,0.5706,0.5467,0.0,0.5917,57058.6885,57058.6885,30509.3631,482145.9178,482145.9178,9.42,7.7,1.8209
603313,梦百合,家居用品,江苏,20161013,603313.SH,20250902,8.69,8.73,8.44,8.56,8.72,-0.16,-1.8349,77878.79,66684.933,1.3649,2.5526,0.72,,,1.304,0.5781,0.5539,0.0,0.5841,57058.6885,57058.6885,30509.3631,488422.3736,488422.3736,9.59,7.85,1.8209
603313,梦百合,家居用品,江苏,20161013,603313.SH,20250901,8.61,8.76,8.5,8.72,8.63,0.09,1.0429,89418.79,77087.199,1.5671,2.9309,0.75,,,1.3283,0.5889,0.5642,0.0,0.5734,57058.6885,57058.6885,30509.3631,497551.7637,497551.7637,9.49,7.77,1.8209
603313,梦百合,家居用品,江苏,20161013,603313.SH,20250829,8.68,8.72,8.58,8.63,8.67,-0.04,-0.4614,76340.78,65918.615,1.3379,2.5022,0.61,,,1.3146,0.5828,0.5584,0.0,0.5794,57058.6885,57058.6885,30509.3631,492416.4818,492416.4818,9.54,7.8,1.8209
603313,梦百合,家居用品,江苏,20161013,603313.SH,20250828,8.73,8.9,8.43,8.67,8.76,-0.09,-1.0274,100828.25,87029.315,1.7671,3.3048,0.8,,,1.3207,0.5855,0.561,0.0,0.5767,57058.6885,57058.6885,30509.3631,494698.8293,494698.8293,9.64,7.88,1.8209
603313,梦百合,家居用品,江苏,20161013,603313.SH,20250827,9.12,9.18,8.76,8.76,9.11,-0.35,-3.8419,127256.04,114167.939,2.2303,4.171,0.98,,,1.3344,0.5916,0.5668,0.0,0.5708,57058.6885,57058.6885,30509.3631,499834.1113,499834.1113,10.02,8.2,1.8209
603313,梦百合,家居用品,江苏,20161013,603313.SH,20250826,8.94,9.22,8.86,9.11,8.94,0.17,1.9016,148656.18,134944.616,2.6053,4.8725,1.14,,,1.3878,0.6152,0.5895,0.0,0.5488,57058.6885,57058.6885,30509.3631,519804.6522,519804.6522,9.83,8.05,1.8209
603313,梦百合,家居用品,江苏,20161013,603313.SH,20250825,8.95,9.12,8.84,8.94,8.85,0.09,1.0169,144363.21,129190.176,2.5301,4.7318,1.11,,,1.38,0.6037,0.5881,0.0,0.5593,57058.6885,57058.6885,30509.3631,510104.6752,510104.6752,9.74,7.97,1.8209
603313,梦百合,家居用品,江苏,20161013,603313.SH,20250822,8.92,8.92,8.75,8.85,8.92,-0.07,-0.7848,103198.31,91025.947,1.8086,3.3825,0.86,,,1.3661,0.5976,0.5822,0.0,0.565,57058.6885,57058.6885,30509.3631,504969.3932,504969.3932,9.81,8.03,1.8208
603313,梦百合,家居用品,江苏,20161013,603313.SH,20250821,8.86,8.95,8.79,8.92,8.89,0.03,0.3375,105471.05,93637.379,1.8485,3.457,0.95,,,1.3769,0.6024,0.5868,0.0,0.5605,57058.6885,57058.6885,30509.3631,508963.5014,508963.5014,9.78,8.0,1.8208
603313,梦百合,家居用品,江苏,20161013,603313.SH,20250820,8.61,8.94,8.55,8.89,8.64,0.25,2.8935,145521.6,127262.939,2.5504,4.7697,1.5,,,1.3723,0.6003,0.5848,0.0,0.5624,57058.6885,57058.6885,30509.3631,507251.7408,507251.7408,9.5,7.78,1.8208
603313,梦百合,家居用品,江苏,20161013,603313.SH,20250819,8.42,8.68,8.39,8.64,8.43,0.21,2.4911,152588.65,131031.733,2.6742,5.0014,1.96,,,1.3337,0.5835,0.5684,0.0,0.5787,57058.6885,57058.6885,30509.3631,492987.0686,492987.0686,9.27,7.59,1.8208
603313,梦百合,家居用品,江苏,20161013,603313.SH,20250818,8.42,8.44,8.29,8.43,8.39,0.04,0.4768,144645.4,121001.31,2.535,4.741,2.32,,,1.3013,0.5693,0.5546,0.0,0.5931,57058.6885,57058.6885,30509.3631,481004.7441,481004.7441,9.23,7.55,1.8208
603313,梦百合,家居用品,江苏,20161013,603313.SH,20250815,8.36,8.44,8.34,8.39,8.37,0.02,0.2389,53801.39,45218.84,0.9429,1.7634,0.84,,,1.2951,0.5666,0.552,0.0,0.5959,57058.6885,57058.6885,30509.3631,478722.3965,478722.3965,9.21,7.53,1.8208
603313,梦百合,家居用品,江苏,20161013,603313.SH,20250814,8.39,8.46,8.35,8.37,8.39,-0.02,-0.2384,59087.48,49635.381,1.0356,1.9367,0.93,,,1.292,0.5652,0.5506,0.0,0.5974,57058.6885,57058.6885,30509.3631,477581.2227,477581.2227,9.23,7.55,1.8209
603313,梦百合,家居用品,江苏,20161013,603313.SH,20250813,8.4,8.46,8.3,8.39,8.36,0.03,0.3589,74190.99,62183.047,1.3003,2.4317,1.22,,,1.2951,0.5666,0.552,0.0,0.5959,57058.6885,57058.6885,30509.3631,478722.3965,478722.3965,9.2,7.52,1.8209
603313,梦百合,家居用品,江苏,20161013,603313.SH,20250812,8.37,8.42,8.35,8.36,8.41,-0.05,-0.5945,58482.36,49002.156,1.025,1.928,0.98,,,1.2905,0.5646,0.55,0.0,0.5981,57058.6885,57058.6885,30333.6331,477010.6359,477010.6359,9.25,7.57,1.8209
603313,梦百合,家居用品,江苏,20161013,603313.SH,20250811,8.42,8.44,8.34,8.41,8.41,0.0,0.0,66393.2,55726.128,1.1636,2.1888,1.12,,,1.2982,0.5679,0.5533,0.0,0.5945,57058.6885,57058.6885,30333.6331,479863.5703,479863.5703,9.25,7.57,1.8209
603313,梦百合,家居用品,江苏,20161013,603313.SH,20250808,8.42,8.47,8.34,8.41,8.42,-0.01,-0.1188,64005.39,53822.548,1.1217,2.11,1.03,,,1.2982,0.5679,0.5533,0.0,0.5945,57058.6885,57058.6885,30333.6331,479863.5703,479863.5703,9.26,7.58,1.8209
603313,梦百合,家居用品,江苏,20161013,603313.SH,20250807,8.53,8.55,8.42,8.42,8.54,-0.12,-1.4052,56314.16,47602.025,0.987,1.8565,0.77,,,1.2997,0.5686,0.5539,0.0,0.5938,57058.6885,57058.6885,30333.6331,480434.1572,480434.1572,9.39,7.69,1.8209
603313,梦百合,家居用品,江苏,20161013,603313.SH,20250806,8.52,8.54,8.44,8.54,8.53,0.01,0.1172,58589.07,49714.652,1.0268,1.9386,0.75,,,1.3183,0.5767,0.5618,0.0,0.5855,57058.6885,57058.6885,30221.8138,487281.1998,487281.1998,9.38,7.68,1.8209
603313,梦百合,家居用品,江苏,20161013,603313.SH,20250805,8.56,8.69,8.5,8.53,8.54,-0.01,-0.1171,53906.7,46233.001,0.9448,1.7837,0.6,,,1.3167,0.576,0.5612,0.0,0.5862,57058.6885,57058.6885,30221.8138,486710.6129,486710.6129,9.39,7.69,1.8209
603313,梦百合,家居用品,江苏,20161013,603313.SH,20250804,8.46,8.57,8.37,8.54,8.5,0.04,0.4706,63423.97,53895.602,1.1116,2.0986,0.69,,,1.3183,0.5767,0.5618,0.0,0.5855,57058.6885,57058.6885,30221.8138,487281.1998,487281.1998,9.35,7.65,1.8209
603313,梦百合,家居用品,江苏,20161013,603313.SH,20250801,8.45,8.54,8.43,8.5,8.48,0.02,0.2358,79467.9,67294.981,1.3927,2.6295,0.81,,,1.3121,0.574,0.5592,0.0,0.5882,57058.6885,57058.6885,30221.8138,484998.8523,484998.8523,9.33,7.63,1.8209
603313,梦百合,家居用品,江苏,20161013,603313.SH,20250731,8.49,8.54,8.3,8.48,8.54,-0.06,-0.7026,112074.04,94155.638,1.9642,3.7084,1.25,,,1.309,0.5727,0.5579,0.0,0.5896,57058.6885,57058.6885,30221.8138,483857.6785,483857.6785,9.39,7.69,1.8209
603313,梦百合,家居用品,江苏,20161013,603313.SH,20250730,8.45,8.57,8.41,8.54,8.47,0.07,0.8264,83523.16,71030.784,1.4638,2.7637,0.91,,,1.3183,0.5767,0.5618,0.0,0.5855,57058.6885,57058.6885,30221.8138,487281.1998,487281.1998,9.32,7.62,1.8209
603313,梦百合,家居用品,江苏,20161013,603313.SH,20250729,8.7,8.7,8.38,8.47,8.7,-0.23,-2.6437,114017.81,96568.189,1.9983,3.7727,1.27,,,1.3075,0.572,0.5572,0.0,0.5903,57058.6885,57058.6885,30221.8138,483287.0916,483287.0916,9.57,7.83,1.8209
603313,梦百合,家居用品,江苏,20161013,603313.SH,20250728,8.67,8.8,8.65,8.7,8.66,0.04,0.4619,72886.39,63509.347,1.2774,2.4117,0.8,,,1.343,0.5875,0.5723,0.0,0.5747,57058.6885,57058.6885,30221.8138,496410.59,496410.59,9.53,7.79,1.8209
603313,梦百合,家居用品,江苏,20161013,603313.SH,20250725,8.56,8.86,8.5,8.66,8.55,0.11,1.2865,107508.47,93470.965,1.8842,3.5573,1.28,,,1.3368,0.5848,0.5697,0.0,0.5774,57058.6885,57058.6885,30221.8138,494128.2424,494128.2424,9.41,7.7,1.8209
603313,梦百合,家居用品,江苏,20161013,603313.SH,20250724,8.5,8.58,8.46,8.55,8.5,0.05,0.5882,70845.2,60368.796,1.2416,2.3442,0.77,,,1.3198,0.5774,0.5625,0.0,0.5848,57058.6885,57058.6885,30221.8138,487851.7867,487851.7867,9.35,7.65,1.8209
603313,梦百合,家居用品,江苏,20161013,603313.SH,20250723,8.65,8.73,8.49,8.5,8.57,-0.07,-0.8168,92413.45,79549.044,1.6196,3.0578,0.85,,,1.3121,0.574,0.5592,0.0,0.5882,57058.6885,57058.6885,30221.8138,484998.8523,484998.8523,9.43,7.71,1.8209
603313,梦百合,家居用品,江苏,20161013,603313.SH,20250722,8.71,8.73,8.46,8.57,8.68,-0.11,-1.2673,106669.75,91514.969,1.8695,3.5296,0.7,,,1.3229,0.5787,0.5638,0.0,0.5834,57058.6885,57058.6885,30221.8138,488992.9604,488992.9604,9.55,7.81,1.8209
603313,梦百合,家居用品,江苏,20161013,603313.SH,20250721,8.56,8.81,8.56,8.68,8.63,0.05,0.5794,79111.03,68918.293,1.3865,2.6177,0.5,,,1.3399,0.5862,0.571,0.0,0.576,57058.6885,57058.6885,30221.8138,495269.4162,495269.4162,9.49,7.77,1.8209
603313,梦百合,家居用品,江苏,20161013,603313.SH,20250718,8.73,8.78,8.57,8.63,8.68,-0.05,-0.576,72132.29,62431.019,1.2642,2.3868,0.46,,,1.3322,0.5828,0.5677,0.0,0.5794,57058.6885,57058.6885,30221.8138,492416.4818,492416.4818,9.55,7.81,1.8209
603313,梦百合,家居用品,江苏,20161013,603313.SH,20250717,8.67,8.72,8.56,8.68,8.69,-0.01,-0.1151,111555.14,96486.804,1.9551,3.6912,0.74,,,1.3399,0.5862,0.571,0.0,0.576,57058.6885,57058.6885,30221.8138,495269.4162,495269.4162,9.56,7.82,1.8209
603313,梦百合,家居用品,江苏,20161013,603313.SH,20250716,8.94,9.06,8.67,8.69,8.95,-0.26,-2.905,173139.27,152633.893,3.0344,5.729,1.28,,,1.3414,0.5868,0.5717,0.0,0.5754,57058.6885,57058.6885,30221.8138,495840.0031,495840.0031,9.85,8.06,1.8209
603313,梦百合,家居用品,江苏,20161013,603313.SH,20250715,9.19,9.19,8.41,8.95,9.26,-0.31,-3.3477,320725.84,280036.218,5.621,10.6124,3.45,,,1.3815,0.6044,0.5888,0.0,0.5587,57058.6885,57058.6885,30221.8138,510675.2621,510675.2621,10.19,8.33,1.8209
603313,梦百合,家居用品,江苏,20161013,603313.SH,20250714,9.03,9.3,8.92,9.26,9.05,0.21,2.3204,107168.02,98092.632,1.8782,3.546,1.0,,,1.4294,0.6253,0.6092,0.0,0.54,57058.6885,57058.6885,30221.8138,528363.4555,528363.4555,9.96,8.15,1.8209
603313,梦百合,家居用品,江苏,20161013,603313.SH,20250711,9.06,9.14,9.02,9.05,9.08,-0.03,-0.3304,70537.76,63857.464,1.2362,2.334,0.61,,,1.397,0.6111,0.5954,0.0,0.5525,57058.6885,57058.6885,30221.8138,516381.1309,516381.1309,9.99,8.17,1.8209
603313,梦百合,家居用品,江苏,20161013,603313.SH,20250710,9.12,9.16,9.0,9.08,9.11,-0.03,-0.3293,78124.41,70769.074,1.3692,2.585,0.58,,,1.4016,0.6132,0.5973,0.0,0.5507,57058.6885,57058.6885,30221.8138,518092.8916,518092.8916,10.02,8.2,1.8209
603313,梦百合,家居用品,江苏,20161013,603313.SH,20250709,9.15,9.24,9.05,9.11,9.2,-0.09,-0.9783,97709.26,89033.656,1.7124,3.2331,0.75,,,1.4062,0.6152,0.5993,0.0,0.5488,57058.6885,57058.6885,30221.8138,519804.6522,519804.6522,10.12,8.28,1.8209
603313,梦百合,家居用品,江苏,20161013,603313.SH,20250708,9.25,9.3,9.12,9.2,9.17,0.03,0.3272,110806.2,101936.481,1.942,3.6664,0.86,,,1.4201,0.6213,0.6052,0.0,0.5435,57058.6885,57058.6885,30221.8138,524939.9342,524939.9342,10.09,8.25,1.8209
603313,梦百合,家居用品,江苏,20161013,603313.SH,20250707,8.8,9.34,8.79,9.17,8.8,0.37,4.2045,179405.16,164143.687,3.1442,5.9363,1.65,,,1.4155,0.6192,0.6033,0.0,0.5453,57058.6885,57058.6885,30221.8138,523228.1735,523228.1735,9.68,7.92,1.8209
603313,梦百合,家居用品,江苏,20161013,603313.SH,20250704,9.03,9.06,8.79,8.8,9.05,-0.25,-2.7624,112117.22,99467.761,1.9649,3.7098,1.1,,,1.3584,0.5943,0.5789,0.0,0.5682,57058.6885,57058.6885,30221.8138,502116.4588,502116.4588,9.96,8.15,1.8209
603313,梦百合,家居用品,江苏,20161013,603313.SH,20250703,8.75,9.14,8.69,9.05,8.69,0.36,4.1427,174062.36,155530.863,3.0506,5.7595,2.08,,,1.397,0.6111,0.5954,0.0,0.5525,57058.6885,57058.6885,30221.8138,516381.1309,516381.1309,9.56,7.82,1.8209
603313,梦百合,家居用品,江苏,20161013,603313.SH,20250702,8.69,8.72,8.58,8.69,8.7,-0.01,-0.1149,75188.9,64867.793,1.3177,2.4879,0.87,,,1.3414,0.5868,0.5717,0.0,0.5754,57058.6885,57058.6885,30221.8138,495840.0031,495840.0031,9.57,7.83,1.8209
603313,梦百合,家居用品,江苏,20161013,603313.SH,20250701,8.5,8.77,8.46,8.7,8.5,0.2,2.3529,107069.09,92788.473,1.8765,3.5428,1.29,,,1.343,0.5875,0.5723,0.0,0.5747,57058.6885,57058.6885,30221.8138,496410.59,496410.59,9.35,7.65,1.8209
603313,梦百合,家居用品,江苏,20161013,603313.SH,20250630,8.34,8.52,8.34,8.5,8.4,0.1,1.1905,74717.28,63168.426,1.3095,2.4723,0.91,,,1.3121,0.574,0.5592,0.0,0.5882,57058.6885,57058.6885,30221.8138,484998.8523,484998.8523,9.24,7.56,1.8209
603313,梦百合,家居用品,江苏,20161013,603313.SH,20250627,8.32,8.51,8.25,8.4,8.34,0.06,0.7194,79699.35,67045.31,1.3968,2.6371,0.99,,,1.2966,0.5673,0.5526,0.0,0.5952,57058.6885,57058.6885,30221.8138,479292.9834,479292.9834,9.17,7.51,1.8209
603313,梦百合,家居用品,江苏,20161013,603313.SH,20250626,8.41,8.5,8.31,8.34,8.4,-0.06,-0.7143,82699.57,69440.538,1.4494,2.7364,1.01,,,1.2874,0.5632,0.5487,0.0,0.5995,57058.6885,57058.6885,30221.8138,475869.4621,475869.4621,9.24,7.56,1.8209
603313,梦百合,家居用品,江苏,20161013,603313.SH,20250625,8.38,8.48,8.26,8.4,8.41,-0.01,-0.1189,86755.86,72592.372,1.5205,2.8706,0.99,,,1.2966,0.5673,0.5526,0.0,0.5952,57058.6885,57058.6885,30221.8138,479292.9834,479292.9834,9.25,7.57,1.8209
603313,梦百合,家居用品,江苏,20161013,603313.SH,20250624,8.26,8.47,8.24,8.41,8.25,0.16,1.9394,90027.0,75557.081,1.5778,2.9789,0.99,,,1.2982,0.5679,0.5533,0.0,0.5945,57058.6885,57058.6885,30221.8138,479863.5703,479863.5703,9.08,7.43,1.8209
603313,梦百合,家居用品,江苏,20161013,603313.SH,20250623,8.05,8.28,8.02,8.25,8.17,0.08,0.9792,69999.0,57418.809,1.2268,2.3162,0.71,,,1.2735,0.5571,0.5427,0.0,0.6061,57058.6885,57058.6885,30221.8138,470734.1801,470734.1801,8.99,7.35,1.8209
603313,梦百合,家居用品,江苏,20161013,603313.SH,20250620,8.19,8.32,8.14,8.17,8.19,-0.02,-0.2442,71430.5,58595.24,1.2519,2.3635,0.58,,,1.2611,0.5517,0.5375,0.0,0.612,57058.6885,57058.6885,30221.8138,466169.485,466169.485,9.01,7.37,1.8209
603313,梦百合,家居用品,江苏,20161013,603313.SH,20250619,8.25,8.44,8.13,8.19,8.29,-0.1,-1.2063,90988.8,74995.144,1.5947,3.0107,0.62,,,1.2642,0.5531,0.5388,0.0,0.6105,57058.6885,57058.6885,30221.8138,467310.6588,467310.6588,9.12,7.46,1.8209
603313,梦百合,家居用品,江苏,20161013,603313.SH,20250618,8.4,8.44,8.22,8.29,8.44,-0.15,-1.7773,115355.1,96017.655,2.0217,3.8169,0.76,,,1.2797,0.5598,0.5454,0.0,0.6031,57058.6885,57058.6885,30221.8138,473016.5277,473016.5277,9.28,7.6,1.8209
603313,梦百合,家居用品,江苏,20161013,603313.SH,20250617,8.35,8.49,8.29,8.44,8.38,0.06,0.716,106016.75,88880.001,1.858,3.508,0.55,,,1.3028,0.57,0.5552,0.0,0.5924,57058.6885,57058.6885,30221.8138,481575.3309,481575.3309,9.22,7.54,1.8209
603313,梦百合,家居用品,江苏,20161013,603313.SH,20250616,8.29,8.39,8.22,8.38,8.32,0.06,0.7212,105908.3,87984.402,1.8561,3.5044,0.41,,,1.2936,0.5659,0.5513,0.0,0.5967,57058.6885,57058.6885,30221.8138,478151.8096,478151.8096,9.15,7.49,1.8209
603313,梦百合,家居用品,江苏,20161013,603313.SH,20250613,8.64,8.7,8.3,8.32,8.76,-0.44,-5.0228,193848.1,163170.832,3.3973,6.4142,0.8,,,1.2843,0.5618,0.5473,0.0,0.601,57058.6885,57058.6885,30221.8138,474728.2883,474728.2883,9.64,7.88,1.8209
603313,梦百合,家居用品,江苏,20161013,603313.SH,20250612,8.61,8.96,8.52,8.76,8.57,0.19,2.217,211913.59,185266.919,3.714,7.0119,0.94,,,1.3522,0.5916,0.5763,0.0,0.5708,57058.6885,57058.6885,30221.8138,499834.1113,499834.1113,9.43,7.71,1.8209
603313,梦百合,家居用品,江苏,20161013,603313.SH,20250611,8.65,8.78,8.53,8.57,8.62,-0.05,-0.58,143176.15,123660.82,2.5093,4.7375,0.63,,,1.3229,0.5787,0.5638,0.0,0.5834,57058.6885,57058.6885,30221.8138,488992.9604,488992.9604,9.48,7.76,1.8209
603313,梦百合,家居用品,江苏,20161013,603313.SH,20250610,8.85,9.01,8.54,8.62,8.95,-0.33,-3.6872,301270.75,262689.156,5.28,9.9687,1.59,,,1.3306,0.5821,0.5671,0.0,0.58,57058.6885,57058.6885,30221.8138,491845.8949,491845.8949,9.85,8.06,1.8209
603313,梦百合,家居用品,江苏,20161013,603313.SH,20250609,8.32,9.2,8.28,8.95,8.36,0.59,7.0574,440157.71,391983.698,7.7141,14.5642,3.6,,,1.3815,0.6044,0.5888,0.0,0.5587,57058.6885,57058.6885,30221.8138,510675.2621,510675.2621,9.2,7.52,1.8209
603313,梦百合,家居用品,江苏,20161013,603313.SH,20250606,8.29,8.4,8.14,8.36,8.3,0.06,0.7229,122594.1,101385.206,2.1486,4.0565,0.88,,,1.2905,0.5646,0.55,0.0,0.5981,57058.6885,57058.6885,30221.8138,477010.6359,477010.6359,9.13,7.47,1.8209
603313,梦百合,家居用品,江苏,20161013,603313.SH,20250605,8.28,8.4,8.22,8.3,8.26,0.04,0.4843,125182.0,104021.712,2.1939,4.1421,0.74,,,1.2812,0.5605,0.546,0.0,0.6024,57058.6885,57058.6885,30221.8138,473587.1146,473587.1146,9.09,7.43,1.8209
603313,梦百合,家居用品,江苏,20161013,603313.SH,20250604,8.19,8.45,8.17,8.26,8.19,0.07,0.8547,149059.21,123403.184,2.6124,4.9322,0.89,,,1.275,0.5578,0.5434,0.0,0.6053,57058.6885,57058.6885,30221.8138,471304.767,471304.767,9.01,7.37,1.8209
603313,梦百合,家居用品,江苏,20161013,603313.SH,20250603,7.93,8.23,7.93,8.19,8.04,0.15,1.8657,112616.09,91473.52,1.9737,3.7263,0.68,,,1.2642,0.5531,0.5388,0.0,0.6105,57058.6885,57058.6885,30221.8138,467310.6588,467310.6588,8.84,7.24,1.8209
603313,梦百合,家居用品,江苏,20161013,603313.SH,20250530,8.19,8.24,8.04,8.04,8.19,-0.15,-1.8315,102493.64,83110.272,1.7963,3.3914,0.61,,,1.2411,0.5429,0.5289,0.0,0.6219,57058.6885,57058.6885,30221.8138,458751.8555,458751.8555,9.01,7.37,1.8209
603313,梦百合,家居用品,江苏,20161013,603313.SH,20250529,8.41,8.44,8.15,8.19,8.46,-0.27,-3.1915,210790.2,173649.786,3.6943,6.9748,1.38,,,1.2642,0.5531,0.5388,0.0,0.6105,57058.6885,57058.6885,30221.8138,467310.6588,467310.6588,9.31,7.61,1.8209
603313,梦百合,家居用品,江苏,20161013,603313.SH,20250528,8.16,8.63,8.16,8.46,8.19,0.27,3.2967,272138.51,228830.118,4.7694,9.0047,1.94,,,1.3059,0.5713,0.5566,0.0,0.591,57058.6885,57058.6885,30221.8138,482716.5047,482716.5047,9.01,7.37,1.8209
603313,梦百合,家居用品,江苏,20161013,603313.SH,20250527,7.96,8.2,7.92,8.19,7.99,0.2,2.5031,144056.1,116367.284,2.5247,4.7666,1.05,,,1.2642,0.5531,0.5388,0.0,0.6105,57058.6885,57058.6885,30221.8138,467310.6588,467310.6588,8.79,7.19,1.8209
603313,梦百合,家居用品,江苏,20161013,603313.SH,20250526,7.91,8.04,7.88,7.99,7.92,0.07,0.8838,104640.98,83193.993,1.8339,3.4624,0.67,,,1.2334,0.5396,0.5256,0.0,0.6258,57058.6885,57058.6885,30221.8138,455898.9211,455898.9211,8.71,7.13,1.8209
603313,梦百合,家居用品,江苏,20161013,603313.SH,20250523,8.04,8.09,7.9,7.92,8.02,-0.1,-1.2469,106526.88,85025.481,1.867,3.5248,0.64,,,1.2226,0.5348,0.521,0.0,0.6313,57058.6885,57058.6885,30221.8138,451904.8129,451904.8129,8.82,7.22,1.8209
603313,梦百合,家居用品,江苏,20161013,603313.SH,20250522,8.13,8.23,8.02,8.02,8.22,-0.2,-2.4331,134385.6,109008.011,2.3552,4.4466,0.81,,,1.238,0.5416,0.5276,0.0,0.6234,57058.6885,57058.6885,30221.8138,457610.6818,457610.6818,9.04,7.4,1.8209
603313,梦百合,家居用品,江苏,20161013,603313.SH,20250521,8.18,8.37,7.95,8.22,8.18,0.04,0.489,213274.4,173403.495,3.7378,7.057,1.4,,,1.2689,0.5551,0.5408,0.0,0.6083,57058.6885,57058.6885,30221.8138,469022.4195,469022.4195,9.0,7.36,1.8209
603313,梦百合,家居用品,江苏,20161013,603313.SH,20250520,8.3,8.38,8.13,8.18,8.22,-0.04,-0.4866,130139.46,106799.604,2.2808,4.3061,0.79,,,1.2627,0.5524,0.5381,0.0,0.6112,57058.6885,57058.6885,30221.8138,466740.0719,466740.0719,9.04,7.4,1.8209
603313,梦百合,家居用品,江苏,20161013,603313.SH,20250519,8.04,8.28,7.91,8.22,8.03,0.19,2.3661,201699.51,163796.168,3.5349,6.674,1.08,,,1.2689,0.5551,0.5408,0.0,0.6083,57058.6885,57058.6885,30221.8138,469022.4195,469022.4195,8.83,7.23,1.8209
603313,梦百合,家居用品,江苏,20161013,603313.SH,20250516,7.96,8.08,7.9,8.03,7.99,0.04,0.5006,154300.8,123491.503,2.7042,5.1056,0.79,,,1.2395,0.5423,0.5283,0.0,0.6227,57058.6885,57058.6885,30221.8138,458181.2687,458181.2687,8.79,7.19,1.8209
603313,梦百合,家居用品,江苏,20161013,603313.SH,20250515,7.95,8.06,7.9,7.99,7.95,0.04,0.5031,125615.86,100077.461,2.2015,4.1565,0.57,,,1.2334,0.5396,0.5256,0.0,0.6258,57058.6885,57058.6885,30221.8138,455898.9211,455898.9211,8.75,7.16,1.8209
603313,梦百合,家居用品,江苏,20161013,603313.SH,20250514,8.03,8.05,7.87,7.95,8.0,-0.05,-0.625,151745.67,120680.449,2.6595,5.0211,0.63,,,1.2272,0.5369,0.523,0.0,0.6289,57058.6885,57058.6885,30221.8138,453616.5736,453616.5736,8.8,7.2,1.8209
603313,梦百合,家居用品,江苏,20161013,603313.SH,20250513,8.1,8.13,7.9,8.0,8.0,0.0,0.0,193529.97,154338.634,3.3918,6.4037,0.72,,,1.2349,0.5402,0.5263,0.0,0.625,57058.6885,57058.6885,30221.8138,456469.508,456469.508,8.8,7.2,1.8209
603313,梦百合,家居用品,江苏,20161013,603313.SH,20250512,7.85,8.42,7.85,8.0,7.81,0.19,2.4328,309558.34,251013.643,5.4253,10.2429,1.04,,,1.2349,0.5402,0.5263,0.0,0.625,57058.6885,57058.6885,30221.8138,456469.508,456469.508,8.59,7.03,1.8209
603313,梦百合,家居用品,江苏,20161013,603313.SH,20250509,7.97,8.02,7.78,7.81,7.93,-0.12,-1.5132,198854.51,156404.379,3.4851,6.5798,0.6,,,1.2056,0.5274,0.5138,0.0,0.6402,57058.6885,57058.6885,30221.8138,445628.3572,445628.3572,8.72,7.14,1.8209
603313,梦百合,家居用品,江苏,20161013,603313.SH,20250508,7.88,8.14,7.88,7.93,7.84,0.09,1.148,246444.52,197031.549,4.3191,8.1545,0.75,,,1.2241,0.5355,0.5217,0.0,0.6305,57058.6885,57058.6885,30221.8138,452475.3998,452475.3998,8.62,7.06,1.8209
603313,梦百合,家居用品,江苏,20161013,603313.SH,20250507,7.86,7.94,7.74,7.84,7.86,-0.02,-0.2545,256771.48,200983.02,4.5001,8.4962,0.87,,,1.2102,0.5294,0.5158,0.0,0.6378,57058.6885,57058.6885,30221.8138,447340.1178,447340.1178,8.65,7.07,1.8209
603313,梦百合,家居用品,江苏,20161013,603313.SH,20250506,7.92,8.1,7.8,7.86,7.8,0.06,0.7692,327533.45,258917.924,5.7403,10.8377,1.29,,,1.2133,0.5308,0.5171,0.0,0.6361,57058.6885,57058.6885,30221.8138,448481.2916,448481.2916,8.58,7.02,1.8209
603313,梦百合,家居用品,江苏,20161013,603313.SH,20250430,7.67,8.15,7.57,7.8,7.67,0.13,1.6949,464617.36,366426.983,8.1428,15.3736,2.21,,,1.204,0.5267,0.5131,0.0,0.641,57058.6885,57058.6885,30221.8138,445057.7703,445057.7703,8.44,6.9,1.8209
603313,梦百合,家居用品,江苏,20161013,603313.SH,20250429,7.21,7.67,7.11,7.67,6.97,0.7,10.043,358556.97,267199.362,6.284,11.8642,2.2,,,1.184,0.518,0.5046,0.0,0.6519,57058.6885,57058.6885,30221.8138,437640.1408,437640.1408,7.67,6.27,1.8209
603313,梦百合,家居用品,江苏,20161013,603313.SH,20250428,6.73,7.1,6.72,6.97,6.71,0.26,3.8748,233637.69,162963.147,4.0947,7.7308,1.69,,,1.0961,0.4707,0.4707,0.0,0.7174,57058.6885,57058.6885,30221.8138,397699.0588,397699.0588,7.38,6.04,1.8209
603313,梦百合,家居用品,江苏,20161013,603313.SH,20250425,6.7,6.8,6.66,6.71,6.74,-0.03,-0.4451,89558.5,60111.296,1.5696,2.7609,0.56,35.9157,,1.0272,0.48,0.4565,0.0,0.7452,57058.6885,57058.6885,32437.569,382863.7998,382863.7998,7.41,6.07,1.8209
603313,梦百合,家居用品,江苏,20161013,603313.SH,20250424,6.71,6.82,6.66,6.74,6.71,0.03,0.4471,127424.4,85825.615,2.2332,3.9283,0.73,36.0763,,1.0318,0.4822,0.4586,0.0,0.7418,57058.6885,57058.6885,32437.569,384575.5605,384575.5605,7.38,6.04,1.8209
603313,梦百合,家居用品,江苏,20161013,603313.SH,20250423,6.95,7.07,6.69,6.71,6.98,-0.27,-3.8682,240745.11,165357.762,4.2193,7.4218,1.42,35.9157,,1.0272,0.48,0.4565,0.0,0.7452,57058.6885,57058.6885,32437.569,382863.7998,382863.7998,7.68,6.28,1.8209
603313,梦百合,家居用品,江苏,20161013,603313.SH,20250422,7.0,7.09,6.88,6.98,7.06,-0.08,-1.1331,122432.9,85137.831,2.1457,3.7744,0.54,37.3609,,1.0686,0.4993,0.4749,0.0,0.7163,57058.6885,57058.6885,32437.569,398269.6457,398269.6457,7.77,6.35,1.8209
603313,梦百合,家居用品,江苏,20161013,603313.SH,20250421,6.87,7.06,6.85,7.06,6.97,0.09,1.2912,110539.03,77233.508,1.9373,3.4077,0.33,37.7891,,1.0808,0.5051,0.4804,0.0,0.7082,57058.6885,57058.6885,32437.569,402834.3408,402834.3408,7.67,6.27,1.8209
603313,梦百合,家居用品,江苏,20161013,603313.SH,20250418,7.14,7.26,6.92,6.97,7.26,-0.29,-3.9945,194939.31,137265.366,3.4165,6.0097,0.45,37.3074,,1.067,0.4986,0.4742,0.0,0.7174,57058.6885,57058.6885,32437.569,397699.0588,397699.0588,7.99,6.53,1.8209
603313,梦百合,家居用品,江苏,20161013,603313.SH,20250417,7.24,7.43,7.05,7.26,7.25,0.01,0.1379,205246.87,149459.334,3.5971,6.3274,0.43,38.8596,,1.1114,0.5194,0.494,0.0,0.6887,57058.6885,57058.6885,32437.569,414246.0785,414246.0785,7.98,6.53,1.8209
603313,梦百合,家居用品,江苏,20161013,603313.SH,20250416,7.35,7.55,7.15,7.25,7.34,-0.09,-1.2262,216240.99,157311.256,3.7898,6.6664,0.4,38.8061,,1.1099,0.5187,0.4933,0.0,0.6897,57058.6885,57058.6885,32437.569,413675.4916,413675.4916,8.07,6.61,1.8209
603313,梦百合,家居用品,江苏,20161013,603313.SH,20250415,7.75,7.75,7.33,7.34,7.85,-0.51,-6.4968,403423.46,300918.378,7.0703,12.4369,0.7,39.2878,,1.1237,0.5251,0.4994,0.0,0.6812,57058.6885,57058.6885,32437.569,418810.7736,418810.7736,8.64,7.07,1.8209
603313,梦百合,家居用品,江苏,20161013,603313.SH,20250414,7.48,8.18,7.39,7.85,7.63,0.22,2.8834,633137.96,491630.495,11.0963,19.5187,1.1,42.0177,,1.2017,0.5616,0.5341,0.0,0.6369,57058.6885,57058.6885,32437.569,447910.7047,447910.7047,8.39,6.87,1.8209
603313,梦百合,家居用品,江苏,20161013,603313.SH,20250411,7.08,7.83,6.96,7.63,7.12,0.51,7.1629,714579.29,544860.238,12.5236,22.0294,1.45,40.8401,,1.1681,0.5458,0.5191,0.0,0.6553,57058.6885,57058.6885,32437.569,435357.7933,435357.7933,7.83,6.41,1.8209
603313,梦百合,家居用品,江苏,20161013,603313.SH,20250410,6.8,7.5,6.8,7.12,7.1,0.02,0.2817,435636.51,311191.553,7.6349,13.43,1.05,38.1103,,1.09,0.5094,0.4844,0.0,0.7022,57058.6885,57058.6885,32437.569,406257.8621,406257.8621,7.81,6.39,1.8209
603313,梦百合,家居用品,江苏,20161013,603313.SH,20250409,7.4,7.4,6.88,7.1,7.47,-0.37,-4.9531,515779.24,368006.391,9.0395,15.9007,1.59,38.0032,,1.0869,0.5079,0.4831,0.0,0.7042,57058.6885,57058.6885,32437.569,405116.6884,405116.6884,8.22,6.72,1.8209
603313,梦百合,家居用品,江苏,20161013,603313.SH,20250408,6.61,7.47,6.58,7.47,6.79,0.68,10.0147,585591.84,409874.815,10.263,18.0529,2.71,39.9837,,1.1436,0.5344,0.5083,0.0,0.6693,57058.6885,57058.6885,32437.569,426228.4031,426228.4031,7.47,6.11,1.8209
603313,梦百合,家居用品,江苏,20161013,603313.SH,20250407,6.99,7.51,6.57,6.79,6.83,-0.04,-0.5857,627366.75,441595.065,10.9951,19.3407,6.32,36.3439,,1.0395,0.4857,0.462,0.0,0.7364,57058.6885,57058.6885,32437.569,387428.4949,387428.4949,7.51,6.15,1.8209
603313,梦百合,家居用品,江苏,20161013,603313.SH,20250403,6.3,6.83,6.3,6.83,6.21,0.62,9.9839,302931.46,205410.217,5.3091,9.3389,6.21,36.558,,1.0456,0.4886,0.4647,0.0,0.7321,57058.6885,57058.6885,32437.569,389710.8425,389710.8425,6.83,5.59,1.8209
603313,梦百合,家居用品,江苏,20161013,603313.SH,20250402,6.2,6.29,6.14,6.21,6.2,0.01,0.1613,50738.99,31609.307,0.8892,1.5642,1.0,33.2394,,0.9507,0.4443,0.4225,0.0,0.8052,57058.6885,57058.6885,32437.569,354334.4556,354334.4556,6.82,5.58,1.8209
603313,梦百合,家居用品,江苏,20161013,603313.SH,20250401,6.11,6.24,6.11,6.2,6.09,0.11,1.8062,51875.3,32094.931,0.9092,1.5992,0.97,33.1859,,0.9491,0.4435,0.4218,0.0,0.8065,57058.6885,57058.6885,32437.569,353763.8687,353763.8687,6.7,5.48,1.8209
603313,梦百合,家居用品,江苏,20161013,603313.SH,20250331,6.17,6.18,6.07,6.09,6.19,-0.1,-1.6155,46571.6,28468.795,0.8162,1.4357,0.75,32.5971,,0.9323,0.4357,0.4144,0.0,0.821,57058.6885,57058.6885,32437.569,347487.413,347487.413,6.81,5.57,1.8209
603313,梦百合,家居用品,江苏,20161013,603313.SH,20250328,6.25,6.28,6.17,6.19,6.26,-0.07,-1.1182,43983.91,27325.69,0.7709,1.356,0.7,33.1324,,0.9476,0.4428,0.4212,0.0,0.8078,57058.6885,57058.6885,32437.569,353193.2818,353193.2818,6.89,5.63,1.8209
603313,梦百合,家居用品,江苏,20161013,603313.SH,20250327,6.27,6.35,6.15,6.26,6.29,-0.03,-0.4769,50910.34,31861.063,0.8922,1.5695,0.81,33.5071,,0.9583,0.4478,0.4259,0.0,0.7987,57058.6885,57058.6885,32437.569,357187.39,357187.39,6.92,5.66,1.8209
603313,梦百合,家居用品,江苏,20161013,603313.SH,20250326,6.21,6.33,6.16,6.29,6.19,0.1,1.6155,59634.33,37426.775,1.0451,1.8384,0.92,33.6677,,0.9629,0.45,0.428,0.0,0.7949,57058.6885,57058.6885,32437.569,358899.1507,358899.1507,6.81,5.57,1.8209
603313,梦百合,家居用品,江苏,20161013,603313.SH,20250325,6.11,6.24,6.11,6.19,6.23,-0.04,-0.6421,65201.75,40260.009,1.1427,2.0101,1.03,33.1324,,0.9476,0.4428,0.4212,0.0,0.8078,57058.6885,57058.6885,32437.569,353193.2818,353193.2818,6.85,5.61,1.8209
603313,梦百合,家居用品,江苏,20161013,603313.SH,20250324,6.38,6.45,6.16,6.23,6.36,-0.13,-2.044,91826.25,57559.486,1.6093,2.8309,1.59,33.3465,,0.9537,0.4457,0.4239,0.0,0.8026,57058.6885,57058.6885,32437.569,355475.6294,355475.6294,7.0,5.72,1.8209
603313,梦百合,家居用品,江苏,20161013,603313.SH,20250321,6.44,6.45,6.33,6.36,6.42,-0.06,-0.9346,48251.96,30817.484,0.8457,1.4875,0.69,34.0423,,0.9736,0.455,0.4327,0.0,0.7862,57058.6885,57058.6885,32437.569,362893.2589,362893.2589,7.06,5.78,1.8209
603313,梦百合,家居用品,江苏,20161013,603313.SH,20250320,6.48,6.52,6.4,6.42,6.52,-0.1,-1.5337,49095.6,31707.07,0.8604,1.5135,0.58,34.3635,,0.9828,0.4593,0.4368,0.0,0.7788,57058.6885,57058.6885,32437.569,366316.7802,366316.7802,7.17,5.87,1.8209
603313,梦百合,家居用品,江苏,20161013,603313.SH,20250319,6.46,6.62,6.42,6.52,6.49,0.03,0.4622,69937.46,45560.304,1.2257,2.1561,0.83,34.8987,,0.9981,0.4664,0.4436,0.0,0.7669,57058.6885,57058.6885,32437.569,372022.649,372022.649,7.14,5.84,1.8209
603313,梦百合,家居用品,江苏,20161013,603313.SH,20250318,6.52,6.52,6.41,6.49,6.48,0.01,0.1543,58197.53,37615.926,1.02,1.7941,0.7,34.7382,,0.9935,0.4643,0.4416,0.0,0.7704,57058.6885,57058.6885,32437.569,370310.8884,370310.8884,7.13,5.83,1.8209
603313,梦百合,家居用品,江苏,20161013,603313.SH,20250317,6.49,6.51,6.41,6.48,6.43,0.05,0.7776,63530.02,41084.036,1.1134,1.9585,0.75,34.6846,,0.992,0.4636,0.4409,0.0,0.7716,57058.6885,57058.6885,32437.569,369740.3015,369740.3015,7.07,5.79,1.8209
603313,梦百合,家居用品,江苏,20161013,603313.SH,20250314,6.25,6.43,6.21,6.43,6.25,0.18,2.88,107829.65,68505.538,1.8898,3.3242,1.5,34.417,,0.9844,0.46,0.4375,0.0,0.7776,57058.6885,57058.6885,32437.569,366887.3671,366887.3671,6.88,5.63,1.8209
603313,梦百合,家居用品,江苏,20161013,603313.SH,20250313,6.3,6.56,6.21,6.25,6.27,-0.02,-0.319,122323.25,77704.417,2.1438,3.771,2.01,33.4536,,0.9568,0.4471,0.4252,0.0,0.8,57058.6885,57058.6885,32437.569,356616.8031,356616.8031,6.9,5.64,1.8209
603313,梦百合,家居用品,江苏,20161013,603313.SH,20250312,6.35,6.37,6.24,6.27,6.32,-0.05,-0.7911,67531.0,42354.899,1.1835,2.0819,1.16,33.5606,,0.9599,0.4485,0.4266,0.0,0.7974,57058.6885,57058.6885,32437.569,357757.9769,357757.9769,6.95,5.69,1.8209
603313,梦百合,家居用品,江苏,20161013,603313.SH,20250311,6.21,6.34,6.15,6.32,6.27,0.05,0.7974,52725.7,32904.067,0.9241,1.6255,0.82,33.8282,,0.9675,0.4521,0.43,0.0,0.7911,57058.6885,57058.6885,32437.569,360610.9113,360610.9113,6.9,5.64,1.8209
603313,梦百合,家居用品,江苏,20161013,603313.SH,20250310,6.18,6.45,6.18,6.27,6.21,0.06,0.9662,74145.58,46696.342,1.2995,2.2858,1.27,33.5606,,0.9599,0.4485,0.4266,0.0,0.7974,57058.6885,57058.6885,32437.569,357757.9769,357757.9769,6.83,5.59,1.8209
603313,梦百合,家居用品,江苏,20161013,603313.SH,20250307,6.25,6.28,6.19,6.21,6.26,-0.05,-0.7987,42782.42,26654.396,0.7498,1.3189,0.63,33.2394,,0.9507,0.4443,0.4225,0.0,0.8052,57058.6885,57058.6885,32437.569,354334.4556,354334.4556,6.89,5.63,1.8209
603313,梦百合,家居用品,江苏,20161013,603313.SH,20250306,6.21,6.27,6.15,6.26,6.18,0.08,1.2945,67100.88,41716.07,1.176,2.0686,0.99,33.5071,,0.9583,0.4478,0.4259,0.0,0.7987,57058.6885,57058.6885,32437.569,357187.39,357187.39,6.8,5.56,1.8209
603313,梦百合,家居用品,江苏,20161013,603313.SH,20250305,6.23,6.23,6.1,6.18,6.21,-0.03,-0.4831,53731.8,33046.342,0.9417,1.6565,0.73,33.0789,,0.9461,0.4421,0.4205,0.0,0.8091,57058.6885,57058.6885,32437.569,352622.6949,352622.6949,6.83,5.59,1.8209
603313,梦百合,家居用品,江苏,20161013,603313.SH,20250304,6.24,6.3,6.19,6.21,6.3,-0.09,-1.4286,81935.47,51047.352,1.436,2.5259,1.18,33.2394,,0.9507,0.4443,0.4225,0.0,0.8052,57058.6885,57058.6885,32437.569,354334.4556,354334.4556,6.93,5.67,1.8209
603313,梦百合,家居用品,江苏,20161013,603313.SH,20250303,6.31,6.36,6.22,6.3,6.28,0.02,0.3185,46790.7,29564.817,0.82,1.4425,0.65,33.7212,,0.9645,0.4507,0.4286,0.0,0.7937,57058.6885,57058.6885,32437.569,359469.7376,359469.7376,6.91,5.65,1.8209
603313,梦百合,家居用品,江苏,20161013,603313.SH,20250228,6.48,6.52,6.28,6.28,6.52,-0.24,-3.681,88832.16,56657.745,1.5569,2.7386,1.25,33.6141,,0.9614,0.4493,0.4273,0.0,0.7962,57058.6885,57058.6885,32437.569,358328.5638,358328.5638,7.17,5.87,1.8209
603313,梦百合,家居用品,江苏,20161013,603313.SH,20250227,6.44,6.53,6.38,6.52,6.45,0.07,1.0853,69069.99,44618.282,1.2105,2.1293,0.82,34.8987,,0.9981,0.4664,0.4436,0.0,0.7669,57058.6885,57058.6885,32437.569,372022.649,372022.649,7.1,5.81,1.8209
603313,梦百合,家居用品,江苏,20161013,603313.SH,20250226,6.45,6.56,6.42,6.45,6.45,0.0,0.0,83836.37,54181.956,1.4693,2.5845,1.05,34.5241,,0.9874,0.4614,0.4389,0.0,0.7752,57058.6885,57058.6885,32437.569,368028.5408,368028.5408,7.1,5.81,1.8209
603313,梦百合,家居用品,江苏,20161013,603313.SH,20250225,6.56,6.58,6.43,6.45,6.6,-0.15,-2.2727,60001.7,38950.718,1.0516,1.8498,0.72,34.5241,,0.9874,0.4614,0.4389,0.0,0.7752,57058.6885,57058.6885,32437.569,368028.5408,368028.5408,7.26,5.94,1.8209
603313,梦百合,家居用品,江苏,20161013,603313.SH,20250224,6.56,6.7,6.52,6.6,6.59,0.01,0.1517,60293.98,39821.33,1.0567,1.8588,0.73,35.3269,,1.0104,0.4722,0.4491,0.0,0.7576,57058.6885,57058.6885,32437.569,376587.3441,376587.3441,7.25,5.93,1.8209
603313,梦百合,家居用品,江苏,20161013,603313.SH,20250221,6.67,6.74,6.56,6.59,6.72,-0.13,-1.9345,83101.79,54915.261,1.4564,2.5619,1.04,35.2734,,1.0089,0.4714,0.4484,0.0,0.7587,57058.6885,57058.6885,32437.569,376016.7572,376016.7572,7.39,6.05,1.8209
603313,梦百合,家居用品,江苏,20161013,603313.SH,20250220,6.46,6.75,6.36,6.72,6.45,0.27,4.186,135580.72,89380.271,2.3762,4.1797,1.98,35.9693,,1.0288,0.4807,0.4572,0.0,0.744,57058.6885,57058.6885,32437.569,383434.3867,383434.3867,7.1,5.81,1.8209
603313,梦百合,家居用品,江苏,20161013,603313.SH,20250219,6.44,6.56,6.37,6.45,6.45,0.0,0.0,60862.54,39214.106,1.0667,1.8763,0.89,34.5241,,0.9874,0.4614,0.4389,0.0,0.7752,57058.6885,57058.6885,32437.569,368028.5408,368028.5408,7.1,5.81,1.8209
603313,梦百合,家居用品,江苏,20161013,603313.SH,20250218,6.63,6.7,6.44,6.45,6.67,-0.22,-3.2984,74396.79,48775.306,1.3039,2.2935,1.13,34.5241,,0.9874,0.4614,0.4389,0.0,0.7752,57058.6885,57058.6885,32437.569,368028.5408,368028.5408,7.34,6.0,1.8209
603313,梦百合,家居用品,江苏,20161013,603313.SH,20250217,6.6,6.68,6.55,6.67,6.6,0.07,1.0606,60645.17,40243.669,1.0629,1.8696,0.9,35.7016,,1.0211,0.4772,0.4538,0.0,0.7496,57058.6885,57058.6885,32437.569,380581.4523,380581.4523,7.26,5.94,1.8209
603313,梦百合,家居用品,江苏,20161013,603313.SH,20250214,6.65,6.66,6.53,6.6,6.63,-0.03,-0.4525,69240.27,45570.623,1.2135,2.1346,1.02,35.3269,,1.0104,0.4722,0.4491,0.0,0.7576,57058.6885,57058.6885,32437.569,376587.3441,376587.3441,7.29,5.97,1.8209
603313,梦百合,家居用品,江苏,20161013,603313.SH,20250213,6.63,6.76,6.59,6.63,6.63,0.0,0.0,76406.0,50960.742,1.3391,2.3555,1.2,35.4875,,1.015,0.4743,0.4511,0.0,0.7541,57058.6885,57058.6885,32437.569,378299.1048,378299.1048,7.29,5.97,1.8209
603313,梦百合,家居用品,江苏,20161013,603313.SH,20250212,6.62,6.65,6.51,6.63,6.63,0.0,0.0,62005.7,40803.738,1.0867,1.9115,1.03,35.4875,,1.015,0.4743,0.4511,0.0,0.7541,57058.6885,57058.6885,32437.569,378299.1048,378299.1048,7.29,5.97,1.8209
603313,梦百合,家居用品,江苏,20161013,603313.SH,20250211,6.73,6.78,6.6,6.63,6.71,-0.08,-1.1923,60357.33,40121.663,1.0578,1.8607,0.99,35.4875,,1.015,0.4743,0.4511,0.0,0.7541,57058.6885,57058.6885,32437.569,378299.1048,378299.1048,7.38,6.04,1.8209
603313,梦百合,家居用品,江苏,20161013,603313.SH,20250210,6.69,6.73,6.6,6.71,6.7,0.01,0.1493,67707.71,45225.122,1.1866,2.0873,1.09,35.9157,,1.0272,0.48,0.4565,0.0,0.7452,57058.6885,57058.6885,32437.569,382863.7998,382863.7998,7.37,6.03,1.8209
603313,梦百合,家居用品,江苏,20161013,603313.SH,20250207,6.69,6.75,6.6,6.7,6.7,0.0,0.0,73246.12,49020.941,1.2837,2.2581,1.33,35.8622,,1.0257,0.4793,0.4559,0.0,0.7463,57058.6885,57058.6885,32437.569,382293.213,382293.213,7.37,6.03,1.8209
603313,梦百合,家居用品,江苏,20161013,603313.SH,20250206,6.57,6.71,6.55,6.7,6.55,0.15,2.2901,55843.38,37126.71,0.9787,1.7216,1.06,35.8622,,1.0257,0.4793,0.4559,0.0,0.7463,57058.6885,57058.6885,32437.569,382293.213,382293.213,7.21,5.9,1.8209
603313,梦百合,家居用品,江苏,20161013,603313.SH,20250205,6.66,6.68,6.49,6.55,6.66,-0.11,-1.6517,44099.3,28914.453,0.7729,1.3595,0.86,35.0593,,1.0027,0.4686,0.4457,0.0,0.7634,57058.6885,57058.6885,32437.569,373734.4097,373734.4097,7.33,5.99,1.8209
603313,梦百合,家居用品,江苏,20161013,603313.SH,20250127,6.8,6.84,6.65,6.66,6.85,-0.19,-2.7737,63790.8,42797.147,1.118,1.9666,1.37,35.6481,,1.0196,0.4764,0.4531,0.0,0.7508,57058.6885,57058.6885,32437.569,380010.8654,380010.8654,7.54,6.17,1.8209
603313,梦百合,家居用品,江苏,20161013,603313.SH,20250124,6.6,6.86,6.56,6.85,6.6,0.25,3.7879,74892.58,50436.27,1.3126,2.3088,1.93,36.6651,,1.0487,0.49,0.4661,0.0,0.7299,57058.6885,57058.6885,32437.569,390852.0162,390852.0162,7.26,5.94,1.8209
603313,梦百合,家居用品,江苏,20161013,603313.SH,20250123,6.66,6.74,6.59,6.6,6.63,-0.03,-0.4525,37033.0,24687.989,0.649,1.1417,0.79,35.3269,,1.0104,0.4722,0.4491,0.0,0.7576,57058.6885,57058.6885,32437.569,376587.3441,376587.3441,7.29,5.97,1.8209
603313,梦百合,家居用品,江苏,20161013,603313.SH,20250122,6.73,6.73,6.58,6.63,6.74,-0.11,-1.632,43379.77,28741.839,0.7603,1.3373,0.92,35.4875,,1.015,0.4743,0.4511,0.0,0.7541,57058.6885,57058.6885,32437.569,378299.1048,378299.1048,7.41,6.07,1.8209
603313,梦百合,家居用品,江苏,20161013,603313.SH,20250121,6.74,6.79,6.65,6.74,6.69,0.05,0.7474,38585.47,25970.833,0.6762,1.1895,0.74,36.0763,,1.0318,0.4822,0.4586,0.0,0.7418,57058.6885,57058.6885,32437.569,384575.5605,384575.5605,7.36,6.02,1.8209
603313,梦百合,家居用品,江苏,20161013,603313.SH,20250120,6.6,6.71,6.51,6.69,6.61,0.08,1.2103,39382.25,26240.641,0.6902,1.2141,0.79,35.8087,,1.0242,0.4786,0.4552,0.0,0.7474,57058.6885,57058.6885,32437.569,381722.6261,381722.6261,7.27,5.95,1.8209
603313,梦百合,家居用品,江苏,20161013,603313.SH,20250117,6.63,6.68,6.55,6.61,6.62,-0.01,-0.1511,35251.0,23338.323,0.6178,1.0867,0.66,35.3805,,1.0119,0.4729,0.4497,0.0,0.7564,57058.6885,57058.6885,32437.569,377157.931,377157.931,7.28,5.96,1.8209
603313,梦百合,家居用品,江苏,20161013,603313.SH,20250116,6.52,6.78,6.5,6.62,6.48,0.14,2.1605,76475.28,50751.277,1.3403,2.3576,1.65,35.434,,1.0134,0.4736,0.4504,0.0,0.7553,57058.6885,57058.6885,32437.569,377728.5179,377728.5179,7.13,5.83,1.8209
603313,梦百合,家居用品,江苏,20161013,603313.SH,20250115,6.51,6.58,6.46,6.48,6.55,-0.07,-1.0687,46127.2,30012.151,0.8084,1.422,0.88,34.6846,,0.992,0.4636,0.4409,0.0,0.7716,57058.6885,57058.6885,32437.569,369740.3015,369740.3015,7.21,5.9,1.8209
603313,梦百合,家居用品,江苏,20161013,603313.SH,20250114,6.41,6.56,6.41,6.55,6.4,0.15,2.3438,63196.7,41038.75,1.1076,1.9483,1.21,35.0593,,1.0027,0.4686,0.4457,0.0,0.7634,57058.6885,57058.6885,32437.569,373734.4097,373734.4097,7.04,5.76,1.8209
603313,梦百合,家居用品,江苏,20161013,603313.SH,20250113,6.3,6.4,6.17,6.4,6.32,0.08,1.2658,29461.2,18663.946,0.5163,0.9082,0.46,34.2564,,0.9798,0.4578,0.4355,0.0,0.7813,57058.6885,57058.6885,32437.569,365175.6064,365175.6064,6.95,5.69,1.8209
603313,梦百合,家居用品,江苏,20161013,603313.SH,20250110,6.6,6.6,6.31,6.32,6.55,-0.23,-3.5115,52008.02,33551.421,0.9115,1.6033,0.75,33.8282,,0.9675,0.4521,0.43,0.0,0.7911,57058.6885,57058.6885,32437.569,360610.9113,360610.9113,7.21,5.9,1.8209
603313,梦百合,家居用品,江苏,20161013,603313.SH,20250109,6.5,6.58,6.41,6.55,6.5,0.05,0.7692,41286.3,26916.441,0.7236,1.2728,0.51,35.0593,,1.0027,0.4686,0.4457,0.0,0.7634,57058.6885,57058.6885,32437.569,373734.4097,373734.4097,7.15,5.85,1.8209
603313,梦百合,家居用品,江苏,20161013,603313.SH,20250108,6.57,6.66,6.41,6.55,6.57,-0.02,-0.3044,75717.6,49427.607,1.327,2.3343,0.9,35.0593,,0.9951,0.4686,0.4457,0.0,,57058.6885,57058.6885,32437.569,373734.4097,373734.4097,7.23,5.91,1.807
603313,梦百合,家居用品,江苏,20161013,603313.SH,20250107,6.5,6.65,6.46,6.57,6.51,0.06,0.9217,62872.19,41193.1,1.1019,1.9383,0.75,35.1664,,0.9982,0.47,0.447,0.0,,57058.6885,57058.6885,32437.569,374875.5834,374875.5834,7.16,5.86,1.807
603313,梦百合,家居用品,江苏,20161013,603313.SH,20250106,6.61,6.66,6.31,6.51,6.68,-0.17,-2.5449,86669.49,56203.443,1.519,2.6719,1.0,34.8452,,0.989,0.4657,0.4429,0.0,,57058.6885,57058.6885,32437.569,371452.0621,371452.0621,7.35,6.01,1.807
603313,梦百合,家居用品,江苏,20161013,603313.SH,20250103,6.91,7.05,6.64,6.68,6.93,-0.25,-3.6075,79654.7,54371.897,1.396,2.4556,0.89,35.7552,,1.0149,0.4779,0.4545,0.0,,57058.6885,57058.6885,32437.569,381152.0392,381152.0392,7.62,6.24,1.807
603313,梦百合,家居用品,江苏,20161013,603313.SH,20250102,6.75,7.12,6.75,6.93,6.75,0.18,2.6667,101918.78,70673.487,1.7862,3.142,1.13,37.0933,,1.0528,0.4958,0.4715,0.0,,57058.6885,57058.6885,32437.569,395416.7113,395416.7113,7.43,6.08,1.807
603313,梦百合,家居用品,江苏,20161013,603313.SH,20241231,7.0,7.05,6.7,6.75,7.0,-0.25,-3.5714,87456.84,60003.697,1.5328,2.6962,0.98,36.1298,,1.0255,0.4829,0.4593,0.0,,57058.6885,57058.6885,32437.569,385146.1474,385146.1474,7.7,6.3,1.807
603313,梦百合,家居用品,江苏,20161013,603313.SH,20241230,7.14,7.16,6.97,7.0,7.16,-0.16,-2.2346,63862.48,44869.149,1.1192,1.9688,0.66,37.468,,1.0635,0.5008,0.4763,0.0,,57058.6885,57058.6885,32437.569,399410.8195,399410.8195,7.88,6.44,1.807
603313,梦百合,家居用品,江苏,20161013,603313.SH,20241227,6.91,7.19,6.87,7.16,6.9,0.26,3.7681,98741.93,69996.84,1.7305,3.0441,1.04,38.3244,,1.0878,0.5122,0.4872,0.0,,57058.6885,57058.6885,32437.569,408540.2097,408540.2097,7.59,6.21,1.807
603313,梦百合,家居用品,江苏,20161013,603313.SH,20241226,6.89,6.98,6.84,6.9,6.94,-0.04,-0.5764,94804.12,65468.266,1.6615,2.9227,0.91,36.9327,,1.0483,0.4936,0.4695,0.0,,57058.6885,57058.6885,32437.569,393704.9507,393704.9507,7.63,6.25,1.807
603313,梦百合,家居用品,江苏,20161013,603313.SH,20241225,7.22,7.22,6.88,6.94,7.18,-0.24,-3.3426,108007.08,75334.56,1.8929,3.3297,1.06,37.1468,,1.0544,0.4965,0.4722,0.0,,57058.6885,57058.6885,32437.569,395987.2982,395987.2982,7.9,6.46,1.807
603313,梦百合,家居用品,江苏,20161013,603313.SH,20241224,7.14,7.28,7.02,7.18,7.14,0.04,0.5602,78696.8,56289.602,1.3792,2.4261,0.74,38.4314,,1.0908,0.5136,0.4885,0.0,,57058.6885,57058.6885,32437.569,409681.3834,409681.3834,7.85,6.43,1.807
603313,梦百合,家居用品,江苏,20161013,603313.SH,20241223,7.55,7.55,7.11,7.14,7.56,-0.42,-5.5556,102410.4,74420.333,1.7948,3.1572,0.98,38.2173,,1.0847,0.5108,0.4858,0.0,,57058.6885,57058.6885,32437.569,407399.0359,407399.0359,8.32,6.8,1.807
603313,梦百合,家居用品,江苏,20161013,603313.SH,20241220,7.65,7.74,7.54,7.56,7.62,-0.06,-0.7874,91162.39,69705.719,1.5977,2.8104,0.83,40.4654,,1.1486,0.5408,0.5144,0.0,,57058.6885,57058.6885,32437.569,431363.6851,431363.6851,8.38,6.86,1.807
603313,梦百合,家居用品,江苏,20161013,603313.SH,20241219,7.49,7.76,7.43,7.62,7.49,0.13,1.7356,140196.03,106561.01,2.457,4.322,1.05,40.7866,,1.1577,0.5451,0.5185,0.0,,57058.6885,57058.6885,32437.569,434787.2064,434787.2064,8.24,6.74,1.807
603313,梦百合,家居用品,江苏,20161013,603313.SH,20241218,7.41,7.6,7.29,7.49,7.39,0.1,1.3532,97531.0,72798.802,1.7093,3.0067,0.62,40.0907,,1.1379,0.5358,0.5096,0.0,,57058.6885,57058.6885,32437.569,427369.5769,427369.5769,8.13,6.65,1.807
603313,梦百合,家居用品,江苏,20161013,603313.SH,20241217,7.75,7.76,7.38,7.39,7.73,-0.34,-4.3984,100742.3,75543.004,1.7656,3.1057,0.59,39.5555,,1.1227,0.5287,0.5028,0.0,,57058.6885,57058.6885,32437.569,421663.708,421663.708,8.5,6.96,1.807
603313,梦百合,家居用品,江苏,20161013,603313.SH,20241216,7.87,7.92,7.66,7.73,7.87,-0.14,-1.7789,90766.3,70474.1,1.5908,2.7982,0.55,41.3754,,1.1744,0.553,0.5259,0.0,,57058.6885,57058.6885,32437.569,441063.6621,441063.6621,8.66,7.08,1.807
603313,梦百合,家居用品,江苏,20161013,603313.SH,20241213,8.0,8.04,7.82,7.87,8.05,-0.18,-2.236,122600.36,96863.202,2.1487,3.7796,0.78,42.1247,,1.1957,0.563,0.5355,0.0,,57058.6885,57058.6885,32437.569,449051.8785,449051.8785,8.86,7.25,1.807
603313,梦百合,家居用品,江苏,20161013,603313.SH,20241212,7.8,8.19,7.74,8.05,7.86,0.19,2.4173,252918.78,203690.988,4.4326,7.7971,2.08,43.0882,,1.223,0.5759,0.5477,0.0,,57058.6885,57058.6885,32437.569,459322.4424,459322.4424,8.65,7.07,1.807
603313,梦百合,家居用品,江苏,20161013,603313.SH,20241211,7.52,7.97,7.47,7.86,7.46,0.4,5.3619,221157.77,171676.194,3.876,6.818,2.26,42.0712,,1.1941,0.5623,0.5348,0.0,,57058.6885,57058.6885,32437.569,448481.2916,448481.2916,8.21,6.71,1.807
603313,梦百合,家居用品,江苏,20161013,603313.SH,20241210,7.48,7.76,7.37,7.46,7.27,0.19,2.6135,161394.98,122111.019,2.8286,4.9756,1.82,39.9302,,1.1334,0.5337,0.5076,0.0,,57058.6885,57058.6885,32437.569,425657.8162,425657.8162,8.0,6.54,1.807
603313,梦百合,家居用品,江苏,20161013,603313.SH,20241209,7.33,7.43,7.23,7.27,7.33,-0.06,-0.8186,69728.52,50906.261,1.222,2.1496,0.64,38.9132,,1.1045,0.5201,0.4946,0.0,,57058.6885,57058.6885,32437.569,414816.6654,414816.6654,8.06,6.6,1.807
603313,梦百合,家居用品,江苏,20161013,603313.SH,20241206,7.27,7.38,7.21,7.33,7.31,0.02,0.2736,76135.53,55582.416,1.3343,2.3471,0.55,39.2343,,1.1136,0.5244,0.4987,0.0,,57058.6885,57058.6885,32437.569,418240.1867,418240.1867,8.04,6.58,1.807
603313,梦百合,家居用品,江苏,20161013,603313.SH,20241205,7.23,7.32,7.17,7.31,7.27,0.04,0.5502,80105.46,57936.311,1.4039,2.4695,0.55,39.1273,,1.1106,0.5229,0.4974,0.0,,57058.6885,57058.6885,32437.569,417099.0129,417099.0129,8.0,6.54,1.807
603313,梦百合,家居用品,江苏,20161013,603313.SH,20241204,7.45,7.47,7.21,7.27,7.47,-0.2,-2.6774,102340.57,75072.274,1.7936,3.155,0.59,38.9132,,1.1045,0.5201,0.4946,0.0,,57058.6885,57058.6885,32437.569,414816.6654,414816.6654,8.22,6.72,1.807
603313,梦百合,家居用品,江苏,20161013,603313.SH,20241203,7.55,7.65,7.36,7.47,7.53,-0.06,-0.7968,115940.67,86817.134,2.032,3.5743,0.64,39.9837,,1.1349,0.5344,0.5083,0.0,,57058.6885,57058.6885,32437.569,426228.4031,426228.4031,8.28,6.78,1.807
603313,梦百合,家居用品,江苏,20161013,603313.SH,20241202,7.38,7.61,7.31,7.53,7.39,0.14,1.8945,168245.53,125910.501,2.9486,5.1867,1.02,40.3048,,1.144,0.5387,0.5123,0.0,,57058.6885,57058.6885,32437.569,429651.9244,429651.9244,8.13,6.65,1.807
603313,梦百合,家居用品,江苏,20161013,603313.SH,20241129,7.12,7.54,7.12,7.39,7.12,0.27,3.7921,231730.23,171283.495,4.0613,7.1439,1.61,39.5555,,1.1227,0.5287,0.5028,0.0,,57058.6885,57058.6885,32437.569,421663.708,421663.708,7.83,6.41,1.807
603313,梦百合,家居用品,江苏,20161013,603313.SH,20241128,7.25,7.25,7.09,7.12,7.27,-0.15,-2.0633,113408.71,81215.957,1.9876,3.4962,0.81,38.1103,,1.0817,0.5094,0.4844,0.0,,57058.6885,57058.6885,32437.569,406257.8621,406257.8621,8.0,6.54,1.807
603313,梦百合,家居用品,江苏,20161013,603313.SH,20241127,7.11,7.32,6.99,7.27,7.04,0.23,3.267,239845.66,171802.559,4.2035,7.3941,2.22,38.9132,,1.1045,0.5201,0.4946,0.0,,57058.6885,57058.6885,32437.569,414816.6654,414816.6654,7.74,6.34,1.807
603313,梦百合,家居用品,江苏,20161013,603313.SH,20241126,6.81,7.2,6.78,7.04,6.81,0.23,3.3774,156072.79,109077.479,2.7353,4.8115,1.64,37.6821,,1.0696,0.5036,0.479,0.0,,57058.6885,57058.6885,32437.569,401693.167,401693.167,7.49,6.13,1.807
603313,梦百合,家居用品,江苏,20161013,603313.SH,20241125,6.7,6.88,6.64,6.81,6.75,0.06,0.8889,80859.91,54703.991,1.4171,2.4928,0.82,36.451,,1.0346,0.4872,0.4633,0.0,,57058.6885,57058.6885,32437.569,388569.6687,388569.6687,7.43,6.08,1.807
603313,梦百合,家居用品,江苏,20161013,603313.SH,20241122,6.99,7.08,6.75,6.75,6.99,-0.24,-3.4335,129132.29,89041.76,2.2631,3.9809,1.31,36.1298,,1.0255,0.4829,0.4593,0.0,,57058.6885,57058.6885,32437.569,385146.1474,385146.1474,7.69,6.29,1.807
603313,梦百合,家居用品,江苏,20161013,603313.SH,20241121,7.06,7.12,6.86,6.99,7.07,-0.08,-1.1315,93172.8,65027.611,1.6329,2.8724,0.95,37.4145,,1.062,0.5001,0.4756,0.0,,57058.6885,57058.6885,32437.569,398840.2326,398840.2326,7.78,6.36,1.807
603313,梦百合,家居用品,江苏,20161013,603313.SH,20241120,7.01,7.1,6.92,7.07,7.02,0.05,0.7123,81641.04,57356.705,1.4308,2.5169,0.82,37.8427,,1.0741,0.5058,0.481,0.0,,57058.6885,57058.6885,32437.569,403404.9277,403404.9277,7.72,6.32,1.807
603313,梦百合,家居用品,江苏,20161013,603313.SH,20241119,6.91,7.02,6.81,7.02,6.95,0.07,1.0072,90774.22,62907.913,1.5909,2.7984,0.84,37.575,,1.0665,0.5022,0.4776,0.0,,57058.6885,57058.6885,32437.569,400551.9933,400551.9933,7.65,6.26,1.807
603313,梦百合,家居用品,江苏,20161013,603313.SH,20241118,7.06,7.13,6.86,6.95,7.03,-0.08,-1.138,97578.97,67802.753,1.7102,3.0082,0.82,37.2003,,1.0559,0.4972,0.4729,0.0,,57058.6885,57058.6885,32437.569,396557.8851,396557.8851,7.73,6.33,1.807
603313,梦百合,家居用品,江苏,20161013,603313.SH,20241115,6.9,7.28,6.87,7.03,6.95,0.08,1.1511,128954.97,91125.008,2.26,3.9755,0.97,37.6286,,1.068,0.5029,0.4783,0.0,,57058.6885,57058.6885,32437.569,401122.5802,401122.5802,7.65,6.26,1.807
603313,梦百合,家居用品,江苏,20161013,603313.SH,20241114,7.15,7.2,6.94,6.95,7.15,-0.2,-2.7972,89127.96,62847.199,1.562,2.7477,0.52,37.2003,,1.0559,0.4972,0.4729,0.0,,57058.6885,57058.6885,32437.569,396557.8851,396557.8851,7.87,6.44,1.807
603313,梦百合,家居用品,江苏,20161013,603313.SH,20241113,7.23,7.28,7.01,7.15,7.24,-0.09,-1.2431,89224.0,63483.039,1.5637,2.7506,0.38,38.2709,,1.0863,0.5115,0.4865,0.0,,57058.6885,57058.6885,32437.569,407969.6228,407969.6228,7.96,6.52,1.807
603313,梦百合,家居用品,江苏,20161013,603313.SH,20241112,7.36,7.45,7.17,7.24,7.34,-0.1,-1.3624,137886.84,101030.092,2.4166,4.2508,0.6,38.7526,,1.0999,0.5179,0.4926,0.0,,57058.6885,57058.6885,32437.569,413104.9047,413104.9047,8.07,6.61,1.807
603313,梦百合,家居用品,江苏,20161013,603313.SH,20241111,7.23,7.4,7.2,7.34,7.33,0.01,0.1364,149752.75,109430.086,2.6245,4.6166,0.71,39.2878,,1.1151,0.5251,0.4994,0.0,,57058.6885,57058.6885,32437.569,418810.7736,418810.7736,8.06,6.6,1.807
603313,梦百合,家居用品,江苏,20161013,603313.SH,20241108,7.43,7.48,7.17,7.33,7.43,-0.1,-1.3459,201090.35,146829.88,3.5243,6.1993,1.05,39.2343,,1.1136,0.5244,0.4987,0.0,,57058.6885,57058.6885,32437.569,418240.1867,418240.1867,8.17,6.69,1.807
603313,梦百合,家居用品,江苏,20161013,603313.SH,20241107,7.22,7.66,7.14,7.43,7.21,0.22,3.0513,271711.86,201385.303,4.762,8.3765,1.57,39.7696,,1.1288,0.5315,0.5055,0.0,,57058.6885,57058.6885,32437.569,423946.0556,423946.0556,7.93,6.49,1.807
603313,梦百合,家居用品,江苏,20161013,603313.SH,20241106,7.2,7.58,6.93,7.21,6.89,0.32,4.6444,424202.74,304568.664,7.4345,13.0775,4.19,38.592,,1.0954,0.5158,0.4906,0.0,,57058.6885,57058.6885,32437.569,411393.1441,411393.1441,7.58,6.2,1.807
603313,梦百合,家居用品,江苏,20161013,603313.SH,20241105,6.29,6.89,6.26,6.89,6.26,0.63,10.0639,104032.11,69401.635,1.8232,3.2071,1.04,36.8792,,1.0468,0.4929,0.4688,0.0,,57058.6885,57058.6885,32437.569,393134.3638,393134.3638,6.89,5.63,1.807
603313,梦百合,家居用品,江苏,20161013,603313.SH,20241104,6.17,6.26,6.1,6.26,6.17,0.09,1.4587,55902.05,34641.614,0.9797,1.7234,0.52,33.5071,,0.9511,0.4478,0.4259,0.0,,57058.6885,57058.6885,32437.569,357187.39,357187.39,6.79,5.55,1.807
603313,梦百合,家居用品,江苏,20161013,603313.SH,20241101,6.34,6.39,6.14,6.17,6.35,-0.18,-2.8346,105409.43,65642.045,1.8474,3.2496,1.05,33.0253,,0.9374,0.4414,0.4198,0.0,,57058.6885,57058.6885,32437.569,352052.108,352052.108,6.99,5.72,1.807
603313,梦百合,家居用品,江苏,20161013,603313.SH,20241031,6.34,6.47,6.2,6.35,6.55,-0.2,-3.0534,177660.02,112043.004,3.1136,5.477,2.23,33.9888,,0.9647,0.4543,0.432,0.0,,57058.6885,57058.6885,32437.569,362322.672,362322.672,7.21,5.9,1.807
603313,梦百合,家居用品,江苏,20161013,603313.SH,20241030,6.59,6.67,6.46,6.55,6.59,-0.04,-0.607,63406.43,41609.656,1.1112,1.9547,0.65,35.0593,60.6946,0.9581,0.4686,0.4491,0.0,,57058.6885,57058.6885,32437.569,373734.4097,373734.4097,7.25,5.93,1.807
603313,梦百合,家居用品,江苏,20161013,603313.SH,20241029,6.89,6.9,6.58,6.59,6.87,-0.28,-4.0757,95937.32,64196.755,1.6814,2.9576,0.93,35.2734,61.0653,0.9639,0.4714,0.4518,0.0,,57058.6885,57058.6885,32437.569,376016.7572,376016.7572,7.56,6.18,1.807
603313,梦百合,家居用品,江苏,20161013,603313.SH,20241028,6.77,6.9,6.77,6.87,6.77,0.1,1.4771,91654.75,62785.344,1.6063,2.8256,0.9,36.7721,63.6599,1.0049,0.4915,0.471,0.0,,57058.6885,57058.6885,32437.569,391993.19,391993.19,7.45,6.09,1.807
603313,梦百合,家居用品,江苏,20161013,603313.SH,20241025,6.63,6.84,6.6,6.77,6.64,0.13,1.9578,73706.2,49698.759,1.2918,2.2722,0.67,36.2369,62.7332,0.9902,0.4843,0.4642,0.0,,57058.6885,57058.6885,32437.569,386287.3211,386287.3211,7.3,5.98,1.807
603313,梦百合,家居用品,江苏,20161013,603313.SH,20241024,6.68,6.78,6.6,6.64,6.77,-0.13,-1.9202,72919.58,48540.208,1.278,2.248,0.67,35.5411,61.5286,0.9712,0.475,0.4553,0.0,,57058.6885,57058.6885,32437.569,378869.6916,378869.6916,7.45,6.09,1.807
603313,梦百合,家居用品,江苏,20161013,603313.SH,20241023,6.8,7.0,6.72,6.77,6.72,0.05,0.744,151195.96,103554.753,2.6498,4.6611,1.61,36.2369,62.7332,0.9902,0.4843,0.4642,0.0,,57058.6885,57058.6885,32437.569,386287.3211,386287.3211,7.39,6.05,1.807
603313,梦百合,家居用品,江苏,20161013,603313.SH,20241022,6.48,6.82,6.45,6.72,6.46,0.26,4.0248,127535.95,84712.338,2.2352,3.9317,1.54,35.9693,62.2699,0.9829,0.4807,0.4607,0.0,,57058.6885,57058.6885,32437.569,383434.3867,383434.3867,7.11,5.81,1.807
603313,梦百合,家居用品,江苏,20161013,603313.SH,20241021,6.44,6.51,6.3,6.46,6.42,0.04,0.6231,85850.84,55107.935,1.5046,2.6466,1.05,34.5776,59.8606,0.9449,0.4621,0.4429,0.0,,57058.6885,57058.6885,32437.569,368599.1277,368599.1277,7.06,5.78,1.807
603313,梦百合,家居用品,江苏,20161013,603313.SH,20241018,6.23,6.51,6.2,6.42,6.21,0.21,3.3816,108803.29,69331.219,1.9069,3.3542,1.4,34.3635,59.49,0.939,0.4593,0.4402,0.0,,57058.6885,57058.6885,32437.569,366316.7802,366316.7802,6.83,5.59,1.807
603313,梦百合,家居用品,江苏,20161013,603313.SH,20241017,6.42,6.47,6.21,6.21,6.42,-0.21,-3.271,74498.47,47181.498,1.3056,2.2967,0.88,33.2394,57.5441,0.9083,0.4443,0.4258,0.0,,57058.6885,57058.6885,32437.569,354334.4556,354334.4556,7.06,5.78,1.807
603313,梦百合,家居用品,江苏,20161013,603313.SH,20241016,6.33,6.52,6.3,6.42,6.37,0.05,0.7849,72833.42,46713.793,1.2765,2.2453,0.71,34.3635,59.49,0.939,0.4593,0.4402,0.0,,57058.6885,57058.6885,32437.569,366316.7802,366316.7802,7.01,5.73,1.807
603313,梦百合,家居用品,江苏,20161013,603313.SH,20241015,6.6,6.6,6.37,6.37,6.6,-0.23,-3.4848,73290.3,47439.521,1.2845,2.2594,0.5,34.0959,59.0267,0.9317,0.4557,0.4368,0.0,,57058.6885,57058.6885,32437.569,363463.8457,363463.8457,7.26,5.94,1.807
603313,梦百合,家居用品,江苏,20161013,603313.SH,20241014,6.46,6.68,6.37,6.6,6.46,0.14,2.1672,80072.84,52347.299,1.4033,2.4685,0.46,35.3269,61.1579,0.9654,0.4722,0.4525,0.0,,57058.6885,57058.6885,32437.569,376587.3441,376587.3441,7.11,5.81,1.807
603313,梦百合,家居用品,江苏,20161013,603313.SH,20241011,6.74,6.77,6.43,6.46,6.75,-0.29,-4.2963,89143.74,58345.458,1.5623,2.7482,0.52,34.5776,59.8606,0.9449,0.4621,0.4429,0.0,,57058.6885,57058.6885,32437.569,368599.1277,368599.1277,7.43,6.08,1.807
603313,梦百合,家居用品,江苏,20161013,603313.SH,20241010,6.94,7.0,6.71,6.75,6.77,-0.02,-0.2954,106934.95,73160.444,1.8741,3.2966,0.64,36.1298,62.5479,0.9873,0.4829,0.4628,0.0,,57058.6885,57058.6885,32437.569,385146.1474,385146.1474,7.45,6.09,1.807
603313,梦百合,家居用品,江苏,20161013,603313.SH,20241009,7.24,7.24,6.7,6.77,7.34,-0.57,-7.7657,165036.32,114511.319,2.8924,5.0878,1.13,36.2369,62.7332,0.9902,0.4843,0.4642,0.0,,57058.6885,57058.6885,32437.569,386287.3211,386287.3211,8.07,6.61,1.807
603313,梦百合,家居用品,江苏,20161013,603313.SH,20241008,7.79,7.79,7.1,7.34,7.08,0.26,3.6723,284916.23,211754.637,4.9934,8.7835,2.73,39.2878,68.015,1.0736,0.5251,0.5033,0.0,,57058.6885,57058.6885,32437.569,418810.7736,418810.7736,7.79,6.37,1.807
603313,梦百合,家居用品,江苏,20161013,603313.SH,20240930,6.7,7.13,6.5,7.08,6.49,0.59,9.0909,218863.12,149789.104,3.8358,6.7472,2.88,37.8962,65.6058,1.0356,0.5065,0.4854,0.0,,57058.6885,57058.6885,32437.569,403975.5146,403975.5146,7.14,5.84,1.807
603313,梦百合,家居用品,江苏,20161013,603313.SH,20240927,6.22,6.56,6.22,6.49,6.14,0.35,5.7003,83994.79,53600.014,1.4721,2.5894,1.26,34.7382,60.1386,0.9493,0.4643,0.445,0.0,,57058.6885,57058.6885,32437.569,370310.8884,370310.8884,6.75,5.53,1.807
603313,梦百合,家居用品,江苏,20161013,603313.SH,20240926,5.84,6.14,5.76,6.14,5.82,0.32,5.4983,76479.14,45642.388,1.3404,2.3577,1.21,32.8648,56.8954,0.8981,0.4392,0.421,0.0,,57058.6885,57058.6885,32437.569,350340.3474,350340.3474,6.4,5.24,1.807
603313,梦百合,家居用品,江苏,20161013,603313.SH,20240925,5.8,5.98,5.8,5.82,5.74,0.08,1.3937,64125.2,37766.794,1.1238,1.9769,1.1,31.1519,53.9302,0.8513,0.4164,0.399,0.0,,57058.6885,57058.6885,32437.569,332081.5671,332081.5671,6.31,5.17,1.807
603313,梦百合,家居用品,江苏,20161013,603313.SH,20240924,5.55,5.74,5.55,5.74,5.52,0.22,3.9855,78131.04,44258.911,1.3693,2.4087,1.52,30.7237,53.1889,0.8396,0.4106,0.3936,0.0,,57058.6885,57058.6885,32437.569,327516.872,327516.872,6.07,4.97,1.807
603313,梦百合,家居用品,江苏,20161013,603313.SH,20240923,5.49,5.6,5.4,5.52,5.5,0.02,0.3636,77307.35,42654.216,1.3549,2.3833,1.74,29.5462,51.1503,0.8074,0.3949,0.3785,0.0,,57058.6885,57058.6885,32437.569,314963.9605,314963.9605,6.05,4.95,1.807
603313,梦百合,家居用品,江苏,20161013,603313.SH,20240920,5.54,5.58,5.44,5.5,5.57,-0.07,-1.2567,37030.14,20312.322,0.649,1.1416,0.8,29.4391,50.9649,0.8045,0.3935,0.3771,0.0,,57058.6885,57058.6885,32437.569,313822.7868,313822.7868,6.13,5.01,1.807
603313,梦百合,家居用品,江苏,20161013,603313.SH,20240919,5.41,5.63,5.38,5.57,5.38,0.19,3.5316,59802.7,33167.689,1.0481,1.8436,1.25,29.8138,51.6136,0.8147,0.3985,0.3819,0.0,,57058.6885,57058.6885,32437.569,317816.8949,317816.8949,5.92,4.84,1.807
603313,梦百合,家居用品,江苏,20161013,603313.SH,20240918,5.38,5.42,5.26,5.38,5.38,0.0,0.0,40163.1,21441.255,0.7039,1.2382,0.8,28.7968,49.853,0.7869,0.3849,0.3689,0.0,,57058.6885,57058.6885,32437.569,306975.7441,306975.7441,5.92,4.84,1.807
603313,梦百合,家居用品,江苏,20161013,603313.SH,20240913,5.53,5.53,5.37,5.38,5.5,-0.12,-2.1818,43102.2,23409.06,0.7554,1.3288,0.83,28.7968,49.853,0.7869,0.3849,0.3689,0.0,,57058.6885,57058.6885,32437.569,306975.7441,306975.7441,6.05,4.95,1.807
603313,梦百合,家居用品,江苏,20161013,603313.SH,20240912,5.53,5.64,5.5,5.5,5.54,-0.04,-0.722,42031.42,23420.141,0.7366,1.2958,0.79,29.4391,50.9649,0.8045,0.3935,0.3771,0.0,,57058.6885,57058.6885,32437.569,313822.7868,313822.7868,6.09,4.99,1.807
603313,梦百合,家居用品,江苏,20161013,603313.SH,20240911,5.54,5.6,5.49,5.54,5.55,-0.01,-0.1802,47255.44,26246.623,0.8282,1.4568,0.84,29.6532,51.3356,0.8103,0.3963,0.3798,0.0,,57058.6885,57058.6885,32437.569,316105.1343,316105.1343,6.11,5.0,1.807
603313,梦百合,家居用品,江苏,20161013,603313.SH,20240910,5.63,5.66,5.48,5.55,5.59,-0.04,-0.7156,66438.23,36843.621,1.1644,2.0482,1.23,29.7068,51.4283,0.8118,0.397,0.3805,0.0,,57058.6885,57058.6885,32437.569,316675.7212,316675.7212,6.15,5.03,1.807
603313,梦百合,家居用品,江苏,20161013,603313.SH,20240909,5.7,5.71,5.56,5.59,5.72,-0.13,-2.2727,52153.6,29249.454,0.914,1.6078,0.86,29.9209,51.7989,0.8176,0.3999,0.3833,0.0,,57058.6885,57058.6885,32437.569,318958.0687,318958.0687,6.29,5.15,1.807
603313,梦百合,家居用品,江苏,20161013,603313.SH,20240906,5.91,5.91,5.7,5.72,5.89,-0.17,-2.8862,51793.72,29874.187,0.9077,1.5967,0.84,30.6167,53.0035,0.8367,0.4092,0.3922,0.0,,57058.6885,57058.6885,32437.569,326375.6982,326375.6982,6.48,5.3,1.807
603313,梦百合,家居用品,江苏,20161013,603313.SH,20240905,5.77,5.9,5.76,5.89,5.75,0.14,2.4348,50025.14,29261.295,0.8767,1.5422,0.85,31.5266,54.5788,0.8615,0.4214,0.4038,0.0,,57058.6885,57058.6885,32437.569,336075.6753,336075.6753,6.33,5.18,1.807
603313,梦百合,家居用品,江苏,20161013,603313.SH,20240904,5.89,5.97,5.75,5.75,5.93,-0.18,-3.0354,59544.66,34675.703,1.0436,1.8357,1.11,30.7773,53.2815,0.841,0.4113,0.3942,0.0,,57058.6885,57058.6885,32437.569,328087.4589,328087.4589,6.52,5.34,1.807
603313,梦百合,家居用品,江苏,20161013,603313.SH,20240903,5.87,5.97,5.81,5.93,5.86,0.07,1.1945,55581.83,32910.909,0.9741,1.7135,1.15,31.7407,54.9495,0.8674,0.4242,0.4066,0.0,,57058.6885,57058.6885,32437.569,338358.0228,338358.0228,6.45,5.27,1.807
603313,梦百合,家居用品,江苏,20161013,603313.SH,20240902,5.99,6.12,5.83,5.86,6.16,-0.3,-4.8701,85004.76,50257.241,1.4898,2.6206,2.12,31.366,54.3008,0.8571,0.4192,0.4018,0.0,,57058.6885,57058.6885,32437.569,334363.9146,334363.9146,6.78,5.54,1.807
603313,梦百合,家居用品,江苏,20161013,603313.SH,20240830,5.99,6.25,5.93,6.16,5.98,0.18,3.01,59040.1,36166.449,1.0347,1.8201,1.71,32.9718,32.0549,0.9091,0.4407,0.4341,0.0,,57058.6885,57058.6885,32437.569,351481.5212,351481.5212,6.58,5.38,1.807
603313,梦百合,家居用品,江苏,20161013,603313.SH,20240829,5.89,5.99,5.87,5.98,5.91,0.07,1.1844,34285.8,20411.567,0.6009,1.057,0.95,32.0084,31.1182,0.8825,0.4278,0.4215,0.0,,57058.6885,57058.6885,32437.569,341210.9572,341210.9572,6.5,5.32,1.807
603313,梦百合,家居用品,江苏,20161013,603313.SH,20240828,5.9,5.97,5.87,5.91,5.95,-0.04,-0.6723,33226.88,19636.458,0.5823,1.0243,0.91,31.6337,30.7539,0.8722,0.4228,0.4165,0.0,,57058.6885,57058.6885,32437.569,337216.849,337216.849,6.55,5.36,1.807
603313,梦百合,家居用品,江苏,20161013,603313.SH,20240827,6.04,6.07,5.94,5.95,6.05,-0.1,-1.6529,30796.06,18426.239,0.5397,0.9494,0.79,31.8478,30.9621,0.8781,0.4257,0.4193,0.0,,57058.6885,57058.6885,32437.569,339499.1966,339499.1966,6.66,5.45,1.807
603313,梦百合,家居用品,江苏,20161013,603313.SH,20240826,5.91,6.14,5.9,6.05,5.91,0.14,2.3689,43342.2,26221.138,0.7596,1.3362,1.23,32.383,31.4825,0.8928,0.4328,0.4264,0.0,,57058.6885,57058.6885,32437.569,345205.0654,345205.0654,6.5,5.32,1.807
603313,梦百合,家居用品,江苏,20161013,603313.SH,20240823,5.98,6.06,5.9,5.91,6.02,-0.11,-1.8272,30525.1,18191.949,0.535,0.941,0.82,31.6337,30.7539,0.8722,0.4228,0.4165,0.0,,57058.6885,57058.6885,32437.569,337216.849,337216.849,6.62,5.42,1.807
603313,梦百合,家居用品,江苏,20161013,603313.SH,20240822,6.0,6.12,5.95,6.02,6.01,0.01,0.1664,42949.89,25898.275,0.7527,1.3241,1.01,32.2225,31.3263,0.8884,0.4307,0.4243,0.0,,57058.6885,57058.6885,32437.569,343493.3048,343493.3048,6.61,5.41,1.807
603313,梦百合,家居用品,江苏,20161013,603313.SH,20240821,6.02,6.07,5.96,6.01,6.05,-0.04,-0.6612,34829.44,20957.948,0.6104,1.0737,0.79,32.1689,31.2743,0.8869,0.4299,0.4236,0.0,,57058.6885,57058.6885,32437.569,342922.7179,342922.7179,6.66,5.45,1.807
603313,梦百合,家居用品,江苏,20161013,603313.SH,20240820,6.19,6.22,6.0,6.05,6.2,-0.15,-2.4194,42173.8,25570.322,0.7391,1.3002,1.02,32.383,31.4825,0.8928,0.4328,0.4264,0.0,,57058.6885,57058.6885,32437.569,345205.0654,345205.0654,6.82,5.58,1.807
603313,梦百合,家居用品,江苏,20161013,603313.SH,20240819,6.16,6.24,6.14,6.2,6.2,0.0,0.0,25502.6,15781.816,0.447,0.7862,0.55,33.1859,32.263,0.915,0.4435,0.437,0.0,,57058.6885,57058.6885,32437.569,353763.8687,353763.8687,6.82,5.58,1.807
603313,梦百合,家居用品,江苏,20161013,603313.SH,20240816,6.2,6.22,6.12,6.2,6.2,0.0,0.0,40231.0,24853.123,0.7051,1.2403,0.9,33.1859,32.263,0.915,0.4435,0.437,0.0,,57058.6885,57058.6885,32437.569,353763.8687,353763.8687,6.82,5.58,1.807
603313,梦百合,家居用品,江苏,20161013,603313.SH,20240815,6.18,6.22,5.99,6.2,6.17,0.03,0.4862,69146.28,42309.649,1.2118,2.1317,1.78,33.1859,32.263,0.915,0.4435,0.437,0.0,,57058.6885,57058.6885,32437.569,353763.8687,353763.8687,6.79,5.55,1.807
603313,梦百合,家居用品,江苏,20161013,603313.SH,20240814,6.28,6.28,6.16,6.17,6.28,-0.11,-1.7516,42398.4,26282.186,0.7431,1.3071,1.07,33.0253,32.1069,0.9105,0.4414,0.4348,0.0,,57058.6885,57058.6885,32437.569,352052.108,352052.108,6.91,5.65,1.807
603313,梦百合,家居用品,江苏,20161013,603313.SH,20240813,6.31,6.32,6.16,6.28,6.27,0.01,0.1595,28621.84,17788.74,0.5016,0.8824,0.69,33.6141,32.6793,0.9268,0.4493,0.4426,0.0,,57058.6885,57058.6885,32437.569,358328.5638,358328.5638,6.9,5.64,1.807
603313,梦百合,家居用品,江苏,20161013,603313.SH,20240812,6.38,6.42,6.25,6.27,6.39,-0.12,-1.8779,49944.46,31456.966,0.8753,1.5397,1.22,33.5606,32.6273,0.9253,0.4485,0.4419,0.0,,57058.6885,57058.6885,32437.569,357757.9769,357757.9769,7.03,5.75,1.807
603313,梦百合,家居用品,江苏,20161013,603313.SH,20240809,6.44,6.5,6.39,6.39,6.42,-0.03,-0.4673,34453.91,22228.437,0.6038,1.0622,0.82,34.2029,33.2517,0.943,0.4571,0.4503,0.0,,57058.6885,57058.6885,32437.569,364605.0195,364605.0195,7.06,5.78,1.807
603313,梦百合,家居用品,江苏,20161013,603313.SH,20240808,6.35,6.44,6.33,6.42,6.37,0.05,0.7849,38290.26,24462.478,0.6711,1.1804,0.91,34.3635,33.4078,0.9474,0.4593,0.4525,0.0,,57058.6885,57058.6885,32437.569,366316.7802,366316.7802,7.01,5.73,1.807
603313,梦百合,家居用品,江苏,20161013,603313.SH,20240807,6.47,6.48,6.34,6.37,6.46,-0.09,-1.3932,47218.76,30181.394,0.8275,1.4557,1.14,34.0959,33.1476,0.9401,0.4557,0.4489,0.0,,57058.6885,57058.6885,32437.569,363463.8457,363463.8457,7.11,5.81,1.807
603313,梦百合,家居用品,江苏,20161013,603313.SH,20240806,6.35,6.49,6.35,6.46,6.34,0.12,1.8927,38956.27,25032.908,0.6827,1.201,1.0,34.5776,33.616,0.9533,0.4621,0.4553,0.0,,57058.6885,57058.6885,32437.569,368599.1277,368599.1277,6.97,5.71,1.807
603313,梦百合,家居用品,江苏,20161013,603313.SH,20240805,6.4,6.59,6.34,6.34,6.45,-0.11,-1.7054,45726.58,29529.871,0.8014,1.4097,1.27,33.9353,32.9915,0.9356,0.4536,0.4468,0.0,,57058.6885,57058.6885,32437.569,361752.0851,361752.0851,7.1,5.81,1.807
603313,梦百合,家居用品,江苏,20161013,603313.SH,20240802,6.56,6.6,6.44,6.45,6.57,-0.12,-1.8265,40331.3,26294.634,0.7068,1.2434,1.27,34.5241,33.5639,0.9519,0.4614,0.4546,0.0,,57058.6885,57058.6885,32437.569,368028.5408,368028.5408,7.23,5.91,1.807
603313,梦百合,家居用品,江苏,20161013,603313.SH,20240801,6.7,6.79,6.55,6.57,6.7,-0.13,-1.9403,38947.6,25753.246,0.6826,1.2007,1.28,35.1664,34.1884,0.9696,0.47,0.463,0.0,,57058.6885,57058.6885,32437.569,374875.5834,374875.5834,7.37,6.03,1.807
603313,梦百合,家居用品,江苏,20161013,603313.SH,20240731,6.43,6.72,6.39,6.7,6.42,0.28,4.3614,43785.47,28914.193,0.7674,1.3498,1.49,35.8622,34.8649,0.9888,0.4793,0.4722,0.0,,57058.6885,57058.6885,32437.569,382293.213,382293.213,7.06,5.78,1.807
603313,梦百合,家居用品,江苏,20161013,603313.SH,20240730,6.42,6.46,6.35,6.42,6.42,0.0,0.0,25845.2,16557.53,0.453,0.7968,0.85,34.3635,33.4078,0.9474,0.4593,0.4525,0.0,,57058.6885,57058.6885,32437.569,366316.7802,366316.7802,7.06,5.78,1.807
603313,梦百合,家居用品,江苏,20161013,603313.SH,20240729,6.54,6.54,6.39,6.42,6.55,-0.13,-1.9847,30506.57,19608.556,0.5347,0.9405,1.0,34.3635,33.4078,0.9474,0.4593,0.4525,0.0,,57058.6885,57058.6885,32437.569,366316.7802,366316.7802,7.21,5.9,1.807
603313,梦百合,家居用品,江苏,20161013,603313.SH,20240726,6.52,6.63,6.48,6.55,6.5,0.05,0.7692,19240.5,12636.85,0.3372,0.5932,0.58,35.0593,34.0843,0.9666,0.4686,0.4616,0.0,,57058.6885,57058.6885,32437.569,373734.4097,373734.4097,7.15,5.85,1.807
603313,梦百合,家居用品,江苏,20161013,603313.SH,20240725,6.33,6.57,6.31,6.5,6.34,0.16,2.5237,32335.2,20913.326,0.5667,0.9968,0.9,34.7917,33.8241,0.9592,0.465,0.4581,0.0,,57058.6885,57058.6885,32437.569,370881.4753,370881.4753,6.97,5.71,1.807
603313,梦百合,家居用品,江苏,20161013,603313.SH,20240724,6.45,6.52,6.33,6.34,6.48,-0.14,-2.1605,39184.0,25125.118,0.6867,1.208,1.05,33.9353,32.9915,0.9356,0.4536,0.4468,0.0,,57058.6885,57058.6885,32437.569,361752.0851,361752.0851,7.13,5.83,1.807
603313,梦百合,家居用品,江苏,20161013,603313.SH,20240723,6.6,6.65,6.46,6.48,6.63,-0.15,-2.2624,30306.16,19889.811,0.5311,0.9343,0.78,34.6846,33.72,0.9563,0.4636,0.4567,0.0,,57058.6885,57058.6885,32437.569,369740.3015,369740.3015,7.29,5.97,1.807
603313,梦百合,家居用品,江苏,20161013,603313.SH,20240722,6.79,6.79,6.58,6.63,6.78,-0.15,-2.2124,30893.6,20555.157,0.5414,0.9524,0.77,35.4875,34.5006,0.9784,0.4743,0.4673,0.0,,57058.6885,57058.6885,32437.569,378299.1048,378299.1048,7.46,6.1,1.807
603313,梦百合,家居用品,江苏,20161013,603313.SH,20240719,6.72,6.82,6.57,6.78,6.69,0.09,1.3453,33294.6,22348.926,0.5835,1.0264,0.79,36.2904,35.2812,1.0006,0.485,0.4778,0.0,,57058.6885,57058.6885,32437.569,386857.908,386857.908,7.36,6.02,1.807
603313,梦百合,家居用品,江苏,20161013,603313.SH,20240718,6.58,6.71,6.48,6.69,6.6,0.09,1.3636,46020.57,30477.269,0.8065,1.4187,1.08,35.8087,34.8128,0.9873,0.4786,0.4715,0.0,,57058.6885,57058.6885,32437.569,381722.6261,381722.6261,7.26,5.94,1.807
603313,梦百合,家居用品,江苏,20161013,603313.SH,20240717,6.73,6.76,6.6,6.6,6.74,-0.14,-2.0772,45232.29,30055.985,0.7927,1.3944,1.03,35.3269,34.3445,0.974,0.4722,0.4651,0.0,,57058.6885,57058.6885,32437.569,376587.3441,376587.3441,7.41,6.07,1.807
603313,梦百合,家居用品,江苏,20161013,603313.SH,20240716,6.9,6.9,6.69,6.74,6.92,-0.18,-2.6012,39614.7,26894.82,0.6943,1.2213,0.84,36.0763,35.073,0.9947,0.4822,0.475,0.0,,57058.6885,57058.6885,32437.569,384575.5605,384575.5605,7.61,6.23,1.807
603313,梦百合,家居用品,江苏,20161013,603313.SH,20240715,6.92,6.95,6.77,6.92,6.92,0.0,0.0,37547.76,25783.651,0.6581,1.1575,0.75,37.0398,36.0097,1.0212,0.495,0.4877,0.0,,57058.6885,57058.6885,32437.569,394846.1244,394846.1244,7.61,6.23,1.807
603313,梦百合,家居用品,江苏,20161013,603313.SH,20240712,6.86,7.0,6.85,6.92,6.9,0.02,0.2899,43508.1,30147.793,0.7625,1.3413,0.87,37.0398,36.0097,1.0212,0.495,0.4877,0.0,,57058.6885,57058.6885,32437.569,394846.1244,394846.1244,7.59,6.21,1.807
603313,梦百合,家居用品,江苏,20161013,603313.SH,20240711,6.8,6.91,6.73,6.9,6.72,0.18,2.6786,48010.43,32858.564,0.8414,1.4801,0.9,36.9327,35.9056,1.0183,0.4936,0.4863,0.0,,57058.6885,57058.6885,32437.569,393704.9507,393704.9507,7.39,6.05,1.807
603313,梦百合,家居用品,江苏,20161013,603313.SH,20240710,6.74,6.81,6.66,6.72,6.83,-0.11,-1.6105,51649.61,34726.786,0.9052,1.5923,1.08,35.9693,34.9689,0.9917,0.4807,0.4736,0.0,,57058.6885,57058.6885,32437.569,383434.3867,383434.3867,7.51,6.15,1.807
603313,梦百合,家居用品,江苏,20161013,603313.SH,20240709,6.82,6.9,6.58,6.83,6.8,0.03,0.4412,53827.77,36216.802,0.9434,1.6594,1.24,36.558,35.5413,1.0079,0.4886,0.4814,0.0,,57058.6885,57058.6885,32437.569,389710.8425,389710.8425,7.48,6.12,1.807
603313,梦百合,家居用品,江苏,20161013,603313.SH,20240708,7.08,7.08,6.8,6.8,7.1,-0.3,-4.2254,53270.92,36654.375,0.9336,1.6423,1.2,36.3975,35.3852,1.0035,0.4865,0.4792,0.0,,57058.6885,57058.6885,32437.569,387999.0818,387999.0818,7.81,6.39,1.807
603313,梦百合,家居用品,江苏,20161013,603313.SH,20240705,7.2,7.2,7.06,7.1,7.2,-0.1,-1.3889,43471.93,30885.939,0.7619,1.3402,0.88,38.0032,36.9463,1.0478,0.5079,0.5004,0.0,,57058.6885,57058.6885,32437.569,405116.6884,405116.6884,7.92,6.48,1.807
603313,梦百合,家居用品,江苏,20161013,603313.SH,20240704,7.47,7.49,7.18,7.2,7.47,-0.27,-3.6145,64477.11,46722.395,1.13,1.9877,1.4,38.5385,37.4667,1.0625,0.5151,0.5074,0.0,,57058.6885,57058.6885,32437.569,410822.5572,410822.5572,8.22,6.72,1.807
603313,梦百合,家居用品,江苏,20161013,603313.SH,20240703,7.46,7.55,7.42,7.47,7.5,-0.03,-0.4,23378.35,17513.912,0.4097,0.7207,0.47,39.9837,38.8717,1.1024,0.5344,0.5265,0.0,,57058.6885,57058.6885,32437.569,426228.4031,426228.4031,8.25,6.75,1.807
603313,梦百合,家居用品,江苏,20161013,603313.SH,20240702,7.48,7.54,7.46,7.5,7.52,-0.02,-0.266,32251.24,24157.807,0.5652,0.9943,0.6,40.1443,39.0278,1.1068,0.5365,0.5286,0.0,,57058.6885,57058.6885,32437.569,427940.1638,427940.1638,8.27,6.77,1.807
603313,梦百合,家居用品,江苏,20161013,603313.SH,20240701,7.47,7.56,7.4,7.52,7.47,0.05,0.6693,59031.03,44127.467,1.0346,1.8198,1.02,40.2513,39.1319,1.1098,0.538,0.53,0.0,,57058.6885,57058.6885,32437.569,429081.3375,429081.3375,8.22,6.72,1.807
603313,梦百合,家居用品,江苏,20161013,603313.SH,20240628,7.25,7.54,7.21,7.47,7.25,0.22,3.0345,69091.52,51279.471,1.2109,2.13,1.26,39.9837,38.8717,1.1024,0.5344,0.5265,0.0,,57058.6885,57058.6885,32437.569,426228.4031,426228.4031,7.98,6.53,1.807
603313,梦百合,家居用品,江苏,20161013,603313.SH,20240627,7.34,7.42,7.21,7.25,7.38,-0.13,-1.7615,46288.98,33853.64,0.8113,1.427,0.77,38.8061,37.7269,1.0699,0.5187,0.511,0.0,,57058.6885,57058.6885,32437.569,413675.4916,413675.4916,8.12,6.64,1.807
603313,梦百合,家居用品,江苏,20161013,603313.SH,20240626,7.31,7.38,7.2,7.38,7.31,0.07,0.9576,42650.01,31149.619,0.7475,1.3148,0.56,39.502,38.4034,1.0891,0.528,0.5201,0.0,,57058.6885,57058.6885,32437.569,421093.1211,421093.1211,8.04,6.58,1.807
603313,梦百合,家居用品,江苏,20161013,603313.SH,20240625,7.3,7.45,7.26,7.31,7.3,0.01,0.137,50020.36,36722.721,0.8766,1.5421,0.68,39.1273,38.0391,1.0788,0.5229,0.5152,0.0,,57058.6885,57058.6885,32437.569,417099.0129,417099.0129,8.03,6.57,1.8069
603313,梦百合,家居用品,江苏,20161013,603313.SH,20240624,7.49,7.49,7.22,7.3,7.59,-0.29,-3.8208,81735.57,59800.421,1.4325,2.5125,1.21,39.0737,37.9871,1.0773,0.5222,0.5145,0.0,,57058.6885,57058.6885,32531.011,416528.4261,416528.4261,8.35,6.83,1.807
603313,梦百合,家居用品,江苏,20161013,603313.SH,20240621,7.62,7.77,7.57,7.59,7.69,-0.1,-1.3004,54468.56,41635.586,0.9546,1.6744,0.82,40.626,39.4962,1.1201,0.543,0.5349,0.0,,57058.6885,57058.6885,32531.011,433075.4457,433075.4457,8.46,6.92,1.807
603313,梦百合,家居用品,江苏,20161013,603313.SH,20240620,7.99,8.01,7.66,7.69,8.02,-0.33,-4.1147,71485.66,56066.544,1.2528,2.1975,1.16,41.1612,40.0165,1.1349,0.5501,0.542,0.0,,57058.6885,57058.6885,32531.011,438781.3146,438781.3146,8.82,7.22,1.807
603313,梦百合,家居用品,江苏,20161013,603313.SH,20240619,7.6,8.08,7.6,8.02,7.65,0.37,4.8366,122264.87,96983.586,2.1428,3.7584,2.51,42.9276,41.7338,1.1836,0.5737,0.5652,0.0,,57058.6885,57058.6885,32531.011,457610.6818,457610.6818,8.42,6.89,1.807
603313,梦百合,家居用品,江苏,20161013,603313.SH,20240618,7.62,7.66,7.55,7.65,7.61,0.04,0.5256,36477.55,27771.067,0.6393,1.1213,0.71,40.9471,39.8084,1.129,0.5473,0.5391,0.0,,57058.6885,57058.6885,32531.011,436498.967,436498.967,8.37,6.85,1.807
603313,梦百合,家居用品,江苏,20161013,603313.SH,20240617,7.75,7.78,7.61,7.61,7.79,-0.18,-2.3107,52409.85,40239.075,0.9185,1.6111,0.92,40.733,39.6002,1.1231,0.5444,0.5363,0.0,,57058.6885,57058.6885,32531.011,434216.6195,434216.6195,8.57,7.01,1.807
603313,梦百合,家居用品,江苏,20161013,603313.SH,20240614,7.56,7.8,7.56,7.79,7.65,0.14,1.8301,48683.52,37507.829,0.8532,1.4965,0.79,41.6965,40.5369,1.1496,0.5573,0.549,0.0,,57058.6885,57058.6885,32531.011,444487.1834,444487.1834,8.42,6.89,1.807
603313,梦百合,家居用品,江苏,20161013,603313.SH,20240613,7.66,7.7,7.53,7.65,7.69,-0.04,-0.5202,47470.88,36135.046,0.832,1.4593,0.66,40.9471,39.8084,1.129,0.5473,0.5391,0.0,,57058.6885,57058.6885,32531.011,436498.967,436498.967,8.46,6.92,1.807
603313,梦百合,家居用品,江苏,20161013,603313.SH,20240612,7.6,7.7,7.58,7.69,7.66,0.03,0.3916,58263.56,44550.342,1.0211,1.791,0.83,41.1612,40.0165,1.1349,0.5501,0.542,0.0,,57058.6885,57058.6885,32531.011,438781.3146,438781.3146,8.43,6.89,1.807
603313,梦百合,家居用品,江苏,20161013,603313.SH,20240611,7.59,7.67,7.49,7.66,7.65,0.01,0.1307,49846.11,37711.285,0.8736,1.5295,0.65,41.0007,39.8604,1.1304,0.548,0.5399,0.0,,57058.6885,57058.6885,32590.371,437069.5539,437069.5539,8.42,6.89,1.807
603313,梦百合,家居用品,江苏,20161013,603313.SH,20240607,7.77,7.82,7.56,7.65,7.68,-0.03,-0.3906,79291.2,61220.559,1.3896,2.433,1.06,40.9471,39.8084,1.129,0.5473,0.5391,0.0,,57058.6885,57058.6885,32590.371,436498.967,436498.967,8.45,6.91,1.807
603313,梦百合,家居用品,江苏,20161013,603313.SH,20240606,7.66,7.76,7.55,7.68,7.66,0.02,0.2611,74791.81,57256.74,1.3108,2.2921,1.09,41.1077,39.9645,1.1334,0.5494,0.5413,0.0,,57058.6885,57058.6885,32630.061,438210.7277,438210.7277,8.43,6.89,1.807
603313,梦百合,家居用品,江苏,20161013,603313.SH,20240605,7.95,7.95,7.63,7.66,7.95,-0.29,-3.6478,94898.25,73711.578,1.6632,2.9005,1.6,41.0007,39.8604,1.1304,0.548,0.5399,0.0,,57058.6885,57058.6885,32718.191,437069.5539,437069.5539,8.75,7.16,1.807
603313,梦百合,家居用品,江苏,20161013,603313.SH,20240604,7.96,8.03,7.83,7.95,7.96,-0.01,-0.1256,51182.6,40657.567,0.897,1.5643,0.83,42.5529,41.3695,1.1732,0.5687,0.5603,0.0,,57058.6885,57058.6885,32718.191,453616.5736,453616.5736,8.76,7.16,1.807
603313,梦百合,家居用品,江苏,20161013,603313.SH,20240603,8.06,8.09,7.86,7.96,8.09,-0.13,-1.6069,82694.76,66010.355,1.4493,2.5275,1.45,42.6064,41.4215,1.1747,0.5694,0.561,0.0,,57058.6885,57058.6885,32718.191,454187.1605,454187.1605,8.9,7.28,1.807
603313,梦百合,家居用品,江苏,20161013,603313.SH,20240531,8.2,8.24,8.07,8.09,8.2,-0.11,-1.3415,70241.23,57058.638,1.231,2.1469,1.35,43.3023,42.098,1.1939,0.5787,0.5702,0.0,,57058.6885,57058.6885,32718.191,461604.79,461604.79,9.02,7.38,1.807
603313,梦百合,家居用品,江苏,20161013,603313.SH,20240530,8.18,8.24,8.07,8.2,8.16,0.04,0.4902,43930.39,35976.369,0.7699,1.3427,0.75,43.8911,42.6704,1.2101,0.5866,0.5779,0.0,,57058.6885,57058.6885,32718.191,467881.2457,467881.2457,8.98,7.34,1.807
603313,梦百合,家居用品,江苏,20161013,603313.SH,20240529,8.18,8.26,8.12,8.16,8.15,0.01,0.1227,48730.05,39856.476,0.854,1.4881,0.8,43.677,42.4623,1.2042,0.5838,0.5751,0.0,,57058.6885,57058.6885,32746.371,465598.8982,465598.8982,8.97,7.34,1.807
603313,梦百合,家居用品,江苏,20161013,603313.SH,20240528,8.31,8.31,8.13,8.15,8.32,-0.17,-2.0433,62417.97,51127.667,1.0939,1.9041,1.03,43.6234,42.4102,1.2027,0.583,0.5744,0.0,,57058.6885,57058.6885,32780.921,465028.3113,465028.3113,9.15,7.49,1.807
603313,梦百合,家居用品,江苏,20161013,603313.SH,20240527,8.56,8.58,8.22,8.32,8.45,-0.13,-1.5385,59276.19,49317.672,1.0389,1.8083,0.82,44.5334,43.2949,1.2278,0.5952,0.5864,0.0,,57058.6885,57058.6885,32780.921,474728.2883,474728.2883,9.3,7.61,1.807
603313,梦百合,家居用品,江苏,20161013,603313.SH,20240524,8.48,8.59,8.41,8.45,8.52,-0.07,-0.8216,45880.27,39038.538,0.8041,1.3996,0.52,45.2292,43.9714,1.247,0.6045,0.5955,0.0,,57058.6885,57058.6885,32780.921,482145.9178,482145.9178,9.37,7.67,1.807
603313,梦百合,家居用品,江苏,20161013,603313.SH,20240523,8.69,8.7,8.49,8.52,8.76,-0.24,-2.7397,76894.91,65840.571,1.3476,2.3457,0.67,45.6039,44.3356,1.2573,0.6095,0.6005,0.0,,57058.6885,57058.6885,32780.921,486140.026,486140.026,9.64,7.88,1.807
603313,梦百合,家居用品,江苏,20161013,603313.SH,20240522,8.68,8.8,8.68,8.76,8.71,0.05,0.5741,59289.0,51855.666,1.0391,1.8086,0.45,46.8885,45.5845,1.2928,0.6267,0.6174,0.0,,57058.6885,57058.6885,32780.921,499834.1113,499834.1113,9.58,7.84,1.807
603313,梦百合,家居用品,江苏,20161013,603313.SH,20240521,8.8,8.9,8.67,8.71,8.85,-0.14,-1.5819,60278.05,52800.053,1.0564,1.8388,0.41,46.6209,45.3243,1.2854,0.6231,0.6139,0.0,,57058.6885,57058.6885,32780.921,496981.1768,496981.1768,9.74,7.97,1.807
603313,梦百合,家居用品,江苏,20161013,603313.SH,20240520,9.03,9.03,8.74,8.85,9.04,-0.19,-2.1018,117529.07,103950.584,2.0598,3.5853,0.77,47.3702,46.0528,1.306,0.6331,0.6237,0.0,,57058.6885,57058.6885,32780.921,504969.3932,504969.3932,9.94,8.14,1.807
603313,梦百合,家居用品,江苏,20161013,603313.SH,20240517,9.1,9.23,8.82,9.04,9.07,-0.03,-0.3308,127681.2,114445.814,2.2377,3.895,0.72,48.3872,47.0415,1.3341,0.6467,0.6371,0.0,,57058.6885,57058.6885,32780.921,515810.544,515810.544,9.98,8.16,1.807
603313,梦百合,家居用品,江苏,20161013,603313.SH,20240516,8.63,9.21,8.63,9.07,8.69,0.38,4.3728,209170.37,188838.292,3.6659,6.3809,1.41,48.5478,47.1977,1.3385,0.6489,0.6392,0.0,,57058.6885,57058.6885,32780.921,517522.3047,517522.3047,9.56,7.82,1.807
603313,梦百合,家居用品,江苏,20161013,603313.SH,20240515,8.36,8.79,8.34,8.69,8.41,0.28,3.3294,139505.69,120095.98,2.445,4.2557,1.05,46.5138,45.2203,1.2824,0.6217,0.6124,0.0,,57058.6885,57058.6885,32780.921,495840.0031,495840.0031,9.25,7.57,1.807
603313,梦百合,家居用品,江苏,20161013,603313.SH,20240514,8.32,8.53,8.26,8.41,8.32,0.09,1.0817,146764.25,123117.558,2.5722,4.4771,1.26,45.0151,43.7632,1.2411,0.6016,0.5927,0.0,,57058.6885,57058.6885,32780.921,479863.5703,479863.5703,9.15,7.49,1.807
603313,梦百合,家居用品,江苏,20161013,603313.SH,20240513,8.54,8.55,8.21,8.32,8.58,-0.26,-3.0303,142020.98,118276.176,2.489,4.3014,1.32,44.5334,43.2949,1.2278,0.5952,0.5864,0.0,,57058.6885,57058.6885,33017.691,474728.2883,474728.2883,9.44,7.72,1.807
603313,梦百合,家居用品,江苏,20161013,603313.SH,20240510,8.65,8.67,8.38,8.58,8.66,-0.08,-0.9238,247286.53,210900.212,4.3339,7.4895,2.86,45.925,44.6478,1.2662,0.6138,0.6047,0.0,,57058.6885,57058.6885,33017.691,489563.5473,489563.5473,9.53,7.79,1.807
603313,梦百合,家居用品,江苏,20161013,603313.SH,20240509,8.56,8.78,8.53,8.66,8.52,0.14,1.6432,68125.36,59175.394,1.4038,2.7962,0.78,46.3532,45.0641,1.278,0.6195,0.6103,0.0,,57058.6885,48529.9039,24363.1964,494128.2424,420268.9678,9.37,7.67,1.807
603313,梦百合,家居用品,江苏,20161013,603313.SH,20240508,8.63,8.63,8.41,8.52,8.63,-0.11,-1.2746,61796.48,52559.561,1.2734,2.5234,0.74,45.6039,44.3356,1.2573,0.6095,0.6005,0.0,,57058.6885,48529.9039,24488.9064,486140.026,413474.7812,9.49,7.77,1.807
603313,梦百合,家居用品,江苏,20161013,603313.SH,20240507,8.68,8.7,8.46,8.63,8.71,-0.08,-0.9185,61969.73,53117.64,1.2769,2.5305,0.78,46.1927,44.908,1.2736,0.6174,0.6082,0.0,,57058.6885,48529.9039,24488.9064,492416.4818,418813.0707,9.58,7.84,1.807
603313,梦百合,家居用品,江苏,20161013,603313.SH,20240506,8.48,8.73,8.48,8.71,8.39,0.32,3.8141,100076.29,86338.173,2.0622,4.0866,1.55,46.6209,45.3243,1.2854,0.6231,0.6139,0.0,,57058.6885,48529.9039,24488.9064,496981.1768,422695.463,9.23,7.55,1.807
603313,梦百合,家居用品,江苏,20161013,603313.SH,20240430,8.76,8.81,8.25,8.39,8.81,-0.42,-4.7673,139944.6,117555.0,2.8837,5.7013,3.41,44.908,43.6591,1.2382,0.6002,0.5913,0.0,,57058.6885,48529.9039,24546.2424,478722.3965,407165.8937,9.69,7.93,1.807
603313,梦百合,家居用品,江苏,20161013,603313.SH,20240429,8.56,8.82,8.25,8.81,8.56,0.25,2.9206,75334.07,64988.894,1.5523,3.0691,2.34,47.1561,47.1561,1.2942,0.6303,0.6303,0.0,,57058.6885,48529.9039,24546.2424,502687.0457,427548.4534,9.42,7.7,1.807
603313,梦百合,家居用品,江苏,20161013,603313.SH,20240426,8.48,8.58,8.38,8.56,8.46,0.1,1.182,41543.18,35325.346,0.856,1.6924,1.36,118.0927,87.943,1.2488,0.6092,0.6372,0.0,,57058.6885,48529.9039,24546.2424,488422.3736,415415.9774,9.31,7.61,1.807
603313,梦百合,家居用品,江苏,20161013,603313.SH,20240425,8.42,8.51,8.33,8.46,8.44,0.02,0.237,38630.18,32592.081,0.796,1.5738,1.16,116.7131,86.9156,1.2342,0.6021,0.6298,0.0,,57058.6885,48529.9039,24546.2424,482716.5047,410562.987,9.28,7.6,1.807
603313,梦百合,家居用品,江苏,20161013,603313.SH,20240424,8.42,8.5,8.37,8.44,8.47,-0.03,-0.3542,27911.7,23552.614,0.5751,1.1371,0.74,116.4372,86.7101,1.2313,0.6007,0.6283,0.0,,57058.6885,48529.9039,24546.2424,481575.3309,409592.3889,9.32,7.62,1.807
603313,梦百合,家居用品,江苏,20161013,603313.SH,20240423,8.31,8.52,8.31,8.47,8.4,0.07,0.8333,21581.0,18218.986,0.4447,0.8792,0.46,116.8511,87.0183,1.2356,0.6028,0.6305,0.0,,57058.6885,48529.9039,24546.2424,483287.0916,411048.286,9.24,7.56,1.807
603313,梦百合,家居用品,江苏,20161013,603313.SH,20240422,8.38,8.52,8.27,8.4,8.34,0.06,0.7194,31255.9,26236.752,0.6441,1.2733,0.58,115.8854,86.2992,1.2254,0.5978,0.6253,0.0,,57058.6885,48529.9039,24546.2424,479292.9834,407651.1928,9.17,7.51,1.807
603313,梦百合,家居用品,江苏,20161013,603313.SH,20240419,8.37,8.53,8.3,8.34,8.42,-0.08,-0.9501,33237.3,27860.094,0.6849,1.3541,0.62,115.0576,85.6828,1.2167,0.5936,0.6209,0.0,,57058.6885,48529.9039,24546.2424,475869.4621,404739.3985,9.26,7.58,1.807
603313,梦百合,家居用品,江苏,20161013,603313.SH,20240418,8.4,8.63,8.34,8.42,8.47,-0.05,-0.5903,52019.41,44147.029,1.0719,2.1192,1.08,116.1613,86.5047,1.2284,0.5993,0.6268,0.0,,57058.6885,48529.9039,24546.2424,480434.1572,408621.7908,9.32,7.62,1.807
603313,梦百合,家居用品,江苏,20161013,603313.SH,20240417,8.19,8.49,8.19,8.47,8.16,0.31,3.799,51594.5,43309.012,1.0631,2.1019,1.15,116.8511,87.0183,1.2356,0.6028,0.6305,0.0,,57058.6885,48529.9039,24546.2424,483287.0916,411048.286,8.98,7.34,1.807
603313,梦百合,家居用品,江苏,20161013,603313.SH,20240416,8.48,8.49,8.16,8.16,8.52,-0.36,-4.2254,64603.37,53451.135,1.3312,2.6319,1.7,112.5744,83.8335,1.1904,0.5807,0.6075,0.0,,57058.6885,48529.9039,24546.2424,465598.8982,396004.0158,9.37,7.67,1.807
603313,梦百合,家居用品,江苏,20161013,603313.SH,20240415,8.76,8.89,8.41,8.52,8.85,-0.33,-3.7288,66289.88,56949.581,1.366,2.7006,1.99,117.5409,87.532,1.2429,0.6064,0.6343,0.0,,57058.6885,48529.9039,24546.2424,486140.026,413474.7812,9.74,7.97,1.807
603313,梦百合,家居用品,江苏,20161013,603313.SH,20240412,8.9,9.14,8.84,8.85,8.93,-0.08,-0.8959,31504.68,28135.167,0.6492,1.2835,0.85,122.0935,90.9224,1.2911,0.6299,0.6588,0.0,,57058.6885,48529.9039,24546.2424,504969.3932,429489.6495,9.82,8.04,1.807
603313,梦百合,家居用品,江苏,20161013,603313.SH,20240411,8.95,9.05,8.82,8.93,8.92,0.01,0.1121,26412.04,23712.205,0.5442,1.076,0.6,123.1972,91.7442,1.3028,0.6355,0.6648,0.0,,57058.6885,48529.9039,24546.2424,509534.0883,433372.0418,9.81,8.03,1.807
603313,梦百合,家居用品,江苏,20161013,603313.SH,20240410,9.15,9.18,8.85,8.92,9.15,-0.23,-2.5137,36042.73,32360.624,0.7427,1.4684,0.73,123.0592,91.6415,1.3013,0.6348,0.664,0.0,,57058.6885,48529.9039,24546.2424,508963.5014,432886.7428,10.07,8.24,1.807
603313,梦百合,家居用品,江苏,20161013,603313.SH,20240409,9.03,9.17,8.99,9.15,8.98,0.17,1.8931,30241.95,27498.07,0.6232,1.232,0.57,126.2323,94.0045,1.3348,0.6512,0.6812,0.0,,57058.6885,48529.9039,24546.2424,522086.9998,444048.6207,9.88,8.08,1.807
603313,梦百合,家居用品,江苏,20161013,603313.SH,20240408,9.23,9.23,8.98,8.98,9.15,-0.17,-1.8579,42111.65,38288.045,0.8677,1.7156,0.8,123.887,92.2579,1.31,0.6391,0.6685,0.0,,57058.6885,48529.9039,24546.2424,512387.0227,435798.537,10.07,8.24,1.807
603313,梦百合,家居用品,江苏,20161013,603313.SH,20240403,9.0,9.23,9.0,9.15,9.03,0.12,1.3289,50185.8,45774.53,1.0341,2.0445,1.03,126.2323,94.0045,1.3348,0.6512,0.6812,0.0,,57058.6885,48529.9039,24546.2424,522086.9998,444048.6207,9.93,8.13,1.807
603313,梦百合,家居用品,江苏,20161013,603313.SH,20240402,9.25,9.25,9.01,9.03,9.28,-0.25,-2.694,60988.37,55334.112,1.2567,2.4846,1.37,124.5768,92.7716,1.3173,0.6427,0.6722,0.0,,57058.6885,48529.9039,24546.2424,515239.9572,438225.0322,10.21,8.35,1.807
603313,梦百合,家居用品,江苏,20161013,603313.SH,20240401,9.08,9.28,9.02,9.28,9.1,0.18,1.978,63954.23,58646.86,1.3178,2.6055,1.63,128.0257,95.34,1.3538,0.6605,0.6908,0.0,,57058.6885,48529.9039,24546.2424,529504.6293,450357.5082,10.01,8.19,1.807
603313,梦百合,家居用品,江苏,20161013,603313.SH,20240329,9.29,9.33,9.0,9.1,9.3,-0.2,-2.1505,49816.2,45415.483,1.0265,2.0295,1.39,125.5425,93.4908,1.3276,0.6476,0.6774,0.0,,57058.6885,48529.9039,24546.2424,519234.0654,441622.1255,10.23,8.37,1.807
603313,梦百合,家居用品,江苏,20161013,603313.SH,20240328,9.32,9.41,9.23,9.3,9.32,-0.02,-0.2146,38944.3,36348.214,0.8025,1.5866,1.06,128.3017,95.5455,1.3567,0.6619,0.6923,0.0,,57058.6885,48529.9039,24546.2424,530645.8031,451328.1063,10.25,8.39,1.807
603313,梦百合,家居用品,江苏,20161013,603313.SH,20240327,9.48,9.62,9.32,9.32,9.48,-0.16,-1.6878,29034.25,27454.429,0.5983,1.1828,0.74,128.5776,95.751,1.3597,0.6633,0.6938,0.0,,57058.6885,48529.9039,24546.2424,531786.9768,452298.7043,10.43,8.53,1.807
603313,梦百合,家居用品,江苏,20161013,603313.SH,20240326,9.4,9.5,9.18,9.48,9.38,0.1,1.0661,40451.65,37806.19,0.8335,1.648,1.1,130.7849,97.3948,1.383,0.6747,0.7057,0.0,,57058.6885,48529.9039,24546.2424,540916.367,460063.489,10.32,8.44,1.807
603313,梦百合,家居用品,江苏,20161013,603313.SH,20240325,9.47,9.62,9.35,9.38,9.46,-0.08,-0.8457,37629.3,35565.354,0.7754,1.533,1.01,129.4053,96.3674,1.3684,0.6676,0.6983,0.0,,57058.6885,48529.9039,24546.2424,535210.4981,455210.4986,10.41,8.51,1.807
603313,梦百合,家居用品,江苏,20161013,603313.SH,20240322,9.67,9.67,9.37,9.46,9.63,-0.17,-1.7653,33533.9,31851.61,0.691,1.3662,0.92,130.509,97.1893,1.3801,0.6733,0.7042,0.0,,57058.6885,48529.9039,24546.2424,539775.1932,459092.8909,10.59,8.67,1.807
603313,梦百合,家居用品,江苏,20161013,603313.SH,20240321,9.81,9.94,9.59,9.63,9.83,-0.2,-2.0346,42675.85,41492.845,0.8794,1.7386,1.25,132.8543,98.9358,1.4049,0.6854,0.7169,0.0,,57058.6885,48529.9039,24546.2424,549475.1703,467342.9746,10.81,8.85,1.807
603313,梦百合,家居用品,江苏,20161013,603313.SH,20240320,9.91,9.95,9.79,9.83,9.85,-0.02,-0.203,40573.4,39871.944,0.836,1.6529,1.14,135.6135,100.9906,1.4341,0.6996,0.7318,0.0,,57058.6885,48529.9039,24546.2424,560886.908,477048.9553,10.84,8.87,1.807
603313,梦百合,家居用品,江苏,20161013,603313.SH,20240319,10.03,10.03,9.8,9.85,10.04,-0.19,-1.8924,29600.57,29275.398,0.6099,1.2059,0.76,135.8894,101.1961,1.437,0.701,0.7333,0.0,,57058.6885,48529.9039,24546.2424,562028.0817,478019.5534,11.04,9.04,1.807
603313,梦百合,家居用品,江苏,20161013,603313.SH,20240318,10.05,10.13,9.78,10.04,10.03,0.01,0.0997,39031.5,38860.176,0.8043,1.5901,0.87,138.5106,103.1481,1.4647,0.7145,0.7474,0.0,,57058.6885,48529.9039,24546.2424,572869.2325,487240.2352,11.03,9.03,1.807
603313,梦百合,家居用品,江苏,20161013,603313.SH,20240315,9.86,10.1,9.74,10.03,9.86,0.17,1.7241,30094.81,29859.514,0.6201,1.226,0.7,138.3726,103.0453,1.4632,0.7138,0.7467,0.0,,57058.6885,48529.9039,24546.2424,572298.6457,486754.9361,10.85,8.87,1.807
603313,梦百合,家居用品,江苏,20161013,603313.SH,20240314,9.96,10.23,9.76,9.86,9.97,-0.11,-1.1033,30774.57,30685.16,0.6341,1.2537,0.71,136.0273,101.2988,1.4384,0.7017,0.734,0.0,,57058.6885,48529.9039,24546.2424,562598.6686,478504.8525,10.97,8.97,1.807
603313,梦百合,家居用品,江苏,20161013,603313.SH,20240313,9.87,10.15,9.75,9.97,9.86,0.11,1.1156,48358.21,48215.731,0.9965,1.9701,1.26,137.5449,102.4289,1.4545,0.7096,0.7422,0.0,,57058.6885,48529.9039,24546.2424,568875.1243,483843.1419,10.85,8.87,1.807
603313,梦百合,家居用品,江苏,20161013,603313.SH,20240312,9.85,9.97,9.55,9.86,9.84,0.02,0.2033,46056.2,44985.8,0.949,1.8763,1.22,136.0273,101.2988,1.4384,0.7017,0.734,0.0,,57058.6885,48529.9039,24546.2424,562598.6686,478504.8525,10.82,8.86,1.807
603313,梦百合,家居用品,江苏,20161013,603313.SH,20240311,9.44,9.97,9.31,9.84,9.44,0.4,4.2373,68126.25,65943.783,1.4038,2.7754,2.06,135.7514,101.0933,1.4355,0.7003,0.7325,0.0,,57058.6885,48529.9039,24546.2424,561457.4948,477534.2544,10.38,8.5,1.807
603313,梦百合,家居用品,江苏,20161013,603313.SH,20240308,9.45,9.58,9.38,9.44,9.46,-0.02,-0.2114,21615.0,20420.981,0.4454,0.8806,0.49,130.2331,96.9838,1.3772,0.6718,0.7027,0.0,,57058.6885,48529.9039,24546.2424,538634.0194,458122.2928,10.41,8.51,1.807
603313,梦百合,家居用品,江苏,20161013,603313.SH,20240307,9.6,9.75,9.43,9.46,9.58,-0.12,-1.2526,33169.99,31897.977,0.6835,1.3513,0.57,130.509,97.1893,1.3801,0.6733,0.7042,0.0,,57058.6885,48529.9039,24546.2424,539775.1932,459092.8909,10.54,8.62,1.807
603313,梦百合,家居用品,江苏,20161013,603313.SH,20240306,9.5,9.64,9.4,9.58,9.48,0.1,1.0549,22225.53,21221.622,0.458,0.9055,0.25,132.1645,98.4222,1.3976,0.6818,0.7132,0.0,,57058.6885,48529.9039,24546.2424,546622.2358,464916.4794,10.43,8.53,1.807
603313,梦百合,家居用品,江苏,20161013,603313.SH,20240305,9.7,9.75,9.42,9.48,9.77,-0.29,-2.9683,43757.84,41856.094,0.9017,1.7827,0.47,130.7849,97.3948,1.383,0.6747,0.7057,0.0,,57058.6885,48529.9039,24546.2424,540916.367,460063.489,10.75,8.79,1.807
603313,梦百合,家居用品,江苏,20161013,603313.SH,20240304,9.67,9.86,9.58,9.77,9.69,0.08,0.8256,44977.48,43718.169,0.9268,1.8324,0.46,134.7857,100.3742,1.4253,0.6953,0.7273,0.0,,57058.6885,48529.9039,24546.2424,557463.3866,474137.1611,10.66,8.72,1.807
603313,梦百合,家居用品,江苏,20161013,603313.SH,20240301,9.82,9.9,9.56,9.69,9.95,-0.26,-2.6131,75786.82,73433.65,1.5617,3.0875,0.85,133.682,99.5523,1.4136,0.6896,0.7214,0.0,,57058.6885,48529.9039,24546.2424,552898.6916,470254.7688,10.95,8.96,1.807
603313,梦百合,家居用品,江苏,20161013,603313.SH,20240229,10.0,10.3,9.7,9.95,10.0,-0.05,-0.5,104678.67,103828.759,2.157,4.2645,1.38,137.269,102.2234,1.4516,0.7081,0.7407,0.0,,57058.6885,48529.9039,24546.2424,567733.9506,482872.5438,11.0,9.0,1.807
603313,梦百合,家居用品,江苏,20161013,603313.SH,20240228,9.65,10.53,9.63,10.0,9.57,0.43,4.4932,174358.9,177583.596,3.5928,7.1033,3.37,137.9588,102.7371,1.4589,0.7117,0.7444,0.0,,57058.6885,48529.9039,24546.2424,570586.885,485299.039,10.53,8.61,1.807
603313,梦百合,家居用品,江苏,20161013,603313.SH,20240227,9.38,9.68,9.25,9.57,9.38,0.19,2.0256,62821.45,59447.342,1.2945,2.5593,1.37,132.0265,98.3194,1.3961,0.6811,0.7124,0.0,,57058.6885,48529.9039,24546.2424,546051.6489,464431.1803,10.32,8.44,1.807
603313,梦百合,家居用品,江苏,20161013,603313.SH,20240226,9.19,9.6,9.15,9.38,9.15,0.23,2.5137,68125.31,63922.716,1.4038,2.7754,1.49,129.4053,96.3674,1.3684,0.6676,0.6983,0.0,,57058.6885,48529.9039,24546.2424,535210.4981,455210.4986,10.07,8.24,1.807
603313,梦百合,家居用品,江苏,20161013,603313.SH,20240223,9.1,9.17,9.04,9.15,9.12,0.03,0.3289,36708.98,33464.76,0.7564,1.4955,0.67,126.2323,94.0045,1.3348,0.6512,0.6812,0.0,,57058.6885,48529.9039,24546.2424,522086.9998,444048.6207,10.03,8.21,1.807
603313,梦百合,家居用品,江苏,20161013,603313.SH,20240222,8.99,9.18,8.99,9.12,9.06,0.06,0.6623,36489.5,33105.026,0.7519,1.4866,0.51,125.8184,93.6963,1.3305,0.6491,0.6789,0.0,,57058.6885,48529.9039,24546.2424,520375.2391,442592.7236,9.97,8.15,1.807
603313,梦百合,家居用品,江苏,20161013,603313.SH,20240221,8.92,9.28,8.72,9.06,8.96,0.1,1.1161,54633.56,49649.633,1.1258,2.2257,0.7,124.9906,93.0798,1.3217,0.6448,0.6745,0.0,,57058.6885,48529.9039,24546.2424,516951.7178,439680.9293,9.86,8.06,1.807
603313,梦百合,家居用品,江苏,20161013,603313.SH,20240220,9.03,9.09,8.85,8.96,9.03,-0.07,-0.7752,32798.9,29290.459,0.6758,1.3362,0.38,123.6111,92.0525,1.3071,0.6377,0.667,0.0,,57058.6885,48529.9039,24546.2424,511245.849,434827.9389,9.93,8.13,1.807
603313,梦百合,家居用品,江苏,20161013,603313.SH,20240219,8.88,9.3,8.84,9.03,8.83,0.2,2.265,67932.53,61464.286,1.3998,2.7675,0.84,124.5768,92.7716,1.3173,0.6427,0.6722,0.0,,57058.6885,48529.9039,24546.2424,515239.9572,438225.0322,9.71,7.95,1.807
603313,梦百合,家居用品,江苏,20161013,603313.SH,20240208,8.39,8.83,8.03,8.83,8.03,0.8,9.9626,80711.68,68516.721,1.6631,3.2866,1.07,121.8176,90.7169,1.2882,0.6284,0.6573,0.0,,57058.6885,48529.9039,24557.7324,503828.2195,428519.0514,8.83,7.23,1.807
603313,梦百合,家居用品,江苏,20161013,603313.SH,20240207,8.59,8.63,7.73,8.03,8.59,-0.56,-6.5192,119566.84,97978.55,2.4638,4.8688,1.94,110.7809,82.4979,1.1715,0.5715,0.5978,0.0,,57058.6885,48529.9039,24557.7324,458181.2687,389695.1283,9.45,7.73,1.807
603313,梦百合,家居用品,江苏,20161013,603313.SH,20240206,8.11,8.88,8.05,8.59,8.37,0.22,2.6284,88479.2,74083.092,1.8232,3.6029,1.71,118.5066,88.2512,1.2532,0.6113,0.6395,0.0,,57058.6885,48529.9039,24557.7324,490134.1342,416871.8745,9.21,7.53,1.807
603313,梦百合,家居用品,江苏,20161013,603313.SH,20240205,9.0,9.0,8.16,8.37,9.07,-0.7,-7.7178,72090.7,61015.082,1.4855,2.9356,1.29,115.4715,85.991,1.2211,0.5957,0.6231,0.0,,57058.6885,48529.9039,24557.7324,477581.2227,406195.2956,9.98,8.16,1.807
603313,梦百合,家居用品,江苏,20161013,603313.SH,20240202,9.25,9.5,8.81,9.07,9.23,-0.16,-1.7335,45752.99,41832.512,0.9428,1.8631,0.81,125.1286,93.1826,1.3232,0.6455,0.6752,0.0,,57058.6885,48529.9039,24557.7324,517522.3047,440166.2284,10.15,8.31,1.807
603313,梦百合,家居用品,江苏,20161013,603313.SH,20240201,9.31,9.4,8.94,9.23,9.39,-0.16,-1.7039,50568.58,46557.752,1.042,2.0592,0.76,127.3359,94.8264,1.3465,0.6569,0.6871,0.0,,57058.6885,48529.9039,24557.7324,526651.6949,447931.013,10.33,8.45,1.807
603313,梦百合,家居用品,江苏,20161013,603313.SH,20240131,9.89,9.94,9.34,9.39,9.91,-0.52,-5.2472,51655.47,49501.608,1.0644,2.1034,0.73,129.5433,96.4702,1.3699,0.6683,0.699,0.0,,57058.6885,48529.9039,24557.7324,535781.085,455695.7976,10.9,8.92,1.807
603313,梦百合,家居用品,江苏,20161013,603313.SH,20240130,10.16,10.35,9.88,9.91,10.42,-0.51,-4.8944,38216.5,38631.751,0.7875,1.5562,0.52,136.7171,101.8125,1.4457,0.7053,0.7377,0.0,,57058.6885,48529.9039,24557.7324,565451.603,480931.3476,11.46,9.38,1.807
603313,梦百合,家居用品,江苏,20161013,603313.SH,20240129,10.42,10.8,9.98,10.42,10.34,0.08,0.7737,92484.23,95946.82,1.9057,3.766,1.33,143.753,107.0521,1.5201,0.7416,0.7757,0.0,,57058.6885,48529.9039,24557.7324,594551.5342,505681.5986,11.37,9.31,1.807
603313,梦百合,家居用品,江苏,20161013,603313.SH,20240126,10.44,10.77,10.28,10.34,10.53,-0.19,-1.8044,49354.9,51825.019,1.017,2.0097,0.64,142.6494,106.2302,1.5085,0.7359,0.7697,0.0,,57058.6885,48529.9039,24557.7324,589986.8391,501799.2063,11.58,9.48,1.807
603313,梦百合,家居用品,江苏,20161013,603313.SH,20240125,10.84,10.85,10.08,10.53,10.91,-0.38,-3.483,99154.76,103245.833,2.0432,4.0376,1.41,145.2706,108.1822,1.5362,0.7494,0.7839,0.0,,57058.6885,48529.9039,24557.7324,600827.9899,511019.8881,12.0,9.82,1.807
603313,梦百合,家居用品,江苏,20161013,603313.SH,20240124,11.03,11.38,10.4,10.91,11.03,-0.12,-1.0879,74616.43,81039.69,1.5375,3.0384,1.14,150.513,112.0862,1.5916,0.7765,0.8122,0.0,,57058.6885,48529.9039,24557.7324,622510.2915,529461.2515,12.13,9.93,1.807
603313,梦百合,家居用品,江苏,20161013,603313.SH,20240123,10.83,11.15,10.47,11.03,10.83,0.2,1.8467,52381.98,56505.164,1.0794,2.133,0.83,152.1685,113.319,1.6091,0.785,0.8211,0.0,,57058.6885,48529.9039,24557.7324,629357.3342,535284.84,11.91,9.75,1.807
603313,梦百合,家居用品,江苏,20161013,603313.SH,20240122,11.09,11.19,10.79,10.83,11.13,-0.3,-2.6954,71617.81,78380.576,1.4757,2.9163,1.19,149.4093,111.2643,1.5799,0.7708,0.8062,0.0,,57058.6885,48529.9039,24557.7324,617945.5965,525578.8592,12.24,10.02,1.807
603313,梦百合,家居用品,江苏,20161013,603313.SH,20240119,10.81,11.4,10.59,11.13,10.81,0.32,2.9602,85807.63,95271.156,1.7681,3.4941,1.65,153.5481,114.3464,1.6237,0.7921,0.8285,0.0,,57058.6885,48529.9039,24557.7324,635063.203,540137.8304,11.89,9.73,1.807
603313,梦百合,家居用品,江苏,20161013,603313.SH,20240118,10.88,11.08,10.51,10.81,10.97,-0.16,-1.4585,66965.13,72156.687,1.3799,2.7268,1.16,149.1334,111.0588,1.577,0.7693,0.8047,0.0,,57058.6885,48529.9039,24557.7324,616804.4227,524608.2612,12.07,9.87,1.807
603313,梦百合,家居用品,江苏,20161013,603313.SH,20240117,11.0,11.34,10.92,10.97,11.06,-0.09,-0.8137,50840.17,56658.962,1.0476,2.0702,0.76,151.3408,112.7026,1.6004,0.7807,0.8166,0.0,,57058.6885,48529.9039,24557.7324,625933.8128,532373.0458,12.17,9.95,1.807
603313,梦百合,家居用品,江苏,20161013,603313.SH,20240116,11.05,11.09,10.8,11.06,11.11,-0.05,-0.45,39844.51,43612.071,0.821,1.6225,0.49,152.5824,113.6273,1.6135,0.7871,0.8233,0.0,,57058.6885,48529.9039,24557.7324,631069.0948,536740.7371,12.22,10.0,1.807
603313,梦百合,家居用品,江苏,20161013,603313.SH,20240115,10.96,11.22,10.88,11.11,11.0,0.11,1.0,57563.64,63704.064,1.1861,2.344,0.7,153.2722,114.1409,1.6208,0.7907,0.8271,0.0,,57058.6885,48529.9039,24557.7324,633922.0292,539167.2323,12.1,9.9,1.807
603313,梦百合,家居用品,江苏,20161013,603313.SH,20240112,11.29,11.29,10.99,11.0,11.33,-0.33,-2.9126,44228.0,49228.038,0.9114,1.801,0.46,151.7546,113.0108,1.6047,0.7829,0.8189,0.0,,57058.6885,48529.9039,24557.7324,627645.5735,533828.9429,12.46,10.2,1.807
603313,梦百合,家居用品,江苏,20161013,603313.SH,20240111,11.2,11.38,11.03,11.33,11.49,-0.16,-1.3925,97220.69,108958.231,2.0033,3.9589,1.03,156.3073,116.4012,1.6529,0.8064,0.8434,0.0,,57058.6885,48529.9039,24557.7324,646474.9407,549843.8112,12.64,10.34,1.807
603313,梦百合,家居用品,江苏,20161013,603313.SH,20240110,11.43,11.61,11.12,11.49,11.4,0.09,0.7895,94330.79,106742.293,1.9438,3.8412,1.14,158.5146,118.045,1.6762,0.8177,0.8553,0.0,,57058.6885,48529.9039,24557.7324,655604.3309,557608.5958,12.54,10.26,1.807
603313,梦百合,家居用品,江苏,20161013,603313.SH,20240109,10.99,11.49,10.75,11.4,10.84,0.56,5.1661,114322.13,128837.579,2.3557,4.6552,1.62,157.273,117.1203,1.6631,0.8113,0.8486,0.0,,57058.6885,48529.9039,24557.7324,650469.0489,553240.9045,11.92,9.76,1.807
603313,梦百合,家居用品,江苏,20161013,603313.SH,20240108,11.08,11.19,10.8,10.84,11.16,-0.32,-2.8674,61781.88,67728.277,1.2731,2.5158,0.93,149.5473,111.367,1.5814,0.7715,0.807,0.0,,57058.6885,48529.9039,24557.7324,618516.1833,526064.1583,12.28,10.04,1.807
603313,梦百合,家居用品,江苏,20161013,603313.SH,20240105,11.09,11.57,10.88,11.16,11.08,0.08,0.722,108157.39,121480.921,2.2287,4.4042,1.92,153.962,114.6546,1.6281,0.7943,0.8308,0.0,,57058.6885,48529.9039,24557.7324,636774.9637,541593.7275,12.19,9.97,1.807
603313,梦百合,家居用品,江苏,20161013,603313.SH,20240104,10.39,11.15,10.32,11.08,10.42,0.66,6.334,92126.0,99755.739,1.8983,3.7514,1.86,152.8583,113.8327,1.6164,0.7886,0.8248,0.0,,57058.6885,48529.9039,24557.7324,632210.2686,537711.3352,11.46,9.38,1.807
603313,梦百合,家居用品,江苏,20161013,603313.SH,20240103,10.62,10.67,10.35,10.42,10.62,-0.2,-1.8832,39094.14,40974.492,0.8056,1.5919,0.83,143.753,107.0521,1.5201,0.7416,0.7757,0.0,,57058.6885,48529.9039,24557.7324,594551.5342,505681.5986,11.68,9.56,1.807
603313,梦百合,家居用品,江苏,20161013,603313.SH,20240102,10.47,10.74,10.37,10.62,10.5,0.12,1.1429,50942.84,54044.72,1.0497,2.0744,1.15,146.5122,109.1068,1.5493,0.7558,0.7906,0.0,,57058.6885,48529.9039,24557.7324,605963.2719,515387.5794,11.55,9.45,1.807
603313,梦百合,家居用品,江苏,20161013,603313.SH,20231229,10.78,10.78,10.48,10.5,10.74,-0.24,-2.2346,42835.3,45401.217,0.8827,1.7443,0.99,144.8567,107.874,1.5318,0.7473,0.7816,0.0,,57058.6885,48529.9039,24557.7324,599116.2293,509563.991,11.81,9.67,1.807
603313,梦百合,家居用品,江苏,20161013,603313.SH,20231228,10.48,10.81,10.46,10.74,10.49,0.25,2.3832,57185.51,61035.727,1.1784,2.3286,1.36,148.1677,110.3397,1.5668,0.7644,0.7995,0.0,,57058.6885,48529.9039,24557.7324,612810.3145,521211.1679,11.54,9.44,1.807
603313,梦百合,家居用品,江苏,20161013,603313.SH,20231227,10.1,10.6,9.97,10.49,10.09,0.4,3.9643,57945.49,59614.216,1.194,2.3596,1.31,144.7187,107.7712,1.5303,0.7466,0.7809,0.0,,57058.6885,48529.9039,24557.7324,598545.6424,509078.6919,11.1,9.08,1.807
603313,梦百合,家居用品,江苏,20161013,603313.SH,20231226,10.34,10.45,10.01,10.09,10.33,-0.24,-2.3233,26776.4,27242.803,0.5518,1.0903,0.5,139.2004,103.6618,1.472,0.7181,0.7511,0.0,,57058.6885,48529.9039,24557.7324,575722.167,489666.7304,11.36,9.3,1.807
603313,梦百合,家居用品,江苏,20161013,603313.SH,20231225,10.46,10.47,10.2,10.33,10.47,-0.14,-1.3372,37043.17,38160.642,0.7633,1.5084,0.49,142.5114,106.1274,1.507,0.7352,0.769,0.0,,57058.6885,48529.9039,24557.7324,589416.2522,501313.9073,11.52,9.42,1.807
603313,梦百合,家居用品,江苏,20161013,603313.SH,20231222,10.66,10.77,10.38,10.47,10.68,-0.21,-1.9663,37134.12,39187.381,0.7652,1.5121,0.41,144.4428,107.5658,1.5274,0.7451,0.7794,0.0,,57058.6885,48529.9039,24557.7324,597404.4686,508108.0938,11.75,9.61,1.807
603313,梦百合,家居用品,江苏,20161013,603313.SH,20231221,10.55,10.7,10.36,10.68,10.57,0.11,1.0407,51847.71,54746.436,1.0684,2.1113,0.59,147.34,109.7232,1.5581,0.7601,0.795,0.0,,57058.6885,48529.9039,24557.7324,609386.7932,518299.3737,11.63,9.51,1.807
603313,梦百合,家居用品,江苏,20161013,603313.SH,20231220,10.63,10.79,10.49,10.57,10.63,-0.06,-0.5644,68249.2,72268.657,1.4063,2.7791,0.86,145.8224,108.5931,1.542,0.7523,0.7869,0.0,,57058.6885,48529.9039,24557.7324,603110.3374,512961.0842,11.69,9.57,1.807
603313,梦百合,家居用品,江苏,20161013,603313.SH,20231219,10.55,10.81,10.39,10.63,10.59,0.04,0.3777,72412.9,76985.805,1.4921,2.9487,1.0,146.6502,109.2096,1.5508,0.7565,0.7913,0.0,,57058.6885,48529.9039,24557.7324,606533.8588,515872.8785,11.65,9.53,1.807
603313,梦百合,家居用品,江苏,20161013,603313.SH,20231218,10.16,10.75,10.02,10.59,10.33,0.26,2.5169,147504.19,155449.876,3.0394,6.0064,2.77,146.0983,108.7986,1.5449,0.7537,0.7883,0.0,,57058.6885,48529.9039,24557.7324,604251.5112,513931.6823,11.36,9.3,1.807
603313,梦百合,家居用品,江苏,20161013,603313.SH,20231215,10.0,10.79,10.0,10.33,9.83,0.5,5.0865,113562.22,118159.459,2.34,4.6243,3.24,142.5114,106.1274,1.507,0.7352,0.769,0.0,,57058.6885,48529.9039,24557.7324,589416.2522,501313.9073,10.81,8.85,1.807
603313,梦百合,家居用品,江苏,20161013,603313.SH,20231214,9.59,9.99,9.59,9.83,9.58,0.25,2.6096,36065.26,35452.891,0.7432,1.4686,1.07,135.6135,100.9906,1.4341,0.6996,0.7318,0.0,,57058.6885,48529.9039,24557.7324,560886.908,477048.9553,10.54,8.62,1.807
603313,梦百合,家居用品,江苏,20161013,603313.SH,20231213,9.82,9.82,9.58,9.58,9.82,-0.24,-2.444,27956.5,27035.645,0.5761,1.1384,0.86,132.1645,98.4222,1.3976,0.6818,0.7132,0.0,,57058.6885,48529.9039,24557.7324,546622.2358,464916.4794,10.8,8.84,1.807
603313,梦百合,家居用品,江苏,20161013,603313.SH,20231212,9.72,9.85,9.67,9.82,9.73,0.09,0.925,38443.58,37585.429,0.7922,1.5654,1.26,135.4755,100.8879,1.4326,0.6989,0.731,0.0,,57058.6885,48529.9039,24557.7324,560316.3211,476563.6563,10.7,8.76,1.807
603313,梦百合,家居用品,江苏,20161013,603313.SH,20231211,9.65,9.8,9.43,9.73,9.69,0.04,0.4128,49785.97,47970.904,1.0259,2.0273,1.94,134.2339,99.9632,1.4195,0.6925,0.7243,0.0,,57058.6885,48529.9039,24557.7324,555181.0391,472195.9649,10.66,8.72,1.807
603313,梦百合,家居用品,江苏,20161013,603313.SH,20231208,9.95,9.96,9.64,9.69,9.95,-0.26,-2.6131,23115.96,22669.369,0.4763,0.9413,0.82,133.682,99.5523,1.4136,0.6896,0.7214,0.0,,57058.6885,48529.9039,24557.7324,552898.6916,470254.7688,10.95,8.96,1.807
603313,梦百合,家居用品,江苏,20161013,603313.SH,20231207,9.87,10.01,9.73,9.95,9.89,0.06,0.6067,29309.07,28934.616,0.6039,1.1935,1.05,137.269,102.2234,1.4516,0.7081,0.7407,0.0,,57058.6885,48529.9039,24557.7324,567733.9506,482872.5438,10.88,8.9,1.807
603313,梦百合,家居用品,江苏,20161013,603313.SH,20231206,9.88,9.93,9.8,9.89,9.87,0.02,0.2026,21612.97,21334.789,0.4454,0.8801,0.73,136.4412,101.607,1.4428,0.7039,0.7362,0.0,,57058.6885,48529.9039,24557.7324,564310.4293,479960.7496,10.86,8.88,1.807
603313,梦百合,家居用品,江苏,20161013,603313.SH,20231205,9.97,10.07,9.86,9.87,9.98,-0.11,-1.1022,28918.0,28823.446,0.5959,1.1776,1.03,136.1653,101.4015,1.4399,0.7024,0.7348,0.0,,57058.6885,48529.9039,24557.7324,563169.2555,478990.1515,10.98,8.98,1.807
603313,梦百合,家居用品,江苏,20161013,603313.SH,20231204,10.0,10.07,9.86,9.98,10.02,-0.04,-0.3992,25253.57,25223.771,0.5204,1.0283,0.82,137.6828,102.5316,1.4559,0.7103,0.7429,0.0,,57058.6885,48529.9039,24557.7324,569445.7112,484328.4409,11.02,9.02,1.807
603313,梦百合,家居用品,江苏,20161013,603313.SH,20231201,10.15,10.15,9.82,10.02,10.11,-0.09,-0.8902,35619.9,35599.438,0.734,1.4505,1.17,138.2347,102.9426,1.4618,0.7131,0.7459,0.0,,57058.6885,48529.9039,24557.7324,571728.0588,486269.6371,11.12,9.1,1.807
603313,梦百合,家居用品,江苏,20161013,603313.SH,20231130,10.22,10.28,10.05,10.11,10.21,-0.1,-0.9794,28045.2,28367.315,0.5779,1.142,0.73,139.4763,103.8672,1.4749,0.7195,0.7526,0.0,,57058.6885,48529.9039,24557.7324,576863.3407,490637.3284,11.23,9.19,1.807
603313,梦百合,家居用品,江苏,20161013,603313.SH,20231129,10.4,10.45,10.16,10.21,10.45,-0.24,-2.2967,29667.8,30488.071,0.6113,1.2081,0.74,140.8559,104.8946,1.4895,0.7266,0.7601,0.0,,57058.6885,48529.9039,24557.7324,582569.2096,495490.3188,11.5,9.41,1.807
603313,梦百合,家居用品,江苏,20161013,603313.SH,20231128,10.37,10.51,10.32,10.45,10.43,0.02,0.1918,21244.9,22187.902,0.4378,0.8651,0.44,144.1669,107.3603,1.5245,0.7437,0.7779,0.0,,57058.6885,48529.9039,24557.7324,596263.2948,507137.4958,11.47,9.39,1.807
603313,梦百合,家居用品,江苏,20161013,603313.SH,20231127,10.37,10.51,10.28,10.43,10.45,-0.02,-0.1914,38665.71,40191.282,0.7967,1.5745,0.79,143.891,107.1548,1.5216,0.7423,0.7764,0.0,,57058.6885,48529.9039,24557.7324,595122.1211,506166.8977,11.5,9.41,1.807
603313,梦百合,家居用品,江苏,20161013,603313.SH,20231124,10.36,10.63,10.36,10.45,10.51,-0.06,-0.5709,35017.28,36562.783,0.7216,1.4259,0.74,144.1669,107.3603,1.5245,0.7437,0.7779,0.0,,57058.6885,48529.9039,24557.7324,596263.2948,507137.4958,11.56,9.46,1.807
603313,梦百合,家居用品,江苏,20161013,603313.SH,20231123,10.1,10.66,10.05,10.51,10.09,0.42,4.1625,66883.6,69567.428,1.3782,2.7235,1.55,144.9947,107.9767,1.5333,0.748,0.7824,0.0,,57058.6885,48529.9039,24557.7324,599686.8161,510049.29,11.1,9.08,1.807
603313,梦百合,家居用品,江苏,20161013,603313.SH,20231122,10.33,10.33,10.08,10.09,10.35,-0.26,-2.5121,38143.53,38786.13,0.786,1.5532,0.72,139.2004,103.6618,1.472,0.7181,0.7511,0.0,,57058.6885,48529.9039,24557.7324,575722.167,489666.7304,11.39,9.32,1.807
603313,梦百合,家居用品,江苏,20161013,603313.SH,20231121,10.26,10.55,10.22,10.35,10.26,0.09,0.8772,62468.01,65197.56,1.2872,2.5437,1.32,142.7873,106.3329,1.5099,0.7366,0.7705,0.0,,57058.6885,48529.9039,24557.7324,590557.426,502284.5054,11.29,9.23,1.807
603313,梦百合,家居用品,江苏,20161013,603313.SH,20231120,10.2,10.33,10.08,10.26,10.17,0.09,0.885,42436.42,43336.433,0.8744,1.728,0.97,141.5457,105.4083,1.4968,0.7302,0.7638,0.0,,57058.6885,48529.9039,24557.7324,585422.144,497916.814,11.19,9.15,1.807
603313,梦百合,家居用品,江苏,20161013,603313.SH,20231117,10.19,10.24,10.06,10.17,10.2,-0.03,-0.2941,27562.3,27954.5,0.5679,1.1223,0.62,140.3041,104.4837,1.4837,0.7238,0.7571,0.0,,57058.6885,48529.9039,24557.7324,580286.862,493549.1227,11.22,9.18,1.807
603313,梦百合,家居用品,江苏,20161013,603313.SH,20231116,10.27,10.37,10.07,10.2,10.34,-0.14,-1.354,45729.61,46447.229,0.9423,1.8621,1.12,140.7179,104.7919,1.488,0.7259,0.7593,0.0,,57058.6885,48529.9039,24557.7324,581998.6227,495005.0198,11.37,9.31,1.807
603313,梦百合,家居用品,江苏,20161013,603313.SH,20231115,10.22,10.56,10.21,10.34,10.16,0.18,1.7717,85485.37,88833.616,1.7615,3.481,2.6,142.6494,106.2302,1.5085,0.7359,0.7697,0.0,,57058.6885,48529.9039,24557.7324,589986.8391,501799.2063,11.18,9.14,1.807
603313,梦百合,家居用品,江苏,20161013,603313.SH,20231114,10.23,10.26,10.09,10.16,10.22,-0.06,-0.5871,34579.49,35116.509,0.7125,1.4081,0.85,140.1661,104.3809,1.4822,0.7231,0.7563,0.0,,57058.6885,48529.9039,24557.7324,579716.2752,493063.8236,11.24,9.2,1.807
603313,梦百合,家居用品,江苏,20161013,603313.SH,20231113,10.38,10.42,10.13,10.22,10.26,-0.04,-0.3899,25651.7,26212.819,0.5286,1.0445,0.61,140.9939,104.9973,1.4909,0.7274,0.7608,0.0,,57058.6885,48529.9039,24557.7324,583139.7965,495975.6179,11.29,9.23,1.807
603313,梦百合,家居用品,江苏,20161013,603313.SH,20231110,10.4,10.48,10.2,10.26,10.42,-0.16,-1.5355,31662.56,32597.591,0.6524,1.2893,0.72,120.3883,89.6525,1.5949,0.6211,0.6496,0.0,,48529.9039,48529.9039,24557.7324,497916.814,497916.814,11.46,9.38,1.807
603313,梦百合,家居用品,江苏,20161013,603313.SH,20231109,10.41,10.6,10.4,10.42,10.46,-0.04,-0.3824,26011.8,27284.268,0.536,1.0592,0.56,122.2657,91.0506,1.6197,0.6307,0.6597,0.0,,48529.9039,48529.9039,24557.7324,505681.5986,505681.5986,11.51,9.41,1.807
603313,梦百合,家居用品,江苏,20161013,603313.SH,20231108,10.48,10.59,10.2,10.46,10.5,-0.04,-0.381,46590.28,48697.666,0.96,1.8972,1.08,122.7351,91.4001,1.6259,0.6332,0.6623,0.0,,48529.9039,48529.9039,24557.7324,507622.7948,507622.7948,11.55,9.45,1.807
603313,梦百合,家居用品,江苏,20161013,603313.SH,20231107,10.65,10.66,10.26,10.5,10.49,0.01,0.0953,72963.96,76344.341,1.5035,2.9711,1.67,123.2044,91.7496,1.6322,0.6356,0.6648,0.0,,48529.9039,48529.9039,24557.7324,509563.991,509563.991,11.54,9.44,1.807
603313,梦百合,家居用品,江苏,20161013,603313.SH,20231106,10.48,10.58,10.32,10.49,10.42,0.07,0.6718,32505.8,33808.311,0.6698,1.3236,0.68,123.0871,91.6623,1.6306,0.635,0.6642,0.0,,48529.9039,48529.9039,24557.7324,509078.6919,509078.6919,11.46,9.38,1.807
603313,梦百合,家居用品,江苏,20161013,603313.SH,20231103,10.1,10.62,10.1,10.42,10.1,0.32,3.1683,42584.8,44427.604,0.8775,1.7341,0.83,122.2657,91.0506,1.6197,0.6307,0.6597,0.0,,48529.9039,48529.9039,24557.7324,505681.5986,505681.5986,11.11,9.09,1.807
603313,梦百合,家居用品,江苏,20161013,603313.SH,20231102,10.13,10.19,10.0,10.1,10.13,-0.03,-0.2962,38147.1,38446.634,0.7861,1.5534,0.62,118.5109,88.2544,1.57,0.6114,0.6395,0.0,,48529.9039,48529.9039,24557.7324,490152.0294,490152.0294,11.14,9.12,1.807
603313,梦百合,家居用品,江苏,20161013,603313.SH,20231101,10.13,10.24,10.03,10.13,10.14,-0.01,-0.0986,30117.83,30561.437,0.6206,1.2264,0.47,118.8629,88.5166,1.5747,0.6132,0.6414,0.0,,48529.9039,48529.9039,24557.7324,491607.9265,491607.9265,11.15,9.13,1.807
603313,梦百合,家居用品,江苏,20161013,603313.SH,20231031,10.6,10.6,10.0,10.14,10.58,-0.44,-4.1588,75070.0,76491.397,1.5469,2.5195,1.36,118.9803,88.6039,1.5762,0.6138,0.642,0.0,,48529.9039,48529.9039,29795.7324,492093.2255,492093.2255,11.64,9.52,1.807
603313,梦百合,家居用品,江苏,20161013,603313.SH,20231030,10.59,10.75,10.45,10.58,10.61,-0.03,-0.2828,54111.88,57089.774,1.115,1.8161,1.08,124.1431,92.827,1.6324,0.6404,0.6814,0.0,,48529.9039,48529.9039,29795.7324,513446.3833,513446.3833,11.67,9.55,1.807
603313,梦百合,家居用品,江苏,20161013,603313.SH,20231027,10.35,10.79,10.35,10.61,10.5,0.11,1.0476,58641.58,62392.048,1.2084,1.9681,1.41,124.4951,93.0902,1.637,0.6422,0.6834,0.0,,48529.9039,48529.9039,29795.7324,514902.2804,514902.2804,11.55,9.45,1.807
603313,梦百合,家居用品,江苏,20161013,603313.SH,20231026,11.05,11.08,10.22,10.5,11.05,-0.55,-4.9774,90771.33,95923.586,1.8704,3.0465,3.16,123.2044,92.1251,1.6201,0.6356,0.6763,0.0,,48529.9039,48529.9039,29795.7324,509563.991,509563.991,12.16,9.95,1.807
603313,梦百合,家居用品,江苏,20161013,603313.SH,20231025,11.19,11.33,10.95,11.05,11.15,-0.1,-0.8969,39977.0,44395.001,0.8238,1.3417,1.62,129.658,96.9507,1.7049,0.6689,0.7117,0.0,,48529.9039,48529.9039,29795.7324,536255.4381,536255.4381,12.27,10.04,1.807
603313,梦百合,家居用品,江苏,20161013,603313.SH,20231024,10.83,11.16,10.56,11.15,10.76,0.39,3.6245,32959.3,36035.271,0.6792,1.1062,1.42,130.8313,97.828,1.7203,0.6749,0.7181,0.0,,48529.9039,48529.9039,29795.7324,541108.4285,541108.4285,11.84,9.68,1.807
603313,梦百合,家居用品,江苏,20161013,603313.SH,20231023,11.1,11.24,10.72,10.76,11.15,-0.39,-3.4978,27601.9,30089.988,0.5688,0.9264,1.29,126.2552,94.4062,1.6602,0.6513,0.693,0.0,,48529.9039,48529.9039,29795.7324,522181.766,522181.766,12.27,10.04,1.807
603313,梦百合,家居用品,江苏,20161013,603313.SH,20231020,11.27,11.44,11.1,11.15,11.29,-0.14,-1.24,16398.29,18442.503,0.3379,0.5504,0.7,130.8313,97.828,1.7203,0.6749,0.7181,0.0,,48529.9039,48529.9039,29795.7324,541108.4285,541108.4285,12.42,10.16,1.807
603313,梦百合,家居用品,江苏,20161013,603313.SH,20231019,11.44,11.58,11.22,11.29,11.33,-0.04,-0.353,26703.95,30511.554,0.5503,0.8962,1.03,132.4741,99.0564,1.7419,0.6834,0.7272,0.0,,48529.9039,48529.9039,29795.7324,547902.615,547902.615,12.46,10.2,1.807
603313,梦百合,家居用品,江苏,20161013,603313.SH,20231018,11.46,11.51,11.3,11.33,11.49,-0.16,-1.3925,19929.86,22708.139,0.4107,0.6689,0.71,132.9434,99.4073,1.7481,0.6858,0.7297,0.0,,48529.9039,48529.9039,29795.7324,549843.8112,549843.8112,12.64,10.34,1.807
603313,梦百合,家居用品,江苏,20161013,603313.SH,20231017,11.44,11.56,11.22,11.49,11.41,0.08,0.7011,25476.29,28982.629,0.525,0.855,0.88,134.8208,100.8111,1.7728,0.6955,0.74,0.0,,48529.9039,48529.9039,29795.7324,557608.5958,557608.5958,12.55,10.27,1.807
603313,梦百合,家居用品,江苏,20161013,603313.SH,20231016,11.38,11.57,11.38,11.41,11.44,-0.03,-0.2622,18439.99,21103.368,0.38,0.6189,0.52,133.8821,100.1092,1.7605,0.6907,0.7349,0.0,,48529.9039,48529.9039,29795.7324,553726.2035,553726.2035,12.58,10.3,1.807
603313,梦百合,家居用品,江苏,20161013,603313.SH,20231013,11.75,11.75,11.36,11.44,11.73,-0.29,-2.4723,26078.58,29951.166,0.5374,0.8752,0.76,134.2341,100.3724,1.7651,0.6925,0.7368,0.0,,48529.9039,48529.9039,29795.7324,555182.1006,555182.1006,12.9,10.56,1.807
603313,梦百合,家居用品,江苏,20161013,603313.SH,20231012,11.37,11.77,11.37,11.73,11.4,0.33,2.8947,39129.32,45399.912,0.8063,1.3133,1.29,137.6369,102.9168,1.8098,0.71,0.7555,0.0,,48529.9039,48529.9039,29795.7324,569255.7727,569255.7727,12.54,10.26,1.807
603313,梦百合,家居用品,江苏,20161013,603313.SH,20231011,11.27,11.43,11.17,11.4,11.29,0.11,0.9743,31737.28,35786.831,0.654,1.0652,1.13,133.7648,100.0215,1.7589,0.6901,0.7342,0.0,,48529.9039,48529.9039,29795.7324,553240.9045,553240.9045,12.42,10.16,1.807
603313,梦百合,家居用品,江苏,20161013,603313.SH,20231010,11.31,11.36,11.08,11.29,11.25,0.04,0.3556,29026.41,32582.915,0.5981,0.9742,1.09,132.4741,99.0564,1.7419,0.6834,0.7272,0.0,,48529.9039,48529.9039,29795.7324,547902.615,547902.615,12.38,10.13,1.807
603313,梦百合,家居用品,江苏,20161013,603313.SH,20231009,11.85,11.85,11.14,11.25,11.83,-0.58,-4.9028,49915.91,56805.741,1.0286,1.6753,2.29,132.0047,98.7054,1.7358,0.681,0.7246,0.0,,48529.9039,48529.9039,29795.7324,545961.4189,545961.4189,13.01,10.65,1.807
603313,梦百合,家居用品,江苏,20161013,603313.SH,20230928,11.74,11.86,11.61,11.83,11.72,0.11,0.9386,21764.9,25641.137,0.4485,0.7305,1.05,138.8103,103.7942,1.8253,0.7161,0.7619,0.0,,48529.9039,48529.9039,29795.7324,574108.7631,574108.7631,12.89,10.55,1.807
603313,梦百合,家居用品,江苏,20161013,603313.SH,20230927,11.72,11.79,11.53,11.72,11.66,0.06,0.5146,19750.21,23079.292,0.407,0.6629,0.94,137.5196,102.8291,1.8083,0.7094,0.7549,0.0,,48529.9039,48529.9039,29795.7324,568770.4737,568770.4737,12.83,10.49,1.807
603313,梦百合,家居用品,江苏,20161013,603313.SH,20230926,11.83,11.86,11.64,11.66,11.83,-0.17,-1.437,19452.87,22783.08,0.4008,0.6529,0.8,136.8156,102.3027,1.799,0.7058,0.751,0.0,,48529.9039,48529.9039,29795.7324,565858.6795,565858.6795,13.01,10.65,1.807
603313,梦百合,家居用品,江苏,20161013,603313.SH,20230925,11.68,11.92,11.62,11.83,11.7,0.13,1.1111,22831.6,27022.325,0.4705,0.7663,0.85,138.8103,103.7942,1.8253,0.7161,0.7619,0.0,,48529.9039,48529.9039,29795.7324,574108.7631,574108.7631,12.87,10.53,1.807
603313,梦百合,家居用品,江苏,20161013,603313.SH,20230922,11.7,11.79,11.59,11.7,11.72,-0.02,-0.1706,25246.0,29530.161,0.5202,0.8473,0.93,137.2849,102.6536,1.8052,0.7082,0.7536,0.0,,48529.9039,48529.9039,29795.7324,567799.8756,567799.8756,12.89,10.55,1.807
603313,梦百合,家居用品,江苏,20161013,603313.SH,20230921,11.73,11.83,11.62,11.72,11.73,-0.01,-0.0853,16767.37,19626.168,0.3455,0.5627,0.59,137.5196,102.8291,1.8083,0.7094,0.7549,0.0,,48529.9039,48529.9039,29795.7324,568770.4737,568770.4737,12.9,10.56,1.807
603313,梦百合,家居用品,江苏,20161013,603313.SH,20230920,11.82,11.9,11.69,11.73,11.87,-0.14,-1.1794,20503.69,24112.084,0.4225,0.6881,0.71,137.6369,102.9168,1.8098,0.71,0.7555,0.0,,48529.9039,48529.9039,29795.7324,569255.7727,569255.7727,13.06,10.68,1.807
603313,梦百合,家居用品,江苏,20161013,603313.SH,20230919,12.0,12.07,11.7,11.87,12.08,-0.21,-1.7384,36708.14,43333.952,0.7564,1.232,1.46,139.2796,104.1452,1.8314,0.7185,0.7645,0.0,,48529.9039,48529.9039,29795.7324,576049.9593,576049.9593,13.29,10.87,1.807
603313,梦百合,家居用品,江苏,20161013,603313.SH,20230918,11.7,12.16,11.63,12.08,11.73,0.35,2.9838,34752.88,41557.905,0.7161,1.1664,1.54,141.7437,105.9877,1.8638,0.7312,0.778,0.0,,48529.9039,48529.9039,29795.7324,586241.2391,586241.2391,12.9,10.56,1.807
603313,梦百合,家居用品,江苏,20161013,603313.SH,20230915,11.56,11.81,11.52,11.73,11.55,0.18,1.5584,26955.99,31535.976,0.5555,0.9047,1.31,137.6369,102.9168,1.8098,0.71,0.7555,0.0,,48529.9039,48529.9039,29795.7324,569255.7727,569255.7727,12.71,10.4,1.807
603313,梦百合,家居用品,江苏,20161013,603313.SH,20230914,11.54,11.6,11.4,11.55,11.6,-0.05,-0.431,23534.8,27090.422,0.485,0.7899,1.11,135.5248,101.3376,1.7821,0.6991,0.7439,0.0,,48529.9039,48529.9039,29795.7324,560520.39,560520.39,12.76,10.44,1.807
603313,梦百合,家居用品,江苏,20161013,603313.SH,20230913,11.62,11.96,11.54,11.6,11.61,-0.01,-0.0861,21702.2,25315.362,0.4472,0.7284,0.94,136.1115,101.7762,1.7898,0.7022,0.7471,0.0,,48529.9039,48529.9039,29795.7324,562946.8852,562946.8852,12.77,10.45,1.807
603313,梦百合,家居用品,江苏,20161013,603313.SH,20230912,11.82,11.96,11.58,11.61,11.82,-0.21,-1.7766,18414.7,21510.247,0.3795,0.618,0.68,136.2289,101.864,1.7913,0.7028,0.7478,0.0,,48529.9039,48529.9039,29795.7324,563432.1843,563432.1843,13.0,10.64,1.807
603313,梦百合,家居用品,江苏,20161013,603313.SH,20230911,11.9,11.95,11.68,11.82,11.83,-0.01,-0.0845,22377.37,26439.646,0.4611,0.751,0.74,138.693,103.7065,1.8237,0.7155,0.7613,0.0,,48529.9039,48529.9039,29795.7324,573623.4641,573623.4641,13.01,10.65,1.807
603313,梦百合,家居用品,江苏,20161013,603313.SH,20230908,11.9,11.91,11.77,11.83,11.88,-0.05,-0.4209,17153.75,20298.374,0.3535,0.5757,0.5,138.8103,103.7942,1.8253,0.7161,0.7619,0.0,,48529.9039,48529.9039,29795.7324,574108.7631,574108.7631,13.07,10.69,1.807
603313,梦百合,家居用品,江苏,20161013,603313.SH,20230907,11.9,12.15,11.85,11.88,12.0,-0.12,-1.0,25900.36,31037.048,0.5337,0.8693,0.7,139.397,104.2329,1.833,0.7191,0.7652,0.0,,48529.9039,48529.9039,29795.7324,576535.2583,576535.2583,13.2,10.8,1.807
603313,梦百合,家居用品,江苏,20161013,603313.SH,20230906,12.07,12.29,11.98,12.0,12.15,-0.15,-1.2346,31045.65,37527.336,0.6397,1.0419,0.84,140.805,105.2858,1.8515,0.7264,0.7729,0.0,,48529.9039,48529.9039,29795.7324,582358.8468,582358.8468,13.37,10.94,1.807
603313,梦百合,家居用品,江苏,20161013,603313.SH,20230905,12.09,12.24,11.97,12.15,12.13,0.02,0.1649,38495.15,46734.371,0.7932,1.292,1.04,142.5651,106.6018,1.8746,0.7355,0.7826,0.0,,48529.9039,48529.9039,29795.7324,589638.3324,589638.3324,13.34,10.92,1.807
603313,梦百合,家居用品,江苏,20161013,603313.SH,20230904,11.95,12.26,11.9,12.13,11.95,0.18,1.5063,38923.94,47117.587,0.8021,1.3064,1.1,142.3304,106.4264,1.8716,0.7343,0.7813,0.0,,48529.9039,48529.9039,29795.7324,588667.7343,588667.7343,13.15,10.76,1.807
603313,梦百合,家居用品,江苏,20161013,603313.SH,20230901,11.67,12.04,11.58,11.95,11.61,0.34,2.9285,38861.92,46216.242,0.8008,1.3043,1.12,140.2183,104.8471,1.8438,0.7234,0.7697,0.0,,48529.9039,48529.9039,29795.7324,579932.3516,579932.3516,12.77,10.45,1.807
603313,梦百合,家居用品,江苏,20161013,603313.SH,20230831,11.51,11.67,11.41,11.61,11.56,0.05,0.4325,38079.63,44017.249,0.7847,1.278,1.19,136.2289,101.864,1.7913,0.7028,0.7478,0.0,,48529.9039,48529.9039,29795.7324,563432.1843,563432.1843,12.72,10.4,1.807
603313,梦百合,家居用品,江苏,20161013,603313.SH,20230830,11.46,11.59,11.35,11.56,11.59,-0.03,-0.2588,30892.5,35421.455,0.6366,1.0368,0.88,135.6422,101.4253,1.7836,0.6997,0.7446,0.0,,48529.9039,48529.9039,29795.7324,561005.6891,561005.6891,12.75,10.43,1.807
603313,梦百合,家居用品,江苏,20161013,603313.SH,20230829,11.28,11.59,11.16,11.59,11.3,0.29,2.5664,37448.18,42669.698,0.7717,1.2568,0.91,135.9942,101.6885,1.7882,0.7016,0.7465,0.0,,48529.9039,48529.9039,29795.7324,562461.5862,562461.5862,12.43,10.17,1.807
603313,梦百合,家居用品,江苏,20161013,603313.SH,20230828,11.77,11.9,11.3,11.3,11.4,-0.1,-0.8772,31362.09,35970.906,0.6462,1.0526,0.78,132.5914,99.1441,1.7435,0.684,0.7278,0.0,,48529.9039,48529.9039,29795.7324,548387.9141,548387.9141,12.54,10.26,1.807
603313,梦百合,家居用品,江苏,20161013,603313.SH,20230825,11.41,11.55,11.26,11.4,11.49,-0.09,-0.7833,35868.75,40793.753,0.7391,1.2038,0.91,133.7648,100.0215,1.7589,0.6901,0.7342,0.0,,48529.9039,48529.9039,29795.7324,553240.9045,553240.9045,12.64,10.34,1.807
603313,梦百合,家居用品,江苏,20161013,603313.SH,20230824,11.58,11.75,11.36,11.49,11.49,0.0,0.0,24638.5,28332.252,0.5077,0.8269,0.53,134.8208,100.8111,1.7728,0.6955,0.74,0.0,,48529.9039,48529.9039,29795.7324,557608.5958,557608.5958,12.64,10.34,1.807
603313,梦百合,家居用品,江苏,20161013,603313.SH,20230823,11.67,12.0,11.47,11.49,11.66,-0.17,-1.458,45961.15,53658.378,0.9471,1.5425,0.97,134.8208,100.8111,1.7728,0.6955,0.74,0.0,,48529.9039,48529.9039,29795.7324,557608.5958,557608.5958,12.83,10.49,1.807
603313,梦百合,家居用品,江苏,20161013,603313.SH,20230822,11.75,11.78,11.53,11.66,11.54,0.12,1.0399,68631.22,79980.863,1.4142,2.4884,1.47,136.8156,102.3027,1.799,0.7058,0.751,0.0,,48529.9039,48529.9039,27579.9772,565858.6795,565858.6795,12.69,10.39,1.807
603313,梦百合,家居用品,江苏,20161013,603313.SH,20230821,11.6,11.8,11.51,11.54,11.65,-0.11,-0.9442,27209.84,31679.856,0.5607,0.9866,0.59,135.4075,205.063,1.8643,0.6985,0.7395,0.0,,48529.9039,48529.9039,27579.9772,560035.091,560035.091,12.82,10.49,1.807
603313,梦百合,家居用品,江苏,20161013,603313.SH,20230818,11.89,11.89,11.63,11.65,11.9,-0.25,-2.1008,31108.09,36481.711,0.641,1.1279,0.69,136.6982,207.0177,1.882,0.7052,0.7466,0.0,,48529.9039,48529.9039,27579.9772,565373.3804,565373.3804,13.09,10.71,1.807
603313,梦百合,家居用品,江苏,20161013,603313.SH,20230817,11.49,11.96,11.27,11.9,11.49,0.41,3.5683,57626.38,67502.35,1.1874,2.0894,1.6,139.6317,211.4601,1.9224,0.7203,0.7626,0.0,,48529.9039,48529.9039,27579.9772,577505.8564,577505.8564,12.64,10.34,1.807
603313,梦百合,家居用品,江苏,20161013,603313.SH,20230816,11.51,11.77,11.41,11.49,11.41,0.08,0.7011,52644.43,60937.642,1.0848,1.9088,1.85,134.8208,204.1745,1.8562,0.6955,0.7363,0.0,,48529.9039,48529.9039,27579.9772,557608.5958,557608.5958,12.55,10.27,1.807
603313,梦百合,家居用品,江苏,20161013,603313.SH,20230815,11.08,11.45,11.0,11.41,11.08,0.33,2.9783,65020.16,73521.826,1.3398,2.3575,3.38,133.8821,202.7529,1.8433,0.6907,0.7312,0.0,,48529.9039,48529.9039,27579.9772,553726.2035,553726.2035,12.19,9.97,1.807
603313,梦百合,家居用品,江苏,20161013,603313.SH,20230814,10.99,11.12,10.83,11.08,11.01,0.07,0.6358,23080.04,25335.32,0.4756,0.8368,1.17,130.01,196.8889,1.79,0.6707,0.7101,0.0,,48529.9039,48529.9039,27579.9772,537711.3352,537711.3352,12.11,9.91,1.807
603313,梦百合,家居用品,江苏,20161013,603313.SH,20230811,11.13,11.2,10.97,11.01,11.1,-0.09,-0.8108,25656.4,28420.918,0.5287,0.9303,1.42,129.1886,195.645,1.7786,0.6665,0.7056,0.0,,48529.9039,48529.9039,27579.9772,534314.2419,534314.2419,12.21,9.99,1.807
603313,梦百合,家居用品,江苏,20161013,603313.SH,20230810,11.05,11.14,10.96,11.1,11.06,0.04,0.3617,13389.44,14785.767,0.2759,0.4855,0.62,130.2447,197.2443,1.7932,0.6719,0.7113,0.0,,48529.9039,48529.9039,27579.9772,538681.9333,538681.9333,12.17,9.95,1.807
603313,梦百合,家居用品,江苏,20161013,603313.SH,20230809,11.15,11.19,10.97,11.06,11.17,-0.11,-0.9848,15496.0,17154.345,0.3193,0.5619,0.47,129.7753,196.5335,1.7867,0.6695,0.7088,0.0,,48529.9039,48529.9039,27579.9772,536740.7371,536740.7371,12.29,10.05,1.807
603313,梦百合,家居用品,江苏,20161013,603313.SH,20230808,11.12,11.3,11.02,11.17,11.12,0.05,0.4496,18529.0,20660.382,0.3818,0.6718,0.53,131.066,198.4882,1.8045,0.6761,0.7158,0.0,,48529.9039,48529.9039,27579.9772,542079.0266,542079.0266,12.23,10.01,1.807
603313,梦百合,家居用品,江苏,20161013,603313.SH,20230807,11.18,11.2,11.03,11.12,11.2,-0.08,-0.7143,25255.3,28044.37,0.5204,0.9157,0.65,130.4793,197.5997,1.7964,0.6731,0.7126,0.0,,48529.9039,48529.9039,27579.9772,539652.5314,539652.5314,12.32,10.08,1.807
603313,梦百合,家居用品,江苏,20161013,603313.SH,20230804,11.45,11.58,11.19,11.2,11.42,-0.22,-1.9264,17959.8,20304.95,0.3701,0.6512,0.42,131.418,199.0213,1.8093,0.678,0.7178,0.0,,48529.9039,48529.9039,27579.9772,543534.9237,543534.9237,12.56,10.28,1.807
603313,梦百合,家居用品,江苏,20161013,603313.SH,20230803,11.38,11.55,11.19,11.42,11.38,0.04,0.3515,31103.96,35248.857,0.6409,1.1278,0.7,133.9995,202.9306,1.8449,0.6913,0.7319,0.0,,48529.9039,48529.9039,27579.9772,554211.5025,554211.5025,12.52,10.24,1.807
603313,梦百合,家居用品,江苏,20161013,603313.SH,20230802,11.55,11.62,11.28,11.38,11.55,-0.17,-1.4719,70433.25,80096.036,1.4513,2.5538,1.87,133.5301,202.2198,1.8384,0.6889,0.7293,0.0,,48529.9039,48529.9039,27579.9772,552270.3064,552270.3064,12.71,10.4,1.807
603313,梦百合,家居用品,江苏,20161013,603313.SH,20230801,11.61,11.84,11.5,11.55,11.61,-0.06,-0.5168,30843.99,35865.684,0.6356,1.1183,0.8,135.5248,205.2407,1.8659,0.6991,0.7402,0.0,,48529.9039,48529.9039,27579.9772,560520.39,560520.39,12.77,10.45,1.807
603313,梦百合,家居用品,江苏,20161013,603313.SH,20230731,11.49,11.74,11.43,11.61,11.46,0.15,1.3089,43088.0,49920.502,0.8879,1.5623,1.17,136.2289,206.3069,1.8756,0.7028,0.744,0.0,,48529.9039,48529.9039,27579.9772,563432.1843,563432.1843,12.61,10.31,1.807
603313,梦百合,家居用品,江苏,20161013,603313.SH,20230728,11.18,11.57,11.16,11.46,11.18,0.28,2.5045,40297.68,46108.882,0.8304,1.4611,1.1,134.4688,203.6414,1.8513,0.6937,0.7344,0.0,,48529.9039,48529.9039,27579.9772,556152.6987,556152.6987,12.3,10.06,1.807
603313,梦百合,家居用品,江苏,20161013,603313.SH,20230727,11.32,11.4,11.11,11.18,11.28,-0.1,-0.8865,38785.02,43505.897,0.7992,1.4063,0.95,131.1834,198.6659,1.8061,0.6767,0.7165,0.0,,48529.9039,48529.9039,27579.9772,542564.3256,542564.3256,12.41,10.15,1.807
603313,梦百合,家居用品,江苏,20161013,603313.SH,20230726,11.54,11.58,11.22,11.28,11.48,-0.2,-1.7422,35591.42,40353.138,0.7334,1.2905,0.63,132.3567,200.4428,1.8223,0.6828,0.7229,0.0,,48529.9039,48529.9039,27579.9772,547417.316,547417.316,12.63,10.33,1.807
603313,梦百合,家居用品,江苏,20161013,603313.SH,20230725,11.5,11.68,11.43,11.48,11.4,0.08,0.7018,34503.5,39856.723,0.711,1.251,0.57,134.7035,203.9968,1.8546,0.6949,0.7357,0.0,,48529.9039,48529.9039,27579.9772,557123.2968,557123.2968,12.54,10.26,1.807
603313,梦百合,家居用品,江苏,20161013,603313.SH,20230724,11.48,11.55,11.24,11.4,11.4,0.0,0.0,35001.68,39695.563,0.7212,1.2691,0.58,133.7648,202.5752,1.8416,0.6901,0.7306,0.0,,48529.9039,48529.9039,27579.9772,553240.9045,553240.9045,12.54,10.26,1.807
603313,梦百合,家居用品,江苏,20161013,603313.SH,20230721,11.46,11.46,11.22,11.4,11.47,-0.07,-0.6103,40102.49,45511.953,0.8263,1.454,0.69,133.7648,202.5752,1.8416,0.6901,0.7306,0.0,,48529.9039,48529.9039,27579.9772,553240.9045,553240.9045,12.62,10.32,1.807
603313,梦百合,家居用品,江苏,20161013,603313.SH,20230720,11.66,11.75,11.43,11.47,11.67,-0.2,-1.7138,57864.68,66732.931,1.1924,2.0981,1.13,134.5861,203.8191,1.853,0.6943,0.7351,0.0,,48529.9039,48529.9039,27579.9772,556637.9977,556637.9977,12.84,10.5,1.807
603313,梦百合,家居用品,江苏,20161013,603313.SH,20230719,11.08,11.78,11.01,11.67,11.09,0.58,5.2299,113162.4,130423.755,2.3318,4.1031,3.12,136.9329,207.3731,1.8853,0.7064,0.7479,0.0,,48529.9039,48529.9039,27579.9772,566343.9785,566343.9785,12.2,9.98,1.807
603313,梦百合,家居用品,江苏,20161013,603313.SH,20230718,10.71,11.22,10.65,11.09,10.71,0.38,3.5481,58968.7,65240.988,1.2151,2.1381,1.93,130.1273,197.0666,1.7916,0.6713,0.7107,0.0,,48529.9039,48529.9039,27579.9772,538196.6343,538196.6343,11.78,9.64,1.807
603313,梦百合,家居用品,江苏,20161013,603313.SH,20230717,10.69,10.74,10.45,10.71,10.71,0.0,0.0,29417.1,31125.68,0.6062,1.0666,0.71,125.6685,190.3141,1.7302,0.6483,0.6864,0.0,,48529.9039,48529.9039,27579.9772,519755.2708,519755.2708,11.78,9.64,1.807
603313,梦百合,家居用品,江苏,20161013,603313.SH,20230714,10.8,10.8,10.6,10.71,10.79,-0.08,-0.7414,32340.3,34592.275,0.6664,1.1726,0.61,125.6685,190.3141,1.7302,0.6483,0.6864,0.0,,48529.9039,48529.9039,27579.9772,519755.2708,519755.2708,11.87,9.71,1.807
603313,梦百合,家居用品,江苏,20161013,603313.SH,20230713,10.81,10.9,10.74,10.79,10.79,0.0,0.0,21929.75,23658.458,0.4519,0.7951,0.36,126.6072,191.7357,1.7431,0.6531,0.6915,0.0,,48529.9039,48529.9039,27579.9772,523637.6631,523637.6631,11.87,9.71,1.807
603313,梦百合,家居用品,江苏,20161013,603313.SH,20230712,10.92,10.95,10.76,10.79,10.94,-0.15,-1.3711,38564.78,41722.037,0.7947,1.3983,0.54,126.6072,191.7357,1.7431,0.6531,0.6915,0.0,,48529.9039,48529.9039,27579.9772,523637.6631,523637.6631,12.03,9.85,1.807
603313,梦百合,家居用品,江苏,20161013,603313.SH,20230711,10.97,11.0,10.81,10.94,10.9,0.04,0.367,30857.39,33579.743,0.6358,1.1188,0.41,128.3673,194.4011,1.7673,0.6622,0.7011,0.0,,48529.9039,48529.9039,27579.9772,530917.1487,530917.1487,11.99,9.81,1.807
603313,梦百合,家居用品,江苏,20161013,603313.SH,20230710,10.88,11.09,10.8,10.9,10.81,0.09,0.8326,82757.97,90632.584,1.7053,3.0007,1.21,127.8979,193.6903,1.7609,0.6598,0.6985,0.0,,48529.9039,48529.9039,27579.9772,528975.9525,528975.9525,11.89,9.73,1.807
603313,梦百合,家居用品,江苏,20161013,603313.SH,20230707,10.58,11.13,10.53,10.81,10.6,0.21,1.9811,89702.54,97659.501,1.8484,3.2525,1.38,126.8419,192.0911,1.7463,0.6543,0.6928,0.0,,48529.9039,48529.9039,27579.9772,524608.2612,524608.2612,11.66,9.54,1.807
603313,梦百合,家居用品,江苏,20161013,603313.SH,20230706,10.48,10.75,10.4,10.6,10.53,0.07,0.6648,61539.01,65215.841,1.2681,2.2313,1.09,124.3778,188.3594,1.7124,0.6416,0.6793,0.0,,48529.9039,48529.9039,27579.9772,514416.9813,514416.9813,11.58,9.48,1.807
603313,梦百合,家居用品,江苏,20161013,603313.SH,20230705,10.17,10.64,10.09,10.53,10.17,0.36,3.5398,92647.9,96857.048,1.9091,3.3592,2.1,123.5564,187.1155,1.7011,0.6374,0.6748,0.0,,48529.9039,48529.9039,27579.9772,511019.8881,511019.8881,11.19,9.15,1.807
603313,梦百合,家居用品,江苏,20161013,603313.SH,20230704,10.02,10.28,10.02,10.17,10.11,0.06,0.5935,46640.24,47299.125,0.9611,1.6911,1.08,119.3323,180.7184,1.6429,0.6156,0.6517,0.0,,48529.9039,48529.9039,27579.9772,493549.1227,493549.1227,11.12,9.1,1.807
603313,梦百合,家居用品,江苏,20161013,603313.SH,20230703,10.0,10.17,9.82,10.11,10.03,0.08,0.7976,50196.67,50201.327,1.0343,1.82,1.32,118.6282,179.6522,1.6332,0.612,0.6479,0.0,,48529.9039,48529.9039,27579.9772,490637.3284,490637.3284,11.03,9.03,1.807
603313,梦百合,家居用品,江苏,20161013,603313.SH,20230630,9.69,10.08,9.62,10.03,9.59,0.44,4.5881,74310.61,73805.689,1.5312,2.6944,2.77,117.6895,178.2307,1.6203,0.6071,0.6428,0.0,,48529.9039,48529.9039,27579.9772,486754.9361,486754.9361,10.55,8.63,1.807
603313,梦百合,家居用品,江苏,20161013,603313.SH,20230629,9.65,9.65,9.54,9.59,9.61,-0.02,-0.2081,18542.24,17781.912,0.3821,0.6723,0.67,112.5267,170.412,1.5492,0.5805,0.6146,0.0,,48529.9039,48529.9039,27579.9772,465401.7784,465401.7784,10.57,8.65,1.807
603313,梦百合,家居用品,江苏,20161013,603313.SH,20230628,9.52,9.64,9.43,9.61,9.5,0.11,1.1579,31251.73,29842.898,0.644,1.1331,1.14,112.7614,170.7674,1.5525,0.5817,0.6159,0.0,,48529.9039,48529.9039,27579.9772,466372.3765,466372.3765,10.45,8.55,1.807
603313,梦百合,家居用品,江苏,20161013,603313.SH,20230627,9.15,9.52,9.06,9.5,9.12,0.38,4.1667,41548.09,39096.709,0.8561,1.5065,1.77,111.4707,168.8127,1.5347,0.5751,0.6088,0.0,,48529.9039,48529.9039,27579.9772,461034.0871,461034.0871,10.03,8.21,1.807
603313,梦百合,家居用品,江苏,20161013,603313.SH,20230626,9.1,9.23,9.02,9.12,9.15,-0.03,-0.3279,25135.36,22953.058,0.5179,0.9114,1.13,107.0118,162.0602,1.4733,0.5521,0.5845,0.0,,48529.9039,48529.9039,27579.9772,442592.7236,442592.7236,10.07,8.24,1.807
603313,梦百合,家居用品,江苏,20161013,603313.SH,20230621,9.3,9.35,9.1,9.15,9.24,-0.09,-0.974,17537.6,16187.24,0.3614,0.6359,0.75,107.3638,162.5933,1.4782,0.5539,0.5864,0.0,,48529.9039,48529.9039,27579.9772,444048.6207,444048.6207,10.16,8.32,1.807
603313,梦百合,家居用品,江苏,20161013,603313.SH,20230620,9.41,9.41,9.21,9.24,9.39,-0.15,-1.5974,23196.43,21499.465,0.478,0.8411,0.93,108.4199,164.1925,1.4927,0.5593,0.5921,0.0,,48529.9039,48529.9039,27579.9772,448416.312,448416.312,10.33,8.45,1.807
603313,梦百合,家居用品,江苏,20161013,603313.SH,20230619,9.48,9.56,9.35,9.39,9.53,-0.14,-1.469,29433.2,27716.537,0.6065,1.0672,0.9,110.1799,166.858,1.5169,0.5684,0.6018,0.0,,48529.9039,48529.9039,27579.9772,455695.7976,455695.7976,10.48,8.58,1.807
603313,梦百合,家居用品,江苏,20161013,603313.SH,20230616,9.44,9.55,9.42,9.53,9.45,0.08,0.8466,21994.8,20877.166,0.4532,0.7975,0.56,111.8227,169.3458,1.5396,0.5769,0.6107,0.0,,48529.9039,48529.9039,27579.9772,462489.9842,462489.9842,10.4,8.51,1.807
603313,梦百合,家居用品,江苏,20161013,603313.SH,20230615,9.4,9.52,9.34,9.45,9.35,0.1,1.0695,19051.86,17974.364,0.3926,0.6908,0.48,110.884,167.9242,1.5266,0.572,0.6056,0.0,,48529.9039,48529.9039,27579.9772,458607.5919,458607.5919,10.29,8.42,1.807
603313,梦百合,家居用品,江苏,20161013,603313.SH,20230614,9.46,9.47,9.32,9.35,9.43,-0.08,-0.8484,22525.8,21148.616,0.4642,0.8167,0.59,109.7106,166.1472,1.5105,0.566,0.5992,0.0,,48529.9039,48529.9039,27579.9772,453754.6015,453754.6015,10.37,8.49,1.807
603313,梦百合,家居用品,江苏,20161013,603313.SH,20230613,9.37,9.58,9.37,9.43,9.44,-0.01,-0.1059,31660.41,29943.409,0.6524,1.1479,0.84,110.6493,167.5688,1.5234,0.5708,0.6043,0.0,,48529.9039,48529.9039,27579.9772,457636.9938,457636.9938,10.38,8.5,1.807
603313,梦百合,家居用品,江苏,20161013,603313.SH,20230612,9.18,9.49,8.85,9.44,9.18,0.26,2.8322,68274.57,62796.053,1.4069,2.4755,2.35,110.7666,167.7465,1.525,0.5714,0.605,0.0,,48529.9039,48529.9039,27579.9772,458122.2928,458122.2928,10.1,8.26,1.807
603313,梦百合,家居用品,江苏,20161013,603313.SH,20230609,9.5,9.5,9.16,9.18,9.45,-0.27,-2.8571,55501.2,51380.281,1.1436,2.0124,1.99,107.7159,163.1264,1.483,0.5557,0.5883,0.0,,48529.9039,48529.9039,27579.9772,445504.5178,445504.5178,10.4,8.51,1.807
603313,梦百合,家居用品,江苏,20161013,603313.SH,20230608,9.46,9.55,9.37,9.45,9.46,-0.01,-0.1057,19139.93,18099.495,0.3944,0.694,0.71,110.884,167.9242,1.5266,0.572,0.6056,0.0,,48529.9039,48529.9039,27579.9772,458607.5919,458607.5919,10.41,8.51,1.807
603313,梦百合,家居用品,江苏,20161013,603313.SH,20230607,9.45,9.67,9.44,9.46,9.48,-0.02,-0.211,17719.5,16885.776,0.3651,0.6425,0.65,111.0013,168.1019,1.5282,0.5726,0.6062,0.0,,48529.9039,48529.9039,27579.9772,459092.8909,459092.8909,10.43,8.53,1.807
603313,梦百合,家居用品,江苏,20161013,603313.SH,20230606,9.63,9.76,9.46,9.48,9.62,-0.14,-1.4553,28721.96,27574.303,0.5918,1.0414,1.14,111.236,168.4573,1.5315,0.5738,0.6075,0.0,,48529.9039,48529.9039,27579.9772,460063.489,460063.489,10.58,8.66,1.807
603313,梦百合,家居用品,江苏,20161013,603313.SH,20230605,9.85,9.85,9.57,9.62,9.83,-0.21,-2.1363,24171.41,23284.632,0.4981,0.8764,0.99,112.8787,170.9451,1.5541,0.5823,0.6165,0.0,,48529.9039,48529.9039,27579.9772,466857.6755,466857.6755,10.81,8.85,1.807
603313,梦百合,家居用品,江苏,20161013,603313.SH,20230602,9.4,9.95,9.34,9.83,9.32,0.51,5.4721,49554.15,48143.735,1.0211,1.7967,2.8,115.3428,174.6767,1.588,0.595,0.63,0.0,,48529.9039,48529.9039,27579.9772,477048.9553,477048.9553,10.25,8.39,1.807
603313,梦百合,家居用品,江苏,20161013,603313.SH,20230601,9.22,9.44,9.16,9.32,9.24,0.08,0.8658,14723.57,13722.983,0.3034,0.5338,0.77,109.3586,165.6141,1.5056,0.5642,0.5973,0.0,,48529.9039,48529.9039,27579.9772,452298.7043,452298.7043,10.16,8.32,1.807
603313,梦百合,家居用品,江苏,20161013,603313.SH,20230531,9.3,9.37,9.19,9.24,9.35,-0.11,-1.1765,19589.37,18167.617,0.4037,0.7103,1.05,108.4199,164.1925,1.4927,0.5593,0.5921,0.0,,48529.9039,48529.9039,27579.9772,448416.312,448416.312,10.29,8.42,1.807
603313,梦百合,家居用品,江苏,20161013,603313.SH,20230530,9.38,9.41,9.19,9.35,9.34,0.01,0.1071,18085.29,16777.282,0.3727,0.6557,0.96,109.7106,166.1472,1.5105,0.566,0.5992,0.0,,48529.9039,48529.9039,27579.9772,453754.6015,453754.6015,10.27,8.41,1.807
603313,梦百合,家居用品,江苏,20161013,603313.SH,20230529,9.46,9.56,9.33,9.34,9.44,-0.1,-1.0593,19740.73,18660.913,0.4068,0.7158,1.04,109.5933,165.9695,1.5089,0.5654,0.5986,0.0,,48529.9039,48529.9039,27579.9772,453269.3024,453269.3024,10.38,8.5,1.807
603313,梦百合,家居用品,江苏,20161013,603313.SH,20230526,9.45,9.49,9.29,9.44,9.42,0.02,0.2123,16437.26,15428.981,0.3387,0.596,0.77,110.7666,167.7465,1.525,0.5714,0.605,0.0,,48529.9039,48529.9039,27579.9772,458122.2928,458122.2928,10.36,8.48,1.807
603313,梦百合,家居用品,江苏,20161013,603313.SH,20230525,9.52,9.57,9.3,9.42,9.54,-0.12,-1.2579,21545.01,20298.586,0.444,0.7812,1.07,110.532,167.3911,1.5218,0.5702,0.6037,0.0,,48529.9039,48529.9039,27579.9772,457151.6947,457151.6947,10.49,8.59,1.807
603313,梦百合,家居用品,江苏,20161013,603313.SH,20230524,9.73,9.74,9.53,9.54,9.68,-0.14,-1.4463,17517.0,16809.616,0.361,0.6351,0.85,111.94,169.5235,1.5412,0.5775,0.6114,0.0,,48529.9039,48529.9039,27579.9772,462975.2832,462975.2832,10.65,8.71,1.807
603313,梦百合,家居用品,江苏,20161013,603313.SH,20230523,9.82,9.84,9.66,9.68,9.82,-0.14,-1.4257,18971.55,18494.813,0.3909,0.6879,0.98,113.5827,172.0112,1.5638,0.5859,0.6203,0.0,,48529.9039,48529.9039,27579.9772,469769.4698,469769.4698,10.8,8.84,1.807
603313,梦百合,家居用品,江苏,20161013,603313.SH,20230522,9.68,9.83,9.57,9.82,9.68,0.14,1.4463,20726.04,20210.754,0.4271,0.7515,1.04,115.2255,174.499,1.5864,0.5944,0.6293,0.0,,48529.9039,48529.9039,27579.9772,476563.6563,476563.6563,10.65,8.71,1.807
603313,梦百合,家居用品,江苏,20161013,603313.SH,20230519,9.66,9.72,9.37,9.68,9.63,0.05,0.5192,27535.37,26318.274,0.5674,0.9984,1.57,113.5827,172.0112,1.5638,0.5859,0.6203,0.0,,48529.9039,48529.9039,27579.9772,469769.4698,469769.4698,10.59,8.67,1.807
603313,梦百合,家居用品,江苏,20161013,603313.SH,20230518,9.76,9.76,9.62,9.63,9.73,-0.1,-1.0277,15924.98,15379.459,0.3281,0.5774,0.93,112.996,171.1228,1.5557,0.5829,0.6171,0.0,,48529.9039,48529.9039,27579.9772,467342.9746,467342.9746,10.7,8.76,1.807
603313,梦百合,家居用品,江苏,20161013,603313.SH,20230517,9.77,9.84,9.69,9.73,9.8,-0.07,-0.7143,20301.28,19781.37,0.4183,0.7361,1.23,114.1694,172.8997,1.5719,0.589,0.6235,0.0,,48529.9039,48529.9039,27579.9772,472195.9649,472195.9649,10.78,8.82,1.807
603313,梦百合,家居用品,江苏,20161013,603313.SH,20230516,9.91,9.92,9.77,9.8,9.91,-0.11,-1.11,12762.69,12532.09,0.263,0.4628,0.73,114.9908,174.1436,1.5832,0.5932,0.628,0.0,,48529.9039,48529.9039,27579.9772,475593.0582,475593.0582,10.9,8.92,1.807
603313,梦百合,家居用品,江苏,20161013,603313.SH,20230515,9.81,9.91,9.66,9.91,9.77,0.14,1.433,22683.22,22235.24,0.4674,0.8225,1.35,116.2815,176.0983,1.6009,0.5999,0.6351,0.0,,48529.9039,48529.9039,27579.9772,480931.3476,480931.3476,10.75,8.79,1.807
603313,梦百合,家居用品,江苏,20161013,603313.SH,20230512,9.84,9.98,9.77,9.77,9.8,-0.03,-0.3061,16115.32,15891.83,0.3321,0.5843,0.88,114.6388,173.6105,1.5783,0.5914,0.6261,0.0,,48529.9039,48529.9039,27579.9772,474137.1611,474137.1611,10.78,8.82,1.807
603313,梦百合,家居用品,江苏,20161013,603313.SH,20230511,9.98,9.98,9.79,9.8,9.86,-0.06,-0.6085,14184.79,13960.591,0.2923,0.5143,0.6,114.9908,174.1436,1.5832,0.5932,0.628,0.0,,48529.9039,48529.9039,27579.9772,475593.0582,475593.0582,10.85,8.87,1.807
603313,梦百合,家居用品,江苏,20161013,603313.SH,20230510,9.74,9.96,9.74,9.86,9.74,0.12,1.232,16831.5,16610.182,0.3468,0.6103,0.57,115.6948,175.2098,1.5929,0.5968,0.6319,0.0,,48529.9039,48529.9039,27579.9772,478504.8525,478504.8525,10.71,8.77,1.807
603313,梦百合,家居用品,江苏,20161013,603313.SH,20230509,9.81,9.9,9.68,9.74,9.78,-0.04,-0.409,18042.02,17681.281,0.3718,0.6542,0.55,114.2868,173.0774,1.5735,0.5896,0.6242,0.0,,48529.9039,48529.9039,27579.9772,472681.264,472681.264,10.76,8.8,1.807
603313,梦百合,家居用品,江苏,20161013,603313.SH,20230508,9.78,9.88,9.73,9.78,9.8,-0.02,-0.2041,18556.1,18152.923,0.3824,0.6728,0.54,114.7561,173.7882,1.5799,0.592,0.6268,0.0,,48529.9039,48529.9039,27579.9772,474622.4601,474622.4601,10.78,8.82,1.807
603313,梦百合,家居用品,江苏,20161013,603313.SH,20230505,9.92,9.98,9.72,9.8,9.88,-0.08,-0.8097,23760.3,23334.316,0.4896,0.8615,0.67,114.9908,174.1436,1.5832,0.5932,0.628,0.0,,48529.9039,48529.9039,27579.9772,475593.0582,475593.0582,10.87,8.89,1.807
603313,梦百合,家居用品,江苏,20161013,603313.SH,20230504,9.93,10.13,9.81,9.88,10.2,-0.32,-3.1373,41761.19,41366.673,0.8605,1.5258,1.32,115.9295,175.5652,1.5961,0.5981,0.6332,0.0,,48529.9039,48529.9039,27369.2472,479475.4505,479475.4505,11.22,9.18,1.807
603313,梦百合,家居用品,江苏,20161013,603313.SH,20230428,9.97,10.4,9.9,10.2,9.95,0.25,2.5126,45986.92,46599.923,0.9476,1.6802,1.55,119.6843,119.6843,1.6623,0.6174,0.6174,0.0,,48529.9039,48529.9039,27369.2472,495005.0198,495005.0198,10.95,8.96,1.807
603313,梦百合,家居用品,江苏,20161013,603313.SH,20230427,9.87,10.06,9.72,9.95,9.86,0.09,0.9128,33187.68,32908.833,0.6839,1.2126,1.17,116.7508,116.7508,1.6216,0.6023,0.6023,0.0,,48529.9039,48529.9039,27369.2472,482872.5438,482872.5438,10.85,8.87,1.807
603313,梦百合,家居用品,江苏,20161013,603313.SH,20230426,9.59,9.89,9.59,9.86,9.76,0.1,1.0246,26006.18,25478.028,0.5359,0.9502,0.91,115.6948,115.6948,1.6069,0.5968,0.5968,0.0,,48529.9039,48529.9039,27369.2472,478504.8525,478504.8525,10.74,8.78,1.807
603313,梦百合,家居用品,江苏,20161013,603313.SH,20230425,9.99,10.0,9.56,9.76,9.93,-0.17,-1.712,31334.25,30512.105,0.6457,1.1449,1.09,114.5214,114.5214,1.5906,0.5908,0.5908,0.0,,48529.9039,48529.9039,27369.2472,473651.8621,473651.8621,10.92,8.94,1.807
603313,梦百合,家居用品,江苏,20161013,603313.SH,20230424,9.94,10.04,9.79,9.93,9.94,-0.01,-0.1006,22046.75,21860.623,0.4543,0.8055,0.76,,118.5946,1.6205,0.5921,0.5996,0.0,,48529.9039,48529.9039,27369.2472,481901.9457,481901.9457,10.93,8.95,1.807
603313,梦百合,家居用品,江苏,20161013,603313.SH,20230421,10.11,10.33,9.92,9.94,10.22,-0.28,-2.7397,35549.17,35775.907,0.7325,1.2989,1.28,,118.714,1.6221,0.5927,0.6002,0.0,,48529.9039,48529.9039,27369.2472,482387.2448,482387.2448,11.24,9.2,1.807
603313,梦百合,家居用品,江苏,20161013,603313.SH,20230420,10.43,10.48,10.18,10.22,10.49,-0.27,-2.5739,26552.99,27273.785,0.5471,0.9702,0.95,,122.0581,1.6678,0.6094,0.6171,0.0,,48529.9039,48529.9039,27369.2472,495975.6179,495975.6179,11.54,9.44,1.807
603313,梦百合,家居用品,江苏,20161013,603313.SH,20230419,10.66,10.72,10.47,10.49,10.73,-0.24,-2.2367,26738.68,28257.863,0.551,0.977,0.98,,125.2827,1.7118,0.6255,0.6334,0.0,,48529.9039,48529.9039,27369.2472,509078.6919,509078.6919,11.8,9.66,1.807
603313,梦百合,家居用品,江苏,20161013,603313.SH,20230418,10.67,10.9,10.5,10.73,10.64,0.09,0.8459,33323.56,35602.848,0.6867,1.2176,1.3,,128.149,1.751,0.6398,0.6479,0.0,,48529.9039,48529.9039,27369.2472,520725.8688,520725.8688,11.7,9.58,1.807
603313,梦百合,家居用品,江苏,20161013,603313.SH,20230417,10.63,10.77,10.57,10.64,10.72,-0.08,-0.7463,23827.19,25387.951,0.491,0.8706,0.95,,127.0741,1.7363,0.6344,0.6425,0.0,,48529.9039,48529.9039,27369.2472,516358.1775,516358.1775,11.79,9.65,1.807
603313,梦百合,家居用品,江苏,20161013,603313.SH,20230414,10.72,10.8,10.62,10.72,10.61,0.11,1.0368,28121.5,30106.792,0.5795,1.0275,1.07,,128.0296,1.7494,0.6392,0.6473,0.0,,48529.9039,48529.9039,27369.2472,520240.5698,520240.5698,11.67,9.55,1.807
603313,梦百合,家居用品,江苏,20161013,603313.SH,20230413,10.74,10.85,10.6,10.61,10.73,-0.12,-1.1184,27285.9,29121.159,0.5622,0.997,0.96,,1546.4809,1.7111,0.6326,0.6359,0.0,,48529.9039,48529.9039,27369.2472,514902.2804,514902.2804,11.8,9.66,1.807
603313,梦百合,家居用品,江苏,20161013,603313.SH,20230412,10.84,10.9,10.72,10.73,10.85,-0.12,-1.106,23195.86,25017.254,0.478,0.8475,0.76,,1563.9717,1.7305,0.6398,0.6431,0.0,,48529.9039,48529.9039,27369.2472,520725.8688,520725.8688,11.94,9.77,1.807
603313,梦百合,家居用品,江苏,20161013,603313.SH,20230411,11.0,11.0,10.77,10.85,10.85,0.0,0.0,25566.5,27764.462,0.5268,0.9341,0.79,,1581.4626,1.7499,0.6469,0.6503,0.0,,48529.9039,48529.9039,27369.2472,526549.4573,526549.4573,11.94,9.77,1.807
603313,梦百合,家居用品,江苏,20161013,603313.SH,20230410,11.02,11.08,10.8,10.85,10.99,-0.14,-1.2739,20987.24,22897.359,0.4325,0.7668,0.6,,1581.4626,1.7499,0.6469,0.6503,0.0,,48529.9039,48529.9039,27369.2472,526549.4573,526549.4573,12.09,9.89,1.807
603313,梦百合,家居用品,江苏,20161013,603313.SH,20230407,10.82,11.09,10.82,10.99,10.9,0.09,0.8257,33800.55,37114.61,0.6965,1.235,1.02,,1601.8685,1.7724,0.6553,0.6587,0.0,,48529.9039,48529.9039,27369.2472,533343.6439,533343.6439,11.99,9.81,1.807
603313,梦百合,家居用品,江苏,20161013,603313.SH,20230406,10.68,10.95,10.64,10.9,10.72,0.18,1.6791,38168.61,41268.944,0.7865,1.3946,1.23,,1588.7504,1.7579,0.6499,0.6533,0.0,,48529.9039,48529.9039,27369.2472,528975.9525,528975.9525,11.79,9.65,1.807
603313,梦百合,家居用品,江苏,20161013,603313.SH,20230404,10.97,11.2,10.68,10.72,10.93,-0.21,-1.9213,34510.82,37345.744,0.7111,1.2609,1.17,,1562.5142,1.7289,0.6392,0.6425,0.0,,48529.9039,48529.9039,27369.2472,520240.5698,520240.5698,12.02,9.84,1.807
603313,梦百合,家居用品,江苏,20161013,603313.SH,20230403,10.69,11.01,10.62,10.93,10.69,0.24,2.2451,34781.27,37848.828,0.7167,1.2708,1.26,,1593.1231,1.7628,0.6517,0.6551,0.0,,48529.9039,48529.9039,27369.2472,530431.8496,530431.8496,11.76,9.62,1.807
603313,梦百合,家居用品,江苏,20161013,603313.SH,20230331,10.55,10.74,10.45,10.69,10.56,0.13,1.2311,32516.56,34630.292,0.67,1.1881,1.36,,1558.1415,1.7241,0.6374,0.6407,0.0,,48529.9039,48529.9039,27369.2472,518784.6727,518784.6727,11.62,9.5,1.807
603313,梦百合,家居用品,江苏,20161013,603313.SH,20230330,10.45,10.63,10.31,10.56,10.45,0.11,1.0526,25870.01,27016.673,0.5331,0.9452,1.11,,1539.1931,1.7031,0.6296,0.6329,0.0,,48529.9039,48529.9039,27369.2472,512475.7852,512475.7852,11.5,9.41,1.807
603313,梦百合,家居用品,江苏,20161013,603313.SH,20230329,10.55,10.6,10.4,10.45,10.54,-0.09,-0.8539,27155.8,28454.802,0.5596,0.9922,1.19,,1523.1598,1.6853,0.6231,0.6263,0.0,,48529.9039,48529.9039,27369.2472,507137.4958,507137.4958,11.59,9.49,1.807
603313,梦百合,家居用品,江苏,20161013,603313.SH,20230328,10.61,10.65,10.45,10.54,10.61,-0.07,-0.6598,26793.2,28179.379,0.5521,0.979,1.09,,1536.2779,1.6999,0.6284,0.6317,0.0,,48529.9039,48529.9039,27369.2472,511505.1871,511505.1871,11.67,9.55,1.807
603313,梦百合,家居用品,江苏,20161013,603313.SH,20230327,10.79,10.83,10.5,10.61,10.78,-0.17,-1.577,25255.17,26809.838,0.5204,0.9228,1.05,,1546.4809,1.7111,0.6326,0.6359,0.0,,48529.9039,48529.9039,27369.2472,514902.2804,514902.2804,11.86,9.7,1.807
603313,梦百合,家居用品,江苏,20161013,603313.SH,20230324,10.82,10.86,10.73,10.78,10.81,-0.03,-0.2775,14279.8,15416.392,0.2942,0.5217,0.54,,1571.2596,1.7386,0.6428,0.6461,0.0,,48529.9039,48529.9039,27369.2472,523152.364,523152.364,11.89,9.73,1.807
603313,梦百合,家居用品,江苏,20161013,603313.SH,20230323,10.79,10.85,10.71,10.81,10.76,0.05,0.4647,23283.35,25112.506,0.4798,0.8507,0.87,,1575.6323,1.7434,0.6445,0.6479,0.0,,48529.9039,48529.9039,27369.2472,524608.2612,524608.2612,11.84,9.68,1.807
603313,梦百合,家居用品,江苏,20161013,603313.SH,20230322,10.78,10.89,10.74,10.76,10.75,0.01,0.093,24327.56,26282.092,0.5013,0.8889,0.92,,1568.3445,1.7353,0.6416,0.6449,0.0,,48529.9039,48529.9039,27369.2472,522181.766,522181.766,11.83,9.68,1.807
603313,梦百合,家居用品,江苏,20161013,603313.SH,20230321,10.5,10.88,10.44,10.75,10.48,0.27,2.5763,36295.8,38928.046,0.7479,1.3262,1.4,,1566.8869,1.7337,0.641,0.6443,0.0,,48529.9039,48529.9039,27369.2472,521696.4669,521696.4669,11.53,9.43,1.807
603313,梦百合,家居用品,江苏,20161013,603313.SH,20230320,10.39,10.52,10.34,10.48,10.47,0.01,0.0955,22220.78,23193.623,0.4579,0.8119,0.78,,1527.5325,1.6902,0.6249,0.6281,0.0,,48529.9039,48529.9039,27369.2472,508593.3929,508593.3929,11.52,9.42,1.807
603313,梦百合,家居用品,江苏,20161013,603313.SH,20230317,10.52,10.59,10.42,10.47,10.44,0.03,0.2874,25632.21,26956.822,0.5282,0.9365,0.86,,1526.0749,1.6886,0.6243,0.6275,0.0,,48529.9039,48529.9039,27369.2472,508108.0938,508108.0938,11.48,9.4,1.807
603313,梦百合,家居用品,江苏,20161013,603313.SH,20230316,10.62,10.62,10.4,10.44,10.62,-0.18,-1.6949,25964.51,27281.759,0.535,0.9487,0.81,,1521.7022,1.6837,0.6225,0.6257,0.0,,48529.9039,48529.9039,27369.2472,506652.1967,506652.1967,11.68,9.56,1.807
603313,梦百合,家居用品,江苏,20161013,603313.SH,20230315,10.64,10.75,10.58,10.62,10.57,0.05,0.473,21475.9,22900.038,0.4425,0.7847,0.64,,1547.9385,1.7128,0.6332,0.6365,0.0,,48529.9039,48529.9039,27369.2472,515387.5794,515387.5794,11.63,9.51,1.807
603313,梦百合,家居用品,江苏,20161013,603313.SH,20230314,10.7,10.81,10.48,10.57,10.82,-0.25,-2.3105,34746.2,36851.301,0.716,1.2695,0.97,,1540.6506,1.7047,0.6302,0.6335,0.0,,48529.9039,48529.9039,27369.2472,512961.0842,512961.0842,11.9,9.74,1.807
603313,梦百合,家居用品,江苏,20161013,603313.SH,20230313,10.9,11.0,10.7,10.82,10.91,-0.09,-0.8249,34417.7,37170.006,0.7092,1.2575,0.94,,1577.0899,1.745,0.6451,0.6485,0.0,,48529.9039,48529.9039,27369.2472,525093.5602,525093.5602,12.0,9.82,1.807
603313,梦百合,家居用品,江苏,20161013,603313.SH,20230310,11.08,11.14,10.87,10.91,11.14,-0.23,-2.0646,32623.61,35745.155,0.6722,1.192,0.89,,1590.208,1.7595,0.6505,0.6539,0.0,,48529.9039,48529.9039,27369.2472,529461.2515,529461.2515,12.25,10.03,1.807
603313,梦百合,家居用品,江苏,20161013,603313.SH,20230309,11.28,11.36,11.07,11.14,11.23,-0.09,-0.8014,36676.9,41021.56,0.7558,1.3401,1.04,,1623.7321,1.7966,0.6642,0.6677,0.0,,48529.9039,48529.9039,27369.2472,540623.1294,540623.1294,12.35,10.11,1.807
603313,梦百合,家居用品,江苏,20161013,603313.SH,20230308,11.35,11.42,11.15,11.23,11.33,-0.1,-0.8826,30570.16,34417.043,0.6299,1.1285,0.81,,1636.8502,1.8111,0.6696,0.6731,0.0,,48529.9039,48529.9039,27089.8772,544990.8208,544990.8208,12.46,10.2,1.807
603313,梦百合,家居用品,江苏,20161013,603313.SH,20230307,11.77,11.88,11.31,11.33,11.76,-0.43,-3.6565,45482.4,52309.919,0.9372,1.6789,1.26,,1651.4259,1.8273,0.6755,0.6791,0.0,,48529.9039,48529.9039,27089.8772,549843.8112,549843.8112,12.94,10.58,1.807
603313,梦百合,家居用品,江苏,20161013,603313.SH,20230306,11.81,11.95,11.66,11.76,11.89,-0.13,-1.0934,37008.1,43497.616,0.7626,1.3661,0.96,,1714.1014,1.8966,0.7012,0.7049,0.0,,48529.9039,48529.9039,27089.8772,570711.6699,570711.6699,13.08,10.7,1.807
603313,梦百合,家居用品,江苏,20161013,603313.SH,20230303,11.9,12.07,11.82,11.89,11.89,0.0,0.0,34128.7,40591.206,0.7033,1.2598,0.71,,1733.0498,1.9176,0.7089,0.7127,0.0,,48529.9039,48529.9039,27089.8772,577020.5574,577020.5574,13.08,10.7,1.807
603313,梦百合,家居用品,江苏,20161013,603313.SH,20230302,11.96,12.1,11.85,11.89,11.97,-0.08,-0.6683,28526.65,34096.989,0.5878,1.053,0.48,,1733.0498,1.9176,0.7089,0.7127,0.0,,48529.9039,48529.9039,27089.8772,577020.5574,577020.5574,13.17,10.77,1.807
603313,梦百合,家居用品,江苏,20161013,603313.SH,20230301,12.09,12.12,11.89,11.97,12.09,-0.12,-0.9926,43024.9,51583.666,0.8866,1.5882,0.76,,1744.7103,1.9305,0.7137,0.7175,0.0,,48529.9039,48529.9039,27089.8772,580902.9497,580902.9497,13.3,10.88,1.807
603313,梦百合,家居用品,江苏,20161013,603313.SH,20230228,11.97,12.1,11.86,12.09,12.02,0.07,0.5824,38124.7,45669.036,0.7856,1.4073,0.67,,1762.2012,1.9498,0.7209,0.7246,0.0,,48529.9039,48529.9039,27089.8772,586726.5382,586726.5382,13.22,10.82,1.807
603313,梦百合,家居用品,江苏,20161013,603313.SH,20230227,12.26,12.34,12.0,12.02,12.26,-0.24,-1.9576,47949.6,58159.038,0.988,1.77,0.8,,1751.9982,1.9386,0.7167,0.7205,0.0,,48529.9039,48529.9039,27089.8772,583329.4449,583329.4449,13.49,11.03,1.807
603313,梦百合,家居用品,江苏,20161013,603313.SH,20230224,12.01,12.35,11.89,12.26,12.01,0.25,2.0816,81068.88,98824.21,1.6705,2.9926,1.66,,1786.9798,1.9773,0.731,0.7348,0.0,,48529.9039,48529.9039,27089.8772,594976.6218,594976.6218,13.21,10.81,1.807
603313,梦百合,家居用品,江苏,20161013,603313.SH,20230223,12.0,12.32,11.9,12.01,11.81,0.2,1.6935,84055.85,101624.82,1.732,3.1029,2.05,,1750.5406,1.9369,0.7161,0.7199,0.0,,48529.9039,48529.9039,27089.8772,582844.1458,582844.1458,12.99,10.63,1.807
603313,梦百合,家居用品,江苏,20161013,603313.SH,20230222,11.66,11.86,11.55,11.81,11.73,0.08,0.682,30330.68,35616.302,0.625,1.1196,0.74,,1721.3892,1.9047,0.7042,0.7079,0.0,,48529.9039,48529.9039,27089.8772,573138.1651,573138.1651,12.9,10.56,1.807
603313,梦百合,家居用品,江苏,20161013,603313.SH,20230221,11.68,11.78,11.52,11.73,11.73,0.0,0.0,39377.65,45929.341,0.8114,1.4536,0.94,,1709.7287,1.8918,0.6994,0.7031,0.0,,48529.9039,48529.9039,27089.8772,569255.7727,569255.7727,12.9,10.56,1.807
603313,梦百合,家居用品,江苏,20161013,603313.SH,20230220,11.26,11.82,11.19,11.73,11.2,0.53,4.7321,63773.65,73901.295,1.3141,2.3542,1.52,,1709.7287,1.8918,0.6994,0.7031,0.0,,48529.9039,48529.9039,27089.8772,569255.7727,569255.7727,12.32,10.08,1.807
603313,梦百合,家居用品,江苏,20161013,603313.SH,20230217,11.3,11.43,11.17,11.2,11.27,-0.07,-0.6211,26488.75,29922.159,0.5458,0.9778,0.53,,1632.4775,1.8063,0.6678,0.6713,0.0,,48529.9039,48529.9039,27089.8772,543534.9237,543534.9237,12.4,10.14,1.807
603313,梦百合,家居用品,江苏,20161013,603313.SH,20230216,11.6,11.68,11.14,11.27,11.63,-0.36,-3.0954,45253.25,51798.612,0.9325,1.6705,0.82,,1642.6805,1.8176,0.672,0.6755,0.0,,48529.9039,48529.9039,27089.8772,546932.017,546932.017,12.79,10.47,1.807
603313,梦百合,家居用品,江苏,20161013,603313.SH,20230215,11.79,11.79,11.54,11.63,11.7,-0.07,-0.5983,30478.1,35463.83,0.628,1.1251,0.54,,1695.153,1.8757,0.6934,0.6971,0.0,,48529.9039,48529.9039,27089.8772,564402.7824,564402.7824,12.87,10.53,1.807
603313,梦百合,家居用品,江苏,20161013,603313.SH,20230214,11.74,11.75,11.56,11.7,11.63,0.07,0.6019,42521.8,49594.309,0.8762,1.5697,0.74,,1705.356,1.8869,0.6976,0.7013,0.0,,48529.9039,48529.9039,27089.8772,567799.8756,567799.8756,12.79,10.47,1.807
603313,梦百合,家居用品,江苏,20161013,603313.SH,20230213,11.37,11.78,11.33,11.63,11.38,0.25,2.1968,64660.05,74970.9,1.3324,2.3869,1.3,,1695.153,1.8757,0.6934,0.6971,0.0,,48529.9039,48529.9039,27089.8772,564402.7824,564402.7824,12.52,10.24,1.807
603313,梦百合,家居用品,江苏,20161013,603313.SH,20230210,11.29,11.41,11.19,11.38,11.23,0.15,1.3357,67698.71,76510.565,1.395,2.499,1.57,,1658.7137,1.8353,0.6785,0.6821,0.0,,48529.9039,48529.9039,27089.8772,552270.3064,552270.3064,12.35,10.11,1.807
603313,梦百合,家居用品,江苏,20161013,603313.SH,20230209,10.95,11.37,10.9,11.23,10.94,0.29,2.6508,71834.26,80396.349,1.4802,2.6517,1.94,,1636.8502,1.8111,0.6696,0.6731,0.0,,48529.9039,48529.9039,27089.8772,544990.8208,544990.8208,12.03,9.85,1.807
603313,梦百合,家居用品,江苏,20161013,603313.SH,20230208,11.15,11.17,10.93,10.94,11.12,-0.18,-1.6187,37305.7,41084.959,0.7687,1.3771,1.0,,1594.5807,1.7644,0.6523,0.6557,0.0,,48529.9039,48529.9039,27089.8772,530917.1487,530917.1487,12.23,10.01,1.807
603313,梦百合,家居用品,江苏,20161013,603313.SH,20230207,11.01,11.21,10.94,11.12,11.0,0.12,1.0909,46002.89,51055.095,0.9479,1.6982,1.33,,1620.8169,1.7934,0.663,0.6665,0.0,,48529.9039,48529.9039,27089.8772,539652.5314,539652.5314,12.1,9.9,1.807
603313,梦百合,家居用品,江苏,20161013,603313.SH,20230206,10.99,11.07,10.93,11.0,11.08,-0.08,-0.722,25043.28,27507.758,0.516,0.9245,0.67,,1603.3261,1.774,0.6559,0.6593,0.0,,48529.9039,48529.9039,27089.8772,533828.9429,533828.9429,12.19,9.97,1.807
603313,梦百合,家居用品,江苏,20161013,603313.SH,20230203,11.15,11.21,10.95,11.08,11.13,-0.05,-0.4492,35420.89,39192.764,0.7299,1.3075,1.02,,1614.9867,1.787,0.6606,0.6641,0.0,,48529.9039,48529.9039,27089.8772,537711.3352,537711.3352,12.24,10.02,1.807
603313,梦百合,家居用品,江苏,20161013,603313.SH,20230202,11.26,11.27,11.12,11.13,11.22,-0.09,-0.8021,40985.89,45735.426,0.8445,1.513,1.33,,1622.2745,1.795,0.6636,0.6671,0.0,,48529.9039,48529.9039,27089.8772,540137.8304,540137.8304,12.34,10.1,1.807
603313,梦百合,家居用品,江苏,20161013,603313.SH,20230201,11.08,11.23,11.06,11.22,11.19,0.03,0.2681,39421.53,43912.53,0.8123,1.4552,1.36,,1635.3926,1.8095,0.669,0.6725,0.0,,48529.9039,48529.9039,27089.8772,544505.5218,544505.5218,12.31,10.07,1.807
603313,梦百合,家居用品,江苏,20161013,603313.SH,20230131,11.06,11.27,11.03,11.19,11.06,0.13,1.1754,31989.91,35656.868,0.6592,1.1809,1.15,,1631.0199,1.8047,0.6672,0.6707,0.0,,48529.9039,48529.9039,27089.8772,543049.6246,543049.6246,12.17,9.95,1.807
603313,梦百合,家居用品,江苏,20161013,603313.SH,20230130,11.22,11.29,11.04,11.06,11.12,-0.06,-0.5396,39418.14,43910.584,0.8122,1.4551,1.38,,1612.0715,1.7837,0.6594,0.6629,0.0,,48529.9039,48529.9039,27089.8772,536740.7371,536740.7371,12.23,10.01,1.807
603313,梦百合,家居用品,江苏,20161013,603313.SH,20230120,11.1,11.19,11.02,11.12,11.05,0.07,0.6335,22171.23,24613.948,0.4569,0.8184,0.62,,1620.8169,1.7934,0.663,0.6665,0.0,,48529.9039,48529.9039,27089.8772,539652.5314,539652.5314,12.16,9.95,1.807
603313,梦百合,家居用品,江苏,20161013,603313.SH,20230119,11.01,11.09,10.93,11.05,11.06,-0.01,-0.0904,20636.55,22726.706,0.4252,0.7618,0.57,,1610.614,1.7821,0.6589,0.6623,0.0,,48529.9039,48529.9039,27089.8772,536255.4381,536255.4381,12.17,9.95,1.807
603313,梦百合,家居用品,江苏,20161013,603313.SH,20230118,11.26,11.26,11.0,11.06,11.14,-0.08,-0.7181,30748.02,34085.263,0.6336,1.135,0.91,,1612.0715,1.7837,0.6594,0.6629,0.0,,48529.9039,48529.9039,27089.8772,536740.7371,536740.7371,12.25,10.03,1.807
603313,梦百合,家居用品,江苏,20161013,603313.SH,20230117,11.17,11.26,11.07,11.14,11.15,-0.01,-0.0897,26406.38,29463.215,0.5441,0.9748,0.81,,1623.7321,1.7966,0.6642,0.6677,0.0,,48529.9039,48529.9039,27089.8772,540623.1294,540623.1294,12.27,10.04,1.807
603313,梦百合,家居用品,江苏,20161013,603313.SH,20230116,11.38,11.38,11.12,11.15,11.38,-0.23,-2.0211,42847.79,48042.525,0.8829,1.5817,1.43,,1625.1897,1.7982,0.6648,0.6683,0.0,,48529.9039,48529.9039,27089.8772,541108.4285,541108.4285,12.52,10.24,1.807
603313,梦百合,家居用品,江苏,20161013,603313.SH,20230113,10.71,11.4,10.69,11.38,10.71,0.67,6.2558,59512.89,66447.323,1.2263,2.1969,2.39,,1658.7137,1.8353,0.6785,0.6821,0.0,,48529.9039,48529.9039,27089.8772,552270.3064,552270.3064,11.78,9.64,1.807
603313,梦百合,家居用品,江苏,20161013,603313.SH,20230112,10.74,10.9,10.69,10.71,10.74,-0.03,-0.2793,21398.3,23047.009,0.4409,0.7899,0.67,,1561.0566,1.7273,0.6386,0.6419,0.0,,48529.9039,48529.9039,27089.8772,519755.2708,519755.2708,11.81,9.67,1.807
603313,梦百合,家居用品,江苏,20161013,603313.SH,20230111,10.8,10.93,10.72,10.74,10.84,-0.1,-0.9225,19369.99,20978.075,0.3991,0.715,0.47,,1565.4293,1.7321,0.6404,0.6437,0.0,,48529.9039,48529.9039,27089.8772,521211.1679,521211.1679,11.92,9.76,1.807
603313,梦百合,家居用品,江苏,20161013,603313.SH,20230110,10.93,10.96,10.73,10.84,10.93,-0.09,-0.8234,20867.1,22600.893,0.43,0.7703,0.49,,1580.005,1.7482,0.6463,0.6497,0.0,,48529.9039,48529.9039,27089.8772,526064.1583,526064.1583,12.02,9.84,1.807
603313,梦百合,家居用品,江苏,20161013,603313.SH,20230109,11.09,11.11,10.91,10.93,11.08,-0.15,-1.3538,29159.54,31994.455,0.6009,1.0764,0.71,,1593.1231,1.7628,0.6517,0.6551,0.0,,48529.9039,48529.9039,27089.8772,530431.8496,530431.8496,12.19,9.97,1.807
603313,梦百合,家居用品,江苏,20161013,603313.SH,20230106,11.05,11.22,10.99,11.08,11.08,0.0,0.0,33781.2,37421.712,0.6961,1.247,0.86,,1614.9867,1.787,0.6606,0.6641,0.0,,48529.9039,48529.9039,27089.8772,537711.3352,537711.3352,12.19,9.97,1.807
603313,梦百合,家居用品,江苏,20161013,603313.SH,20230105,10.83,11.17,10.7,11.08,10.82,0.26,2.403,56230.19,61834.364,1.1587,2.0757,1.73,,1614.9867,1.787,0.6606,0.6641,0.0,,48529.9039,48529.9039,27089.8772,537711.3352,537711.3352,11.9,9.74,1.807
603313,梦百合,家居用品,江苏,20161013,603313.SH,20230104,10.57,10.94,10.5,10.82,10.57,0.25,2.3652,65483.09,70827.722,1.3493,2.4173,2.77,,1577.0899,1.745,0.6451,0.6485,0.0,,48529.9039,48529.9039,27089.8772,525093.5602,525093.5602,11.63,9.51,1.807
603313,梦百合,家居用品,江苏,20161013,603313.SH,20230103,10.62,10.74,10.45,10.57,10.6,-0.03,-0.283,29629.58,31257.412,0.6105,1.0938,1.25,,1540.6506,1.7047,0.6302,0.6335,0.0,,48529.9039,48529.9039,27089.8772,512961.0842,512961.0842,11.66,9.54,1.807
603313,梦百合,家居用品,江苏,20161013,603313.SH,20221230,10.62,10.76,10.52,10.6,10.62,-0.02,-0.1883,20122.7,21320.218,0.4146,0.7428,0.8,,1545.0233,1.7095,0.632,0.6353,2.5465,,48529.9039,48529.9039,27089.8772,514416.9813,514416.9813,11.68,9.56,1.807
603313,梦百合,家居用品,江苏,20161013,603313.SH,20221229,10.69,10.84,10.5,10.62,10.77,-0.15,-1.3928,23899.71,25417.96,0.4925,0.8822,0.86,,1547.9385,1.7128,0.6332,0.6365,2.5417,,48529.9039,48529.9039,27089.8772,515387.5794,515387.5794,11.85,9.69,1.807
603313,梦百合,家居用品,江苏,20161013,603313.SH,20221228,10.8,10.85,10.66,10.77,10.87,-0.1,-0.92,23658.52,25458.213,0.4875,0.8733,0.83,,1569.802,1.737,0.6422,0.6455,2.5063,,48529.9039,48529.9039,27089.8772,522667.065,522667.065,11.96,9.78,1.807
603313,梦百合,家居用品,江苏,20161013,603313.SH,20221227,10.7,10.93,10.64,10.87,10.68,0.19,1.779,20773.85,22484.236,0.4281,0.7668,0.71,,1584.3777,1.7531,0.6481,0.6515,2.4832,,48529.9039,48529.9039,27089.8772,527520.0554,527520.0554,11.75,9.61,1.807
603313,梦百合,家居用品,江苏,20161013,603313.SH,20221226,10.81,10.94,10.62,10.68,10.86,-0.18,-1.6575,30038.31,32185.305,0.619,1.1088,0.99,,1556.6839,1.7224,0.6368,0.6401,2.5274,,48529.9039,48529.9039,27089.8772,518299.3737,518299.3737,11.95,9.77,1.807
603313,梦百合,家居用品,江苏,20161013,603313.SH,20221223,10.94,11.12,10.75,10.86,10.87,-0.01,-0.092,28151.5,30648.208,0.5801,1.0392,0.91,,1582.9201,1.7515,0.6475,0.6509,2.4855,,48529.9039,48529.9039,27089.8772,527034.7564,527034.7564,11.96,9.78,1.807
603313,梦百合,家居用品,江苏,20161013,603313.SH,20221222,10.94,11.24,10.78,10.87,10.86,0.01,0.0921,36914.89,40639.129,0.7607,1.3627,1.15,,1584.3777,1.7531,0.6481,0.6515,2.4832,,48529.9039,48529.9039,27089.8772,527520.0554,527520.0554,11.95,9.77,1.807
603313,梦百合,家居用品,江苏,20161013,603313.SH,20221221,10.9,10.99,10.75,10.86,10.79,0.07,0.6487,26007.85,28296.101,0.5359,0.9601,0.67,,1582.9201,1.7515,0.6475,0.6509,2.4855,,48529.9039,48529.9039,27089.8772,527034.7564,527034.7564,11.87,9.71,1.807
603313,梦百合,家居用品,江苏,20161013,603313.SH,20221220,10.99,11.13,10.77,10.79,11.02,-0.23,-2.0871,24985.51,27179.84,0.5148,0.9223,0.58,,1572.7172,1.7402,0.6433,0.6467,2.5016,,48529.9039,48529.9039,27089.8772,523637.6631,523637.6631,12.12,9.92,1.807
603313,梦百合,家居用品,江苏,20161013,603313.SH,20221219,11.14,11.36,10.92,11.02,11.22,-0.2,-1.7825,35183.89,38915.168,0.725,1.2988,0.66,,1606.2413,1.7773,0.6571,0.6605,2.4494,,48529.9039,48529.9039,27089.8772,534799.541,534799.541,12.34,10.1,1.807
603313,梦百合,家居用品,江苏,20161013,603313.SH,20221216,11.24,11.39,10.8,11.22,11.28,-0.06,-0.5319,31000.58,34854.159,0.6388,1.1444,0.42,,1635.3926,1.8095,0.669,0.6725,2.4057,,48529.9039,48529.9039,27089.8772,544505.5218,544505.5218,12.41,10.15,1.807
603313,梦百合,家居用品,江苏,20161013,603313.SH,20221215,11.56,11.66,11.25,11.28,11.56,-0.28,-2.4221,43915.49,49972.337,0.9049,1.6211,0.5,,1644.1381,1.8192,0.6726,0.6761,2.3929,,48529.9039,48529.9039,27089.8772,547417.316,547417.316,12.72,10.4,1.807
603313,梦百合,家居用品,江苏,20161013,603313.SH,20221214,11.23,11.62,11.23,11.56,11.4,0.16,1.4035,57695.17,66221.772,1.1889,2.1298,0.56,,1684.95,1.8644,0.6893,0.6929,2.335,,48529.9039,48529.9039,27089.8772,561005.6891,561005.6891,12.54,10.26,1.807
603313,梦百合,家居用品,江苏,20161013,603313.SH,20221213,11.5,11.6,11.33,11.4,11.29,0.11,0.9743,48037.51,54983.488,0.9899,1.7733,0.44,,1661.6289,1.8386,0.6797,0.6833,2.3678,,48529.9039,48529.9039,27089.8772,553240.9045,553240.9045,12.42,10.16,1.807
603313,梦百合,家居用品,江苏,20161013,603313.SH,20221212,11.79,11.81,11.0,11.29,11.8,-0.51,-4.322,87598.18,100436.069,1.805,3.2336,0.84,,1645.5956,1.8208,0.6732,0.6767,2.3908,,48529.9039,48529.9039,27089.8772,547902.615,547902.615,12.98,10.62,1.807
603313,梦百合,家居用品,江苏,20161013,603313.SH,20221209,11.47,11.97,11.31,11.8,11.46,0.34,2.9668,134733.4,157098.049,2.7763,4.9736,1.65,,1719.9316,1.9031,0.7036,0.7073,2.2875,,48529.9039,48529.9039,27089.8772,572652.866,572652.866,12.61,10.31,1.807
603313,梦百合,家居用品,江苏,20161013,603313.SH,20221208,11.6,11.76,11.25,11.46,11.23,0.23,2.0481,112682.69,129244.547,2.3219,4.1596,1.7,,1670.3743,1.8482,0.6833,0.6869,2.3554,,48529.9039,48529.9039,27089.8772,556152.6987,556152.6987,12.35,10.11,1.807
603313,梦百合,家居用品,江苏,20161013,603313.SH,20221207,11.51,11.68,11.21,11.23,11.14,0.09,0.8079,128531.62,146341.981,2.6485,4.7446,2.67,,1636.8502,1.8111,0.6696,0.6731,2.4036,,48529.9039,48529.9039,27089.8772,544990.8208,544990.8208,12.25,10.03,1.807
603313,梦百合,家居用品,江苏,20161013,603313.SH,20221206,10.94,11.6,10.9,11.14,11.03,0.11,0.9973,83499.72,94102.213,1.7206,3.0823,1.91,,1623.7321,1.7966,0.6642,0.6677,2.423,,48529.9039,48529.9039,27089.8772,540623.1294,540623.1294,12.13,9.93,1.807
603313,梦百合,家居用品,江苏,20161013,603313.SH,20221205,10.78,11.28,10.78,11.03,10.76,0.27,2.5093,61261.53,67512.575,1.2623,2.2614,1.6,,1607.6988,1.7789,0.6577,0.6611,2.4472,,48529.9039,48529.9039,27089.8772,535284.84,535284.84,11.84,9.68,1.807
603313,梦百合,家居用品,江苏,20161013,603313.SH,20221202,10.66,10.81,10.6,10.76,10.71,0.05,0.4669,22200.02,23778.041,0.4575,0.8195,0.54,,1568.3445,1.7353,0.6416,0.6449,2.5086,,48529.9039,48529.9039,27089.8772,522181.766,522181.766,11.78,9.64,1.807
603313,梦百合,家居用品,江苏,20161013,603313.SH,20221201,10.78,10.93,10.66,10.71,10.66,0.05,0.469,35746.6,38490.174,0.7366,1.3196,0.89,,1561.0566,1.7273,0.6386,0.6419,2.5203,,48529.9039,48529.9039,27089.8772,519755.2708,519755.2708,11.73,9.59,1.807
603313,梦百合,家居用品,江苏,20161013,603313.SH,20221130,10.72,10.79,10.6,10.66,10.72,-0.06,-0.5597,37684.62,40358.532,0.7765,1.3911,0.96,,1553.7688,1.7192,0.6356,0.6389,2.5321,,48529.9039,48529.9039,27089.8772,517328.7756,517328.7756,11.79,9.65,1.807
603313,梦百合,家居用品,江苏,20161013,603313.SH,20221129,10.45,10.77,10.4,10.72,10.24,0.48,4.6875,62083.18,65881.197,1.2793,2.2917,1.91,,1562.5142,1.7289,0.6392,0.6425,2.5179,,48529.9039,48529.9039,27089.8772,520240.5698,520240.5698,11.26,9.22,1.807
603313,梦百合,家居用品,江苏,20161013,603313.SH,20221128,10.25,10.36,10.0,10.24,10.42,-0.18,-1.7274,33264.06,33749.478,0.6854,1.2279,0.99,,1492.5509,1.6515,0.6106,0.6138,2.636,,48529.9039,48529.9039,27089.8772,496946.2159,496946.2159,11.46,9.38,1.807
603313,梦百合,家居用品,江苏,20161013,603313.SH,20221125,10.36,10.53,10.19,10.42,10.3,0.12,1.165,36142.83,37527.626,0.7448,1.3342,1.13,,1518.7871,1.6805,0.6213,0.6246,2.5904,,48529.9039,48529.9039,27089.8772,505681.5986,505681.5986,11.33,9.27,1.807
603313,梦百合,家居用品,江苏,20161013,603313.SH,20221124,10.12,10.36,10.11,10.3,10.12,0.18,1.7787,32660.8,33436.007,0.673,1.2056,1.0,,1501.2963,1.6612,0.6141,0.6174,2.6206,,48529.9039,48529.9039,27089.8772,499858.0102,499858.0102,11.13,9.11,1.807
603313,梦百合,家居用品,江苏,20161013,603313.SH,20221123,10.2,10.2,9.91,10.12,10.16,-0.04,-0.3937,32212.26,32377.606,0.6638,1.1891,0.94,,1475.06,1.6321,0.6034,0.6066,2.6672,,48529.9039,48529.9039,27089.8772,491122.6275,491122.6275,11.18,9.14,1.807
603313,梦百合,家居用品,江苏,20161013,603313.SH,20221122,10.28,10.37,10.13,10.16,10.27,-0.11,-1.0711,28663.26,29370.299,0.5906,1.0581,0.74,,1480.8903,1.6386,0.6058,0.609,2.6567,,48529.9039,48529.9039,27089.8772,493063.8236,493063.8236,11.3,9.24,1.807
603313,梦百合,家居用品,江苏,20161013,603313.SH,20221121,10.36,10.36,10.15,10.27,10.36,-0.09,-0.8687,38057.92,38915.892,0.7842,1.4049,0.73,,1496.9236,1.6563,0.6123,0.6156,2.6283,,48529.9039,48529.9039,27089.8772,498402.1131,498402.1131,11.4,9.32,1.807
603313,梦百合,家居用品,江苏,20161013,603313.SH,20221118,10.5,10.51,10.32,10.36,10.45,-0.09,-0.8612,28854.33,30058.092,0.5946,1.0651,0.47,,1510.0417,1.6708,0.6177,0.621,2.6054,,48529.9039,48529.9039,27089.8772,502769.8044,502769.8044,11.5,9.41,1.807
603313,梦百合,家居用品,江苏,20161013,603313.SH,20221117,10.48,10.51,10.35,10.45,10.49,-0.04,-0.3813,35819.2,37303.521,0.7381,1.3222,0.6,,1523.1598,1.6853,0.6231,0.6263,2.583,,48529.9039,48529.9039,27089.8772,507137.4958,507137.4958,11.54,9.44,1.807
603313,梦百合,家居用品,江苏,20161013,603313.SH,20221116,10.68,10.68,10.46,10.49,10.63,-0.14,-1.317,39153.61,41292.422,0.8068,1.4453,0.67,,1528.9901,1.6918,0.6255,0.6287,2.5732,,48529.9039,48529.9039,27089.8772,509078.6919,509078.6919,11.69,9.57,1.807
603313,梦百合,家居用品,江苏,20161013,603313.SH,20221115,10.69,10.71,10.49,10.63,10.66,-0.03,-0.2814,51791.08,54997.003,1.0672,1.9118,0.98,,1549.3961,1.7144,0.6338,0.6371,2.5393,,48529.9039,48529.9039,27089.8772,515872.8785,515872.8785,11.73,9.59,1.807
603313,梦百合,家居用品,江苏,20161013,603313.SH,20221114,10.78,11.15,10.59,10.66,10.52,0.14,1.3308,106443.84,115580.188,2.1934,3.9293,2.55,,1553.7688,1.7192,0.6356,0.6389,2.5321,,48529.9039,48529.9039,27089.8772,517328.7756,517328.7756,11.57,9.47,1.807
603313,梦百合,家居用品,江苏,20161013,603313.SH,20221111,10.44,11.0,10.3,10.52,10.11,0.41,4.0554,76035.04,80227.937,1.5668,2.8068,2.08,,1533.3628,1.6966,0.6272,0.6305,2.5658,,48529.9039,48529.9039,27089.8772,510534.589,510534.589,11.12,9.1,1.807
603313,梦百合,家居用品,江苏,20161013,603313.SH,20221110,10.16,10.16,10.01,10.11,10.18,-0.07,-0.6876,25610.34,25836.758,0.5277,0.9454,0.68,,1473.6025,1.6305,0.6028,0.606,2.6699,,48529.9039,48529.9039,27089.8772,490637.3284,490637.3284,11.2,9.16,1.807
603313,梦百合,家居用品,江苏,20161013,603313.SH,20221109,10.06,10.3,10.02,10.18,10.08,0.1,0.9921,30857.58,31426.441,0.6358,1.1391,0.8,,1483.8054,1.6418,0.607,0.6102,2.6515,,48529.9039,48529.9039,27089.8772,494034.4217,494034.4217,11.09,9.07,1.807
603313,梦百合,家居用品,江苏,20161013,603313.SH,20221108,10.26,10.26,10.03,10.08,10.24,-0.16,-1.5625,25937.62,26193.681,0.5345,0.9575,0.58,,1469.2297,1.6257,0.601,0.6042,2.6778,,48529.9039,48529.9039,27089.8772,489181.4313,489181.4313,11.26,9.22,1.807
603313,梦百合,家居用品,江苏,20161013,603313.SH,20221107,10.1,10.29,10.05,10.24,10.09,0.15,1.4866,50069.12,50973.564,1.0317,1.8483,0.95,,1492.5509,1.6515,0.6106,0.6138,2.636,,48529.9039,48529.9039,27089.8772,496946.2159,496946.2159,11.1,9.08,1.807
603313,梦百合,家居用品,江苏,20161013,603313.SH,20221104,9.71,10.1,9.7,10.09,9.69,0.4,4.128,50675.25,50588.202,1.0442,1.8706,1.03,,1470.6873,1.6273,0.6016,0.6048,2.6752,,48529.9039,48529.9039,27089.8772,489666.7304,489666.7304,10.66,8.72,1.807
603313,梦百合,家居用品,江苏,20161013,603313.SH,20221103,9.68,9.74,9.53,9.69,9.75,-0.06,-0.6154,30566.9,29458.486,0.6299,1.1284,0.63,,1412.3845,1.5628,0.5778,0.5808,2.7856,,48529.9039,48529.9039,27089.8772,470254.7688,470254.7688,10.73,8.78,1.807
603313,梦百合,家居用品,江苏,20161013,603313.SH,20221102,9.68,9.87,9.65,9.75,9.77,-0.02,-0.2047,35388.73,34553.091,0.7292,1.3063,0.73,,1421.13,1.5725,0.5813,0.5844,2.7684,,48529.9039,48529.9039,27089.8772,473166.563,473166.563,10.75,8.79,1.807
603313,梦百合,家居用品,江苏,20161013,603313.SH,20221101,9.31,9.79,9.15,9.77,9.25,0.52,5.6216,55932.98,53085.189,1.1525,2.0647,1.32,,1424.0451,1.5757,0.5825,0.5856,2.7628,,48529.9039,48529.9039,27089.8772,474137.1611,474137.1611,10.18,8.33,1.807
603313,梦百合,家居用品,江苏,20161013,603313.SH,20221031,9.5,9.89,9.06,9.25,9.93,-0.68,-6.8479,90427.36,83676.214,1.8633,3.338,2.98,,1348.2515,1.4918,0.5515,0.5544,2.9181,,48529.9039,48529.9039,27089.8772,448901.6111,448901.6111,10.92,8.94,1.807
603313,梦百合,家居用品,江苏,20161013,603313.SH,20221028,10.2,10.32,9.82,9.93,10.26,-0.33,-3.2164,33343.21,33275.847,0.6871,1.2308,1.14,,,1.6036,0.5921,0.579,2.7183,,48529.9039,48529.9039,27089.8772,481901.9457,481901.9457,11.29,9.23,1.807
603313,梦百合,家居用品,江苏,20161013,603313.SH,20221027,10.15,10.37,10.05,10.26,10.09,0.17,1.6848,28334.26,29024.209,0.5839,1.0459,0.97,,,1.6569,0.6117,0.5983,2.6308,,48529.9039,48529.9039,27089.8772,497916.814,497916.814,11.1,9.08,1.807
603313,梦百合,家居用品,江苏,20161013,603313.SH,20221026,9.74,10.15,9.73,10.09,9.74,0.35,3.5934,33547.32,33589.595,0.6913,1.2384,1.25,,,1.6295,0.6016,0.5884,2.6752,,48529.9039,48529.9039,27089.8772,489666.7304,489666.7304,10.71,8.77,1.807
603313,梦百合,家居用品,江苏,20161013,603313.SH,20221025,9.8,9.94,9.57,9.74,9.74,0.0,0.0,25438.22,24721.021,0.5242,0.939,0.92,,,1.5729,0.5807,0.568,2.7713,,48529.9039,48529.9039,27089.8772,472681.264,472681.264,10.71,8.77,1.807
603313,梦百合,家居用品,江苏,20161013,603313.SH,20221024,10.0,10.15,9.7,9.74,9.97,-0.23,-2.3069,31288.41,31068.923,0.6447,1.155,1.18,,,1.5729,0.5807,0.568,2.7713,,48529.9039,48529.9039,27089.8772,472681.264,472681.264,10.97,8.97,1.807
603313,梦百合,家居用品,江苏,20161013,603313.SH,20221021,10.0,10.12,9.91,9.97,10.04,-0.07,-0.6972,27294.73,27314.779,0.5624,1.0076,0.96,,,1.6101,0.5945,0.5814,2.7074,,48529.9039,48529.9039,27089.8772,483843.1419,483843.1419,11.04,9.04,1.807
603313,梦百合,家居用品,江苏,20161013,603313.SH,20221020,10.08,10.24,10.0,10.04,10.08,-0.04,-0.3968,27762.53,28001.558,0.5721,1.0248,0.91,,,1.6214,0.5986,0.5855,2.6885,,48529.9039,48529.9039,27089.8772,487240.2352,487240.2352,11.09,9.07,1.807
603313,梦百合,家居用品,江苏,20161013,603313.SH,20221019,10.19,10.27,10.06,10.08,10.27,-0.19,-1.85,22919.99,23261.285,0.4723,0.8461,0.71,,,1.6278,0.601,0.5878,2.6778,,48529.9039,48529.9039,27089.8772,489181.4313,489181.4313,11.3,9.24,1.807
603313,梦百合,家居用品,江苏,20161013,603313.SH,20221018,10.24,10.36,10.2,10.27,10.24,0.03,0.293,29728.65,30560.584,0.6126,1.0974,0.94,,,1.6585,0.6123,0.5989,2.6283,,48529.9039,48529.9039,27089.8772,498402.1131,498402.1131,11.26,9.22,1.807
603313,梦百合,家居用品,江苏,20161013,603313.SH,20221017,10.25,10.3,10.14,10.24,10.24,0.0,0.0,24414.79,24990.337,0.5031,0.9013,0.73,,,1.6537,0.6106,0.5971,2.636,,48529.9039,48529.9039,27089.8772,496946.2159,496946.2159,11.26,9.22,1.807
603313,梦百合,家居用品,江苏,20161013,603313.SH,20221014,10.09,10.31,10.0,10.24,10.02,0.22,2.1956,37485.77,38336.71,0.7724,1.3838,1.2,,,1.6537,0.6106,0.5971,2.636,,48529.9039,48529.9039,27089.8772,496946.2159,496946.2159,11.02,9.02,1.807
603313,梦百合,家居用品,江苏,20161013,603313.SH,20221013,9.85,10.17,9.73,10.02,9.82,0.2,2.0367,37488.74,37455.83,0.7725,1.3839,1.25,,,1.6182,0.5974,0.5843,2.6939,,48529.9039,48529.9039,27089.8772,486269.6371,486269.6371,10.8,8.84,1.807
603313,梦百合,家居用品,江苏,20161013,603313.SH,20221012,9.54,9.86,9.42,9.82,9.53,0.29,3.043,32567.6,31436.736,0.6711,1.2022,1.1,,,1.5859,0.5855,0.5726,2.7487,,48529.9039,48529.9039,27089.8772,476563.6563,476563.6563,10.48,8.58,1.807
603313,梦百合,家居用品,江苏,20161013,603313.SH,20221011,9.58,9.59,9.37,9.53,9.56,-0.03,-0.3138,26377.9,25029.212,0.5435,0.9737,0.77,,,1.539,0.5682,0.5557,2.8324,,48529.9039,48529.9039,27089.8772,462489.9842,462489.9842,10.52,8.6,1.807
603313,梦百合,家居用品,江苏,20161013,603313.SH,20221010,9.75,9.85,9.45,9.56,9.75,-0.19,-1.9487,32226.24,31045.65,0.664,1.1896,0.92,,,1.5439,0.57,0.5575,2.8235,,48529.9039,48529.9039,27089.8772,463945.8813,463945.8813,10.73,8.78,1.807
603313,梦百合,家居用品,江苏,20161013,603313.SH,20220930,9.85,10.1,9.73,9.75,9.95,-0.2,-2.0101,27016.49,26529.886,0.5567,0.9973,0.69,,,1.5746,0.5813,0.5686,2.7684,,48529.9039,48529.9039,27089.8772,473166.563,473166.563,10.95,8.96,1.807
603313,梦百合,家居用品,江苏,20161013,603313.SH,20220929,10.19,10.24,9.88,9.95,10.08,-0.13,-1.2897,31924.63,31977.769,0.6578,1.1785,0.8,,,1.6069,0.5933,0.5802,2.7128,,48529.9039,48529.9039,27089.8772,482872.5438,482872.5438,11.09,9.07,1.807
603313,梦百合,家居用品,江苏,20161013,603313.SH,20220928,10.22,10.35,10.07,10.08,10.21,-0.13,-1.2733,30907.4,31428.884,0.6369,1.1409,0.8,,,1.6278,0.601,0.5878,2.6778,,48529.9039,48529.9039,27089.8772,489181.4313,489181.4313,11.23,9.19,1.807
603313,梦百合,家居用品,江苏,20161013,603313.SH,20220927,9.92,10.22,9.89,10.21,9.87,0.34,3.4448,50278.35,50657.875,1.036,1.856,1.39,,,1.6488,0.6088,0.5954,2.6437,,48529.9039,48529.9039,27089.8772,495490.3188,495490.3188,10.86,8.88,1.807
603313,梦百合,家居用品,江苏,20161013,603313.SH,20220926,9.97,10.08,9.85,9.87,10.07,-0.2,-1.9861,34688.46,34558.746,0.7148,1.2805,0.9,,,1.5939,0.5885,0.5755,2.7348,,48529.9039,48529.9039,27089.8772,478990.1515,478990.1515,11.08,9.06,1.807
603313,梦百合,家居用品,江苏,20161013,603313.SH,20220923,10.2,10.32,9.92,10.07,10.21,-0.14,-1.3712,49000.57,49501.214,1.0097,1.8088,1.16,,,1.6262,0.6004,0.5872,2.6805,,48529.9039,48529.9039,27089.8772,488696.1323,488696.1323,11.23,9.19,1.807
603313,梦百合,家居用品,江苏,20161013,603313.SH,20220922,10.4,10.46,10.19,10.21,10.45,-0.24,-2.2967,34706.6,35791.36,0.7152,1.2812,0.75,,,1.6488,0.6088,0.5954,2.6437,,48529.9039,48529.9039,27089.8772,495490.3188,495490.3188,11.5,9.41,1.807
603313,梦百合,家居用品,江苏,20161013,603313.SH,20220921,10.5,10.5,10.27,10.45,10.57,-0.12,-1.1353,25621.2,26633.331,0.5279,0.9458,0.55,,,1.6876,0.6231,0.6094,2.583,,48529.9039,48529.9039,27089.8772,507137.4958,507137.4958,11.63,9.51,1.807
603313,梦百合,家居用品,江苏,20161013,603313.SH,20220920,10.72,10.85,10.44,10.57,10.57,0.0,0.0,36275.27,38260.703,0.7475,1.3391,0.74,,,1.707,0.6302,0.6164,2.5537,,48529.9039,48529.9039,27089.8772,512961.0842,512961.0842,11.63,9.51,1.807
603313,梦百合,家居用品,江苏,20161013,603313.SH,20220919,10.58,10.83,10.42,10.57,10.6,-0.03,-0.283,47910.09,51008.408,0.9872,1.7686,0.95,,,1.707,0.6302,0.6164,2.5537,,48529.9039,48529.9039,27089.8772,512961.0842,512961.0842,11.66,9.54,1.807
603313,梦百合,家居用品,江苏,20161013,603313.SH,20220916,11.25,11.33,10.6,10.6,11.33,-0.73,-6.4431,66209.49,72131.531,1.3643,2.4441,1.45,,,1.7118,0.632,0.6181,2.5465,,48529.9039,48529.9039,27089.8772,514416.9813,514416.9813,12.46,10.2,1.807
603313,梦百合,家居用品,江苏,20161013,603313.SH,20220915,11.28,11.6,11.11,11.33,11.28,0.05,0.4433,53936.84,61000.549,1.1114,1.991,1.23,,,1.8297,0.6755,0.6607,2.3824,,48529.9039,48529.9039,27089.8772,549843.8112,549843.8112,12.41,10.15,1.807
603313,梦百合,家居用品,江苏,20161013,603313.SH,20220914,11.08,11.33,11.01,11.28,11.29,-0.01,-0.0886,29666.98,33156.162,0.6113,1.0951,0.62,,,1.8216,0.6726,0.6578,2.3929,,48529.9039,48529.9039,27089.8772,547417.316,547417.316,12.42,10.16,1.807
603313,梦百合,家居用品,江苏,20161013,603313.SH,20220913,11.3,11.41,11.2,11.29,11.32,-0.03,-0.265,45757.41,51678.252,0.9429,1.6891,0.91,,,1.8233,0.6732,0.6584,2.3908,,48529.9039,48529.9039,27089.8772,547902.615,547902.615,12.45,10.19,1.807
603313,梦百合,家居用品,江苏,20161013,603313.SH,20220909,11.1,11.35,10.98,11.32,11.08,0.24,2.1661,56544.95,63496.46,1.1652,2.0873,1.11,,,1.8281,0.6749,0.6601,2.3845,,48529.9039,48529.9039,27089.8772,549358.5121,549358.5121,12.19,9.97,1.807
603313,梦百合,家居用品,江苏,20161013,603313.SH,20220908,11.16,11.32,11.05,11.08,11.17,-0.09,-0.8057,42858.32,47666.084,0.8831,1.5821,0.75,,,1.7893,0.6606,0.6461,2.4361,,48529.9039,48529.9039,27089.8772,537711.3352,537711.3352,12.29,10.05,1.807
603313,梦百合,家居用品,江苏,20161013,603313.SH,20220907,11.26,11.26,11.06,11.17,11.27,-0.1,-0.8873,44930.03,49985.702,0.9258,1.6586,0.64,,,1.8039,0.666,0.6514,2.4165,,48529.9039,48529.9039,27089.8772,542079.0266,542079.0266,12.4,10.14,1.807
603313,梦百合,家居用品,江苏,20161013,603313.SH,20220906,11.35,11.36,11.09,11.27,11.39,-0.12,-1.0536,51101.5,57172.598,1.053,1.8864,0.65,,,1.82,0.672,0.6572,2.3951,,48529.9039,48529.9039,27089.8772,546932.017,546932.017,12.53,10.25,1.807
603313,梦百合,家居用品,江苏,20161013,603313.SH,20220905,11.67,11.75,11.28,11.39,11.72,-0.33,-2.8157,55677.22,63528.428,1.1473,2.0553,0.71,,,1.8394,0.6791,0.6642,2.3698,,48529.9039,48529.9039,27089.8772,552755.6054,552755.6054,12.89,10.55,1.807
603313,梦百合,家居用品,江苏,20161013,603313.SH,20220902,11.77,11.94,11.61,11.72,11.77,-0.05,-0.4248,59984.58,70397.642,1.236,2.2143,0.77,,,1.8927,0.6988,0.6834,2.3031,,48529.9039,48529.9039,27089.8772,568770.4737,568770.4737,12.95,10.59,1.807
603313,梦百合,家居用品,江苏,20161013,603313.SH,20220901,12.24,12.24,11.69,11.77,12.25,-0.48,-3.9184,75649.58,90235.481,1.5588,2.7925,1.03,,,1.9008,0.7018,0.6863,2.2933,,48529.9039,48529.9039,27089.8772,571196.9689,571196.9689,13.48,11.03,1.807
603313,梦百合,家居用品,江苏,20161013,603313.SH,20220831,12.78,12.79,12.06,12.25,12.74,-0.49,-3.8462,107697.2,132226.197,2.2192,3.9756,1.79,,,1.9783,0.7304,0.7143,2.2035,,48529.9039,48529.9039,27089.8772,594491.3228,594491.3228,14.01,11.47,1.807
603313,梦百合,家居用品,江苏,20161013,603313.SH,20220830,12.5,13.04,12.4,12.74,12.36,0.38,3.0744,96263.34,122963.154,1.9836,3.5535,1.94,,,2.1214,0.7596,0.7366,2.1187,,48529.9039,48529.9039,27089.8772,618270.9757,618270.9757,13.6,11.12,1.807
603313,梦百合,家居用品,江苏,20161013,603313.SH,20220829,12.14,12.42,11.8,12.36,12.24,0.12,0.9804,53603.46,65442.485,1.1045,1.9787,1.12,,,2.0581,0.737,0.7146,2.1838,,48529.9039,48529.9039,27089.8772,599829.6122,599829.6122,13.46,11.02,1.807
603313,梦百合,家居用品,江苏,20161013,603313.SH,20220826,12.16,12.52,12.09,12.24,12.16,0.08,0.6579,57145.04,70259.937,1.1775,2.1095,1.27,,,2.0381,0.7298,0.7077,2.2053,,48529.9039,48529.9039,27089.8772,594006.0237,594006.0237,13.38,10.94,1.807
603313,梦百合,家居用品,江苏,20161013,603313.SH,20220825,11.88,12.23,11.85,12.16,11.94,0.22,1.8425,51038.8,61662.096,1.0517,1.8841,1.15,,,2.0248,0.725,0.7031,2.2198,,48529.9039,48529.9039,27089.8772,590123.6314,590123.6314,13.13,10.75,1.807
603313,梦百合,家居用品,江苏,20161013,603313.SH,20220824,12.22,12.31,11.85,11.94,12.23,-0.29,-2.3712,43409.93,52024.191,0.8945,1.6024,0.88,,,1.9881,0.7119,0.6903,2.2607,,48529.9039,48529.9039,27089.8772,579447.0526,579447.0526,13.45,11.01,1.807
603313,梦百合,家居用品,江苏,20161013,603313.SH,20220823,12.38,12.41,12.09,12.23,12.44,-0.21,-1.6881,43103.13,52736.187,0.8882,1.5911,0.87,,,2.0364,0.7292,0.7071,2.2071,,48529.9039,48529.9039,27089.8772,593520.7247,593520.7247,13.68,11.2,1.807
603313,梦百合,家居用品,江苏,20161013,603313.SH,20220822,12.25,12.48,12.07,12.44,12.19,0.25,2.0509,45339.64,56082.889,0.9343,1.6737,0.93,,,2.0714,0.7417,0.7193,2.1698,,48529.9039,48529.9039,27089.8772,603712.0045,603712.0045,13.41,10.97,1.807
603313,梦百合,家居用品,江苏,20161013,603313.SH,20220819,12.3,12.57,12.16,12.19,12.26,-0.07,-0.571,42607.45,52648.771,0.878,1.5728,0.84,,,2.0298,0.7268,0.7048,2.2143,,48529.9039,48529.9039,27089.8772,591579.5285,591579.5285,13.49,11.03,1.807
603313,梦百合,家居用品,江苏,20161013,603313.SH,20220818,12.38,12.39,12.06,12.26,12.45,-0.19,-1.5261,47681.22,58191.38,0.9825,1.7601,0.86,,,2.0414,0.731,0.7088,2.2017,,48529.9039,48529.9039,27089.8772,594976.6218,594976.6218,13.7,11.21,1.807
603313,梦百合,家居用品,江苏,20161013,603313.SH,20220817,12.2,12.81,12.2,12.45,12.23,0.22,1.7989,68555.79,85953.285,1.4127,2.5307,1.32,,,2.0731,0.7423,0.7198,2.1681,,48529.9039,48529.9039,27089.8772,604197.3036,604197.3036,13.45,11.01,1.807
603313,梦百合,家居用品,江苏,20161013,603313.SH,20220816,12.23,12.37,12.1,12.23,12.2,0.03,0.2459,43495.61,53129.057,0.8963,1.6056,0.77,,,2.0364,0.7292,0.7071,2.2071,,48529.9039,48529.9039,27089.8772,593520.7247,593520.7247,13.42,10.98,1.807
603313,梦百合,家居用品,江苏,20161013,603313.SH,20220815,12.28,12.32,12.0,12.2,12.37,-0.17,-1.3743,40753.37,49482.684,0.8398,1.5044,0.72,,,2.0314,0.7274,0.7054,2.2125,,48529.9039,48529.9039,27089.8772,592064.8276,592064.8276,13.61,11.13,1.807
603313,梦百合,家居用品,江苏,20161013,603313.SH,20220812,12.4,12.54,12.18,12.37,12.41,-0.04,-0.3223,52261.97,64540.795,1.0769,1.9292,0.94,,,2.0597,0.7376,0.7152,2.1821,,48529.9039,48529.9039,27089.8772,600314.9112,600314.9112,13.65,11.17,1.807
603313,梦百合,家居用品,江苏,20161013,603313.SH,20220811,11.71,12.54,11.71,12.41,11.75,0.66,5.617,71892.84,87033.367,1.4814,2.6539,1.29,,,2.0664,0.7399,0.7175,2.1751,,48529.9039,48529.9039,27089.8772,602256.1074,602256.1074,12.93,10.58,1.807
603313,梦百合,家居用品,江苏,20161013,603313.SH,20220810,11.95,12.07,11.61,11.75,12.09,-0.34,-2.8122,51305.19,60255.431,1.0572,1.8939,0.93,,,1.9565,0.7006,0.6794,2.2972,,48529.9039,48529.9039,27089.8772,570226.3708,570226.3708,13.3,10.88,1.807
603313,梦百合,家居用品,江苏,20161013,603313.SH,20220809,11.96,12.35,11.94,12.09,11.8,0.29,2.4576,67150.16,81172.395,1.3837,2.4788,1.13,,,2.0131,0.7209,0.699,2.2326,,48529.9039,48529.9039,27089.8772,586726.5382,586726.5382,12.98,10.62,1.807
603313,梦百合,家居用品,江苏,20161013,603313.SH,20220808,11.82,11.87,11.66,11.8,11.9,-0.1,-0.8403,41497.02,48838.717,0.8551,1.5318,0.68,,,1.9648,0.7036,0.6823,2.2875,,48529.9039,48529.9039,27089.8772,572652.866,572652.866,13.09,10.71,1.807
603313,梦百合,家居用品,江苏,20161013,603313.SH,20220805,11.84,11.99,11.71,11.9,11.77,0.13,1.1045,46490.75,55036.742,0.958,1.7162,0.72,,,1.9815,0.7095,0.688,2.2683,,48529.9039,48529.9039,27089.8772,577505.8564,577505.8564,12.95,10.59,1.807
603313,梦百合,家居用品,江苏,20161013,603313.SH,20220804,11.55,11.8,11.45,11.77,11.42,0.35,3.0648,71551.25,83325.631,1.4744,2.6413,1.14,,,1.9598,0.7018,0.6805,2.2933,,48529.9039,48529.9039,27089.8772,571196.9689,571196.9689,12.56,10.28,1.807
603313,梦百合,家居用品,江苏,20161013,603313.SH,20220803,11.5,11.85,11.4,11.42,11.62,-0.2,-1.7212,49448.98,57563.721,1.0189,2.2629,0.78,,,1.9016,0.6809,0.6603,2.3636,,48529.9039,48529.9039,21851.8772,554211.5025,554211.5025,12.78,10.46,1.807
603313,梦百合,家居用品,江苏,20161013,603313.SH,20220802,12.08,12.16,11.38,11.62,12.23,-0.61,-4.9877,87184.63,101855.069,1.7965,3.9898,1.28,,,1.9349,0.6928,0.6718,2.3229,,48529.9039,48529.9039,21851.8772,563917.4833,563917.4833,13.45,11.01,1.807
603313,梦百合,家居用品,江苏,20161013,603313.SH,20220801,12.31,12.45,12.0,12.23,12.28,-0.05,-0.4072,52214.32,63657.236,1.0759,2.3895,0.71,,,2.0364,0.7292,0.7071,2.2071,,48529.9039,48529.9039,21851.8772,593520.7247,593520.7247,13.51,11.05,1.807
603313,梦百合,家居用品,江苏,20161013,603313.SH,20220729,12.43,12.53,12.25,12.28,12.46,-0.18,-1.4446,61197.69,75698.766,1.261,2.8006,0.76,,,2.0448,0.7322,0.71,2.1981,,48529.9039,48529.9039,21851.8772,595947.2199,595947.2199,13.71,11.21,1.807
603313,梦百合,家居用品,江苏,20161013,603313.SH,20220728,12.68,12.79,12.43,12.46,12.66,-0.2,-1.5798,64132.41,80674.316,1.3215,2.9349,0.74,,,2.0747,0.7429,0.7204,2.1663,,48529.9039,48529.9039,21851.8772,604682.6026,604682.6026,13.93,11.39,1.807
603313,梦百合,家居用品,江苏,20161013,603313.SH,20220727,12.75,12.81,12.56,12.66,12.75,-0.09,-0.7059,53088.88,67221.473,1.0939,2.4295,0.52,,,2.108,0.7548,0.732,2.1321,,48529.9039,48529.9039,21851.8772,614388.5834,614388.5834,14.03,11.48,1.807
603313,梦百合,家居用品,江苏,20161013,603313.SH,20220726,12.6,13.05,12.21,12.75,12.59,0.16,1.2708,109192.32,137693.791,2.25,4.9969,0.84,,,2.123,0.7602,0.7372,2.117,,48529.9039,48529.9039,21851.8772,618756.2747,618756.2747,13.85,11.33,1.807
603313,梦百合,家居用品,江苏,20161013,603313.SH,20220725,12.37,12.64,12.3,12.59,12.42,0.17,1.3688,80340.27,100319.247,1.6555,3.6766,0.5,,,2.0964,0.7507,0.7279,2.144,,48529.9039,48529.9039,21851.8772,610991.4901,610991.4901,13.66,11.18,1.807
603313,梦百合,家居用品,江苏,20161013,603313.SH,20220722,12.39,12.7,12.36,12.42,12.44,-0.02,-0.1608,98145.66,122845.641,2.0224,4.4914,0.62,,,2.0681,0.7405,0.7181,2.1733,,48529.9039,48529.9039,21851.8772,602741.4064,602741.4064,13.68,11.2,1.807
603313,梦百合,家居用品,江苏,20161013,603313.SH,20220721,12.42,12.65,12.25,12.44,12.46,-0.02,-0.1605,95250.0,118887.696,1.9627,4.3589,0.65,,,2.0714,0.7417,0.7193,2.1698,,48529.9039,48529.9039,21851.8772,603712.0045,603712.0045,13.71,11.21,1.807
603313,梦百合,家居用品,江苏,20161013,603313.SH,20220720,12.52,12.54,12.0,12.46,12.52,-0.06,-0.4792,129515.33,159889.871,2.6688,5.927,1.04,,,2.0747,0.7429,0.7204,2.1663,,48529.9039,48529.9039,21851.8772,604682.6026,604682.6026,13.77,11.27,1.807
603313,梦百合,家居用品,江苏,20161013,603313.SH,20220719,11.87,12.76,11.87,12.52,11.87,0.65,5.476,245411.79,304208.681,5.0569,11.2307,2.96,,,2.0847,0.7465,0.7239,2.1559,,48529.9039,48529.9039,21851.8772,607594.3968,607594.3968,13.06,10.68,1.807
603313,梦百合,家居用品,江苏,20161013,603313.SH,20220718,12.04,12.34,11.72,11.87,12.0,-0.13,-1.0833,228774.14,273142.362,4.7141,10.4693,5.24,,,1.9765,0.7077,0.6863,2.274,,48529.9039,48529.9039,21851.8772,576049.9593,576049.9593,13.2,10.8,1.807
603313,梦百合,家居用品,江苏,20161013,603313.SH,20220715,12.0,12.0,11.74,12.0,10.91,1.09,9.9908,87690.14,105015.799,1.8069,4.0129,2.71,,,1.9981,0.7155,0.6938,2.2494,,48529.9039,48529.9039,21851.8772,582358.8468,582358.8468,12.0,9.82,1.807
603313,梦百合,家居用品,江苏,20161013,603313.SH,20220714,11.28,11.28,10.86,10.91,11.12,-0.21,-1.8885,39679.81,43610.262,0.8176,1.8159,1.28,,,1.8166,0.6505,0.6308,2.4741,,48529.9039,48529.9039,21851.8772,529461.2515,529461.2515,12.23,10.01,1.807
603313,梦百合,家居用品,江苏,20161013,603313.SH,20220713,11.07,11.2,10.99,11.12,11.08,0.04,0.361,22976.69,25532.567,0.4735,1.0515,0.64,,,1.8516,0.663,0.6429,2.4274,2.4274,48529.9039,48529.9039,21851.8772,539652.5314,539652.5314,12.19,9.97,1.807
603313,梦百合,家居用品,江苏,20161013,603313.SH,20220712,11.36,11.52,11.06,11.08,11.41,-0.33,-2.8922,35512.96,39818.603,0.7318,1.6252,0.95,,,1.8449,0.6606,0.6406,2.4361,2.4361,48529.9039,48529.9039,21851.8772,537711.3352,537711.3352,12.55,10.27,1.807
603313,梦百合,家居用品,江苏,20161013,603313.SH,20220711,11.55,11.68,11.26,11.41,11.6,-0.19,-1.6379,32314.57,36942.465,0.6659,1.4788,0.87,,,1.8999,0.6803,0.6597,2.3657,2.3657,48529.9039,48529.9039,21851.8772,553726.2035,553726.2035,12.76,10.44,1.807
603313,梦百合,家居用品,江苏,20161013,603313.SH,20220708,11.53,11.7,11.52,11.6,11.53,0.07,0.6071,31123.7,36135.477,0.6413,1.4243,0.77,,,1.9315,0.6916,0.6707,2.3269,2.3269,48529.9039,48529.9039,21851.8772,562946.8852,562946.8852,12.68,10.38,1.807
603313,梦百合,家居用品,江苏,20161013,603313.SH,20220707,11.72,11.79,11.48,11.53,11.72,-0.19,-1.6212,32889.64,38026.56,0.6777,1.5051,0.75,,,1.9199,0.6875,0.6666,2.3411,2.3411,48529.9039,48529.9039,21851.8772,559549.792,559549.792,12.89,10.55,1.807
603313,梦百合,家居用品,江苏,20161013,603313.SH,20220706,12.05,12.07,11.53,11.72,11.95,-0.23,-1.9247,47028.6,55075.186,0.9691,2.1522,1.06,,,1.9515,0.6988,0.6776,2.3031,2.3031,48529.9039,48529.9039,21851.8772,568770.4737,568770.4737,13.15,10.76,1.807
603313,梦百合,家居用品,江苏,20161013,603313.SH,20220705,12.1,12.39,11.82,11.95,12.06,-0.11,-0.9121,42728.3,51559.656,0.8805,1.9554,1.01,,,1.9898,0.7125,0.6909,2.2588,2.2588,48529.9039,48529.9039,21851.8772,579932.3516,579932.3516,13.27,10.85,1.807
603313,梦百合,家居用品,江苏,20161013,603313.SH,20220704,12.19,12.25,11.92,12.06,12.09,-0.03,-0.2481,32230.89,38790.225,0.6641,1.475,0.73,,,2.0081,0.7191,0.6973,2.2382,2.2382,48529.9039,48529.9039,21851.8772,585270.641,585270.641,13.3,10.88,1.807
603313,梦百合,家居用品,江苏,20161013,603313.SH,20220701,12.03,12.36,11.97,12.09,12.0,0.09,0.75,46312.79,56191.797,0.9543,2.1194,1.11,,,2.0131,0.7209,0.699,2.2326,2.2326,48529.9039,48529.9039,21851.8772,586726.5382,586726.5382,13.2,10.8,1.807
603313,梦百合,家居用品,江苏,20161013,603313.SH,20220630,12.07,12.27,11.75,12.0,12.09,-0.09,-0.7444,51073.39,61175.041,1.0524,2.3373,1.32,,,1.9981,0.7155,0.6938,2.2494,2.2494,48529.9039,48529.9039,21851.8772,582358.8468,582358.8468,13.3,10.88,1.807
603313,梦百合,家居用品,江苏,20161013,603313.SH,20220629,12.2,12.58,12.06,12.09,12.19,-0.1,-0.8203,48629.43,59842.339,1.0021,2.2254,1.3,,,2.0131,0.7209,0.699,2.2326,2.2326,48529.9039,48529.9039,21851.8772,586726.5382,586726.5382,13.41,10.97,1.807
603313,梦百合,家居用品,江苏,20161013,603313.SH,20220628,12.04,12.23,11.88,12.19,12.04,0.15,1.2458,32965.58,39768.468,0.6793,1.5086,0.78,,,2.0298,0.7268,0.7048,2.2143,2.2143,48529.9039,48529.9039,21851.8772,591579.5285,591579.5285,13.24,10.84,1.807
603313,梦百合,家居用品,江苏,20161013,603313.SH,20220627,12.07,12.33,11.83,12.04,12.05,-0.01,-0.083,43053.2,51806.622,0.8871,1.9702,0.87,,,2.0048,0.7179,0.6961,2.2419,2.2419,48529.9039,48529.9039,21851.8772,584300.043,584300.043,13.26,10.85,1.807
603313,梦百合,家居用品,江苏,20161013,603313.SH,20220624,11.99,12.19,11.85,12.05,11.98,0.07,0.5843,32997.22,39749.89,0.6799,1.51,0.57,,,2.0065,0.7185,0.6967,2.24,2.24,48529.9039,48529.9039,21851.8772,584785.342,584785.342,13.18,10.78,1.807
603313,梦百合,家居用品,江苏,20161013,603313.SH,20220623,11.84,12.09,11.82,11.98,11.83,0.15,1.268,36503.82,43521.95,0.7522,1.6705,0.57,,,1.9952,0.7161,0.6944,2.2473,2.2473,48654.8339,48529.9039,21851.8772,582884.9101,581388.2487,13.01,10.65,1.807
603313,梦百合,家居用品,江苏,20161013,603313.SH,20220622,12.11,12.17,11.81,11.83,12.1,-0.27,-2.2314,40957.62,48906.494,0.844,1.8743,0.56,,,1.9702,0.7072,0.6857,2.2758,2.2758,48654.8339,48529.9039,21851.8772,575586.685,574108.7631,13.31,10.89,1.807
603313,梦百合,家居用品,江苏,20161013,603313.SH,20220621,12.17,12.33,11.89,12.1,12.27,-0.17,-1.3855,58639.27,70858.602,1.2083,2.6835,0.83,,,2.0152,0.7233,0.7014,2.225,2.225,48654.8339,48529.9039,21851.8772,588723.4902,587211.8372,13.5,11.04,1.807
603313,梦百合,家居用品,江苏,20161013,603313.SH,20220620,11.8,12.4,11.78,12.27,11.75,0.52,4.4255,77310.46,94195.582,1.593,3.5379,1.23,,,2.0435,0.7335,0.7113,2.1942,2.1942,48654.8339,48529.9039,21851.8772,596994.812,595461.9209,12.93,10.58,1.807
603313,梦百合,家居用品,江苏,20161013,603313.SH,20220617,11.4,11.85,11.3,11.75,11.39,0.36,3.1607,76438.61,88738.055,1.5751,3.498,1.43,,,1.9569,0.7024,0.6811,2.2913,2.2913,48654.8339,48529.9039,21851.8772,571694.2983,570226.3708,12.53,10.25,1.807
603313,梦百合,家居用品,江苏,20161013,603313.SH,20220616,11.13,11.56,11.06,11.39,11.2,0.19,1.6964,67862.25,77389.421,1.3984,3.1056,1.44,,,1.8969,0.6809,0.6602,2.3637,2.3637,48654.8339,48529.9039,21851.8772,554178.5581,552755.6054,12.32,10.08,1.807
603313,梦百合,家居用品,江苏,20161013,603313.SH,20220615,10.68,11.35,10.67,11.2,10.65,0.55,5.1643,83259.01,92701.569,1.7156,3.8102,2.16,,,1.8653,0.6695,0.6492,2.4038,2.4038,48654.8339,48529.9039,21851.8772,544934.1397,543534.9237,11.72,9.59,1.807
603313,梦百合,家居用品,江苏,20161013,603313.SH,20220614,10.7,10.7,10.3,10.65,10.73,-0.08,-0.7456,48165.34,50738.116,0.9925,2.2042,1.28,,,1.7737,0.6366,0.6173,2.528,2.528,48654.8339,48529.9039,21851.8772,518173.981,516843.4765,11.8,9.66,1.807
603313,梦百合,家居用品,江苏,20161013,603313.SH,20220613,10.7,10.97,10.6,10.73,10.82,-0.09,-0.8318,39172.54,42119.757,0.8072,1.7926,0.93,,,1.787,0.6414,0.622,2.5091,2.5091,48654.8339,48529.9039,21851.8772,522066.3677,520725.8688,11.9,9.74,1.807
603313,梦百合,家居用品,江苏,20161013,603313.SH,20220610,10.76,10.88,10.66,10.82,10.77,0.05,0.4643,28577.0,30860.296,0.5889,1.3078,0.61,,,1.802,0.6468,0.6272,2.4883,2.4883,48654.8339,48529.9039,21851.8772,526445.3028,525093.5602,11.85,9.69,1.807
603313,梦百合,家居用品,江苏,20161013,603313.SH,20220609,11.13,11.13,10.71,10.77,11.13,-0.36,-3.2345,36963.88,40129.913,0.7617,1.6916,0.68,,,1.7937,0.6438,0.6243,2.4998,2.4998,48654.8339,48529.9039,21851.8772,524012.5611,522667.065,12.24,10.02,1.807
603313,梦百合,家居用品,江苏,20161013,603313.SH,20220608,11.31,11.43,10.97,11.13,11.4,-0.27,-2.3684,39612.33,44105.748,0.8162,1.8128,0.71,,,1.8536,0.6653,0.6452,2.419,2.419,48654.8339,48529.9039,21851.8772,541528.3013,540137.8304,12.54,10.26,1.807
603313,梦百合,家居用品,江苏,20161013,603313.SH,20220607,11.58,11.68,11.29,11.4,11.47,-0.07,-0.6103,43275.4,49572.26,0.8917,1.9804,0.79,,,1.8986,0.6815,0.6608,2.3617,2.3617,48654.8339,48529.9039,21851.8772,554665.1065,553240.9045,12.62,10.32,1.807
603313,梦百合,家居用品,江苏,20161013,603313.SH,20220606,11.13,11.65,10.98,11.47,11.13,0.34,3.0548,62611.76,71288.042,1.2902,2.8653,1.27,,,1.9103,0.6857,0.6649,2.3473,2.3473,48654.8339,48529.9039,21851.8772,558070.9448,556637.9977,12.24,10.02,1.807
603313,梦百合,家居用品,江苏,20161013,603313.SH,20220602,11.07,11.21,10.81,11.13,11.17,-0.04,-0.3581,53611.65,58952.98,1.1047,2.4534,1.12,,,1.8536,0.6653,0.6452,2.419,2.419,48654.8339,48529.9039,21851.8772,541528.3013,540137.8304,12.29,10.05,1.807
603313,梦百合,家居用品,江苏,20161013,603313.SH,20220601,10.75,11.2,10.62,11.17,10.71,0.46,4.2951,74245.29,81629.865,1.5299,3.3977,1.91,,,1.8603,0.6677,0.6475,2.4103,2.4103,48654.8339,48529.9039,21851.8772,543474.4947,542079.0266,11.78,9.64,1.807
603313,梦百合,家居用品,江苏,20161013,603313.SH,20220531,10.63,10.74,10.37,10.71,10.55,0.16,1.5166,45179.96,47680.483,0.931,2.0676,1.14,,,1.7837,0.6402,0.6208,2.5138,2.5138,48654.8339,48529.9039,21851.8772,521093.2711,519755.2708,11.61,9.5,1.807
603313,梦百合,家居用品,江苏,20161013,603313.SH,20220530,10.57,10.7,10.35,10.55,10.52,0.03,0.2852,39059.76,41095.882,0.8049,1.7875,0.97,,,1.757,0.6307,0.6116,2.552,2.552,48654.8339,48529.9039,21851.8772,513308.4976,511990.4861,11.57,9.47,1.807
603313,梦百合,家居用品,江苏,20161013,603313.SH,20220527,10.82,10.95,10.46,10.52,10.67,-0.15,-1.4058,33931.57,36258.013,0.6992,1.5528,0.8,,,1.752,0.6289,0.6098,2.5592,2.5592,48654.8339,48529.9039,21851.8772,511848.8526,510534.589,11.74,9.6,1.807
603313,梦百合,家居用品,江苏,20161013,603313.SH,20220526,10.7,10.9,10.35,10.67,10.61,0.06,0.5655,47256.4,50096.682,0.9738,2.1626,1.13,,,1.777,0.6378,0.6185,2.5232,2.5232,48654.8339,48529.9039,21851.8772,519147.0777,517814.0746,11.67,9.55,1.807
603313,梦百合,家居用品,江苏,20161013,603313.SH,20220525,10.53,10.66,10.41,10.61,10.54,0.07,0.6641,29344.54,31011.556,0.6047,1.3429,0.63,,,1.767,0.6342,0.615,2.5375,2.5375,48654.8339,48529.9039,21851.8772,516227.7877,514902.2804,11.59,9.49,1.807
603313,梦百合,家居用品,江苏,20161013,603313.SH,20220524,11.09,11.21,10.54,10.54,11.08,-0.54,-4.8736,48633.67,52740.706,1.0021,2.2256,1.05,,,1.7554,0.6301,0.611,2.5544,2.5544,48654.8339,48529.9039,21851.8772,512821.9493,511505.1871,12.19,9.97,1.807
603313,梦百合,家居用品,江苏,20161013,603313.SH,20220523,11.22,11.32,11.0,11.08,11.16,-0.08,-0.7168,42892.4,47616.47,0.8838,1.9629,0.92,,,1.8453,0.6623,0.6423,2.4299,2.4299,48654.8339,48529.9039,21851.8772,539095.5596,537711.3352,12.28,10.04,1.807
603313,梦百合,家居用品,江苏,20161013,603313.SH,20220520,10.97,11.23,10.85,11.16,10.94,0.22,2.011,45186.38,49960.773,0.9311,2.0678,0.89,,,1.8586,0.6671,0.6469,2.4125,2.4125,48654.8339,48529.9039,21851.8772,542987.9463,541593.7275,12.03,9.85,1.807
603313,梦百合,家居用品,江苏,20161013,603313.SH,20220519,10.88,10.99,10.72,10.94,11.08,-0.14,-1.2635,43848.61,47629.54,0.9035,2.0066,0.77,,,1.822,0.654,0.6342,2.461,2.461,48654.8339,48529.9039,21851.8772,532283.8829,530917.1487,12.19,9.97,1.807
603313,梦百合,家居用品,江苏,20161013,603313.SH,20220518,11.11,11.31,10.99,11.08,10.96,0.12,1.0949,51398.07,57344.091,1.0591,2.3521,0.83,,,1.8453,0.6623,0.6423,2.4299,2.4299,48654.8339,48529.9039,21851.8772,539095.5596,537711.3352,12.06,9.86,1.807
603313,梦百合,家居用品,江苏,20161013,603313.SH,20220517,11.02,11.14,10.84,10.96,11.11,-0.15,-1.3501,47215.56,51581.52,0.9729,2.1607,0.73,,,1.8253,0.6552,0.6353,2.4565,2.4565,48654.8339,48529.9039,21851.8772,533256.9795,531887.7467,12.22,10.0,1.807
603313,梦百合,家居用品,江苏,20161013,603313.SH,20220516,11.35,11.44,11.02,11.11,11.32,-0.21,-1.8551,46350.08,51869.831,0.9551,2.1211,0.69,,,1.8503,0.6641,0.644,2.4233,2.4233,48654.8339,48529.9039,21851.8772,540555.2046,539167.2323,12.45,10.19,1.807
603313,梦百合,家居用品,江苏,20161013,603313.SH,20220513,11.41,11.5,11.01,11.32,11.11,0.21,1.8902,65468.68,73936.127,1.349,2.996,0.88,,,1.8853,0.6767,0.6562,2.3784,2.3784,48654.8339,48529.9039,21851.8772,550772.7197,549358.5121,12.22,10.0,1.807
603313,梦百合,家居用品,江苏,20161013,603313.SH,20220512,10.81,11.26,10.35,11.11,10.79,0.32,2.9657,73091.68,80257.066,1.5061,3.3449,1.0,,,1.8503,0.6641,0.644,2.4233,2.4233,48654.8339,48529.9039,21851.8772,540555.2046,539167.2323,11.87,9.71,1.807
603313,梦百合,家居用品,江苏,20161013,603313.SH,20220511,11.04,11.36,10.76,10.79,10.76,0.03,0.2788,76855.72,85067.277,1.5837,3.5171,0.98,,,1.797,0.645,0.6255,2.4952,2.4952,48654.8339,48529.9039,21851.8772,524985.6578,523637.6631,11.84,9.68,1.807
603313,梦百合,家居用品,江苏,20161013,603313.SH,20220510,10.62,10.79,10.51,10.76,10.83,-0.07,-0.6464,61961.48,66129.961,1.2768,2.8355,0.81,,,1.792,0.6432,0.6237,2.5021,2.5021,48654.8339,48529.9039,21851.8772,523526.0128,522181.766,11.91,9.75,1.807
603313,梦百合,家居用品,江苏,20161013,603313.SH,20220509,10.61,11.05,10.54,10.83,10.86,-0.03,-0.2762,59569.17,63958.118,1.2275,2.726,0.77,,,1.8037,0.6474,0.6278,2.486,2.486,48654.8339,48529.9039,21851.8772,526931.8511,525578.8592,11.95,9.77,1.807
603313,梦百合,家居用品,江苏,20161013,603313.SH,20220506,10.62,11.27,10.55,10.86,10.92,-0.06,-0.5495,100594.16,110416.264,2.0728,4.6035,1.48,,,1.8087,0.6492,0.6295,2.4791,2.4791,48654.8339,48529.9039,21851.8772,528391.4962,527034.7564,12.01,9.83,1.807
603313,梦百合,家居用品,江苏,20161013,603313.SH,20220505,10.14,10.92,10.02,10.92,9.93,0.99,9.9698,65820.95,69903.333,1.3563,3.0121,0.94,,,1.8187,0.6528,0.633,2.4655,2.4655,48654.8339,48529.9039,21851.8772,531310.7862,529946.5506,10.92,8.94,1.807
603313,梦百合,家居用品,江苏,20161013,603313.SH,20220429,9.19,9.97,9.16,9.93,9.15,0.78,8.5246,103379.68,99821.343,2.1302,4.7309,1.72,12.7618,,1.5257,0.7399,0.5954,2.7113,2.7113,48654.8339,48529.9039,21851.8772,483142.5006,481901.9457,10.07,8.24,1.807
603313,梦百合,家居用品,江苏,20161013,603313.SH,20220428,9.4,9.56,9.08,9.15,9.5,-0.35,-3.6842,53782.7,49666.579,1.1082,2.4612,0.92,11.7593,,1.4058,0.6817,0.5487,2.9424,2.9424,48654.8339,48529.9039,21851.8772,445191.7302,444048.6207,10.45,8.55,1.807
603313,梦百合,家居用品,江苏,20161013,603313.SH,20220427,9.3,9.55,9.05,9.5,9.47,0.03,0.3168,63141.96,58783.361,1.3011,2.8895,1.14,12.2091,,1.4596,0.7078,0.5696,2.834,2.834,48654.8339,48529.9039,21851.8772,462220.9221,461034.0871,10.42,8.52,1.807
603313,梦百合,家居用品,江苏,20161013,603313.SH,20220426,9.79,9.89,9.37,9.47,9.66,-0.19,-1.9669,52976.27,51014.583,1.0916,2.4243,1.03,12.1706,,1.455,0.7056,0.5678,2.843,2.843,48654.8339,48529.9039,21851.8772,460761.277,459578.1899,10.63,8.69,1.807
603313,梦百合,家居用品,江苏,20161013,603313.SH,20220425,10.3,10.37,9.64,9.66,10.53,-0.87,-8.2621,77042.0,76942.402,1.5875,3.5256,1.76,12.4148,,1.4842,0.7197,0.5792,2.7871,2.7871,48654.8339,48529.9039,21851.8772,470005.6955,468798.8717,11.58,9.48,1.807
603313,梦百合,家居用品,江苏,20161013,603313.SH,20220422,10.56,10.77,10.16,10.53,10.73,-0.2,-1.8639,53295.91,55478.066,1.0982,2.439,1.3,13.5329,,1.6178,0.7846,0.6314,2.5568,2.5568,48654.8339,48529.9039,21851.8772,512335.401,511019.8881,11.8,9.66,1.807
603313,梦百合,家居用品,江苏,20161013,603313.SH,20220421,10.99,11.04,10.4,10.73,10.9,-0.17,-1.5596,46907.6,50159.701,0.9666,2.1466,1.3,13.7899,,1.6486,0.7995,0.6434,2.5091,2.5091,48654.8339,48529.9039,21851.8772,522066.3677,520725.8688,11.99,9.81,1.807
603313,梦百合,家居用品,江苏,20161013,603313.SH,20220420,10.82,11.17,10.75,10.9,10.77,0.13,1.2071,46171.64,50653.65,0.9514,2.1129,1.44,14.0084,,1.6747,0.8121,0.6536,2.47,2.47,48654.8339,48529.9039,21851.8772,530337.6895,528975.9525,11.85,9.69,1.807
603313,梦百合,家居用品,江苏,20161013,603313.SH,20220419,10.89,11.03,10.6,10.77,10.94,-0.17,-1.5539,32629.25,35257.044,0.6724,1.4932,1.01,13.8413,,1.6547,0.8025,0.6458,2.4998,2.4998,48654.8339,48529.9039,21851.8772,524012.5611,522667.065,12.03,9.85,1.807
603313,梦百合,家居用品,江苏,20161013,603313.SH,20220418,11.0,11.0,10.66,10.94,11.05,-0.11,-0.9955,40139.34,43442.122,0.8271,1.8369,1.25,14.0598,,1.6808,0.8151,0.656,2.461,2.461,48654.8339,48529.9039,21851.8772,532283.8829,530917.1487,12.16,9.95,1.807
603313,梦百合,家居用品,江苏,20161013,603313.SH,20220415,11.2,11.25,10.9,11.05,11.25,-0.2,-1.7778,38657.01,42759.688,0.7966,1.769,1.23,14.2012,,1.6977,0.8233,0.6626,2.4365,2.4365,48654.8339,48529.9039,21851.8772,537635.9146,536255.4381,12.38,10.13,1.807
603313,梦百合,家居用品,江苏,20161013,603313.SH,20220414,11.4,11.48,11.2,11.25,11.3,-0.05,-0.4425,22683.17,25734.654,0.4674,1.038,0.67,14.4582,,1.7285,0.8382,0.6746,2.3932,2.3932,48654.8339,48529.9039,21851.8772,547366.8814,545961.4189,12.43,10.17,1.807
603313,梦百合,家居用品,江苏,20161013,603313.SH,20220413,11.6,11.6,11.26,11.3,11.67,-0.37,-3.1705,26142.0,29723.968,0.5387,1.1963,0.67,14.5225,,1.7362,0.8419,0.6776,2.3826,2.3826,48654.8339,48529.9039,21851.8772,549799.6231,548387.9141,12.84,10.5,1.807
603313,梦百合,家居用品,江苏,20161013,603313.SH,20220412,11.37,11.7,11.15,11.67,11.35,0.32,2.8194,34425.62,39319.778,0.7094,1.5754,0.91,14.998,,1.793,0.8695,0.6998,2.307,2.307,48654.8339,48529.9039,21851.8772,567801.9116,566343.9785,12.49,10.22,1.807
603313,梦百合,家居用品,江苏,20161013,603313.SH,20220411,11.8,11.89,11.26,11.35,11.95,-0.6,-5.0209,38751.13,44680.573,0.7985,1.7734,1.01,14.5867,,1.7438,0.8457,0.6806,2.3721,2.3721,48654.8339,48529.9039,21851.8772,552232.3648,550814.4093,13.15,10.76,1.807
603313,梦百合,家居用品,江苏,20161013,603313.SH,20220408,12.18,12.46,11.86,11.95,12.24,-0.29,-2.3693,34621.96,41513.617,0.7134,1.5844,0.83,15.3578,,1.836,0.8904,0.7165,2.253,2.253,48654.8339,48529.9039,21851.8772,581425.2651,579932.3516,13.46,11.02,1.807
603313,梦百合,家居用品,江苏,20161013,603313.SH,20220407,12.62,12.72,12.24,12.24,12.65,-0.41,-3.2411,34905.19,43562.613,0.7193,1.5974,0.82,15.7305,,1.8806,0.912,0.7339,2.1996,2.1996,48654.8339,48529.9039,21851.8772,595535.1669,594006.0237,13.92,11.39,1.807
603313,梦百合,家居用品,江苏,20161013,603313.SH,20220406,12.2,12.89,12.17,12.65,12.32,0.33,2.6786,52364.86,66322.407,1.079,2.3964,1.17,16.2574,,1.9436,0.9425,0.7585,2.1283,2.1283,48654.8339,48529.9039,21851.8772,615483.6488,613903.2843,13.55,11.09,1.807
603313,梦百合,家居用品,江苏,20161013,603313.SH,20220401,12.13,12.39,12.09,12.32,12.33,-0.01,-0.0811,28104.59,34434.307,0.5791,1.2861,0.51,15.8333,,1.8929,0.9179,0.7387,2.1853,2.1853,48654.8339,48529.9039,21851.8772,599427.5536,597888.416,13.56,11.1,1.807
603313,梦百合,家居用品,江苏,20161013,603313.SH,20220331,12.66,12.74,12.33,12.33,12.55,-0.22,-1.753,42259.16,52786.123,0.8708,1.9339,0.7,15.8462,,1.8944,0.9187,0.7393,2.1835,2.1835,48654.8339,48529.9039,21851.8772,599914.102,598373.7151,13.81,11.3,1.807
603313,梦百合,家居用品,江苏,20161013,603313.SH,20220330,12.17,12.66,12.13,12.55,12.1,0.45,3.719,51859.02,64635.34,1.0686,2.3732,0.93,16.1289,,1.9282,0.9351,0.7525,2.1453,2.1453,48654.8339,48529.9039,21851.8772,610618.1654,609050.2939,13.31,10.89,1.807
603313,梦百合,家居用品,江苏,20161013,603313.SH,20220329,12.47,12.53,12.03,12.1,12.26,-0.16,-1.3051,38215.26,46909.516,0.7875,1.7488,0.68,15.5506,,1.8591,0.9015,0.7255,2.225,2.225,48654.8339,48529.9039,21851.8772,588723.4902,587211.8372,13.49,11.03,1.807
603313,梦百合,家居用品,江苏,20161013,603313.SH,20220328,12.76,12.77,12.15,12.26,12.99,-0.73,-5.6197,63643.68,78593.951,1.3114,2.9125,1.28,15.7562,,1.8836,0.9135,0.7351,2.196,2.196,48654.8339,48529.9039,21851.8772,596508.2636,594976.6218,14.29,11.69,1.807
603313,梦百合,家居用品,江苏,20161013,603313.SH,20220325,12.84,13.25,12.68,12.99,12.84,0.15,1.1682,76984.36,100256.292,1.5863,3.523,1.86,16.6944,,1.9958,0.9679,0.7789,2.0726,2.0726,48654.8339,48529.9039,21851.8772,632026.2924,630403.4517,14.12,11.56,1.807
603313,梦百合,家居用品,江苏,20161013,603313.SH,20220324,12.92,13.18,12.71,12.84,12.67,0.17,1.3418,70899.74,91412.88,1.4609,3.2446,1.51,16.5016,,1.9728,0.9567,0.7699,2.0968,2.0968,48654.8339,48529.9039,21851.8772,624728.0673,623123.9661,13.94,11.4,1.807
603313,梦百合,家居用品,江苏,20161013,603313.SH,20220323,12.7,12.79,12.52,12.67,12.65,0.02,0.1581,27847.54,35352.969,0.5738,1.2744,0.46,16.2831,,1.9466,0.944,0.7597,2.1249,2.1249,48654.8339,48529.9039,21851.8772,616456.7455,614873.8824,13.92,11.39,1.807
603313,梦百合,家居用品,江苏,20161013,603313.SH,20220322,12.54,12.8,12.5,12.65,12.61,0.04,0.3172,42541.83,53881.075,0.8766,1.9468,0.57,16.2574,,1.9436,0.9425,0.7585,2.1283,2.1283,48654.8339,48529.9039,21851.8772,615483.6488,613903.2843,13.87,11.35,1.807
603313,梦百合,家居用品,江苏,20161013,603313.SH,20220321,12.74,12.74,12.47,12.61,12.59,0.02,0.1589,30296.87,38166.251,0.6243,1.3865,0.37,16.206,,1.9374,0.9395,0.7561,2.1351,2.1351,48654.8339,48529.9039,21851.8772,613537.4555,611962.0882,13.85,11.33,1.807
603313,梦百合,家居用品,江苏,20161013,603313.SH,20220318,12.49,12.7,12.43,12.59,12.63,-0.04,-0.3167,35751.66,45031.476,0.7367,1.6361,0.4,16.1803,,1.9344,0.9381,0.7549,2.1384,2.1384,48654.8339,48529.9039,21851.8772,612564.3588,610991.4901,13.89,11.37,1.807
603313,梦百合,家居用品,江苏,20161013,603313.SH,20220317,12.1,12.76,12.07,12.63,12.03,0.6,4.9875,98580.46,123414.25,2.0313,4.5113,1.11,16.2317,,1.9405,0.941,0.7573,2.1317,2.1317,48654.8339,48529.9039,21851.8772,614510.5522,612932.6863,13.23,10.83,1.807
603313,梦百合,家居用品,江苏,20161013,603313.SH,20220316,11.72,12.1,11.4,12.03,11.56,0.47,4.0657,96419.06,113752.924,1.9868,4.4124,1.02,15.4606,,1.8483,0.8963,0.7213,2.238,2.238,48654.8339,48529.9039,21851.8772,585317.6518,583814.7439,12.72,10.4,1.807
603313,梦百合,家居用品,江苏,20161013,603313.SH,20220315,12.51,12.51,11.55,11.56,12.62,-1.06,-8.3994,110322.93,131516.743,2.2733,5.0487,1.2,14.8566,,1.7761,0.8613,0.6932,2.329,2.329,48654.8339,48529.9039,21851.8772,562449.8799,561005.6891,13.88,11.36,1.807
603313,梦百合,家居用品,江苏,20161013,603313.SH,20220314,12.64,12.7,12.35,12.62,12.85,-0.23,-1.7899,65715.71,82261.934,1.3541,3.0073,0.66,16.2189,,1.939,0.9403,0.7567,2.1334,2.1334,48654.8339,48529.9039,21851.8772,614024.0038,612447.3872,14.14,11.57,1.807
603313,梦百合,家居用品,江苏,20161013,603313.SH,20220311,12.15,12.85,12.04,12.85,12.4,0.45,3.629,75158.97,93487.053,1.5487,3.4395,0.73,16.5145,,1.9743,0.9574,0.7705,2.0952,2.0952,48654.8339,48529.9039,21851.8772,625214.6156,623609.2651,13.64,11.16,1.807
603313,梦百合,家居用品,江苏,20161013,603313.SH,20220310,12.85,12.85,12.31,12.4,12.7,-0.3,-2.3622,95988.83,119972.09,1.9779,4.3927,0.96,15.9362,,1.9052,0.9239,0.7435,2.1712,2.1712,48654.8339,48529.9039,21851.8772,603319.9404,601770.8084,13.97,11.43,1.807
603313,梦百合,家居用品,江苏,20161013,603313.SH,20220309,12.47,13.05,11.61,12.7,12.4,0.3,2.4194,126488.9,152787.48,2.6064,5.7885,1.5,16.3217,,1.9513,0.9463,0.7615,2.1199,2.1199,48654.8339,48529.9039,21851.8772,617916.3905,616329.7795,13.64,11.16,1.807
603313,梦百合,家居用品,江苏,20161013,603313.SH,20220308,12.83,12.97,12.29,12.4,13.04,-0.64,-4.908,96409.86,121254.745,1.9866,4.412,1.29,15.9362,,1.9052,0.9239,0.7435,2.1712,2.1712,48654.8339,48529.9039,21851.8772,603319.9404,601770.8084,14.34,11.74,1.807
603313,梦百合,家居用品,江苏,20161013,603313.SH,20220307,12.94,13.16,12.6,13.04,13.2,-0.16,-1.2121,106164.4,135682.845,2.1876,4.8584,1.71,16.7587,,2.0035,0.9716,0.7819,2.0647,2.0647,48654.8339,48529.9039,21851.8772,634459.0341,632829.9469,14.52,11.88,1.807
603313,梦百合,家居用品,江苏,20161013,603313.SH,20220304,13.42,13.42,12.9,13.2,13.4,-0.2,-1.4925,89824.43,117501.16,1.8509,4.1106,1.55,16.9643,,2.0281,0.9835,0.7915,2.0396,2.0396,48654.8339,48529.9039,21851.8772,642243.8075,640594.7315,14.74,12.06,1.807
603313,梦百合,家居用品,江苏,20161013,603313.SH,20220303,13.7,13.79,13.25,13.4,13.65,-0.25,-1.8315,80162.77,107410.351,1.6518,3.6685,1.3,17.2213,,2.0588,0.9984,0.8035,2.0092,2.0092,48654.8339,48529.9039,21851.8772,651974.7743,650300.7123,15.02,12.29,1.807
603313,梦百合,家居用品,江苏,20161013,603313.SH,20220302,13.8,13.89,13.49,13.65,13.86,-0.21,-1.5152,50015.25,68079.969,1.0306,2.2888,0.78,17.5426,,2.0972,1.017,0.8185,1.9724,1.9724,48654.8339,48529.9039,21851.8772,664138.4827,662433.1882,15.25,12.47,1.807
603313,梦百合,家居用品,江苏,20161013,603313.SH,20220301,13.93,14.1,13.75,13.86,13.89,-0.03,-0.216,47340.28,65723.009,0.9755,2.1664,0.67,17.8125,,2.1295,1.0327,0.8311,1.9425,1.9425,48654.8339,48529.9039,21851.8772,674355.9979,672624.4681,15.28,12.5,1.807
603313,梦百合,家居用品,江苏,20161013,603313.SH,20220228,13.91,14.06,13.51,13.89,13.94,-0.05,-0.3587,43927.63,60363.092,0.9052,2.0102,0.62,17.8511,,2.1341,1.0349,0.8329,1.9383,1.9383,48654.8339,48529.9039,21851.8772,675815.6429,674080.3652,15.33,12.55,1.807
603313,梦百合,家居用品,江苏,20161013,603313.SH,20220225,13.95,14.23,13.89,13.94,13.85,0.09,0.6498,67676.47,95121.258,1.3945,3.0971,1.04,17.9153,,2.1418,1.0386,0.8359,1.9314,1.9314,48654.8339,48529.9039,21851.8772,678248.3846,676506.8604,15.24,12.47,1.807
603313,梦百合,家居用品,江苏,20161013,603313.SH,20220224,14.35,14.49,13.62,13.85,14.54,-0.69,-4.7455,99329.45,139335.169,2.0468,4.5456,1.86,17.7997,,2.1279,1.0319,0.8305,1.9439,1.9439,48654.8339,48529.9039,21851.8772,673869.4495,672139.169,15.99,13.09,1.807
603313,梦百合,家居用品,江苏,20161013,603313.SH,20220223,14.59,14.77,14.3,14.54,14.58,-0.04,-0.2743,63370.49,91584.065,1.3058,2.9,1.21,18.6864,,2.234,1.0833,0.8719,1.8517,1.8517,48654.8339,48529.9039,21851.8772,707441.2849,705624.8027,16.04,13.12,1.807
603313,梦百合,家居用品,江苏,20161013,603313.SH,20220222,15.17,15.17,14.4,14.58,15.27,-0.69,-4.5187,80427.64,117669.644,1.6573,3.6806,1.5,18.7378,,2.2401,1.0863,0.8742,1.8466,1.8466,48654.8339,48529.9039,21851.8772,709387.4783,707565.9989,16.8,13.74,1.807
603313,梦百合,家居用品,江苏,20161013,603313.SH,20220221,15.26,15.45,14.94,15.27,15.25,0.02,0.1311,43855.04,66377.651,0.9037,2.0069,0.73,19.6246,,2.3461,1.1377,0.9156,1.7631,1.7631,48654.8339,48529.9039,21851.8772,742959.3137,741051.6326,16.78,13.73,1.807
603313,梦百合,家居用品,江苏,20161013,603313.SH,20220218,15.4,15.41,15.05,15.25,15.42,-0.17,-1.1025,38954.65,59308.206,0.8027,1.7827,0.66,19.5989,,2.343,1.1362,0.9144,1.7654,1.7654,48654.8339,48529.9039,21851.8772,741986.217,740081.0345,16.96,13.88,1.807
603313,梦百合,家居用品,江苏,20161013,603313.SH,20220217,15.86,15.9,15.31,15.42,15.75,-0.33,-2.0952,40933.24,63305.338,0.8435,1.8732,0.73,19.8174,,2.3692,1.1489,0.9246,1.746,1.746,48654.8339,48529.9039,21851.8772,750257.5387,748331.1181,17.33,14.18,1.807
603313,梦百合,家居用品,江苏,20161013,603313.SH,20220216,15.28,15.86,15.19,15.75,15.16,0.59,3.8918,57877.14,89917.159,1.1926,2.6486,1.08,20.2415,,2.4199,1.1735,0.9444,1.7094,1.7094,48654.8339,48529.9039,21851.8772,766313.6339,764345.9864,16.68,13.64,1.807
603313,梦百合,家居用品,江苏,20161013,603313.SH,20220215,15.7,15.94,14.94,15.16,15.73,-0.57,-3.6236,86986.65,132546.664,1.7924,3.9807,1.91,19.4832,,2.3292,1.1295,0.909,1.7759,1.7759,48654.8339,48529.9039,21851.8772,737607.2819,735713.3431,17.3,14.16,1.807
603313,梦百合,家居用品,江苏,20161013,603313.SH,20220214,16.51,16.69,15.37,15.73,16.62,-0.89,-5.355,74324.21,117937.373,1.5315,3.4013,1.94,20.2158,,2.4168,1.172,0.9432,1.7116,1.7116,48654.8339,48529.9039,21851.8772,765340.5372,763375.3883,18.28,14.96,1.807
603313,梦百合,家居用品,江苏,20161013,603313.SH,20220211,16.58,16.91,16.58,16.62,16.76,-0.14,-0.8353,34682.68,58096.48,0.7147,1.5872,0.98,21.3596,,2.5535,1.2383,0.9966,1.6199,1.6199,48654.8339,48529.9039,21851.8772,808643.3394,806567.0028,18.44,15.08,1.807
603313,梦百合,家居用品,江苏,20161013,603313.SH,20220210,17.13,17.13,16.7,16.76,17.08,-0.32,-1.8735,28316.59,47618.547,0.5835,1.2958,0.78,21.5395,,2.575,1.2488,1.005,1.6064,1.6064,48654.8339,48529.9039,21851.8772,815455.0162,813361.1894,18.79,15.37,1.807
603313,梦百合,家居用品,江苏,20161013,603313.SH,20220209,17.21,17.84,16.86,17.08,17.18,-0.1,-0.5821,43080.4,74204.608,0.8877,1.9715,1.31,21.9508,,2.6242,1.2726,1.0242,1.5763,1.5763,48654.8339,48529.9039,21851.8772,831024.563,828890.7586,18.9,15.46,1.807
603313,梦百合,家居用品,江苏,20161013,603313.SH,20220208,16.62,17.74,16.52,17.18,16.65,0.53,3.1832,47545.32,81933.03,0.9797,2.1758,1.46,22.0793,,2.6396,1.2801,1.0302,1.5671,1.5671,48654.8339,48529.9039,21851.8772,835890.0464,833743.749,18.32,14.99,1.807
603313,梦百合,家居用品,江苏,20161013,603313.SH,20220207,16.33,17.13,16.33,16.65,16.53,0.12,0.726,37789.4,63173.208,0.7787,1.7293,1.22,21.3981,,2.5581,1.2406,0.9984,1.617,1.617,48654.8339,48529.9039,21851.8772,810102.9844,808022.8999,18.18,14.88,1.807
603313,梦百合,家居用品,江苏,20161013,603313.SH,20220128,16.5,16.8,16.2,16.53,16.38,0.15,0.9158,20747.99,34208.98,0.4275,0.9495,0.57,21.2439,,2.5397,1.2316,0.9912,1.6287,1.6287,48654.8339,48529.9039,21851.8772,804264.4044,802199.3115,18.02,14.74,1.807
603313,梦百合,家居用品,江苏,20161013,603313.SH,20220127,16.73,16.9,16.3,16.38,16.71,-0.33,-1.9749,31693.3,52223.87,0.6531,1.4504,0.72,21.0511,,2.5167,1.2204,0.9822,1.6437,1.6437,48654.8339,48529.9039,21851.8772,796966.1793,794919.8259,18.38,15.04,1.807
603313,梦百合,家居用品,江苏,20161013,603313.SH,20220126,16.62,17.0,16.5,16.71,16.6,0.11,0.6627,26107.1,43599.899,0.538,1.1947,0.45,21.4753,,2.5674,1.245,1.002,1.6112,1.6112,48654.8339,48529.9039,21851.8772,813022.2745,810934.6942,18.26,14.94,1.807
603313,梦百合,家居用品,江苏,20161013,603313.SH,20220125,17.12,17.26,16.3,16.6,17.13,-0.53,-3.094,46918.82,79005.051,0.9668,2.1471,0.78,21.3339,,2.5505,1.2368,0.9954,1.6219,1.6219,48654.8339,48529.9039,21851.8772,807670.2427,805596.4047,18.84,15.42,1.807
603313,梦百合,家居用品,江苏,20161013,603313.SH,20220124,17.25,17.5,17.01,17.13,17.42,-0.29,-1.6648,29950.97,51301.653,0.6172,1.3706,0.49,22.015,,2.6319,1.2763,1.0272,1.5717,1.5717,48654.8339,48529.9039,21851.8772,833457.3047,831317.2538,19.16,15.68,1.807
603313,梦百合,家居用品,江苏,20161013,603313.SH,20220121,17.91,18.12,17.41,17.42,17.91,-0.49,-2.7359,48401.55,85991.12,0.9974,2.215,0.8,22.3877,,2.6764,1.2979,1.0445,1.5455,1.5455,48654.8339,48529.9039,21851.8772,847567.2065,845390.9259,19.7,16.12,1.807
603313,梦百合,家居用品,江苏,20161013,603313.SH,20220120,17.73,18.15,17.56,17.91,17.74,0.17,0.9583,69459.47,124378.991,1.4313,3.1787,1.24,23.0175,,2.7517,1.3344,1.0739,1.5032,1.5032,48654.8339,48529.9039,21851.8772,871408.0751,869170.5788,19.51,15.97,1.807
603313,梦百合,家居用品,江苏,20161013,603313.SH,20220119,17.08,18.32,16.88,17.74,17.04,0.7,4.108,97910.57,173743.281,2.0175,4.4806,2.1,22.799,,2.7256,1.3218,1.0637,1.5176,1.5176,48654.8339,48529.9039,21851.8772,863136.7534,860920.4952,18.74,15.34,1.807
603313,梦百合,家居用品,江苏,20161013,603313.SH,20220118,17.44,17.48,16.94,17.04,17.41,-0.37,-2.1252,55764.44,95292.527,1.1491,2.5519,1.21,21.8994,,2.6181,1.2696,1.0218,1.58,1.58,48654.8339,48529.9039,21851.8772,829078.3697,826949.5625,19.15,15.67,1.807
603313,梦百合,家居用品,江苏,20161013,603313.SH,20220117,17.39,17.65,17.17,17.41,17.4,0.01,0.0575,34976.28,60961.01,0.7207,1.6006,0.73,22.3749,,2.6749,1.2972,1.0439,1.5464,1.5464,48654.8339,48529.9039,21851.8772,847080.6582,844905.6269,19.14,15.66,1.807
603313,梦百合,家居用品,江苏,20161013,603313.SH,20220114,17.79,18.0,17.26,17.4,17.81,-0.41,-2.3021,45543.65,79649.833,0.9385,2.0842,0.76,22.362,,2.6734,1.2964,1.0433,1.5473,1.5473,48654.8339,48529.9039,21851.8772,846594.1099,844420.3279,19.59,16.03,1.807
603313,梦百合,家居用品,江苏,20161013,603313.SH,20220113,18.41,18.78,17.73,17.81,18.68,-0.87,-4.6574,46644.95,84404.915,0.9612,2.1346,0.74,22.8889,,2.7364,1.327,1.0679,1.5117,1.5117,48654.8339,48529.9039,21851.8772,866542.5918,864317.5885,20.55,16.81,1.807
603313,梦百合,家居用品,江苏,20161013,603313.SH,20220112,18.54,18.74,17.98,18.68,18.34,0.34,1.8539,50608.45,92895.514,1.0428,2.316,0.77,24.007,,2.87,1.3918,1.1201,1.4413,1.4413,48654.8339,48529.9039,21851.8772,908872.2973,906538.6049,20.17,16.51,1.807
603313,梦百合,家居用品,江苏,20161013,603313.SH,20220111,18.77,19.19,18.17,18.34,18.77,-0.43,-2.2909,52808.48,98349.564,1.0882,2.4167,0.68,23.5701,,2.8178,1.3665,1.0997,1.468,1.468,48654.8339,48529.9039,21851.8772,892329.6537,890038.4375,20.65,16.89,1.807
603313,梦百合,家居用品,江苏,20161013,603313.SH,20220110,18.82,19.1,18.48,18.77,18.7,0.07,0.3743,42685.61,80245.538,0.8796,1.9534,0.54,24.1227,,2.8839,1.3985,1.1255,1.4344,1.4344,48654.8339,48529.9039,21851.8772,913251.2323,910906.2962,20.57,16.83,1.807
603313,梦百合,家居用品,江苏,20161013,603313.SH,20220107,18.29,19.28,18.2,18.7,18.29,0.41,2.2417,107576.69,203398.152,2.2167,4.923,1.68,24.0327,,2.8731,1.3933,1.1213,1.4397,1.4397,48654.8339,48529.9039,21851.8772,909845.3939,907509.2029,20.12,16.46,1.807
603313,梦百合,家居用品,江苏,20161013,603313.SH,20220106,18.04,18.5,17.81,18.29,18.04,0.25,1.3858,61905.99,112684.318,1.2756,2.833,1.07,23.5058,,2.8101,1.3628,1.0967,1.472,1.472,48654.8339,48529.9039,21851.8772,889896.912,887611.9423,19.84,16.24,1.807
603313,梦百合,家居用品,江苏,20161013,603313.SH,20220105,18.38,18.58,17.94,18.04,18.38,-0.34,-1.8498,62970.48,114668.774,1.2976,2.8817,1.17,23.1845,,2.7717,1.3441,1.0817,1.4924,1.4924,48654.8339,48529.9039,21851.8772,877733.2036,875479.4664,20.22,16.54,1.807
603313,梦百合,家居用品,江苏,20161013,603313.SH,20220104,17.29,18.65,17.11,18.38,17.31,1.07,6.1814,114415.57,206933.413,2.3576,5.236,2.84,23.6215,,2.8239,1.3695,1.1021,1.4648,1.4648,48654.8339,48529.9039,21851.8772,894275.8471,891979.6337,19.04,15.58,1.807
603313,梦百合,家居用品,江苏,20161013,603313.SH,20211231,17.24,17.54,16.98,17.31,17.29,0.02,0.1157,45568.48,78463.198,0.939,2.0853,1.14,22.2464,,2.6595,1.2897,1.0379,0.0,1.5553,48654.8339,48529.9039,21851.8772,842215.1748,840052.6365,19.02,15.56,1.807
603313,梦百合,家居用品,江苏,20161013,603313.SH,20211230,17.19,17.38,17.08,17.29,17.13,0.16,0.934,36114.7,62256.726,0.7442,1.6527,0.89,22.2207,,2.6565,1.2882,1.0367,0.0,1.5571,48654.8339,48529.9039,21851.8772,841242.0781,839082.0384,18.84,15.42,1.807
603313,梦百合,家居用品,江苏,20161013,603313.SH,20211229,17.15,17.35,16.88,17.13,17.24,-0.11,-0.6381,29624.66,50451.872,0.6104,1.3557,0.71,22.015,,2.6319,1.2763,1.0272,0.0,1.5717,48654.8339,48529.9039,21851.8772,833457.3047,831317.2538,18.96,15.52,1.807
603313,梦百合,家居用品,江苏,20161013,603313.SH,20211228,16.82,17.33,16.82,17.24,16.82,0.42,2.497,44457.82,76430.737,0.9161,2.0345,1.1,22.1564,,2.6488,1.2845,1.0337,0.0,1.5617,48654.8339,48529.9039,21851.8772,838809.3364,836655.5432,18.5,15.14,1.807
603313,梦百合,家居用品,江苏,20161013,603313.SH,20211227,16.28,16.86,16.04,16.82,16.28,0.54,3.317,45602.29,75336.608,0.9397,2.0869,1.18,21.6166,,2.5843,1.2532,1.0086,0.0,1.6007,48654.8339,48529.9039,21851.8772,818374.3062,816272.9836,17.91,14.65,1.807
603313,梦百合,家居用品,江苏,20161013,603313.SH,20211224,16.8,16.87,16.16,16.28,16.81,-0.53,-3.1529,44044.61,72212.503,0.9076,2.0156,1.11,20.9226,,2.5013,1.213,0.9762,0.0,1.6538,48654.8339,48529.9039,21851.8772,792100.6959,790066.8355,18.49,15.13,1.807
603313,梦百合,家居用品,江苏,20161013,603313.SH,20211223,17.13,17.24,16.78,16.81,17.2,-0.39,-2.2674,38041.46,64347.12,0.7839,1.7409,1.0,21.6038,,2.5827,1.2525,1.008,0.0,1.6016,48654.8339,48529.9039,21851.8772,817887.7579,815787.6846,18.92,15.48,1.807
603313,梦百合,家居用品,江苏,20161013,603313.SH,20211222,17.34,17.51,17.06,17.2,17.39,-0.19,-1.0926,35030.82,60382.291,0.7218,1.6031,0.89,22.105,,2.6426,1.2815,1.0314,0.0,1.5653,48654.8339,48529.9039,21851.8772,836863.1431,834714.3471,19.13,15.65,1.807
603313,梦百合,家居用品,江苏,20161013,603313.SH,20211221,16.87,17.5,16.86,17.39,16.9,0.49,2.8994,39763.04,68831.616,0.8194,1.8197,1.02,22.3492,,2.6718,1.2957,1.0427,0.0,1.5482,48654.8339,48529.9039,21851.8772,846107.5615,843935.0288,18.59,15.21,1.807
603313,梦百合,家居用品,江苏,20161013,603313.SH,20211220,17.26,17.47,16.85,16.9,17.37,-0.47,-2.7058,36810.43,62838.495,0.7585,1.6845,0.8,21.7194,,2.5965,1.2592,1.0134,0.0,1.5931,48654.8339,48529.9039,21851.8772,822266.6929,820155.3759,19.11,15.63,1.807
603313,梦百合,家居用品,江苏,20161013,603313.SH,20211217,17.82,17.82,17.13,17.37,17.8,-0.43,-2.4157,47897.04,83023.238,0.987,2.1919,0.92,22.3235,,2.6688,1.2942,1.0415,0.0,1.55,48654.8339,48529.9039,21851.8772,845134.4648,842964.4307,19.58,16.02,1.807
603313,梦百合,家居用品,江苏,20161013,603313.SH,20211216,17.66,17.9,17.52,17.8,17.68,0.12,0.6787,31612.41,56012.647,0.6514,1.4467,0.43,22.8761,,2.7348,1.3262,1.0673,0.0,1.5125,48654.8339,48529.9039,21851.8772,866056.0434,863832.2894,19.45,15.91,1.807
603313,梦百合,家居用品,江苏,20161013,603313.SH,20211215,17.66,17.85,17.4,17.68,17.69,-0.01,-0.0565,41052.67,72257.585,0.8459,1.8787,0.51,22.7219,,2.7164,1.3173,1.0601,0.0,1.5228,48654.8339,48529.9039,21851.8772,860217.4634,858008.701,19.46,15.92,1.807
603313,梦百合,家居用品,江苏,20161013,603313.SH,20211214,17.95,17.95,17.6,17.69,17.9,-0.21,-1.1732,37735.44,66755.828,0.7776,1.7269,0.45,22.7347,,2.7179,1.318,1.0607,0.0,1.5219,48654.8339,48529.9039,21851.8772,860704.0117,858494.0,19.69,16.11,1.807
603313,梦百合,家居用品,江苏,20161013,603313.SH,20211213,18.16,18.38,17.81,17.9,18.13,-0.23,-1.2686,71190.36,128230.05,1.4669,3.2579,0.91,23.0046,,2.7502,1.3337,1.0733,0.0,1.5041,48654.8339,48529.9039,21851.8772,870921.5268,868685.2798,19.94,16.32,1.807
603313,梦百合,家居用品,江苏,20161013,603313.SH,20211210,18.38,19.1,18.11,18.13,18.32,-0.19,-1.0371,78385.63,145536.051,1.6152,3.5871,1.12,23.3002,,2.7855,1.3508,1.0871,0.0,1.485,48654.8339,48529.9039,21851.8772,882112.1386,879847.1577,20.15,16.49,1.807
603313,梦百合,家居用品,江苏,20161013,603313.SH,20211209,18.6,19.28,18.2,18.32,18.14,0.18,0.9923,137767.34,257876.358,2.8388,6.3046,2.46,23.5444,,2.8147,1.365,1.0985,0.0,1.4696,48654.8339,48529.9039,21851.8772,891356.557,889067.8394,19.95,16.33,1.807
603313,梦百合,家居用品,江苏,20161013,603313.SH,20211208,17.37,18.16,17.02,18.14,17.38,0.76,4.3728,79856.97,141684.769,1.6455,3.6545,1.68,23.313,,2.7871,1.3516,1.0877,0.0,1.4842,48654.8339,48529.9039,21851.8772,882598.6869,880332.4567,19.12,15.64,1.807
603313,梦百合,家居用品,江苏,20161013,603313.SH,20211207,17.09,17.55,17.06,17.38,16.94,0.44,2.5974,50584.65,87341.477,1.0423,2.3149,0.96,22.3363,,2.6703,1.295,1.0421,0.0,1.5491,48654.8339,48529.9039,21851.8772,845621.0132,843449.7298,18.63,15.25,1.807
603313,梦百合,家居用品,江苏,20161013,603313.SH,20211206,17.36,17.53,16.88,16.94,17.17,-0.23,-1.3395,43584.57,74923.783,0.8981,1.9945,0.67,21.7708,,2.6027,1.2622,1.0158,0.0,1.5893,48654.8339,48529.9039,21851.8772,824212.8863,822096.5721,18.89,15.45,1.807
603313,梦百合,家居用品,江苏,20161013,603313.SH,20211203,16.92,17.28,16.8,17.17,16.8,0.37,2.2024,39024.08,66391.227,0.8041,1.7858,0.61,22.0664,,2.638,1.2793,1.0296,0.0,1.568,48654.8339,48529.9039,21851.8772,835403.4981,833258.45,18.48,15.12,1.807
603313,梦百合,家居用品,江苏,20161013,603313.SH,20211202,17.2,17.29,16.73,16.8,17.33,-0.53,-3.0583,66831.18,112637.064,1.3771,3.0584,1.08,21.5909,,2.5812,1.2517,1.0074,0.0,1.6026,48654.8339,48529.9039,21851.8772,817401.2095,815302.3855,19.06,15.6,1.807
603313,梦百合,家居用品,江苏,20161013,603313.SH,20211201,17.16,17.53,17.06,17.33,17.16,0.17,0.9907,38217.62,65987.748,0.7875,1.7489,0.51,22.2721,,2.6626,1.2912,1.0391,0.0,1.5536,48654.8339,48529.9039,21851.8772,843188.2715,841023.2346,18.88,15.44,1.807
603313,梦百合,家居用品,江苏,20161013,603313.SH,20211130,17.5,17.7,17.0,17.16,17.62,-0.46,-2.6107,75908.44,131297.875,1.5642,3.4738,0.92,22.0536,,2.6365,1.2786,1.029,0.0,1.5689,48654.8339,48529.9039,21851.8772,834916.9497,832773.1509,19.38,15.86,1.807
603313,梦百合,家居用品,江苏,20161013,603313.SH,20211129,17.9,17.99,16.9,17.62,18.16,-0.54,-2.9736,103251.17,178939.803,2.1276,4.725,1.27,22.6448,,2.7072,1.3128,1.0565,0.0,1.528,48654.8339,48529.9039,21851.8772,857298.1733,855096.9067,19.98,16.34,1.807
603313,梦百合,家居用品,江苏,20161013,603313.SH,20211126,18.25,18.6,17.9,18.16,18.38,-0.22,-1.197,36097.16,65501.924,0.7438,1.6519,0.39,23.3388,,2.7901,1.3531,1.0889,0.0,1.4825,48654.8339,48529.9039,21851.8772,883571.7836,881303.0548,20.22,16.54,1.807
603313,梦百合,家居用品,江苏,20161013,603313.SH,20211125,17.98,18.58,17.9,18.38,18.05,0.33,1.8283,54618.82,100054.961,1.1255,2.4995,0.47,23.6215,,2.8239,1.3695,1.1021,0.0,1.4648,48654.8339,48529.9039,21851.8772,894275.8471,891979.6337,19.86,16.25,1.807
603313,梦百合,家居用品,江苏,20161013,603313.SH,20211124,18.76,18.85,17.98,18.05,18.76,-0.71,-3.7846,103011.25,187570.622,2.1226,4.7141,0.72,23.1974,,2.7732,1.3449,1.0823,0.0,1.4916,48654.8339,48529.9039,21851.8772,878219.7519,875964.7654,20.64,16.88,1.807
603313,梦百合,家居用品,江苏,20161013,603313.SH,20211123,18.37,19.3,18.1,18.76,18.26,0.5,2.7382,117375.83,221129.936,2.4186,5.3714,0.66,24.1099,,2.8823,1.3978,1.1249,0.0,1.4351,48654.8339,48529.9039,21851.8772,912764.684,910420.9972,20.09,16.43,1.807
603313,梦百合,家居用品,江苏,20161013,603313.SH,20211122,18.24,18.3,17.39,18.26,18.25,0.01,0.0548,96825.73,172988.117,1.9952,4.431,0.55,23.4673,,2.8055,1.3605,1.0949,0.0,1.4744,48654.8339,48529.9039,21851.8772,888437.267,886156.0452,20.08,16.43,1.807
603313,梦百合,家居用品,江苏,20161013,603313.SH,20211119,17.57,18.39,17.3,18.25,17.6,0.65,3.6932,94732.56,169808.588,1.952,4.3352,0.54,23.4544,,2.804,1.3598,1.0943,0.0,1.4752,48654.8339,48529.9039,21851.8772,887950.7187,885670.7462,19.36,15.84,1.807
603313,梦百合,家居用品,江苏,20161013,603313.SH,20211118,18.78,18.78,17.47,17.6,18.86,-1.26,-6.6808,171197.15,308337.241,3.5277,7.8344,1.08,22.6191,,2.7041,1.3113,1.0553,0.0,1.5297,48654.8339,48529.9039,21851.8772,856325.0766,854126.3086,20.75,16.97,1.807
603313,梦百合,家居用品,江苏,20161013,603313.SH,20211117,18.28,19.59,17.88,18.86,18.55,0.31,1.6712,235394.75,440445.468,4.8505,10.7723,1.88,24.2384,,2.8977,1.4052,1.1309,0.0,1.4275,48654.8339,48529.9039,21851.8772,917630.1674,915273.9876,20.41,16.7,1.807
603313,梦百合,家居用品,江苏,20161013,603313.SH,20211116,17.05,18.8,17.03,18.55,17.09,1.46,8.543,294957.55,546426.896,6.0779,13.498,3.52,23.84,,2.8501,1.3821,1.1123,0.0,1.4514,48654.8339,48529.9039,21851.8772,902547.1688,900229.7173,18.8,15.38,1.807
603313,梦百合,家居用品,江苏,20161013,603313.SH,20211115,16.86,17.76,16.69,17.09,16.76,0.33,1.969,87815.23,151795.669,1.8095,4.0187,0.89,21.9636,,2.6257,1.2733,1.0248,0.0,1.5754,48654.8339,48529.9039,21851.8772,831511.1114,829376.0577,18.44,15.08,1.807
603313,梦百合,家居用品,江苏,20161013,603313.SH,20211112,17.44,17.66,16.6,16.76,17.14,-0.38,-2.217,81064.16,137029.484,1.6704,3.7097,0.67,21.5395,,2.575,1.2488,1.005,0.0,1.6064,48654.8339,48529.9039,21851.8772,815455.0162,813361.1894,18.85,15.43,1.807
603313,梦百合,家居用品,江苏,20161013,603313.SH,20211111,17.39,17.92,16.85,17.14,17.44,-0.3,-1.7202,96760.82,166815.639,1.9938,4.428,0.83,22.0279,,2.6334,1.2771,1.0278,0.0,1.5708,48654.8339,48529.9039,21851.8772,833943.853,831802.5528,19.18,15.7,1.807
603313,梦百合,家居用品,江苏,20161013,603313.SH,20211110,17.44,17.5,16.8,17.44,17.25,0.19,1.1014,66393.6,114217.842,1.3681,3.0383,0.61,22.4134,,2.6795,1.2994,1.0457,0.0,1.5438,48654.8339,48529.9039,21851.8772,848540.3032,846361.524,18.98,15.53,1.807
603313,梦百合,家居用品,江苏,20161013,603313.SH,20211109,17.78,17.92,17.14,17.25,17.78,-0.53,-2.9809,86796.26,151096.507,1.7885,3.972,0.82,22.1692,,2.6503,1.2853,1.0343,0.0,1.5608,48654.8339,48529.9039,21851.8772,839295.8848,837140.8423,19.56,16.0,1.807
603313,梦百合,家居用品,江苏,20161013,603313.SH,20211108,17.37,18.2,17.1,17.78,17.38,0.4,2.3015,162654.42,288673.158,3.3516,7.4435,1.78,22.8504,,2.7318,1.3248,1.0661,0.0,1.5142,48654.8339,48529.9039,21851.8772,865082.9467,862861.6913,19.12,15.64,1.807
603313,梦百合,家居用品,江苏,20161013,603313.SH,20211105,16.2,17.69,16.0,17.38,16.08,1.3,8.0846,194256.71,337143.584,4.0028,8.8897,2.81,22.3363,,2.6703,1.295,1.0421,0.0,1.5491,48654.8339,48529.9039,21851.8772,845621.0132,843449.7298,17.69,14.47,1.807
603313,梦百合,家居用品,江苏,20161013,603313.SH,20211104,15.34,16.2,15.16,16.08,15.33,0.75,4.8924,69350.23,109397.563,1.429,3.1737,0.82,20.6656,,2.4706,1.1981,0.9642,0.0,1.6743,48654.8339,48529.9039,21851.8772,782369.7291,780360.8547,16.86,13.8,1.807
603313,梦百合,家居用品,江苏,20161013,603313.SH,20211103,15.31,15.43,15.05,15.33,15.26,0.07,0.4587,33767.7,51352.322,0.6958,1.5453,0.37,19.7017,,2.3553,1.1422,0.9192,0.0,1.7562,48654.8339,48529.9039,21851.8772,745878.6037,743963.4268,16.79,13.73,1.807
603313,梦百合,家居用品,江苏,20161013,603313.SH,20211102,15.48,15.95,15.05,15.26,15.53,-0.27,-1.7386,68852.44,106070.986,1.4188,3.1509,0.71,19.6117,,2.3446,1.137,0.915,0.0,1.7643,48654.8339,48529.9039,21851.8772,742472.7653,740566.3335,17.08,13.98,1.807
603313,梦百合,家居用品,江苏,20161013,603313.SH,20211101,14.58,16.04,14.46,15.53,15.34,0.19,1.2386,89901.29,137772.802,1.8525,4.1141,0.86,19.9587,,2.3861,1.1571,0.9312,0.0,1.7336,48654.8339,48529.9039,21851.8772,755609.5705,753669.4076,16.87,13.81,1.807
603313,梦百合,家居用品,江苏,20161013,603313.SH,20211029,15.0,15.65,14.66,15.34,15.2,0.14,0.9211,83561.35,126857.901,1.7219,2.9834,0.67,19.7146,32.0858,2.2035,1.143,0.9313,0.0,1.7551,48654.8339,48529.9039,28008.3449,746365.152,744448.7258,16.72,13.68,1.807
603313,梦百合,家居用品,江苏,20161013,603313.SH,20211028,16.13,16.28,14.99,15.2,16.66,-1.46,-8.7635,147680.69,224404.201,3.0431,5.2727,1.12,19.5346,31.7929,2.1834,1.1325,0.9228,0.0,1.7713,48654.8339,48529.9039,28008.3449,739553.4753,737654.5393,18.33,14.99,1.807
603313,梦百合,家居用品,江苏,20161013,603313.SH,20211027,16.95,17.1,16.4,16.66,17.12,-0.46,-2.6869,69153.56,114885.564,1.425,2.469,0.56,21.411,34.8467,2.3931,1.2413,1.0115,0.0,1.616,48654.8339,48529.9039,28008.3449,810589.5328,808508.199,18.83,15.41,1.807
603313,梦百合,家居用品,江苏,20161013,603313.SH,20211026,17.93,17.95,17.05,17.12,17.95,-0.83,-4.624,97214.23,168523.986,2.0032,3.4709,0.89,22.0022,35.8089,2.4592,1.2756,1.0394,0.0,1.5726,48654.8339,48529.9039,28008.3449,832970.7564,830831.9548,19.75,16.16,1.807
603313,梦百合,家居用品,江苏,20161013,603313.SH,20211025,17.5,18.13,17.24,17.95,18.14,-0.19,-1.0474,123956.29,219847.912,2.5542,4.4257,1.34,23.0689,37.5449,2.5784,1.3374,1.0898,0.0,1.4999,48654.8339,48529.9039,28008.3449,873354.2685,871111.775,19.95,16.33,1.807
603313,梦百合,家居用品,江苏,20161013,603313.SH,20211022,17.12,18.14,16.83,18.14,17.09,1.05,6.1439,187788.24,327645.018,3.8695,6.7047,2.88,23.313,37.9423,2.6057,1.3516,1.1013,0.0,1.4842,48654.8339,48529.9039,28008.3449,882598.6869,880332.4567,18.8,15.38,1.807
603313,梦百合,家居用品,江苏,20161013,603313.SH,20211021,15.96,17.56,15.95,17.09,15.96,1.13,7.0802,181560.05,314237.143,3.7412,6.4824,4.59,21.9636,35.7461,2.4549,1.2733,1.0376,0.0,1.5754,48654.8339,48529.9039,28008.3449,831511.1114,829376.0577,17.56,14.36,1.807
603313,梦百合,家居用品,江苏,20161013,603313.SH,20211020,15.83,16.08,15.71,15.96,15.96,0.0,0.0,21567.5,34218.006,0.4444,0.77,0.46,20.5114,33.3826,2.2926,1.1892,0.969,0.0,1.6869,48654.8339,48529.9039,28008.3449,776531.149,774537.2662,17.56,14.36,1.807
603313,梦百合,家居用品,江苏,20161013,603313.SH,20211019,15.95,16.12,15.74,15.96,15.97,-0.01,-0.0626,30978.68,49261.397,0.6383,1.1061,0.56,20.5114,33.3826,2.2926,1.1892,0.969,0.0,1.6869,48654.8339,48529.9039,28008.3449,776531.149,774537.2662,17.57,14.37,1.807
603313,梦百合,家居用品,江苏,20161013,603313.SH,20211018,16.34,16.48,15.71,15.97,16.24,-0.27,-1.6626,40803.83,65120.161,0.8408,1.4568,0.54,20.5242,33.4035,2.294,1.1899,0.9696,0.0,1.6859,48654.8339,48529.9039,28008.3449,777017.6974,775022.5653,17.86,14.62,1.807
603313,梦百合,家居用品,江苏,20161013,603313.SH,20211015,16.04,16.75,15.86,16.24,16.05,0.19,1.1838,50847.53,83292.904,1.0478,1.8154,0.57,20.8712,33.9682,2.3328,1.21,0.986,0.0,1.6578,48654.8339,48529.9039,28008.3449,790154.5025,788125.6393,17.66,14.45,1.807
603313,梦百合,家居用品,江苏,20161013,603313.SH,20211014,16.4,16.66,15.9,16.05,16.4,-0.35,-2.1341,53664.03,87145.21,1.1058,1.916,0.62,20.627,33.5708,2.3055,1.1959,0.9744,0.0,1.6775,48654.8339,48529.9039,28008.3449,780910.0841,778904.9576,18.04,14.76,1.807
603313,梦百合,家居用品,江苏,20161013,603313.SH,20211013,16.04,16.59,16.04,16.4,16.12,0.28,1.737,60177.49,98288.868,1.24,2.1486,0.72,21.0768,34.3029,2.3558,1.2219,0.9957,0.0,1.6417,48654.8339,48529.9039,28008.3449,797939.276,795890.424,17.73,14.51,1.807
603313,梦百合,家居用品,江苏,20161013,603313.SH,20211012,15.9,16.37,15.69,16.12,16.15,-0.03,-0.1858,71722.07,114792.43,1.4779,2.5607,0.89,20.717,33.7172,2.3156,1.2011,0.9787,0.0,1.6702,48654.8339,48529.9039,28008.3449,784315.9225,782302.0509,17.77,14.54,1.807
603313,梦百合,家居用品,江苏,20161013,603313.SH,20211011,15.49,16.32,15.3,16.15,15.57,0.58,3.7251,144882.0,229629.2,2.9854,5.1728,2.18,20.7556,33.78,2.3199,1.2033,0.9805,0.0,1.6671,48654.8339,48529.9039,28008.3449,785775.5675,783757.948,17.13,14.01,1.807
603313,梦百合,家居用品,江苏,20161013,603313.SH,20211008,14.33,15.57,14.23,15.57,14.15,1.42,10.0353,111961.5,167754.299,2.3071,3.9974,2.07,20.0102,32.5668,2.2366,1.1601,0.9453,0.0,1.7292,48654.8339,48529.9039,28008.3449,757555.7638,755610.6037,15.57,12.74,1.807
603313,梦百合,家居用品,江苏,20161013,603313.SH,20210930,14.44,14.7,14.13,14.15,14.44,-0.29,-2.0083,43815.58,62936.385,0.9029,1.5644,0.8,18.1852,29.5967,2.0326,1.0543,0.8591,0.0,1.9027,48654.8339,48529.9039,28008.3449,688465.8997,686698.1402,15.88,13.0,1.807
603313,梦百合,家居用品,江苏,20161013,603313.SH,20210929,15.22,15.22,14.4,14.44,15.23,-0.79,-5.1871,44972.25,66104.78,0.9267,1.6057,0.84,18.5579,30.2033,2.0742,1.0759,0.8767,0.0,1.8645,48654.8339,48529.9039,28008.3449,702575.8015,700771.8123,16.75,13.71,1.807
603313,梦百合,家居用品,江苏,20161013,603313.SH,20210928,14.82,15.38,14.56,15.23,14.82,0.41,2.7665,58762.3,88511.449,1.2108,2.098,1.08,19.5732,31.8557,2.1877,1.1348,0.9246,0.0,1.7678,48654.8339,48529.9039,28008.3449,741013.1203,739110.4364,16.3,13.34,1.807
603313,梦百合,家居用品,江苏,20161013,603313.SH,20210927,14.73,15.4,14.3,14.82,14.48,0.34,2.3481,72990.83,108628.14,1.504,2.606,1.55,19.0463,30.9981,2.1288,1.1042,0.8997,0.0,1.8167,48654.8339,48529.9039,28008.3449,721064.6384,719213.1758,15.93,13.03,1.807
603313,梦百合,家居用品,江苏,20161013,603313.SH,20210924,14.35,14.8,14.02,14.48,14.25,0.23,1.614,49618.29,71491.475,1.0224,1.7716,0.97,18.6093,30.2869,2.08,1.0789,0.8791,0.0,1.8593,48654.8339,48529.9039,28008.3449,704521.9949,702713.0085,15.68,12.83,1.807
603313,梦百合,家居用品,江苏,20161013,603313.SH,20210923,14.26,14.69,14.2,14.25,14.22,0.03,0.211,47112.16,67842.628,0.9708,1.6821,0.89,18.3137,29.8059,2.0469,1.0617,0.8651,0.0,1.8893,48654.8339,48529.9039,28008.3449,693331.3831,691551.1306,15.64,12.8,1.807
603313,梦百合,家居用品,江苏,20161013,603313.SH,20210922,14.34,14.58,14.1,14.22,14.58,-0.36,-2.4691,39729.51,56574.61,0.8187,1.4185,0.71,18.2752,29.7431,2.0426,1.0595,0.8633,0.0,1.8933,48654.8339,48529.9039,28008.3449,691871.7381,690095.2335,16.04,13.12,1.807
603313,梦百合,家居用品,江苏,20161013,603313.SH,20210917,14.86,14.97,14.13,14.58,14.86,-0.28,-1.8843,63180.37,91512.978,1.3019,2.2558,1.23,18.7378,30.4961,2.0943,1.0863,0.8852,0.0,1.8466,48654.8339,48529.9039,28008.3449,709387.4783,707565.9989,16.35,13.37,1.807
603313,梦百合,家居用品,江苏,20161013,603313.SH,20210916,14.9,15.02,14.68,14.86,15.04,-0.18,-1.1968,36013.55,53445.713,0.7421,1.2858,0.7,19.0977,31.0818,2.1346,1.1072,0.9022,0.0,1.8118,48654.8339,48529.9039,28008.3449,723010.8318,721154.372,16.54,13.54,1.807
603313,梦百合,家居用品,江苏,20161013,603313.SH,20210915,15.21,15.25,14.57,15.04,15.23,-0.19,-1.2475,69242.79,102977.317,1.4268,2.4722,1.31,19.329,31.4583,2.1604,1.1206,0.9131,0.0,1.7901,48654.8339,48529.9039,28008.3449,731768.7019,729889.7547,16.75,13.71,1.807
603313,梦百合,家居用品,江苏,20161013,603313.SH,20210914,15.55,15.88,15.05,15.23,15.52,-0.29,-1.8686,55422.12,84772.007,1.142,1.9788,0.92,19.5732,31.8557,2.1877,1.1348,0.9246,0.0,1.7678,48654.8339,48529.9039,28008.3449,741013.1203,739110.4364,17.07,13.97,1.807
603313,梦百合,家居用品,江苏,20161013,603313.SH,20210913,15.74,15.78,15.3,15.52,15.9,-0.38,-2.3899,54157.26,83966.431,1.116,1.9336,0.87,19.9459,32.4622,2.2294,1.1564,0.9422,0.0,1.7347,48654.8339,48529.9039,28008.3449,755123.0221,753184.1085,17.49,14.31,1.807
603313,梦百合,家居用品,江苏,20161013,603313.SH,20210910,16.16,16.33,15.89,15.9,16.16,-0.26,-1.6089,41310.06,66211.89,0.8512,1.4749,0.66,20.4343,33.2571,2.284,1.1847,0.9653,0.0,1.6933,48654.8339,48529.9039,28008.3449,773611.859,771625.472,17.78,14.54,1.807
603313,梦百合,家居用品,江苏,20161013,603313.SH,20210909,16.39,16.53,15.9,16.16,16.4,-0.24,-1.4634,38553.43,62043.977,0.7944,1.3765,0.62,20.7684,33.8009,2.3213,1.2041,0.9811,0.0,1.666,48654.8339,48529.9039,28008.3449,786262.1158,784243.247,18.04,14.76,1.807
603313,梦百合,家居用品,江苏,20161013,603313.SH,20210908,16.88,16.98,16.18,16.4,16.69,-0.29,-1.7376,74800.13,123644.599,1.5413,2.6706,1.33,21.0768,34.3029,2.3558,1.2219,0.9957,0.0,1.6417,48654.8339,48529.9039,28008.3449,797939.276,795890.424,18.36,15.02,1.807
603313,梦百合,家居用品,江苏,20161013,603313.SH,20210907,15.07,16.69,15.03,16.69,15.17,1.52,10.0198,91563.56,146003.862,1.8867,3.2692,1.97,21.4495,34.9095,2.3974,1.2435,1.0133,0.0,1.6131,48654.8339,48529.9039,28008.3449,812049.1778,809964.0961,16.69,13.65,1.807
603313,梦百合,家居用品,江苏,20161013,603313.SH,20210906,15.4,15.56,14.99,15.17,15.6,-0.43,-2.7564,66672.8,101102.485,1.3738,2.3805,1.43,19.4961,31.7302,2.1791,1.1303,0.921,0.0,1.7748,48654.8339,48529.9039,28008.3449,738093.8303,736198.6422,17.16,14.04,1.807
603313,梦百合,家居用品,江苏,20161013,603313.SH,20210903,15.1,15.78,15.03,15.6,15.72,-0.12,-0.7634,41568.72,64381.62,0.8566,1.4842,0.92,20.0487,32.6296,2.2409,1.1623,0.9471,0.0,1.7258,48654.8339,48529.9039,28008.3449,759015.4088,757066.5008,17.29,14.15,1.807
603313,梦百合,家居用品,江苏,20161013,603313.SH,20210902,15.8,15.99,15.64,15.72,15.88,-0.16,-1.0076,35187.88,55546.227,0.7251,1.2563,0.78,20.2029,32.8806,2.2581,1.1713,0.9544,0.0,1.7127,48654.8339,48529.9039,28008.3449,764853.9889,762890.0893,17.47,14.29,1.807
603313,梦百合,家居用品,江苏,20161013,603313.SH,20210901,16.15,16.27,15.55,15.88,16.12,-0.24,-1.4888,46302.55,73357.231,0.9541,1.6532,1.13,20.4086,33.2152,2.2811,1.1832,0.9641,0.0,1.6954,48654.8339,48529.9039,28008.3449,772638.7623,770654.8739,17.73,14.51,1.807
603313,梦百合,家居用品,江苏,20161013,603313.SH,20210831,16.16,16.88,16.05,16.12,16.22,-0.1,-0.6165,43004.62,70183.257,0.8861,1.5354,1.12,20.717,33.7172,2.3156,1.2011,0.9787,0.0,1.6702,48654.8339,48529.9039,28008.3449,784315.9225,782302.0509,17.84,14.6,1.807
603313,梦百合,家居用品,江苏,20161013,603313.SH,20210830,15.4,16.81,15.04,16.22,16.43,-0.21,-1.2781,66562.07,107336.121,1.3716,2.3765,2.11,20.8455,33.9264,2.3299,1.2085,0.9847,0.0,1.6599,48654.8339,48529.9039,28008.3449,789181.4059,787155.0413,18.07,14.79,1.807
603313,梦百合,家居用品,江苏,20161013,603313.SH,20210827,16.77,16.79,16.36,16.43,16.8,-0.37,-2.2024,33746.9,55682.545,0.6954,1.5443,0.97,21.1154,22.6092,2.3076,1.2242,1.086,0.0,1.6387,48654.8339,48529.9039,21851.8772,799398.921,797346.3211,18.48,15.12,1.807
603313,梦百合,家居用品,江苏,20161013,603313.SH,20210826,17.02,17.3,16.7,16.8,17.01,-0.21,-1.2346,35707.0,60514.296,0.7358,1.634,0.81,21.5909,23.1183,2.3595,1.2517,1.1104,0.0,1.6026,48654.8339,48529.9039,21851.8772,817401.2095,815302.3855,18.71,15.31,1.807
603313,梦百合,家居用品,江苏,20161013,603313.SH,20210825,16.93,17.2,16.69,17.01,16.93,0.08,0.4725,25107.3,42666.066,0.5174,1.149,0.47,21.8608,23.4073,2.389,1.2674,1.1243,0.0,1.5828,48654.8339,48529.9039,21851.8772,827618.7246,825493.6653,18.62,15.24,1.807
603313,梦百合,家居用品,江苏,20161013,603313.SH,20210824,16.94,17.25,16.86,16.93,16.91,0.02,0.1183,30387.26,51681.567,0.6262,1.3906,0.53,21.758,23.2972,2.3778,1.2614,1.119,0.0,1.5903,48654.8339,48529.9039,21851.8772,823726.3379,821611.273,18.6,15.22,1.807
603313,梦百合,家居用品,江苏,20161013,603313.SH,20210823,16.62,17.06,16.47,16.91,16.59,0.32,1.9289,33101.13,55759.972,0.6821,1.5148,0.57,21.7323,23.2697,2.375,1.2599,1.1177,0.0,1.5921,48654.8339,48529.9039,21851.8772,822753.2412,820640.6749,18.25,14.93,1.807
603313,梦百合,家居用品,江苏,20161013,603313.SH,20210820,16.89,17.11,16.27,16.59,16.89,-0.3,-1.7762,49114.17,81122.546,1.012,2.2476,0.85,21.321,22.8293,2.3301,1.2361,1.0966,0.0,1.6228,48654.8339,48529.9039,21851.8772,807183.6944,805111.1057,18.58,15.2,1.807
603313,梦百合,家居用品,江苏,20161013,603313.SH,20210819,17.07,17.78,16.71,16.89,16.91,-0.02,-0.1183,83196.41,143269.043,1.7143,3.8073,1.73,21.7066,23.2422,2.3722,1.2584,1.1164,0.0,1.594,48654.8339,48529.9039,21851.8772,821780.1446,819670.0769,18.6,15.22,1.807
603313,梦百合,家居用品,江苏,20161013,603313.SH,20210818,17.51,17.69,16.65,16.91,17.51,-0.6,-3.4266,73766.95,124717.552,1.52,3.3758,1.71,21.7323,23.2697,2.375,1.2599,1.1177,0.0,1.5921,48654.8339,48529.9039,21851.8772,822753.2412,820640.6749,19.26,15.76,1.807
603313,梦百合,家居用品,江苏,20161013,603313.SH,20210817,17.99,18.39,17.44,17.51,17.99,-0.48,-2.6681,48168.62,85943.617,0.9926,2.2043,0.89,22.5034,24.0953,2.4593,1.3046,1.1574,0.0,1.5376,48654.8339,48529.9039,21851.8772,851946.1416,849758.6173,19.79,16.19,1.807
603313,梦百合,家居用品,江苏,20161013,603313.SH,20210816,18.08,18.1,17.66,17.99,18.03,-0.04,-0.2219,35884.07,64168.032,0.7394,1.6422,0.58,23.1203,24.7559,2.5267,1.3404,1.1891,0.0,1.4966,48654.8339,48529.9039,21851.8772,875300.4619,873052.9712,19.83,16.23,1.807
603313,梦百合,家居用品,江苏,20161013,603313.SH,20210813,17.92,18.2,17.63,18.03,18.12,-0.09,-0.4967,47134.43,84416.367,0.9712,2.157,0.72,23.1717,24.8109,2.5323,1.3434,1.1917,0.0,1.4932,48654.8339,48529.9039,21851.8772,877246.6552,874994.1673,19.93,16.31,1.807
603313,梦百合,家居用品,江苏,20161013,603313.SH,20210812,17.99,18.5,17.99,18.12,18.28,-0.16,-0.8753,36087.81,65588.371,0.7436,1.6515,0.55,23.2873,24.9348,2.5449,1.3501,1.1977,0.0,1.4858,48654.8339,48529.9039,21851.8772,881625.5903,879361.8587,20.11,16.45,1.807
603313,梦百合,家居用品,江苏,20161013,603313.SH,20210811,18.21,18.44,17.8,18.28,18.29,-0.01,-0.0547,48588.89,88173.032,1.0012,2.2236,0.76,23.493,25.1549,2.5674,1.362,1.2083,0.0,1.4728,48654.8339,48529.9039,21851.8772,889410.3637,887126.6433,20.12,16.46,1.807
603313,梦百合,家居用品,江苏,20161013,603313.SH,20210810,17.9,18.63,17.7,18.29,17.7,0.59,3.3333,101448.6,184612.211,2.0904,4.6426,2.02,23.5058,25.1687,2.5688,1.3628,1.2089,0.0,1.472,48654.8339,48529.9039,21851.8772,889896.912,887611.9423,19.47,15.93,1.807
603313,梦百合,家居用品,江苏,20161013,603313.SH,20210809,16.04,17.7,15.97,17.7,16.09,1.61,10.0062,75564.58,130041.28,1.5571,3.458,1.67,22.7476,24.3568,2.486,1.3188,1.1699,0.0,1.5211,48654.8339,48529.9039,21851.8772,861190.56,858979.299,17.7,14.48,1.807
603313,梦百合,家居用品,江苏,20161013,603313.SH,20210806,16.7,16.78,16.03,16.09,16.71,-0.62,-3.7104,66549.58,107763.616,1.3713,3.0455,1.52,20.6784,22.1413,2.2598,1.1988,1.0635,0.0,1.6733,48654.8339,48529.9039,21851.8772,782856.2775,780846.1538,18.38,15.04,1.807
603313,梦百合,家居用品,江苏,20161013,603313.SH,20210805,17.19,17.29,16.7,16.71,17.23,-0.52,-3.018,37700.01,63830.48,0.7768,1.7253,0.84,21.4753,22.9945,2.3469,1.245,1.1045,0.0,1.6112,48654.8339,48529.9039,21851.8772,813022.2745,810934.6942,18.95,15.51,1.807
603313,梦百合,家居用品,江苏,20161013,603313.SH,20210804,17.41,17.61,17.14,17.23,17.48,-0.25,-1.4302,38184.39,66027.067,0.7868,1.7474,0.78,22.1435,23.71,2.4199,1.2838,1.1389,0.0,1.5626,48654.8339,48529.9039,21851.8772,838322.7881,836170.2442,19.23,15.73,1.807
603313,梦百合,家居用品,江苏,20161013,603313.SH,20210803,17.45,17.81,17.36,17.48,17.52,-0.04,-0.2283,33381.45,58609.202,0.6879,1.5276,0.65,22.4648,24.0541,2.4551,1.3024,1.1554,0.0,1.5402,48654.8339,48529.9039,21851.8772,850486.4966,848302.7202,19.27,15.77,1.807
603313,梦百合,家居用品,江苏,20161013,603313.SH,20210802,16.87,17.71,16.69,17.52,16.97,0.55,3.241,50631.62,87179.919,1.0433,2.317,0.91,22.5162,24.1091,2.4607,1.3054,1.158,0.0,1.5367,48654.8339,48529.9039,21851.8772,852432.6899,850243.9163,18.67,15.27,1.807
603313,梦百合,家居用品,江苏,20161013,603313.SH,20210730,17.01,17.34,16.63,16.97,17.2,-0.23,-1.3372,58807.15,99503.97,1.2118,2.6912,0.85,21.8094,23.3522,2.3834,1.2644,1.1217,0.0,1.5865,48654.8339,48529.9039,21851.8772,825672.5313,823552.4692,18.92,15.48,1.807
603313,梦百合,家居用品,江苏,20161013,603313.SH,20210729,17.57,17.85,17.11,17.2,17.43,-0.23,-1.3196,42807.67,74299.26,0.8821,1.959,0.52,22.105,23.6687,2.4157,1.2815,1.1369,0.0,1.5653,48654.8339,48529.9039,21851.8772,836863.1431,834714.3471,19.17,15.69,1.807
603313,梦百合,家居用品,江苏,20161013,603313.SH,20210728,18.12,18.12,17.0,17.43,18.12,-0.69,-3.8079,60056.9,105340.538,1.2375,2.7484,0.71,22.4006,23.9852,2.448,1.2987,1.1521,0.0,1.5446,48654.8339,48529.9039,21851.8772,848053.7549,845876.225,19.93,16.31,1.807
603313,梦百合,家居用品,江苏,20161013,603313.SH,20210727,18.0,18.55,17.93,18.12,18.12,0.0,0.0,46287.38,84647.756,0.9538,2.1182,0.55,23.2873,24.9348,2.5449,1.3501,1.1977,0.0,1.4858,48654.8339,48529.9039,21851.8772,881625.5903,879361.8587,19.93,16.31,1.807
603313,梦百合,家居用品,江苏,20161013,603313.SH,20210726,18.0,18.78,17.88,18.12,18.24,-0.12,-0.6579,71024.44,129552.931,1.4635,3.2503,0.93,23.2873,24.9348,2.5449,1.3501,1.1977,0.0,1.4858,48654.8339,48529.9039,21851.8772,881625.5903,879361.8587,20.06,16.42,1.807
603313,梦百合,家居用品,江苏,20161013,603313.SH,20210723,19.2,19.2,18.12,18.24,19.47,-1.23,-6.3174,126764.7,233068.165,2.6121,5.8011,2.12,23.4416,25.0999,2.5618,1.359,1.2056,0.0,1.476,48654.8339,48529.9039,21851.8772,887464.1703,885185.4471,21.42,17.52,1.807
603313,梦百合,家居用品,江苏,20161013,603313.SH,20210722,20.89,20.91,19.2,19.47,20.91,-1.44,-6.8867,107304.59,212176.51,2.2111,4.9105,2.24,25.0223,26.7925,2.7345,1.4507,1.2869,0.0,1.3828,48654.8339,48529.9039,21851.8772,947309.616,944877.2289,23.0,18.82,1.807
603313,梦百合,家居用品,江苏,20161013,603313.SH,20210721,21.42,21.97,20.62,20.91,21.54,-0.63,-2.9248,70821.4,149060.599,1.4593,3.241,1.52,26.873,28.774,2.9368,1.558,1.3821,0.0,1.2876,48654.8339,48529.9039,21851.8772,1017372.5768,1014760.2905,23.69,19.39,1.807
603313,梦百合,家居用品,江苏,20161013,603313.SH,20210720,21.85,22.17,21.42,21.54,22.16,-0.62,-2.7978,41409.99,89467.218,0.8533,1.895,0.92,27.6826,29.641,3.0253,1.6049,1.4238,0.0,1.2499,48654.8339,48529.9039,21851.8772,1048025.1222,1045334.13,24.38,19.94,1.807
603313,梦百合,家居用品,江苏,20161013,603313.SH,20210719,22.19,22.71,22.06,22.16,22.19,-0.03,-0.1352,36446.01,81263.565,0.751,1.6679,0.78,28.4794,30.4942,3.1124,1.6511,1.4647,0.0,1.2149,48654.8339,48529.9039,21851.8772,1078191.1192,1075422.6704,24.41,19.97,1.807
603313,梦百合,家居用品,江苏,20161013,603313.SH,20210716,22.16,22.85,22.03,22.19,22.01,0.18,0.8178,43506.82,97357.049,0.8965,1.991,0.97,28.518,30.5354,3.1166,1.6533,1.4667,0.0,1.2133,48654.8339,48529.9039,21851.8772,1079650.7642,1076878.5675,24.21,19.81,1.807
603313,梦百合,家居用品,江苏,20161013,603313.SH,20210715,21.7,22.19,21.28,22.01,22.2,-0.19,-0.8559,47752.42,103746.024,0.984,2.1853,1.15,28.2867,30.2877,3.0913,1.6399,1.4548,0.0,1.2232,48654.8339,48529.9039,21851.8772,1070892.8941,1068143.1848,24.42,19.98,1.807
603313,梦百合,家居用品,江苏,20161013,603313.SH,20210714,22.25,22.93,21.6,22.2,22.08,0.12,0.5435,63108.67,141170.961,1.6905,3.7544,1.77,28.5309,30.5492,3.118,1.6541,1.4674,0.0,1.2128,48654.8339,37330.6953,16809.1363,1080137.3126,828741.4357,24.29,19.87,1.807
603313,梦百合,家居用品,江苏,20161013,603313.SH,20210713,28.35,29.08,27.78,29.05,28.37,0.68,2.3969,33803.14,96555.227,0.9055,2.011,0.95,28.7187,30.7503,3.0241,1.665,1.477,0.0,,37426.7953,37330.6953,16809.1363,1087248.4035,1084456.6985,31.21,25.53,1.373
603313,梦百合,家居用品,江苏,20161013,603313.SH,20210712,28.12,28.7,27.68,28.37,28.24,0.13,0.4603,44635.86,125894.178,1.1957,2.6555,1.37,28.0464,30.0305,2.9534,1.626,1.4425,0.0,,37426.7953,37330.6953,16809.1363,1061798.1827,1059071.8257,31.06,25.42,1.373
603313,梦百合,家居用品,江苏,20161013,603313.SH,20210709,28.92,28.92,28.1,28.24,28.93,-0.69,-2.3851,34251.6,97527.371,0.9175,2.0377,1.08,27.9179,29.8929,2.9398,1.6185,1.4359,0.0,,37426.7953,37330.6953,16809.1363,1056932.6993,1054218.8353,31.82,26.04,1.373
603313,梦百合,家居用品,江苏,20161013,603313.SH,20210708,29.1,29.49,28.85,28.93,28.84,0.09,0.3121,32253.04,93993.361,0.864,1.9188,0.87,28.6001,30.6233,3.0117,1.6581,1.4709,0.0,,37426.7953,37330.6953,16809.1363,1082757.188,1079977.015,31.72,25.96,1.373
603313,梦百合,家居用品,江苏,20161013,603313.SH,20210707,28.88,29.25,28.67,28.84,29.12,-0.28,-0.9615,33829.66,97700.26,0.9062,2.0126,0.85,28.5111,30.528,3.0023,1.6529,1.4664,0.0,,37426.7953,37330.6953,16809.1363,1079388.7765,1076617.2525,32.03,26.21,1.373
603313,梦百合,家居用品,江苏,20161013,603313.SH,20210706,29.63,29.85,28.48,29.12,29.62,-0.5,-1.688,32929.74,95574.536,0.8821,1.959,0.79,28.7879,30.8244,3.0314,1.669,1.4806,0.0,,37426.7953,37330.6953,16809.1363,1089868.2791,1087069.8471,32.58,26.66,1.373
603313,梦百合,家居用品,江苏,20161013,603313.SH,20210705,30.06,30.88,29.13,29.62,30.33,-0.71,-2.3409,30017.26,88926.338,0.8041,1.7858,0.66,29.2822,31.3537,3.0835,1.6976,1.506,0.0,,37426.7953,37330.6953,16809.1363,1108581.6768,1105735.1948,33.36,27.3,1.373
603313,梦百合,家居用品,江苏,20161013,603313.SH,20210702,30.92,31.64,30.0,30.33,31.08,-0.75,-2.4131,30144.31,92814.319,0.8075,1.7933,0.67,29.9841,32.1052,3.1574,1.7383,1.5421,0.0,,37426.7953,37330.6953,16809.1363,1135154.7014,1132239.9884,34.19,27.97,1.373
603313,梦百合,家居用品,江苏,20161013,603313.SH,20210701,30.0,31.89,28.99,31.08,30.05,1.03,3.4276,57679.77,175789.875,1.5451,3.4315,1.5,30.7255,32.8991,3.2355,1.7813,1.5803,0.0,,37426.7953,37330.6953,16809.1363,1163224.7979,1160238.0099,33.06,27.05,1.373
603313,梦百合,家居用品,江苏,20161013,603313.SH,20210630,31.33,31.8,29.9,30.05,31.23,-1.18,-3.7784,47087.05,144047.719,1.2613,2.8013,1.29,29.7073,31.8089,3.1282,1.7223,1.5279,0.0,,37426.7953,37330.6953,16809.1363,1124675.1988,1121787.3938,34.35,28.11,1.373
603313,梦百合,家居用品,江苏,20161013,603313.SH,20210629,32.97,32.99,31.06,31.23,32.88,-1.65,-5.0182,43219.96,137659.645,1.1578,2.5712,1.22,30.8738,33.0579,3.2511,1.7899,1.5879,0.0,,37426.7953,37330.6953,16809.1363,1168838.8172,1165837.6142,36.17,29.59,1.373
603313,梦百合,家居用品,江苏,20161013,603313.SH,20210628,31.48,33.55,31.05,32.88,31.35,1.53,4.8804,48308.23,156820.976,1.2941,2.8739,1.4,32.505,34.8045,3.4229,1.8845,1.6718,0.0,,37426.7953,37330.6953,16809.1363,1230593.0295,1227433.2615,34.49,28.22,1.373
603313,梦百合,家居用品,江苏,20161013,603313.SH,20210625,31.91,32.19,31.05,31.35,31.86,-0.51,-1.6008,27597.49,86889.776,0.7393,1.6418,0.83,31.0627,33.2601,3.265,1.8009,1.5976,0.0,,37511.5703,37330.6953,16809.1363,1175987.7289,1170317.2977,35.05,28.67,1.373
603313,梦百合,家居用品,江苏,20161013,603313.SH,20210624,32.04,32.47,31.35,31.86,31.91,-0.05,-0.1567,25459.49,80978.899,0.682,1.5146,0.75,31.568,33.8012,3.3181,1.8302,1.6236,0.0,,37511.5703,37330.6953,16809.1363,1195118.6298,1189355.9523,35.1,28.72,1.373
603313,梦百合,家居用品,江苏,20161013,603313.SH,20210623,32.69,33.03,31.8,31.91,32.78,-0.87,-2.6541,37290.55,120069.107,0.9989,2.2185,1.08,31.6175,33.8542,3.3233,1.833,1.6261,0.0,,37511.5703,37330.6953,16809.1363,1196994.2083,1191222.487,36.06,29.5,1.373
603313,梦百合,家居用品,江苏,20161013,603313.SH,20210622,32.07,32.91,32.07,32.78,32.0,0.78,2.4375,38032.92,123844.824,1.0188,2.2626,1.2,32.4795,34.7772,3.414,1.883,1.6705,0.0,,37511.5703,37330.6953,16809.1363,1229629.2744,1223700.1919,35.2,28.8,1.373
603313,梦百合,家居用品,江苏,20161013,603313.SH,20210621,30.8,32.04,30.5,32.0,30.8,1.2,3.8961,44664.21,141209.498,1.1964,2.6571,1.55,31.7067,33.9497,3.3327,1.8382,1.6307,0.0,,37511.5703,37330.6953,16809.1363,1200370.2496,1194582.2496,33.88,27.72,1.373
603313,梦百合,家居用品,江苏,20161013,603313.SH,20210618,30.26,31.01,29.9,30.8,30.41,0.39,1.2825,20629.6,63078.066,0.5526,1.2273,0.7,30.5177,32.6766,3.2077,1.7693,1.5696,0.0,,37511.5703,37330.6953,16809.1363,1155356.3652,1149785.4152,33.45,27.37,1.373
603313,梦百合,家居用品,江苏,20161013,603313.SH,20210617,29.9,30.97,29.89,30.41,30.44,-0.03,-0.0986,28425.06,86666.987,0.7614,1.691,0.93,30.1313,32.2628,3.1671,1.7469,1.5497,0.0,,37511.5703,37330.6953,16809.1363,1140726.8528,1135226.4441,33.48,27.4,1.373
603313,梦百合,家居用品,江苏,20161013,603313.SH,20210616,30.5,31.49,30.37,30.44,30.4,0.04,0.1316,40953.41,126796.165,1.097,2.4364,1.36,30.161,32.2947,3.1703,1.7486,1.5512,0.0,,37511.5703,37330.6953,16809.1363,1141852.1999,1136346.3649,33.44,27.36,1.373
603313,梦百合,家居用品,江苏,20161013,603313.SH,20210615,30.18,30.84,30.18,30.4,30.18,0.22,0.729,24295.03,74276.275,0.6508,1.4453,0.65,30.1214,32.2522,3.1661,1.7463,1.5492,0.0,,37511.5703,37330.6953,16809.1363,1140351.7371,1134853.1371,33.2,27.16,1.373
603313,梦百合,家居用品,江苏,20161013,603313.SH,20210611,30.91,31.4,30.16,30.18,30.88,-0.7,-2.2668,29442.3,90667.058,0.7887,1.7516,0.71,29.9034,32.0188,3.1432,1.7337,1.538,0.0,,37511.5703,37330.6953,16809.1363,1132099.1917,1126640.3842,33.97,27.79,1.373
603313,梦百合,家居用品,江苏,20161013,603313.SH,20210610,30.56,31.06,30.35,30.88,30.69,0.19,0.6191,24426.33,75001.208,0.6543,1.4532,0.47,30.597,32.7615,3.2161,1.7739,1.5736,0.0,,37511.5703,37330.6953,16809.1363,1158357.2909,1152771.8709,33.76,27.62,1.373
603313,梦百合,家居用品,江苏,20161013,603313.SH,20210609,31.1,31.46,30.3,30.69,31.1,-0.41,-1.3183,33058.05,101728.476,0.8855,1.9667,0.52,30.4087,32.5599,3.1963,1.763,1.564,0.0,,37511.5703,37330.6953,16809.1363,1151230.0925,1145679.0388,34.21,27.99,1.373
603313,梦百合,家居用品,江苏,20161013,603313.SH,20210608,31.62,31.95,30.98,31.1,31.52,-0.42,-1.3325,39006.4,122409.723,1.0449,2.3205,0.55,30.8149,32.9949,3.239,1.7865,1.5848,0.0,,37511.5703,37330.6953,16809.1363,1166609.8363,1160984.6238,34.67,28.37,1.373
603313,梦百合,家居用品,江苏,20161013,603313.SH,20210607,30.64,31.63,30.01,31.52,30.58,0.94,3.0739,61507.42,191392.443,1.6476,3.6592,0.94,31.2311,33.4405,3.2827,1.8106,1.6063,0.0,,37511.5703,37330.6953,16809.1363,1182364.6959,1176663.5159,33.64,27.52,1.373
603313,梦百合,家居用品,江苏,20161013,603313.SH,20210604,29.7,30.6,29.4,30.58,29.73,0.85,2.8591,50454.03,152932.173,1.3515,3.0016,0.76,30.2997,32.4432,3.1848,1.7566,1.5584,0.0,,37511.5703,37330.6953,16809.1363,1147103.8198,1141572.6623,32.7,26.76,1.373
603313,梦百合,家居用品,江苏,20161013,603313.SH,20210603,29.52,30.48,29.2,29.73,29.29,0.44,1.5022,73224.29,218909.297,1.9615,4.3562,1.27,29.4575,31.5414,3.0963,1.7078,1.515,0.0,,37511.5703,37330.6953,16809.1363,1115218.985,1109841.5713,32.22,26.36,1.373
603313,梦百合,家居用品,江苏,20161013,603313.SH,20210602,28.78,30.3,28.78,29.29,28.8,0.49,1.7014,93268.84,277597.823,2.4984,5.5487,2.17,29.0215,31.0746,3.0505,1.6825,1.4926,0.0,,37511.5703,37330.6953,16809.1363,1098713.8941,1093416.0653,31.68,25.92,1.373
603313,梦百合,家居用品,江苏,20161013,603313.SH,20210601,28.1,29.23,27.5,28.8,28.05,0.75,2.6738,77888.14,220346.658,2.0864,4.6337,2.29,28.536,30.5547,2.9995,1.6544,1.4676,0.0,,37511.5703,37330.6953,16809.1363,1080333.2246,1075124.0246,30.86,25.25,1.373
603313,梦百合,家居用品,江苏,20161013,603313.SH,20210531,28.2,28.25,27.65,28.05,27.94,0.11,0.3937,31047.86,86679.337,0.8929,2.1789,0.96,27.7929,29.759,2.9213,1.6113,1.4294,0.0,,37511.5703,34770.688,14249.129,1052199.5469,975317.7984,30.73,25.15,1.373
603313,梦百合,家居用品,江苏,20161013,603313.SH,20210528,27.92,29.16,27.92,27.94,27.94,0.0,0.0,57724.59,164702.36,1.6602,4.0511,2.36,27.6839,29.6423,2.9099,1.605,1.4238,0.0,,37511.5703,34770.688,14249.129,1048073.2742,971493.0227,30.73,25.15,1.373
603313,梦百合,家居用品,江苏,20161013,603313.SH,20210527,27.94,28.15,27.7,27.94,27.73,0.21,0.7573,28436.87,79505.029,0.8178,1.9957,1.04,27.6839,29.6423,2.9099,1.605,1.4238,0.0,,37511.5703,34770.688,14249.129,1048073.2742,971493.0227,30.5,24.96,1.373
603313,梦百合,家居用品,江苏,20161013,603313.SH,20210526,28.11,28.3,27.72,27.73,28.0,-0.27,-0.9643,20050.95,55902.069,0.5767,1.4072,0.66,27.4758,29.4195,2.888,1.5929,1.4131,0.0,,37511.5703,34770.688,14249.129,1040195.8444,964191.1782,30.8,25.2,1.373
603313,梦百合,家居用品,江苏,20161013,603313.SH,20210525,27.81,28.75,27.43,28.0,27.9,0.1,0.3584,33118.6,93080.884,0.9525,2.3243,1.03,27.7434,29.706,2.9161,1.6084,1.4269,0.0,,37511.5703,34770.688,14249.129,1050323.9684,973579.264,30.69,25.11,1.373
603313,梦百合,家居用品,江苏,20161013,603313.SH,20210524,27.51,27.96,27.08,27.9,27.5,0.4,1.4545,22620.36,62222.985,0.6506,1.5875,0.6,27.6443,29.5999,2.9057,1.6027,1.4218,0.0,,37511.5703,34770.688,14249.129,1046572.8114,970102.1952,30.25,24.75,1.373
603313,梦百合,家居用品,江苏,20161013,603313.SH,20210521,27.61,27.9,27.3,27.5,27.65,-0.15,-0.5425,18146.03,50115.662,0.5219,1.2735,0.45,27.2479,29.1755,2.8641,1.5797,1.4014,0.0,,37511.5703,34770.688,14249.129,1031568.1833,956193.92,30.42,24.89,1.373
603313,梦百合,家居用品,江苏,20161013,603313.SH,20210520,27.29,28.05,26.7,27.65,27.29,0.36,1.3192,43357.5,119336.295,1.247,3.0428,1.17,27.3966,29.3347,2.8797,1.5883,1.409,0.0,,37511.5703,34770.688,14249.129,1037194.9188,961409.5232,30.02,24.56,1.373
603313,梦百合,家居用品,江苏,20161013,603313.SH,20210519,28.2,28.2,27.15,27.29,27.78,-0.49,-1.7639,34981.24,95796.447,1.0061,2.455,0.94,27.0399,28.9527,2.8422,1.5676,1.3907,0.0,,37511.5703,34770.688,14249.129,1023690.7535,948892.0755,30.56,25.0,1.373
603313,梦百合,家居用品,江苏,20161013,603313.SH,20210518,28.4,28.54,27.7,27.78,28.0,-0.22,-0.7857,41700.45,117272.317,1.1993,2.9265,1.0,27.5254,29.4726,2.8932,1.5958,1.4157,0.0,,37511.5703,34770.688,14249.129,1042071.4229,965929.7126,30.8,25.2,1.373
603313,梦百合,家居用品,江苏,20161013,603313.SH,20210517,28.87,29.0,27.84,28.0,28.83,-0.83,-2.8789,50232.21,142012.583,1.4447,3.5253,1.13,27.7434,29.706,2.9161,1.6084,1.4269,0.0,,37511.5703,34770.688,14249.129,1050323.9684,973579.264,31.71,25.95,1.373
603313,梦百合,家居用品,江苏,20161013,603313.SH,20210514,29.23,29.23,28.36,28.83,28.98,-0.15,-0.5176,30073.47,86230.703,0.8649,2.1105,0.6,28.5658,30.5866,3.0026,1.6561,1.4692,0.0,,37511.5703,34770.688,14249.129,1081458.5717,1002438.935,31.88,26.08,1.373
603313,梦百合,家居用品,江苏,20161013,603313.SH,20210513,28.86,29.52,28.3,28.98,29.04,-0.06,-0.2066,28732.48,83062.683,0.8263,2.0164,0.46,28.7144,30.7457,3.0182,1.6647,1.4768,0.0,,37511.5703,34770.688,14249.129,1087085.3073,1007654.5382,31.94,26.14,1.373
603313,梦百合,家居用品,江苏,20161013,603313.SH,20210512,28.61,29.36,28.1,29.04,28.68,0.36,1.2552,35590.5,102301.81,1.0236,2.4977,0.47,28.7738,30.8094,3.0244,1.6682,1.4799,0.0,,37511.5703,34770.688,14249.129,1089336.0015,1009740.7795,31.55,25.81,1.373
603313,梦百合,家居用品,江苏,20161013,603313.SH,20210511,28.4,29.28,27.46,28.68,27.84,0.84,3.0172,63811.01,180753.223,1.8352,4.4782,0.88,28.4171,30.4274,2.987,1.6475,1.4615,0.0,,37511.5703,34770.688,14249.129,1075831.8362,997223.3318,30.62,25.06,1.373
603313,梦百合,家居用品,江苏,20161013,603313.SH,20210510,29.49,29.93,27.51,27.84,29.46,-1.62,-5.499,64619.18,183192.615,1.8584,4.535,0.94,27.5848,29.5362,2.8995,1.5992,1.4187,0.0,,37511.5703,34770.688,14249.129,1044322.1172,968015.9539,32.41,26.51,1.373
603313,梦百合,家居用品,江苏,20161013,603313.SH,20210507,28.54,30.64,28.35,29.46,28.58,0.88,3.0791,58783.82,175112.452,1.6906,4.1254,0.95,29.19,31.255,3.0682,1.6923,1.5013,0.0,,37511.5703,34770.688,14249.129,1105090.861,1024344.4685,31.44,25.72,1.373
603313,梦百合,家居用品,江苏,20161013,603313.SH,20210506,27.78,29.49,27.3,28.58,28.86,-0.28,-0.9702,89133.37,253827.436,2.5635,6.2554,1.73,28.318,30.3213,2.9765,1.6417,1.4564,0.0,,37511.5703,34770.688,14249.129,1072080.6792,993746.263,31.75,25.97,1.373
603313,梦百合,家居用品,江苏,20161013,603313.SH,20210430,28.86,29.38,28.86,28.86,32.07,-3.21,-10.0094,101011.2,291966.55,2.9051,7.0889,2.85,28.5955,30.6184,3.0057,1.6578,1.4707,0.0,,37511.5703,34770.688,14249.129,1082583.9189,1003482.0557,35.28,28.86,1.373
603313,梦百合,家居用品,江苏,20161013,603313.SH,20210429,32.22,32.89,31.5,32.07,32.29,-0.22,-0.6813,48582.15,156101.007,1.3972,3.4095,1.37,32.1934,26.2228,3.4045,3.1397,2.1034,0.0,,37511.5703,34770.688,14249.129,1202996.0595,1115095.9642,35.52,29.06,1.373
603313,梦百合,家居用品,江苏,20161013,603313.SH,20210428,31.24,32.38,31.03,32.29,31.0,1.29,4.1613,45251.56,143650.632,1.3014,3.1757,1.13,32.4143,26.4027,3.4278,3.1612,2.1179,0.0,,37511.5703,34770.688,14249.129,1211248.605,1122745.5155,34.1,27.9,1.373
603313,梦百合,家居用品,江苏,20161013,603313.SH,20210427,31.0,31.36,30.6,31.0,31.01,-0.01,-0.0322,25710.12,79723.983,0.7394,1.8043,0.58,31.1193,25.3479,3.2909,3.0349,2.0333,0.0,,37511.5703,34770.688,14249.129,1162858.6793,1077891.328,34.11,27.91,1.373
603313,梦百合,家居用品,江苏,20161013,603313.SH,20210426,31.5,32.18,31.0,31.01,31.49,-0.48,-1.5243,37482.4,117997.996,1.078,2.6305,0.78,31.1294,25.3561,3.2919,3.0359,2.0339,0.0,,37511.5703,34770.688,14249.129,1163233.795,1078239.0349,34.64,28.34,1.373
603313,梦百合,家居用品,江苏,20161013,603313.SH,20210423,31.6,31.88,31.3,31.49,31.67,-0.18,-0.5684,19984.47,63098.345,0.5748,1.4025,0.39,31.6112,25.7486,3.3429,3.0829,2.0654,0.0,,37511.5703,34770.688,14249.129,1181239.3487,1094928.9651,34.84,28.5,1.373
603313,梦百合,家居用品,江苏,20161013,603313.SH,20210422,32.1,32.18,30.91,31.67,32.1,-0.43,-1.3396,49053.11,154682.257,1.4108,3.4425,0.9,31.7919,25.8958,3.362,3.1005,2.0772,0.0,,37511.5703,34770.688,14249.129,1187991.4314,1101187.689,35.31,28.89,1.373
603313,梦百合,家居用品,江苏,20161013,603313.SH,20210421,31.13,32.41,30.33,32.1,31.22,0.88,2.8187,67158.2,212462.179,1.9315,4.7131,1.23,32.2236,26.2474,3.4076,3.1426,2.1054,0.0,,37511.5703,34770.688,14249.129,1204121.4066,1116139.0848,34.34,28.1,1.373
603313,梦百合,家居用品,江苏,20161013,603313.SH,20210420,31.03,31.79,30.8,31.22,31.2,0.02,0.0641,49069.67,154104.086,1.4112,3.4437,0.82,31.3402,25.5278,3.3142,3.0565,2.0477,0.0,,37511.5703,34770.688,14249.129,1171111.2248,1085540.8794,34.32,28.08,1.373
603313,梦百合,家居用品,江苏,20161013,603313.SH,20210419,31.38,31.49,30.7,31.2,31.2,0.0,0.0,55367.95,171722.523,1.5924,3.8857,0.97,31.3201,25.5115,3.3121,3.0545,2.0464,0.0,,37511.5703,34770.688,14249.129,1170360.9934,1084845.4656,34.32,28.08,1.373
603313,梦百合,家居用品,江苏,20161013,603313.SH,20210416,31.87,31.87,31.1,31.2,31.87,-0.67,-2.1023,36658.6,115089.621,1.0543,2.5727,0.62,31.3201,25.5115,3.3121,3.0545,2.0464,0.0,,37511.5703,34770.688,14249.129,1170360.9934,1084845.4656,35.06,28.68,1.373
603313,梦百合,家居用品,江苏,20161013,603313.SH,20210415,31.7,31.88,30.38,31.87,31.93,-0.06,-0.1879,63075.66,196302.419,1.814,4.4266,1.11,31.9927,26.0593,3.3832,3.1201,2.0903,0.0,,37511.5703,34770.688,14249.129,1195493.7455,1108141.8266,35.12,28.74,1.373
603313,梦百合,家居用品,江苏,20161013,603313.SH,20210414,32.43,33.1,31.5,31.93,32.66,-0.73,-2.2352,68430.96,219537.609,1.9681,4.8025,1.37,32.0529,26.1084,3.3896,3.126,2.0943,0.0,,37511.5703,34770.688,14249.129,1197744.4397,1110228.0678,35.93,29.39,1.373
603313,梦百合,家居用品,江苏,20161013,603313.SH,20210413,34.6,35.11,32.45,32.66,35.11,-2.45,-6.9781,76699.57,255688.154,2.2059,5.3828,2.0,32.7857,26.7053,3.4671,3.1974,2.1421,0.0,,37511.5703,34770.688,14249.129,1225127.886,1135610.6701,38.62,31.6,1.373
603313,梦百合,家居用品,江苏,20161013,603313.SH,20210412,37.19,37.19,34.75,35.11,36.83,-1.72,-4.6701,39379.31,139957.765,1.1325,2.7636,1.12,35.2451,28.7086,3.7272,3.4373,2.3028,0.0,,37511.5703,34770.688,14249.129,1317031.2332,1220798.8557,40.51,33.15,1.373
603313,梦百合,家居用品,江苏,20161013,603313.SH,20210409,35.81,37.21,35.68,36.83,35.97,0.86,2.3909,48792.82,178653.947,1.4033,3.4243,1.54,36.9718,30.115,3.9098,3.6057,2.4157,0.0,,37511.5703,34770.688,14249.129,1381551.1341,1280604.439,39.57,32.37,1.373
603313,梦百合,家居用品,江苏,20161013,603313.SH,20210408,34.43,36.79,34.21,35.97,34.6,1.37,3.9595,51921.67,186308.827,1.4933,3.6438,1.91,36.1085,29.4118,3.8185,3.5215,2.3592,0.0,,37511.5703,34770.688,14249.129,1349291.1837,1250701.6474,38.06,31.14,1.373
603313,梦百合,家居用品,江苏,20161013,603313.SH,20210407,34.45,35.28,33.98,34.6,34.45,0.15,0.4354,32801.75,113062.901,0.9434,2.302,1.3,34.7332,28.2916,3.673,3.3874,2.2694,0.0,,37511.5703,34770.688,14249.129,1297900.3324,1203065.8048,37.9,31.01,1.373
603313,梦百合,家居用品,江苏,20161013,603313.SH,20210406,33.9,34.57,33.55,34.45,34.12,0.33,0.9672,18585.61,63692.794,0.5345,1.3043,0.64,34.5826,28.1689,3.6571,3.3727,2.2596,0.0,,37511.5703,34770.688,14249.129,1292273.5968,1197850.2016,37.53,30.71,1.373
603313,梦百合,家居用品,江苏,20161013,603313.SH,20210402,34.6,34.68,33.88,34.12,34.58,-0.46,-1.3302,23561.89,80546.762,0.6776,1.6536,0.73,34.2513,27.8991,3.6221,3.3404,2.2379,0.0,,37511.5703,34770.688,14249.129,1279894.7786,1186375.8746,38.04,31.12,1.373
603313,梦百合,家居用品,江苏,20161013,603313.SH,20210401,34.18,34.65,33.27,34.58,33.9,0.68,2.0059,31509.94,107280.27,0.9062,2.2114,0.94,34.7131,28.2752,3.6709,3.3854,2.2681,0.0,,37511.5703,34770.688,14249.129,1297150.101,1202370.391,37.29,30.51,1.373
603313,梦百合,家居用品,江苏,20161013,603313.SH,20210331,34.28,34.4,33.23,33.9,34.27,-0.37,-1.0797,29721.9,100236.577,0.8548,2.0859,0.58,34.0305,27.7192,3.5987,3.3188,2.2235,0.0,,37511.5703,34770.688,14249.129,1271642.2332,1178726.3232,37.7,30.84,1.373
603313,梦百合,家居用品,江苏,20161013,603313.SH,20210330,34.24,34.73,33.76,34.27,34.61,-0.34,-0.9824,23149.54,79098.165,0.6658,1.6246,0.36,34.4019,28.0217,3.638,3.3551,2.2477,0.0,,37511.5703,34770.688,14249.129,1285521.5142,1191591.4778,38.07,31.15,1.373
603313,梦百合,家居用品,江苏,20161013,603313.SH,20210329,33.65,34.99,33.65,34.61,33.66,0.95,2.8223,36810.8,127084.897,1.0587,2.5834,0.57,34.7432,28.2997,3.6741,3.3883,2.27,0.0,,37511.5703,34770.688,14249.129,1298275.4481,1203413.5117,37.03,30.29,1.373
603313,梦百合,家居用品,江苏,20161013,603313.SH,20210326,32.58,34.49,32.58,33.66,32.33,1.33,4.1138,40967.34,138049.751,1.1782,2.8751,0.63,33.7896,27.5229,3.5732,3.2953,2.2077,0.0,,37511.5703,34770.688,14249.129,1262639.4563,1170381.3581,35.56,29.1,1.373
603313,梦百合,家居用品,江苏,20161013,603313.SH,20210325,32.8,33.34,32.16,32.33,33.17,-0.84,-2.5324,36323.08,118777.403,1.0446,2.5491,0.58,32.4544,26.4354,3.4321,3.1651,2.1205,0.0,,37511.5703,34770.688,14249.129,1212749.0678,1124136.343,36.49,29.85,1.373
603313,梦百合,家居用品,江苏,20161013,603313.SH,20210324,34.0,34.0,32.3,33.17,33.99,-0.82,-2.4125,117467.02,387887.46,3.3783,8.2438,2.69,33.2977,27.1223,3.5212,3.2474,2.1756,0.0,,37511.5703,34770.688,14249.129,1244258.7869,1153343.721,37.39,30.59,1.373
603313,梦百合,家居用品,江苏,20161013,603313.SH,20210323,37.85,38.1,33.99,33.99,37.77,-3.78,-10.0079,91207.16,321380.313,2.6231,6.4009,2.99,34.1208,27.7928,3.6083,3.3276,2.2294,0.0,,37511.5703,34770.688,14249.129,1275018.2745,1181855.6851,41.55,33.99,1.373
603313,梦百合,家居用品,江苏,20161013,603313.SH,20210322,37.3,37.9,36.9,37.77,37.3,0.47,1.2601,36193.76,135272.478,1.0409,2.5401,1.16,37.9154,30.8836,4.0095,3.6977,2.4773,0.0,,37511.5703,34770.688,14249.129,1416812.0102,1313288.8858,41.03,33.57,1.373
603313,梦百合,家居用品,江苏,20161013,603313.SH,20210319,38.45,38.56,36.51,37.3,38.9,-1.6,-4.1131,43420.36,163082.951,1.2488,3.0472,1.58,37.4436,30.4993,3.9597,3.6517,2.4465,0.0,,37511.5703,34770.688,14249.129,1399181.5722,1296946.6624,42.79,35.01,1.373
603313,梦百合,家居用品,江苏,20161013,603313.SH,20210318,38.0,38.98,37.9,38.9,38.26,0.64,1.6728,25804.1,99468.942,0.7421,1.8109,0.9,39.0497,31.8076,4.1295,3.8083,2.5514,0.0,,37511.5703,34770.688,14249.129,1459200.0847,1352579.7632,42.09,34.43,1.373
603313,梦百合,家居用品,江苏,20161013,603313.SH,20210317,38.33,38.45,37.52,38.26,38.33,-0.07,-0.1826,21626.73,82322.963,0.622,1.5178,0.71,38.4073,31.2842,4.0616,3.7457,2.5094,0.0,,37511.5703,34770.688,14249.129,1435192.6797,1330326.5229,42.16,34.5,1.373
603313,梦百合,家居用品,江苏,20161013,603313.SH,20210316,38.01,38.45,37.5,38.33,38.01,0.32,0.8419,25502.24,96904.322,0.7334,1.7897,0.76,38.4775,31.3415,4.069,3.7525,2.514,0.0,,37511.5703,34770.688,14249.129,1437818.4896,1332760.471,41.81,34.21,1.373
603313,梦百合,家居用品,江苏,20161013,603313.SH,20210315,37.07,38.23,36.4,38.01,37.19,0.82,2.2049,39921.72,150173.099,1.1481,2.8017,1.13,38.1563,31.0798,4.035,3.7212,2.493,0.0,,37511.5703,34770.688,14249.129,1425814.7871,1321633.8509,40.91,33.47,1.373
603313,梦百合,家居用品,江苏,20161013,603313.SH,20210312,37.53,37.55,36.86,37.19,37.1,0.09,0.2426,24775.98,92331.456,0.7126,1.7388,0.54,37.3332,30.4093,3.948,3.6409,2.4393,0.0,,37511.5703,34770.688,14249.129,1395055.2995,1293121.8867,40.81,33.39,1.373
603313,梦百合,家居用品,江苏,20161013,603313.SH,20210311,37.1,37.64,36.31,37.1,36.98,0.12,0.3245,31565.43,117143.794,0.9078,2.2153,0.57,37.2428,30.3357,3.9384,3.6321,2.4334,0.0,,37511.5703,34770.688,14249.129,1391679.2581,1289992.5248,40.68,33.28,1.373
603313,梦百合,家居用品,江苏,20161013,603313.SH,20210310,37.25,38.0,36.8,36.98,36.62,0.36,0.9831,31039.53,115985.192,0.8927,2.1783,0.51,37.1223,30.2376,3.9257,3.6204,2.4255,0.0,,37511.5703,34770.688,14249.129,1387177.8697,1285820.0422,40.28,32.96,1.373
603313,梦百合,家居用品,江苏,20161013,603313.SH,20210309,36.55,37.45,35.81,36.62,36.5,0.12,0.3288,40193.21,148198.698,1.156,2.8207,0.64,36.761,29.9433,3.8875,3.5851,2.4019,0.0,,37511.5703,34770.688,14249.129,1373673.7044,1273302.5946,40.15,32.85,1.373
603313,梦百合,家居用品,江苏,20161013,603313.SH,20210308,37.28,38.07,36.46,36.5,36.85,-0.35,-0.9498,48607.41,180843.468,1.3979,3.4113,0.78,36.6405,29.8451,3.8747,3.5734,2.394,0.0,,37511.5703,34770.688,14249.129,1369172.316,1269130.112,40.54,33.17,1.373
603313,梦百合,家居用品,江苏,20161013,603313.SH,20210305,37.44,38.49,36.02,36.85,38.61,-1.76,-4.5584,78380.24,289796.409,2.2542,5.5007,1.36,36.9918,30.1313,3.9119,3.6076,2.417,0.0,,37511.5703,34770.688,14249.129,1382301.3656,1281299.8528,42.47,34.75,1.373
603313,梦百合,家居用品,江苏,20161013,603313.SH,20210304,41.6,41.67,37.8,38.61,41.14,-2.53,-6.1497,79649.32,316466.434,2.2907,5.5898,1.42,38.7586,31.5704,4.0987,3.78,2.5324,0.0,,37511.5703,34770.688,14249.129,1448321.7293,1342496.2637,45.25,37.03,1.373
603313,梦百合,家居用品,江苏,20161013,603313.SH,20210303,39.01,41.33,38.53,41.14,39.3,1.84,4.6819,56696.85,229158.866,1.6306,3.979,0.94,41.2984,33.6391,4.3673,4.0276,2.6983,0.0,,37511.5703,34770.688,14249.129,1543226.0021,1430466.1043,43.23,35.37,1.373
603313,梦百合,家居用品,江苏,20161013,603313.SH,20210302,38.95,40.47,38.28,39.3,38.55,0.75,1.9455,51434.2,202746.306,1.4792,3.6096,0.9,39.4513,32.1346,4.172,3.8475,2.5777,0.0,,37511.5703,34770.688,14249.129,1474204.7128,1366488.0384,42.41,34.7,1.373
603313,梦百合,家居用品,江苏,20161013,603313.SH,20210301,38.44,39.62,37.98,38.55,37.86,0.69,1.8225,45368.13,175231.907,1.3048,3.1839,0.8,38.6984,31.5214,4.0923,3.7741,2.5285,0.0,,37511.5703,34770.688,14249.129,1446071.0351,1340410.0224,41.65,34.07,1.373
603313,梦百合,家居用品,江苏,20161013,603313.SH,20210226,38.46,39.19,37.55,37.86,38.98,-1.12,-2.8733,55450.32,211316.116,1.5947,3.8915,0.99,38.0057,30.9572,4.0191,3.7065,2.4832,0.0,,37511.5703,34770.688,14249.129,1420188.0516,1316418.2477,42.88,35.08,1.373
603313,梦百合,家居用品,江苏,20161013,603313.SH,20210225,40.93,41.18,38.8,38.98,40.21,-1.23,-3.0589,70545.16,279118.618,2.0289,4.9508,1.34,39.13,31.873,4.138,3.8162,2.5567,0.0,,37511.5703,34770.688,14249.129,1462201.0103,1355361.4182,44.23,36.19,1.373
603313,梦百合,家居用品,江苏,20161013,603313.SH,20210224,43.15,43.73,40.04,40.21,43.11,-2.9,-6.727,79968.32,329296.575,2.2999,5.6122,1.68,40.3648,32.8787,4.2686,3.9366,2.6373,0.0,,37511.5703,34770.688,14249.129,1508340.2418,1398129.3645,47.42,38.8,1.373
603313,梦百合,家居用品,江苏,20161013,603313.SH,20210223,43.43,44.45,43.0,43.11,44.15,-1.04,-2.3556,33131.78,144588.829,0.9529,2.3252,0.66,43.2759,35.25,4.5764,4.2205,2.8276,0.0,,37511.5703,34770.688,14249.129,1617123.7956,1498964.3597,48.57,39.74,1.373
603313,梦百合,家居用品,江苏,20161013,603313.SH,20210222,45.77,45.77,43.67,44.15,45.61,-1.46,-3.2011,45001.57,200573.711,1.2942,3.1582,0.89,44.3199,36.1003,4.6868,4.3223,2.8958,0.0,,37511.5703,34770.688,14249.129,1656135.8287,1535125.8752,50.17,41.05,1.373
603313,梦百合,家居用品,江苏,20161013,603313.SH,20210219,46.83,47.28,44.28,45.61,46.94,-1.33,-2.8334,52557.06,238739.208,1.5115,3.6884,1.04,45.7856,37.2942,4.8418,4.4653,2.9915,0.0,,37511.5703,34770.688,14249.129,1710902.7214,1585891.0797,51.63,42.25,1.373
603313,梦百合,家居用品,江苏,20161013,603313.SH,20210218,48.73,48.95,45.66,46.94,47.68,-0.74,-1.552,52117.62,244700.655,1.4989,3.6576,0.92,47.1207,38.3817,4.983,4.5955,3.0788,0.0,,37511.5703,34770.688,14249.129,1760793.1099,1632136.0947,52.45,42.91,1.373
603313,梦百合,家居用品,江苏,20161013,603313.SH,20210210,45.06,48.88,45.0,47.68,45.29,2.39,5.2771,54700.98,257770.913,1.5732,3.8389,0.95,47.8635,38.9867,5.0616,4.6679,3.1273,0.0,,37511.5703,34770.688,14249.129,1788551.6719,1657866.4038,49.82,40.76,1.373
603313,梦百合,家居用品,江苏,20161013,603313.SH,20210209,44.78,47.39,44.02,45.29,44.9,0.39,0.8686,46715.78,213400.176,1.3435,3.2785,0.76,45.4643,37.0325,4.8078,4.4339,2.9705,0.0,,37511.5703,34770.688,14249.129,1698899.0189,1574764.4595,49.39,40.41,1.373
603313,梦百合,家居用品,江苏,20161013,603313.SH,20210208,43.81,45.65,43.3,44.9,44.65,0.25,0.5599,46324.18,205991.982,1.3323,3.251,0.73,45.0728,36.7136,4.7664,4.3957,2.945,0.0,,37511.5703,34770.688,14249.129,1684269.5065,1561203.8912,49.12,40.19,1.373
603313,梦百合,家居用品,江苏,20161013,603313.SH,20210205,45.76,46.36,44.01,44.65,46.07,-1.42,-3.0823,53103.07,238414.962,1.5272,3.7268,0.78,44.8219,36.5092,4.7399,4.3713,2.9286,0.0,,37511.5703,34770.688,14249.129,1674891.6139,1552511.2192,50.68,41.46,1.373
603313,梦百合,家居用品,江苏,20161013,603313.SH,20210204,43.01,47.0,42.36,46.07,42.9,3.17,7.3893,82561.74,368763.04,2.3745,5.7942,1.19,46.2473,37.6703,4.8906,4.5103,3.0217,0.0,,37511.5703,34770.688,14249.129,1728158.0437,1601885.5962,47.19,38.61,1.373
603313,梦百合,家居用品,江苏,20161013,603313.SH,20210203,43.05,44.78,42.1,42.9,43.05,-0.15,-0.3484,59930.95,260002.673,1.7236,4.2059,0.84,43.0651,35.0783,4.5541,4.1999,2.8138,0.0,,37511.5703,34770.688,14249.129,1609246.3659,1491662.5152,47.36,38.75,1.373
603313,梦百合,家居用品,江苏,20161013,603313.SH,20210202,41.06,43.1,40.55,43.05,39.85,3.2,8.0301,63580.21,268062.505,1.8286,4.462,0.94,43.2157,35.2009,4.5701,4.2146,2.8236,0.0,,37511.5703,34770.688,14249.129,1614873.1014,1496878.1184,43.84,35.87,1.373
603313,梦百合,家居用品,江苏,20161013,603313.SH,20210201,38.66,40.8,38.5,39.85,38.5,1.35,3.5065,56001.33,222701.866,1.6106,3.9302,0.83,40.0034,32.5843,4.2304,3.9013,2.6137,0.0,,37511.5703,34770.688,14249.129,1494836.0765,1385611.9168,42.35,34.65,1.373
603313,梦百合,家居用品,江苏,20161013,603313.SH,20210129,40.16,40.75,37.89,38.5,39.7,-1.2,-3.0227,79500.75,312330.381,2.2864,5.5793,1.32,38.6482,31.4805,4.087,3.7692,2.5252,0.0,,37511.5703,34770.688,14249.129,1444195.4566,1338671.488,43.67,35.73,1.373
603313,梦百合,家居用品,江苏,20161013,603313.SH,20210128,41.0,41.49,39.2,39.7,41.91,-2.21,-5.2732,88978.49,358842.363,2.559,6.2445,1.74,39.8528,32.4617,4.2144,3.8867,2.6039,0.0,,37511.5703,34770.688,14249.129,1489209.3409,1380396.3136,46.1,37.72,1.373
603313,梦百合,家居用品,江苏,20161013,603313.SH,20210127,41.9,44.5,41.24,41.91,41.91,0.0,0.0,69505.38,295565.706,1.999,4.8779,1.45,42.0713,34.2688,4.449,4.103,2.7488,0.0,,37511.5703,34770.688,14249.129,1572109.9113,1457239.5341,46.1,37.72,1.373
603313,梦百合,家居用品,江苏,20161013,603313.SH,20210126,40.64,42.19,40.35,41.91,41.08,0.83,2.0204,45341.18,188379.291,1.304,3.182,0.86,42.0713,34.2688,4.449,4.103,2.7488,0.0,,37511.5703,34770.688,14249.129,1572109.9113,1457239.5341,45.19,36.97,1.373
603313,梦百合,家居用品,江苏,20161013,603313.SH,20210125,41.17,41.5,39.88,41.08,41.07,0.01,0.0243,54217.25,220071.73,1.5593,3.805,0.93,41.2381,33.5901,4.3609,4.0218,2.6944,0.0,,37511.5703,34770.688,14249.129,1540975.3079,1428379.863,45.18,36.96,1.373
603313,梦百合,家居用品,江苏,20161013,603313.SH,20210122,41.0,41.39,39.98,41.07,41.01,0.06,0.1463,43261.09,175796.957,1.2442,3.0361,0.74,41.2281,33.5819,4.3599,4.0208,2.6938,0.0,,37511.5703,34770.688,14249.129,1540600.1922,1428032.1562,45.11,36.91,1.373
603313,梦百合,家居用品,江苏,20161013,603313.SH,20210121,39.99,41.6,39.68,41.01,40.16,0.85,2.1165,43292.38,177158.09,1.2451,3.0382,0.69,41.1679,33.5328,4.3535,4.0149,2.6898,0.0,,37511.5703,34770.688,14249.129,1538349.498,1425945.9149,44.18,36.14,1.373
603313,梦百合,家居用品,江苏,20161013,603313.SH,20210120,39.88,40.51,39.3,40.16,40.15,0.01,0.0249,53292.9,213225.821,1.5327,3.7401,0.8,40.3146,32.8378,4.2633,3.9317,2.6341,0.0,,37511.5703,34770.688,14249.129,1506464.6632,1396390.8301,44.17,36.14,1.373
603313,梦百合,家居用品,江苏,20161013,603313.SH,20210119,39.0,40.9,38.58,40.15,39.17,0.98,2.5019,69073.85,275467.239,1.9866,4.8476,1.12,40.3045,32.8296,4.2622,3.9307,2.6334,0.0,,37511.5703,34770.688,14249.129,1506089.5475,1396043.1232,43.09,35.25,1.373
603313,梦百合,家居用品,江苏,20161013,603313.SH,20210118,36.5,40.0,36.27,39.17,36.4,2.77,7.6099,83017.5,321483.792,2.3876,5.8261,1.44,39.3208,32.0283,4.1582,3.8348,2.5691,0.0,,37511.5703,34770.688,14249.129,1469328.2087,1361967.849,40.04,32.76,1.373
603313,梦百合,家居用品,江苏,20161013,603313.SH,20210115,35.91,37.07,35.48,36.4,35.98,0.42,1.1673,43179.74,156925.479,1.2418,3.0303,0.68,36.5401,29.7634,3.8641,3.5636,2.3874,0.0,,37511.5703,34770.688,14249.129,1365421.1589,1265653.0432,39.58,32.38,1.373
603313,梦百合,家居用品,江苏,20161013,603313.SH,20210114,35.64,37.2,35.2,35.98,36.05,-0.07,-0.1942,64474.65,233439.074,1.8543,4.5248,1.0,36.1185,29.4199,3.8195,3.5225,2.3599,0.0,,37511.5703,34770.688,14249.129,1349666.2994,1251049.3542,39.66,32.45,1.373
603313,梦百合,家居用品,江苏,20161013,603313.SH,20210113,34.57,36.09,33.59,36.05,34.64,1.41,4.0704,72889.66,254959.938,2.0963,5.1154,1.12,36.1888,29.4772,3.827,3.5293,2.3645,0.0,,37511.5703,34770.688,14249.129,1352292.1093,1253483.3024,38.1,31.18,1.373
603313,梦百合,家居用品,江苏,20161013,603313.SH,20210112,33.54,35.08,33.5,34.64,34.03,0.61,1.7925,45828.46,157483.861,1.318,3.2162,0.56,34.7733,28.3243,3.6773,3.3913,2.272,0.0,,37511.5703,34770.688,14249.129,1299400.7952,1204456.6323,37.43,30.63,1.373
603313,梦百合,家居用品,江苏,20161013,603313.SH,20210111,35.43,35.6,33.8,34.03,35.34,-1.31,-3.7068,61051.59,210239.819,1.7558,4.2846,0.67,34.161,27.8255,3.6125,3.3316,2.232,0.0,,37511.5703,34770.688,14249.129,1276518.7373,1183246.5126,38.87,31.81,1.373
603313,梦百合,家居用品,江苏,20161013,603313.SH,20210108,35.3,35.5,34.06,35.34,34.96,0.38,1.087,71610.39,249170.224,2.0595,5.0509,0.77,35.476,28.8966,3.7516,3.4598,2.3179,0.0,,37511.5703,34770.688,14177.6328,1325658.8944,1228796.1139,38.46,31.46,1.373
603313,梦百合,家居用品,江苏,20161013,603313.SH,20210107,35.67,36.0,34.22,34.96,36.03,-1.07,-2.9697,70482.18,246457.175,2.0312,4.9714,0.76,35.0277,28.5314,3.7156,3.4161,2.2886,0.0,,37440.0741,34699.1918,14177.6328,1308904.9905,1213083.7453,39.63,32.43,1.373
603313,梦百合,家居用品,江苏,20161013,603313.SH,20210106,37.5,37.5,35.93,36.03,37.55,-1.52,-4.0479,76913.29,280246.945,2.2166,5.425,0.83,36.0998,29.4047,3.8293,3.5206,2.3587,0.0,,37440.0741,34699.1918,14177.6328,1348965.8698,1250211.8806,41.31,33.8,1.3734
603313,梦百合,家居用品,江苏,20161013,603313.SH,20210105,34.6,37.9,34.17,37.55,34.45,3.1,8.9985,126281.31,458136.117,3.6393,8.9071,1.55,37.6227,30.6452,3.9908,3.6692,2.4582,0.0,,37440.0741,34699.1918,14177.6328,1405874.7825,1302954.6521,37.9,31.01,1.3734
603313,梦百合,家居用品,江苏,20161013,603313.SH,20210104,32.3,34.5,32.28,34.45,32.42,2.03,6.2616,108522.2,366926.792,3.1515,7.7998,1.61,34.2731,27.9168,3.6773,3.3425,2.2393,0.0,,37175.8792,34434.9969,13913.4379,1280709.0384,1186285.6432,35.66,29.18,1.3734
603313,梦百合,家居用品,江苏,20161013,603313.SH,20201231,33.45,33.93,31.88,32.42,33.3,-0.88,-2.6426,82374.98,268609.67,2.3922,5.9205,1.39,32.2536,26.2718,3.4606,3.1455,2.1074,0.8149,,37175.8792,34434.9969,13913.4379,1205242.0037,1116382.5995,36.63,29.97,1.3734
603313,梦百合,家居用品,江苏,20161013,603313.SH,20201230,32.8,33.98,32.6,33.3,32.72,0.58,1.7726,71769.2,239240.279,2.0842,5.1583,1.27,33.129,26.9849,3.5546,3.2309,2.1646,0.7933,,37175.8792,34434.9969,13913.4379,1237956.7774,1146685.3968,35.99,29.45,1.3734
603313,梦百合,家居用品,江苏,20161013,603313.SH,20201229,33.47,34.2,32.08,32.72,33.2,-0.48,-1.4458,72538.88,240334.383,2.1065,5.2136,1.36,32.552,26.5149,3.4927,3.1746,2.1269,0.8074,,37175.8792,34434.9969,13913.4379,1216394.7674,1126713.0986,36.52,29.88,1.3734
603313,梦百合,家居用品,江苏,20161013,603313.SH,20201228,31.55,33.31,31.49,33.2,31.66,1.54,4.8642,72009.27,236070.402,2.0912,5.1755,1.44,33.0295,26.9039,3.5439,3.2212,2.1581,0.7957,,37175.8792,34434.9969,13913.4379,1234239.1894,1143241.8971,34.83,28.49,1.3734
603313,梦百合,家居用品,江苏,20161013,603313.SH,20201225,31.0,32.2,30.11,31.66,30.97,0.69,2.228,38157.53,119108.355,1.1081,2.7425,0.75,31.4975,25.6559,3.3795,3.0718,2.058,0.8344,,37175.8792,34434.9969,13913.4379,1176988.3355,1090212.0019,34.07,27.87,1.3734
603313,梦百合,家居用品,江苏,20161013,603313.SH,20201224,30.68,31.66,30.52,30.97,30.62,0.35,1.143,41171.98,128069.084,1.1956,2.9592,0.82,30.811,25.0968,3.3059,3.0049,2.0131,0.853,,37175.8792,34434.9969,13913.4379,1151336.9788,1066451.854,33.68,27.56,1.3734
603313,梦百合,家居用品,江苏,20161013,603313.SH,20201223,30.9,30.97,29.57,30.62,30.67,-0.05,-0.163,58626.11,177078.17,1.7025,4.2136,1.32,30.4628,24.8131,3.2685,2.9709,1.9904,0.8628,,37175.8792,34434.9969,13913.4379,1138325.4211,1054399.6051,33.74,27.6,1.3734
603313,梦百合,家居用品,江苏,20161013,603313.SH,20201222,32.29,32.7,30.48,30.67,32.4,-1.73,-5.3395,57383.35,179640.54,1.6664,4.1243,1.46,30.5125,24.8537,3.2738,2.9757,1.9936,0.8614,,37175.8792,34434.9969,13913.4379,1140184.2151,1056121.3549,35.64,29.16,1.3734
603313,梦百合,家居用品,江苏,20161013,603313.SH,20201221,31.6,32.68,30.75,32.4,31.61,0.79,2.4992,54379.15,173011.429,1.5792,3.9084,1.51,32.2337,26.2556,3.4585,3.1436,2.1061,0.8154,,37175.8792,34434.9969,13913.4379,1204498.4861,1115693.8996,34.77,28.45,1.3734
603313,梦百合,家居用品,江苏,20161013,603313.SH,20201218,32.06,32.4,31.52,31.61,32.5,-0.89,-2.7385,41984.9,133851.292,1.2193,3.0176,1.21,31.4477,25.6154,3.3742,3.067,2.0547,0.8358,,37175.8792,34434.9969,13913.4379,1175129.5415,1088490.252,35.75,29.25,1.3734
603313,梦百合,家居用品,江苏,20161013,603313.SH,20201217,32.99,33.27,32.21,32.5,33.21,-0.71,-2.1379,39462.17,128442.889,1.146,2.8363,1.26,32.3331,26.3366,3.4692,3.1533,2.1126,0.8129,,37175.8792,34434.9969,13913.4379,1208216.074,1119137.3993,36.53,29.89,1.3734
603313,梦百合,家居用品,江苏,20161013,603313.SH,20201216,33.11,33.83,33.01,33.21,33.4,-0.19,-0.5689,28588.29,95638.31,0.8302,2.0547,0.86,33.0395,26.912,3.545,3.2222,2.1587,0.7955,,37175.8792,34434.9969,13913.4379,1234610.9482,1143586.247,36.74,30.06,1.3734
603313,梦百合,家居用品,江苏,20161013,603313.SH,20201215,33.18,33.58,32.43,33.4,33.18,0.22,0.6631,32657.7,107719.549,0.9484,2.3472,0.99,33.2285,27.0659,3.5653,3.2406,2.1711,0.791,,37175.8792,34434.9969,13913.4379,1241674.3653,1150128.8965,36.5,29.86,1.3734
603313,梦百合,家居用品,江苏,20161013,603313.SH,20201214,31.76,33.25,31.4,33.18,31.7,1.48,4.6688,37105.07,120885.179,1.0775,2.6669,1.16,33.0096,26.8877,3.5418,3.2193,2.1568,0.7962,,37175.8792,34434.9969,13913.4379,1233495.6719,1142553.1971,34.87,28.53,1.3734
603313,梦百合,家居用品,江苏,20161013,603313.SH,20201211,32.45,32.89,31.5,31.7,32.61,-0.91,-2.7906,36311.4,116475.902,1.0545,2.6098,1.22,31.5372,25.6883,3.3838,3.0757,2.0606,0.8334,,37175.8792,34434.9969,13913.4379,1178475.3706,1091589.4017,35.87,29.35,1.3734
603313,梦百合,家居用品,江苏,20161013,603313.SH,20201210,32.42,32.97,32.16,32.61,32.58,0.03,0.0921,22064.61,71899.144,0.6408,1.5858,0.63,32.4426,26.4258,3.4809,3.164,2.1197,0.8101,,37175.8792,34434.9969,13913.4379,1212305.4207,1122925.2489,35.84,29.32,1.3734
603313,梦百合,家居用品,江苏,20161013,603313.SH,20201209,33.21,33.71,32.56,32.58,33.12,-0.54,-1.6304,38559.35,127718.036,1.1198,2.7714,1.1,32.4127,26.4014,3.4777,3.1611,2.1178,0.8109,,37175.8792,34434.9969,13913.4379,1211190.1443,1121892.199,36.43,29.81,1.3734
603313,梦百合,家居用品,江苏,20161013,603313.SH,20201208,33.37,34.05,33.07,33.12,33.55,-0.43,-1.2817,30856.23,103106.776,0.8961,2.2177,0.81,32.95,26.839,3.5354,3.2135,2.1529,0.7977,,37175.8792,34434.9969,13913.4379,1231265.1191,1140487.0973,36.91,30.2,1.3734
603313,梦百合,家居用品,江苏,20161013,603313.SH,20201207,33.87,34.23,33.36,33.55,33.65,-0.1,-0.2972,31977.4,107961.047,0.9286,2.2983,0.82,33.3777,27.1875,3.5813,3.2552,2.1808,0.7874,,37175.8792,34434.9969,13913.4379,1247250.7472,1155294.146,37.02,30.29,1.3734
603313,梦百合,家居用品,江苏,20161013,603313.SH,20201204,33.47,33.71,32.9,33.65,32.9,0.75,2.2796,24892.23,83095.142,0.7229,1.7891,0.65,33.4772,27.2685,3.5919,3.2649,2.1873,0.7851,,37175.8792,34434.9969,13913.4379,1250968.3351,1158737.6457,36.19,29.61,1.3734
603313,梦百合,家居用品,江苏,20161013,603313.SH,20201203,34.0,34.03,32.78,32.9,34.31,-1.41,-4.1096,49646.9,165040.532,1.4418,3.5683,1.42,32.7311,26.6608,3.5119,3.1921,2.1386,0.803,,37175.8792,34434.9969,13913.4379,1223086.4257,1132911.398,37.74,30.88,1.3734
603313,梦百合,家居用品,江苏,20161013,603313.SH,20201202,34.36,35.05,33.75,34.31,33.87,0.44,1.2991,38206.52,130861.826,1.1095,2.746,1.09,34.1338,27.8034,3.6624,3.3289,2.2302,0.77,,37175.8792,34434.9969,13913.4379,1275504.4154,1181464.7436,37.26,30.48,1.3734
603313,梦百合,家居用品,江苏,20161013,603313.SH,20201201,33.06,34.73,33.0,33.87,33.23,0.64,1.926,46584.76,157853.688,1.3554,3.3639,1.38,31.3168,25.5088,4.1929,3.0542,2.0462,0.8393,,34550.8767,34370.0017,13848.4427,1170238.1938,1164111.9576,36.55,29.91,1.3734
603313,梦百合,家居用品,江苏,20161013,603313.SH,20201130,33.39,33.68,32.25,33.23,33.15,0.08,0.2413,34720.33,114705.625,1.0102,2.5072,0.94,30.7251,25.0268,4.1136,2.9965,2.0075,0.8554,,34550.8767,34370.0017,13848.4427,1148125.6327,1142115.1565,36.47,29.84,1.3734
603313,梦百合,家居用品,江苏,20161013,603313.SH,20201127,33.12,33.45,32.6,33.15,33.12,0.03,0.0906,23414.66,77009.89,0.6813,1.6908,0.55,30.6511,24.9665,4.1037,2.9893,2.0027,0.8575,,34550.8767,34370.0017,13848.4427,1145361.5626,1139365.5564,36.43,29.81,1.3734
603313,梦百合,家居用品,江苏,20161013,603313.SH,20201126,34.0,34.18,32.66,33.12,33.63,-0.51,-1.5165,31378.96,104188.272,0.913,2.2659,0.7,30.6233,24.9439,4.1,2.9866,2.0009,0.8583,,34550.8767,34370.0017,13848.4427,1144325.0363,1138334.4563,36.99,30.27,1.3734
603313,梦百合,家居用品,江苏,20161013,603313.SH,20201125,34.8,34.9,33.47,33.63,35.02,-1.39,-3.9692,39796.45,135326.286,1.1579,2.8737,0.84,31.0949,25.328,4.1632,3.0325,2.0317,0.8452,,34550.8767,34370.0017,13848.4427,1161945.9834,1155863.1572,38.52,31.52,1.3734
603313,梦百合,家居用品,江苏,20161013,603313.SH,20201124,34.56,35.1,34.01,35.02,34.7,0.32,0.9222,39211.0,135300.689,1.1408,2.8314,0.61,32.3801,26.3749,4.3352,3.1579,2.1156,0.8117,,34550.8767,34370.0017,13848.4427,1209971.702,1203637.4595,38.17,31.23,1.3734
603313,梦百合,家居用品,江苏,20161013,603313.SH,20201123,35.0,35.08,33.81,34.7,35.0,-0.3,-0.8571,50660.02,174411.958,1.474,3.6582,0.75,32.0842,26.1339,4.2956,3.129,2.0963,0.8192,,34550.8767,34370.0017,13848.4427,1198915.4215,1192639.059,38.5,31.5,1.3734
603313,梦百合,家居用品,江苏,20161013,603313.SH,20201120,34.99,35.17,33.68,35.0,34.62,0.38,1.0976,50098.74,172261.104,1.4576,3.6176,0.76,32.3616,26.3598,4.3328,3.1561,2.1144,0.8122,,34550.8767,34370.0017,13848.4427,1209280.6845,1202950.0595,38.08,31.16,1.3734
603313,梦百合,家居用品,江苏,20161013,603313.SH,20201119,34.35,35.52,34.28,34.62,34.29,0.33,0.9624,45549.43,158693.319,1.3253,3.2891,0.66,32.0103,26.0736,4.2857,3.1218,2.0915,0.8211,,34550.8767,34370.0017,13848.4427,1196151.3514,1189889.4589,37.72,30.86,1.3734
603313,梦百合,家居用品,江苏,20161013,603313.SH,20201118,34.1,34.88,33.56,34.29,34.74,-0.45,-1.2953,52187.72,178931.821,1.5184,3.7685,0.76,31.7052,25.8251,4.2449,3.0921,2.0715,0.829,,34550.8767,34370.0017,13848.4427,1184749.562,1178547.3583,38.21,31.27,1.3734
603313,梦百合,家居用品,江苏,20161013,603313.SH,20201117,36.0,36.0,32.83,34.74,36.06,-1.32,-3.6606,124016.06,419722.125,3.6083,8.9552,1.96,32.1212,26.164,4.3006,3.1326,2.0987,0.8182,,34550.8767,34370.0017,13848.4427,1200297.4566,1194013.8591,39.67,32.45,1.3734
603313,梦百合,家居用品,江苏,20161013,603313.SH,20201116,38.35,38.76,35.9,36.06,38.5,-2.44,-6.3377,65431.21,240746.345,1.9037,4.7248,1.02,33.3417,27.1582,4.464,3.2517,2.1785,0.7883,,34550.8767,34370.0017,13848.4427,1245904.6138,1239382.2613,42.35,34.65,1.3734
603313,梦百合,家居用品,江苏,20161013,603313.SH,20201113,38.25,38.95,37.2,38.5,38.2,0.3,0.7853,43593.62,166836.453,1.2684,3.1479,0.68,35.5978,28.9958,4.766,3.4717,2.3259,0.7383,,34550.8767,34370.0017,13848.4427,1330208.753,1323245.0655,42.02,34.38,1.3734
603313,梦百合,家居用品,江苏,20161013,603313.SH,20201112,35.82,38.2,35.82,38.2,35.7,2.5,7.0028,60627.1,225913.518,1.764,4.3779,0.88,35.3204,28.7699,4.7289,3.4446,2.3078,0.7441,,34550.8767,34370.0017,13848.4427,1319843.4899,1312934.0649,39.27,32.13,1.3734
603313,梦百合,家居用品,江苏,20161013,603313.SH,20201111,35.7,36.88,35.36,35.7,36.26,-0.56,-1.5444,47643.88,172081.032,1.3862,3.4404,0.69,33.0089,26.887,4.4194,3.2192,2.1567,0.7962,,34550.8767,34370.0017,13848.4427,1233466.2982,1227009.0607,39.89,32.63,1.3734
603313,梦百合,家居用品,江苏,20161013,603313.SH,20201110,37.8,37.8,34.14,36.26,37.83,-1.57,-4.1501,99666.69,352946.749,2.8998,7.197,1.72,33.5266,27.3088,4.4887,3.2697,2.1906,0.7839,,34550.8767,34370.0017,13848.4427,1252814.7891,1246256.2616,41.61,34.05,1.3734
603313,梦百合,家居用品,江苏,20161013,603313.SH,20201109,36.91,39.27,36.0,37.83,36.25,1.58,4.3586,69779.32,262425.167,2.0302,5.0388,1.16,34.9783,28.4912,4.6831,3.4113,2.2854,0.7514,,34550.8767,34370.0017,13848.4427,1307059.6656,1300217.1643,39.88,32.63,1.3734
603313,梦百合,家居用品,江苏,20161013,603313.SH,20201106,36.72,37.4,35.5,36.25,36.87,-0.62,-1.6816,44074.26,159321.323,1.2823,3.1826,0.65,33.5174,27.3012,4.4875,3.2688,2.19,0.7842,,34550.8767,34370.0017,13848.4427,1252469.2804,1245912.5616,40.56,33.18,1.3734
603313,梦百合,家居用品,江苏,20161013,603313.SH,20201105,34.41,37.14,34.12,36.87,33.76,3.11,9.2121,83761.6,300543.566,2.4371,6.0484,1.3,34.0907,27.7682,4.5642,3.3247,2.2274,0.771,,34550.8767,34370.0017,13848.4427,1273890.8239,1267221.9627,37.14,30.38,1.3734
603313,梦百合,家居用品,江苏,20161013,603313.SH,20201104,33.76,34.0,32.77,33.76,33.73,0.03,0.0889,48985.68,163452.451,1.4252,3.5373,0.65,31.2151,25.4259,4.1793,3.0443,2.0395,0.842,,34550.8767,34370.0017,13848.4427,1166437.5974,1160331.2574,37.1,30.36,1.3734
603313,梦百合,家居用品,江苏,20161013,603313.SH,20201103,34.12,34.12,32.8,33.73,33.46,0.27,0.8069,43668.23,145927.238,1.2705,3.1533,0.49,31.1874,25.4033,4.1755,3.0416,2.0377,0.8427,,34550.8767,34370.0017,13848.4427,1165401.0711,1159300.1573,36.81,30.11,1.3734
603313,梦百合,家居用品,江苏,20161013,603313.SH,20201102,33.05,34.39,32.7,33.46,32.6,0.86,2.638,80939.94,272514.913,2.355,5.8447,0.95,30.9377,25.2,4.1421,3.0172,2.0214,0.8495,,34550.8767,34370.0017,13848.4427,1156072.3344,1150020.2569,35.86,29.34,1.3734
603313,梦百合,家居用品,江苏,20161013,603313.SH,20201030,31.89,33.88,31.52,32.6,31.83,0.77,2.4191,79496.1,259896.537,2.313,5.7404,0.99,30.1425,24.5523,4.0357,2.9397,1.9694,0.872,,34550.8767,34370.0017,13848.4427,1126358.5804,1120462.0554,35.01,28.65,1.3734
603313,梦百合,家居用品,江苏,20161013,603313.SH,20201029,29.95,32.4,29.7,31.83,30.47,1.36,4.4634,69618.74,215685.649,2.0256,5.0272,0.87,29.4306,23.9724,3.9403,2.8702,1.9229,0.893,,34550.8767,34370.0017,13848.4427,1099754.4054,1093997.1541,33.52,27.42,1.3734
603313,梦百合,家居用品,江苏,20161013,603313.SH,20201028,31.58,31.8,29.4,30.47,31.05,-0.58,-1.868,100418.43,304266.479,2.9217,7.2512,1.42,28.1731,22.9481,3.772,2.7476,1.8408,0.9329,,34550.8767,34370.0017,13848.4427,1052765.213,1047253.9518,34.16,27.95,1.3734
603313,梦百合,家居用品,江苏,20161013,603313.SH,20201027,31.79,32.18,30.26,31.05,30.3,0.75,2.4752,117368.61,365414.112,3.4149,8.4752,1.76,28.7094,23.3849,3.8438,2.7999,1.8758,0.9155,,34550.8767,34370.0017,13848.4427,1072804.7215,1067188.5528,33.33,27.27,1.3734
603313,梦百合,家居用品,江苏,20161013,603313.SH,20201026,30.88,30.88,29.5,30.3,31.31,-1.01,-3.2258,61048.27,184141.983,1.7762,4.4083,0.87,28.0159,27.6935,4.0049,2.7323,2.243,0.9381,,34550.8767,34370.0017,13848.4427,1046891.564,1041411.0515,34.44,28.18,1.3734
603313,梦百合,家居用品,江苏,20161013,603313.SH,20201023,31.9,32.05,30.8,31.31,31.9,-0.59,-1.8495,52768.58,165667.603,1.5353,3.8104,0.78,28.9498,28.6166,4.1384,2.8233,2.3177,0.9079,,34550.8767,34370.0017,13848.4427,1081787.9495,1076124.7532,35.09,28.71,1.3734
603313,梦百合,家居用品,江苏,20161013,603313.SH,20201022,32.13,32.27,30.49,31.9,31.79,0.11,0.346,68621.38,216414.969,1.9965,4.9552,1.12,29.4953,29.1558,4.2164,2.8765,2.3614,0.8911,,34550.8767,34370.0017,13848.4427,1102172.9667,1096403.0542,34.97,28.61,1.3734
603313,梦百合,家居用品,江苏,20161013,603313.SH,20201021,32.1,32.6,31.49,31.79,31.6,0.19,0.6013,54756.6,174896.949,1.5932,3.954,0.93,29.3936,29.0553,4.2018,2.8666,2.3533,0.8942,,34550.8767,34370.0017,13848.4427,1098372.3703,1092622.354,34.76,28.44,1.3734
603313,梦百合,家居用品,江苏,20161013,603313.SH,20201020,29.75,32.28,29.31,31.6,29.59,2.01,6.7928,96249.59,300107.458,2.8004,6.9502,2.1,29.2179,28.8817,4.1767,2.8495,2.3392,0.8995,,34550.8767,34370.0017,13848.4427,1091807.7037,1086092.0537,32.55,26.63,1.3734
603313,梦百合,家居用品,江苏,20161013,603313.SH,20201019,29.38,30.49,28.83,29.59,28.92,0.67,2.3167,76526.26,228345.449,2.2265,5.526,1.77,27.3594,27.0446,3.911,2.6682,2.1904,0.9607,,34550.8767,34370.0017,13848.4427,1022360.4416,1017008.3503,31.81,26.03,1.3734
603313,梦百合,家居用品,江苏,20161013,603313.SH,20201016,28.26,29.35,28.0,28.92,28.47,0.45,1.5806,43551.5,125612.544,1.2671,3.1449,1.07,26.74,26.4322,3.8225,2.6078,2.1408,0.9829,,34550.8767,34370.0017,13848.4427,999211.3542,993980.4492,31.32,25.62,1.3734
603313,梦百合,家居用品,江苏,20161013,603313.SH,20201015,28.0,28.91,27.98,28.47,28.12,0.35,1.2447,35599.21,101452.167,1.0358,2.5706,0.92,26.3239,26.0209,3.763,2.5672,2.1075,0.9984,,34550.8767,34370.0017,13848.4427,983663.4596,978513.9484,30.93,25.31,1.3734
603313,梦百合,家居用品,江苏,20161013,603313.SH,20201014,28.36,28.5,27.5,28.12,28.47,-0.35,-1.2294,40895.9,114444.472,1.1899,2.9531,1.15,26.0003,25.701,3.7168,2.5357,2.0816,1.0109,,34550.8767,34370.0017,13848.4427,971570.6528,966484.4478,31.32,25.62,1.3734
603313,梦百合,家居用品,江苏,20161013,603313.SH,20201013,28.65,28.68,27.85,28.47,28.68,-0.21,-0.7322,32612.51,91645.956,0.9489,2.355,0.94,26.3239,26.0209,3.763,2.5672,2.1075,0.9984,,34550.8767,34370.0017,13848.4427,983663.4596,978513.9484,31.55,25.81,1.3734
603313,梦百合,家居用品,江苏,20161013,603313.SH,20201012,29.06,30.03,28.24,28.68,28.78,-0.1,-0.3475,63734.27,183884.912,1.8544,4.6023,2.1,26.518,26.2128,3.7908,2.5862,2.1231,0.9911,,34550.8767,34370.0017,13848.4427,990919.1438,985731.6488,31.66,25.9,1.3734
603313,梦百合,家居用品,江苏,20161013,603313.SH,20201009,27.79,29.01,27.5,28.78,27.19,1.59,5.8477,31575.78,89629.559,0.9223,2.3024,0.9,26.507,26.2019,3.8172,2.5851,2.1222,0.9915,,34416.455,34235.58,13714.021,990505.5749,985299.9924,29.91,24.47,1.3734
603313,梦百合,家居用品,江苏,20161013,603313.SH,20200930,27.72,27.86,27.03,27.19,27.64,-0.45,-1.6281,24654.4,67503.794,0.7201,1.7978,0.69,25.0426,24.7543,3.6063,2.4423,2.0049,1.0495,,34416.455,34235.58,13714.021,935783.4115,930865.4202,30.4,24.88,1.3734
603313,梦百合,家居用品,江苏,20161013,603313.SH,20200929,28.3,28.33,27.44,27.64,28.0,-0.36,-1.2857,25438.5,70782.569,0.743,1.8549,0.67,25.457,25.164,3.666,2.4827,2.0381,1.0324,,34416.455,34235.58,13714.021,951270.8162,946271.4312,30.8,25.2,1.3734
603313,梦百合,家居用品,江苏,20161013,603313.SH,20200928,28.5,28.68,27.7,28.0,28.41,-0.41,-1.4432,27840.58,78429.556,0.8132,2.0301,0.66,25.7886,25.4918,3.7138,2.515,2.0647,1.0192,,34416.455,34235.58,13714.021,963660.74,958596.24,31.25,25.57,1.3734
603313,梦百合,家居用品,江苏,20161013,603313.SH,20200925,28.6,29.08,28.07,28.41,28.3,0.11,0.3887,42455.2,120633.285,1.2401,3.0958,0.94,26.1662,25.865,3.7681,2.5519,2.0949,1.0045,,34416.455,34235.58,13714.021,977771.4866,972632.8278,31.13,25.47,1.3734
603313,梦百合,家居用品,江苏,20161013,603313.SH,20200924,29.56,29.56,28.0,28.3,29.56,-1.26,-4.2625,55411.14,157887.37,1.6185,4.0405,1.32,26.0649,25.7649,3.7536,2.542,2.0868,1.0084,,34416.455,34235.58,13714.021,973985.6765,968866.914,32.52,26.6,1.3734
603313,梦百合,家居用品,江苏,20161013,603313.SH,20200923,29.5,29.97,29.21,29.56,29.53,0.03,0.1016,26841.9,79430.702,0.784,1.9573,0.63,27.2254,26.912,3.9207,2.6552,2.1797,0.9654,,34416.455,34235.58,13714.021,1017350.4098,1012003.7448,32.48,26.58,1.3734
603313,梦百合,家居用品,江苏,20161013,603313.SH,20200922,29.82,30.19,29.26,29.53,30.27,-0.74,-2.4447,36237.59,107661.231,1.0585,2.6424,0.77,27.1977,26.8847,3.9167,2.6525,2.1775,0.9664,,34416.455,34235.58,13714.021,1016317.9162,1010976.6774,33.3,27.24,1.3734
603313,梦百合,家居用品,江苏,20161013,603313.SH,20200921,30.37,30.76,29.33,30.27,30.19,0.08,0.265,49692.36,149784.58,1.4515,3.6235,0.93,27.8793,27.5584,4.0148,2.7189,2.232,0.9427,,34416.455,34235.58,13714.021,1041786.0929,1036311.0066,33.21,27.17,1.3734
603313,梦百合,家居用品,江苏,20161013,603313.SH,20200918,29.98,30.47,29.6,30.19,29.76,0.43,1.4449,56875.71,171211.846,1.6613,4.1473,1.11,27.8056,27.4856,4.0042,2.7118,2.2261,0.9452,,34416.455,34235.58,13714.021,1039032.7765,1033572.1602,32.74,26.78,1.3734
603313,梦百合,家居用品,江苏,20161013,603313.SH,20200917,30.23,30.23,29.16,29.76,30.26,-0.5,-1.6523,39645.22,117563.287,1.158,2.8909,0.71,27.4096,27.0941,3.9472,2.6731,2.1944,0.9589,,34416.455,34235.58,13714.021,1024233.7008,1018850.8608,33.29,27.23,1.3734
603313,梦百合,家居用品,江苏,20161013,603313.SH,20200916,29.8,30.4,29.6,30.26,29.88,0.38,1.2718,31703.6,95238.796,0.926,2.3118,0.53,27.8701,27.5493,4.0135,2.718,2.2313,0.9431,,34416.455,34235.58,13714.021,1041441.9283,1035968.6508,32.87,26.89,1.3734
603313,梦百合,家居用品,江苏,20161013,603313.SH,20200915,29.18,30.34,28.7,29.88,29.03,0.85,2.928,57510.33,170117.607,1.6798,4.1935,0.96,27.5201,27.2034,3.9631,2.6839,2.2033,0.955,,34416.455,34235.58,13714.021,1028363.6754,1022959.1304,31.93,26.13,1.3734
603313,梦百合,家居用品,江苏,20161013,603313.SH,20200914,28.8,30.2,28.43,29.03,28.42,0.61,2.1464,80810.35,233789.789,2.3604,5.8925,1.43,26.7372,26.4295,3.8504,2.6076,2.1406,0.983,,34416.455,34235.58,13714.021,999109.6887,993858.8874,31.26,25.58,1.3734
603313,梦百合,家居用品,江苏,20161013,603313.SH,20200911,27.98,28.83,27.6,28.42,27.57,0.85,3.0831,45427.35,128900.253,1.3269,3.3125,0.78,26.1754,25.8741,3.7695,2.5528,2.0956,1.0041,,34416.455,34235.58,13714.021,978115.6511,972975.1836,30.33,24.81,1.3734
603313,梦百合,家居用品,江苏,20161013,603313.SH,20200910,27.89,28.65,27.51,27.57,27.35,0.22,0.8044,62537.3,175251.966,1.8267,4.5601,1.06,25.3925,25.1003,3.6567,2.4764,2.033,1.0351,,34416.455,34235.58,13714.021,948861.6644,943874.9406,30.09,24.62,1.3734
603313,梦百合,家居用品,江苏,20161013,603313.SH,20200909,28.71,29.0,27.0,27.35,29.0,-1.65,-5.6897,54091.77,151751.334,1.58,3.9443,0.87,25.1899,24.9,3.6275,2.4567,2.0167,1.0434,,34416.455,34235.58,13714.021,941290.0443,936343.113,31.9,26.1,1.3734
603313,梦百合,家居用品,江苏,20161013,603313.SH,20200908,30.0,30.08,28.82,29.0,29.53,-0.53,-1.7948,57868.95,169166.711,1.6903,4.2197,0.94,26.7096,26.4022,3.8464,2.6049,2.1384,0.984,,34416.455,34235.58,13714.021,998077.195,992831.82,32.48,26.58,1.3734
603313,梦百合,家居用品,江苏,20161013,603313.SH,20200907,31.5,31.5,29.5,29.53,31.5,-1.97,-6.254,62390.35,189196.192,1.8224,4.5494,0.97,27.1977,26.8847,3.9167,2.6525,2.1775,0.9664,,34416.455,34235.58,13714.021,1016317.9162,1010976.6774,34.65,28.35,1.3734
603313,梦百合,家居用品,江苏,20161013,603313.SH,20200904,31.22,31.73,30.5,31.5,31.84,-0.34,-1.0678,52802.58,164274.828,1.5423,3.8503,0.8,29.0122,28.6782,4.178,2.8294,2.3227,0.9059,,34416.455,34235.58,13714.021,1084118.3325,1078420.77,35.02,28.66,1.3734
603313,梦百合,家居用品,江苏,20161013,603313.SH,20200903,32.8,33.12,31.42,31.84,32.7,-0.86,-2.63,68622.96,219987.44,2.0044,5.0039,1.05,29.3253,28.9878,4.2231,2.86,2.3478,0.8963,,34416.455,34235.58,13714.021,1095819.9272,1090060.8672,35.97,29.43,1.3734
603313,梦百合,家居用品,江苏,20161013,603313.SH,20200902,34.0,34.8,32.48,32.7,34.01,-1.31,-3.8518,67782.1,225903.201,1.9799,4.9425,1.03,30.1174,29.7707,4.3371,2.9372,2.4112,0.8727,,34416.455,34235.58,13714.021,1125418.0785,1119503.466,37.41,30.61,1.3734
603313,梦百合,家居用品,江苏,20161013,603313.SH,20200901,34.1,34.71,32.8,34.01,34.1,-0.09,-0.2639,57664.65,192996.475,1.6843,4.2048,0.87,31.3239,30.9634,4.5109,3.0549,2.5078,0.8391,,34416.455,34235.58,13714.021,1170503.6346,1164352.0758,37.51,30.69,1.3734
603313,梦百合,家居用品,江苏,20161013,603313.SH,20200831,33.56,35.39,33.0,34.1,33.34,0.76,2.2795,73771.32,254099.936,2.1548,5.3793,1.04,31.4068,31.0453,4.5228,3.063,2.5145,0.8369,,34416.455,34235.58,13714.021,1173601.1155,1167433.278,36.67,30.01,1.3734
603313,梦百合,家居用品,江苏,20161013,603313.SH,20200828,33.27,33.62,32.0,33.34,33.24,0.1,0.3008,60179.98,198163.995,1.7578,4.3882,0.84,30.7068,30.3534,4.422,2.9947,2.4584,0.8559,,34416.455,34235.58,13714.021,1147444.6097,1141414.2372,36.56,29.92,1.3734
603313,梦百合,家居用品,江苏,20161013,603313.SH,20200827,34.1,34.27,32.4,33.24,34.1,-0.86,-2.522,67467.82,224113.764,1.9707,4.9196,0.88,30.6147,30.2624,4.4088,2.9857,2.451,0.8585,,34416.455,34235.58,13714.021,1144002.9642,1137990.6792,37.51,30.69,1.3734
603313,梦百合,家居用品,江苏,20161013,603313.SH,20200826,33.15,35.18,33.08,34.1,33.04,1.06,3.2082,70644.85,242286.788,2.0635,5.1513,0.8,31.4068,31.0453,4.5228,3.063,2.5145,0.8369,,34416.455,34235.58,13714.021,1173601.1155,1167433.278,36.34,29.74,1.3734
603313,梦百合,家居用品,江苏,20161013,603313.SH,20200825,33.98,34.26,32.4,33.04,33.19,-0.15,-0.4519,58629.65,195028.852,1.7125,4.2752,0.55,30.4305,30.0803,4.3822,2.9678,2.4363,0.8637,,34416.455,34235.58,13714.021,1137119.6732,1131143.5632,36.51,29.87,1.3734
603313,梦百合,家居用品,江苏,20161013,603313.SH,20200824,31.05,33.86,31.05,33.19,30.87,2.32,7.5154,98536.3,322074.61,2.8782,7.1851,0.87,30.5687,30.2169,4.4021,2.9812,2.4474,0.8598,,34416.455,34235.58,13714.021,1142282.1415,1136278.9002,33.96,27.78,1.3734
603313,梦百合,家居用品,江苏,20161013,603313.SH,20200821,30.47,31.58,30.22,30.87,30.65,0.22,0.7178,62538.94,192931.134,1.8267,4.5602,0.55,28.4319,28.1047,4.0944,2.7728,2.2763,0.9244,,34416.455,34235.58,13714.021,1062435.9659,1056852.3546,33.72,27.59,1.3734
603313,梦百合,家居用品,江苏,20161013,603313.SH,20200820,30.81,31.88,30.0,30.65,30.0,0.65,2.1667,94133.15,290674.347,2.7496,6.864,0.92,28.2293,27.9044,4.0652,2.7531,2.2601,0.9311,,34416.455,34235.58,13714.021,1054864.3458,1049320.527,33.0,27.0,1.3734
603313,梦百合,家居用品,江苏,20161013,603313.SH,20200819,30.06,31.31,29.53,30.0,29.33,0.67,2.2844,128409.9,390977.621,3.7508,9.3634,1.43,27.6306,27.3126,3.979,2.6947,2.2121,0.9512,,34416.455,34235.58,13714.021,1032493.65,1027067.4,32.26,26.4,1.3734
603313,梦百合,家居用品,江苏,20161013,603313.SH,20200818,28.55,29.79,28.55,29.33,28.55,0.78,2.732,144719.04,422131.646,4.2272,10.2703,1.91,27.0135,26.6619,4.0546,2.6345,2.4605,0.973,,34416.455,34235.58,14091.021,1009434.6252,1004129.5614,31.41,25.7,1.3734
603313,梦百合,家居用品,江苏,20161013,603313.SH,20200817,25.91,28.55,25.88,28.55,25.95,2.6,10.0193,137096.64,382516.096,4.0045,9.7294,1.94,26.2951,25.9529,3.9468,2.5644,2.395,0.9995,,34416.455,34235.58,14091.021,982589.7903,977425.809,28.55,23.36,1.3734
603313,梦百合,家居用品,江苏,20161013,603313.SH,20200814,24.78,26.41,24.59,25.95,24.86,1.09,4.3846,63650.74,162893.078,1.8592,4.5171,0.93,23.9005,23.5894,3.5874,2.3309,2.1769,1.0997,,34416.455,34235.58,14091.021,893107.0073,888413.301,27.35,22.37,1.3734
603313,梦百合,家居用品,江苏,20161013,603313.SH,20200813,25.01,25.25,24.62,24.86,24.66,0.2,0.811,38293.05,95318.504,1.1185,2.7175,0.53,22.8966,22.5986,3.4367,2.233,2.0855,1.1479,,34416.455,34235.58,14091.021,855593.0713,851096.5188,27.13,22.19,1.3734
603313,梦百合,家居用品,江苏,20161013,603313.SH,20200812,25.2,26.11,24.11,24.66,25.43,-0.77,-3.0279,64669.65,160558.148,1.889,4.5894,0.9,22.7124,22.4168,3.409,2.215,2.0687,1.1572,,34416.455,34235.58,14091.021,848709.7803,844249.4028,27.97,22.89,1.3734
603313,梦百合,家居用品,江苏,20161013,603313.SH,20200811,26.99,26.99,25.34,25.43,26.56,-1.13,-4.2545,75288.27,197093.12,2.1991,5.343,1.15,23.4216,23.1167,3.5155,2.2842,2.1333,1.1222,,34416.455,34235.58,14091.021,875210.4507,870610.7994,29.22,23.9,1.3734
603313,梦百合,家居用品,江苏,20161013,603313.SH,20200810,24.7,26.93,24.61,26.56,24.8,1.76,7.0968,111523.41,290620.395,3.2575,7.9145,2.02,24.4623,24.1439,3.6717,2.3857,2.2281,1.0744,,34416.455,34235.58,14091.021,914101.0448,909297.0048,27.28,22.32,1.3734
603313,梦百合,家居用品,江苏,20161013,603313.SH,20200807,25.09,25.75,24.38,24.8,25.2,-0.4,-1.5873,51792.98,129839.877,1.5128,3.6756,0.92,22.8413,22.544,3.4284,2.2276,2.0805,1.1507,,34416.455,34235.58,14091.021,853528.084,849042.384,27.72,22.68,1.3734
603313,梦百合,家居用品,江苏,20161013,603313.SH,20200806,25.33,25.48,24.5,25.2,25.25,-0.05,-0.198,59164.28,148674.633,1.7282,4.1987,1.03,23.2097,22.9076,3.4837,2.2635,2.114,1.1324,,34416.455,34235.58,14091.021,867294.666,862736.616,27.78,22.73,1.3734
603313,梦百合,家居用品,江苏,20161013,603313.SH,20200805,24.58,25.55,24.23,25.25,24.46,0.79,3.2298,59596.58,149131.538,1.7408,4.2294,1.03,23.2558,22.9531,3.4906,2.268,2.1182,1.1302,,34416.455,34235.58,14091.021,869015.4888,864448.395,26.91,22.01,1.3734
603313,梦百合,家居用品,江苏,20161013,603313.SH,20200804,24.43,25.09,24.15,24.46,24.43,0.03,0.1228,45534.15,111978.034,1.33,3.2314,0.78,22.5282,22.2349,3.3814,2.1971,2.0519,1.1667,,34416.455,34235.58,14091.021,841826.4893,837402.2868,26.87,21.99,1.3734
603313,梦百合,家居用品,江苏,20161013,603313.SH,20200803,24.65,24.66,24.0,24.43,24.26,0.17,0.7007,60581.34,147222.479,1.7695,4.2993,0.9,22.5005,22.2077,3.3773,2.1944,2.0494,1.1681,,34416.455,34235.58,14091.021,840793.9957,836375.2194,26.69,21.83,1.3734
603313,梦百合,家居用品,江苏,20161013,603313.SH,20200731,23.57,24.33,23.36,24.26,23.68,0.58,2.4493,56109.35,134545.434,1.6389,3.9819,0.73,22.344,22.0531,3.3538,2.1791,2.0352,1.1763,,34416.455,34235.58,14091.021,834943.1983,830555.1708,26.05,21.31,1.3734
603313,梦百合,家居用品,江苏,20161013,603313.SH,20200730,24.8,24.86,23.5,23.68,24.41,-0.73,-2.9906,64251.23,153765.821,1.8767,4.5597,0.75,21.8098,21.5259,3.2736,2.127,1.9865,1.2051,,34416.455,34235.58,14091.021,814981.6544,810698.5344,26.85,21.97,1.3734
603313,梦百合,家居用品,江苏,20161013,603313.SH,20200729,22.91,24.49,22.91,24.41,23.03,1.38,5.9922,63228.73,150756.897,1.8469,4.4872,0.62,22.4821,22.1895,3.3745,2.1926,2.0477,1.1691,,34416.455,34235.58,14091.021,840105.6666,835690.5078,25.33,20.73,1.3734
603313,梦百合,家居用品,江苏,20161013,603313.SH,20200728,22.79,23.42,22.7,23.03,22.64,0.39,1.7226,48272.74,111142.896,1.41,3.4258,0.38,21.2111,20.935,3.1837,2.0686,1.932,1.2391,,34416.455,34235.58,14091.021,792610.9587,788445.4074,24.9,20.38,1.3734
603313,梦百合,家居用品,江苏,20161013,603313.SH,20200727,23.9,24.99,22.47,22.64,24.25,-1.61,-6.6392,104500.9,243180.631,3.0524,7.4161,0.9,20.8519,20.5805,3.1298,2.0336,1.8993,1.2605,,34416.455,34235.58,14091.021,779188.5412,775093.5312,26.68,21.83,1.3734
603313,梦百合,家居用品,江苏,20161013,603313.SH,20200724,26.94,26.98,24.18,24.25,26.83,-2.58,-9.6161,106454.17,270048.014,3.1095,7.5548,1.0,22.3348,22.044,3.3524,2.1782,2.0343,1.1768,,34416.455,34235.58,14091.021,834599.0338,830212.815,29.51,24.15,1.3734
603313,梦百合,家居用品,江苏,20161013,603313.SH,20200723,26.56,27.27,26.16,26.83,26.48,0.35,1.3218,106422.12,284401.06,3.1085,7.5525,0.99,24.711,24.3894,3.709,2.4099,2.2508,1.0636,,34416.455,34235.58,14091.021,923393.4877,918540.6114,29.13,23.83,1.3734
603313,梦百合,家居用品,江苏,20161013,603313.SH,20200722,25.98,27.47,25.81,26.48,26.2,0.28,1.0687,146051.68,389736.547,4.2661,10.3649,1.47,24.3886,24.0712,3.6607,2.3785,2.2214,1.0777,,34416.455,34235.58,14091.021,911347.7284,906558.1584,28.82,23.58,1.3734
603313,梦百合,家居用品,江苏,20161013,603313.SH,20200721,24.01,26.48,24.0,26.2,24.07,2.13,8.8492,175426.68,452023.42,5.1241,12.4495,2.18,24.1307,23.8167,3.6219,2.3534,2.1979,1.0892,,34416.455,34235.58,14091.021,901711.121,896972.196,26.48,21.66,1.3734
603313,梦百合,家居用品,江苏,20161013,603313.SH,20200720,23.75,24.08,23.31,24.07,23.7,0.37,1.5612,43874.2,104674.396,1.2815,3.1136,0.5,22.169,21.8804,3.3275,2.162,2.0192,1.1856,,34416.455,34235.58,14091.021,828404.0719,824050.4106,26.07,21.33,1.3734
603313,梦百合,家居用品,江苏,20161013,603313.SH,20200717,23.8,23.88,22.7,23.7,24.0,-0.3,-1.25,60183.36,139562.449,1.7579,4.271,0.67,21.8282,21.5441,3.2763,2.1288,1.9882,1.2041,,34416.455,34235.58,14091.021,815669.9835,811383.246,26.4,21.6,1.3734
603313,梦百合,家居用品,江苏,20161013,603313.SH,20200716,26.37,26.37,23.69,24.0,26.32,-2.32,-8.8146,114431.25,285439.241,3.3425,8.1209,1.35,22.1045,21.8168,3.3178,2.1558,2.0133,1.189,,34416.455,34235.58,14091.021,825994.92,821653.92,28.95,23.69,1.3734
603313,梦百合,家居用品,江苏,20161013,603313.SH,20200715,25.86,26.5,25.6,26.32,25.81,0.51,1.976,101979.47,266371.054,2.9788,7.2372,1.25,24.2413,23.9257,3.6385,2.3641,2.208,1.0842,,34416.455,34235.58,14091.021,905841.0956,901080.4656,28.39,23.23,1.3734
603313,梦百合,家居用品,江苏,20161013,603313.SH,20200714,26.06,26.36,25.15,25.81,25.86,-0.05,-0.1933,81220.34,209340.008,2.3724,5.764,0.92,23.7715,23.4621,3.568,2.3183,2.1652,1.1056,,34416.455,34235.58,14091.021,888288.7036,883620.3198,28.45,23.27,1.3734
603313,梦百合,家居用品,江苏,20161013,603313.SH,20200713,25.0,25.88,24.8,25.86,25.0,0.86,3.44,83661.74,213013.109,2.4437,5.9372,0.9,23.8179,23.5079,3.5749,2.3229,2.1694,1.1131,,34416.923,34235.58,14091.021,890021.6288,885332.0988,27.5,22.5,1.3734
603313,梦百合,家居用品,江苏,20161013,603313.SH,20200710,26.1,26.18,25.0,25.0,26.2,-1.2,-4.5802,68306.36,174850.475,1.9952,4.8475,0.76,23.0258,22.7261,3.4561,2.2456,2.0973,1.1514,,34416.923,34235.58,14091.021,860423.075,855889.5,28.82,23.58,1.3734
603313,梦百合,家居用品,江苏,20161013,603313.SH,20200709,25.62,26.2,25.3,26.2,25.61,0.59,2.3038,87367.55,225617.014,2.552,6.2002,1.03,24.1311,23.817,3.6219,2.3534,2.1979,1.0987,,34416.923,34235.58,14091.021,901723.3826,896972.196,28.17,23.05,1.3734
603313,梦百合,家居用品,江苏,20161013,603313.SH,20200708,25.5,25.84,25.28,25.61,25.6,0.01,0.0391,85750.98,219277.275,2.5047,6.0855,1.09,23.5877,23.2807,3.5404,2.3004,2.1484,1.124,,34416.923,34235.58,14091.021,881417.398,876773.2038,28.16,23.04,1.3734
603313,梦百合,家居用品,江苏,20161013,603313.SH,20200707,24.64,26.41,24.3,25.6,24.4,1.2,4.918,118456.73,298259.637,3.46,8.4065,1.86,23.5785,23.2716,3.539,2.2995,2.1476,1.1244,,34416.923,34235.58,14091.021,881073.2288,876430.848,26.84,21.96,1.3734
603313,梦百合,家居用品,江苏,20161013,603313.SH,20200706,24.58,24.89,24.15,24.4,24.27,0.13,0.5356,102804.91,251138.907,3.0029,7.2958,1.77,22.4732,22.1807,3.3731,2.1917,2.0469,1.1797,,34416.923,34235.58,14091.021,839772.9212,835348.152,26.7,21.84,1.3734
603313,梦百合,家居用品,江苏,20161013,603313.SH,20200703,24.45,24.47,23.67,24.27,24.31,-0.04,-0.1645,52967.36,127295.33,1.5471,3.7589,0.86,22.3535,22.0625,3.3551,2.18,2.036,1.186,,34416.923,34235.58,14091.021,835298.7212,830897.5266,26.74,21.88,1.3734
603313,梦百合,家居用品,江苏,20161013,603313.SH,20200702,23.76,24.78,23.41,24.31,23.75,0.56,2.3579,63597.53,154777.83,1.8576,4.5133,1.16,22.3903,22.0989,3.3607,2.1836,2.0394,1.1841,,34416.923,34235.58,14091.021,836675.3981,832266.9498,26.13,21.38,1.3734
603313,梦百合,家居用品,江苏,20161013,603313.SH,20200701,23.66,24.08,23.5,23.75,23.53,0.22,0.935,54329.98,129208.01,1.6009,3.9389,1.06,21.6852,21.403,3.3114,2.1149,1.9752,1.212,,34119.0847,33937.7417,13793.1827,810328.2616,806021.3654,25.88,21.18,1.3734
603313,梦百合,家居用品,江苏,20161013,603313.SH,20200630,23.6,23.99,23.27,23.53,23.42,0.11,0.4697,44234.5,104320.348,1.3034,3.207,0.85,21.4844,21.2047,3.2807,2.0953,1.9569,1.2233,,34119.0847,33937.7417,13793.1827,802822.063,798555.0622,25.76,21.08,1.3734
603313,梦百合,家居用品,江苏,20161013,603313.SH,20200629,24.07,24.49,23.0,23.42,24.56,-1.14,-4.6417,74476.56,173986.886,2.1945,5.3995,1.61,21.3839,21.1056,3.2654,2.0855,1.9477,1.2291,,34119.0847,33937.7417,13793.1827,799068.9637,794821.9106,27.02,22.1,1.3734
603313,梦百合,家居用品,江苏,20161013,603313.SH,20200624,24.5,25.56,23.91,24.56,24.57,-0.01,-0.0407,70122.21,171953.663,2.0662,5.0838,1.62,22.4248,22.1329,3.4243,2.187,2.0425,1.172,,34119.0847,33937.7417,13793.1827,837964.7202,833510.9362,27.03,22.11,1.3734
603313,梦百合,家居用品,江苏,20161013,603313.SH,20200623,24.7,24.7,24.02,24.57,24.43,0.14,0.5731,31982.27,78046.385,0.9424,2.3187,0.58,22.434,22.142,3.4257,2.1879,2.0434,1.1716,,34119.0847,33937.7417,13793.1827,838305.9111,833850.3136,26.87,21.99,1.3734
603313,梦百合,家居用品,江苏,20161013,603313.SH,20200622,24.22,24.6,23.91,24.43,24.16,0.27,1.1175,35148.1,85566.909,1.0357,2.5482,0.55,22.3061,22.0158,3.4062,2.1754,2.0317,1.1783,,34119.0847,33937.7417,13793.1827,833529.2392,829099.0297,26.58,21.74,1.3734
603313,梦百合,家居用品,江苏,20161013,603313.SH,20200619,24.19,24.85,23.91,24.16,24.16,0.0,0.0,48044.7,116420.617,1.4157,3.4832,0.72,22.0596,21.7725,3.3686,2.1514,2.0093,1.1914,,34119.0847,33937.7417,13793.1827,824317.0864,819935.8395,26.58,21.74,1.3734
603313,梦百合,家居用品,江苏,20161013,603313.SH,20200618,25.0,25.0,23.88,24.16,24.83,-0.67,-2.6983,45867.26,110971.032,1.3515,3.3254,0.68,22.0596,21.7725,3.3686,2.1514,2.0093,1.1914,,34119.0847,33937.7417,13793.1827,824317.0864,819935.8395,27.31,22.35,1.3734
603313,梦百合,家居用品,江苏,20161013,603313.SH,20200617,25.35,25.5,24.37,24.83,25.35,-0.52,-2.0513,55165.5,136173.963,1.6255,4.0097,0.89,22.6713,22.3763,3.462,2.211,2.065,1.1593,,34119.0847,33937.7417,13758.1827,847176.8731,842674.1264,27.89,22.82,1.3734
603313,梦百合,家居用品,江苏,20161013,603313.SH,20200616,24.02,25.66,24.02,25.35,23.54,1.81,7.689,91333.23,227532.48,2.6912,6.6385,1.59,23.1461,22.8449,3.5345,2.2573,2.1082,1.1355,,34119.0847,33937.7417,13758.1827,864918.7971,860321.7521,25.89,21.19,1.3734
603313,梦百合,家居用品,江苏,20161013,603313.SH,20200615,24.73,24.81,23.4,23.54,25.05,-1.51,-6.0279,78554.71,188128.133,2.3147,5.7097,1.64,21.4935,21.2137,3.2821,2.0962,1.9577,1.2228,,34119.0847,33937.7417,13758.1827,803163.2538,798894.4396,27.56,22.55,1.3734
603313,梦百合,家居用品,江苏,20161013,603313.SH,20200612,24.22,25.28,24.16,25.05,25.58,-0.53,-2.0719,62288.99,153898.363,1.8354,4.5274,1.44,22.8722,22.5745,3.4927,2.2306,2.0833,1.1491,,34119.0847,33937.7417,13758.1827,854683.0717,850140.4296,28.14,23.02,1.3734
603313,梦百合,家居用品,江苏,20161013,603313.SH,20200611,26.3,26.55,25.27,25.58,26.5,-0.92,-3.4717,47699.15,123054.233,1.4055,3.467,1.25,23.3561,23.0521,3.5666,2.2778,2.1274,1.1253,,34119.0847,33937.7417,13758.1827,872766.1866,868127.4327,29.15,23.85,1.3734
603313,梦百合,家居用品,江苏,20161013,603313.SH,20200610,26.5,26.75,26.15,26.5,26.56,-0.06,-0.2259,30671.94,80989.547,0.9038,2.2294,0.8,24.1962,23.8812,3.6948,2.3597,2.2039,1.0862,,34119.0847,33937.7417,13758.1827,904155.7446,899350.1551,29.22,23.9,1.3734
603313,梦百合,家居用品,江苏,20161013,603313.SH,20200609,25.58,27.29,25.19,26.56,25.38,1.18,4.6493,67420.86,178822.001,1.9866,4.9004,1.96,24.2509,23.9353,3.7032,2.3651,2.2089,1.0838,,34119.0847,33937.7417,13758.1827,906202.8896,901386.4196,27.92,22.84,1.3734
603313,梦百合,家居用品,江苏,20161013,603313.SH,20200608,25.0,25.5,24.51,25.38,24.99,0.39,1.5606,32018.01,80519.806,0.9434,2.3272,0.87,23.1735,22.8719,3.5387,2.26,2.1107,1.1342,,34119.0847,33937.7417,13758.1827,865942.3697,861339.8843,27.49,22.49,1.3734
603313,梦百合,家居用品,江苏,20161013,603313.SH,20200605,24.95,25.12,24.39,24.99,25.04,-0.05,-0.1997,37735.76,93652.587,1.1119,2.7428,1.06,22.8174,22.5205,3.4843,2.2253,2.0783,1.1519,,34119.0847,33937.7417,13758.1827,852635.9267,848104.1651,27.54,22.54,1.3734
603313,梦百合,家居用品,江苏,20161013,603313.SH,20200604,25.16,25.42,24.68,25.04,24.98,0.06,0.2402,23068.26,57659.045,0.6797,1.6767,0.54,22.8631,22.5655,3.4913,2.2297,2.0824,1.1496,,34119.0847,33937.7417,13758.1827,854341.8809,849801.0522,27.48,22.48,1.3734
603313,梦百合,家居用品,江苏,20161013,603313.SH,20200603,25.11,25.35,24.65,24.98,24.99,-0.01,-0.04,31499.67,79108.04,0.9282,2.2895,0.63,22.8083,22.5114,3.4829,2.2244,2.0775,1.1523,,34119.0847,33937.7417,13758.1827,852294.7358,847764.7877,27.49,22.49,1.3734
603313,梦百合,家居用品,江苏,20161013,603313.SH,20200602,25.71,25.75,24.5,24.99,25.71,-0.72,-2.8005,47271.7,118395.69,1.3929,3.4359,0.91,22.8174,22.5205,3.4843,2.2253,2.0783,1.1519,1.1519,34119.0847,33937.7417,13758.1827,852635.9267,848104.1651,28.28,23.14,1.3734
603313,梦百合,家居用品,江苏,20161013,603313.SH,20200601,25.26,25.94,25.14,25.71,25.18,0.53,2.1048,43388.85,110821.229,1.2785,3.1537,0.84,23.4748,23.1693,3.5847,2.2894,2.1382,1.1196,1.1196,34119.0847,33937.7417,13758.1827,877201.6676,872539.3391,27.7,22.66,1.3734
603313,梦百合,家居用品,江苏,20161013,603313.SH,20200529,24.95,25.38,24.7,25.18,25.06,0.12,0.4789,33055.72,82722.556,0.974,2.4026,0.61,22.9909,22.6917,3.5108,2.2422,2.0941,1.1432,1.1432,34119.0847,33937.7417,13758.1827,859118.5527,854552.336,27.57,22.55,1.3734
603313,梦百合,家居用品,江苏,20161013,603313.SH,20200528,25.55,25.99,24.5,25.06,25.19,-0.13,-0.5161,56646.78,142471.215,1.6691,4.1173,1.07,22.8814,22.5835,3.4941,2.2315,2.0841,1.1487,1.1487,34119.0847,33937.7417,13758.1827,855024.2626,850479.807,27.71,22.67,1.3734
603313,梦百合,家居用品,江苏,20161013,603313.SH,20200527,24.95,26.09,24.66,25.19,24.35,0.84,3.4497,70961.25,180168.19,2.0909,5.1577,1.45,23.0001,22.7007,3.5122,2.2431,2.0949,1.1427,1.1427,34119.0847,33937.7417,13758.1827,859459.7436,854891.7134,26.79,21.92,1.3734
603313,梦百合,家居用品,江苏,20161013,603313.SH,20200526,23.95,24.98,23.66,24.35,23.62,0.73,3.0906,55124.38,134298.825,1.6243,4.0067,1.05,22.2331,21.9437,3.3951,2.1683,2.0251,1.1822,1.1822,34119.0847,33937.7417,13758.1827,830799.7124,826384.0104,25.98,21.26,1.3734
603313,梦百合,家居用品,江苏,20161013,603313.SH,20200525,23.4,24.12,23.06,23.62,23.25,0.37,1.5914,41319.23,98200.667,1.2175,3.0798,0.81,21.5665,21.2858,3.2933,2.1033,1.9644,1.2187,1.2187,34119.0847,33937.7417,13416.1827,805892.7806,801609.459,25.58,20.93,1.3734
603313,梦百合,家居用品,江苏,20161013,603313.SH,20200522,24.62,24.7,22.99,23.25,24.15,-0.9,-3.7267,47943.53,112640.026,1.4127,3.5736,0.96,21.2287,20.9524,3.2417,2.0703,1.9336,1.2381,1.2381,34119.0847,33937.7417,13416.1827,793268.7193,789052.4945,26.57,21.74,1.3734
603313,梦百合,家居用品,江苏,20161013,603313.SH,20200521,24.37,24.76,23.77,24.15,24.39,-0.24,-0.984,48694.76,117673.617,1.4348,3.6296,0.93,22.0505,21.7635,3.3672,2.1505,2.0084,1.1919,1.1919,34119.0847,33937.7417,13416.1827,823975.8955,819596.4621,26.83,21.95,1.3734
603313,梦百合,家居用品,江苏,20161013,603313.SH,20200520,24.3,24.88,24.08,24.39,24.32,0.07,0.2878,50983.94,125017.979,1.5023,3.8002,0.97,22.2696,21.9797,3.4006,2.1719,2.0284,1.1802,1.1802,34119.0847,33937.7417,13416.1827,832164.4758,827741.5201,26.75,21.89,1.3734
603313,梦百合,家居用品,江苏,20161013,603313.SH,20200519,23.27,24.5,23.01,24.32,22.82,1.5,6.5732,73337.47,176069.002,2.1609,5.4663,1.27,22.2057,21.9167,3.3909,2.1656,2.0226,1.1836,1.1836,34119.0847,33937.7417,13416.1827,829776.1399,825365.8781,25.1,20.54,1.3734
603313,梦百合,家居用品,江苏,20161013,603313.SH,20200518,23.45,23.48,22.72,22.82,23.37,-0.55,-2.3534,32773.08,75609.173,0.9675,2.4543,0.55,20.8361,20.5649,3.1817,2.032,1.8978,1.2614,1.2614,34119.0847,33874.8347,13353.2757,778597.5129,773023.7279,25.71,21.03,1.3734
603313,梦百合,家居用品,江苏,20161013,603313.SH,20200515,23.29,23.53,22.83,23.37,23.25,0.12,0.5161,44523.04,102848.15,1.3143,3.3342,0.73,21.3383,21.0605,3.2584,2.081,1.9436,1.2317,1.2317,34119.0847,33874.8347,13353.2757,797363.0094,791654.8869,25.58,20.93,1.3734
603313,梦百合,家居用品,江苏,20161013,603313.SH,20200514,24.2,24.2,23.2,23.25,24.3,-1.05,-4.321,59978.6,141125.141,1.7706,4.4917,0.93,21.2287,20.9524,3.2417,2.0703,1.9336,1.2381,1.2381,34119.0847,33874.8347,13353.2757,793268.7193,787589.9068,26.73,21.87,1.3734
603313,梦百合,家居用品,江苏,20161013,603313.SH,20200513,24.08,24.61,23.64,24.3,24.11,0.19,0.7881,52537.3,127115.506,1.5509,3.9344,0.74,22.1874,21.8986,3.3881,2.1638,2.0209,1.1846,1.1846,34119.0847,33874.8347,13353.2757,829093.7582,823158.4832,26.52,21.7,1.3734
603313,梦百合,家居用品,江苏,20161013,603313.SH,20200512,22.62,24.49,22.4,24.11,22.61,1.5,6.6342,98873.13,235754.414,2.9188,7.4044,1.46,22.0139,21.7274,3.3616,2.1469,2.0051,1.1939,1.1939,34119.0847,33874.8347,13353.2757,822611.1321,816722.2646,24.87,20.35,1.3734
603313,梦百合,家居用品,江苏,20161013,603313.SH,20200511,22.51,22.98,22.24,22.61,22.24,0.37,1.6637,44608.93,100572.368,1.3169,3.3407,0.57,20.6443,20.3756,3.1525,2.0133,1.8804,1.2731,1.2731,34119.0847,33874.8347,13353.2757,771432.5051,765910.0126,24.46,20.02,1.3734
603313,梦百合,家居用品,江苏,20161013,603313.SH,20200508,21.84,22.45,21.75,22.24,21.77,0.47,2.1589,47935.62,105919.19,1.4151,3.5898,0.62,20.3065,20.0422,3.1009,1.9804,1.8496,1.2943,1.2943,34119.0847,33874.8347,13353.2757,758808.4437,753376.3237,23.95,19.59,1.3734
603313,梦百合,家居用品,江苏,20161013,603313.SH,20200507,22.7,22.94,21.7,21.77,22.89,-1.12,-4.893,77626.05,172097.728,2.2916,5.8133,1.11,19.8774,19.6187,3.0353,1.9385,1.8105,1.3223,1.3223,34119.0847,33874.8347,13353.2757,742772.4739,737455.1514,25.18,20.6,1.3734
603313,梦百合,家居用品,江苏,20161013,603313.SH,20200506,21.88,23.5,21.84,22.89,22.66,0.23,1.015,83679.6,190682.764,2.4703,6.3275,1.39,20.9,20.628,3.1915,2.0383,1.9036,1.2576,1.2576,34119.0847,33874.8347,13224.8428,780985.8488,775394.9663,24.93,20.39,1.3734
603313,梦百合,家居用品,江苏,20161013,603313.SH,20200430,20.84,22.66,20.62,22.66,20.6,2.06,10.0,84695.43,186880.129,2.5002,5.4873,1.6,20.69,20.4207,3.1594,2.0178,1.8845,1.2703,1.2703,34119.0847,33874.8347,15434.7028,773138.4593,767603.7543,22.66,18.54,1.3734
603313,梦百合,家居用品,江苏,20161013,603313.SH,20200429,20.38,20.77,19.45,20.6,19.74,0.86,4.3566,96770.45,196111.058,2.8567,6.2697,2.24,18.8091,18.5643,2.8722,1.8344,1.7132,1.3974,1.3974,34119.0847,33874.8347,15434.7028,702853.1448,697821.5948,21.71,17.77,1.3734
603313,梦百合,家居用品,江苏,20161013,603313.SH,20200428,19.8,20.14,19.01,19.74,19.72,0.02,0.1014,42148.7,82857.849,1.2442,3.0466,0.88,18.0239,18.0239,2.8316,1.7578,1.7578,1.4582,1.4582,34119.0847,33874.8347,13834.7028,673510.732,668689.237,21.69,17.75,1.3734
603313,梦百合,家居用品,江苏,20161013,603313.SH,20200427,19.3,20.2,19.02,19.72,19.3,0.42,2.1762,43186.29,85424.646,1.2749,3.1216,0.71,36.1593,20.017,2.9595,2.2064,1.8774,1.4597,1.4597,34119.0847,33874.8347,13834.7028,672828.3503,668011.7403,21.23,17.37,1.3734
603313,梦百合,家居用品,江苏,20161013,603313.SH,20200424,19.7,19.72,19.16,19.3,19.71,-0.41,-2.0802,35145.9,68116.643,1.0375,2.5404,0.44,35.3892,19.5906,2.8965,2.1594,1.8374,1.4915,1.4915,34119.0847,33874.8347,13834.7028,658498.3347,653784.3097,21.68,17.74,1.3734
603313,梦百合,家居用品,江苏,20161013,603313.SH,20200423,20.04,20.4,19.65,19.71,20.14,-0.43,-2.1351,47729.09,94452.315,1.409,3.45,0.57,36.141,20.0068,2.958,2.2053,1.8764,1.4604,1.4604,34119.0847,33874.8347,13834.7028,672487.1594,667672.9919,22.15,18.13,1.3734
603313,梦百合,家居用品,江苏,20161013,603313.SH,20200422,19.96,20.27,19.62,20.14,19.97,0.17,0.8513,47717.17,95076.956,1.4086,3.4491,0.46,36.9294,20.4433,3.0225,2.2534,1.9174,1.4293,1.4293,34119.0847,33874.8347,13834.7028,687158.3659,682239.1709,21.97,17.97,1.3734
603313,梦百合,家居用品,江苏,20161013,603313.SH,20200421,20.25,20.34,19.7,19.97,20.38,-0.41,-2.0118,66886.96,133845.781,1.9745,4.8347,0.66,36.6177,20.2707,2.997,2.2343,1.9012,1.4414,1.4414,34119.0847,33874.8347,13834.7028,681358.1215,676480.449,22.42,18.34,1.3734
603313,梦百合,家居用品,江苏,20161013,603313.SH,20200420,19.38,21.03,19.38,20.38,19.69,0.69,3.5043,107886.53,219875.795,3.1849,7.7983,1.19,37.3695,20.6869,3.0586,2.2802,1.9402,1.4124,1.4124,34119.0847,33874.8347,13834.7028,695346.9462,690369.1312,21.66,17.72,1.3734
603313,梦百合,家居用品,江苏,20161013,603313.SH,20200417,18.9,19.75,18.61,19.69,18.41,1.28,6.9527,124915.27,242890.117,3.6876,9.0291,1.58,36.1043,19.9865,2.955,2.203,1.8745,1.4619,1.4619,34119.0847,33874.8347,13834.7028,671804.7777,666995.4952,20.25,16.57,1.3734
603313,梦百合,家居用品,江苏,20161013,603313.SH,20200416,18.68,18.85,18.35,18.41,18.9,-0.49,-2.5926,74578.15,138264.62,2.2016,5.3907,0.95,33.7572,18.6872,2.7629,2.0598,1.7527,1.5636,1.5636,34119.0847,33874.8347,13834.7028,628132.3493,623635.7068,20.79,17.01,1.3734
603313,梦百合,家居用品,江苏,20161013,603313.SH,20200415,17.77,19.25,17.77,18.9,17.62,1.28,7.2645,149054.16,278214.155,4.4001,10.7739,2.27,34.6557,19.1846,2.8364,2.1146,1.7993,1.523,1.523,34119.0847,33874.8347,13834.7028,644850.7008,640234.3758,19.38,15.86,1.3734
603313,梦百合,家居用品,江苏,20161013,603313.SH,20200414,17.32,17.68,17.15,17.62,17.32,0.3,1.7321,46765.64,81508.039,1.3805,3.3803,0.59,32.3087,17.8853,2.6443,1.9714,1.6774,1.6337,1.6337,34119.0847,33874.8347,13834.7028,601178.2724,596874.5874,19.05,15.59,1.3734
603313,梦百合,家居用品,江苏,20161013,603313.SH,20200413,17.21,17.54,16.76,17.32,17.27,0.05,0.2895,57333.66,98809.393,1.6925,4.1442,0.7,31.7586,17.5808,2.5993,1.9379,1.6489,1.662,1.662,34119.0847,33874.8347,13834.7028,590942.547,586712.137,19.0,15.54,1.3734
603313,梦百合,家居用品,江苏,20161013,603313.SH,20200410,17.84,17.96,17.2,17.27,17.84,-0.57,-3.1951,68785.36,120167.893,2.0306,4.9719,0.75,31.6669,17.5301,2.5918,1.9323,1.6441,1.6668,1.6668,34119.0847,33874.8347,13834.7028,589236.5928,585018.3953,19.62,16.06,1.3734
603313,梦百合,家居用品,江苏,20161013,603313.SH,20200409,18.01,18.18,17.68,17.84,17.83,0.01,0.0561,71129.7,126834.176,2.0998,5.1414,0.69,32.7121,18.1086,2.6774,1.996,1.6984,1.6135,1.6135,34119.0847,33874.8347,13834.7028,608684.471,604327.051,19.61,16.05,1.3734
603313,梦百合,家居用品,江苏,20161013,603313.SH,20200408,18.18,18.25,17.68,17.83,18.31,-0.48,-2.6215,83730.49,149274.244,2.4718,6.0522,0.89,32.6937,18.0985,2.6759,1.9949,1.6974,1.6144,1.6144,34119.0847,33874.8347,13834.7028,608343.2802,603988.3027,20.14,16.48,1.3734
603313,梦百合,家居用品,江苏,20161013,603313.SH,20200407,17.57,18.49,17.57,18.31,17.25,1.06,6.1449,115963.13,210174.626,3.4233,8.382,1.39,33.5739,18.5857,2.7479,2.0486,1.7431,1.5721,1.5721,34119.0847,33874.8347,13834.7028,624720.4409,620248.2234,18.98,15.53,1.3734
603313,梦百合,家居用品,江苏,20161013,603313.SH,20200403,17.91,17.92,17.1,17.25,17.75,-0.5,-2.8169,72498.62,126001.712,2.1402,5.2403,0.89,31.6302,17.5098,2.5888,1.93,1.6422,1.6687,1.6687,34119.0847,33874.8347,13834.7028,588554.2111,584340.8986,19.53,15.98,1.3734
603313,梦百合,家居用品,江苏,20161013,603313.SH,20200402,17.27,17.79,17.12,17.75,17.09,0.66,3.8619,114022.58,198766.536,3.366,8.319,1.69,32.547,18.0173,2.6639,1.986,1.6898,1.6217,1.6217,34119.0847,33874.8347,13706.2699,605613.7534,601278.3159,18.8,15.38,1.3734
603313,梦百合,家居用品,江苏,20161013,603313.SH,20200401,17.82,18.17,16.88,17.09,17.83,-0.74,-4.1503,125768.33,218489.679,3.7269,9.176,2.2,31.2189,17.282,2.5759,1.9049,1.6209,1.6907,1.6907,33990.6518,33746.4018,13706.2699,580900.2393,576726.0068,19.61,16.05,1.3734
603313,梦百合,家居用品,江苏,20161013,603313.SH,20200331,18.15,18.43,17.57,17.83,18.0,-0.17,-0.9444,40078.98,72098.279,1.1877,2.9241,0.68,32.5706,18.0304,2.6875,1.9874,1.6911,1.6205,1.6205,33990.6518,33746.4018,13706.2699,606053.3216,601698.3441,19.8,16.2,1.3734
603313,梦百合,家居用品,江苏,20161013,603313.SH,20200330,18.5,18.5,17.29,18.0,18.64,-0.64,-3.4335,65873.31,117389.957,1.952,4.8061,1.15,32.8812,18.2023,2.7131,2.0064,1.7072,1.6052,1.6052,33990.6518,33746.4018,13706.2699,611831.7324,607435.2324,20.5,16.78,1.3734
603313,梦百合,家居用品,江苏,20161013,603313.SH,20200327,19.33,19.7,18.42,18.64,18.77,-0.13,-0.6926,62395.13,118184.429,1.8489,4.5523,1.14,34.0503,18.8495,2.8096,2.0777,1.7679,1.5501,1.5501,33990.6518,33746.4018,13706.2699,633585.7496,629032.9296,20.65,16.89,1.3734
603313,梦百合,家居用品,江苏,20161013,603313.SH,20200326,19.4,19.4,18.6,18.77,19.15,-0.38,-1.9843,43225.71,81908.951,1.2809,3.1537,0.72,34.2878,18.9809,2.8292,2.0922,1.7802,1.5394,1.5394,33990.6518,33746.4018,13706.2699,638004.5343,633419.9618,21.07,17.24,1.3734
603313,梦百合,家居用品,江苏,20161013,603313.SH,20200325,18.78,19.8,18.66,19.15,18.31,0.84,4.5877,74655.26,144355.343,2.2122,5.4468,1.28,34.9819,19.3652,2.8864,2.1345,1.8162,1.5088,1.5088,33990.6518,33746.4018,13706.2699,650920.982,646243.5945,20.14,16.48,1.3734
603313,梦百合,家居用品,江苏,20161013,603313.SH,20200324,18.91,18.91,17.7,18.31,18.36,-0.05,-0.2723,49361.8,90170.729,1.4627,3.6014,0.8,33.4475,18.5158,2.7598,2.0409,1.7366,1.5781,1.5781,33990.6518,33746.4018,13706.2699,622368.8345,617896.617,20.2,16.52,1.3734
603313,梦百合,家居用品,江苏,20161013,603313.SH,20200323,19.11,19.15,18.25,18.36,19.9,-1.54,-7.7387,57831.17,108147.055,1.7137,4.2193,0.9,33.5388,18.5663,2.7674,2.0465,1.7413,1.5738,1.5738,33990.6518,33746.4018,13706.2699,624068.367,619583.937,21.89,17.91,1.3734
603313,梦百合,家居用品,江苏,20161013,603313.SH,20200320,20.32,20.61,19.5,19.9,20.01,-0.11,-0.5497,49677.3,99019.041,1.4721,3.6244,0.67,36.352,20.1236,2.9995,2.2181,1.8874,1.452,1.452,33990.6518,33746.4018,13706.2699,676413.9708,671553.3958,22.01,18.01,1.3734
603313,梦百合,家居用品,江苏,20161013,603313.SH,20200319,20.0,20.31,19.21,20.01,20.02,-0.01,-0.05,67906.6,134527.093,2.0123,4.9544,0.94,36.5529,20.2349,3.0161,2.2304,1.8978,1.444,1.444,33990.6518,33746.4018,13706.2699,680152.9425,675265.5,22.02,18.02,1.3734
603313,梦百合,家居用品,江苏,20161013,603313.SH,20200318,20.56,21.18,19.87,20.02,20.18,-0.16,-0.7929,66179.16,136485.275,1.9611,4.8284,0.96,36.5712,20.245,3.0176,2.2315,1.8988,1.4433,1.4433,33990.6518,33746.4018,13706.2699,680492.849,675602.964,22.2,18.16,1.3734
603313,梦百合,家居用品,江苏,20161013,603313.SH,20200317,20.69,21.19,19.61,20.18,20.49,-0.31,-1.5129,65408.2,132416.863,1.9382,4.7721,0.96,36.8635,20.4068,3.0417,2.2493,1.9139,1.4318,1.4318,33990.6518,33746.4018,13706.2699,685931.3533,681002.3883,22.54,18.44,1.3734
603313,梦百合,家居用品,江苏,20161013,603313.SH,20200316,22.84,23.0,20.49,20.49,22.77,-2.28,-10.0132,73841.03,160393.663,2.1881,5.3874,1.07,37.4298,20.7203,3.0884,2.2839,1.9433,1.4102,1.4102,33990.6518,33746.4018,13706.2699,696468.4554,691463.7729,25.05,20.49,1.3734
603313,梦百合,家居用品,江苏,20161013,603313.SH,20200313,23.5,23.5,22.4,22.77,24.89,-2.12,-8.5175,96511.98,218638.12,2.8599,7.0414,1.65,41.5947,23.0259,3.4321,2.538,2.1596,1.269,1.269,33990.6518,33746.4018,13706.2699,773967.1415,768405.569,27.38,22.4,1.3734
603313,梦百合,家居用品,江苏,20161013,603313.SH,20200312,24.48,25.28,23.79,24.89,24.74,0.15,0.6063,60478.37,147316.948,1.7921,4.4125,1.01,45.4674,25.1697,3.7516,2.7743,2.3606,1.1609,1.1609,33990.6518,33746.4018,13706.2699,846027.3233,839947.9408,27.21,22.27,1.3734
603313,梦百合,家居用品,江苏,20161013,603313.SH,20200311,25.62,25.96,24.73,24.74,25.48,-0.74,-2.9042,47776.84,120577.258,1.4158,3.4858,0.74,45.1934,25.018,3.729,2.7576,2.3464,1.1679,1.1679,33990.6518,33746.4018,13706.2699,840928.7255,834885.9805,28.03,22.93,1.3734
603313,梦百合,家居用品,江苏,20161013,603313.SH,20200310,24.43,25.79,23.7,25.48,24.87,0.61,2.4528,62312.58,155093.185,1.8465,4.5463,0.94,46.5452,25.7663,3.8405,2.8401,2.4166,1.134,1.134,33990.6518,33746.4018,13706.2699,866081.8079,859858.3179,27.36,22.38,1.3734
603313,梦百合,家居用品,江苏,20161013,603313.SH,20200309,26.16,27.0,24.48,24.87,27.2,-2.33,-8.5662,79289.07,201273.036,2.3496,5.7849,1.09,45.4308,25.1495,3.7486,2.7721,2.3587,1.1618,1.1618,33990.6518,33746.4018,13706.2699,845347.5103,839273.0128,29.92,24.48,1.3734
603313,梦百合,家居用品,江苏,20161013,603313.SH,20200306,27.29,28.2,27.05,27.2,27.73,-0.53,-1.9113,41940.42,115031.856,1.2428,3.0599,0.53,49.6871,27.5057,4.0998,3.0318,2.5797,1.0623,1.0623,33990.6518,33746.4018,13706.2699,924545.729,917902.129,30.5,24.96,1.3734
603313,梦百合,家居用品,江苏,20161013,603313.SH,20200305,26.91,28.0,26.38,27.73,26.56,1.17,4.4051,68745.13,188462.683,2.0371,5.0156,0.87,50.6553,28.0416,4.1797,3.0909,2.63,1.042,1.042,33990.6518,33746.4018,13706.2699,942560.7744,935787.7219,29.22,23.9,1.3734
603313,梦百合,家居用品,江苏,20161013,603313.SH,20200304,26.5,27.55,26.11,26.56,27.4,-0.84,-3.0657,70688.97,188790.922,2.0947,5.1574,0.91,48.518,26.8585,4.0033,2.9605,2.519,1.0879,1.0879,33990.6518,33746.4018,13706.2699,902791.7118,896304.4318,30.14,24.66,1.3734
603313,梦百合,家居用品,江苏,20161013,603313.SH,20200303,27.79,28.36,26.59,27.4,27.3,0.1,0.3663,69632.89,192901.254,2.0634,5.0804,0.85,50.0525,27.7079,4.1299,3.0541,2.5987,1.0545,1.0545,33990.6518,33746.4018,13706.2699,931343.8593,924651.4093,30.03,24.57,1.3734
603313,梦百合,家居用品,江苏,20161013,603313.SH,20200302,26.48,27.78,25.18,27.3,26.6,0.7,2.6316,111306.38,294572.421,3.2983,8.1208,1.54,49.8832,27.6142,4.1148,3.0438,2.5899,1.0581,1.0581,33999.7518,33746.4018,13706.2699,928193.2241,921276.7691,29.26,23.94,1.3734
603313,梦百合,家居用品,江苏,20161013,603313.SH,20200228,27.96,28.7,26.6,26.6,29.56,-2.96,-10.0135,78274.64,215129.443,2.3195,5.7109,1.16,48.6041,26.9061,4.0093,2.9657,2.5235,1.086,1.086,33999.7518,33746.4018,13706.2699,904393.3979,897654.2879,32.52,26.6,1.3734
603313,梦百合,家居用品,江苏,20161013,603313.SH,20200227,30.03,30.55,27.6,29.56,29.95,-0.39,-1.3022,67386.15,196771.296,1.9968,4.9164,1.08,54.0127,29.9002,4.4554,3.2958,2.8043,0.9772,0.9772,33999.7518,33746.4018,13706.2699,1005032.6632,997543.6372,32.95,26.96,1.3734
603313,梦百合,家居用品,江苏,20161013,603313.SH,20200226,30.26,31.2,29.02,29.95,31.1,-1.15,-3.6977,62946.28,188628.301,1.8653,4.6021,1.03,54.7253,30.2947,4.5142,3.3392,2.8413,0.9645,0.9645,33999.7518,33746.4018,13677.657,1018292.5664,1010704.7339,34.21,27.99,1.3734
603313,梦百合,家居用品,江苏,20161013,603313.SH,20200225,28.68,31.45,28.55,31.1,29.63,1.47,4.9612,87617.68,266197.544,2.5986,6.4059,1.51,56.7788,31.4314,4.6921,3.4645,2.9479,0.9296,0.9296,33971.1389,33717.7889,13677.657,1056502.4198,1048623.2348,32.59,26.67,1.3734
603313,梦百合,家居用品,江苏,20161013,603313.SH,20200224,27.5,30.11,27.15,29.63,27.5,2.13,7.7455,66150.43,191470.751,1.9619,4.8364,1.21,54.095,29.9458,4.4703,3.3008,2.8086,0.9757,0.9757,33971.1389,33717.7889,13677.657,1006564.8456,999058.0851,30.25,24.75,1.3734
603313,梦百合,家居用品,江苏,20161013,603313.SH,20200221,27.52,28.17,27.0,27.5,27.81,-0.31,-1.1147,51987.41,142794.266,1.5418,3.8009,1.03,50.2063,27.7931,4.149,3.0635,2.6067,1.0513,1.0513,33971.1389,33717.7889,13677.657,934206.3198,927239.1948,30.59,25.03,1.3734
603313,梦百合,家居用品,江苏,20161013,603313.SH,20200220,26.57,28.0,26.57,27.81,26.78,1.03,3.8462,44450.49,122368.422,1.3183,3.2499,0.88,50.7723,28.1064,4.1957,3.098,2.6361,1.0396,1.0396,33971.1389,33717.7889,13677.657,944737.3728,937691.7093,29.46,24.1,1.3734
603313,梦百合,家居用品,江苏,20161013,603313.SH,20200219,27.2,27.37,26.27,26.78,26.87,-0.09,-0.3349,55442.56,149319.097,1.6443,4.0535,1.22,48.8918,27.0654,4.0403,2.9833,2.5384,1.0796,1.0796,33971.1389,33717.7889,13677.657,909747.0997,902962.3867,29.56,24.18,1.3734
603313,梦百合,家居用品,江苏,20161013,603313.SH,20200218,24.55,26.87,24.45,26.87,24.43,2.44,9.9877,72547.66,188157.076,2.1516,5.3041,1.83,49.0561,27.1564,4.0539,2.9933,2.547,1.0759,1.0759,33971.1389,33717.7889,13677.657,912804.5022,905996.9877,26.87,21.99,1.3734
603313,梦百合,家居用品,江苏,20161013,603313.SH,20200217,23.24,24.62,23.06,24.43,23.17,1.26,5.4381,47881.27,115774.279,1.4201,3.5007,1.14,44.6015,24.6904,3.6858,2.7215,2.3157,1.1834,1.1834,33971.1389,33717.7889,13677.657,829914.9233,823725.5828,25.49,20.85,1.3734
603313,梦百合,家居用品,江苏,20161013,603313.SH,20200214,22.86,23.49,22.51,23.17,22.74,0.43,1.8909,31764.27,73310.967,0.9421,2.3223,0.68,42.3011,23.4169,3.4957,2.5811,2.1963,1.2478,1.2478,33971.1389,33717.7889,13677.657,787111.2883,781241.1688,25.01,20.47,1.3734
603313,梦百合,家居用品,江苏,20161013,603313.SH,20200213,23.5,23.84,22.39,22.74,23.52,-0.78,-3.3163,44845.22,103087.688,1.33,3.2787,0.91,41.5161,22.9823,3.4308,2.5332,2.1555,1.2714,1.2714,33971.1389,33717.7889,13677.657,772503.6986,766742.5196,25.87,21.17,1.3734
603313,梦百合,家居用品,江苏,20161013,603313.SH,20200212,23.55,23.84,23.17,23.52,23.66,-0.14,-0.5917,30854.18,72436.846,0.9151,2.2558,0.55,42.9401,23.7707,3.5485,2.6201,2.2294,1.2292,1.2292,33971.1389,33717.7889,13677.657,799001.1869,793042.3949,26.03,21.29,1.3734
603313,梦百合,家居用品,江苏,20161013,603313.SH,20200211,23.02,24.1,22.8,23.66,23.31,0.35,1.5015,43343.6,101902.986,1.2855,3.1689,0.72,43.1957,23.9121,3.5696,2.6357,2.2427,1.2219,1.2219,33971.1389,33717.7889,13677.657,803757.1464,797762.8854,25.64,20.98,1.3734
603313,梦百合,家居用品,江苏,20161013,603313.SH,20200210,22.2,23.42,21.88,23.31,22.2,1.11,5.0,58485.18,132061.474,1.7345,4.276,1.02,42.5567,23.5584,3.5168,2.5967,2.2095,1.2403,1.2403,33971.1389,33717.7889,13677.657,791867.2478,785961.6593,24.42,19.98,1.3734
603313,梦百合,家居用品,江苏,20161013,603313.SH,20200207,22.51,22.51,21.65,22.2,22.61,-0.41,-1.8134,55499.32,122185.223,1.646,4.2372,0.94,40.5302,22.4366,3.3493,2.4731,2.1043,1.3023,1.3023,33971.1389,33717.7889,13098.0634,754159.2836,748534.9136,24.87,20.35,1.3734
603313,梦百合,家居用品,江苏,20161013,603313.SH,20200206,22.34,22.66,21.82,22.61,22.25,0.36,1.618,57043.46,126951.175,1.7214,4.3551,0.97,40.5344,22.4389,3.483,2.4733,2.1045,1.3479,1.3479,33358.5453,33138.1953,13098.0634,754236.7092,749254.5957,24.48,20.03,1.3734
603313,梦百合,家居用品,江苏,20161013,603313.SH,20200205,21.78,22.87,21.78,22.25,21.75,0.5,2.2989,66657.79,148611.184,2.0115,5.0891,1.27,39.889,22.0816,3.4275,2.434,2.071,1.3697,1.3697,33358.5453,33138.1953,13098.0634,742227.6329,737324.8454,23.93,19.58,1.3734
603313,梦百合,家居用品,江苏,20161013,603313.SH,20200204,20.9,22.49,20.9,21.75,21.08,0.67,3.1784,61444.68,133115.972,1.8542,4.6911,1.29,38.9926,21.5854,3.3505,2.3793,2.0245,1.4012,1.4012,33358.5453,33138.1953,13098.0634,725548.3603,720755.7478,23.19,18.97,1.3734
603313,梦百合,家居用品,江苏,20161013,603313.SH,20200203,21.08,21.39,21.08,21.08,23.42,-2.34,-9.9915,45726.15,96435.663,1.3799,3.4911,0.93,37.7914,20.9205,3.2473,2.306,1.9621,1.4458,1.4458,33358.5453,33138.1953,13098.0634,703198.1349,698553.1569,25.76,21.08,1.3734
603313,梦百合,家居用品,江苏,20161013,603313.SH,20200123,23.73,24.22,22.72,23.42,24.14,-0.72,-2.9826,63346.54,148556.979,1.9116,4.8363,1.37,41.9865,23.2428,3.6078,2.5619,2.1799,1.3013,1.3013,33358.5453,33138.1953,13098.0634,781257.1309,776096.5339,26.55,21.73,1.3734
603313,梦百合,家居用品,江苏,20161013,603313.SH,20200122,24.47,24.67,23.35,24.14,24.55,-0.41,-1.6701,56740.23,136762.537,1.7122,4.332,1.24,43.2773,23.9573,3.7187,2.6407,2.2469,1.2625,1.2625,33358.5453,33138.1953,13098.0634,805275.2835,799956.0345,27.01,22.1,1.3734
603313,梦百合,家居用品,江苏,20161013,603313.SH,20200121,25.05,25.18,24.33,24.55,25.4,-0.85,-3.3465,35529.72,87721.806,1.0722,2.7126,0.71,44.0123,24.3642,3.7819,2.6856,2.2851,1.2414,1.2414,33358.5453,33138.1953,13098.0634,818952.2871,813542.6946,27.94,22.86,1.3734
603313,梦百合,家居用品,江苏,20161013,603313.SH,20200120,24.96,25.55,24.53,25.4,25.0,0.4,1.6,37361.6,93581.992,1.1274,2.8525,0.76,45.5362,25.2078,3.9128,2.7785,2.3642,1.1999,1.1999,33358.5453,33138.1953,13098.0634,847307.0506,841710.1606,27.5,22.5,1.3734
603313,梦百合,家居用品,江苏,20161013,603313.SH,20200117,24.15,25.59,24.15,25.0,24.13,0.87,3.6055,53009.69,132775.729,1.5997,4.0471,1.09,44.8191,24.8108,3.8512,2.7348,2.327,1.2191,1.2191,33358.5453,33138.1953,13098.0634,833963.6325,828454.8825,26.54,21.72,1.3734
603313,梦百合,家居用品,江苏,20161013,603313.SH,20200116,24.21,24.8,23.79,24.13,24.35,-0.22,-0.9035,49021.96,118580.562,1.4793,3.7427,1.03,43.2594,23.9474,3.7172,2.6396,2.246,1.263,1.263,33358.5453,33138.1953,13098.0634,804941.6981,799624.6526,26.79,21.92,1.3734
603313,梦百合,家居用品,江苏,20161013,603313.SH,20200115,24.35,24.6,23.47,24.35,24.35,0.0,0.0,54139.84,129760.94,1.6338,4.1334,1.2,43.6538,24.1657,3.751,2.6637,2.2665,1.2516,1.2516,33358.5453,33138.1953,13098.0634,812280.5781,806915.0556,26.79,21.92,1.3734
603313,梦百合,家居用品,江苏,20161013,603313.SH,20200114,23.7,24.91,23.47,24.35,23.56,0.79,3.3531,57661.81,140659.7,1.74,4.4023,1.31,43.6538,24.1657,3.751,2.6637,2.2665,1.2516,1.2516,33358.5453,33138.1953,13098.0634,812280.5781,806915.0556,25.92,21.2,1.3734
603313,梦百合,家居用品,江苏,20161013,603313.SH,20200113,23.0,23.8,22.81,23.56,23.38,0.18,0.7699,33472.27,78402.845,1.0101,2.5555,0.74,42.2375,23.3817,3.6293,2.5773,2.1929,1.2936,1.2936,33358.5453,33138.1953,13098.0634,785927.3273,780735.8813,25.72,21.04,1.3734
603313,梦百合,家居用品,江苏,20161013,603313.SH,20200110,23.8,23.8,22.67,23.38,23.79,-0.41,-1.7234,49450.17,114667.662,1.4922,3.7754,1.2,41.9148,23.2031,3.6016,2.5576,2.1762,1.3035,1.3035,33358.5453,33138.1953,13098.0634,779922.7891,774771.0061,26.17,21.41,1.3734
603313,梦百合,家居用品,江苏,20161013,603313.SH,20200109,23.17,23.85,23.05,23.79,23.33,0.46,1.9717,43625.9,102414.65,1.3165,3.3307,1.01,42.6498,23.61,3.6648,2.6024,2.2144,1.2811,1.2811,33358.5453,33138.1953,13098.0634,793599.7927,788357.6662,25.66,21.0,1.3734
603313,梦百合,家居用品,江苏,20161013,603313.SH,20200108,23.25,23.71,23.05,23.33,23.43,-0.1,-0.4268,42311.04,98999.578,1.2768,3.2303,1.05,41.8251,23.1534,3.5939,2.5521,2.1715,1.3063,1.3063,33358.5453,33138.1953,13098.0634,778254.8618,773114.0963,25.77,21.09,1.3734
603313,梦百合,家居用品,江苏,20161013,603313.SH,20200107,22.57,23.98,22.3,23.43,22.42,1.01,4.5049,51236.64,120019.406,1.5462,3.9118,1.41,42.0044,23.2527,3.6093,2.563,2.1808,1.3008,1.3008,33358.5453,33138.1953,13098.0634,781590.7164,776427.9159,24.66,20.18,1.3734
603313,梦百合,家居用品,江苏,20161013,603313.SH,20200106,22.36,22.9,22.2,22.42,22.39,0.03,0.134,38301.95,86375.169,1.1558,2.9242,0.95,40.1937,22.2503,3.4537,2.4525,2.0868,1.3594,1.3594,33358.5453,33138.1953,13098.0634,747898.5856,742958.3386,24.63,20.15,1.3734
603313,梦百合,家居用品,江苏,20161013,603313.SH,20200103,22.12,22.45,21.88,22.39,22.1,0.29,1.3122,30880.03,68518.285,0.9319,2.5808,0.69,40.1399,22.2206,3.4491,2.4493,2.084,1.3612,1.3612,33358.5453,33138.1953,11965.1403,746897.8293,741964.1928,24.31,19.89,1.3734
603313,梦百合,家居用品,江苏,20161013,603313.SH,20200102,21.11,22.47,21.11,22.1,21.11,0.99,4.6897,53408.85,117641.872,1.6688,4.4637,1.23,38.2745,21.1879,3.5544,2.3354,1.9872,1.379,1.379,32225.6222,32005.2722,11965.1403,712186.2506,707316.5156,23.22,19.0,1.3734
603313,梦百合,家居用品,江苏,20161013,603313.SH,20191231,20.76,21.25,20.71,21.11,20.9,0.21,1.0048,27120.81,56919.079,0.8474,2.2667,0.48,36.5599,20.2387,3.3951,2.2308,1.8982,0.0,1.4437,32225.6222,32005.2722,11965.1403,680282.8846,675631.2961,22.99,18.81,1.373
603313,梦百合,家居用品,江苏,20161013,603313.SH,20191230,20.36,21.09,20.2,20.9,20.52,0.38,1.8519,31469.18,65364.889,0.9832,2.6301,0.51,36.1962,20.0374,3.3614,2.2086,1.8793,0.0,1.4582,32225.6222,32005.2722,11965.1403,673515.504,668910.189,22.57,18.47,1.373
603313,梦百合,家居用品,江苏,20161013,603313.SH,20191227,21.18,21.67,20.36,20.52,21.27,-0.75,-3.5261,59759.1,124596.761,1.8672,4.9944,0.95,35.5381,19.6731,3.3002,2.1685,1.8451,0.0,1.4852,32225.6222,32005.2722,11965.1403,661269.7675,656748.1855,23.4,19.14,1.373
603313,梦百合,家居用品,江苏,20161013,603313.SH,20191226,20.72,21.32,20.49,21.27,20.77,0.5,2.4073,53116.28,111050.997,1.6596,4.4393,0.87,36.837,20.3921,3.4209,2.2477,1.9126,0.0,1.4329,32225.6222,32005.2722,11965.1403,685438.9842,680752.1397,22.85,18.69,1.373
603313,梦百合,家居用品,江苏,20161013,603313.SH,20191225,21.19,21.21,20.7,20.77,21.08,-0.31,-1.4706,45652.5,95304.375,1.4264,3.8155,0.7,35.9711,19.9128,3.3405,2.1949,1.8676,0.0,1.4673,32225.6222,32005.2722,11965.1403,669326.1731,664749.5036,23.19,18.97,1.373
603313,梦百合,家居用品,江苏,20161013,603313.SH,20191224,20.1,21.19,19.8,21.08,20.04,1.04,5.1896,94574.02,195644.197,2.955,7.9041,1.71,36.508,20.21,3.3903,2.2277,1.8955,0.0,1.4458,32225.6222,32005.2722,11965.1403,679316.116,674671.138,22.04,18.04,1.373
603313,梦百合,家居用品,江苏,20161013,603313.SH,20191223,19.83,20.22,19.33,20.04,19.83,0.21,1.059,57636.13,114476.316,1.8008,4.817,1.09,34.7068,19.2129,3.223,2.1177,1.802,0.0,1.5208,32225.6222,32005.2722,11965.1403,645801.4689,641385.6549,21.81,17.85,1.373
603313,梦百合,家居用品,江苏,20161013,603313.SH,20191220,19.73,20.4,19.58,19.83,19.79,0.04,0.2021,62682.91,125810.111,1.9585,5.2388,1.19,34.3431,19.0116,3.1893,2.0956,1.7831,0.0,1.5369,32225.6222,32005.2722,11965.1403,639034.0882,634664.5477,21.77,17.81,1.373
603313,梦百合,家居用品,江苏,20161013,603313.SH,20191219,19.57,19.79,19.31,19.79,19.61,0.18,0.9179,44616.31,87137.472,1.394,3.7289,0.82,34.2738,18.9732,3.1828,2.0913,1.7795,0.0,1.54,32225.6222,32005.2722,11965.1403,637745.0633,633384.3368,21.57,17.65,1.373
603313,梦百合,家居用品,江苏,20161013,603313.SH,20191218,20.0,20.04,19.37,19.61,19.91,-0.3,-1.5068,65950.76,129165.772,2.0606,5.5119,1.26,33.9621,18.8006,3.1539,2.0723,1.7633,0.0,1.5541,32225.6222,32005.2722,11965.1403,631944.4513,627623.3878,21.9,17.92,1.373
603313,梦百合,家居用品,江苏,20161013,603313.SH,20191217,19.88,20.16,19.76,19.91,20.0,-0.09,-0.45,45085.4,89802.731,1.4087,3.7681,0.76,34.4817,19.0883,3.2021,2.104,1.7903,0.0,1.5307,32225.6222,32005.2722,11965.1403,641612.138,637224.9695,22.0,18.0,1.373
603313,梦百合,家居用品,江苏,20161013,603313.SH,20191216,20.18,20.23,19.77,20.0,20.07,-0.07,-0.3488,45968.84,92070.098,1.4363,3.8419,0.76,34.6375,19.1745,3.2166,2.1135,1.7984,0.0,1.5238,32225.6222,32005.2722,11965.1403,644512.444,640105.444,22.08,18.06,1.373
603313,梦百合,家居用品,江苏,20161013,603313.SH,20191213,19.5,20.49,19.5,20.07,19.41,0.66,3.4003,62776.44,126101.538,1.9614,5.2466,1.07,34.7588,19.2417,3.2279,2.1209,1.8047,0.0,1.5185,32225.6222,32005.2722,11965.1403,646768.2376,642345.8131,21.35,17.47,1.373
603313,梦百合,家居用品,江苏,20161013,603313.SH,20191212,20.01,20.06,19.34,19.41,20.0,-0.59,-2.95,53032.9,103828.32,1.657,4.4323,0.91,33.6157,18.6089,3.1217,2.0512,1.7453,0.0,1.5702,32225.6222,32005.2722,11965.1403,625499.3269,621222.3334,22.0,18.0,1.373
603313,梦百合,家居用品,江苏,20161013,603313.SH,20191211,20.86,20.86,19.9,20.0,20.49,-0.49,-2.3914,54137.26,109531.892,1.6915,4.5246,0.93,34.6375,19.1745,3.2166,2.1135,1.7984,0.0,1.5238,32225.6222,32005.2722,11965.1403,644512.444,640105.444,22.54,18.44,1.373
603313,梦百合,家居用品,江苏,20161013,603313.SH,20191210,19.9,20.82,19.65,20.49,19.8,0.69,3.4848,82581.88,166775.136,2.5803,6.9019,1.8,35.4861,19.6443,3.2954,2.1653,1.8424,0.0,1.4874,32225.6222,32005.2722,11965.1403,660302.9989,655788.0274,21.78,17.82,1.373
603313,梦百合,家居用品,江苏,20161013,603313.SH,20191209,19.61,20.04,19.45,19.8,19.74,0.06,0.304,50221.65,99224.795,1.5692,4.1973,1.13,34.2912,18.9828,3.1845,2.0924,1.7804,0.0,1.5392,32225.6222,32005.2722,11965.1403,638067.3196,633704.3896,21.71,17.77,1.373
603313,梦百合,家居用品,江苏,20161013,603313.SH,20191206,18.79,19.78,18.79,19.74,19.13,0.61,3.1887,54408.79,105449.544,1.7,4.5473,1.31,34.1872,18.9253,3.1748,2.086,1.775,0.0,1.5439,32225.6222,32005.2722,11965.1403,636133.7822,631784.0732,21.04,17.22,1.373
603313,梦百合,家居用品,江苏,20161013,603313.SH,20191205,18.78,19.24,18.66,19.13,18.85,0.28,1.4854,49993.08,95254.422,1.562,4.1782,1.34,33.1308,18.3404,3.0767,2.0216,1.7201,0.0,1.5931,32225.6222,32005.2722,11965.1403,616476.1527,612260.8572,20.74,16.97,1.373
603313,梦百合,家居用品,江苏,20161013,603313.SH,20191204,17.88,18.98,17.81,18.85,18.03,0.82,4.548,54447.98,101681.745,4.0059,5.5089,1.6,32.6459,18.072,3.0317,1.992,1.695,0.0,1.6168,32225.6222,13591.8148,9883.7132,607452.9785,256205.709,19.83,16.23,1.373
603313,梦百合,家居用品,江苏,20161013,603313.SH,20191203,18.0,18.07,17.63,18.03,17.92,0.11,0.6138,20359.16,36359.855,1.4979,2.0599,0.52,31.2257,17.2858,2.8998,1.9053,1.6212,0.0,1.6903,32225.6222,13591.8148,9883.7132,581027.9683,245060.4208,19.71,16.13,1.373
603313,梦百合,家居用品,江苏,20161013,603313.SH,20191202,17.86,18.08,17.36,17.92,18.18,-0.26,-1.4301,42887.86,76092.045,3.1554,4.3392,1.11,31.0352,17.1804,2.8821,1.8937,1.6113,0.0,1.7007,32225.6222,13591.8148,9883.7132,577483.1498,243565.3212,20.0,16.36,1.373
603313,梦百合,家居用品,江苏,20161013,603313.SH,20191129,18.64,18.64,18.05,18.18,18.66,-0.48,-2.5723,40199.63,73389.475,2.9576,4.0673,1.03,31.4855,17.4297,2.9239,1.9212,1.6347,0.0,1.6764,32225.6222,13591.8148,9883.7132,585861.8116,247099.1931,20.53,16.79,1.373
603313,梦百合,家居用品,江苏,20161013,603313.SH,20191128,18.69,18.81,18.37,18.66,18.67,-0.01,-0.0536,28039.41,52248.046,2.063,2.8369,0.61,32.3168,17.8898,3.0011,1.9719,1.6779,0.0,1.6333,32225.6222,13591.8148,9883.7132,601330.1103,253623.2642,20.54,16.8,1.373
603313,梦百合,家居用品,江苏,20161013,603313.SH,20191127,18.43,18.75,18.39,18.67,18.57,0.1,0.5385,38302.64,71182.751,2.8181,3.8753,0.82,32.3341,17.8994,3.0027,1.973,1.6788,0.0,1.6324,32225.6222,13591.8148,9883.7132,601652.3665,253759.1823,20.43,16.71,1.373
603313,梦百合,家居用品,江苏,20161013,603313.SH,20191126,18.22,18.67,18.07,18.57,18.23,0.34,1.8651,46699.52,86306.776,3.4359,4.7249,0.98,32.1609,17.8036,2.9866,1.9624,1.6698,0.0,1.6412,32225.6222,13591.8148,9883.7132,598429.8043,252400.0008,20.05,16.41,1.373
603313,梦百合,家居用品,江苏,20161013,603313.SH,20191125,18.22,18.68,17.82,18.23,18.25,-0.02,-0.1096,40038.29,72880.131,2.9458,4.0509,0.86,31.5721,17.4776,2.9319,1.9265,1.6392,0.0,1.6718,32225.6222,13591.8148,9883.7132,587473.0927,247778.7838,20.08,16.43,1.373
603313,梦百合,家居用品,江苏,20161013,603313.SH,20191122,18.46,18.46,17.96,18.25,18.39,-0.14,-0.7613,41945.13,76265.478,3.0861,4.2439,0.94,31.6067,17.4968,2.9352,1.9286,1.641,0.0,1.67,32225.6222,13591.8148,9883.7132,588117.6052,248050.6201,20.23,16.55,1.373
603313,梦百合,家居用品,江苏,20161013,603313.SH,20191121,17.85,18.67,17.8,18.39,18.0,0.39,2.1667,63180.1,116185.05,4.6484,6.3923,1.72,31.8492,17.631,2.9577,1.9434,1.6536,0.0,1.6572,32225.6222,13591.8148,9883.7132,592629.1923,249953.4742,19.8,16.2,1.373
603313,梦百合,家居用品,江苏,20161013,603313.SH,20191120,17.89,18.08,17.63,18.0,17.9,0.1,0.5587,41946.77,74888.198,3.0862,4.244,1.2,31.1738,17.2571,2.895,1.9022,1.6185,0.0,1.6932,32225.6222,13591.8148,9883.7132,580061.1996,244652.6664,19.69,16.11,1.373
603313,梦百合,家居用品,江苏,20161013,603313.SH,20191119,17.51,17.95,17.41,17.9,17.47,0.43,2.4614,52291.32,92973.064,3.8473,5.2907,1.73,31.0006,17.1612,2.8789,1.8916,1.6095,0.0,1.7026,32225.6222,13591.8148,9883.7132,576838.6374,243293.4849,19.22,15.72,1.373
603313,梦百合,家居用品,江苏,20161013,603313.SH,20191118,17.37,17.57,17.11,17.47,17.37,0.1,0.5757,34525.08,60059.679,2.5401,3.4931,1.24,30.2559,16.749,2.8097,1.8462,1.5709,0.0,1.7445,32225.6222,13591.8148,9883.7132,562981.6198,237449.0046,19.11,15.63,1.373
603313,梦百合,家居用品,江苏,20161013,603313.SH,20191115,17.28,17.39,17.04,17.37,17.17,0.2,1.1648,31625.31,54554.728,2.3268,3.1997,1.14,30.0827,16.6531,2.7936,1.8356,1.5619,0.0,1.7546,32225.6222,13591.8148,9883.7132,559759.0576,236089.8231,18.89,15.45,1.373
603313,梦百合,家居用品,江苏,20161013,603313.SH,20191114,17.43,17.51,17.15,17.17,17.45,-0.28,-1.6046,23184.3,40043.106,1.7058,2.3457,0.76,29.7363,16.4613,2.7615,1.8145,1.5439,0.0,1.775,32225.6222,13591.8148,9883.7132,553313.9332,233371.4601,19.2,15.71,1.373
603313,梦百合,家居用品,江苏,20161013,603313.SH,20191113,17.3,17.45,17.1,17.45,17.3,0.15,0.8671,32516.0,56340.248,2.3923,3.2899,1.01,30.2212,16.7298,2.8065,1.844,1.5691,0.0,1.7465,32225.6222,13591.8148,9883.7132,562337.1074,237177.1683,19.03,15.57,1.373
603313,梦百合,家居用品,江苏,20161013,603313.SH,20191112,17.04,17.5,17.04,17.3,17.14,0.16,0.9335,29316.41,50735.145,2.1569,2.9661,0.85,29.9615,16.586,2.7824,1.8282,1.5556,0.0,1.7617,32225.6222,13591.8148,9883.7132,557503.2641,235138.396,18.85,15.43,1.373
603313,梦百合,家居用品,江苏,20161013,603313.SH,20191111,17.1,17.5,16.87,17.14,17.36,-0.22,-1.2673,23015.36,39435.385,1.6933,2.3286,0.66,29.6844,16.4326,2.7566,1.8113,1.5412,0.0,1.7781,32225.6222,13591.8148,9883.7132,552347.1645,232963.7057,19.1,15.62,1.373
603313,梦百合,家居用品,江苏,20161013,603313.SH,20191108,17.44,17.51,17.22,17.36,17.46,-0.1,-0.5727,30529.5,52935.538,2.2462,3.0889,0.91,30.0654,16.6435,2.792,1.8345,1.561,0.0,1.7556,32225.6222,13591.8148,9883.7132,559436.8014,235953.9049,19.21,15.71,1.373
603313,梦百合,家居用品,江苏,20161013,603313.SH,20191107,17.21,17.68,17.03,17.46,17.45,0.01,0.0573,37796.27,65402.341,2.7808,3.8241,1.07,30.2386,16.7394,2.8081,1.8451,1.57,0.0,1.7455,32225.6222,13591.8148,9883.7132,562659.3636,237313.0864,19.2,15.71,1.373
603313,梦百合,家居用品,江苏,20161013,603313.SH,20191106,17.29,17.64,17.23,17.45,17.3,0.15,0.8671,39563.74,68900.055,2.9109,4.0029,1.0,30.2212,16.7298,2.8065,1.844,1.5691,0.0,1.7465,32225.6222,13591.8148,9883.7132,562337.1074,237177.1683,19.03,15.57,1.373
603313,梦百合,家居用品,江苏,20161013,603313.SH,20191105,17.1,17.45,16.91,17.3,17.1,0.2,1.1696,41998.15,72400.943,3.09,4.2492,1.08,29.9615,16.586,2.7824,1.8282,1.5556,0.0,1.7617,32225.6222,13591.8148,9883.7132,557503.2641,235138.396,18.81,15.39,1.373
603313,梦百合,家居用品,江苏,20161013,603313.SH,20191104,16.96,17.3,16.84,17.1,16.92,0.18,1.0638,23244.4,39748.581,1.7102,2.3518,0.56,29.6151,16.3942,2.7502,1.8071,1.5376,0.0,1.7823,32225.6222,13591.8148,9883.7132,551058.1396,232420.0331,18.61,15.23,1.373
603313,梦百合,家居用品,江苏,20161013,603313.SH,20191101,17.07,17.14,16.72,16.92,17.07,-0.15,-0.8787,25534.43,43140.657,1.8787,2.5835,0.61,29.3033,16.2217,2.7213,1.788,1.5214,0.0,1.8012,32225.6222,13591.8148,9883.7132,545257.5276,229973.5064,18.78,15.36,1.373
603313,梦百合,家居用品,江苏,20161013,603313.SH,20191031,17.1,17.36,16.8,17.07,17.23,-0.16,-0.9286,45783.8,78414.671,3.3685,4.6322,1.28,29.5631,16.3655,2.7454,1.8039,1.5349,0.0,1.7854,32225.6222,13591.8148,9883.7132,550091.371,232012.2786,18.95,15.51,1.373
603313,梦百合,家居用品,江苏,20161013,603313.SH,20191030,17.3,17.41,16.85,17.23,16.77,0.46,2.743,61690.53,105654.331,4.5388,6.2416,2.16,29.8402,16.5189,2.7711,1.8208,1.5493,0.0,1.7688,32225.6222,13591.8148,9883.7132,555247.4705,234186.969,18.45,15.09,1.373
603313,梦百合,家居用品,江苏,20161013,603313.SH,20191029,16.56,16.94,16.33,16.77,16.66,0.11,0.6603,37718.31,62962.131,2.7751,3.8162,1.45,29.0436,18.1106,2.8536,1.7722,1.6148,0.0,1.8173,32225.6222,13591.8148,9883.7132,540423.6843,227934.7342,18.33,14.99,1.373
603313,梦百合,家居用品,江苏,20161013,603313.SH,20191028,16.01,16.75,16.01,16.66,15.99,0.67,4.1901,38323.59,62885.522,2.8196,3.8774,1.51,28.8531,17.9918,2.8349,1.7606,1.6042,0.0,1.8293,32225.6222,13591.8148,9883.7132,536878.8659,226439.6346,17.59,14.39,1.373
603313,梦百合,家居用品,江苏,20161013,603313.SH,20191025,16.12,16.16,15.75,15.99,16.16,-0.17,-1.052,25175.4,40095.76,1.8522,2.5472,0.88,27.6927,17.2683,2.7209,1.6898,1.5397,0.0,1.906,32225.6222,13591.8148,9883.7132,515287.699,217333.1187,17.78,14.54,1.373
603313,梦百合,家居用品,江苏,20161013,603313.SH,20191024,16.26,16.4,16.07,16.16,16.35,-0.19,-1.1621,15245.64,24732.123,1.1217,1.5425,0.45,27.9871,17.4518,2.7498,1.7077,1.5561,0.0,1.8859,32225.6222,13591.8148,9883.7132,520766.0548,219643.7272,17.99,14.72,1.373
603313,梦百合,家居用品,江苏,20161013,603313.SH,20191023,16.25,16.47,16.04,16.35,16.22,0.13,0.8015,26212.37,42599.373,2.2773,2.6521,0.62,28.3162,17.657,2.7821,1.7278,1.5744,0.0,1.864,32225.6222,11510.3877,9883.7132,526888.923,188194.8389,17.84,14.6,1.373
603313,梦百合,家居用品,江苏,20161013,603313.SH,20191022,16.28,16.33,16.04,16.22,16.2,0.02,0.1235,24812.62,40076.563,2.1557,2.5105,0.45,28.091,17.5166,2.76,1.7141,1.5618,0.0,1.879,32225.6222,11510.3877,9883.7132,522699.5921,186698.4885,17.82,14.58,1.373
603313,梦百合,家居用品,江苏,20161013,603313.SH,20191021,16.57,16.59,16.08,16.2,16.73,-0.53,-3.168,35284.74,57357.641,3.0655,3.57,0.56,28.0564,17.495,2.7566,1.712,1.5599,0.0,1.8813,32225.6222,11510.3877,9883.7132,522055.0796,186468.2807,18.4,15.06,1.373
603313,梦百合,家居用品,江苏,20161013,603313.SH,20191018,17.42,17.42,16.65,16.73,17.42,-0.69,-3.961,41838.0,71030.712,3.6348,4.233,0.59,28.9743,18.0674,2.8468,1.768,1.611,0.0,1.8217,32225.6222,11510.3877,9883.7132,539134.6594,192568.7862,19.16,15.68,1.373
603313,梦百合,家居用品,江苏,20161013,603313.SH,20191017,17.7,18.0,17.32,17.42,17.76,-0.34,-1.9144,40968.76,72175.076,3.5593,4.1451,0.54,30.1693,18.8126,2.9642,1.8409,1.6774,0.0,1.7495,32225.6222,11510.3877,9883.7132,561370.3387,200510.9537,19.54,15.98,1.373
603313,梦百合,家居用品,江苏,20161013,603313.SH,20191016,17.88,18.16,17.5,17.76,17.97,-0.21,-1.1686,68467.89,122025.866,5.9484,6.9273,1.01,30.7581,19.1798,3.0221,1.8768,1.7101,0.0,1.716,32225.6222,11510.3877,9883.7132,572327.0503,204424.4856,19.77,16.17,1.373
603313,梦百合,家居用品,江苏,20161013,603313.SH,20191015,17.38,17.97,17.15,17.97,17.47,0.5,2.862,89330.79,157927.254,7.7609,9.0382,1.6,31.1218,19.4065,3.0578,1.899,1.7304,0.0,1.696,32225.6222,11510.3877,9883.7132,579094.4309,206841.667,19.22,15.72,1.373
603313,梦百合,家居用品,江苏,20161013,603313.SH,20191014,17.3,17.8,16.94,17.47,17.16,0.31,1.8065,75603.15,132069.021,6.5683,7.6493,1.54,30.2559,18.8666,2.9727,1.8462,1.6822,0.0,1.7445,32225.6222,11510.3877,9883.7132,562981.6198,201086.4731,18.88,15.44,1.373
603313,梦百合,家居用品,江苏,20161013,603313.SH,20191011,17.7,18.1,17.1,17.16,17.68,-0.52,-2.9412,77621.14,136446.649,6.7436,7.8534,1.94,29.719,18.5318,2.92,1.8134,1.6524,0.0,1.776,32225.6222,11510.3877,9883.7132,552991.677,197518.2529,19.45,15.91,1.373
603313,梦百合,家居用品,江苏,20161013,603313.SH,20191010,17.11,18.0,16.89,17.68,17.2,0.48,2.7907,65652.4,114397.553,5.7038,6.6425,1.7,30.6196,19.0934,3.0085,1.8684,1.7024,0.0,1.7238,32225.6222,11510.3877,9883.7132,569749.0005,203503.6545,18.92,15.48,1.373
603313,梦百合,家居用品,江苏,20161013,603313.SH,20191009,16.52,17.2,16.52,17.2,16.5,0.7,4.2424,31489.18,53127.736,2.7357,3.2552,0.71,29.7883,18.575,2.9268,1.8176,1.6562,0.0,1.7719,32225.6222,11510.3877,9673.4528,554280.7018,197978.6684,18.15,14.85,1.373
603313,梦百合,家居用品,江苏,20161013,603313.SH,20191008,16.26,16.78,16.25,16.5,16.46,0.04,0.243,28811.41,47832.135,2.5497,2.9784,0.53,28.3895,17.7028,2.8343,1.7323,1.5784,0.0,1.8592,32015.3618,11300.1273,9673.4528,528253.4697,186452.1005,18.11,14.81,1.373
603313,梦百合,家居用品,江苏,20161013,603313.SH,20190930,17.14,17.14,16.33,16.46,17.17,-0.71,-4.1351,42419.35,70698.494,3.7539,4.3851,0.59,28.3207,17.6598,2.8274,1.7281,1.5746,0.0,1.8637,32015.3618,11300.1273,9673.4528,526972.8552,186000.0954,18.89,15.45,1.373
603313,梦百合,家居用品,江苏,20161013,603313.SH,20190927,17.51,17.55,17.11,17.17,17.3,-0.13,-0.7514,31620.65,54757.809,2.7983,3.2688,0.35,29.5423,18.4216,2.9494,1.8026,1.6425,0.0,1.7867,32015.3618,11300.1273,9673.4528,549703.7621,194023.1857,19.03,15.57,1.373
603313,梦百合,家居用品,江苏,20161013,603313.SH,20190926,18.02,18.08,17.23,17.3,17.94,-0.64,-3.5674,59035.5,103978.086,5.2243,6.1028,0.62,29.766,18.5611,2.9717,1.8163,1.655,0.0,1.7732,32015.3618,11300.1273,9673.4528,553865.7591,195492.2023,19.73,16.15,1.373
603313,梦百合,家居用品,江苏,20161013,603313.SH,20190925,18.22,18.61,17.81,17.94,18.07,-0.13,-0.7194,58809.46,106949.278,5.2043,6.0795,0.61,30.8671,19.2477,3.0816,1.8835,1.7162,0.0,1.71,32015.3618,11300.1273,9673.4528,574355.5907,202724.2838,19.88,16.26,1.373
603313,梦百合,家居用品,江苏,20161013,603313.SH,20190924,18.36,18.9,18.05,18.07,18.57,-0.5,-2.6925,80084.72,147304.811,7.0871,8.2788,0.82,31.0908,19.3872,3.104,1.8971,1.7286,0.0,1.6977,32015.3618,11300.1273,9673.4528,578517.5877,204193.3003,20.43,16.71,1.373
603313,梦百合,家居用品,江苏,20161013,603313.SH,20190923,18.52,19.2,17.74,18.57,18.48,0.09,0.487,130729.79,242382.937,11.5689,13.5143,1.53,31.9511,19.9237,3.1899,1.9496,1.7765,0.0,1.652,32015.3618,11300.1273,9673.4528,594525.2686,209843.364,20.33,16.63,1.373
603313,梦百合,家居用品,江苏,20161013,603313.SH,20190920,17.74,18.75,17.63,18.48,17.79,0.69,3.8786,128202.27,236240.832,11.3452,13.253,2.01,31.7963,19.8271,3.1744,1.9402,1.7679,0.0,1.66,32015.3618,11300.1273,9673.4528,591643.8861,208826.3525,19.57,16.01,1.373
603313,梦百合,家居用品,江苏,20161013,603313.SH,20190919,17.3,18.2,17.03,17.79,17.02,0.77,4.5241,74499.44,130164.792,6.5928,7.7014,1.36,30.6091,19.0868,3.0559,1.8677,1.7018,0.0,1.7244,32015.3618,11300.1273,9673.4528,569553.2864,201029.2647,18.72,15.32,1.373
603313,梦百合,家居用品,江苏,20161013,603313.SH,20190918,17.2,17.52,16.89,17.02,17.24,-0.22,-1.2761,64831.76,111934.402,5.7373,6.702,1.35,29.2842,18.2607,2.9236,1.7869,1.6282,0.0,1.8024,32015.3618,11300.1273,9673.4528,544901.4578,192328.1666,18.96,15.52,1.373
603313,梦百合,家居用品,江苏,20161013,603313.SH,20190917,16.88,17.35,16.65,17.24,16.85,0.39,2.3145,92189.86,156929.934,8.1583,9.5302,2.58,29.6627,18.4967,2.9614,1.81,1.6492,0.0,1.7794,32015.3618,11300.1273,9673.4528,551944.8374,194814.1947,18.54,15.17,1.373
603313,梦百合,家居用品,江苏,20161013,603313.SH,20190916,16.28,16.98,16.22,16.85,16.22,0.63,3.8841,67755.85,112636.117,5.996,7.0043,2.4,28.9917,18.0783,2.8944,1.769,1.6119,0.0,1.8206,32015.3618,11300.1273,9673.4528,539458.8463,190407.145,17.84,14.6,1.373
603313,梦百合,家居用品,江苏,20161013,603313.SH,20190912,16.25,16.26,16.14,16.22,16.23,-0.01,-0.0616,19128.71,30978.626,1.6928,1.9774,0.61,27.9078,17.4024,2.7862,1.7029,1.5517,0.0,1.8913,32015.3618,11300.1273,9673.4528,519289.1684,183288.0648,17.85,14.61,1.373
603313,梦百合,家居用品,江苏,20161013,603313.SH,20190911,16.31,16.31,16.07,16.23,16.18,0.05,0.309,30204.15,48887.07,2.6729,3.1224,1.03,27.925,17.4131,2.7879,1.7039,1.5526,0.0,1.8901,32015.3618,11300.1273,9673.4528,519609.322,183401.0661,17.8,14.56,1.373
603313,梦百合,家居用品,江苏,20161013,603313.SH,20190910,16.39,16.39,16.08,16.18,16.38,-0.2,-1.221,31031.92,50277.1,2.7462,3.2079,1.19,27.8389,17.3594,2.7793,1.6987,1.5478,0.0,1.896,32015.3618,11300.1273,9673.4528,518008.5539,182836.0597,18.02,14.74,1.373
603313,梦百合,家居用品,江苏,20161013,603313.SH,20190909,16.42,16.5,16.23,16.38,16.35,0.03,0.1835,30815.65,50277.862,2.727,3.1856,1.34,28.183,17.574,2.8137,1.7197,1.567,0.0,1.8728,32015.3618,11300.1273,9673.4528,524411.6263,185096.0852,17.99,14.72,1.373
603313,梦百合,家居用品,江苏,20161013,603313.SH,20190906,16.45,16.64,16.22,16.35,16.36,-0.01,-0.0611,29762.62,48876.909,2.6338,3.0767,1.49,28.1314,17.5418,2.8085,1.7165,1.5641,0.0,1.8763,32015.3618,11300.1273,9673.4528,523451.1654,184757.0814,18.0,14.72,1.373
603313,梦百合,家居用品,江苏,20161013,603313.SH,20190905,16.21,16.51,16.14,16.36,16.13,0.23,1.4259,34214.94,55966.703,3.0278,3.537,2.14,28.1486,17.5526,2.8102,1.7176,1.565,0.0,1.8751,32015.3618,11300.1273,9673.4528,523771.319,184870.0826,17.74,14.52,1.373
603313,梦百合,家居用品,江苏,20161013,603313.SH,20190904,16.04,16.13,15.88,16.13,16.03,0.1,0.6238,21363.1,34137.982,1.8905,2.2084,1.31,27.7529,17.3058,2.7707,1.6934,1.543,0.0,1.9019,32015.3618,11300.1273,9673.4528,516407.7858,182271.0533,17.63,14.43,1.373
603313,梦百合,家居用品,江苏,20161013,603313.SH,20190903,16.1,16.18,15.95,16.03,16.08,-0.05,-0.3109,14628.62,23471.862,1.2946,1.5122,0.85,27.5808,17.1985,2.7535,1.6829,1.5335,0.0,1.9137,32015.3618,11300.1273,9673.4528,513206.2497,181141.0406,17.69,14.47,1.373
603313,梦百合,家居用品,江苏,20161013,603313.SH,20190902,16.0,16.11,15.75,16.08,15.93,0.15,0.9416,14621.03,23402.017,1.2939,1.5115,0.84,27.6669,17.2521,2.7621,1.6882,1.5383,0.0,1.9078,32015.3618,11300.1273,9673.4528,514807.0177,181706.047,17.52,14.34,1.373
603313,梦百合,家居用品,江苏,20161013,603313.SH,20190830,16.15,16.28,15.9,15.93,16.11,-0.18,-1.1173,15145.72,24277.046,1.3403,1.5657,0.74,27.4088,17.0912,2.7364,1.6724,1.5239,0.0,1.9257,32015.3618,11300.1273,9673.4528,510004.7135,180011.0279,17.72,14.5,1.373
603313,梦百合,家居用品,江苏,20161013,603313.SH,20190829,16.11,16.28,16.06,16.11,16.14,-0.03,-0.1859,14264.7,23026.596,1.2623,1.4746,0.64,27.7185,17.2843,2.7673,1.6913,1.5411,0.0,1.9042,32015.3618,11300.1273,9673.4528,515767.4786,182045.0508,17.75,14.53,1.373
603313,梦百合,家居用品,江苏,20161013,603313.SH,20190828,16.26,16.39,16.01,16.14,16.38,-0.24,-1.4652,22943.07,37036.315,2.0303,2.3718,1.04,27.7701,17.3165,2.7724,1.6945,1.544,0.0,1.9007,32015.3618,11300.1273,9673.4528,516727.9395,182384.0546,18.02,14.74,1.373
603313,梦百合,家居用品,江苏,20161013,603313.SH,20190827,16.12,16.47,16.12,16.38,16.09,0.29,1.8024,18727.25,30592.274,1.6573,1.9359,0.8,28.183,17.574,2.8137,1.7197,1.567,0.0,1.8728,32015.3618,11300.1273,9673.4528,524411.6263,185096.0852,17.7,14.48,1.373
603313,梦百合,家居用品,江苏,20161013,603313.SH,20190826,15.87,16.23,15.81,16.09,16.23,-0.14,-0.8626,16119.13,25863.825,1.4265,1.6663,0.6,27.6841,17.2629,2.7639,1.6892,1.5392,0.0,1.9066,32015.3618,11300.1273,9673.4528,515127.1714,181819.0483,17.85,14.61,1.373
603313,梦百合,家居用品,江苏,20161013,603313.SH,20190823,16.59,16.71,16.15,16.23,16.69,-0.46,-2.7561,30471.5,49600.885,2.6966,3.15,1.13,27.925,17.4131,2.7879,1.7039,1.5526,0.0,1.8901,32015.3618,11300.1273,9673.4528,519609.322,183401.0661,18.36,15.02,1.373
603313,梦百合,家居用品,江苏,20161013,603313.SH,20190822,17.0,17.1,16.54,16.69,16.94,-0.25,-1.4758,23835.5,39775.311,2.1093,2.464,0.91,28.7164,17.9066,2.8669,1.7522,1.5966,0.0,1.838,32015.3618,11300.1273,9673.4528,534336.3884,188599.1246,18.63,15.25,1.373
603313,梦百合,家居用品,江苏,20161013,603313.SH,20190821,17.13,17.38,16.91,16.94,17.13,-0.19,-1.1092,21095.8,35944.397,1.8669,2.1808,0.85,29.1466,18.1748,2.9099,1.7785,1.6205,0.0,1.8109,32015.3618,11300.1273,9673.4528,542340.2289,191424.1565,18.84,15.42,1.373
603313,梦百合,家居用品,江苏,20161013,603313.SH,20190820,17.47,17.47,17.09,17.13,17.48,-0.35,-2.0023,25818.53,44359.092,2.2848,2.669,1.17,29.4735,18.3787,2.9425,1.7984,1.6387,0.0,1.7908,32015.3618,11300.1273,9673.4528,548423.1476,193571.1806,19.23,15.73,1.373
603313,梦百合,家居用品,江苏,20161013,603313.SH,20190819,17.01,17.61,17.01,17.48,17.18,0.3,1.7462,33666.83,58460.735,2.9793,3.4803,1.7,30.0757,18.7542,3.0026,1.8352,1.6722,0.0,1.755,32015.3618,11300.1273,9673.4528,559628.5243,197526.2252,18.9,15.46,1.373
603313,梦百合,家居用品,江苏,20161013,603313.SH,20190816,17.93,18.06,17.14,17.18,17.53,-0.35,-1.9966,30885.05,54017.933,2.7332,3.1928,1.88,29.5595,18.4323,2.9511,1.8037,1.6435,0.0,1.7856,32015.3618,11300.1273,9673.4528,550023.9157,194136.187,19.28,15.78,1.373
603313,梦百合,家居用品,江苏,20161013,603313.SH,20190815,16.97,17.68,16.8,17.53,17.21,0.32,1.8594,18953.6,32681.86,1.6773,1.9593,1.33,30.1617,21.8503,3.1516,1.8404,1.74,0.0,1.75,32015.3618,11300.1273,9673.4528,561229.2924,198091.2316,18.93,15.49,1.373
603313,梦百合,家居用品,江苏,20161013,603313.SH,20190814,16.95,17.32,16.91,17.21,16.84,0.37,2.1971,14170.62,24298.627,1.254,1.4649,1.07,29.6111,21.4514,3.0941,1.8068,1.7083,0.0,1.7825,32015.3618,11300.1273,9673.4528,550984.3766,194475.1908,18.52,15.16,1.373
603313,梦百合,家居用品,江苏,20161013,603313.SH,20190813,16.84,17.0,16.52,16.84,16.84,0.0,0.0,12825.55,21445.764,1.135,1.3259,0.97,28.9745,20.9902,3.0276,1.768,1.6716,0.0,1.8217,32015.3618,11300.1273,9673.4528,539138.6927,190294.1437,18.52,15.16,1.373
603313,梦百合,家居用品,江苏,20161013,603313.SH,20190812,15.9,17.1,15.7,16.84,15.83,1.01,6.3803,22345.03,37178.283,1.9774,2.3099,2.06,28.9745,20.9902,3.0276,1.768,1.6716,0.0,1.8217,32015.3618,11300.1273,9673.4528,539138.6927,190294.1437,17.41,14.25,1.373
603313,梦百合,家居用品,江苏,20161013,603313.SH,20190809,16.47,16.63,15.76,15.83,16.36,-0.53,-3.2396,13779.05,22183.878,1.2194,1.4244,1.34,27.2367,19.7313,2.846,1.6619,1.5713,0.0,1.9379,32015.3618,11300.1273,9673.4528,506803.1773,178881.0152,18.0,14.72,1.373
603313,梦百合,家居用品,江苏,20161013,603313.SH,20190808,16.55,16.73,16.31,16.36,16.5,-0.14,-0.8485,8000.88,13200.249,0.708,0.8271,0.76,28.1486,20.3919,2.9413,1.7176,1.6239,0.0,1.8751,32015.3618,11300.1273,9673.4528,523771.319,184870.0826,18.15,14.85,1.373
603313,梦百合,家居用品,江苏,20161013,603313.SH,20190807,16.47,16.77,16.26,16.5,16.45,0.05,0.304,9343.5,15401.439,0.8268,0.9659,0.85,28.3895,20.5664,2.9665,1.7323,1.6378,0.0,1.8592,32015.3618,11300.1273,9673.4528,528253.4697,186452.1005,18.1,14.81,1.373
603313,梦百合,家居用品,江苏,20161013,603313.SH,20190806,16.35,16.85,16.23,16.45,16.99,-0.54,-3.1783,12383.56,20455.58,1.0959,1.2802,1.14,28.3035,20.5041,2.9575,1.727,1.6328,0.0,1.8649,32015.3618,11300.1273,9673.4528,526652.7016,185887.0941,18.69,15.29,1.373
603313,梦百合,家居用品,江苏,20161013,603313.SH,20190805,17.51,17.51,16.91,16.99,17.45,-0.46,-2.6361,10841.88,18609.848,0.9594,1.1208,0.97,29.2326,21.1772,3.0546,1.7837,1.6864,0.0,1.8056,32015.3618,11300.1273,9673.4528,543940.997,191989.1628,19.2,15.71,1.373
603313,梦百合,家居用品,江苏,20161013,603313.SH,20190802,17.12,17.55,17.11,17.45,17.67,-0.22,-1.245,10773.76,18686.896,0.9534,1.1137,0.85,30.0241,21.7506,3.1373,1.832,1.7321,0.0,1.758,32015.3618,11300.1273,9673.4528,558668.0634,197187.2214,19.44,15.9,1.373
603313,梦百合,家居用品,江苏,20161013,603313.SH,20190801,17.66,17.78,17.44,17.67,17.82,-0.15,-0.8418,9171.69,16142.961,0.8116,0.9481,0.72,30.4026,22.0248,3.1768,1.8551,1.7539,0.0,1.7361,32015.3618,11300.1273,9673.4528,565711.443,199673.2494,19.6,16.04,1.373
603313,梦百合,家居用品,江苏,20161013,603313.SH,20190731,17.8,17.94,17.62,17.82,17.99,-0.17,-0.945,11474.31,20387.825,1.0154,1.1862,0.87,30.6607,22.2118,3.2038,1.8709,1.7688,0.0,1.7215,32015.3618,11300.1273,9673.4528,570513.7473,201368.2685,19.79,16.19,1.373
603313,梦百合,家居用品,江苏,20161013,603313.SH,20190730,17.86,18.02,17.66,17.99,17.84,0.15,0.8408,11986.55,21512.781,1.0607,1.2391,0.83,30.9532,22.4237,3.2343,1.8887,1.7857,0.0,1.7052,32015.3618,11300.1273,9673.4528,575956.3588,203289.2901,19.62,16.06,1.373
603313,梦百合,家居用品,江苏,20161013,603313.SH,20190729,17.8,18.22,17.65,17.84,17.95,-0.11,-0.6128,12273.61,21877.404,1.0861,1.2688,0.8,30.6951,22.2367,3.2074,1.873,1.7708,0.0,1.7196,32015.3618,11300.1273,9673.4528,571154.0545,201594.271,19.75,16.16,1.373
603313,梦百合,家居用品,江苏,20161013,603313.SH,20190726,17.59,17.99,17.48,17.95,17.53,0.42,2.3959,18674.62,33362.062,1.6526,1.9305,1.33,30.8843,22.3738,3.2272,1.8845,1.7817,0.0,1.709,32015.3618,11300.1273,9673.4528,574675.7443,202837.285,19.28,15.78,1.373
603313,梦百合,家居用品,江苏,20161013,603313.SH,20190725,17.45,17.67,17.45,17.53,17.55,-0.02,-0.114,9632.54,16905.383,0.8524,0.9958,0.59,30.1617,21.8503,3.1516,1.8404,1.74,0.0,1.75,32015.3618,11300.1273,9673.4528,561229.2924,198091.2316,19.31,15.8,1.373
603313,梦百合,家居用品,江苏,20161013,603313.SH,20190724,17.3,17.6,17.12,17.55,17.39,0.16,0.9201,13314.7,23307.114,1.1783,1.3764,0.7,30.1961,21.8752,3.1552,1.8425,1.742,0.0,1.748,32015.3618,11300.1273,9673.4528,561869.5996,198317.2341,19.13,15.65,1.373
603313,梦百合,家居用品,江苏,20161013,603313.SH,20190723,17.29,17.42,16.93,17.39,17.43,-0.04,-0.2295,18691.8,32142.844,1.6541,1.9323,0.89,29.9208,21.6758,3.1265,1.8257,1.7261,0.0,1.7641,32015.3618,11300.1273,9673.4528,556747.1417,196509.2137,19.17,15.69,1.373
603313,梦百合,家居用品,江苏,20161013,603313.SH,20190722,17.39,17.64,16.56,17.43,17.39,0.04,0.23,16227.41,28075.568,1.436,1.6775,0.75,29.9896,21.7256,3.1337,1.8299,1.7301,0.0,1.76,32015.3618,11300.1273,9673.4528,558027.7562,196961.2188,19.13,15.65,1.373
603313,梦百合,家居用品,江苏,20161013,603313.SH,20190719,17.15,17.55,17.15,17.39,17.2,0.19,1.1047,12446.41,21611.841,1.1014,1.2867,0.55,29.9208,21.6758,3.1265,1.8257,1.7261,0.0,1.7641,32015.3618,11300.1273,9673.4528,556747.1417,196509.2137,18.92,15.48,1.373
603313,梦百合,家居用品,江苏,20161013,603313.SH,20190718,17.6,17.6,17.1,17.2,17.74,-0.54,-3.044,20304.16,35076.892,1.7968,2.099,0.98,29.5939,21.439,3.0923,1.8058,1.7073,0.0,1.7835,32015.3618,11300.1273,9673.4528,550664.223,194362.1896,19.51,15.97,1.373
603313,梦百合,家居用品,江苏,20161013,603313.SH,20190717,17.24,17.96,17.08,17.74,17.3,0.44,2.5434,27554.44,48561.665,2.4384,2.8485,1.49,30.523,22.112,3.1894,1.8625,1.7609,0.0,1.7293,32015.3618,11300.1273,9673.4528,567952.5183,200464.2583,19.03,15.57,1.373
603313,梦百合,家居用品,江苏,20161013,603313.SH,20190716,17.69,17.69,17.01,17.3,17.68,-0.38,-2.1493,28431.41,49098.496,2.516,2.9391,1.72,29.766,21.5636,3.1103,1.8163,1.7172,0.0,1.7732,32015.3618,11300.1273,9673.4528,553865.7591,195492.2023,19.45,15.91,1.373
603313,梦百合,家居用品,江苏,20161013,603313.SH,20190715,17.75,17.85,17.22,17.68,17.85,-0.17,-0.9524,19254.23,33822.168,1.7039,1.9904,1.06,30.4198,22.0373,3.1786,1.8562,1.7549,0.0,1.7351,32015.3618,11300.1273,9673.4528,566031.5966,199786.2507,19.64,16.07,1.373
603313,梦百合,家居用品,江苏,20161013,603313.SH,20190712,17.83,18.05,17.57,17.85,17.83,0.02,0.1122,16962.41,30279.339,1.5011,1.7535,0.77,30.7123,22.2492,3.2092,1.874,1.7718,0.0,1.7186,32015.3618,11300.1273,9673.4528,571474.2081,201707.2723,19.61,16.05,1.373
603313,梦百合,家居用品,江苏,20161013,603313.SH,20190711,17.8,18.08,17.6,17.83,17.74,0.09,0.5073,11727.94,20935.346,1.0379,1.2124,0.44,30.6779,22.2242,3.2056,1.8719,1.7698,0.0,1.7205,32015.3618,11300.1273,9673.4528,570833.9009,201481.2698,19.51,15.97,1.373
603313,梦百合,家居用品,江苏,20161013,603313.SH,20190710,17.77,18.08,17.56,17.74,17.73,0.01,0.0564,16387.52,29194.76,1.4502,1.6941,0.54,30.523,22.112,3.1894,1.8625,1.7609,0.0,1.7293,32015.3618,11300.1273,9673.4528,567952.5183,200464.2583,19.5,15.96,1.373
603313,梦百合,家居用品,江苏,20161013,603313.SH,20190709,17.81,18.27,17.65,17.73,18.07,-0.34,-1.8816,18158.42,32356.552,1.6069,1.8771,0.57,30.5058,22.0996,3.1876,1.8614,1.7599,0.0,1.7302,32015.3618,11300.1273,9673.4528,567632.3647,200351.257,19.88,16.26,1.373
603313,梦百合,家居用品,江苏,20161013,603313.SH,20190708,18.32,18.51,17.85,18.07,18.33,-0.26,-1.4184,27245.3,49376.822,2.4111,2.8165,0.79,31.0908,22.5234,3.2487,1.8971,1.7936,0.0,1.6977,32015.3618,11300.1273,9673.4528,578517.5877,204193.3003,20.16,16.5,1.373
603313,梦百合,家居用品,江苏,20161013,603313.SH,20190705,17.78,18.48,17.6,18.33,17.9,0.43,2.4022,36956.4,66987.539,3.2704,3.8204,1.07,31.5382,22.8474,3.2955,1.9244,1.8195,0.0,1.6736,32015.3618,11300.1273,9673.4528,586841.5818,207131.3334,19.69,16.11,1.373
603313,梦百合,家居用品,江苏,20161013,603313.SH,20190704,17.52,18.15,17.25,17.9,17.5,0.4,2.2857,35750.99,63577.323,3.1638,3.7329,1.02,30.7983,22.3115,3.2182,1.8793,1.7768,0.0,1.7138,32015.3618,11300.1273,9577.3795,573074.9762,202272.2787,19.25,15.75,1.373
603313,梦百合,家居用品,江苏,20161013,603313.SH,20190703,17.48,17.83,17.02,17.5,17.6,-0.1,-0.5682,33676.58,58486.928,3.0057,3.5163,1.03,30.0197,21.7474,3.1612,1.8318,1.7319,0.0,1.7582,31919.2885,11204.054,9577.3795,558587.5488,196070.945,19.36,15.84,1.373
603313,梦百合,家居用品,江苏,20161013,603313.SH,20190702,17.78,18.08,17.55,17.6,17.78,-0.18,-1.0124,26413.5,46876.206,2.3575,2.7579,0.8,30.1913,21.8717,3.1792,1.8422,1.7417,0.0,1.7483,31919.2885,11204.054,9577.3795,561779.4776,197191.3504,19.56,16.0,1.373
603313,梦百合,家居用品,江苏,20161013,603313.SH,20190701,17.51,17.94,17.42,17.78,17.29,0.49,2.834,39884.6,70899.948,3.5598,4.1645,1.3,30.5,22.0954,3.2117,1.8611,1.7596,0.0,1.7306,31919.2885,11204.054,9577.3795,567524.9495,199208.0801,19.02,15.56,1.373
603313,梦百合,家居用品,江苏,20161013,603313.SH,20190628,17.67,17.7,17.1,17.29,17.75,-0.46,-2.5915,36343.25,62797.464,3.2438,3.7947,1.25,29.6595,21.4865,3.1232,1.8098,1.7111,0.0,1.7796,31919.2885,11204.054,9577.3795,551884.4982,193718.0937,19.53,15.98,1.373
603313,梦百合,家居用品,江苏,20161013,603313.SH,20190627,17.07,17.78,16.78,17.75,16.96,0.79,4.658,39163.98,68024.022,3.4955,4.0892,1.59,30.4486,22.0581,3.2063,1.8579,1.7566,0.0,1.7335,31919.2885,11204.054,9577.3795,566567.3709,198871.9585,18.66,15.26,1.373
603313,梦百合,家居用品,江苏,20161013,603313.SH,20190626,16.66,17.1,16.48,16.96,16.68,0.28,1.6787,22428.9,37799.185,2.0019,2.3419,0.93,29.0934,21.0764,3.0636,1.7752,1.6784,0.0,1.8142,31919.2885,11204.054,9577.3795,541351.133,190020.7558,18.35,15.01,1.373
603313,梦百合,家居用品,江苏,20161013,603313.SH,20190625,16.69,17.15,16.42,16.68,16.75,-0.07,-0.4179,26892.98,45162.617,2.4003,2.808,1.18,28.6131,20.7284,3.013,1.7459,1.6507,0.0,1.8447,31919.2885,11204.054,9577.3795,532413.7322,186883.6207,18.43,15.08,1.373
603313,梦百合,家居用品,江苏,20161013,603313.SH,20190624,17.01,17.33,16.68,16.75,16.81,-0.06,-0.3569,28621.34,48448.759,2.5546,2.9884,1.26,28.7332,20.8154,3.0257,1.7532,1.6576,0.0,1.837,31919.2885,11204.054,9577.3795,534648.0824,187667.9045,18.49,15.13,1.373
603313,梦百合,家居用品,江苏,20161013,603313.SH,20190621,17.02,17.33,16.72,16.81,16.9,-0.09,-0.5325,28125.41,47915.17,2.5103,2.9366,1.48,28.8361,20.89,3.0365,1.7595,1.6636,0.0,1.8304,31919.2885,11204.054,9577.3795,536563.2397,188340.1477,18.59,15.21,1.373
603313,梦百合,家居用品,江苏,20161013,603313.SH,20190620,16.59,16.98,16.34,16.9,16.59,0.31,1.8686,17347.21,29080.432,1.5483,1.8113,0.97,28.9905,21.0018,3.0528,1.7689,1.6725,0.0,1.8207,31919.2885,11204.054,9577.3795,539435.9757,189348.5126,18.25,14.93,1.373
603313,梦百合,家居用品,江苏,20161013,603313.SH,20190619,16.98,17.16,16.58,16.59,16.49,0.1,0.6064,19274.93,32461.836,1.7204,2.0125,1.18,28.4587,20.6166,2.9968,1.7365,1.6418,0.0,1.8547,31919.2885,11204.054,9577.3795,529540.9962,185875.2559,18.14,14.84,1.373
603313,梦百合,家居用品,江苏,20161013,603313.SH,20190618,16.08,16.64,16.08,16.49,16.12,0.37,2.2953,20891.68,34404.145,1.8647,2.1814,1.39,28.2872,20.4923,2.9787,1.726,1.6319,0.0,1.8659,31919.2885,11204.054,9577.3795,526349.0674,184754.8505,17.73,14.51,1.373
603313,梦百合,家居用品,江苏,20161013,603313.SH,20190617,16.67,16.67,15.73,16.12,16.64,-0.52,-3.125,28052.14,45087.96,2.5037,2.929,2.32,27.6525,20.0325,2.9119,1.6873,1.5953,0.0,1.9088,31919.2885,11204.054,9577.3795,514538.9306,180609.3505,18.3,14.98,1.373
603313,梦百合,家居用品,江苏,20161013,603313.SH,20190614,16.82,16.88,16.47,16.64,16.79,-0.15,-0.8934,9733.9,16201.485,0.8688,1.0163,0.79,28.5445,20.6787,3.0058,1.7417,1.6467,0.0,1.8491,31919.2885,11204.054,9577.3795,531136.9606,186435.4586,18.47,15.11,1.373
603313,梦百合,家居用品,江苏,20161013,603313.SH,20190613,16.76,16.85,16.35,16.79,16.76,0.03,0.179,11067.8,18428.849,0.9878,1.1556,0.85,28.8018,20.8651,3.0329,1.7574,1.6616,0.0,1.8326,31919.2885,11204.054,9577.3795,535924.8539,188116.0667,18.44,15.08,1.373
603313,梦百合,家居用品,江苏,20161013,603313.SH,20190612,16.87,17.08,16.69,16.76,16.81,-0.05,-0.2974,11718.49,19755.279,1.0459,1.2236,0.67,28.7503,20.8278,3.0275,1.7543,1.6586,0.0,1.8359,31919.2885,11204.054,9577.3795,534967.2753,187779.945,18.49,15.13,1.373
603313,梦百合,家居用品,江苏,20161013,603313.SH,20190611,16.5,16.88,16.5,16.81,16.5,0.31,1.8788,14331.73,24008.205,1.2792,1.4964,0.82,28.8361,20.89,3.0365,1.7595,1.6636,0.0,1.8304,31919.2885,11204.054,9577.3795,536563.2397,188340.1477,18.15,14.85,1.373
603313,梦百合,家居用品,江苏,20161013,603313.SH,20190610,16.38,16.56,15.9,16.5,16.3,0.2,1.227,13538.85,22168.074,1.2084,1.4136,0.75,28.3043,20.5047,2.9805,1.7271,1.6329,0.0,1.8648,31919.2885,11204.054,9577.3795,526668.2603,184866.891,17.93,14.67,1.373
603313,梦百合,家居用品,江苏,20161013,603313.SH,20190606,16.3,16.5,16.07,16.3,16.3,0.0,0.0,11064.78,18036.709,0.9876,1.1553,0.58,27.9612,20.2562,2.9444,1.7061,1.6131,0.0,1.8877,31919.2885,11204.054,9577.3795,520284.4026,182626.0802,17.93,14.67,1.373
603313,梦百合,家居用品,江苏,20161013,603313.SH,20190605,16.17,16.45,16.13,16.3,16.34,-0.04,-0.2448,14752.11,24020.694,1.3167,1.5403,0.79,27.9612,20.2562,2.9444,1.7061,1.6131,0.0,1.8877,31919.2885,11204.054,9577.3795,520284.4026,182626.0802,17.97,14.71,1.373
603313,梦百合,家居用品,江苏,20161013,603313.SH,20190604,16.8,16.86,15.83,16.34,16.98,-0.64,-3.7691,34200.19,55188.406,3.0525,3.5709,2.23,28.0299,20.3059,2.9516,1.7103,1.6171,0.0,1.8831,31919.2885,11204.054,9577.3795,521561.1741,183074.2424,18.68,15.28,1.373
603313,梦百合,家居用品,江苏,20161013,603313.SH,20190603,16.86,17.34,16.71,16.98,16.98,0.0,0.0,13836.29,23530.987,1.6054,1.8781,0.72,29.1277,21.1012,3.0672,1.7773,1.6804,0.0,1.8121,31919.2885,8618.5031,7367.215,541989.5187,146342.1826,18.68,15.28,1.373
603313,梦百合,家居用品,江苏,20161013,603313.SH,20190531,22.4,22.86,22.3,22.47,22.48,-0.01,-0.0445,16194.35,36526.858,1.879,2.1982,0.83,29.6503,21.4798,2.9579,1.8092,1.7105,0.0,,24553.2989,8618.5031,7367.215,551712.6263,193657.7647,24.73,20.23,1.038
603313,梦百合,家居用品,江苏,20161013,603313.SH,20190530,22.75,22.86,22.22,22.48,22.55,-0.07,-0.3104,15931.38,35805.553,1.8485,2.1625,0.72,29.6635,21.4893,2.9592,1.81,1.7113,0.0,,24553.2989,8618.5031,7367.215,551958.1593,193743.9497,24.81,20.3,1.038
603313,梦百合,家居用品,江苏,20161013,603313.SH,20190529,22.48,22.74,22.4,22.55,22.7,-0.15,-0.6608,13053.13,29429.878,1.5145,1.7718,0.47,29.7558,21.5563,2.9684,1.8156,1.7166,0.0,,24553.2989,8618.5031,7367.215,553676.8902,194347.2449,24.97,20.43,1.038
603313,梦百合,家居用品,江苏,20161013,603313.SH,20190528,22.75,22.92,22.45,22.7,22.85,-0.15,-0.6565,17626.55,40026.579,2.0452,2.5241,0.66,29.9538,21.6996,2.9881,1.8277,1.728,0.0,,24553.2989,8618.5031,6983.4161,557359.885,195640.0204,25.14,20.57,1.038
603313,梦百合,家居用品,江苏,20161013,603313.SH,20190527,23.3,23.49,22.06,22.85,23.3,-0.45,-1.9313,33262.31,75236.596,4.0393,4.763,1.47,29.6804,21.5016,3.0811,1.811,1.7123,0.0,,24169.5,8234.7042,6983.4161,552273.075,188162.991,25.63,20.97,1.038
603313,梦百合,家居用品,江苏,20161013,603313.SH,20190524,23.8,24.0,23.08,23.3,24.14,-0.84,-3.4797,17178.5,40209.22,2.0861,2.4599,0.73,30.2649,21.925,3.1417,1.8467,1.746,0.0,,24169.5,8234.7042,6983.4161,563149.35,191868.6079,26.55,21.73,1.038
603313,梦百合,家居用品,江苏,20161013,603313.SH,20190523,24.75,24.75,23.51,24.14,25.08,-0.94,-3.748,29904.96,71227.18,3.6316,4.2823,1.46,31.356,22.7155,3.255,1.9133,1.8089,0.0,,24169.5,8234.7042,6983.4161,583451.73,198785.7594,27.59,22.57,1.038
603313,梦百合,家居用品,江苏,20161013,603313.SH,20190522,23.09,25.14,23.01,25.08,23.0,2.08,9.0435,39513.69,95884.705,4.7984,5.6582,2.35,32.577,23.6,3.3817,1.9878,1.8794,0.0,,24169.5,8234.7042,6983.4161,606171.06,206526.3813,25.3,20.7,1.038
603313,梦百合,家居用品,江苏,20161013,603313.SH,20190521,22.68,23.31,22.48,23.0,22.85,0.15,0.6565,12683.91,29109.113,1.5403,1.8163,0.75,29.8752,21.6427,3.1013,1.8229,1.7235,0.0,,24169.5,8234.7042,6983.4161,555898.5,189398.1966,25.14,20.57,1.038
603313,梦百合,家居用品,江苏,20161013,603313.SH,20190520,22.49,22.97,22.32,22.85,22.71,0.14,0.6165,14169.35,32235.529,1.7207,2.029,0.86,29.6804,21.5016,3.0811,1.811,1.7123,0.0,,24169.5,8234.7042,6983.4161,552273.075,188162.991,24.98,20.44,1.038
603313,梦百合,家居用品,江苏,20161013,603313.SH,20190517,23.88,23.88,22.22,22.71,23.9,-1.19,-4.9791,20837.38,47938.839,2.5304,2.9838,1.27,29.4985,21.3699,3.0622,1.7999,1.7018,0.0,,24169.5,8234.7042,6983.4161,548889.345,187010.1324,26.29,21.51,1.038
603313,梦百合,家居用品,江苏,20161013,603313.SH,20190516,23.77,24.09,23.1,23.9,23.78,0.12,0.5046,15246.45,36429.417,1.8515,2.1832,0.94,31.0442,22.4896,3.2226,1.8943,1.791,0.0,,24169.5,8234.7042,6983.4161,577651.05,196809.4304,26.16,21.4,1.038
603313,梦百合,家居用品,江苏,20161013,603313.SH,20190515,23.76,23.89,23.45,23.78,23.88,-0.1,-0.4188,20970.37,49653.709,2.5466,3.0029,1.34,30.8884,22.3767,3.2065,1.8848,1.782,0.0,,24169.5,8234.7042,6983.4161,574750.71,195821.2659,26.27,21.49,1.038
603313,梦百合,家居用品,江苏,20161013,603313.SH,20190514,23.88,24.24,23.67,23.88,23.93,-0.05,-0.2089,12966.49,31083.2,1.5746,1.8568,0.73,31.0183,22.4708,3.2199,1.8927,1.7895,0.0,,24169.5,8234.7042,6983.4161,577167.66,196644.7363,26.32,21.54,1.038
603313,梦百合,家居用品,江苏,20161013,603313.SH,20190513,24.2,24.38,23.6,23.93,24.14,-0.21,-0.8699,12404.67,29842.774,1.5064,1.7763,0.54,31.0832,22.5179,3.2267,1.8966,1.7932,0.0,,24169.5,8234.7042,6983.4161,578376.135,197056.4715,26.55,21.73,1.038
603313,梦百合,家居用品,江苏,20161013,603313.SH,20190510,23.69,24.4,23.31,24.14,23.61,0.53,2.2448,20333.1,48830.459,2.4692,2.9116,0.72,31.356,22.7155,3.255,1.9133,1.8089,0.0,,24169.5,8234.7042,6983.4161,583451.73,198785.7594,25.97,21.25,1.038
603313,梦百合,家居用品,江苏,20161013,603313.SH,20190509,23.66,24.05,23.3,23.61,23.6,0.01,0.0424,14462.88,34288.798,1.7563,2.071,0.46,30.6676,22.2167,3.1835,1.8713,1.7692,0.0,,24169.5,8234.7042,6983.4161,570641.895,194421.3662,25.96,21.24,1.038
603313,梦百合,家居用品,江苏,20161013,603313.SH,20190508,22.72,23.82,22.69,23.6,23.31,0.29,1.2441,18253.82,43006.104,2.2167,2.6139,0.57,30.6546,22.2073,3.1822,1.8705,1.7685,0.0,,24169.5,8234.7042,6983.4161,570400.2,194339.0191,25.64,20.98,1.038
603313,梦百合,家居用品,江苏,20161013,603313.SH,20190507,23.8,24.5,23.0,23.31,23.59,-0.28,-1.1869,23765.0,55962.876,2.886,3.4031,0.73,30.2779,21.9345,3.1431,1.8475,1.7467,0.0,,24169.5,8234.7042,6983.4161,563391.045,191950.9549,25.95,21.23,1.038
603313,梦百合,家居用品,江苏,20161013,603313.SH,20190506,23.5,25.18,22.89,23.59,24.29,-0.7,-2.8818,37315.48,89267.834,4.5315,5.3434,1.06,30.6416,22.1979,3.1808,1.8697,1.7677,0.0,,24169.5,8234.7042,6983.4161,570158.505,194256.6721,26.72,21.86,1.038
603313,梦百合,家居用品,江苏,20161013,603313.SH,20190430,26.07,26.11,24.13,24.29,26.66,-2.37,-8.8897,47722.98,118653.116,5.7953,6.8338,1.34,31.5508,22.8566,3.2752,1.9252,1.8202,0.0,,24169.5,8234.7042,6983.4161,587077.155,200020.965,29.33,23.99,1.038
603313,梦百合,家居用品,江苏,20161013,603313.SH,20190429,25.75,27.15,25.58,26.66,25.44,1.22,4.7956,29106.29,77642.44,3.5346,4.1679,0.88,34.6293,34.6293,3.7226,2.113,2.113,0.0,,24169.5,8234.7042,6983.4161,644358.87,219537.214,27.98,22.9,1.038
603313,梦百合,家居用品,江苏,20161013,603313.SH,20190426,26.04,26.58,25.01,25.44,25.76,-0.32,-1.2422,21280.96,55465.077,2.5843,3.0474,0.67,33.0446,33.0446,3.5522,2.0163,2.0163,0.0,,24169.5,8234.7042,6983.4161,614872.08,209490.8748,28.34,23.18,1.038
603313,梦百合,家居用品,江苏,20161013,603313.SH,20190425,26.02,26.74,25.5,25.76,26.06,-0.3,-1.1512,28048.81,73898.203,3.4062,4.0165,0.98,33.4602,33.4602,3.5969,2.0417,2.0417,0.0,,24169.5,8234.7042,6983.4161,622606.32,212125.9802,28.67,23.45,1.038
603313,梦百合,家居用品,江苏,20161013,603313.SH,20190424,25.3,26.61,23.8,26.06,24.95,1.11,4.4489,49833.53,124698.939,6.0516,7.136,2.33,33.8499,33.8499,3.6388,2.0655,2.0655,0.0,,24169.5,8234.7042,6983.4161,629857.17,214596.3915,27.45,22.46,1.038
603313,梦百合,家居用品,江苏,20161013,603313.SH,20190423,27.66,27.66,24.9,24.95,27.67,-2.72,-9.8301,49960.28,127815.53,6.067,7.1541,3.35,32.4081,32.4081,3.4838,1.9775,1.9775,0.0,,24169.5,8234.7042,6983.4161,603029.025,205455.8698,30.44,24.9,1.038
603313,梦百合,家居用品,江苏,20161013,603313.SH,20190422,28.21,28.6,27.21,27.67,28.16,-0.49,-1.7401,15823.81,43857.202,1.9216,2.2659,0.92,35.9412,35.9412,3.8636,2.1931,2.1931,0.0,,24169.5,8234.7042,6983.4161,668770.065,227854.2652,30.98,25.34,1.038
603313,梦百合,家居用品,江苏,20161013,603313.SH,20190419,27.48,28.35,27.47,28.16,27.35,0.81,2.9616,15980.0,44834.882,1.9406,2.2883,0.92,36.5777,36.5777,3.932,2.2319,2.2319,0.0,,24169.5,8234.7042,6983.4161,680613.12,231889.2703,30.09,24.62,1.038
603313,梦百合,家居用品,江苏,20161013,603313.SH,20190418,27.8,28.18,27.33,27.35,27.9,-0.55,-1.9713,11171.58,30891.369,1.3566,1.5997,0.53,35.5255,35.5255,3.8189,2.1677,2.1677,0.0,,24169.5,8234.7042,6983.4161,661035.825,225219.1599,30.69,25.11,1.038
603313,梦百合,家居用品,江苏,20161013,603313.SH,20190417,27.83,28.38,27.58,27.9,27.83,0.07,0.2515,13779.94,38582.97,1.6734,1.9732,0.56,36.2399,36.2399,3.8957,2.2113,2.2113,0.0,,24169.5,8234.7042,6983.4161,674329.05,229748.2472,30.61,25.05,1.038
603313,梦百合,家居用品,江苏,20161013,603313.SH,20190416,28.0,28.18,26.87,27.83,28.05,-0.22,-0.7843,17856.98,49038.488,2.1685,2.5571,0.62,36.149,36.149,3.8859,2.2057,2.2057,0.0,,24169.5,8234.7042,6983.4161,672637.185,229171.8179,30.86,25.25,1.038
603313,梦百合,家居用品,江苏,20161013,603313.SH,20190415,28.13,28.57,27.5,28.05,28.04,0.01,0.0357,27390.5,76733.702,3.3262,3.9222,0.73,36.4348,36.4348,3.9167,2.2232,2.2232,0.0,,24169.5,8234.7042,6983.4161,677954.475,230983.4528,30.84,25.24,1.038
603313,梦百合,家居用品,江苏,20161013,603313.SH,20190412,27.34,28.2,27.34,28.04,27.65,0.39,1.4105,16910.85,47324.922,2.0536,2.4216,0.44,36.4218,36.4218,3.9153,2.2224,2.2224,0.0,,24169.5,8234.7042,6983.4161,677712.78,230901.1058,30.42,24.89,1.038
603313,梦百合,家居用品,江苏,20161013,603313.SH,20190411,29.45,29.63,27.2,27.65,29.32,-1.67,-5.6958,30283.43,85213.651,3.6775,4.3365,0.77,35.9152,35.9152,3.8608,2.1915,2.1915,0.0,,24169.5,8234.7042,6983.4161,668286.675,227689.5711,32.25,26.39,1.038
603313,梦百合,家居用品,江苏,20161013,603313.SH,20190410,28.85,29.7,28.01,29.32,28.9,0.42,1.4533,31693.26,91605.112,3.8487,4.5384,0.72,38.0844,38.0844,4.094,2.3238,2.3238,0.0,,24169.5,8234.7042,6983.4161,708649.74,241441.5271,31.79,26.01,1.038
603313,梦百合,家居用品,江苏,20161013,603313.SH,20190409,27.74,29.27,27.61,28.9,28.64,0.26,0.9078,37842.99,108996.485,4.5955,5.419,0.76,37.5389,37.5389,4.0353,2.2906,2.2906,0.0,,24169.5,8234.7042,6983.4161,698498.55,237982.9514,31.5,25.78,1.038
603313,梦百合,家居用品,江苏,20161013,603313.SH,20190408,31.85,31.85,28.64,28.64,31.82,-3.18,-9.9937,72148.66,211909.13,8.7615,10.3314,1.82,37.2011,37.2011,3.999,2.2699,2.2699,0.0,,24169.5,8234.7042,6983.4161,692214.48,235841.9283,35.0,28.64,1.038
603313,梦百合,家居用品,江苏,20161013,603313.SH,20190404,31.99,32.11,31.36,31.82,31.8,0.02,0.0629,21759.38,68994.989,2.6424,3.1159,0.55,41.3317,41.3317,4.4431,2.522,2.522,0.0,,24169.5,8234.7042,6983.4161,769073.49,262028.2876,34.98,28.62,1.038
603313,梦百合,家居用品,江苏,20161013,603313.SH,20190403,31.7,32.62,31.32,31.8,32.11,-0.31,-0.9654,32429.39,103279.981,3.9381,4.6438,0.82,41.3057,41.3057,4.4403,2.5204,2.5204,0.0,,24169.5,8234.7042,6983.4161,768590.1,261863.5936,35.32,28.9,1.038
603313,梦百合,家居用品,江苏,20161013,603313.SH,20190402,32.8,32.97,31.26,32.11,32.12,-0.01,-0.0311,55534.67,176743.345,6.744,7.9524,1.7,41.7084,41.7084,4.4836,2.545,2.545,0.0,,24169.5,8234.7042,6983.4161,776082.645,264416.3519,35.33,28.91,1.038
603313,梦百合,家居用品,江苏,20161013,603313.SH,20190401,31.0,32.12,31.0,32.12,29.2,2.92,10.0,67304.93,215328.814,8.1733,9.6378,2.79,41.7214,41.7214,4.485,2.5458,2.5458,0.0,,24169.5,8234.7042,6983.4161,776324.34,264498.6989,32.12,26.28,1.038
603313,梦百合,家居用品,江苏,20161013,603313.SH,20190329,28.49,29.23,27.91,29.2,28.23,0.97,3.4361,21377.56,61380.107,2.596,3.0385,0.96,45.2843,58.1878,4.267,3.0176,2.5349,0.0,,24169.5,8234.7042,7035.5361,705749.4,240453.3626,31.05,25.41,1.038
603313,梦百合,家居用品,江苏,20161013,603313.SH,20190328,28.09,28.59,27.58,28.23,27.8,0.43,1.5468,20161.68,56643.183,2.4484,2.8657,0.91,43.78,56.2549,4.1253,2.9173,2.4507,0.0,,24169.5,8234.7042,7035.5361,682304.985,232465.6996,30.58,25.02,1.038
603313,梦百合,家居用品,江苏,20161013,603313.SH,20190327,28.6,28.6,26.95,27.8,28.58,-0.78,-2.7292,32700.61,90190.463,3.9711,4.6479,1.67,43.1131,55.398,4.0625,2.8729,2.4133,0.0,,24169.5,8234.7042,7035.5361,671912.1,228924.7768,31.44,25.72,1.038
603313,梦百合,家居用品,江苏,20161013,603313.SH,20190326,28.7,29.61,28.1,28.58,28.92,-0.34,-1.1757,21732.97,63081.829,2.6392,3.089,1.12,44.3228,56.9523,4.1764,2.9535,2.4811,0.0,,24169.5,8234.7042,7035.5361,690764.31,235347.846,31.81,26.03,1.038
603313,梦百合,家居用品,江苏,20161013,603313.SH,20190325,27.63,29.15,27.61,28.92,28.08,0.84,2.9915,24727.62,71113.324,3.0029,3.5147,1.17,44.8501,57.6299,4.2261,2.9886,2.5106,0.0,,24169.5,8234.7042,7035.5361,698981.94,238147.6455,30.89,25.27,1.038
603313,梦百合,家居用品,江苏,20161013,603313.SH,20190322,27.43,28.08,27.34,28.08,27.81,0.27,0.9709,12595.18,34950.21,1.5295,1.7902,0.52,43.5474,55.956,4.1034,2.9018,2.4376,0.0,,24169.5,8234.7042,7035.5361,678679.56,231230.4939,30.59,25.03,1.038
603313,梦百合,家居用品,江苏,20161013,603313.SH,20190321,26.8,28.25,26.8,27.81,27.2,0.61,2.2426,18425.51,51188.444,2.2375,2.6189,0.69,43.1286,55.4179,4.0639,2.8739,2.4142,0.0,,24169.5,8234.7042,7035.5361,672153.795,229007.1238,29.92,24.48,1.038
603313,梦百合,家居用品,江苏,20161013,603313.SH,20190320,27.18,27.21,26.36,27.2,27.18,0.02,0.0736,20638.53,55466.921,2.5063,2.9335,0.66,42.1826,54.2024,3.9748,2.8109,2.3613,0.0,,24169.5,8234.7042,7035.5361,657410.4,223983.9542,29.9,24.46,1.038
603313,梦百合,家居用品,江苏,20161013,603313.SH,20190319,27.51,27.51,26.63,27.18,27.07,0.11,0.4064,21065.14,57083.409,2.5581,2.9941,0.65,42.1516,54.1625,3.9719,2.8088,2.3595,0.0,,24169.5,8234.7042,7035.5361,656927.01,223819.2602,29.78,24.36,1.038
603313,梦百合,家居用品,江苏,20161013,603313.SH,20190318,26.01,28.0,25.73,27.07,26.14,0.93,3.5578,32907.01,89536.801,3.9961,4.6773,1.06,41.981,53.9433,3.9558,2.7974,2.35,0.0,,24169.5,8234.7042,7035.5361,654268.365,222913.4427,28.75,23.53,1.038
603313,梦百合,家居用品,江苏,20161013,603313.SH,20190315,25.5,26.38,25.2,26.14,25.85,0.29,1.1219,27485.3,70955.919,3.3377,3.9066,0.88,40.5388,52.0901,3.8199,2.7013,2.2692,0.0,,24169.5,8234.7042,7035.5361,631790.73,215255.1678,28.44,23.27,1.038
603313,梦百合,家居用品,江苏,20161013,603313.SH,20190314,25.0,26.05,24.03,25.85,25.25,0.6,2.3762,31801.39,79976.526,3.8619,4.5201,1.05,40.089,51.5122,3.7775,2.6714,2.2441,0.0,,24169.5,8234.7042,7035.5361,624781.575,212867.1036,27.78,22.73,1.038
603313,梦百合,家居用品,江苏,20161013,603313.SH,20190313,24.29,26.05,23.85,25.25,24.22,1.03,4.2527,42858.24,107916.472,5.2046,6.0917,1.56,39.1585,50.3165,3.6898,2.6094,2.192,0.0,,24169.5,8234.7042,7035.5361,610279.875,207926.2811,26.64,21.8,1.038
603313,梦百合,家居用品,江苏,20161013,603313.SH,20190312,23.96,24.81,23.67,24.22,23.85,0.37,1.5514,27927.38,67970.073,3.3914,3.9695,0.94,37.5612,48.264,3.5393,2.5029,2.1026,0.0,,24169.5,8234.7042,7035.5361,585385.29,199444.5357,26.24,21.47,1.038
603313,梦百合,家居用品,江苏,20161013,603313.SH,20190311,22.35,23.95,22.35,23.85,22.2,1.65,7.4324,25585.39,59837.087,3.107,3.6366,0.79,36.9873,47.5267,3.4852,2.4647,2.0704,0.0,,24169.5,8234.7042,7035.5361,576442.575,196397.6952,24.42,19.98,1.038
603313,梦百合,家居用品,江苏,20161013,603313.SH,20190308,23.28,23.45,22.1,22.2,23.5,-1.3,-5.5319,27719.72,63726.462,3.3662,3.94,0.92,34.4285,44.2387,3.2441,2.2942,1.9272,0.0,,24169.5,8234.7042,7035.5361,536562.9,182810.4332,25.85,21.15,1.038
603313,梦百合,家居用品,江苏,20161013,603313.SH,20190307,23.13,23.7,23.06,23.5,23.12,0.38,1.6436,27245.26,63706.193,3.3086,3.8725,0.99,36.4446,46.8293,3.4341,2.4285,2.0401,0.0,,24169.5,8234.7042,7035.5361,567983.25,193515.5487,25.43,20.81,1.038
603313,梦百合,家居用品,江苏,20161013,603313.SH,20190306,23.43,23.45,22.69,23.12,23.2,-0.08,-0.3448,29265.16,67225.343,3.5539,4.1596,1.2,35.8552,46.072,3.3786,2.3893,2.0071,0.0,,24169.5,8234.7042,7035.5361,558798.84,190386.3611,25.52,20.88,1.038
603313,梦百合,家居用品,江苏,20161013,603313.SH,20190305,23.1,23.65,22.86,23.2,22.98,0.22,0.9574,39158.62,91014.653,4.7553,5.5658,1.87,35.9793,46.2314,3.3902,2.3975,2.014,0.0,,24169.5,8234.7042,7035.5361,560732.4,191045.1374,25.28,20.68,1.038
603313,梦百合,家居用品,江苏,20161013,603313.SH,20190304,23.78,24.06,22.6,22.98,23.77,-0.79,-3.3235,39001.71,91375.786,4.7363,5.5435,1.97,35.6381,45.793,3.3581,2.3748,1.9949,0.0,,24169.5,8234.7042,7035.5361,555415.11,189233.5025,26.15,21.39,1.038
603313,梦百合,家居用品,江苏,20161013,603313.SH,20190301,23.33,23.79,23.33,23.77,23.26,0.51,2.1926,15398.55,36330.974,1.87,2.1887,0.72,36.8633,47.3673,3.4735,2.4564,2.0635,0.0,,24169.5,8234.7042,7035.5361,574509.015,195738.9188,25.59,20.93,1.038
603313,梦百合,家居用品,江苏,20161013,603313.SH,20190228,23.2,23.8,23.07,23.26,23.65,-0.39,-1.649,15250.0,35529.936,1.8519,2.1676,0.74,36.0724,46.351,3.399,2.4037,2.0192,0.0,,24169.5,8234.7042,7035.5361,562182.57,191539.2197,26.02,21.29,1.038
603313,梦百合,家居用品,江苏,20161013,603313.SH,20190227,23.94,24.25,23.33,23.65,23.95,-0.3,-1.2526,13151.86,31343.566,1.5971,1.8693,0.65,36.6772,47.1282,3.456,2.444,2.0531,0.0,,24169.5,8234.7042,7035.5361,571608.675,194750.7543,26.35,21.56,1.038
603313,梦百合,家居用品,江苏,20161013,603313.SH,20190226,24.21,24.39,23.8,23.95,24.26,-0.31,-1.2778,21752.05,52465.065,2.6415,3.0917,1.14,37.1424,47.726,3.4998,2.475,2.0791,0.0,,24169.5,8234.7042,7035.5361,578859.525,197221.1656,26.69,21.83,1.038
603313,梦百合,家居用品,江苏,20161013,603313.SH,20190225,23.55,24.46,23.2,24.26,23.19,1.07,4.6141,33333.47,79990.94,4.0479,4.7379,2.09,37.6232,48.3437,3.5451,2.5071,2.106,0.0,,24169.5,8234.7042,7035.5361,586352.07,199773.9239,25.51,20.87,1.038
603313,梦百合,家居用品,江苏,20161013,603313.SH,20190222,22.6,23.48,22.22,23.19,22.46,0.73,3.2502,22916.08,52679.105,2.7829,3.2572,1.74,35.9638,46.2115,3.3888,2.3965,2.0131,0.0,,24169.5,8234.7042,7035.5361,560490.705,190962.7904,24.71,20.21,1.038
603313,梦百合,家居用品,江苏,20161013,603313.SH,20190221,22.46,22.77,22.13,22.46,22.43,0.03,0.1337,12469.6,27921.16,1.5143,1.7724,1.02,34.5874,44.4429,3.2913,2.3048,1.9361,0.0,,24000.0,8234.7042,7035.5361,539040.0,184951.4563,24.67,20.19,1.038
603313,梦百合,家居用品,江苏,20161013,603313.SH,20190220,22.28,22.48,22.05,22.43,22.43,0.0,0.0,10794.2,24051.961,1.3108,1.5342,0.84,34.5412,44.3836,3.2869,2.3017,1.9335,0.0,,24000.0,8234.7042,7035.5361,538320.0,184704.4152,24.67,20.19,1.038
603313,梦百合,家居用品,江苏,20161013,603313.SH,20190219,22.35,22.84,21.94,22.43,22.51,-0.08,-0.3554,16015.85,35771.413,1.9449,2.2764,1.2,34.5412,44.3836,3.2869,2.3017,1.9335,0.0,,24000.0,8234.7042,7035.5361,538320.0,184704.4152,24.76,20.26,1.038
603313,梦百合,家居用品,江苏,20161013,603313.SH,20190218,22.23,22.51,21.9,22.51,22.23,0.28,1.2596,17405.85,38720.25,2.1137,2.474,1.5,34.6644,44.5419,3.2986,2.3099,1.9404,0.0,,24000.0,8234.7042,7035.5361,540240.0,185363.1915,24.45,20.01,1.038
603313,梦百合,家居用品,江苏,20161013,603313.SH,20190215,22.51,22.59,22.08,22.23,22.51,-0.28,-1.2439,9051.99,20158.236,1.0992,1.2866,0.77,34.2332,43.9878,3.2576,2.2812,1.9163,0.0,,24000.0,8234.7042,7035.5361,533520.0,183057.4744,24.76,20.26,1.038
603313,梦百合,家居用品,江苏,20161013,603313.SH,20190214,22.53,22.65,22.33,22.51,22.52,-0.01,-0.0444,7593.6,17096.505,0.9221,1.0793,0.63,34.6644,44.5419,3.2986,2.3099,1.9404,0.0,,24000.0,8234.7042,7035.5361,540240.0,185363.1915,24.77,20.27,1.038
603313,梦百合,家居用品,江苏,20161013,603313.SH,20190213,22.55,22.82,22.29,22.52,22.51,0.01,0.0444,14308.25,32202.032,1.7376,2.0337,1.29,34.6798,44.5617,3.3001,2.3109,1.9413,0.0,,24000.0,8234.7042,7035.5361,540480.0,185445.5386,24.76,20.26,1.038
603313,梦百合,家居用品,江苏,20161013,603313.SH,20190212,21.91,22.85,21.91,22.51,22.14,0.37,1.6712,18636.2,41841.165,2.2631,2.6489,1.94,34.6644,44.5419,3.2986,2.3099,1.9404,0.0,,24000.0,8234.7042,7035.5361,540240.0,185363.1915,24.35,19.93,1.038
603313,梦百合,家居用品,江苏,20161013,603313.SH,20190211,21.72,22.28,21.46,22.14,21.71,0.43,1.9807,8557.16,18846.029,1.0392,1.2163,0.84,34.0946,43.8097,3.2444,2.2719,1.9085,0.0,,24000.0,8234.7042,7035.5361,531360.0,182316.351,23.88,19.54,1.038
603313,梦百合,家居用品,江苏,20161013,603313.SH,20190201,21.14,21.8,21.0,21.71,21.07,0.64,3.0375,9921.56,21363.387,1.2048,1.4102,0.98,33.4325,42.9589,3.1814,2.2278,1.8714,0.0,,24000.0,8234.7042,7035.5361,521040.0,178775.4282,23.18,18.96,1.038
603313,梦百合,家居用品,江苏,20161013,603313.SH,20190131,20.92,21.39,20.78,21.07,21.13,-0.06,-0.284,9050.73,19093.513,1.0991,1.2864,0.9,32.4469,41.6925,3.0876,2.1621,1.8163,0.0,,24000.0,8234.7042,7035.5361,505680.0,173505.2175,23.24,19.02,1.038
603313,梦百合,家居用品,江苏,20161013,603313.SH,20190130,21.3,21.4,20.76,21.13,21.45,-0.32,-1.4918,9360.0,19729.396,1.1367,1.3304,0.84,32.5393,41.8112,3.0964,2.1683,1.8214,0.0,,24000.0,8234.7042,7035.5361,507120.0,173999.2997,23.6,19.31,1.038
603313,梦百合,家居用品,江苏,20161013,603313.SH,20190129,21.27,21.71,20.74,21.45,21.7,-0.25,-1.1521,11034.18,23481.065,1.34,1.5683,1.04,33.0321,42.4444,3.1433,2.2011,1.849,0.0,,24000.0,8234.7042,7035.5361,514800.0,176634.4051,23.87,19.53,1.038
603313,梦百合,家居用品,江苏,20161013,603313.SH,20190128,22.15,22.15,21.31,21.7,21.95,-0.25,-1.139,11634.75,25187.828,1.4129,1.6537,1.11,33.4171,42.9391,3.1799,2.2268,1.8706,0.0,,24000.0,8234.7042,7035.5361,520800.0,178693.0811,24.15,19.76,1.038
603313,梦百合,家居用品,江苏,20161013,603313.SH,20190125,21.83,22.08,21.62,21.95,21.84,0.11,0.5037,9735.0,21247.902,1.1822,1.3837,0.93,33.802,43.4338,3.2166,2.2524,1.8921,0.0,,24000.0,8234.7042,7035.5361,526800.0,180751.7572,24.02,19.66,1.038
603313,梦百合,家居用品,江苏,20161013,603313.SH,20190124,22.11,22.25,21.7,21.84,22.15,-0.31,-1.3995,8275.62,18138.406,1.005,1.1763,0.77,33.6326,43.2161,3.2005,2.2411,1.8827,0.0,,24000.0,8234.7042,7035.5361,524160.0,179845.9397,24.37,19.94,1.038
603313,梦百合,家居用品,江苏,20161013,603313.SH,20190123,21.2,22.33,21.06,22.15,21.22,0.93,4.3827,15199.78,33327.949,1.8458,2.1604,1.62,34.11,43.8295,3.2459,2.273,1.9094,0.0,,24000.0,8234.7042,7035.5361,531600.0,182398.698,23.34,19.1,1.038
603313,梦百合,家居用品,江苏,20161013,603313.SH,20190122,21.8,22.0,21.2,21.22,21.85,-0.63,-2.8833,8382.78,18073.839,1.018,1.1915,0.88,32.6779,41.9893,3.1096,2.1775,1.8292,0.0,,24000.0,8234.7042,7035.5361,509280.0,174740.4231,24.04,19.67,1.038
603313,梦百合,家居用品,江苏,20161013,603313.SH,20190121,21.56,22.0,21.01,21.85,21.67,0.18,0.8306,10617.17,22985.551,1.2893,1.5091,1.16,33.648,43.2359,3.2019,2.2422,1.8835,0.0,,24000.0,8234.7042,7035.5361,524400.0,179928.2868,23.84,19.5,1.038
603313,梦百合,家居用品,江苏,20161013,603313.SH,20190118,21.5,21.85,21.44,21.67,21.88,-0.21,-0.9598,9709.44,20965.984,1.1791,1.3801,1.11,33.3709,42.8797,3.1755,2.2237,1.868,0.0,,24000.0,8234.7042,7035.5361,520080.0,178446.04,24.07,19.69,1.038
603313,梦百合,家居用品,江苏,20161013,603313.SH,20190117,21.66,21.98,21.41,21.88,21.74,0.14,0.644,10094.0,21878.977,1.2258,1.4347,1.21,33.6942,43.2953,3.2063,2.2453,1.8861,0.0,,24000.0,8234.7042,7035.5361,525120.0,180175.3279,23.91,19.57,1.038
603313,梦百合,家居用品,江苏,20161013,603313.SH,20190116,22.24,22.24,21.63,21.74,22.02,-0.28,-1.2716,8149.41,17738.409,0.9896,1.1583,0.84,33.4787,43.0182,3.1858,2.2309,1.874,0.0,,24000.0,8234.7042,7035.5361,521760.0,179022.4693,24.22,19.82,1.038
603313,梦百合,家居用品,江苏,20161013,603313.SH,20190115,22.07,22.25,21.55,22.02,22.0,0.02,0.0909,9219.41,20121.6,1.1196,1.3104,0.91,33.9098,43.5723,3.2268,2.2596,1.8982,0.0,,24000.0,8234.7042,7035.5361,528480.0,181328.1865,24.2,19.8,1.038
603313,梦百合,家居用品,江苏,20161013,603313.SH,20190114,22.2,22.65,21.9,22.0,22.06,-0.06,-0.272,8710.58,19344.033,1.0578,1.2381,0.77,33.879,43.5327,3.2239,2.2576,1.8964,0.0,,24000.0,8234.7042,7035.5361,528000.0,181163.4924,24.27,19.85,1.038
603313,梦百合,家居用品,江苏,20161013,603313.SH,20190111,22.12,22.36,21.8,22.06,22.36,-0.3,-1.3417,7467.16,16441.68,0.9068,1.0613,0.57,33.9714,43.6514,3.2327,2.2637,1.9016,0.0,,24000.0,8234.7042,7035.5361,529440.0,181657.5747,24.6,20.12,1.038
603313,梦百合,家居用品,江苏,20161013,603313.SH,20190110,22.28,22.7,22.19,22.36,22.2,0.16,0.7207,8083.0,18114.172,0.9816,1.1489,0.53,34.4334,44.2451,3.2767,2.2945,1.9275,0.0,,24000.0,8234.7042,7035.5361,536640.0,184127.9859,24.42,19.98,1.038
603313,梦百合,家居用品,江苏,20161013,603313.SH,20190109,21.73,22.77,21.73,22.2,21.95,0.25,1.139,15176.8,33961.047,1.843,2.1572,0.93,34.187,43.9285,3.2532,2.2781,1.9137,0.0,,24000.0,8234.7042,7035.5361,532800.0,182810.4332,24.15,19.76,1.038
603313,梦百合,家居用品,江苏,20161013,603313.SH,20190108,21.86,22.24,21.73,21.95,22.04,-0.09,-0.4083,11220.81,24641.708,1.3626,1.5949,0.66,33.802,43.4338,3.2166,2.2524,1.8921,0.0,,24000.0,8234.7042,7035.5361,526800.0,180751.7572,24.24,19.84,1.038
603313,梦百合,家居用品,江苏,20161013,603313.SH,20190107,21.89,22.06,21.6,22.04,21.81,0.23,1.0546,14680.06,32162.923,1.7827,2.0866,0.87,33.9406,43.6119,3.2298,2.2617,1.8999,0.0,,24000.0,8234.7042,7035.5361,528960.0,181492.8806,23.99,19.63,1.038
603313,梦百合,家居用品,江苏,20161013,603313.SH,20190104,21.49,22.1,21.36,21.81,21.8,0.01,0.0459,15882.08,34481.81,1.9287,2.2574,0.96,33.5864,43.1567,3.1961,2.2381,1.8801,0.0,,24000.0,8234.7042,7035.5361,523440.0,179598.8986,23.98,19.62,1.038
603313,梦百合,家居用品,江苏,20161013,603313.SH,20190103,21.99,22.0,21.33,21.8,22.0,-0.2,-0.9091,18735.95,40464.55,2.2752,2.663,1.04,33.571,43.137,3.1946,2.237,1.8792,0.0,,24000.0,8234.7042,7035.5361,523200.0,179516.5516,24.2,19.8,1.038
603313,梦百合,家居用品,江苏,20161013,603313.SH,20190102,21.15,22.14,20.9,22.0,21.01,0.99,4.712,21013.04,45642.791,2.5518,2.9867,1.08,33.879,43.5327,3.2239,2.2576,1.8964,0.0,,24000.0,8234.7042,7035.5361,528000.0,181163.4924,23.11,18.91,1.038
603313,梦百合,家居用品,江苏,20161013,603313.SH,20181228,20.75,21.4,20.55,21.01,20.7,0.31,1.4976,14267.8,30060.988,1.7326,2.028,0.69,32.3545,41.5737,3.0788,2.156,1.8111,5.7116,,24000.0,8234.7042,7035.5361,504240.0,173011.1352,22.77,18.63,1.038
603313,梦百合,家居用品,江苏,20161013,603313.SH,20181227,21.47,21.48,20.63,20.7,21.11,-0.41,-1.9422,14894.22,31184.034,1.8087,2.117,0.78,31.8771,40.9603,3.0334,2.1242,1.7844,5.7971,,24000.0,8234.7042,7035.5361,496800.0,170458.3769,23.22,19.0,1.038
603313,梦百合,家居用品,江苏,20161013,603313.SH,20181226,20.99,21.42,20.8,21.11,21.07,0.04,0.1898,14098.5,29725.344,1.7121,2.0039,0.78,32.5085,41.7716,3.0935,2.1662,1.8197,5.6845,,24000.0,8234.7042,7035.5361,506640.0,173834.6057,23.18,18.96,1.038
603313,梦百合,家居用品,江苏,20161013,603313.SH,20181225,20.4,21.2,20.4,21.07,20.71,0.36,1.7383,25730.03,53611.737,3.1246,3.6572,1.7,32.4469,41.6925,3.0876,2.1621,1.8163,5.6953,,24000.0,8234.7042,7035.5361,505680.0,173505.2175,22.78,18.64,1.038
603313,梦百合,家居用品,江苏,20161013,603313.SH,20181224,19.72,20.88,19.72,20.71,19.71,1.0,5.0736,28269.96,57568.247,3.433,4.0182,2.69,31.8925,40.9801,3.0349,2.1252,1.7852,5.7943,,24000.0,8234.7042,7035.5361,497040.0,170540.724,21.68,17.74,1.038
603313,梦百合,家居用品,江苏,20161013,603313.SH,20181221,19.63,20.29,19.51,19.71,19.02,0.69,3.6278,20174.73,40017.607,2.45,2.8675,2.63,30.3525,39.0013,2.8883,2.0226,1.699,6.0883,,24000.0,8234.7042,7035.5361,473040.0,162306.0198,20.92,17.12,1.038
603313,梦百合,家居用品,江苏,20161013,603313.SH,20181220,19.02,19.35,18.9,19.02,19.19,-0.17,-0.8859,7212.82,13775.233,0.8759,1.0252,0.91,29.29,37.636,2.7872,1.9518,1.6396,6.3091,,24000.0,8234.7042,7035.5361,456480.0,156624.0739,21.11,17.27,1.038
603313,梦百合,家居用品,江苏,20161013,603313.SH,20181219,19.03,19.5,18.84,19.19,18.82,0.37,1.966,9335.0,18026.344,1.1336,1.3268,1.19,29.5518,37.9724,2.8121,1.9692,1.6542,6.2533,,24000.0,8234.7042,7035.5361,460560.0,158023.9736,20.7,16.94,1.038
603313,梦百合,家居用品,江苏,20161013,603313.SH,20181218,19.67,19.67,18.53,18.82,19.39,-0.57,-2.9397,10535.24,20111.353,1.2794,1.4974,1.43,28.982,37.2403,2.7579,1.9312,1.6223,6.3762,,24000.0,8234.7042,7035.5361,451680.0,154977.133,21.33,17.45,1.038
603313,梦百合,家居用品,江苏,20161013,603313.SH,20181217,19.25,19.59,19.15,19.39,19.25,0.14,0.7273,5328.8,10339.101,0.6471,0.7574,0.69,29.8598,38.3681,2.8414,1.9897,1.6715,6.1888,,24000.0,8234.7042,7035.5361,465360.0,159670.9144,21.18,17.33,1.038
603313,梦百合,家居用品,江苏,20161013,603313.SH,20181214,19.5,19.7,19.22,19.25,19.53,-0.28,-1.4337,6007.23,11723.798,0.7295,0.8538,0.79,29.6442,38.0911,2.8209,1.9754,1.6594,6.2338,,24000.0,8234.7042,7035.5361,462000.0,158518.0559,21.48,17.58,1.038
603313,梦百合,家居用品,江苏,20161013,603313.SH,20181213,19.2,19.68,19.15,19.53,19.12,0.41,2.1444,8241.0,16036.245,1.0008,1.1713,1.16,30.0753,38.6452,2.8619,2.0041,1.6835,6.1444,,24000.0,8234.7042,7035.5361,468720.0,160823.773,21.03,17.21,1.038
603313,梦百合,家居用品,江苏,20161013,603313.SH,20181212,19.61,19.77,19.03,19.12,19.58,-0.46,-2.3493,9139.23,17578.243,1.1098,1.299,1.28,29.444,37.8339,2.8019,1.962,1.6482,6.2762,,24000.0,8234.7042,7035.5361,458880.0,157447.5443,21.54,17.62,1.038
603313,梦百合,家居用品,江苏,20161013,603313.SH,20181211,20.18,20.45,19.56,19.58,20.05,-0.47,-2.3441,8002.0,15754.364,0.9717,1.1374,1.12,30.1523,38.7441,2.8693,2.0092,1.6878,6.1287,,24000.0,8234.7042,7035.5361,469920.0,161235.5082,22.06,18.05,1.038
603313,梦百合,家居用品,江苏,20161013,603313.SH,20181210,19.7,20.09,19.53,20.05,19.75,0.3,1.519,7337.0,14573.669,0.891,1.0428,0.69,30.8761,39.6741,2.9381,2.0575,1.7284,5.985,,24000.0,8234.7042,7035.5361,481200.0,165105.8192,21.73,17.78,1.038
603313,梦百合,家居用品,江苏,20161013,603313.SH,20181207,19.51,19.94,19.51,19.75,19.57,0.18,0.9198,5299.06,10490.485,0.6435,0.7532,0.47,30.4141,39.0805,2.8942,2.0267,1.7025,6.0759,,24000.0,8234.7042,7035.5361,474000.0,162635.408,21.53,17.61,1.038
603313,梦百合,家居用品,江苏,20161013,603313.SH,20181206,19.71,20.13,19.51,19.57,19.91,-0.34,-1.7077,5622.0,11093.092,0.6827,0.7991,0.46,30.1369,38.7243,2.8678,2.0082,1.687,6.1318,,24000.0,8234.7042,7035.5361,469680.0,161153.1612,21.9,17.92,1.038
603313,梦百合,家居用品,江苏,20161013,603313.SH,20181205,19.91,20.17,19.65,19.91,20.22,-0.31,-1.5331,9565.52,19027.342,1.1616,1.3596,0.7,30.6605,39.3971,2.9176,2.0431,1.7163,6.0271,,24000.0,8234.7042,7035.5361,477840.0,163952.9606,22.24,18.2,1.038
603313,梦百合,家居用品,江苏,20161013,603313.SH,20181204,20.15,20.47,20.02,20.22,20.15,0.07,0.3474,7993.12,16180.799,0.9707,1.1361,0.57,31.1379,40.0105,2.9631,2.0749,1.743,5.9347,,24000.0,8234.7042,7035.5361,485280.0,166505.7189,22.17,18.14,1.038
603313,梦百合,家居用品,江苏,20161013,603313.SH,20181203,20.58,20.86,20.06,20.15,19.98,0.17,0.8509,24655.9,50336.869,2.9941,3.5045,2.32,31.0301,39.872,2.9528,2.0677,1.737,5.9553,,24000.0,8234.7042,7035.5361,483600.0,165929.2896,21.98,17.98,1.038
603313,梦百合,家居用品,江苏,20161013,603313.SH,20181130,19.65,20.18,19.55,19.98,19.73,0.25,1.2671,9067.36,18108.06,1.1011,1.2888,0.82,30.7683,39.5356,2.9279,2.0503,1.7223,6.006,,24000.0,8234.7042,7035.5361,479520.0,164529.3899,21.7,17.76,1.038
603313,梦百合,家居用品,江苏,20161013,603313.SH,20181129,20.0,20.55,19.68,19.73,20.1,-0.37,-1.8408,10409.0,21007.667,1.264,1.4795,0.98,30.3833,39.0409,2.8912,2.0246,1.7008,6.0821,,24000.0,8234.7042,7035.5361,473520.0,162470.7139,22.11,18.09,1.038
603313,梦百合,家居用品,江苏,20161013,603313.SH,20181128,19.2,20.15,19.2,20.1,19.63,0.47,2.3943,16052.11,31538.362,1.9493,2.2816,1.83,30.9531,39.7731,2.9455,2.0626,1.7327,5.9701,,24000.0,8234.7042,7035.5361,482400.0,165517.5544,21.59,17.67,1.038
603313,梦百合,家居用品,江苏,20161013,603313.SH,20181127,19.19,19.66,19.19,19.63,19.12,0.51,2.6674,10258.05,19999.431,1.2457,1.458,1.18,30.2293,38.843,2.8766,2.0144,1.6921,6.1131,,24000.0,8234.7042,7035.5361,471120.0,161647.2434,21.03,17.21,1.038
603313,梦百合,家居用品,江苏,20161013,603313.SH,20181126,19.63,19.78,19.12,19.12,19.74,-0.62,-3.1408,7371.0,14329.838,0.8951,1.0477,0.73,29.444,37.8339,2.8019,1.962,1.6482,6.2762,,24000.0,8234.7042,7035.5361,458880.0,157447.5443,21.71,17.77,1.038
603313,梦百合,家居用品,江苏,20161013,603313.SH,20181123,19.66,20.28,19.3,19.74,20.08,-0.34,-1.6932,11119.08,21955.402,1.3503,1.5804,0.83,30.3987,39.0607,2.8927,2.0257,1.7016,6.079,,24000.0,8234.7042,7035.5361,473760.0,162553.0609,22.09,18.07,1.038
603313,梦百合,家居用品,江苏,20161013,603313.SH,20181122,20.25,20.76,19.89,20.08,20.32,-0.24,-1.1811,8437.45,17125.009,1.0246,1.1993,0.59,30.9223,39.7335,2.9425,2.0605,1.7309,5.9761,,24000.0,8234.7042,7035.5361,481920.0,165352.8603,22.35,18.29,1.038
603313,梦百合,家居用品,江苏,20161013,603313.SH,20181121,20.36,20.41,19.95,20.32,20.51,-0.19,-0.9264,6771.06,13711.506,0.8223,0.9624,0.46,31.2919,40.2084,2.9777,2.0852,1.7516,5.9055,,24000.0,8234.7042,7035.5361,487680.0,167329.1893,22.56,18.46,1.038
603313,梦百合,家居用品,江苏,20161013,603313.SH,20181120,20.87,20.95,20.46,20.51,21.06,-0.55,-2.6116,9948.0,20554.121,1.2081,1.414,0.59,31.5845,40.5844,3.0056,2.1047,1.768,5.8508,,24000.0,8234.7042,7035.5361,492240.0,168893.7831,23.17,18.95,1.038
603313,梦百合,家居用品,江苏,20161013,603313.SH,20181119,20.98,21.3,20.7,21.06,21.32,-0.26,-1.2195,14024.73,29410.029,1.7031,1.9893,0.81,32.4315,41.6727,3.0861,2.1611,1.8154,5.698,,24000.0,8234.7042,7049.9261,505440.0,173422.8705,23.45,19.19,1.038
603313,梦百合,家居用品,江苏,20161013,603313.SH,20181116,20.85,21.38,20.1,21.32,20.85,0.47,2.2542,28160.3,58597.189,3.4197,3.9944,2.03,32.8319,42.1871,3.1242,2.1878,1.8378,5.6285,,24000.0,8234.7042,7049.9261,511680.0,175563.8935,22.94,18.77,1.038
603313,梦百合,家居用品,江苏,20161013,603313.SH,20181115,20.55,21.13,20.32,20.85,20.27,0.58,2.8614,12829.6,26725.822,1.558,1.8198,0.76,32.1081,41.2571,3.0554,2.1396,1.7973,5.7554,,24000.0,8234.7042,7049.9261,500400.0,171693.5826,22.3,18.24,1.038
603313,梦百合,家居用品,江苏,20161013,603313.SH,20181114,20.25,20.74,20.2,20.27,20.42,-0.15,-0.7346,9333.07,19077.378,1.1334,1.3239,0.43,31.2149,40.1095,2.9704,2.08,1.7473,5.9201,,24000.0,8234.7042,7049.9261,486480.0,166917.4541,22.46,18.38,1.038
603313,梦百合,家居用品,江苏,20161013,603313.SH,20181113,19.72,20.75,19.63,20.42,19.87,0.55,2.768,20281.89,41330.696,2.463,2.8769,0.77,31.4459,40.4063,2.9924,2.0954,1.7602,5.8766,,24000.0,8234.7042,7049.9261,490080.0,168152.6598,21.86,17.88,1.038
603313,梦百合,家居用品,江苏,20161013,603313.SH,20181112,19.31,20.28,19.31,19.87,19.54,0.33,1.6888,16274.66,32635.612,1.9764,2.3085,0.63,30.5989,39.3179,2.9118,2.039,1.7128,6.0393,,24000.0,8234.7042,7049.9261,476880.0,163623.5725,21.49,17.59,1.038
603313,梦百合,家居用品,江苏,20161013,603313.SH,20181109,19.76,20.25,19.54,19.54,20.01,-0.47,-2.3488,10717.69,21160.525,1.3015,1.5203,0.37,30.0907,38.665,2.8634,2.0051,1.6844,6.1412,,24000.0,8234.7042,7049.9261,468960.0,160906.1201,22.01,18.01,1.038
603313,梦百合,家居用品,江苏,20161013,603313.SH,20181108,19.75,20.4,19.52,20.01,19.75,0.26,1.3165,28298.38,56664.372,3.4365,4.014,1.03,30.8145,39.595,2.9323,2.0534,1.7249,5.997,,24000.0,8234.7042,7049.9261,480240.0,164776.431,21.73,17.78,1.038
603313,梦百合,家居用品,江苏,20161013,603313.SH,20181107,20.01,20.64,19.68,19.75,20.45,-0.7,-3.423,34087.53,68525.55,4.1395,4.8352,1.39,30.4141,39.0805,2.8942,2.0267,1.7025,6.0759,,24000.0,8234.7042,7049.9261,474000.0,162635.408,22.5,18.41,1.038
603313,梦百合,家居用品,江苏,20161013,603313.SH,20181106,18.92,20.79,18.81,20.45,19.06,1.39,7.2928,43051.55,85872.945,5.2281,6.1067,2.26,31.4921,40.4656,2.9968,2.0985,1.7628,5.868,,24000.0,8234.7042,7049.9261,490800.0,168399.7009,20.97,17.15,1.038
603313,梦百合,家居用品,江苏,20161013,603313.SH,20181105,19.0,19.3,18.62,19.06,19.0,0.06,0.3158,12949.18,24640.199,1.5725,1.8368,0.63,29.3516,37.7152,2.7931,1.9559,1.643,6.2959,,24000.0,8234.7042,7049.9261,457440.0,156953.4621,20.9,17.1,1.038
603313,梦百合,家居用品,江苏,20161013,603313.SH,20181102,19.55,19.79,18.38,19.0,18.96,0.04,0.211,27168.9,51597.208,3.2993,3.8538,1.35,29.2592,37.5964,2.7843,1.9497,1.6378,6.3158,,24000.0,8234.7042,7049.9261,456000.0,156459.3798,20.86,17.06,1.038
603313,梦百合,家居用品,江苏,20161013,603313.SH,20181101,18.81,19.48,18.71,18.96,18.88,0.08,0.4237,20325.05,38958.242,2.4682,2.883,0.82,29.1976,37.5173,2.7784,1.9456,1.6344,6.3291,,24000.0,8234.7042,7049.9261,455040.0,156129.9916,20.77,16.99,1.038
603313,梦百合,家居用品,江苏,20161013,603313.SH,20181031,18.88,19.48,18.39,18.88,18.84,0.04,0.2123,19497.34,36863.228,2.3677,2.7656,0.71,29.0744,37.359,2.7667,1.9374,1.6275,6.3559,,24000.0,8234.7042,7049.9261,453120.0,155471.2153,20.72,16.96,1.038
603313,梦百合,家居用品,江苏,20161013,603313.SH,20181030,18.73,19.3,18.46,18.84,18.96,-0.12,-0.6329,15198.68,28748.347,1.8457,2.1559,0.54,29.0128,37.2798,2.7608,1.9333,1.624,6.3694,,24000.0,8234.7042,7049.9261,452160.0,155141.8271,20.86,17.06,1.038
603313,梦百合,家居用品,江苏,20161013,603313.SH,20181029,19.26,19.6,18.71,18.96,19.0,-0.04,-0.2105,19963.43,38297.064,2.4243,2.8317,0.71,29.1976,37.5173,2.7784,1.9456,1.6344,6.3291,,24000.0,8234.7042,7049.9261,455040.0,156129.9916,20.9,17.1,1.038
603313,梦百合,家居用品,江苏,20161013,603313.SH,20181026,19.73,19.96,18.7,19.0,19.47,-0.47,-2.414,25613.15,49016.195,3.1104,3.6331,1.04,29.2592,37.5964,2.7843,1.9497,1.6378,6.3158,,24000.0,8234.7042,7049.9261,456000.0,156459.3798,21.42,17.52,1.038
603313,梦百合,家居用品,江苏,20161013,603313.SH,20181025,18.0,19.49,17.7,19.47,18.58,0.89,4.7901,43987.38,83130.828,5.3417,6.2394,2.47,29.9829,38.5264,2.8531,1.9979,1.6784,6.1633,,24000.0,8234.7042,7049.9261,467280.0,160329.6908,20.44,16.72,1.038
603313,梦百合,家居用品,江苏,20161013,603313.SH,20181024,17.21,18.68,17.21,18.58,17.37,1.21,6.966,31927.58,58007.669,3.8772,4.5288,2.48,28.6124,55.191,2.8438,1.9066,1.7294,6.4586,,24000.0,8234.7042,7049.9261,445920.0,153000.804,19.11,15.63,1.038
603313,梦百合,家居用品,江苏,20161013,603313.SH,20181023,17.25,17.88,17.25,17.37,17.4,-0.03,-0.1724,19580.0,34411.768,2.3777,2.7773,1.61,26.749,51.5967,2.6586,1.7824,1.6168,6.9085,,24000.0,8234.7042,7049.9261,416880.0,143036.812,19.14,15.66,1.038
603313,梦百合,家居用品,江苏,20161013,603313.SH,20181022,16.19,17.67,16.19,17.4,16.06,1.34,8.3437,20300.0,35024.3,2.4652,2.8795,1.6,26.7952,51.6859,2.6632,1.7855,1.6196,6.8966,,24000.0,8234.7042,7049.9261,417600.0,143283.8531,17.67,14.45,1.038
603313,梦百合,家居用品,江苏,20161013,603313.SH,20181019,15.73,16.45,15.38,16.06,15.94,0.12,0.7528,7361.82,11814.399,0.894,1.0442,0.47,24.7317,47.7055,2.4581,1.648,1.4949,7.472,,24000.0,8234.7042,7049.9261,385440.0,132249.3495,17.53,14.35,1.038
603313,梦百合,家居用品,江苏,20161013,603313.SH,20181018,16.01,16.45,15.81,15.94,16.01,-0.07,-0.4372,9960.32,16097.708,1.2096,1.4128,0.57,24.5469,47.349,2.4398,1.6357,1.4837,7.5282,,24000.0,8234.7042,7049.9261,382560.0,131261.1849,17.61,14.41,1.038
603313,梦百合,家居用品,江苏,20161013,603313.SH,20181017,15.82,16.23,15.73,16.01,15.93,0.08,0.5022,7082.0,11323.117,0.86,1.0045,0.37,24.6547,47.5569,2.4505,1.6429,1.4902,7.4953,,24000.0,8234.7042,7049.9261,384240.0,131837.6142,17.52,14.34,1.038
603313,梦百合,家居用品,江苏,20161013,603313.SH,20181016,16.91,16.95,15.68,15.93,16.77,-0.84,-5.0089,16249.0,26195.232,1.9732,2.3048,0.85,24.5315,47.3193,2.4382,1.6347,1.4828,7.533,,24000.0,8234.7042,7049.9261,382320.0,131178.8379,18.45,15.09,1.038
603313,梦百合,家居用品,江苏,20161013,603313.SH,20181015,17.96,17.98,16.7,16.77,17.57,-0.8,-4.5532,22646.94,39394.405,2.7502,3.2124,1.33,25.8251,49.8145,2.5668,1.7209,1.561,7.1556,,24000.0,8234.7042,7049.9261,402480.0,138095.9894,19.33,15.81,1.038
603313,梦百合,家居用品,江苏,20161013,603313.SH,20181012,16.9,17.79,16.61,17.57,16.81,0.76,4.5211,22330.7,38906.306,2.7118,3.1675,1.48,27.057,52.1908,2.6893,1.803,1.6354,6.8298,,24000.0,8234.7042,7049.9261,421680.0,144683.7528,18.49,15.13,1.038
603313,梦百合,家居用品,江苏,20161013,603313.SH,20181011,16.8,17.48,16.4,16.81,17.29,-0.48,-2.7762,18923.38,32110.16,2.298,2.6842,1.16,25.8867,49.9333,2.5729,1.725,1.5647,7.1386,,24000.0,8234.7042,7049.9261,403440.0,138425.3776,19.02,15.56,1.038
603313,梦百合,家居用品,江苏,20161013,603313.SH,20181010,18.0,18.04,17.16,17.29,17.83,-0.54,-3.0286,16634.27,29024.432,2.02,2.3595,0.83,26.6258,51.3591,2.6464,1.7742,1.6094,6.9404,,24000.0,8234.7042,7049.9261,414960.0,142378.0356,19.61,16.05,1.038
603313,梦百合,家居用品,江苏,20161013,603313.SH,20181009,17.79,18.04,17.35,17.83,17.46,0.37,2.1191,15372.33,27287.178,1.8668,2.1805,0.66,27.4574,52.9632,2.7291,1.8297,1.6596,6.7302,,24000.0,8234.7042,7049.9261,427920.0,146824.7759,19.21,15.71,1.038
603313,梦百合,家居用品,江苏,20161013,603313.SH,20181008,17.69,18.08,17.34,17.46,17.84,-0.38,-2.13,11868.7,20968.695,1.4413,1.6835,0.45,26.8876,51.8641,2.6724,1.7917,1.6252,6.8729,,24000.0,8234.7042,7049.9261,419040.0,143777.9353,19.62,16.06,1.038
603313,梦百合,家居用品,江苏,20161013,603313.SH,20180928,17.85,18.07,17.55,17.84,17.96,-0.12,-0.6682,12559.02,22286.369,1.5251,1.7814,0.5,27.4728,52.9929,2.7306,1.8307,1.6606,6.7265,,24000.0,8234.7042,7049.9261,428160.0,146907.1229,19.76,16.16,1.038
603313,梦百合,家居用品,江苏,20161013,603313.SH,20180927,17.53,18.45,17.53,17.96,17.78,0.18,1.0124,24968.87,44973.278,3.0322,3.5417,1.15,27.6576,53.3493,2.749,1.843,1.6717,6.6815,,24000.0,8234.7042,7049.9261,431040.0,147895.2874,19.56,16.0,1.038
603313,梦百合,家居用品,江苏,20161013,603313.SH,20180926,17.09,18.25,17.02,17.78,17.11,0.67,3.9158,35415.17,62488.264,4.3007,5.0235,2.31,27.3804,52.8146,2.7214,1.8245,1.655,6.7492,,24000.0,8234.7042,7049.9261,426720.0,146413.0407,18.82,15.4,1.038
603313,梦百合,家居用品,江苏,20161013,603313.SH,20180925,17.17,17.86,17.04,17.11,17.11,0.0,0.0,30937.88,53818.364,3.757,4.3884,2.88,26.3487,50.8244,2.6189,1.7558,1.5926,7.0134,,24000.0,8234.7042,7049.9261,410640.0,140895.7889,18.82,15.4,1.038
603313,梦百合,家居用品,江苏,20161013,603313.SH,20180921,15.64,17.11,15.64,17.11,15.55,1.56,10.0322,27086.32,44968.708,3.2893,3.8421,4.32,26.3487,50.8244,2.6189,1.7558,1.5926,7.0134,,24000.0,8234.7042,7049.9261,410640.0,140895.7889,17.11,14.0,1.038
603313,梦百合,家居用品,江苏,20161013,603313.SH,20180920,15.48,15.65,15.37,15.55,15.47,0.08,0.5171,6052.81,9409.62,0.735,0.8586,0.97,23.9463,46.1905,2.3801,1.5957,1.4474,7.717,,24000.0,8234.7042,7049.9261,373200.0,128049.6503,17.02,13.92,1.038
603313,梦百合,家居用品,江苏,20161013,603313.SH,20180919,15.11,15.63,15.03,15.47,15.13,0.34,2.2472,8870.81,13676.314,1.0772,1.2583,1.45,23.8231,45.9529,2.3678,1.5875,1.44,7.7569,,24000.0,8234.7042,7049.9261,371280.0,127390.874,16.64,13.62,1.038
603313,梦百合,家居用品,江苏,20161013,603313.SH,20180918,15.05,15.18,14.86,15.13,15.06,0.07,0.4648,3663.81,5523.465,0.4449,0.5197,0.52,23.2995,44.9429,2.3158,1.5526,1.4083,7.9313,,24000.0,8234.7042,7049.9261,363120.0,124591.0745,16.57,13.55,1.038
603313,梦百合,家居用品,江苏,20161013,603313.SH,20180917,15.05,15.23,14.5,15.06,15.16,-0.1,-0.6596,8088.95,12031.342,0.9823,1.1474,1.22,23.1917,44.735,2.3051,1.5454,1.4018,7.9681,,24000.0,8234.7042,7049.9261,361440.0,124014.6453,16.68,13.64,1.038
603313,梦百合,家居用品,江苏,20161013,603313.SH,20180914,15.13,15.41,15.03,15.16,15.19,-0.03,-0.1975,4691.0,7105.51,0.5697,0.6654,0.68,23.3457,45.032,2.3204,1.5557,1.4111,7.9156,,24000.0,8234.7042,7049.9261,363840.0,124838.1157,16.71,13.67,1.038
603313,梦百合,家居用品,江苏,20161013,603313.SH,20180913,15.2,15.44,15.02,15.19,15.15,0.04,0.264,5896.89,8968.731,0.7161,0.8364,0.76,23.3919,45.1212,2.325,1.5587,1.4139,7.8999,,24000.0,8234.7042,7049.9261,364560.0,125085.1568,16.67,13.64,1.038
603313,梦百合,家居用品,江苏,20161013,603313.SH,20180912,15.08,15.3,14.92,15.15,14.99,0.16,1.0674,8224.15,12490.97,0.9987,1.1666,1.2,23.3303,45.0023,2.3189,1.5546,1.4102,7.9208,,24000.0,8234.7042,7049.9261,363600.0,124755.7686,16.49,13.49,1.038
603313,梦百合,家居用品,江苏,20161013,603313.SH,20180911,14.8,14.99,14.69,14.99,14.8,0.19,1.2838,8094.15,12033.8,0.9829,1.1481,1.29,23.0839,44.5271,2.2944,1.5382,1.3953,8.0053,,24000.0,8234.7042,7049.9261,359760.0,123438.216,16.28,13.32,1.038
603313,梦百合,家居用品,江苏,20161013,603313.SH,20180910,15.17,15.4,14.8,14.8,15.29,-0.49,-3.2047,6299.0,9511.908,0.7649,0.8935,1.12,22.7914,43.9627,2.2653,1.5187,1.3776,8.1081,,24000.0,8234.7042,7049.9261,355200.0,121873.6222,16.82,13.76,1.038
603313,梦百合,家居用品,江苏,20161013,603313.SH,20180907,15.63,15.63,15.14,15.29,15.5,-0.21,-1.3548,5730.15,8779.895,0.6959,0.8128,1.14,23.5459,45.4182,2.3403,1.569,1.4232,7.8483,,24000.0,8234.7042,7049.9261,366960.0,125908.6272,17.05,13.95,1.038
603313,梦百合,家居用品,江苏,20161013,603313.SH,20180906,15.02,15.6,15.02,15.5,15.07,0.43,2.8534,10325.0,15784.302,1.2538,1.4646,2.55,23.8693,46.042,2.3724,1.5906,1.4427,7.7419,,24000.0,8234.7042,7049.9261,372000.0,127637.9151,16.58,13.56,1.038
603313,梦百合,家居用品,江苏,20161013,603313.SH,20180905,15.43,15.43,15.03,15.07,15.43,-0.36,-2.3331,3726.0,5667.932,0.4525,0.5285,0.87,23.2071,44.7647,2.3066,1.5464,1.4027,7.9628,,24000.0,8234.7042,7049.9261,361680.0,124096.9923,16.97,13.89,1.038
603313,梦百合,家居用品,江苏,20161013,603313.SH,20180904,15.32,15.46,15.18,15.43,15.3,0.13,0.8497,5375.0,8222.227,0.6527,0.7624,1.29,23.7615,45.8341,2.3617,1.5834,1.4362,7.7771,,24000.0,8234.7042,7049.9261,370320.0,127061.4858,16.83,13.77,1.038
603313,梦百合,家居用品,江苏,20161013,603313.SH,20180903,15.55,15.55,15.03,15.3,15.53,-0.23,-1.481,2842.18,4343.055,0.3451,0.4032,0.66,23.5613,45.4479,2.3418,1.57,1.4241,7.8431,,24000.0,8234.7042,7049.9261,367200.0,125990.9743,17.08,13.98,1.038
603313,梦百合,家居用品,江苏,20161013,603313.SH,20180831,15.7,15.73,15.45,15.53,15.82,-0.29,-1.8331,2774.0,4320.066,0.3369,0.3935,0.66,23.9155,46.1311,2.377,1.5936,1.4455,7.727,,24000.0,8234.7042,7049.9261,372720.0,127884.9562,17.4,14.24,1.038
603313,梦百合,家居用品,江苏,20161013,603313.SH,20180830,16.18,16.18,15.62,15.82,16.07,-0.25,-1.5557,5546.41,8774.591,0.6735,0.7867,1.58,24.3621,46.9925,2.4214,1.6234,1.4725,7.5853,,24000.0,8234.7042,7049.9261,379680.0,130273.0204,17.68,14.46,1.038
603313,梦百合,家居用品,江苏,20161013,603313.SH,20180829,16.07,16.15,15.89,16.07,15.99,0.08,0.5003,4948.05,7943.682,0.6009,0.7019,1.64,24.7471,47.7352,2.4597,1.649,1.4958,7.4673,,24000.0,8234.7042,7049.9261,385680.0,132331.6965,17.59,14.39,1.038
603313,梦百合,家居用品,江苏,20161013,603313.SH,20180828,16.06,16.22,15.93,15.99,16.0,-0.01,-0.0625,4699.22,7547.012,0.5707,0.6666,1.79,24.6239,47.4975,2.4474,1.6408,1.4884,7.5047,,24000.0,8234.7042,7049.9261,383760.0,131672.9202,17.6,14.4,1.038
603313,梦百合,家居用品,江苏,20161013,603313.SH,20180827,15.73,16.04,15.73,16.0,15.71,0.29,1.846,3520.0,5596.9,0.4275,0.4993,1.32,24.6393,47.5272,2.449,1.6419,1.4893,7.5,,24000.0,8234.7042,7049.9261,384000.0,131755.2672,17.28,14.14,1.038
603313,梦百合,家居用品,江苏,20161013,603313.SH,20180824,15.85,15.92,15.71,15.71,15.83,-0.12,-0.7581,2193.0,3471.316,0.2663,0.3111,0.79,24.1927,46.6658,2.4046,1.6121,1.4623,7.6384,,24000.0,8234.7042,7049.9261,377040.0,129367.203,17.41,14.25,1.038
603313,梦百合,家居用品,江苏,20161013,603313.SH,20180823,15.94,16.04,15.73,15.83,15.93,-0.1,-0.6277,2219.0,3525.532,0.2695,0.3148,0.7,24.3775,47.0222,2.4229,1.6244,1.4735,7.5805,,24000.0,8234.7042,7049.9261,379920.0,130355.3675,17.52,14.34,1.038
603313,梦百合,家居用品,江苏,20161013,603313.SH,20180822,16.03,16.15,15.8,15.93,16.05,-0.12,-0.7477,2441.2,3895.419,0.2965,0.3463,0.66,24.5315,47.3193,2.4382,1.6347,1.4828,7.533,,24000.0,8234.7042,7049.9261,382320.0,131178.8379,17.66,14.45,1.038
603313,梦百合,家居用品,江苏,20161013,603313.SH,20180821,15.8,16.22,15.7,16.05,16.07,-0.02,-0.1245,2743.2,4400.008,0.3331,0.3891,0.78,24.7163,47.6757,2.4566,1.647,1.4939,7.4766,,24000.0,8234.7042,7049.9261,385200.0,132167.0024,17.68,14.46,1.038
603313,梦百合,家居用品,江苏,20161013,603313.SH,20180820,15.85,16.27,15.58,16.07,16.02,0.05,0.3121,3698.13,5864.833,0.4491,0.5246,1.08,24.7471,47.7352,2.4597,1.649,1.4958,7.4673,,24000.0,8234.7042,7049.9261,385680.0,132331.6965,17.62,14.42,1.038
603313,梦百合,家居用品,江苏,20161013,603313.SH,20180817,16.25,16.47,16.0,16.02,16.21,-0.19,-1.1721,2789.0,4498.871,0.3387,0.3956,0.82,24.6701,47.5866,2.452,1.6439,1.4911,7.4906,,24000.0,8234.7042,7049.9261,384480.0,131919.9613,17.83,14.59,1.038
603313,梦百合,家居用品,江苏,20161013,603313.SH,20180816,16.32,16.53,16.2,16.21,16.7,-0.49,-2.9341,4176.87,6822.834,0.5072,0.5925,1.1,24.9627,48.151,2.4811,1.6634,1.5088,7.4028,,24000.0,8234.7042,7049.9261,389040.0,133484.5551,18.37,15.03,1.038
603313,梦百合,家居用品,江苏,20161013,603313.SH,20180815,16.77,16.77,16.29,16.7,16.77,-0.07,-0.4174,5051.0,8328.689,0.6134,0.7165,1.32,25.7173,49.6065,2.5561,1.7137,1.5544,7.1856,,24000.0,8234.7042,7049.9261,400800.0,137519.5601,18.45,15.09,1.038
603313,梦百合,家居用品,江苏,20161013,603313.SH,20180814,16.71,16.85,16.7,16.77,16.82,-0.05,-0.2973,1915.88,3212.014,0.2327,0.2718,0.4,25.8251,49.8145,2.5668,1.7209,1.561,7.1556,,24000.0,8234.7042,7049.9261,402480.0,138095.9894,18.5,15.14,1.038
603313,梦百合,家居用品,江苏,20161013,603313.SH,20180813,16.87,16.88,16.57,16.82,16.9,-0.08,-0.4734,3167.08,5290.847,0.3846,0.4492,0.58,25.9021,49.963,2.5745,1.726,1.5656,7.1344,,24000.0,8234.7042,7049.9261,403680.0,138507.7246,18.59,15.21,1.038
603313,梦百合,家居用品,江苏,20161013,603313.SH,20180810,16.9,16.94,16.72,16.9,16.91,-0.01,-0.0591,2793.02,4704.416,0.3392,0.3962,0.47,26.0253,50.2006,2.5867,1.7342,1.5731,7.1006,,24000.0,8234.7042,7049.9261,405600.0,139166.501,18.6,15.22,1.038
603313,梦百合,家居用品,江苏,20161013,603313.SH,20180809,16.51,17.0,16.28,16.91,16.59,0.32,1.9289,6052.02,10166.534,0.7349,0.8585,0.9,26.0407,50.2303,2.5882,1.7352,1.574,7.0964,,24000.0,8234.7042,7049.9261,405840.0,139248.848,18.25,14.93,1.038
603313,梦百合,家居用品,江苏,20161013,603313.SH,20180808,16.73,17.28,16.52,16.59,16.94,-0.35,-2.0661,5162.83,8741.384,0.627,0.7323,0.73,25.5479,49.2798,2.5393,1.7024,1.5442,7.2333,,24000.0,8234.7042,7049.9261,398160.0,136613.7427,18.63,15.25,1.038
603313,梦百合,家居用品,江苏,20161013,603313.SH,20180807,16.67,16.98,16.42,16.94,16.79,0.15,0.8934,6655.22,11144.486,0.8082,0.944,1.03,26.0869,50.3194,2.5928,1.7383,1.5768,7.0838,,24000.0,8234.7042,7049.9261,406560.0,139495.8891,18.47,15.11,1.038
603313,梦百合,家居用品,江苏,20161013,603313.SH,20180806,16.52,16.9,15.9,16.79,16.54,0.25,1.5115,6466.85,10519.464,0.7853,0.9173,1.02,25.8559,49.8739,2.5699,1.7229,1.5628,7.1471,,24000.0,8234.7042,7049.9261,402960.0,138260.6835,18.19,14.89,1.038
603313,梦百合,家居用品,江苏,20161013,603313.SH,20180803,16.51,16.75,16.1,16.54,16.58,-0.04,-0.2413,5552.21,9135.117,0.6742,0.7876,0.82,25.4709,49.1313,2.5316,1.6973,1.5396,7.2551,,24000.0,8234.7042,7049.9261,396960.0,136202.0075,18.24,14.92,1.038
603313,梦百合,家居用品,江苏,20161013,603313.SH,20180802,17.1,17.16,16.0,16.58,17.09,-0.51,-2.9842,9766.05,16088.417,1.186,1.3853,1.42,25.5325,49.2501,2.5377,1.7014,1.5433,7.2376,,24000.0,8234.7042,7049.9261,397920.0,136531.3956,18.8,15.38,1.038
603313,梦百合,家居用品,江苏,20161013,603313.SH,20180801,17.64,17.8,17.06,17.09,17.64,-0.55,-3.1179,6732.0,11776.961,0.8175,0.9549,0.87,26.3179,50.765,2.6158,1.7537,1.5907,7.0217,,24000.0,8234.7042,7049.9261,410160.0,140731.0948,19.4,15.88,1.038
603313,梦百合,家居用品,江苏,20161013,603313.SH,20180731,17.93,17.93,17.61,17.64,17.8,-0.16,-0.8989,3912.0,6929.209,0.4751,0.5549,0.46,27.1648,52.3988,2.7,1.8102,1.6419,6.8027,,24000.0,8234.7042,7049.9261,423360.0,145260.1821,19.58,16.02,1.038
603313,梦百合,家居用品,江苏,20161013,603313.SH,20180730,18.14,18.14,17.65,17.8,18.01,-0.21,-1.166,5787.0,10353.865,0.7028,0.8209,0.69,27.4112,52.874,2.7245,1.8266,1.6568,6.7416,,24000.0,8234.7042,7049.9261,427200.0,146577.7348,19.81,16.21,1.038
603313,梦百合,家居用品,江苏,20161013,603313.SH,20180727,18.28,18.46,18.0,18.01,18.29,-0.28,-1.5309,7592.0,13822.95,0.922,1.0769,0.97,27.7346,53.4978,2.7566,1.8481,1.6764,6.663,,24000.0,8234.7042,7049.9261,432240.0,148307.0226,20.12,16.46,1.038
603313,梦百合,家居用品,江苏,20161013,603313.SH,20180726,18.46,18.46,18.02,18.29,18.53,-0.24,-1.2952,10384.09,18893.955,1.261,1.4729,1.47,28.1658,54.3296,2.7995,1.8769,1.7024,6.561,,24000.0,8234.7042,7049.9261,438960.0,150612.7398,20.38,16.68,1.038
603313,梦百合,家居用品,江苏,20161013,603313.SH,20180725,18.07,18.55,18.07,18.53,18.07,0.46,2.5457,11025.0,20288.529,1.3388,1.551,1.89,28.5354,47.7844,2.902,1.9015,1.8015,6.476,,24000.0,8234.7042,7108.4398,444720.0,152589.0688,19.88,16.26,1.038
603313,梦百合,家居用品,江苏,20161013,603313.SH,20180724,17.82,18.17,17.8,18.07,17.82,0.25,1.4029,7746.0,13943.29,0.9407,1.0897,1.32,27.827,46.5982,2.83,1.8543,1.7568,6.6408,,24000.0,8234.7042,7108.4398,433680.0,148801.1049,19.6,16.04,1.038
603313,梦百合,家居用品,江苏,20161013,603313.SH,20180723,17.85,17.99,17.61,17.82,17.93,-0.11,-0.6135,5229.0,9306.752,0.635,0.7356,0.67,27.442,45.9535,2.7908,1.8286,1.7325,6.734,,24000.0,8234.7042,7108.4398,427680.0,146742.4288,19.72,16.14,1.038
603313,梦百合,家居用品,江苏,20161013,603313.SH,20180720,17.99,18.25,17.8,17.93,18.01,-0.08,-0.4442,4917.0,8843.732,0.5971,0.6917,0.6,27.6114,46.2371,2.808,1.8399,1.7432,6.6927,,24000.0,8234.7042,7108.4398,430320.0,147648.2463,19.81,16.21,1.038
603313,梦百合,家居用品,江苏,20161013,603313.SH,20180719,17.95,18.2,17.79,18.01,17.88,0.13,0.73,6493.78,11702.558,0.7886,0.9135,0.79,27.7346,46.4434,2.8206,1.8481,1.751,6.663,,24000.0,8234.7042,7108.4398,432240.0,148307.0226,19.67,16.09,1.038
603313,梦百合,家居用品,江苏,20161013,603313.SH,20180718,17.95,18.05,17.85,17.88,17.95,-0.07,-0.39,4850.0,8708.543,0.589,0.6823,0.43,27.5344,46.1082,2.8002,1.8348,1.7383,6.7114,,24000.0,8234.7042,7108.4398,429120.0,147236.5111,19.75,16.16,1.038
603313,梦百合,家居用品,江苏,20161013,603313.SH,20180717,18.04,18.27,17.76,17.95,18.38,-0.43,-2.34,7949.42,14230.953,0.9654,1.1183,0.76,27.6422,46.2887,2.8112,1.842,1.7451,6.6852,,24000.0,8234.7042,7108.4398,430800.0,147812.9404,20.22,16.54,1.038
603313,梦百合,家居用品,江苏,20161013,603313.SH,20180716,17.72,19.0,17.13,18.38,17.66,0.72,4.08,14805.0,26746.656,1.7979,2.0827,1.68,28.3044,47.3976,2.8785,1.8861,1.787,6.5288,,24000.0,8234.7042,7108.4398,441120.0,151353.8632,19.43,15.89,1.038
603313,梦百合,家居用品,江苏,20161013,603313.SH,20180713,17.66,17.79,17.45,17.66,17.67,-0.01,-0.06,6713.0,11844.217,0.8152,0.9444,0.78,27.1956,45.5409,2.7658,1.8122,1.717,6.795,,24000.0,8234.7042,7108.4398,423840.0,145424.8762,19.44,15.9,1.038
603313,梦百合,家居用品,江苏,20161013,603313.SH,20180712,17.5,17.75,17.4,17.67,17.54,0.13,0.74,6979.42,12304.598,0.8476,0.9818,0.83,27.211,45.5667,2.7673,1.8132,1.7179,6.7912,,24000.0,8234.7042,7108.4398,424080.0,145507.2232,19.29,15.79,1.038
603313,梦百合,家居用品,江苏,20161013,603313.SH,20180711,18.2,18.2,16.68,17.54,18.41,-0.87,-4.73,19705.0,34357.501,2.3929,2.7721,3.46,27.0108,45.2314,2.747,1.7999,1.7053,6.8415,,24000.0,8234.7042,7108.4398,420960.0,144436.7117,20.25,16.57,1.038
603313,梦百合,家居用品,江苏,20161013,603313.SH,20180710,18.23,18.5,18.23,18.41,18.44,-0.03,-0.16,4402.0,8079.218,0.5346,0.6193,0.63,28.3506,47.4749,2.8832,1.8892,1.7899,6.5182,,24000.0,8234.7042,7108.4398,441840.0,151600.9043,20.28,16.6,1.038
603313,梦百合,家居用品,江苏,20161013,603313.SH,20180709,18.18,18.52,18.18,18.44,18.24,0.2,1.1,6139.0,11256.309,0.7455,0.8636,0.91,28.3968,47.5523,2.8879,1.8922,1.7928,6.5076,,24000.0,8234.7042,7108.4398,442560.0,151847.9454,20.06,16.42,1.038
603313,梦百合,家居用品,江苏,20161013,603313.SH,20180706,18.55,18.65,18.05,18.24,18.24,0.0,0.0,5589.78,10267.535,0.6788,0.7864,0.84,28.0888,47.0365,2.8566,1.8717,1.7733,6.5789,,24000.0,8234.7042,7108.4398,437760.0,150201.0046,20.06,16.42,1.038
603313,梦百合,家居用品,江苏,20161013,603313.SH,20180705,19.11,19.32,18.22,18.24,19.13,-0.89,-4.65,6297.9,11819.486,0.7648,0.886,0.95,28.0888,47.0365,2.8566,1.8717,1.7733,6.5789,,24000.0,8234.7042,7108.4398,437760.0,150201.0046,21.04,17.22,1.038
603313,梦百合,家居用品,江苏,20161013,603313.SH,20180704,19.43,19.67,19.09,19.13,19.61,-0.48,-2.45,6050.0,11697.393,0.7347,0.8511,0.93,29.4594,49.3316,2.996,1.9631,1.8599,6.2729,,24000.0,8234.7042,7108.4398,459120.0,157529.8913,21.57,17.65,1.038
603313,梦百合,家居用品,江苏,20161013,603313.SH,20180703,19.27,19.9,19.27,19.61,19.16,0.45,2.35,10894.5,21412.314,1.323,1.5326,2.08,30.1985,50.5694,3.0711,2.0123,1.9065,6.1193,,24000.0,8234.7042,7108.4398,470640.0,161482.5494,21.08,17.24,1.038
603313,梦百合,家居用品,江苏,20161013,603313.SH,20180702,19.49,19.75,19.07,19.16,19.45,-0.29,-1.49,4866.0,9399.38,0.5909,0.6845,0.92,29.5056,49.409,3.0007,1.9661,1.8628,6.263,,24000.0,8234.7042,7108.4398,459840.0,157776.9325,21.4,17.51,1.038
603313,梦百合,家居用品,江苏,20161013,603313.SH,20180629,19.18,19.59,19.1,19.45,19.11,0.34,1.78,5146.0,9994.364,0.6249,0.7239,0.95,29.9522,50.1568,3.0461,1.9959,1.891,6.1697,,24000.0,8234.7042,7108.4398,466800.0,160164.9967,21.02,17.2,1.038
603313,梦百合,家居用品,江苏,20161013,603313.SH,20180628,19.43,19.88,19.01,19.11,19.4,-0.29,-1.49,6185.28,12002.166,0.7511,0.8701,1.09,29.4286,49.2801,2.9928,1.961,1.8579,6.2794,,24000.0,8234.7042,7108.4398,458640.0,157365.1973,21.34,17.46,1.038
603313,梦百合,家居用品,江苏,20161013,603313.SH,20180627,19.51,19.78,19.34,19.4,19.49,-0.09,-0.46,5555.7,10892.803,0.6747,0.7816,0.9,29.8752,50.0279,3.0383,1.9908,1.8861,6.1856,,24000.0,8234.7042,7108.4398,465600.0,159753.2615,21.44,17.54,1.038
603313,梦百合,家居用品,江苏,20161013,603313.SH,20180626,19.03,19.65,18.8,19.49,19.36,0.13,0.67,4493.67,8696.15,0.5457,0.6322,0.56,30.0137,50.26,3.0523,2.0,1.8949,6.157,,24000.0,8234.7042,7108.4398,467760.0,160494.3849,21.3,17.42,1.038
603313,梦百合,家居用品,江苏,20161013,603313.SH,20180625,19.52,19.9,19.33,19.36,19.39,-0.03,-0.15,5203.0,10198.925,0.6318,0.7319,0.6,29.8136,49.9248,3.032,1.9867,1.8822,6.1983,,24000.0,8234.7042,7108.4398,464640.0,159423.8733,21.33,17.45,1.038
603313,梦百合,家居用品,江苏,20161013,603313.SH,20180622,18.86,19.43,18.7,19.39,18.91,0.48,2.54,5584.98,10720.373,0.6782,0.7857,0.66,29.8598,50.0021,3.0367,1.9897,1.8852,6.1888,,24000.0,8234.7042,7108.4398,465360.0,159670.9144,20.8,17.02,1.038
603313,梦百合,家居用品,江苏,20161013,603313.SH,20180621,19.4,19.76,18.9,18.91,19.32,-0.41,-2.12,7482.5,14368.397,0.9087,1.0526,0.9,29.1206,48.7643,2.9615,1.9405,1.8385,6.3458,,24000.0,8234.7042,7108.4398,453840.0,155718.2564,21.25,17.39,1.038
603313,梦百合,家居用品,江苏,20161013,603313.SH,20180620,19.32,19.68,18.6,19.32,19.25,0.07,0.36,8001.6,15452.871,0.9717,1.1256,0.96,29.752,49.8216,3.0257,1.9826,1.8783,6.2112,,24000.0,8234.7042,7108.4398,463680.0,159094.4851,21.18,17.33,1.038
603313,梦百合,家居用品,江苏,20161013,603313.SH,20180619,20.83,20.96,18.99,19.25,21.1,-1.85,-8.77,13569.0,26848.963,1.6478,1.9089,1.79,29.6442,49.6411,3.0148,1.9754,1.8715,6.2338,,24000.0,8234.7042,7108.4398,462000.0,158518.0559,23.21,18.99,1.038
603313,梦百合,家居用品,江苏,20161013,603313.SH,20180615,21.38,21.7,20.66,21.1,21.43,-0.33,-1.54,8620.08,18144.834,1.0468,1.2127,0.92,32.4931,54.4118,3.3045,2.1652,2.0514,5.6872,,24000.0,8234.7042,7108.4398,506400.0,173752.2586,23.57,19.29,1.038
603313,梦百合,家居用品,江苏,20161013,603313.SH,20180614,21.33,21.78,21.3,21.43,21.33,0.1,0.47,4741.15,10199.529,0.5758,0.667,0.38,33.0013,55.2628,3.3562,2.1991,2.0835,5.5996,,24000.0,8234.7042,7108.4398,514320.0,176469.711,23.46,19.2,1.038
603313,梦百合,家居用品,江苏,20161013,603313.SH,20180613,21.92,21.92,21.3,21.33,21.92,-0.59,-2.69,6466.0,13962.703,0.7852,0.9096,0.43,32.8473,55.0049,3.3405,2.1888,2.0738,5.6259,,24000.0,8234.7042,7108.4398,511920.0,175646.2406,24.11,19.73,1.038
603313,梦百合,家居用品,江苏,20161013,603313.SH,20180612,21.41,22.1,21.21,21.92,21.4,0.52,2.43,8406.89,18251.103,1.0209,1.1827,0.44,33.7558,56.5264,3.4329,2.2494,2.1311,5.4745,,24000.0,8234.7042,7108.4398,526080.0,180504.7161,23.54,19.26,1.038
603313,梦百合,家居用品,江苏,20161013,603313.SH,20180611,21.62,21.87,21.24,21.4,21.77,-0.37,-1.7,9608.16,20719.901,1.1668,1.3517,0.5,32.9551,55.1854,3.3515,2.196,2.0806,5.6075,,24000.0,8234.7042,7108.4398,513600.0,176222.6699,23.95,19.59,1.038
603313,梦百合,家居用品,江苏,20161013,603313.SH,20180608,22.42,22.54,21.46,21.77,22.46,-0.69,-3.07,17514.76,38358.702,2.1269,2.4639,0.86,33.5248,56.1396,3.4094,2.234,2.1165,5.5122,,24000.0,8234.7042,7108.4398,522480.0,179269.5104,24.71,20.21,1.038
603313,梦百合,家居用品,江苏,20161013,603313.SH,20180607,22.8,23.32,22.43,22.46,22.87,-0.41,-1.79,20081.76,45863.537,2.4387,2.8251,0.79,34.5874,57.9189,3.5175,2.3048,2.1836,5.3428,,24000.0,8234.7042,7108.4398,539040.0,184951.4563,25.16,20.58,1.038
603313,梦百合,家居用品,江苏,20161013,603313.SH,20180606,23.15,23.19,22.7,22.87,23.2,-0.33,-1.42,19262.0,43988.84,2.3391,2.7097,0.72,35.2188,58.9762,3.5817,2.3468,2.2235,5.247,,24000.0,8234.7042,7108.4398,548880.0,188327.6851,25.52,20.88,1.038
603313,梦百合,家居用品,江苏,20161013,603313.SH,20180605,23.74,23.96,22.96,23.2,23.49,-0.29,-1.23,28813.61,67431.314,3.499,4.0534,1.05,35.727,59.8272,3.6334,2.3807,2.2556,5.1724,,24000.0,8234.7042,7108.4398,556800.0,191045.1374,25.84,21.14,1.038
603313,梦百合,家居用品,江苏,20161013,603313.SH,20180604,23.65,23.74,23.25,23.49,23.56,-0.07,-0.3,11371.15,26668.125,1.3809,1.5997,0.42,36.1736,60.575,3.6788,2.4105,2.2838,5.1086,,24000.0,8234.7042,7108.4398,563760.0,193433.2017,25.92,21.2,1.038
603313,梦百合,家居用品,江苏,20161013,603313.SH,20180601,23.7,23.88,23.28,23.56,24.05,-0.49,-2.04,22072.48,51859.078,2.6804,3.1051,0.93,36.2814,60.7555,3.6898,2.4176,2.2906,5.0934,,24000.0,8234.7042,7108.4398,565440.0,194009.631,26.46,21.65,1.038
603313,梦百合,家居用品,江苏,20161013,603313.SH,20180531,22.79,24.45,22.79,24.05,22.99,1.06,4.61,44944.27,106679.419,5.4579,6.3227,2.8,37.0359,62.0191,3.7665,2.4679,2.3382,4.9896,,24000.0,8234.7042,7108.4398,577200.0,198044.636,25.29,20.69,1.038
603313,梦百合,家居用品,江苏,20161013,603313.SH,20180530,22.2,23.5,22.1,22.99,22.85,0.14,0.61,27391.2,62693.687,3.3263,3.8533,2.1,35.4036,59.2856,3.6005,2.3592,2.2352,5.2197,5.2197,24000.0,8234.7042,7108.4398,551760.0,189315.8496,25.14,20.57,1.038
603313,梦百合,家居用品,江苏,20161013,603313.SH,20180529,21.82,23.98,21.66,22.85,21.82,1.03,4.72,31881.0,73236.683,3.8715,4.485,3.78,35.188,58.9246,3.5786,2.3448,2.2215,5.2516,5.2516,24000.0,8234.7042,7108.4398,548400.0,188162.991,24.0,19.64,1.038
603313,梦百合,家居用品,江苏,20161013,603313.SH,20180528,22.34,22.34,21.51,21.82,22.33,-0.51,-2.28,7838.99,17210.119,0.9519,1.1028,0.87,33.6018,56.2685,3.4173,2.2391,2.1214,5.4995,5.4995,24000.0,8234.7042,7108.4398,523680.0,179681.2456,24.56,20.1,1.038
603313,梦百合,家居用品,江苏,20161013,603313.SH,20180525,22.6,22.64,22.07,22.33,22.56,-0.23,-1.02,7142.0,15945.896,0.8673,1.0047,0.68,34.3872,57.5837,3.4971,2.2914,2.171,5.3739,5.3739,24000.0,8234.7042,7108.4398,535920.0,183880.9448,24.82,20.3,1.038
603313,梦百合,家居用品,江苏,20161013,603313.SH,20180524,22.58,22.75,22.41,22.56,22.5,0.06,0.27,6089.0,13764.52,0.7394,0.8566,0.53,34.7414,58.1768,3.5331,2.315,2.1933,5.3191,5.3191,24000.0,8234.7042,7108.4398,541440.0,185774.9268,24.75,20.25,1.038
603313,梦百合,家居用品,江苏,20161013,603313.SH,20180523,22.39,22.88,22.22,22.5,22.57,-0.07,-0.31,12352.62,27796.597,1.5001,1.7377,1.07,34.649,58.0221,3.5237,2.3089,2.1875,5.3333,5.3333,24000.0,8234.7042,7108.4398,540000.0,185280.8445,24.83,20.31,1.038
603313,梦百合,家居用品,江苏,20161013,603313.SH,20180522,22.63,22.65,22.38,22.57,22.57,0.0,0.0,8726.71,19634.174,1.0597,1.2277,0.81,34.7568,58.2026,3.5347,2.3161,2.1943,5.3168,5.3168,24000.0,8234.7042,7108.4398,541680.0,185857.2738,24.83,20.31,1.038
603313,梦百合,家居用品,江苏,20161013,603313.SH,20180521,22.86,22.92,22.44,22.57,22.62,-0.05,-0.22,10860.0,24606.92,1.3188,1.5278,1.08,34.7568,58.2026,3.5347,2.3161,2.1943,5.3168,5.3168,24000.0,8234.7042,7108.4398,541680.0,185857.2738,24.88,20.36,1.038
603313,梦百合,家居用品,江苏,20161013,603313.SH,20180518,22.35,22.92,22.15,22.62,22.35,0.27,1.21,14562.98,32985.056,1.7685,2.0487,1.48,34.8338,58.3315,3.5425,2.3212,2.1992,5.305,5.305,24000.0,8234.7042,7108.4398,542880.0,186269.009,24.59,20.12,1.038
603313,梦百合,家居用品,江苏,20161013,603313.SH,20180517,22.18,22.38,22.03,22.35,22.18,0.17,0.77,10739.47,23916.764,1.3042,1.5108,1.16,34.418,57.6352,3.5003,2.2935,2.1729,5.3691,5.3691,24000.0,8234.7042,7108.4398,536400.0,184045.6389,24.4,19.96,1.038
603313,梦百合,家居用品,江苏,20161013,603313.SH,20180516,21.87,22.45,21.6,22.18,21.65,0.53,2.45,12734.24,28030.613,1.5464,1.7914,1.62,34.1562,57.1968,3.4736,2.276,2.1564,5.4103,5.4103,24000.0,8234.7042,7108.4398,532320.0,182645.7392,23.82,19.49,1.038
603313,梦百合,家居用品,江苏,20161013,603313.SH,20180515,21.41,21.68,21.41,21.65,21.48,0.17,0.79,5195.0,11203.617,0.6309,0.7308,0.63,33.3401,55.8301,3.3906,2.2216,2.1049,5.5427,5.5427,24000.0,8234.7042,7108.4398,519600.0,178281.3459,23.63,19.33,1.038
603313,梦百合,家居用品,江苏,20161013,603313.SH,20180514,21.93,21.96,21.41,21.48,21.74,-0.26,-1.2,6882.55,14950.175,0.8358,0.9682,0.79,33.0783,55.3917,3.364,2.2042,2.0883,5.5866,5.5866,24000.0,8234.7042,7108.4398,515520.0,176881.4462,23.91,19.57,1.038
603313,梦百合,家居用品,江苏,20161013,603313.SH,20180511,21.5,21.97,21.45,21.74,21.49,0.25,1.16,13658.94,29764.77,1.6587,1.9215,1.92,33.4787,56.0622,3.4047,2.2309,2.1136,5.5198,5.5198,24000.0,8234.7042,7108.4398,521760.0,179022.4693,23.64,19.34,1.038
603313,梦百合,家居用品,江苏,20161013,603313.SH,20180510,21.27,21.5,21.15,21.49,21.13,0.36,1.7,8001.2,17030.016,0.9716,1.1256,1.03,33.0937,55.4175,3.3656,2.2052,2.0893,5.584,5.584,24000.0,8234.7042,7108.4398,515760.0,176963.7933,23.24,19.02,1.038
603313,梦百合,家居用品,江苏,20161013,603313.SH,20180509,21.4,21.4,21.08,21.13,21.37,-0.24,-1.12,5594.0,11845.89,0.6793,0.787,0.45,32.5393,54.4892,3.3092,2.1683,2.0543,5.6791,5.6791,24000.0,8234.7042,7108.4398,507120.0,173999.2997,23.51,19.23,1.038
603313,梦百合,家居用品,江苏,20161013,603313.SH,20180508,21.33,21.48,21.07,21.37,21.3,0.07,0.33,6923.78,14723.579,0.8408,0.974,0.57,32.9089,55.1081,3.3468,2.1929,2.0777,5.6153,5.6153,24000.0,8234.7042,7108.4398,512880.0,175975.6288,23.43,19.17,1.038
603313,梦百合,家居用品,江苏,20161013,603313.SH,20180507,20.92,21.4,20.9,21.3,20.91,0.39,1.87,9235.0,19648.734,1.1215,1.2992,0.77,32.8011,54.9275,3.3358,2.1857,2.0708,5.6338,5.6338,24000.0,8234.7042,7108.4398,511200.0,175399.1995,23.0,18.82,1.038
603313,梦百合,家居用品,江苏,20161013,603313.SH,20180504,21.08,21.45,20.9,20.91,21.31,-0.4,-1.88,5814.0,12295.906,0.706,0.8179,0.47,32.2005,53.9218,3.2747,2.1457,2.0329,5.7389,5.7389,24000.0,8234.7042,7108.4398,501840.0,172187.6648,23.44,19.18,1.038
603313,梦百合,家居用品,江苏,20161013,603313.SH,20180503,21.08,21.6,20.6,21.31,21.5,-0.19,-0.88,11282.0,23862.185,1.3701,1.5871,0.98,32.8165,54.9533,3.3374,2.1868,2.0718,5.6312,5.6312,24000.0,8234.7042,7108.4398,511440.0,175481.5465,23.65,19.35,1.038
603313,梦百合,家居用品,江苏,20161013,603313.SH,20180502,20.85,21.71,19.91,21.5,21.5,0.0,0.0,29085.94,59537.25,3.5321,4.0917,4.31,33.1091,55.4433,3.3671,2.2063,2.0903,5.5814,5.5814,24000.0,8234.7042,7108.4398,516000.0,177046.1403,23.65,19.35,1.038
603313,梦百合,家居用品,江苏,20161013,603313.SH,20180427,21.7,21.85,21.45,21.5,21.63,-0.13,-0.6,5592.0,12079.038,0.6791,0.7867,0.74,33.1091,33.1091,3.3698,2.2063,2.2063,5.5814,5.5814,24000.0,8234.7042,7108.4398,516000.0,177046.1403,23.79,19.47,1.038
603313,梦百合,家居用品,江苏,20161013,603313.SH,20180426,22.31,22.36,21.53,21.63,22.3,-0.67,-3.0,8493.69,18658.089,1.0315,1.1949,1.14,33.3093,33.3093,3.3902,2.2196,2.2196,5.5479,5.5479,24000.0,8234.7042,7108.4398,519120.0,178116.6518,24.53,20.07,1.038
603313,梦百合,家居用品,江苏,20161013,603313.SH,20180425,22.41,22.53,22.05,22.3,22.41,-0.11,-0.49,7483.0,16704.528,0.9087,1.0527,0.91,34.341,34.341,3.4952,2.2883,2.2883,5.3812,5.3812,24000.0,8234.7042,7108.4398,535200.0,183633.9037,24.65,20.17,1.038
603313,梦百合,家居用品,江苏,20161013,603313.SH,20180424,21.9,22.46,21.9,22.41,21.93,0.48,2.19,6647.0,14816.825,0.8072,0.9351,0.74,34.5104,34.5104,3.5125,2.2996,2.2996,5.3548,5.3548,24000.0,8234.7042,7108.4398,537840.0,184539.7211,24.12,19.74,1.038
603313,梦百合,家居用品,江苏,20161013,603313.SH,20180423,21.88,22.17,21.82,21.93,21.82,0.11,0.5,5529.0,12145.911,0.6714,0.7778,0.54,33.7712,33.7712,3.4372,2.2504,2.2504,5.472,5.472,24000.0,8234.7042,7108.4398,526320.0,180587.0631,24.0,19.64,1.038
603313,梦百合,家居用品,江苏,20161013,603313.SH,20180420,22.21,22.4,21.81,21.82,22.44,-0.62,-2.76,9794.93,21653.141,1.1895,1.3779,0.93,33.6018,33.6018,3.42,2.2391,2.2391,5.4995,5.4995,24000.0,8234.7042,7108.4398,523680.0,179681.2456,24.68,20.2,1.038
603313,梦百合,家居用品,江苏,20161013,603313.SH,20180419,22.48,22.65,22.28,22.44,22.44,0.0,0.0,7665.13,17239.396,0.9308,1.0783,0.59,34.5566,34.5566,3.5172,2.3027,2.3027,5.3476,5.3476,24000.0,8234.7042,7108.4398,538560.0,184786.7622,24.68,20.2,1.038
603313,梦百合,家居用品,江苏,20161013,603313.SH,20180418,22.75,22.8,21.95,22.44,22.65,-0.21,-0.93,11362.78,25287.686,1.3799,1.5985,0.85,34.5566,34.5566,3.5172,2.3027,2.3027,5.3476,5.3476,24000.0,8234.7042,7108.4398,538560.0,184786.7622,24.92,20.39,1.038
603313,梦百合,家居用品,江苏,20161013,603313.SH,20180417,23.4,23.48,22.49,22.65,23.35,-0.7,-3.0,10463.31,24013.292,1.2706,1.472,0.72,34.88,34.88,3.5501,2.3243,2.3243,5.298,5.298,24000.0,8234.7042,7108.4398,543600.0,186516.0501,25.69,21.02,1.038
603313,梦百合,家居用品,江苏,20161013,603313.SH,20180416,23.16,23.4,22.82,23.35,23.19,0.16,0.69,11500.16,26606.566,1.3965,1.6178,0.81,35.958,35.958,3.6598,2.3961,2.3961,5.1392,5.1392,24000.0,8234.7042,7108.4398,560400.0,192280.3431,25.51,20.87,1.038
603313,梦百合,家居用品,江苏,20161013,603313.SH,20180413,23.88,23.88,23.15,23.19,23.42,-0.23,-0.98,11865.0,27748.788,1.4409,1.6691,0.81,35.7116,35.7116,3.6347,2.3797,2.3797,5.1746,5.1746,24000.0,8234.7042,7108.4398,556560.0,190962.7904,25.76,21.08,1.038
603313,梦百合,家居用品,江苏,20161013,603313.SH,20180412,23.0,23.57,23.0,23.42,23.0,0.42,1.83,20184.2,47263.94,2.4511,2.8395,1.48,36.0658,36.0658,3.6708,2.4033,2.4033,5.1238,5.1238,24000.0,8234.7042,7108.4398,562080.0,192856.7724,25.3,20.7,1.038
603313,梦百合,家居用品,江苏,20161013,603313.SH,20180411,22.95,23.17,22.71,23.0,22.94,0.06,0.26,12813.95,29467.103,1.5561,1.8026,0.77,35.419,35.419,3.6049,2.3602,2.3602,5.2174,5.2174,24000.0,8234.7042,7108.4398,552000.0,189398.1966,25.23,20.65,1.038
603313,梦百合,家居用品,江苏,20161013,603313.SH,20180410,22.52,22.97,22.45,22.94,22.45,0.49,2.18,16540.95,37760.955,2.0087,2.3269,0.96,35.3266,35.3266,3.5955,2.354,2.354,5.231,5.231,24000.0,8234.7042,7108.4398,550560.0,188904.1143,24.7,20.21,1.038
603313,梦百合,家居用品,江苏,20161013,603313.SH,20180409,22.21,22.67,22.1,22.45,22.45,0.0,0.0,9704.0,21744.695,1.1784,1.3651,0.54,34.572,34.572,3.5187,2.3037,2.3037,5.3452,5.3452,24000.0,8234.7042,7108.4398,538800.0,184869.1093,24.7,20.21,1.038
603313,梦百合,家居用品,江苏,20161013,603313.SH,20180404,22.59,22.75,22.42,22.45,22.29,0.16,0.72,14136.52,31926.144,1.7167,1.9887,0.78,34.572,34.572,3.5187,2.3037,2.3037,5.3452,5.3452,24000.0,8234.7042,7108.4398,538800.0,184869.1093,24.52,20.06,1.038
603313,梦百合,家居用品,江苏,20161013,603313.SH,20180403,22.48,22.55,22.15,22.29,22.9,-0.61,-2.66,14867.0,33201.649,1.8054,2.0915,0.76,34.3256,34.3256,3.4937,2.2873,2.2873,5.3836,5.3836,24000.0,8234.7042,7108.4398,534960.0,183551.5566,25.19,20.61,1.038
603313,梦百合,家居用品,江苏,20161013,603313.SH,20180402,22.71,23.18,22.58,22.9,23.51,-0.61,-2.59,27529.88,62891.989,3.3432,3.8728,1.45,35.265,35.265,3.5893,2.3499,2.3499,5.2402,5.2402,24000.0,8234.7042,7108.4398,549600.0,188574.7262,25.86,21.16,1.038
603313,梦百合,家居用品,江苏,20161013,603313.SH,20180330,23.64,23.77,23.15,23.51,23.3,0.21,0.9,19718.55,46248.192,2.3946,2.774,0.83,28.1563,27.7297,3.7172,3.2747,2.611,5.1042,5.1042,24000.0,8234.7042,7108.4398,564240.0,193597.8957,25.63,20.97,1.038
603313,梦百合,家居用品,江苏,20161013,603313.SH,20180329,23.18,23.59,23.02,23.3,22.84,0.46,2.01,14317.93,33359.927,1.7387,2.0142,0.46,27.9048,27.482,3.684,3.2454,2.5877,5.1502,5.1502,24000.0,8234.7042,7108.4398,559200.0,191868.6079,25.12,20.56,1.038
603313,梦百合,家居用品,江苏,20161013,603313.SH,20180328,22.54,23.2,22.54,22.84,23.06,-0.22,-0.95,13998.45,31947.917,1.6999,1.9693,0.33,27.3539,26.9394,3.6112,3.1814,2.5366,5.2539,5.2539,24000.0,8234.7042,7108.4398,548160.0,188080.6439,25.37,20.75,1.038
603313,梦百合,家居用品,江苏,20161013,603313.SH,20180327,22.69,23.68,22.69,23.06,22.2,0.86,3.87,22156.93,51359.748,2.6907,3.117,0.55,27.6174,27.1989,3.646,3.212,2.561,5.2038,5.2038,24000.0,8234.7042,7108.4398,553440.0,189892.2789,24.42,19.98,1.038
603313,梦百合,家居用品,江苏,20161013,603313.SH,20180326,22.22,22.87,21.22,22.2,23.23,-1.03,-4.43,24430.57,53921.887,2.9668,3.4368,0.62,26.5874,26.1846,3.51,3.0922,2.4655,5.4054,5.4054,24000.0,8234.7042,7108.4398,532800.0,182810.4332,25.55,20.91,1.038
603313,梦百合,家居用品,江苏,20161013,603313.SH,20180323,24.2,24.21,23.23,23.23,25.81,-2.58,-10.0,43653.0,103110.273,5.3011,6.141,1.14,27.821,27.3994,3.6729,3.2357,2.5799,5.1657,5.1657,24000.0,8234.7042,7108.4398,557520.0,191292.1786,28.39,23.23,1.038
603313,梦百合,家居用品,江苏,20161013,603313.SH,20180322,25.25,26.66,25.19,25.81,25.63,0.18,0.7,49832.36,129269.064,6.0515,7.0103,1.62,30.9109,30.4425,4.0808,3.5951,2.8664,4.6494,4.6494,24000.0,8234.7042,7108.4398,619440.0,212537.7154,28.19,23.07,1.038
603313,梦百合,家居用品,江苏,20161013,603313.SH,20180321,27.42,27.42,25.54,25.63,24.93,0.7,2.81,70021.18,187339.318,8.5032,9.8504,3.84,30.6953,30.2302,4.0524,3.57,2.8464,4.682,4.682,24000.0,8234.7042,7108.4398,615120.0,211055.4686,27.42,22.44,1.038
603313,梦百合,家居用品,江苏,20161013,603313.SH,20180320,24.42,24.98,24.22,24.93,24.79,0.14,0.56,14320.61,35251.538,1.7391,2.0146,0.86,29.857,29.4045,3.9417,3.4725,2.7687,4.8135,4.8135,24000.0,8234.7042,7108.4398,598320.0,205291.1757,27.27,22.31,1.038
603313,梦百合,家居用品,江苏,20161013,603313.SH,20180319,24.69,24.99,24.3,24.79,25.01,-0.22,-0.88,20067.2,49233.307,2.4369,2.823,1.34,29.6893,29.2394,3.9195,3.453,2.7531,4.8407,4.8407,24000.0,8234.7042,7108.4398,594960.0,204138.3171,27.51,22.51,1.038
603313,梦百合,家居用品,江苏,20161013,603313.SH,20180316,24.2,25.96,24.2,25.01,24.2,0.81,3.35,37136.76,93840.169,4.5098,5.2243,4.25,29.9528,29.4989,3.9543,3.4836,2.7776,4.7981,4.7981,24000.0,8234.7042,7108.4398,600240.0,205949.952,26.62,21.78,1.038
603313,梦百合,家居用品,江苏,20161013,603313.SH,20180315,23.79,24.28,22.89,24.2,23.83,0.37,1.55,12282.53,28925.496,1.4916,1.7279,1.73,28.9827,28.5435,3.8263,3.3708,2.6876,4.9587,4.9587,24000.0,8234.7042,7108.4398,580800.0,199279.8416,26.21,21.45,1.038
603313,梦百合,家居用品,江苏,20161013,603313.SH,20180314,24.23,24.23,23.73,23.83,24.31,-0.48,-1.97,7468.0,17887.582,0.9069,1.0506,1.14,28.5396,28.1071,3.7678,3.3193,2.6465,5.0357,5.0357,24000.0,8234.7042,7108.4398,571920.0,196233.0011,26.74,21.88,1.038
603313,梦百合,家居用品,江苏,20161013,603313.SH,20180313,24.49,24.75,24.31,24.31,24.43,-0.12,-0.49,6602.2,16176.823,0.8018,0.9288,0.91,29.1144,28.6733,3.8436,3.3861,2.6998,4.9362,4.9362,24000.0,8234.7042,7108.4398,583440.0,200185.6591,26.87,21.99,1.038
603313,梦百合,家居用品,江苏,20161013,603313.SH,20180312,24.17,24.49,24.15,24.43,24.14,0.29,1.2,11554.0,28099.752,1.4031,1.6254,1.61,29.2581,28.8148,3.8626,3.4028,2.7131,4.912,4.912,24000.0,8234.7042,7108.4398,586320.0,201173.8236,26.55,21.73,1.038
603313,梦百合,家居用品,江苏,20161013,603313.SH,20180309,23.85,24.34,23.85,24.14,23.93,0.21,0.88,5761.0,13875.597,0.6996,0.8104,0.8,28.9108,28.4728,3.8168,3.3624,2.6809,4.971,4.971,24000.0,8234.7042,7108.4398,579360.0,198785.7594,26.32,21.54,1.038
603313,梦百合,家居用品,江苏,20161013,603313.SH,20180308,23.86,23.99,23.79,23.93,23.86,0.07,0.29,4195.0,10019.353,0.5094,0.5901,0.59,28.6593,28.2251,3.7836,3.3332,2.6576,5.0146,5.0146,24000.0,8234.7042,7108.4398,574320.0,197056.4715,26.25,21.47,1.038
603313,梦百合,家居用品,江苏,20161013,603313.SH,20180307,24.28,24.28,23.8,23.86,24.21,-0.35,-1.45,4612.0,11055.831,0.5601,0.6488,0.64,28.5755,28.1425,3.7725,3.3234,2.6498,5.0293,5.0293,24000.0,8234.7042,7108.4398,572640.0,196480.0422,26.63,21.79,1.038
603313,梦百合,家居用品,江苏,20161013,603313.SH,20180306,24.2,24.44,23.87,24.21,24.5,-0.29,-1.18,10117.0,24345.148,1.2286,1.4232,1.25,28.9947,28.5553,3.8278,3.3722,2.6887,4.9566,4.9566,24000.0,8234.7042,7108.4398,581040.0,199362.1887,26.95,22.05,1.038
603313,梦百合,家居用品,江苏,20161013,603313.SH,20180305,23.97,24.77,23.9,24.5,23.93,0.57,2.38,11172.76,27298.152,1.3568,1.5718,1.61,29.342,28.8974,3.8737,3.4126,2.7209,4.898,4.898,24000.0,8234.7042,7108.4398,588000.0,201750.2529,26.32,21.54,1.038
603313,梦百合,家居用品,江苏,20161013,603313.SH,20180302,24.3,24.45,23.86,23.93,23.87,0.06,0.25,6011.0,14501.461,0.73,0.8456,0.95,28.6593,28.2251,3.7836,3.3332,2.6576,5.0146,5.0146,24000.0,8234.7042,7108.4398,574320.0,197056.4715,26.26,21.48,1.038
603313,梦百合,家居用品,江苏,20161013,603313.SH,20180301,23.67,23.94,23.67,23.87,23.82,0.05,0.21,3663.0,8724.498,0.4448,0.5153,0.58,28.5875,28.1543,3.7741,3.3248,2.651,5.0272,5.0272,24000.0,8234.7042,7108.4398,572880.0,196562.3893,26.2,21.44,1.038
603313,梦百合,家居用品,江苏,20161013,603313.SH,20180228,23.99,24.08,23.76,23.82,24.28,-0.46,-1.89,5212.0,12455.22,0.6329,0.7332,0.86,28.5276,28.0953,3.7662,3.3179,2.6454,5.0378,5.0378,24000.0,8234.7042,7108.4398,571680.0,196150.654,26.71,21.85,1.038
603313,梦百合,家居用品,江苏,20161013,603313.SH,20180227,23.45,24.34,23.28,24.28,23.47,0.81,3.45,14559.0,34739.895,1.768,2.0166,3.63,29.0785,28.6379,3.8389,3.3819,2.6965,4.9423,4.9423,24000.0,8234.7042,7219.4698,582720.0,199938.618,25.82,21.12,1.038
603313,梦百合,家居用品,江苏,20161013,603313.SH,20180226,23.13,23.5,23.05,23.47,23.09,0.38,1.65,5203.34,12137.987,0.6319,0.7207,1.35,28.1084,27.6825,3.7108,3.2691,2.6065,5.1129,5.1129,24000.0,8234.7042,7219.4698,563280.0,193268.5076,25.4,20.78,1.038
603313,梦百合,家居用品,江苏,20161013,603313.SH,20180223,23.25,23.25,22.92,23.09,23.07,0.02,0.09,3140.0,7224.693,0.3813,0.4349,0.53,27.6533,27.2343,3.6508,3.2162,2.5643,5.1971,5.1971,24000.0,8234.7042,7219.4698,554160.0,190139.32,25.38,20.76,1.038
603313,梦百合,家居用品,江苏,20161013,603313.SH,20180222,23.01,23.13,22.85,23.07,22.94,0.13,0.57,3219.0,7419.8,0.3909,0.4459,0.51,27.6294,27.2107,3.6476,3.2134,2.5621,5.2016,5.2016,24000.0,8234.7042,7219.4698,553680.0,189974.6259,25.23,20.65,1.038
603313,梦百合,家居用品,江苏,20161013,603313.SH,20180214,22.8,23.0,22.6,22.94,22.75,0.19,0.84,4217.36,9626.222,0.5121,0.5842,0.58,27.4737,27.0574,3.627,3.1953,2.5477,5.231,5.231,24000.0,8234.7042,7219.4698,550560.0,188904.1143,25.03,20.48,1.038
603313,梦百合,家居用品,江苏,20161013,603313.SH,20180213,22.8,22.94,22.6,22.75,22.67,0.08,0.35,4292.76,9769.908,0.5213,0.5946,0.43,27.2461,26.8333,3.597,3.1688,2.5266,5.2747,5.2747,24000.0,8234.7042,7219.4698,546000.0,187339.5206,24.94,20.4,1.038
603313,梦百合,家居用品,江苏,20161013,603313.SH,20180212,22.32,22.84,22.32,22.67,22.26,0.41,1.84,4474.0,10164.699,0.5433,0.6197,0.45,27.1503,26.7389,3.5843,3.1577,2.5177,5.2933,5.2933,24000.0,8234.7042,7219.4698,544080.0,186680.7442,24.49,20.03,1.038
603313,梦百合,家居用品,江苏,20161013,603313.SH,20180209,22.82,22.83,21.72,22.26,23.22,-0.96,-4.13,13489.0,30003.547,1.6381,1.8546,1.5,26.6593,26.2553,3.5195,3.1006,2.4722,5.3908,5.3908,24000.0,8234.7042,7273.3698,534240.0,183304.5155,25.54,20.9,1.038
603313,梦百合,家居用品,江苏,20161013,603313.SH,20180208,22.69,23.45,22.55,23.22,22.91,0.31,1.35,4974.0,11522.246,0.604,0.6839,0.5,27.809,27.3876,3.6713,3.2343,2.5788,5.168,5.168,24000.0,8234.7042,7273.3698,557280.0,191209.8315,25.2,20.62,1.038
603313,梦百合,家居用品,江苏,20161013,603313.SH,20180207,23.29,23.42,22.52,22.91,23.13,-0.22,-0.95,9090.0,20955.544,1.1039,1.2498,0.9,27.4377,27.022,3.6223,3.1911,2.5443,5.2379,5.2379,24000.0,8234.7042,7273.3698,549840.0,188657.0732,25.44,20.82,1.038
603313,梦百合,家居用品,江苏,20161013,603313.SH,20180206,24.7,24.7,22.6,23.13,24.87,-1.74,-7.0,18167.0,42432.571,2.2062,2.4977,2.49,27.7012,27.2815,3.6571,3.2218,2.5688,5.1881,5.1881,24000.0,8234.7042,7273.3698,555120.0,190468.7081,27.36,22.38,1.038
603313,梦百合,家居用品,江苏,20161013,603313.SH,20180205,24.74,24.99,24.55,24.87,24.92,-0.05,-0.2,4473.0,11058.522,0.5432,0.615,0.53,29.7851,29.3338,3.9322,3.4641,2.762,4.8251,4.8251,24000.0,8234.7042,7273.3698,596880.0,204797.0935,27.41,22.43,1.038
603313,梦百合,家居用品,江苏,20161013,603313.SH,20180202,25.52,25.82,24.52,24.92,25.74,-0.82,-3.19,8363.0,21169.579,1.0156,1.1145,0.84,29.845,29.3927,3.9401,3.4711,2.7676,4.8154,4.8154,24000.0,8234.7042,7503.8631,598080.0,205208.8287,28.31,23.17,1.038
603313,梦百合,家居用品,江苏,20161013,603313.SH,20180201,26.47,26.62,25.52,25.74,26.47,-0.73,-2.76,9726.0,25344.25,1.1811,1.2961,1.04,30.827,30.3599,4.0697,3.5853,2.8586,4.662,4.662,24000.0,8234.7042,7503.8631,617760.0,211961.2861,29.12,23.82,1.038
603313,梦百合,家居用品,江苏,20161013,603313.SH,20180131,26.28,26.71,25.87,26.47,26.4,0.07,0.27,9843.2,25896.678,1.1953,1.3118,1.08,31.7013,31.2209,4.1852,3.687,2.9397,4.5334,4.5334,24000.0,8234.7042,7503.8631,635280.0,217972.6202,29.04,23.76,1.038
603313,梦百合,家居用品,江苏,20161013,603313.SH,20180130,26.33,26.5,26.2,26.4,26.39,0.01,0.04,4083.69,10776.698,0.4959,0.5442,0.42,31.6175,31.1384,4.1741,3.6772,2.9319,4.5455,4.5455,24000.0,8234.7042,7503.8631,633600.0,217396.1909,29.03,23.75,1.038
603313,梦百合,家居用品,江苏,20161013,603313.SH,20180129,26.53,26.81,26.26,26.39,26.4,-0.01,-0.04,10575.0,28101.381,1.2842,1.4093,1.1,31.6055,31.1266,4.1725,3.6758,2.9308,4.5472,4.5472,24000.0,8234.7042,7503.8631,633360.0,217313.8438,29.04,23.76,1.038
603313,梦百合,家居用品,江苏,20161013,603313.SH,20180126,25.81,26.65,25.69,26.4,25.91,0.49,1.89,15524.31,40845.025,1.8852,2.0688,1.91,31.6175,31.1384,4.1741,3.6772,2.9319,4.5455,4.5455,24000.0,8234.7042,7503.8631,633600.0,217396.1909,28.5,23.32,1.038
603313,梦百合,家居用品,江苏,20161013,603313.SH,20180125,26.08,26.2,25.89,25.91,26.07,-0.16,-0.61,6874.0,17858.971,0.8348,0.9161,0.84,31.0306,30.5604,4.0966,3.609,2.8775,4.6314,4.6314,24000.0,8234.7042,7503.8631,621840.0,213361.1858,28.68,23.46,1.038
603313,梦百合,家居用品,江苏,20161013,603313.SH,20180124,25.87,26.12,25.76,26.07,25.94,0.13,0.5,8380.2,21780.396,1.0177,1.1168,1.04,31.2223,30.7492,4.1219,3.6313,2.8953,4.603,4.603,24000.0,8234.7042,7503.8631,625680.0,214678.7385,28.53,23.35,1.038
603313,梦百合,家居用品,江苏,20161013,603313.SH,20180123,25.74,25.98,25.36,25.94,25.64,0.3,1.17,7639.46,19661.476,0.9277,1.0181,0.92,31.0666,30.5958,4.1014,3.6132,2.8808,4.6261,4.6261,24000.0,8234.7042,7503.8631,622560.0,213608.2269,28.2,23.08,1.038
603313,梦百合,家居用品,江苏,20161013,603313.SH,20180122,25.85,25.85,25.31,25.64,25.86,-0.22,-0.85,9746.2,24932.828,1.1836,1.2988,1.08,30.7073,30.242,4.0539,3.5714,2.8475,4.6802,4.6802,24000.0,8234.7042,7503.8631,615360.0,211137.8157,28.45,23.27,1.038
603313,梦百合,家居用品,江苏,20161013,603313.SH,20180119,26.03,26.18,25.8,25.86,26.03,-0.17,-0.65,8067.47,20924.973,0.9797,1.0751,0.63,30.9708,30.5015,4.0887,3.602,2.872,4.6404,4.6404,24000.0,8234.7042,7503.8631,620640.0,212949.4506,28.63,23.43,1.038
603313,梦百合,家居用品,江苏,20161013,603313.SH,20180118,26.1,26.24,25.99,26.03,26.1,-0.07,-0.27,6923.47,18060.133,0.8408,0.9227,0.36,31.1744,30.702,4.1156,3.6257,2.8908,4.6101,4.6101,24000.0,8234.7042,7503.8631,624720.0,214349.3503,28.71,23.49,1.038
603313,梦百合,家居用品,江苏,20161013,603313.SH,20180117,26.4,26.4,25.9,26.1,26.4,-0.3,-1.14,8051.69,21036.141,0.9778,1.073,0.4,31.2582,30.7845,4.1267,3.6354,2.8986,4.5977,4.5977,24000.0,8234.7042,7503.8631,626400.0,214925.7796,29.04,23.76,1.038
603313,梦百合,家居用品,江苏,20161013,603313.SH,20180116,26.36,26.49,26.0,26.4,26.28,0.12,0.46,8681.69,22834.016,1.0543,1.157,0.41,31.6175,31.1384,4.1741,3.6772,2.9319,4.5455,4.5455,24000.0,8234.7042,7503.8631,633600.0,217396.1909,28.91,23.65,1.038
603313,梦百合,家居用品,江苏,20161013,603313.SH,20180115,26.52,26.71,26.03,26.28,26.63,-0.35,-1.31,13247.39,34722.695,1.6087,1.7654,0.64,31.4738,30.9968,4.1551,3.6605,2.9186,4.5662,4.5662,24000.0,8234.7042,7503.8631,630720.0,216408.0264,29.29,23.97,1.038
603313,梦百合,家居用品,江苏,20161013,603313.SH,20180112,27.62,27.66,26.6,26.63,27.64,-1.01,-3.65,27448.58,74239.71,3.3333,3.6456,1.67,31.8929,31.4097,4.2105,3.7093,2.9575,4.5062,4.5062,24000.0,8234.7042,7529.1631,639120.0,219290.1728,30.4,24.88,1.038
603313,梦百合,家居用品,江苏,20161013,603313.SH,20180111,26.49,28.3,26.16,27.64,26.65,0.99,3.71,39886.58,108988.675,4.8437,5.2976,4.18,33.1025,32.6009,4.3702,3.85,3.0696,4.3415,4.3415,24000.0,8234.7042,7529.1631,663360.0,227607.2241,29.32,23.99,1.038
603313,梦百合,家居用品,江苏,20161013,603313.SH,20180110,26.26,26.72,25.91,26.65,26.38,0.27,1.02,11965.0,31439.551,1.453,1.5892,1.41,31.9169,31.4333,4.2136,3.7121,2.9597,4.5028,4.5028,24000.0,8234.7042,7529.1631,639600.0,219454.8669,29.02,23.74,1.038
603313,梦百合,家居用品,江苏,20161013,603313.SH,20180109,26.72,26.72,25.8,26.38,26.66,-0.28,-1.05,14584.6,38186.421,1.7711,1.9371,2.18,31.5935,31.1148,4.1709,3.6744,2.9297,4.5489,4.5489,24000.0,8234.7042,7529.1631,633120.0,217231.4968,29.33,23.99,1.038
603313,梦百合,家居用品,江苏,20161013,603313.SH,20180108,26.98,26.98,26.35,26.66,26.98,-0.32,-1.19,8934.05,23718.719,1.0849,1.1866,1.61,31.9289,31.4451,4.2152,3.7134,2.9608,4.5011,4.5011,24000.0,8234.7042,7529.1631,639840.0,219537.214,29.68,24.28,1.038
603313,梦百合,家居用品,江苏,20161013,603313.SH,20180105,26.86,27.38,26.8,26.98,26.86,0.12,0.45,7004.0,18974.654,0.8505,0.9302,1.35,32.3121,31.8225,4.2658,3.758,2.9963,4.4477,4.4477,24000.0,8234.7042,7529.1631,647520.0,222172.3193,29.55,24.17,1.038
603313,梦百合,家居用品,江苏,20161013,603313.SH,20180104,27.18,27.18,26.82,26.86,27.02,-0.16,-0.59,5258.8,14161.315,0.6386,0.6985,0.99,32.1684,31.6809,4.2468,3.7413,2.983,4.4676,4.4676,24000.0,8234.7042,7529.1631,644640.0,221184.1548,29.72,24.32,1.038
603313,梦百合,家居用品,江苏,20161013,603313.SH,20180103,27.21,27.21,26.9,27.02,27.09,-0.07,-0.26,6555.93,17706.923,0.7961,0.8707,1.27,32.36,31.8697,4.2721,3.7636,3.0008,4.4412,4.4412,24000.0,8234.7042,7529.1631,648480.0,222501.7075,29.8,24.38,1.038
603313,梦百合,家居用品,江苏,20161013,603313.SH,20180102,26.96,27.15,26.8,27.09,26.83,0.26,0.97,5633.15,15178.342,0.6841,0.7482,0.84,32.4438,31.9522,4.2832,3.7733,3.0086,4.4297,4.4297,24000.0,8234.7042,7529.1631,650160.0,223078.1368,29.51,24.15,1.038
603313,梦百合,家居用品,江苏,20161013,603313.SH,20171229,26.69,27.0,26.66,26.83,26.66,0.17,0.64,3298.2,8835.583,0.4005,0.4381,0.47,32.1325,31.6456,4.2421,3.7371,2.9797,,4.4726,24000.0,8234.7042,7529.1631,643920.0,220937.1137,29.33,23.99,1.038
603313,梦百合,家居用品,江苏,20161013,603313.SH,20171228,26.63,27.02,26.5,26.66,26.7,-0.04,-0.15,5249.0,14063.729,0.6374,0.6972,0.65,31.9289,31.4451,4.2152,3.7134,2.9608,,4.5011,24000.0,8234.7042,7529.1631,639840.0,219537.214,29.37,24.03,1.038
603313,梦百合,家居用品,江苏,20161013,603313.SH,20171227,26.68,26.96,26.24,26.7,26.67,0.03,0.11,5919.39,15769.957,0.7188,0.7862,0.71,31.9768,31.4922,4.2215,3.719,2.9652,,4.4944,24000.0,8234.7042,7529.1631,640800.0,219866.6021,29.34,24.0,1.038
603313,梦百合,家居用品,江苏,20161013,603313.SH,20171226,26.49,26.87,26.2,26.67,26.35,0.32,1.21,5665.3,15051.512,0.688,0.7524,0.69,31.9408,31.4568,4.2168,3.7148,2.9619,,4.4994,24000.0,8234.7042,7529.1631,640080.0,219619.561,28.99,23.72,1.038
603313,梦百合,家居用品,江苏,20161013,603313.SH,20171225,26.75,26.94,25.85,26.35,26.94,-0.59,-2.19,13579.37,35586.544,1.649,1.7923,2.02,31.5576,31.0794,4.1662,3.6703,2.9264,,4.5541,24000.0,8234.7042,7576.5531,632400.0,216984.4557,29.63,24.25,1.038
603313,梦百合,家居用品,江苏,20161013,603313.SH,20171222,27.1,27.37,26.9,26.94,27.29,-0.35,-1.28,4404.2,11925.628,0.5348,0.5813,0.61,32.2642,31.7753,4.2595,3.7525,2.9919,,4.4543,24000.0,8234.7042,7576.5531,646560.0,221842.9311,30.02,24.56,1.038
603313,梦百合,家居用品,江苏,20161013,603313.SH,20171221,27.4,27.44,26.66,27.29,27.38,-0.09,-0.33,10961.68,29633.868,1.3312,1.4468,1.85,32.6834,32.1881,4.3148,3.8012,3.0308,,4.3972,24000.0,8234.7042,7576.5531,654960.0,224725.0776,30.12,24.64,1.038
603313,梦百合,家居用品,江苏,20161013,603313.SH,20171220,28.15,28.15,27.33,27.38,28.08,-0.7,-2.49,6942.99,19246.829,0.8431,0.9164,1.25,32.7912,32.2943,4.329,3.8137,3.0408,,4.3828,24000.0,8234.7042,7576.5531,657120.0,225466.201,30.89,25.27,1.038
603313,梦百合,家居用品,江苏,20161013,603313.SH,20171219,27.88,28.1,27.88,28.08,27.97,0.11,0.39,5161.2,14449.632,0.6268,0.6812,0.88,33.6295,33.1199,4.4397,3.9112,3.1185,,4.2735,24000.0,8234.7042,7576.5531,673920.0,231230.4939,30.77,25.17,1.038
603313,梦百合,家居用品,江苏,20161013,603313.SH,20171218,28.1,28.2,27.71,27.97,28.04,-0.07,-0.25,6075.7,16916.971,0.7378,0.8019,1.09,33.4978,32.9902,4.4223,3.8959,3.1063,,4.2903,24000.0,8234.7042,7576.5531,671280.0,230324.6765,30.84,25.24,1.038
603313,梦百合,家居用品,江苏,20161013,603313.SH,20171215,28.11,28.3,27.9,28.04,28.28,-0.24,-0.85,6746.0,18941.181,0.8192,0.8904,1.26,33.5816,33.0727,4.4334,3.9057,3.1141,,4.2796,24000.0,8234.7042,7576.5531,672960.0,230901.1058,31.11,25.45,1.038
603313,梦百合,家居用品,江苏,20161013,603313.SH,20171214,28.42,28.53,28.18,28.28,28.35,-0.07,-0.25,4626.0,13114.424,0.5618,0.6106,0.86,33.869,33.3558,4.4713,3.9391,3.1407,,4.2433,24000.0,8234.7042,7576.5531,678720.0,232877.4348,31.19,25.52,1.038
603313,梦百合,家居用品,江苏,20161013,603313.SH,20171213,28.07,28.46,28.07,28.35,28.21,0.14,0.5,5241.0,14843.755,0.6365,0.6917,0.85,33.9529,33.4384,4.4824,3.9488,3.1485,,4.2328,24000.0,8234.7042,7576.5531,680400.0,233453.8641,31.03,25.39,1.038
603313,梦百合,家居用品,江苏,20161013,603313.SH,20171212,29.0,29.14,28.2,28.21,29.07,-0.86,-2.96,6779.98,19428.337,0.8233,0.8949,0.86,33.7852,33.2733,4.4603,3.9293,3.1329,,4.2538,24000.0,8234.7042,7576.5531,677040.0,232301.0055,31.98,26.16,1.038
603313,梦百合,家居用品,江苏,20161013,603313.SH,20171211,28.95,29.19,28.9,29.07,29.09,-0.02,-0.07,4391.2,12759.617,0.5333,0.5796,0.45,34.8152,34.2876,4.5962,4.0491,3.2285,,4.128,24000.0,8234.7042,7576.5531,697680.0,239382.8511,32.0,26.18,1.038
603313,梦百合,家居用品,江苏,20161013,603313.SH,20171208,29.0,29.29,28.88,29.09,28.86,0.23,0.8,5783.0,16847.308,0.7023,0.7633,0.49,34.8391,34.3112,4.5994,4.0519,3.2307,,4.1251,24000.0,8234.7042,7576.5531,698160.0,239547.5452,31.75,25.97,1.038
603313,梦百合,家居用品,江苏,20161013,603313.SH,20171207,29.01,29.22,28.53,28.86,29.18,-0.32,-1.1,4720.91,13686.933,0.5733,0.6231,0.36,34.5636,34.0399,4.563,4.0199,3.2051,,4.158,24000.0,8234.7042,7576.5531,692640.0,237653.5632,32.1,26.26,1.038
603313,梦百合,家居用品,江苏,20161013,603313.SH,20171206,29.06,29.38,28.01,29.18,29.29,-0.11,-0.38,9235.9,26618.796,1.1216,1.219,0.69,34.9469,34.4174,4.6136,4.0645,3.2407,,4.1124,24000.0,8234.7042,7576.5531,700320.0,240288.6686,32.22,26.36,1.038
603313,梦百合,家居用品,江苏,20161013,603313.SH,20171205,30.2,30.26,28.74,29.29,30.2,-0.91,-3.01,15483.71,45628.805,1.8803,2.0436,1.14,35.0786,34.5471,4.631,4.0798,3.2529,,4.097,24000.0,8234.7042,7576.5531,702960.0,241194.486,33.22,27.18,1.038
603313,梦百合,家居用品,江苏,20161013,603313.SH,20171204,30.98,30.98,30.02,30.2,30.91,-0.71,-2.3,13134.9,39852.264,1.5951,1.7336,1.01,36.1685,35.6204,4.7749,4.2065,3.354,,3.9735,24000.0,8234.7042,7576.5531,724800.0,248688.0668,34.0,27.82,1.038
603313,梦百合,家居用品,江苏,20161013,603313.SH,20171201,30.36,30.93,30.05,30.91,30.44,0.47,1.54,16118.43,49502.305,1.9574,2.1274,1.33,37.0188,36.4579,4.8872,4.3054,3.4328,,3.8822,24000.0,8234.7042,7576.5531,741840.0,254534.7068,33.48,27.4,1.038
603313,梦百合,家居用品,江苏,20161013,603313.SH,20171130,30.38,30.8,30.29,30.44,30.54,-0.1,-0.33,10710.82,32645.419,1.3007,1.4137,0.73,36.4559,35.9035,4.8129,4.24,3.3806,,3.9422,24000.0,8234.7042,7576.5531,730560.0,250664.3958,33.59,27.49,1.038
603313,梦百合,家居用品,江苏,20161013,603313.SH,20171129,30.62,30.7,30.14,30.54,30.7,-0.16,-0.52,11822.78,35901.806,1.4357,1.5604,0.72,36.5757,36.0215,4.8287,4.2539,3.3917,,3.9293,24000.0,8234.7042,7576.5531,732960.0,251487.8663,33.77,27.63,1.038
603313,梦百合,家居用品,江苏,20161013,603313.SH,20171128,29.69,30.72,29.5,30.7,29.7,1.0,3.37,15901.78,48320.325,1.9311,2.0988,0.76,36.7673,36.2102,4.854,4.2762,3.4095,,3.9088,24000.0,8234.7042,7576.5531,736800.0,252805.4189,32.67,26.73,1.038
603313,梦百合,家居用品,江苏,20161013,603313.SH,20171127,29.9,30.01,29.4,29.7,30.01,-0.31,-1.03,10788.83,32037.929,1.3102,1.424,0.45,35.5697,35.0307,4.6959,4.1369,3.2984,,4.0404,24000.0,8234.7042,7576.5531,712800.0,244570.7147,33.01,27.01,1.038
603313,梦百合,家居用品,江苏,20161013,603313.SH,20171124,29.81,30.3,29.61,30.01,29.91,0.1,0.33,11564.2,34705.441,1.4043,1.5263,0.37,35.9409,35.3963,4.7449,4.1801,3.3329,,3.9987,24000.0,8234.7042,7576.5531,720240.0,247123.473,32.9,26.92,1.038
603313,梦百合,家居用品,江苏,20161013,603313.SH,20171123,30.68,30.75,29.9,29.91,30.81,-0.9,-2.92,22862.39,69432.131,2.7763,3.0175,0.69,35.8212,35.2784,4.7291,4.1661,3.3217,,4.012,24000.0,8234.7042,7576.5531,717840.0,246300.0026,33.89,27.73,1.038
603313,梦百合,家居用品,江苏,20161013,603313.SH,20171122,30.9,30.95,30.46,30.81,30.89,-0.08,-0.26,21419.39,65645.918,2.6011,2.8271,0.57,36.899,36.3399,4.8714,4.2915,3.4217,,3.8948,24000.0,8234.7042,7576.5531,739440.0,253711.2364,33.98,27.8,1.038
603313,梦百合,家居用品,江苏,20161013,603313.SH,20171121,30.28,31.16,30.0,30.89,30.27,0.62,2.05,38602.52,118802.693,4.6878,5.095,1.18,36.9948,36.4343,4.884,4.3026,3.4306,,3.8848,24000.0,8234.7042,7576.5531,741360.0,254370.0127,33.3,27.24,1.038
603313,梦百合,家居用品,江苏,20161013,603313.SH,20171120,29.64,30.32,29.02,30.27,29.89,0.38,1.27,25471.85,75395.312,3.0932,3.3619,0.83,36.2523,35.703,4.786,4.2163,3.3617,,3.9643,24000.0,8234.7042,7576.5531,726480.0,249264.4961,32.88,26.9,1.038
603313,梦百合,家居用品,江苏,20161013,603313.SH,20171117,29.92,30.45,29.5,29.89,29.93,-0.04,-0.13,46126.29,138710.17,5.6015,6.088,1.77,35.7972,35.2548,4.7259,4.1634,3.3195,,4.0147,24000.0,8234.7042,7576.5531,717360.0,246135.3085,32.92,26.94,1.038
603313,梦百合,家居用品,江苏,20161013,603313.SH,20171116,28.9,29.99,28.4,29.93,29.31,0.62,2.12,35147.1,104013.548,4.2682,4.6389,1.46,35.8451,35.302,4.7322,4.1689,3.324,,4.0094,24000.0,8234.7042,7576.5531,718320.0,246464.6967,32.24,26.38,1.038
603313,梦百合,家居用品,江苏,20161013,603313.SH,20171115,29.54,30.45,29.25,29.31,28.9,0.41,1.42,44071.54,130610.569,5.3519,5.8168,2.38,35.1026,34.5707,4.6342,4.0826,3.2551,,4.0942,24000.0,8234.7042,7576.5531,703440.0,241359.1801,31.79,26.01,1.038
603313,梦百合,家居用品,江苏,20161013,603313.SH,20171114,29.28,29.35,28.55,28.9,29.28,-0.38,-1.3,12797.2,36880.793,1.5541,1.6833,0.71,34.6116,34.0871,4.5694,4.0255,3.2096,,4.1522,24000.0,8234.7042,7602.4731,693600.0,237982.9514,32.21,26.35,1.038
603313,梦百合,家居用品,江苏,20161013,603313.SH,20171113,28.9,29.4,28.68,29.28,29.05,0.23,0.79,15661.0,45639.977,1.9018,2.06,0.8,35.0667,34.5353,4.6295,4.0784,3.2518,,4.0984,24000.0,8234.7042,7602.4731,702720.0,241112.139,31.96,26.15,1.038
603313,梦百合,家居用品,江苏,20161013,603313.SH,20171110,29.19,29.46,28.68,29.05,29.26,-0.21,-0.72,22971.44,66905.793,2.7896,3.0216,1.2,34.7912,34.264,4.5931,4.0464,3.2262,,4.1308,24000.0,8234.7042,7602.4731,697200.0,239218.157,32.19,26.33,1.038
603313,梦百合,家居用品,江苏,20161013,603313.SH,20171109,28.25,29.5,28.1,29.26,28.45,0.81,2.85,24876.61,72038.24,3.0209,3.2722,1.45,35.0427,34.5117,4.6263,4.0756,3.2496,,4.1012,24000.0,8234.7042,7602.4731,702240.0,240947.4449,31.3,25.61,1.038
603313,梦百合,家居用品,江苏,20161013,603313.SH,20171108,28.26,28.68,28.25,28.45,28.04,0.41,1.46,16316.39,46541.168,1.9814,2.1462,0.97,34.0726,33.5563,4.4982,3.9628,3.1596,,4.2179,24000.0,8234.7042,7602.4731,682800.0,234277.3345,30.84,25.24,1.038
603313,梦百合,家居用品,江苏,20161013,603313.SH,20171107,27.97,28.2,27.8,28.04,28.16,-0.12,-0.43,10017.0,28028.039,1.2164,1.3063,0.54,33.5816,33.0727,4.4334,3.9057,3.1141,,4.2796,24000.0,8234.7042,7668.3301,672960.0,230901.1058,30.98,25.34,1.038
603313,梦百合,家居用品,江苏,20161013,603313.SH,20171106,28.0,28.2,27.2,28.16,28.11,0.05,0.18,23633.6,65513.832,2.87,3.082,1.41,33.7253,33.2143,4.4524,3.9224,3.1274,,4.2614,24000.0,8234.7042,7668.3301,675840.0,231889.2703,30.92,25.3,1.038
603313,梦百合,家居用品,江苏,20161013,603313.SH,20171103,28.93,29.06,27.96,28.11,28.83,-0.72,-2.5,20662.0,58502.01,2.5091,2.6945,1.28,33.6654,33.1553,4.4445,3.9154,3.1218,,4.2689,24000.0,8234.7042,7668.3301,674640.0,231477.5351,31.71,25.95,1.038
603313,梦百合,家居用品,江苏,20161013,603313.SH,20171102,29.26,29.47,28.76,28.83,29.26,-0.43,-1.47,15275.01,44425.484,1.855,1.992,0.81,34.5277,34.0045,4.5583,4.0157,3.2018,,4.1623,24000.0,8234.7042,7668.3301,691920.0,237406.5221,32.19,26.33,1.038
603313,梦百合,家居用品,江苏,20161013,603313.SH,20171101,29.69,29.78,29.15,29.26,29.6,-0.34,-1.15,14901.16,43864.894,1.8096,1.9432,0.71,35.0427,34.5117,4.6263,4.0756,3.2496,,4.1012,24000.0,8234.7042,7668.3301,702240.0,240947.4449,32.56,26.64,1.038
603313,梦百合,家居用品,江苏,20161013,603313.SH,20171031,29.01,29.69,28.81,29.6,29.01,0.59,2.03,18041.98,53089.841,2.191,2.3528,0.94,35.4499,34.9127,4.68,4.123,3.2873,,4.0541,24000.0,8234.7042,7668.3301,710400.0,243747.2443,31.91,26.11,1.038
603313,梦百合,家居用品,江苏,20161013,603313.SH,20171030,29.3,29.62,28.86,29.01,29.4,-0.39,-1.33,14700.15,42817.522,1.7851,1.917,0.78,34.7433,34.2168,4.5868,4.0408,3.2218,,4.1365,24000.0,8234.7042,7668.3301,696240.0,238888.7688,32.34,26.46,1.038
603313,梦百合,家居用品,江苏,20161013,603313.SH,20171027,29.5,29.75,29.18,29.4,29.41,-0.01,-0.03,17839.57,52460.523,2.1664,2.3264,1.01,35.2104,34.6768,4.6484,4.0951,3.2651,,4.0816,24000.0,8234.7042,7668.3301,705600.0,242100.3035,32.35,26.47,1.038
603313,梦百合,家居用品,江苏,20161013,603313.SH,20171026,29.13,29.64,29.01,29.41,29.18,0.23,0.79,28914.74,84877.507,3.5113,3.7498,1.82,35.2223,34.6886,4.65,4.0965,3.2662,,4.0802,24000.0,8234.7042,7711.1101,705840.0,242182.6505,32.1,26.26,1.038
603313,梦百合,家居用品,江苏,20161013,603313.SH,20171025,28.49,29.2,28.17,29.18,28.49,0.69,2.42,25910.71,74768.658,3.1465,3.3602,1.78,34.9469,34.4174,4.6136,4.0645,3.2407,,4.1124,24000.0,8234.7042,7711.1101,700320.0,240288.6686,31.34,25.64,1.038
603313,梦百合,家居用品,江苏,20161013,603313.SH,20171024,28.66,28.8,28.29,28.49,28.81,-0.32,-1.11,8712.38,24785.717,1.058,1.1298,0.58,34.1205,33.6035,4.5045,3.9683,3.164,,4.212,24000.0,8234.7042,7711.1101,683760.0,234606.7227,31.69,25.93,1.038
603313,梦百合,家居用品,江苏,20161013,603313.SH,20171023,28.7,28.84,28.53,28.81,28.51,0.3,1.05,13095.04,37572.084,1.5902,1.6982,0.85,34.5038,33.9809,4.5551,4.0129,3.1996,,4.1652,24000.0,8234.7042,7711.1101,691440.0,237241.828,31.36,25.66,1.038
603313,梦百合,家居用品,江苏,20161013,603313.SH,20171020,28.14,28.58,27.94,28.51,28.18,0.33,1.17,11954.6,33707.309,1.4517,1.5503,0.77,34.1445,33.6271,4.5077,3.9711,3.1663,,4.209,24000.0,8234.7042,7711.1101,684240.0,234771.4167,31.0,25.36,1.038
603313,梦百合,家居用品,江苏,20161013,603313.SH,20171019,28.1,28.48,27.8,28.18,28.97,-0.79,-2.73,19552.77,55047.742,2.3744,2.5357,1.49,33.7493,33.2379,4.4555,3.9252,3.1296,,4.2583,24000.0,8234.7042,7711.1101,676320.0,232053.9644,31.87,26.07,1.038
603313,梦百合,家居用品,江苏,20161013,603313.SH,20171018,28.8,29.32,28.71,28.97,28.67,0.3,1.05,19556.37,56874.607,2.3749,2.5361,1.74,34.6954,29.8548,4.669,4.0352,3.4914,,4.1422,24000.0,8234.7042,7711.1101,695280.0,238559.3807,31.54,25.8,1.038
603313,梦百合,家居用品,江苏,20161013,603313.SH,20171017,28.45,29.0,28.45,28.67,28.48,0.19,0.67,10462.01,30095.078,1.2705,1.3567,0.95,34.3361,29.5456,4.6206,3.9934,3.4553,,4.1856,24000.0,8234.7042,7711.1101,688080.0,236088.9694,31.33,25.63,1.038
603313,梦百合,家居用品,江苏,20161013,603313.SH,20171016,29.2,29.33,28.45,28.48,29.29,-0.81,-2.77,15611.98,44942.412,1.8959,2.0246,1.49,34.1085,29.3498,4.59,3.967,3.4324,,4.2135,24000.0,8234.7042,7711.1101,683520.0,234524.3756,32.22,26.36,1.038
603313,梦百合,家居用品,江苏,20161013,603313.SH,20171013,29.13,29.45,29.02,29.29,29.03,0.26,0.9,12506.0,36631.087,1.5187,1.6218,1.06,35.0786,30.1846,4.7206,4.0798,3.53,,4.097,24000.0,8234.7042,7711.1101,702960.0,241194.486,31.93,26.13,1.038
603313,梦百合,家居用品,江苏,20161013,603313.SH,20171012,29.22,29.33,28.9,29.03,29.2,-0.17,-0.58,7350.93,21388.892,1.2252,1.3423,0.62,34.7672,29.9166,4.6787,4.0436,3.4986,,4.1337,24000.0,6000.0,5476.4059,696720.0,174180.0,32.12,26.28,1.038
603313,梦百合,家居用品,江苏,20161013,603313.SH,20171011,29.26,29.3,29.02,29.2,29.26,-0.06,-0.21,10173.72,29683.986,1.6956,1.8577,0.86,34.9708,30.0918,4.7061,4.0672,3.5191,,4.1096,24000.0,6000.0,5476.4059,700800.0,175200.0,32.19,26.33,1.038
603313,梦百合,家居用品,江苏,20161013,603313.SH,20171010,28.91,29.28,28.81,29.26,28.99,0.27,0.93,9542.38,27686.524,1.5904,1.7425,0.73,35.0427,30.1536,4.7157,4.0756,3.5264,,4.1012,24000.0,6000.0,5476.4059,702240.0,175560.0,31.89,26.09,1.038
603313,梦百合,家居用品,江苏,20161013,603313.SH,20171009,29.3,29.49,28.88,28.99,28.93,0.06,0.21,12893.4,37644.472,2.1489,2.3544,1.04,34.7193,29.8754,4.6722,4.038,3.4938,,4.1394,24000.0,6000.0,5476.4059,695760.0,173940.0,31.82,26.04,1.038
603313,梦百合,家居用品,江苏,20161013,603313.SH,20170929,28.2,29.17,28.17,28.93,28.1,0.83,2.95,18934.92,54704.936,3.1558,3.4575,1.71,34.6475,29.8136,4.6625,4.0296,3.4866,,4.1479,24000.0,6000.0,5476.4059,694320.0,173580.0,30.91,25.29,1.038
603313,梦百合,家居用品,江苏,20161013,603313.SH,20170928,28.34,28.47,28.05,28.1,28.34,-0.24,-0.85,8161.31,22998.926,1.3602,1.4903,0.73,33.6534,28.9582,4.5288,3.914,3.3866,,4.2705,24000.0,6000.0,5476.4059,674400.0,168600.0,31.17,25.51,1.038
603313,梦百合,家居用品,江苏,20161013,603313.SH,20170927,28.11,28.59,28.03,28.34,28.01,0.33,1.18,9329.77,26473.553,1.555,1.7036,0.85,33.9409,29.2055,4.5675,3.9475,3.4155,,4.2343,24000.0,6000.0,5476.4059,680160.0,170040.0,30.81,25.21,1.038
603313,梦百合,家居用品,江苏,20161013,603313.SH,20170926,28.54,28.7,27.86,28.01,28.58,-0.57,-1.99,15979.68,45135.248,2.6633,2.9179,1.65,33.5457,28.8655,4.5143,3.9015,3.3757,,4.2842,24000.0,6000.0,5476.4059,672240.0,168060.0,31.44,25.72,1.038
603313,梦百合,家居用品,江苏,20161013,603313.SH,20170925,28.75,28.99,28.53,28.58,28.86,-0.28,-0.97,9317.54,26812.387,1.5529,1.7014,0.96,34.2283,29.4529,4.6061,3.9809,3.4444,,4.1987,24000.0,6000.0,5476.4059,685920.0,171480.0,31.75,25.97,1.038
603313,梦百合,家居用品,江苏,20161013,603313.SH,20170922,29.3,29.37,28.8,28.86,29.31,-0.45,-1.54,12525.77,36302.053,2.0876,2.2872,1.4,34.5636,29.7414,4.6513,4.0199,3.4782,,4.158,24000.0,6000.0,5476.4059,692640.0,173160.0,32.24,26.38,1.038
603313,梦百合,家居用品,江苏,20161013,603313.SH,20170921,29.85,29.85,29.29,29.31,29.84,-0.53,-1.78,8386.62,24824.082,1.3978,1.5314,0.82,35.1026,30.2052,4.7238,4.0826,3.5324,,4.0942,24000.0,6000.0,5476.4059,703440.0,175860.0,32.82,26.86,1.038
603313,梦百合,家居用品,江苏,20161013,603313.SH,20170920,29.75,29.92,29.58,29.84,29.91,-0.07,-0.23,8410.69,25014.514,1.4018,1.5358,0.74,35.7373,30.7513,4.8092,4.1564,3.5963,,4.0214,24000.0,6000.0,5476.4059,716160.0,179040.0,32.9,26.92,1.038
603313,梦百合,家居用品,江苏,20161013,603313.SH,20170919,29.86,29.98,29.73,29.91,29.8,0.11,0.37,9742.1,29078.22,1.6237,1.7789,0.75,35.8212,30.8235,4.8205,4.1661,3.6047,,4.012,24000.0,6000.0,5476.4059,717840.0,179460.0,32.78,26.82,1.038
603313,梦百合,家居用品,江苏,20161013,603313.SH,20170918,29.39,29.84,29.27,29.8,29.42,0.38,1.29,9609.72,28478.892,1.6016,1.7547,0.7,35.6894,30.7101,4.8028,4.1508,3.5914,,4.0268,24000.0,6000.0,5476.4059,715200.0,178800.0,32.36,26.48,1.038
603313,梦百合,家居用品,江苏,20161013,603313.SH,20170915,29.58,29.58,29.34,29.42,29.58,-0.16,-0.54,8457.65,24895.7,1.4096,1.5444,0.59,35.2343,30.3185,4.7415,4.0979,3.5456,,4.0789,24000.0,6000.0,5476.4059,706080.0,176520.0,32.54,26.62,1.038
603313,梦百合,家居用品,江苏,20161013,603313.SH,20170914,29.87,29.92,29.42,29.58,29.87,-0.29,-0.97,14856.39,44006.516,2.4761,2.7128,1.1,35.4259,30.4834,4.7673,4.1202,3.5649,,4.0568,24000.0,6000.0,5476.4059,709920.0,177480.0,32.86,26.88,1.038
603313,梦百合,家居用品,江苏,20161013,603313.SH,20170913,30.0,30.13,29.61,29.87,30.04,-0.17,-0.57,14157.41,42184.758,2.3596,2.5852,1.09,35.7733,30.7823,4.814,4.1606,3.5999,,4.0174,24000.0,6000.0,5476.4059,716880.0,179220.0,33.04,27.04,1.038
603313,梦百合,家居用品,江苏,20161013,603313.SH,20170912,30.56,30.57,29.92,30.04,30.56,-0.52,-1.7,18088.97,54532.543,3.0148,3.3031,1.49,35.9769,30.9575,4.8414,4.1842,3.6204,,3.9947,24000.0,6000.0,5476.4059,720960.0,180240.0,33.62,27.5,1.038
603313,梦百合,家居用品,江苏,20161013,603313.SH,20170911,30.23,30.58,30.03,30.56,30.23,0.33,1.09,12964.62,39285.129,2.1608,2.3674,0.95,36.5996,31.4933,4.9252,4.2567,3.683,,3.9267,24000.0,6000.0,5476.4059,733440.0,183360.0,33.25,27.21,1.038
603313,梦百合,家居用品,江苏,20161013,603313.SH,20170908,30.2,30.42,30.02,30.23,30.27,-0.04,-0.13,11651.0,35146.42,1.9418,2.1275,0.76,36.2044,31.1533,4.8721,4.2107,3.6433,,3.9696,24000.0,6000.0,5476.4059,725520.0,181380.0,33.3,27.24,1.038
603313,梦百合,家居用品,江苏,20161013,603313.SH,20170907,30.45,30.65,30.02,30.27,30.33,-0.06,-0.2,10969.0,33356.779,1.8282,2.003,0.65,36.2523,31.1945,4.8785,4.2163,3.6481,,3.9643,24000.0,6000.0,5476.4059,726480.0,181620.0,33.36,27.3,1.038
603313,梦百合,家居用品,江苏,20161013,603313.SH,20170906,30.59,30.65,30.12,30.33,30.46,-0.13,-0.43,11401.5,34558.145,1.9003,2.0819,0.64,36.3242,31.2563,4.8882,4.2246,3.6553,,3.9565,24000.0,6000.0,5476.4059,727920.0,181980.0,33.51,27.41,1.038
603313,梦百合,家居用品,江苏,20161013,603313.SH,20170905,30.41,30.76,30.27,30.46,30.41,0.05,0.16,13615.01,41503.848,2.2692,2.4861,0.69,36.4799,31.3903,4.9091,4.2427,3.671,,3.9396,24000.0,6000.0,5476.4059,731040.0,182760.0,33.45,27.37,1.038
603313,梦百合,家居用品,江苏,20161013,603313.SH,20170904,30.81,31.09,30.31,30.41,30.96,-0.55,-1.78,20246.4,62094.061,3.3744,3.697,0.98,36.42,31.3388,4.9011,4.2358,3.665,,3.9461,24000.0,6000.0,5476.4059,729840.0,182460.0,34.06,27.86,1.038
603313,梦百合,家居用品,江苏,20161013,603313.SH,20170901,31.37,31.37,30.71,30.96,31.34,-0.38,-1.21,20096.25,62159.255,3.3494,3.6696,1.03,37.0787,31.9056,4.9897,4.3124,3.7312,,3.876,24000.0,6000.0,5476.4059,743040.0,185760.0,34.47,28.21,1.038
603313,梦百合,家居用品,江苏,20161013,603313.SH,20170831,30.7,31.37,30.67,31.34,30.77,0.57,1.85,19388.85,60355.619,3.2315,3.5404,1.13,37.5338,32.2972,5.051,4.3653,3.777,,3.829,24000.0,6000.0,5476.4059,752160.0,188040.0,33.85,27.69,1.038
603313,梦百合,家居用品,江苏,20161013,603313.SH,20170830,31.1,31.12,30.7,30.77,31.22,-0.45,-1.44,15558.62,47989.65,2.5931,2.841,1.0,36.8511,31.7098,4.9591,4.2859,3.7083,,3.8999,24000.0,6000.0,5476.4059,738480.0,184620.0,34.34,28.1,1.038
603313,梦百合,家居用品,江苏,20161013,603313.SH,20170829,31.13,31.39,30.81,31.22,31.11,0.11,0.35,22795.73,70844.53,3.7993,4.1625,1.73,37.3901,32.1735,5.0316,4.3486,3.7626,,3.8437,24000.0,6000.0,5476.4059,749280.0,187320.0,34.22,28.0,1.038
603313,梦百合,家居用品,江苏,20161013,603313.SH,20170828,30.82,31.16,30.51,31.11,30.61,0.5,1.63,25615.01,79046.404,4.2692,4.6773,2.65,37.2583,32.0601,5.0139,4.3333,3.7493,,3.8573,24000.0,6000.0,5476.4059,746640.0,186660.0,33.67,27.55,1.038
603313,梦百合,家居用品,江苏,20161013,603313.SH,20170825,30.33,30.65,30.2,30.61,30.31,0.3,0.99,13959.86,42520.569,2.3266,2.5491,1.56,36.6595,33.9491,5.0951,4.2636,4.0041,,3.9203,24000.0,6000.0,5476.4059,734640.0,183660.0,33.34,27.28,1.038
603313,梦百合,家居用品,江苏,20161013,603313.SH,20170824,30.49,30.65,30.2,30.31,30.49,-0.18,-0.59,7933.56,24082.979,1.3223,1.4487,0.86,36.3002,33.6163,5.0451,4.2219,3.9649,,3.9591,24000.0,6000.0,5476.4059,727440.0,181860.0,33.54,27.44,1.038
603313,梦百合,家居用品,江苏,20161013,603313.SH,20170823,30.49,30.78,30.03,30.49,30.45,0.04,0.13,7453.0,22627.76,1.2422,1.3609,0.71,36.5158,33.816,5.0751,4.2469,3.9884,,3.9357,24000.0,6000.0,5476.4059,731760.0,182940.0,33.5,27.41,1.038
603313,梦百合,家居用品,江苏,20161013,603313.SH,20170822,30.45,30.8,30.26,30.45,30.33,0.12,0.4,10932.0,33402.956,1.822,1.9962,1.1,36.4679,33.7716,5.0684,4.2414,3.9832,,3.9409,24000.0,6000.0,5476.4059,730800.0,182700.0,33.36,27.3,1.038
603313,梦百合,家居用品,江苏,20161013,603313.SH,20170821,30.1,30.43,29.92,30.33,30.1,0.23,0.76,8059.28,24337.298,1.3432,1.4716,0.82,36.3242,33.6385,5.0485,4.2246,3.9675,,3.9565,24000.0,6000.0,5476.4059,727920.0,181980.0,33.11,27.09,1.038
603313,梦百合,家居用品,江苏,20161013,603313.SH,20170818,30.59,30.59,30.06,30.1,30.57,-0.47,-1.54,10373.04,31432.709,1.7288,1.8941,1.05,36.0487,33.3834,5.0102,4.1926,3.9374,,3.9867,24000.0,6000.0,5476.4059,722400.0,180600.0,33.63,27.51,1.038
603313,梦百合,家居用品,江苏,20161013,603313.SH,20170817,30.54,30.67,30.38,30.57,30.51,0.06,0.2,9357.93,28516.965,1.5597,1.7088,0.87,36.6116,33.9047,5.0884,4.2581,3.9989,,3.9254,24000.0,6000.0,5476.4059,733680.0,183420.0,33.56,27.46,1.038
603313,梦百合,家居用品,江苏,20161013,603313.SH,20170816,30.44,30.85,30.27,30.51,30.51,0.0,0.0,13617.0,41582.061,2.2695,2.4865,1.22,36.5397,33.8382,5.0784,4.2497,3.991,,3.9331,24000.0,6000.0,5476.4059,732240.0,183060.0,33.56,27.46,1.038
603313,梦百合,家居用品,江苏,20161013,603313.SH,20170815,30.32,30.88,30.32,30.51,30.32,0.19,0.63,8306.47,25388.606,1.3844,1.5168,0.69,36.5397,33.8382,5.0784,4.2497,3.991,,3.9331,24000.0,6000.0,5476.4059,732240.0,183060.0,33.35,27.29,1.038
603313,梦百合,家居用品,江苏,20161013,603313.SH,20170814,29.91,30.44,29.91,30.32,29.97,0.35,1.17,7688.42,23299.393,1.2814,1.4039,0.62,36.3122,33.6274,5.0468,4.2232,3.9662,,3.9578,24000.0,6000.0,5476.4059,727680.0,181920.0,32.97,26.97,1.038
603313,梦百合,家居用品,江苏,20161013,603313.SH,20170811,29.8,30.42,29.52,29.97,29.9,0.07,0.23,10422.0,31346.016,1.737,1.9031,0.85,35.893,33.2392,4.9885,4.1745,3.9204,,4.004,24000.0,6000.0,5476.4059,719280.0,179820.0,32.89,26.91,1.038
603313,梦百合,家居用品,江苏,20161013,603313.SH,20170810,30.48,30.48,29.88,29.9,30.38,-0.48,-1.58,13595.0,40877.709,2.2658,2.4825,1.16,35.8092,33.1616,4.9769,4.1647,3.9112,,4.0134,24000.0,6000.0,5476.4059,717600.0,179400.0,33.42,27.34,1.038
603313,梦百合,家居用品,江苏,20161013,603313.SH,20170809,30.75,30.78,30.3,30.38,30.81,-0.43,-1.4,15672.75,47846.779,2.6121,2.8619,1.37,36.384,33.694,5.0568,4.2316,3.974,,3.95,24000.0,6000.0,5476.4059,729120.0,182280.0,33.89,27.73,1.038
603313,梦百合,家居用品,江苏,20161013,603313.SH,20170808,31.0,31.2,30.6,30.81,30.99,-0.18,-0.58,12883.86,39676.23,2.1473,2.3526,1.08,36.899,34.1709,5.1284,4.2915,4.0303,,3.8948,24000.0,6000.0,5476.4059,739440.0,184860.0,34.09,27.89,1.038
603313,梦百合,家居用品,江苏,20161013,603313.SH,20170807,30.92,31.52,30.91,30.99,31.0,-0.01,-0.03,9147.0,28452.341,1.5245,1.6703,0.67,37.1146,34.3705,5.1583,4.3166,4.0538,,3.8722,24000.0,6000.0,5476.4059,743760.0,185940.0,34.1,27.9,1.038
603313,梦百合,家居用品,江苏,20161013,603313.SH,20170804,31.29,31.68,31.0,31.0,31.54,-0.54,-1.71,9651.57,30207.571,1.6086,1.7624,0.63,37.1266,34.3816,5.16,4.318,4.0551,,3.871,24000.0,6000.0,5476.4059,744000.0,186000.0,34.69,28.39,1.038
603313,梦百合,家居用品,江苏,20161013,603313.SH,20170803,31.45,32.0,31.45,31.54,31.63,-0.09,-0.28,11045.15,35068.022,1.8409,2.0169,0.57,37.7733,34.9805,5.2499,4.3932,4.1258,,3.8047,24000.0,6000.0,5476.4059,756960.0,189240.0,34.79,28.47,1.038
603313,梦百合,家居用品,江苏,20161013,603313.SH,20170802,32.26,32.48,31.53,31.63,32.42,-0.79,-2.44,14313.99,45672.999,2.3857,2.6138,0.61,37.8811,35.0803,5.2648,4.4057,4.1375,,3.7939,24000.0,6000.0,5476.4059,759120.0,189780.0,35.66,29.18,1.038
603313,梦百合,家居用品,江苏,20161013,603313.SH,20170801,32.9,33.1,32.03,32.42,33.01,-0.59,-1.79,15451.13,50185.209,2.5752,2.8214,0.68,38.8272,35.9565,5.3963,4.5158,4.2409,,3.7014,24000.0,6000.0,5476.4059,778080.0,194520.0,36.31,29.71,1.038
603313,梦百合,家居用品,江苏,20161013,603313.SH,20170731,32.3,33.16,32.08,33.01,32.47,0.54,1.66,17642.86,57850.171,2.9405,3.2216,0.74,39.5338,36.6109,5.4945,4.5979,4.3181,,3.6353,24000.0,6000.0,5476.4059,792240.0,198060.0,35.72,29.22,1.038
603313,梦百合,家居用品,江苏,20161013,603313.SH,20170728,33.07,33.45,32.4,32.47,33.05,-0.58,-1.75,17955.2,58985.859,2.9925,3.2786,0.79,38.8871,36.012,5.4047,4.5227,4.2474,,3.6957,24000.0,6000.0,5476.4059,779280.0,194820.0,36.36,29.75,1.038
603313,梦百合,家居用品,江苏,20161013,603313.SH,20170727,31.68,33.11,31.68,33.05,32.45,0.6,1.85,31673.38,103213.908,5.2789,5.7836,1.68,39.5817,36.6552,5.5012,4.6035,4.3233,,3.6309,24000.0,6000.0,5476.4059,793200.0,198300.0,35.7,29.21,1.038
603313,梦百合,家居用品,江苏,20161013,603313.SH,20170726,30.94,33.49,30.94,32.45,30.79,1.66,5.39,34248.99,110850.043,5.7082,6.2539,2.32,38.8631,35.9898,5.4013,4.5199,4.2448,,3.698,24000.0,6000.0,5476.4059,778800.0,194700.0,33.87,27.71,1.038
603313,梦百合,家居用品,江苏,20161013,603313.SH,20170725,30.89,30.96,30.61,30.79,31.06,-0.27,-0.87,11392.47,35060.781,1.8987,2.0803,0.72,36.8751,34.1487,5.125,4.2887,4.0277,,3.8974,24000.0,6000.0,5476.4059,738960.0,184740.0,34.17,27.95,1.038
603313,梦百合,家居用品,江苏,20161013,603313.SH,20170724,31.5,31.6,30.0,31.06,31.64,-0.58,-1.83,24236.68,74594.557,4.0394,4.4257,1.43,37.1984,34.4482,5.17,4.3263,4.063,,3.8635,24000.0,6000.0,5476.4059,745440.0,186360.0,34.8,28.48,1.038
603313,梦百合,家居用品,江苏,20161013,603313.SH,20170721,32.02,32.35,31.53,31.64,32.21,-0.57,-1.77,12734.72,40566.685,2.1225,2.3254,0.73,37.8931,35.0914,5.2665,4.4071,4.1388,,3.7927,24000.0,6000.0,5476.4059,759360.0,189840.0,35.43,28.99,1.038
603313,梦百合,家居用品,江苏,20161013,603313.SH,20170720,32.24,32.63,32.12,32.21,32.35,-0.14,-0.43,11725.91,37956.444,1.9543,2.1412,0.64,38.5757,35.7236,5.3614,4.4865,4.2134,,3.7256,24000.0,6000.0,5476.4059,773040.0,193260.0,35.59,29.12,1.038
603313,梦百合,家居用品,江苏,20161013,603313.SH,20170719,31.99,32.37,31.99,32.35,32.16,0.19,0.59,13855.59,44558.212,2.3093,2.5301,0.65,38.7434,35.8789,5.3847,4.506,4.2317,,3.7094,24000.0,6000.0,5476.4059,776400.0,194100.0,35.38,28.94,1.038
603313,梦百合,家居用品,江苏,20161013,603313.SH,20170718,32.5,32.87,31.83,32.16,32.6,-0.44,-1.35,16477.15,53126.993,2.7462,3.0088,0.68,38.5158,35.6681,5.3531,4.4795,4.2069,,3.7313,24000.0,6000.0,5476.4059,771840.0,192960.0,35.86,29.34,1.038
603313,梦百合,家居用品,江苏,20161013,603313.SH,20170717,33.6,33.68,31.0,32.6,33.75,-1.15,-3.41,30070.6,98270.077,5.0118,5.3951,1.31,39.0428,36.1561,5.4263,4.5408,4.2644,,3.681,24000.0,6000.0,5573.7079,782400.0,195600.0,37.13,30.38,1.038
603313,梦百合,家居用品,江苏,20161013,603313.SH,20170714,33.9,33.92,33.28,33.75,33.81,-0.06,-0.18,15000.96,50458.499,2.5002,2.6914,0.57,40.4201,37.4316,5.6177,4.701,4.4149,,3.5556,24000.0,6000.0,5573.7079,810000.0,202500.0,37.19,30.43,1.038
603313,梦百合,家居用品,江苏,20161013,603313.SH,20170713,33.55,34.1,33.45,33.81,33.81,0.0,0.0,16026.83,54154.257,2.6711,2.8754,0.58,40.4919,37.4981,5.6277,4.7094,4.4227,,3.5492,24000.0,6000.0,5573.7079,811440.0,202860.0,37.19,30.43,1.038
603313,梦百合,家居用品,江苏,20161013,603313.SH,20170712,34.2,34.5,33.41,33.81,33.49,0.32,0.96,28351.53,95929.697,4.7253,5.0867,1.13,40.4919,37.4981,5.6277,4.7094,4.4227,,3.5492,24000.0,6000.0,5573.7079,811440.0,202860.0,36.84,30.14,1.038
603313,梦百合,家居用品,江苏,20161013,603313.SH,20170711,33.03,33.6,32.18,33.49,33.03,0.46,1.39,31230.36,102926.413,5.2051,5.4962,1.3,40.1087,37.1432,5.5744,4.6648,4.3808,,3.5832,24000.0,6000.0,5682.1663,803760.0,200940.0,36.33,29.73,1.038
603313,梦百合,家居用品,江苏,20161013,603313.SH,20170710,33.0,33.74,32.8,33.03,33.35,-0.32,-0.96,24564.99,81857.58,4.0942,4.3232,0.97,39.5578,36.633,5.4979,4.6007,4.3207,,3.6331,24000.0,6000.0,5682.1663,792720.0,198180.0,36.69,30.02,1.038
603313,梦百合,家居用品,江苏,20161013,603313.SH,20170707,32.55,33.55,32.45,33.35,32.81,0.54,1.65,31250.31,104000.026,5.2084,5.4997,1.31,39.941,36.988,5.5511,4.6453,4.3625,,3.5982,24000.0,6000.0,5682.1663,800400.0,200100.0,36.09,29.53,1.038
603313,梦百合,家居用品,江苏,20161013,603313.SH,20170706,32.6,32.9,32.36,32.81,32.51,0.3,0.92,22286.26,72855.409,3.7144,3.9008,0.95,39.2943,36.389,5.4613,4.5701,4.2919,,3.6574,24000.0,6000.0,5713.2563,787440.0,196860.0,35.76,29.26,1.038
603313,梦百合,家居用品,江苏,20161013,603313.SH,20170705,32.7,32.82,32.35,32.51,32.64,-0.13,-0.4,16323.92,53172.388,2.7207,2.8572,0.66,38.935,36.0563,5.4113,4.5283,4.2526,,3.6912,24000.0,6000.0,5713.2563,780240.0,195060.0,35.9,29.38,1.038
603313,梦百合,家居用品,江苏,20161013,603313.SH,20170704,33.1,33.1,32.48,32.64,32.88,-0.24,-0.73,25569.1,83811.997,4.2615,4.4754,1.05,39.0907,36.2005,5.433,4.5464,4.2697,,3.6765,24000.0,6000.0,5713.2563,783360.0,195840.0,36.17,29.59,1.038
603313,梦百合,家居用品,江苏,20161013,603313.SH,20170703,32.0,32.99,31.65,32.88,32.08,0.8,2.49,30682.13,99420.47,5.1137,5.15,1.21,39.3781,36.4667,5.4729,4.5798,4.301,,3.6496,24000.0,6000.0,5957.73,789120.0,197280.0,35.29,28.87,1.038
603313,梦百合,家居用品,江苏,20161013,603313.SH,20170630,31.94,32.7,31.71,32.08,32.13,-0.05,-0.16,24120.01,77789.949,4.02,4.0485,0.8,38.42,35.5794,5.3397,4.4684,4.1964,,3.7406,24000.0,6000.0,5957.73,769920.0,192480.0,35.34,28.92,1.038
603313,梦百合,家居用品,江苏,20161013,603313.SH,20170629,31.9,32.19,31.7,32.13,31.92,0.21,0.66,20267.77,64888.336,3.378,3.4019,0.55,38.4799,35.6349,5.3481,4.4754,4.2029,,3.7348,24000.0,6000.0,5957.73,771120.0,192780.0,35.11,28.73,1.038
603313,梦百合,家居用品,江苏,20161013,603313.SH,20170628,31.81,32.09,31.35,31.92,31.86,0.06,0.19,22950.19,72962.056,3.825,3.8522,0.63,38.2284,35.402,5.3131,4.4461,4.1755,,3.7594,24000.0,6000.0,5957.73,766080.0,191520.0,35.05,28.67,1.038
603313,梦百合,家居用品,江苏,20161013,603313.SH,20170627,31.55,32.06,31.23,31.86,31.61,0.25,0.79,24037.3,76045.27,4.0062,4.0346,0.71,38.1565,35.3354,5.3031,4.4378,4.1676,,3.7665,24000.0,6000.0,5957.73,764640.0,191160.0,34.77,28.45,1.038
603313,梦百合,家居用品,江苏,20161013,603313.SH,20170626,31.1,31.74,30.65,31.61,31.54,0.07,0.22,35365.29,110886.497,5.8942,5.936,1.25,37.8571,35.0581,5.2615,4.4029,4.1349,,3.7963,24000.0,6000.0,5957.73,758640.0,189660.0,34.69,28.39,1.038
603313,梦百合,家居用品,江苏,20161013,603313.SH,20170623,31.29,31.89,30.81,31.54,30.8,0.74,2.4,47651.28,149762.572,7.9419,7.9982,2.25,37.7733,34.9805,5.2499,4.3932,4.1258,,3.8047,24000.0,6000.0,5957.73,756960.0,189240.0,33.88,27.72,1.038
603313,梦百合,家居用品,江苏,20161013,603313.SH,20170622,30.17,32.23,30.17,30.8,29.69,1.11,3.74,53547.21,166305.569,8.9245,8.9879,3.62,36.8871,34.1598,5.1267,4.2901,4.029,,3.8961,24000.0,6000.0,5957.73,739200.0,184800.0,32.66,26.72,1.038
603313,梦百合,家居用品,江苏,20161013,603313.SH,20170621,29.2,29.75,28.73,29.69,29.27,0.42,1.43,21219.23,62156.288,3.5365,3.5365,1.53,35.5577,32.9287,4.9419,4.1355,3.8838,,4.0418,24000.0,6000.0,6000.0,712560.0,178140.0,32.2,26.34,1.038
603313,梦百合,家居用品,江苏,20161013,603313.SH,20170620,29.35,29.64,29.21,29.27,29.25,0.02,0.07,11105.06,32636.212,1.8508,1.8508,0.74,35.0547,32.4629,4.872,4.077,3.8288,,4.0998,24000.0,6000.0,6000.0,702480.0,175620.0,32.18,26.33,1.038
603313,梦百合,家居用品,江苏,20161013,603313.SH,20170619,29.06,29.34,29.06,29.25,29.22,0.03,0.1,7997.95,23367.01,1.333,1.333,0.49,35.0307,32.4407,4.8687,4.0742,3.8262,,4.1026,24000.0,6000.0,6000.0,702000.0,175500.0,32.14,26.3,1.038
603313,梦百合,家居用品,江苏,20161013,603313.SH,20170616,29.37,29.52,29.08,29.22,29.47,-0.25,-0.85,12191.45,35636.062,2.0319,2.0319,0.73,34.9948,32.4074,4.8637,4.07,3.8223,,4.1068,24000.0,6000.0,6000.0,701280.0,175320.0,32.42,26.52,1.038
603313,梦百合,家居用品,江苏,20161013,603313.SH,20170615,28.95,29.67,28.81,29.47,28.95,0.52,1.8,21411.83,63023.668,3.5686,3.5686,1.29,35.2942,32.6847,4.9053,4.1049,3.855,,4.0719,24000.0,6000.0,6000.0,707280.0,176820.0,31.85,26.06,1.038
603313,梦百合,家居用品,江苏,20161013,603313.SH,20170614,28.79,29.12,28.4,28.95,28.81,0.14,0.49,16521.08,47595.461,2.7535,2.7535,0.91,34.6714,32.108,4.8188,4.0324,3.787,,4.1451,24000.0,6000.0,6000.0,694800.0,173700.0,31.69,25.93,1.038
603313,梦百合,家居用品,江苏,20161013,603313.SH,20170613,28.21,28.95,28.21,28.81,28.2,0.61,2.16,17184.35,49241.891,2.8641,2.8641,1.05,34.5038,31.9527,4.7954,4.0129,3.7687,,4.1652,24000.0,6000.0,6000.0,691440.0,172860.0,31.02,25.38,1.038
603313,梦百合,家居用品,江苏,20161013,603313.SH,20170612,28.92,28.92,28.17,28.2,29.16,-0.96,-3.29,14615.4,41635.75,2.4359,2.4359,0.91,33.7732,31.2762,4.6939,3.928,3.6889,,4.2553,24000.0,6000.0,6000.0,676800.0,169200.0,32.08,26.24,1.038
603313,梦百合,家居用品,江苏,20161013,603313.SH,20170609,29.5,29.5,28.93,29.16,29.41,-0.25,-0.85,14040.68,40832.322,2.3401,2.3401,0.78,34.9229,32.3409,4.8537,4.0617,3.8144,,4.1152,24000.0,6000.0,6000.0,699840.0,174960.0,32.35,26.47,1.038
603313,梦百合,家居用品,江苏,20161013,603313.SH,20170608,29.59,29.6,29.18,29.41,29.32,0.09,0.31,20351.5,59872.948,3.3919,3.3919,0.94,35.2223,32.6182,4.8953,4.0965,3.8471,,4.0802,24000.0,6000.0,6000.0,705840.0,176460.0,32.25,26.39,1.038
603313,梦百合,家居用品,江苏,20161013,603313.SH,20170607,28.48,29.5,28.48,29.32,28.45,0.87,3.06,24972.07,72739.906,4.162,4.162,1.09,35.1146,32.5183,4.8803,4.084,3.8354,,4.0928,24000.0,6000.0,6000.0,703680.0,175920.0,31.3,25.61,1.038
603313,梦百合,家居用品,江苏,20161013,603313.SH,20170606,28.45,28.59,28.07,28.45,28.35,0.1,0.35,7999.2,22695.362,1.3332,1.3332,0.3,34.0726,31.5534,4.7355,3.9628,3.7216,,4.2179,24000.0,6000.0,6000.0,682800.0,170700.0,31.19,25.52,1.038
603313,梦百合,家居用品,江苏,20161013,603313.SH,20170605,28.41,28.8,28.28,28.35,28.21,0.14,0.5,12716.0,36225.645,2.1193,2.1193,0.46,33.9529,31.4425,4.7189,3.9488,3.7085,,4.2328,24000.0,6000.0,6000.0,680400.0,170100.0,31.03,25.39,1.038
603313,梦百合,家居用品,江苏,20161013,603313.SH,20170602,27.8,28.68,26.85,28.21,27.97,0.24,0.86,24361.62,67626.191,4.0603,4.0603,0.93,33.7852,31.2873,4.6956,3.9293,3.6902,,4.2538,24000.0,6000.0,6000.0,677040.0,169260.0,30.77,25.17,1.038
603313,梦百合,家居用品,江苏,20161013,603313.SH,20170601,30.26,30.32,27.71,27.97,30.79,-2.82,-9.16,38050.71,110994.825,6.3418,6.3418,1.71,33.4978,31.0211,4.6556,3.8959,3.6588,,4.2903,24000.0,6000.0,6000.0,671280.0,167820.0,33.87,27.71,1.038
603313,梦百合,家居用品,江苏,20161013,603313.SH,20170531,32.13,32.52,30.75,30.79,31.72,-0.93,-2.93,31472.17,99014.415,5.2454,5.2454,1.55,36.8751,34.1487,5.125,4.2887,4.0277,,3.8974,24000.0,6000.0,6000.0,738960.0,184740.0,34.89,28.55,1.038
603313,梦百合,家居用品,江苏,20161013,603313.SH,20170526,32.48,33.28,32.31,32.92,32.3,0.62,1.92,26664.61,87529.669,4.4441,4.4441,1.52,39.426,36.511,4.5673,4.5854,4.3063,,,24000.0,6000.0,6000.0,790080.0,197520.0,35.53,29.07,1.0
603313,梦百合,家居用品,江苏,20161013,603313.SH,20170525,32.21,32.48,31.4,32.3,32.09,0.21,0.65,17419.61,55740.879,2.9033,2.9033,0.96,38.6835,35.8234,4.4813,4.499,4.2252,,,24000.0,6000.0,6000.0,775200.0,193800.0,35.3,28.88,1.0
603313,梦百合,家居用品,江苏,20161013,603313.SH,20170524,30.9,32.3,30.7,32.09,31.08,1.01,3.25,17284.71,54217.043,2.8808,2.8808,0.86,38.432,35.5905,4.4521,4.4698,4.1977,,,24000.0,6000.0,6000.0,770160.0,192540.0,34.19,27.97,1.0
603313,梦百合,家居用品,江苏,20161013,603313.SH,20170523,31.29,31.91,30.82,31.08,31.28,-0.2,-0.64,18217.88,57218.916,3.0363,3.0363,0.79,37.2224,34.4703,4.312,4.3291,4.0656,,,24000.0,6000.0,6000.0,745920.0,186480.0,34.41,28.15,1.0
603313,梦百合,家居用品,江苏,20161013,603313.SH,20170522,32.61,32.99,31.0,31.28,32.85,-1.57,-4.78,21896.05,70049.059,3.6493,3.6493,0.97,37.4619,34.6921,4.3398,4.357,4.0918,,,24000.0,6000.0,6000.0,750720.0,187680.0,36.14,29.57,1.0
603313,梦百合,家居用品,江苏,20161013,603313.SH,20170519,32.65,33.02,32.61,32.85,32.75,0.1,0.31,12824.64,42104.972,2.1374,2.1374,0.51,39.3422,36.4334,4.5576,4.5756,4.2971,,,24000.0,6000.0,6000.0,788400.0,197100.0,36.03,29.48,1.0
603313,梦百合,家居用品,江苏,20161013,603313.SH,20170518,33.0,33.41,32.69,32.75,33.42,-0.67,-2.0,20874.0,68935.087,3.479,3.479,0.85,39.2224,36.3225,4.5437,4.5617,4.284,,,24000.0,6000.0,6000.0,786000.0,196500.0,36.76,30.08,1.0
603313,梦百合,家居用品,江苏,20161013,603313.SH,20170517,33.8,33.92,33.28,33.42,33.8,-0.38,-1.12,26900.21,90388.291,4.4834,4.4834,1.2,40.0248,37.0656,4.6367,4.655,4.3717,,,24000.0,6000.0,6000.0,802080.0,200520.0,37.18,30.42,1.0
603313,梦百合,家居用品,江苏,20161013,603313.SH,20170516,33.07,33.9,32.7,33.8,32.81,0.99,3.02,32981.24,110015.751,5.4969,5.4969,1.73,40.4799,37.487,4.6894,4.708,4.4214,,,24000.0,6000.0,6000.0,811200.0,202800.0,36.09,29.53,1.0
603313,梦百合,家居用品,江苏,20161013,603313.SH,20170515,33.01,33.28,32.7,32.81,32.86,-0.05,-0.15,19104.21,62931.982,3.184,3.184,1.04,39.2943,36.389,4.552,4.5701,4.2919,,,24000.0,6000.0,6000.0,787440.0,196860.0,36.15,29.57,1.0
603313,梦百合,家居用品,江苏,20161013,603313.SH,20170512,31.92,32.9,31.8,32.86,31.92,0.94,2.94,25865.18,83915.436,4.3109,4.3109,1.56,39.3542,36.4445,4.559,4.577,4.2984,,,24000.0,6000.0,6000.0,788640.0,197160.0,35.11,28.73,1.0
603313,梦百合,家居用品,江苏,20161013,603313.SH,20170511,31.3,31.96,30.8,31.92,31.3,0.62,1.98,18589.7,58380.88,3.0983,3.0983,1.15,38.2284,35.402,4.4285,4.4461,4.1755,,,24000.0,6000.0,6000.0,766080.0,191520.0,34.43,28.17,1.0
603313,梦百合,家居用品,江苏,20161013,603313.SH,20170510,31.67,32.09,31.26,31.3,31.67,-0.37,-1.17,15918.11,50552.681,2.653,2.653,0.88,37.4859,34.7143,4.3425,4.3598,4.0944,,,24000.0,6000.0,6000.0,751200.0,187800.0,34.84,28.5,1.0
603313,梦百合,家居用品,江苏,20161013,603313.SH,20170509,31.34,31.88,31.13,31.67,31.41,0.26,0.83,15824.47,49917.538,2.6374,2.6374,0.84,37.929,35.1247,4.3939,4.4113,4.1428,,,24000.0,6000.0,6000.0,760080.0,190020.0,34.55,28.27,1.0
603313,梦百合,家居用品,江苏,20161013,603313.SH,20170508,32.5,32.85,31.01,31.41,32.65,-1.24,-3.8,15696.0,50593.138,2.616,2.616,0.77,37.6176,34.8363,4.3578,4.3751,4.1088,,,24000.0,6000.0,6000.0,753840.0,188460.0,35.92,29.39,1.0
603313,梦百合,家居用品,江苏,20161013,603313.SH,20170505,32.7,33.16,32.51,32.65,32.88,-0.23,-0.7,16968.31,55676.686,2.8281,2.8281,0.74,39.1027,36.2116,4.5298,4.5478,4.271,,,24000.0,6000.0,6000.0,783600.0,195900.0,36.17,29.59,1.0
603313,梦百合,家居用品,江苏,20161013,603313.SH,20170504,33.15,33.29,32.63,32.88,33.2,-0.32,-0.96,16458.0,54282.281,2.743,2.743,0.69,39.3781,36.4667,4.5617,4.5798,4.301,,,24000.0,6000.0,6000.0,789120.0,197280.0,36.52,29.88,1.0
603313,梦百合,家居用品,江苏,20161013,603313.SH,20170503,32.42,33.3,32.38,33.2,32.57,0.63,1.93,25991.56,85779.5,4.3319,4.3319,1.06,39.7614,36.8216,4.6061,4.6244,4.3429,,,24000.0,6000.0,6000.0,796800.0,199200.0,35.83,29.31,1.0
603313,梦百合,家居用品,江苏,20161013,603313.SH,20170502,33.14,33.34,32.49,32.57,33.14,-0.57,-1.72,18672.7,61176.104,3.1121,3.1121,0.61,39.0069,36.1229,4.5187,4.5366,4.2605,,,24000.0,6000.0,6000.0,781680.0,195420.0,36.45,29.83,1.0
603313,梦百合,家居用品,江苏,20161013,603313.SH,20170428,32.95,33.4,32.9,33.14,33.15,-0.01,-0.03,23238.0,76904.558,3.873,3.873,0.83,39.6895,39.6895,4.7793,4.616,4.616,,,24000.0,6000.0,6000.0,795360.0,198840.0,36.47,29.84,1.0
603313,梦百合,家居用品,江苏,20161013,603313.SH,20170427,32.71,33.19,31.86,33.15,32.8,0.35,1.07,30103.91,98348.091,5.0173,5.0173,1.18,39.7015,39.7015,4.7808,4.6174,4.6174,,,24000.0,6000.0,6000.0,795600.0,198900.0,36.08,29.52,1.0
603313,梦百合,家居用品,江苏,20161013,603313.SH,20170426,32.95,33.2,32.52,32.8,32.92,-0.12,-0.36,21558.13,70694.661,3.593,3.593,0.88,39.2823,39.2823,4.7303,4.5687,4.5687,,,24000.0,6000.0,6000.0,787200.0,196800.0,36.21,29.63,1.0
603313,梦百合,家居用品,江苏,20161013,603313.SH,20170425,32.65,33.37,32.39,32.92,32.36,0.56,1.73,29285.73,96373.464,4.881,4.881,1.33,39.426,39.426,4.7476,4.5854,4.5854,,,24000.0,6000.0,6000.0,790080.0,197520.0,35.6,29.12,1.0
603313,梦百合,家居用品,江苏,20161013,603313.SH,20170424,32.61,33.65,31.78,32.36,31.4,0.96,3.06,47794.25,156285.078,7.9657,7.9657,2.78,38.7554,38.7554,4.6669,4.5074,4.5074,,,24000.0,6000.0,6000.0,776640.0,194160.0,34.54,28.26,1.0
603313,梦百合,家居用品,江苏,20161013,603313.SH,20170421,31.24,31.56,31.09,31.4,31.31,0.09,0.29,11271.71,35307.11,1.8786,1.8786,0.62,45.8783,41.5232,4.8724,5.4719,4.6691,,,24000.0,6000.0,6000.0,753600.0,188400.0,34.44,28.18,1.0
603313,梦百合,家居用品,江苏,20161013,603313.SH,20170420,31.33,31.68,30.7,31.31,31.19,0.12,0.38,17325.98,54188.734,2.8877,2.8877,0.95,45.7468,41.4042,4.8584,5.4562,4.6557,,,24000.0,6000.0,6000.0,751440.0,187860.0,34.31,28.07,1.0
603313,梦百合,家居用品,江苏,20161013,603313.SH,20170419,30.79,31.33,30.48,31.19,30.68,0.51,1.66,17362.73,53782.221,2.8938,2.8938,0.96,45.5714,41.2455,4.8398,5.4353,4.6378,,,24000.0,6000.0,6000.0,748560.0,187140.0,33.75,27.61,1.0
603313,梦百合,家居用品,江苏,20161013,603313.SH,20170418,30.66,31.33,30.56,30.68,30.51,0.17,0.56,16120.26,49832.002,2.6867,2.6867,0.83,44.8263,40.571,4.7607,5.3464,4.562,,,24000.0,6000.0,6000.0,736320.0,184080.0,33.56,27.46,1.0
603313,梦百合,家居用品,江苏,20161013,603313.SH,20170417,31.21,31.57,30.02,30.51,31.9,-1.39,-4.36,23931.84,73230.214,3.9886,3.9886,1.11,44.5779,40.3462,4.7343,5.3168,4.5367,,,24000.0,6000.0,6000.0,732240.0,183060.0,35.09,28.71,1.0
603313,梦百合,家居用品,江苏,20161013,603313.SH,20170414,32.29,32.35,31.88,31.9,32.38,-0.48,-1.48,15778.12,50695.348,2.6297,2.6297,0.68,46.6088,42.1844,4.95,5.559,4.7434,,,24000.0,6000.0,6000.0,765600.0,191400.0,35.62,29.14,1.0
603313,梦百合,家居用品,江苏,20161013,603313.SH,20170413,32.21,32.61,32.12,32.38,32.21,0.17,0.53,17845.42,57825.065,2.9742,2.9742,0.74,47.3101,42.8191,5.0245,5.6427,4.8148,,,24000.0,6000.0,6000.0,777120.0,194280.0,35.43,28.99,1.0
603313,梦百合,家居用品,江苏,20161013,603313.SH,20170412,32.77,32.84,32.12,32.21,32.65,-0.44,-1.35,16901.14,54856.708,2.8169,2.8169,0.66,47.0617,42.5943,4.9981,5.613,4.7895,,,24000.0,6000.0,6000.0,773040.0,193260.0,35.92,29.39,1.0
603313,梦百合,家居用品,江苏,20161013,603313.SH,20170411,32.1,32.67,31.91,32.65,32.03,0.62,1.94,22434.94,72373.405,3.7392,3.7392,0.86,47.7046,43.1762,5.0664,5.6897,4.8549,,,24000.0,6000.0,6000.0,783600.0,195900.0,35.23,28.83,1.0
603313,梦百合,家居用品,江苏,20161013,603313.SH,20170410,33.35,33.5,32.01,32.03,33.64,-1.61,-4.79,34770.66,112837.987,5.7951,5.7951,1.24,46.7987,42.3563,4.9701,5.5817,4.7627,,,24000.0,6000.0,6000.0,768720.0,192180.0,37.0,30.28,1.0
603313,梦百合,家居用品,江苏,20161013,603313.SH,20170407,34.35,34.35,33.57,33.64,34.21,-0.57,-1.67,23312.04,78954.845,3.8853,3.8853,0.71,49.1511,44.4853,5.22,5.8622,5.0021,,,24000.0,6000.0,6000.0,807360.0,201840.0,37.63,30.79,1.0
603313,梦百合,家居用品,江苏,20161013,603313.SH,20170406,34.52,34.8,34.18,34.21,34.55,-0.34,-0.98,23087.79,79594.978,3.848,3.848,0.68,49.9839,45.2391,5.3084,5.9616,5.0869,,,24000.0,6000.0,6000.0,821040.0,205260.0,38.01,31.1,1.0
603313,梦百合,家居用品,江苏,20161013,603313.SH,20170405,33.8,34.57,33.48,34.55,33.94,0.61,1.8,24312.01,83099.825,4.052,4.052,0.68,50.4807,45.6887,5.3612,6.0208,5.1375,,,24000.0,6000.0,6000.0,829200.0,207300.0,37.33,30.55,1.0
603313,梦百合,家居用品,江苏,20161013,603313.SH,20170331,33.7,34.42,33.41,33.94,33.74,0.2,0.59,24781.86,84272.338,4.1303,4.1303,0.58,49.5894,44.8821,5.2665,5.9145,5.0468,,,24000.0,6000.0,6000.0,814560.0,203640.0,37.11,30.37,1.0
603313,梦百合,家居用品,江苏,20161013,603313.SH,20170330,35.49,35.49,33.68,33.74,35.71,-1.97,-5.52,44423.11,152609.085,7.4039,7.4039,0.81,49.2972,44.6176,5.2355,5.8797,5.017,,,24000.0,6000.0,6000.0,809760.0,202440.0,39.28,32.14,1.0
603313,梦百合,家居用品,江苏,20161013,603313.SH,20170329,37.53,37.77,35.7,35.71,37.51,-1.8,-4.8,47250.54,172164.573,7.8751,7.8751,0.77,52.1756,47.2227,5.5412,6.223,5.3099,,,24000.0,6000.0,6000.0,857040.0,214260.0,41.26,33.76,1.0
603313,梦百合,家居用品,江苏,20161013,603313.SH,20170328,37.99,38.27,37.5,37.51,37.99,-0.48,-1.26,29046.37,109866.776,4.8411,4.8411,0.46,54.8055,49.603,5.8205,6.5366,5.5776,,,24000.0,6000.0,6000.0,900240.0,225060.0,41.79,34.19,1.0
603313,梦百合,家居用品,江苏,20161013,603313.SH,20170327,38.47,38.77,37.8,37.99,38.51,-0.52,-1.35,33338.49,127128.238,5.5564,5.5564,0.53,55.5069,50.2377,5.895,6.6203,5.649,,,24000.0,6000.0,6000.0,911760.0,227940.0,42.36,34.66,1.0
603313,梦百合,家居用品,江苏,20161013,603313.SH,20170324,38.6,39.19,38.41,38.51,39.09,-0.58,-1.48,60610.4,234785.831,10.1017,10.1017,0.96,56.2666,50.9254,5.9757,6.7109,5.7263,,,24000.0,6000.0,6000.0,924240.0,231060.0,43.0,35.18,1.0
603313,梦百合,家居用品,江苏,20161013,603313.SH,20170323,38.36,39.49,37.0,39.09,38.28,0.81,2.12,105520.99,405228.091,17.5868,17.5868,1.97,57.1141,51.6924,6.0657,6.812,5.8125,,,24000.0,6000.0,6000.0,938160.0,234540.0,42.11,34.45,1.0
603313,梦百合,家居用品,江苏,20161013,603313.SH,20170322,37.05,38.45,37.05,38.28,37.35,0.93,2.49,78505.81,297009.843,13.0843,13.0843,1.76,55.9306,50.6212,5.94,6.6708,5.6921,,,24000.0,6000.0,6000.0,918720.0,229680.0,41.09,33.62,1.0
603313,梦百合,家居用品,江苏,20161013,603313.SH,20170321,37.01,37.37,36.81,37.35,37.02,0.33,0.89,35290.15,131179.025,5.8817,5.8817,0.77,54.5718,49.3914,5.7957,6.5088,5.5538,,,24000.0,6000.0,6000.0,896400.0,224100.0,40.72,33.32,1.0
603313,梦百合,家居用品,江苏,20161013,603313.SH,20170320,36.6,37.05,36.19,37.02,36.65,0.37,1.01,33876.37,124109.588,5.6461,5.6461,0.72,54.0896,48.955,5.7445,6.4513,5.5047,,,24000.0,6000.0,6000.0,888480.0,222120.0,40.32,32.99,1.0
603313,梦百合,家居用品,江苏,20161013,603313.SH,20170317,37.83,38.2,36.48,36.65,37.81,-1.16,-3.07,62730.67,234646.272,10.4551,10.4551,1.46,53.549,48.4657,5.687,6.3868,5.4497,,,24000.0,6000.0,6000.0,879600.0,219900.0,41.59,34.03,1.0
603313,梦百合,家居用品,江苏,20161013,603313.SH,20170316,37.05,38.05,37.05,37.81,36.98,0.83,2.24,57213.06,215561.236,9.5355,9.5355,1.38,55.2439,49.9997,5.867,6.5889,5.6222,,,24000.0,6000.0,6000.0,907440.0,226860.0,40.68,33.28,1.0
603313,梦百合,家居用品,江苏,20161013,603313.SH,20170315,37.09,37.19,36.63,36.98,37.28,-0.3,-0.8,34065.33,125744.682,5.6776,5.6776,0.7,54.0312,48.9021,5.7382,6.4443,5.4988,,,24000.0,6000.0,6000.0,887520.0,221880.0,41.01,33.55,1.0
603313,梦百合,家居用品,江苏,20161013,603313.SH,20170314,37.45,38.1,37.24,37.28,37.43,-0.15,-0.4,39976.94,150395.004,6.6628,6.6628,0.78,54.4695,49.2988,5.7848,6.4966,5.5434,,,24000.0,6000.0,6000.0,894720.0,223680.0,41.17,33.69,1.0
603313,梦百合,家居用品,江苏,20161013,603313.SH,20170313,37.06,37.57,36.5,37.43,37.26,0.17,0.46,39778.88,147702.625,6.6298,6.6298,0.73,54.6886,49.4972,5.8081,6.5227,5.5657,,,24000.0,6000.0,6000.0,898320.0,224580.0,40.99,33.53,1.0
603313,梦百合,家居用品,江苏,20161013,603313.SH,20170310,37.8,37.8,36.81,37.26,37.58,-0.32,-0.85,44103.89,163969.728,7.3506,7.3506,0.84,54.4403,49.2724,5.7817,6.4931,5.5404,,,24000.0,6000.0,6000.0,894240.0,223560.0,41.34,33.82,1.0
603313,梦百合,家居用品,江苏,20161013,603313.SH,20170309,37.86,38.39,37.2,37.58,38.13,-0.55,-1.44,50015.44,188403.242,8.3359,8.3359,1.0,54.9078,49.6956,5.8314,6.5488,5.588,,,24000.0,6000.0,6000.0,901920.0,225480.0,41.94,34.32,1.0
603313,梦百合,家居用品,江苏,20161013,603313.SH,20170308,37.15,38.4,37.0,38.13,37.29,0.84,2.25,70505.9,267187.765,11.751,11.751,1.62,55.7114,50.4229,5.9167,6.6447,5.6698,,,24000.0,6000.0,6000.0,915120.0,228780.0,41.02,33.56,1.0
603313,梦百合,家居用品,江苏,20161013,603313.SH,20170307,37.05,37.34,36.34,37.29,36.96,0.33,0.89,52628.11,193571.892,8.7714,8.7714,1.33,54.4841,49.3121,5.7864,6.4983,5.5449,,,24000.0,6000.0,6000.0,894960.0,223740.0,40.66,33.26,1.0
603313,梦百合,家居用品,江苏,20161013,603313.SH,20170306,35.83,36.98,35.83,36.96,35.99,0.97,2.7,54409.77,199396.476,9.0683,9.0683,1.41,54.0019,48.8757,5.7351,6.4408,5.4958,,,24000.0,6000.0,6000.0,887040.0,221760.0,39.59,32.39,1.0
603313,梦百合,家居用品,江苏,20161013,603313.SH,20170303,35.6,36.19,35.23,35.99,35.72,0.27,0.76,36429.51,130180.297,6.0716,6.0716,0.8,52.5847,47.593,5.5846,6.2718,5.3516,,,24000.0,6000.0,6000.0,863760.0,215940.0,39.29,32.15,1.0
603313,梦百合,家居用品,江苏,20161013,603313.SH,20170302,35.62,35.86,35.05,35.72,35.6,0.12,0.34,36718.19,130169.49,6.1197,6.1197,0.78,52.1902,47.2359,5.5427,6.2247,5.3114,,,24000.0,6000.0,6000.0,857280.0,214320.0,39.16,32.04,1.0
603313,梦百合,家居用品,江苏,20161013,603313.SH,20170301,35.7,36.45,35.46,35.6,35.73,-0.13,-0.36,37870.09,136103.187,6.3117,6.3117,0.8,52.0148,47.0772,5.5241,6.2038,5.2936,,,24000.0,6000.0,6000.0,854400.0,213600.0,39.3,32.16,1.0
603313,梦百合,家居用品,江苏,20161013,603313.SH,20170228,35.5,35.8,35.03,35.73,35.64,0.09,0.25,32323.75,114488.217,5.3873,5.3873,0.62,52.2048,47.2491,5.5443,6.2265,5.3129,,,24000.0,6000.0,6000.0,857520.0,214380.0,39.2,32.08,1.0
603313,梦百合,家居用品,江苏,20161013,603313.SH,20170227,35.88,36.3,35.23,35.64,35.87,-0.23,-0.64,49187.93,176007.932,8.198,8.198,0.97,52.0733,47.1301,5.5303,6.2108,5.2995,,,24000.0,6000.0,6000.0,855360.0,213840.0,39.46,32.28,1.0
603313,梦百合,家居用品,江苏,20161013,603313.SH,20170224,34.8,36.5,34.58,35.87,34.85,1.02,2.93,72456.66,258583.396,12.0761,12.0761,1.64,52.4093,47.4343,5.566,6.2509,5.3337,,,24000.0,6000.0,6000.0,860880.0,215220.0,38.34,31.37,1.0
603313,梦百合,家居用品,江苏,20161013,603313.SH,20170223,34.5,35.2,34.1,34.85,34.65,0.2,0.58,44532.52,154584.132,7.4221,7.4221,1.08,50.919,46.0854,5.4077,6.0731,5.1821,,,24000.0,6000.0,6000.0,836400.0,209100.0,38.12,31.19,1.0
603313,梦百合,家居用品,江苏,20161013,603313.SH,20170222,34.9,35.08,34.2,34.65,34.92,-0.27,-0.77,38239.01,132189.231,6.3732,6.3732,0.92,50.6268,45.821,5.3767,6.0383,5.1523,,,24000.0,6000.0,6000.0,831600.0,207900.0,38.41,31.43,1.0
603313,梦百合,家居用品,江苏,20161013,603313.SH,20170221,33.6,35.25,33.6,34.92,33.42,1.5,4.49,58086.99,200747.286,9.6812,9.6812,1.66,51.0213,46.178,5.4186,6.0853,5.1925,,,24000.0,6000.0,6000.0,838080.0,209520.0,36.76,30.08,1.0
603313,梦百合,家居用品,江苏,20161013,603313.SH,20170220,33.94,34.0,32.77,33.42,34.24,-0.82,-2.39,40958.31,136316.162,6.8264,6.8264,1.13,48.8297,44.1944,5.1858,5.8239,4.9694,,,24000.0,6000.0,6000.0,802080.0,200520.0,37.66,30.82,1.0
603313,梦百合,家居用品,江苏,20161013,603313.SH,20170217,34.07,35.2,34.02,34.24,34.06,0.18,0.53,39513.24,136775.497,6.5855,6.5855,1.18,50.0278,45.2788,5.3131,5.9668,5.0914,,,24000.0,6000.0,6000.0,821760.0,205440.0,37.47,30.65,1.0
603313,梦百合,家居用品,江苏,20161013,603313.SH,20170216,34.18,34.38,33.68,34.06,34.39,-0.33,-0.96,30146.55,102463.371,5.0244,5.0244,0.88,49.7648,45.0407,5.2851,5.9354,5.0646,,,24000.0,6000.0,6000.0,817440.0,204360.0,37.83,30.95,1.0
603313,梦百合,家居用品,江苏,20161013,603313.SH,20170215,34.61,35.3,34.36,34.39,34.6,-0.21,-0.61,39308.15,137056.636,6.5514,6.5514,1.19,50.2469,45.4771,5.3364,5.9929,5.1137,,,24000.0,6000.0,6000.0,825360.0,206340.0,38.06,31.14,1.0
603313,梦百合,家居用品,江苏,20161013,603313.SH,20170214,35.0,35.0,34.42,34.6,34.92,-0.32,-0.92,24834.4,85963.831,4.1391,4.1391,0.74,50.5538,45.7548,5.3689,6.0295,5.1449,,,24000.0,6000.0,6000.0,830400.0,207600.0,38.41,31.43,1.0
603313,梦百合,家居用品,江苏,20161013,603313.SH,20170213,33.43,35.15,33.4,34.92,33.74,1.18,3.5,47175.57,162957.316,7.8626,7.8626,1.47,51.0213,46.178,5.4186,6.0853,5.1925,,,24000.0,6000.0,6000.0,838080.0,209520.0,37.11,30.37,1.0
603313,梦百合,家居用品,江苏,20161013,603313.SH,20170210,34.05,34.4,33.7,33.74,34.23,-0.49,-1.43,25565.25,86754.546,4.2609,4.2609,0.86,49.2972,44.6176,5.2355,5.8797,5.017,,,24000.0,6000.0,6000.0,809760.0,202440.0,37.65,30.81,1.0
603313,梦百合,家居用品,江苏,20161013,603313.SH,20170209,34.01,34.85,33.91,34.23,34.09,0.14,0.41,35306.0,121458.641,5.8843,5.8843,1.36,50.0132,45.2655,5.3115,5.9651,5.0899,,,24000.0,6000.0,6000.0,821520.0,205380.0,37.5,30.68,1.0
603313,梦百合,家居用品,江苏,20161013,603313.SH,20170208,33.68,34.24,33.31,34.09,33.68,0.41,1.22,32342.62,109543.704,5.3904,5.3904,1.36,49.8086,45.0804,5.2898,5.9407,5.0691,,,24000.0,6000.0,6000.0,818160.0,204540.0,37.05,30.31,1.0
603313,梦百合,家居用品,江苏,20161013,603313.SH,20170207,33.99,33.99,33.3,33.68,34.1,-0.42,-1.23,27042.3,90966.201,4.5071,4.5071,1.2,49.2096,44.5382,5.2262,5.8692,5.0081,,,24000.0,6000.0,6000.0,808320.0,202080.0,37.51,30.69,1.0
603313,梦百合,家居用品,江苏,20161013,603313.SH,20170206,32.98,34.17,32.98,34.1,32.86,1.24,3.77,40629.68,136640.513,6.7716,6.7716,2.07,49.8232,45.0936,5.2914,5.9424,5.0705,,,24000.0,6000.0,6000.0,818400.0,204600.0,36.15,29.57,1.0
603313,梦百合,家居用品,江苏,20161013,603313.SH,20170203,33.37,33.37,32.65,32.86,33.19,-0.33,-0.99,12704.98,41792.83,2.1175,2.1175,0.53,48.0115,43.4539,5.0989,5.7263,4.8862,,,24000.0,6000.0,6000.0,788640.0,197160.0,36.51,29.87,1.0
603313,梦百合,家居用品,江苏,20161013,603313.SH,20170126,32.99,33.33,32.75,33.19,32.85,0.34,1.04,16937.02,55977.796,2.8228,2.8228,0.6,48.4936,43.8903,5.1501,5.7838,4.9352,,,24000.0,6000.0,6000.0,796560.0,199140.0,36.14,29.57,1.0
603313,梦百合,家居用品,江苏,20161013,603313.SH,20170125,32.01,32.88,32.01,32.85,32.2,0.65,2.02,21655.06,70688.203,3.6092,3.6092,0.73,47.9968,43.4406,5.0974,5.7246,4.8847,,,24000.0,6000.0,6000.0,788400.0,197100.0,35.42,28.98,1.0
603313,梦百合,家居用品,江苏,20161013,603313.SH,20170124,32.98,33.29,32.05,32.2,32.98,-0.78,-2.37,20663.12,67050.455,3.4439,3.4439,0.58,47.0471,42.5811,4.9965,5.6113,4.788,,,24000.0,6000.0,6000.0,772800.0,193200.0,36.28,29.68,1.0
603313,梦百合,家居用品,江苏,20161013,603313.SH,20170123,32.88,33.49,32.77,32.98,32.88,0.1,0.3,26245.74,87094.796,4.3743,4.3743,0.66,48.1868,43.6126,5.1176,5.7472,4.904,,,24000.0,6000.0,6000.0,791520.0,197880.0,36.17,29.59,1.0
603313,梦百合,家居用品,江苏,20161013,603313.SH,20170120,31.99,33.13,31.8,32.88,32.14,0.74,2.3,34718.93,113837.264,5.7865,5.7865,0.83,48.0407,43.4803,5.102,5.7298,4.8891,,,24000.0,6000.0,6000.0,789120.0,197280.0,35.35,28.93,1.0
603313,梦百合,家居用品,江苏,20161013,603313.SH,20170119,31.5,32.95,30.98,32.14,31.74,0.4,1.26,37951.01,121935.371,6.3252,6.3252,0.91,46.9595,42.5017,4.9872,5.6008,4.7791,,,24000.0,6000.0,6000.0,771360.0,192840.0,34.91,28.57,1.0
603313,梦百合,家居用品,江苏,20161013,603313.SH,20170118,32.5,32.5,31.6,31.74,32.9,-1.16,-3.53,28620.15,91869.084,4.77,4.77,0.71,46.375,41.9728,4.9251,5.5311,4.7196,,,24000.0,6000.0,6000.0,761760.0,190440.0,36.19,29.61,1.0
603313,梦百合,家居用品,江苏,20161013,603313.SH,20170117,31.2,33.46,30.85,32.9,31.55,1.35,4.28,49407.08,158601.157,8.2345,8.2345,1.39,48.0699,43.5068,5.1051,5.7333,4.8921,,,24000.0,6000.0,6000.0,789600.0,197400.0,34.71,28.4,1.0
603313,梦百合,家居用品,江苏,20161013,603313.SH,20170116,33.38,33.9,30.93,31.55,34.37,-2.82,-8.2,47180.52,152521.396,7.8634,7.8634,1.51,46.0974,41.7215,4.8957,5.498,4.6914,,,24000.0,6000.0,6000.0,757200.0,189300.0,37.81,30.93,1.0
603313,梦百合,家居用品,江苏,20161013,603313.SH,20170113,36.94,36.94,33.85,34.37,37.04,-2.67,-7.21,47112.18,166389.152,7.852,7.852,1.46,50.2177,45.4507,5.3333,5.9895,5.1107,,,24000.0,6000.0,6000.0,824880.0,206220.0,40.74,33.34,1.0
603313,梦百合,家居用品,江苏,20161013,603313.SH,20170112,36.76,37.75,36.56,37.04,36.56,0.48,1.31,36945.55,137067.017,6.1576,6.1576,1.06,54.1188,48.9815,5.7476,6.4547,5.5077,,,24000.0,6000.0,6000.0,888960.0,222240.0,40.22,32.9,1.0
603313,梦百合,家居用品,江苏,20161013,603313.SH,20170111,37.0,37.29,36.5,36.56,36.97,-0.41,-1.11,21860.97,80523.029,3.6435,3.6435,0.59,53.4175,48.3467,5.6731,6.3711,5.4363,,,24000.0,6000.0,6000.0,877440.0,219360.0,40.67,33.27,1.0
603313,梦百合,家居用品,江苏,20161013,603313.SH,20170110,37.0,37.58,36.81,36.97,36.97,0.0,0.0,25234.47,93927.605,4.2057,4.2057,0.66,54.0165,48.8889,5.7367,6.4425,5.4973,,,24000.0,6000.0,6000.0,887280.0,221820.0,40.67,33.27,1.0
603313,梦百合,家居用品,江苏,20161013,603313.SH,20170109,36.81,37.38,36.6,36.97,37.17,-0.2,-0.54,24655.51,91143.142,4.1093,4.1093,0.61,54.0165,48.8889,5.7367,6.4425,5.4973,,,24000.0,6000.0,6000.0,887280.0,221820.0,40.89,33.45,1.0
603313,梦百合,家居用品,江苏,20161013,603313.SH,20170106,39.01,39.31,36.8,37.17,39.38,-2.21,-5.61,52461.36,199504.975,8.7436,8.7436,1.5,54.3088,49.1534,5.7677,6.4774,5.527,,,24000.0,6000.0,6000.0,892080.0,223020.0,43.32,35.44,1.0
603313,梦百合,家居用品,江苏,20161013,603313.SH,20170105,39.8,40.97,39.3,39.38,39.14,0.24,0.61,49721.14,199207.371,8.2869,8.2869,1.69,57.5378,52.0759,6.1107,6.8625,5.8557,,,24000.0,6000.0,6000.0,945120.0,236280.0,43.05,35.23,1.0
603313,梦百合,家居用品,江苏,20161013,603313.SH,20170104,39.13,39.45,38.54,39.14,38.99,0.15,0.38,34606.09,135059.149,5.7677,5.7677,1.22,57.1871,51.7585,6.0734,6.8207,5.82,,,24000.0,6000.0,6000.0,939360.0,234840.0,42.89,35.09,1.0
603313,梦百合,家居用品,江苏,20161013,603313.SH,20170103,38.49,39.12,38.44,38.99,38.39,0.6,1.56,29596.36,114871.085,4.9327,4.9327,0.94,56.9679,51.5601,6.0501,6.7946,5.7977,,,24000.0,6000.0,6000.0,935760.0,233940.0,42.23,34.55,1.0
603313,梦百合,家居用品,江苏,20161013,603313.SH,20161230,39.23,39.65,38.1,38.39,39.31,-0.92,-2.34,34999.17,135680.198,5.8332,5.8332,1.0,56.0913,50.7667,5.957,6.69,5.7085,,,24000.0,6000.0,6000.0,921360.0,230340.0,43.24,35.38,1.0
603313,梦百合,家居用品,江苏,20161013,603313.SH,20161229,39.8,40.2,39.25,39.31,39.79,-0.48,-1.21,25600.33,101777.855,4.2667,4.2667,0.57,57.4355,51.9833,6.0998,6.8503,5.8453,,,24000.0,6000.0,6000.0,943440.0,235860.0,43.77,35.81,1.0
603313,梦百合,家居用品,江苏,20161013,603313.SH,20161228,40.25,40.6,39.66,39.79,40.22,-0.43,-1.07,22118.11,88864.283,3.6864,3.6864,0.46,58.1368,52.6181,6.1743,6.934,5.9166,,,24000.0,6000.0,6000.0,954960.0,238740.0,44.24,36.2,1.0
603313,梦百合,家居用品,江苏,20161013,603313.SH,20161227,40.88,41.3,40.17,40.22,40.99,-0.77,-1.88,29977.05,121890.826,4.9962,4.9962,0.6,58.7651,53.1867,6.241,7.0089,5.9806,,,24000.0,6000.0,6000.0,965280.0,241320.0,45.09,36.89,1.0
603313,梦百合,家居用品,江苏,20161013,603313.SH,20161226,39.91,41.2,38.2,40.99,40.63,0.36,0.89,45471.53,180928.228,7.5786,7.5786,0.94,59.8901,54.2049,6.3605,7.1431,6.0951,,,24000.0,6000.0,6000.0,983760.0,245940.0,44.69,36.57,1.0
603313,梦百合,家居用品,江苏,20161013,603313.SH,20161223,42.2,42.5,40.5,40.63,42.61,-1.98,-4.65,51413.22,212935.381,8.5689,8.5689,1.02,59.3641,53.7289,6.3046,7.0803,6.0415,,,24000.0,6000.0,6000.0,975120.0,243780.0,46.87,38.35,1.0
603313,梦百合,家居用品,江苏,20161013,603313.SH,20161222,41.72,43.4,41.3,42.61,41.69,0.92,2.21,74515.06,316033.386,12.4192,12.4192,1.69,62.2571,56.3472,6.6119,7.4254,6.336,,,24000.0,6000.0,6000.0,1022640.0,255660.0,45.86,37.52,1.0
603313,梦百合,家居用品,江苏,20161013,603313.SH,20161221,41.17,41.88,40.85,41.69,41.24,0.45,1.09,41659.12,172269.994,6.9432,6.9432,0.91,60.9129,55.1306,6.4691,7.2651,6.1992,,,24000.0,6000.0,6000.0,1000560.0,250140.0,45.36,37.12,1.0
603313,梦百合,家居用品,江苏,20161013,603313.SH,20161220,40.7,41.75,40.66,41.24,41.08,0.16,0.39,35120.37,144838.433,5.8534,5.8534,0.72,60.2554,54.5355,6.3993,7.1867,6.1322,,,24000.0,6000.0,6000.0,989760.0,247440.0,45.19,36.97,1.0
603313,梦百合,家居用品,江苏,20161013,603313.SH,20161219,41.8,41.89,40.7,41.08,41.96,-0.88,-2.1,38202.68,157087.436,6.3671,6.3671,0.69,60.0216,54.3239,6.3745,7.1588,6.1084,,,24000.0,6000.0,6000.0,985920.0,246480.0,46.16,37.76,1.0
603313,梦百合,家居用品,江苏,20161013,603313.SH,20161216,40.79,42.59,40.45,41.96,40.77,1.19,2.92,61324.63,255152.191,10.2208,10.2208,1.22,61.3074,55.4877,6.511,7.3121,6.2393,,,24000.0,6000.0,6000.0,1007040.0,251760.0,44.85,36.69,1.0
603313,梦百合,家居用品,江苏,20161013,603313.SH,20161215,40.0,41.45,39.81,40.77,40.27,0.5,1.24,43522.91,177498.279,7.2538,7.2538,0.83,59.5687,53.914,6.3263,7.1047,6.0623,,,24000.0,6000.0,6000.0,978480.0,244620.0,44.3,36.24,1.0
603313,梦百合,家居用品,江苏,20161013,603313.SH,20161214,41.28,41.7,39.85,40.27,41.57,-1.3,-3.13,50611.53,205457.1,8.4353,8.4353,0.94,58.8381,53.2528,6.2488,7.0176,5.988,,,24000.0,6000.0,6000.0,966480.0,241620.0,45.73,37.41,1.0
603313,梦百合,家居用品,江苏,20161013,603313.SH,20161213,40.5,41.98,40.18,41.57,41.29,0.28,0.68,51486.72,211489.855,8.5811,8.5811,0.92,60.7376,54.9719,6.4505,7.2442,6.1813,,,24000.0,6000.0,6000.0,997680.0,249420.0,45.42,37.16,1.0
603313,梦百合,家居用品,江苏,20161013,603313.SH,20161212,45.8,46.18,41.25,41.29,45.83,-4.54,-9.91,68537.15,296350.267,11.4229,11.4229,1.33,60.3285,54.6016,6.407,7.1954,6.1397,,,24000.0,6000.0,6000.0,990960.0,247740.0,50.41,41.25,1.0
603313,梦百合,家居用品,江苏,20161013,603313.SH,20161209,45.9,46.58,45.51,45.83,46.07,-0.24,-0.52,36759.99,168484.859,6.1267,6.1267,0.59,66.9618,60.6053,7.1115,7.9865,6.8148,,,24000.0,6000.0,6000.0,1099920.0,274980.0,50.68,41.46,1.0
603313,梦百合,家居用品,江苏,20161013,603313.SH,20161208,47.63,47.83,46.0,46.07,47.8,-1.73,-3.62,55990.36,262030.718,9.3317,9.3317,0.8,67.3125,60.9227,7.1488,8.0283,6.8504,,,24000.0,6000.0,6000.0,1105680.0,276420.0,52.58,43.02,1.0
603313,梦百合,家居用品,江苏,20161013,603313.SH,20161207,47.4,48.1,46.46,47.8,47.4,0.4,0.84,56918.48,269145.91,9.4864,9.4864,0.85,69.8402,63.2104,7.4172,8.3298,7.1077,,,24000.0,6000.0,6000.0,1147200.0,286800.0,52.14,42.66,1.0
603313,梦百合,家居用品,江苏,20161013,603313.SH,20161206,46.48,47.96,46.48,47.4,46.19,1.21,2.62,60224.58,285238.557,10.0374,10.0374,0.91,69.2557,62.6815,7.3551,8.2601,7.0482,,,24000.0,6000.0,6000.0,1137600.0,284400.0,50.81,41.57,1.0
603313,梦百合,家居用品,江苏,20161013,603313.SH,20161205,46.07,47.0,45.11,46.19,47.35,-1.16,-2.45,48100.77,222286.306,8.0168,8.0168,0.72,67.4878,61.0814,7.1674,8.0493,6.8683,,,24000.0,6000.0,6000.0,1108560.0,277140.0,52.09,42.62,1.0
603313,梦百合,家居用品,江苏,20161013,603313.SH,20161202,47.63,48.92,47.06,47.35,48.22,-0.87,-1.8,92327.12,443213.487,15.3879,15.3879,1.48,69.1827,62.6154,7.3474,8.2514,7.0408,,,24000.0,6000.0,6000.0,1136400.0,284100.0,53.04,43.4,1.0
603313,梦百合,家居用品,江苏,20161013,603313.SH,20161201,45.72,48.48,45.36,48.22,45.38,2.84,6.26,90640.85,424284.191,15.1068,15.1068,1.43,70.4538,63.7658,7.4824,8.403,7.1701,,,24000.0,6000.0,6000.0,1157280.0,289320.0,49.92,40.84,1.0
603313,梦百合,家居用品,江苏,20161013,603313.SH,20161130,45.5,45.9,45.02,45.38,45.65,-0.27,-0.59,42685.16,193556.458,7.1142,7.1142,0.59,66.3043,60.0102,7.0417,7.9081,6.7478,,,24000.0,6000.0,6000.0,1089120.0,272280.0,50.22,41.09,1.0
603313,梦百合,家居用品,江苏,20161013,603313.SH,20161129,47.0,47.79,45.55,45.65,47.0,-1.35,-2.87,56319.11,261793.829,9.3865,9.3865,0.72,66.6988,60.3673,7.0836,7.9552,6.788,,,24000.0,6000.0,6000.0,1095600.0,273900.0,51.7,42.3,1.0
603313,梦百合,家居用品,江苏,20161013,603313.SH,20161128,48.4,48.43,46.8,47.0,48.45,-1.45,-2.99,51014.48,242972.228,8.5024,8.5024,0.58,68.6713,62.1525,7.2931,8.1904,6.9887,,,24000.0,6000.0,6000.0,1128000.0,282000.0,53.3,43.61,1.0
603313,梦百合,家居用品,江苏,20161013,603313.SH,20161125,47.5,48.68,46.33,48.45,47.94,0.51,1.06,70572.05,336790.013,11.762,11.762,0.76,70.7899,64.07,7.5181,8.4431,7.2043,,,24000.0,6000.0,6000.0,1162800.0,290700.0,52.73,43.15,1.0
603313,梦百合,家居用品,江苏,20161013,603313.SH,20161124,49.82,50.24,47.46,47.94,50.26,-2.32,-4.62,96034.85,468463.596,16.0058,16.0058,1.08,70.0447,63.3956,7.4389,8.3542,7.1285,,,24000.0,6000.0,6000.0,1150560.0,287640.0,55.29,45.23,1.0
603313,梦百合,家居用品,江苏,20161013,603313.SH,20161123,51.5,52.5,50.01,50.26,51.7,-1.44,-2.79,85295.07,438198.538,14.2158,14.2158,0.9,73.4344,66.4635,7.7989,8.7585,7.4735,,,24000.0,6000.0,6000.0,1206240.0,301560.0,56.87,46.53,1.0
603313,梦百合,家居用品,江苏,20161013,603313.SH,20161122,51.49,52.48,51.12,51.7,51.59,0.11,0.21,89903.61,465420.25,14.9839,14.9839,0.95,75.5384,68.3678,8.0224,9.0095,7.6876,,,24000.0,6000.0,6000.0,1240800.0,310200.0,56.75,46.43,1.0
603313,梦百合,家居用品,江苏,20161013,603313.SH,20161121,50.8,51.98,49.51,51.59,51.16,0.43,0.84,99483.52,504887.679,16.5806,16.5806,0.94,75.3777,68.2223,8.0053,8.9903,7.6712,,,24000.0,6000.0,6000.0,1238160.0,309540.0,56.28,46.04,1.0
603313,梦百合,家居用品,江苏,20161013,603313.SH,20161118,50.28,52.69,50.0,51.16,50.36,0.8,1.59,94477.31,486221.977,15.7462,15.7462,0.67,74.7494,67.6537,7.9386,8.9154,7.6073,,,24000.0,6000.0,6000.0,1227840.0,306960.0,55.4,45.32,1.0
603313,梦百合,家居用品,江苏,20161013,603313.SH,20161117,50.04,51.18,49.36,50.36,50.18,0.18,0.36,74154.4,375031.78,12.3591,12.3591,0.4,73.5806,66.5958,7.8144,8.7759,7.4883,,,24000.0,6000.0,6000.0,1208640.0,302160.0,55.2,45.16,1.0
603313,梦百合,家居用品,江苏,20161013,603313.SH,20161116,52.7,52.76,50.0,50.18,52.82,-2.64,-5.0,118487.39,602218.869,19.7479,19.7479,0.54,73.3176,66.3577,7.7865,8.7446,7.4616,,,24000.0,6000.0,6000.0,1204320.0,301080.0,58.1,47.54,1.0
603313,梦百合,家居用品,江苏,20161013,603313.SH,20161115,52.52,53.6,52.11,52.82,52.5,0.32,0.61,88384.71,466089.094,14.7308,14.7308,0.37,77.1748,69.8488,8.1962,9.2046,7.8541,,,24000.0,6000.0,6000.0,1267680.0,316920.0,57.75,47.25,1.0
603313,梦百合,家居用品,江苏,20161013,603313.SH,20161114,54.18,54.81,51.68,52.5,55.87,-3.37,-6.03,154922.35,824292.522,25.8204,25.8204,0.6,76.7073,69.4257,8.1465,9.1489,7.8066,,,24000.0,6000.0,6000.0,1260000.0,315000.0,61.46,50.28,1.0
603313,梦百合,家居用品,江苏,20161013,603313.SH,20161111,58.0,60.25,55.5,55.87,58.97,-3.1,-5.26,271364.49,1566379.241,45.2274,45.2274,1.0,81.6312,73.8822,8.6694,9.7361,8.3077,,,24000.0,6000.0,6000.0,1340880.0,335220.0,64.87,53.07,1.0
603313,梦百合,家居用品,江苏,20161013,603313.SH,20161110,54.61,60.48,53.78,58.97,54.98,3.99,7.26,302599.89,1743993.439,50.4333,50.4333,1.18,86.1605,77.9816,9.1505,10.2764,8.7686,,,24000.0,6000.0,6000.0,1415280.0,353820.0,60.48,49.48,1.0
603313,梦百合,家居用品,江苏,20161013,603313.SH,20161109,52.08,55.9,51.0,54.98,52.69,2.29,4.35,274463.02,1465482.127,45.7438,45.7438,1.18,80.3308,72.7052,8.5313,9.581,8.1753,,,24000.0,6000.0,6000.0,1319520.0,329880.0,57.96,47.42,1.0
603313,梦百合,家居用品,江苏,20161013,603313.SH,20161108,52.05,53.76,50.88,52.69,52.68,0.01,0.02,192304.75,1010162.289,32.0508,32.0508,0.82,76.9849,69.6769,8.176,9.182,7.8348,,,24000.0,6000.0,6000.0,1264560.0,316140.0,57.95,47.41,1.0
603313,梦百合,家居用品,江苏,20161013,603313.SH,20161107,54.3,55.95,51.0,52.68,53.96,-1.28,-2.37,244431.61,1292595.599,40.7386,40.7386,1.13,76.9703,69.6637,8.1744,9.1802,7.8333,,,24000.0,6000.0,6000.0,1264320.0,316080.0,59.36,48.56,1.0
603313,梦百合,家居用品,江苏,20161013,603313.SH,20161104,55.24,57.18,53.0,53.96,51.98,1.98,3.81,340101.85,1893583.621,56.6836,56.6836,1.71,78.8405,71.3564,8.3731,9.4033,8.0237,,,24000.0,6000.0,6000.0,1295040.0,323760.0,57.18,46.78,1.0
603313,梦百合,家居用品,江苏,20161013,603313.SH,20161103,54.9,55.57,51.5,51.98,50.52,1.46,2.89,232422.86,1255034.58,38.7371,38.7371,1.16,75.9475,68.738,8.0658,9.0582,7.7292,,,24000.0,6000.0,6000.0,1247520.0,311880.0,55.57,45.47,1.0
603313,梦百合,家居用品,江苏,20161013,603313.SH,20161102,47.2,50.52,45.5,50.52,45.93,4.59,9.99,156163.05,754631.304,26.0272,26.0272,0.76,73.8143,66.8073,7.8393,8.8038,7.5121,,,24000.0,6000.0,6000.0,1212480.0,303120.0,50.52,41.34,1.0
603313,梦百合,家居用品,江苏,20161013,603313.SH,20161101,41.75,45.93,41.75,45.93,41.75,4.18,10.01,204880.56,922853.581,34.1468,34.1468,0.95,67.1079,60.7376,7.127,8.0039,6.8296,,,24000.0,6000.0,6000.0,1102320.0,275580.0,45.93,37.58,1.0
603313,梦百合,家居用品,江苏,20161013,603313.SH,20161031,44.2,44.2,41.36,41.75,44.7,-2.95,-6.6,149359.48,634903.697,24.8932,24.8932,0.62,61.0006,55.2099,6.4784,7.2755,6.2081,,,24000.0,6000.0,6000.0,1002000.0,250500.0,49.17,40.23,1.0
603313,梦百合,家居用品,江苏,20161013,603313.SH,20161028,43.87,46.7,43.08,44.7,44.47,0.23,0.52,250321.78,1120716.744,41.7203,41.7203,0.98,65.3108,65.3108,6.9362,7.7896,7.7896,,,24000.0,6000.0,6000.0,1072800.0,268200.0,48.92,40.02,1.0
603313,梦百合,家居用品,江苏,20161013,603313.SH,20161027,41.19,45.18,40.78,44.47,41.3,3.17,7.68,245357.22,1062876.084,40.8929,40.8929,1.18,64.9747,64.9747,6.9005,7.7495,7.7495,,,24000.0,6000.0,6000.0,1067280.0,266820.0,45.43,37.17,1.0
603313,梦百合,家居用品,江苏,20161013,603313.SH,20161026,40.0,42.47,39.81,41.3,40.7,0.6,1.47,180918.2,746496.67,30.153,30.153,1.06,60.3431,60.3431,6.4086,7.1971,7.1971,,,24000.0,6000.0,6000.0,991200.0,247800.0,44.77,36.63,1.0
603313,梦百合,家居用品,江苏,20161013,603313.SH,20161025,40.31,43.0,40.02,40.7,41.23,-0.53,-1.29,247198.67,1025872.229,41.1998,41.1998,2.03,59.4664,59.4664,6.3155,7.0925,7.0925,,,24000.0,6000.0,6000.0,976800.0,244200.0,45.35,37.11,1.0
603313,梦百合,家居用品,江苏,20161013,603313.SH,20161024,38.2,43.12,37.6,41.23,39.31,1.92,4.88,283548.45,1121678.981,47.2581,47.2581,4.34,60.2408,60.2408,6.3977,7.1849,7.1849,,,24000.0,6000.0,6000.0,989520.0,247380.0,43.24,35.38,1.0
603313,梦百合,家居用品,江苏,20161013,603313.SH,20161021,39.3,39.31,36.61,39.31,35.74,3.57,9.99,322712.19,1227099.362,53.7854,53.7854,389.84,57.4355,57.4355,6.0998,6.8503,6.8503,,,24000.0,6000.0,6000.0,943440.0,235860.0,39.31,32.17,1.0
603313,梦百合,家居用品,江苏,20161013,603313.SH,20161020,35.74,35.74,35.74,35.74,32.49,3.25,10.0,3013.98,10771.965,0.5023,0.5023,10.54,52.2194,52.2194,5.5458,6.2282,6.2282,,,24000.0,6000.0,6000.0,857760.0,214440.0,35.74,29.24,1.0
603313,梦百合,家居用品,江苏,20161013,603313.SH,20161019,32.49,32.49,32.49,32.49,29.54,2.95,9.99,578.52,1879.611,0.0964,0.0964,,47.4709,47.4709,5.0415,5.6618,5.6618,,,24000.0,6000.0,6000.0,779760.0,194940.0,32.49,26.59,1.0
603313,梦百合,家居用品,江苏,20161013,603313.SH,20161018,29.54,29.54,29.54,29.54,26.85,2.69,10.02,223.0,658.742,0.0372,0.0372,,43.1606,43.1606,4.5838,5.1478,5.1478,,,24000.0,6000.0,6000.0,708960.0,177240.0,29.54,24.17,1.0
603313,梦百合,家居用品,江苏,20161013,603313.SH,20161017,26.85,26.85,26.85,26.85,24.41,2.44,10.0,164.81,442.515,0.0275,0.0275,,39.2303,39.2303,4.1664,4.679,4.679,,,24000.0,6000.0,6000.0,644400.0,161100.0,26.85,21.97,1.0
603313,梦百合,家居用品,江苏,20161013,603313.SH,20161014,24.41,24.41,24.41,24.41,22.19,2.22,10.0,158.71,387.411,0.0265,0.0265,,35.6652,35.6652,3.7877,4.2538,4.2538,,,24000.0,6000.0,6000.0,585840.0,146460.0,24.41,19.97,1.0
603313,梦百合,家居用品,江苏,20161013,603313.SH,20161013,22.19,22.19,22.19,22.19,15.41,6.78,44.0,304.15,674.909,0.0507,0.0507,,32.4216,32.4216,3.4433,3.8669,3.8669,,,24000.0,6000.0,6000.0,532560.0,133140.0,,,1.0
