股票代码,名称,所属行业,地域,上市日期,TS代码,交易日期,开盘价,最高价,最低价,收盘价,前收盘价,涨跌额,涨跌幅(%),成交量(手),成交额(千元),换手率(%),换手率(自由流通股),量比,市盈率,"市盈率(TTM,亏损的PE为空)",市净率,市销率,市销率(TTM),股息率(%),股息率(TTM)(%),总股本(万股),流通股本(万股),自由流通股本(万股),总市值(万元),流通市值(万元),今日涨停价,今日跌停价,复权因子
605507,国邦医药,化学制药,浙江,20210802,605507.SH,20251205,24.43,24.43,24.0,24.09,24.43,-0.34,-1.3917,30143.0,72670.935,0.999,1.1776,0.66,17.2238,15.4213,1.6275,2.2853,2.2654,1.238,2.4886,55882.35,30172.2186,25596.3217,1346205.8115,726848.7461,26.87,21.99,1.1043
605507,国邦医药,化学制药,浙江,20210802,605507.SH,20251204,24.6,24.63,24.25,24.43,24.49,-0.06,-0.245,32159.91,78635.937,1.0659,1.2564,0.61,17.4669,15.6389,1.6505,2.3175,2.2973,1.2207,2.454,55882.35,30172.2186,25596.3217,1365205.8105,737107.3004,26.94,22.04,1.1043
605507,国邦医药,化学制药,浙江,20210802,605507.SH,20251203,24.29,24.6,24.1,24.49,24.3,0.19,0.7819,46384.0,113225.421,1.5373,1.8121,0.87,17.5098,15.6773,1.6545,2.3232,2.303,1.2177,2.448,55882.35,30172.2186,25596.3217,1368558.7515,738917.6335,26.73,21.87,1.1043
605507,国邦医药,化学制药,浙江,20210802,605507.SH,20251202,24.27,24.48,24.13,24.3,24.39,-0.09,-0.369,27532.69,66730.134,0.9125,1.0757,0.48,17.374,15.5557,1.6417,2.3052,2.2851,1.2273,2.4671,55882.35,30172.2186,25596.3217,1357941.105,733184.912,26.83,21.95,1.1043
605507,国邦医药,化学制药,浙江,20210802,605507.SH,20251201,23.94,24.66,23.83,24.39,23.97,0.42,1.7522,76301.69,185436.404,2.5289,2.981,1.53,17.4383,15.6133,1.6478,2.3137,2.2936,1.2227,2.458,55882.35,30172.2186,25596.3217,1362970.5165,735900.4117,26.37,21.57,1.1043
605507,国邦医药,化学制药,浙江,20210802,605507.SH,20251128,24.1,24.19,23.71,23.97,24.07,-0.1,-0.4155,46643.58,111597.662,1.5459,1.8223,0.92,17.138,15.3445,1.6194,2.2739,2.2541,1.2442,2.5011,55882.35,30172.2186,25596.3217,1339499.9295,723228.0798,26.48,21.66,1.1043
605507,国邦医药,化学制药,浙江,20210802,605507.SH,20251127,23.58,24.22,23.5,24.07,23.63,0.44,1.862,67045.6,160614.574,2.2221,2.6193,1.63,17.2095,15.4085,1.6261,2.2834,2.2635,1.239,2.4907,55882.35,30172.2186,25596.3217,1345088.1645,726245.3017,25.99,21.27,1.1043
605507,国邦医药,化学制药,浙江,20210802,605507.SH,20251126,23.5,24.11,23.49,23.63,23.52,0.11,0.4677,47734.36,113774.075,1.5821,1.8649,1.37,16.8949,15.1268,1.5964,2.2416,2.2221,1.2621,2.5371,55882.35,30172.2186,25596.3217,1320499.9305,712969.5255,25.87,21.17,1.1043
605507,国邦医药,化学制药,浙江,20210802,605507.SH,20251125,23.07,23.82,22.97,23.52,22.98,0.54,2.3499,49746.69,117060.181,1.6488,1.9435,1.69,16.8163,15.0564,1.589,2.2312,2.2118,1.268,2.5489,55882.35,30172.2186,25596.3217,1314352.872,709650.5815,25.28,20.68,1.1043
605507,国邦医药,化学制药,浙江,20210802,605507.SH,20251124,22.99,23.64,22.96,22.98,22.9,0.08,0.3493,38049.0,88276.576,1.2611,1.4865,1.39,16.4302,14.7107,1.5525,2.18,2.161,1.2978,2.6088,55882.35,30172.2186,25596.3217,1284176.403,693357.5834,25.19,20.61,1.1043
605507,国邦医药,化学制药,浙江,20210802,605507.SH,20251121,23.19,23.5,22.89,22.9,23.11,-0.21,-0.9087,50615.1,117061.768,1.6775,1.9774,2.26,16.373,14.6595,1.5471,2.1724,2.1535,1.3023,2.6179,55882.35,30172.2186,25596.3217,1279705.815,690943.8059,25.42,20.8,1.1043
605507,国邦医药,化学制药,浙江,20210802,605507.SH,20251120,23.13,23.25,22.98,23.11,23.03,0.08,0.3474,18919.0,43726.837,0.627,0.7391,0.73,16.5231,14.7939,1.5613,2.1923,2.1732,1.2905,2.5941,55882.35,30172.2186,25596.3217,1291441.1085,697279.9718,25.33,20.73,1.1043
605507,国邦医药,化学制药,浙江,20210802,605507.SH,20251119,23.1,23.26,22.94,23.03,23.04,-0.01,-0.0434,16838.46,38812.444,0.5581,0.6578,0.53,16.4659,14.7427,1.5559,2.1847,2.1657,1.2949,2.6032,55882.35,30172.2186,25596.3217,1286970.5205,694866.1944,25.34,20.74,1.1043
605507,国邦医药,化学制药,浙江,20210802,605507.SH,20251118,23.1,23.29,22.99,23.04,23.19,-0.15,-0.6468,22394.0,51713.036,0.7422,0.8749,0.56,16.4731,14.7491,1.5566,2.1856,2.1666,1.2944,2.602,55882.35,30172.2186,25596.3217,1287529.344,695167.9165,25.51,20.87,1.1043
605507,国邦医药,化学制药,浙江,20210802,605507.SH,20251117,23.58,23.58,23.08,23.19,23.5,-0.31,-1.3191,28139.12,65402.864,0.9326,1.0993,0.59,16.5803,14.8451,1.5667,2.1999,2.1807,1.286,2.5852,55882.35,30172.2186,25596.3217,1295911.6965,699693.7493,25.85,21.15,1.1043
605507,国邦医药,化学制药,浙江,20210802,605507.SH,20251114,23.63,23.85,23.49,23.5,23.68,-0.18,-0.7601,25805.0,61012.542,0.8553,1.0082,0.52,16.802,15.0436,1.5876,2.2293,2.2099,1.269,2.5511,55882.35,30172.2186,25596.3217,1313235.225,709047.1371,26.05,21.31,1.1043
605507,国邦医药,化学制药,浙江,20210802,605507.SH,20251113,23.74,23.82,23.42,23.68,23.69,-0.01,-0.0422,36755.88,86919.786,1.2182,1.436,0.78,16.9307,15.1588,1.5998,2.2464,2.2268,1.2594,2.5317,55882.35,30172.2186,25596.3217,1323294.048,714478.1364,26.06,21.32,1.1043
605507,国邦医药,化学制药,浙江,20210802,605507.SH,20251112,23.77,23.87,23.52,23.69,23.75,-0.06,-0.2526,46673.0,110602.161,1.5469,1.8234,1.1,16.9378,15.1652,1.6005,2.2473,2.2277,1.2589,2.5306,55882.35,30172.2186,25596.3217,1323852.8715,714779.8586,26.13,21.38,1.1043
605507,国邦医药,化学制药,浙江,20210802,605507.SH,20251111,23.21,23.85,23.2,23.75,23.3,0.45,1.9313,64137.08,151672.745,2.1257,2.5057,1.78,16.9807,15.2036,1.6045,2.253,2.2334,1.2557,2.5242,55882.35,30172.2186,25596.3217,1327205.8125,716590.1918,25.63,20.97,1.1043
605507,国邦医药,化学制药,浙江,20210802,605507.SH,20251110,22.77,23.42,22.71,23.3,22.78,0.52,2.2827,65557.04,152086.11,2.1728,2.5612,2.25,16.659,14.9156,1.5741,2.2103,2.1911,1.2799,2.573,55882.35,30172.2186,25596.3217,1302058.755,703012.6934,25.06,20.5,1.1043
605507,国邦医药,化学制药,浙江,20210802,605507.SH,20251107,22.49,22.85,22.34,22.78,22.44,0.34,1.5152,34067.61,76961.294,1.1291,1.331,1.18,16.2872,14.5827,1.539,2.161,2.1422,1.3091,2.6317,55882.35,30172.2186,25596.3217,1272999.933,687323.1397,24.68,20.2,1.1043
605507,国邦医药,化学制药,浙江,20210802,605507.SH,20251106,22.2,22.49,22.13,22.44,22.15,0.29,1.3093,23978.0,53524.197,0.7947,0.9368,0.81,16.0441,14.365,1.516,2.1287,2.1102,1.329,2.6716,55882.35,30172.2186,25596.3217,1253999.934,677064.5854,24.37,19.94,1.1043
605507,国邦医药,化学制药,浙江,20210802,605507.SH,20251105,22.27,22.3,22.07,22.15,22.24,-0.09,-0.4047,23837.69,52844.228,0.7901,0.9313,0.8,15.8368,14.1794,1.4964,2.1012,2.0829,1.3464,2.7066,55882.35,30172.2186,25596.3217,1237794.0525,668314.642,24.46,20.02,1.1043
605507,国邦医药,化学制药,浙江,20210802,605507.SH,20251104,22.55,22.67,22.13,22.24,22.63,-0.39,-1.7234,32552.11,72581.698,1.0789,1.2717,1.12,15.9011,14.237,1.5025,2.1098,2.0914,1.3409,2.6956,55882.35,30172.2186,25596.3217,1242823.464,671030.1417,24.89,20.37,1.1043
605507,国邦医药,化学制药,浙江,20210802,605507.SH,20251103,22.88,22.9,22.45,22.63,22.77,-0.14,-0.6148,31251.0,70733.014,1.0358,1.2209,0.94,16.18,14.4867,1.5289,2.1468,2.1281,1.3178,2.6492,55882.35,30172.2186,25596.3217,1264617.5805,682797.3069,25.05,20.49,1.1043
605507,国邦医药,化学制药,浙江,20210802,605507.SH,20251031,22.33,22.9,22.33,22.77,22.35,0.42,1.8792,33113.0,75357.565,1.0975,1.2937,1.07,16.28,14.5763,1.5383,2.16,2.1412,1.3097,2.6329,55882.35,30172.2186,25596.3217,1272441.1095,687021.4175,24.59,20.12,1.1043
605507,国邦医药,化学制药,浙江,20210802,605507.SH,20251030,22.59,22.92,22.34,22.35,22.7,-0.35,-1.5419,26418.0,59648.279,0.8756,1.0321,0.84,15.9798,14.3074,1.5099,2.1202,2.1017,1.3343,2.6824,55882.35,30172.2186,25596.3217,1248970.5225,674349.0857,24.97,20.43,1.1043
605507,国邦医药,化学制药,浙江,20210802,605507.SH,20251029,22.83,22.85,22.54,22.7,22.76,-0.06,-0.2636,25488.2,57801.19,0.8448,0.9958,0.79,16.23,14.5315,1.5336,2.1534,2.1346,1.3138,2.641,55882.35,30172.2186,25596.3217,1268529.345,684909.3622,25.04,20.48,1.1043
605507,国邦医药,化学制药,浙江,20210802,605507.SH,20251028,22.66,22.96,22.56,22.76,22.69,0.07,0.3085,29574.0,67432.087,0.9802,1.1554,0.86,16.2729,14.5699,1.5376,2.1591,2.1403,1.3103,2.634,55882.35,30172.2186,25596.3217,1271882.286,686719.6953,24.96,20.42,1.1043
605507,国邦医药,化学制药,浙江,20210802,605507.SH,20251027,22.4,22.98,22.39,22.69,22.31,0.38,1.7033,51100.5,115955.144,1.6936,1.9964,1.48,16.2228,14.5251,1.5329,2.1524,2.1337,1.3143,2.6422,55882.35,30172.2186,25596.3217,1267970.5215,684607.64,24.54,20.08,1.1043
605507,国邦医药,化学制药,浙江,20210802,605507.SH,20251024,22.25,22.35,22.14,22.31,22.28,0.03,0.1346,22153.02,49307.033,0.7342,0.8655,0.45,15.9512,14.2818,1.5072,2.1164,2.098,1.3367,2.6872,55882.35,30172.2186,25596.3217,1246735.2285,673142.197,24.51,20.05,1.1043
605507,国邦医药,化学制药,浙江,20210802,605507.SH,20251023,22.34,22.39,22.08,22.28,22.37,-0.09,-0.4023,29328.02,65017.776,0.972,1.1458,0.53,15.9297,14.2626,1.5052,2.1136,2.0951,1.3385,2.6908,55882.35,30172.2186,25596.3217,1245058.758,672237.0304,24.61,20.13,1.1043
605507,国邦医药,化学制药,浙江,20210802,605507.SH,20251022,22.44,22.65,22.33,22.37,22.55,-0.18,-0.7982,29960.2,67150.32,0.993,1.1705,0.49,15.9941,14.3202,1.5113,2.1221,2.1036,1.3331,2.68,55882.35,30172.2186,25596.3217,1250088.1695,674952.5301,24.81,20.3,1.1043
605507,国邦医药,化学制药,浙江,20210802,605507.SH,20251021,22.24,22.85,22.18,22.55,22.11,0.44,1.99,39768.0,89581.642,1.318,1.5537,0.62,16.1228,14.4354,1.5235,2.1392,2.1205,1.3225,2.6586,55882.35,30172.2186,25596.3217,1260146.9925,680383.5294,24.32,19.9,1.1043
605507,国邦医药,化学制药,浙江,20210802,605507.SH,20251020,22.68,22.71,22.06,22.11,22.47,-0.36,-1.6021,50957.13,113449.024,1.6889,1.9908,0.75,15.8082,14.1538,1.4937,2.0974,2.0792,1.3488,2.7115,55882.35,30172.2186,25596.3217,1235558.7585,667107.7532,24.72,20.22,1.1043
605507,国邦医药,化学制药,浙江,20210802,605507.SH,20251017,23.37,23.37,22.2,22.47,23.68,-1.21,-5.1098,94086.7,213576.437,3.1183,3.6758,1.5,16.0656,14.3842,1.518,2.1316,2.113,1.3272,2.668,55882.35,30172.2186,25596.3217,1255676.4045,677969.7519,26.05,21.31,1.1043
605507,国邦医药,化学制药,浙江,20210802,605507.SH,20251016,23.76,23.92,23.51,23.68,23.73,-0.05,-0.2107,61698.0,146338.686,2.0449,2.526,,16.9307,15.8941,1.6424,2.2464,2.1964,1.2594,2.5317,55882.35,30172.2186,24424.8324,1323294.048,714478.1364,26.1,21.36,1.1043
605507,国邦医药,化学制药,浙江,20210802,605507.SH,20251015,23.23,23.74,23.2,23.73,23.2,0.53,2.2845,60506.1,142795.012,2.0054,2.4772,1.08,16.9664,15.9277,1.6459,2.2511,2.2011,1.2567,2.5264,55882.35,30172.2186,24424.8324,1326088.1655,715986.7474,25.52,20.88,1.1043
605507,国邦医药,化学制药,浙江,20210802,605507.SH,20251014,23.42,23.58,23.09,23.2,23.45,-0.25,-1.0661,50927.1,118869.174,1.6879,2.0851,0.96,16.5875,15.572,1.6091,2.2008,2.1519,1.2854,2.5841,55882.35,30172.2186,24424.8324,1296470.52,699995.4715,25.8,21.11,1.1043
605507,国邦医药,化学制药,浙江,20210802,605507.SH,20251013,22.63,23.56,22.58,23.45,23.28,0.17,0.7302,71381.0,164717.164,2.3658,2.9225,1.61,16.7662,15.7398,1.6265,2.2245,2.1751,1.2717,2.5565,55882.35,30172.2186,24424.8324,1310441.1075,707538.5262,25.61,20.95,1.1043
605507,国邦医药,化学制药,浙江,20210802,605507.SH,20251010,22.6,23.32,22.44,23.28,22.56,0.72,3.1915,69013.61,159300.075,2.2873,2.8256,2.0,16.6447,15.6257,1.6147,2.2084,2.1593,1.281,2.5752,55882.35,30172.2186,24424.8324,1300941.108,702409.249,24.82,20.3,1.1043
605507,国邦医药,化学制药,浙江,20210802,605507.SH,20251009,22.72,22.79,22.38,22.56,22.82,-0.26,-1.1394,39601.67,89256.006,1.3125,1.6214,1.27,16.1299,15.1424,1.5647,2.1401,2.0925,1.3219,2.6574,55882.35,30172.2186,24424.8324,1260705.816,680685.2516,25.1,20.54,1.1043
605507,国邦医药,化学制药,浙江,20210802,605507.SH,20250930,22.12,22.86,22.05,22.82,22.22,0.6,2.7003,49385.9,111668.444,1.6368,2.022,1.72,16.3158,15.3169,1.5828,2.1648,2.1167,1.3069,2.6271,55882.35,30172.2186,24424.8324,1275235.227,688530.0285,24.44,20.0,1.1043
605507,国邦医药,化学制药,浙江,20210802,605507.SH,20250929,22.29,22.39,22.03,22.22,22.31,-0.09,-0.4034,35298.61,78153.152,1.1699,1.4452,1.23,15.8868,14.9142,1.5412,2.1079,2.061,1.3421,2.6981,55882.35,30172.2186,24424.8324,1241705.817,670426.6973,24.54,20.08,1.1043
605507,国邦医药,化学制药,浙江,20210802,605507.SH,20250926,22.38,22.42,22.01,22.31,22.45,-0.14,-0.6236,27932.57,62083.85,0.9258,1.1436,0.93,15.9512,14.9746,1.5474,2.1164,2.0694,1.3367,2.6872,55882.35,30172.2186,24424.8324,1246735.2285,673142.197,24.7,20.21,1.1043
605507,国邦医药,化学制药,浙江,20210802,605507.SH,20250925,22.62,22.65,22.32,22.45,22.57,-0.12,-0.5317,20295.2,45606.768,0.6726,0.8309,0.58,16.0513,15.0686,1.5571,2.1297,2.0823,1.3284,2.6704,55882.35,30172.2186,24424.8324,1254558.7575,677366.3076,24.83,20.31,1.1043
605507,国邦医药,化学制药,浙江,20210802,605507.SH,20250924,22.22,22.6,22.15,22.57,22.22,0.35,1.5752,22602.0,50777.204,0.7491,0.9254,0.62,16.1371,15.1491,1.5654,2.1411,2.0935,1.3213,2.6562,55882.35,30172.2186,24424.8324,1261264.6395,680986.9738,24.44,20.0,1.1043
605507,国邦医药,化学制药,浙江,20210802,605507.SH,20250923,22.35,22.44,21.83,22.22,22.37,-0.15,-0.6705,37360.17,82401.935,1.2382,1.5296,1.06,15.8868,14.9142,1.5412,2.1079,2.061,1.3421,2.6981,55882.35,30172.2186,24424.8324,1241705.817,670426.6973,24.61,20.13,1.1043
605507,国邦医药,化学制药,浙江,20210802,605507.SH,20250922,22.58,22.78,22.3,22.37,22.54,-0.17,-0.7542,35683.0,80319.486,1.1826,1.4609,1.04,15.9941,15.0149,1.5516,2.1221,2.0749,1.3331,2.68,55882.35,30172.2186,24424.8324,1250088.1695,674952.5301,24.79,20.29,1.1043
605507,国邦医药,化学制药,浙江,20210802,605507.SH,20250919,22.57,22.68,22.34,22.54,22.64,-0.1,-0.4417,34072.0,76537.607,1.1293,1.395,0.94,16.1156,15.129,1.5634,2.1382,2.0907,1.3231,2.6598,55882.35,30172.2186,24424.8324,1259588.169,680081.8072,24.9,20.38,1.1043
605507,国邦医药,化学制药,浙江,20210802,605507.SH,20250918,22.74,22.94,22.34,22.64,22.79,-0.15,-0.6582,44287.0,100258.297,1.4678,1.8132,1.22,16.1871,15.1961,1.5703,2.1477,2.1,1.3172,2.648,55882.35,30172.2186,24424.8324,1265176.404,683099.0291,25.07,20.51,1.1043
605507,国邦医药,化学制药,浙江,20210802,605507.SH,20250917,22.84,22.93,22.62,22.79,22.78,0.01,0.0439,30977.01,70549.641,1.0267,1.2683,0.8,16.2943,15.2968,1.5807,2.1619,2.1139,1.3086,2.6306,55882.35,30172.2186,24424.8324,1273558.7565,687624.8619,25.06,20.5,1.1043
605507,国邦医药,化学制药,浙江,20210802,605507.SH,20250916,22.97,23.03,22.65,22.78,22.96,-0.18,-0.784,30938.0,70470.957,1.0254,1.2667,0.68,16.2872,15.2901,1.58,2.161,2.1129,1.3091,2.6317,55882.35,30172.2186,24424.8324,1272999.933,687323.1397,25.26,20.66,1.1043
605507,国邦医药,化学制药,浙江,20210802,605507.SH,20250915,23.08,23.18,22.92,22.96,23.08,-0.12,-0.5199,31722.9,72961.012,1.0514,1.2988,0.51,16.4159,15.4109,1.5925,2.1781,2.1296,1.2989,2.6111,55882.35,30172.2186,24424.8324,1283058.756,692754.1391,25.39,20.77,1.1043
605507,国邦医药,化学制药,浙江,20210802,605507.SH,20250912,23.36,23.43,23.0,23.08,23.37,-0.29,-1.2409,42967.0,99348.918,1.4241,1.7592,0.63,16.5017,15.4914,1.6008,2.1894,2.1408,1.2921,2.5975,55882.35,30172.2186,24424.8324,1289764.638,696374.8053,25.71,21.03,1.1043
605507,国邦医药,化学制药,浙江,20210802,605507.SH,20250911,23.39,23.39,22.88,23.37,23.42,-0.05,-0.2135,44427.0,103110.27,1.4724,1.8189,0.59,16.709,15.6861,1.6209,2.217,2.1677,1.2761,2.5653,55882.35,30172.2186,24424.8324,1305970.5195,705124.7487,25.76,21.08,1.1043
605507,国邦医药,化学制药,浙江,20210802,605507.SH,20250910,23.61,24.02,23.38,23.42,23.73,-0.31,-1.3064,44267.0,104431.61,1.4671,1.8124,0.56,16.7448,15.7196,1.6244,2.2217,2.1723,1.2734,2.5598,55882.35,30172.2186,24424.8324,1308764.637,706633.3596,26.1,21.36,1.1043
605507,国邦医药,化学制药,浙江,20210802,605507.SH,20250909,24.2,24.37,23.59,23.73,24.19,-0.46,-1.9016,62612.14,149991.735,2.0752,2.5635,0.79,16.9664,15.9277,1.6459,2.2511,2.2011,1.2567,2.5264,55882.35,30172.2186,24424.8324,1326088.1655,715986.7474,26.61,21.77,1.1043
605507,国邦医药,化学制药,浙江,20210802,605507.SH,20250908,23.78,25.1,23.68,24.19,23.58,0.61,2.5869,118062.0,285971.565,3.9129,4.8337,1.73,17.2953,16.2365,1.6778,2.2947,2.2437,1.2328,2.4783,55882.35,30172.2186,24424.8324,1351794.0465,729865.9679,25.94,21.22,1.1043
605507,国邦医药,化学制药,浙江,20210802,605507.SH,20250905,23.1,23.68,22.85,23.58,23.1,0.48,2.0779,72709.0,170087.055,2.4098,2.9768,1.05,16.8592,15.827,1.6355,2.2369,2.1871,1.2647,2.5424,55882.35,30172.2186,24424.8324,1317705.813,711460.9146,25.41,20.79,1.1043
605507,国邦医药,化学制药,浙江,20210802,605507.SH,20250904,23.04,23.6,22.68,23.1,23.01,0.09,0.3911,81103.32,187838.419,2.688,3.3205,1.19,16.516,15.5048,1.6022,2.1913,2.1426,1.291,2.5953,55882.35,30172.2186,24424.8324,1290882.285,696978.2497,25.31,20.71,1.1043
605507,国邦医药,化学制药,浙江,20210802,605507.SH,20250903,22.92,23.24,22.62,23.01,22.98,0.03,0.1305,61409.5,140507.17,2.0353,2.5142,0.85,16.4516,15.4444,1.5959,2.1828,2.1343,1.2961,2.6054,55882.35,30172.2186,24424.8324,1285852.8735,694262.75,25.28,20.68,1.1043
605507,国邦医药,化学制药,浙江,20210802,605507.SH,20250902,23.11,23.37,22.62,22.98,23.09,-0.11,-0.4764,63542.95,145927.055,2.106,2.6016,0.94,16.4302,15.4243,1.5939,2.18,2.1315,1.2978,2.6088,55882.35,30172.2186,24424.8324,1284176.403,693357.5834,25.4,20.78,1.1043
605507,国邦医药,化学制药,浙江,20210802,605507.SH,20250901,23.58,23.58,23.03,23.09,23.49,-0.4,-1.7029,63374.58,147090.787,2.1004,2.5947,0.93,16.5088,15.4981,1.6015,2.1904,2.1417,1.2916,2.5964,55882.35,30172.2186,24424.8324,1290323.4615,696676.5275,25.84,21.14,1.1043
605507,国邦医药,化学制药,浙江,20210802,605507.SH,20250829,23.24,23.77,23.1,23.49,23.27,0.22,0.9454,77575.94,181887.283,2.5711,3.1761,1.24,16.7948,15.7666,1.6292,2.2283,2.1788,1.2696,2.5522,55882.35,30172.2186,24424.8324,1312676.4015,708745.4149,25.6,20.94,1.1043
605507,国邦医药,化学制药,浙江,20210802,605507.SH,20250828,23.1,23.49,22.75,23.27,23.16,0.11,0.475,75282.25,174347.584,2.4951,3.0822,1.19,16.6375,15.6189,1.614,2.2075,2.1584,1.2816,2.5763,55882.35,30172.2186,24424.8324,1300382.2845,702107.5268,25.48,20.84,1.1043
605507,国邦医药,化学制药,浙江,20210802,605507.SH,20250827,23.22,23.86,23.14,23.16,23.26,-0.1,-0.4299,81342.0,191069.912,2.6959,3.3303,1.3,16.5589,15.5451,1.6064,2.197,2.1482,1.2877,2.5885,55882.35,30172.2186,24424.8324,1294235.226,698788.5828,25.59,20.93,1.1043
605507,国邦医药,化学制药,浙江,20210802,605507.SH,20250826,23.31,23.46,23.09,23.26,23.32,-0.06,-0.2573,41971.4,97689.261,1.3911,1.7184,0.6,16.6304,15.6122,1.6133,2.2065,2.1575,1.2821,2.5774,55882.35,30172.2186,24424.8324,1299823.461,701805.8046,25.65,20.99,1.1043
605507,国邦医药,化学制药,浙江,20210802,605507.SH,20250825,23.12,23.5,23.08,23.32,23.12,0.2,0.8651,65558.0,152623.858,2.1728,2.6841,0.9,16.6733,15.6525,1.6175,2.2122,2.163,1.2788,2.5708,55882.35,30172.2186,24424.8324,1303176.402,703616.1378,25.43,20.81,1.1043
605507,国邦医药,化学制药,浙江,20210802,605507.SH,20250822,23.18,23.23,22.94,23.12,23.18,-0.06,-0.2588,48747.0,112516.385,1.6156,1.9958,0.64,16.5303,15.5183,1.6036,2.1932,2.1445,1.2899,2.593,55882.35,30172.2186,24424.8324,1291999.932,697581.694,25.5,20.86,1.1042
605507,国邦医药,化学制药,浙江,20210802,605507.SH,20250821,23.5,23.53,23.08,23.18,23.07,0.11,0.4768,77670.0,181034.356,2.5742,3.18,1.11,16.5732,15.5585,1.6077,2.1989,2.15,1.2866,2.5863,55882.35,30172.2186,24424.8324,1295352.873,699392.0271,25.38,20.76,1.1042
605507,国邦医药,化学制药,浙江,20210802,605507.SH,20250820,22.91,23.07,22.49,23.07,22.92,0.15,0.6545,78588.0,179172.115,2.6046,3.2175,1.15,16.4945,15.4847,1.6001,2.1885,2.1398,1.2927,2.5986,55882.35,30172.2186,24424.8324,1289205.8145,696073.0831,25.21,20.63,1.1042
605507,国邦医药,化学制药,浙江,20210802,605507.SH,20250819,23.45,23.62,22.91,22.92,23.34,-0.42,-1.7995,82123.24,190236.628,2.7218,3.3623,1.33,16.3873,15.384,1.5897,2.1743,2.1259,1.3012,2.6157,55882.35,30172.2186,24424.8324,1280823.462,691547.2503,25.67,21.01,1.1042
605507,国邦医药,化学制药,浙江,20210802,605507.SH,20250818,23.38,23.55,23.22,23.34,23.37,-0.03,-0.1284,76088.74,177867.299,2.5218,3.1152,1.21,16.6876,15.6659,1.6188,2.2141,2.1649,1.2777,2.5686,55882.35,30172.2186,24424.8324,1304294.049,704219.5821,25.71,21.03,1.1042
605507,国邦医药,化学制药,浙江,20210802,605507.SH,20250815,23.08,23.45,23.02,23.37,23.16,0.21,0.9067,63549.0,147956.593,2.1062,2.6018,1.03,16.709,15.6861,1.6209,2.217,2.1677,1.2761,2.5653,55882.35,30172.2186,24424.8324,1305970.5195,705124.7487,25.48,20.84,1.1042
605507,国邦医药,化学制药,浙江,20210802,605507.SH,20250814,23.33,23.55,23.12,23.16,23.33,-0.17,-0.7287,50667.59,118086.399,1.6793,2.0744,0.76,16.5589,15.5451,1.6064,2.197,2.1482,1.2877,2.5885,55882.35,30172.2186,24424.8324,1294235.226,698788.5828,25.66,21.0,1.1043
605507,国邦医药,化学制药,浙江,20210802,605507.SH,20250813,23.1,23.48,22.96,23.33,23.1,0.23,0.9957,67920.0,157847.087,2.2511,2.7808,0.86,16.6804,15.6592,1.6181,2.2132,2.164,1.2783,2.5697,55882.35,30172.2186,24424.8324,1303735.2255,703917.8599,25.41,20.79,1.1043
605507,国邦医药,化学制药,浙江,20210802,605507.SH,20250812,23.32,23.4,23.06,23.1,23.32,-0.22,-0.9434,50559.0,117247.729,1.6757,2.07,0.53,16.516,15.5048,1.6022,2.1913,2.1426,1.291,2.5953,55882.35,30172.2186,24424.8324,1290882.285,696978.2497,25.65,20.99,1.1043
605507,国邦医药,化学制药,浙江,20210802,605507.SH,20250811,23.07,23.63,23.0,23.32,23.08,0.24,1.0399,82684.16,192602.181,2.7404,3.3852,0.74,16.6733,15.6525,1.6175,2.2122,2.163,1.2788,2.5708,55882.35,30172.2186,24424.8324,1303176.402,703616.1378,25.39,20.77,1.1043
605507,国邦医药,化学制药,浙江,20210802,605507.SH,20250808,23.25,23.35,22.9,23.08,23.28,-0.2,-0.8591,56201.0,129883.029,1.8627,2.301,0.41,16.5017,15.4914,1.6008,2.1894,2.1408,1.2921,2.5975,55882.35,30172.2186,24424.8324,1289764.638,696374.8053,25.61,20.95,1.1043
605507,国邦医药,化学制药,浙江,20210802,605507.SH,20250807,23.29,23.43,23.16,23.28,23.11,0.17,0.7356,77102.35,179514.982,2.5554,3.1567,0.45,16.6447,15.6257,1.6147,2.2084,2.1593,1.281,2.5752,55882.35,30172.2186,24424.8324,1300941.108,702409.249,25.42,20.8,1.1043
605507,国邦医药,化学制药,浙江,20210802,605507.SH,20250806,23.62,23.77,23.1,23.11,23.71,-0.6,-2.5306,128900.0,300425.733,4.2721,5.2774,0.72,16.5231,15.5116,1.6029,2.1923,2.1436,1.2905,2.5941,55882.35,30172.2186,24424.8324,1291441.1085,697279.9718,26.08,21.34,1.1043
605507,国邦医药,化学制药,浙江,20210802,605507.SH,20250805,24.2,24.21,23.61,23.71,24.29,-0.58,-2.3878,129725.0,309323.822,4.2995,5.3112,0.81,16.9521,15.9143,1.6445,2.2492,2.1992,1.2578,2.5285,55882.35,30172.2186,24424.8324,1324970.5185,715383.303,26.72,21.86,1.1043
605507,国邦医药,化学制药,浙江,20210802,605507.SH,20250804,23.38,24.42,23.28,24.29,23.5,0.79,3.3617,167417.0,402115.634,5.5487,6.8544,1.25,17.3668,16.3036,1.6847,2.3042,2.253,1.2278,2.4681,55882.35,30172.2186,24424.8324,1357382.2815,732883.1898,25.85,21.15,1.1043
605507,国邦医药,化学制药,浙江,20210802,605507.SH,20250801,23.66,24.09,23.24,23.5,23.25,0.25,1.0753,179506.96,425807.243,5.9494,7.3494,1.69,16.802,15.7733,1.6299,2.2293,2.1797,1.269,2.5511,55882.35,30172.2186,24424.8324,1313235.225,709047.1371,25.58,20.93,1.1043
605507,国邦医药,化学制药,浙江,20210802,605507.SH,20250731,23.83,24.01,22.93,23.25,23.68,-0.43,-1.8159,259345.98,606079.684,8.5955,10.6181,4.27,16.6232,15.6055,1.6126,2.2056,2.1565,1.2827,2.5785,55882.35,30172.2186,24424.8324,1299264.6375,701504.0825,26.05,21.31,1.1043
605507,国邦医药,化学制药,浙江,20210802,605507.SH,20250730,22.18,23.68,22.18,23.68,21.53,2.15,9.9861,159977.74,374962.664,5.3022,6.5498,4.54,16.9307,16.5859,1.6424,2.2464,2.2084,1.2594,2.5317,55882.35,30172.2186,24424.8324,1323294.048,714478.1364,23.68,19.38,1.1043
605507,国邦医药,化学制药,浙江,20210802,605507.SH,20250729,21.43,21.55,21.23,21.53,21.36,0.17,0.7959,39077.16,83858.45,1.2951,1.5999,1.11,15.3935,15.08,1.5191,2.0424,2.0079,1.3852,2.7845,55882.35,30172.2186,24424.8324,1203146.9955,649607.8665,23.5,19.22,1.1043
605507,国邦医药,化学制药,浙江,20210802,605507.SH,20250728,21.38,21.55,21.33,21.36,21.45,-0.09,-0.4196,33675.0,72153.405,1.1161,1.3379,1.0,15.2719,14.961,1.5071,2.0263,1.992,1.3962,2.8067,55882.35,30172.2186,25170.099,1193646.996,644478.5893,23.6,19.31,1.1043
605507,国邦医药,化学制药,浙江,20210802,605507.SH,20250725,21.27,21.58,21.11,21.45,21.21,0.24,1.1315,39093.0,83827.711,1.2957,1.5532,1.22,15.3363,15.024,1.5134,2.0348,2.0004,1.3903,2.7949,55882.35,30172.2186,25170.099,1198676.4075,647194.089,23.33,19.09,1.1043
605507,国邦医药,化学制药,浙江,20210802,605507.SH,20250724,21.1,21.35,21.0,21.21,21.07,0.14,0.6645,32060.0,67804.432,1.0626,1.2737,1.07,15.1647,14.8559,1.4965,2.012,1.978,1.4061,2.8265,55882.35,30172.2186,25170.099,1185264.6435,639952.7565,23.18,18.96,1.1043
605507,国邦医药,化学制药,浙江,20210802,605507.SH,20250723,21.07,21.28,21.01,21.07,21.12,-0.05,-0.2367,32376.27,68509.285,1.073,1.2863,1.15,15.0646,14.7578,1.4866,1.9988,1.965,1.4154,2.8453,55882.35,30172.2186,25170.099,1177441.1145,635728.6459,23.23,19.01,1.1043
605507,国邦医药,化学制药,浙江,20210802,605507.SH,20250722,20.9,21.18,20.9,21.12,20.88,0.24,1.1494,38437.0,81048.788,1.2739,1.5271,1.56,15.1003,14.7929,1.4901,2.0035,1.9696,1.412,2.8386,55882.35,30172.2186,25170.099,1180235.232,637237.2568,22.97,18.79,1.1043
605507,国邦医药,化学制药,浙江,20210802,605507.SH,20250721,20.77,20.92,20.74,20.88,20.86,0.02,0.0959,27252.58,56875.498,0.9032,1.0827,1.1,14.9287,14.6248,1.4732,1.9807,1.9472,1.4283,2.8712,55882.35,30172.2186,25170.099,1166823.468,629995.9244,22.95,18.77,1.1043
605507,国邦医药,化学制药,浙江,20210802,605507.SH,20250718,20.87,20.93,20.52,20.86,20.85,0.01,0.048,29825.0,61753.126,0.9885,1.1849,1.2,14.9144,14.6107,1.4718,1.9788,1.9454,1.4296,2.874,55882.35,30172.2186,25170.099,1165705.821,629392.48,22.94,18.77,1.1043
605507,国邦医药,化学制药,浙江,20210802,605507.SH,20250717,20.85,21.01,20.84,20.85,20.85,0.0,0.0,22323.0,46686.986,0.7399,0.8869,0.8,14.9073,14.6037,1.4711,1.9779,1.9444,1.4303,2.8753,55882.35,30172.2186,25170.099,1165146.9975,629090.7578,22.94,18.77,1.1043
605507,国邦医药,化学制药,浙江,20210802,605507.SH,20250716,20.57,20.87,20.57,20.85,20.67,0.18,0.8708,22870.58,47508.785,0.758,0.9086,0.82,14.9073,14.6037,1.4711,1.9779,1.9444,1.4303,2.8753,55882.35,30172.2186,25170.099,1165146.9975,629090.7578,22.74,18.6,1.1043
605507,国邦医药,化学制药,浙江,20210802,605507.SH,20250715,20.77,20.78,20.46,20.67,20.68,-0.01,-0.0484,20674.4,42581.981,0.6852,0.8214,0.66,14.7786,14.4777,1.4584,1.9608,1.9277,1.4428,2.9004,55882.35,30172.2186,25170.099,1155088.1745,623659.7585,22.75,18.61,1.1043
605507,国邦医药,化学制药,浙江,20210802,605507.SH,20250714,20.55,20.82,20.5,20.68,20.64,0.04,0.1938,28305.41,58513.103,0.9381,1.1246,0.92,14.7857,14.4847,1.4591,1.9618,1.9286,1.4421,2.899,55882.35,30172.2186,25170.099,1155646.998,623961.4806,22.7,18.58,1.1043
605507,国邦医药,化学制药,浙江,20210802,605507.SH,20250711,20.72,20.87,20.57,20.64,20.71,-0.07,-0.338,30428.99,63045.1,1.0085,1.2089,1.03,14.7571,14.4567,1.4563,1.958,1.9249,1.4449,2.9046,55882.35,30172.2186,25170.099,1153411.704,622754.5919,22.78,18.64,1.1043
605507,国邦医药,化学制药,浙江,20210802,605507.SH,20250710,20.4,20.8,20.37,20.71,20.39,0.32,1.5694,37493.52,77295.23,1.2427,1.4896,1.23,14.8072,14.5057,1.4612,1.9646,1.9314,1.44,2.8948,55882.35,30172.2186,25170.099,1157323.4685,624866.6472,22.43,18.35,1.1043
605507,国邦医药,化学制药,浙江,20210802,605507.SH,20250709,20.34,20.45,20.23,20.39,20.37,0.02,0.0982,21990.58,44742.776,0.7288,0.8737,0.68,14.5784,14.2815,1.4386,1.9343,1.9015,1.4626,2.9402,55882.35,30172.2186,25170.099,1139441.1165,615211.5373,22.41,18.33,1.1043
605507,国邦医药,化学制药,浙江,20210802,605507.SH,20250708,20.38,20.53,20.15,20.37,20.34,0.03,0.1475,38948.5,79088.309,1.2909,1.5474,1.27,14.5641,14.2675,1.4372,1.9324,1.8997,1.464,2.9431,55882.35,30172.2186,25170.099,1138323.4695,614608.0929,22.37,18.31,1.1043
605507,国邦医药,化学制药,浙江,20210802,605507.SH,20250707,20.28,20.55,20.13,20.34,20.32,0.02,0.0984,25148.12,50984.773,0.8335,0.9991,0.79,14.5427,14.2465,1.4351,1.9295,1.8969,1.4662,2.9474,55882.35,30172.2186,25170.099,1136646.999,613702.9263,22.35,18.29,1.1043
605507,国邦医药,化学制药,浙江,20210802,605507.SH,20250704,20.24,20.47,20.22,20.32,20.26,0.06,0.2962,23938.0,48731.879,0.7934,0.951,0.76,14.5284,14.2325,1.4337,1.9276,1.895,1.4676,2.9503,55882.35,30172.2186,25170.099,1135529.352,613099.482,22.29,18.23,1.1043
605507,国邦医药,化学制药,浙江,20210802,605507.SH,20250703,19.8,20.32,19.8,20.26,19.84,0.42,2.1169,42119.64,84936.334,1.396,1.6734,1.4,14.4855,14.1905,1.4295,1.9219,1.8894,1.472,2.9591,55882.35,30172.2186,25170.099,1132176.411,611289.1488,21.82,17.86,1.1043
605507,国邦医药,化学制药,浙江,20210802,605507.SH,20250702,19.81,20.03,19.75,19.84,19.87,-0.03,-0.151,30755.13,61100.613,1.0193,1.2219,1.06,14.1852,13.8963,1.3998,1.8821,1.8503,1.5031,3.0217,55882.35,30172.2186,25170.099,1108705.824,598616.817,21.86,17.88,1.1043
605507,国邦医药,化学制药,浙江,20210802,605507.SH,20250701,19.77,19.87,19.67,19.87,19.77,0.1,0.5058,31651.0,62542.128,1.049,1.2575,1.14,14.2066,13.9173,1.402,1.8849,1.853,1.5009,3.0172,55882.35,30172.2186,25170.099,1110382.2945,599521.9836,21.75,17.79,1.1043
605507,国邦医药,化学制药,浙江,20210802,605507.SH,20250630,19.71,19.83,19.63,19.77,19.7,0.07,0.3553,30731.0,60579.772,1.0185,1.2209,1.1,14.1351,13.8473,1.3949,1.8754,1.8437,1.5085,3.0324,55882.35,30172.2186,25170.099,1104794.0595,596504.7617,21.67,17.73,1.1043
605507,国邦医药,化学制药,浙江,20210802,605507.SH,20250627,19.58,19.84,19.58,19.7,19.64,0.06,0.3055,22055.0,43529.576,0.731,0.8762,0.78,14.0851,13.7983,1.39,1.8688,1.8372,1.5138,3.0432,55882.35,30172.2186,25170.099,1100882.295,594392.7064,21.6,17.68,1.1043
605507,国邦医药,化学制药,浙江,20210802,605507.SH,20250626,19.94,19.94,19.54,19.64,19.9,-0.26,-1.3065,35020.95,68746.473,1.1607,1.3914,1.35,14.0422,13.7562,1.3857,1.8631,1.8316,1.5185,3.0525,55882.35,30172.2186,25170.099,1097529.354,592582.3733,21.89,17.91,1.1043
605507,国邦医药,化学制药,浙江,20210802,605507.SH,20250625,19.92,19.98,19.79,19.9,19.92,-0.02,-0.1004,25465.95,50613.67,0.844,1.0118,0.99,14.2281,13.9383,1.4041,1.8878,1.8558,1.4986,3.0126,55882.35,30172.2186,25170.099,1112058.765,600427.1501,21.91,17.93,1.1043
605507,国邦医药,化学制药,浙江,20210802,605507.SH,20250624,19.81,20.01,19.76,19.92,19.74,0.18,0.9119,26028.0,51753.822,0.8626,1.0341,0.99,14.2424,13.9524,1.4055,1.8897,1.8577,1.4971,3.0096,55882.35,30172.2186,25170.099,1113176.412,601030.5945,21.71,17.77,1.1043
605507,国邦医药,化学制药,浙江,20210802,605507.SH,20250623,19.99,19.99,19.55,19.74,19.99,-0.25,-1.2506,31663.0,62408.558,1.0494,1.258,1.23,14.1137,13.8263,1.3928,1.8726,1.8409,1.5108,3.037,55882.35,30172.2186,25170.099,1103117.589,595599.5952,21.99,17.99,1.1043
605507,国邦医药,化学制药,浙江,20210802,605507.SH,20250620,19.8,20.13,19.72,19.99,19.72,0.27,1.3692,23584.33,47058.067,0.7817,0.937,0.78,14.2924,14.0014,1.4104,1.8963,1.8642,1.4919,2.999,55882.35,30172.2186,25170.099,1117088.1765,603142.6498,21.69,17.75,1.1043
605507,国邦医药,化学制药,浙江,20210802,605507.SH,20250619,19.8,19.88,19.6,19.72,19.84,-0.12,-0.6048,23418.0,46118.928,0.7761,0.9304,0.62,14.0994,13.8123,1.3914,1.8707,1.8391,1.5123,3.0401,55882.35,30172.2186,25170.099,1101999.942,594996.1508,21.82,17.86,1.1043
605507,国邦医药,化学制药,浙江,20210802,605507.SH,20250618,20.01,20.07,19.76,19.84,20.05,-0.21,-1.0474,24266.0,48185.65,0.8042,0.9641,0.64,14.1852,13.8963,1.3998,1.8821,1.8503,1.5031,3.0217,55882.35,30172.2186,25170.099,1108705.824,598616.817,22.06,18.05,1.1043
605507,国邦医药,化学制药,浙江,20210802,605507.SH,20250617,20.28,20.58,20.0,20.05,20.28,-0.23,-1.1341,27993.0,56569.301,0.9278,1.1122,0.7,14.3353,14.0434,1.4147,1.902,1.8698,1.4874,2.9901,55882.35,30172.2186,25170.099,1120441.1175,604952.9829,22.31,18.25,1.1043
605507,国邦医药,化学制药,浙江,20210802,605507.SH,20250616,20.37,20.48,20.12,20.28,20.38,-0.1,-0.4907,29622.0,60173.733,0.9818,1.1769,0.76,14.4998,14.2045,1.4309,1.9238,1.8913,1.4705,2.9562,55882.35,30172.2186,25170.099,1133294.058,611892.5932,22.42,18.34,1.1043
605507,国邦医药,化学制药,浙江,20210802,605507.SH,20250613,20.63,20.8,20.19,20.38,20.57,-0.19,-0.9237,46609.27,95456.228,1.5448,1.8518,1.3,14.5713,14.2745,1.4379,1.9333,1.9006,1.4633,2.9416,55882.35,30172.2186,25170.099,1138882.293,614909.8151,22.63,18.51,1.1043
605507,国邦医药,化学制药,浙江,20210802,605507.SH,20250612,20.68,21.26,20.67,21.17,20.78,0.39,1.8768,58979.89,124325.76,1.9548,2.3433,1.95,15.1361,14.8279,1.4331,2.0083,1.9743,1.4087,1.4087,55882.35,30172.2186,25170.099,1183029.3495,638745.8678,22.86,18.7,1.073
605507,国邦医药,化学制药,浙江,20210802,605507.SH,20250611,20.75,20.82,20.64,20.78,20.69,0.09,0.435,26459.0,54870.385,0.8769,1.0512,0.86,14.8572,14.5547,1.4067,1.9713,1.9379,1.4351,1.4351,55882.35,30172.2186,25170.099,1161235.233,626978.7025,22.76,18.62,1.073
605507,国邦医药,化学制药,浙江,20210802,605507.SH,20250610,20.59,20.79,20.47,20.69,20.53,0.16,0.7793,38141.25,78721.848,1.2641,1.5153,1.32,14.7929,14.4917,1.4006,1.9627,1.9295,1.4414,1.4414,55882.35,30172.2186,25170.099,1156205.8215,624263.2028,22.58,18.48,1.073
605507,国邦医药,化学制药,浙江,20210802,605507.SH,20250609,20.3,20.65,20.3,20.53,20.39,0.14,0.6866,25202.66,51773.65,0.8353,1.0013,0.78,14.6785,14.3796,1.3897,1.9475,1.9146,1.4526,1.4526,55882.35,30172.2186,25170.099,1147264.6455,619435.6479,22.43,18.35,1.073
605507,国邦医药,化学制药,浙江,20210802,605507.SH,20250606,20.25,20.52,20.25,20.39,20.25,0.14,0.6914,30242.26,61713.579,1.0023,1.2015,0.85,14.5784,14.2815,1.3803,1.9343,1.9015,1.4626,1.4626,55882.35,30172.2186,25170.099,1139441.1165,615211.5373,22.28,18.23,1.073
605507,国邦医药,化学制药,浙江,20210802,605507.SH,20250605,20.6,20.7,20.14,20.25,20.52,-0.27,-1.3158,31131.57,63223.312,1.0318,1.2368,0.92,14.4783,14.1835,1.3708,1.921,1.8885,1.4727,1.4727,55882.35,30172.2186,25170.099,1131617.5875,610987.4267,22.57,18.47,1.073
605507,国邦医药,化学制药,浙江,20210802,605507.SH,20250604,20.4,20.56,20.25,20.52,20.39,0.13,0.6376,28812.23,58816.527,0.9549,1.1447,0.87,14.6713,14.3726,1.3891,1.9466,1.9137,1.4533,1.4533,55882.35,30172.2186,25170.099,1146705.822,619133.9257,22.43,18.35,1.073
605507,国邦医药,化学制药,浙江,20210802,605507.SH,20250603,20.25,20.47,20.21,20.39,20.33,0.06,0.2951,29407.0,59851.225,0.9746,1.1683,0.87,14.5784,14.2815,1.3803,1.9343,1.9015,1.4626,1.4626,55882.35,30172.2186,25170.099,1139441.1165,615211.5373,22.36,18.3,1.073
605507,国邦医药,化学制药,浙江,20210802,605507.SH,20250530,20.09,20.55,20.09,20.33,20.11,0.22,1.094,41825.45,85176.321,1.3862,1.6617,1.3,14.5355,14.2395,1.3762,1.9286,1.8959,1.4669,1.4669,55882.35,30172.2186,25170.099,1136088.1755,613401.2041,22.12,18.1,1.073
605507,国邦医药,化学制药,浙江,20210802,605507.SH,20250529,19.74,20.21,19.74,20.11,19.77,0.34,1.7198,45976.71,92185.54,1.5238,1.8266,1.64,14.3782,14.0854,1.3613,1.9077,1.8754,1.483,1.483,55882.35,30172.2186,25170.099,1123794.0585,606763.316,21.75,17.79,1.073
605507,国邦医药,化学制药,浙江,20210802,605507.SH,20250528,19.73,19.93,19.6,19.77,19.67,0.1,0.5084,23874.0,47209.979,0.7913,0.9485,0.74,14.1351,13.8473,1.3383,1.8754,1.8437,1.5085,1.5085,55882.35,30172.2186,25170.099,1104794.0595,596504.7617,21.64,17.7,1.073
605507,国邦医药,化学制药,浙江,20210802,605507.SH,20250527,19.56,19.75,19.46,19.67,19.54,0.13,0.6653,24338.5,47717.947,0.8067,0.967,0.63,14.0636,13.7772,1.3315,1.866,1.8344,1.5161,1.5161,55882.35,30172.2186,25170.099,1099205.8245,593487.5399,21.49,17.59,1.073
605507,国邦医药,化学制药,浙江,20210802,605507.SH,20250526,19.8,19.95,19.5,19.54,19.86,-0.32,-1.6113,33062.2,64927.51,1.0958,1.3136,0.88,13.9707,13.6862,1.3227,1.8536,1.8223,1.5262,1.5262,55882.35,30172.2186,25170.099,1091941.119,589565.1514,21.85,17.87,1.073
605507,国邦医药,化学制药,浙江,20210802,605507.SH,20250523,19.74,20.1,19.74,19.86,19.72,0.14,0.7099,33722.57,67365.617,1.1177,1.3398,0.91,14.1995,13.9103,1.3444,1.884,1.8521,1.5016,1.5016,55882.35,30172.2186,25170.099,1109823.471,599220.2614,21.69,17.75,1.073
605507,国邦医药,化学制药,浙江,20210802,605507.SH,20250522,19.99,20.04,19.69,19.72,19.99,-0.27,-1.3507,24930.52,49402.829,0.8263,0.9905,0.66,14.0994,13.8123,1.3349,1.8707,1.8391,1.5123,1.5123,55882.35,30172.2186,25170.099,1101999.942,594996.1508,21.99,17.99,1.073
605507,国邦医药,化学制药,浙江,20210802,605507.SH,20250521,19.88,20.24,19.84,19.99,19.93,0.06,0.3011,44900.6,90151.92,1.4881,1.7839,1.3,14.2924,14.0014,1.3532,1.8963,1.8642,1.4919,1.4919,55882.35,30172.2186,25170.099,1117088.1765,603142.6498,21.92,17.94,1.073
605507,国邦医药,化学制药,浙江,20210802,605507.SH,20250520,19.52,20.08,19.52,19.93,19.47,0.46,2.3626,55520.66,110419.312,1.8401,2.2058,1.75,14.2495,13.9594,1.3491,1.8906,1.8586,1.4964,1.4964,55882.35,30172.2186,25170.099,1113735.2355,601332.3167,21.42,17.52,1.073
605507,国邦医药,化学制药,浙江,20210802,605507.SH,20250519,19.59,19.66,19.33,19.47,19.61,-0.14,-0.7139,29073.26,56539.542,0.9636,1.1551,0.87,13.9206,13.6372,1.318,1.847,1.8157,1.5317,1.5317,55882.35,30172.2186,25170.099,1088029.3545,587453.0961,21.57,17.65,1.073
605507,国邦医药,化学制药,浙江,20210802,605507.SH,20250516,19.5,19.66,19.47,19.61,19.59,0.02,0.1021,31398.64,61578.399,1.0406,1.2475,0.88,14.0207,13.7352,1.3275,1.8603,1.8288,1.5208,1.5208,55882.35,30172.2186,25170.099,1095852.8835,591677.2067,21.55,17.63,1.073
605507,国邦医药,化学制药,浙江,20210802,605507.SH,20250515,19.43,19.65,19.3,19.59,19.4,0.19,0.9794,29368.98,57292.957,0.9734,1.1668,0.81,14.0064,13.7212,1.3261,1.8584,1.8269,1.5223,1.5223,55882.35,30172.2186,25170.099,1094735.2365,591073.7624,21.34,17.46,1.073
605507,国邦医药,化学制药,浙江,20210802,605507.SH,20250514,19.44,19.5,19.28,19.4,19.47,-0.07,-0.3595,27610.0,53469.395,0.9151,1.0969,0.69,13.8706,13.5881,1.3132,1.8403,1.8092,1.5372,1.5372,55882.35,30172.2186,25170.099,1084117.59,585341.0408,21.42,17.52,1.073
605507,国邦医药,化学制药,浙江,20210802,605507.SH,20250513,19.35,19.55,19.29,19.47,19.31,0.16,0.8286,41078.56,79849.917,1.3615,1.632,0.96,13.9206,13.6372,1.318,1.847,1.8157,1.5317,1.5317,55882.35,30172.2186,25170.099,1088029.3545,587453.0961,21.24,17.38,1.073
605507,国邦医药,化学制药,浙江,20210802,605507.SH,20250512,19.27,19.37,19.18,19.31,19.21,0.1,0.5206,38415.94,74099.923,1.2732,1.5263,0.96,13.8062,13.5251,1.3071,1.8318,1.8008,1.5444,1.5444,55882.35,30172.2186,25170.099,1079088.1785,582625.5412,21.13,17.29,1.073
605507,国邦医药,化学制药,浙江,20210802,605507.SH,20250509,19.13,19.23,19.07,19.21,19.12,0.09,0.4707,41084.14,78665.149,1.3617,1.6323,1.14,13.7347,13.4551,1.3004,1.8223,1.7915,1.5524,1.5524,55882.35,30172.2186,25170.099,1073499.9435,579608.3193,21.03,17.21,1.073
605507,国邦医药,化学制药,浙江,20210802,605507.SH,20250508,19.13,19.18,19.04,19.12,19.11,0.01,0.0523,32198.0,61561.719,1.0671,1.2792,0.95,13.6704,13.392,1.2943,1.8138,1.7831,1.5597,1.5597,55882.35,30172.2186,25170.099,1068470.532,576892.8196,21.02,17.2,1.073
605507,国邦医药,化学制药,浙江,20210802,605507.SH,20250507,19.15,19.33,19.04,19.11,19.07,0.04,0.2098,46014.0,88017.569,1.525,1.8281,1.51,13.6632,13.385,1.2936,1.8128,1.7822,1.5606,1.5606,55882.35,30172.2186,25170.099,1067911.7085,576591.0974,20.98,17.16,1.073
605507,国邦医药,化学制药,浙江,20210802,605507.SH,20250506,19.27,19.28,18.98,19.07,19.17,-0.1,-0.5216,56942.12,108488.907,1.8872,2.2623,2.15,13.6346,13.357,1.2909,1.809,1.7784,1.5638,1.5638,55882.35,30172.2186,25170.099,1065676.4145,575384.2087,21.09,17.25,1.073
605507,国邦医药,化学制药,浙江,20210802,605507.SH,20250430,19.13,19.35,19.13,19.17,19.06,0.11,0.5771,24182.27,46527.42,0.8015,0.9608,0.82,13.7061,13.427,1.2977,1.8185,1.7878,1.5557,1.5557,55882.35,30172.2186,25170.099,1071264.6495,578401.4306,20.97,17.15,1.073
605507,国邦医药,化学制药,浙江,20210802,605507.SH,20250429,19.01,19.21,19.01,19.06,19.02,0.04,0.2103,21407.56,40858.394,0.7095,0.8505,0.55,13.6275,13.35,1.2902,1.8081,1.7775,1.5647,1.5647,55882.35,30172.2186,25170.099,1065117.591,575082.4865,20.92,17.12,1.073
605507,国邦医药,化学制药,浙江,20210802,605507.SH,20250428,19.23,19.3,18.93,19.02,19.16,-0.14,-0.7307,20635.0,39320.69,0.6839,0.8198,0.48,13.5989,13.322,1.2875,1.8043,1.7738,1.5679,1.5679,55882.35,30172.2186,25170.099,1062882.297,573875.5978,21.08,17.24,1.073
605507,国邦医药,化学制药,浙江,20210802,605507.SH,20250425,19.48,19.48,19.1,19.16,19.32,-0.16,-0.8282,29363.58,56368.989,0.9732,1.1666,0.62,13.699,13.42,1.297,1.8176,1.7868,1.5565,1.5565,55882.35,30172.2186,25170.099,1070705.826,578099.7084,21.25,17.39,1.073
605507,国邦医药,化学制药,浙江,20210802,605507.SH,20250424,19.18,19.6,19.16,19.32,19.14,0.18,0.9404,36740.0,71304.738,1.2177,1.4597,0.76,13.8134,13.5321,1.3078,1.8328,1.8018,1.5436,1.5436,55882.35,30172.2186,25170.099,1079647.002,582927.2634,21.05,17.23,1.073
605507,国邦医药,化学制药,浙江,20210802,605507.SH,20250423,19.3,19.4,19.12,19.14,19.32,-0.18,-0.9317,39111.53,75147.525,1.2963,1.5539,0.58,13.6847,13.406,1.2956,1.8157,1.785,1.5581,1.5581,55882.35,30172.2186,25170.099,1069588.179,577496.264,21.25,17.39,1.073
605507,国邦医药,化学制药,浙江,20210802,605507.SH,20250422,18.9,19.4,18.71,19.32,18.9,0.42,2.2222,67114.49,128273.742,2.2244,2.6664,1.01,13.8134,13.5321,1.3078,1.8328,1.8018,1.5436,1.5436,55882.35,30172.2186,25170.099,1079647.002,582927.2634,20.79,17.01,1.073
605507,国邦医药,化学制药,浙江,20210802,605507.SH,20250421,18.75,18.92,18.53,18.9,18.71,0.19,1.0155,44438.62,83678.027,1.4728,1.7655,0.63,13.5131,13.2379,1.2794,1.7929,1.7626,1.5779,1.5779,55882.35,30172.2186,25170.099,1056176.415,570254.9315,20.58,16.84,1.073
605507,国邦医药,化学制药,浙江,20210802,605507.SH,20250418,18.82,19.1,18.7,18.71,18.83,-0.12,-0.6373,49175.0,92379.966,1.6298,1.9537,0.73,13.3772,13.1048,1.2665,1.7749,1.7449,1.5939,1.5939,55882.35,30172.2186,25170.099,1045558.7685,564522.21,20.71,16.95,1.073
605507,国邦医药,化学制药,浙江,20210802,605507.SH,20250417,18.81,18.94,18.72,18.83,18.93,-0.1,-0.5283,43242.04,81431.463,1.4332,1.718,0.63,13.463,13.1889,1.2747,1.7863,1.7561,1.5838,1.5838,55882.35,30172.2186,25170.099,1052264.6505,568142.8762,20.82,17.04,1.073
605507,国邦医药,化学制药,浙江,20210802,605507.SH,20250416,19.62,19.66,18.71,18.93,19.97,-1.04,-5.2078,135782.97,257069.611,4.5003,5.3946,2.39,13.5345,13.2589,1.2814,1.7958,1.7654,1.5754,1.5754,55882.35,30172.2186,25170.099,1057852.8855,571160.0981,21.97,17.97,1.073
605507,国邦医药,化学制药,浙江,20210802,605507.SH,20250415,19.66,19.99,19.28,19.97,19.73,0.24,1.2164,60758.89,119579.164,2.0137,2.4139,0.98,14.2781,14.2781,1.3868,1.8944,1.8944,1.4934,1.4934,55882.35,30172.2186,25170.099,1115970.5295,602539.2054,21.7,17.76,1.073
605507,国邦医药,化学制药,浙江,20210802,605507.SH,20250414,19.82,19.83,19.44,19.73,19.71,0.02,0.1015,63206.1,124107.771,2.0948,2.5112,0.91,14.1065,14.1065,1.3701,1.8716,1.8716,1.5115,1.5115,55882.35,30172.2186,25170.099,1102558.7655,595297.873,21.68,17.74,1.073
605507,国邦医药,化学制药,浙江,20210802,605507.SH,20250411,19.5,19.82,19.35,19.71,19.58,0.13,0.6639,34650.0,68126.729,1.1484,1.3766,0.47,14.0922,14.0922,1.3687,1.8698,1.8698,1.5131,1.5131,55882.35,30172.2186,25170.099,1101441.1185,594694.4286,21.54,17.62,1.073
605507,国邦医药,化学制药,浙江,20210802,605507.SH,20250410,19.4,19.82,19.32,19.58,19.26,0.32,1.6615,47680.0,93330.738,1.5803,1.8943,0.63,13.9993,13.9993,1.3597,1.8574,1.8574,1.5231,1.5231,55882.35,30172.2186,25170.099,1094176.413,590772.0402,21.19,17.33,1.073
605507,国邦医药,化学制药,浙江,20210802,605507.SH,20250409,19.51,19.51,18.63,19.26,19.61,-0.35,-1.7848,77663.62,147987.692,2.574,3.0856,0.95,13.7705,13.7705,1.3375,1.8271,1.8271,1.5484,1.5484,55882.35,30172.2186,25170.099,1076294.061,581116.9302,21.57,17.65,1.073
605507,国邦医药,化学制药,浙江,20210802,605507.SH,20250408,19.43,19.98,19.25,19.61,19.22,0.39,2.0291,85556.9,167756.153,2.8356,3.3991,1.05,14.0207,14.0207,1.3618,1.8603,1.8603,1.5208,1.5208,55882.35,30172.2186,25170.099,1095852.8835,591677.2067,21.14,17.3,1.073
605507,国邦医药,化学制药,浙江,20210802,605507.SH,20250407,20.51,20.99,19.22,19.22,21.35,-2.13,-9.9766,103371.33,206719.323,3.426,4.1069,1.19,13.7419,13.7419,1.3347,1.8233,1.8233,1.5516,1.5516,55882.35,30172.2186,25170.099,1074058.767,579910.0415,23.49,19.22,1.073
605507,国邦医药,化学制药,浙江,20210802,605507.SH,20250403,20.96,21.52,20.9,21.35,21.1,0.25,1.1848,56361.61,119922.611,1.868,2.2392,0.63,15.2648,15.2648,1.4826,2.0253,2.0253,1.3968,1.3968,55882.35,30172.2186,25170.099,1193088.1725,644176.8671,23.21,18.99,1.073
605507,国邦医药,化学制药,浙江,20210802,605507.SH,20250402,21.11,21.36,20.94,21.1,21.09,0.01,0.0474,55392.38,117084.797,1.8359,2.2007,0.61,15.086,15.086,1.4652,2.0016,2.0016,1.4134,1.4134,55882.35,30172.2186,25170.099,1179117.585,636633.8125,23.2,18.98,1.073
605507,国邦医药,化学制药,浙江,20210802,605507.SH,20250401,20.56,21.62,20.33,21.09,20.41,0.68,3.3317,107358.0,227363.386,3.5582,4.2653,1.42,15.0789,15.0789,1.4645,2.0007,2.0007,1.4141,1.4141,55882.35,30172.2186,25170.099,1178558.7615,636332.0903,22.45,18.37,1.073
605507,国邦医药,化学制药,浙江,20210802,605507.SH,20250331,20.91,21.09,20.16,20.41,21.0,-0.59,-2.8095,83436.0,171910.913,2.7653,3.3149,1.32,14.5927,14.5927,1.4173,1.9362,1.9362,1.4612,1.4612,55882.35,30172.2186,25170.099,1140558.7635,615814.9816,23.1,18.9,1.073
605507,国邦医药,化学制药,浙江,20210802,605507.SH,20250328,20.85,21.68,20.67,21.0,20.63,0.37,1.7935,131372.78,278556.807,4.3541,5.2194,3.15,15.0145,15.0145,1.4583,1.9921,1.9921,1.4201,1.4201,55882.35,30172.2186,25170.099,1173529.35,633616.5906,22.69,18.57,1.073
605507,国邦医药,化学制药,浙江,20210802,605507.SH,20250327,20.45,20.82,20.43,20.63,20.61,0.02,0.097,68157.0,140478.215,2.2589,2.7079,2.08,18.8232,16.416,1.4704,2.1551,2.0176,1.4456,1.4456,55882.35,30172.2186,25170.099,1152852.8805,622452.8697,22.67,18.55,1.073
605507,国邦医药,化学制药,浙江,20210802,605507.SH,20250326,20.09,20.81,19.97,20.61,20.03,0.58,2.8957,64464.0,131837.245,2.1365,2.5611,2.6,18.8049,16.4,1.469,2.153,2.0156,1.447,1.447,55882.35,30172.2186,25170.099,1151735.2335,621849.4253,22.03,18.03,1.073
605507,国邦医药,化学制药,浙江,20210802,605507.SH,20250325,19.82,20.03,19.74,20.03,19.76,0.27,1.3664,31574.0,62889.631,1.0465,1.2544,1.32,18.2757,15.9385,1.4276,2.0924,1.9589,1.4889,1.4889,55882.35,30172.2186,25170.099,1119323.4705,604349.5386,21.74,17.78,1.073
605507,国邦医药,化学制药,浙江,20210802,605507.SH,20250324,19.79,19.93,19.57,19.76,19.78,-0.02,-0.1011,21085.0,41655.849,0.6988,0.8377,0.83,18.0294,15.7237,1.4084,2.0642,1.9325,1.5092,1.5092,55882.35,30172.2186,25170.099,1104235.236,596203.0395,21.76,17.8,1.073
605507,国邦医药,化学制药,浙江,20210802,605507.SH,20250321,19.98,20.01,19.7,19.78,19.88,-0.1,-0.503,23352.0,46328.024,0.774,0.9278,0.9,18.0476,15.7396,1.4098,2.0663,1.9344,1.5077,1.5077,55882.35,30172.2186,25170.099,1105352.883,596806.4839,21.87,17.89,1.073
605507,国邦医药,化学制药,浙江,20210802,605507.SH,20250320,20.02,20.15,19.79,19.88,20.1,-0.22,-1.0945,23538.71,46850.214,0.7801,0.9352,0.93,18.1389,15.8192,1.4169,2.0767,1.9442,1.5001,1.5001,55882.35,30172.2186,25170.099,1110941.118,599823.7058,22.11,18.09,1.073
605507,国邦医药,化学制药,浙江,20210802,605507.SH,20250319,20.11,20.23,19.95,20.1,20.17,-0.07,-0.3471,24596.0,49364.521,0.8152,0.9772,0.84,18.3396,15.9942,1.4326,2.0997,1.9657,1.4837,1.4837,55882.35,30172.2186,25170.099,1123235.235,606461.5939,22.19,18.15,1.073
605507,国邦医药,化学制药,浙江,20210802,605507.SH,20250318,20.02,20.43,20.02,20.17,20.04,0.13,0.6487,27261.83,55131.167,0.9035,1.0831,0.91,18.4035,16.0499,1.4376,2.107,1.9726,1.4786,1.4786,55882.35,30172.2186,25170.099,1127146.9995,608573.6492,22.04,18.04,1.073
605507,国邦医药,化学制药,浙江,20210802,605507.SH,20250317,19.9,20.16,19.78,20.04,19.87,0.17,0.8556,28176.0,56339.282,0.9338,1.1194,0.98,18.2849,15.9465,1.4284,2.0935,1.9599,1.4881,1.4881,55882.35,30172.2186,25170.099,1119882.294,604651.2607,21.86,17.88,1.073
605507,国邦医药,化学制药,浙江,20210802,605507.SH,20250314,19.51,19.89,19.47,19.87,19.5,0.37,1.8974,26348.0,51928.666,0.8733,1.0468,0.82,18.1298,15.8112,1.4162,2.0757,1.9432,1.5009,1.5009,55882.35,30172.2186,25170.099,1110382.2945,599521.9836,21.45,17.55,1.073
605507,国邦医药,化学制药,浙江,20210802,605507.SH,20250313,19.58,19.7,19.38,19.5,19.58,-0.08,-0.4086,19743.5,38516.72,0.6544,0.7844,0.59,17.7922,15.5168,1.3899,2.037,1.907,1.5294,1.5294,55882.35,30172.2186,25170.099,1089705.825,588358.2627,21.54,17.62,1.073
605507,国邦医药,化学制药,浙江,20210802,605507.SH,20250312,19.32,19.88,19.27,19.58,19.33,0.25,1.2933,45027.17,88381.329,1.4923,1.7889,1.57,17.8652,15.5804,1.3956,2.0454,1.9149,1.5231,1.5231,55882.35,30172.2186,25170.099,1094176.413,590772.0402,21.26,17.4,1.073
605507,国邦医药,化学制药,浙江,20210802,605507.SH,20250311,19.19,19.36,18.96,19.33,19.15,0.18,0.9399,30483.0,58502.787,1.0103,1.2111,1.08,17.637,15.3815,1.3777,2.0193,1.8904,1.5428,1.5428,55882.35,30172.2186,25170.099,1080205.8255,583228.9855,21.07,17.24,1.073
605507,国邦医药,化学制药,浙江,20210802,605507.SH,20250310,19.14,19.25,18.93,19.15,19.09,0.06,0.3143,21513.17,41031.684,0.713,0.8547,0.62,17.4728,15.2383,1.3649,2.0005,1.8728,1.5573,1.5573,55882.35,30172.2186,25170.099,1070147.0025,577797.9862,21.0,17.18,1.073
605507,国邦医药,化学制药,浙江,20210802,605507.SH,20250307,19.24,19.37,19.0,19.09,19.32,-0.23,-1.1905,43293.0,82897.981,1.4349,1.72,1.22,17.4181,15.1905,1.3606,1.9942,1.8669,1.5622,1.5622,55882.35,30172.2186,25170.099,1066794.0615,575987.6531,21.25,17.39,1.073
605507,国邦医药,化学制药,浙江,20210802,605507.SH,20250306,19.43,19.44,19.2,19.32,19.38,-0.06,-0.3096,27538.0,53254.176,0.9127,1.1275,0.81,17.6279,15.3735,1.377,2.0182,1.8894,1.5436,1.5436,55882.35,30172.2186,24424.8324,1079647.002,582927.2634,21.32,17.44,1.073
605507,国邦医药,化学制药,浙江,20210802,605507.SH,20250305,19.6,19.6,19.28,19.38,19.55,-0.17,-0.8696,20634.0,40006.282,0.6839,0.8448,0.62,17.6827,15.4213,1.3813,2.0245,1.8953,1.5388,1.5388,55882.35,30172.2186,24424.8324,1082999.943,584737.5965,21.51,17.6,1.073
605507,国邦医药,化学制药,浙江,20210802,605507.SH,20250304,19.48,19.74,19.41,19.55,19.48,0.07,0.3593,28311.0,55544.6,0.9383,1.1591,0.89,17.8378,15.5566,1.3934,2.0423,1.9119,1.5254,1.5254,55882.35,30172.2186,24424.8324,1092499.9425,589866.8736,21.43,17.53,1.073
605507,国邦医药,化学制药,浙江,20210802,605507.SH,20250303,19.88,20.05,19.32,19.48,19.88,-0.4,-2.0121,53939.03,105736.06,1.7877,2.2084,2.08,17.7739,15.5009,1.3884,2.035,1.9051,1.5309,1.5309,55882.35,30172.2186,24424.8324,1088588.178,587754.8183,21.87,17.89,1.073
605507,国邦医药,化学制药,浙江,20210802,605507.SH,20250228,19.68,20.12,19.67,19.88,19.58,0.3,1.5322,47546.25,94727.13,1.5758,1.9466,2.18,18.1389,15.8192,1.4169,2.0767,1.9442,1.5001,1.5001,55882.35,30172.2186,24424.8324,1110941.118,599823.7058,21.54,17.62,1.073
605507,国邦医药,化学制药,浙江,20210802,605507.SH,20250227,19.57,19.65,19.4,19.58,19.56,0.02,0.1022,19543.0,38152.969,0.6477,0.8001,0.88,17.8652,15.5804,1.3956,2.0454,1.9149,1.5231,1.5231,55882.35,30172.2186,24424.8324,1094176.413,590772.0402,21.52,17.6,1.073
605507,国邦医药,化学制药,浙江,20210802,605507.SH,20250226,19.4,19.68,19.4,19.56,19.39,0.17,0.8767,16033.71,31335.417,0.5314,0.6565,0.72,17.8469,15.5645,1.3941,2.0433,1.9129,1.5247,1.5247,55882.35,30172.2186,24424.8324,1093058.766,590168.5958,21.33,17.45,1.073
605507,国邦医药,化学制药,浙江,20210802,605507.SH,20250225,19.51,19.6,19.38,19.39,19.59,-0.2,-1.0209,21186.0,41267.51,0.7022,0.8674,0.94,17.6918,15.4292,1.382,2.0256,1.8963,1.538,1.538,55882.35,30172.2186,24424.8324,1083558.7665,585039.3187,21.55,17.63,1.073
605507,国邦医药,化学制药,浙江,20210802,605507.SH,20250224,19.76,19.85,19.56,19.59,19.69,-0.1,-0.5079,25178.0,49548.104,0.8345,1.0308,1.07,17.8743,15.5884,1.3963,2.0464,1.9158,1.5223,1.5223,55882.35,30172.2186,24424.8324,1094735.2365,591073.7624,21.66,17.72,1.073
605507,国邦医药,化学制药,浙江,20210802,605507.SH,20250221,19.8,20.03,19.59,19.69,19.86,-0.17,-0.856,26996.72,53206.468,0.8948,1.1053,1.24,17.9655,15.668,1.4034,2.0569,1.9256,1.5146,1.5146,55882.35,30172.2186,24424.8324,1100323.4715,594090.9842,21.85,17.87,1.073
605507,国邦医药,化学制药,浙江,20210802,605507.SH,20250220,20.08,20.23,19.81,19.86,20.01,-0.15,-0.7496,22234.5,44410.87,0.7369,0.9103,1.04,18.1206,15.8032,1.4155,2.0747,1.9422,1.5016,1.5016,55882.35,30172.2186,24424.8324,1109823.471,599220.2614,22.01,18.01,1.073
605507,国邦医药,化学制药,浙江,20210802,605507.SH,20250219,19.89,20.08,19.74,20.01,19.9,0.11,0.5528,16037.0,32036.919,0.5315,0.6566,0.73,18.2575,15.9226,1.4262,2.0903,1.9569,1.4904,1.4904,55882.35,30172.2186,24424.8324,1118205.8235,603746.0942,21.89,17.91,1.073
605507,国邦医药,化学制药,浙江,20210802,605507.SH,20250218,19.92,20.12,19.7,19.9,19.92,-0.02,-0.1004,22217.0,44251.673,0.7363,0.9096,0.91,18.1571,15.8351,1.4184,2.0788,1.9462,1.4986,1.4986,55882.35,30172.2186,24424.8324,1112058.765,600427.1501,21.91,17.93,1.073
605507,国邦医药,化学制药,浙江,20210802,605507.SH,20250217,20.26,20.3,19.82,19.92,20.17,-0.25,-1.2395,30619.61,61227.093,1.0148,1.2536,1.27,18.1754,15.851,1.4198,2.0809,1.9481,1.4971,1.4971,55882.35,30172.2186,24424.8324,1113176.412,601030.5945,22.19,18.15,1.073
605507,国邦医药,化学制药,浙江,20210802,605507.SH,20250214,19.91,20.3,19.91,20.17,19.93,0.24,1.2042,17953.11,36199.747,0.595,0.735,0.71,18.4035,16.0499,1.4376,2.107,1.9726,1.4786,1.4786,55882.35,30172.2186,24424.8324,1127146.9995,608573.6492,21.92,17.94,1.073
605507,国邦医药,化学制药,浙江,20210802,605507.SH,20250213,20.24,20.24,19.9,19.93,20.16,-0.23,-1.1409,19859.0,39797.159,0.6582,0.8131,0.76,18.1845,15.8589,1.4205,2.082,1.9491,1.4964,1.4964,55882.35,30172.2186,24424.8324,1113735.2355,601332.3167,22.18,18.14,1.073
605507,国邦医药,化学制药,浙江,20210802,605507.SH,20250212,20.25,20.39,20.05,20.16,20.33,-0.17,-0.8362,18647.0,37674.911,0.618,0.7634,0.69,18.3944,16.042,1.4369,2.106,1.9716,1.4793,1.4793,55882.35,30172.2186,24424.8324,1126588.176,608271.927,22.36,18.3,1.073
605507,国邦医药,化学制药,浙江,20210802,605507.SH,20250211,20.08,20.39,19.73,20.33,20.03,0.3,1.4978,35559.0,71285.48,1.1785,1.4559,1.37,18.5495,16.1772,1.449,2.1237,1.9882,1.4669,1.4669,55882.35,30172.2186,24424.8324,1136088.1755,613401.2041,22.03,18.03,1.073
605507,国邦医药,化学制药,浙江,20210802,605507.SH,20250210,20.33,20.44,20.03,20.03,20.33,-0.3,-1.4757,28385.0,57412.188,0.9408,1.1621,1.14,18.2757,15.9385,1.4276,2.0924,1.9589,1.4889,1.4889,55882.35,30172.2186,24424.8324,1119323.4705,604349.5386,22.36,18.3,1.073
605507,国邦医药,化学制药,浙江,20210802,605507.SH,20250207,20.26,20.49,20.23,20.33,20.37,-0.04,-0.1964,23147.17,47135.77,0.7672,0.9477,0.81,18.5495,16.1772,1.449,2.1237,1.9882,1.4669,1.4669,55882.35,30172.2186,24424.8324,1136088.1755,613401.2041,22.41,18.33,1.073
605507,国邦医药,化学制药,浙江,20210802,605507.SH,20250206,20.26,20.41,20.16,20.37,20.28,0.09,0.4438,24603.0,49885.544,0.8154,1.0073,0.92,18.586,16.2091,1.4519,2.1279,1.9921,1.464,1.464,55882.35,30172.2186,24424.8324,1138323.4695,614608.0929,22.31,18.25,1.073
605507,国邦医药,化学制药,浙江,20210802,605507.SH,20250205,20.81,20.85,20.21,20.28,20.69,-0.41,-1.9816,22862.0,46877.936,0.7577,0.936,0.86,18.5038,16.1374,1.4455,2.1185,1.9833,1.4705,1.4705,55882.35,30172.2186,24424.8324,1133294.058,611892.5932,22.76,18.62,1.073
605507,国邦医药,化学制药,浙江,20210802,605507.SH,20250127,20.41,20.98,20.29,20.69,20.32,0.37,1.8209,30708.22,63743.063,1.0178,1.2573,1.16,18.8779,16.4637,1.4747,2.1614,2.0234,1.4414,1.4414,55882.35,30172.2186,24424.8324,1156205.8215,624263.2028,22.35,18.29,1.073
605507,国邦医药,化学制药,浙江,20210802,605507.SH,20250124,20.2,20.44,20.08,20.32,20.21,0.11,0.5443,23106.0,46910.713,0.7658,0.946,0.89,18.5403,16.1693,1.4483,2.1227,1.9872,1.4676,1.4676,55882.35,30172.2186,24424.8324,1135529.352,613099.482,22.23,18.19,1.073
605507,国邦医药,化学制药,浙江,20210802,605507.SH,20250123,19.83,20.54,19.83,20.21,19.74,0.47,2.381,41072.29,83254.562,1.3613,1.6816,1.82,18.44,16.0817,1.4405,2.1112,1.9765,1.4756,1.4756,55882.35,30172.2186,24424.8324,1129382.2935,609780.5379,21.71,17.77,1.073
605507,国邦医药,化学制药,浙江,20210802,605507.SH,20250122,19.63,19.91,19.48,19.74,19.65,0.09,0.458,15783.0,31026.211,0.5231,0.6462,0.65,18.0111,15.7078,1.407,2.0621,1.9305,1.5108,1.5108,55882.35,30172.2186,24424.8324,1103117.589,595599.5952,21.62,17.69,1.073
605507,国邦医药,化学制药,浙江,20210802,605507.SH,20250121,19.78,19.78,19.38,19.65,19.68,-0.03,-0.1524,21811.0,42691.14,0.7229,0.893,0.82,17.929,15.6361,1.4006,2.0527,1.9217,1.5177,1.5177,55882.35,30172.2186,24424.8324,1098088.1775,592884.0955,21.65,17.71,1.073
605507,国邦医药,化学制药,浙江,20210802,605507.SH,20250120,19.46,20.0,19.32,19.68,19.3,0.38,1.9689,31158.97,61685.097,1.0327,1.2757,1.21,17.9564,15.66,1.4027,2.0558,1.9246,1.5154,1.5154,55882.35,30172.2186,24424.8324,1099764.648,593789.262,21.23,17.37,1.073
605507,国邦医药,化学制药,浙江,20210802,605507.SH,20250117,19.37,19.46,19.13,19.3,19.39,-0.09,-0.4642,20567.43,39632.265,0.6817,0.8421,0.73,17.6097,15.3576,1.3756,2.0162,1.8875,1.5452,1.5452,55882.35,30172.2186,24424.8324,1078529.355,582323.819,21.33,17.45,1.073
605507,国邦医药,化学制药,浙江,20210802,605507.SH,20250116,19.61,19.85,19.38,19.39,19.55,-0.16,-0.8184,23470.63,45987.589,0.7779,0.9609,0.75,17.6918,15.4292,1.382,2.0256,1.8963,1.538,1.538,55882.35,30172.2186,24424.8324,1083558.7665,585039.3187,21.51,17.6,1.073
605507,国邦医药,化学制药,浙江,20210802,605507.SH,20250115,19.39,19.65,19.25,19.55,19.47,0.08,0.4109,24783.09,48369.987,0.8214,1.0147,0.76,17.8378,15.5566,1.3934,2.0423,1.9119,1.5254,1.5254,55882.35,30172.2186,24424.8324,1092499.9425,589866.8736,21.42,17.52,1.073
605507,国邦医药,化学制药,浙江,20210802,605507.SH,20250114,19.16,19.47,18.97,19.47,19.19,0.28,1.4591,32752.66,63145.509,1.0855,1.341,1.02,17.7648,15.4929,1.3877,2.0339,1.9041,1.5317,1.5317,55882.35,30172.2186,24424.8324,1088029.3545,587453.0961,21.11,17.27,1.073
605507,国邦医药,化学制药,浙江,20210802,605507.SH,20250113,18.92,19.19,18.78,19.19,18.97,0.22,1.1597,27382.0,52056.225,0.9075,1.1211,0.82,17.5093,15.2701,1.3678,2.0047,1.8767,1.5541,1.5541,55882.35,30172.2186,24424.8324,1072382.2965,579004.8749,20.87,17.07,1.073
605507,国邦医药,化学制药,浙江,20210802,605507.SH,20250110,18.94,19.14,18.68,18.97,18.9,0.07,0.3704,32491.0,61498.188,1.0769,1.3302,0.91,17.3086,15.095,1.3521,1.9817,1.8552,1.5721,1.5721,55882.35,30172.2186,24424.8324,1060088.1795,572366.9868,20.79,17.01,1.073
605507,国邦医药,化学制药,浙江,20210802,605507.SH,20250109,19.47,19.67,18.81,18.9,19.57,-0.67,-3.4236,39506.0,75898.286,1.3094,1.6175,1.09,17.2447,15.0393,1.3471,1.9744,1.8484,1.5779,1.5779,55882.35,30172.2186,24424.8324,1056176.415,570254.9315,21.53,17.61,1.073
605507,国邦医药,化学制药,浙江,20210802,605507.SH,20250108,19.8,19.85,19.3,19.57,19.76,-0.19,-0.9615,30241.0,59145.885,1.0023,1.2381,0.83,17.856,15.5725,1.3949,2.0444,1.9139,1.5239,1.5239,55882.35,30172.2186,24424.8324,1093617.5895,590470.318,21.74,17.78,1.073
605507,国邦医药,化学制药,浙江,20210802,605507.SH,20250107,20.17,20.18,19.63,19.76,20.19,-0.43,-2.1298,30791.0,61030.798,1.0205,1.2606,0.86,18.0294,15.7237,1.4084,2.0642,1.9325,1.5092,1.5092,55882.35,30172.2186,24424.8324,1104235.236,596203.0395,22.21,18.17,1.073
605507,国邦医药,化学制药,浙江,20210802,605507.SH,20250106,20.34,20.62,20.02,20.19,20.25,-0.06,-0.2963,34809.0,70521.865,1.1537,1.4251,0.99,18.4217,16.0658,1.439,2.1091,1.9745,1.4771,1.4771,55882.35,30172.2186,24424.8324,1128264.6465,609177.0935,22.28,18.23,1.073
605507,国邦医药,化学制药,浙江,20210802,605507.SH,20250103,20.08,20.73,20.08,20.25,20.08,0.17,0.8466,43346.5,88556.367,1.4366,1.7747,1.42,18.4765,16.1136,1.4433,2.1154,1.9804,1.4727,1.4727,55882.35,30172.2186,24424.8324,1131617.5875,610987.4267,22.09,18.07,1.073
605507,国邦医药,化学制药,浙江,20210802,605507.SH,20250102,20.8,21.01,20.0,20.08,20.83,-0.75,-3.6006,42585.4,86971.989,1.4114,1.7435,1.56,18.3214,15.9783,1.4312,2.0976,1.9638,1.4852,1.4852,55882.35,30172.2186,24424.8324,1122117.588,605858.1495,22.91,18.75,1.073
605507,国邦医药,化学制药,浙江,20210802,605507.SH,20241231,21.15,21.19,20.74,20.83,21.13,-0.3,-1.4198,31722.01,66349.29,1.0514,1.2988,1.14,19.0057,16.5751,1.4847,2.176,2.0371,2.8805,1.4317,55882.35,30172.2186,24424.8324,1164029.3505,628487.3134,23.24,19.02,1.073
605507,国邦医药,化学制药,浙江,20210802,605507.SH,20241230,20.99,21.37,20.92,21.13,21.02,0.11,0.5233,26326.42,55701.157,0.8725,1.0779,0.94,19.2794,16.8138,1.506,2.2073,2.0665,2.8396,1.4114,55882.35,30172.2186,24424.8324,1180794.0555,637538.979,23.12,18.92,1.073
605507,国邦医药,化学制药,浙江,20210802,605507.SH,20241227,20.68,21.22,20.61,21.02,20.68,0.34,1.6441,31433.0,65791.614,1.0418,1.2869,1.26,19.179,16.7263,1.4982,2.1958,2.0557,2.8544,1.4188,55882.35,30172.2186,24424.8324,1174646.997,634220.035,22.75,18.61,1.073
605507,国邦医药,化学制药,浙江,20210802,605507.SH,20241226,21.04,21.04,20.62,20.68,21.01,-0.33,-1.5707,20638.59,42849.658,0.684,0.845,0.86,18.8688,16.4557,1.474,2.1603,2.0224,2.9014,1.4421,55882.35,30172.2186,24424.8324,1155646.998,623961.4806,23.11,18.91,1.073
605507,国邦医药,化学制药,浙江,20210802,605507.SH,20241225,20.91,21.03,20.8,21.01,20.86,0.15,0.7191,26156.5,54817.369,0.8669,1.0709,1.18,19.1699,16.7183,1.4975,2.1948,2.0547,2.8558,1.4194,55882.35,30172.2186,24424.8324,1174088.1735,633918.3128,22.95,18.77,1.073
605507,国邦医药,化学制药,浙江,20210802,605507.SH,20241224,20.54,20.92,20.51,20.86,20.54,0.32,1.5579,34583.0,72010.125,1.1462,1.4159,1.77,19.033,16.599,1.4868,2.1791,2.04,2.8763,1.4296,55882.35,30172.2186,24424.8324,1165705.821,629392.48,22.59,18.49,1.073
605507,国邦医药,化学制药,浙江,20210802,605507.SH,20241223,20.58,20.86,20.38,20.54,20.53,0.01,0.0487,27091.08,56061.97,0.8979,1.1092,1.45,18.7411,16.3443,1.464,2.1457,2.0087,2.9211,1.4519,55882.35,30172.2186,24424.8324,1147823.469,619737.37,22.58,18.48,1.073
605507,国邦医药,化学制药,浙江,20210802,605507.SH,20241220,20.52,20.62,20.4,20.53,20.48,0.05,0.2441,16186.0,33185.936,0.5365,0.6627,0.72,18.7319,16.3364,1.4633,2.1446,2.0078,2.9226,1.4526,55882.35,30172.2186,24424.8324,1147264.6455,619435.6479,22.53,18.43,1.073
605507,国邦医药,化学制药,浙江,20210802,605507.SH,20241219,20.25,20.48,20.05,20.48,20.38,0.1,0.4907,16212.11,32821.623,0.5373,0.6638,0.6,18.6863,16.2966,1.4597,2.1394,2.0029,2.9297,1.4562,55882.35,30172.2186,24424.8324,1144470.528,617927.0369,22.42,18.34,1.073
605507,国邦医药,化学制药,浙江,20210802,605507.SH,20241218,20.39,20.59,20.31,20.38,20.36,0.02,0.0982,16934.0,34595.466,0.5612,0.6933,0.61,18.5951,16.217,1.4526,2.129,1.9931,2.9441,1.4633,55882.35,30172.2186,24424.8324,1138882.293,614909.8151,22.4,18.32,1.073
605507,国邦医药,化学制药,浙江,20210802,605507.SH,20241217,20.55,20.74,20.28,20.36,20.55,-0.19,-0.9246,21373.44,43734.324,0.7084,0.8751,0.69,18.5768,16.2011,1.4512,2.1269,1.9911,2.947,1.4648,55882.35,30172.2186,24424.8324,1137764.646,614306.3707,22.61,18.5,1.073
605507,国邦医药,化学制药,浙江,20210802,605507.SH,20241216,20.68,20.75,20.51,20.55,20.64,-0.09,-0.436,22917.53,47267.123,0.7596,0.9383,0.76,18.7502,16.3523,1.4647,2.1467,2.0097,2.9197,1.4512,55882.35,30172.2186,24424.8324,1148382.2925,620039.0922,22.7,18.58,1.073
605507,国邦医药,化学制药,浙江,20210802,605507.SH,20241213,20.95,21.04,20.6,20.64,21.0,-0.36,-1.7143,34568.0,71636.123,1.1457,1.4153,1.2,18.8323,16.4239,1.4711,2.1561,2.0185,2.907,1.4449,55882.35,30172.2186,24424.8324,1153411.704,622754.5919,23.1,18.9,1.073
605507,国邦医药,化学制药,浙江,20210802,605507.SH,20241212,21.14,21.14,20.82,21.0,21.12,-0.12,-0.5682,40313.22,84457.459,1.3361,1.6505,1.52,19.1608,16.7104,1.4968,2.1937,2.0537,2.8571,1.4201,55882.35,30172.2186,24424.8324,1173529.35,633616.5906,23.23,19.01,1.073
605507,国邦医药,化学制药,浙江,20210802,605507.SH,20241211,21.08,21.27,21.03,21.12,21.05,0.07,0.3325,18659.53,39435.226,0.6184,0.764,0.65,19.2703,16.8059,1.5053,2.2063,2.0655,2.8409,1.412,55882.35,30172.2186,24424.8324,1180235.232,637237.2568,23.16,18.95,1.073
605507,国邦医药,化学制药,浙江,20210802,605507.SH,20241210,21.65,21.7,21.03,21.05,21.18,-0.13,-0.6138,37358.0,79528.396,1.2382,1.5295,1.3,19.2064,16.7502,1.5003,2.199,2.0586,2.8504,1.4167,55882.35,30172.2186,24424.8324,1176323.4675,635125.2015,23.3,19.06,1.073
605507,国邦医药,化学制药,浙江,20210802,605507.SH,20241209,21.42,21.49,21.08,21.18,21.33,-0.15,-0.7032,19947.58,42432.646,0.6611,0.8167,0.57,19.325,16.8536,1.5096,2.2125,2.0713,2.8329,1.408,55882.35,30172.2186,24424.8324,1183588.173,639047.5899,23.46,19.2,1.073
605507,国邦医药,化学制药,浙江,20210802,605507.SH,20241206,21.21,21.35,21.01,21.33,21.22,0.11,0.5184,27375.0,58079.884,0.9073,1.1208,0.76,19.4619,16.973,1.5203,2.2282,2.086,2.8129,1.3981,55882.35,30172.2186,24424.8324,1191970.5255,643573.4227,23.34,19.1,1.073
605507,国邦医药,化学制药,浙江,20210802,605507.SH,20241205,21.54,21.55,21.16,21.22,21.53,-0.31,-1.4399,29025.0,61793.454,0.962,1.1883,0.82,19.3615,16.8854,1.5125,2.2167,2.0753,2.8275,1.4054,55882.35,30172.2186,24424.8324,1185823.467,640254.4787,23.68,19.38,1.073
605507,国邦医药,化学制药,浙江,20210802,605507.SH,20241204,22.26,22.34,21.45,21.53,22.28,-0.75,-3.3662,30497.0,66481.562,1.0108,1.2486,0.86,19.6444,17.1321,1.5346,2.2491,2.1056,2.7868,1.3852,55882.35,30172.2186,24424.8324,1203146.9955,649607.8665,24.51,20.05,1.073
605507,国邦医药,化学制药,浙江,20210802,605507.SH,20241203,22.03,22.38,21.76,22.28,22.01,0.27,1.2267,36778.03,81479.5,1.2189,1.5058,1.08,20.3287,17.7289,1.588,2.3275,2.1789,2.693,1.3385,55882.35,30172.2186,24424.8324,1245058.758,672237.0304,24.21,19.81,1.073
605507,国邦医药,化学制药,浙江,20210802,605507.SH,20241202,22.07,22.5,21.82,22.01,21.88,0.13,0.5941,52827.75,117055.352,1.7509,2.1629,1.66,20.0823,17.5141,1.5688,2.2992,2.1525,2.726,1.3549,55882.35,30172.2186,24424.8324,1229970.5235,664090.5314,24.07,19.69,1.073
605507,国邦医药,化学制药,浙江,20210802,605507.SH,20241129,21.48,22.0,21.48,21.88,21.52,0.36,1.6729,29891.27,65201.052,0.9907,1.2238,0.88,19.9637,17.4106,1.5595,2.2857,2.1398,2.7422,1.363,55882.35,30172.2186,24424.8324,1222705.818,660168.143,23.67,19.37,1.073
605507,国邦医药,化学制药,浙江,20210802,605507.SH,20241128,21.64,21.73,21.42,21.52,21.63,-0.11,-0.5086,26524.0,57159.013,0.8791,1.0859,0.75,19.6352,17.1242,1.5338,2.2481,2.1046,2.7881,1.3858,55882.35,30172.2186,24424.8324,1202588.172,649306.1443,23.79,19.47,1.073
605507,国邦医药,化学制药,浙江,20210802,605507.SH,20241127,21.38,21.63,20.97,21.63,21.34,0.29,1.359,30684.0,65294.994,1.017,1.2563,0.67,19.7356,17.2117,1.5417,2.2596,2.1153,2.7739,1.3788,55882.35,30172.2186,24424.8324,1208735.2305,652625.0883,23.47,19.21,1.073
605507,国邦医药,化学制药,浙江,20210802,605507.SH,20241126,21.47,21.85,21.3,21.34,21.54,-0.2,-0.9285,30081.34,64703.692,0.997,1.2316,0.52,19.471,16.9809,1.521,2.2293,2.087,2.8116,1.3975,55882.35,30172.2186,24424.8324,1192529.349,643875.1449,23.69,19.39,1.073
605507,国邦医药,化学制药,浙江,20210802,605507.SH,20241125,21.16,22.1,21.16,21.54,21.27,0.27,1.2694,42392.88,92008.48,1.405,1.7356,0.75,19.6535,17.1401,1.5353,2.2501,2.1065,2.7855,1.3845,55882.35,30172.2186,24424.8324,1203705.819,649909.5886,23.4,19.14,1.073
605507,国邦医药,化学制药,浙江,20210802,605507.SH,20241122,21.8,21.84,21.26,21.27,21.7,-0.43,-1.9816,39669.52,85212.178,1.3148,1.6241,0.73,19.4071,16.9252,1.516,2.2219,2.0801,2.8209,1.4021,55882.35,30172.2186,24424.8324,1188617.5845,641763.0896,23.87,19.53,1.073
605507,国邦医药,化学制药,浙江,20210802,605507.SH,20241121,21.94,22.08,21.56,21.7,21.98,-0.28,-1.2739,34674.09,75403.464,1.1492,1.4196,0.65,19.7995,17.2674,1.5467,2.2669,2.1222,2.765,1.3743,55882.35,30172.2186,24424.8324,1212646.995,654737.1436,24.18,19.78,1.073
605507,国邦医药,化学制药,浙江,20210802,605507.SH,20241120,21.31,22.18,21.2,21.98,21.49,0.49,2.2801,82586.29,180773.671,2.7372,3.3812,1.78,20.055,17.4902,1.5666,2.2961,2.1496,2.7298,1.3568,55882.35,30172.2186,24424.8324,1228294.053,663185.3648,23.64,19.34,1.073
605507,国邦医药,化学制药,浙江,20210802,605507.SH,20241119,20.63,21.55,20.47,21.49,20.44,1.05,5.137,88570.67,188095.603,2.9355,3.6263,2.05,19.6079,17.1003,1.5317,2.2449,2.1017,2.792,1.3877,55882.35,30172.2186,24424.8324,1200911.7015,648400.9777,22.48,18.4,1.073
605507,国邦医药,化学制药,浙江,20210802,605507.SH,20241118,20.48,20.79,20.28,20.44,20.41,0.03,0.147,36773.0,75390.796,1.2188,1.5056,0.59,18.6498,16.2648,1.4569,2.1352,1.999,2.9354,1.459,55882.35,30172.2186,24424.8324,1142235.234,616720.1482,22.45,18.37,1.073
605507,国邦医药,化学制药,浙江,20210802,605507.SH,20241115,20.5,20.76,20.38,20.41,20.51,-0.1,-0.4876,27744.2,57048.261,0.9195,1.1359,0.4,18.6225,16.2409,1.4547,2.1321,1.996,2.9397,1.4612,55882.35,30172.2186,24424.8324,1140558.7635,615814.9816,22.56,18.46,1.073
605507,国邦医药,化学制药,浙江,20210802,605507.SH,20241114,20.96,21.08,20.46,20.51,21.07,-0.56,-2.6578,31537.57,65465.884,1.0453,1.2912,0.43,18.7137,16.3205,1.4619,2.1426,2.0058,2.9254,1.454,55882.35,30172.2186,24424.8324,1146146.9985,618832.2035,23.18,18.96,1.073
605507,国邦医药,化学制药,浙江,20210802,605507.SH,20241113,21.45,21.51,20.8,21.07,21.52,-0.45,-2.0911,47736.29,100652.937,1.5821,1.9544,0.64,19.2247,16.7661,1.5018,2.2011,2.0606,2.8477,1.4154,55882.35,30172.2186,24424.8324,1177441.1145,635728.6459,23.67,19.37,1.073
605507,国邦医药,化学制药,浙江,20210802,605507.SH,20241112,21.8,22.0,21.39,21.52,21.8,-0.28,-1.2844,72125.14,156166.464,2.3904,2.9529,1.0,19.6352,17.1242,1.5338,2.2481,2.1046,2.7881,1.3858,55882.35,30172.2186,24424.8324,1202588.172,649306.1443,23.98,19.62,1.073
605507,国邦医药,化学制药,浙江,20210802,605507.SH,20241111,20.46,21.86,20.33,21.8,20.33,1.47,7.2307,129914.1,277734.932,4.3058,5.3189,2.21,19.8907,17.347,1.5538,2.2773,2.132,2.7523,1.368,55882.35,30172.2186,24424.8324,1218235.23,657754.3655,22.36,18.3,1.073
605507,国邦医药,化学制药,浙江,20210802,605507.SH,20241108,20.14,20.45,20.0,20.33,20.05,0.28,1.3965,61241.26,124024.987,2.0297,2.5073,1.12,18.5495,16.1772,1.449,2.1237,1.9882,2.9513,1.4669,55882.35,30172.2186,24424.8324,1136088.1755,613401.2041,22.06,18.05,1.073
605507,国邦医药,化学制药,浙江,20210802,605507.SH,20241107,19.6,20.13,19.48,20.05,19.64,0.41,2.0876,55643.2,110631.654,1.8442,2.2781,1.1,18.294,15.9544,1.4291,2.0945,1.9608,2.9925,1.4874,55882.35,30172.2186,24424.8324,1120441.1175,604952.9829,21.6,17.68,1.073
605507,国邦医药,化学制药,浙江,20210802,605507.SH,20241106,19.68,19.83,19.4,19.64,19.66,-0.02,-0.1017,52411.42,102842.612,1.7371,2.1458,1.16,17.9199,15.6282,1.3998,2.0517,1.9207,3.055,1.5185,55882.35,30172.2186,24424.8324,1097529.354,592582.3733,21.63,17.69,1.073
605507,国邦医药,化学制药,浙江,20210802,605507.SH,20241105,19.5,19.68,19.23,19.66,19.44,0.22,1.1317,60179.86,117391.899,1.9945,2.4639,1.49,17.9381,15.6441,1.4013,2.0538,1.9227,3.0519,1.5169,55882.35,30172.2186,24424.8324,1098647.001,593185.8177,21.38,17.5,1.073
605507,国邦医药,化学制药,浙江,20210802,605507.SH,20241104,19.5,19.54,18.91,19.44,19.46,-0.02,-0.1028,64670.0,124077.359,2.1434,2.6477,1.86,17.7374,15.469,1.3856,2.0308,1.9012,3.0864,1.5341,55882.35,30172.2186,24424.8324,1086352.884,586547.9296,21.41,17.51,1.073
605507,国邦医药,化学制药,浙江,20210802,605507.SH,20241101,19.49,19.75,19.37,19.46,19.54,-0.08,-0.4094,39291.28,76812.439,1.3022,1.6087,1.14,17.7557,15.4849,1.387,2.0329,1.9031,3.0832,1.5325,55882.35,30172.2186,24424.8324,1087470.531,587151.374,21.49,17.59,1.073
605507,国邦医药,化学制药,浙江,20210802,605507.SH,20241031,19.79,19.82,19.37,19.54,19.8,-0.26,-1.3131,35581.98,69672.224,1.1793,1.4568,1.1,17.8287,15.5486,1.3927,2.0412,1.911,3.0706,1.5262,55882.35,30172.2186,24424.8324,1091941.119,589565.1514,21.78,17.82,1.073
605507,国邦医药,化学制药,浙江,20210802,605507.SH,20241030,19.99,20.05,19.61,19.8,19.92,-0.12,-0.6024,26539.59,52535.832,0.8796,1.0866,0.74,18.0659,15.7555,1.4112,2.0684,1.9364,3.0303,1.5062,55882.35,30172.2186,24424.8324,1106470.53,597409.9283,21.91,17.93,1.073
605507,国邦医药,化学制药,浙江,20210802,605507.SH,20241029,20.4,20.48,19.88,19.92,20.37,-0.45,-2.2091,36374.54,73117.064,1.2056,1.4892,1.03,18.1754,15.851,1.4198,2.0809,1.9481,3.012,1.4971,55882.35,30172.2186,24424.8324,1113176.412,601030.5945,22.41,18.33,1.073
605507,国邦医药,化学制药,浙江,20210802,605507.SH,20241028,20.27,20.5,20.07,20.37,20.42,-0.05,-0.2449,36258.92,73564.85,1.2017,1.4845,0.88,18.586,16.2091,1.4519,2.1279,1.9921,2.9455,1.464,55882.35,30172.2186,24424.8324,1138323.4695,614608.0929,22.46,18.38,1.073
605507,国邦医药,化学制药,浙江,20210802,605507.SH,20241025,20.3,20.5,20.1,20.42,20.3,0.12,0.5911,36845.22,74775.592,1.2212,1.5085,0.85,18.6316,16.2489,1.4554,2.1332,1.997,2.9383,1.4605,55882.35,30172.2186,24424.8324,1141117.587,616116.7038,22.33,18.27,1.073
605507,国邦医药,化学制药,浙江,20210802,605507.SH,20241024,20.31,20.43,20.16,20.3,20.33,-0.03,-0.1476,26349.57,53405.114,0.8733,1.0788,0.61,18.5221,16.1534,1.4469,2.1206,1.9853,2.9557,1.4691,55882.35,30172.2186,24424.8324,1134411.705,612496.0376,22.36,18.3,1.073
605507,国邦医药,化学制药,浙江,20210802,605507.SH,20241023,20.63,20.71,20.16,20.33,20.63,-0.3,-1.4542,43064.0,87685.183,1.4273,1.7631,1.05,18.5495,16.1772,1.449,2.1237,1.9882,2.9513,1.4669,55882.35,30172.2186,24424.8324,1136088.1755,613401.2041,22.69,18.57,1.073
605507,国邦医药,化学制药,浙江,20210802,605507.SH,20241022,20.58,20.92,20.39,20.63,20.75,-0.12,-0.5783,34748.4,71610.271,1.1517,1.4227,0.74,18.8232,16.416,1.4704,2.1551,2.0176,2.9084,1.4456,55882.35,30172.2186,24424.8324,1152852.8805,622452.8697,22.83,18.68,1.073
605507,国邦医药,化学制药,浙江,20210802,605507.SH,20241021,20.7,21.24,20.48,20.75,20.5,0.25,1.2195,64365.78,134176.095,2.1333,2.6353,1.52,18.9327,16.5114,1.479,2.1676,2.0293,2.8916,1.4372,55882.35,30172.2186,24424.8324,1159558.7625,626073.536,22.55,18.45,1.073
605507,国邦医药,化学制药,浙江,20210802,605507.SH,20241018,20.05,20.77,20.05,20.5,20.1,0.4,1.99,48608.58,99660.552,1.611,1.9901,1.16,18.7046,17.3682,1.5132,2.1415,2.1089,2.9268,1.4548,55882.35,30172.2186,24424.8324,1145588.175,618530.4813,22.11,18.09,1.073
605507,国邦医药,化学制药,浙江,20210802,605507.SH,20241017,20.1,20.47,20.1,20.1,20.15,-0.05,-0.2481,26629.0,53982.715,0.8826,1.0902,0.55,18.3396,17.0293,1.4837,2.0997,2.0678,2.9851,1.4837,55882.35,30172.2186,24424.8324,1123235.235,606461.5939,22.17,18.14,1.073
605507,国邦医药,化学制药,浙江,20210802,605507.SH,20241016,20.07,20.39,19.8,20.15,20.13,0.02,0.0994,31202.95,62786.856,1.0342,1.2775,0.53,18.3852,17.0716,1.4874,2.1049,2.0729,2.9777,1.48,55882.35,30172.2186,24424.8324,1126029.3525,607970.2048,22.14,18.12,1.073
605507,国邦医药,化学制药,浙江,20210802,605507.SH,20241015,20.25,21.37,20.0,20.13,20.15,-0.02,-0.0993,63736.95,130687.695,2.1124,2.6095,0.92,18.367,17.0547,1.4859,2.1029,2.0709,2.9806,1.4815,55882.35,30172.2186,24424.8324,1124911.7055,607366.7604,22.17,18.14,1.073
605507,国邦医药,化学制药,浙江,20210802,605507.SH,20241014,19.97,20.22,19.52,20.15,19.97,0.18,0.9014,42239.0,84117.8,1.3999,1.7293,0.52,18.3852,17.0716,1.4874,2.1049,2.0729,2.9777,1.48,55882.35,30172.2186,24424.8324,1126029.3525,607970.2048,21.97,17.97,1.073
605507,国邦医药,化学制药,浙江,20210802,605507.SH,20241011,20.63,20.63,19.75,19.97,20.55,-0.58,-2.8224,45088.95,90419.277,1.4944,1.846,0.55,18.221,16.9191,1.4741,2.0861,2.0544,3.0045,1.4934,55882.35,30172.2186,24424.8324,1115970.5295,602539.2054,22.61,18.5,1.073
605507,国邦医药,化学制药,浙江,20210802,605507.SH,20241010,20.88,21.25,20.4,20.55,20.55,0.0,0.0,60255.31,125276.518,1.997,2.467,0.76,18.7502,17.4105,1.5169,2.1467,2.1141,2.9197,1.4512,55882.35,30172.2186,24424.8324,1148382.2925,620039.0922,22.61,18.5,1.073
605507,国邦医药,化学制药,浙江,20210802,605507.SH,20241009,21.9,22.07,20.55,20.55,21.9,-1.35,-6.1644,81554.8,173210.976,2.703,3.339,1.15,18.7502,17.4105,1.5169,2.1467,2.1141,2.9197,1.4512,55882.35,30172.2186,24424.8324,1148382.2925,620039.0922,24.09,19.71,1.073
605507,国邦医药,化学制药,浙江,20210802,605507.SH,20241008,23.09,23.09,20.99,21.9,20.99,0.91,4.3354,116683.32,256209.301,3.8672,4.7772,2.13,19.982,18.5543,1.6166,2.2878,2.253,2.7397,1.3618,55882.35,30172.2186,24424.8324,1223823.465,660771.5873,23.09,18.89,1.073
605507,国邦医药,化学制药,浙江,20210802,605507.SH,20240930,19.75,21.0,19.67,20.99,19.09,1.9,9.9529,105961.22,217505.171,3.5119,4.3383,2.74,19.1517,17.7833,1.5494,2.1927,2.1593,2.8585,1.4208,55882.35,30172.2186,24424.8324,1172970.5265,633314.8684,21.0,17.18,1.073
605507,国邦医药,化学制药,浙江,20210802,605507.SH,20240927,18.37,19.13,18.36,19.09,18.24,0.85,4.6601,42323.01,79696.199,1.4027,1.7328,1.19,17.4181,16.1736,1.4092,1.9942,1.9639,3.143,1.5622,55882.35,30172.2186,24424.8324,1066794.0615,575987.6531,20.06,16.42,1.073
605507,国邦医药,化学制药,浙江,20210802,605507.SH,20240926,18.0,18.24,17.61,18.24,18.07,0.17,0.9408,52437.0,93854.826,1.7379,2.1469,1.81,16.6425,15.4534,1.3464,1.9054,1.8764,3.2895,1.635,55882.35,30172.2186,24424.8324,1019294.064,550341.2673,19.88,16.26,1.073
605507,国邦医药,化学制药,浙江,20210802,605507.SH,20240925,18.07,18.53,18.05,18.07,17.97,0.1,0.5565,37730.3,68995.704,1.2505,1.5448,1.49,16.4874,15.3094,1.3339,1.8877,1.8589,3.3204,1.6504,55882.35,30172.2186,24424.8324,1009794.0645,545211.9901,19.77,16.17,1.073
605507,国邦医药,化学制药,浙江,20210802,605507.SH,20240924,17.89,18.08,17.71,17.97,17.78,0.19,1.0686,35134.0,62902.2,1.1644,1.4385,1.59,16.3962,15.2247,1.3265,1.8772,1.8487,3.3389,1.6596,55882.35,30172.2186,24424.8324,1004205.8295,542194.7682,19.56,16.0,1.073
605507,国邦医药,化学制药,浙江,20210802,605507.SH,20240923,18.0,18.21,17.65,17.78,18.08,-0.3,-1.6593,25785.0,46004.176,0.8546,1.0557,1.21,16.2228,15.0637,1.3125,1.8574,1.8291,3.3746,1.6773,55882.35,30172.2186,24424.8324,993588.183,536462.0467,19.89,16.27,1.073
605507,国邦医药,化学制药,浙江,20210802,605507.SH,20240920,18.21,18.35,17.92,18.08,18.3,-0.22,-1.2022,26138.0,47229.053,0.8663,1.0701,1.32,16.4965,15.3179,1.3346,1.8887,1.86,3.3186,1.6495,55882.35,30172.2186,24424.8324,1010352.888,545513.7123,20.13,16.47,1.073
605507,国邦医药,化学制药,浙江,20210802,605507.SH,20240919,18.3,18.6,18.22,18.3,18.3,0.0,0.0,19919.81,36601.865,0.6602,0.8156,1.03,16.6973,15.5043,1.3508,1.9117,1.8826,3.2787,1.6296,55882.35,30172.2186,24424.8324,1022647.005,552151.6004,20.13,16.47,1.073
605507,国邦医药,化学制药,浙江,20210802,605507.SH,20240918,18.49,18.58,18.13,18.3,18.57,-0.27,-1.454,19620.02,35857.947,0.6503,0.8033,0.9,16.6973,15.5043,1.3508,1.9117,1.8826,3.2787,1.6296,55882.35,30172.2186,24424.8324,1022647.005,552151.6004,20.43,16.71,1.073
605507,国邦医药,化学制药,浙江,20210802,605507.SH,20240913,18.8,18.8,18.52,18.57,18.65,-0.08,-0.429,18700.0,34816.839,0.6198,0.7656,0.77,16.9436,15.733,1.3708,1.9399,1.9104,3.231,1.6059,55882.35,30172.2186,24424.8324,1037735.2395,560298.0994,20.52,16.79,1.073
605507,国邦医药,化学制药,浙江,20210802,605507.SH,20240912,18.92,18.92,18.62,18.65,18.88,-0.23,-1.2182,22351.0,41832.874,0.7408,0.9151,0.78,17.0166,15.8008,1.3767,1.9482,1.9186,3.2172,1.5991,55882.35,30172.2186,24424.8324,1042205.8275,562711.8769,20.77,16.99,1.073
605507,国邦医药,化学制药,浙江,20210802,605507.SH,20240911,18.69,19.0,18.63,18.88,18.77,0.11,0.586,18335.0,34555.931,0.6077,0.7507,0.51,17.2265,15.9956,1.3937,1.9723,1.9423,3.178,1.5796,55882.35,30172.2186,24424.8324,1055058.768,569651.4872,20.65,16.89,1.073
605507,国邦医药,化学制药,浙江,20210802,605507.SH,20240910,19.0,19.08,18.6,18.77,18.93,-0.16,-0.8452,17818.0,33418.583,0.5905,0.7295,0.41,17.1261,15.9024,1.3855,1.9608,1.931,3.1966,1.5888,55882.35,30172.2186,24424.8324,1048911.7095,566332.5431,20.82,17.04,1.073
605507,国邦医药,化学制药,浙江,20210802,605507.SH,20240909,18.91,19.12,18.69,18.93,18.85,0.08,0.4244,31323.0,59404.417,1.0381,1.2824,0.59,17.2721,16.038,1.3973,1.9775,1.9474,3.1696,1.5754,55882.35,30172.2186,24424.8324,1057852.8855,571160.0981,20.74,16.97,1.073
605507,国邦医药,化学制药,浙江,20210802,605507.SH,20240906,19.37,19.4,18.8,18.85,19.31,-0.46,-2.3822,31416.0,59603.453,1.0412,1.2862,0.52,17.1991,15.9702,1.3914,1.9691,1.9392,3.183,1.5821,55882.35,30172.2186,24424.8324,1053382.2975,568746.3206,21.24,17.38,1.073
605507,国邦医药,化学制药,浙江,20210802,605507.SH,20240905,19.14,19.38,19.01,19.31,19.06,0.25,1.3116,43733.24,84141.415,1.4495,1.7905,0.79,17.6188,16.36,1.4254,2.0172,1.9865,3.1072,1.5444,55882.35,30172.2186,24424.8324,1079088.1785,582625.5412,20.97,17.15,1.073
605507,国邦医药,化学制药,浙江,20210802,605507.SH,20240904,19.05,19.28,18.86,19.06,18.92,0.14,0.74,53847.24,102884.659,1.7847,2.2046,1.13,17.3907,16.1481,1.4069,1.9911,1.9608,3.148,1.5647,55882.35,30172.2186,24424.8324,1065117.591,575082.4865,20.81,17.03,1.073
605507,国邦医药,化学制药,浙江,20210802,605507.SH,20240903,18.55,19.23,18.41,18.92,18.58,0.34,1.8299,55848.71,106094.07,1.851,2.2866,1.43,17.263,16.0295,1.3966,1.9765,1.9464,3.1712,1.5762,55882.35,30172.2186,24424.8324,1057294.062,570858.3759,20.44,16.72,1.073
605507,国邦医药,化学制药,浙江,20210802,605507.SH,20240902,18.29,18.83,18.17,18.58,18.24,0.34,1.864,79039.02,146978.377,2.6196,3.236,3.12,16.9527,15.7415,1.3715,1.9409,1.9114,3.2293,1.6051,55882.35,30172.2186,24424.8324,1038294.063,560599.8216,20.06,16.42,1.073
605507,国邦医药,化学制药,浙江,20210802,605507.SH,20240830,17.58,18.5,17.38,18.24,17.14,1.1,6.4177,71914.5,130348.007,2.3835,2.9443,5.52,16.6425,15.4534,1.3464,1.9054,1.8764,3.2895,1.635,55882.35,30172.2186,24424.8324,1019294.064,550341.2673,18.85,15.43,1.073
605507,国邦医药,化学制药,浙江,20210802,605507.SH,20240829,16.76,17.24,16.75,17.14,16.9,0.24,1.4201,17588.0,30036.495,0.5829,0.7201,1.57,15.6388,15.5348,1.288,1.7905,1.8148,3.5006,1.7399,55882.35,30172.2186,24424.8324,957823.479,517151.8268,18.59,15.21,1.073
605507,国邦医药,化学制药,浙江,20210802,605507.SH,20240828,16.69,17.05,16.55,16.9,16.64,0.26,1.5625,14471.0,24403.682,0.4796,0.5925,1.36,15.4199,15.3173,1.27,1.7654,1.7893,3.5503,1.7646,55882.35,30172.2186,24424.8324,944411.715,509910.4943,18.3,14.98,1.073
605507,国邦医药,化学制药,浙江,20210802,605507.SH,20240827,16.4,16.68,16.35,16.64,16.61,0.03,0.1806,12029.0,19944.512,0.3987,0.4925,0.98,15.1826,15.0816,1.2504,1.7383,1.7618,3.6058,1.7922,55882.35,30172.2186,24424.8324,929882.304,502065.7175,18.27,14.95,1.073
605507,国邦医药,化学制药,浙江,20210802,605507.SH,20240826,16.67,16.77,16.5,16.61,16.71,-0.1,-0.5984,10488.0,17374.857,0.3476,0.4294,0.78,15.1553,15.0544,1.2482,1.7351,1.7586,3.6123,1.7954,55882.35,30172.2186,24424.8324,928205.8335,501160.5509,18.38,15.04,1.073
605507,国邦医药,化学制药,浙江,20210802,605507.SH,20240823,16.7,16.86,16.61,16.71,16.75,-0.04,-0.2388,10584.0,17668.252,0.3508,0.4333,0.66,15.2465,15.1451,1.2557,1.7456,1.7692,3.5907,1.7847,55882.35,30172.2186,24424.8324,933794.0685,504177.7728,18.43,15.08,1.073
605507,国邦医药,化学制药,浙江,20210802,605507.SH,20240822,16.97,17.04,16.71,16.75,16.95,-0.2,-1.1799,8605.0,14474.98,0.2852,0.3523,0.49,15.283,15.1813,1.2587,1.7498,1.7735,3.5821,1.7804,55882.35,30172.2186,24424.8324,936029.3625,505384.6616,18.65,15.26,1.073
605507,国邦医药,化学制药,浙江,20210802,605507.SH,20240821,17.0,17.25,16.9,16.95,17.18,-0.23,-1.3388,11581.41,19707.008,0.3838,0.4742,0.6,15.4655,15.3626,1.2737,1.7707,1.7946,3.5398,1.7594,55882.35,30172.2186,24424.8324,947205.8325,511419.1053,18.9,15.46,1.073
605507,国邦医药,化学制药,浙江,20210802,605507.SH,20240820,17.32,17.46,16.93,17.18,17.37,-0.19,-1.0938,20302.45,34833.753,0.6729,0.8312,1.05,15.6753,15.5711,1.291,1.7947,1.819,3.4924,1.7359,55882.35,30172.2186,24424.8324,960058.773,518358.7155,19.11,15.63,1.073
605507,国邦医药,化学制药,浙江,20210802,605507.SH,20240819,17.5,17.67,17.31,17.37,17.57,-0.2,-1.1383,16168.15,28189.011,0.5359,0.662,0.72,15.8487,15.7433,1.3053,1.8145,1.8391,3.4542,1.7169,55882.35,30172.2186,24424.8324,970676.4195,524091.4371,19.33,15.81,1.073
605507,国邦医药,化学制药,浙江,20210802,605507.SH,20240816,17.35,17.66,17.18,17.57,17.42,0.15,0.8611,23286.0,40660.036,0.7718,0.9534,0.99,16.0312,15.9245,1.3203,1.8354,1.8603,3.4149,1.6973,55882.35,30172.2186,24424.8324,981852.8895,530125.8808,19.16,15.68,1.073
605507,国邦医药,化学制药,浙江,20210802,605507.SH,20240815,17.46,17.6,17.33,17.42,17.41,0.01,0.0574,15845.0,27673.687,0.5252,0.6487,0.65,15.8943,15.7886,1.309,1.8198,1.8444,3.4443,1.712,55882.35,30172.2186,24424.8324,973470.537,525600.048,19.15,15.67,1.073
605507,国邦医药,化学制药,浙江,20210802,605507.SH,20240814,17.62,17.62,17.4,17.41,17.54,-0.13,-0.7412,20532.0,35939.918,0.6805,0.8406,0.84,15.8852,15.7795,1.3083,1.8187,1.8433,3.4463,1.7129,55882.35,30172.2186,24424.8324,972911.7135,525298.3258,19.29,15.79,1.073
605507,国邦医药,化学制药,浙江,20210802,605507.SH,20240813,17.48,17.64,17.42,17.54,17.53,0.01,0.057,20636.0,36171.965,0.6839,0.8449,0.85,16.0038,15.8973,1.3181,1.8323,1.8571,3.4208,1.7003,55882.35,30172.2186,24424.8324,980176.419,529220.7142,19.28,15.78,1.073
605507,国邦医药,化学制药,浙江,20210802,605507.SH,20240812,17.27,17.75,17.26,17.53,17.25,0.28,1.6232,32123.0,56468.355,1.0647,1.3152,1.29,15.9947,15.8883,1.3173,1.8312,1.856,3.4227,1.7012,55882.35,30172.2186,24424.8324,979617.5955,528918.9921,18.98,15.53,1.073
605507,国邦医药,化学制药,浙江,20210802,605507.SH,20240809,17.4,17.65,17.2,17.25,17.43,-0.18,-1.0327,28589.0,49563.306,0.9475,1.1705,0.99,15.7392,15.6345,1.2963,1.802,1.8264,3.4783,1.7288,55882.35,30172.2186,24424.8324,963970.5375,520470.7709,19.17,15.69,1.073
605507,国邦医药,化学制药,浙江,20210802,605507.SH,20240808,17.55,17.64,17.25,17.43,17.31,0.12,0.6932,19948.0,34847.127,0.6611,0.8167,0.64,15.9035,15.7977,1.3098,1.8208,1.8455,3.4423,1.711,55882.35,30172.2186,24424.8324,974029.3605,525901.7702,19.04,15.58,1.073
605507,国邦医药,化学制药,浙江,20210802,605507.SH,20240807,17.26,17.5,17.02,17.31,17.25,0.06,0.3478,20847.0,36103.339,0.6909,0.8535,0.62,15.794,15.6889,1.3008,1.8083,1.8328,3.4662,1.7228,55882.35,30172.2186,24424.8324,967323.4785,522281.104,18.98,15.53,1.073
605507,国邦医药,化学制药,浙江,20210802,605507.SH,20240806,16.94,17.28,16.94,17.25,16.85,0.4,2.3739,19490.99,33431.965,0.646,0.798,0.59,15.7392,15.6345,1.2963,1.802,1.8264,3.4783,1.7288,55882.35,30172.2186,24424.8324,963970.5375,520470.7709,18.54,15.17,1.073
605507,国邦医药,化学制药,浙江,20210802,605507.SH,20240805,17.2,17.44,16.85,16.85,17.41,-0.56,-3.2165,36074.0,61932.869,1.1956,1.4769,1.3,15.3742,15.272,1.2662,1.7602,1.784,3.5608,1.7699,55882.35,30172.2186,24424.8324,941617.5975,508401.8834,19.15,15.67,1.073
605507,国邦医药,化学制药,浙江,20210802,605507.SH,20240802,17.0,17.71,16.84,17.41,17.01,0.4,2.3516,48304.2,84201.882,1.6009,1.9777,2.31,15.8852,15.7795,1.3083,1.8187,1.8433,3.4463,1.7129,55882.35,30172.2186,24424.8324,972911.7135,525298.3258,18.71,15.31,1.073
605507,国邦医药,化学制药,浙江,20210802,605507.SH,20240801,16.9,17.17,16.8,17.01,16.93,0.08,0.4725,31062.0,52789.18,1.0295,1.2717,1.76,15.5202,15.417,1.2782,1.7769,1.801,3.5273,1.7532,55882.35,30172.2186,24424.8324,950558.7735,513229.4384,18.62,15.24,1.073
605507,国邦医药,化学制药,浙江,20210802,605507.SH,20240731,15.88,16.97,15.81,16.93,15.85,1.08,6.8139,32233.0,53475.106,1.0683,1.3197,1.99,15.4472,15.3445,1.2722,1.7686,1.7925,3.544,1.7615,55882.35,30172.2186,24424.8324,946088.1855,510815.6609,17.44,14.27,1.073
605507,国邦医药,化学制药,浙江,20210802,605507.SH,20240730,16.01,16.16,15.85,15.85,16.08,-0.23,-1.4303,16172.0,25760.662,0.536,0.6621,1.0,14.4618,14.3656,1.1911,1.6558,1.6782,3.7855,1.8815,55882.35,30172.2186,24424.8324,885735.2475,478229.6648,17.69,14.47,1.073
605507,国邦医药,化学制药,浙江,20210802,605507.SH,20240729,16.37,16.4,16.06,16.08,16.34,-0.26,-1.5912,10660.24,17218.216,0.3533,0.4365,0.62,14.6717,14.5741,1.2083,1.6798,1.7025,3.7313,1.8546,55882.35,30172.2186,24424.8324,898588.188,485169.2751,17.97,14.71,1.073
605507,国邦医药,化学制药,浙江,20210802,605507.SH,20240726,16.22,16.38,16.09,16.34,16.14,0.2,1.2392,14222.0,23135.094,0.4714,0.5823,0.78,14.9089,14.8097,1.2279,1.7069,1.73,3.672,1.8251,55882.35,30172.2186,24424.8324,913117.599,493014.0519,17.75,14.53,1.073
605507,国邦医药,化学制药,浙江,20210802,605507.SH,20240725,15.95,16.4,15.94,16.14,16.07,0.07,0.4356,14924.0,24171.34,0.4946,0.611,0.8,14.7264,14.6285,1.2129,1.686,1.7089,3.7175,1.8477,55882.35,30172.2186,24424.8324,901941.129,486979.6082,17.68,14.46,1.073
605507,国邦医药,化学制药,浙江,20210802,605507.SH,20240724,16.48,16.6,15.96,16.07,16.56,-0.49,-2.9589,25014.0,40382.166,0.829,1.0241,1.32,14.6626,14.565,1.2076,1.6787,1.7015,3.7337,1.8558,55882.35,30172.2186,24424.8324,898029.3645,484867.5529,18.22,14.9,1.073
605507,国邦医药,化学制药,浙江,20210802,605507.SH,20240723,16.95,17.03,16.52,16.56,16.94,-0.38,-2.2432,15715.0,26275.311,0.5208,0.6434,0.82,15.1096,15.0091,1.2444,1.7299,1.7533,3.6232,1.8009,55882.35,30172.2186,24424.8324,925411.716,499651.94,18.63,15.25,1.073
605507,国邦医药,化学制药,浙江,20210802,605507.SH,20240722,16.92,16.98,16.66,16.94,16.91,0.03,0.1774,16698.0,28120.185,0.5534,0.6836,0.75,15.4564,15.3535,1.273,1.7696,1.7936,3.5419,1.7605,55882.35,30172.2186,24424.8324,946647.009,511117.3831,18.6,15.22,1.073
605507,国邦医药,化学制药,浙江,20210802,605507.SH,20240719,16.95,17.03,16.81,16.91,16.96,-0.05,-0.2948,18618.0,31508.652,0.6171,0.7623,0.62,15.429,15.3264,1.2707,1.7665,1.7904,3.5482,1.7636,55882.35,30172.2186,24424.8324,944970.5385,510212.2165,18.66,15.26,1.073
605507,国邦医药,化学制药,浙江,20210802,605507.SH,20240718,16.95,17.08,16.72,16.96,16.95,0.01,0.059,16891.0,28596.797,0.5598,0.6916,0.56,15.4746,15.3717,1.2745,1.7717,1.7957,3.5377,1.7584,55882.35,30172.2186,24424.8324,947764.656,511720.8275,18.65,15.26,1.073
605507,国邦医药,化学制药,浙江,20210802,605507.SH,20240717,16.95,17.1,16.7,16.95,16.98,-0.03,-0.1767,26696.25,45015.161,0.8848,1.093,0.97,15.4655,15.3626,1.2737,1.7707,1.7946,3.5398,1.7594,55882.35,30172.2186,24424.8324,947205.8325,511419.1053,18.68,15.28,1.073
605507,国邦医药,化学制药,浙江,20210802,605507.SH,20240716,17.14,17.2,16.86,16.98,17.16,-0.18,-1.049,17207.41,29177.111,0.5703,0.7045,0.62,15.4929,15.3898,1.276,1.7738,1.7978,3.5336,1.7563,55882.35,30172.2186,24424.8324,948882.303,512324.2718,18.88,15.44,1.073
605507,国邦医药,化学制药,浙江,20210802,605507.SH,20240715,17.47,17.53,17.04,17.16,17.48,-0.32,-1.8307,32050.45,55097.436,1.0623,1.3122,1.22,15.6571,15.5529,1.2895,1.7926,1.8169,3.4965,1.7379,55882.35,30172.2186,24424.8324,958941.126,517755.2712,19.23,15.73,1.073
605507,国邦医药,化学制药,浙江,20210802,605507.SH,20240712,16.88,17.57,16.75,17.48,16.82,0.66,3.9239,56202.0,97042.942,1.8627,2.301,3.08,15.9491,15.843,1.3135,1.826,1.8507,3.4325,1.7061,55882.35,30172.2186,24424.8324,976823.478,527410.3811,18.5,15.14,1.073
605507,国邦医药,化学制药,浙江,20210802,605507.SH,20240711,16.56,16.93,16.55,16.82,16.4,0.42,2.561,17538.38,29373.423,0.5813,0.7181,0.99,15.3469,15.2448,1.264,1.7571,1.7809,3.5672,1.773,55882.35,30172.2186,24424.8324,939941.127,507496.7169,18.04,14.76,1.073
605507,国邦医药,化学制药,浙江,20210802,605507.SH,20240710,16.62,16.62,16.24,16.4,16.4,0.0,0.0,14722.0,24157.807,0.4879,0.6027,0.8,14.9637,14.8641,1.2324,1.7132,1.7364,3.6585,1.8184,55882.35,30172.2186,24424.8324,916470.54,494824.385,18.04,14.76,1.073
605507,国邦医药,化学制药,浙江,20210802,605507.SH,20240709,16.05,16.45,15.97,16.4,16.02,0.38,2.372,19029.03,30839.796,0.6307,0.7791,1.13,14.9637,14.8641,1.2324,1.7132,1.7364,3.6585,1.8184,55882.35,30172.2186,24424.8324,916470.54,494824.385,17.62,14.42,1.073
605507,国邦医药,化学制药,浙江,20210802,605507.SH,20240708,16.75,16.85,15.91,16.02,16.7,-0.68,-4.0719,24047.02,38942.443,0.797,0.9845,1.57,14.6169,14.5197,1.2038,1.6735,1.6962,3.7453,1.8616,55882.35,30172.2186,24424.8324,895235.247,483358.942,18.37,15.03,1.073
605507,国邦医药,化学制药,浙江,20210802,605507.SH,20240705,16.21,16.76,16.16,16.7,16.24,0.46,2.8325,15865.0,26231.594,0.5258,0.6495,1.05,15.2374,15.136,1.2549,1.7445,1.7682,3.5928,1.7858,55882.35,30172.2186,24424.8324,933235.245,503876.0506,17.86,14.62,1.073
605507,国邦医药,化学制药,浙江,20210802,605507.SH,20240704,16.81,16.81,16.18,16.24,16.71,-0.47,-2.8127,14933.15,24468.205,0.4949,0.6114,0.99,14.8177,14.7191,1.2204,1.6965,1.7195,3.6946,1.8364,55882.35,30172.2186,24424.8324,907529.364,489996.8301,18.38,15.04,1.073
605507,国邦医药,化学制药,浙江,20210802,605507.SH,20240703,16.53,16.95,16.53,16.71,16.59,0.12,0.7233,17928.58,30163.14,0.5942,0.734,1.17,15.2465,15.1451,1.2557,1.7456,1.7692,3.5907,1.7847,55882.35,30172.2186,24424.8324,933794.0685,504177.7728,18.25,14.93,1.073
605507,国邦医药,化学制药,浙江,20210802,605507.SH,20240702,16.74,16.85,16.56,16.59,16.8,-0.21,-1.25,11371.0,18933.453,0.3769,0.4656,0.72,15.137,15.0363,1.2467,1.7331,1.7565,3.6166,1.7976,55882.35,30172.2186,24424.8324,927088.1865,500557.1066,18.48,15.12,1.073
605507,国邦医药,化学制药,浙江,20210802,605507.SH,20240701,16.56,16.86,16.45,16.8,16.65,0.15,0.9009,16265.79,27098.055,0.5391,0.666,0.98,15.3286,15.2267,1.2624,1.755,1.7788,3.5714,1.7751,55882.35,30172.2186,24424.8324,938823.48,506893.2725,18.32,14.99,1.073
605507,国邦医药,化学制药,浙江,20210802,605507.SH,20240628,16.76,17.05,16.6,16.65,16.79,-0.14,-0.8338,14938.24,25122.861,0.4951,0.6116,0.9,15.1918,15.0907,1.2512,1.7393,1.7629,3.6036,1.7911,55882.35,30172.2186,24424.8324,930441.1275,502367.4397,18.47,15.11,1.073
605507,国邦医药,化学制药,浙江,20210802,605507.SH,20240627,17.2,17.27,16.75,16.79,17.24,-0.45,-2.6102,14964.0,25317.908,0.496,0.6127,0.92,15.3195,15.2176,1.2617,1.7539,1.7777,3.5736,1.7762,55882.35,30172.2186,24424.8324,938264.6565,506591.5503,18.96,15.52,1.073
605507,国邦医药,化学制药,浙江,20210802,605507.SH,20240626,16.66,17.27,16.56,17.24,16.74,0.5,2.9869,19034.75,32479.126,0.6309,0.7793,1.23,15.7301,15.6254,1.2955,1.801,1.8253,3.4803,1.7298,55882.35,30172.2186,24424.8324,963411.714,520169.0487,18.41,15.07,1.073
605507,国邦医药,化学制药,浙江,20210802,605507.SH,20240625,16.64,16.92,16.63,16.74,16.64,0.1,0.601,14010.0,23524.5,0.4643,0.5736,0.88,15.2739,15.1723,1.2579,1.7487,1.7724,3.5842,1.7815,55882.35,30172.2186,24424.8324,935470.539,505082.9394,18.3,14.98,1.0729
605507,国邦医药,化学制药,浙江,20210802,605507.SH,20240624,16.97,17.26,16.62,16.64,17.35,-0.71,-4.0922,19863.0,33624.938,0.6583,0.8132,1.14,15.1826,15.0816,1.2504,1.7383,1.7618,3.6058,1.7922,55882.35,30172.2186,24424.8324,929882.304,502065.7175,19.09,15.62,1.0727
605507,国邦医药,化学制药,浙江,20210802,605507.SH,20240621,16.98,17.35,16.95,17.35,17.1,0.25,1.462,15243.0,26181.099,0.5052,0.6241,0.9,15.8305,15.7251,1.3038,1.8124,1.837,3.4582,1.7189,55882.35,30172.2186,24424.8324,969558.7725,523487.9927,18.81,15.39,1.0727
605507,国邦医药,化学制药,浙江,20210802,605507.SH,20240620,17.15,17.4,17.01,17.1,17.22,-0.12,-0.6969,13324.0,22872.563,0.4416,0.5455,0.79,15.6024,15.4986,1.285,1.7863,1.8105,3.5088,1.744,55882.35,30172.2186,24424.8324,955588.185,515944.9381,18.94,15.5,1.0727
605507,国邦医药,化学制药,浙江,20210802,605507.SH,20240619,17.48,17.55,17.17,17.22,17.47,-0.25,-1.431,14926.0,25795.787,0.4947,0.6111,0.83,15.7118,15.6073,1.294,1.7989,1.8232,3.4843,1.7318,55882.35,30172.2186,24424.8324,962294.067,519565.6043,19.22,15.72,1.0727
605507,国邦医药,化学制药,浙江,20210802,605507.SH,20240618,17.34,17.53,17.32,17.47,17.44,0.03,0.172,16111.81,28081.368,0.534,0.6596,0.92,15.9399,15.8339,1.3128,1.825,1.8497,3.4345,1.7071,55882.35,30172.2186,24424.8324,976264.6545,527108.6589,19.18,15.7,1.0727
605507,国邦医药,化学制药,浙江,20210802,605507.SH,20240617,17.02,17.45,16.91,17.44,16.95,0.49,2.8909,27381.74,47412.45,0.9075,1.1211,1.76,15.9126,15.8067,1.3105,1.8218,1.8465,3.4404,1.71,55882.35,30172.2186,24424.8324,974588.184,526203.4924,18.65,15.26,1.0727
605507,国邦医药,化学制药,浙江,20210802,605507.SH,20240614,17.05,17.07,16.82,16.95,16.92,0.03,0.1773,12718.0,21561.757,0.4215,0.5207,0.67,15.4655,15.3626,1.2737,1.7707,1.7946,3.5398,1.7594,55882.35,30172.2186,24424.8324,947205.8325,511419.1053,18.61,15.23,1.0727
605507,国邦医药,化学制药,浙江,20210802,605507.SH,20240613,17.51,17.56,17.18,17.22,17.57,-0.35,-1.992,12855.0,22215.981,0.4261,0.5263,0.63,15.7118,15.6073,1.2656,1.7989,1.8232,3.4843,,55882.35,30172.2186,24424.8324,962294.067,519565.6043,19.33,15.81,1.054
605507,国邦医药,化学制药,浙江,20210802,605507.SH,20240612,17.44,17.87,17.35,17.57,17.44,0.13,0.7454,20974.58,36891.818,0.6952,0.8587,1.09,16.0312,15.9245,1.2914,1.8354,1.8603,3.4149,,55882.35,30172.2186,24424.8324,981852.8895,530125.8808,19.18,15.7,1.054
605507,国邦医药,化学制药,浙江,20210802,605507.SH,20240611,17.23,17.5,17.12,17.44,17.33,0.11,0.6347,13819.58,23943.48,0.458,0.5658,0.62,15.9126,15.8067,1.2818,1.8218,1.8465,3.4404,,55882.35,30172.2186,24424.8324,974588.184,526203.4924,19.06,15.6,1.054
605507,国邦医药,化学制药,浙江,20210802,605507.SH,20240607,17.28,17.42,17.06,17.33,17.25,0.08,0.4638,17397.9,30043.036,0.5766,0.7123,0.81,15.8122,15.707,1.2737,1.8104,1.8349,3.4622,,55882.35,30172.2186,24424.8324,968441.1255,522884.5483,18.98,15.53,1.054
605507,国邦医药,化学制药,浙江,20210802,605507.SH,20240606,17.46,17.75,17.06,17.25,17.65,-0.4,-2.2663,29449.0,50846.065,0.976,1.2057,1.49,15.7392,15.6345,1.2679,1.802,1.8264,3.4783,,55882.35,30172.2186,24424.8324,963970.5375,520470.7709,19.42,15.89,1.054
605507,国邦医药,化学制药,浙江,20210802,605507.SH,20240605,17.76,17.97,17.62,17.65,17.72,-0.07,-0.395,20173.58,35904.968,0.6686,0.8259,1.0,16.1042,15.997,1.2973,1.8438,1.8687,3.3994,,55882.35,30172.2186,24424.8324,986323.4775,532539.6583,19.49,15.95,1.054
605507,国邦医药,化学制药,浙江,20210802,605507.SH,20240604,17.54,17.76,17.4,17.72,17.5,0.22,1.2571,15291.0,26906.822,0.5068,0.626,0.72,16.1681,16.0605,1.3024,1.8511,1.8762,3.386,,55882.35,30172.2186,24424.8324,990235.242,534651.7136,19.25,15.75,1.054
605507,国邦医药,化学制药,浙江,20210802,605507.SH,20240603,17.98,17.98,17.43,17.5,17.93,-0.43,-2.3982,29530.0,52040.439,0.9787,1.209,1.42,15.9673,15.8611,1.2862,1.8281,1.8529,3.4286,,55882.35,30172.2186,24424.8324,977941.125,528013.8255,19.72,16.14,1.054
605507,国邦医药,化学制药,浙江,20210802,605507.SH,20240531,17.97,18.15,17.92,17.93,17.97,-0.04,-0.2226,12726.42,22916.967,0.4218,0.521,0.53,16.3597,16.2508,1.3178,1.873,1.8984,3.3463,,55882.35,30172.2186,24424.8324,1001970.5355,540987.8795,19.77,16.17,1.054
605507,国邦医药,化学制药,浙江,20210802,605507.SH,20240530,18.21,18.25,17.7,17.97,17.94,0.03,0.1672,21142.0,37938.2,0.7007,0.8656,0.74,16.3962,16.2871,1.3208,1.8772,1.9026,3.3389,,55882.35,30172.2186,24424.8324,1004205.8295,542194.7682,19.73,16.15,1.054
605507,国邦医药,化学制药,浙江,20210802,605507.SH,20240529,18.27,18.27,17.87,17.94,18.17,-0.23,-1.2658,21760.0,39091.63,0.7212,0.8909,0.71,16.3688,16.2599,1.3186,1.8741,1.8995,3.3445,,55882.35,30172.2186,24424.8324,1002529.359,541289.6017,19.99,16.35,1.054
605507,国邦医药,化学制药,浙江,20210802,605507.SH,20240528,18.33,18.34,18.12,18.17,18.33,-0.16,-0.8729,20356.0,37048.835,0.6747,0.8334,0.62,16.5786,16.4683,1.3355,1.8981,1.9238,3.3021,,55882.35,30172.2186,24424.8324,1015382.2995,548229.212,20.16,16.5,1.054
605507,国邦医药,化学制药,浙江,20210802,605507.SH,20240527,18.04,18.35,17.82,18.33,18.06,0.27,1.495,28254.0,51156.487,0.9364,1.1568,0.76,16.7246,16.6134,1.3472,1.9148,1.9407,3.2733,,55882.35,30172.2186,24424.8324,1024323.4755,553056.7669,19.87,16.25,1.054
605507,国邦医药,化学制药,浙江,20210802,605507.SH,20240524,18.12,18.2,17.9,18.06,17.98,0.08,0.4449,27832.0,50334.203,0.9224,1.1395,0.58,16.4783,16.3687,1.3274,1.8866,1.9122,3.3223,,55882.35,30172.2186,24424.8324,1009235.241,544910.2679,19.78,16.18,1.054
605507,国邦医药,化学制药,浙江,20210802,605507.SH,20240523,18.37,18.43,17.81,17.98,18.37,-0.39,-2.123,44020.52,79421.307,1.459,1.8023,0.87,16.4053,16.2961,1.3215,1.8783,1.9037,3.337,,55882.35,30172.2186,24424.8324,1004764.653,542496.4904,20.21,16.53,1.054
605507,国邦医药,化学制药,浙江,20210802,605507.SH,20240522,18.45,18.6,18.26,18.37,18.49,-0.12,-0.649,32841.0,60366.23,1.0885,1.3446,0.59,16.7611,16.6496,1.3502,1.919,1.945,3.2662,,55882.35,30172.2186,24424.8324,1026558.7695,554263.6557,20.34,16.64,1.054
605507,国邦医药,化学制药,浙江,20210802,605507.SH,20240521,18.5,18.67,18.41,18.49,18.61,-0.12,-0.6448,32064.0,59346.809,1.0627,1.3128,0.49,16.8706,16.7584,1.359,1.9315,1.9577,3.245,3.245,55882.35,30172.2186,24424.8324,1033264.6515,557884.3219,20.47,16.75,1.054
605507,国邦医药,化学制药,浙江,20210802,605507.SH,20240520,18.73,18.89,18.42,18.61,18.69,-0.08,-0.428,48763.07,91044.248,1.6162,1.9965,0.69,16.9801,16.8671,1.3678,1.9441,1.9704,3.2241,3.2241,55882.35,30172.2186,24424.8324,1039970.5335,561504.9881,20.56,16.82,1.054
605507,国邦医药,化学制药,浙江,20210802,605507.SH,20240517,18.27,18.86,18.24,18.69,18.35,0.34,1.8529,81931.5,152077.654,2.7155,3.3544,1.09,17.0531,16.9397,1.3737,1.9524,1.9789,3.2103,3.2103,55882.35,30172.2186,24424.8324,1044441.1215,563918.7656,20.19,16.52,1.054
605507,国邦医药,化学制药,浙江,20210802,605507.SH,20240516,18.0,18.49,17.88,18.35,18.02,0.33,1.8313,56022.0,101816.473,1.8567,2.2936,0.68,16.7429,16.6315,1.3487,1.9169,1.9429,3.2698,3.2698,55882.35,30172.2186,24424.8324,1025441.1225,553660.2113,19.82,16.22,1.054
605507,国邦医药,化学制药,浙江,20210802,605507.SH,20240515,18.22,18.4,17.98,18.02,18.28,-0.26,-1.4223,59680.0,108311.445,1.978,2.4434,0.65,16.4418,16.3324,1.3244,1.8824,1.9079,3.3296,3.3296,55882.35,30172.2186,24424.8324,1006999.947,543703.3792,20.11,16.45,1.054
605507,国邦医药,化学制药,浙江,20210802,605507.SH,20240514,17.68,18.39,17.6,18.28,17.8,0.48,2.6966,79365.62,143443.465,2.6304,3.2494,0.73,16.679,16.568,1.3436,1.9096,1.9355,3.2823,3.2823,55882.35,30172.2186,24424.8324,1021529.358,551548.156,19.58,16.02,1.054
605507,国邦医药,化学制药,浙江,20210802,605507.SH,20240513,17.21,17.84,17.21,17.8,17.45,0.35,2.0057,77985.0,137656.769,2.5847,3.1929,0.69,16.241,16.133,1.3083,1.8595,1.8846,3.3708,3.3708,55882.35,30172.2186,24424.8324,994705.83,537065.4911,19.2,15.71,1.054
605507,国邦医药,化学制药,浙江,20210802,605507.SH,20240510,17.77,18.18,17.35,17.45,17.84,-0.39,-2.1861,102624.58,181725.074,3.4013,4.2016,0.98,15.9217,15.8158,1.2826,1.8229,1.8476,3.4384,3.4384,55882.35,30172.2186,24424.8324,975147.0075,526505.2146,19.62,16.06,1.054
605507,国邦医药,化学制药,浙江,20210802,605507.SH,20240509,17.56,17.98,17.41,17.84,17.84,0.0,0.0,91713.56,162681.933,3.0397,3.7549,0.94,16.2775,16.1693,1.3112,1.8636,1.8889,3.3632,3.3632,55882.35,30172.2186,24424.8324,996941.124,538272.3798,19.62,16.06,1.054
605507,国邦医药,化学制药,浙江,20210802,605507.SH,20240508,17.8,18.09,17.45,17.84,18.06,-0.22,-1.2182,106515.56,188808.437,3.5303,4.361,1.23,16.2775,16.1693,1.3112,1.8636,1.8889,3.3632,3.3632,55882.35,30172.2186,24424.8324,996941.124,538272.3798,19.87,16.25,1.054
605507,国邦医药,化学制药,浙江,20210802,605507.SH,20240507,17.5,18.65,17.36,18.06,17.38,0.68,3.9125,163220.41,292258.734,5.4096,6.6826,2.54,16.4783,16.3687,1.3274,1.8866,1.9122,3.3223,3.3223,55882.35,30172.2186,24424.8324,1009235.241,544910.2679,19.12,15.64,1.054
605507,国邦医药,化学制药,浙江,20210802,605507.SH,20240506,16.98,17.41,16.86,17.38,16.66,0.72,4.3217,97718.48,167832.892,3.2387,4.0008,1.8,15.8578,15.7523,1.2774,1.8156,1.8402,3.4522,3.4522,55882.35,30172.2186,24424.8324,971235.243,524393.1593,18.33,14.99,1.054
605507,国邦医药,化学制药,浙江,20210802,605507.SH,20240430,16.42,16.83,16.37,16.66,16.47,0.19,1.1536,66325.05,110282.841,2.1982,2.7155,1.26,15.2009,15.0998,1.2245,1.7404,1.7639,3.6014,3.6014,55882.35,30172.2186,24424.8324,930999.951,502669.1619,18.12,14.82,1.054
605507,国邦医药,化学制药,浙江,20210802,605507.SH,20240429,16.26,16.49,16.11,16.47,16.26,0.21,1.2915,55193.65,90385.394,1.8293,2.2597,0.95,15.0275,14.9276,1.2105,1.7205,1.7438,3.643,3.643,55882.35,30172.2186,24424.8324,920382.3045,496936.4403,17.89,14.63,1.054
605507,国邦医药,化学制药,浙江,20210802,605507.SH,20240426,16.01,16.27,16.01,16.26,16.2,0.06,0.3704,52235.72,84539.998,1.7313,2.4502,0.8,14.8359,14.7372,1.1951,1.6986,1.7216,3.69,3.69,55882.35,30172.2186,21318.9441,908647.011,490600.2744,17.82,14.58,1.054
605507,国邦医药,化学制药,浙江,20210802,605507.SH,20240425,15.99,16.38,15.95,16.2,16.07,0.13,0.809,49749.12,80782.349,1.6488,2.3336,0.63,14.7812,14.6828,1.1907,1.6923,1.7152,3.7037,3.7037,55882.35,30172.2186,21318.9441,905294.07,488789.9413,17.68,14.46,1.054
605507,国邦医药,化学制药,浙江,20210802,605507.SH,20240424,15.92,16.1,15.71,16.07,15.99,0.08,0.5003,47682.52,75804.479,1.5803,2.2366,0.45,14.6626,14.565,1.1811,1.6787,1.7015,3.7337,3.7337,55882.35,30172.2186,21318.9441,898029.3645,484867.5529,17.59,14.39,1.054
605507,国邦医药,化学制药,浙江,20210802,605507.SH,20240423,16.06,16.38,15.88,15.99,16.21,-0.22,-1.3572,58716.0,94737.92,1.946,2.7542,0.41,14.5896,14.4925,1.1752,1.6704,1.693,3.7523,3.7523,55882.35,30172.2186,21318.9441,893558.7765,482453.7754,17.83,14.59,1.054
605507,国邦医药,化学制药,浙江,20210802,605507.SH,20240422,15.94,16.5,15.91,16.21,16.02,0.19,1.186,82630.69,134600.639,2.7386,3.8759,0.62,14.7903,14.6919,1.1914,1.6934,1.7163,3.7014,3.7014,55882.35,30172.2186,21318.9441,905852.8935,489091.6635,17.62,14.42,1.054
605507,国邦医药,化学制药,浙江,20210802,605507.SH,20240419,15.87,16.14,15.6,16.02,16.22,-0.2,-1.233,88858.79,141043.962,2.9451,4.1681,0.74,14.6169,14.5197,1.1774,1.6735,1.6962,3.7453,3.7453,55882.35,30172.2186,21318.9441,895235.247,483358.942,17.84,14.6,1.054
605507,国邦医药,化学制药,浙江,20210802,605507.SH,20240418,16.61,16.93,16.18,16.22,16.53,-0.31,-1.8754,118961.09,196127.115,3.9427,5.5801,1.18,14.7994,14.701,1.1921,1.6944,1.7173,3.6991,3.6991,55882.35,30172.2186,21318.9441,906411.717,489393.3857,18.18,14.88,1.054
605507,国邦医药,化学制药,浙江,20210802,605507.SH,20240417,16.0,16.75,15.85,16.53,16.72,-0.19,-1.1364,186034.36,306083.763,6.1658,8.8342,2.69,15.0823,14.9819,1.2149,1.7268,1.7502,3.6298,3.6298,55882.35,30172.2186,21058.4841,923735.2455,498746.7735,18.39,15.05,1.054
605507,国邦医药,化学制药,浙江,20210802,605507.SH,20240416,16.0,16.72,15.74,16.72,15.2,1.52,10.0,237557.66,390165.703,7.8734,11.2809,8.74,15.2556,15.1541,1.2289,1.7466,1.7703,3.5885,3.5885,55882.35,30172.2186,21058.4841,934352.892,504479.495,16.72,13.68,1.054
605507,国邦医药,化学制药,浙江,20210802,605507.SH,20240415,15.35,15.58,14.95,15.2,15.47,-0.27,-1.7453,33577.15,51151.947,1.1128,1.6138,1.35,9.2237,12.3297,1.1621,1.4847,1.5004,3.9474,3.9474,55882.35,30172.2186,20806.8262,849411.72,458617.7227,17.02,13.92,1.054
605507,国邦医药,化学制药,浙江,20210802,605507.SH,20240412,15.53,15.69,15.44,15.47,15.55,-0.08,-0.5145,24328.58,37819.185,0.8063,1.1693,1.0,9.3875,12.5488,1.1828,1.5111,1.5271,3.8785,3.8785,55882.35,30172.2186,20806.8262,864499.9545,466764.2217,17.11,14.0,1.054
605507,国邦医药,化学制药,浙江,20210802,605507.SH,20240411,15.44,15.6,15.36,15.55,15.53,0.02,0.1288,21613.0,33575.452,0.7163,1.0387,0.88,9.4361,12.6136,1.1889,1.5189,1.535,3.8585,3.8585,55882.35,30172.2186,20806.8262,868970.5425,469177.9992,17.08,13.98,1.054
605507,国邦医药,化学制药,浙江,20210802,605507.SH,20240410,15.62,15.72,15.37,15.53,15.66,-0.13,-0.8301,28694.0,44664.058,0.951,1.3791,1.24,9.4239,12.5974,1.1874,1.517,1.533,3.8635,3.8635,55882.35,30172.2186,20806.8262,867852.8955,468574.5549,17.23,14.09,1.054
605507,国邦医药,化学制药,浙江,20210802,605507.SH,20240409,15.32,15.66,15.27,15.66,15.31,0.35,2.2861,27618.0,42838.756,0.9153,1.3274,1.35,9.5028,12.7029,1.1973,1.5297,1.5459,3.8314,3.8314,55882.35,30172.2186,20806.8262,875117.601,472496.9433,16.84,13.78,1.054
605507,国邦医药,化学制药,浙江,20210802,605507.SH,20240408,15.48,15.55,15.3,15.31,15.54,-0.23,-1.4801,21764.0,33487.881,0.7213,1.046,1.1,9.2904,12.419,1.1705,1.4955,1.5113,3.919,3.919,55882.35,30172.2186,20806.8262,855558.7785,461936.6668,17.09,13.99,1.054
605507,国邦医药,化学制药,浙江,20210802,605507.SH,20240403,15.54,15.61,15.39,15.54,15.54,0.0,0.0,21613.45,33516.622,0.7163,1.0388,1.14,9.43,12.6055,1.1881,1.518,1.534,3.861,3.861,55882.35,30172.2186,20806.8262,868411.719,468876.277,17.09,13.99,1.054
605507,国邦医药,化学制药,浙江,20210802,605507.SH,20240402,15.41,15.56,15.28,15.54,15.41,0.13,0.8436,22652.75,34963.793,0.7508,1.0887,1.23,9.43,12.6055,1.1881,1.518,1.534,3.861,3.861,55882.35,30172.2186,20806.8262,868411.719,468876.277,16.95,13.87,1.054
605507,国邦医药,化学制药,浙江,20210802,605507.SH,20240401,15.14,15.43,15.08,15.41,15.08,0.33,2.1883,22154.0,33839.564,0.7343,1.0647,1.19,9.3511,12.5001,1.1782,1.5053,1.5212,3.8936,3.8936,55882.35,30172.2186,20806.8262,861147.0135,464953.8886,16.59,13.57,1.054
605507,国邦医药,化学制药,浙江,20210802,605507.SH,20240329,14.95,15.08,14.93,15.08,14.99,0.09,0.6004,14214.0,21339.326,0.4711,0.6831,0.67,9.1509,12.2324,1.153,1.473,1.4886,3.9788,3.9788,55882.35,30172.2186,20806.8262,842705.838,454997.0565,16.49,13.49,1.054
605507,国邦医药,化学制药,浙江,20210802,605507.SH,20240328,14.81,15.09,14.76,14.99,14.86,0.13,0.8748,18671.0,27939.597,0.6188,0.8973,0.87,9.0962,12.1594,1.1461,1.4642,1.4797,4.0027,4.0027,55882.35,30172.2186,20806.8262,837676.4265,452281.5568,16.35,13.37,1.054
605507,国邦医药,化学制药,浙江,20210802,605507.SH,20240327,15.01,15.15,14.84,14.86,15.08,-0.22,-1.4589,17063.0,25631.255,0.5655,0.8201,0.76,9.0174,12.0539,1.1361,1.4515,1.4669,4.0377,4.0377,55882.35,30172.2186,20806.8262,830411.721,448359.1684,16.59,13.57,1.054
605507,国邦医药,化学制药,浙江,20210802,605507.SH,20240326,15.01,15.11,14.88,15.08,15.0,0.08,0.5333,20128.0,30185.312,0.6671,0.9674,0.9,9.1509,12.2324,1.153,1.473,1.4886,3.9788,3.9788,55882.35,30172.2186,20806.8262,842705.838,454997.0565,16.5,13.5,1.054
605507,国邦医药,化学制药,浙江,20210802,605507.SH,20240325,15.29,15.37,15.0,15.0,15.34,-0.34,-2.2164,22898.13,34685.975,0.7589,1.1005,0.99,9.1023,12.1675,1.1468,1.4652,1.4807,4.0,4.0,55882.35,30172.2186,20806.8262,838235.25,452583.279,16.87,13.81,1.054
605507,国邦医药,化学制药,浙江,20210802,605507.SH,20240322,15.76,15.8,15.31,15.34,15.82,-0.48,-3.0341,27715.0,42830.319,0.9186,1.332,1.29,9.3086,12.4433,1.1728,1.4984,1.5143,3.9113,3.9113,55882.35,30172.2186,20806.8262,857235.249,462841.8333,17.4,14.24,1.054
605507,国邦医药,化学制药,浙江,20210802,605507.SH,20240321,15.9,15.94,15.69,15.82,15.89,-0.07,-0.4405,20024.09,31662.648,0.6637,0.9624,0.93,9.5999,12.8327,1.2095,1.5453,1.5617,3.7927,3.7927,55882.35,30172.2186,20806.8262,884058.777,477324.4983,17.48,14.3,1.054
605507,国邦医药,化学制药,浙江,20210802,605507.SH,20240320,15.73,15.9,15.66,15.89,15.75,0.14,0.8889,21382.0,33798.642,0.7087,1.0276,1.01,9.6424,12.8894,1.2149,1.5521,1.5686,3.776,3.776,55882.35,30172.2186,20806.8262,887970.5415,479436.5536,17.33,14.18,1.054
605507,国邦医药,化学制药,浙江,20210802,605507.SH,20240319,15.77,15.87,15.73,15.75,15.8,-0.05,-0.3165,19294.0,30458.896,0.6395,0.9273,0.88,9.5574,12.7759,1.2042,1.5385,1.5547,3.8095,3.8095,55882.35,30172.2186,20806.8262,880147.0125,475212.443,17.38,14.22,1.054
605507,国邦医药,化学制药,浙江,20210802,605507.SH,20240318,15.63,15.8,15.52,15.8,15.63,0.17,1.0877,27413.2,42926.116,0.9086,1.3175,1.39,9.5878,12.8164,1.208,1.5434,1.5597,3.7975,3.7975,55882.35,30172.2186,20806.8262,882941.13,476721.0539,17.19,14.07,1.054
605507,国邦医药,化学制药,浙江,20210802,605507.SH,20240315,15.57,15.68,15.5,15.63,15.61,0.02,0.1281,19249.0,30029.603,0.638,0.9251,1.01,9.4846,12.6785,1.195,1.5267,1.5429,3.8388,3.8388,55882.35,30172.2186,20806.8262,873441.1305,471591.7767,17.17,14.05,1.054
605507,国邦医药,化学制药,浙江,20210802,605507.SH,20240314,15.69,15.89,15.48,15.61,15.65,-0.04,-0.2556,19928.0,31323.358,0.6605,0.9578,1.09,9.4725,12.6623,1.1935,1.5248,1.5409,3.8437,3.8437,55882.35,30172.2186,20806.8262,872323.4835,470988.3323,17.22,14.09,1.054
605507,国邦医药,化学制药,浙江,20210802,605507.SH,20240313,15.63,15.72,15.45,15.65,15.69,-0.04,-0.2549,19675.0,30679.872,0.6521,0.9456,1.08,9.4967,12.6948,1.1965,1.5287,1.5449,3.8339,3.8339,55882.35,30172.2186,20806.8262,874558.7775,472195.2211,17.26,14.12,1.054
605507,国邦医药,化学制药,浙江,20210802,605507.SH,20240312,15.55,15.74,15.53,15.69,15.46,0.23,1.4877,23199.13,36317.753,0.7689,0.9498,1.22,9.521,12.7272,1.1996,1.5326,1.5488,3.8241,3.8241,55882.35,30172.2186,24424.8324,876794.0715,473402.1098,17.01,13.91,1.054
605507,国邦医药,化学制药,浙江,20210802,605507.SH,20240311,15.3,15.48,15.19,15.46,15.29,0.17,1.1118,16514.0,25357.44,0.5473,0.6761,0.75,9.3814,12.5406,1.182,1.5101,1.5261,3.881,3.881,55882.35,30172.2186,24424.8324,863941.131,466462.4996,16.82,13.76,1.054
605507,国邦医药,化学制药,浙江,20210802,605507.SH,20240308,15.26,15.38,15.11,15.29,15.28,0.01,0.0654,15588.88,23746.986,0.5167,0.6382,0.69,9.2783,12.4027,1.169,1.4935,1.5093,3.9241,3.9241,55882.35,30172.2186,24424.8324,854441.1315,461333.2224,16.81,13.75,1.054
605507,国邦医药,化学制药,浙江,20210802,605507.SH,20240307,15.38,15.48,15.23,15.28,15.37,-0.09,-0.5856,16237.0,24929.777,0.5381,0.6648,0.66,9.2722,12.3946,1.1683,1.4926,1.5083,3.9267,3.9267,55882.35,30172.2186,24424.8324,853882.308,461031.5002,16.91,13.83,1.054
605507,国邦医药,化学制药,浙江,20210802,605507.SH,20240306,15.45,15.62,15.22,15.37,15.46,-0.09,-0.5821,19740.02,30417.274,0.6542,0.8082,0.66,9.3268,12.4676,1.1751,1.5014,1.5172,3.9037,3.9037,55882.35,30172.2186,24424.8324,858911.7195,463746.9999,17.01,13.91,1.054
605507,国邦医药,化学制药,浙江,20210802,605507.SH,20240305,15.72,15.73,15.38,15.46,15.8,-0.34,-2.1519,27151.1,42083.744,0.8999,1.1116,0.92,9.3814,12.5406,1.182,1.5101,1.5261,3.881,3.881,55882.35,30172.2186,24424.8324,863941.131,466462.4996,17.38,14.22,1.054
605507,国邦医药,化学制药,浙江,20210802,605507.SH,20240304,15.8,16.06,15.63,15.8,15.79,0.01,0.0633,30751.22,48460.776,1.0192,1.259,1.0,9.5878,12.8164,1.208,1.5434,1.5597,3.7975,3.7975,55882.35,30172.2186,24424.8324,882941.13,476721.0539,17.37,14.21,1.054
605507,国邦医药,化学制药,浙江,20210802,605507.SH,20240301,15.89,15.92,15.7,15.79,15.83,-0.04,-0.2527,18403.58,29033.802,0.61,0.7535,0.55,9.5817,12.8083,1.2072,1.5424,1.5587,3.7999,3.7999,55882.35,30172.2186,24424.8324,882382.3065,476419.3317,17.41,14.25,1.054
605507,国邦医药,化学制药,浙江,20210802,605507.SH,20240229,15.57,15.93,15.52,15.83,15.61,0.22,1.4094,27578.3,43421.633,0.914,1.1291,0.85,9.606,12.8408,1.2103,1.5463,1.5626,3.7903,3.7903,55882.35,30172.2186,24424.8324,884617.6005,477626.2204,17.17,14.05,1.054
605507,国邦医药,化学制药,浙江,20210802,605507.SH,20240228,16.01,16.46,15.6,15.61,16.01,-0.4,-2.4984,45247.18,72582.813,1.4996,1.8525,1.53,9.4725,12.6623,1.1935,1.5248,1.5409,3.8437,3.8437,55882.35,30172.2186,24424.8324,872323.4835,470988.3323,17.61,14.41,1.054
605507,国邦医药,化学制药,浙江,20210802,605507.SH,20240227,15.83,16.02,15.77,16.01,15.9,0.11,0.6918,26118.58,41513.461,0.8656,1.0693,0.9,9.7152,12.9868,1.2241,1.5639,1.5804,3.7477,3.7477,55882.35,30172.2186,24424.8324,894676.4235,483057.2198,17.49,14.31,1.054
605507,国邦医药,化学制药,浙江,20210802,605507.SH,20240226,15.66,16.05,15.57,15.9,15.7,0.2,1.2739,37144.88,58590.72,1.2311,1.5208,1.31,9.6484,12.8976,1.2157,1.5531,1.5695,3.7736,3.7736,55882.35,30172.2186,24424.8324,888529.365,479738.2757,17.27,14.13,1.054
605507,国邦医药,化学制药,浙江,20210802,605507.SH,20240223,15.57,15.71,15.45,15.7,15.58,0.12,0.7702,31016.0,48356.004,1.028,1.2699,0.97,9.5271,12.7353,1.2004,1.5336,1.5498,3.8217,3.8217,55882.35,30172.2186,24424.8324,877352.895,473703.832,17.14,14.02,1.054
605507,国邦医药,化学制药,浙江,20210802,605507.SH,20240222,15.55,15.68,15.46,15.58,15.55,0.03,0.1929,23202.9,36090.117,0.769,0.95,0.63,9.4543,12.638,1.1912,1.5219,1.538,3.8511,3.8511,55882.35,30172.2186,24424.8324,870647.013,470083.1658,17.11,14.0,1.054
605507,国邦医药,化学制药,浙江,20210802,605507.SH,20240221,15.48,15.92,15.35,15.55,15.58,-0.03,-0.1926,30740.0,48248.795,1.0188,1.2586,0.78,9.4361,12.6136,1.1889,1.5189,1.535,3.8585,3.8585,55882.35,30172.2186,24424.8324,868970.5425,469177.9992,17.14,14.02,1.054
605507,国邦医药,化学制药,浙江,20210802,605507.SH,20240220,15.48,15.7,15.37,15.58,15.51,0.07,0.4513,22331.1,34704.115,0.7401,0.9143,0.5,9.4543,12.638,1.1912,1.5219,1.538,3.8511,3.8511,55882.35,30172.2186,24424.8324,870647.013,470083.1658,17.06,13.96,1.054
605507,国邦医药,化学制药,浙江,20210802,605507.SH,20240219,15.93,15.93,15.33,15.51,15.73,-0.22,-1.3986,34506.11,53721.259,1.1436,1.4127,0.77,9.4118,12.5812,1.1858,1.515,1.531,3.8685,3.8685,55882.35,30172.2186,24424.8324,866735.2485,467971.1105,17.3,14.16,1.054
605507,国邦医药,化学制药,浙江,20210802,605507.SH,20240208,15.22,15.99,15.05,15.73,15.21,0.52,3.4188,48884.67,77016.405,1.6202,2.0014,1.24,9.5453,12.7597,1.2027,1.5365,1.5528,3.8144,3.8144,55882.35,30172.2186,24424.8324,879029.3655,474608.9986,16.73,13.69,1.054
605507,国邦医药,化学制药,浙江,20210802,605507.SH,20240207,14.52,15.39,14.52,15.21,14.66,0.55,3.7517,47548.6,71936.456,1.5759,1.9467,1.36,9.2297,12.3379,1.1629,1.4857,1.5014,3.9448,3.9448,55882.35,30172.2186,24424.8324,849970.5435,458919.4449,16.13,13.19,1.054
605507,国邦医药,化学制药,浙江,20210802,605507.SH,20240206,13.49,14.71,13.13,14.66,13.47,1.19,8.8344,43505.3,61035.162,1.4419,1.7812,1.41,8.896,11.8917,1.1209,1.432,1.4471,4.0928,4.0928,55882.35,30172.2186,24424.8324,819235.251,442324.7247,14.82,12.12,1.054
605507,国邦医药,化学制药,浙江,20210802,605507.SH,20240205,13.88,13.89,13.01,13.47,14.06,-0.59,-4.1963,49197.59,66206.753,1.6306,2.0142,1.88,8.1739,10.9264,1.0299,1.3158,1.3297,4.4543,4.4543,55882.35,30172.2186,24424.8324,752735.2545,406419.7845,15.47,12.65,1.054
605507,国邦医药,化学制药,浙江,20210802,605507.SH,20240202,14.46,14.65,13.67,14.06,14.51,-0.45,-3.1013,35745.58,50994.831,1.1847,1.4635,1.58,8.5319,11.405,1.075,1.3734,1.3879,4.2674,4.2674,55882.35,30172.2186,24424.8324,785705.841,424221.3935,15.96,13.06,1.054
605507,国邦医药,化学制药,浙江,20210802,605507.SH,20240201,14.52,14.89,14.29,14.51,14.62,-0.11,-0.7524,21652.8,31499.975,0.7176,1.0423,0.92,8.805,11.77,1.1094,1.4173,1.4323,4.1351,4.1351,55882.35,30172.2186,20773.4362,810852.8985,437798.8919,16.08,13.16,1.054
605507,国邦医药,化学制药,浙江,20210802,605507.SH,20240131,15.03,15.24,14.52,14.62,15.13,-0.51,-3.3708,24894.98,36889.58,0.8251,1.1984,1.07,8.8717,11.8593,1.1178,1.4281,1.4432,4.104,4.104,55882.35,30172.2186,20773.4362,816999.957,441117.8359,16.64,13.62,1.054
605507,国邦医药,化学制药,浙江,20210802,605507.SH,20240130,15.55,15.55,15.1,15.13,15.71,-0.58,-3.6919,22390.5,34301.399,0.7421,1.0778,0.97,9.1812,12.273,1.1568,1.4779,1.4935,3.9656,3.9656,55882.35,30172.2186,20773.4362,845499.9555,456505.6674,17.28,14.14,1.054
605507,国邦医药,化学制药,浙江,20210802,605507.SH,20240129,15.8,16.27,15.66,15.71,15.77,-0.06,-0.3805,25941.23,41211.543,0.8598,1.2488,1.16,9.5331,12.7434,1.2011,1.5346,1.5508,3.8192,3.8192,55882.35,30172.2186,20773.4362,877911.7185,474005.5542,17.35,14.19,1.054
605507,国邦医药,化学制药,浙江,20210802,605507.SH,20240126,15.79,16.0,15.7,15.77,15.87,-0.1,-0.6301,18420.52,29219.148,0.6105,0.8867,0.83,9.5696,12.7921,1.2057,1.5404,1.5567,3.8047,3.8047,55882.35,30172.2186,20773.4362,881264.6595,475815.8873,17.46,14.28,1.054
605507,国邦医药,化学制药,浙江,20210802,605507.SH,20240125,15.37,15.89,15.29,15.87,15.37,0.5,3.2531,25409.0,39715.254,0.8421,1.2231,1.11,9.6302,12.8732,1.2134,1.5502,1.5666,3.7807,3.7807,55882.35,30172.2186,20773.4362,886852.8945,478833.1092,16.91,13.83,1.054
605507,国邦医药,化学制药,浙江,20210802,605507.SH,20240124,15.58,15.62,14.9,15.37,15.37,0.0,0.0,23837.12,36383.73,0.79,1.1475,1.1,9.3268,12.4676,1.1751,1.5014,1.5172,3.9037,3.9037,55882.35,30172.2186,20773.4362,858911.7195,463746.9999,16.91,13.83,1.054
605507,国邦医药,化学制药,浙江,20210802,605507.SH,20240123,15.15,15.45,15.08,15.37,15.12,0.25,1.6534,21347.43,32610.378,0.7075,1.0276,1.01,9.3268,12.4676,1.1751,1.5014,1.5172,3.9037,3.9037,55882.35,30172.2186,20773.4362,858911.7195,463746.9999,16.63,13.61,1.054
605507,国邦医药,化学制药,浙江,20210802,605507.SH,20240122,15.97,15.99,15.01,15.12,15.96,-0.84,-5.2632,23016.93,35696.269,0.7629,1.108,1.18,9.1751,12.2648,1.156,1.4769,1.4926,3.9683,3.9683,55882.35,30172.2186,20773.4362,844941.132,456203.9452,17.56,14.36,1.054
605507,国邦医药,化学制药,浙江,20210802,605507.SH,20240119,15.86,16.17,15.83,15.96,15.92,0.04,0.2513,17297.0,27671.707,0.5733,0.8326,0.9,9.6849,12.9462,1.2202,1.559,1.5755,3.7594,3.7594,55882.35,30172.2186,20773.4362,891882.306,481548.6089,17.51,14.33,1.054
605507,国邦医药,化学制药,浙江,20210802,605507.SH,20240118,16.2,16.3,15.6,15.92,16.25,-0.33,-2.0308,28905.91,45798.47,0.958,1.3915,1.78,9.6606,12.9138,1.2172,1.5551,1.5715,3.7688,3.7688,55882.35,30172.2186,20773.4362,889647.012,480341.7201,17.88,14.63,1.054
605507,国邦医药,化学制药,浙江,20210802,605507.SH,20240117,16.66,16.7,16.24,16.25,16.69,-0.44,-2.6363,17903.0,29516.032,0.5934,0.8618,1.19,9.8608,13.1815,1.2424,1.5873,1.6041,3.6923,3.6923,55882.35,30172.2186,20773.4362,908088.1875,490298.5523,18.36,15.02,1.054
605507,国邦医药,化学制药,浙江,20210802,605507.SH,20240116,16.86,16.95,16.53,16.69,16.88,-0.19,-1.1256,18281.44,30540.377,0.6059,0.88,1.23,10.1278,13.5384,1.2761,1.6303,1.6475,3.595,3.595,55882.35,30172.2186,20773.4362,932676.4215,503574.3284,18.57,15.19,1.054
605507,国邦医药,化学制药,浙江,20210802,605507.SH,20240115,16.96,17.01,16.77,16.88,17.01,-0.13,-0.7643,15547.46,26263.086,0.5153,0.7484,1.07,10.2431,13.6925,1.2906,1.6488,1.6663,3.5545,3.5545,55882.35,30172.2186,20773.4362,943294.068,509307.05,18.71,15.31,1.054
605507,国邦医药,化学制药,浙江,20210802,605507.SH,20240112,17.17,17.29,17.0,17.01,17.22,-0.21,-1.2195,15312.5,26223.976,0.5075,0.7371,1.08,10.322,13.798,1.3005,1.6615,1.6791,3.5273,3.5273,55882.35,30172.2186,20773.4362,950558.7735,513229.4384,18.94,15.5,1.054
605507,国邦医药,化学制药,浙江,20210802,605507.SH,20240111,17.11,17.25,17.0,17.22,17.07,0.15,0.8787,14083.5,24150.414,0.4668,0.678,0.97,10.4494,13.9683,1.3166,1.6821,1.6998,3.4843,3.4843,55882.35,30172.2186,20773.4362,962294.067,519565.6043,18.78,15.36,1.054
605507,国邦医药,化学制药,浙江,20210802,605507.SH,20240110,17.09,17.2,16.87,17.07,17.09,-0.02,-0.117,11859.64,20241.682,0.3931,0.5709,0.77,10.3584,13.8466,1.3051,1.6674,1.685,3.5149,3.5149,55882.35,30172.2186,20773.4362,953911.7145,515039.7715,18.8,15.38,1.054
605507,国邦医药,化学制药,浙江,20210802,605507.SH,20240109,17.03,17.26,16.93,17.09,17.0,0.09,0.5294,17419.0,29722.465,0.5773,0.8385,1.18,10.3706,13.8628,1.3066,1.6694,1.687,3.5108,3.5108,55882.35,30172.2186,20773.4362,955029.3615,515643.2159,18.7,15.3,1.054
605507,国邦医药,化学制药,浙江,20210802,605507.SH,20240108,17.35,17.36,17.0,17.0,17.41,-0.41,-2.355,14155.0,24263.033,0.4691,0.6814,0.95,10.3159,13.7898,1.2998,1.6606,1.6781,3.5294,3.5294,55882.35,30172.2186,20773.4362,949999.95,512927.7162,19.15,15.67,1.054
605507,国邦医药,化学制药,浙江,20210802,605507.SH,20240105,17.62,17.68,17.33,17.41,17.66,-0.25,-1.4156,13048.59,22840.816,0.4325,0.6281,0.82,10.5647,14.1224,1.3311,1.7006,1.7186,3.4463,3.4463,55882.35,30172.2186,20773.4362,972911.7135,525298.3258,19.43,15.89,1.054
605507,国邦医药,化学制药,浙江,20210802,605507.SH,20240104,17.84,17.84,17.5,17.66,17.81,-0.15,-0.8422,16179.05,28500.588,0.5362,0.7788,1.06,10.7164,14.3252,1.3502,1.725,1.7433,3.3975,3.3975,55882.35,30172.2186,20773.4362,986882.301,532841.3805,19.59,16.03,1.054
605507,国邦医药,化学制药,浙江,20210802,605507.SH,20240103,17.64,17.89,17.59,17.81,17.64,0.17,0.9637,15940.41,28326.47,0.5283,0.7673,1.08,10.8075,14.4469,1.3617,1.7397,1.7581,3.3689,3.3689,55882.35,30172.2186,20773.4362,995264.6535,537367.2133,19.4,15.88,1.054
605507,国邦医药,化学制药,浙江,20210802,605507.SH,20240102,17.61,17.74,17.53,17.64,17.56,0.08,0.4556,14559.05,25722.942,0.4825,0.7008,0.71,10.7043,14.309,1.3487,1.7231,1.7413,3.4014,3.4014,55882.35,30172.2186,20773.4362,985764.654,532237.9361,19.32,15.8,1.054
605507,国邦医药,化学制药,浙江,20210802,605507.SH,20231229,17.33,17.59,17.27,17.56,17.33,0.23,1.3272,14479.0,25334.214,0.4799,0.697,0.73,10.6558,14.2441,1.3426,1.7153,1.7334,1.139,3.4169,55882.35,30172.2186,20773.4362,981294.066,529824.1586,19.06,15.6,1.054
605507,国邦医药,化学制药,浙江,20210802,605507.SH,20231228,17.08,17.41,16.99,17.33,17.08,0.25,1.4637,18232.44,31411.575,0.6043,0.8777,0.95,10.5162,14.0575,1.325,1.6928,1.7107,1.1541,3.4622,55882.35,30172.2186,20773.4362,968441.1255,522884.5483,18.79,15.37,1.054
605507,国邦医药,化学制药,浙江,20210802,605507.SH,20231227,16.88,17.09,16.78,17.08,16.88,0.2,1.1848,13332.0,22615.772,0.4419,0.6418,0.69,10.3645,13.8547,1.3059,1.6684,1.686,1.171,3.5129,55882.35,30172.2186,20773.4362,954470.538,515341.4937,18.57,15.19,1.054
605507,国邦医药,化学制药,浙江,20210802,605507.SH,20231226,16.93,17.08,16.86,16.88,16.98,-0.1,-0.5889,13255.38,22435.522,0.4393,0.6381,0.62,10.2431,13.6925,1.2906,1.6488,1.6663,1.1848,3.5545,55882.35,30172.2186,20773.4362,943294.068,509307.05,18.68,15.28,1.054
605507,国邦医药,化学制药,浙江,20210802,605507.SH,20231225,17.44,17.68,16.81,16.98,17.91,-0.93,-5.1926,42851.44,73178.72,1.4202,2.0628,2.51,10.3038,13.7736,1.2982,1.6586,1.6762,1.1779,3.5336,55882.35,30172.2186,20773.4362,948882.303,512324.2718,19.7,16.12,1.054
605507,国邦医药,化学制药,浙江,20210802,605507.SH,20231222,18.03,18.03,17.83,17.91,18.03,-0.12,-0.6656,11014.34,19730.05,0.365,0.5302,0.57,10.8682,14.528,1.3693,1.7495,1.768,1.1167,3.3501,55882.35,30172.2186,20773.4362,1000852.8885,540384.4351,19.83,16.23,1.054
605507,国邦医药,化学制药,浙江,20210802,605507.SH,20231221,17.83,18.04,17.59,18.03,17.85,0.18,1.0084,15843.1,28276.01,0.5251,0.7627,0.83,10.941,14.6253,1.3785,1.7612,1.7798,1.1093,3.3278,55882.35,30172.2186,20773.4362,1007558.7705,544005.1014,19.64,16.07,1.054
605507,国邦医药,化学制药,浙江,20210802,605507.SH,20231220,17.87,18.0,17.81,17.85,17.87,-0.02,-0.1119,13089.25,23451.383,0.4338,0.6301,0.65,10.8317,14.4793,1.3647,1.7436,1.762,1.1204,3.3613,55882.35,30172.2186,20773.4362,997499.9475,538574.102,19.66,16.08,1.054
605507,国邦医药,化学制药,浙江,20210802,605507.SH,20231219,18.09,18.15,17.76,17.87,18.14,-0.27,-1.4884,23356.02,41743.598,0.7741,1.1243,1.28,10.8439,14.4956,1.3663,1.7456,1.764,1.1192,3.3576,55882.35,30172.2186,20773.4362,998617.5945,539177.5464,19.95,16.33,1.054
605507,国邦医药,化学制药,浙江,20210802,605507.SH,20231218,18.42,18.49,18.08,18.14,18.51,-0.37,-1.9989,22147.24,40476.784,0.734,1.0661,1.24,11.0077,14.7146,1.3869,1.7719,1.7907,1.1025,3.3076,55882.35,30172.2186,20773.4362,1013705.829,547324.0454,20.36,16.66,1.054
605507,国邦医药,化学制药,浙江,20210802,605507.SH,20231215,18.82,18.88,18.46,18.51,18.81,-0.3,-1.5949,22946.0,42681.591,0.7605,1.1046,1.32,11.2322,15.0147,1.4152,1.8081,1.8272,1.0805,3.2415,55882.35,30172.2186,20773.4362,1034382.2985,558487.7663,20.69,16.93,1.054
605507,国邦医药,化学制药,浙江,20210802,605507.SH,20231214,18.88,19.08,18.8,18.81,18.93,-0.12,-0.6339,13653.58,25814.383,0.4525,0.6573,0.76,11.4143,15.2581,1.4381,1.8374,1.8568,1.0633,3.1898,55882.35,30172.2186,20773.4362,1051147.0035,567539.4319,20.82,17.04,1.054
605507,国邦医药,化学制药,浙江,20210802,605507.SH,20231213,18.78,19.19,18.76,18.93,18.87,0.06,0.318,18101.99,34455.547,0.6,0.8714,1.0,11.4871,15.3554,1.4473,1.8491,1.8687,1.0565,3.1696,55882.35,30172.2186,20773.4362,1057852.8855,571160.0981,20.76,16.98,1.054
605507,国邦医药,化学制药,浙江,20210802,605507.SH,20231212,18.83,18.96,18.73,18.87,18.83,0.04,0.2124,14187.12,26758.114,0.4702,0.6829,0.71,11.4507,15.3067,1.4427,1.8432,1.8627,1.0599,3.1797,55882.35,30172.2186,20773.4362,1054499.9445,569349.765,20.71,16.95,1.054
605507,国邦医药,化学制药,浙江,20210802,605507.SH,20231211,18.82,18.85,18.51,18.83,18.89,-0.06,-0.3176,20731.0,38732.614,0.6871,0.998,1.06,11.4264,15.2743,1.4397,1.8393,1.8588,1.0621,3.1864,55882.35,30172.2186,20773.4362,1052264.6505,568142.8762,20.78,17.0,1.054
605507,国邦医药,化学制药,浙江,20210802,605507.SH,20231208,19.09,19.09,18.88,18.89,19.05,-0.16,-0.8399,20123.23,38157.529,0.6669,0.9687,1.07,11.4628,15.3229,1.4443,1.8452,1.8647,1.0588,3.1763,55882.35,30172.2186,20773.4362,1055617.5915,569953.2094,20.96,17.15,1.054
605507,国邦医药,化学制药,浙江,20210802,605507.SH,20231207,19.23,19.23,19.03,19.05,19.23,-0.18,-0.936,16943.58,32337.456,0.5616,0.8156,0.9,11.5599,15.4527,1.4565,1.8608,1.8805,1.0499,3.1496,55882.35,30172.2186,20773.4362,1064558.7675,574780.7643,21.15,17.31,1.054
605507,国邦医药,化学制药,浙江,20210802,605507.SH,20231206,19.1,19.4,18.95,19.23,19.08,0.15,0.7862,18438.58,35366.88,0.6111,0.8876,0.94,11.6692,15.5987,1.4703,1.8784,1.8983,1.04,3.1201,55882.35,30172.2186,20773.4362,1074617.5905,580211.7637,20.99,17.17,1.054
605507,国邦医药,化学制药,浙江,20210802,605507.SH,20231205,19.21,19.31,19.06,19.08,19.31,-0.23,-1.1911,23185.0,44417.052,0.7684,1.1161,1.02,11.5781,15.4771,1.4588,1.8637,1.8835,1.0482,3.1447,55882.35,30172.2186,20773.4362,1066235.238,575685.9309,21.24,17.38,1.054
605507,国邦医药,化学制药,浙江,20210802,605507.SH,20231204,19.43,19.55,19.15,19.31,19.47,-0.16,-0.8218,19558.0,37806.821,0.6482,0.9415,0.67,11.7177,15.6636,1.4764,1.8862,1.9062,1.0357,3.1072,55882.35,30172.2186,20773.4362,1079088.1785,582625.5412,21.42,17.52,1.054
605507,国邦医药,化学制药,浙江,20210802,605507.SH,20231201,19.52,19.6,19.37,19.47,19.5,-0.03,-0.1538,16127.0,31414.133,0.5345,0.7763,0.4,11.8148,15.7934,1.4886,1.9018,1.922,1.0272,3.0817,55882.35,30172.2186,20773.4362,1088029.3545,587453.0961,21.45,17.55,1.054
605507,国邦医药,化学制药,浙江,20210802,605507.SH,20231130,19.48,19.57,19.32,19.5,19.49,0.01,0.0513,17241.0,33508.733,0.5714,0.83,0.39,11.833,15.8178,1.4909,1.9048,1.9249,1.0256,3.0769,55882.35,30172.2186,20773.4362,1089705.825,588358.2627,21.44,17.54,1.054
605507,国邦医药,化学制药,浙江,20210802,605507.SH,20231129,19.78,19.82,19.46,19.49,19.82,-0.33,-1.665,22134.23,43400.412,0.7336,1.0655,0.52,11.8269,15.8096,1.4901,1.9038,1.9239,1.0262,3.0785,55882.35,30172.2186,20773.4362,1089147.0015,588056.5405,21.8,17.84,1.054
605507,国邦医药,化学制药,浙江,20210802,605507.SH,20231128,19.7,19.95,19.21,19.82,19.6,0.22,1.1224,38905.23,76369.084,1.2894,1.8728,0.99,12.0272,16.0773,1.5154,1.936,1.9565,1.0091,3.0272,55882.35,30172.2186,20773.4362,1107588.177,598013.3727,21.56,17.64,1.054
605507,国邦医药,化学制药,浙江,20210802,605507.SH,20231127,20.16,20.43,19.59,19.6,20.2,-0.6,-2.9703,51966.22,103058.878,1.7223,2.5016,1.55,11.8937,15.8989,1.4985,1.9145,1.9348,1.0204,3.0612,55882.35,30172.2186,20773.4362,1095294.06,591375.4846,22.22,18.18,1.054
605507,国邦医药,化学制药,浙江,20210802,605507.SH,20231124,19.9,20.52,19.86,20.2,19.77,0.43,2.175,72205.45,146142.721,2.3931,3.4759,3.04,12.2578,16.3856,1.5444,1.9731,1.994,0.9901,2.9703,55882.35,30172.2186,20773.4362,1128823.47,609478.8157,21.75,17.79,1.054
605507,国邦医药,化学制药,浙江,20210802,605507.SH,20231123,19.55,19.78,19.5,19.77,19.41,0.36,1.8547,33672.02,66293.821,1.116,1.6209,1.61,11.9968,16.0368,1.5115,1.9311,1.9516,1.0116,3.0349,55882.35,30172.2186,20773.4362,1104794.0595,596504.7617,21.35,17.47,1.054
605507,国邦医药,化学制药,浙江,20210802,605507.SH,20231122,19.49,19.57,19.4,19.41,19.51,-0.1,-0.5126,14990.0,29185.107,0.4968,0.7216,0.68,11.7784,15.7448,1.484,1.896,1.916,1.0304,3.0912,55882.35,30172.2186,20773.4362,1084676.4135,585642.763,21.46,17.56,1.054
605507,国邦医药,化学制药,浙江,20210802,605507.SH,20231121,19.45,19.6,19.4,19.51,19.42,0.09,0.4634,22678.79,44263.56,0.7516,1.0917,1.14,11.8391,15.8259,1.4917,1.9057,1.9259,1.0251,3.0753,55882.35,30172.2186,20773.4362,1090264.6485,588659.9849,21.36,17.48,1.054
605507,国邦医药,化学制药,浙江,20210802,605507.SH,20231120,19.31,19.52,19.28,19.42,19.34,0.08,0.4137,24459.02,47472.532,0.8106,1.1774,1.26,11.7845,15.7529,1.4848,1.897,1.917,1.0299,3.0896,55882.35,30172.2186,20773.4362,1085235.237,585944.4852,21.27,17.41,1.054
605507,国邦医药,化学制药,浙江,20210802,605507.SH,20231117,19.08,19.37,19.04,19.34,19.12,0.22,1.1506,22860.0,43890.106,0.7577,1.1004,1.23,11.7359,15.688,1.4787,1.8891,1.9091,1.0341,3.1024,55882.35,30172.2186,20773.4362,1080764.649,583530.7077,21.03,17.21,1.054
605507,国邦医药,化学制药,浙江,20210802,605507.SH,20231116,19.33,19.42,19.09,19.12,19.34,-0.22,-1.1375,19475.0,37402.79,0.6455,0.9375,1.01,11.6024,15.5095,1.4618,1.8677,1.8874,1.046,3.1381,55882.35,30172.2186,20773.4362,1068470.532,576892.8196,21.27,17.41,1.054
605507,国邦医药,化学制药,浙江,20210802,605507.SH,20231115,19.38,19.55,19.32,19.34,19.3,0.04,0.2073,20859.12,40445.921,0.6913,1.0041,1.12,11.7359,15.688,1.4787,1.8891,1.9091,1.0341,3.1024,55882.35,30172.2186,20773.4362,1080764.649,583530.7077,21.23,17.37,1.054
605507,国邦医药,化学制药,浙江,20210802,605507.SH,20231114,19.27,19.47,19.22,19.3,19.31,-0.01,-0.0518,12139.68,23429.247,0.4023,0.5844,0.63,11.7116,15.6555,1.4756,1.8852,1.9052,1.0363,3.1088,55882.35,30172.2186,20773.4362,1078529.355,582323.819,21.24,17.38,1.054
605507,国邦医药,化学制药,浙江,20210802,605507.SH,20231113,19.52,19.69,19.09,19.31,19.49,-0.18,-0.9236,21836.0,42054.31,0.7237,1.0512,1.15,11.7177,15.6636,1.4764,1.8862,1.9062,1.0357,3.1072,55882.35,30172.2186,20773.4362,1079088.1785,582625.5412,21.44,17.54,1.054
605507,国邦医药,化学制药,浙江,20210802,605507.SH,20231110,19.47,19.72,19.31,19.49,19.53,-0.04,-0.2048,18770.0,36652.376,0.6221,0.9036,1.05,11.8269,15.8096,1.4901,1.9038,1.9239,1.0262,3.0785,55882.35,30172.2186,20773.4362,1089147.0015,588056.5405,21.48,17.58,1.054
605507,国邦医药,化学制药,浙江,20210802,605507.SH,20231109,19.66,19.87,19.45,19.53,19.75,-0.22,-1.1139,22525.12,44106.965,0.7466,1.0843,1.5,11.8512,15.8421,1.4932,1.9077,1.9279,1.0241,3.0722,55882.35,30172.2186,20773.4362,1091382.2955,589263.4293,21.73,17.78,1.054
605507,国邦医药,化学制药,浙江,20210802,605507.SH,20231108,19.84,19.99,19.66,19.75,19.84,-0.09,-0.4536,18168.0,36018.49,0.6021,0.8746,1.29,11.9847,16.0206,1.51,1.9292,1.9496,1.0127,3.038,55882.35,30172.2186,20773.4362,1103676.4125,595901.3174,21.82,17.86,1.054
605507,国邦医药,化学制药,浙江,20210802,605507.SH,20231107,20.07,20.08,19.82,19.84,20.02,-0.18,-0.8991,15052.0,29961.867,0.4989,0.7246,1.09,12.0393,16.0936,1.5169,1.938,1.9585,1.0081,3.0242,55882.35,30172.2186,20773.4362,1108705.824,598616.817,22.02,18.02,1.054
605507,国邦医药,化学制药,浙江,20210802,605507.SH,20231106,19.7,20.06,19.7,20.02,19.64,0.38,1.9348,20229.0,40310.347,0.6705,0.9738,1.59,12.1485,16.2396,1.5307,1.9556,1.9762,0.999,2.997,55882.35,30172.2186,20773.4362,1118764.647,604047.8164,21.6,17.68,1.054
605507,国邦医药,化学制药,浙江,20210802,605507.SH,20231103,19.7,19.94,19.64,19.64,19.8,-0.16,-0.8081,13303.1,26277.002,0.4409,0.6404,0.87,11.918,15.9313,1.5016,1.9184,1.9387,1.0183,3.055,55882.35,30172.2186,20773.4362,1097529.354,592582.3733,21.78,17.82,1.054
605507,国邦医药,化学制药,浙江,20210802,605507.SH,20231102,19.96,19.97,19.73,19.8,19.88,-0.08,-0.4024,8441.0,16740.444,0.2798,0.4063,0.51,12.015,16.0611,1.5138,1.9341,1.9545,1.0101,3.0303,55882.35,30172.2186,20773.4362,1106470.53,597409.9283,21.87,17.89,1.054
605507,国邦医药,化学制药,浙江,20210802,605507.SH,20231101,20.0,20.01,19.57,19.88,19.9,-0.02,-0.1005,13394.0,26442.027,0.4439,0.6448,0.81,12.0636,16.126,1.52,1.9419,1.9624,1.006,3.0181,55882.35,30172.2186,20773.4362,1110941.118,599823.7058,21.89,17.91,1.054
605507,国邦医药,化学制药,浙江,20210802,605507.SH,20231031,19.88,19.99,19.78,19.9,19.85,0.05,0.2519,13879.0,27612.411,0.46,0.6681,0.8,12.0757,16.1422,1.5215,1.9438,1.9644,1.005,3.0151,55882.35,30172.2186,20773.4362,1112058.765,600427.1501,21.84,17.87,1.054
605507,国邦医药,化学制药,浙江,20210802,605507.SH,20231030,19.54,19.96,19.52,19.85,19.58,0.27,1.379,14528.0,28816.773,0.4815,0.6994,0.82,12.0454,16.1017,1.5177,1.939,1.9595,1.0076,3.0227,55882.35,30172.2186,20773.4362,1109264.6475,598918.5392,21.54,17.62,1.054
605507,国邦医药,化学制药,浙江,20210802,605507.SH,20231027,18.94,19.66,18.81,19.58,18.95,0.63,3.3245,26535.62,51368.835,0.8795,1.2774,1.69,11.8815,15.8827,1.497,1.9126,1.9328,1.0215,3.0644,55882.35,30172.2186,20773.4362,1094176.413,590772.0402,20.85,17.06,1.054
605507,国邦医药,化学制药,浙江,20210802,605507.SH,20231026,19.02,19.06,18.81,18.95,19.04,-0.09,-0.4727,13638.9,25756.365,0.452,0.6566,0.7,11.4992,15.3716,1.4489,1.851,1.8706,1.0554,3.1662,55882.35,30172.2186,20773.4362,1058970.5325,571763.5425,20.94,17.14,1.054
605507,国邦医药,化学制药,浙江,20210802,605507.SH,20231025,19.19,19.28,19.03,19.04,19.12,-0.08,-0.4184,14382.0,27527.903,0.4767,0.6923,0.68,11.5539,15.4446,1.4557,1.8598,1.8795,1.0504,3.1513,55882.35,30172.2186,20773.4362,1063999.944,574479.0421,21.03,17.21,1.054
605507,国邦医药,化学制药,浙江,20210802,605507.SH,20231024,18.72,19.34,18.68,19.12,18.75,0.37,1.9733,17328.0,33015.678,0.5743,0.8341,0.83,11.6024,15.5095,1.4618,1.8677,1.8874,1.046,3.1381,55882.35,30172.2186,20773.4362,1068470.532,576892.8196,20.63,16.88,1.054
605507,国邦医药,化学制药,浙江,20210802,605507.SH,20231023,19.04,19.14,18.71,18.75,18.98,-0.23,-1.2118,16355.0,30908.178,0.5421,0.7873,0.74,11.3779,15.2094,1.4336,1.8315,1.8509,1.0667,3.2,55882.35,30172.2186,20773.4362,1047794.0625,565729.0988,20.88,17.08,1.054
605507,国邦医药,化学制药,浙江,20210802,605507.SH,20231020,19.15,19.15,18.92,18.98,19.16,-0.18,-0.9395,16801.0,31930.938,0.5568,0.8088,0.71,11.5175,15.396,1.4511,1.854,1.8736,1.0537,3.1612,55882.35,30172.2186,20773.4362,1060647.003,572668.709,21.08,17.24,1.054
605507,国邦医药,化学制药,浙江,20210802,605507.SH,20231019,19.77,19.77,18.89,19.16,20.06,-0.9,-4.4865,32904.88,63107.263,1.0906,1.584,1.69,11.6267,15.542,1.4649,1.8716,1.8914,1.0438,3.1315,55882.35,30172.2186,20773.4362,1070705.826,578099.7084,22.07,18.05,1.054
605507,国邦医药,化学制药,浙江,20210802,605507.SH,20231018,20.76,20.8,20.03,20.06,20.74,-0.68,-3.2787,21867.78,44297.438,0.7248,1.0806,1.17,12.1728,14.3106,1.5618,1.9595,1.9237,0.997,2.991,55882.35,30172.2186,20236.6418,1120999.941,605254.7051,22.81,18.67,1.054
605507,国邦医药,化学制药,浙江,20210802,605507.SH,20231017,21.02,21.07,20.6,20.74,21.02,-0.28,-1.3321,16573.0,34397.635,0.5493,0.819,0.96,12.5855,14.7957,1.6148,2.0259,1.989,0.9643,2.893,55882.35,30172.2186,20236.6418,1158999.939,625771.8138,23.12,18.92,1.054
605507,国邦医药,化学制药,浙江,20210802,605507.SH,20231016,21.15,21.27,20.95,21.02,21.1,-0.08,-0.3791,22710.0,47920.96,0.7527,1.1222,1.56,12.7554,14.9954,1.6366,2.0532,2.0158,0.9515,2.8544,55882.35,30172.2186,20236.6418,1174646.997,634220.035,23.21,18.99,1.054
605507,国邦医药,化学制药,浙江,20210802,605507.SH,20231013,20.93,21.17,20.74,21.1,20.87,0.23,1.1021,23734.0,50044.393,0.7866,1.1728,1.93,12.8039,15.0525,1.6428,2.0611,2.0235,0.9479,2.8436,55882.35,30172.2186,20236.6418,1179117.585,636633.8125,22.96,18.78,1.054
605507,国邦医药,化学制药,浙江,20210802,605507.SH,20231012,20.73,21.1,20.72,20.87,20.75,0.12,0.5783,12508.0,26182.29,0.4146,0.6181,0.97,12.6643,14.8884,1.6249,2.0386,2.0014,0.9583,2.8749,55882.35,30172.2186,20236.6418,1166264.6445,629694.2022,22.83,18.68,1.054
605507,国邦医药,化学制药,浙江,20210802,605507.SH,20231011,20.57,21.08,20.57,20.75,20.56,0.19,0.9241,17605.73,36828.043,0.5835,0.87,1.62,12.5915,14.8028,1.6156,2.0269,1.9899,0.9639,2.8916,55882.35,30172.2186,20236.6418,1159558.7625,626073.536,22.62,18.5,1.054
605507,国邦医药,化学制药,浙江,20210802,605507.SH,20231010,20.87,20.91,20.55,20.56,20.79,-0.23,-1.1063,9450.67,19548.04,0.3132,0.467,0.76,12.4762,14.6673,1.6008,2.0083,1.9717,0.9728,2.9183,55882.35,30172.2186,20236.6418,1148941.116,620340.8144,22.87,18.71,1.054
605507,国邦医药,化学制药,浙江,20210802,605507.SH,20231009,21.0,21.0,20.69,20.79,20.95,-0.16,-0.7637,9631.95,20017.005,0.3192,0.476,0.78,12.6158,14.8314,1.6187,2.0308,1.9938,0.962,2.886,55882.35,30172.2186,20236.6418,1161794.0565,627280.4247,23.05,18.86,1.054
605507,国邦医药,化学制药,浙江,20210802,605507.SH,20230928,20.87,21.04,20.84,20.95,20.95,0.0,0.0,12403.0,26000.414,0.4111,0.6129,1.1,12.7129,14.9455,1.6311,2.0464,2.0091,0.9547,2.864,55882.35,30172.2186,20236.6418,1170735.2325,632107.9797,23.05,18.86,1.054
605507,国邦医药,化学制药,浙江,20210802,605507.SH,20230927,20.63,21.06,20.63,20.95,20.71,0.24,1.1589,15633.55,32711.773,0.5181,0.7725,1.58,12.7129,14.9455,1.6311,2.0464,2.0091,0.9547,2.864,55882.35,30172.2186,20236.6418,1170735.2325,632107.9797,22.78,18.64,1.054
605507,国邦医药,化学制药,浙江,20210802,605507.SH,20230926,20.84,20.9,20.68,20.71,20.88,-0.17,-0.8142,7384.0,15343.426,0.2447,0.3649,0.72,12.5673,14.7743,1.6124,2.023,1.9861,0.9657,2.8972,55882.35,30172.2186,20236.6418,1157323.4685,624866.6472,22.97,18.79,1.054
605507,国邦医药,化学制药,浙江,20210802,605507.SH,20230925,20.65,20.92,20.55,20.88,20.63,0.25,1.2118,17433.78,36286.615,0.5778,0.8615,1.26,12.6704,14.8956,1.6257,2.0396,2.0024,0.9579,2.8736,55882.35,30172.2186,20236.6418,1166823.468,629995.9244,22.69,18.57,1.054
605507,国邦医药,化学制药,浙江,20210802,605507.SH,20230922,20.45,20.65,20.3,20.63,20.43,0.2,0.979,8533.78,17495.93,0.2828,0.4217,0.55,12.5187,14.7172,1.6062,2.0152,1.9784,0.9695,2.9084,55882.35,30172.2186,20236.6418,1152852.8805,622452.8697,22.47,18.39,1.054
605507,国邦医药,化学制药,浙江,20210802,605507.SH,20230921,20.53,20.64,20.41,20.43,20.59,-0.16,-0.7771,7484.0,15346.053,0.248,0.3698,0.49,12.3973,14.5745,1.5906,1.9956,1.9592,0.979,2.9369,55882.35,30172.2186,20236.6418,1141676.4105,616418.426,22.65,18.53,1.054
605507,国邦医药,化学制药,浙江,20210802,605507.SH,20230920,20.57,20.79,20.57,20.59,20.63,-0.04,-0.1939,8625.58,17808.053,0.2859,0.4262,0.54,12.4944,14.6887,1.6031,2.0112,1.9746,0.9713,2.914,55882.35,30172.2186,20236.6418,1150617.5865,621245.981,22.69,18.57,1.054
605507,国邦医药,化学制药,浙江,20210802,605507.SH,20230919,20.79,20.84,20.61,20.63,20.78,-0.15,-0.7218,8975.36,18578.714,0.2975,0.4435,0.57,12.5187,14.7172,1.6062,2.0152,1.9784,0.9695,2.9084,55882.35,30172.2186,20236.6418,1152852.8805,622452.8697,22.86,18.7,1.054
605507,国邦医药,化学制药,浙江,20210802,605507.SH,20230918,20.32,20.89,20.3,20.78,20.34,0.44,2.1632,35398.07,73135.244,1.1732,1.7492,3.09,12.6097,14.8242,1.6179,2.0298,1.9928,0.9625,2.8874,55882.35,30172.2186,20236.6418,1161235.233,626978.7025,22.37,18.31,1.054
605507,国邦医药,化学制药,浙江,20210802,605507.SH,20230915,20.21,20.52,20.21,20.34,20.27,0.07,0.3453,16840.82,34376.019,0.5582,0.8322,1.74,12.3427,14.5103,1.5836,1.9868,1.9506,0.9833,2.9499,55882.35,30172.2186,20236.6418,1136646.999,613702.9263,22.3,18.24,1.054
605507,国邦医药,化学制药,浙江,20210802,605507.SH,20230914,20.31,20.39,20.18,20.27,20.31,-0.04,-0.1969,6242.0,12637.862,0.2069,0.3085,0.63,12.3003,14.4604,1.5782,1.98,1.9439,0.9867,2.96,55882.35,30172.2186,20236.6418,1132735.2345,611590.871,22.34,18.28,1.054
605507,国邦医药,化学制药,浙江,20210802,605507.SH,20230913,20.39,20.43,20.19,20.31,20.36,-0.05,-0.2456,11825.0,23987.355,0.3919,0.5843,1.32,12.3245,14.4889,1.5813,1.9839,1.9477,0.9847,2.9542,55882.35,30172.2186,20236.6418,1134970.5285,612797.7598,22.4,18.32,1.054
605507,国邦医药,化学制药,浙江,20210802,605507.SH,20230912,20.3,20.43,20.24,20.36,20.31,0.05,0.2462,8468.0,17238.6,0.2807,0.4184,0.97,12.3549,14.5246,1.5852,1.9888,1.9525,0.9823,2.947,55882.35,30172.2186,20236.6418,1137764.646,614306.3707,22.34,18.28,1.054
605507,国邦医药,化学制药,浙江,20210802,605507.SH,20230911,20.0,20.35,19.92,20.31,19.96,0.35,1.7535,13845.0,28049.217,0.4589,0.6842,1.78,12.3245,14.4889,1.5813,1.9839,1.9477,0.9847,2.9542,55882.35,30172.2186,20236.6418,1134970.5285,612797.7598,21.96,17.96,1.054
605507,国邦医药,化学制药,浙江,20210802,605507.SH,20230908,20.06,20.18,19.94,19.96,20.06,-0.1,-0.4985,7998.1,16018.868,0.2651,0.3952,1.02,12.1121,14.2392,1.5541,1.9497,1.9142,1.002,3.006,55882.35,30172.2186,20236.6418,1115411.706,602237.4833,22.07,18.05,1.054
605507,国邦医药,化学制药,浙江,20210802,605507.SH,20230907,20.2,20.27,20.04,20.06,20.3,-0.24,-1.1823,7668.02,15438.29,0.2541,0.3789,0.95,12.1728,14.3106,1.5618,1.9595,1.9237,0.997,2.991,55882.35,30172.2186,20236.6418,1120999.941,605254.7051,22.33,18.27,1.054
605507,国邦医药,化学制药,浙江,20210802,605507.SH,20230906,20.33,20.37,20.1,20.3,20.29,0.01,0.0493,6791.02,13751.383,0.2251,0.3356,0.73,12.3185,14.4818,1.5805,1.9829,1.9468,0.9852,2.9557,55882.35,30172.2186,20236.6418,1134411.705,612496.0376,22.32,18.26,1.054
605507,国邦医药,化学制药,浙江,20210802,605507.SH,20230905,20.28,20.38,20.26,20.29,20.32,-0.03,-0.1476,7473.1,15166.002,0.2477,0.3693,0.69,12.3124,14.4747,1.5797,1.9819,1.9458,0.9857,2.9571,55882.35,30172.2186,20236.6418,1133852.8815,612194.3154,22.35,18.29,1.054
605507,国邦医药,化学制药,浙江,20210802,605507.SH,20230904,20.28,20.37,20.15,20.32,20.26,0.06,0.2962,9060.0,18358.775,0.3003,0.4477,0.72,12.3306,14.4961,1.5821,1.9849,1.9487,0.9843,2.9528,55882.35,30172.2186,20236.6418,1135529.352,613099.482,22.29,18.23,1.054
605507,国邦医药,化学制药,浙江,20210802,605507.SH,20230901,20.18,20.28,20.11,20.26,20.18,0.08,0.3964,8256.0,16693.105,0.2736,0.408,0.61,12.2942,14.4533,1.5774,1.979,1.9429,0.9872,2.9615,55882.35,30172.2186,20236.6418,1132176.411,611289.1488,22.2,18.16,1.054
605507,国邦医药,化学制药,浙江,20210802,605507.SH,20230831,20.19,20.3,20.01,20.18,20.19,-0.01,-0.0495,8794.07,17677.439,0.2915,0.4346,0.58,12.2456,14.3962,1.5712,1.9712,1.9353,0.9911,2.9732,55882.35,30172.2186,20236.6418,1127705.823,608875.3713,22.21,18.17,1.054
605507,国邦医药,化学制药,浙江,20210802,605507.SH,20230830,20.25,20.38,20.15,20.19,20.3,-0.11,-0.5419,13068.0,26478.013,0.4331,0.6458,0.92,12.2517,14.4033,1.572,1.9722,1.9362,0.9906,2.9718,55882.35,30172.2186,20236.6418,1128264.6465,609177.0935,22.33,18.27,1.054
605507,国邦医药,化学制药,浙江,20210802,605507.SH,20230829,19.82,20.33,19.77,20.3,19.87,0.43,2.1641,14704.02,29659.995,0.4873,0.7266,0.99,12.3185,14.4818,1.5805,1.9829,1.9468,0.9852,2.9557,55882.35,30172.2186,20236.6418,1134411.705,612496.0376,21.86,17.88,1.054
605507,国邦医药,化学制药,浙江,20210802,605507.SH,20230828,20.6,20.72,19.83,19.87,19.73,0.14,0.7096,17818.02,36111.335,0.5905,0.8805,1.31,12.0575,14.175,1.547,1.9409,1.9055,1.0065,3.0196,55882.35,30172.2186,20236.6418,1110382.2945,599521.9836,21.7,17.76,1.054
605507,国邦医药,化学制药,浙江,20210802,605507.SH,20230825,19.9,20.01,19.62,19.73,19.97,-0.24,-1.2018,13715.32,27214.735,0.4546,0.6777,1.03,11.9726,14.0752,1.5361,1.9272,1.8921,1.0137,3.0411,55882.35,30172.2186,20236.6418,1102558.7655,595297.873,21.97,17.97,1.054
605507,国邦医药,化学制药,浙江,20210802,605507.SH,20230824,20.02,20.13,19.92,19.97,20.01,-0.04,-0.1999,16782.04,33562.311,0.5562,0.8293,1.44,12.1182,14.2464,1.5548,1.9507,1.9151,1.0015,3.0045,55882.35,30172.2186,20236.6418,1115970.5295,602539.2054,22.01,18.01,1.054
605507,国邦医药,化学制药,浙江,20210802,605507.SH,20230823,20.26,20.26,20.01,20.01,20.2,-0.19,-0.9406,8345.71,16776.437,0.2766,0.4124,0.63,12.1425,14.2749,1.5579,1.9546,1.9189,0.9995,2.9985,55882.35,30172.2186,20236.6418,1118205.8235,603746.0942,22.22,18.18,1.054
605507,国邦医药,化学制药,浙江,20210802,605507.SH,20230822,20.35,20.48,19.96,20.2,20.35,-0.15,-0.7371,17927.58,36046.797,0.5942,0.8859,1.44,12.2578,14.4105,1.5727,1.9731,1.9372,0.9901,2.9703,55882.35,30172.2186,20236.6418,1128823.47,609478.8157,22.39,18.32,1.054
605507,国邦医药,化学制药,浙江,20210802,605507.SH,20230821,20.48,20.55,20.34,20.35,20.51,-0.16,-0.7801,11191.94,22870.67,0.3709,0.5531,0.72,12.3488,14.5175,1.5844,1.9878,1.9516,0.9828,2.9484,55882.35,30172.2186,20236.6418,1137205.8225,614004.6485,22.56,18.46,1.054
605507,国邦医药,化学制药,浙江,20210802,605507.SH,20230818,20.8,20.84,20.48,20.51,20.79,-0.28,-1.3468,12176.02,25134.117,0.4036,0.6017,0.77,12.4459,14.6316,1.5969,2.0034,1.9669,0.9751,2.9254,55882.35,30172.2186,20236.6418,1146146.9985,618832.2035,22.87,18.71,1.054
605507,国邦医药,化学制药,浙江,20210802,605507.SH,20230817,20.7,20.84,20.6,20.79,20.72,0.07,0.3378,8586.0,17774.932,0.2846,0.4243,0.53,12.6158,14.8314,1.6187,2.0308,1.9938,0.962,2.886,55882.35,30172.2186,20236.6418,1161794.0565,627280.4247,22.79,18.65,1.054
605507,国邦医药,化学制药,浙江,20210802,605507.SH,20230816,20.65,20.96,20.58,20.72,20.65,0.07,0.339,16104.0,33491.997,0.5337,0.7958,0.98,12.5733,14.7814,1.6132,2.0239,1.987,0.9653,2.8958,55882.35,30172.2186,20236.6418,1157882.292,625168.3694,22.72,18.59,1.054
605507,国邦医药,化学制药,浙江,20210802,605507.SH,20230815,20.54,20.65,20.33,20.65,20.51,0.14,0.6826,14282.0,29269.512,0.4733,0.7057,0.85,12.5308,14.7315,1.6078,2.0171,1.9803,0.9685,2.9056,55882.35,30172.2186,20236.6418,1153970.5275,623056.3141,22.56,18.46,1.054
605507,国邦医药,化学制药,浙江,20210802,605507.SH,20230814,20.78,20.83,20.44,20.51,20.83,-0.32,-1.5362,26071.0,53558.535,0.8641,1.2883,1.8,12.4459,14.6316,1.5969,2.0034,1.9669,0.9751,2.9254,55882.35,30172.2186,20236.6418,1146146.9985,618832.2035,22.91,18.75,1.054
605507,国邦医药,化学制药,浙江,20210802,605507.SH,20230811,20.91,21.05,20.82,20.83,20.94,-0.11,-0.5253,14302.82,29952.08,0.474,0.7068,0.95,12.6401,14.8599,1.6218,2.0347,1.9976,0.9602,2.8805,55882.35,30172.2186,20236.6418,1164029.3505,628487.3134,23.03,18.85,1.054
605507,国邦医药,化学制药,浙江,20210802,605507.SH,20230810,21.0,21.05,20.88,20.94,21.0,-0.06,-0.2857,10847.0,22698.871,0.3595,0.536,0.68,12.7068,14.9384,1.6304,2.0454,2.0081,0.9551,2.8653,55882.35,30172.2186,20236.6418,1170176.409,631806.2575,23.1,18.9,1.054
605507,国邦医药,化学制药,浙江,20210802,605507.SH,20230809,20.8,21.06,20.77,21.0,20.79,0.21,1.0101,16791.0,35208.068,0.5565,0.8297,1.03,12.7432,14.9812,1.635,2.0513,2.0139,0.9524,2.8571,55882.35,30172.2186,20236.6418,1173529.35,633616.5906,22.87,18.71,1.054
605507,国邦医药,化学制药,浙江,20210802,605507.SH,20230808,20.8,20.92,20.78,20.79,20.83,-0.04,-0.192,15552.34,32385.838,0.5155,0.7685,0.68,12.6158,14.8314,1.6187,2.0308,1.9938,0.962,2.886,55882.35,30172.2186,20236.6418,1161794.0565,627280.4247,22.91,18.75,1.054
605507,国邦医药,化学制药,浙江,20210802,605507.SH,20230807,21.0,21.0,20.81,20.83,21.01,-0.18,-0.8567,14937.72,31129.495,0.4951,0.7382,0.44,12.6401,14.8599,1.6218,2.0347,1.9976,0.9602,2.8805,55882.35,30172.2186,20236.6418,1164029.3505,628487.3134,23.11,18.91,1.054
605507,国邦医药,化学制药,浙江,20210802,605507.SH,20230804,21.06,21.12,21.0,21.01,21.05,-0.04,-0.19,16810.0,35367.534,0.5571,0.8307,0.45,12.7493,14.9883,1.6358,2.0523,2.0148,0.9519,2.8558,55882.35,30172.2186,20236.6418,1174088.1735,633918.3128,23.16,18.95,1.054
605507,国邦医药,化学制药,浙江,20210802,605507.SH,20230803,20.88,21.1,20.83,21.05,20.85,0.2,0.9592,16036.94,33668.518,0.5315,0.7925,0.4,12.7736,15.0168,1.6389,2.0562,2.0187,0.9501,2.8504,55882.35,30172.2186,20236.6418,1176323.4675,635125.2015,22.94,18.77,1.054
605507,国邦医药,化学制药,浙江,20210802,605507.SH,20230802,20.87,20.96,20.8,20.85,20.91,-0.06,-0.2869,18526.0,38678.175,0.614,0.9155,0.45,12.6522,14.8742,1.6233,2.0366,1.9995,0.9592,2.8777,55882.35,30172.2186,20236.6418,1165146.9975,629090.7578,23.0,18.82,1.054
605507,国邦医药,化学制药,浙江,20210802,605507.SH,20230801,21.19,21.19,20.76,20.91,21.2,-0.29,-1.3679,47912.84,100428.558,1.588,2.3676,1.32,12.6886,14.917,1.628,2.0425,2.0053,0.9565,2.8694,55882.35,30172.2186,20236.6418,1168499.9385,630901.0909,23.32,19.08,1.054
605507,国邦医药,化学制药,浙江,20210802,605507.SH,20230731,21.7,21.76,21.13,21.2,22.05,-0.85,-3.8549,71042.07,152137.585,2.3546,4.002,2.48,12.8646,15.1238,1.6506,2.0708,2.0331,0.9434,2.8302,55882.35,30172.2186,17751.4858,1184705.82,639651.0343,24.26,19.85,1.054
605507,国邦医药,化学制药,浙江,20210802,605507.SH,20230728,22.1,22.21,21.99,22.05,22.16,-0.11,-0.4964,32509.0,71681.331,1.0774,1.6064,1.34,13.3804,13.4647,1.7566,2.1539,2.0692,0.907,2.7211,55882.35,30172.2186,20236.6418,1232205.8175,665297.4201,24.38,19.94,1.054
605507,国邦医药,化学制药,浙江,20210802,605507.SH,20230727,22.24,22.37,22.11,22.16,22.23,-0.07,-0.3149,28014.0,62253.583,0.9285,1.3843,1.32,13.4471,13.5319,1.7654,2.1646,2.0795,0.9025,2.7076,55882.35,30172.2186,20236.6418,1238352.876,668616.3642,24.45,20.01,1.054
605507,国邦医药,化学制药,浙江,20210802,605507.SH,20230726,22.2,22.4,22.13,22.23,22.2,0.03,0.1351,25703.0,57293.75,0.8519,1.2701,1.3,13.4896,13.5746,1.771,2.1714,2.0861,0.8997,2.6991,55882.35,30172.2186,20236.6418,1242264.6405,670728.4195,24.42,19.98,1.054
605507,国邦医药,化学制药,浙江,20210802,605507.SH,20230725,22.2,22.3,22.08,22.2,22.15,0.05,0.2257,24631.96,54671.079,0.8164,1.2172,1.38,13.4714,13.5563,1.7686,2.1685,2.0833,0.9009,2.7027,55882.35,30172.2186,20236.6418,1240588.17,669823.2529,24.37,19.94,1.054
605507,国邦医药,化学制药,浙江,20210802,605507.SH,20230724,21.68,22.28,21.6,22.15,21.69,0.46,2.1208,32269.95,71102.751,1.0695,1.5946,2.4,13.4411,13.5258,1.7646,2.1636,2.0786,0.9029,2.7088,55882.35,30172.2186,20236.6418,1237794.0525,668314.642,23.86,19.52,1.054
605507,国邦医药,化学制药,浙江,20210802,605507.SH,20230721,21.53,21.77,21.53,21.69,21.58,0.11,0.5097,10846.0,23519.951,0.3595,0.536,0.77,13.1619,13.2449,1.728,2.1187,2.0354,0.9221,2.7663,55882.35,30172.2186,20236.6418,1212088.1715,654435.4214,23.74,19.42,1.054
605507,国邦医药,化学制药,浙江,20210802,605507.SH,20230720,21.81,21.81,21.56,21.58,21.71,-0.13,-0.5988,12379.0,26820.786,0.4103,0.6117,0.88,13.0952,13.1777,1.7192,2.1079,2.0251,0.9268,2.7804,55882.35,30172.2186,20236.6418,1205941.113,651116.4774,23.88,19.54,1.054
605507,国邦医药,化学制药,浙江,20210802,605507.SH,20230719,21.48,21.76,21.38,21.71,21.5,0.21,0.9767,18882.12,40918.792,0.6258,0.9331,1.58,13.1741,13.2571,1.7295,2.1206,2.0373,0.9212,2.7637,55882.35,30172.2186,20236.6418,1213205.8185,655038.8658,23.65,19.35,1.054
605507,国邦医药,化学制药,浙江,20210802,605507.SH,20230718,21.35,21.5,21.25,21.5,21.29,0.21,0.9864,14808.13,31675.605,0.4908,0.7317,1.33,13.0466,13.1288,1.7128,2.1001,2.0176,0.9302,2.7907,55882.35,30172.2186,20236.6418,1201470.525,648702.6999,23.42,19.16,1.054
605507,国邦医药,化学制药,浙江,20210802,605507.SH,20230717,21.28,21.32,21.13,21.29,21.27,0.02,0.094,10344.65,21940.616,0.3429,0.5112,0.92,12.9192,13.0006,1.6961,2.0796,1.9979,0.9394,2.8182,55882.35,30172.2186,20236.6418,1189735.2315,642366.534,23.4,19.14,1.054
605507,国邦医药,化学制药,浙江,20210802,605507.SH,20230714,21.45,21.52,21.23,21.27,21.43,-0.16,-0.7466,14245.0,30380.775,0.4721,0.7039,1.4,12.9071,12.9884,1.6945,2.0777,1.996,0.9403,2.8209,55882.35,30172.2186,20236.6418,1188617.5845,641763.0896,23.57,19.29,1.054
605507,国邦医药,化学制药,浙江,20210802,605507.SH,20230713,21.31,21.53,21.31,21.43,21.31,0.12,0.5631,12098.52,25944.907,0.401,0.5979,1.29,13.0042,13.0861,1.7072,2.0933,2.011,0.9333,2.7998,55882.35,30172.2186,20236.6418,1197558.7605,646590.6446,23.44,19.18,1.054
605507,国邦医药,化学制药,浙江,20210802,605507.SH,20230712,21.29,21.38,21.26,21.31,21.32,-0.01,-0.0469,8373.39,17840.955,0.2775,0.4138,0.83,12.9313,13.0128,1.6977,2.0816,1.9998,0.9385,2.8156,55882.35,30172.2186,20236.6418,1190852.8785,642969.9784,23.45,19.19,1.054
605507,国邦医药,化学制药,浙江,20210802,605507.SH,20230711,21.28,21.35,21.18,21.32,21.25,0.07,0.3294,10739.2,22833.664,0.3559,0.5307,0.99,12.9374,13.0189,1.6985,2.0826,2.0007,0.9381,2.8143,55882.35,30172.2186,20236.6418,1191411.702,643271.7006,23.38,19.13,1.054
605507,国邦医药,化学制药,浙江,20210802,605507.SH,20230710,21.38,21.45,21.21,21.25,21.27,-0.02,-0.094,10700.18,22789.066,0.3546,0.5288,0.9,12.8949,12.9762,1.6929,2.0757,1.9941,0.9412,2.8235,55882.35,30172.2186,20236.6418,1187499.9375,641159.6453,23.4,19.14,1.054
605507,国邦医药,化学制药,浙江,20210802,605507.SH,20230707,21.21,21.39,21.16,21.27,21.26,0.01,0.047,9002.2,19154.677,0.2984,0.4448,0.7,12.9071,12.9884,1.6945,2.0777,1.996,0.9403,2.8209,55882.35,30172.2186,20236.6418,1188617.5845,641763.0896,23.39,19.13,1.054
605507,国邦医药,化学制药,浙江,20210802,605507.SH,20230706,21.35,21.43,21.23,21.26,21.38,-0.12,-0.5613,8050.0,17152.006,0.2668,0.3978,0.57,12.901,12.9823,1.6937,2.0767,1.9951,0.9407,2.8222,55882.35,30172.2186,20236.6418,1188058.761,641461.3674,23.52,19.24,1.054
605507,国邦医药,化学制药,浙江,20210802,605507.SH,20230705,21.49,21.55,21.35,21.38,21.5,-0.12,-0.5581,11970.1,25623.482,0.3967,0.6743,0.86,12.9738,13.0556,1.7033,2.0884,2.0063,0.9355,2.8064,55882.35,30172.2186,17751.4858,1194764.643,645082.0337,23.65,19.35,1.054
605507,国邦医药,化学制药,浙江,20210802,605507.SH,20230704,21.27,21.57,21.22,21.5,21.31,0.19,0.8916,14667.04,31414.15,0.4861,0.8262,1.1,13.0466,13.1288,1.7128,2.1001,2.0176,0.9302,2.7907,55882.35,30172.2186,17751.4858,1201470.525,648702.6999,23.44,19.18,1.054
605507,国邦医药,化学制药,浙江,20210802,605507.SH,20230703,21.25,21.38,21.21,21.31,21.27,0.04,0.1881,16005.35,34115.026,0.5305,0.9016,1.11,12.9313,13.0128,1.6977,2.0816,1.9998,0.9385,2.8156,55882.35,30172.2186,17751.4858,1190852.8785,642969.9784,23.4,19.14,1.054
605507,国邦医药,化学制药,浙江,20210802,605507.SH,20230630,21.11,21.38,21.08,21.27,21.12,0.15,0.7102,13585.05,28918.804,0.4503,0.7653,0.95,12.9071,12.9884,1.6945,2.0777,1.996,0.9403,2.8209,55882.35,30172.2186,17751.4858,1188617.5845,641763.0896,23.23,19.01,1.054
605507,国邦医药,化学制药,浙江,20210802,605507.SH,20230629,21.0,21.19,20.85,21.12,20.95,0.17,0.8115,14561.73,30617.209,0.4826,0.8203,1.05,12.816,12.8968,1.6825,2.063,1.9819,0.947,2.8409,55882.35,30172.2186,17751.4858,1180235.232,637237.2568,23.05,18.86,1.054
605507,国邦医药,化学制药,浙江,20210802,605507.SH,20230628,21.14,21.14,20.86,20.95,21.11,-0.16,-0.7579,10810.1,22679.276,0.3583,0.609,0.73,12.7129,12.793,1.669,2.0464,1.966,0.9547,2.864,55882.35,30172.2186,17751.4858,1170735.2325,632107.9797,23.22,19.0,1.054
605507,国邦医药,化学制药,浙江,20210802,605507.SH,20230627,21.13,21.19,21.0,21.11,21.14,-0.03,-0.1419,11680.18,24648.704,0.3871,0.658,0.79,12.81,12.8907,1.6817,2.062,1.981,0.9474,2.8423,55882.35,30172.2186,17751.4858,1179676.4085,636935.5346,23.25,19.03,1.054
605507,国邦医药,化学制药,浙江,20210802,605507.SH,20230626,20.99,21.29,20.93,21.14,20.98,0.16,0.7626,21154.6,44767.849,0.7011,1.1917,1.63,12.8282,12.909,1.6841,2.065,1.9838,0.9461,2.8382,55882.35,30172.2186,17751.4858,1181352.879,637840.7012,23.08,18.88,1.054
605507,国邦医药,化学制药,浙江,20210802,605507.SH,20230621,20.88,21.1,20.75,20.98,20.9,0.08,0.3828,13373.01,27953.629,0.4432,0.7533,1.11,12.7311,12.8113,1.6714,2.0493,1.9688,0.9533,2.8599,55882.35,30172.2186,17751.4858,1172411.703,633013.1462,22.99,18.81,1.054
605507,国邦医药,化学制药,浙江,20210802,605507.SH,20230620,21.12,21.12,20.9,20.9,21.07,-0.17,-0.8068,12534.88,26271.606,0.4154,0.7061,1.1,12.6825,12.7624,1.665,2.0415,1.9613,0.9569,2.8708,55882.35,30172.2186,17751.4858,1167941.115,630599.3687,23.18,18.96,1.054
605507,国邦医药,化学制药,浙江,20210802,605507.SH,20230619,21.3,21.34,21.06,21.07,21.26,-0.19,-0.8937,15326.62,32409.589,0.508,0.8634,1.35,12.7857,12.8663,1.6786,2.0581,1.9772,0.9492,2.8477,55882.35,30172.2186,17751.4858,1177441.1145,635728.6459,23.39,19.13,1.054
605507,国邦医药,化学制药,浙江,20210802,605507.SH,20230616,21.28,21.44,21.2,21.26,21.23,0.03,0.1413,11557.62,24619.223,0.3831,0.6511,1.03,12.901,12.9823,1.6937,2.0767,1.9951,0.9407,2.8222,55882.35,30172.2186,17751.4858,1188058.761,641461.3674,23.35,19.11,1.054
605507,国邦医药,化学制药,浙江,20210802,605507.SH,20230615,21.27,21.27,21.06,21.23,21.21,0.02,0.0943,12081.99,25535.639,0.4004,0.6806,1.11,12.8828,12.964,1.6913,2.0738,1.9922,0.9421,2.8262,55882.35,30172.2186,17751.4858,1186382.2905,640556.2009,23.33,19.09,1.054
605507,国邦医药,化学制药,浙江,20210802,605507.SH,20230614,21.28,21.31,21.19,21.21,21.26,-0.05,-0.2352,8677.0,18433.69,0.2876,0.4888,0.71,12.8707,12.9517,1.6897,2.0718,1.9904,0.943,2.8289,55882.35,30172.2186,17751.4858,1185264.6435,639952.7565,23.39,19.13,1.054
605507,国邦医药,化学制药,浙江,20210802,605507.SH,20230613,21.37,21.47,21.23,21.26,21.37,-0.11,-0.5147,9522.0,20283.27,0.3156,0.5364,0.66,12.901,12.9823,1.6937,2.0767,1.9951,0.9407,2.8222,55882.35,30172.2186,17751.4858,1188058.761,641461.3674,23.51,19.23,1.054
605507,国邦医药,化学制药,浙江,20210802,605507.SH,20230612,21.39,21.45,21.18,21.37,21.48,-0.11,-0.5121,14908.72,31769.649,0.4941,0.8399,1.03,12.9678,13.0495,1.7025,2.0874,2.0054,0.9359,2.8077,55882.35,30172.2186,17751.4858,1194205.8195,644780.3115,23.63,19.33,1.054
605507,国邦医药,化学制药,浙江,20210802,605507.SH,20230609,21.42,21.53,21.37,21.48,21.41,0.07,0.327,10836.25,23227.697,0.3591,0.6104,0.76,13.0345,13.1166,1.7112,2.0982,2.0157,0.9311,3.7244,55882.35,30172.2186,17751.4858,1200352.878,648099.2555,23.55,19.27,1.054
605507,国邦医药,化学制药,浙江,20210802,605507.SH,20230608,21.63,21.63,21.4,21.41,21.57,-0.16,-0.7418,10505.46,22536.856,0.3482,0.5918,0.73,12.992,13.0739,1.7056,2.0913,2.0091,0.9341,3.7366,55882.35,30172.2186,17751.4858,1196441.1135,645987.2002,23.73,19.41,1.054
605507,国邦医药,化学制药,浙江,20210802,605507.SH,20230607,21.81,21.89,21.57,21.57,21.92,-0.35,-1.5967,15103.49,32799.89,0.5006,0.8508,1.04,13.0891,13.1716,1.7184,2.107,2.0242,0.9272,3.7089,55882.35,30172.2186,17751.4858,1205382.2895,650814.7552,24.11,19.73,1.054
605507,国邦医药,化学制药,浙江,20210802,605507.SH,20230606,22.35,22.36,21.92,21.92,22.41,-0.49,-2.1865,21037.49,46555.637,0.6972,1.1851,1.62,13.3015,13.3853,1.7463,2.1412,2.057,0.9124,3.6496,55882.35,30172.2186,17751.4858,1224941.112,661375.0317,24.65,20.17,1.054
605507,国邦医药,化学制药,浙江,20210802,605507.SH,20230605,22.28,22.47,22.21,22.41,22.32,0.09,0.4032,15095.0,33709.967,0.5003,0.8504,1.21,13.5988,13.6845,1.7853,2.189,2.103,0.8925,3.5698,55882.35,30172.2186,17751.4858,1252323.4635,676159.4188,24.55,20.09,1.054
605507,国邦医药,化学制药,浙江,20210802,605507.SH,20230602,22.39,22.39,22.25,22.32,22.32,0.0,0.0,9387.0,20942.024,0.3111,0.5288,0.69,13.5442,13.6296,1.7781,2.1802,2.0945,0.8961,3.5842,55882.35,30172.2186,17751.4858,1247294.052,673443.9192,24.55,20.09,1.054
605507,国邦医药,化学制药,浙江,20210802,605507.SH,20230601,22.3,22.43,22.2,22.32,22.31,0.01,0.0448,11341.0,25336.83,0.3759,0.6389,0.85,13.5442,13.6296,1.7781,2.1802,2.0945,0.8961,3.5842,55882.35,30172.2186,17751.4858,1247294.052,673443.9192,24.54,20.08,1.054
605507,国邦医药,化学制药,浙江,20210802,605507.SH,20230531,22.33,22.58,22.29,22.31,22.43,-0.12,-0.535,15659.99,35059.466,0.519,0.8822,1.21,13.5382,13.6235,1.7773,2.1793,2.0936,0.8965,3.5858,55882.35,30172.2186,17751.4858,1246735.2285,673142.197,24.67,20.19,1.0545
605507,国邦医药,化学制药,浙江,20210802,605507.SH,20230530,22.44,22.55,22.26,22.43,22.44,-0.01,-0.0446,13394.0,29989.333,0.4439,0.7545,0.99,13.611,13.6967,1.7869,2.191,2.1049,0.8917,3.5667,55882.35,30172.2186,17751.4858,1253441.1105,676762.8632,24.68,20.2,1.0545
605507,国邦医药,化学制药,浙江,20210802,605507.SH,20230529,22.5,22.63,22.32,22.44,22.47,-0.03,-0.1335,12468.0,27984.182,0.4132,0.6336,0.9,13.6171,13.7028,1.7877,2.192,2.1058,0.8913,3.5651,55882.35,30172.2186,19677.7188,1253999.934,677064.5854,24.72,20.22,1.0545
605507,国邦医药,化学制药,浙江,20210802,605507.SH,20230526,22.31,22.52,22.3,22.47,22.38,0.09,0.4021,14849.0,33303.853,0.4921,0.7546,1.03,13.6353,13.7212,1.7901,2.1949,2.1086,0.8901,3.5603,55882.35,30172.2186,19677.7188,1255676.4045,677969.7519,24.62,20.14,1.0545
605507,国邦医药,化学制药,浙江,20210802,605507.SH,20230525,22.5,22.67,22.26,22.38,22.54,-0.16,-0.7098,9973.08,22343.434,0.3305,0.5068,0.68,13.5806,13.6662,1.7829,2.1861,2.1002,0.8937,3.5746,55882.35,30172.2186,19677.7188,1250646.993,675254.2523,24.79,20.29,1.0545
605507,国邦医药,化学制药,浙江,20210802,605507.SH,20230524,22.46,22.59,22.31,22.54,22.46,0.08,0.3562,14068.68,31595.737,0.4663,0.715,0.98,13.6777,13.7639,1.7957,2.2017,2.1152,0.8873,3.5492,55882.35,30172.2186,19677.7188,1259588.169,680081.8072,24.71,20.21,1.0545
605507,国邦医药,化学制药,浙江,20210802,605507.SH,20230523,22.5,22.62,22.39,22.46,22.37,0.09,0.4023,16180.0,36467.403,0.5363,0.8222,1.15,13.6292,13.7151,1.7893,2.1939,2.1077,0.8905,3.5619,55882.35,30172.2186,19677.7188,1255117.581,677668.0298,24.61,20.13,1.0545
605507,国邦医药,化学制药,浙江,20210802,605507.SH,20230522,22.23,22.52,22.23,22.37,22.19,0.18,0.8112,14298.02,31971.745,0.4739,0.7484,1.03,13.5746,13.6601,1.7821,2.1851,2.0992,0.8941,3.5762,55882.35,30172.2186,19104.6826,1250088.1695,674952.5301,24.41,19.97,1.0545
605507,国邦医药,化学制药,浙江,20210802,605507.SH,20230519,22.72,22.93,22.57,22.79,22.75,0.04,0.1758,17692.03,40312.131,0.5864,0.9261,1.35,13.8294,13.9166,1.7328,2.2261,2.1386,0.8776,0.8776,55882.35,30172.2186,19104.6826,1273558.7565,687624.8619,25.03,20.48,1.0267
605507,国邦医药,化学制药,浙江,20210802,605507.SH,20230518,22.76,22.83,22.69,22.75,22.71,0.04,0.1761,10572.0,24048.406,0.3504,0.5534,0.79,13.8052,13.8921,1.7297,2.2222,2.1349,0.8791,0.8791,55882.35,30172.2186,19104.6826,1271323.4625,686417.9732,24.98,20.44,1.0267
605507,国邦医药,化学制药,浙江,20210802,605507.SH,20230517,22.61,22.81,22.55,22.71,22.74,-0.03,-0.1319,12692.2,28735.501,0.4207,0.6644,0.98,13.7809,13.8677,1.7267,2.2183,2.1311,0.8807,0.8807,55882.35,30172.2186,19104.6826,1269088.1685,685211.0844,25.01,20.47,1.0267
605507,国邦医药,化学制药,浙江,20210802,605507.SH,20230516,22.6,22.87,22.6,22.74,22.64,0.1,0.4417,15322.22,34868.068,0.5078,0.802,1.14,13.7991,13.886,1.729,2.2213,2.1339,0.8795,0.8795,55882.35,30172.2186,19104.6826,1270764.639,686116.251,24.9,20.38,1.0267
605507,国邦医药,化学制药,浙江,20210802,605507.SH,20230515,22.6,22.67,22.36,22.64,22.62,0.02,0.0884,13445.0,30261.688,0.4456,0.7038,0.97,13.7384,13.825,1.7214,2.2115,2.1246,0.8834,0.8834,55882.35,30172.2186,19104.6826,1265176.404,683099.0291,24.88,20.36,1.0267
605507,国邦医药,化学制药,浙江,20210802,605507.SH,20230512,22.8,22.89,22.55,22.62,22.8,-0.18,-0.7895,13659.1,30966.406,0.4527,0.715,0.86,13.7263,13.8128,1.7198,2.2095,2.1227,0.8842,0.8842,55882.35,30172.2186,19104.6826,1264058.757,682495.5847,25.08,20.52,1.0267
605507,国邦医药,化学制药,浙江,20210802,605507.SH,20230511,22.81,22.9,22.64,22.8,22.7,0.1,0.4405,11451.02,26100.243,0.3795,0.5994,0.65,13.8355,13.9227,1.7335,2.2271,2.1396,0.8772,0.8772,55882.35,30172.2186,19104.6826,1274117.58,687926.5841,24.97,20.43,1.0267
605507,国邦医药,化学制药,浙江,20210802,605507.SH,20230510,22.68,22.81,22.6,22.7,22.67,0.03,0.1323,10888.0,24715.021,0.3609,0.5699,0.51,13.7748,13.8616,1.7259,2.2174,2.1302,0.8811,0.8811,55882.35,30172.2186,19104.6826,1268529.345,684909.3622,24.94,20.4,1.0267
605507,国邦医药,化学制药,浙江,20210802,605507.SH,20230509,22.9,22.99,22.65,22.67,22.91,-0.24,-1.0476,17557.2,40101.553,0.5819,0.919,0.75,13.7566,13.8433,1.7236,2.2144,2.1274,0.8822,0.8822,55882.35,30172.2186,19104.6826,1266852.8745,684004.1957,25.2,20.62,1.0267
605507,国邦医药,化学制药,浙江,20210802,605507.SH,20230508,22.85,22.98,22.75,22.91,22.75,0.16,0.7033,15822.0,36177.289,0.5244,0.8282,0.64,13.9023,13.9898,1.7419,2.2379,2.1499,0.873,0.873,55882.35,30172.2186,19104.6826,1280264.6385,691245.5281,25.03,20.48,1.0267
605507,国邦医药,化学制药,浙江,20210802,605507.SH,20230505,23.18,23.2,22.5,22.75,23.18,-0.43,-1.855,23542.0,53614.697,0.7803,1.1104,0.91,13.8052,13.8921,1.7297,2.2222,2.1349,0.8791,0.8791,55882.35,30172.2186,21200.8596,1271323.4625,686417.9732,25.5,20.86,1.0267
605507,国邦医药,化学制药,浙江,20210802,605507.SH,20230504,23.05,23.27,22.95,23.18,23.16,0.02,0.0864,19818.6,45861.812,0.6568,0.9348,0.76,14.0661,14.1547,1.7624,2.2642,2.1752,0.8628,0.8628,55882.35,30172.2186,21200.8596,1295352.873,699392.0271,25.48,20.84,1.0267
605507,国邦医药,化学制药,浙江,20210802,605507.SH,20230428,22.98,23.41,22.81,23.16,22.99,0.17,0.7395,29894.68,69344.968,0.9908,1.4101,1.18,14.054,14.1425,1.7609,2.2623,2.1734,0.8636,0.8636,55882.35,30172.2186,21200.8596,1294235.226,698788.5828,25.29,20.69,1.0267
605507,国邦医药,化学制药,浙江,20210802,605507.SH,20230427,22.47,23.01,22.46,22.99,22.56,0.43,1.906,27477.77,62792.996,0.9107,1.2961,1.1,13.9508,14.0387,1.748,2.2457,2.1574,0.8699,0.8699,55882.35,30172.2186,21200.8596,1284735.2265,693659.3056,24.82,20.3,1.0267
605507,国邦医药,化学制药,浙江,20210802,605507.SH,20230426,22.31,22.74,22.25,22.56,22.39,0.17,0.7593,22203.0,49993.111,0.7359,1.0473,0.84,13.6899,13.7761,1.7153,2.2037,2.1171,0.8865,0.8865,55882.35,30172.2186,21200.8596,1260705.816,680685.2516,24.63,20.15,1.0267
605507,国邦医药,化学制药,浙江,20210802,605507.SH,20230425,22.67,22.82,22.23,22.39,22.75,-0.36,-1.5824,29468.05,66099.595,0.9767,1.3899,1.02,13.5867,13.6723,1.7023,2.1871,2.1011,0.8933,0.8933,55882.35,30172.2186,21200.8596,1251205.8165,675555.9745,25.03,20.48,1.0267
605507,国邦医药,化学制药,浙江,20210802,605507.SH,20230424,22.88,23.04,22.69,22.75,22.89,-0.14,-0.6116,21556.49,49307.783,0.7144,1.0168,0.51,13.8052,13.8921,1.7297,2.2222,2.1349,0.8791,0.8791,55882.35,30172.2186,21200.8596,1271323.4625,686417.9732,25.18,20.6,1.0267
605507,国邦医药,化学制药,浙江,20210802,605507.SH,20230421,23.23,23.24,22.83,22.89,23.21,-0.32,-1.3787,26057.0,60037.856,0.8636,1.2291,0.61,13.8901,13.9776,1.7404,2.2359,2.148,0.8737,0.8737,55882.35,30172.2186,21200.8596,1279146.9915,690642.0838,25.53,20.89,1.0267
605507,国邦医药,化学制药,浙江,20210802,605507.SH,20230420,23.13,23.36,23.1,23.21,23.22,-0.01,-0.0431,25110.79,58206.195,0.8322,1.1844,0.56,14.0843,14.173,1.7647,2.2672,2.1781,0.8617,0.8617,55882.35,30172.2186,21200.8596,1297029.3435,700297.1937,25.54,20.9,1.0267
605507,国邦医药,化学制药,浙江,20210802,605507.SH,20230419,23.42,23.49,23.2,23.22,23.42,-0.2,-0.854,29338.7,68374.766,0.9724,1.3838,0.68,14.0904,14.1791,1.7655,2.2681,2.179,0.8613,0.8613,55882.35,30172.2186,21200.8596,1297588.167,700598.9159,25.76,21.08,1.0267
605507,国邦医药,化学制药,浙江,20210802,605507.SH,20230418,23.64,23.69,23.39,23.42,23.64,-0.22,-0.9306,41728.01,98024.381,1.383,1.9682,1.03,14.2117,14.3013,1.7807,2.2877,2.1978,0.854,0.854,55882.35,30172.2186,21200.8596,1308764.637,706633.3596,26.0,21.28,1.0267
605507,国邦医药,化学制药,浙江,20210802,605507.SH,20230417,24.55,24.65,23.49,23.64,24.93,-1.29,-5.1745,87880.53,208445.266,2.9126,4.7439,3.05,14.3452,14.4356,1.7974,2.3092,2.2184,0.846,0.846,55882.35,30172.2186,18524.8325,1321058.754,713271.2477,27.42,22.44,1.0267
605507,国邦医药,化学制药,浙江,20210802,605507.SH,20230414,25.04,25.17,24.73,24.93,25.01,-0.08,-0.3199,29392.64,73098.317,0.9742,1.5867,1.02,19.7321,15.128,1.947,3.0922,2.4352,0.8022,0.8022,55882.35,30172.2186,18524.8325,1393146.9855,752193.4097,27.51,22.51,1.0267
605507,国邦医药,化学制药,浙江,20210802,605507.SH,20230413,24.66,25.11,24.45,25.01,24.55,0.46,1.8737,37823.58,94339.788,1.2536,2.0418,1.49,19.7954,15.1766,1.9533,3.1021,2.443,0.7997,0.7997,55882.35,30172.2186,18524.8325,1397617.5735,754607.1872,27.01,22.1,1.0267
605507,国邦医药,化学制药,浙江,20210802,605507.SH,20230412,24.64,24.87,24.39,24.55,24.64,-0.09,-0.3653,20450.56,50242.458,0.6778,1.104,0.78,19.4313,14.8974,1.9173,3.0451,2.3981,0.8147,0.8147,55882.35,30172.2186,18524.8325,1371911.6925,740727.9666,27.1,22.18,1.0267
605507,国邦医药,化学制药,浙江,20210802,605507.SH,20230411,24.83,25.06,24.44,24.64,24.68,-0.04,-0.1621,27808.28,68665.043,0.9217,1.5011,1.06,19.5026,14.9521,1.9244,3.0562,2.4069,0.8117,0.8117,55882.35,30172.2186,18524.8325,1376941.104,743443.4663,27.15,22.21,1.0267
605507,国邦医药,化学制药,浙江,20210802,605507.SH,20230410,24.66,24.97,24.55,24.68,24.53,0.15,0.6115,28567.02,70776.398,0.9468,1.5421,1.15,19.5342,14.9763,1.9275,3.0612,2.4108,0.8104,0.8104,55882.35,30172.2186,18524.8325,1379176.398,744650.355,26.98,22.08,1.0267
605507,国邦医药,化学制药,浙江,20210802,605507.SH,20230407,24.1,24.66,24.06,24.53,24.06,0.47,1.9534,29714.04,72723.539,0.9848,1.604,1.36,19.4155,15.13,1.9708,3.0426,2.5359,0.8153,0.8153,55882.35,30172.2186,18524.8325,1370794.0455,740124.5223,26.47,21.65,1.0267
605507,国邦医药,化学制药,浙江,20210802,605507.SH,20230406,23.77,24.25,23.77,24.06,23.9,0.16,0.6695,20608.5,49495.562,0.683,1.1125,0.93,19.0435,14.8401,1.9331,2.9843,2.4873,0.8313,0.8313,55882.35,30172.2186,18524.8325,1344529.341,725943.5795,26.29,21.51,1.0267
605507,国邦医药,化学制药,浙江,20210802,605507.SH,20230404,23.93,24.11,23.69,23.9,23.93,-0.03,-0.1254,25159.58,60023.284,0.8339,1.3582,1.2,18.9169,14.7414,1.9202,2.9644,2.4708,0.8368,0.8368,55882.35,30172.2186,18524.8325,1335588.165,721116.0245,26.32,21.54,1.0267
605507,国邦医药,化学制药,浙江,20210802,605507.SH,20230403,24.11,24.46,23.89,23.93,24.1,-0.17,-0.7054,26576.0,64065.223,0.8808,1.4346,1.42,18.9406,14.7599,1.9226,2.9682,2.4739,0.8358,0.8358,55882.35,30172.2186,18524.8325,1337264.6355,722021.1911,26.51,21.69,1.0267
605507,国邦医药,化学制药,浙江,20210802,605507.SH,20230331,23.68,24.15,23.68,24.1,23.62,0.48,2.0322,21831.27,52458.033,0.7236,1.1785,1.12,19.0752,14.8648,1.9363,2.9893,2.4915,0.8299,0.8299,55882.35,30172.2186,18524.8325,1346764.635,727150.4683,25.98,21.26,1.0267
605507,国邦医药,化学制药,浙江,20210802,605507.SH,20230330,23.75,23.81,23.49,23.62,23.71,-0.09,-0.3796,14680.29,34604.023,0.4865,0.7925,0.75,18.6952,14.5687,1.8977,2.9297,2.4418,0.8467,0.8467,55882.35,30172.2186,18524.8325,1319941.107,712667.8033,26.08,21.34,1.0267
605507,国邦医药,化学制药,浙江,20210802,605507.SH,20230329,24.08,24.17,23.6,23.71,24.08,-0.37,-1.5365,23053.06,54721.17,0.764,1.2444,1.33,18.7665,14.6242,1.9049,2.9409,2.4512,0.8435,0.8435,55882.35,30172.2186,18524.8325,1324970.5185,715383.303,26.49,21.67,1.0267
605507,国邦医药,化学制药,浙江,20210802,605507.SH,20230328,23.83,24.39,23.73,24.08,23.82,0.26,1.0915,18461.05,44493.067,0.6119,0.9966,1.08,19.0593,14.8524,1.9347,2.9868,2.4894,0.8306,0.8306,55882.35,30172.2186,18524.8325,1345646.988,726547.0239,26.2,21.44,1.0267
605507,国邦医药,化学制药,浙江,20210802,605507.SH,20230327,23.72,23.9,23.42,23.82,23.72,0.1,0.4216,15293.0,36292.857,0.5069,0.8255,0.74,18.8535,14.6921,1.9138,2.9545,2.4625,0.8396,0.8396,55882.35,30172.2186,18524.8325,1331117.577,718702.2471,26.09,21.35,1.0267
605507,国邦医药,化学制药,浙江,20210802,605507.SH,20230324,24.12,24.25,23.59,23.72,24.02,-0.3,-1.249,25717.79,61229.54,0.8524,1.3883,1.19,18.7744,14.6304,1.9058,2.9421,2.4522,0.8432,0.8432,55882.35,30172.2186,18524.8325,1325529.342,715685.0252,26.42,21.62,1.0267
605507,国邦医药,化学制药,浙江,20210802,605507.SH,20230323,24.34,24.34,23.98,24.02,24.21,-0.19,-0.7848,14984.47,36056.799,0.4966,0.8089,0.67,19.0118,14.8154,1.9299,2.9793,2.4832,0.8326,0.8326,55882.35,30172.2186,18524.8325,1342294.047,724736.6908,26.63,21.79,1.0267
605507,国邦医药,化学制药,浙江,20210802,605507.SH,20230322,24.16,24.39,24.01,24.21,24.12,0.09,0.3731,12053.0,29262.189,0.3995,0.6506,0.51,19.1622,14.9326,1.9451,3.0029,2.5028,0.8261,0.8261,55882.35,30172.2186,18524.8325,1352911.6935,730469.4123,26.53,21.71,1.0267
605507,国邦医药,化学制药,浙江,20210802,605507.SH,20230321,23.59,24.13,23.51,24.12,23.53,0.59,2.5074,17482.5,41766.626,0.5794,0.9437,0.74,19.091,14.8771,1.9379,2.9917,2.4935,0.8292,0.8292,55882.35,30172.2186,18524.8325,1347882.282,727753.9126,25.88,21.18,1.0267
605507,国邦医药,化学制药,浙江,20210802,605507.SH,20230320,24.13,24.29,23.4,23.53,24.08,-0.55,-2.2841,33126.0,78546.453,1.0979,1.7882,1.64,18.624,14.5132,1.8905,2.9186,2.4325,0.85,0.85,55882.35,30172.2186,18524.8325,1314911.6955,709952.3037,26.49,21.67,1.0267
605507,国邦医药,化学制药,浙江,20210802,605507.SH,20230317,24.74,24.89,24.08,24.08,24.63,-0.55,-2.233,30486.53,74507.49,1.0104,1.6457,1.56,19.0593,14.8524,1.9347,2.9868,2.4894,0.8306,0.8306,55882.35,30172.2186,18524.8325,1345646.988,726547.0239,27.09,22.17,1.0267
605507,国邦医药,化学制药,浙江,20210802,605507.SH,20230316,24.99,25.1,24.53,24.63,25.07,-0.44,-1.7551,18847.0,46747.188,0.6246,1.0174,1.02,19.4947,15.1917,1.9789,3.055,2.5463,0.812,0.812,55882.35,30172.2186,18524.8325,1376382.2805,743141.7441,27.58,22.56,1.0267
605507,国邦医药,化学制药,浙江,20210802,605507.SH,20230315,24.8,25.21,24.7,25.07,24.65,0.42,1.7039,18487.03,46353.754,0.6127,0.998,1.04,19.8429,15.4631,2.0142,3.1096,2.5918,0.7978,0.7978,55882.35,30172.2186,18524.8325,1400970.5145,756417.5203,27.12,22.19,1.0267
605507,国邦医药,化学制药,浙江,20210802,605507.SH,20230314,24.85,25.04,24.51,24.65,24.85,-0.2,-0.8048,16481.09,40823.928,0.5462,0.8897,0.83,19.5105,15.204,1.9805,3.0575,2.5483,0.8114,0.8114,55882.35,30172.2186,18524.8325,1377499.9275,743745.1885,27.34,22.37,1.0267
605507,国邦医药,化学制药,浙江,20210802,605507.SH,20230313,24.68,24.9,24.51,24.85,24.68,0.17,0.6888,16583.0,41014.64,0.5496,0.8952,0.83,19.6688,15.3274,1.9965,3.0823,2.569,0.8048,0.8048,55882.35,30172.2186,18524.8325,1388676.3975,749779.6322,27.15,22.21,1.0267
605507,国邦医药,化学制药,浙江,20210802,605507.SH,20230310,24.98,25.0,24.49,24.68,25.03,-0.35,-1.3983,27062.02,66641.481,0.8969,1.4609,1.53,19.5342,15.2225,1.9829,3.0612,2.5514,0.8104,0.8104,55882.35,30172.2186,18524.8325,1379176.398,744650.355,27.53,22.53,1.0267
605507,国邦医药,化学制药,浙江,20210802,605507.SH,20230309,25.05,25.15,25.0,25.03,25.1,-0.07,-0.2789,14038.38,35185.716,0.4653,0.7578,0.78,19.8113,15.4384,2.011,3.1046,2.5876,0.799,0.799,55882.35,30172.2186,18524.8325,1398735.2205,755210.6316,27.61,22.59,1.0267
605507,国邦医药,化学制药,浙江,20210802,605507.SH,20230308,25.1,25.24,24.97,25.1,25.14,-0.04,-0.1591,14477.7,36282.117,0.4798,0.7815,0.75,19.8667,15.4816,2.0166,3.1133,2.5949,0.7968,0.7968,55882.35,30172.2186,18524.8325,1402646.985,757322.6869,27.65,22.63,1.0267
605507,国邦医药,化学制药,浙江,20210802,605507.SH,20230307,25.32,25.65,25.06,25.14,25.32,-0.18,-0.7109,27463.5,69464.8,0.9102,1.4825,1.41,19.8983,15.5062,2.0198,3.1183,2.599,0.7955,0.7955,55882.35,30172.2186,18524.8325,1404882.279,758529.5756,27.85,22.79,1.0267
605507,国邦医药,化学制药,浙江,20210802,605507.SH,20230306,25.18,25.33,25.08,25.32,25.18,0.14,0.556,16428.75,41507.331,0.5445,0.8869,0.75,20.0408,15.6173,2.0343,3.1406,2.6176,0.7899,0.7899,55882.35,30172.2186,18524.8325,1414941.102,763960.575,27.7,22.66,1.0267
605507,国邦医药,化学制药,浙江,20210802,605507.SH,20230303,25.08,25.26,25.0,25.18,25.12,0.06,0.2389,15805.53,39728.019,0.5238,0.8532,0.71,19.93,15.5309,2.0231,3.1232,2.6031,0.7943,0.7943,55882.35,30172.2186,18524.8325,1407117.573,759736.4643,27.63,22.61,1.0267
605507,国邦医药,化学制药,浙江,20210802,605507.SH,20230302,25.25,25.25,25.04,25.12,25.25,-0.13,-0.5149,15280.11,38374.239,0.5064,0.8248,0.65,19.8825,15.4939,2.0182,3.1158,2.5969,0.7962,0.7962,55882.35,30172.2186,18524.8325,1403764.632,757926.1312,27.78,22.73,1.0267
605507,国邦医药,化学制药,浙江,20210802,605507.SH,20230301,25.37,25.37,24.93,25.25,25.35,-0.1,-0.3945,21370.0,53767.237,0.7083,1.1536,0.95,19.9854,15.5741,2.0287,3.1319,2.6104,0.7921,0.7921,55882.35,30172.2186,18524.8325,1411029.3375,761848.5197,27.89,22.82,1.0267
605507,国邦医药,化学制药,浙江,20210802,605507.SH,20230228,25.0,25.35,24.92,25.35,24.93,0.42,1.6847,28801.0,72503.463,0.9546,1.5547,1.34,20.0645,15.6358,2.0367,3.1443,2.6207,0.789,0.789,55882.35,30172.2186,18524.8325,1416617.5725,764865.7415,27.42,22.44,1.0267
605507,国邦医药,化学制药,浙江,20210802,605507.SH,20230227,25.47,25.6,24.77,24.93,25.49,-0.56,-2.1969,27923.78,70053.207,0.9255,1.5074,1.29,19.7321,15.3767,2.003,3.0922,2.5773,0.8022,0.8022,55882.35,30172.2186,18524.8325,1393146.9855,752193.4097,28.04,22.94,1.0267
605507,国邦医药,化学制药,浙江,20210802,605507.SH,20230224,25.5,25.69,25.37,25.49,25.61,-0.12,-0.4686,17578.0,44787.788,0.5826,0.9489,0.74,20.1754,15.7221,2.048,3.1617,2.6352,0.7846,0.7846,55882.35,30172.2186,18524.8325,1424441.1015,769089.8521,28.17,23.05,1.0267
605507,国邦医药,化学制药,浙江,20210802,605507.SH,20230223,25.8,25.97,25.4,25.61,25.8,-0.19,-0.7364,21731.28,55794.572,0.7202,1.1731,0.82,20.2703,15.7961,2.0576,3.1765,2.6476,0.7809,0.7809,55882.35,30172.2186,18524.8325,1431146.9835,772710.5183,28.38,23.22,1.0267
605507,国邦医药,化学制药,浙江,20210802,605507.SH,20230222,25.51,25.84,25.49,25.8,25.61,0.19,0.7419,16075.07,41376.59,0.5328,0.8678,0.48,20.4207,15.9133,2.0729,3.2001,2.6672,0.7752,0.7752,55882.35,30172.2186,18524.8325,1441764.63,778443.2399,28.17,23.05,1.0267
605507,国邦医药,化学制药,浙江,20210802,605507.SH,20230221,25.69,25.85,25.45,25.61,25.69,-0.08,-0.3114,24554.11,62936.59,0.8138,1.3255,0.68,20.2703,15.7961,2.0576,3.1765,2.6476,0.7809,0.7809,55882.35,30172.2186,18524.8325,1431146.9835,772710.5183,28.26,23.12,1.0267
605507,国邦医药,化学制药,浙江,20210802,605507.SH,20230220,25.65,25.76,25.34,25.69,25.72,-0.03,-0.1166,28435.1,72494.333,0.9424,1.535,0.76,20.3337,15.8455,2.064,3.1865,2.6558,0.7785,0.7785,55882.35,30172.2186,18524.8325,1435617.5715,775124.2958,28.29,23.15,1.0267
605507,国邦医药,化学制药,浙江,20210802,605507.SH,20230217,25.83,25.96,25.6,25.72,25.83,-0.11,-0.4259,27507.59,70789.774,0.9117,1.4849,0.66,20.3574,15.864,2.0664,3.1902,2.6589,0.7776,0.7776,55882.35,30172.2186,18524.8325,1437294.042,776029.4624,28.41,23.25,1.0267
605507,国邦医药,化学制药,浙江,20210802,605507.SH,20230216,25.9,26.26,25.62,25.83,26.0,-0.17,-0.6538,36468.05,94822.671,1.2087,1.9686,0.86,20.4445,15.9318,2.0753,3.2038,2.6703,0.7743,0.7743,55882.35,30172.2186,18524.8325,1443441.1005,779348.4064,28.6,23.4,1.0267
605507,国邦医药,化学制药,浙江,20210802,605507.SH,20230215,26.55,26.74,25.81,26.0,26.65,-0.65,-2.439,51062.0,132980.866,1.6924,2.7564,1.4,20.579,16.0367,2.0889,3.2249,2.6879,0.7692,0.7692,55882.35,30172.2186,18524.8325,1452941.1,784477.6836,29.32,23.99,1.0267
605507,国邦医药,化学制药,浙江,20210802,605507.SH,20230214,26.1,26.73,26.03,26.65,26.15,0.5,1.912,36962.24,97684.297,1.225,1.9953,1.07,21.0935,16.4376,2.1412,3.3055,2.7551,0.7505,0.7505,55882.35,30172.2186,18524.8325,1489264.6275,804089.6257,28.77,23.54,1.0267
605507,国邦医药,化学制药,浙江,20210802,605507.SH,20230213,25.6,26.16,25.55,26.15,25.67,0.48,1.8699,34623.48,90104.369,1.1475,1.869,1.07,20.6977,16.1292,2.101,3.2435,2.7034,0.7648,0.7648,55882.35,30172.2186,18524.8325,1461323.4525,789003.5164,28.24,23.1,1.0267
605507,国邦医药,化学制药,浙江,20210802,605507.SH,20230210,26.16,26.26,25.47,25.67,26.22,-0.55,-2.0976,50865.48,131083.235,1.6858,2.7458,1.64,20.3178,15.8331,2.0624,3.184,2.6538,0.7791,0.7791,55882.35,30172.2186,18524.8325,1434499.9245,774520.8515,28.84,23.6,1.0267
605507,国邦医药,化学制药,浙江,20210802,605507.SH,20230209,26.54,26.58,26.06,26.22,26.44,-0.22,-0.8321,38818.0,101711.869,1.2865,2.0955,1.15,20.7531,16.1724,2.1066,3.2522,2.7106,0.7628,0.7628,55882.35,30172.2186,18524.8325,1465235.217,791115.5717,29.08,23.8,1.0267
605507,国邦医药,化学制药,浙江,20210802,605507.SH,20230208,26.98,27.07,26.36,26.44,26.89,-0.45,-1.6735,21520.53,57408.841,0.7133,1.1617,0.63,20.9273,16.3081,2.1243,3.2795,2.7334,0.7564,0.7564,55882.35,30172.2186,18524.8325,1477529.334,797753.4598,29.58,24.2,1.0267
605507,国邦医药,化学制药,浙江,20210802,605507.SH,20230207,27.73,28.1,26.84,26.89,27.6,-0.71,-2.5725,26562.6,72329.957,0.8804,1.4339,0.82,21.2835,16.5856,2.1604,3.3353,2.7799,0.7438,0.7438,55882.35,30172.2186,18524.8325,1502676.3915,811330.9582,30.36,24.84,1.0267
605507,国邦医药,化学制药,浙江,20210802,605507.SH,20230206,28.33,28.63,27.57,27.6,28.52,-0.92,-3.2258,24022.07,66943.533,0.7962,1.2967,0.72,21.8454,17.0235,2.2175,3.4234,2.8533,0.7246,0.7246,55882.35,30172.2186,18524.8325,1542352.86,832753.2334,31.37,25.67,1.0267
605507,国邦医药,化学制药,浙江,20210802,605507.SH,20230203,28.08,28.98,27.61,28.52,28.7,-0.18,-0.6272,43818.82,123210.307,1.4523,2.3654,1.56,22.5736,17.591,2.2914,3.5375,2.9484,0.7013,0.7013,55882.35,30172.2186,18524.8325,1593764.622,860511.6745,31.57,25.83,1.0267
605507,国邦医药,化学制药,浙江,20210802,605507.SH,20230202,27.2,29.45,27.18,28.7,27.24,1.46,5.3598,52397.83,149762.681,1.7366,2.8285,2.46,22.7161,17.702,2.3059,3.5598,2.967,0.6969,0.6969,55882.35,30172.2186,18524.8325,1603823.445,865942.6738,29.96,24.52,1.0267
605507,国邦医药,化学制药,浙江,20210802,605507.SH,20230201,27.33,27.6,27.15,27.24,27.33,-0.09,-0.3293,24502.0,66984.393,1.3724,1.3724,1.31,21.5605,16.8015,2.1886,3.3787,2.8161,0.7342,0.7342,55882.35,17853.9463,17853.9463,1522235.214,486341.4972,30.06,24.6,1.0267
605507,国邦医药,化学制药,浙江,20210802,605507.SH,20230131,27.14,27.37,26.86,27.33,27.02,0.31,1.1473,17443.46,47423.95,0.977,0.977,0.93,21.6317,16.857,2.1958,3.3899,2.8254,0.7318,0.7318,55882.35,17853.9463,17853.9463,1527264.6255,487948.3524,29.72,24.32,1.0267
605507,国邦医药,化学制药,浙江,20210802,605507.SH,20230130,28.1,28.26,26.97,27.02,27.96,-0.94,-3.3619,28052.0,77074.148,1.5712,1.5712,1.45,21.3863,16.6658,2.1709,3.3514,2.7933,0.7402,0.7402,55882.35,17853.9463,17853.9463,1509941.097,482413.629,30.76,25.16,1.0267
605507,国邦医药,化学制药,浙江,20210802,605507.SH,20230120,27.34,28.09,27.34,27.96,27.77,0.19,0.6842,18136.75,50602.375,1.0158,1.0158,1.04,22.1304,17.2456,2.2464,3.468,2.8905,0.7153,0.7153,55882.35,17853.9463,17853.9463,1562470.506,499196.3385,30.55,24.99,1.0267
605507,国邦医药,化学制药,浙江,20210802,605507.SH,20230119,26.9,28.01,26.85,27.77,27.09,0.68,2.5102,18319.0,50583.517,1.026,1.026,1.2,21.98,17.1284,2.2311,3.4445,2.8709,0.7202,0.7202,55882.35,17853.9463,17853.9463,1551852.8595,495804.0888,29.8,24.38,1.0267
605507,国邦医药,化学制药,浙江,20210802,605507.SH,20230118,27.16,27.16,26.83,27.09,27.08,0.01,0.0369,11562.37,31180.64,0.6476,0.6476,0.79,21.4418,16.709,2.1765,3.3601,2.8006,0.7383,0.7383,55882.35,17853.9463,17853.9463,1513852.8615,483663.4053,29.79,24.37,1.0267
605507,国邦医药,化学制药,浙江,20210802,605507.SH,20230117,27.25,27.5,27.04,27.08,27.25,-0.17,-0.6239,17910.0,48806.97,1.0031,1.0031,1.32,21.4338,16.7028,2.1757,3.3589,2.7995,0.7386,0.7386,55882.35,17853.9463,17853.9463,1513294.038,483484.8658,29.98,24.53,1.0267
605507,国邦医药,化学制药,浙江,20210802,605507.SH,20230116,27.63,28.16,27.1,27.25,27.62,-0.37,-1.3396,30487.93,84254.657,1.7076,1.7076,2.43,21.5684,16.8077,2.1894,3.38,2.8171,0.7339,0.7339,55882.35,17853.9463,17853.9463,1522794.0375,486520.0367,30.38,24.86,1.0267
605507,国邦医药,化学制药,浙江,20210802,605507.SH,20230113,27.58,27.68,27.13,27.62,27.26,0.36,1.3206,8897.5,24445.492,0.4983,0.4983,0.56,21.8612,17.0359,2.2191,3.4259,2.8554,0.7241,0.7241,55882.35,17853.9463,17853.9463,1543470.507,493125.9968,29.99,24.53,1.0267
605507,国邦医药,化学制药,浙江,20210802,605507.SH,20230112,27.69,27.78,27.25,27.26,27.69,-0.43,-1.5529,7188.0,19751.677,0.4026,0.4026,0.38,21.5763,16.8138,2.1902,3.3812,2.8182,0.7337,0.7337,55882.35,17853.9463,17853.9463,1523352.861,486698.5761,30.46,24.92,1.0267
605507,国邦医药,化学制药,浙江,20210802,605507.SH,20230111,27.68,28.14,27.65,27.69,27.79,-0.1,-0.3598,9078.7,25287.923,0.5085,0.5085,0.43,21.9167,17.0791,2.2247,3.4345,2.8626,0.7223,0.7223,55882.35,17853.9463,17853.9463,1547382.2715,494375.773,30.57,25.01,1.0267
605507,国邦医药,化学制药,浙江,20210802,605507.SH,20230110,27.79,28.08,27.44,27.79,27.79,0.0,0.0,11944.2,33211.639,0.669,0.669,0.53,21.9958,17.1407,2.2327,3.4469,2.8729,0.7197,0.7197,55882.35,17853.9463,17853.9463,1552970.5065,496161.1677,30.57,25.01,1.0267
605507,国邦医药,化学制药,浙江,20210802,605507.SH,20230109,26.8,27.88,26.71,27.79,26.8,0.99,3.694,25546.54,70202.937,1.4309,1.4309,1.29,21.9958,17.1407,2.2327,3.4469,2.8729,0.7197,0.7197,55882.35,17853.9463,17853.9463,1552970.5065,496161.1677,29.48,24.12,1.0267
605507,国邦医药,化学制药,浙江,20210802,605507.SH,20230106,27.02,27.09,26.56,26.8,27.11,-0.31,-1.1435,25511.2,68421.048,1.4289,1.4289,1.52,21.2122,16.5301,2.1532,3.3242,2.7706,0.7463,0.7463,55882.35,17853.9463,17853.9463,1497646.98,478485.7608,29.82,24.4,1.0267
605507,国邦医药,化学制药,浙江,20210802,605507.SH,20230105,27.6,27.87,27.05,27.11,27.67,-0.56,-2.0239,22948.0,62828.174,1.2853,1.2853,1.55,21.4576,16.7213,2.1781,3.3626,2.8026,0.7377,0.7377,55882.35,17853.9463,17853.9463,1514970.5085,484020.4842,30.44,24.9,1.0267
605507,国邦医药,化学制药,浙江,20210802,605507.SH,20230104,27.02,27.72,26.9,27.67,27.12,0.55,2.028,18911.31,51722.849,1.0592,1.0592,1.43,21.9008,17.0667,2.2231,3.4321,2.8605,0.7228,0.7228,55882.35,17853.9463,17853.9463,1546264.6245,494018.6941,29.83,24.41,1.0267
605507,国邦医药,化学制药,浙江,20210802,605507.SH,20230103,26.55,27.3,26.42,27.12,26.47,0.65,2.4556,18948.21,51154.141,1.0613,1.0613,1.62,21.4655,16.7275,2.1789,3.3638,2.8037,0.7375,0.7375,55882.35,17853.9463,17853.9463,1515529.332,484199.0237,29.12,23.82,1.0267
605507,国邦医药,化学制药,浙江,20210802,605507.SH,20221230,26.49,26.53,25.9,26.47,26.25,0.22,0.8381,12882.27,33741.225,0.7215,0.7215,1.13,20.951,16.3266,2.1267,3.2832,2.7365,1.8889,0.7556,55882.35,17853.9463,17853.9463,1479205.8045,472593.9586,28.88,23.63,1.0267
605507,国邦医药,化学制药,浙江,20210802,605507.SH,20221229,25.7,26.49,25.7,26.25,26.01,0.24,0.9227,10414.08,27377.197,0.5833,0.5833,0.82,20.7769,16.1909,2.109,3.2559,2.7137,1.9048,0.7619,55882.35,17853.9463,17853.9463,1466911.6875,468666.0904,28.61,23.41,1.0267
605507,国邦医药,化学制药,浙江,20210802,605507.SH,20221228,25.88,26.23,25.75,26.01,25.93,0.08,0.3085,12652.18,32936.149,0.7086,0.7086,0.92,20.5869,16.0428,2.0897,3.2262,2.6889,1.9223,0.7689,55882.35,17853.9463,17853.9463,1453499.9235,464381.1433,28.52,23.34,1.0267
605507,国邦医药,化学制药,浙江,20210802,605507.SH,20221227,26.36,26.36,25.33,25.93,26.06,-0.13,-0.4988,11309.68,29088.511,0.6335,0.6335,0.77,20.5236,15.9935,2.0833,3.2162,2.6807,1.9283,0.7713,55882.35,17853.9463,17853.9463,1449029.3355,462952.8276,28.67,23.45,1.0267
605507,国邦医药,化学制药,浙江,20210802,605507.SH,20221226,26.01,26.36,25.59,26.06,26.01,0.05,0.1922,11371.0,29691.461,0.6369,0.6369,0.7,20.6265,16.0737,2.0938,3.2324,2.6941,1.9186,0.7675,55882.35,17853.9463,17853.9463,1456294.041,465273.8406,28.61,23.41,1.0267
605507,国邦医药,化学制药,浙江,20210802,605507.SH,20221223,25.53,26.15,25.53,26.01,25.48,0.53,2.0801,11424.55,29670.456,0.6399,0.6399,0.64,20.5869,16.0428,2.0897,3.2262,2.6889,1.9223,0.7689,55882.35,17853.9463,17853.9463,1453499.9235,464381.1433,28.03,22.93,1.0267
605507,国邦医药,化学制药,浙江,20210802,605507.SH,20221222,26.16,26.32,25.4,25.48,26.15,-0.67,-2.5621,16843.8,43370.7,0.9434,0.9434,0.96,20.1674,15.7159,2.0472,3.1604,2.6341,1.9623,0.7849,55882.35,17853.9463,17853.9463,1423882.278,454918.5517,28.77,23.54,1.0267
605507,国邦医药,化学制药,浙江,20210802,605507.SH,20221221,26.78,26.94,26.03,26.15,26.78,-0.63,-2.3525,17988.2,47238.01,1.0075,1.0075,1.04,20.6977,16.1292,2.101,3.2435,2.7034,1.912,0.7648,55882.35,17853.9463,17853.9463,1461323.4525,466880.6957,29.46,24.1,1.0267
605507,国邦医药,化学制药,浙江,20210802,605507.SH,20221220,26.93,27.26,26.48,26.78,27.0,-0.22,-0.8148,16031.4,42846.15,0.8979,0.8979,0.83,21.1964,16.5178,2.1516,3.3217,2.7685,1.8671,0.7468,55882.35,17853.9463,17853.9463,1496529.333,478128.6819,29.7,24.3,1.0267
605507,国邦医药,化学制药,浙江,20210802,605507.SH,20221219,28.47,28.58,26.88,27.0,28.24,-1.24,-4.3909,19220.31,52541.161,1.0765,1.0765,0.81,21.3705,16.6535,2.1693,3.349,2.7913,1.8519,0.7407,55882.35,17853.9463,17853.9463,1508823.45,482056.5501,31.06,25.42,1.0267
605507,国邦医药,化学制药,浙江,20210802,605507.SH,20221216,27.32,28.47,27.32,28.24,27.41,0.83,3.0281,19033.82,53273.417,1.0661,1.0661,0.75,22.352,17.4183,2.2689,3.5028,2.9195,1.7705,0.7082,55882.35,17853.9463,17853.9463,1578117.564,504195.4435,30.15,24.67,1.0267
605507,国邦医药,化学制药,浙江,20210802,605507.SH,20221215,27.91,28.1,27.27,27.41,27.91,-0.5,-1.7915,15667.0,43289.281,0.8775,0.8775,0.6,21.695,16.9064,2.2022,3.3998,2.8337,1.8242,0.7297,55882.35,17853.9463,17853.9463,1531735.2135,489376.6681,30.7,25.12,1.0267
605507,国邦医药,化学制药,浙江,20210802,605507.SH,20221214,28.35,28.57,27.83,27.91,28.32,-0.41,-1.4477,16122.76,45120.608,0.903,0.903,0.56,22.0908,17.2148,2.2424,3.4618,2.8854,1.7915,0.7166,55882.35,17853.9463,17853.9463,1559676.3885,498303.6412,31.15,25.49,1.0267
605507,国邦医药,化学制药,浙江,20210802,605507.SH,20221213,28.92,29.13,27.95,28.32,29.06,-0.74,-2.5465,26567.09,75273.552,1.488,1.488,0.99,22.4153,17.4676,2.2753,3.5127,2.9277,1.7655,0.7062,55882.35,17853.9463,17853.9463,1582588.152,505623.7592,31.97,26.15,1.0267
605507,国邦医药,化学制药,浙江,20210802,605507.SH,20221212,28.4,29.38,28.16,29.06,28.19,0.87,3.0862,41432.18,119797.47,2.3206,2.3206,1.78,23.001,17.9241,2.3348,3.6045,3.0042,1.7206,0.6882,55882.35,17853.9463,17853.9463,1623941.091,518835.6795,31.01,25.37,1.0267
605507,国邦医药,化学制药,浙江,20210802,605507.SH,20221209,28.08,28.35,27.65,28.19,27.86,0.33,1.1845,26757.67,75072.248,1.4987,1.4987,1.27,22.3124,17.3875,2.2649,3.4966,2.9143,1.7737,0.7095,55882.35,17853.9463,17853.9463,1575323.4465,503302.7462,30.65,25.07,1.0267
605507,国邦医药,化学制药,浙江,20210802,605507.SH,20221208,28.21,28.49,27.8,27.86,28.29,-0.43,-1.52,19167.04,53729.053,1.0735,1.0735,0.77,22.0512,17.1839,2.2384,3.4556,2.8802,1.7947,0.7179,55882.35,17853.9463,17853.9463,1556882.271,497410.9439,31.12,25.46,1.0267
605507,国邦医药,化学制药,浙江,20210802,605507.SH,20221207,28.5,28.72,28.12,28.29,28.6,-0.31,-1.0839,29876.09,84600.964,1.6734,1.6734,1.18,22.3916,17.4491,2.2729,3.509,2.9246,1.7674,0.707,55882.35,17853.9463,17853.9463,1580911.6815,505088.1408,31.46,25.74,1.0267
605507,国邦医药,化学制药,浙江,20210802,605507.SH,20221206,28.9,29.15,28.57,28.6,28.99,-0.39,-1.3453,16443.13,47402.972,0.921,0.921,0.66,22.6369,17.6403,2.2978,3.5474,2.9567,1.7483,0.6993,55882.35,17853.9463,17853.9463,1598235.21,510622.8642,31.89,26.09,1.0267
605507,国邦医药,化学制药,浙江,20210802,605507.SH,20221205,28.71,29.26,28.38,28.99,28.67,0.32,1.1161,24208.0,70033.106,1.3559,1.3559,0.98,22.9456,17.8809,2.3292,3.5958,2.997,1.7247,0.6899,55882.35,17853.9463,17853.9463,1620029.3265,517585.9032,31.54,25.8,1.0267
605507,国邦医药,化学制药,浙江,20210802,605507.SH,20221202,28.56,29.02,28.5,28.67,28.56,0.11,0.3852,16027.49,46187.941,0.8977,0.8977,0.63,22.6923,17.6835,2.3035,3.5561,2.9639,1.744,0.6976,55882.35,17853.9463,17853.9463,1602146.9745,511872.6404,31.42,25.7,1.0267
605507,国邦医药,化学制药,浙江,20210802,605507.SH,20221201,29.15,29.3,28.5,28.56,29.14,-0.58,-1.9904,38371.66,110515.945,2.1492,2.1492,1.76,22.6053,17.6157,2.2946,3.5425,2.9525,1.7507,0.7003,55882.35,17853.9463,17853.9463,1595999.916,509908.7063,32.05,26.23,1.0267
605507,国邦医药,化学制药,浙江,20210802,605507.SH,20221130,29.38,29.77,28.93,29.14,28.97,0.17,0.5868,31700.24,92835.101,1.7755,1.7755,1.53,23.0643,17.9734,2.3412,3.6144,3.0125,1.7159,0.6863,55882.35,17853.9463,17853.9463,1628411.679,520263.9952,31.87,26.07,1.0267
605507,国邦医药,化学制药,浙江,20210802,605507.SH,20221129,28.97,29.25,28.79,28.97,28.94,0.03,0.1037,14388.0,41815.724,0.8059,0.8059,0.6,22.9298,17.8686,2.3276,3.5933,2.9949,1.7259,0.6904,55882.35,17853.9463,17853.9463,1618911.6795,517228.8243,31.83,26.05,1.0267
605507,国邦医药,化学制药,浙江,20210802,605507.SH,20221128,29.39,29.65,28.8,28.94,29.21,-0.27,-0.9243,23038.0,67248.165,1.2904,1.2904,1.0,22.906,17.8501,2.3251,3.5896,2.9918,1.7277,0.6911,55882.35,17853.9463,17853.9463,1617235.209,516693.2059,32.13,26.29,1.0267
605507,国邦医药,化学制药,浙江,20210802,605507.SH,20221125,29.41,29.87,28.77,29.21,29.18,0.03,0.1028,18980.0,55469.897,1.0631,1.0631,0.78,23.1197,18.0166,2.3468,3.6231,3.0197,1.7117,0.6847,55882.35,17853.9463,17853.9463,1632323.4435,521513.7714,32.1,26.26,1.0267
605507,国邦医药,化学制药,浙江,20210802,605507.SH,20221124,29.03,29.38,28.8,29.18,29.23,-0.05,-0.1711,20655.4,60026.454,1.1569,1.1569,0.83,23.096,17.9981,2.3444,3.6194,3.0166,1.7135,0.6854,55882.35,17853.9463,17853.9463,1630646.973,520978.153,32.15,26.31,1.0267
605507,国邦医药,化学制药,浙江,20210802,605507.SH,20221123,29.63,29.71,28.52,29.23,29.32,-0.09,-0.307,26851.16,77942.929,1.5039,1.5039,0.91,23.1356,18.0289,2.3484,3.6256,3.0218,1.7106,0.6842,55882.35,17853.9463,17853.9463,1633441.0905,521870.8503,32.25,26.39,1.0267
605507,国邦医药,化学制药,浙江,20210802,605507.SH,20221122,29.86,30.64,29.0,29.32,30.04,-0.72,-2.3968,29485.95,87665.42,1.6515,1.6515,1.01,23.2068,18.0844,2.3557,3.6367,3.0311,1.7053,0.6821,55882.35,17853.9463,17853.9463,1638470.502,523477.7055,33.04,27.04,1.0267
605507,国邦医药,化学制药,浙江,20210802,605507.SH,20221121,30.02,30.15,29.31,30.04,30.15,-0.11,-0.3648,19174.0,57188.581,1.0739,1.0739,0.53,23.7767,18.5285,2.4135,3.726,3.1056,1.6644,0.6658,55882.35,17853.9463,17853.9463,1678705.794,536332.5469,33.17,27.14,1.0267
605507,国邦医药,化学制药,浙江,20210802,605507.SH,20221118,30.29,30.79,29.87,30.15,30.39,-0.24,-0.7897,24937.36,75146.239,1.3967,1.3967,0.61,23.8637,18.5964,2.4224,3.7397,3.1169,1.6584,0.6633,55882.35,17853.9463,17853.9463,1684852.8525,538296.4809,33.43,27.35,1.0267
605507,国邦医药,化学制药,浙江,20210802,605507.SH,20221117,30.54,31.07,30.17,30.39,30.56,-0.17,-0.5563,24014.41,73317.797,1.345,1.345,0.49,24.0537,18.7444,2.4416,3.7694,3.1417,1.6453,0.6581,55882.35,17853.9463,17853.9463,1698264.6165,542581.4281,33.62,27.5,1.0267
605507,国邦医药,化学制药,浙江,20210802,605507.SH,20221116,31.0,31.05,29.95,30.56,30.9,-0.34,-1.1003,50334.97,152764.381,2.8193,2.8193,0.97,24.1883,18.8493,2.4553,3.7905,3.1593,1.6361,2.2906,55882.35,17853.9463,17853.9463,1707764.616,545616.5989,33.99,27.81,1.0267
605507,国邦医药,化学制药,浙江,20210802,605507.SH,20221115,31.44,31.44,30.5,30.9,31.45,-0.55,-1.7488,28143.62,86935.578,1.5763,1.5763,0.42,24.4574,19.059,2.4826,3.8327,3.1945,1.6181,2.2654,55882.35,17853.9463,17853.9463,1726764.615,551686.9407,34.6,28.31,1.0267
605507,国邦医药,化学制药,浙江,20210802,605507.SH,20221114,30.46,31.7,29.8,31.45,30.6,0.85,2.7778,52748.1,163533.219,2.9544,2.9544,0.72,24.8927,19.3982,2.5268,3.9009,3.2513,1.5898,2.2258,55882.35,17853.9463,17853.9463,1757499.9075,561506.6111,33.66,27.54,1.0267
605507,国邦医药,化学制药,浙江,20210802,605507.SH,20221111,30.6,31.74,30.23,30.6,30.6,0.0,0.0,50562.82,156152.942,2.832,2.832,0.71,24.2199,18.8739,2.4585,3.7955,3.1634,1.634,2.2876,55882.35,17853.9463,17853.9463,1709999.91,546330.7568,33.66,27.54,1.0267
605507,国邦医药,化学制药,浙江,20210802,605507.SH,20221110,31.06,31.86,30.49,30.6,31.08,-0.48,-1.5444,64324.3,200835.37,3.6028,3.6028,0.99,24.2199,18.8739,2.4585,3.7955,3.1634,1.634,2.2876,55882.35,17853.9463,17853.9463,1709999.91,546330.7568,34.19,27.97,1.0267
605507,国邦医药,化学制药,浙江,20210802,605507.SH,20221109,30.05,31.29,29.71,31.08,30.0,1.08,3.6,64557.51,199708.969,3.6159,3.6159,0.98,24.5998,19.17,2.4971,3.855,3.2131,1.6088,2.2523,55882.35,17853.9463,17853.9463,1736823.438,554900.651,33.0,27.0,1.0267
605507,国邦医药,化学制药,浙江,20210802,605507.SH,20221108,30.0,31.31,29.9,30.0,29.94,0.06,0.2004,106271.96,325391.367,5.9523,5.9523,2.04,23.745,18.5039,2.4103,3.7211,3.1014,1.6667,2.3333,55882.35,17853.9463,17853.9463,1676470.5,535618.389,32.93,26.95,1.0267
605507,国邦医药,化学制药,浙江,20210802,605507.SH,20221107,28.51,30.1,28.5,29.94,28.51,1.43,5.0158,81380.36,239702.553,4.5581,4.5581,1.86,23.6975,18.4668,2.4055,3.7136,3.0952,1.67,2.338,55882.35,17853.9463,17853.9463,1673117.559,534547.1522,31.36,25.66,1.0267
605507,国邦医药,化学制药,浙江,20210802,605507.SH,20221104,28.7,29.28,28.4,28.51,28.77,-0.26,-0.9037,37264.36,107334.556,2.0872,2.0872,0.88,22.5657,17.5848,2.2906,3.5363,2.9474,1.7538,2.4553,55882.35,17853.9463,17853.9463,1593205.7985,509016.009,31.65,25.89,1.0267
605507,国邦医药,化学制药,浙江,20210802,605507.SH,20221103,28.31,29.09,28.2,28.77,28.67,0.1,0.3488,36629.78,104787.801,2.0516,2.0516,0.85,22.7715,17.7452,2.3115,3.5685,2.9743,1.7379,2.4331,55882.35,17853.9463,17853.9463,1607735.2095,513658.0351,31.54,25.8,1.0267
605507,国邦医药,化学制药,浙江,20210802,605507.SH,20221102,27.69,28.98,27.46,28.67,27.62,1.05,3.8016,68858.91,195844.145,3.8568,3.8568,1.71,22.6923,17.6835,2.3035,3.5561,2.9639,1.744,2.4416,55882.35,17853.9463,17853.9463,1602146.9745,511872.6404,30.38,24.86,1.0267
605507,国邦医药,化学制药,浙江,20210802,605507.SH,20221101,27.5,27.77,26.88,27.62,27.54,0.08,0.2905,36377.44,99426.015,2.0375,2.0375,0.87,21.8612,17.0359,2.2191,3.4259,2.8554,1.8103,2.5344,55882.35,17853.9463,17853.9463,1543470.507,493125.9968,30.29,24.79,1.0267
605507,国邦医药,化学制药,浙江,20210802,605507.SH,20221031,26.95,27.77,26.68,27.54,27.15,0.39,1.4365,39082.82,107167.16,2.189,2.189,0.86,21.7979,16.9865,2.2127,3.4159,2.8471,1.8155,2.5418,55882.35,17853.9463,17853.9463,1538999.919,491697.6811,29.87,24.44,1.0267
605507,国邦医药,化学制药,浙江,20210802,605507.SH,20221028,27.5,27.84,26.95,27.15,27.63,-0.48,-1.7372,30996.89,84546.712,1.7361,1.7361,0.6,21.4892,16.746,2.1813,3.3676,2.8068,1.8416,2.5783,55882.35,17853.9463,17853.9463,1517205.8025,484734.642,30.39,24.87,1.0267
605507,国邦医药,化学制药,浙江,20210802,605507.SH,20221027,27.32,27.8,26.83,27.63,27.21,0.42,1.5436,40881.0,111998.134,2.2897,2.2897,0.66,21.8692,17.0421,2.2199,3.4271,2.8564,1.8096,2.5335,55882.35,17853.9463,17853.9463,1544029.3305,493304.5363,29.93,24.49,1.0267
605507,国邦医药,化学制药,浙江,20210802,605507.SH,20221026,25.72,27.84,25.1,27.21,26.05,1.16,4.453,54189.05,146988.086,3.0351,3.0351,0.68,21.5367,16.783,2.1862,3.375,2.813,1.8376,2.5726,55882.35,17853.9463,17853.9463,1520558.7435,485805.8788,28.66,23.45,1.0267
605507,国邦医药,化学制药,浙江,20210802,605507.SH,20221025,26.71,27.0,25.73,26.05,27.0,-0.95,-3.5185,43489.0,113894.485,2.4358,2.4358,0.5,20.6186,16.0675,2.093,3.2311,2.6931,1.9194,2.6871,55882.35,17853.9463,17853.9463,1455735.2175,465095.3011,29.7,24.3,1.0267
605507,国邦医药,化学制药,浙江,20210802,605507.SH,20221024,27.0,27.43,26.48,27.0,27.1,-0.1,-0.369,56734.04,153463.445,3.1777,3.1777,0.66,21.3705,16.6535,2.1693,3.349,2.7913,1.8519,2.5926,55882.35,17853.9463,17853.9463,1508823.45,482056.5501,29.81,24.39,1.0267
605507,国邦医药,化学制药,浙江,20210802,605507.SH,20221021,26.34,27.27,26.29,27.1,26.33,0.77,2.9244,62023.02,167042.798,3.4739,3.4739,0.69,21.4497,16.7152,2.1773,3.3614,2.8016,1.845,2.583,55882.35,17853.9463,17853.9463,1514411.685,483841.9447,28.96,23.7,1.0267
605507,国邦医药,化学制药,浙江,20210802,605507.SH,20221020,27.96,28.24,26.3,26.33,27.6,-1.27,-4.6014,90950.71,248336.474,5.0942,5.0942,1.13,20.8402,16.2402,2.1154,3.2659,2.722,1.899,2.6586,55882.35,17853.9463,17853.9463,1471382.2755,470094.4061,30.36,24.84,1.0267
605507,国邦医药,化学制药,浙江,20210802,605507.SH,20221019,29.49,31.78,26.99,27.6,28.93,-1.33,-4.5973,146446.82,421893.879,8.2025,8.2025,2.5,21.8454,17.0235,2.2175,3.4234,2.8533,1.8116,2.5362,55882.35,17853.9463,17853.9463,1542352.86,492768.9179,31.82,26.04,1.0267
605507,国邦医药,化学制药,浙江,20210802,605507.SH,20221018,28.2,29.2,27.6,28.93,28.01,0.92,3.2845,77181.71,220730.795,4.3229,4.3229,1.63,22.8981,19.6347,2.4024,3.5883,3.2552,1.7283,2.4196,55882.35,17853.9463,17853.9463,1616676.3855,516514.6665,30.81,25.21,1.0267
605507,国邦医药,化学制药,浙江,20210802,605507.SH,20221017,28.1,28.27,27.7,28.01,28.14,-0.13,-0.462,51476.18,143966.889,2.8832,2.8832,1.14,22.1699,19.0103,2.326,3.4742,3.1517,1.7851,2.4991,55882.35,17853.9463,17853.9463,1565264.6235,500089.0359,30.95,25.33,1.0267
605507,国邦医药,化学制药,浙江,20210802,605507.SH,20221014,26.69,28.5,26.69,28.14,26.83,1.31,4.8826,83937.62,232794.898,4.7013,4.7013,2.41,22.2728,19.0985,2.3368,3.4904,3.1663,1.7768,2.4876,55882.35,17853.9463,17853.9463,1572529.329,502410.0489,29.51,24.15,1.0267
605507,国邦医药,化学制药,浙江,20210802,605507.SH,20221013,26.15,27.08,26.01,26.83,26.28,0.55,2.0928,44452.19,118943.299,2.4898,2.4898,1.36,21.236,18.2094,2.228,3.3279,3.0189,1.8636,2.609,55882.35,17853.9463,17853.9463,1499323.4505,479021.3792,28.91,23.65,1.0267
605507,国邦医药,化学制药,浙江,20210802,605507.SH,20221012,25.57,26.29,25.2,26.28,25.55,0.73,2.8571,35293.09,91182.062,1.9768,1.9768,1.06,20.8006,17.8361,2.1823,3.2597,2.957,1.9026,2.6636,55882.35,17853.9463,17853.9463,1468588.158,469201.7088,28.11,23.0,1.0267
605507,国邦医药,化学制药,浙江,20210802,605507.SH,20221011,25.61,25.87,25.1,25.55,25.86,-0.31,-1.1988,20875.51,53024.181,1.1692,1.1692,0.55,20.2228,17.3407,2.1217,3.1691,2.8749,1.9569,2.7397,55882.35,17853.9463,17853.9463,1427794.0425,456168.328,28.45,23.27,1.0267
605507,国邦医药,化学制药,浙江,20210802,605507.SH,20221010,25.67,26.21,25.55,25.86,25.63,0.23,0.8974,40685.18,105651.206,2.2788,2.2788,1.19,20.4682,17.5511,2.1475,3.2076,2.9098,1.9335,2.7069,55882.35,17853.9463,17853.9463,1445117.571,461703.0513,28.19,23.07,1.0267
605507,国邦医药,化学制药,浙江,20210802,605507.SH,20220930,25.19,25.75,25.1,25.63,25.2,0.43,1.7063,32546.8,83164.557,1.8229,1.8229,1.0,20.2862,17.395,2.1284,3.179,2.8839,1.9508,2.7312,55882.35,17853.9463,17853.9463,1432264.6305,457596.6437,27.72,22.68,1.0267
605507,国邦医药,化学制药,浙江,20210802,605507.SH,20220929,25.08,25.69,24.89,25.2,24.88,0.32,1.2862,34535.0,87597.471,1.9343,1.9343,1.18,19.9458,17.1031,2.0927,3.1257,2.8355,1.9841,2.7778,55882.35,17853.9463,17853.9463,1408235.22,449919.4468,27.37,22.39,1.0267
605507,国邦医药,化学制药,浙江,20210802,605507.SH,20220928,24.79,25.26,24.73,24.88,24.9,-0.02,-0.0803,38285.58,95772.511,2.1444,2.1444,1.46,19.6925,16.886,2.0661,3.086,2.7995,2.0096,2.8135,55882.35,17853.9463,17853.9463,1390352.868,444206.1839,27.39,22.41,1.0267
605507,国邦医药,化学制药,浙江,20210802,605507.SH,20220927,23.97,24.9,23.64,24.9,23.53,1.37,5.8224,44062.16,108023.91,2.4679,2.4679,2.02,19.7084,16.8995,2.0678,3.0885,2.8018,2.008,2.8112,55882.35,17853.9463,17853.9463,1391470.515,444563.2629,25.88,21.18,1.0267
605507,国邦医药,化学制药,浙江,20210802,605507.SH,20220926,23.6,24.35,23.3,23.53,23.49,0.04,0.1703,21769.61,51780.816,1.2193,1.2193,0.95,18.624,15.9697,1.954,2.9186,2.6476,2.1249,2.9749,55882.35,17853.9463,17853.9463,1314911.6955,420103.3564,25.84,21.14,1.0267
605507,国邦医药,化学制药,浙江,20210802,605507.SH,20220923,24.25,24.68,23.4,23.49,24.3,-0.81,-3.3333,23848.09,56721.375,1.3357,1.3357,0.98,18.5924,15.9426,1.9507,2.9136,2.6431,2.1286,2.98,55882.35,17853.9463,17853.9463,1312676.4015,419389.1986,26.73,21.87,1.0267
605507,国邦医药,化学制药,浙江,20210802,605507.SH,20220922,24.72,24.91,24.28,24.3,24.71,-0.41,-1.6592,18306.35,44943.027,1.0253,1.0253,0.7,19.2335,16.4923,2.0179,3.0141,2.7342,2.0576,2.8807,55882.35,17853.9463,17853.9463,1357941.105,433850.8951,27.18,22.24,1.0267
605507,国邦医药,化学制药,浙江,20210802,605507.SH,20220921,24.36,24.92,24.2,24.71,24.52,0.19,0.7749,22770.59,55878.091,1.2754,1.2754,0.85,19.558,16.7706,2.052,3.0649,2.7804,2.0235,2.8329,55882.35,17853.9463,17853.9463,1380852.8685,441171.0131,26.97,22.07,1.0267
605507,国邦医药,化学制药,浙江,20210802,605507.SH,20220920,25.0,25.36,24.35,24.52,25.0,-0.48,-1.92,22520.37,55586.911,1.2614,1.2614,0.77,19.4076,16.6416,2.0362,3.0414,2.759,2.0392,2.8548,55882.35,17853.9463,17853.9463,1370235.222,437778.7633,27.5,22.5,1.0267
605507,国邦医药,化学制药,浙江,20210802,605507.SH,20220919,25.0,25.52,24.55,25.0,24.96,0.04,0.1603,27689.1,69282.07,1.5509,1.5509,0.95,19.7875,16.9674,2.0761,3.1009,2.813,2.0,2.8,55882.35,17853.9463,17853.9463,1397058.75,446348.6575,27.46,22.46,1.0267
605507,国邦医药,化学制药,浙江,20210802,605507.SH,20220916,25.57,25.84,24.92,24.96,25.69,-0.73,-2.8416,29797.0,75677.085,1.6689,1.6689,0.83,19.7559,16.9403,2.0727,3.0959,2.8085,2.0032,2.8045,55882.35,17853.9463,17853.9463,1394823.456,445634.4996,28.26,23.12,1.0267
605507,国邦医药,化学制药,浙江,20210802,605507.SH,20220915,26.23,26.25,25.33,25.69,25.95,-0.26,-1.0019,27517.61,71022.896,1.5413,1.5413,0.57,20.3337,17.4357,2.1334,3.1865,2.8906,1.9463,2.7248,55882.35,17853.9463,17853.9463,1435617.5715,458667.8804,28.55,23.36,1.0267
605507,国邦医药,化学制药,浙江,20210802,605507.SH,20220914,25.71,26.39,25.43,25.95,26.07,-0.12,-0.4603,26445.94,68492.203,1.4812,1.4812,0.49,20.5394,17.6122,2.1549,3.2187,2.9199,1.9268,2.6975,55882.35,17853.9463,17853.9463,1450146.9825,463309.9065,28.68,23.46,1.0267
605507,国邦医药,化学制药,浙江,20210802,605507.SH,20220913,25.72,26.45,25.58,26.07,25.81,0.26,1.0074,34860.5,90871.675,1.9525,1.9525,0.67,20.6344,17.6936,2.1649,3.2336,2.9334,1.9179,2.6851,55882.35,17853.9463,17853.9463,1456852.8645,465452.38,28.39,23.23,1.0267
605507,国邦医药,化学制药,浙江,20210802,605507.SH,20220909,25.64,26.11,25.62,25.81,25.9,-0.09,-0.3475,27478.45,71067.776,1.5391,1.5391,0.51,20.4286,17.5172,2.1433,3.2014,2.9041,1.9372,2.7121,55882.35,17853.9463,17853.9463,1442323.4535,460810.354,28.49,23.31,1.0267
605507,国邦医药,化学制药,浙江,20210802,605507.SH,20220908,26.07,26.73,25.51,25.9,26.07,-0.17,-0.6521,62312.99,162376.022,3.4902,3.4902,1.27,20.4999,17.5782,2.1508,3.2125,2.9143,1.9305,2.7027,55882.35,17853.9463,17853.9463,1447352.865,462417.2092,28.68,23.46,1.0267
605507,国邦医药,化学制药,浙江,20210802,605507.SH,20220907,25.8,26.9,25.5,26.07,25.4,0.67,2.6378,90243.62,237742.249,5.0545,5.0545,2.25,20.6344,17.6936,2.1649,3.2336,2.9334,1.9179,2.6851,55882.35,17853.9463,17853.9463,1456852.8645,465452.38,27.94,22.86,1.0267
605507,国邦医药,化学制药,浙江,20210802,605507.SH,20220906,24.58,25.49,24.33,25.4,24.45,0.95,3.8855,52949.0,132506.351,2.9657,2.9657,1.33,20.1041,17.2389,2.1093,3.1505,2.858,1.9685,2.7559,55882.35,17853.9463,17853.9463,1419411.69,453490.236,26.9,22.01,1.0267
605507,国邦医药,化学制药,浙江,20210802,605507.SH,20220905,24.66,24.66,24.15,24.45,24.39,0.06,0.246,26749.12,65316.726,1.4982,1.4982,0.52,19.3522,16.5941,2.0304,3.0327,2.7511,2.045,2.863,55882.35,17853.9463,17853.9463,1366323.4575,436528.987,26.83,21.95,1.0267
605507,国邦医药,化学制药,浙江,20210802,605507.SH,20220902,24.75,24.98,24.24,24.39,24.79,-0.4,-1.6136,35119.84,86051.675,1.9671,1.9671,0.65,19.3047,16.5534,2.0254,3.0252,2.7444,2.05,2.87,55882.35,17853.9463,17853.9463,1362970.5165,435457.7503,27.27,22.31,1.0267
605507,国邦医药,化学制药,浙江,20210802,605507.SH,20220901,24.64,25.24,24.32,24.79,24.6,0.19,0.7724,40634.02,101015.886,2.2759,2.2759,0.71,19.6213,16.8249,2.0586,3.0748,2.7894,2.0169,2.8237,55882.35,17853.9463,17853.9463,1385323.4565,442599.3288,27.06,22.14,1.0267
605507,国邦医药,化学制药,浙江,20210802,605507.SH,20220831,25.3,25.5,24.5,24.6,25.35,-0.75,-2.9586,44691.04,111216.167,2.5031,2.5031,0.76,19.4709,16.6959,2.0428,3.0513,2.768,2.0325,2.8455,55882.35,17853.9463,17853.9463,1374705.81,439207.079,27.89,22.82,1.0267
605507,国邦医药,化学制药,浙江,20210802,605507.SH,20220830,25.35,25.71,25.05,25.35,25.61,-0.26,-1.0152,51713.68,131016.931,2.8965,2.8965,0.8,20.0645,17.205,2.1051,3.1443,2.8524,1.9724,2.7613,55882.35,17853.9463,17853.9463,1416617.5725,452597.5387,28.17,23.05,1.0267
605507,国邦医药,化学制药,浙江,20210802,605507.SH,20220829,24.4,25.78,24.09,25.61,24.45,1.16,4.7444,83478.92,209858.254,4.6757,4.6757,1.16,20.2703,17.3814,2.1267,3.1765,2.8816,1.9524,2.7333,55882.35,17853.9463,17853.9463,1431146.9835,457239.5647,26.9,22.01,1.0267
605507,国邦医药,化学制药,浙江,20210802,605507.SH,20220826,24.01,24.5,23.9,24.45,24.2,0.25,1.0331,50532.0,122840.536,2.8303,2.8303,0.78,19.3522,16.5941,2.0304,3.0327,2.7511,2.045,2.863,55882.35,17853.9463,17853.9463,1366323.4575,436528.987,26.62,21.78,1.0267
605507,国邦医药,化学制药,浙江,20210802,605507.SH,20220825,23.56,24.39,23.55,24.2,23.61,0.59,2.4989,55103.19,132128.659,3.0863,3.0863,0.98,19.1543,16.4245,2.0096,3.0017,2.723,2.0661,2.8926,55882.35,17853.9463,17853.9463,1352352.87,432065.5005,25.97,21.25,1.0267
605507,国邦医药,化学制药,浙江,20210802,605507.SH,20220824,23.94,24.22,23.46,23.61,24.04,-0.43,-1.7887,52134.02,124320.405,2.92,2.92,1.06,18.6873,16.024,1.9606,2.9285,2.6566,2.1177,2.9648,55882.35,17853.9463,17853.9463,1319382.2835,421531.6721,26.44,21.64,1.0267
605507,国邦医药,化学制药,浙江,20210802,605507.SH,20220823,23.86,24.35,23.59,24.04,23.78,0.26,1.0934,80135.93,192626.229,4.4884,4.4884,2.21,19.0277,16.3159,1.9963,2.9818,2.705,2.0799,2.9118,55882.35,17853.9463,17853.9463,1343411.694,429208.8691,26.16,21.4,1.0267
605507,国邦医药,化学制药,浙江,20210802,605507.SH,20220822,23.27,24.0,22.58,23.78,21.95,1.83,8.3371,122165.69,285760.491,6.8425,6.8425,8.31,18.8219,16.1394,1.9747,2.9496,2.6757,2.1026,2.9437,55882.35,17853.9463,17853.9463,1328882.283,424566.843,24.15,19.76,1.0267
605507,国邦医药,化学制药,浙江,20210802,605507.SH,20220819,22.0,22.15,21.95,21.95,22.0,-0.05,-0.2273,14307.07,31520.509,0.8013,0.8013,0.77,17.3734,17.0051,1.9063,2.7226,2.7023,2.2779,3.1891,55882.35,17853.9463,17853.9463,1226617.5825,391894.1213,24.2,19.8,1.0267
605507,国邦医药,化学制药,浙江,20210802,605507.SH,20220818,22.15,22.15,21.92,22.0,22.14,-0.14,-0.6323,11669.58,25655.667,0.6536,0.6536,0.53,17.413,17.0438,1.9106,2.7288,2.7084,2.2727,3.1818,55882.35,17853.9463,17853.9463,1229411.7,392786.8186,24.35,19.93,1.0267
605507,国邦医药,化学制药,浙江,20210802,605507.SH,20220817,22.0,22.16,22.0,22.14,22.06,0.08,0.3626,16845.0,37251.186,0.9435,0.9435,0.73,17.5238,17.1523,1.9228,2.7461,2.7257,2.2584,3.1617,55882.35,17853.9463,17853.9463,1237235.229,395286.3711,24.27,19.85,1.0267
605507,国邦医药,化学制药,浙江,20210802,605507.SH,20220816,21.98,22.08,21.93,22.06,21.93,0.13,0.5928,16036.0,35297.389,0.8982,0.8982,0.67,17.4605,17.0903,1.9158,2.7362,2.7158,2.2665,3.1732,55882.35,17853.9463,17853.9463,1232764.641,393858.0554,24.12,19.74,1.0267
605507,国邦医药,化学制药,浙江,20210802,605507.SH,20220815,22.1,22.13,21.78,21.93,22.04,-0.11,-0.4991,14636.02,32077.582,0.8198,0.8198,0.59,17.3576,16.9896,1.9045,2.7201,2.6998,2.28,3.192,55882.35,17853.9463,17853.9463,1225499.9355,391537.0424,24.24,19.84,1.0267
605507,国邦医药,化学制药,浙江,20210802,605507.SH,20220812,22.0,22.39,21.94,22.04,21.97,0.07,0.3186,34277.98,75930.307,1.9199,1.9199,1.67,17.4447,17.0748,1.9141,2.7337,2.7134,2.2686,3.176,55882.35,17853.9463,17853.9463,1231646.994,393500.9765,24.17,19.77,1.0267
605507,国邦医药,化学制药,浙江,20210802,605507.SH,20220811,21.72,22.16,21.71,21.97,21.65,0.32,1.4781,29176.6,64147.398,1.6342,1.6342,1.72,17.3893,17.0206,1.908,2.7251,2.7047,2.2758,3.1862,55882.35,17853.9463,17853.9463,1227735.2295,392251.2002,23.82,19.49,1.0267
605507,国邦医药,化学制药,浙江,20210802,605507.SH,20220810,21.97,21.97,21.57,21.65,21.99,-0.34,-1.5462,20730.29,45040.244,1.1611,1.1611,1.32,17.136,16.7726,1.8802,2.6854,2.6654,2.3095,3.2333,55882.35,17853.9463,17853.9463,1209852.8775,386537.9374,24.19,19.79,1.0267
605507,国邦医药,化学制药,浙江,20210802,605507.SH,20220809,22.22,22.3,21.82,21.99,22.22,-0.23,-1.0351,21584.24,47355.175,1.2089,1.2089,1.09,17.4051,17.0361,1.9097,2.7275,2.7072,2.2738,3.1833,55882.35,17853.9463,17853.9463,1228852.8765,392608.2791,24.44,20.0,1.0267
605507,国邦医药,化学制药,浙江,20210802,605507.SH,20220808,22.28,22.4,22.18,22.22,22.1,0.12,0.543,18132.99,40390.408,1.0156,1.0156,0.99,17.5871,17.2142,1.9297,2.7561,2.7355,2.2502,3.1503,55882.35,17853.9463,17853.9463,1241705.817,396714.6868,24.31,19.89,1.0267
605507,国邦医药,化学制药,浙江,20210802,605507.SH,20220805,21.91,22.11,21.87,22.1,21.9,0.2,0.9132,12928.0,28449.391,0.7241,0.7241,0.71,17.4922,17.1213,1.9193,2.7412,2.7208,2.2624,3.1674,55882.35,17853.9463,17853.9463,1234999.935,394572.2132,24.09,19.71,1.0267
605507,国邦医药,化学制药,浙江,20210802,605507.SH,20220804,21.79,22.02,21.58,21.9,21.71,0.19,0.8752,11239.38,24503.402,0.6295,0.6295,0.62,17.3339,16.9663,1.9019,2.7164,2.6961,2.2831,3.1963,55882.35,17853.9463,17853.9463,1223823.465,391001.424,23.88,19.54,1.0267
605507,国邦医药,化学制药,浙江,20210802,605507.SH,20220803,21.98,22.21,21.69,21.71,21.89,-0.18,-0.8223,14435.01,31782.071,0.8085,0.8085,0.81,17.1835,16.8191,1.8854,2.6928,2.6727,2.3031,3.2243,55882.35,17853.9463,17853.9463,1213205.8185,387609.1742,24.08,19.7,1.0267
605507,国邦医药,化学制药,浙江,20210802,605507.SH,20220802,23.09,23.09,21.38,21.89,23.38,-1.49,-6.373,41946.78,92572.148,2.3494,2.3494,3.53,17.326,16.9586,1.901,2.7151,2.6949,2.2841,3.1978,55882.35,17853.9463,17853.9463,1223264.6415,390822.8845,25.72,21.04,1.0267
605507,国邦医药,化学制药,浙江,20210802,605507.SH,20220801,23.55,23.58,23.36,23.38,23.55,-0.17,-0.7219,11368.91,26658.232,1.3563,1.3563,0.95,18.5053,18.1129,2.0304,2.9,2.8783,2.1386,2.994,55882.35,8382.35,8382.35,1306529.343,195979.343,25.91,21.2,1.0267
605507,国邦医药,化学制药,浙江,20210802,605507.SH,20220729,23.69,23.85,23.52,23.55,23.69,-0.14,-0.591,12002.0,28326.788,1.4318,1.4318,0.96,18.6398,18.2446,2.0452,2.921,2.8993,2.1231,2.9724,55882.35,8382.35,8382.35,1316029.3425,197404.3425,26.06,21.32,1.0267
605507,国邦医药,化学制药,浙江,20210802,605507.SH,20220728,23.8,23.9,23.67,23.69,23.78,-0.09,-0.3785,11365.0,27038.134,1.3558,1.3558,0.83,18.7507,18.3531,2.0574,2.9384,2.9165,2.1106,2.9548,55882.35,8382.35,8382.35,1323852.8715,198577.8715,26.16,21.4,1.0267
605507,国邦医药,化学制药,浙江,20210802,605507.SH,20220727,23.51,23.8,23.47,23.78,23.58,0.2,0.8482,12515.0,29611.522,1.493,1.493,0.85,18.8219,18.4228,2.0652,2.9496,2.9276,2.1026,2.9437,55882.35,8382.35,8382.35,1328882.283,199332.283,25.94,21.22,1.0267
605507,国邦医药,化学制药,浙江,20210802,605507.SH,20220726,23.7,23.73,23.36,23.58,23.61,-0.03,-0.1271,12243.0,28745.38,1.4606,1.4606,0.69,18.6636,18.2679,2.0478,2.9248,2.903,2.1204,2.9686,55882.35,8382.35,8382.35,1317705.813,197655.813,25.97,21.25,1.0267
605507,国邦医药,化学制药,浙江,20210802,605507.SH,20220725,23.77,23.98,23.57,23.61,23.77,-0.16,-0.6731,11518.02,27328.903,1.3741,1.3741,0.66,18.6873,18.2911,2.0504,2.9285,2.9067,2.1177,2.9648,55882.35,8382.35,8382.35,1319382.2835,197907.2835,26.15,21.39,1.0267
605507,国邦医药,化学制药,浙江,20210802,605507.SH,20220722,24.13,24.24,23.6,23.77,23.98,-0.21,-0.8757,14725.0,35137.527,1.7567,1.7567,0.88,18.814,18.4151,2.0643,2.9483,2.9263,2.1035,2.9449,55882.35,8382.35,8382.35,1328323.4595,199248.4595,26.38,21.58,1.0267
605507,国邦医药,化学制药,浙江,20210802,605507.SH,20220721,24.25,24.25,23.95,23.98,24.27,-0.29,-1.1949,17716.38,42581.733,2.1135,2.1135,1.15,18.9802,18.5777,2.0825,2.9744,2.9522,2.0851,2.9191,55882.35,8382.35,8382.35,1340058.753,201008.753,26.7,21.84,1.0267
605507,国邦医药,化学制药,浙江,20210802,605507.SH,20220720,24.26,24.35,24.11,24.27,24.26,0.01,0.0412,17516.0,42397.067,2.0896,2.0896,1.23,19.2097,18.8024,2.1077,3.0103,2.9879,2.0602,2.8842,55882.35,8382.35,8382.35,1356264.6345,203439.6345,26.69,21.83,1.0267
605507,国邦医药,化学制药,浙江,20210802,605507.SH,20220719,23.59,24.38,23.44,24.26,23.54,0.72,3.0586,27420.49,65702.31,3.2712,3.2712,2.08,19.2018,18.7947,2.1069,3.0091,2.9867,2.061,2.8854,55882.35,8382.35,8382.35,1355705.811,203355.811,25.89,21.19,1.0267
605507,国邦医药,化学制药,浙江,20210802,605507.SH,20220718,23.13,23.59,23.13,23.54,23.3,0.24,1.03,9950.02,23311.674,1.187,1.187,0.62,18.6319,18.2369,2.0443,2.9198,2.898,2.124,2.9737,55882.35,8382.35,8382.35,1315470.519,197320.519,25.63,20.97,1.0267
605507,国邦医药,化学制药,浙江,20210802,605507.SH,20220715,23.51,23.7,23.28,23.3,23.63,-0.33,-1.3965,10879.81,25523.979,1.2979,1.2979,0.66,18.442,18.0509,2.0235,2.89,2.8685,2.1459,3.0043,55882.35,8382.35,8382.35,1302058.755,195308.755,25.99,21.27,1.0267
605507,国邦医药,化学制药,浙江,20210802,605507.SH,20220714,23.42,23.68,23.3,23.63,23.37,0.26,1.1125,11229.49,26415.601,1.3397,1.3397,0.67,18.7032,18.3066,2.0522,2.931,2.9091,2.116,2.9623,55882.35,8382.35,8382.35,1320499.9305,198074.9305,25.71,21.03,1.0267
605507,国邦医药,化学制药,浙江,20210802,605507.SH,20220713,23.42,23.52,23.28,23.37,23.38,-0.01,-0.0428,11593.37,27118.297,1.3831,1.3831,0.67,18.4974,18.1052,2.0296,2.8987,2.8771,2.1395,2.9953,55882.35,8382.35,8382.35,1305970.5195,195895.5195,25.72,21.04,1.0267
605507,国邦医药,化学制药,浙江,20210802,605507.SH,20220712,24.01,24.03,23.38,23.38,24.13,-0.75,-3.1082,22168.0,52410.984,2.6446,2.6446,1.3,18.5053,18.1129,2.0304,2.9,2.8783,2.1386,2.994,55882.35,8382.35,8382.35,1306529.343,195979.343,26.54,21.72,1.0267
605507,国邦医药,化学制药,浙江,20210802,605507.SH,20220711,24.0,24.36,23.88,24.13,23.97,0.16,0.6675,23958.15,57702.817,2.8582,2.8582,1.5,19.0989,18.694,2.0956,2.993,2.9707,2.0721,2.901,55882.35,8382.35,8382.35,1348441.1055,202266.1055,26.37,21.57,1.0267
605507,国邦医药,化学制药,浙江,20210802,605507.SH,20220708,23.8,24.18,23.78,23.97,23.82,0.15,0.6297,13184.14,31579.019,1.5728,1.5728,0.83,18.9723,18.57,2.0817,2.9731,2.951,2.0859,2.9203,55882.35,8382.35,8382.35,1339499.9295,200924.9295,26.2,21.44,1.0267
605507,国邦医药,化学制药,浙江,20210802,605507.SH,20220707,23.95,24.01,23.8,23.82,23.95,-0.13,-0.5428,12737.14,30421.799,1.5195,1.5195,0.77,18.8535,18.4538,2.0687,2.9545,2.9325,2.0991,2.9387,55882.35,8382.35,8382.35,1331117.577,199667.577,26.35,21.56,1.0267
605507,国邦医药,化学制药,浙江,20210802,605507.SH,20220706,24.05,24.26,23.86,23.95,24.17,-0.22,-0.9102,14057.88,33710.717,1.6771,1.6771,0.81,18.9564,18.5545,2.0799,2.9707,2.9485,2.0877,2.9228,55882.35,8382.35,8382.35,1338382.2825,200757.2825,26.59,21.75,1.0267
605507,国邦医药,化学制药,浙江,20210802,605507.SH,20220705,24.41,24.42,23.91,24.17,24.42,-0.25,-1.0238,21059.02,50798.651,2.5123,2.5123,1.27,19.1306,18.7249,2.099,2.9979,2.9756,2.0687,2.8962,55882.35,8382.35,8382.35,1350676.3995,202601.3995,26.86,21.98,1.0267
605507,国邦医药,化学制药,浙江,20210802,605507.SH,20220704,24.15,24.49,24.07,24.42,24.13,0.29,1.2018,18722.0,45572.668,2.2335,2.2335,1.12,19.3284,18.9186,2.1208,3.0289,3.0064,2.0475,2.8665,55882.35,8382.35,8382.35,1364646.987,204696.987,26.54,21.72,1.0267
605507,国邦医药,化学制药,浙江,20210802,605507.SH,20220701,24.13,24.26,23.92,24.13,24.15,-0.02,-0.0828,12932.0,31176.259,1.5428,1.5428,0.71,19.0989,18.694,2.0956,2.993,2.9707,2.0721,2.901,55882.35,8382.35,8382.35,1348441.1055,202266.1055,26.57,21.74,1.0267
605507,国邦医药,化学制药,浙江,20210802,605507.SH,20220630,23.88,24.22,23.85,24.15,23.85,0.3,1.2579,15751.0,37925.332,1.8791,1.8791,0.9,19.1147,18.7094,2.0973,2.9955,2.9731,2.0704,2.8986,55882.35,8382.35,8382.35,1349558.7525,202433.7525,26.24,21.47,1.0267
605507,国邦医药,化学制药,浙江,20210802,605507.SH,20220629,24.38,24.38,23.84,23.85,24.21,-0.36,-1.487,18681.89,45004.397,2.2287,2.2287,1.1,18.8773,18.477,2.0713,2.9582,2.9362,2.0964,2.935,55882.35,8382.35,8382.35,1332794.0475,199919.0475,26.63,21.79,1.0267
605507,国邦医药,化学制药,浙江,20210802,605507.SH,20220628,24.05,24.36,23.8,24.21,24.06,0.15,0.6234,16908.15,40715.257,2.0171,2.0171,0.96,19.1622,18.7559,2.1025,3.0029,2.9805,2.0653,2.8914,55882.35,8382.35,8382.35,1352911.6935,202936.6935,26.47,21.65,1.0267
605507,国邦医药,化学制药,浙江,20210802,605507.SH,20220627,24.11,24.35,23.96,24.06,24.05,0.01,0.0416,19600.95,47277.663,2.3384,2.3384,0.99,19.0435,18.6397,2.0895,2.9843,2.9621,2.0781,2.9094,55882.35,8382.35,8382.35,1344529.341,201679.341,26.46,21.65,1.0267
605507,国邦医药,化学制药,浙江,20210802,605507.SH,20220624,23.78,24.14,23.78,24.05,23.78,0.27,1.1354,19588.58,47048.496,2.3369,2.3369,1.05,19.0356,18.632,2.0886,2.9831,2.9608,2.079,2.9106,55882.35,8382.35,8382.35,1343970.5175,201595.5175,26.16,21.4,1.0267
605507,国邦医药,化学制药,浙江,20210802,605507.SH,20220623,23.57,23.84,23.44,23.78,23.6,0.18,0.7627,12253.95,28965.487,1.4619,1.4619,0.63,18.8219,18.4228,2.0652,2.9496,2.9276,2.1026,2.9437,55882.35,8382.35,8382.35,1328882.283,199332.283,25.96,21.24,1.0267
605507,国邦医药,化学制药,浙江,20210802,605507.SH,20220622,23.88,24.06,23.53,23.6,23.89,-0.29,-1.2139,16906.59,40214.337,2.0169,2.0169,0.84,18.6794,18.2834,2.0495,2.9272,2.9054,2.1186,2.9661,55882.35,8382.35,8382.35,1318823.46,197823.46,26.28,21.5,1.0267
605507,国邦医药,化学制药,浙江,20210802,605507.SH,20220621,24.25,24.25,23.71,23.89,24.23,-0.34,-1.4032,19585.64,46921.642,2.3365,2.3365,0.95,18.909,18.508,2.0747,2.9632,2.9411,2.0929,2.9301,55882.35,8382.35,8382.35,1335029.3415,200254.3415,26.65,21.81,1.0267
605507,国邦医药,化学制药,浙江,20210802,605507.SH,20220620,23.6,24.31,23.6,24.23,23.62,0.61,2.5826,30357.53,72897.064,3.6216,3.6216,1.72,19.1781,18.7714,2.1043,3.0054,2.983,2.0636,2.889,55882.35,8382.35,8382.35,1354029.3405,203104.3405,25.98,21.26,1.0267
605507,国邦医药,化学制药,浙江,20210802,605507.SH,20220617,23.5,23.67,23.25,23.62,23.66,-0.04,-0.1691,14552.0,34204.727,1.736,1.736,0.84,18.6952,18.2988,2.0513,2.9297,2.9079,2.1169,2.9636,55882.35,8382.35,8382.35,1319941.107,197991.107,26.03,21.29,1.0267
605507,国邦医药,化学制药,浙江,20210802,605507.SH,20220616,23.51,23.74,23.46,23.66,23.51,0.15,0.638,15885.0,37530.785,1.8951,1.8951,0.94,18.7269,18.3298,2.0548,2.9347,2.9128,2.1133,2.9586,55882.35,8382.35,8382.35,1322176.401,198326.401,25.86,21.16,1.0267
605507,国邦医药,化学制药,浙江,20210802,605507.SH,20220615,23.38,23.76,23.32,23.51,23.38,0.13,0.556,20487.0,48306.957,2.4441,2.4441,1.19,18.6082,18.2136,2.0417,2.9161,2.8943,2.1268,2.9775,55882.35,8382.35,8382.35,1313794.0485,197069.0485,25.72,21.04,1.0267
605507,国邦医药,化学制药,浙江,20210802,605507.SH,20220614,23.42,23.45,22.75,23.38,23.54,-0.16,-0.6797,21750.02,50327.897,2.5947,2.5947,1.26,18.5053,18.1129,2.0304,2.9,2.8783,2.1386,2.994,55882.35,8382.35,8382.35,1306529.343,195979.343,25.89,21.19,1.0267
605507,国邦医药,化学制药,浙江,20210802,605507.SH,20220613,23.58,23.6,23.22,23.54,23.46,0.08,0.341,15802.76,37040.437,1.8852,1.8852,0.89,18.6319,18.2369,2.0443,2.9198,2.898,2.124,2.9737,55882.35,8382.35,8382.35,1315470.519,197320.519,25.81,21.11,1.0267
605507,国邦医药,化学制药,浙江,20210802,605507.SH,20220610,23.4,23.52,23.11,23.46,23.28,0.18,0.7732,12416.02,29044.708,1.4812,1.4812,0.67,18.5686,18.1749,2.0374,2.9099,2.8882,2.1313,2.9838,55882.35,8382.35,8382.35,1310999.931,196649.931,25.61,20.95,1.0267
605507,国邦医药,化学制药,浙江,20210802,605507.SH,20220609,23.82,23.83,23.37,23.48,23.86,-0.38,-1.5926,14486.9,34112.045,1.7283,1.7283,0.75,18.5844,18.1904,2.0043,2.9124,2.8906,2.1295,2.1295,55882.35,8382.35,8382.35,1312117.578,196817.578,26.25,21.47,1.018
605507,国邦医药,化学制药,浙江,20210802,605507.SH,20220608,24.0,24.1,23.49,23.86,24.0,-0.14,-0.5833,21415.0,50990.052,2.5548,2.5548,1.09,18.8852,18.4848,2.0367,2.9595,2.9374,2.0956,2.0956,55882.35,8382.35,8382.35,1333352.871,200002.871,26.4,21.6,1.018
605507,国邦医药,化学制药,浙江,20210802,605507.SH,20220607,23.93,24.04,23.63,24.0,23.8,0.2,0.8403,22432.7,53617.949,2.6762,2.6762,1.23,18.996,18.5932,2.0487,2.9769,2.9547,2.0833,2.0833,55882.35,8382.35,8382.35,1341176.4,201176.4,26.18,21.42,1.018
605507,国邦医药,化学制药,浙江,20210802,605507.SH,20220606,23.58,23.83,23.57,23.8,23.5,0.3,1.2766,18217.0,43228.57,2.1733,2.1733,1.04,18.8377,18.4383,2.0316,2.952,2.93,2.1008,2.1008,55882.35,8382.35,8382.35,1329999.93,199499.93,25.85,21.15,1.018
605507,国邦医药,化学制药,浙江,20210802,605507.SH,20220602,23.55,23.61,23.21,23.5,23.49,0.01,0.0426,15860.0,37116.408,1.8921,1.8921,0.9,18.6003,18.2059,2.006,2.9148,2.8931,2.1277,2.1277,55882.35,8382.35,8382.35,1313235.225,196985.225,25.84,21.14,1.018
605507,国邦医药,化学制药,浙江,20210802,605507.SH,20220601,23.34,23.61,23.19,23.49,23.31,0.18,0.7722,18164.04,42590.778,2.1669,2.1669,1.07,18.5924,18.1981,2.0052,2.9136,2.8919,2.1286,2.1286,55882.35,8382.35,8382.35,1312676.4015,196901.4015,25.64,20.98,1.018
605507,国邦医药,化学制药,浙江,20210802,605507.SH,20220531,22.96,23.44,22.6,23.31,22.87,0.44,1.9239,23892.0,55102.451,2.8503,2.8503,1.26,18.4499,18.0587,1.9898,2.8913,2.8697,2.145,2.145,55882.35,8382.35,8382.35,1302617.5785,195392.5785,25.16,20.58,1.018
605507,国邦医药,化学制药,浙江,20210802,605507.SH,20220530,22.92,23.1,22.59,22.87,22.91,-0.04,-0.1746,15243.17,34734.54,1.8185,1.8185,0.71,18.1016,17.7178,1.9522,2.8367,2.8155,2.1863,2.1863,55882.35,8382.35,8382.35,1278029.3445,191704.3445,25.2,20.62,1.018
605507,国邦医药,化学制药,浙江,20210802,605507.SH,20220527,23.0,23.22,22.81,22.91,23.0,-0.09,-0.3913,14479.17,33358.664,1.7273,1.7273,0.64,18.1333,17.7488,1.9557,2.8417,2.8205,2.1825,2.1825,55882.35,8382.35,8382.35,1280264.6385,192039.6385,25.3,20.7,1.018
605507,国邦医药,化学制药,浙江,20210802,605507.SH,20220526,23.07,23.29,22.68,23.0,23.03,-0.03,-0.1303,15968.98,36654.201,1.9051,1.9051,0.69,18.2045,17.8185,1.9633,2.8528,2.8316,2.1739,2.1739,55882.35,8382.35,8382.35,1285294.05,192794.05,25.33,20.73,1.018
605507,国邦医药,化学制药,浙江,20210802,605507.SH,20220525,23.13,23.2,22.69,23.03,22.86,0.17,0.7437,15292.81,35088.923,1.8244,1.8244,0.63,18.2283,17.8418,1.9659,2.8565,2.8352,2.1711,2.1711,55882.35,8382.35,8382.35,1286970.5205,193045.5205,25.15,20.57,1.018
605507,国邦医药,化学制药,浙江,20210802,605507.SH,20220524,24.14,24.2,22.82,22.86,24.12,-1.26,-5.2239,34044.7,79810.494,4.0615,4.0615,1.46,18.0937,17.7101,1.9514,2.8355,2.8143,2.1872,2.1872,55882.35,8382.35,8382.35,1277470.521,191620.521,26.53,21.71,1.018
605507,国邦医药,化学制药,浙江,20210802,605507.SH,20220523,23.58,24.2,23.56,24.12,23.48,0.64,2.7257,27609.0,66031.122,3.2937,3.2937,1.24,19.091,18.6862,2.0589,2.9917,2.9694,2.073,2.073,55882.35,8382.35,8382.35,1347882.282,202182.282,25.83,21.13,1.018
605507,国邦医药,化学制药,浙江,20210802,605507.SH,20220520,23.56,23.74,23.33,23.48,23.31,0.17,0.7293,19572.19,46007.435,2.3349,2.3349,0.85,18.5844,18.1904,2.0043,2.9124,2.8906,2.1295,2.1295,55882.35,8382.35,8382.35,1312117.578,196817.578,25.64,20.98,1.018
605507,国邦医药,化学制药,浙江,20210802,605507.SH,20220519,23.2,23.5,23.06,23.31,23.55,-0.24,-1.0191,19373.43,45051.417,2.3112,2.3112,0.8,18.4499,18.0587,1.9898,2.8913,2.8697,2.145,2.145,55882.35,8382.35,8382.35,1302617.5785,195392.5785,25.91,21.2,1.018
605507,国邦医药,化学制药,浙江,20210802,605507.SH,20220518,23.37,23.74,23.21,23.55,23.6,-0.05,-0.2119,20126.0,47450.348,2.401,2.401,0.73,18.6398,18.2446,2.0103,2.921,2.8993,2.1231,2.1231,55882.35,8382.35,8382.35,1316029.3425,197404.3425,25.96,21.24,1.018
605507,国邦医药,化学制药,浙江,20210802,605507.SH,20220517,23.6,23.94,22.96,23.6,23.81,-0.21,-0.882,29880.53,70006.753,3.5647,3.5647,1.09,18.6794,18.2834,2.0146,2.9272,2.9054,2.1186,2.1186,55882.35,8382.35,8382.35,1318823.46,197823.46,26.19,21.43,1.018
605507,国邦医药,化学制药,浙江,20210802,605507.SH,20220516,23.94,24.2,23.56,23.81,23.75,0.06,0.2526,22262.97,53099.632,2.6559,2.6559,0.77,18.8456,18.446,2.0325,2.9533,2.9313,2.1,2.1,55882.35,8382.35,8382.35,1330558.7535,199583.7535,26.13,21.38,1.018
605507,国邦医药,化学制药,浙江,20210802,605507.SH,20220513,23.55,23.93,23.46,23.75,23.52,0.23,0.9779,24008.0,56889.443,2.8641,2.8641,0.79,18.7981,18.3996,2.0274,2.9458,2.9239,2.1053,2.1053,55882.35,8382.35,8382.35,1327205.8125,199080.8125,25.87,21.17,1.018
605507,国邦医药,化学制药,浙江,20210802,605507.SH,20220512,23.1,23.59,22.9,23.52,23.25,0.27,1.1613,25303.58,59172.18,3.0187,3.0187,0.79,18.6161,18.2214,2.0077,2.9173,2.8956,2.1259,2.1259,55882.35,8382.35,8382.35,1314352.872,197152.872,25.58,20.93,1.018
605507,国邦医药,化学制药,浙江,20210802,605507.SH,20220511,23.23,23.95,23.17,23.25,23.34,-0.09,-0.3856,36030.0,85091.915,4.2983,4.2983,1.11,18.4024,18.0122,1.9847,2.8838,2.8623,2.1505,2.1505,55882.35,8382.35,8382.35,1299264.6375,194889.6375,25.67,21.01,1.018
605507,国邦医药,化学制药,浙江,20210802,605507.SH,20220510,23.0,23.4,22.79,23.34,23.24,0.1,0.4303,29920.7,69145.085,3.5695,3.5695,0.9,18.4736,18.0819,1.9924,2.895,2.8734,2.1422,2.1422,55882.35,8382.35,8382.35,1304294.049,195644.049,25.56,20.92,1.018
605507,国邦医药,化学制药,浙江,20210802,605507.SH,20220509,22.77,23.28,22.77,23.24,22.74,0.5,2.1988,29435.79,67941.757,3.5116,3.5116,0.89,18.3945,18.0045,1.9838,2.8826,2.8611,2.1515,2.1515,55882.35,8382.35,8382.35,1298705.814,194805.814,25.01,20.47,1.018
605507,国邦医药,化学制药,浙江,20210802,605507.SH,20220506,22.4,23.18,22.33,22.74,22.91,-0.17,-0.742,30573.62,69723.108,3.6474,3.6474,0.94,17.9987,17.6171,1.9411,2.8206,2.7995,2.1988,2.1988,55882.35,8382.35,8382.35,1270764.639,190614.639,25.2,20.62,1.018
605507,国邦医药,化学制药,浙江,20210802,605507.SH,20220505,22.6,23.19,22.34,22.91,22.71,0.2,0.8807,34207.53,78026.889,4.0809,4.0809,1.05,18.1333,17.7488,1.9557,2.8417,2.8205,2.1825,2.1825,55882.35,8382.35,8382.35,1280264.6385,192039.6385,24.98,20.44,1.018
605507,国邦医药,化学制药,浙江,20210802,605507.SH,20220429,22.39,22.77,22.2,22.71,22.18,0.53,2.3895,38170.43,85890.123,4.5537,4.5537,1.28,17.975,17.5939,1.9386,2.8168,2.7959,2.2017,2.2017,55882.35,8382.35,8382.35,1269088.1685,190363.1685,24.4,19.96,1.018
605507,国邦医药,化学制药,浙江,20210802,605507.SH,20220428,22.29,23.19,21.98,22.18,22.11,0.07,0.3166,33100.95,74402.079,3.9489,3.9489,1.1,17.5555,17.1833,1.8933,2.7511,2.7306,2.2543,2.2543,55882.35,8382.35,8382.35,1239470.523,185920.523,24.32,19.9,1.018
605507,国邦医药,化学制药,浙江,20210802,605507.SH,20220427,21.32,22.38,21.06,22.11,21.7,0.41,1.8894,28570.63,62102.779,3.4084,3.4084,0.96,17.5001,17.5001,1.947,2.7424,2.7424,2.2614,2.2614,55882.35,8382.35,8382.35,1235558.7585,185333.7585,23.87,19.53,1.018
605507,国邦医药,化学制药,浙江,20210802,605507.SH,20220426,22.4,22.85,21.53,21.7,22.45,-0.75,-3.3408,28948.0,64096.219,3.4534,3.4534,1.07,17.1756,17.1756,1.9109,2.6916,2.6916,2.3041,2.3041,55882.35,8382.35,8382.35,1212646.995,181896.995,24.7,20.21,1.018
605507,国邦医药,化学制药,浙江,20210802,605507.SH,20220425,24.06,24.48,22.43,22.45,24.55,-2.1,-8.554,34315.46,80173.202,4.0938,4.0938,1.4,17.7692,17.7692,1.9769,2.7846,2.7846,2.2272,2.2272,55882.35,8382.35,8382.35,1254558.7575,188183.7575,27.01,22.1,1.018
605507,国邦医药,化学制药,浙江,20210802,605507.SH,20220422,25.1,25.16,24.48,24.55,25.1,-0.55,-2.1912,23741.58,58554.769,2.8323,2.8323,0.97,19.4313,19.4313,2.1618,3.0451,3.0451,2.0367,2.0367,55882.35,8382.35,8382.35,1371911.6925,205786.6925,27.61,22.59,1.018
605507,国邦医药,化学制药,浙江,20210802,605507.SH,20220421,26.04,26.29,25.03,25.1,26.16,-1.06,-4.052,34821.02,89059.041,4.1541,4.1541,1.58,19.8667,19.8667,2.2103,3.1133,3.1133,1.992,1.992,55882.35,8382.35,8382.35,1402646.985,210396.985,28.78,23.54,1.018
605507,国邦医药,化学制药,浙江,20210802,605507.SH,20220420,26.92,27.18,26.01,26.16,26.94,-0.78,-2.8953,26642.58,70921.675,3.1784,3.1784,1.02,20.7057,20.7057,2.3036,3.2448,3.2448,1.9113,1.9113,55882.35,8382.35,8382.35,1461882.276,219282.276,29.63,24.25,1.018
605507,国邦医药,化学制药,浙江,20210802,605507.SH,20220419,27.17,27.3,26.8,26.94,27.16,-0.22,-0.81,16353.67,44190.104,1.951,1.951,0.58,21.323,21.323,2.3723,3.3415,3.3415,1.856,1.856,55882.35,8382.35,8382.35,1505470.509,225820.509,29.88,24.44,1.018
605507,国邦医药,化学制药,浙江,20210802,605507.SH,20220418,26.91,27.26,26.47,27.16,27.03,0.13,0.4809,20939.89,56265.877,2.4981,2.4981,0.67,21.4972,21.4972,2.3917,3.3688,3.3688,1.8409,1.8409,55882.35,8382.35,8382.35,1517764.626,227664.626,29.73,24.33,1.018
605507,国邦医药,化学制药,浙江,20210802,605507.SH,20220415,26.7,27.2,26.52,27.03,26.97,0.06,0.2225,23846.73,64199.655,2.8449,2.8449,0.71,18.6481,21.7705,2.4517,3.591,3.5349,1.8498,1.8498,55882.35,8382.35,8382.35,1510499.9205,226574.9205,29.67,24.27,1.018
605507,国邦医药,化学制药,浙江,20210802,605507.SH,20220414,26.83,27.21,26.74,26.97,26.66,0.31,1.1628,22237.09,60098.952,2.6528,2.6528,0.55,18.6068,21.7222,2.4462,3.5831,3.5271,1.8539,1.8539,55882.35,8382.35,8382.35,1507146.9795,226071.9795,29.33,23.99,1.018
605507,国邦医药,化学制药,浙江,20210802,605507.SH,20220413,27.92,27.94,26.59,26.66,27.9,-1.24,-4.4444,47856.68,129452.2,5.7092,5.7092,1.2,18.3929,21.4725,2.4181,3.5419,3.4865,1.8755,1.8755,55882.35,8382.35,8382.35,1489823.451,223473.451,30.69,25.11,1.018
605507,国邦医药,化学制药,浙江,20210802,605507.SH,20220412,27.5,27.95,27.4,27.9,27.53,0.37,1.344,25207.58,69917.183,3.0072,3.0072,0.52,19.2484,22.4712,2.5306,3.7066,3.6487,1.7921,1.7921,55882.35,8382.35,8382.35,1559117.565,233867.565,30.28,24.78,1.018
605507,国邦医药,化学制药,浙江,20210802,605507.SH,20220411,28.12,28.36,27.23,27.53,28.12,-0.59,-2.0982,36302.84,100982.51,4.3309,4.3309,0.58,18.9931,22.1732,2.497,3.6575,3.6003,1.8162,1.8162,55882.35,8382.35,8382.35,1538441.0955,230766.0955,30.93,25.31,1.018
605507,国邦医药,化学制药,浙江,20210802,605507.SH,20220408,28.46,28.79,27.79,28.12,28.47,-0.35,-1.2294,35699.91,100283.746,4.2589,4.2589,0.46,19.4001,22.6484,2.5505,3.7358,3.6774,1.7781,1.7781,55882.35,8382.35,8382.35,1571411.682,235711.682,31.32,25.62,1.018
605507,国邦医药,化学制药,浙江,20210802,605507.SH,20220407,29.7,29.7,28.3,28.47,29.7,-1.23,-4.1414,58258.02,168008.553,6.9501,6.9501,0.64,19.6416,22.9303,2.5823,3.7823,3.7232,1.7562,1.7562,55882.35,8382.35,8382.35,1590970.5045,238645.5045,32.67,26.73,1.018
605507,国邦医药,化学制药,浙江,20210802,605507.SH,20220406,29.82,30.19,29.5,29.7,29.61,0.09,0.304,43736.0,130260.154,5.2176,5.2176,0.33,20.4902,23.921,2.6938,3.9457,3.8841,1.6835,1.6835,55882.35,8382.35,8382.35,1659705.795,248955.795,32.57,26.65,1.018
605507,国邦医药,化学制药,浙江,20210802,605507.SH,20220401,30.06,30.29,29.44,29.61,30.57,-0.96,-3.1403,67046.41,199894.972,7.9985,7.9985,0.42,20.4281,23.8485,2.6857,3.9338,3.8723,1.6886,1.6886,55882.35,8382.35,8382.35,1654676.3835,248201.3835,33.63,27.51,1.018
605507,国邦医药,化学制药,浙江,20210802,605507.SH,20220331,31.42,31.98,30.55,30.57,31.68,-1.11,-3.5038,110129.58,344321.019,13.1383,13.1383,0.64,21.0904,24.6217,2.7727,4.0613,3.9978,1.6356,1.6356,55882.35,8382.35,8382.35,1708323.4395,256248.4395,34.85,28.51,1.018
605507,国邦医药,化学制药,浙江,20210802,605507.SH,20220330,32.0,32.18,31.12,31.68,32.4,-0.72,-2.2222,108420.22,342761.866,12.9343,12.9343,0.53,21.8562,25.5157,2.8734,4.2088,4.143,1.5783,1.5783,55882.35,8382.35,8382.35,1770352.848,265552.848,35.64,29.16,1.018
605507,国邦医药,化学制药,浙江,20210802,605507.SH,20220329,32.64,33.66,31.76,32.4,32.7,-0.3,-0.9174,127796.72,417898.047,15.2459,15.2459,0.63,22.3529,26.0956,2.9387,4.3044,4.2372,1.5432,1.5432,55882.35,8382.35,8382.35,1810588.14,271588.14,35.97,29.43,1.018
605507,国邦医药,化学制药,浙江,20210802,605507.SH,20220328,37.0,37.92,32.62,32.7,35.38,-2.68,-7.5749,239740.42,834583.12,28.6006,28.6006,1.29,22.5599,26.3373,2.9659,4.3443,4.2764,1.5291,1.5291,55882.35,8382.35,8382.35,1827352.845,274102.845,38.92,31.84,1.018
605507,国邦医药,化学制药,浙江,20210802,605507.SH,20220325,32.08,35.38,31.66,35.38,32.16,3.22,10.0124,206537.19,698807.025,24.6395,24.6395,1.12,24.4089,28.4958,3.209,4.7004,4.6269,1.4132,1.4132,55882.35,8382.35,8382.35,1977117.543,296567.543,35.38,28.94,1.018
605507,国邦医药,化学制药,浙江,20210802,605507.SH,20220324,31.93,33.26,31.52,32.16,33.74,-1.58,-4.6829,176727.46,574104.595,21.0833,21.0833,0.87,22.1874,25.9023,2.917,4.2726,4.2058,1.5547,1.5547,55882.35,8382.35,8382.35,1797176.376,269576.376,37.11,30.37,1.018
605507,国邦医药,化学制药,浙江,20210802,605507.SH,20220323,31.4,34.54,31.39,33.74,31.4,2.34,7.4522,268209.16,908789.058,31.9969,31.9969,1.41,23.2774,27.1749,3.0603,4.4825,4.4124,1.4819,1.4819,55882.35,8382.35,8382.35,1885470.489,282820.489,34.54,28.26,1.018
605507,国邦医药,化学制药,浙江,20210802,605507.SH,20220322,33.02,34.0,31.0,31.4,33.74,-2.34,-6.9354,116780.05,373469.594,13.9317,13.9317,0.56,21.663,25.2902,2.848,4.1716,4.1064,1.5924,1.5924,55882.35,8382.35,8382.35,1754705.79,263205.79,37.11,30.37,1.018
605507,国邦医药,化学制药,浙江,20210802,605507.SH,20220321,33.0,35.05,32.96,33.74,33.68,0.06,0.1781,163288.41,552791.562,19.48,19.48,0.86,23.2774,27.1749,3.0603,4.4825,4.4124,1.4819,1.4819,55882.35,8382.35,8382.35,1885470.489,282820.489,37.05,30.31,1.018
605507,国邦医药,化学制药,浙江,20210802,605507.SH,20220318,34.0,35.27,32.25,33.68,33.45,0.23,0.6876,196205.4,661942.507,23.407,23.407,1.2,23.236,27.1266,3.0548,4.4745,4.4046,1.4846,1.4846,55882.35,8382.35,8382.35,1882117.548,282317.548,36.8,30.11,1.018
605507,国邦医药,化学制药,浙江,20210802,605507.SH,20220317,30.01,34.5,29.97,33.45,31.36,2.09,6.6645,269034.09,882155.355,32.0953,32.0953,2.23,23.0773,26.9413,3.034,4.4439,4.3745,1.4948,1.4948,55882.35,8382.35,8382.35,1869264.6075,280389.6075,34.5,28.22,1.018
605507,国邦医药,化学制药,浙江,20210802,605507.SH,20220316,31.84,33.23,29.42,31.36,30.81,0.55,1.7851,207330.53,649180.049,24.7342,24.7342,2.4,21.6354,25.258,2.8444,4.1663,4.1012,1.5944,1.5944,55882.35,8382.35,8382.35,1752470.496,262870.496,33.89,27.73,1.018
605507,国邦医药,化学制药,浙江,20210802,605507.SH,20220315,28.51,32.15,28.08,30.81,29.23,1.58,5.4054,213595.49,663836.354,25.4816,25.4816,3.71,21.256,24.815,2.7945,4.0932,4.0292,1.6228,1.6228,55882.35,8382.35,8382.35,1721735.2035,258260.2035,32.15,26.31,1.018
605507,国邦医药,化学制药,浙江,20210802,605507.SH,20220314,28.87,29.97,28.56,29.23,28.92,0.31,1.0719,61928.9,182357.469,7.388,7.388,1.02,20.1659,23.5424,2.6512,3.8833,3.8226,1.7106,1.7106,55882.35,8382.35,8382.35,1633441.0905,245016.0905,31.81,26.03,1.018
605507,国邦医药,化学制药,浙江,20210802,605507.SH,20220311,29.0,29.45,28.51,28.92,28.93,-0.01,-0.0346,62396.18,181069.395,7.4438,7.4438,0.86,19.9521,23.2928,2.6231,3.8421,3.7821,1.7289,1.7289,55882.35,8382.35,8382.35,1616117.562,242417.562,31.82,26.04,1.018
605507,国邦医药,化学制药,浙江,20210802,605507.SH,20220310,28.0,29.14,27.56,28.93,27.38,1.55,5.6611,58096.84,164626.134,6.9309,6.9309,0.89,19.959,23.3008,2.624,3.8434,3.7834,1.7283,1.7283,55882.35,8382.35,8382.35,1616676.3855,242501.3855,30.12,24.64,1.018
605507,国邦医药,化学制药,浙江,20210802,605507.SH,20220309,27.96,28.25,26.51,27.38,28.0,-0.62,-2.2143,35159.34,96267.254,4.1944,4.1944,0.58,18.8896,22.0524,2.4834,3.6375,3.5807,1.8262,1.8262,55882.35,8382.35,8382.35,1530058.743,229508.743,30.8,25.2,1.018
605507,国邦医药,化学制药,浙江,20210802,605507.SH,20220308,30.02,30.1,27.7,28.0,30.16,-2.16,-7.1618,70373.78,201593.352,8.3955,8.3955,1.41,19.3174,22.5518,2.5396,3.7199,3.6618,1.7857,1.7857,55882.35,8382.35,8382.35,1564705.8,234705.8,33.18,27.14,1.018
605507,国邦医药,化学制药,浙江,20210802,605507.SH,20220307,30.04,30.82,29.47,30.16,30.07,0.09,0.2993,78152.76,235417.41,9.3235,9.3235,1.95,20.8075,24.2915,2.7356,4.0069,3.9442,1.6578,1.6578,55882.35,8382.35,8382.35,1685411.676,252811.676,33.08,27.06,1.018
605507,国邦医药,化学制药,浙江,20210802,605507.SH,20220304,28.6,31.0,28.45,30.07,28.44,1.63,5.7314,119242.57,356181.843,14.2254,14.2254,5.07,20.7455,24.219,2.7274,3.9949,3.9325,1.6628,1.6628,55882.35,8382.35,8382.35,1680382.2645,252057.2645,31.28,25.6,1.018
605507,国邦医药,化学制药,浙江,20210802,605507.SH,20220303,28.07,28.58,27.98,28.44,28.07,0.37,1.3181,24041.6,67927.544,2.8681,2.8681,0.88,19.6209,22.9062,2.5795,3.7783,3.7193,1.7581,1.7581,55882.35,8382.35,8382.35,1589294.034,238394.034,30.88,25.26,1.018
605507,国邦医药,化学制药,浙江,20210802,605507.SH,20220302,28.0,28.3,27.7,28.07,28.08,-0.01,-0.0356,13700.02,38374.996,1.6344,1.6344,0.46,19.3656,22.6082,2.546,3.7292,3.6709,1.7813,1.7813,55882.35,8382.35,8382.35,1568617.5645,235292.5645,30.89,25.27,1.018
605507,国邦医药,化学制药,浙江,20210802,605507.SH,20220301,28.05,28.13,27.86,28.08,27.9,0.18,0.6452,14024.01,39229.2,1.673,1.673,0.42,19.3725,22.6162,2.5469,3.7305,3.6722,1.7806,1.7806,55882.35,8382.35,8382.35,1569176.388,235376.388,30.69,25.11,1.018
605507,国邦医药,化学制药,浙江,20210802,605507.SH,20220228,28.44,28.5,27.72,27.9,28.31,-0.41,-1.4483,29058.5,81216.106,3.4666,3.4666,0.82,19.2484,22.4712,2.5306,3.7066,3.6487,1.7921,1.7921,55882.35,8382.35,8382.35,1559117.565,233867.565,31.14,25.48,1.018
605507,国邦医药,化学制药,浙江,20210802,605507.SH,20220225,27.51,28.62,27.5,28.31,27.45,0.86,3.133,36677.47,102928.318,4.3756,4.3756,0.96,19.5312,22.8015,2.5678,3.7611,3.7023,1.7662,1.7662,55882.35,8382.35,8382.35,1582029.3285,237304.3285,30.2,24.71,1.018
605507,国邦医药,化学制药,浙江,20210802,605507.SH,20220224,28.41,28.63,27.08,27.45,28.48,-1.03,-3.6166,43172.7,120251.882,5.1504,5.1504,0.89,18.9379,22.1088,2.4898,3.6468,3.5898,1.8215,1.8215,55882.35,8382.35,8382.35,1533970.5075,230095.5075,31.33,25.63,1.018
605507,国邦医药,化学制药,浙江,20210802,605507.SH,20220223,28.49,28.76,28.38,28.48,28.48,0.0,0.0,26405.1,75303.068,3.1501,3.1501,0.51,19.6485,22.9384,2.5832,3.7837,3.7245,1.7556,1.7556,55882.35,8382.35,8382.35,1591529.328,238729.328,31.33,25.63,1.018
605507,国邦医药,化学制药,浙江,20210802,605507.SH,20220222,28.93,29.2,28.37,28.48,28.92,-0.44,-1.5214,30700.0,88076.748,3.6625,3.6625,0.46,19.6485,22.9384,2.5832,3.7837,3.7245,1.7556,1.7556,55882.35,8382.35,8382.35,1591529.328,238729.328,31.81,26.03,1.018
605507,国邦医药,化学制药,浙江,20210802,605507.SH,20220221,28.38,28.99,28.29,28.92,28.37,0.55,1.9387,40858.16,117384.066,4.8743,4.8743,0.56,19.9521,23.2928,2.6231,3.8421,3.7821,1.7289,1.7289,55882.35,8382.35,8382.35,1616117.562,242417.562,31.21,25.53,1.018
605507,国邦医药,化学制药,浙江,20210802,605507.SH,20220218,28.0,28.46,27.73,28.37,28.29,0.08,0.2828,49754.23,139781.489,5.9356,5.9356,0.66,19.5726,22.8498,2.5732,3.7691,3.7101,1.7624,1.7624,55882.35,8382.35,8382.35,1585382.2695,237807.2695,31.12,25.46,1.018
605507,国邦医药,化学制药,浙江,20210802,605507.SH,20220217,29.7,29.7,28.22,28.29,29.88,-1.59,-5.3213,93778.76,267896.544,11.1876,11.1876,1.4,19.5174,22.7853,2.5659,3.7584,3.6997,1.7674,1.7674,55882.35,8382.35,8382.35,1580911.6815,237136.6815,32.87,26.89,1.018
605507,国邦医药,化学制药,浙江,20210802,605507.SH,20220216,29.92,30.18,29.63,29.88,29.8,0.08,0.2685,42080.64,125495.983,5.0201,5.0201,0.63,20.6144,24.066,2.7102,3.9697,3.9076,1.6734,1.6734,55882.35,8382.35,8382.35,1669764.618,250464.618,32.78,26.82,1.018
605507,国邦医药,化学制药,浙江,20210802,605507.SH,20220215,31.3,31.5,29.63,29.8,32.0,-2.2,-6.875,106465.12,323426.373,12.7011,12.7011,1.98,20.5592,24.0015,2.7029,3.959,3.8972,1.6779,1.6779,55882.35,8382.35,8382.35,1665294.03,249794.03,35.2,28.8,1.018
605507,国邦医药,化学制药,浙江,20210802,605507.SH,20220214,31.3,33.99,31.3,32.0,31.3,0.7,2.2364,75202.25,245844.828,8.9715,8.9715,1.56,22.077,25.7735,2.9024,4.2513,4.1849,1.5625,1.5625,55882.35,8382.35,8382.35,1788235.2,268235.2,34.43,28.17,1.018
605507,国邦医药,化学制药,浙江,20210802,605507.SH,20220211,31.61,32.66,31.11,31.3,31.89,-0.59,-1.8501,59350.36,190004.316,7.0804,7.0804,1.13,21.594,25.2097,2.839,4.1583,4.0933,1.5974,1.5974,55882.35,8382.35,8382.35,1749117.555,262367.555,35.08,28.7,1.018
605507,国邦医药,化学制药,浙江,20210802,605507.SH,20220210,31.18,32.22,30.94,31.89,31.26,0.63,2.0154,51725.9,163819.753,6.1708,6.1708,0.83,22.0011,25.6849,2.8925,4.2367,4.1705,1.5679,1.5679,55882.35,8382.35,8382.35,1782088.1415,267313.1415,34.39,28.13,1.018
605507,国邦医药,化学制药,浙江,20210802,605507.SH,20220209,31.62,31.62,30.53,31.26,31.68,-0.42,-1.3258,42598.92,132324.085,5.082,5.082,0.53,21.5664,25.1774,2.8353,4.153,4.0881,1.5995,1.5995,55882.35,8382.35,8382.35,1746882.261,262032.261,34.85,28.51,1.018
605507,国邦医药,化学制药,浙江,20210802,605507.SH,20220208,31.59,31.93,30.85,31.68,31.5,0.18,0.5714,39805.12,124864.774,4.7487,4.7487,0.47,21.8562,25.5157,2.8734,4.2088,4.143,1.5783,1.5783,55882.35,8382.35,8382.35,1770352.848,265552.848,34.65,28.35,1.018
605507,国邦医药,化学制药,浙江,20210802,605507.SH,20220207,32.5,32.6,30.0,31.5,32.18,-0.68,-2.1131,47965.64,150166.315,5.7222,5.7222,0.56,21.732,25.3707,2.8571,4.1849,4.1195,1.5873,1.5873,55882.35,8382.35,8382.35,1760294.025,264044.025,35.4,28.96,1.018
605507,国邦医药,化学制药,浙江,20210802,605507.SH,20220128,31.89,33.49,31.32,32.18,31.73,0.45,1.4182,79366.5,257430.034,9.4683,9.4683,0.75,22.2012,25.9184,2.9188,4.2752,4.2084,1.5538,1.5538,55882.35,8382.35,8382.35,1798294.023,269744.023,34.9,28.56,1.018
605507,国邦医药,化学制药,浙江,20210802,605507.SH,20220127,31.73,32.55,30.98,31.73,31.33,0.4,1.2767,102582.65,325824.681,12.2379,12.2379,0.83,21.8907,25.556,2.878,4.2154,4.1496,1.5758,1.5758,55882.35,8382.35,8382.35,1773146.9655,265971.9655,34.46,28.2,1.018
605507,国邦医药,化学制药,浙江,20210802,605507.SH,20220126,29.0,31.79,29.0,31.33,28.9,2.43,8.4083,134342.68,417380.911,16.0269,16.0269,1.2,21.6147,25.2338,2.8417,4.1623,4.0972,1.5959,1.5959,55882.35,8382.35,8382.35,1750794.0255,262619.0255,31.79,26.01,1.018
605507,国邦医药,化学制药,浙江,20210802,605507.SH,20220125,29.38,30.65,28.9,28.9,29.55,-0.65,-2.1997,62138.37,185722.671,7.413,7.413,0.51,19.9383,23.2767,2.6213,3.8395,3.7795,1.7301,1.7301,55882.35,8382.35,8382.35,1614999.915,242249.915,32.51,26.6,1.018
605507,国邦医药,化学制药,浙江,20210802,605507.SH,20220124,29.72,30.42,29.38,29.55,30.2,-0.65,-2.1523,52064.8,155288.047,6.2112,6.2112,0.38,20.3867,23.8002,2.6802,3.9258,3.8645,1.692,1.692,55882.35,8382.35,8382.35,1651323.4425,247698.4425,33.22,27.18,1.018
605507,国邦医药,化学制药,浙江,20210802,605507.SH,20220121,31.19,31.96,30.2,30.2,32.9,-2.7,-8.2067,180123.54,559917.611,21.4884,21.4884,1.5,20.8351,24.3237,2.7392,4.0122,3.9495,1.6556,1.6556,55882.35,8382.35,8382.35,1687646.97,253146.97,36.19,29.61,1.018
605507,国邦医药,化学制药,浙江,20210802,605507.SH,20220120,31.3,32.9,31.3,32.9,29.91,2.99,9.9967,192654.83,629772.27,22.9834,22.9834,2.09,22.6979,26.4983,2.9841,4.3709,4.3026,1.5198,1.5198,55882.35,8382.35,8382.35,1838529.315,275779.315,32.9,26.92,1.018
605507,国邦医药,化学制药,浙江,20210802,605507.SH,20220119,30.9,31.18,29.7,29.91,31.67,-1.76,-5.5573,73951.23,223157.373,8.8223,8.8223,0.83,20.6351,24.0901,2.7129,3.9736,3.9115,1.6717,1.6717,55882.35,8382.35,8382.35,1671441.0885,250716.0885,34.84,28.5,1.018
605507,国邦医药,化学制药,浙江,20210802,605507.SH,20220118,32.16,33.35,30.77,31.67,31.88,-0.21,-0.6587,114456.85,365913.653,13.6545,13.6545,1.42,21.8493,25.5077,2.8725,4.2075,4.1417,1.5788,1.5788,55882.35,8382.35,8382.35,1769794.0245,265469.0245,35.07,28.69,1.018
605507,国邦医药,化学制药,浙江,20210802,605507.SH,20220117,30.85,32.32,30.11,31.88,30.84,1.04,3.3722,131274.49,412021.302,15.6608,15.6608,1.95,21.9942,25.6768,2.8916,4.2354,4.1692,1.5684,1.5684,55882.35,8382.35,8382.35,1781529.318,267229.318,33.92,27.76,1.018
605507,国邦医药,化学制药,浙江,20210802,605507.SH,20220114,29.49,31.05,29.27,30.84,29.67,1.17,3.9434,87148.25,264590.249,10.3966,10.3966,1.06,21.2767,24.8392,2.7972,4.0972,4.0332,1.6213,1.6213,55882.35,8382.35,8382.35,1723411.674,258511.674,32.64,26.7,1.018
605507,国邦医药,化学制药,浙江,20210802,605507.SH,20220113,30.39,30.69,29.61,29.67,30.35,-0.68,-2.2405,53769.66,161521.244,6.4146,6.4146,0.64,20.4695,23.8968,2.6911,3.9418,3.8802,1.6852,1.6852,55882.35,8382.35,8382.35,1658029.3245,248704.3245,33.39,27.32,1.018
605507,国邦医药,化学制药,浙江,20210802,605507.SH,20220112,30.32,30.63,29.88,30.35,30.65,-0.3,-0.9788,56314.11,170172.186,6.7182,6.7182,0.71,20.9386,24.4445,2.7528,4.0321,3.9691,1.6474,1.6474,55882.35,8382.35,8382.35,1696029.3225,254404.3225,33.72,27.59,1.018
605507,国邦医药,化学制药,浙江,20210802,605507.SH,20220111,30.45,31.58,30.3,30.65,30.47,0.18,0.5907,74666.71,230857.239,8.9076,8.9076,1.06,21.1456,24.6861,2.78,4.072,4.0083,1.6313,1.6313,55882.35,8382.35,8382.35,1712794.0275,256919.0275,33.52,27.42,1.018
605507,国邦医药,化学制药,浙江,20210802,605507.SH,20220110,30.99,30.99,30.09,30.47,31.08,-0.61,-1.9627,64764.3,198011.002,7.7263,7.7263,0.97,21.0214,24.5412,2.7637,4.048,3.9848,1.641,1.641,55882.35,8382.35,8382.35,1702735.2045,255410.2045,34.19,27.97,1.018
605507,国邦医药,化学制药,浙江,20210802,605507.SH,20220107,30.86,31.8,30.27,31.08,30.89,0.19,0.6151,161962.21,504938.594,19.3218,19.3218,4.23,21.4423,25.0325,2.819,4.1291,4.0645,1.6088,1.6088,55882.35,8382.35,8382.35,1736823.438,260523.438,33.98,27.8,1.018
605507,国邦医药,化学制药,浙江,20210802,605507.SH,20220106,27.99,30.89,27.97,30.89,28.08,2.81,10.0071,64495.43,193589.13,7.6942,7.6942,2.2,21.3112,24.8794,2.8018,4.1038,4.0397,1.6186,1.6186,55882.35,8382.35,8382.35,1726205.7915,258930.7915,30.89,25.27,1.018
605507,国邦医药,化学制药,浙江,20210802,605507.SH,20220105,28.71,28.78,27.9,28.08,28.82,-0.74,-2.5677,28237.03,79800.667,3.3686,3.3686,1.02,19.3725,22.6162,2.5469,3.7305,3.6722,1.7806,1.7806,55882.35,8382.35,8382.35,1569176.388,235376.388,31.7,25.94,1.018
605507,国邦医药,化学制药,浙江,20210802,605507.SH,20220104,28.78,29.39,28.66,28.82,28.83,-0.01,-0.0347,34299.11,99381.607,4.0918,4.0918,1.33,19.8831,23.2122,2.614,3.8288,3.769,1.7349,1.7349,55882.35,8382.35,8382.35,1610529.327,241579.327,31.71,25.95,1.018
605507,国邦医药,化学制药,浙江,20210802,605507.SH,20211231,28.09,29.49,28.02,28.83,28.01,0.82,2.9275,45429.35,131252.43,5.4196,5.4196,2.21,19.89,23.2203,2.6149,3.8302,3.7703,,1.7343,55882.35,8382.35,8382.35,1611088.1505,241663.1505,30.81,25.21,1.018
605507,国邦医药,化学制药,浙江,20210802,605507.SH,20211230,28.16,28.2,27.81,28.01,28.15,-0.14,-0.4973,19163.63,53586.772,2.2862,2.2862,0.85,19.3243,22.5598,2.5405,3.7212,3.6631,,1.7851,55882.35,8382.35,8382.35,1565264.6235,234789.6235,30.97,25.34,1.018
605507,国邦医药,化学制药,浙江,20210802,605507.SH,20211229,28.21,28.46,28.1,28.15,28.26,-0.11,-0.3892,19211.66,54381.137,2.2919,2.2919,0.66,19.4208,22.6726,2.5532,3.7398,3.6814,,1.7762,55882.35,8382.35,8382.35,1573088.1525,235963.1525,31.09,25.43,1.018
605507,国邦医药,化学制药,浙江,20210802,605507.SH,20211228,28.56,28.58,28.07,28.26,28.32,-0.06,-0.2119,20643.38,58351.17,2.4627,2.4627,0.69,19.4967,22.7612,2.5632,3.7544,3.6958,,1.7693,55882.35,8382.35,8382.35,1579235.211,236885.211,31.15,25.49,1.018
605507,国邦医药,化学制药,浙江,20210802,605507.SH,20211227,27.93,28.34,27.8,28.32,27.86,0.46,1.6511,24411.76,68746.032,2.9123,2.9123,0.91,19.5381,22.8095,2.5687,3.7624,3.7036,,1.7655,55882.35,8382.35,8382.35,1582588.152,237388.152,30.65,25.07,1.018
605507,国邦医药,化学制药,浙江,20210802,605507.SH,20211224,27.9,28.24,27.77,27.86,27.97,-0.11,-0.3933,19270.5,53903.083,2.2989,2.2989,0.75,19.2208,22.439,2.5269,3.7013,3.6434,,1.7947,55882.35,8382.35,8382.35,1556882.271,233532.271,30.77,25.17,1.018
605507,国邦医药,化学制药,浙江,20210802,605507.SH,20211223,28.31,28.46,27.9,27.97,28.46,-0.49,-1.7217,29834.63,83822.528,3.5592,3.5592,1.37,19.2967,22.5276,2.5369,3.7159,3.6578,,1.7876,55882.35,8382.35,8382.35,1563029.3295,234454.3295,31.31,25.61,1.018
605507,国邦医药,化学制药,浙江,20210802,605507.SH,20211222,27.93,28.96,27.82,28.46,27.97,0.49,1.7519,50363.07,143729.051,6.0082,6.0082,3.75,19.6347,22.9223,2.5814,3.781,3.7219,,1.7569,55882.35,8382.35,8382.35,1590411.681,238561.681,30.77,25.17,1.018
605507,国邦医药,化学制药,浙江,20210802,605507.SH,20211221,27.15,27.97,27.12,27.97,27.18,0.79,2.9065,25307.8,70065.66,3.0192,3.0192,2.16,19.2967,22.5276,2.5369,3.7159,3.6578,,1.7876,55882.35,8382.35,8382.35,1563029.3295,234454.3295,29.9,24.46,1.018
605507,国邦医药,化学制药,浙江,20210802,605507.SH,20211220,27.27,27.37,27.13,27.18,27.27,-0.09,-0.33,10094.95,27515.901,1.2043,1.2043,0.82,18.7516,21.8913,2.4653,3.611,3.5545,,1.8396,55882.35,8382.35,8382.35,1518882.273,227832.273,30.0,24.54,1.018
605507,国邦医药,化学制药,浙江,20210802,605507.SH,20211217,27.33,27.49,27.22,27.27,27.25,0.02,0.0734,13057.16,35662.832,1.5577,1.5577,1.18,18.8137,21.9638,2.4734,3.6229,3.5663,,1.8335,55882.35,8382.35,8382.35,1523911.6845,228586.6845,29.98,24.53,1.018
605507,国邦医药,化学制药,浙江,20210802,605507.SH,20211216,27.19,27.25,27.06,27.25,27.14,0.11,0.4053,10061.58,27337.115,1.2003,1.2003,0.95,18.7999,21.9477,2.4716,3.6203,3.5637,,1.8349,55882.35,8382.35,8382.35,1522794.0375,228419.0375,29.85,24.43,1.018
605507,国邦医药,化学制药,浙江,20210802,605507.SH,20211215,27.15,27.25,27.06,27.14,27.2,-0.06,-0.2206,8717.12,23659.491,1.0399,1.0399,0.85,18.724,21.8591,2.4616,3.6056,3.5493,,1.8423,55882.35,8382.35,8382.35,1516646.979,227496.979,29.92,24.48,1.018
605507,国邦医药,化学制药,浙江,20210802,605507.SH,20211214,27.11,27.35,26.83,27.2,27.15,0.05,0.1842,16735.09,45248.397,1.9965,1.9965,1.84,18.7654,21.9074,2.4671,3.6136,3.5571,,1.8382,55882.35,8382.35,8382.35,1519999.92,227999.92,29.87,24.44,1.018
605507,国邦医药,化学制药,浙江,20210802,605507.SH,20211213,27.3,27.3,27.11,27.15,27.34,-0.19,-0.695,12966.56,35240.746,1.5469,1.5469,1.4,18.7309,21.8672,2.4625,3.607,3.5506,,1.8416,55882.35,8382.35,8382.35,1517205.8025,227580.8025,30.07,24.61,1.018
605507,国邦医药,化学制药,浙江,20210802,605507.SH,20211210,27.4,27.48,27.28,27.34,27.4,-0.06,-0.219,7056.1,19309.685,0.8418,0.8418,0.73,18.862,22.0202,2.4798,3.6322,3.5754,,1.8288,55882.35,8382.35,8382.35,1527823.449,229173.449,30.14,24.66,1.018
605507,国邦医药,化学制药,浙江,20210802,605507.SH,20211209,27.31,27.5,27.31,27.4,27.3,0.1,0.3663,7653.5,20982.246,0.913,0.913,0.69,18.9034,22.0685,2.4852,3.6402,3.5833,,1.8248,55882.35,8382.35,8382.35,1531176.39,229676.39,30.03,24.57,1.018
605507,国邦医药,化学制药,浙江,20210802,605507.SH,20211208,27.22,27.42,27.15,27.3,27.18,0.12,0.4415,6661.08,18147.919,0.7947,0.7947,0.52,18.8344,21.988,2.4761,3.6269,3.5702,,1.8315,55882.35,8382.35,8382.35,1525588.155,228838.155,29.9,24.46,1.018
605507,国邦医药,化学制药,浙江,20210802,605507.SH,20211207,27.52,27.77,27.03,27.18,27.52,-0.34,-1.2355,11101.71,30269.256,1.3244,1.3244,0.76,18.7516,21.8913,2.4653,3.611,3.5545,,1.8396,55882.35,8382.35,8382.35,1518882.273,227832.273,30.27,24.77,1.018
605507,国邦医药,化学制药,浙江,20210802,605507.SH,20211206,28.04,28.07,27.52,27.52,28.0,-0.48,-1.7143,13767.86,38178.418,1.6425,1.6425,0.95,18.9862,22.1652,2.4961,3.6561,3.599,,1.8169,55882.35,8382.35,8382.35,1537882.272,230682.272,30.8,25.2,1.018
605507,国邦医药,化学制药,浙江,20210802,605507.SH,20211203,27.93,28.16,27.88,28.0,28.03,-0.03,-0.107,9390.67,26269.394,1.1203,1.1203,0.6,19.3174,22.5518,2.5396,3.7199,3.6618,,1.7857,55882.35,8382.35,8382.35,1564705.8,234705.8,30.83,25.23,1.018
605507,国邦医药,化学制药,浙江,20210802,605507.SH,20211202,28.3,28.45,28.01,28.03,28.31,-0.28,-0.989,14638.02,41279.596,1.7463,1.7463,0.9,19.3381,22.5759,2.5424,3.7239,3.6657,,1.7838,55882.35,8382.35,8382.35,1566382.2705,234957.2705,31.14,25.48,1.018
605507,国邦医药,化学制药,浙江,20210802,605507.SH,20211201,28.25,28.5,28.13,28.31,28.36,-0.05,-0.1763,15407.24,43598.966,1.8381,1.8381,0.96,19.5312,22.8015,2.5678,3.7611,3.7023,,1.7662,55882.35,8382.35,8382.35,1582029.3285,237304.3285,31.2,25.52,1.018
605507,国邦医药,化学制药,浙江,20210802,605507.SH,20211130,27.78,28.43,27.78,28.36,27.82,0.54,1.941,20060.13,56534.086,2.3931,2.3931,1.37,19.5657,22.8417,2.5723,3.7677,3.7088,,1.763,55882.35,8382.35,8382.35,1584823.446,237723.446,30.6,25.04,1.018
605507,国邦医药,化学制药,浙江,20210802,605507.SH,20211129,27.62,28.28,27.61,27.82,28.02,-0.2,-0.7138,13336.24,37292.062,1.591,1.591,0.92,19.1932,22.4068,2.5233,3.696,3.6382,,1.7973,55882.35,8382.35,8382.35,1554646.977,233196.977,30.82,25.22,1.018
605507,国邦医药,化学制药,浙江,20210802,605507.SH,20211126,28.38,28.44,28.0,28.02,28.25,-0.23,-0.8142,14259.75,40157.803,1.7012,1.7012,1.03,19.3312,22.5679,2.5415,3.7226,3.6644,,1.7844,55882.35,8382.35,8382.35,1565823.447,234873.447,31.08,25.43,1.018
605507,国邦医药,化学制药,浙江,20210802,605507.SH,20211125,27.91,28.29,27.85,28.25,27.95,0.3,1.0733,18549.9,52213.512,2.213,2.213,1.42,19.4898,22.7531,2.5623,3.7531,3.6944,,1.7699,55882.35,8382.35,8382.35,1578676.3875,236801.3875,30.75,25.16,1.018
605507,国邦医药,化学制药,浙江,20210802,605507.SH,20211124,27.62,27.95,27.58,27.95,27.62,0.33,1.1948,14144.78,39324.71,1.6874,1.6874,1.06,19.2829,22.5115,2.5351,3.7133,3.6552,,1.7889,55882.35,8382.35,8382.35,1561911.6825,234286.6825,30.38,24.86,1.018
605507,国邦医药,化学制药,浙江,20210802,605507.SH,20211123,27.82,27.89,27.59,27.62,27.83,-0.21,-0.7546,13158.93,36378.642,1.5698,1.5698,0.77,19.0552,22.2457,2.5052,3.6694,3.6121,,1.8103,55882.35,8382.35,8382.35,1543470.507,231520.507,30.61,25.05,1.018
605507,国邦医药,化学制药,浙江,20210802,605507.SH,20211122,27.91,28.18,27.79,27.83,27.96,-0.13,-0.4649,12498.12,34819.462,1.491,1.491,0.55,19.2001,22.4149,2.5242,3.6973,3.6395,,1.7966,55882.35,8382.35,8382.35,1555205.8005,233280.8005,30.76,25.16,1.018
605507,国邦医药,化学制药,浙江,20210802,605507.SH,20211119,27.74,28.06,27.74,27.96,27.73,0.23,0.8294,10817.66,30197.398,1.2905,1.2905,0.45,19.2898,22.5196,2.536,3.7146,3.6565,,1.7883,55882.35,8382.35,8382.35,1562470.506,234370.506,30.5,24.96,1.018
605507,国邦医药,化学制药,浙江,20210802,605507.SH,20211118,27.91,28.44,27.71,27.73,28.07,-0.34,-1.2113,14872.6,41581.893,1.7743,1.7743,0.58,19.1311,22.3343,2.5152,3.684,3.6264,,1.8031,55882.35,8382.35,8382.35,1549617.5655,232442.5655,30.88,25.26,1.018
605507,国邦医药,化学制药,浙江,20210802,605507.SH,20211117,28.1,28.19,27.75,28.07,28.22,-0.15,-0.5315,15572.18,43537.492,1.8577,1.8577,0.53,19.3656,22.6082,2.546,3.7292,3.6709,,1.7813,55882.35,8382.35,8382.35,1568617.5645,235292.5645,31.04,25.4,1.018
605507,国邦医药,化学制药,浙江,20210802,605507.SH,20211116,29.37,29.39,28.59,28.72,29.4,-0.68,-2.3129,31579.04,91267.605,3.7673,3.7673,1.06,19.8141,23.1317,2.4919,3.8155,3.7559,,,55882.35,8382.35,8382.35,1604941.092,240741.092,32.34,26.46,1.0
605507,国邦医药,化学制药,浙江,20210802,605507.SH,20211115,28.44,29.64,28.44,29.4,28.3,1.1,3.8869,41613.76,121063.026,4.9645,4.9645,1.78,20.2832,23.6794,2.5509,3.9059,3.8448,,,55882.35,8382.35,8382.35,1642941.09,246441.09,31.13,25.47,1.0
605507,国邦医药,化学制药,浙江,20210802,605507.SH,20211112,28.22,28.38,27.95,28.3,28.24,0.06,0.2125,17639.75,49747.909,2.1044,2.1044,0.81,19.5243,22.7934,2.4555,3.7598,3.701,,,55882.35,8382.35,8382.35,1581470.505,237220.505,31.06,25.42,1.0
605507,国邦医药,化学制药,浙江,20210802,605507.SH,20211111,28.05,28.39,27.85,28.24,28.22,0.02,0.0709,21038.39,59079.35,2.5098,2.5098,1.07,19.4829,22.7451,2.4503,3.7518,3.6931,,,55882.35,8382.35,8382.35,1578117.564,236717.564,31.04,25.4,1.0
605507,国邦医药,化学制药,浙江,20210802,605507.SH,20211110,27.52,28.46,27.45,28.22,27.68,0.54,1.9509,35795.05,100604.614,4.2703,4.2703,2.51,19.4691,22.729,2.4486,3.7491,3.6905,,,55882.35,8382.35,8382.35,1576999.917,236549.917,30.45,24.91,1.0
605507,国邦医药,化学制药,浙江,20210802,605507.SH,20211109,26.58,27.88,26.53,27.68,26.53,1.15,4.3347,33493.88,91942.697,3.9958,3.9958,3.29,19.0966,22.294,2.4017,3.6774,3.6199,,,55882.35,8382.35,8382.35,1546823.448,232023.448,29.18,23.88,1.0
605507,国邦医药,化学制药,浙江,20210802,605507.SH,20211108,26.3,26.74,26.3,26.53,26.55,-0.02,-0.0753,8914.8,23619.493,1.0635,1.0635,0.72,18.3032,21.3678,2.3019,3.5246,3.4695,,,55882.35,8382.35,8382.35,1482558.7455,222383.7455,29.21,23.9,1.0
605507,国邦医药,化学制药,浙江,20210802,605507.SH,20211105,26.62,26.94,26.53,26.55,26.77,-0.22,-0.8218,9685.5,25896.176,1.1555,1.1555,0.75,18.317,21.3839,2.3037,3.5273,3.4721,,,55882.35,8382.35,8382.35,1483676.3925,222551.3925,29.45,24.09,1.0
605507,国邦医药,化学制药,浙江,20210802,605507.SH,20211104,26.56,26.87,26.56,26.77,26.65,0.12,0.4503,10161.49,27141.946,1.2122,1.2122,0.72,18.4688,21.5611,2.3227,3.5565,3.5009,,,55882.35,8382.35,8382.35,1495970.5095,224395.5095,29.32,23.99,1.0
605507,国邦医药,化学制药,浙江,20210802,605507.SH,20211103,26.35,26.68,26.34,26.65,26.3,0.35,1.3308,9153.17,24258.941,1.092,1.092,0.56,18.386,21.4645,2.3123,3.5405,3.4852,,,55882.35,8382.35,8382.35,1489264.6275,223389.6275,28.93,23.67,1.0
605507,国邦医药,化学制药,浙江,20210802,605507.SH,20211102,26.94,26.94,26.15,26.3,26.85,-0.55,-2.0484,12987.82,34437.123,1.5494,1.5494,0.81,18.1445,21.1826,2.282,3.494,3.4394,,,55882.35,8382.35,8382.35,1469705.805,220455.805,29.54,24.17,1.0
605507,国邦医药,化学制药,浙江,20210802,605507.SH,20211101,26.0,27.16,25.98,26.85,26.04,0.81,3.1106,19984.41,53202.227,2.3841,2.3841,1.48,18.524,21.6255,2.3297,3.5671,3.5114,,,55882.35,8382.35,8382.35,1500441.0975,225066.0975,28.64,23.44,1.0
605507,国邦医药,化学制药,浙江,20210802,605507.SH,20211029,26.13,26.13,25.9,26.04,26.01,0.03,0.1153,12029.38,31278.154,1.4351,1.4351,0.93,17.9651,20.9731,2.2594,3.4595,3.4054,,,55882.35,8382.35,8382.35,1455176.394,218276.394,28.61,23.41,1.0
605507,国邦医药,化学制药,浙江,20210802,605507.SH,20211028,26.81,26.91,26.0,26.01,26.78,-0.77,-2.8753,16728.14,43887.934,1.9956,1.9956,1.48,17.9444,20.949,2.2568,3.4555,3.4015,,,55882.35,8382.35,8382.35,1453499.9235,218024.9235,29.46,24.1,1.0
605507,国邦医药,化学制药,浙江,20210802,605507.SH,20211027,27.54,27.67,26.73,26.78,27.65,-0.87,-3.1465,20376.96,55226.402,2.4309,2.4309,2.19,18.4757,21.5692,2.3236,3.5578,3.5022,,,55882.35,8382.35,8382.35,1496529.333,224479.333,30.42,24.89,1.0
605507,国邦医药,化学制药,浙江,20210802,605507.SH,20211026,27.71,27.92,27.6,27.65,27.77,-0.12,-0.4321,10879.19,30188.418,1.2979,1.2979,1.2,19.0759,22.2699,2.3991,3.6734,3.616,,,55882.35,8382.35,8382.35,1545146.9775,231771.9775,30.55,24.99,1.0
605507,国邦医药,化学制药,浙江,20210802,605507.SH,20211025,27.51,27.78,27.51,27.77,27.55,0.22,0.7985,7589.57,20962.311,0.9054,0.9054,0.82,19.1587,22.3665,2.4095,3.6893,3.6317,,,55882.35,8382.35,8382.35,1551852.8595,232777.8595,30.31,24.8,1.0
605507,国邦医药,化学制药,浙江,20210802,605507.SH,20211022,27.51,27.75,27.51,27.55,27.62,-0.07,-0.2534,8768.59,24220.74,1.0461,1.0461,0.92,19.0069,22.1893,2.3904,3.6601,3.6029,,,55882.35,8382.35,8382.35,1539558.7425,230933.7425,30.38,24.86,1.0
605507,国邦医药,化学制药,浙江,20210802,605507.SH,20211021,27.73,27.8,27.58,27.62,27.73,-0.11,-0.3967,8893.5,24586.108,1.061,1.061,0.89,19.0552,22.2457,2.3965,3.6694,3.6121,,,55882.35,8382.35,8382.35,1543470.507,231520.507,30.5,24.96,1.0
605507,国邦医药,化学制药,浙江,20210802,605507.SH,20211020,27.91,27.91,27.7,27.73,27.92,-0.19,-0.6805,10473.6,29064.743,1.2495,1.2495,0.92,19.1311,22.3343,2.406,3.684,3.6264,,,55882.35,8382.35,8382.35,1549617.5655,232442.5655,30.71,25.13,1.0
605507,国邦医药,化学制药,浙江,20210802,605507.SH,20211019,27.81,28.06,27.72,27.92,27.94,-0.02,-0.0716,9418.19,26314.463,1.1236,1.1236,0.79,19.2622,22.4873,2.4225,3.7093,3.6513,,,55882.35,8382.35,8382.35,1560235.212,234035.212,30.73,25.15,1.0
605507,国邦医药,化学制药,浙江,20210802,605507.SH,20211018,28.07,28.08,27.75,27.94,28.07,-0.13,-0.4631,8536.17,23829.821,1.0184,1.0184,0.7,19.276,21.069,2.4795,3.7119,3.6166,,,55882.35,8382.35,8382.35,1561352.859,234202.859,30.88,25.26,1.0
605507,国邦医药,化学制药,浙江,20210802,605507.SH,20211015,28.49,28.49,28.06,28.07,28.41,-0.34,-1.1968,10328.19,29133.284,1.2321,1.2321,0.81,19.3656,21.167,2.491,3.7292,3.6335,,,55882.35,8382.35,8382.35,1568617.5645,235292.5645,31.25,25.57,1.0
605507,国邦医药,化学制药,浙江,20210802,605507.SH,20211014,28.47,28.69,28.32,28.41,28.55,-0.14,-0.4904,11254.22,32061.18,1.3426,1.3426,0.88,19.6002,21.4234,2.5212,3.7744,3.6775,,,55882.35,8382.35,8382.35,1587617.5635,238142.5635,31.41,25.7,1.0
605507,国邦医药,化学制药,浙江,20210802,605507.SH,20211013,27.91,28.63,27.86,28.55,27.92,0.63,2.2564,17130.42,48501.249,2.0436,2.0436,1.24,19.6968,21.529,2.5336,3.793,3.6956,,,55882.35,8382.35,8382.35,1595441.0925,239316.0925,30.71,25.13,1.0
605507,国邦医药,化学制药,浙江,20210802,605507.SH,20211012,28.25,28.25,27.89,27.92,28.35,-0.43,-1.5168,12392.59,34740.023,1.4784,1.4784,0.86,19.2622,21.0539,2.4777,3.7093,3.614,,,55882.35,8382.35,8382.35,1560235.212,234035.212,31.19,25.52,1.0
605507,国邦医药,化学制药,浙江,20210802,605507.SH,20211011,28.2,28.37,28.18,28.35,28.2,0.15,0.5319,10172.66,28780.564,1.2136,1.2136,0.59,19.5588,21.3782,2.5158,3.7664,3.6697,,,55882.35,8382.35,8382.35,1584264.6225,237639.6225,31.02,25.38,1.0
605507,国邦医药,化学制药,浙江,20210802,605507.SH,20211008,27.99,28.27,27.9,28.2,27.82,0.38,1.3659,12583.39,35437.282,1.5012,1.5012,0.71,19.4553,21.2651,2.5025,3.7465,3.6503,,,55882.35,8382.35,8382.35,1575882.27,236382.27,30.6,25.04,1.0
605507,国邦医药,化学制药,浙江,20210802,605507.SH,20210930,27.56,27.87,27.5,27.82,27.51,0.31,1.1269,11308.51,31312.012,1.3491,1.3491,0.63,19.1932,20.9785,2.4688,3.696,3.6011,,,55882.35,8382.35,8382.35,1554646.977,233196.977,30.26,24.76,1.0
605507,国邦医药,化学制药,浙江,20210802,605507.SH,20210929,28.32,28.32,27.51,27.51,28.4,-0.89,-3.1338,22806.73,63487.475,2.7208,2.7208,1.43,18.9793,20.7448,2.4413,3.6548,3.561,,,55882.35,8382.35,8382.35,1537323.4485,230598.4485,31.24,25.56,1.0
605507,国邦医药,化学制药,浙江,20210802,605507.SH,20210928,28.68,28.68,28.32,28.4,28.74,-0.34,-1.183,15026.3,42744.205,1.7926,1.7926,0.89,19.5933,21.4159,2.5203,3.773,3.6762,,,55882.35,8382.35,8382.35,1587058.74,238058.74,31.61,25.87,1.0
605507,国邦医药,化学制药,浙江,20210802,605507.SH,20210927,29.61,29.78,28.67,28.74,29.6,-0.86,-2.9054,24628.99,71638.555,2.9382,2.9382,1.55,19.8279,21.6723,2.5505,3.8182,3.7202,,,55882.35,8382.35,8382.35,1606058.739,240908.739,32.56,26.64,1.0
605507,国邦医药,化学制药,浙江,20210802,605507.SH,20210924,29.97,29.97,29.6,29.6,29.87,-0.27,-0.9039,15111.37,44976.021,1.8028,1.8028,0.94,20.4212,22.3208,2.6268,3.9325,3.8315,,,55882.35,8382.35,8382.35,1654117.56,248117.56,32.86,26.88,1.0
605507,国邦医药,化学制药,浙江,20210802,605507.SH,20210923,29.77,29.96,29.77,29.87,29.77,0.1,0.3359,12531.3,37414.806,1.495,1.495,0.72,20.6075,22.5244,2.6507,3.9683,3.8665,,,55882.35,8382.35,8382.35,1669205.7945,250380.7945,32.75,26.79,1.0
605507,国邦医药,化学制药,浙江,20210802,605507.SH,20210922,29.61,29.87,29.61,29.77,29.95,-0.18,-0.601,12417.73,36939.42,1.4814,1.4814,0.69,20.5385,22.449,2.6419,3.955,3.8535,,,55882.35,8382.35,8382.35,1663617.5595,249542.5595,32.95,26.96,1.0
605507,国邦医药,化学制药,浙江,20210802,605507.SH,20210917,29.75,29.97,29.5,29.95,29.75,0.2,0.6723,19614.93,58355.361,2.34,2.34,1.12,20.6627,22.5847,2.6578,3.979,3.8768,,,55882.35,8382.35,8382.35,1673676.3825,251051.3825,32.73,26.78,1.0
605507,国邦医药,化学制药,浙江,20210802,605507.SH,20210916,29.97,30.1,29.75,29.75,29.89,-0.14,-0.4684,19911.33,59527.173,2.3754,2.3754,1.04,20.5247,22.4339,2.6401,3.9524,3.8509,,,55882.35,8382.35,8382.35,1662499.9125,249374.9125,32.88,26.9,1.0
605507,国邦医药,化学制药,浙江,20210802,605507.SH,20210915,29.98,30.1,29.73,29.89,29.93,-0.04,-0.1336,16021.68,47869.356,1.9114,1.9114,0.76,20.6213,22.5395,2.6525,3.971,3.869,,,55882.35,8382.35,8382.35,1670323.4415,250548.4415,32.92,26.94,1.0
605507,国邦医药,化学制药,浙江,20210802,605507.SH,20210914,30.35,30.44,29.92,29.93,30.26,-0.33,-1.0905,19254.58,57971.004,2.297,2.297,0.78,20.6489,22.5696,2.6561,3.9763,3.8742,,,55882.35,8382.35,8382.35,1672558.7355,250883.7355,33.29,27.23,1.0
605507,国邦医药,化学制药,浙江,20210802,605507.SH,20210913,30.28,30.53,30.21,30.26,30.27,-0.01,-0.033,15656.18,47410.2,1.8678,1.8678,0.59,20.8765,22.8185,2.6853,4.0201,3.9169,,,55882.35,8382.35,8382.35,1690999.911,253649.911,33.3,27.24,1.0
605507,国邦医药,化学制药,浙江,20210802,605507.SH,20210910,30.46,30.46,30.21,30.27,30.26,0.01,0.033,16880.31,51133.366,2.0138,2.0138,0.57,20.8834,22.826,2.6862,4.0215,3.9182,,,55882.35,8382.35,8382.35,1691558.7345,253733.7345,33.29,27.23,1.0
605507,国邦医药,化学制药,浙江,20210802,605507.SH,20210909,30.76,30.77,30.25,30.26,30.8,-0.54,-1.7532,28008.49,85184.913,3.3414,3.3414,0.97,20.8765,22.8185,2.6853,4.0201,3.9169,,,55882.35,8382.35,8382.35,1690999.911,253649.911,33.88,27.72,1.0
605507,国邦医药,化学制药,浙江,20210802,605507.SH,20210908,30.81,31.1,30.79,30.8,30.99,-0.19,-0.6131,25119.29,77586.52,2.9967,2.9967,0.82,21.2491,23.2257,2.7333,4.0919,3.9868,,,55882.35,8382.35,8382.35,1721176.38,258176.38,34.09,27.89,1.0
605507,国邦医药,化学制药,浙江,20210802,605507.SH,20210907,30.35,31.3,30.27,30.99,30.45,0.54,1.7734,37720.16,116312.404,4.5,4.5,1.16,21.3802,23.369,2.7501,4.1171,4.0114,,,55882.35,8382.35,8382.35,1731794.0265,259769.0265,33.5,27.41,1.0
605507,国邦医药,化学制药,浙江,20210802,605507.SH,20210906,30.38,30.58,30.08,30.45,30.31,0.14,0.4619,24718.02,75051.098,2.9488,2.9488,0.74,21.0076,22.9617,2.7022,4.0454,3.9415,,,55882.35,8382.35,8382.35,1701617.5575,255242.5575,33.34,27.28,1.0
605507,国邦医药,化学制药,浙江,20210802,605507.SH,20210903,29.86,30.32,29.65,30.31,29.88,0.43,1.4391,31667.51,95550.98,3.7779,3.7779,0.83,20.911,22.8562,2.6898,4.0268,3.9234,,,55882.35,8382.35,8382.35,1693794.0285,254069.0285,32.87,26.89,1.0
605507,国邦医药,化学制药,浙江,20210802,605507.SH,20210902,29.8,29.97,29.56,29.88,29.84,0.04,0.134,24861.58,74029.102,2.9659,2.9659,0.62,20.6144,22.5319,2.6516,3.9697,3.8678,,,55882.35,8382.35,8382.35,1669764.618,250464.618,32.82,26.86,1.0
605507,国邦医药,化学制药,浙江,20210802,605507.SH,20210901,29.64,30.14,29.36,29.84,29.61,0.23,0.7768,34397.73,102096.358,4.1036,4.1036,0.88,20.5868,22.5018,2.6481,3.9643,3.8626,,,55882.35,8382.35,8382.35,1667529.324,250129.324,32.57,26.65,1.0
605507,国邦医药,化学制药,浙江,20210802,605507.SH,20210831,30.58,30.68,29.58,29.61,30.51,-0.9,-2.9499,46274.46,138119.095,5.5205,5.5205,1.27,20.4281,22.3283,2.6277,3.9338,3.8328,,,55882.35,8382.35,8382.35,1654676.3835,248201.3835,33.56,27.46,1.0
605507,国邦医药,化学制药,浙江,20210802,605507.SH,20210830,30.72,31.27,30.5,30.51,30.75,-0.24,-0.7805,29726.44,91596.256,3.5463,3.5463,0.73,21.049,23.007,2.7075,4.0534,3.9493,,,55882.35,8382.35,8382.35,1704970.4985,255745.4985,33.83,27.68,1.0
605507,国邦医药,化学制药,浙江,20210802,605507.SH,20210827,31.65,31.68,30.72,30.75,31.71,-0.96,-3.0274,55628.69,173123.266,6.6364,6.6364,1.35,21.2146,23.188,2.7288,4.0852,3.9804,,,55882.35,8382.35,8382.35,1718382.2625,257757.2625,34.88,28.54,1.0
605507,国邦医药,化学制药,浙江,20210802,605507.SH,20210826,32.11,32.19,31.68,31.71,32.19,-0.48,-1.4911,33890.95,108133.109,4.0431,4.0431,0.78,21.8769,23.9119,2.814,4.2128,4.1046,,,55882.35,8382.35,8382.35,1772029.3185,265804.3185,35.41,28.97,1.0
605507,国邦医药,化学制药,浙江,20210802,605507.SH,20210825,32.11,32.36,31.86,32.19,32.15,0.04,0.1244,30774.02,98879.288,3.6713,3.6713,0.68,22.2081,24.2738,2.8566,4.2765,4.1668,,,55882.35,8382.35,8382.35,1798852.8465,269827.8465,35.37,28.94,1.0
605507,国邦医药,化学制药,浙江,20210802,605507.SH,20210824,32.05,32.28,31.82,32.15,32.05,0.1,0.312,31552.97,101257.13,3.7642,3.7642,0.64,22.1805,24.2437,2.8531,4.2712,4.1616,,,55882.35,8382.35,8382.35,1796617.5525,269492.5525,35.26,28.85,1.0
605507,国邦医药,化学制药,浙江,20210802,605507.SH,20210823,32.09,32.38,31.63,32.05,32.3,-0.25,-0.774,51990.11,166154.756,6.2023,6.2023,0.99,22.1115,24.1683,2.8442,4.258,4.1486,,,55882.35,8382.35,8382.35,1791029.3175,268654.3175,35.53,29.07,1.0
605507,国邦医药,化学制药,浙江,20210802,605507.SH,20210820,33.21,33.21,32.09,32.3,33.22,-0.92,-2.7694,57438.18,186567.339,6.8523,6.8523,1.05,22.2839,24.3568,2.8664,4.2912,4.181,,,55882.35,8382.35,8382.35,1804999.905,270749.905,36.54,29.9,1.0
605507,国邦医药,化学制药,浙江,20210802,605507.SH,20210819,33.15,33.85,33.15,33.22,33.3,-0.08,-0.2402,46163.45,154509.007,5.5072,5.5072,0.81,22.9187,25.0505,2.948,4.4134,4.3001,,,55882.35,8382.35,8382.35,1856411.667,278461.667,36.63,29.97,1.0
605507,国邦医药,化学制药,浙江,20210802,605507.SH,20210818,33.0,33.46,33.0,33.3,33.05,0.25,0.7564,38306.18,127308.406,4.5699,4.5699,0.61,22.9739,25.1109,2.9551,4.424,4.3104,,,55882.35,8382.35,8382.35,1860882.255,279132.255,36.36,29.75,1.0
605507,国邦医药,化学制药,浙江,20210802,605507.SH,20210817,33.57,33.78,33.03,33.05,33.87,-0.82,-2.421,53065.04,176605.074,6.3306,6.3306,0.79,22.8014,24.9224,2.9329,4.3908,4.2781,,,55882.35,8382.35,8382.35,1846911.6675,277036.6675,37.26,30.48,1.0
605507,国邦医药,化学制药,浙江,20210802,605507.SH,20210816,33.2,34.4,32.61,33.87,33.22,0.65,1.9567,68676.04,230702.63,8.1929,8.1929,0.89,23.3671,25.5407,3.0057,4.4997,4.3842,,,55882.35,8382.35,8382.35,1892735.1945,283910.1945,36.54,29.9,1.0
605507,国邦医药,化学制药,浙江,20210802,605507.SH,20210813,33.8,33.95,33.2,33.22,33.8,-0.58,-1.716,66173.77,221697.238,7.8944,7.8944,0.8,22.9187,25.0505,2.948,4.4134,4.3001,,,55882.35,8382.35,8382.35,1856411.667,278461.667,37.18,30.42,1.0
605507,国邦医药,化学制药,浙江,20210802,605507.SH,20210812,34.09,34.25,33.76,33.8,34.29,-0.49,-1.429,59427.92,201440.692,7.0896,7.0896,0.57,23.3188,25.4879,2.9995,4.4904,4.3752,,,55882.35,8382.35,8382.35,1888823.43,283323.43,37.72,30.86,1.0
605507,国邦医药,化学制药,浙江,20210802,605507.SH,20210811,33.99,34.36,33.63,34.29,34.06,0.23,0.6753,67560.88,230328.477,8.0599,8.0599,0.49,23.6569,25.8574,3.043,4.5555,4.4386,,,55882.35,8382.35,8382.35,1916205.7815,287430.7815,37.47,30.65,1.0
605507,国邦医药,化学制药,浙江,20210802,605507.SH,20210810,33.92,34.5,33.56,34.06,34.23,-0.17,-0.4966,74660.02,254367.531,8.9068,8.9068,0.42,23.4982,25.684,3.0226,4.525,4.4088,,,55882.35,8382.35,8382.35,1903352.841,285502.841,37.65,30.81,1.0
605507,国邦医药,化学制药,浙江,20210802,605507.SH,20210809,36.01,36.02,34.1,34.23,36.01,-1.78,-4.9431,117202.91,404996.562,13.9821,13.9821,0.75,23.6155,25.8122,3.0376,4.5476,4.4308,,,55882.35,8382.35,8382.35,1912852.8405,286927.8405,39.61,32.41,1.0
605507,国邦医药,化学制药,浙江,20210802,605507.SH,20210806,36.5,37.29,35.4,36.01,36.19,-0.18,-0.4974,92862.82,336590.988,11.0784,11.0784,,24.8435,27.1544,3.1956,4.784,4.6612,,,55882.35,8382.35,8382.35,2012323.4235,301848.4235,39.81,32.57,1.0
605507,国邦医药,化学制药,浙江,20210802,605507.SH,20210805,38.0,38.68,36.12,36.19,39.13,-2.94,-7.5134,166256.58,618517.74,19.8341,19.8341,,24.9677,27.2902,3.2116,4.808,4.6845,,,55882.35,8382.35,8382.35,2022382.2465,303357.2465,43.04,35.22,1.0
605507,国邦医药,化学制药,浙江,20210802,605507.SH,20210804,38.4,42.2,37.99,39.13,42.21,-3.08,-7.2968,244700.96,950919.721,29.1924,29.1924,,26.996,29.5072,3.4725,5.1986,5.0651,,,55882.35,8382.35,8382.35,2186676.3555,328001.3555,46.43,37.99,1.0
605507,国邦医药,化学制药,浙江,20210802,605507.SH,20210803,47.9,47.9,42.21,42.21,46.9,-4.69,-10.0,261096.87,1143719.645,31.1484,31.1484,,29.1209,31.8297,3.7458,5.6077,5.4638,,,55882.35,8382.35,8382.35,2358793.9935,353818.9935,51.59,42.21,1.0
605507,国邦医药,化学制药,浙江,20210802,605507.SH,20210802,39.08,46.9,39.08,46.9,32.57,14.33,43.9975,18850.33,88256.324,2.2488,2.2488,,32.3566,35.3664,4.162,6.2308,6.0709,,,55882.35,8382.35,8382.35,2620882.215,393132.215,,,1.0
